index,index,latitude,longitude,elevation,hourly.time,hourly.temperature_2m,hourly.relative_humidity_2m,hourly.dew_point_2m,hourly.apparent_temperature,hourly.precipitation,hourly.rain,hourly.snowfall,hourly.snow_depth,hourly.weather_code,hourly.pressure_msl,hourly.surface_pressure,hourly.cloud_cover,hourly.cloud_cover_low,hourly.cloud_cover_mid,hourly.cloud_cover_high,hourly.et0_fao_evapotranspiration,hourly.vapour_pressure_deficit,hourly.wind_speed_10m,hourly.wind_speed_100m,hourly.wind_direction_10m,hourly.wind_direction_100m,hourly.wind_gusts_10m,hourly.soil_temperature_0_to_7cm,hourly.soil_temperature_7_to_28cm,hourly.soil_temperature_28_to_100cm,hourly.soil_temperature_100_to_255cm,hourly.soil_moisture_0_to_7cm,hourly.soil_moisture_7_to_28cm,hourly.soil_moisture_28_to_100cm,hourly.soil_moisture_100_to_255cm,hourly.is_day,hourly.sunshine_duration,hourly.shortwave_radiation,hourly.direct_radiation,hourly.diffuse_radiation,hourly.direct_normal_irradiance,hourly.global_tilted_irradiance,hourly.terrestrial_radiation,hourly.shortwave_radiation_instant,hourly.direct_radiation_instant,hourly.diffuse_radiation_instant,hourly.direct_normal_irradiance_instant,hourly.global_tilted_irradiance_instant,hourly.terrestrial_radiation_instant
2231,2231,41.51142,-7.6512756,989.0,2003-05-14T00:00,8.8,80,5.5,6.8,0.0,0.0,0.0,0.0,0,1022.7,908.4,0,0,0,0,0.0,0.23,6.1,15.3,3,9,19.1,11.2,14.0,10.8,8.1,0.304,0.327,0.371,0.407,0,0.0,0.0,0.0,0.0,0.0,0.0,0.0,0.0,0.0,0.0,0.0,0.0,0.0
2230,2230,41.51142,-7.6512756,989.0,2003-05-14T01:00,7.9,82,5.1,5.9,0.0,0.0,0.0,0.0,0,1022.4,907.8,0,0,0,0,0.0,0.19,6.2,15.0,10,21,19.1,10.6,13.7,10.8,8.1,0.304,0.327,0.371,0.407,0,0.0,0.0,0.0,0.0,0.0,0.0,0.0,0.0,0.0,0.0,0.0,0.0,0.0
2229,2229,41.51142,-7.6512756,989.0,2003-05-14T02:00,7.5,82,4.6,5.3,0.0,0.0,0.0,0.0,0,1021.6,907.0,0,0,0,0,0.0,0.19,6.0,15.0,17,44,18.4,10.1,13.4,10.8,8.1,0.305,0.327,0.371,0.407,0,0.0,0.0,0.0,0.0,0.0,0.0,0.0,0.0,0.0,0.0,0.0,0.0,0.0
2228,2228,41.51142,-7.6512756,989.0,2003-05-14T03:00,7.2,83,4.5,5.1,0.0,0.0,0.0,0.0,0,1021.6,906.8,0,0,0,0,0.0,0.17,5.0,13.9,30,69,18.0,9.7,13.2,10.9,8.1,0.305,0.327,0.371,0.407,0,0.0,0.0,0.0,0.0,0.0,0.0,0.0,0.0,0.0,0.0,0.0,0.0,0.0
2227,2227,41.51142,-7.6512756,989.0,2003-05-14T04:00,6.8,85,4.4,4.9,0.0,0.0,0.0,0.0,0,1021.7,906.8,0,0,0,0,0.0,0.15,3.8,12.2,41,88,15.5,9.3,12.9,10.9,8.1,0.305,0.327,0.371,0.407,0,0.0,0.0,0.0,0.0,0.0,0.0,0.0,0.0,0.0,0.0,0.0,0.0,0.0
2226,2226,41.51142,-7.6512756,989.0,2003-05-14T05:00,6.5,86,4.2,4.6,0.0,0.0,0.0,0.0,0,1021.7,906.7,0,0,0,0,0.0,0.14,3.6,10.9,53,98,14.4,8.9,12.6,10.9,8.1,0.306,0.327,0.371,0.407,0,0.0,0.0,0.0,0.0,0.0,0.0,0.0,0.0,0.0,0.0,0.0,0.0,0.0
2225,2225,41.51142,-7.6512756,989.0,2003-05-14T06:00,6.6,86,4.4,4.9,0.0,0.0,0.0,0.0,0,1022.2,907.1,0,0,0,0,0.01,0.14,2.5,10.2,82,100,14.4,8.9,12.3,10.9,8.1,0.306,0.327,0.371,0.407,1,536.79,24.0,12.0,12.0,120.1,24.0,74.8,54.7,27.4,27.4,214.9,30.6,170.6
2224,2224,41.51142,-7.6512756,989.0,2003-05-14T07:00,9.8,73,5.3,8.0,0.0,0.0,0.0,0.0,0,1022.2,908.4,0,0,0,0,0.07,0.32,4.7,10.0,90,103,16.2,10.6,12.2,10.9,8.1,0.306,0.327,0.371,0.407,1,3600.0,166.0,114.0,52.0,517.8,166.0,295.0,235.8,162.0,73.9,517.8,235.8,419.1
2223,2223,41.51142,-7.6512756,989.0,2003-05-14T08:00,11.1,64,4.7,9.0,0.0,0.0,0.0,0.0,0,1022.4,909.0,0,0,0,0,0.17,0.47,5.9,8.1,101,103,19.4,12.2,12.2,10.9,8.1,0.306,0.327,0.371,0.407,1,3600.0,357.0,282.0,75.0,699.5,357.0,540.1,435.0,343.6,91.4,699.5,435.0,658.2
2222,2222,41.51142,-7.6512756,989.0,2003-05-14T09:00,12.6,61,5.3,10.5,0.0,0.0,0.0,0.0,0,1022.2,909.4,0,0,0,0,0.27,0.57,6.2,8.1,100,103,21.2,13.8,12.2,10.9,8.1,0.305,0.326,0.371,0.407,1,3600.0,549.0,460.0,89.0,802.8,549.0,767.7,623.3,522.3,101.0,802.8,623.3,871.6
2221,2221,41.51142,-7.6512756,989.0,2003-05-14T10:00,14.2,58,6.1,13.4,0.0,0.0,0.0,0.0,0,1021.9,909.7,0,0,0,0,0.38,0.68,5.9,7.4,104,104,22.0,15.4,12.4,10.9,8.1,0.304,0.326,0.37,0.407,1,3600.0,719.0,618.0,101.0,860.5,719.0,962.2,780.8,671.1,109.7,860.5,780.8,1044.9
2220,2220,41.51142,-7.6512756,989.0,2003-05-14T11:00,15.8,55,6.9,16.1,0.0,0.0,0.0,0.0,0,1021.8,910.2,0,0,0,0,0.47,0.81,5.9,7.3,101,99,22.3,17.0,12.7,10.9,8.1,0.303,0.325,0.37,0.407,1,3600.0,850.0,742.0,108.0,895.3,850.0,1110.4,892.8,779.4,113.4,895.3,892.8,1166.3
2219,2219,41.51142,-7.6512756,989.0,2003-05-14T12:00,17.2,52,7.4,18.2,0.0,0.0,0.0,0.0,0,1021.5,910.5,0,0,0,0,0.54,0.94,5.1,6.5,98,96,22.3,18.3,13.0,10.9,8.1,0.301,0.324,0.37,0.406,1,3600.0,931.0,819.0,112.0,912.7,931.0,1202.2,950.6,836.2,114.4,912.7,950.6,1227.4
2218,2218,41.51142,-7.6512756,989.0,2003-05-14T13:00,18.4,50,7.7,19.9,0.0,0.0,0.0,0.0,0,1020.9,910.3,0,0,0,0,0.58,1.06,3.6,4.4,84,81,20.9,19.3,13.3,10.9,8.1,0.3,0.323,0.369,0.406,1,3600.0,956.0,842.0,114.0,916.2,956.0,1231.3,950.5,837.2,113.3,916.2,950.5,1224.2
2217,2217,41.51142,-7.6512756,989.0,2003-05-14T14:00,19.2,48,7.9,20.8,0.0,0.0,0.0,0.0,0,1020.6,910.4,0,0,0,0,0.57,1.16,2.8,3.3,50,49,18.7,20.1,13.7,10.9,8.1,0.298,0.323,0.369,0.406,1,3600.0,923.0,810.0,113.0,907.5,923.0,1195.8,893.0,783.6,109.3,907.5,893.0,1156.9
2216,2216,41.51142,-7.6512756,989.0,2003-05-14T15:00,19.8,47,8.1,20.8,0.0,0.0,0.0,0.0,0,1020.0,910.0,0,0,0,0,0.52,1.23,2.6,3.4,16,18,18.0,20.4,14.1,10.9,8.1,0.296,0.322,0.369,0.406,1,3600.0,835.0,727.0,108.0,886.9,835.0,1098.2,783.2,681.9,101.3,886.9,783.2,1030.0
2215,2215,41.51142,-7.6512756,989.0,2003-05-14T16:00,20.1,46,8.1,20.0,0.0,0.0,0.0,0.0,0,1019.8,909.9,0,0,0,0,0.43,1.27,4.0,5.1,355,352,18.7,20.4,14.4,10.9,8.2,0.295,0.321,0.369,0.406,1,3600.0,700.0,600.0,100.0,850.5,700.0,945.0,631.4,541.2,90.2,850.5,631.4,852.4
2214,2214,41.51142,-7.6512756,989.0,2003-05-14T17:00,20.0,46,8.1,18.7,0.0,0.0,0.0,0.0,0,1019.4,909.6,2,2,0,0,0.33,1.26,5.9,7.3,349,351,20.2,20.0,14.7,10.9,8.2,0.294,0.321,0.368,0.406,1,3600.0,529.0,441.0,88.0,791.0,529.0,746.9,450.4,375.5,74.9,791.0,450.4,636.0
2213,2213,41.51142,-7.6512756,989.0,2003-05-14T18:00,19.7,47,8.2,18.2,0.0,0.0,0.0,0.0,0,1019.4,909.5,0,0,0,0,0.22,1.21,7.3,10.5,351,352,22.0,19.1,14.9,11.0,8.2,0.294,0.32,0.368,0.406,1,3600.0,337.0,264.0,73.0,683.8,337.0,517.2,257.8,201.9,55.8,683.8,257.8,395.6
2212,2212,41.51142,-7.6512756,989.0,2003-05-14T19:00,18.9,59,10.6,18.4,0.0,0.0,0.0,0.0,0,1019.5,909.3,1,1,0,0,0.09,0.91,5.2,12.0,348,353,18.4,17.9,15.0,11.0,8.2,0.294,0.32,0.368,0.406,1,3600.0,149.0,100.0,49.0,493.2,149.0,271.6,81.0,54.4,26.6,493.2,81.0,147.7
2211,2211,41.51142,-7.6512756,989.0,2003-05-14T20:00,17.8,55,8.6,16.2,0.0,0.0,0.0,0.0,0,1019.7,909.0,0,0,0,0,0.06,0.92,8.6,12.7,345,352,16.6,16.2,15.0,11.0,8.2,0.294,0.32,0.368,0.406,0,169.65,18.0,8.0,10.0,87.5,18.0,63.6,0.0,0.0,0.0,0.0,0.0,0.0
2210,2210,41.51142,-7.6512756,989.0,2003-05-14T21:00,15.4,66,9.0,14.0,0.0,0.0,0.0,0.0,0,1020.5,908.9,0,0,0,0,0.02,0.6,7.6,12.3,352,357,16.6,14.5,14.9,11.0,8.2,0.294,0.32,0.368,0.406,0,0.0,0.0,0.0,0.0,0.0,0.0,0.0,0.0,0.0,0.0,0.0,0.0,0.0
2209,2209,41.51142,-7.6512756,989.0,2003-05-14T22:00,13.9,71,8.7,12.4,0.0,0.0,0.0,0.0,0,1021.0,908.8,0,0,0,0,0.01,0.46,7.6,10.9,357,6,16.6,13.3,14.7,11.0,8.2,0.295,0.32,0.368,0.406,0,0.0,0.0,0.0,0.0,0.0,0.0,0.0,0.0,0.0,0.0,0.0,0.0,0.0
2208,2208,41.51142,-7.6512756,989.0,2003-05-14T23:00,12.2,77,8.3,10.7,0.0,0.0,0.0,0.0,0,1020.7,907.9,0,0,0,0,0.0,0.33,7.2,11.0,3,19,16.6,12.4,14.5,11.1,8.2,0.295,0.32,0.368,0.406,0,0.0,0.0,0.0,0.0,0.0,0.0,0.0,0.0,0.0,0.0,0.0,0.0,0.0
2207,2207,41.51142,-7.6512756,989.0,2003-05-15T00:00,10.8,82,7.8,9.2,0.0,0.0,0.0,0.0,0,1020.6,907.3,4,0,0,13,0.0,0.23,7.2,11.0,3,23,16.2,11.7,14.3,11.1,8.2,0.295,0.32,0.368,0.406,0,0.0,0.0,0.0,0.0,0.0,0.0,0.0,0.0,0.0,0.0,0.0,0.0,0.0
2206,2206,41.51142,-7.6512756,989.0,2003-05-15T01:00,9.5,86,7.2,7.8,0.0,0.0,0.0,0.0,0,1019.9,906.2,12,0,0,41,0.0,0.17,6.9,10.8,9,30,15.5,11.1,14.0,11.1,8.2,0.296,0.32,0.368,0.406,0,0.0,0.0,0.0,0.0,0.0,0.0,0.0,0.0,0.0,0.0,0.0,0.0,0.0
2205,2205,41.51142,-7.6512756,989.0,2003-05-15T02:00,8.4,88,6.6,6.6,0.0,0.0,0.0,0.0,1,1019.7,905.6,24,0,0,80,0.0,0.13,6.8,11.2,18,48,15.1,10.6,13.7,11.1,8.2,0.296,0.32,0.368,0.406,0,0.0,0.0,0.0,0.0,0.0,0.0,0.0,0.0,0.0,0.0,0.0,0.0,0.0
2204,2204,41.51142,-7.6512756,989.0,2003-05-15T03:00,7.8,89,6.1,5.9,0.0,0.0,0.0,0.0,1,1019.5,905.2,28,0,0,92,0.0,0.11,6.4,10.7,38,76,14.8,10.1,13.5,11.1,8.2,0.296,0.32,0.368,0.406,0,0.0,0.0,0.0,0.0,0.0,0.0,0.0,0.0,0.0,0.0,0.0,0.0,0.0
2203,2203,41.51142,-7.6512756,989.0,2003-05-15T04:00,7.5,89,5.8,5.5,0.0,0.0,0.0,0.0,1,1019.2,904.8,23,0,0,78,0.0,0.11,6.8,9.8,87,107,13.7,9.8,13.2,11.1,8.2,0.297,0.32,0.367,0.406,0,0.0,0.0,0.0,0.0,0.0,0.0,0.0,0.0,0.0,0.0,0.0,0.0,0.0
2202,2202,41.51142,-7.6512756,989.0,2003-05-15T05:00,7.3,89,5.6,5.4,0.0,0.0,0.0,0.0,0,1018.8,904.4,7,0,0,22,0.0,0.12,5.8,8.8,112,125,13.7,9.5,12.9,11.1,8.2,0.297,0.32,0.367,0.406,0,0.0,0.0,0.0,0.0,0.0,0.0,0.0,0.0,0.0,0.0,0.0,0.0,0.0
2201,2201,41.51142,-7.6512756,989.0,2003-05-15T06:00,7.4,89,5.8,5.7,0.0,0.0,0.0,0.0,0,1019.3,904.9,1,0,0,2,0.01,0.11,4.7,8.1,122,135,14.0,9.4,12.7,11.1,8.2,0.297,0.32,0.367,0.406,1,364.01,25.0,10.0,15.0,98.7,25.0,76.6,56.9,22.7,34.1,174.8,32.1,174.3
2200,2200,41.51142,-7.6512756,989.0,2003-05-15T07:00,10.7,81,7.5,9.5,0.0,0.0,0.0,0.0,0,1019.5,906.3,0,0,0,0,0.07,0.25,4.0,7.7,117,139,12.6,11.2,12.5,11.1,8.2,0.298,0.32,0.367,0.406,1,3600.0,169.0,117.0,52.0,525.1,169.0,298.4,239.1,165.6,73.6,525.1,239.1,422.2
2199,2199,41.51142,-7.6512756,989.0,2003-05-15T08:00,12.8,62,5.6,11.0,0.0,0.0,0.0,0.0,0,1019.5,907.1,0,0,0,0,0.18,0.57,5.1,6.6,129,135,15.8,13.1,12.5,11.1,8.2,0.297,0.32,0.367,0.406,1,3600.0,360.0,285.0,75.0,702.8,360.0,543.1,438.1,346.8,91.3,702.8,438.1,660.9
2198,2198,41.51142,-7.6512756,989.0,2003-05-15T09:00,14.1,58,5.9,12.4,0.0,0.0,0.0,0.0,0,1019.3,907.4,0,0,0,0,0.29,0.69,5.1,6.4,141,142,17.6,14.8,12.7,11.1,8.2,0.297,0.32,0.367,0.406,1,3600.0,552.0,462.0,90.0,803.3,552.0,770.2,626.3,524.2,102.1,803.3,626.3,874.0
2197,2197,41.51142,-7.6512756,989.0,2003-05-15T10:00,15.6,56,6.8,15.4,0.0,0.0,0.0,0.0,0,1018.9,907.6,1,0,0,2,0.4,0.79,3.8,4.4,163,171,18.4,16.5,12.9,11.1,8.2,0.296,0.319,0.367,0.406,1,3600.0,721.0,620.0,101.0,861.0,721.0,964.4,782.7,673.1,109.6,861.0,782.7,1046.9
2196,2196,41.51142,-7.6512756,989.0,2003-05-15T11:00,17.2,55,7.9,18.1,0.0,0.0,0.0,0.0,0,1018.2,907.5,6,0,0,20,0.5,0.89,3.4,4.2,198,200,20.2,18.1,13.2,11.1,8.2,0.294,0.318,0.366,0.406,1,3600.0,851.0,742.0,109.0,893.4,851.0,1112.3,893.7,779.2,114.5,893.4,893.7,1168.1
2195,2195,41.51142,-7.6512756,989.0,2003-05-15T12:00,18.4,53,8.8,19.9,0.0,0.0,0.0,0.0,0,1017.7,907.5,9,0,0,31,0.56,0.99,4.6,5.9,231,232,23.0,19.6,13.5,11.1,8.2,0.293,0.318,0.366,0.406,1,3600.0,930.0,816.0,114.0,907.7,930.0,1203.9,949.5,833.1,116.4,907.7,949.5,1229.1
2194,2194,41.51142,-7.6512756,989.0,2003-05-15T13:00,19.4,51,9.0,20.6,0.0,0.0,0.0,0.0,0,1016.9,907.1,5,1,0,13,0.56,1.11,5.8,7.3,248,250,25.2,20.6,13.9,11.1,8.2,0.291,0.317,0.366,0.406,1,3600.0,909.0,765.0,144.0,830.9,909.0,1232.9,903.8,760.6,143.2,830.9,903.8,1225.9
2193,2193,41.51142,-7.6512756,989.0,2003-05-15T14:00,20.0,49,8.9,20.5,0.0,0.0,0.0,0.0,0,1016.1,906.6,10,3,2,22,0.52,1.2,6.6,8.4,261,260,25.6,20.9,14.3,11.2,8.2,0.29,0.316,0.365,0.406,1,3600.0,836.0,694.0,142.0,776.1,836.0,1197.5,808.9,671.5,137.4,776.1,808.9,1158.7
2192,2192,41.51142,-7.6512756,989.0,2003-05-15T15:00,20.1,47,8.5,19.9,0.0,0.0,0.0,0.0,0,1015.6,906.2,16,2,0,49,0.48,1.24,7.9,10.1,267,268,25.2,20.9,14.6,11.2,8.2,0.288,0.315,0.365,0.406,1,3600.0,776.0,638.0,138.0,776.6,776.0,1100.1,728.0,598.6,129.5,776.6,728.0,1032.1
2191,2191,41.51142,-7.6512756,989.0,2003-05-15T16:00,19.8,48,8.4,18.6,0.0,0.0,0.0,0.0,1,1014.9,905.5,40,1,33,63,0.41,1.2,9.7,12.6,274,275,27.4,20.6,14.9,11.2,8.2,0.287,0.315,0.365,0.406,1,3600.0,663.0,540.0,123.0,763.4,663.0,947.2,598.3,487.3,111.0,763.4,598.3,854.7
2190,2190,41.51142,-7.6512756,989.0,2003-05-15T17:00,19.2,50,8.4,17.2,0.0,0.0,0.0,0.0,1,1014.9,905.3,44,4,17,100,0.32,1.12,11.0,15.2,281,284,27.7,19.9,15.2,11.2,8.2,0.286,0.314,0.365,0.406,1,3600.0,503.0,401.0,102.0,716.5,503.0,749.4,428.7,341.8,86.9,716.5,428.7,638.7
2189,2189,41.51142,-7.6512756,989.0,2003-05-15T18:00,18.0,55,8.9,16.4,0.0,0.0,0.0,0.0,1,1014.8,904.8,39,2,13,98,0.2,0.93,9.6,14.0,290,293,27.7,18.8,15.3,11.2,8.2,0.286,0.314,0.365,0.406,1,3600.0,312.0,225.0,87.0,579.2,312.0,520.1,239.2,172.5,66.7,579.2,239.2,398.8
2188,2188,41.51142,-7.6512756,989.0,2003-05-15T19:00,16.0,67,9.9,14.9,0.0,0.0,0.0,0.0,1,1015.1,904.3,33,1,5,98,0.08,0.59,7.4,14.5,293,297,23.8,17.4,15.4,11.2,8.2,0.286,0.314,0.364,0.406,1,3600.0,135.0,75.0,60.0,365.1,135.0,275.1,74.3,41.3,33.0,365.1,74.3,151.3
2187,2187,41.51142,-7.6512756,989.0,2003-05-15T20:00,14.0,76,9.8,13.1,0.0,0.0,0.0,0.0,1,1015.2,903.7,38,8,2,98,0.03,0.39,6.0,14.4,295,302,20.5,15.9,15.3,11.3,8.2,0.286,0.314,0.364,0.406,0,0.0,15.0,3.0,12.0,32.3,15.0,65.4,0.0,0.0,0.0,0.0,0.0,0.0
2186,2186,41.51142,-7.6512756,989.0,2003-05-15T21:00,12.6,83,9.7,11.7,0.0,0.0,0.0,0.0,1,1015.9,903.8,37,8,0,100,0.0,0.25,6.0,14.1,303,310,18.4,14.8,15.2,11.3,8.2,0.286,0.314,0.364,0.406,0,0.0,0.0,0.0,0.0,0.0,0.0,0.0,0.0,0.0,0.0,0.0,0.0,0.0
2185,2185,41.51142,-7.6512756,989.0,2003-05-15T22:00,11.4,89,9.6,10.5,0.0,0.0,0.0,0.0,1,1015.9,903.4,36,7,0,100,0.0,0.15,5.7,14.0,305,312,18.0,13.9,15.1,11.3,8.2,0.287,0.314,0.364,0.406,0,0.0,0.0,0.0,0.0,0.0,0.0,0.0,0.0,0.0,0.0,0.0,0.0,0.0
2184,2184,41.51142,-7.6512756,989.0,2003-05-15T23:00,10.7,93,9.5,9.9,0.0,0.0,0.0,0.0,2,1016.1,903.3,63,37,0,99,0.0,0.1,4.8,11.2,312,320,16.9,13.3,14.9,11.3,8.2,0.287,0.314,0.364,0.406,0,0.0,0.0,0.0,0.0,0.0,0.0,0.0,0.0,0.0,0.0,0.0,0.0,0.0
2183,2183,41.51142,-7.6512756,989.0,2003-05-16T00:00,10.1,95,9.3,9.3,0.0,0.0,0.0,0.0,3,1016.1,903.0,100,61,35,98,0.0,0.06,4.3,10.0,312,322,15.1,12.8,14.7,11.3,8.2,0.287,0.314,0.364,0.406,0,0.0,0.0,0.0,0.0,0.0,0.0,0.0,0.0,0.0,0.0,0.0,0.0,0.0
2182,2182,41.51142,-7.6512756,989.0,2003-05-16T01:00,9.5,96,8.9,8.3,0.0,0.0,0.0,0.0,3,1015.7,902.5,100,76,81,96,0.0,0.04,6.1,9.5,315,323,14.0,12.5,14.5,11.3,8.2,0.288,0.314,0.364,0.406,0,0.0,0.0,0.0,0.0,0.0,0.0,0.0,0.0,0.0,0.0,0.0,0.0,0.0
2181,2181,41.51142,-7.6512756,989.0,2003-05-16T02:00,9.3,97,8.8,8.2,0.0,0.0,0.0,0.0,3,1015.3,902.1,100,81,92,89,0.0,0.04,6.1,10.0,315,322,16.6,12.3,14.3,11.3,8.2,0.288,0.314,0.364,0.406,0,0.0,0.0,0.0,0.0,0.0,0.0,0.0,0.0,0.0,0.0,0.0,0.0,0.0
2180,2180,41.51142,-7.6512756,989.0,2003-05-16T03:00,9.3,96,8.7,8.1,0.0,0.0,0.0,0.0,3,1015.3,902.0,100,86,63,58,0.0,0.04,6.1,9.7,315,321,17.6,12.1,14.1,11.4,8.2,0.288,0.314,0.364,0.406,0,0.0,0.0,0.0,0.0,0.0,0.0,0.0,0.0,0.0,0.0,0.0,0.0,0.0
2179,2179,41.51142,-7.6512756,989.0,2003-05-16T04:00,9.2,96,8.6,8.0,0.0,0.0,0.0,0.0,2,1015.4,902.1,77,71,17,11,0.0,0.04,5.9,9.0,317,323,19.1,12.0,13.9,11.4,8.2,0.289,0.314,0.364,0.406,0,0.0,0.0,0.0,0.0,0.0,0.0,0.0,0.0,0.0,0.0,0.0,0.0,0.0
2178,2178,41.51142,-7.6512756,989.0,2003-05-16T05:00,8.9,97,8.4,7.7,0.0,0.0,0.0,0.0,2,1015.2,901.8,54,57,4,1,0.0,0.03,5.6,9.3,320,324,19.8,11.8,13.7,11.4,8.2,0.289,0.314,0.364,0.405,0,0.0,0.0,0.0,0.0,0.0,0.0,0.0,0.0,0.0,0.0,0.0,0.0,0.0
2177,2177,41.51142,-7.6512756,989.0,2003-05-16T06:00,8.5,98,8.2,7.1,0.0,0.0,0.0,0.0,1,1015.8,902.2,28,31,0,0,0.01,0.02,6.4,9.6,322,326,19.8,11.5,13.5,11.4,8.3,0.289,0.314,0.364,0.405,1,80.76,21.0,7.0,14.0,68.2,21.0,78.4,47.6,15.9,31.8,119.6,27.2,177.8
2176,2176,41.51142,-7.6512756,989.0,2003-05-16T07:00,9.0,93,8.0,7.5,0.0,0.0,0.0,0.0,0,1015.7,902.3,6,7,0,0,0.05,0.08,6.5,8.9,326,328,20.2,12.0,13.4,11.4,8.3,0.289,0.314,0.364,0.405,1,3600.0,156.0,96.0,60.0,426.0,156.0,301.7,219.9,135.3,84.6,426.0,219.9,425.3
2175,2175,41.51142,-7.6512756,989.0,2003-05-16T08:00,10.7,80,7.4,9.0,0.0,0.0,0.0,0.0,0,1015.6,902.8,3,3,0,0,0.15,0.26,7.3,9.6,327,326,22.3,13.3,13.4,11.4,8.3,0.289,0.314,0.364,0.405,1,3600.0,354.0,276.0,78.0,676.8,354.0,545.9,430.2,335.4,94.8,676.8,430.2,663.5
2174,2174,41.51142,-7.6512756,989.0,2003-05-16T09:00,12.4,70,7.0,10.2,0.0,0.0,0.0,0.0,0,1015.6,903.5,17,19,0,0,0.25,0.44,10.2,13.6,328,328,28.4,14.8,13.4,11.4,8.3,0.289,0.313,0.363,0.405,1,3600.0,527.0,403.0,124.0,698.2,527.0,772.7,597.6,457.0,140.6,698.2,597.6,876.2
2173,2173,41.51142,-7.6512756,989.0,2003-05-16T10:00,14.1,63,7.1,12.0,0.0,0.0,0.0,0.0,1,1015.8,904.3,36,40,0,0,0.33,0.6,12.9,17.1,337,338,37.4,16.4,13.6,11.4,8.3,0.288,0.313,0.363,0.405,1,3600.0,642.0,450.0,192.0,623.3,642.0,966.4,696.7,488.4,208.4,623.3,696.7,1048.8
2172,2172,41.51142,-7.6512756,989.0,2003-05-16T11:00,15.5,58,7.2,14.0,0.0,0.0,0.0,0.0,1,1015.5,904.5,50,55,0,0,0.4,0.75,13.8,18.3,340,340,38.9,17.5,13.8,11.4,8.3,0.287,0.312,0.363,0.405,1,3600.0,762.0,564.0,198.0,677.7,762.0,1114.1,800.1,592.2,207.9,677.7,800.1,1169.7
2171,2171,41.51142,-7.6512756,989.0,2003-05-16T12:00,16.5,53,6.8,15.3,0.0,0.0,0.0,0.0,1,1015.3,904.7,33,37,0,0,0.47,0.89,14.2,19.3,339,339,40.7,18.3,14.0,11.4,8.3,0.285,0.312,0.363,0.405,1,3600.0,855.0,662.0,193.0,735.1,855.0,1205.5,872.9,675.8,197.0,735.1,872.9,1230.7
2170,2170,41.51142,-7.6512756,989.0,2003-05-16T13:00,17.1,49,6.3,15.8,0.0,0.0,0.0,0.0,1,1015.0,904.6,23,26,0,0,0.49,1.0,14.8,19.5,334,335,42.5,18.9,14.2,11.4,8.3,0.284,0.311,0.362,0.405,1,3600.0,883.0,619.0,264.0,671.2,883.0,1234.5,878.0,615.5,262.5,671.2,878.0,1227.5
2169,2169,41.51142,-7.6512756,989.0,2003-05-16T14:00,17.7,46,5.8,16.2,0.0,0.0,0.0,0.0,0,1015.1,904.9,20,22,0,0,0.51,1.1,15.6,21.3,334,334,44.3,19.5,14.5,11.4,8.3,0.282,0.31,0.362,0.405,1,3600.0,888.0,700.0,188.0,781.3,888.0,1199.2,859.3,677.4,181.9,781.3,859.3,1160.4
2168,2168,41.51142,-7.6512756,989.0,2003-05-16T15:00,17.8,45,5.6,15.5,0.0,0.0,0.0,0.0,1,1014.7,904.6,22,25,0,0,0.45,1.13,16.1,21.7,333,333,45.4,19.5,14.8,11.4,8.3,0.281,0.31,0.362,0.405,1,3600.0,762.0,554.0,208.0,672.9,762.0,1101.9,715.1,519.9,195.2,672.9,715.1,1034.0
2167,2167,41.51142,-7.6512756,989.0,2003-05-16T16:00,17.6,45,5.6,14.5,0.0,0.0,0.0,0.0,1,1014.4,904.3,21,23,0,0,0.39,1.1,16.6,22.7,333,333,46.1,19.3,15.0,11.5,8.3,0.28,0.309,0.361,0.405,1,3600.0,639.0,499.0,140.0,703.5,639.0,949.3,576.9,450.5,126.4,703.5,576.9,857.0
2166,2166,41.51142,-7.6512756,989.0,2003-05-16T17:00,16.9,48,5.7,13.4,0.0,0.0,0.0,0.0,0,1014.4,904.0,3,3,0,0,0.27,1.01,16.4,22.9,334,334,46.1,18.6,15.1,11.5,8.3,0.279,0.308,0.361,0.405,1,3600.0,412.0,314.0,98.0,558.9,412.0,751.9,351.5,267.9,83.6,558.9,351.5,641.4
2165,2165,41.51142,-7.6512756,989.0,2003-05-16T18:00,15.7,53,6.3,12.7,0.0,0.0,0.0,0.0,0,1014.8,904.0,4,0,0,15,0.21,0.83,14.8,21.4,334,335,43.6,17.7,15.2,11.5,8.3,0.278,0.308,0.361,0.405,1,3600.0,342.0,266.0,76.0,680.6,342.0,523.1,262.8,204.4,58.4,680.6,262.8,402.0
2164,2164,41.51142,-7.6512756,989.0,2003-05-16T19:00,14.4,62,7.1,12.1,0.0,0.0,0.0,0.0,0,1015.4,904.0,16,0,0,54,0.1,0.63,10.5,18.4,329,332,36.4,16.4,15.2,11.5,8.3,0.278,0.308,0.361,0.405,1,3600.0,155.0,103.0,52.0,495.1,155.0,278.4,86.3,57.3,28.9,495.1,86.3,154.9
2163,2163,41.51142,-7.6512756,989.0,2003-05-16T20:00,12.9,69,7.3,11.1,0.0,0.0,0.0,0.0,0,1016.2,904.2,1,0,0,2,0.03,0.47,7.7,14.6,323,327,28.1,15.0,15.1,11.5,8.3,0.279,0.308,0.361,0.405,0,252.52,20.0,9.0,11.0,95.5,20.0,67.1,0.0,0.0,0.0,0.0,0.0,0.0
2162,2162,41.51142,-7.6512756,989.0,2003-05-16T21:00,11.5,77,7.7,9.9,0.0,0.0,0.0,0.0,0,1017.3,904.6,7,2,0,16,0.0,0.31,6.9,12.9,317,324,21.6,13.8,15.0,11.5,8.3,0.279,0.308,0.361,0.405,0,0.0,0.0,0.0,0.0,0.0,0.0,0.0,0.0,0.0,0.0,0.0,0.0,0.0
2161,2161,41.51142,-7.6512756,989.0,2003-05-16T22:00,10.2,87,8.1,8.8,0.0,0.0,0.0,0.0,0,1018.1,904.9,2,1,0,3,0.0,0.17,6.6,10.3,315,324,19.4,13.0,14.8,11.5,8.3,0.279,0.308,0.361,0.405,0,0.0,0.0,0.0,0.0,0.0,0.0,0.0,0.0,0.0,0.0,0.0,0.0,0.0
2160,2160,41.51142,-7.6512756,989.0,2003-05-16T23:00,9.5,92,8.2,8.3,0.0,0.0,0.0,0.0,0,1018.2,904.7,4,1,0,10,0.0,0.1,4.9,6.4,306,322,16.2,12.3,14.6,11.6,8.3,0.28,0.308,0.361,0.405,0,0.0,0.0,0.0,0.0,0.0,0.0,0.0,0.0,0.0,0.0,0.0,0.0,0.0
2159,2159,41.51142,-7.6512756,989.0,2003-05-17T00:00,8.5,96,7.9,7.4,0.0,0.0,0.0,0.0,2,1018.2,904.3,54,53,5,12,0.0,0.05,4.3,4.6,294,309,12.2,11.7,14.3,11.6,8.3,0.28,0.308,0.361,0.405,0,0.0,0.0,0.0,0.0,0.0,0.0,0.0,0.0,0.0,0.0,0.0,0.0,0.0
2158,2158,41.51142,-7.6512756,989.0,2003-05-17T01:00,8.2,97,7.8,7.0,0.0,0.0,0.0,0.0,2,1018.2,904.2,60,63,0,11,0.0,0.03,4.0,5.6,297,297,10.4,11.2,14.1,11.6,8.3,0.28,0.308,0.361,0.405,0,0.0,0.0,0.0,0.0,0.0,0.0,0.0,0.0,0.0,0.0,0.0,0.0,0.0
2157,2157,41.51142,-7.6512756,989.0,2003-05-17T02:00,7.8,99,7.7,6.7,0.0,0.0,0.0,0.0,2,1017.7,903.6,63,70,0,0,0.0,0.01,3.5,6.2,294,291,10.8,11.0,13.9,11.6,8.3,0.28,0.308,0.361,0.405,0,0.0,0.0,0.0,0.0,0.0,0.0,0.0,0.0,0.0,0.0,0.0,0.0,0.0
2156,2156,41.51142,-7.6512756,989.0,2003-05-17T03:00,8.0,99,7.9,6.9,0.0,0.0,0.0,0.0,2,1018.2,904.1,69,76,0,2,0.0,0.01,4.1,6.6,285,279,12.2,10.9,13.6,11.6,8.3,0.281,0.308,0.361,0.405,0,0.0,0.0,0.0,0.0,0.0,0.0,0.0,0.0,0.0,0.0,0.0,0.0,0.0
2155,2155,41.51142,-7.6512756,989.0,2003-05-17T04:00,7.9,99,7.8,6.8,0.0,0.0,0.0,0.0,3,1018.5,904.4,82,88,5,0,0.0,0.01,4.3,7.6,270,273,15.1,10.8,13.4,11.6,8.3,0.281,0.308,0.36,0.405,0,0.0,0.0,0.0,0.0,0.0,0.0,0.0,0.0,0.0,0.0,0.0,0.0,0.0
2154,2154,41.51142,-7.6512756,989.0,2003-05-17T05:00,7.7,99,7.6,6.5,0.0,0.0,0.0,0.0,3,1018.6,904.4,88,88,15,0,0.0,0.01,4.3,7.9,265,267,15.8,10.7,13.2,11.6,8.3,0.281,0.308,0.36,0.405,0,0.0,0.0,0.0,0.0,0.0,0.0,0.0,0.0,0.0,0.0,0.0,0.0,0.0
2153,2153,41.51142,-7.6512756,989.0,2003-05-17T06:00,7.8,99,7.7,6.6,0.0,0.0,0.0,0.0,2,1018.8,904.6,59,48,26,0,0.01,0.01,4.3,7.6,246,251,16.6,10.8,13.0,11.6,8.3,0.282,0.308,0.36,0.405,1,0.0,18.0,5.0,13.0,48.1,18.0,80.0,40.8,11.3,29.4,83.6,23.4,181.2
2152,2152,41.51142,-7.6512756,989.0,2003-05-17T07:00,8.3,97,7.9,7.1,0.0,0.0,0.0,0.0,1,1018.9,904.9,38,34,12,0,0.05,0.03,4.6,7.5,231,235,16.9,11.4,12.9,11.6,8.3,0.282,0.308,0.36,0.405,1,3600.0,134.0,70.0,64.0,307.3,134.0,304.9,188.2,98.3,89.9,307.3,188.2,428.2
2151,2151,41.51142,-7.6512756,989.0,2003-05-17T08:00,10.0,85,7.6,8.4,0.0,0.0,0.0,0.0,0,1018.8,905.4,11,8,6,0,0.13,0.18,6.4,8.4,227,230,19.8,12.6,12.9,11.6,8.3,0.282,0.308,0.36,0.405,1,3600.0,286.0,172.0,114.0,419.5,286.0,548.7,347.2,208.8,138.4,419.5,347.2,666.0
2150,2150,41.51142,-7.6512756,989.0,2003-05-17T09:00,12.0,75,7.8,10.3,0.0,0.0,0.0,0.0,0,1018.4,905.8,3,1,2,4,0.24,0.35,8.1,10.5,238,239,23.8,14.2,12.9,11.6,8.3,0.282,0.308,0.36,0.405,1,3600.0,505.0,401.0,104.0,692.4,505.0,775.0,572.3,454.5,117.9,692.4,572.3,878.3
2149,2149,41.51142,-7.6512756,989.0,2003-05-17T10:00,14.0,65,7.6,12.9,0.0,0.0,0.0,0.0,1,1018.7,906.8,27,24,7,3,0.35,0.56,9.4,12.0,247,249,27.4,16.1,13.1,11.6,8.3,0.281,0.307,0.36,0.405,1,3600.0,696.0,571.0,125.0,789.0,696.0,968.4,755.1,619.5,135.6,789.0,755.1,1050.7
2148,2148,41.51142,-7.6512756,989.0,2003-05-17T11:00,15.4,61,7.9,14.4,0.0,0.0,0.0,0.0,2,1018.2,906.9,73,77,5,2,0.4,0.69,11.7,15.5,252,252,30.2,17.5,13.3,11.6,8.3,0.28,0.307,0.36,0.405,1,3600.0,760.0,575.0,185.0,689.5,760.0,1115.8,797.9,603.7,194.2,689.5,797.9,1171.4
2147,2147,41.51142,-7.6512756,989.0,2003-05-17T12:00,16.6,58,8.3,15.9,0.0,0.0,0.0,0.0,3,1018.3,907.4,91,97,4,3,0.47,0.79,13.8,17.9,255,255,35.6,18.7,13.6,11.6,8.3,0.278,0.306,0.359,0.405,1,3600.0,875.0,674.0,201.0,747.1,875.0,1207.0,893.2,688.0,205.2,747.1,893.2,1232.2
2146,2146,41.51142,-7.6512756,989.0,2003-05-17T13:00,16.9,59,8.9,15.1,0.0,0.0,0.0,0.0,3,1018.5,907.7,91,100,0,2,0.38,0.79,14.4,19.6,257,257,38.9,19.1,13.9,11.6,8.3,0.277,0.305,0.359,0.405,1,3600.0,654.0,349.0,305.0,377.8,654.0,1236.0,650.3,347.0,303.3,377.8,650.3,1229.0
2145,2145,41.51142,-7.6512756,989.0,2003-05-17T14:00,17.3,58,9.0,15.0,0.0,0.0,0.0,0.0,3,1018.7,908.0,88,96,0,6,0.32,0.82,13.9,19.1,260,259,40.3,19.2,14.2,11.6,8.3,0.276,0.305,0.359,0.405,1,3600.0,525.0,233.0,292.0,259.6,525.0,1200.8,508.1,225.5,282.6,259.6,508.1,1162.1
2144,2144,41.51142,-7.6512756,989.0,2003-05-17T15:00,16.9,60,9.2,14.8,0.0,0.0,0.0,0.0,3,1018.7,907.9,88,85,0,38,0.26,0.77,13.6,18.7,259,259,40.3,18.9,14.4,11.6,8.3,0.275,0.304,0.359,0.405,1,1909.39,396.0,102.0,294.0,123.6,396.0,1103.7,371.7,95.7,276.0,123.6,371.7,1036.0
2143,2143,41.51142,-7.6512756,989.0,2003-05-17T16:00,16.6,62,9.4,14.5,0.0,0.0,0.0,0.0,3,1018.9,907.9,91,88,0,40,0.24,0.71,13.2,18.3,259,260,39.6,18.5,14.6,11.6,8.3,0.274,0.304,0.358,0.405,1,1363.93,377.0,75.0,302.0,105.5,377.0,951.4,340.5,67.7,272.8,105.5,340.5,859.3
2142,2142,41.51142,-7.6512756,989.0,2003-05-17T17:00,16.0,65,9.4,14.1,0.0,0.0,0.0,0.0,2,1019.0,907.8,79,88,0,0,0.2,0.63,12.2,17.0,256,257,38.2,18.0,14.8,11.7,8.3,0.274,0.304,0.358,0.405,1,3600.0,324.0,119.0,205.0,211.0,324.0,754.4,276.6,101.6,175.0,211.0,276.6,644.1
2141,2141,41.51142,-7.6512756,989.0,2003-05-17T18:00,15.2,68,9.2,13.4,0.0,0.0,0.0,0.0,3,1019.1,907.6,84,93,0,0,0.13,0.56,10.8,15.6,255,255,35.6,17.1,14.8,11.7,8.4,0.273,0.303,0.358,0.404,1,870.84,179.0,35.0,144.0,89.0,179.0,526.0,137.9,27.0,110.9,89.0,137.9,405.1
2140,2140,41.51142,-7.6512756,989.0,2003-05-17T19:00,13.4,78,9.7,11.9,0.1,0.1,0.0,0.0,51,1019.3,907.1,73,81,0,0,0.05,0.33,10.0,16.0,255,256,28.4,15.9,14.9,11.7,8.4,0.274,0.303,0.358,0.404,1,51.71,51.0,13.0,38.0,61.7,51.0,281.8,28.7,7.3,21.4,61.7,28.7,158.5
2139,2139,41.51142,-7.6512756,989.0,2003-05-17T20:00,12.8,81,9.7,11.5,0.0,0.0,0.0,0.0,3,1019.8,907.3,81,90,0,0,0.03,0.27,8.3,14.8,252,256,27.0,15.0,14.8,11.7,8.4,0.275,0.303,0.358,0.404,0,0.0,8.0,2.0,6.0,20.9,8.0,68.9,0.0,0.0,0.0,0.0,0.0,0.0
2138,2138,41.51142,-7.6512756,989.0,2003-05-17T21:00,12.2,86,9.8,11.1,0.0,0.0,0.0,0.0,3,1020.3,907.6,87,97,0,0,0.0,0.21,7.3,13.2,250,253,24.1,14.3,14.7,11.7,8.4,0.276,0.303,0.358,0.404,0,0.0,0.0,0.0,0.0,0.0,0.0,0.0,0.0,0.0,0.0,0.0,0.0,0.0
2137,2137,41.51142,-7.6512756,989.0,2003-05-17T22:00,11.8,88,9.9,10.7,0.0,0.0,0.0,0.0,3,1021.0,908.1,86,95,0,0,0.0,0.16,7.9,14.4,246,248,22.3,13.8,14.6,11.7,8.4,0.276,0.304,0.358,0.404,0,0.0,0.0,0.0,0.0,0.0,0.0,0.0,0.0,0.0,0.0,0.0,0.0,0.0
2136,2136,41.51142,-7.6512756,989.0,2003-05-17T23:00,11.6,90,10.0,10.4,0.0,0.0,0.0,0.0,3,1020.5,907.5,86,96,0,0,0.0,0.14,8.0,14.2,243,246,22.0,13.5,14.5,11.7,8.4,0.277,0.304,0.358,0.404,0,0.0,0.0,0.0,0.0,0.0,0.0,0.0,0.0,0.0,0.0,0.0,0.0,0.0
2135,2135,41.51142,-7.6512756,989.0,2003-05-18T00:00,11.4,91,10.0,10.0,0.0,0.0,0.0,0.0,3,1020.9,907.8,86,96,0,0,0.0,0.12,9.3,15.0,242,246,22.3,13.2,14.3,11.7,8.4,0.277,0.304,0.358,0.404,0,0.0,0.0,0.0,0.0,0.0,0.0,0.0,0.0,0.0,0.0,0.0,0.0,0.0
2134,2134,41.51142,-7.6512756,989.0,2003-05-18T01:00,11.4,93,10.2,10.2,0.0,0.0,0.0,0.0,3,1020.7,907.6,86,96,0,0,0.0,0.1,8.5,13.9,242,245,21.2,13.0,14.2,11.7,8.4,0.277,0.304,0.358,0.404,0,0.0,0.0,0.0,0.0,0.0,0.0,0.0,0.0,0.0,0.0,0.0,0.0,0.0
2133,2133,41.51142,-7.6512756,989.0,2003-05-18T02:00,11.1,95,10.3,9.9,0.0,0.0,0.0,0.0,3,1020.2,907.1,88,98,0,0,0.0,0.07,8.8,14.3,235,242,20.5,12.7,14.1,11.7,8.4,0.278,0.304,0.358,0.404,0,0.0,0.0,0.0,0.0,0.0,0.0,0.0,0.0,0.0,0.0,0.0,0.0,0.0
2132,2132,41.51142,-7.6512756,989.0,2003-05-18T03:00,10.9,96,10.2,9.7,0.0,0.0,0.0,0.0,3,1020.3,907.1,88,98,0,0,0.0,0.06,8.7,14.1,232,238,20.2,12.5,13.9,11.7,8.4,0.278,0.304,0.357,0.404,0,0.0,0.0,0.0,0.0,0.0,0.0,0.0,0.0,0.0,0.0,0.0,0.0,0.0
2131,2131,41.51142,-7.6512756,989.0,2003-05-18T04:00,10.4,98,10.0,9.3,0.0,0.0,0.0,0.0,3,1020.1,906.7,89,99,0,0,0.0,0.03,7.4,13.9,223,233,20.2,12.1,13.8,11.7,8.4,0.279,0.304,0.357,0.404,0,0.0,0.0,0.0,0.0,0.0,0.0,0.0,0.0,0.0,0.0,0.0,0.0,0.0
2130,2130,41.51142,-7.6512756,989.0,2003-05-18T05:00,10.4,98,10.1,9.4,0.0,0.0,0.0,0.0,3,1020.4,907.0,90,100,0,0,0.0,0.02,7.4,14.0,219,228,19.4,12.1,13.6,11.8,8.4,0.279,0.304,0.357,0.404,0,0.0,0.0,0.0,0.0,0.0,0.0,0.0,0.0,0.0,0.0,0.0,0.0,0.0
2129,2129,41.51142,-7.6512756,989.0,2003-05-18T06:00,10.5,98,10.2,9.4,0.0,0.0,0.0,0.0,3,1020.6,907.2,89,99,0,0,0.01,0.03,8.2,14.0,218,226,19.4,12.2,13.5,11.8,8.4,0.279,0.304,0.357,0.404,1,0.0,11.0,0.0,11.0,0.0,11.0,81.6,24.9,0.0,24.9,0.0,14.4,184.5
2128,2128,41.51142,-7.6512756,989.0,2003-05-18T07:00,11.7,90,10.1,10.4,0.0,0.0,0.0,0.0,3,1020.8,907.8,87,97,0,0,0.04,0.14,9.4,14.3,223,227,26.3,12.6,13.4,11.8,8.4,0.28,0.304,0.357,0.404,1,0.0,50.0,4.0,46.0,17.4,50.0,307.9,70.0,5.6,64.4,17.4,70.0,431.1
2127,2127,41.51142,-7.6512756,989.0,2003-05-18T08:00,12.7,83,9.9,11.0,0.0,0.0,0.0,0.0,3,1021.4,908.7,90,100,0,0,0.07,0.25,11.8,16.4,230,230,28.1,13.2,13.4,11.8,8.4,0.28,0.304,0.357,0.404,1,0.0,96.0,0.0,96.0,0.0,96.0,551.3,116.4,0.0,116.4,0.0,116.4,668.4
2126,2126,41.51142,-7.6512756,989.0,2003-05-18T09:00,13.6,79,10.0,11.8,0.0,0.0,0.0,0.0,3,1021.4,909.1,90,100,0,0,0.1,0.33,12.2,17.3,227,227,29.5,13.9,13.4,11.8,8.4,0.28,0.304,0.357,0.404,1,0.0,146.0,4.0,142.0,6.9,146.0,777.2,165.4,4.5,160.8,6.9,165.4,880.3
2125,2125,41.51142,-7.6512756,989.0,2003-05-18T10:00,14.5,75,10.1,12.9,0.0,0.0,0.0,0.0,3,1022.0,909.9,90,100,0,0,0.14,0.42,11.7,16.1,227,228,30.2,14.7,13.4,11.8,8.4,0.281,0.304,0.357,0.404,1,0.0,220.0,28.0,192.0,38.6,220.0,970.3,238.6,30.4,208.3,38.6,238.6,1052.4
2124,2124,41.51142,-7.6512756,989.0,2003-05-18T11:00,15.7,70,10.3,13.9,0.1,0.1,0.0,0.0,51,1021.6,910.0,90,100,0,0,0.2,0.53,13.2,18.4,227,228,34.2,15.7,13.5,11.8,8.4,0.281,0.303,0.357,0.404,1,0.0,315.0,8.0,307.0,9.6,315.0,1117.4,330.7,8.4,322.3,9.6,330.7,1172.9
2123,2123,41.51142,-7.6512756,989.0,2003-05-18T12:00,16.5,67,10.4,14.6,0.1,0.1,0.0,0.0,51,1021.8,910.5,90,100,0,0,0.24,0.62,14.6,20.5,230,231,36.7,16.5,13.7,11.8,8.4,0.28,0.303,0.357,0.404,1,0.0,377.0,50.0,327.0,55.3,377.0,1208.5,384.8,51.0,333.8,55.3,384.8,1233.6
2122,2122,41.51142,-7.6512756,989.0,2003-05-18T13:00,17.3,64,10.5,15.3,0.1,0.1,0.0,0.0,51,1021.6,910.6,90,100,0,0,0.28,0.71,15.0,21.5,235,235,38.9,17.4,13.9,11.8,8.4,0.28,0.303,0.357,0.404,1,2058.29,437.0,119.0,318.0,128.6,437.0,1237.5,434.5,118.3,316.2,128.6,434.5,1230.5
2121,2121,41.51142,-7.6512756,989.0,2003-05-18T14:00,17.6,64,10.6,15.5,0.0,0.0,0.0,0.0,2,1022.0,911.0,79,88,0,0,0.28,0.73,15.9,22.7,237,237,41.0,17.7,14.1,11.8,8.4,0.28,0.302,0.356,0.404,1,569.28,437.0,71.0,366.0,79.0,437.0,1202.3,423.0,68.7,354.2,79.0,423.0,1163.7
2120,2120,41.51142,-7.6512756,989.0,2003-05-18T15:00,17.4,65,10.9,15.4,0.0,0.0,0.0,0.0,2,1021.6,910.6,61,68,0,0,0.28,0.69,15.8,22.1,240,240,42.1,17.9,14.2,11.8,8.4,0.279,0.302,0.356,0.404,1,3600.0,458.0,160.0,298.0,193.6,458.0,1105.4,430.0,150.2,279.8,193.6,430.0,1037.8
2119,2119,41.51142,-7.6512756,989.0,2003-05-18T16:00,17.1,67,11.0,15.3,0.0,0.0,0.0,0.0,2,1021.3,910.2,52,58,0,0,0.24,0.64,14.2,19.8,240,241,41.8,17.9,14.4,11.8,8.4,0.279,0.302,0.356,0.404,1,2534.03,379.0,103.0,276.0,144.5,379.0,953.5,342.4,93.1,249.4,144.5,342.4,861.5
2118,2118,41.51142,-7.6512756,989.0,2003-05-18T17:00,16.6,69,10.9,14.8,0.0,0.0,0.0,0.0,2,1021.3,910.0,56,62,0,0,0.2,0.58,14.0,19.2,244,244,38.5,17.6,14.6,11.8,8.4,0.279,0.302,0.356,0.404,1,3183.27,316.0,94.0,222.0,166.1,316.0,756.8,270.0,80.3,189.7,166.1,270.0,646.7
2117,2117,41.51142,-7.6512756,989.0,2003-05-18T18:00,15.7,73,10.8,14.0,0.0,0.0,0.0,0.0,2,1021.4,909.8,54,60,0,0,0.14,0.48,13.4,19.1,250,250,35.6,17.0,14.7,11.8,8.4,0.279,0.301,0.356,0.404,1,3600.0,215.0,107.0,108.0,270.6,215.0,528.8,165.9,82.6,83.4,270.6,165.9,408.1
2116,2116,41.51142,-7.6512756,989.0,2003-05-18T19:00,14.4,76,10.3,12.9,0.0,0.0,0.0,0.0,2,1021.6,909.5,56,62,0,0,0.07,0.39,11.0,17.4,251,252,33.5,16.0,14.7,11.8,8.4,0.279,0.301,0.356,0.404,1,2985.5,96.0,34.0,62.0,159.5,96.0,285.0,54.6,19.3,35.2,159.5,54.6,162.0
2115,2115,41.51142,-7.6512756,989.0,2003-05-18T20:00,13.4,81,10.2,12.3,0.0,0.0,0.0,0.0,1,1021.6,909.2,49,53,0,4,0.03,0.29,7.8,15.6,248,251,29.2,15.0,14.6,11.8,8.4,0.279,0.301,0.356,0.404,0,0.0,12.0,2.0,10.0,20.6,12.0,70.6,0.0,0.0,0.0,0.0,0.0,0.0
2114,2114,41.51142,-7.6512756,989.0,2003-05-18T21:00,12.5,87,10.3,11.6,0.0,0.0,0.0,0.0,2,1022.3,909.4,61,64,0,12,0.0,0.19,6.9,14.0,242,247,24.8,14.1,14.6,11.8,8.4,0.279,0.301,0.356,0.404,0,0.0,0.0,0.0,0.0,0.0,0.0,0.0,0.0,0.0,0.0,0.0,0.0,0.0
2113,2113,41.51142,-7.6512756,989.0,2003-05-18T22:00,11.7,92,10.4,10.8,0.0,0.0,0.0,0.0,2,1022.4,909.2,63,68,0,5,0.0,0.11,7.3,14.7,237,242,22.0,13.4,14.4,11.9,8.4,0.279,0.301,0.355,0.404,0,0.0,0.0,0.0,0.0,0.0,0.0,0.0,0.0,0.0,0.0,0.0,0.0,0.0
2112,2112,41.51142,-7.6512756,989.0,2003-05-18T23:00,11.5,93,10.3,10.5,0.0,0.0,0.0,0.0,2,1022.1,908.9,72,80,0,0,0.0,0.1,7.8,15.0,236,240,23.0,13.1,14.3,11.9,8.4,0.28,0.302,0.355,0.404,0,0.0,0.0,0.0,0.0,0.0,0.0,0.0,0.0,0.0,0.0,0.0,0.0,0.0
2111,2111,41.51142,-7.6512756,989.0,2003-05-19T00:00,11.0,95,10.3,9.9,0.0,0.0,0.0,0.0,2,1022.0,908.6,71,79,0,0,0.0,0.06,8.5,16.1,234,241,23.8,12.7,14.2,11.9,8.4,0.28,0.302,0.355,0.404,0,0.0,0.0,0.0,0.0,0.0,0.0,0.0,0.0,0.0,0.0,0.0,0.0,0.0
2110,2110,41.51142,-7.6512756,989.0,2003-05-19T01:00,11.0,94,10.0,9.7,0.0,0.0,0.0,0.0,2,1021.9,908.6,77,86,0,0,0.0,0.08,9.7,17.7,239,243,27.0,12.6,14.0,11.9,8.4,0.281,0.302,0.355,0.404,0,0.0,0.0,0.0,0.0,0.0,0.0,0.0,0.0,0.0,0.0,0.0,0.0,0.0
2109,2109,41.51142,-7.6512756,989.0,2003-05-19T02:00,10.7,95,10.0,9.3,0.0,0.0,0.0,0.0,2,1021.7,908.3,76,84,0,0,0.0,0.06,10.0,18.4,240,244,27.0,12.4,13.9,11.9,8.4,0.281,0.302,0.355,0.404,0,0.0,0.0,0.0,0.0,0.0,0.0,0.0,0.0,0.0,0.0,0.0,0.0,0.0
2108,2108,41.51142,-7.6512756,989.0,2003-05-19T03:00,10.7,95,9.9,9.3,0.0,0.0,0.0,0.0,3,1021.6,908.2,82,91,0,0,0.0,0.06,9.4,18.4,238,244,30.2,12.3,13.7,11.9,8.4,0.282,0.302,0.355,0.404,0,0.0,0.0,0.0,0.0,0.0,0.0,0.0,0.0,0.0,0.0,0.0,0.0,0.0
2107,2107,41.51142,-7.6512756,989.0,2003-05-19T04:00,10.7,94,9.8,9.2,0.0,0.0,0.0,0.0,3,1021.5,908.1,84,93,0,0,0.0,0.08,10.1,18.4,235,242,31.0,12.2,13.6,11.9,8.5,0.282,0.302,0.355,0.404,0,0.0,0.0,0.0,0.0,0.0,0.0,0.0,0.0,0.0,0.0,0.0,0.0,0.0
2106,2106,41.51142,-7.6512756,989.0,2003-05-19T05:00,10.8,93,9.7,9.3,0.0,0.0,0.0,0.0,2,1021.5,908.1,71,76,5,0,0.0,0.09,10.5,18.6,232,238,32.0,12.2,13.5,11.9,8.5,0.283,0.302,0.355,0.404,0,0.0,0.0,0.0,0.0,0.0,0.0,0.0,0.0,0.0,0.0,0.0,0.0,0.0
2105,2105,41.51142,-7.6512756,989.0,2003-05-19T06:00,10.7,94,9.8,9.1,0.0,0.0,0.0,0.0,3,1021.8,908.3,92,95,11,0,0.02,0.08,11.0,19.2,229,236,33.5,12.1,13.4,11.9,8.5,0.283,0.302,0.355,0.404,1,0.0,13.0,3.0,10.0,28.2,13.0,83.2,29.3,6.8,22.6,48.2,17.1,187.6
2104,2104,41.51142,-7.6512756,989.0,2003-05-19T07:00,11.1,91,9.7,9.2,0.0,0.0,0.0,0.0,3,1022.1,908.8,100,99,26,0,0.04,0.12,13.0,20.1,231,234,33.5,12.4,13.3,11.9,8.5,0.284,0.302,0.355,0.404,1,0.0,52.0,11.0,41.0,47.3,52.0,310.8,72.6,15.4,57.2,47.3,72.6,433.8
2103,2103,41.51142,-7.6512756,989.0,2003-05-19T08:00,12.0,85,9.5,9.9,0.0,0.0,0.0,0.0,3,1022.7,909.6,100,100,53,0,0.07,0.21,13.9,20.7,233,235,39.2,12.9,13.2,11.9,8.5,0.284,0.302,0.355,0.404,1,0.0,91.0,19.0,72.0,45.9,91.0,553.7,110.2,23.0,87.2,45.9,110.2,670.7
2102,2102,41.51142,-7.6512756,989.0,2003-05-19T09:00,12.4,82,9.5,10.2,0.2,0.2,0.0,0.0,51,1023.1,910.1,100,100,68,0,0.07,0.26,14.4,22.6,238,239,40.0,13.1,13.2,11.9,8.5,0.284,0.302,0.355,0.404,1,0.0,73.0,0.0,73.0,0.0,73.0,779.3,82.6,0.0,82.6,0.0,82.6,882.2
2101,2101,41.51142,-7.6512756,989.0,2003-05-19T10:00,12.7,83,9.8,10.8,0.3,0.3,0.0,0.0,51,1023.9,910.9,100,100,33,0,0.07,0.26,12.5,18.0,252,254,36.0,13.4,13.2,11.9,8.5,0.285,0.302,0.355,0.404,1,0.0,79.0,0.0,79.0,0.0,79.0,972.0,85.7,0.0,85.7,0.0,85.7,1054.0
2100,2100,41.51142,-7.6512756,989.0,2003-05-19T11:00,12.9,84,10.3,11.4,0.2,0.2,0.0,0.0,51,1023.9,911.0,99,100,15,0,0.08,0.24,10.9,15.5,264,265,34.2,13.6,13.2,11.9,8.5,0.286,0.302,0.355,0.404,1,0.0,107.0,0.0,107.0,0.0,107.0,1118.9,112.3,0.0,112.3,0.0,112.3,1174.3
2099,2099,41.51142,-7.6512756,989.0,2003-05-19T12:00,13.5,82,10.4,12.1,0.2,0.2,0.0,0.0,51,1024.2,911.5,77,80,8,0,0.16,0.28,10.9,15.5,264,265,33.5,14.2,13.2,11.9,8.5,0.288,0.302,0.355,0.404,1,619.8,279.0,73.0,206.0,80.7,279.0,1209.9,284.8,74.5,210.3,80.7,284.8,1235.0
2098,2098,41.51142,-7.6512756,989.0,2003-05-19T13:00,15.6,70,10.1,14.7,0.0,0.0,0.0,0.0,1,1024.1,912.2,43,42,9,0,0.39,0.53,13.7,18.7,270,271,41.8,15.8,13.4,11.9,8.5,0.288,0.302,0.354,0.404,1,3600.0,744.0,491.0,253.0,529.8,744.0,1238.9,739.8,488.2,251.6,529.8,739.8,1231.9
2097,2097,41.51142,-7.6512756,989.0,2003-05-19T14:00,16.2,64,9.5,15.5,0.0,0.0,0.0,0.0,0,1024.0,912.3,17,19,0,0,0.43,0.66,14.2,18.9,277,278,41.8,16.9,13.5,11.9,8.5,0.286,0.301,0.354,0.403,1,3600.0,816.0,669.0,147.0,742.9,816.0,1203.8,789.9,647.6,142.3,742.9,789.9,1165.3
2096,2096,41.51142,-7.6512756,989.0,2003-05-19T15:00,16.2,58,7.9,14.6,0.0,0.0,0.0,0.0,1,1024.1,912.4,27,30,0,0,0.39,0.78,12.9,17.0,283,283,40.3,17.4,13.8,11.9,8.5,0.285,0.301,0.354,0.403,1,3600.0,702.0,468.0,234.0,565.1,702.0,1107.1,659.2,439.5,219.7,565.1,659.2,1039.7
2095,2095,41.51142,-7.6512756,989.0,2003-05-19T16:00,16.1,51,5.9,14.0,0.0,0.0,0.0,0.0,0,1024.2,912.5,17,19,0,0,0.38,0.9,13.1,17.3,291,291,38.2,17.7,14.0,11.9,8.5,0.284,0.3,0.354,0.403,1,3600.0,686.0,538.0,148.0,752.7,686.0,955.4,620.1,486.3,133.8,752.7,620.1,863.7
2094,2094,41.51142,-7.6512756,989.0,2003-05-19T17:00,15.6,49,4.9,12.4,0.0,0.0,0.0,0.0,0,1024.3,912.4,4,5,0,0,0.29,0.91,13.6,18.3,302,302,37.1,17.3,14.1,11.9,8.5,0.283,0.3,0.354,0.403,1,3600.0,511.0,387.0,124.0,681.5,511.0,759.1,437.0,331.0,106.1,681.5,437.0,649.3
2093,2093,41.51142,-7.6512756,989.0,2003-05-19T18:00,14.7,51,4.6,11.5,0.0,0.0,0.0,0.0,0,1025.0,912.7,9,10,0,0,0.21,0.82,13.0,18.3,312,313,35.3,16.5,14.2,11.9,8.5,0.282,0.3,0.354,0.403,1,3600.0,359.0,282.0,77.0,709.2,359.0,531.5,277.6,218.1,59.5,709.2,277.6,411.1
2092,2092,41.51142,-7.6512756,989.0,2003-05-19T19:00,13.0,59,5.1,10.4,0.0,0.0,0.0,0.0,0,1025.2,912.2,7,8,0,0,0.1,0.62,10.2,16.7,321,323,32.8,15.2,14.2,11.9,8.5,0.282,0.3,0.353,0.403,1,3600.0,160.0,102.0,58.0,473.0,160.0,288.2,91.8,58.5,33.3,473.0,91.8,165.4
2091,2091,41.51142,-7.6512756,989.0,2003-05-19T20:00,11.5,65,5.2,9.1,0.0,0.0,0.0,0.0,0,1026.2,912.6,4,4,0,0,0.04,0.48,8.4,14.7,329,332,25.6,13.7,14.2,11.9,8.5,0.282,0.3,0.353,0.403,0,440.36,24.0,11.0,13.0,112.0,24.0,72.3,0.0,0.0,0.0,0.0,0.0,0.0
2090,2090,41.51142,-7.6512756,989.0,2003-05-19T21:00,9.8,79,6.3,7.8,0.0,0.0,0.0,0.0,0,1027.0,912.6,1,1,0,0,0.0,0.26,7.6,13.6,335,338,22.0,12.5,14.0,11.9,8.5,0.282,0.3,0.353,0.403,0,0.0,0.0,0.0,0.0,0.0,0.0,0.0,0.0,0.0,0.0,0.0,0.0,0.0
2089,2089,41.51142,-7.6512756,989.0,2003-05-19T22:00,8.7,81,5.5,6.6,0.0,0.0,0.0,0.0,0,1027.7,912.8,2,2,0,2,0.0,0.22,6.6,12.5,347,348,21.2,11.1,13.8,11.9,8.5,0.282,0.3,0.353,0.403,0,0.0,0.0,0.0,0.0,0.0,0.0,0.0,0.0,0.0,0.0,0.0,0.0,0.0
2088,2088,41.51142,-7.6512756,989.0,2003-05-19T23:00,8.6,79,5.2,6.4,0.0,0.0,0.0,0.0,0,1028.0,913.1,2,1,0,3,0.0,0.23,7.6,11.2,352,356,20.2,10.1,13.5,11.9,8.5,0.283,0.3,0.353,0.403,0,0.0,0.0,0.0,0.0,0.0,0.0,0.0,0.0,0.0,0.0,0.0,0.0,0.0
2087,2087,41.51142,-7.6512756,989.0,2003-05-20T00:00,7.7,84,5.1,5.4,0.0,0.0,0.0,0.0,0,1028.1,912.8,19,5,0,48,0.0,0.17,7.3,10.9,349,354,18.7,9.3,13.2,11.9,8.5,0.283,0.3,0.353,0.403,0,0.0,0.0,0.0,0.0,0.0,0.0,0.0,0.0,0.0,0.0,0.0,0.0,0.0
2086,2086,41.51142,-7.6512756,989.0,2003-05-20T01:00,6.9,86,4.7,4.6,0.0,0.0,0.0,0.0,0,1028.4,912.8,20,3,0,56,0.0,0.14,7.3,11.2,349,354,18.4,8.6,12.9,11.9,8.5,0.283,0.3,0.353,0.403,0,0.0,0.0,0.0,0.0,0.0,0.0,0.0,0.0,0.0,0.0,0.0,0.0,0.0
2085,2085,41.51142,-7.6512756,989.0,2003-05-20T02:00,6.2,89,4.5,4.0,0.0,0.0,0.0,0.0,0,1028.4,912.5,11,12,0,0,0.0,0.11,6.3,11.6,347,355,18.4,8.1,12.6,11.9,8.5,0.283,0.3,0.353,0.403,0,0.0,0.0,0.0,0.0,0.0,0.0,0.0,0.0,0.0,0.0,0.0,0.0,0.0
2084,2084,41.51142,-7.6512756,989.0,2003-05-20T03:00,5.4,91,4.0,3.1,0.0,0.0,0.0,0.0,0,1028.6,912.4,17,19,0,0,0.0,0.08,5.9,11.9,349,357,18.0,7.6,12.3,11.9,8.5,0.283,0.3,0.353,0.403,0,0.0,0.0,0.0,0.0,0.0,0.0,0.0,0.0,0.0,0.0,0.0,0.0,0.0
2083,2083,41.51142,-7.6512756,989.0,2003-05-20T04:00,4.8,92,3.7,2.6,0.0,0.0,0.0,0.0,1,1028.5,912.1,32,36,0,0,0.0,0.07,5.1,12.3,352,3,18.0,7.1,12.0,11.9,8.5,0.283,0.3,0.353,0.403,0,0.0,0.0,0.0,0.0,0.0,0.0,0.0,0.0,0.0,0.0,0.0,0.0,0.0
2082,2082,41.51142,-7.6512756,989.0,2003-05-20T05:00,4.4,93,3.3,2.0,0.0,0.0,0.0,0.0,1,1028.7,912.1,30,33,0,0,0.0,0.06,5.4,12.3,352,5,17.6,6.7,11.7,11.9,8.5,0.284,0.3,0.353,0.403,0,0.0,0.0,0.0,0.0,0.0,0.0,0.0,0.0,0.0,0.0,0.0,0.0,0.0
2081,2081,41.51142,-7.6512756,989.0,2003-05-20T06:00,4.6,93,3.6,2.1,0.0,0.0,0.0,0.0,2,1029.0,912.4,56,60,0,8,0.01,0.06,7.2,12.8,3,10,18.7,6.9,11.4,11.9,8.5,0.284,0.3,0.353,0.403,1,1025.9,32.0,16.0,16.0,148.8,32.0,84.6,72.1,36.0,36.0,252.7,42.4,190.6
2080,2080,41.51142,-7.6512756,989.0,2003-05-20T07:00,7.3,86,5.1,5.1,0.0,0.0,0.0,0.0,0,1029.3,913.7,12,10,0,11,0.06,0.15,6.9,10.6,6,10,22.3,9.2,11.3,11.9,8.5,0.284,0.3,0.353,0.403,1,3600.0,172.0,108.0,64.0,460.3,172.0,313.6,239.3,150.3,89.0,460.3,239.3,436.3
2079,2079,41.51142,-7.6512756,989.0,2003-05-20T08:00,9.7,71,4.6,7.3,0.0,0.0,0.0,0.0,0,1029.3,914.6,11,3,0,27,0.16,0.36,8.0,11.0,10,11,24.8,11.1,11.3,11.9,8.5,0.284,0.3,0.353,0.403,1,3600.0,378.0,298.0,80.0,716.2,378.0,556.1,457.4,360.6,96.8,716.2,457.4,672.8
2078,2078,41.51142,-7.6512756,989.0,2003-05-20T09:00,11.9,57,3.7,9.4,0.0,0.0,0.0,0.0,0,1028.8,915.0,11,0,0,36,0.28,0.6,8.2,10.6,15,18,25.6,12.9,11.4,11.9,8.5,0.283,0.3,0.353,0.403,1,3600.0,574.0,480.0,94.0,821.1,574.0,781.2,649.5,543.2,106.4,821.1,649.5,884.1
2077,2077,41.51142,-7.6512756,989.0,2003-05-20T10:00,13.8,49,3.3,12.3,0.0,0.0,0.0,0.0,0,1028.6,915.6,16,0,0,52,0.39,0.81,7.9,10.0,30,30,25.6,14.8,11.6,11.8,8.5,0.282,0.299,0.352,0.403,1,3600.0,746.0,643.0,103.0,882.5,746.0,973.7,808.7,697.1,111.7,882.5,808.7,1055.6
2076,2076,41.51142,-7.6512756,989.0,2003-05-20T11:00,15.5,43,3.1,14.9,0.0,0.0,0.0,0.0,0,1027.9,915.5,7,0,0,24,0.49,1.0,6.6,8.7,22,24,24.8,16.5,11.9,11.8,8.5,0.28,0.299,0.352,0.403,1,3600.0,877.0,771.0,106.0,919.6,877.0,1120.3,920.3,809.1,111.2,919.6,920.3,1175.7
2075,2075,41.51142,-7.6512756,989.0,2003-05-20T12:00,16.9,40,3.1,17.0,0.0,0.0,0.0,0.0,0,1027.8,915.9,4,0,0,14,0.56,1.16,5.6,7.2,15,18,23.4,18.0,12.3,11.8,8.5,0.279,0.298,0.352,0.403,1,3600.0,956.0,844.0,112.0,931.2,956.0,1211.2,975.8,861.5,114.3,931.2,975.8,1236.3
2074,2074,41.51142,-7.6512756,989.0,2003-05-20T13:00,18.1,38,3.4,18.4,0.0,0.0,0.0,0.0,0,1027.0,915.7,2,0,0,7,0.59,1.3,5.8,7.3,7,9,23.4,19.2,12.7,11.8,8.6,0.277,0.297,0.352,0.403,1,3600.0,979.0,866.0,113.0,933.1,979.0,1240.2,973.5,861.2,112.4,933.1,973.5,1233.3
2073,2073,41.51142,-7.6512756,989.0,2003-05-20T14:00,19.0,36,3.7,18.9,0.0,0.0,0.0,0.0,0,1026.8,915.8,0,0,0,0,0.58,1.4,7.2,9.4,357,358,27.0,19.9,13.1,11.8,8.6,0.275,0.297,0.351,0.403,1,3600.0,945.0,834.0,111.0,924.7,945.0,1205.2,914.9,807.4,107.5,924.7,914.9,1166.8
2072,2072,41.51142,-7.6512756,989.0,2003-05-20T15:00,19.6,36,4.0,18.6,0.0,0.0,0.0,0.0,0,1026.6,915.8,0,0,0,0,0.53,1.47,9.5,12.0,351,353,30.6,20.2,13.5,11.8,8.6,0.273,0.296,0.351,0.403,1,3600.0,857.0,751.0,106.0,905.1,857.0,1108.7,805.0,705.4,99.6,905.1,805.0,1041.4
2071,2071,41.51142,-7.6512756,989.0,2003-05-20T16:00,19.8,35,4.0,17.7,0.0,0.0,0.0,0.0,0,1026.8,916.1,0,0,0,0,0.46,1.49,11.2,14.8,354,354,32.8,20.0,13.8,11.8,8.6,0.272,0.295,0.351,0.403,1,3600.0,722.0,622.0,100.0,868.1,722.0,957.4,652.9,562.5,90.4,868.1,652.9,865.8
2070,2070,41.51142,-7.6512756,989.0,2003-05-20T17:00,19.5,36,3.9,16.2,0.0,0.0,0.0,0.0,0,1026.6,915.8,0,0,0,0,0.36,1.46,12.6,16.9,357,358,33.8,19.4,14.1,11.8,8.6,0.271,0.295,0.35,0.403,1,3600.0,550.0,461.0,89.0,809.0,550.0,761.4,470.8,394.6,76.2,809.0,470.8,651.7
2069,2069,41.51142,-7.6512756,989.0,2003-05-20T18:00,18.7,39,4.5,15.6,0.0,0.0,0.0,0.0,0,1026.8,915.7,0,0,0,0,0.25,1.32,12.2,18.0,360,2,33.8,18.4,14.4,11.9,8.6,0.27,0.294,0.35,0.403,1,3600.0,358.0,283.0,75.0,707.8,358.0,534.2,277.4,219.3,58.1,707.8,277.4,414.0
2068,2068,41.51142,-7.6512756,989.0,2003-05-20T19:00,17.4,44,5.0,14.9,0.0,0.0,0.0,0.0,0,1027.0,915.4,0,0,0,0,0.13,1.11,9.0,18.0,358,2,30.2,17.0,14.5,11.9,8.6,0.27,0.294,0.35,0.403,1,3600.0,169.0,117.0,52.0,536.6,169.0,291.4,97.9,67.8,30.1,536.6,97.9,168.7
2067,2067,41.51142,-7.6512756,989.0,2003-05-20T20:00,15.2,51,5.2,13.0,0.0,0.0,0.0,0.0,0,1027.2,914.8,0,0,0,0,0.05,0.84,6.8,16.9,357,2,25.2,15.4,14.5,11.9,8.6,0.27,0.294,0.35,0.403,0,629.33,26.0,13.0,13.0,130.7,26.0,73.9,0.0,0.0,0.0,0.0,0.0,0.0
2066,2066,41.51142,-7.6512756,989.0,2003-05-20T21:00,12.8,64,6.2,10.9,0.0,0.0,0.0,0.0,0,1028.0,914.6,0,0,0,0,0.02,0.53,6.8,15.9,357,6,22.3,13.9,14.4,11.9,8.6,0.27,0.294,0.35,0.403,0,0.0,0.0,0.0,0.0,0.0,0.0,0.0,0.0,0.0,0.0,0.0,0.0,0.0
2065,2065,41.51142,-7.6512756,989.0,2003-05-20T22:00,11.4,68,5.7,9.3,0.0,0.0,0.0,0.0,0,1028.6,914.6,0,0,0,0,0.01,0.43,7.2,16.2,357,12,22.0,12.5,14.2,11.9,8.6,0.27,0.294,0.35,0.403,0,0.0,0.0,0.0,0.0,0.0,0.0,0.0,0.0,0.0,0.0,0.0,0.0,0.0
2064,2064,41.51142,-7.6512756,989.0,2003-05-20T23:00,10.4,70,5.1,8.2,0.0,0.0,0.0,0.0,0,1028.5,914.2,0,0,0,0,0.01,0.38,6.8,16.4,360,15,22.0,11.4,14.0,11.9,8.6,0.27,0.294,0.35,0.403,0,0.0,0.0,0.0,0.0,0.0,0.0,0.0,0.0,0.0,0.0,0.0,0.0,0.0
2063,2063,41.51142,-7.6512756,989.0,2003-05-21T00:00,9.3,74,4.9,7.1,0.0,0.0,0.0,0.0,0,1028.3,913.6,0,0,0,1,0.01,0.31,6.8,16.5,360,20,21.6,10.6,13.8,11.9,8.6,0.271,0.294,0.35,0.403,0,0.0,0.0,0.0,0.0,0.0,0.0,0.0,0.0,0.0,0.0,0.0,0.0,0.0
2062,2062,41.51142,-7.6512756,989.0,2003-05-21T01:00,7.9,79,4.4,5.5,0.0,0.0,0.0,0.0,0,1028.4,913.1,3,0,0,10,0.0,0.23,6.9,16.3,9,31,20.9,10.0,13.5,11.9,8.6,0.271,0.295,0.35,0.403,0,0.0,0.0,0.0,0.0,0.0,0.0,0.0,0.0,0.0,0.0,0.0,0.0,0.0
2061,2061,41.51142,-7.6512756,989.0,2003-05-21T02:00,7.0,82,4.2,4.6,0.0,0.0,0.0,0.0,0,1027.9,912.4,1,0,0,2,0.0,0.18,7.1,15.1,24,50,19.8,9.4,13.2,11.9,8.6,0.271,0.295,0.35,0.402,0,0.0,0.0,0.0,0.0,0.0,0.0,0.0,0.0,0.0,0.0,0.0,0.0,0.0
2060,2060,41.51142,-7.6512756,989.0,2003-05-21T03:00,6.6,84,4.0,4.2,0.0,0.0,0.0,0.0,0,1027.9,912.2,3,0,0,11,0.0,0.16,6.9,12.9,47,77,18.4,9.0,13.0,11.9,8.6,0.271,0.295,0.35,0.402,0,0.0,0.0,0.0,0.0,0.0,0.0,0.0,0.0,0.0,0.0,0.0,0.0,0.0
2059,2059,41.51142,-7.6512756,989.0,2003-05-21T04:00,6.4,84,3.9,4.2,0.0,0.0,0.0,0.0,0,1028.1,912.3,7,0,0,22,0.0,0.16,5.8,10.6,68,100,17.3,8.7,12.7,11.9,8.6,0.271,0.295,0.35,0.402,0,0.0,0.0,0.0,0.0,0.0,0.0,0.0,0.0,0.0,0.0,0.0,0.0,0.0
2058,2058,41.51142,-7.6512756,989.0,2003-05-21T05:00,6.2,84,3.7,4.1,0.0,0.0,0.0,0.0,0,1028.3,912.4,3,0,0,9,0.0,0.16,4.5,8.7,76,114,16.2,8.3,12.4,11.9,8.6,0.272,0.295,0.35,0.402,0,0.0,0.0,0.0,0.0,0.0,0.0,0.0,0.0,0.0,0.0,0.0,0.0,0.0
2057,2057,41.51142,-7.6512756,989.0,2003-05-21T06:00,6.7,84,4.2,4.8,0.0,0.0,0.0,0.0,0,1028.8,913.0,0,0,0,0,0.01,0.16,3.3,8.7,77,114,16.6,8.5,12.2,11.9,8.6,0.272,0.295,0.35,0.402,1,1261.87,34.0,18.0,16.0,165.7,34.0,86.0,76.5,40.5,36.0,279.5,45.3,193.5
2056,2056,41.51142,-7.6512756,989.0,2003-05-21T07:00,10.8,74,6.3,9.2,0.0,0.0,0.0,0.0,0,1029.2,915.0,1,0,0,3,0.08,0.34,4.3,8.7,90,107,15.1,10.5,12.1,11.9,8.6,0.272,0.295,0.35,0.402,1,3600.0,187.0,133.0,54.0,561.8,187.0,316.2,259.5,184.5,74.9,561.8,259.5,438.8
2055,2055,41.51142,-7.6512756,989.0,2003-05-21T08:00,13.2,62,6.0,11.4,0.0,0.0,0.0,0.0,0,1029.7,916.3,7,0,0,24,0.19,0.58,5.8,8.4,94,97,18.4,12.8,12.1,11.9,8.6,0.272,0.295,0.349,0.402,1,3600.0,382.0,306.0,76.0,732.1,382.0,558.3,461.7,369.9,91.9,732.1,461.7,674.9
2054,2054,41.51142,-7.6512756,989.0,2003-05-21T09:00,14.8,57,6.3,13.0,0.0,0.0,0.0,0.0,0,1029.7,916.9,7,0,0,23,0.31,0.73,7.2,9.4,96,97,22.3,14.5,12.2,11.9,8.6,0.271,0.294,0.349,0.402,1,3600.0,575.0,483.0,92.0,823.9,575.0,783.1,650.4,546.3,104.1,823.9,650.4,885.8
2053,2053,41.51142,-7.6512756,989.0,2003-05-21T10:00,16.6,52,6.6,15.8,0.0,0.0,0.0,0.0,0,1029.1,917.0,8,0,0,27,0.42,0.91,7.6,9.8,98,96,24.1,16.3,12.5,11.9,8.6,0.27,0.294,0.349,0.402,1,3600.0,746.0,644.0,102.0,882.1,746.0,975.2,808.5,698.0,110.6,882.1,808.5,1057.0
2052,2052,41.51142,-7.6512756,989.0,2003-05-21T11:00,18.2,47,6.6,18.2,0.0,0.0,0.0,0.0,0,1029.1,917.6,6,0,0,20,0.52,1.12,7.6,9.8,98,96,24.8,17.9,12.8,11.9,8.6,0.268,0.293,0.349,0.402,1,3600.0,875.0,766.0,109.0,912.2,875.0,1121.7,918.1,803.8,114.4,912.2,918.1,1177.0
2051,2051,41.51142,-7.6512756,989.0,2003-05-21T12:00,19.8,43,6.7,20.2,0.0,0.0,0.0,0.0,0,1028.8,917.9,7,0,0,24,0.59,1.33,8.0,10.1,95,94,25.9,19.3,13.2,11.9,8.6,0.267,0.292,0.349,0.402,1,3600.0,959.0,846.0,113.0,932.0,959.0,1212.5,978.8,863.5,115.3,932.0,978.8,1237.5
2050,2050,41.51142,-7.6512756,989.0,2003-05-21T13:00,21.0,40,6.7,21.9,0.0,0.0,0.0,0.0,0,1028.4,918.0,0,0,0,0,0.63,1.51,6.9,9.1,84,83,25.6,20.3,13.6,11.9,8.6,0.265,0.292,0.348,0.402,1,3600.0,984.0,871.0,113.0,937.2,984.0,1241.4,978.6,866.2,112.4,937.2,978.6,1234.5
2049,2049,41.51142,-7.6512756,989.0,2003-05-21T14:00,21.9,37,6.7,22.6,0.0,0.0,0.0,0.0,0,1028.3,918.2,0,0,0,0,0.62,1.65,6.4,8.2,63,61,23.8,21.1,14.0,11.9,8.6,0.263,0.291,0.348,0.402,1,3600.0,950.0,839.0,111.0,928.8,950.0,1206.6,919.8,812.3,107.5,928.8,919.8,1168.2
2048,2048,41.51142,-7.6512756,989.0,2003-05-21T15:00,22.5,36,6.5,22.6,0.0,0.0,0.0,0.0,0,1027.9,918.0,0,0,0,0,0.57,1.75,6.4,8.4,43,43,21.6,21.5,14.4,11.9,8.6,0.261,0.29,0.348,0.402,1,3600.0,861.0,754.0,107.0,907.1,861.0,1110.3,808.9,708.4,100.5,907.1,808.9,1043.1
2047,2047,41.51142,-7.6512756,989.0,2003-05-21T16:00,22.7,35,6.4,21.8,0.0,0.0,0.0,0.0,0,1027.6,917.8,0,0,0,0,0.48,1.81,7.3,9.4,33,32,20.2,21.4,14.8,11.9,8.6,0.26,0.289,0.347,0.402,1,3600.0,724.0,624.0,100.0,868.9,724.0,959.2,655.0,564.5,90.5,868.9,655.0,867.8
2046,2046,41.51142,-7.6512756,989.0,2003-05-21T17:00,22.6,35,6.3,20.6,0.0,0.0,0.0,0.0,0,1027.2,917.4,0,0,0,0,0.37,1.8,7.5,10.1,35,35,19.4,21.0,15.1,11.9,8.6,0.259,0.289,0.347,0.402,1,3600.0,551.0,461.0,90.0,806.3,551.0,763.7,472.0,394.9,77.1,806.3,472.0,654.2
2045,2045,41.51142,-7.6512756,989.0,2003-05-21T18:00,22.2,38,7.3,20.6,0.0,0.0,0.0,0.0,0,1027.2,917.3,0,0,0,0,0.24,1.65,6.3,10.1,31,35,18.4,20.2,15.3,11.9,8.6,0.258,0.288,0.347,0.402,1,3600.0,358.0,284.0,74.0,706.5,358.0,536.9,278.0,220.5,57.5,706.5,278.0,416.9
2044,2044,41.51142,-7.6512756,989.0,2003-05-21T19:00,20.8,61,12.9,20.7,0.0,0.0,0.0,0.0,0,1027.3,916.9,0,0,0,0,0.11,0.97,7.0,10.9,21,27,16.6,19.0,15.5,11.9,8.6,0.258,0.288,0.347,0.402,1,3600.0,170.0,118.0,52.0,535.3,170.0,294.4,99.3,68.9,30.4,535.3,99.3,172.0
2043,2043,41.51142,-7.6512756,989.0,2003-05-21T20:00,20.5,41,6.7,18.5,0.0,0.0,0.0,0.0,0,1027.4,916.9,0,0,0,0,0.07,1.43,8.0,11.8,10,23,17.3,17.1,15.5,11.9,8.6,0.258,0.288,0.347,0.402,0,737.24,27.0,14.0,13.0,139.0,27.0,75.5,0.0,0.0,0.0,0.0,0.0,0.0
2042,2042,41.51142,-7.6512756,989.0,2003-05-21T21:00,17.9,50,7.4,16.1,0.0,0.0,0.0,0.0,0,1028.3,916.8,0,0,0,0,0.05,1.02,8.4,12.2,7,24,18.0,15.3,15.4,12.0,8.6,0.258,0.288,0.347,0.402,0,0.0,0.0,0.0,0.0,0.0,0.0,0.0,0.0,0.0,0.0,0.0,0.0,0.0
2041,2041,41.51142,-7.6512756,989.0,2003-05-21T22:00,16.2,55,7.2,14.3,0.0,0.0,0.0,0.0,0,1029.0,916.8,0,0,0,0,0.04,0.83,8.5,13.0,12,28,18.4,14.1,15.3,12.0,8.6,0.258,0.288,0.347,0.402,0,0.0,0.0,0.0,0.0,0.0,0.0,0.0,0.0,0.0,0.0,0.0,0.0,0.0
2040,2040,41.51142,-7.6512756,989.0,2003-05-21T23:00,14.5,61,7.0,12.5,0.0,0.0,0.0,0.0,0,1028.8,916.0,0,0,0,0,0.03,0.65,8.7,13.7,17,35,18.4,13.2,15.1,12.0,8.6,0.259,0.288,0.347,0.402,0,0.0,0.0,0.0,0.0,0.0,0.0,0.0,0.0,0.0,0.0,0.0,0.0,0.0
2039,2039,41.51142,-7.6512756,989.0,2003-05-22T00:00,13.3,65,6.8,11.3,0.0,0.0,0.0,0.0,0,1028.9,915.6,0,0,0,0,0.02,0.54,8.0,12.5,18,44,18.0,12.4,14.9,12.0,8.7,0.259,0.288,0.347,0.402,0,0.0,0.0,0.0,0.0,0.0,0.0,0.0,0.0,0.0,0.0,0.0,0.0,0.0
2038,2038,41.51142,-7.6512756,989.0,2003-05-22T01:00,12.2,68,6.4,10.4,0.0,0.0,0.0,0.0,0,1028.4,914.8,0,0,0,0,0.01,0.46,6.3,10.6,24,62,16.9,11.8,14.6,12.0,8.7,0.259,0.288,0.347,0.402,0,0.0,0.0,0.0,0.0,0.0,0.0,0.0,0.0,0.0,0.0,0.0,0.0,0.0
2037,2037,41.51142,-7.6512756,989.0,2003-05-22T02:00,11.5,70,6.2,9.6,0.0,0.0,0.0,0.0,0,1028.5,914.6,0,0,0,0,0.01,0.41,6.6,10.1,41,84,14.8,11.3,14.4,12.0,8.7,0.259,0.288,0.346,0.402,0,0.0,0.0,0.0,0.0,0.0,0.0,0.0,0.0,0.0,0.0,0.0,0.0,0.0
2036,2036,41.51142,-7.6512756,989.0,2003-05-22T03:00,10.4,75,6.1,8.5,0.0,0.0,0.0,0.0,0,1028.2,913.9,0,0,0,0,0.01,0.32,6.9,10.4,62,104,15.5,10.9,14.1,12.0,8.7,0.26,0.288,0.346,0.402,0,0.0,0.0,0.0,0.0,0.0,0.0,0.0,0.0,0.0,0.0,0.0,0.0,0.0
2035,2035,41.51142,-7.6512756,989.0,2003-05-22T04:00,9.6,78,6.0,7.6,0.0,0.0,0.0,0.0,0,1028.5,913.9,0,0,0,0,0.0,0.26,6.9,9.8,81,114,16.9,10.5,13.9,12.0,8.7,0.26,0.288,0.346,0.402,0,0.0,0.0,0.0,0.0,0.0,0.0,0.0,0.0,0.0,0.0,0.0,0.0,0.0
2034,2034,41.51142,-7.6512756,989.0,2003-05-22T05:00,9.0,81,5.9,7.1,0.0,0.0,0.0,0.0,0,1028.7,913.8,0,0,0,0,0.0,0.22,6.1,9.2,93,116,16.6,10.1,13.6,12.0,8.7,0.26,0.289,0.346,0.402,0,0.0,0.0,0.0,0.0,0.0,0.0,0.0,0.0,0.0,0.0,0.0,0.0,0.0
2033,2033,41.51142,-7.6512756,989.0,2003-05-22T06:00,9.2,82,6.2,7.6,0.0,0.0,0.0,0.0,0,1029.1,914.3,0,0,0,0,0.01,0.21,4.7,9.0,94,113,15.1,10.2,13.4,12.0,8.7,0.26,0.289,0.346,0.402,1,1393.53,35.0,19.0,16.0,173.2,35.0,87.4,78.6,42.7,35.9,290.5,46.9,196.2
2032,2032,41.51142,-7.6512756,989.0,2003-05-22T07:00,13.0,70,7.7,11.8,0.0,0.0,0.0,0.0,0,1029.4,916.0,0,0,0,0,0.09,0.45,4.6,9.4,108,113,14.4,12.2,13.3,12.0,8.7,0.26,0.289,0.346,0.402,1,3600.0,187.0,133.0,54.0,557.2,187.0,318.8,258.8,184.0,74.7,557.2,258.8,441.1
2031,2031,41.51142,-7.6512756,989.0,2003-05-22T08:00,15.9,59,7.8,14.6,0.0,0.0,0.0,0.0,0,1029.4,917.0,0,0,0,0,0.21,0.75,5.4,8.2,110,113,16.6,14.6,13.3,12.0,8.7,0.26,0.288,0.346,0.402,1,3600.0,381.0,305.0,76.0,726.7,381.0,560.4,460.1,368.3,91.8,726.7,460.1,676.8
2030,2030,41.51142,-7.6512756,989.0,2003-05-22T09:00,17.6,53,8.0,16.3,0.0,0.0,0.0,0.0,0,1029.4,917.6,0,0,0,0,0.33,0.94,6.4,8.4,117,115,20.2,16.4,13.5,12.0,8.7,0.26,0.288,0.346,0.402,1,3600.0,573.0,482.0,91.0,820.1,573.0,784.9,647.8,544.9,102.9,820.1,647.8,887.4
2029,2029,41.51142,-7.6512756,989.0,2003-05-22T10:00,19.2,50,8.4,19.3,0.0,0.0,0.0,0.0,0,1029.0,917.9,0,0,0,0,0.45,1.13,5.2,6.5,124,124,21.2,18.2,13.8,12.0,8.7,0.258,0.288,0.346,0.402,1,3600.0,742.0,641.0,101.0,876.3,742.0,976.7,804.0,694.6,109.4,876.3,804.0,1058.4
2028,2028,41.51142,-7.6512756,989.0,2003-05-22T11:00,20.8,46,8.6,21.6,0.0,0.0,0.0,0.0,0,1028.3,917.8,0,0,0,0,0.55,1.33,5.9,7.1,133,131,22.3,19.9,14.1,12.0,8.7,0.257,0.287,0.345,0.402,1,3600.0,872.0,764.0,108.0,908.4,872.0,1123.0,914.9,801.6,113.3,908.4,914.9,1178.2
2027,2027,41.51142,-7.6512756,989.0,2003-05-22T12:00,22.2,41,8.4,23.5,0.0,0.0,0.0,0.0,0,1028.0,918.0,0,0,0,0,0.62,1.57,5.7,7.0,145,145,23.4,21.3,14.5,12.0,8.7,0.255,0.286,0.345,0.402,1,3600.0,953.0,841.0,112.0,925.3,953.0,1213.6,972.7,858.4,114.3,925.3,972.7,1238.7
2026,2026,41.51142,-7.6512756,989.0,2003-05-22T13:00,23.2,37,7.7,24.7,0.0,0.0,0.0,0.0,0,1027.4,917.8,0,0,0,0,0.65,1.79,4.2,5.2,160,164,23.4,22.4,14.9,12.0,8.7,0.253,0.285,0.345,0.401,1,3600.0,978.0,865.0,113.0,929.5,978.0,1242.6,972.6,860.2,112.4,929.5,972.6,1235.8
2025,2025,41.51142,-7.6512756,989.0,2003-05-22T14:00,23.9,34,7.1,25.5,0.0,0.0,0.0,0.0,0,1026.8,917.5,0,0,0,0,0.63,1.96,2.2,2.5,180,180,20.2,23.1,15.3,12.1,8.7,0.252,0.284,0.344,0.401,1,3600.0,945.0,834.0,111.0,921.9,945.0,1207.9,915.1,807.6,107.5,921.9,915.1,1169.6
2024,2024,41.51142,-7.6512756,989.0,2003-05-22T15:00,24.3,32,6.7,25.4,0.0,0.0,0.0,0.0,0,1026.1,917.0,0,0,0,0,0.57,2.06,1.0,1.0,225,225,15.8,23.6,15.7,12.1,8.7,0.25,0.284,0.344,0.401,1,3600.0,857.0,750.0,107.0,900.7,857.0,1111.8,805.3,704.8,100.5,900.7,805.3,1044.8
2023,2023,41.51142,-7.6512756,989.0,2003-05-22T16:00,24.4,32,6.5,24.6,0.0,0.0,0.0,0.0,0,1025.7,916.7,0,0,0,0,0.47,2.09,1.0,1.5,315,315,13.3,23.5,16.1,12.1,8.7,0.249,0.283,0.344,0.401,1,3600.0,721.0,621.0,100.0,862.7,721.0,961.1,652.5,562.0,90.5,862.7,652.5,869.8
2022,2022,41.51142,-7.6512756,989.0,2003-05-22T17:00,24.2,32,6.5,23.1,0.0,0.0,0.0,0.0,0,1025.1,916.1,0,0,0,0,0.35,2.06,2.1,2.6,329,326,11.9,22.9,16.5,12.1,8.7,0.247,0.282,0.344,0.401,1,3600.0,550.0,460.0,90.0,802.0,550.0,765.8,471.5,394.4,77.2,802.0,471.5,656.6
2021,2021,41.51142,-7.6512756,989.0,2003-05-22T18:00,23.7,35,7.2,22.6,0.0,0.0,0.0,0.0,0,1024.7,915.6,0,0,0,0,0.23,1.92,3.2,4.5,333,331,11.5,21.9,16.7,12.1,8.7,0.247,0.282,0.344,0.401,1,3600.0,358.0,283.0,75.0,700.4,358.0,539.5,278.5,220.1,58.3,700.4,278.5,419.6
2020,2020,41.51142,-7.6512756,989.0,2003-05-22T19:00,22.8,43,9.5,22.2,0.0,0.0,0.0,0.0,0,1024.3,914.9,0,0,0,0,0.11,1.59,3.9,5.7,338,342,10.1,20.6,16.8,12.1,8.7,0.247,0.282,0.343,0.401,1,3600.0,169.0,117.0,52.0,525.2,169.0,297.4,99.5,68.9,30.6,525.2,99.5,175.2
2019,2019,41.51142,-7.6512756,989.0,2003-05-22T20:00,21.6,42,8.2,20.5,0.0,0.0,0.0,0.0,0,1024.2,914.4,0,0,0,0,0.05,1.5,4.9,5.8,324,338,10.1,18.7,16.9,12.2,8.7,0.247,0.282,0.343,0.401,0,754.29,28.0,14.0,14.0,137.4,28.0,77.1,0.0,0.0,0.0,0.0,0.0,0.0
2018,2018,41.51142,-7.6512756,989.0,2003-05-22T21:00,19.2,52,9.2,18.2,0.0,0.0,0.0,0.0,0,1024.7,914.0,0,0,0,0,0.03,1.07,5.6,6.4,320,333,10.8,16.9,16.8,12.2,8.7,0.247,0.282,0.343,0.401,0,0.0,0.0,0.0,0.0,0.0,0.0,0.0,0.0,0.0,0.0,0.0,0.0,0.0
2017,2017,41.51142,-7.6512756,989.0,2003-05-22T22:00,17.6,58,9.3,16.8,0.0,0.0,0.0,0.0,0,1024.7,913.5,0,0,0,0,0.01,0.85,4.6,5.5,315,328,11.9,15.6,16.6,12.2,8.7,0.247,0.282,0.343,0.401,0,0.0,0.0,0.0,0.0,0.0,0.0,0.0,0.0,0.0,0.0,0.0,0.0,0.0
2016,2016,41.51142,-7.6512756,989.0,2003-05-22T23:00,16.3,64,9.4,15.5,0.0,0.0,0.0,0.0,0,1024.1,912.4,0,0,0,0,0.01,0.67,4.6,5.2,321,326,11.2,14.6,16.4,12.2,8.7,0.248,0.282,0.343,0.401,0,0.0,0.0,0.0,0.0,0.0,0.0,0.0,0.0,0.0,0.0,0.0,0.0,0.0
2015,2015,41.51142,-7.6512756,989.0,2003-05-23T00:00,15.3,68,9.3,14.6,0.0,0.0,0.0,0.0,0,1024.1,912.1,0,0,0,0,0.0,0.56,3.9,4.5,326,331,9.7,13.9,16.2,12.2,8.7,0.248,0.282,0.343,0.401,0,0.0,0.0,0.0,0.0,0.0,0.0,0.0,0.0,0.0,0.0,0.0,0.0,0.0
2014,2014,41.51142,-7.6512756,989.0,2003-05-23T01:00,14.2,72,9.2,13.5,0.0,0.0,0.0,0.0,0,1023.0,910.7,0,0,0,0,0.0,0.46,3.1,3.5,324,336,8.3,13.2,15.9,12.2,8.7,0.248,0.282,0.343,0.401,0,0.0,0.0,0.0,0.0,0.0,0.0,0.0,0.0,0.0,0.0,0.0,0.0,0.0
2013,2013,41.51142,-7.6512756,989.0,2003-05-23T02:00,13.5,74,9.0,12.9,0.0,0.0,0.0,0.0,0,1022.3,909.8,0,0,0,0,0.0,0.4,2.8,3.1,320,324,8.6,12.7,15.7,12.3,8.7,0.248,0.282,0.343,0.401,0,0.0,0.0,0.0,0.0,0.0,0.0,0.0,0.0,0.0,0.0,0.0,0.0,0.0
2012,2012,41.51142,-7.6512756,989.0,2003-05-23T03:00,13.2,75,8.8,12.5,0.0,0.0,0.0,0.0,0,1021.9,909.4,0,0,0,0,0.0,0.38,2.8,3.3,320,311,9.4,12.2,15.4,12.3,8.7,0.249,0.282,0.343,0.401,0,0.0,0.0,0.0,0.0,0.0,0.0,0.0,0.0,0.0,0.0,0.0,0.0,0.0
2011,2011,41.51142,-7.6512756,989.0,2003-05-23T04:00,13.1,74,8.6,12.3,0.0,0.0,0.0,0.0,0,1021.5,909.0,0,0,0,0,0.0,0.39,3.1,3.7,315,299,10.4,11.7,15.1,12.3,8.7,0.249,0.282,0.343,0.401,0,0.0,0.0,0.0,0.0,0.0,0.0,0.0,0.0,0.0,0.0,0.0,0.0,0.0
2010,2010,41.51142,-7.6512756,989.0,2003-05-23T05:00,13.3,72,8.3,12.4,0.0,0.0,0.0,0.0,0,1021.4,909.0,0,0,0,0,0.0,0.43,3.6,4.3,315,294,10.8,11.3,14.9,12.3,8.7,0.249,0.282,0.343,0.401,0,0.0,0.0,0.0,0.0,0.0,0.0,0.0,0.0,0.0,0.0,0.0,0.0,0.0
2009,2009,41.51142,-7.6512756,989.0,2003-05-23T06:00,13.6,70,8.3,12.8,0.0,0.0,0.0,0.0,0,1021.2,908.9,0,0,0,0,0.01,0.46,2.6,4.3,326,294,10.8,11.4,14.6,12.3,8.7,0.249,0.282,0.343,0.401,1,1518.71,36.0,20.0,16.0,180.7,36.0,88.6,80.8,44.9,35.9,301.3,48.4,198.8
2008,2008,41.51142,-7.6512756,989.0,2003-05-23T07:00,14.5,82,11.5,14.6,0.0,0.0,0.0,0.0,0,1021.1,909.1,0,0,0,0,0.09,0.29,2.5,4.1,315,285,11.5,13.6,14.5,12.3,8.7,0.25,0.282,0.343,0.401,1,3600.0,191.0,136.0,55.0,565.3,191.0,321.1,263.6,187.7,75.9,565.3,263.6,443.3
2007,2007,41.51142,-7.6512756,989.0,2003-05-23T08:00,18.7,59,10.6,18.5,0.0,0.0,0.0,0.0,0,1020.8,910.3,0,0,0,0,0.22,0.88,2.3,3.8,252,253,12.6,17.5,14.6,12.3,8.7,0.25,0.282,0.343,0.401,1,3600.0,388.0,311.0,77.0,738.1,388.0,562.4,468.2,375.3,92.9,738.1,468.2,678.6
2006,2006,41.51142,-7.6512756,989.0,2003-05-23T09:00,20.6,48,9.3,20.0,0.0,0.0,0.0,0.0,0,1020.3,910.6,0,0,0,0,0.36,1.25,4.7,6.3,238,239,16.9,19.0,14.9,12.3,8.8,0.249,0.282,0.343,0.401,1,3600.0,583.0,493.0,90.0,836.7,583.0,786.5,658.9,557.2,101.7,836.7,658.9,888.8
2005,2005,41.51142,-7.6512756,989.0,2003-05-23T10:00,21.9,38,7.0,21.4,0.0,0.0,0.0,0.0,0,1019.8,910.6,0,0,0,0,0.49,1.63,6.9,8.7,261,263,22.7,20.3,15.1,12.3,8.8,0.248,0.281,0.342,0.401,1,3600.0,754.0,654.0,100.0,892.5,754.0,978.1,816.9,708.5,108.3,892.5,816.9,1059.6
2004,2004,41.51142,-7.6512756,989.0,2003-05-23T11:00,22.7,32,5.3,22.4,0.0,0.0,0.0,0.0,0,1018.8,910.0,3,0,0,11,0.59,1.87,7.9,10.4,267,268,26.3,21.5,15.4,12.3,8.8,0.246,0.28,0.342,0.401,1,3600.0,884.0,776.0,108.0,921.4,884.0,1124.1,927.4,814.1,113.3,921.4,927.4,1179.3
2003,2003,41.51142,-7.6512756,989.0,2003-05-23T12:00,23.2,30,4.7,22.9,0.0,0.0,0.0,0.0,0,1018.5,909.9,11,0,0,36,0.65,2.0,10.2,13.1,262,262,29.2,22.5,15.8,12.3,8.8,0.244,0.28,0.342,0.401,1,3600.0,964.0,850.0,114.0,934.0,964.0,1214.7,983.9,867.5,116.4,934.0,983.9,1239.8
2002,2002,41.51142,-7.6512756,989.0,2003-05-23T13:00,23.5,29,4.3,22.6,0.0,0.0,0.0,0.0,1,1017.5,909.1,28,0,0,94,0.67,2.06,13.0,17.0,264,264,34.6,23.1,16.2,12.4,8.8,0.243,0.279,0.341,0.401,1,3600.0,990.0,877.0,113.0,941.2,990.0,1243.7,984.6,872.2,112.4,941.2,984.6,1236.9
2001,2001,41.51142,-7.6512756,989.0,2003-05-23T14:00,23.4,28,4.0,21.9,0.0,0.0,0.0,0.0,1,1017.1,908.7,30,0,0,99,0.66,2.06,15.1,20.2,269,269,38.2,23.4,16.5,12.4,8.8,0.241,0.278,0.341,0.401,1,3600.0,957.0,849.0,108.0,937.2,957.0,1209.1,926.8,822.2,104.6,937.2,926.8,1171.0
2000,2000,41.51142,-7.6512756,989.0,2003-05-23T15:00,22.9,29,3.8,20.7,0.0,0.0,0.0,0.0,1,1016.6,908.1,30,0,0,100,0.59,1.99,16.2,22.0,274,275,40.7,23.3,16.8,12.4,8.8,0.239,0.277,0.341,0.401,1,3600.0,852.0,692.0,160.0,829.6,852.0,1113.3,800.8,650.4,150.4,829.6,800.8,1046.4
1999,1999,41.51142,-7.6512756,989.0,2003-05-23T16:00,22.0,30,3.6,18.7,0.0,0.0,0.0,0.0,1,1016.1,907.3,30,0,0,100,0.49,1.85,16.8,23.1,280,281,41.4,22.7,17.1,12.4,8.8,0.238,0.276,0.34,0.401,1,3600.0,685.0,497.0,188.0,688.9,685.0,962.8,620.2,450.0,170.2,688.9,620.2,871.7
1998,1998,41.51142,-7.6512756,989.0,2003-05-23T17:00,20.7,32,3.5,17.0,0.0,0.0,0.0,0.0,1,1015.9,906.7,30,0,0,100,0.38,1.66,15.4,21.7,281,281,40.7,21.7,17.3,12.4,8.8,0.237,0.276,0.34,0.401,1,3600.0,515.0,344.0,171.0,597.8,515.0,768.0,441.9,295.1,146.7,597.8,441.9,658.9
1997,1997,41.51142,-7.6512756,989.0,2003-05-23T18:00,19.2,36,3.8,16.0,0.0,0.0,0.0,0.0,1,1015.7,906.0,30,0,0,100,0.24,1.43,12.4,19.4,278,280,37.8,20.5,17.3,12.4,8.8,0.236,0.275,0.34,0.401,1,3600.0,295.0,128.0,167.0,315.2,295.0,542.0,229.9,99.7,130.1,315.2,229.9,422.4
1996,1996,41.51142,-7.6512756,989.0,2003-05-23T19:00,17.0,38,2.6,14.0,0.0,0.0,0.0,0.0,1,1015.5,905.0,35,0,9,100,0.12,1.2,9.5,18.7,279,281,32.4,18.8,17.3,12.5,8.8,0.236,0.275,0.34,0.4,1,0.0,90.0,7.0,83.0,31.1,90.0,300.3,53.4,4.2,49.3,31.1,53.4,178.3
1995,1995,41.51142,-7.6512756,989.0,2003-05-23T20:00,15.5,40,1.8,12.6,0.0,0.0,0.0,0.0,3,1015.2,904.2,83,0,88,100,0.07,1.06,7.3,16.6,281,283,27.4,17.4,17.3,12.5,8.8,0.236,0.275,0.34,0.4,0,0.0,16.0,0.0,16.0,0.0,16.0,78.6,0.0,0.0,0.0,0.0,0.0,0.0
1994,1994,41.51142,-7.6512756,989.0,2003-05-23T21:00,14.3,43,2.0,11.7,0.0,0.0,0.0,0.0,3,1015.6,904.2,90,0,100,100,0.03,0.93,6.2,15.1,280,282,24.5,16.3,17.1,12.5,8.8,0.236,0.275,0.34,0.4,0,0.0,0.0,0.0,0.0,0.0,0.0,0.0,0.0,0.0,0.0,0.0,0.0,0.0
1993,1993,41.51142,-7.6512756,989.0,2003-05-23T22:00,13.3,48,2.4,10.5,0.0,0.0,0.0,0.0,3,1015.4,903.6,89,0,100,98,0.04,0.8,7.7,15.5,281,282,23.4,15.5,16.9,12.5,8.8,0.236,0.275,0.34,0.4,0,0.0,0.0,0.0,0.0,0.0,0.0,0.0,0.0,0.0,0.0,0.0,0.0,0.0
1992,1992,41.51142,-7.6512756,989.0,2003-05-23T23:00,12.5,51,2.6,9.8,0.0,0.0,0.0,0.0,3,1014.7,902.7,87,0,96,97,0.03,0.71,6.9,12.8,279,281,23.8,14.9,16.7,12.5,8.8,0.236,0.275,0.34,0.4,0,0.0,0.0,0.0,0.0,0.0,0.0,0.0,0.0,0.0,0.0,0.0,0.0,0.0
1991,1991,41.51142,-7.6512756,989.0,2003-05-24T00:00,11.9,53,2.7,9.3,0.0,0.0,0.0,0.0,2,1014.5,902.3,68,1,81,61,0.03,0.65,6.9,11.3,276,279,24.5,14.5,16.5,12.6,8.8,0.236,0.275,0.34,0.4,0,0.0,0.0,0.0,0.0,0.0,0.0,0.0,0.0,0.0,0.0,0.0,0.0,0.0
1990,1990,41.51142,-7.6512756,989.0,2003-05-24T01:00,11.2,56,2.6,8.2,0.0,0.0,0.0,0.0,1,1014.0,901.6,50,4,75,3,0.03,0.59,8.8,13.3,282,283,26.3,14.1,16.3,12.6,8.8,0.237,0.275,0.34,0.4,0,0.0,0.0,0.0,0.0,0.0,0.0,0.0,0.0,0.0,0.0,0.0,0.0,0.0
1989,1989,41.51142,-7.6512756,989.0,2003-05-24T02:00,10.2,58,2.4,7.2,0.0,0.0,0.0,0.0,1,1014.3,901.5,44,20,43,0,0.03,0.52,9.4,14.8,293,293,28.8,13.6,16.1,12.6,8.8,0.237,0.275,0.34,0.4,0,0.0,0.0,0.0,0.0,0.0,0.0,0.0,0.0,0.0,0.0,0.0,0.0,0.0
1988,1988,41.51142,-7.6512756,989.0,2003-05-24T03:00,9.3,61,2.2,6.0,0.0,0.0,0.0,0.0,3,1014.4,901.3,88,89,13,0,0.03,0.46,11.0,16.9,302,304,31.7,13.0,15.8,12.6,8.8,0.237,0.275,0.34,0.4,0,0.0,0.0,0.0,0.0,0.0,0.0,0.0,0.0,0.0,0.0,0.0,0.0,0.0
1987,1987,41.51142,-7.6512756,989.0,2003-05-24T04:00,8.7,66,2.8,5.7,0.0,0.0,0.0,0.0,3,1015.0,901.5,94,98,9,0,0.02,0.38,9.5,14.3,307,309,31.0,12.5,15.6,12.6,8.8,0.237,0.275,0.34,0.4,0,0.0,0.0,0.0,0.0,0.0,0.0,0.0,0.0,0.0,0.0,0.0,0.0,0.0
1986,1986,41.51142,-7.6512756,989.0,2003-05-24T05:00,8.3,74,4.0,5.3,0.0,0.0,0.0,0.0,2,1015.1,901.5,75,77,10,0,0.01,0.28,10.9,16.3,316,317,34.6,12.2,15.3,12.6,8.8,0.237,0.275,0.34,0.4,0,0.0,0.0,0.0,0.0,0.0,0.0,0.0,0.0,0.0,0.0,0.0,0.0,0.0
1985,1985,41.51142,-7.6512756,989.0,2003-05-24T06:00,8.1,80,4.8,4.9,0.0,0.0,0.0,0.0,2,1015.7,901.9,56,58,6,0,0.03,0.22,13.0,19.3,326,327,34.6,11.9,15.1,12.6,8.8,0.238,0.275,0.34,0.4,1,617.4,27.0,12.0,15.0,107.5,27.0,89.8,60.5,26.9,33.6,178.3,36.5,201.2
1984,1984,41.51142,-7.6512756,989.0,2003-05-24T07:00,8.4,78,4.8,5.2,0.0,0.0,0.0,0.0,2,1016.4,902.7,54,60,0,0,0.07,0.25,13.5,19.5,331,332,35.6,12.2,14.9,12.6,8.8,0.238,0.275,0.339,0.4,1,3600.0,133.0,64.0,69.0,264.1,133.0,323.4,183.1,88.1,95.0,264.1,183.1,445.3
1983,1983,41.51142,-7.6512756,989.0,2003-05-24T08:00,9.2,73,4.7,6.0,0.0,0.0,0.0,0.0,2,1016.6,903.2,56,57,7,0,0.14,0.31,13.9,19.3,335,336,37.1,13.2,14.7,12.6,8.8,0.238,0.275,0.339,0.4,1,3600.0,308.0,193.0,115.0,456.4,308.0,564.3,371.3,232.7,138.6,456.4,371.3,680.3
1982,1982,41.51142,-7.6512756,989.0,2003-05-24T09:00,10.0,68,4.3,6.2,0.0,0.0,0.0,0.0,1,1016.6,903.5,28,24,11,0,0.2,0.39,16.5,22.7,340,340,39.6,14.2,14.7,12.6,8.8,0.237,0.275,0.339,0.4,1,3600.0,438.0,295.0,143.0,499.5,438.0,788.0,494.8,333.3,161.5,499.5,494.8,890.2
1981,1981,41.51142,-7.6512756,989.0,2003-05-24T10:00,11.3,58,3.4,8.1,0.0,0.0,0.0,0.0,2,1016.7,904.0,57,50,20,0,0.32,0.56,17.1,22.8,342,342,50.0,15.6,14.7,12.6,8.8,0.237,0.275,0.339,0.4,1,3600.0,707.0,565.0,142.0,769.7,707.0,979.4,765.8,612.0,153.8,769.7,765.8,1060.8
1980,1980,41.51142,-7.6512756,989.0,2003-05-24T11:00,12.3,50,2.2,8.7,0.0,0.0,0.0,0.0,3,1016.3,904.0,98,84,38,0,0.35,0.71,18.4,25.0,337,337,50.8,16.4,14.8,12.6,8.8,0.236,0.274,0.339,0.4,1,3600.0,715.0,450.0,265.0,533.6,715.0,1125.2,750.0,472.0,278.0,533.6,750.0,1180.4
1979,1979,41.51142,-7.6512756,989.0,2003-05-24T12:00,12.9,46,1.7,9.0,0.0,0.0,0.0,0.0,2,1016.3,904.3,59,34,46,2,0.36,0.8,19.3,26.8,336,336,50.8,17.1,14.8,12.6,8.8,0.235,0.274,0.339,0.4,1,3600.0,696.0,399.0,297.0,437.9,696.0,1215.8,710.3,407.2,303.1,437.9,710.3,1240.8
1978,1978,41.51142,-7.6512756,989.0,2003-05-24T13:00,13.3,44,1.2,9.4,0.0,0.0,0.0,0.0,2,1016.3,904.4,52,33,36,2,0.39,0.86,19.9,27.1,338,338,51.8,17.6,15.0,12.6,8.8,0.235,0.273,0.338,0.4,1,3600.0,735.0,399.0,336.0,427.7,735.0,1244.8,731.0,396.8,334.2,427.7,731.0,1238.1
1977,1977,41.51142,-7.6512756,989.0,2003-05-24T14:00,13.2,44,1.2,8.3,0.0,0.0,0.0,0.0,1,1016.2,904.3,43,28,30,1,0.32,0.85,20.5,28.1,338,339,52.2,17.3,15.1,12.6,8.8,0.235,0.273,0.338,0.4,1,3600.0,564.0,272.0,292.0,299.8,564.0,1210.3,546.3,263.5,282.8,299.8,546.3,1172.3
1976,1976,41.51142,-7.6512756,989.0,2003-05-24T15:00,13.2,44,1.1,8.2,0.0,0.0,0.0,0.0,3,1016.1,904.2,88,67,45,4,0.32,0.86,21.5,30.0,339,340,54.0,17.2,15.1,12.7,8.8,0.234,0.273,0.338,0.4,1,3600.0,553.0,263.0,290.0,314.8,553.0,1114.7,519.9,247.3,272.6,314.8,519.9,1048.0
1975,1975,41.51142,-7.6512756,989.0,2003-05-24T16:00,12.9,45,1.3,7.7,0.0,0.0,0.0,0.0,3,1016.7,904.6,86,68,42,0,0.27,0.82,22.5,32.0,340,341,55.1,16.7,15.2,12.7,8.9,0.234,0.272,0.338,0.4,1,3600.0,433.0,173.0,260.0,239.3,433.0,964.6,392.2,156.7,235.5,239.3,392.2,873.7
1974,1974,41.51142,-7.6512756,989.0,2003-05-24T17:00,12.4,47,1.5,7.3,0.0,0.0,0.0,0.0,1,1017.2,904.9,43,36,17,0,0.24,0.76,22.4,32.3,345,346,56.2,16.3,15.2,12.7,8.9,0.233,0.272,0.338,0.4,1,3600.0,400.0,225.0,175.0,389.8,400.0,770.1,343.4,193.2,150.3,389.8,343.4,661.2
1973,1973,41.51142,-7.6512756,989.0,2003-05-24T18:00,11.6,51,1.7,6.6,0.0,0.0,0.0,0.0,0,1018.0,905.3,17,19,0,0,0.19,0.68,21.6,31.4,349,350,55.4,15.6,15.2,12.7,8.9,0.233,0.272,0.338,0.4,1,3600.0,305.0,201.0,104.0,492.5,305.0,544.5,238.1,156.9,81.2,492.5,238.1,425.1
1972,1972,41.51142,-7.6512756,989.0,2003-05-24T19:00,10.3,54,1.5,5.6,0.0,0.0,0.0,0.0,1,1018.3,905.1,22,24,0,0,0.12,0.57,19.9,30.4,354,355,53.6,14.5,15.1,12.7,8.9,0.233,0.272,0.338,0.4,1,3600.0,164.0,103.0,61.0,453.2,164.0,303.2,98.1,61.6,36.5,453.2,98.1,181.4
1971,1971,41.51142,-7.6512756,989.0,2003-05-24T20:00,9.2,58,1.3,4.8,0.0,0.0,0.0,0.0,0,1019.3,905.6,7,8,0,0,0.07,0.49,17.3,28.1,356,357,50.8,13.2,14.9,12.7,8.9,0.233,0.272,0.338,0.4,0,683.65,28.0,13.0,15.0,124.7,28.0,80.1,0.0,0.0,0.0,0.0,0.0,0.0
1970,1970,41.51142,-7.6512756,989.0,2003-05-24T21:00,8.1,62,1.3,3.8,0.0,0.0,0.0,0.0,0,1020.3,906.0,10,11,0,0,0.04,0.41,16.2,27.0,360,2,45.7,12.1,14.7,12.7,8.9,0.233,0.272,0.338,0.4,0,0.0,0.0,0.0,0.0,0.0,0.0,0.0,0.0,0.0,0.0,0.0,0.0,0.0
1969,1969,41.51142,-7.6512756,989.0,2003-05-24T22:00,7.2,67,1.5,3.6,0.0,0.0,0.0,0.0,0,1021.2,906.5,17,19,0,0,0.02,0.33,11.9,21.2,358,1,43.6,11.2,14.5,12.7,8.9,0.233,0.272,0.337,0.4,0,0.0,0.0,0.0,0.0,0.0,0.0,0.0,0.0,0.0,0.0,0.0,0.0,0.0
1968,1968,41.51142,-7.6512756,989.0,2003-05-24T23:00,6.5,70,1.4,3.0,0.0,0.0,0.0,0.0,0,1021.3,906.3,13,14,0,0,0.02,0.29,11.2,20.5,358,2,40.0,10.5,14.2,12.7,8.9,0.233,0.272,0.337,0.4,0,0.0,0.0,0.0,0.0,0.0,0.0,0.0,0.0,0.0,0.0,0.0,0.0,0.0
1967,1967,41.51142,-7.6512756,989.0,2003-05-25T00:00,6.0,72,1.2,2.7,0.0,0.0,0.0,0.0,0,1021.8,906.6,8,9,0,0,0.01,0.27,9.4,18.7,356,1,35.6,9.9,14.0,12.7,8.9,0.234,0.272,0.337,0.4,0,0.0,0.0,0.0,0.0,0.0,0.0,0.0,0.0,0.0,0.0,0.0,0.0,0.0
1966,1966,41.51142,-7.6512756,989.0,2003-05-25T01:00,5.5,74,1.2,2.3,0.0,0.0,0.0,0.0,0,1021.5,906.1,11,12,0,2,0.01,0.24,9.1,18.0,353,359,32.0,9.4,13.7,12.7,8.9,0.234,0.272,0.337,0.4,0,0.0,0.0,0.0,0.0,0.0,0.0,0.0,0.0,0.0,0.0,0.0,0.0,0.0
1965,1965,41.51142,-7.6512756,989.0,2003-05-25T02:00,4.8,77,1.2,1.6,0.0,0.0,0.0,0.0,1,1021.6,905.9,35,14,0,76,0.01,0.2,8.6,18.0,358,2,28.8,8.8,13.4,12.7,8.9,0.234,0.272,0.337,0.4,0,0.0,0.0,0.0,0.0,0.0,0.0,0.0,0.0,0.0,0.0,0.0,0.0,0.0
1964,1964,41.51142,-7.6512756,989.0,2003-05-25T03:00,3.9,83,1.2,0.9,0.0,0.0,0.0,0.0,1,1021.6,905.6,36,8,0,97,0.0,0.14,8.0,17.3,355,1,26.6,8.2,13.1,12.7,8.9,0.234,0.272,0.337,0.4,0,0.0,0.0,0.0,0.0,0.0,0.0,0.0,0.0,0.0,0.0,0.0,0.0,0.0
1963,1963,41.51142,-7.6512756,989.0,2003-05-25T04:00,3.2,85,1.0,0.2,0.0,0.0,0.0,0.0,1,1022.0,905.7,35,7,0,96,0.0,0.11,7.6,16.6,357,1,25.6,7.6,12.7,12.7,8.9,0.234,0.272,0.337,0.4,0,0.0,0.0,0.0,0.0,0.0,0.0,0.0,0.0,0.0,0.0,0.0,0.0,0.0
1962,1962,41.51142,-7.6512756,989.0,2003-05-25T05:00,3.0,85,0.7,-0.1,0.0,0.0,0.0,0.0,1,1022.2,905.8,38,11,0,95,0.0,0.12,7.6,17.0,360,5,24.8,7.0,12.4,12.7,8.9,0.235,0.272,0.337,0.4,0,0.0,0.0,0.0,0.0,0.0,0.0,0.0,0.0,0.0,0.0,0.0,0.0,0.0
1961,1961,41.51142,-7.6512756,989.0,2003-05-25T06:00,3.3,86,1.2,0.0,0.0,0.0,0.0,0.0,1,1022.5,906.1,24,11,0,48,0.01,0.11,9.0,16.7,360,7,26.6,7.0,12.1,12.6,8.9,0.235,0.272,0.337,0.4,1,1212.82,37.0,17.0,20.0,151.1,37.0,90.9,82.8,38.1,44.8,249.4,50.2,203.5
1960,1960,41.51142,-7.6512756,989.0,2003-05-25T07:00,6.2,70,1.0,2.7,0.0,0.0,0.0,0.0,0,1022.6,907.3,9,4,0,17,0.08,0.29,10.9,15.6,6,8,31.7,9.2,12.0,12.6,8.9,0.235,0.272,0.337,0.4,1,3600.0,192.0,130.0,62.0,532.7,192.0,325.5,263.8,178.6,85.2,532.7,263.8,447.2
1959,1959,41.51142,-7.6512756,989.0,2003-05-25T08:00,7.7,62,0.9,3.9,0.0,0.0,0.0,0.0,0,1022.9,908.2,4,5,0,0,0.16,0.4,12.8,17.6,10,11,34.2,10.7,11.9,12.6,8.9,0.235,0.272,0.337,0.4,1,3600.0,382.0,293.0,89.0,690.4,382.0,566.0,460.2,353.0,107.2,690.4,460.2,681.9
1958,1958,41.51142,-7.6512756,989.0,2003-05-25T09:00,9.5,55,1.0,5.5,0.0,0.0,0.0,0.0,0,1022.7,908.7,3,3,0,0,0.25,0.53,14.7,19.6,11,13,38.9,12.4,11.9,12.6,8.9,0.234,0.272,0.337,0.399,1,3600.0,580.0,483.0,97.0,816.0,580.0,789.5,655.0,545.5,109.5,816.0,655.0,891.5
1957,1957,41.51142,-7.6512756,989.0,2003-05-25T10:00,11.0,51,1.2,8.1,0.0,0.0,0.0,0.0,0,1022.6,909.2,15,17,0,0,0.34,0.65,13.9,18.1,17,17,42.1,14.1,12.1,12.6,8.9,0.234,0.271,0.337,0.399,1,3600.0,734.0,626.0,108.0,851.5,734.0,980.5,794.9,677.9,117.0,851.5,794.9,1061.9
1956,1956,41.51142,-7.6512756,989.0,2003-05-25T11:00,12.4,47,1.2,9.9,0.0,0.0,0.0,0.0,1,1022.3,909.4,31,30,7,0,0.4,0.77,13.6,17.9,17,19,42.1,15.7,12.3,12.6,8.9,0.233,0.271,0.337,0.399,1,3600.0,810.0,676.0,134.0,800.5,810.0,1126.3,849.6,709.1,140.6,800.5,849.6,1181.3
1955,1955,41.51142,-7.6512756,989.0,2003-05-25T12:00,13.8,40,0.5,11.7,0.0,0.0,0.0,0.0,1,1022.1,909.8,30,29,6,0,0.46,0.95,13.1,17.4,16,18,41.0,16.9,12.6,12.6,8.9,0.232,0.27,0.336,0.399,1,3600.0,882.0,691.0,191.0,757.4,882.0,1216.7,900.2,705.2,194.9,757.4,900.2,1241.8
1954,1954,41.51142,-7.6512756,989.0,2003-05-25T13:00,14.9,36,0.0,12.7,0.0,0.0,0.0,0.0,1,1021.5,909.6,46,42,13,0,0.48,1.08,13.1,17.3,16,17,40.3,17.7,12.8,12.6,8.9,0.23,0.269,0.336,0.399,1,3600.0,882.0,618.0,264.0,661.6,882.0,1245.8,877.3,614.7,262.6,661.6,877.3,1239.1
1953,1953,41.51142,-7.6512756,989.0,2003-05-25T14:00,15.5,35,0.3,13.3,0.0,0.0,0.0,0.0,1,1021.2,909.6,46,40,14,6,0.49,1.14,13.5,17.7,9,12,39.2,18.5,13.2,12.6,8.9,0.229,0.269,0.336,0.399,1,3600.0,883.0,701.0,182.0,771.7,883.0,1211.5,855.4,679.1,176.3,771.7,855.4,1173.6
1952,1952,41.51142,-7.6512756,989.0,2003-05-25T15:00,15.9,35,0.6,13.5,0.0,0.0,0.0,0.0,0,1020.7,909.3,14,5,0,30,0.48,1.17,13.8,18.2,7,9,39.2,18.9,13.5,12.6,8.9,0.228,0.268,0.335,0.399,1,3600.0,853.0,727.0,126.0,868.7,853.0,1116.2,802.1,683.6,118.5,868.7,802.1,1049.5
1951,1951,41.51142,-7.6512756,989.0,2003-05-25T16:00,16.0,36,0.7,12.7,0.0,0.0,0.0,0.0,0,1020.5,909.1,10,0,0,35,0.42,1.17,14.8,19.9,6,6,39.2,18.8,13.8,12.6,8.9,0.227,0.268,0.335,0.399,1,3600.0,723.0,597.0,126.0,823.9,723.0,966.3,655.1,540.9,114.2,823.9,655.1,875.6
1950,1950,41.51142,-7.6512756,989.0,2003-05-25T17:00,15.6,36,0.7,11.3,0.0,0.0,0.0,0.0,0,1020.4,908.9,2,0,0,8,0.33,1.13,15.9,21.7,4,5,39.6,18.2,14.0,12.6,8.9,0.226,0.267,0.335,0.399,1,3600.0,552.0,442.0,110.0,763.4,552.0,772.2,474.3,379.8,94.5,763.4,474.3,663.5
1949,1949,41.51142,-7.6512756,989.0,2003-05-25T18:00,14.9,37,0.5,10.5,0.0,0.0,0.0,0.0,0,1020.7,908.9,0,0,0,0,0.24,1.06,16.6,23.5,4,5,40.0,17.2,14.1,12.6,8.9,0.226,0.267,0.335,0.399,1,3600.0,370.0,293.0,77.0,714.4,370.0,547.0,289.3,229.1,60.2,714.4,289.3,427.7
1948,1948,41.51142,-7.6512756,989.0,2003-05-25T19:00,13.4,42,0.8,9.3,0.0,0.0,0.0,0.0,0,1021.0,908.6,0,0,0,0,0.14,0.89,14.8,23.5,4,6,41.0,15.7,14.2,12.6,8.9,0.226,0.267,0.335,0.399,1,3600.0,180.0,126.0,54.0,549.0,180.0,306.1,108.5,75.9,32.5,549.0,108.5,184.4
1947,1947,41.51142,-7.6512756,989.0,2003-05-25T20:00,11.7,45,0.3,7.8,0.0,0.0,0.0,0.0,0,1021.5,908.5,0,0,0,0,0.07,0.75,13.0,24.3,5,8,38.2,14.1,14.2,12.6,8.9,0.226,0.267,0.335,0.399,0,1111.29,32.0,17.0,15.0,161.2,32.0,81.6,0.0,0.0,0.0,0.0,0.0,0.0
1946,1946,41.51142,-7.6512756,989.0,2003-05-25T21:00,10.4,50,0.5,7.1,0.0,0.0,0.0,0.0,0,1022.2,908.6,0,0,0,0,0.04,0.63,8.6,19.6,360,6,34.9,12.9,14.1,12.6,8.9,0.226,0.267,0.335,0.399,0,0.0,0.0,0.0,0.0,0.0,0.0,0.0,0.0,0.0,0.0,0.0,0.0,0.0
1945,1945,41.51142,-7.6512756,989.0,2003-05-25T22:00,9.1,57,1.1,6.2,0.0,0.0,0.0,0.0,0,1023.0,908.8,0,0,0,0,0.02,0.5,6.9,16.8,6,10,26.3,11.8,13.9,12.6,8.9,0.226,0.267,0.335,0.399,0,0.0,0.0,0.0,0.0,0.0,0.0,0.0,0.0,0.0,0.0,0.0,0.0,0.0
1944,1944,41.51142,-7.6512756,989.0,2003-05-25T23:00,7.8,67,2.0,5.0,0.0,0.0,0.0,0.0,0,1023.3,908.6,0,0,0,0,0.01,0.35,6.6,16.5,9,16,22.3,10.8,13.7,12.6,9.0,0.226,0.267,0.335,0.399,0,0.0,0.0,0.0,0.0,0.0,0.0,0.0,0.0,0.0,0.0,0.0,0.0,0.0
1943,1943,41.51142,-7.6512756,989.0,2003-05-26T00:00,6.7,72,2.0,3.9,0.0,0.0,0.0,0.0,0,1023.5,908.4,0,0,0,0,0.01,0.28,6.9,15.5,9,25,21.2,9.9,13.5,12.6,9.0,0.226,0.267,0.335,0.399,0,0.0,0.0,0.0,0.0,0.0,0.0,0.0,0.0,0.0,0.0,0.0,0.0,0.0
1942,1942,41.51142,-7.6512756,989.0,2003-05-26T01:00,6.1,77,2.3,3.5,0.0,0.0,0.0,0.0,0,1023.4,908.0,0,0,0,0,0.0,0.22,6.0,14.1,17,38,20.9,9.3,13.2,12.6,9.0,0.227,0.267,0.335,0.399,0,0.0,0.0,0.0,0.0,0.0,0.0,0.0,0.0,0.0,0.0,0.0,0.0,0.0
1941,1941,41.51142,-7.6512756,989.0,2003-05-26T02:00,5.6,79,2.2,3.0,0.0,0.0,0.0,0.0,0,1022.7,907.2,0,0,0,0,0.0,0.19,5.6,13.7,27,55,20.2,8.7,13.0,12.6,9.0,0.227,0.267,0.335,0.399,0,0.0,0.0,0.0,0.0,0.0,0.0,0.0,0.0,0.0,0.0,0.0,0.0,0.0
1940,1940,41.51142,-7.6512756,989.0,2003-05-26T03:00,5.2,80,1.9,2.6,0.0,0.0,0.0,0.0,0,1022.6,907.0,0,0,0,0,0.0,0.18,5.2,12.8,34,68,18.0,8.2,12.7,12.5,9.0,0.227,0.267,0.334,0.399,0,0.0,0.0,0.0,0.0,0.0,0.0,0.0,0.0,0.0,0.0,0.0,0.0,0.0
1939,1939,41.51142,-7.6512756,989.0,2003-05-26T04:00,4.8,80,1.6,2.2,0.0,0.0,0.0,0.0,0,1022.6,906.8,0,0,0,0,0.0,0.17,4.8,12.1,42,78,16.2,7.8,12.4,12.5,9.0,0.227,0.267,0.334,0.399,0,0.0,0.0,0.0,0.0,0.0,0.0,0.0,0.0,0.0,0.0,0.0,0.0,0.0
1938,1938,41.51142,-7.6512756,989.0,2003-05-26T05:00,4.4,81,1.5,1.7,0.0,0.0,0.0,0.0,0,1022.9,906.9,0,0,0,0,0.0,0.16,5.6,12.3,50,83,16.6,7.4,12.1,12.5,9.0,0.227,0.267,0.334,0.399,0,0.0,0.0,0.0,0.0,0.0,0.0,0.0,0.0,0.0,0.0,0.0,0.0,0.0
1937,1937,41.51142,-7.6512756,989.0,2003-05-26T06:00,4.9,82,2.0,2.1,0.0,0.0,0.0,0.0,0,1023.3,907.5,0,0,0,0,0.01,0.16,7.1,12.6,75,93,18.0,7.5,11.9,12.5,9.0,0.228,0.267,0.334,0.399,1,1633.54,39.0,21.0,18.0,185.3,39.0,92.0,87.2,47.0,40.3,304.4,53.1,205.7
1936,1936,41.51142,-7.6512756,989.0,2003-05-26T07:00,8.0,68,2.4,5.4,0.0,0.0,0.0,0.0,0,1023.1,908.5,0,0,0,0,0.08,0.35,6.5,10.6,93,100,19.4,9.5,11.7,12.5,9.0,0.228,0.267,0.334,0.399,1,3600.0,194.0,137.0,57.0,557.8,194.0,327.5,266.0,187.9,78.2,557.8,266.0,449.0
1935,1935,41.51142,-7.6512756,989.0,2003-05-26T08:00,9.4,59,1.9,6.4,0.0,0.0,0.0,0.0,0,1023.2,909.1,0,0,0,0,0.17,0.48,8.2,11.2,105,105,24.8,11.1,11.7,12.5,9.0,0.228,0.267,0.334,0.399,1,3600.0,388.0,310.0,78.0,728.1,388.0,567.7,467.1,373.2,93.9,728.1,467.1,683.4
1934,1934,41.51142,-7.6512756,989.0,2003-05-26T09:00,10.8,54,1.9,7.8,0.0,0.0,0.0,0.0,0,1022.9,909.4,0,0,0,0,0.27,0.6,9.8,12.8,107,106,28.1,12.8,11.8,12.5,9.0,0.227,0.267,0.334,0.399,1,3600.0,579.0,486.0,93.0,819.4,579.0,790.8,653.6,548.7,105.0,819.4,653.6,892.7
1933,1933,41.51142,-7.6512756,989.0,2003-05-26T10:00,12.4,49,1.8,10.5,0.0,0.0,0.0,0.0,0,1022.4,909.5,0,0,0,0,0.37,0.74,8.2,10.5,113,112,28.8,14.4,12.0,12.5,9.0,0.226,0.266,0.334,0.399,1,3600.0,747.0,643.0,104.0,873.3,747.0,981.6,808.8,696.2,112.6,873.3,808.8,1062.9
1932,1932,41.51142,-7.6512756,989.0,2003-05-26T11:00,14.0,44,1.8,13.0,0.0,0.0,0.0,0.0,0,1022.3,910.0,0,0,0,0,0.46,0.9,7.8,10.0,112,111,28.1,16.0,12.2,12.5,9.0,0.225,0.266,0.334,0.399,1,3600.0,876.0,765.0,111.0,904.8,876.0,1127.2,918.8,802.4,116.4,904.8,918.8,1182.3
1931,1931,41.51142,-7.6512756,989.0,2003-05-26T12:00,15.4,40,1.9,15.1,0.0,0.0,0.0,0.0,0,1022.0,910.2,0,0,0,0,0.53,1.05,6.5,8.0,109,108,26.3,17.5,12.5,12.4,9.0,0.224,0.265,0.333,0.399,1,3600.0,955.0,840.0,115.0,919.7,955.0,1217.7,974.7,857.3,117.4,919.7,974.7,1242.7
1930,1930,41.51142,-7.6512756,989.0,2003-05-26T13:00,16.5,38,2.1,16.7,0.0,0.0,0.0,0.0,0,1021.4,910.1,0,0,0,0,0.57,1.17,5.1,6.5,98,96,22.7,18.7,12.8,12.4,9.0,0.223,0.264,0.333,0.399,1,3600.0,978.0,862.0,116.0,921.7,978.0,1246.8,972.8,857.4,115.4,921.7,972.8,1240.2
1929,1929,41.51142,-7.6512756,989.0,2003-05-26T14:00,17.5,36,2.4,17.7,0.0,0.0,0.0,0.0,0,1020.9,910.0,0,0,0,0,0.56,1.27,4.2,5.4,70,70,20.9,19.6,13.2,12.4,9.0,0.222,0.264,0.333,0.399,1,3600.0,945.0,831.0,114.0,913.6,945.0,1212.6,915.5,805.1,110.4,913.6,915.5,1174.8
1928,1928,41.51142,-7.6512756,989.0,2003-05-26T15:00,18.2,36,2.7,17.7,0.0,0.0,0.0,0.0,0,1020.5,909.9,1,0,0,2,0.51,1.35,5.1,6.4,39,38,22.0,20.0,13.6,12.4,9.0,0.221,0.263,0.333,0.398,1,3600.0,858.0,749.0,109.0,893.5,858.0,1117.5,807.0,704.5,102.5,893.5,807.0,1051.1
1927,1927,41.51142,-7.6512756,989.0,2003-05-26T16:00,18.6,36,3.0,17.2,0.0,0.0,0.0,0.0,0,1019.9,909.5,0,0,0,0,0.44,1.38,6.3,8.2,24,23,23.0,20.0,13.9,12.4,9.0,0.22,0.263,0.332,0.398,1,3600.0,725.0,623.0,102.0,858.0,725.0,968.0,657.2,564.7,92.5,858.0,657.2,877.4
1926,1926,41.51142,-7.6512756,989.0,2003-05-26T17:00,18.7,36,3.2,16.1,0.0,0.0,0.0,0.0,0,1019.4,909.1,0,0,0,0,0.34,1.39,7.3,9.2,20,21,23.4,19.6,14.2,12.4,9.0,0.219,0.262,0.332,0.398,1,3600.0,556.0,465.0,91.0,800.7,556.0,774.2,478.1,399.8,78.2,800.7,478.1,665.7
1925,1925,41.51142,-7.6512756,989.0,2003-05-26T18:00,18.5,36,3.3,15.9,0.0,0.0,0.0,0.0,0,1019.4,909.0,0,0,0,0,0.23,1.36,7.3,10.0,20,21,23.4,18.7,14.4,12.4,9.0,0.218,0.262,0.332,0.398,1,3600.0,366.0,290.0,76.0,703.6,366.0,549.4,286.7,227.2,59.5,703.6,286.7,430.4
1924,1924,41.51142,-7.6512756,989.0,2003-05-26T19:00,17.7,47,6.1,16.1,0.0,0.0,0.0,0.0,0,1019.3,908.7,0,0,0,0,0.11,1.09,4.8,9.6,13,20,18.7,17.5,14.6,12.4,9.0,0.218,0.262,0.332,0.398,1,3600.0,177.0,123.0,54.0,530.8,177.0,308.9,107.4,74.6,32.8,530.8,107.4,187.5
1923,1923,41.51142,-7.6512756,989.0,2003-05-26T20:00,16.9,42,4.1,14.5,0.0,0.0,0.0,0.0,0,1019.6,908.7,0,0,0,0,0.06,1.11,6.8,9.7,3,15,15.5,15.8,14.6,12.5,9.0,0.218,0.262,0.332,0.398,0,1132.3,32.0,17.0,15.0,159.5,32.0,83.1,0.0,0.0,0.0,0.0,0.0,0.0
1922,1922,41.51142,-7.6512756,989.0,2003-05-26T21:00,16.0,44,3.7,13.5,0.0,0.0,0.0,0.0,0,1020.0,908.7,0,0,0,0,0.04,1.02,6.9,10.0,6,21,15.5,14.1,14.5,12.5,9.0,0.218,0.262,0.332,0.398,0,0.0,0.0,0.0,0.0,0.0,0.0,0.0,0.0,0.0,0.0,0.0,0.0,0.0
1921,1921,41.51142,-7.6512756,989.0,2003-05-26T22:00,14.7,49,4.0,12.2,0.0,0.0,0.0,0.0,0,1020.7,908.8,0,0,0,0,0.04,0.86,7.3,11.0,20,38,15.8,12.8,14.4,12.5,9.0,0.219,0.262,0.332,0.398,0,0.0,0.0,0.0,0.0,0.0,0.0,0.0,0.0,0.0,0.0,0.0,0.0,0.0
1920,1920,41.51142,-7.6512756,989.0,2003-05-26T23:00,12.2,60,4.7,9.7,0.0,0.0,0.0,0.0,0,1020.9,908.1,0,0,0,0,0.03,0.56,8.4,12.1,43,67,16.2,11.9,14.2,12.5,9.0,0.219,0.262,0.332,0.398,0,0.0,0.0,0.0,0.0,0.0,0.0,0.0,0.0,0.0,0.0,0.0,0.0,0.0
1919,1919,41.51142,-7.6512756,989.0,2003-05-27T00:00,10.0,70,4.8,7.4,0.0,0.0,0.0,0.0,0,1020.6,907.0,0,0,0,0,0.02,0.36,9.5,14.5,79,96,18.0,11.2,14.0,12.5,9.0,0.219,0.262,0.332,0.398,0,0.0,0.0,0.0,0.0,0.0,0.0,0.0,0.0,0.0,0.0,0.0,0.0,0.0
1918,1918,41.51142,-7.6512756,989.0,2003-05-27T01:00,9.7,66,3.8,6.9,0.0,0.0,0.0,0.0,0,1021.0,907.3,0,0,0,1,0.02,0.41,9.5,19.0,101,109,22.7,10.6,13.8,12.5,9.0,0.219,0.262,0.332,0.398,0,0.0,0.0,0.0,0.0,0.0,0.0,0.0,0.0,0.0,0.0,0.0,0.0,0.0
1917,1917,41.51142,-7.6512756,989.0,2003-05-27T02:00,9.5,60,2.1,6.4,0.0,0.0,0.0,0.0,0,1020.8,907.0,1,0,0,2,0.03,0.48,8.9,14.8,111,113,24.1,10.2,13.6,12.5,9.0,0.219,0.262,0.332,0.398,0,0.0,0.0,0.0,0.0,0.0,0.0,0.0,0.0,0.0,0.0,0.0,0.0,0.0
1916,1916,41.51142,-7.6512756,989.0,2003-05-27T03:00,8.6,61,1.6,5.7,0.0,0.0,0.0,0.0,0,1020.9,906.8,0,0,0,0,0.02,0.43,7.2,12.7,117,115,20.9,9.9,13.3,12.5,9.0,0.22,0.262,0.332,0.398,0,0.0,0.0,0.0,0.0,0.0,0.0,0.0,0.0,0.0,0.0,0.0,0.0,0.0
1915,1915,41.51142,-7.6512756,989.0,2003-05-27T04:00,7.7,65,1.5,4.9,0.0,0.0,0.0,0.0,0,1020.9,906.4,0,0,0,0,0.01,0.37,6.6,11.8,119,113,19.8,9.4,13.1,12.5,9.0,0.22,0.262,0.332,0.398,0,0.0,0.0,0.0,0.0,0.0,0.0,0.0,0.0,0.0,0.0,0.0,0.0,0.0
1914,1914,41.51142,-7.6512756,989.0,2003-05-27T05:00,6.9,70,1.9,4.2,0.0,0.0,0.0,0.0,0,1021.4,906.6,0,0,0,0,0.01,0.3,6.2,12.2,126,114,20.5,9.0,12.9,12.5,9.0,0.22,0.262,0.332,0.398,0,0.0,0.0,0.0,0.0,0.0,0.0,0.0,0.0,0.0,0.0,0.0,0.0,0.0
1913,1913,41.51142,-7.6512756,989.0,2003-05-27T06:00,7.2,73,2.7,4.7,0.0,0.0,0.0,0.0,0,1021.8,907.0,0,0,0,0,0.02,0.27,5.5,12.4,113,116,21.2,9.0,12.6,12.4,9.0,0.22,0.262,0.332,0.398,1,1668.16,40.0,22.0,18.0,192.8,40.0,93.0,89.4,49.2,40.2,315.3,54.6,207.8
1912,1912,41.51142,-7.6512756,989.0,2003-05-27T07:00,9.5,60,2.1,6.7,0.0,0.0,0.0,0.0,0,1021.9,908.0,0,0,0,0,0.09,0.47,6.9,10.5,118,117,23.0,10.6,12.5,12.4,9.0,0.22,0.262,0.331,0.398,1,3600.0,194.0,138.0,56.0,558.5,194.0,329.4,265.5,188.9,76.6,558.5,265.5,450.7
1911,1911,41.51142,-7.6512756,989.0,2003-05-27T08:00,10.9,53,1.7,7.9,0.0,0.0,0.0,0.0,0,1021.8,908.4,1,0,0,2,0.19,0.62,8.0,11.1,117,115,26.3,12.1,12.5,12.4,9.1,0.22,0.262,0.331,0.398,1,3600.0,386.0,308.0,78.0,721.2,386.0,569.2,464.4,370.5,93.8,721.2,464.4,684.7
1910,1910,41.51142,-7.6512756,989.0,2003-05-27T09:00,12.7,48,2.1,9.8,0.0,0.0,0.0,0.0,0,1021.3,908.6,1,0,0,2,0.29,0.76,9.0,12.1,113,113,28.4,13.9,12.6,12.4,9.1,0.219,0.262,0.331,0.398,1,3600.0,576.0,485.0,91.0,816.2,576.0,792.0,650.1,547.4,102.7,816.2,650.1,893.8
1909,1909,41.51142,-7.6512756,989.0,2003-05-27T10:00,14.6,44,2.6,12.7,0.0,0.0,0.0,0.0,0,1020.4,908.5,2,0,0,6,0.4,0.93,9.2,12.0,111,111,31.0,15.7,12.7,12.4,9.1,0.219,0.261,0.331,0.398,1,3600.0,744.0,642.0,102.0,870.8,744.0,982.6,805.5,695.0,110.4,870.8,805.5,1063.8
1908,1908,41.51142,-7.6512756,989.0,2003-05-27T11:00,16.5,40,2.8,15.2,0.0,0.0,0.0,0.0,0,1020.1,908.9,4,0,0,14,0.49,1.13,10.2,13.3,108,109,32.0,17.4,13.0,12.4,9.1,0.218,0.261,0.331,0.398,1,3600.0,874.0,765.0,109.0,903.8,874.0,1128.1,916.6,802.3,114.3,903.8,916.6,1183.1
1907,1907,41.51142,-7.6512756,989.0,2003-05-27T12:00,18.2,36,2.8,17.4,0.0,0.0,0.0,0.0,0,1019.5,909.0,3,0,0,9,0.57,1.35,10.6,13.6,108,107,32.0,18.8,13.3,12.4,9.1,0.216,0.26,0.33,0.398,1,3600.0,955.0,842.0,113.0,920.9,955.0,1218.5,974.7,859.3,115.3,920.9,974.7,1243.6
1906,1906,41.51142,-7.6512756,989.0,2003-05-27T13:00,19.7,33,2.9,19.0,0.0,0.0,0.0,0.0,0,1018.6,908.7,15,0,0,49,0.61,1.54,10.6,13.9,108,107,32.4,20.0,13.7,12.4,9.1,0.215,0.259,0.33,0.398,1,3600.0,982.0,868.0,114.0,927.1,982.0,1247.7,976.9,863.5,113.4,927.1,976.9,1241.2
1905,1905,41.51142,-7.6512756,989.0,2003-05-27T14:00,20.8,31,3.0,20.0,0.0,0.0,0.0,0.0,0,1017.8,908.4,8,0,0,26,0.61,1.7,10.3,13.3,102,103,32.0,20.9,14.0,12.4,9.1,0.214,0.258,0.33,0.398,1,3600.0,950.0,838.0,112.0,920.1,950.0,1213.7,920.5,812.0,108.5,920.1,920.5,1176.0
1904,1904,41.51142,-7.6512756,989.0,2003-05-27T15:00,21.5,30,3.1,20.4,0.0,0.0,0.0,0.0,0,1017.2,908.1,13,0,0,42,0.56,1.81,9.5,12.4,101,100,29.9,21.4,14.4,12.4,9.1,0.212,0.258,0.33,0.398,1,3600.0,864.0,754.0,110.0,898.1,864.0,1118.9,812.8,709.3,103.5,898.1,812.8,1052.6
1903,1903,41.51142,-7.6512756,989.0,2003-05-27T16:00,21.9,29,3.0,20.1,0.0,0.0,0.0,0.0,1,1016.6,907.7,23,0,0,77,0.49,1.88,8.8,11.6,99,97,27.0,21.4,14.8,12.4,9.1,0.211,0.257,0.329,0.398,1,3600.0,731.0,629.0,102.0,864.5,731.0,969.7,662.9,570.4,92.5,864.5,662.9,879.3
1902,1902,41.51142,-7.6512756,989.0,2003-05-27T17:00,21.9,29,2.9,19.2,0.0,0.0,0.0,0.0,1,1016.1,907.3,24,0,0,81,0.38,1.88,8.1,10.7,103,102,24.8,21.0,15.1,12.4,9.1,0.21,0.257,0.329,0.398,1,3600.0,561.0,470.0,91.0,806.9,561.0,776.3,482.7,404.4,78.3,806.9,482.7,668.0
1901,1901,41.51142,-7.6512756,989.0,2003-05-27T18:00,21.5,30,3.3,19.0,0.0,0.0,0.0,0.0,1,1015.7,906.8,28,0,0,94,0.25,1.79,6.6,9.2,112,111,22.3,20.2,15.3,12.4,9.1,0.21,0.256,0.329,0.398,1,3600.0,371.0,293.0,78.0,707.5,371.0,551.9,291.1,229.9,61.2,707.5,291.1,433.0
1900,1900,41.51142,-7.6512756,989.0,2003-05-27T19:00,20.0,50,9.2,19.1,0.0,0.0,0.0,0.0,1,1015.5,906.1,29,0,0,96,0.12,1.18,5.4,8.2,132,128,16.9,18.9,15.5,12.5,9.1,0.21,0.256,0.329,0.398,1,3600.0,179.0,122.0,57.0,521.5,179.0,311.7,109.4,74.5,34.8,521.5,109.4,190.4
1899,1899,41.51142,-7.6512756,989.0,2003-05-27T20:00,19.3,36,3.8,17.2,0.0,0.0,0.0,0.0,1,1015.5,905.9,26,0,0,87,0.04,1.44,4.6,7.1,129,131,14.0,17.1,15.5,12.5,9.1,0.21,0.256,0.329,0.398,0,1042.83,33.0,16.0,17.0,148.5,33.0,84.5,0.0,0.0,0.0,0.0,0.0,0.0
1898,1898,41.51142,-7.6512756,989.0,2003-05-27T21:00,17.9,36,2.8,15.5,0.0,0.0,0.0,0.0,1,1015.8,905.6,27,0,0,89,0.04,1.31,5.2,7.9,106,120,14.0,15.2,15.4,12.5,9.1,0.21,0.256,0.329,0.398,0,0.0,0.0,0.0,0.0,0.0,0.0,0.0,0.0,0.0,0.0,0.0,0.0,0.0
1897,1897,41.51142,-7.6512756,989.0,2003-05-27T22:00,16.1,41,2.9,13.4,0.0,0.0,0.0,0.0,1,1016.2,905.3,27,0,0,89,0.05,1.08,7.2,10.9,96,117,17.3,13.9,15.3,12.5,9.1,0.21,0.256,0.329,0.398,0,0.0,0.0,0.0,0.0,0.0,0.0,0.0,0.0,0.0,0.0,0.0,0.0,0.0
1896,1896,41.51142,-7.6512756,989.0,2003-05-27T23:00,14.2,46,2.8,11.3,0.0,0.0,0.0,0.0,1,1016.1,904.6,27,0,0,91,0.05,0.88,9.0,14.0,95,116,21.2,12.9,15.1,12.5,9.1,0.21,0.256,0.329,0.397,0,0.0,0.0,0.0,0.0,0.0,0.0,0.0,0.0,0.0,0.0,0.0,0.0,0.0
1895,1895,41.51142,-7.6512756,989.0,2003-05-28T00:00,12.7,50,2.5,9.6,0.0,0.0,0.0,0.0,1,1016.1,904.0,28,0,0,92,0.05,0.74,10.2,16.1,98,117,24.5,12.1,14.9,12.5,9.1,0.211,0.256,0.329,0.397,0,0.0,0.0,0.0,0.0,0.0,0.0,0.0,0.0,0.0,0.0,0.0,0.0,0.0
1894,1894,41.51142,-7.6512756,989.0,2003-05-28T01:00,11.0,54,2.0,7.8,0.0,0.0,0.0,0.0,1,1015.7,903.0,26,0,0,87,0.04,0.61,9.8,14.7,96,115,25.2,11.5,14.7,12.5,9.1,0.211,0.256,0.329,0.397,0,0.0,0.0,0.0,0.0,0.0,0.0,0.0,0.0,0.0,0.0,0.0,0.0,0.0
1893,1893,41.51142,-7.6512756,989.0,2003-05-28T02:00,10.1,58,2.1,7.1,0.0,0.0,0.0,0.0,1,1015.5,902.5,26,0,2,84,0.03,0.53,8.6,12.0,90,111,24.1,10.9,14.4,12.5,9.1,0.211,0.256,0.329,0.397,0,0.0,0.0,0.0,0.0,0.0,0.0,0.0,0.0,0.0,0.0,0.0,0.0,0.0
1892,1892,41.51142,-7.6512756,989.0,2003-05-28T03:00,9.4,61,2.3,6.5,0.0,0.0,0.0,0.0,1,1015.3,902.1,31,0,6,91,0.02,0.46,8.3,11.2,92,111,21.2,10.5,14.2,12.5,9.1,0.211,0.256,0.329,0.397,0,0.0,0.0,0.0,0.0,0.0,0.0,0.0,0.0,0.0,0.0,0.0,0.0,0.0
1891,1891,41.51142,-7.6512756,989.0,2003-05-28T04:00,9.0,64,2.6,6.2,0.0,0.0,0.0,0.0,1,1015.4,902.0,34,0,10,94,0.02,0.41,7.6,10.2,95,113,19.8,10.1,13.9,12.5,9.1,0.211,0.256,0.329,0.397,0,0.0,0.0,0.0,0.0,0.0,0.0,0.0,0.0,0.0,0.0,0.0,0.0,0.0
1890,1890,41.51142,-7.6512756,989.0,2003-05-28T05:00,8.7,69,3.4,6.2,0.0,0.0,0.0,0.0,1,1015.5,902.0,37,0,18,87,0.01,0.35,6.5,9.5,109,115,18.0,9.8,13.6,12.5,9.1,0.212,0.256,0.328,0.397,0,0.0,0.0,0.0,0.0,0.0,0.0,0.0,0.0,0.0,0.0,0.0,0.0,0.0
1889,1889,41.51142,-7.6512756,989.0,2003-05-28T06:00,8.9,74,4.6,7.0,0.0,0.0,0.0,0.0,1,1015.6,902.2,35,0,18,80,0.01,0.3,4.5,9.3,119,118,16.6,9.9,13.4,12.5,9.1,0.212,0.257,0.328,0.397,1,1493.98,39.0,19.0,20.0,165.4,39.0,93.9,87.1,42.4,44.7,269.5,53.4,209.7
1888,1888,41.51142,-7.6512756,989.0,2003-05-28T07:00,12.4,65,6.0,10.8,0.0,0.0,0.0,0.0,1,1015.8,903.6,34,0,16,81,0.09,0.51,4.8,9.2,117,121,15.5,12.1,13.3,12.5,9.1,0.212,0.257,0.328,0.397,1,3600.0,181.0,111.0,70.0,446.7,181.0,331.1,247.3,151.6,95.6,446.7,247.3,452.3
1887,1887,41.51142,-7.6512756,989.0,2003-05-28T08:00,14.8,60,7.0,13.2,0.0,0.0,0.0,0.0,1,1016.0,904.7,30,0,12,76,0.19,0.68,5.8,7.9,120,120,18.0,14.2,13.4,12.5,9.1,0.212,0.256,0.328,0.397,1,3600.0,358.0,250.0,108.0,583.8,358.0,570.6,430.4,300.6,129.8,583.8,430.4,686.0
1886,1886,41.51142,-7.6512756,989.0,2003-05-28T09:00,16.5,56,7.7,15.0,0.0,0.0,0.0,0.0,1,1015.8,905.1,27,0,4,83,0.31,0.83,6.5,8.0,124,126,20.5,16.2,13.5,12.5,9.1,0.211,0.256,0.328,0.397,1,3600.0,553.0,425.0,128.0,713.9,553.0,793.1,623.9,479.5,144.4,713.9,623.9,894.8
1885,1885,41.51142,-7.6512756,989.0,2003-05-28T10:00,18.5,51,8.1,18.3,0.0,0.0,0.0,0.0,1,1015.4,905.5,28,0,9,76,0.43,1.05,5.9,7.1,133,135,21.6,18.2,13.7,12.5,9.1,0.21,0.256,0.328,0.397,1,3600.0,729.0,601.0,128.0,814.1,729.0,983.6,789.1,650.6,138.6,814.1,789.1,1064.7
1884,1884,41.51142,-7.6512756,989.0,2003-05-28T11:00,20.3,45,8.0,20.8,0.0,0.0,0.0,0.0,1,1014.9,905.6,21,0,3,65,0.54,1.31,6.6,8.6,158,158,23.0,20.0,14.1,12.5,9.1,0.209,0.255,0.328,0.397,1,3600.0,866.0,749.0,117.0,883.9,866.0,1128.9,908.2,785.5,122.7,883.9,908.2,1183.9
1883,1883,41.51142,-7.6512756,989.0,2003-05-28T12:00,21.7,40,7.6,22.4,0.0,0.0,0.0,0.0,1,1014.7,906.0,20,0,0,67,0.61,1.55,7.2,9.4,177,178,25.6,21.6,14.5,12.5,9.1,0.208,0.254,0.327,0.397,1,3600.0,944.0,821.0,123.0,897.1,944.0,1219.3,963.4,837.9,125.5,897.1,963.4,1244.4
1882,1882,41.51142,-7.6512756,989.0,2003-05-28T13:00,22.7,36,7.0,23.5,0.0,0.0,0.0,0.0,0,1014.2,905.9,16,0,0,55,0.64,1.75,6.9,8.8,189,189,25.2,22.7,14.9,12.5,9.1,0.207,0.254,0.327,0.397,1,3600.0,970.0,843.0,127.0,899.5,970.0,1248.6,965.0,838.6,126.3,899.5,965.0,1242.1
1881,1881,41.51142,-7.6512756,989.0,2003-05-28T14:00,23.3,35,6.8,24.1,0.0,0.0,0.0,0.0,0,1013.6,905.5,13,0,0,43,0.63,1.88,5.9,7.4,194,194,23.8,23.5,15.3,12.5,9.1,0.205,0.253,0.327,0.397,1,3600.0,939.0,815.0,124.0,893.8,939.0,1214.8,909.9,789.8,120.2,893.8,909.9,1177.2
1880,1880,41.51142,-7.6512756,989.0,2003-05-28T15:00,23.7,34,6.8,24.1,0.0,0.0,0.0,0.0,0,1013.3,905.4,10,0,0,33,0.57,1.95,5.0,6.2,201,201,22.0,23.9,15.7,12.5,9.1,0.204,0.252,0.326,0.397,1,3600.0,853.0,734.0,119.0,872.9,853.0,1120.2,802.6,690.7,112.0,872.9,802.6,1054.1
1879,1879,41.51142,-7.6512756,989.0,2003-05-28T16:00,23.8,33,6.7,23.6,0.0,0.0,0.0,0.0,0,1012.7,904.9,16,0,0,55,0.48,1.97,3.6,4.4,217,215,19.4,23.8,16.1,12.5,9.1,0.203,0.251,0.326,0.397,1,3600.0,720.0,607.0,113.0,832.5,720.0,971.3,653.1,550.6,102.5,832.5,653.1,881.1
1878,1878,41.51142,-7.6512756,989.0,2003-05-28T17:00,23.6,34,6.7,22.4,0.0,0.0,0.0,0.0,0,1012.3,904.5,20,0,0,65,0.36,1.93,2.7,3.4,247,252,16.9,23.3,16.4,12.5,9.1,0.202,0.251,0.326,0.397,1,3600.0,554.0,457.0,97.0,782.2,554.0,778.3,477.0,393.5,83.5,782.2,477.0,670.2
1877,1877,41.51142,-7.6512756,989.0,2003-05-28T18:00,23.0,35,6.9,21.9,0.0,0.0,0.0,0.0,0,1012.1,904.1,16,0,0,52,0.23,1.82,2.6,3.8,286,287,14.8,22.3,16.7,12.6,9.1,0.202,0.251,0.326,0.397,1,3600.0,365.0,283.0,82.0,680.2,365.0,554.2,286.9,222.4,64.4,680.2,286.9,435.6
1876,1876,41.51142,-7.6512756,989.0,2003-05-28T19:00,21.8,48,10.3,21.6,0.0,0.0,0.0,0.0,0,1012.3,903.9,18,0,0,61,0.1,1.37,2.3,4.6,321,315,10.8,20.9,16.8,12.6,9.2,0.202,0.251,0.326,0.397,1,3600.0,179.0,121.0,58.0,512.6,179.0,314.5,110.1,74.4,35.7,512.6,110.1,193.4
1875,1875,41.51142,-7.6512756,989.0,2003-05-28T20:00,19.4,60,11.5,19.1,0.0,0.0,0.0,0.0,0,1012.4,903.1,18,0,0,59,0.04,0.9,5.4,6.3,318,329,10.4,19.0,16.9,12.6,9.2,0.202,0.251,0.326,0.397,0,1170.9,34.0,17.0,17.0,156.2,34.0,85.9,0.0,0.0,0.0,0.0,0.0,0.0
1874,1874,41.51142,-7.6512756,989.0,2003-05-28T21:00,17.6,61,10.0,16.6,0.0,0.0,0.0,0.0,0,1013.2,903.2,16,0,0,53,0.02,0.78,6.7,8.1,324,339,13.0,17.3,16.8,12.6,9.2,0.202,0.251,0.326,0.397,0,0.0,0.0,0.0,0.0,0.0,0.0,0.0,0.0,0.0,0.0,0.0,0.0,0.0
1873,1873,41.51142,-7.6512756,989.0,2003-05-28T22:00,16.3,64,9.5,15.2,0.0,0.0,0.0,0.0,0,1013.9,903.3,18,0,0,59,0.02,0.66,6.4,8.0,333,350,13.7,15.9,16.7,12.6,9.2,0.202,0.251,0.326,0.397,0,0.0,0.0,0.0,0.0,0.0,0.0,0.0,0.0,0.0,0.0,0.0,0.0,0.0
1872,1872,41.51142,-7.6512756,989.0,2003-05-28T23:00,15.6,66,9.3,14.5,0.0,0.0,0.0,0.0,0,1013.6,902.8,14,0,0,46,0.01,0.61,6.4,8.6,344,358,13.3,14.9,16.5,12.6,9.2,0.202,0.251,0.326,0.397,0,0.0,0.0,0.0,0.0,0.0,0.0,0.0,0.0,0.0,0.0,0.0,0.0,0.0
1871,1871,41.51142,-7.6512756,989.0,2003-05-29T00:00,14.6,71,9.3,13.5,0.0,0.0,0.0,0.0,0,1013.4,902.3,6,0,0,21,0.01,0.49,6.5,9.4,354,7,13.7,14.1,16.3,12.7,9.2,0.203,0.251,0.326,0.397,0,0.0,0.0,0.0,0.0,0.0,0.0,0.0,0.0,0.0,0.0,0.0,0.0,0.0
1870,1870,41.51142,-7.6512756,989.0,2003-05-29T01:00,13.0,77,9.0,11.8,0.0,0.0,0.0,0.0,0,1013.1,901.5,6,0,0,21,0.0,0.35,6.8,10.1,360,17,14.0,13.5,16.1,12.7,9.2,0.203,0.251,0.326,0.397,0,0.0,0.0,0.0,0.0,0.0,0.0,0.0,0.0,0.0,0.0,0.0,0.0,0.0
1869,1869,41.51142,-7.6512756,989.0,2003-05-29T02:00,11.9,82,8.9,10.7,0.0,0.0,0.0,0.0,0,1012.6,900.6,4,0,0,15,0.0,0.25,6.5,10.5,3,27,14.0,12.9,15.9,12.7,9.2,0.203,0.251,0.326,0.397,0,0.0,0.0,0.0,0.0,0.0,0.0,0.0,0.0,0.0,0.0,0.0,0.0,0.0
1868,1868,41.51142,-7.6512756,989.0,2003-05-29T03:00,11.3,84,8.7,10.1,0.0,0.0,0.0,0.0,0,1012.3,900.1,5,0,0,17,0.0,0.21,5.8,10.1,7,35,13.7,12.4,15.6,12.7,9.2,0.203,0.251,0.325,0.397,0,0.0,0.0,0.0,0.0,0.0,0.0,0.0,0.0,0.0,0.0,0.0,0.0,0.0
1867,1867,41.51142,-7.6512756,989.0,2003-05-29T04:00,10.9,85,8.4,9.8,0.0,0.0,0.0,0.0,1,1012.3,900.0,26,0,0,85,0.0,0.2,4.9,9.4,17,50,13.0,12.0,15.4,12.7,9.2,0.203,0.251,0.325,0.397,0,0.0,0.0,0.0,0.0,0.0,0.0,0.0,0.0,0.0,0.0,0.0,0.0,0.0
1866,1866,41.51142,-7.6512756,989.0,2003-05-29T05:00,11.0,83,8.2,10.0,0.0,0.0,0.0,0.0,1,1012.2,899.9,29,0,0,96,0.0,0.23,4.3,7.9,24,66,11.9,11.6,15.1,12.7,9.2,0.204,0.251,0.325,0.397,0,0.0,0.0,0.0,0.0,0.0,0.0,0.0,0.0,0.0,0.0,0.0,0.0,0.0
1865,1865,41.51142,-7.6512756,989.0,2003-05-29T06:00,11.6,82,8.6,10.7,0.0,0.0,0.0,0.0,1,1012.3,900.2,29,0,0,97,0.01,0.25,3.6,6.5,37,87,10.4,11.8,14.9,12.7,9.2,0.204,0.251,0.325,0.397,1,1731.92,41.0,22.0,19.0,190.4,41.0,94.8,91.5,49.1,42.4,309.0,56.3,211.6
1864,1864,41.51142,-7.6512756,989.0,2003-05-29T07:00,14.9,73,10.2,14.6,0.0,0.0,0.0,0.0,1,1012.5,901.6,29,0,0,97,0.09,0.45,2.7,5.9,67,104,10.8,14.0,14.8,12.7,9.2,0.204,0.251,0.325,0.397,1,3600.0,184.0,116.0,68.0,464.3,184.0,332.7,250.9,158.2,92.7,464.3,250.9,453.8
1863,1863,41.51142,-7.6512756,989.0,2003-05-29T08:00,18.1,57,9.5,17.5,0.0,0.0,0.0,0.0,1,1012.7,902.9,28,0,0,94,0.21,0.89,3.4,4.8,108,117,12.2,16.9,14.9,12.7,9.2,0.204,0.251,0.325,0.396,1,3600.0,374.0,284.0,90.0,661.4,374.0,571.9,449.4,341.2,108.1,661.4,449.4,687.1
1862,1862,41.51142,-7.6512756,989.0,2003-05-29T09:00,20.2,48,8.8,19.3,0.0,0.0,0.0,0.0,1,1012.7,903.7,29,0,0,98,0.35,1.24,4.9,6.1,126,130,16.6,18.7,15.0,12.7,9.2,0.203,0.251,0.325,0.396,1,3600.0,564.0,461.0,103.0,773.1,564.0,794.2,636.2,520.0,116.2,773.1,636.2,895.8
1861,1861,41.51142,-7.6512756,989.0,2003-05-29T10:00,22.0,40,7.7,21.8,0.0,0.0,0.0,0.0,1,1012.5,904.1,29,0,0,95,0.47,1.6,5.0,6.3,150,149,22.3,20.5,15.3,12.7,9.2,0.203,0.25,0.325,0.396,1,3600.0,727.0,605.0,122.0,818.5,727.0,984.4,786.9,654.8,132.0,818.5,786.9,1065.5
1860,1860,41.51142,-7.6512756,989.0,2003-05-29T11:00,23.4,35,7.1,23.2,0.0,0.0,0.0,0.0,0,1012.0,904.1,15,0,0,49,0.58,1.87,8.9,11.2,166,165,28.8,22.2,15.6,12.7,9.2,0.201,0.249,0.325,0.396,1,3600.0,861.0,743.0,118.0,876.0,861.0,1129.7,902.9,779.2,123.7,876.0,902.9,1184.6
1859,1859,41.51142,-7.6512756,989.0,2003-05-29T12:00,24.3,32,6.8,24.3,0.0,0.0,0.0,0.0,0,1012.0,904.4,7,0,0,23,0.65,2.06,10.1,13.4,174,174,30.6,23.5,16.0,12.7,9.2,0.2,0.249,0.324,0.396,1,3600.0,945.0,832.0,113.0,908.2,945.0,1220.1,964.5,849.2,115.3,908.2,964.5,1245.2
1858,1858,41.51142,-7.6512756,989.0,2003-05-29T13:00,25.0,31,6.7,25.2,0.0,0.0,0.0,0.0,0,1011.6,904.3,8,0,2,23,0.68,2.19,10.1,13.0,180,180,30.6,24.5,16.4,12.8,9.2,0.199,0.248,0.324,0.396,1,3600.0,972.0,860.0,112.0,916.7,972.0,1249.4,967.0,855.6,111.4,916.7,967.0,1243.1
1857,1857,41.51142,-7.6512756,989.0,2003-05-29T14:00,25.5,31,6.9,25.5,0.0,0.0,0.0,0.0,1,1010.8,903.8,23,0,5,67,0.66,2.27,9.8,12.7,188,188,29.5,25.1,16.8,12.8,9.2,0.197,0.247,0.324,0.396,1,3600.0,940.0,826.0,114.0,904.8,940.0,1215.8,911.0,800.5,110.5,904.8,911.0,1178.4
1856,1856,41.51142,-7.6512756,989.0,2003-05-29T15:00,25.7,30,6.9,25.3,0.0,0.0,0.0,0.0,1,1010.7,903.7,45,0,26,97,0.6,2.31,9.0,11.7,196,198,28.1,25.3,17.2,12.8,9.2,0.196,0.246,0.323,0.396,1,3600.0,842.0,709.0,133.0,841.9,842.0,1121.5,792.4,667.3,125.2,841.9,792.4,1055.5
1855,1855,41.51142,-7.6512756,989.0,2003-05-29T16:00,25.5,30,6.9,24.5,0.0,0.0,0.0,0.0,2,1010.7,903.7,64,0,58,97,0.51,2.28,8.2,10.7,221,222,25.2,24.9,17.5,12.8,9.2,0.195,0.246,0.323,0.396,1,3600.0,709.0,587.0,122.0,803.5,709.0,973.0,643.4,532.7,110.7,803.5,643.4,882.9
1854,1854,41.51142,-7.6512756,989.0,2003-05-29T17:00,25.0,33,7.4,23.2,0.0,0.0,0.0,0.0,2,1010.6,903.4,61,0,53,98,0.34,2.13,7.8,10.7,257,258,23.4,24.0,17.8,12.8,9.2,0.194,0.245,0.323,0.396,1,3600.0,440.0,237.0,203.0,404.5,440.0,780.3,379.1,204.2,174.9,404.5,379.1,672.3
1853,1853,41.51142,-7.6512756,989.0,2003-05-29T18:00,24.4,36,8.2,22.8,0.0,0.0,0.0,0.0,1,1010.9,903.5,48,0,36,88,0.26,1.97,7.9,12.7,294,295,21.6,23.2,18.0,12.9,9.2,0.194,0.245,0.323,0.396,1,3600.0,330.0,198.0,132.0,473.7,330.0,556.6,259.8,155.9,103.9,473.7,259.8,438.1
1852,1852,41.51142,-7.6512756,989.0,2003-05-29T19:00,22.8,44,10.0,22.1,0.0,0.0,0.0,0.0,1,1011.1,903.1,22,0,21,33,0.12,1.56,5.4,12.8,318,320,20.5,21.9,18.1,12.9,9.2,0.194,0.245,0.322,0.396,1,3600.0,149.0,85.0,64.0,356.9,149.0,317.2,92.2,52.6,39.6,356.9,92.2,196.2
1851,1851,41.51142,-7.6512756,989.0,2003-05-29T20:00,20.5,57,11.6,19.8,0.0,0.0,0.0,0.0,0,1011.5,902.7,10,0,9,14,0.06,1.04,8.4,12.9,329,333,16.6,20.2,18.1,12.9,9.2,0.194,0.245,0.322,0.396,0,1188.56,35.0,17.0,18.0,154.7,35.0,87.3,0.0,0.0,0.0,0.0,0.0,0.0
1850,1850,41.51142,-7.6512756,989.0,2003-05-29T21:00,18.6,63,11.4,18.0,0.0,0.0,0.0,0.0,0,1012.2,902.7,10,0,4,24,0.03,0.8,7.8,12.1,347,348,16.9,18.7,18.1,12.9,9.2,0.194,0.245,0.322,0.396,0,0.0,0.0,0.0,0.0,0.0,0.0,0.0,0.0,0.0,0.0,0.0,0.0,0.0
1849,1849,41.51142,-7.6512756,989.0,2003-05-29T22:00,17.4,65,10.9,16.7,0.0,0.0,0.0,0.0,1,1012.8,902.8,32,0,25,57,0.02,0.69,7.2,10.1,357,4,16.2,17.5,17.9,12.9,9.2,0.194,0.245,0.322,0.396,0,0.0,0.0,0.0,0.0,0.0,0.0,0.0,0.0,0.0,0.0,0.0,0.0,0.0
1848,1848,41.51142,-7.6512756,989.0,2003-05-29T23:00,16.1,72,10.9,15.4,0.0,0.0,0.0,0.0,1,1012.5,902.0,33,0,18,73,0.01,0.52,6.8,10.0,3,15,15.5,16.6,17.8,13.0,9.2,0.194,0.245,0.322,0.396,0,0.0,0.0,0.0,0.0,0.0,0.0,0.0,0.0,0.0,0.0,0.0,0.0,0.0
1847,1847,41.51142,-7.6512756,989.0,2003-05-30T00:00,14.9,78,11.1,14.6,0.0,0.0,0.0,0.0,1,1012.4,901.5,48,0,37,87,0.0,0.38,4.7,7.3,360,20,15.1,16.0,17.6,13.0,9.2,0.194,0.245,0.322,0.396,0,0.0,0.0,0.0,0.0,0.0,0.0,0.0,0.0,0.0,0.0,0.0,0.0,0.0
1846,1846,41.51142,-7.6512756,989.0,2003-05-30T01:00,14.6,80,11.2,14.3,0.0,0.0,0.0,0.0,1,1011.8,900.9,39,0,25,79,0.0,0.33,4.3,6.0,355,17,15.1,15.7,17.4,13.0,9.2,0.195,0.245,0.322,0.396,0,0.0,0.0,0.0,0.0,0.0,0.0,0.0,0.0,0.0,0.0,0.0,0.0,0.0
1845,1845,41.51142,-7.6512756,989.0,2003-05-30T02:00,14.6,78,10.9,14.2,0.0,0.0,0.0,0.0,1,1011.5,900.6,34,0,27,61,0.0,0.36,5.1,7.2,356,6,14.4,15.3,17.2,13.0,9.2,0.195,0.245,0.322,0.396,0,0.0,0.0,0.0,0.0,0.0,0.0,0.0,0.0,0.0,0.0,0.0,0.0,0.0
1844,1844,41.51142,-7.6512756,989.0,2003-05-30T03:00,13.9,83,11.1,13.7,0.1,0.1,0.0,0.0,51,1011.5,900.3,47,0,40,78,0.0,0.26,3.4,5.8,342,353,13.7,15.0,17.0,13.0,9.3,0.195,0.245,0.322,0.396,0,0.0,0.0,0.0,0.0,0.0,0.0,0.0,0.0,0.0,0.0,0.0,0.0,0.0
1843,1843,41.51142,-7.6512756,989.0,2003-05-30T04:00,13.5,86,11.2,13.3,0.0,0.0,0.0,0.0,2,1011.7,900.4,65,0,73,71,0.0,0.21,4.0,5.8,355,4,10.4,14.8,16.8,13.0,9.3,0.196,0.245,0.322,0.396,0,0.0,0.0,0.0,0.0,0.0,0.0,0.0,0.0,0.0,0.0,0.0,0.0,0.0
1842,1842,41.51142,-7.6512756,989.0,2003-05-30T05:00,13.5,87,11.3,13.4,0.0,0.0,0.0,0.0,2,1011.6,900.3,56,0,59,67,0.0,0.21,3.2,5.2,360,25,14.0,14.5,16.6,13.0,9.3,0.196,0.245,0.322,0.396,0,0.0,0.0,0.0,0.0,0.0,0.0,0.0,0.0,0.0,0.0,0.0,0.0,0.0
1841,1841,41.51142,-7.6512756,989.0,2003-05-30T06:00,13.7,89,12.0,14.1,0.0,0.0,0.0,0.0,2,1012.2,900.9,51,0,71,29,0.01,0.17,1.8,3.9,37,68,14.4,14.7,16.5,13.1,9.3,0.196,0.245,0.322,0.396,1,382.07,28.0,10.0,18.0,86.0,28.0,95.6,62.4,22.3,40.1,139.2,38.6,213.2
1840,1840,41.51142,-7.6512756,989.0,2003-05-30T07:00,16.6,77,12.5,17.2,0.0,0.0,0.0,0.0,1,1012.5,902.2,46,0,73,7,0.06,0.44,1.8,3.3,37,96,9.0,16.1,16.4,13.1,9.3,0.196,0.245,0.322,0.396,1,470.44,88.0,19.0,69.0,75.7,88.0,334.3,119.8,25.9,93.9,75.7,119.8,455.1
1839,1839,41.51142,-7.6512756,989.0,2003-05-30T08:00,19.3,65,12.4,19.9,0.0,0.0,0.0,0.0,1,1012.8,903.4,37,0,57,8,0.15,0.79,1.1,2.8,90,130,10.4,18.0,16.4,13.1,9.3,0.196,0.245,0.322,0.396,1,3600.0,238.0,120.0,118.0,278.8,238.0,573.1,285.8,144.1,141.7,278.8,285.8,688.2
1838,1838,41.51142,-7.6512756,989.0,2003-05-30T09:00,21.2,53,11.4,21.4,0.0,0.0,0.0,0.0,2,1013.0,904.3,52,0,51,71,0.28,1.18,1.9,2.6,202,196,12.6,20.0,16.5,13.1,9.3,0.196,0.245,0.322,0.396,1,3600.0,431.0,271.0,160.0,453.8,431.0,795.1,486.0,305.6,180.4,453.8,486.0,896.6
1837,1837,41.51142,-7.6512756,989.0,2003-05-30T10:00,22.6,48,11.0,23.0,0.0,0.0,0.0,0.0,1,1013.4,905.1,34,0,29,56,0.38,1.43,0.5,0.8,315,333,19.8,21.8,16.8,13.1,9.3,0.195,0.245,0.322,0.396,1,3600.0,574.0,394.0,180.0,532.5,574.0,985.2,621.2,426.4,194.8,532.5,621.2,1066.2
1836,1836,41.51142,-7.6512756,989.0,2003-05-30T11:00,23.3,45,10.5,24.9,0.0,0.0,0.0,0.0,1,1013.0,905.0,21,0,6,57,0.53,1.59,1.5,2.0,225,225,24.1,23.3,17.0,13.1,9.3,0.196,0.244,0.322,0.396,1,3600.0,799.0,617.0,182.0,726.7,799.0,1130.3,837.9,647.0,190.8,726.7,837.9,1185.3
1835,1835,41.51142,-7.6512756,989.0,2003-05-30T12:00,23.3,45,10.7,25.1,0.0,0.0,0.0,0.0,1,1012.8,904.8,24,0,1,79,0.6,1.58,4.3,5.4,222,222,27.4,24.1,17.4,13.1,9.3,0.2,0.244,0.321,0.396,1,3600.0,889.0,703.0,186.0,766.7,889.0,1220.7,907.3,717.5,189.8,766.7,907.3,1245.9
1834,1834,41.51142,-7.6512756,989.0,2003-05-30T13:00,22.6,46,10.4,23.5,2.0,2.0,0.0,0.0,61,1012.5,904.3,44,3,21,95,0.55,1.49,6.1,7.7,230,229,31.7,23.9,17.6,13.1,9.3,0.201,0.243,0.321,0.395,1,3600.0,819.0,519.0,300.0,552.7,819.0,1250.2,814.9,516.4,298.5,552.7,814.9,1243.9
1833,1833,41.51142,-7.6512756,989.0,2003-05-30T14:00,21.8,49,10.7,20.8,0.2,0.2,0.0,0.0,51,1013.4,904.8,52,1,36,97,0.41,1.33,10.2,13.0,247,246,33.8,23.2,17.9,13.2,9.3,0.206,0.243,0.321,0.395,1,3600.0,594.0,207.0,387.0,226.5,594.0,1216.8,575.8,200.6,375.1,226.5,575.8,1179.5
1832,1832,41.51142,-7.6512756,989.0,2003-05-30T15:00,22.2,45,9.8,20.7,0.0,0.0,0.0,0.0,2,1013.1,904.7,53,0,39,99,0.34,1.46,9.7,13.0,266,267,32.0,22.7,18.0,13.2,9.3,0.205,0.243,0.321,0.395,1,1721.64,438.0,99.0,339.0,117.4,438.0,1122.8,412.3,93.2,319.1,117.4,412.3,1056.9
1831,1831,41.51142,-7.6512756,989.0,2003-05-30T16:00,22.5,44,9.6,21.1,0.0,0.0,0.0,0.0,1,1013.2,904.9,43,0,22,100,0.35,1.54,9.4,12.6,266,267,25.9,22.9,18.2,13.2,9.3,0.205,0.243,0.321,0.395,1,3600.0,471.0,190.0,281.0,259.6,471.0,974.5,427.6,172.5,255.1,259.6,427.6,884.7
1830,1830,41.51142,-7.6512756,989.0,2003-05-30T17:00,22.3,44,9.4,20.8,0.0,0.0,0.0,0.0,2,1013.7,905.3,59,0,49,99,0.31,1.52,9.7,13.4,248,250,25.9,22.5,18.3,13.2,9.3,0.204,0.242,0.321,0.395,1,3600.0,414.0,169.0,245.0,287.6,414.0,782.2,357.0,145.7,211.3,287.6,357.0,674.5
1829,1829,41.51142,-7.6512756,989.0,2003-05-30T18:00,21.1,50,10.2,19.8,0.5,0.5,0.0,0.0,53,1015.1,906.1,64,4,50,100,0.18,1.27,9.7,15.0,222,226,23.0,21.4,18.4,13.2,9.3,0.204,0.242,0.32,0.395,1,1844.38,207.0,51.0,156.0,121.5,207.0,558.9,163.2,40.2,123.0,121.5,163.2,440.6
1828,1828,41.51142,-7.6512756,989.0,2003-05-30T19:00,17.0,80,13.5,17.1,1.4,1.4,0.0,0.0,61,1015.5,905.0,91,4,95,100,0.05,0.4,7.6,14.6,225,230,26.3,19.9,18.4,13.3,9.3,0.205,0.242,0.32,0.395,1,0.0,41.0,0.0,41.0,0.0,41.0,319.8,25.5,0.0,25.5,0.0,25.5,199.1
1827,1827,41.51142,-7.6512756,989.0,2003-05-30T20:00,15.8,80,12.4,15.6,0.4,0.4,0.0,0.0,51,1015.8,904.9,88,15,74,100,0.03,0.36,6.8,12.6,245,246,24.1,18.6,18.3,13.3,9.3,0.206,0.242,0.32,0.395,0,0.0,10.0,0.0,10.0,0.0,10.0,88.7,0.0,0.0,0.0,0.0,0.0,0.0
1826,1826,41.51142,-7.6512756,989.0,2003-05-30T21:00,15.0,81,11.7,14.7,0.3,0.3,0.0,0.0,51,1015.9,904.7,77,4,73,100,0.0,0.33,5.8,10.8,277,274,21.2,17.6,18.2,13.3,9.3,0.206,0.242,0.32,0.395,0,0.0,0.0,0.0,0.0,0.0,0.0,0.0,0.0,0.0,0.0,0.0,0.0,0.0
1825,1825,41.51142,-7.6512756,989.0,2003-05-30T22:00,14.3,84,11.6,14.2,0.0,0.0,0.0,0.0,2,1016.5,904.9,69,1,65,97,0.0,0.26,4.3,9.0,312,307,18.0,16.8,18.0,13.3,9.3,0.206,0.242,0.32,0.395,0,0.0,0.0,0.0,0.0,0.0,0.0,0.0,0.0,0.0,0.0,0.0,0.0,0.0
1824,1824,41.51142,-7.6512756,989.0,2003-05-30T23:00,13.7,87,11.5,13.9,0.0,0.0,0.0,0.0,1,1015.9,904.2,46,2,45,59,0.0,0.21,1.8,4.1,281,308,13.3,16.2,17.9,13.3,9.3,0.206,0.242,0.32,0.395,0,0.0,0.0,0.0,0.0,0.0,0.0,0.0,0.0,0.0,0.0,0.0,0.0,0.0
1823,1823,41.51142,-7.6512756,989.0,2003-05-31T00:00,13.0,89,11.2,13.0,0.0,0.0,0.0,0.0,0,1015.7,903.8,14,3,11,15,0.0,0.16,2.7,2.2,247,270,9.0,15.6,17.6,13.4,9.3,0.206,0.242,0.32,0.395,0,0.0,0.0,0.0,0.0,0.0,0.0,0.0,0.0,0.0,0.0,0.0,0.0,0.0
1822,1822,41.51142,-7.6512756,989.0,2003-05-31T01:00,12.6,93,11.5,12.6,0.0,0.0,0.0,0.0,2,1015.6,903.5,73,58,21,26,0.0,0.1,3.4,4.3,238,246,9.4,15.1,17.4,13.4,9.3,0.206,0.243,0.32,0.395,0,0.0,0.0,0.0,0.0,0.0,0.0,0.0,0.0,0.0,0.0,0.0,0.0,0.0
1821,1821,41.51142,-7.6512756,989.0,2003-05-31T02:00,12.7,91,11.4,12.7,0.0,0.0,0.0,0.0,3,1015.2,903.2,85,59,25,56,0.0,0.13,3.3,4.4,276,261,7.2,14.7,17.2,13.4,9.3,0.206,0.243,0.32,0.395,0,0.0,0.0,0.0,0.0,0.0,0.0,0.0,0.0,0.0,0.0,0.0,0.0,0.0
1820,1820,41.51142,-7.6512756,989.0,2003-05-31T03:00,12.5,92,11.2,12.6,0.0,0.0,0.0,0.0,3,1014.9,902.9,100,100,25,82,0.0,0.12,2.1,3.3,301,283,7.2,14.1,17.0,13.4,9.3,0.207,0.243,0.32,0.395,0,0.0,0.0,0.0,0.0,0.0,0.0,0.0,0.0,0.0,0.0,0.0,0.0,0.0
1819,1819,41.51142,-7.6512756,989.0,2003-05-31T04:00,11.9,94,11.0,12.0,0.0,0.0,0.0,0.0,3,1014.5,902.3,100,100,15,83,0.0,0.08,1.6,3.0,297,284,6.5,13.6,16.7,13.4,9.3,0.207,0.243,0.32,0.395,0,0.0,0.0,0.0,0.0,0.0,0.0,0.0,0.0,0.0,0.0,0.0,0.0,0.0
1818,1818,41.51142,-7.6512756,989.0,2003-05-31T05:00,10.9,98,10.6,10.9,0.0,0.0,0.0,0.0,3,1014.5,901.9,100,100,5,92,0.0,0.03,1.6,3.3,297,276,5.0,13.2,16.5,13.4,9.3,0.207,0.243,0.32,0.395,1,0.0,0.0,0.0,0.0,0.0,0.0,0.0,0.0,0.0,0.0,0.0,0.0,0.0
1817,1817,41.51142,-7.6512756,989.0,2003-05-31T06:00,11.3,98,10.9,11.4,0.0,0.0,0.0,0.0,3,1014.9,902.4,100,100,4,83,0.01,0.03,1.5,2.7,315,293,7.2,13.3,16.2,13.4,9.3,0.207,0.243,0.32,0.395,1,763.94,33.0,13.0,20.0,111.3,33.0,96.6,73.4,28.9,44.5,179.1,45.6,214.8
1816,1816,41.51142,-7.6512756,989.0,2003-05-31T07:00,12.2,95,11.5,12.4,0.0,0.0,0.0,0.0,3,1015.1,902.9,100,100,10,79,0.05,0.06,1.9,2.6,338,326,11.2,15.4,16.1,13.4,9.3,0.207,0.243,0.32,0.395,1,1054.98,110.0,24.0,86.0,95.2,110.0,335.7,149.6,32.6,116.9,95.2,149.6,456.4
1815,1815,41.51142,-7.6512756,989.0,2003-05-31T08:00,13.9,91,12.4,14.4,0.0,0.0,0.0,0.0,2,1015.2,903.6,63,49,7,49,0.12,0.14,1.5,2.5,346,352,11.5,16.6,16.1,13.4,9.3,0.207,0.243,0.32,0.395,1,2928.75,229.0,68.0,161.0,157.6,229.0,574.2,274.9,81.6,193.2,157.6,274.9,689.2
1814,1814,41.51142,-7.6512756,989.0,2003-05-31T09:00,16.1,73,11.4,16.5,0.0,0.0,0.0,0.0,0,1015.1,904.4,7,5,1,5,0.24,0.49,0.5,0.8,45,27,11.9,18.0,16.2,13.4,9.4,0.207,0.243,0.32,0.395,1,3600.0,405.0,221.0,184.0,369.6,405.0,796.0,456.6,249.2,207.4,369.6,456.6,897.4
1813,1813,41.51142,-7.6512756,989.0,2003-05-31T10:00,18.3,64,11.3,19.0,0.0,0.0,0.0,0.0,0,1015.1,905.1,4,4,0,0,0.39,0.76,2.3,3.1,231,234,15.5,20.2,16.3,13.4,9.4,0.206,0.242,0.32,0.395,1,3600.0,649.0,486.0,163.0,656.1,649.0,985.9,702.3,525.9,176.4,656.1,702.3,1066.8
1812,1812,41.51142,-7.6512756,989.0,2003-05-31T11:00,19.9,58,11.4,21.0,0.0,0.0,0.0,0.0,0,1014.9,905.5,0,0,0,0,0.47,0.97,4.3,5.6,204,207,19.1,21.8,16.6,13.5,9.4,0.205,0.242,0.32,0.395,1,3600.0,756.0,568.0,188.0,668.4,756.0,1131.0,792.7,595.6,197.1,668.4,792.7,1185.9
1811,1811,41.51142,-7.6512756,989.0,2003-05-31T12:00,21.3,54,11.5,23.0,0.0,0.0,0.0,0.0,0,1014.1,905.3,1,1,0,0,0.58,1.17,6.5,7.8,214,214,25.9,23.3,16.9,13.5,9.4,0.204,0.241,0.319,0.395,1,3600.0,911.0,751.0,160.0,818.4,911.0,1221.4,929.8,766.5,163.3,818.4,929.8,1246.6
1810,1810,41.51142,-7.6512756,989.0,2003-05-31T13:00,22.1,51,11.4,23.4,0.0,0.0,0.0,0.0,0,1013.4,904.9,11,5,7,8,0.57,1.31,7.9,10.2,223,225,27.7,24.2,17.2,13.5,9.4,0.202,0.241,0.319,0.395,1,3600.0,885.0,750.0,135.0,797.9,885.0,1251.0,880.6,746.3,134.3,797.9,880.6,1244.8
1809,1809,41.51142,-7.6512756,989.0,2003-05-31T14:00,22.4,49,11.2,23.0,0.0,0.0,0.0,0.0,0,1012.5,904.2,14,6,10,9,0.55,1.37,9.4,12.3,230,230,29.5,24.5,17.6,13.5,9.4,0.201,0.24,0.319,0.395,1,3600.0,830.0,667.0,163.0,729.0,830.0,1217.8,804.6,646.6,158.0,729.0,804.6,1180.5
1808,1808,41.51142,-7.6512756,989.0,2003-05-31T15:00,22.1,50,11.1,21.9,0.0,0.0,0.0,0.0,1,1012.2,903.9,20,7,15,17,0.49,1.33,11.6,14.8,240,241,32.8,24.3,17.8,13.5,9.4,0.201,0.24,0.318,0.395,1,3600.0,753.0,596.0,157.0,705.7,753.0,1124.0,709.0,561.2,147.8,705.7,709.0,1058.3
1807,1807,41.51142,-7.6512756,989.0,2003-05-31T16:00,21.1,53,11.1,19.9,0.0,0.0,0.0,0.0,1,1012.0,903.4,24,1,29,20,0.4,1.19,13.4,18.0,250,250,35.3,23.6,18.1,13.5,9.4,0.201,0.239,0.318,0.395,1,3600.0,619.0,457.0,162.0,623.1,619.0,976.1,562.1,415.0,147.1,623.1,562.1,886.4
1806,1806,41.51142,-7.6512756,989.0,2003-05-31T17:00,20.3,56,11.1,18.7,0.0,0.0,0.0,0.0,1,1012.1,903.2,25,2,28,20,0.32,1.06,13.7,19.1,268,269,35.6,22.7,18.2,13.5,9.4,0.201,0.239,0.318,0.395,1,3600.0,488.0,358.0,130.0,607.6,488.0,784.1,421.1,308.9,112.2,607.6,421.1,676.5
1805,1805,41.51142,-7.6512756,989.0,2003-05-31T18:00,19.2,60,11.1,17.9,0.0,0.0,0.0,0.0,0,1012.2,902.9,10,0,9,15,0.21,0.9,11.3,15.8,287,287,33.5,21.6,18.3,13.6,9.4,0.2,0.239,0.318,0.395,1,3600.0,311.0,225.0,86.0,533.6,311.0,561.2,245.5,177.6,67.9,533.6,245.5,443.0
1804,1804,41.51142,-7.6512756,989.0,2003-05-31T19:00,18.2,63,11.2,17.5,0.0,0.0,0.0,0.0,0,1012.5,902.8,10,1,6,19,0.11,0.77,7.9,12.6,294,297,27.7,20.3,18.4,13.6,9.4,0.2,0.239,0.318,0.395,1,3600.0,165.0,110.0,55.0,454.0,165.0,322.4,103.3,68.8,34.4,454.0,103.3,201.8
1803,1803,41.51142,-7.6512756,989.0,2003-05-31T20:00,16.6,71,11.2,16.1,0.0,0.0,0.0,0.0,0,1012.9,902.6,8,1,1,20,0.03,0.55,5.7,11.1,288,295,20.2,18.9,18.3,13.6,9.4,0.2,0.239,0.318,0.395,0,1339.53,34.0,18.0,16.0,160.7,34.0,90.1,0.0,0.0,0.0,0.0,0.0,0.0
1802,1802,41.51142,-7.6512756,989.0,2003-05-31T21:00,14.9,79,11.2,14.4,0.0,0.0,0.0,0.0,0,1014.0,903.0,9,3,1,20,0.0,0.37,6.5,9.3,276,286,14.8,17.5,18.2,13.6,9.4,0.2,0.239,0.318,0.395,0,0.0,0.0,0.0,0.0,0.0,0.0,0.0,0.0,0.0,0.0,0.0,0.0,0.0
1801,1801,41.51142,-7.6512756,989.0,2003-05-31T22:00,13.6,85,11.2,13.4,0.0,0.0,0.0,0.0,2,1014.7,903.1,51,53,1,8,0.0,0.23,4.2,9.6,250,250,13.3,16.5,18.0,13.6,9.4,0.2,0.239,0.318,0.394,0,0.0,0.0,0.0,0.0,0.0,0.0,0.0,0.0,0.0,0.0,0.0,0.0,0.0
1800,1800,41.51142,-7.6512756,989.0,2003-05-31T23:00,12.5,91,11.0,12.0,0.0,0.0,0.0,0.0,2,1014.8,902.8,67,73,1,2,0.0,0.13,5.3,8.2,242,247,13.0,15.6,17.8,13.6,9.4,0.2,0.239,0.318,0.394,0,0.0,0.0,0.0,0.0,0.0,0.0,0.0,0.0,0.0,0.0,0.0,0.0,0.0
1799,1799,41.51142,-7.6512756,989.0,2003-06-01T00:00,11.6,95,10.8,11.0,0.0,0.0,0.0,0.0,2,1014.4,902.1,70,73,0,14,0.0,0.07,6.4,8.7,243,246,13.0,14.8,17.6,13.6,9.4,0.201,0.239,0.318,0.394,0,0.0,0.0,0.0,0.0,0.0,0.0,0.0,0.0,0.0,0.0,0.0,0.0,0.0
1798,1798,41.51142,-7.6512756,989.0,2003-06-01T01:00,11.3,97,10.9,10.8,0.0,0.0,0.0,0.0,2,1014.3,901.9,75,71,0,38,0.0,0.04,5.5,8.6,247,248,13.3,14.4,17.3,13.7,9.4,0.201,0.239,0.318,0.394,0,0.0,0.0,0.0,0.0,0.0,0.0,0.0,0.0,0.0,0.0,0.0,0.0,0.0
1797,1797,41.51142,-7.6512756,989.0,2003-06-01T02:00,11.1,97,10.7,10.5,0.0,0.0,0.0,0.0,2,1013.8,901.4,50,39,0,50,0.0,0.04,5.6,8.7,243,246,14.0,14.2,17.1,13.7,9.4,0.201,0.239,0.318,0.394,0,0.0,0.0,0.0,0.0,0.0,0.0,0.0,0.0,0.0,0.0,0.0,0.0,0.0
1796,1796,41.51142,-7.6512756,989.0,2003-06-01T03:00,10.6,98,10.3,9.9,0.0,0.0,0.0,0.0,1,1013.5,900.9,46,36,0,45,0.0,0.03,5.7,9.0,252,254,13.7,13.9,16.9,13.7,9.4,0.201,0.239,0.318,0.394,0,0.0,0.0,0.0,0.0,0.0,0.0,0.0,0.0,0.0,0.0,0.0,0.0,0.0
1795,1795,41.51142,-7.6512756,989.0,2003-06-01T04:00,10.2,99,10.0,9.7,0.0,0.0,0.0,0.0,1,1013.4,900.7,32,27,0,26,0.0,0.02,4.1,6.5,232,236,13.3,13.7,16.6,13.7,9.4,0.201,0.239,0.318,0.394,0,0.0,0.0,0.0,0.0,0.0,0.0,0.0,0.0,0.0,0.0,0.0,0.0,0.0
1794,1794,41.51142,-7.6512756,989.0,2003-06-01T05:00,9.7,99,9.6,8.9,0.0,0.0,0.0,0.0,1,1013.3,900.4,40,27,0,54,0.0,0.01,4.6,7.8,231,236,13.7,13.1,16.4,13.7,9.4,0.201,0.239,0.318,0.394,1,0.0,0.0,0.0,0.0,0.0,0.0,0.0,0.0,0.0,0.0,0.0,0.0,0.0
1793,1793,41.51142,-7.6512756,989.0,2003-06-01T06:00,9.7,98,9.5,8.7,0.0,0.0,0.0,0.0,1,1013.8,900.9,49,20,12,80,0.01,0.02,6.0,9.2,245,249,17.3,13.1,16.2,13.7,9.4,0.201,0.239,0.318,0.394,1,766.73,33.0,13.0,20.0,110.7,33.0,98.3,72.6,28.6,44.0,176.1,45.7,216.3
1792,1792,41.51142,-7.6512756,989.0,2003-06-01T07:00,10.7,87,8.6,9.5,0.0,0.0,0.0,0.0,2,1013.7,901.1,62,17,29,96,0.05,0.17,5.8,7.7,240,242,18.4,13.8,16.0,13.7,9.4,0.201,0.239,0.318,0.394,1,0.0,98.0,15.0,83.0,59.2,98.0,337.0,133.1,20.4,112.7,59.2,133.1,457.5
1791,1791,41.51142,-7.6512756,989.0,2003-06-01T08:00,11.8,79,8.3,10.4,0.0,0.0,0.0,0.0,2,1013.4,901.3,54,6,32,98,0.12,0.29,6.6,8.4,225,227,20.2,14.9,15.9,13.7,9.4,0.201,0.239,0.318,0.394,1,2363.88,228.0,60.0,168.0,138.8,228.0,575.2,273.5,72.0,201.5,138.8,273.5,690.0
1790,1790,41.51142,-7.6512756,989.0,2003-06-01T09:00,13.2,71,8.1,11.6,0.0,0.0,0.0,0.0,2,1013.3,901.7,53,4,34,98,0.19,0.44,8.2,10.7,229,230,22.7,16.2,15.9,13.7,9.4,0.201,0.239,0.318,0.394,1,3210.12,350.0,100.0,250.0,167.0,350.0,796.7,394.5,112.7,281.8,167.0,394.5,898.0
1789,1789,41.51142,-7.6512756,989.0,2003-06-01T10:00,14.4,64,7.6,12.6,0.0,0.0,0.0,0.0,2,1013.9,902.7,60,3,48,96,0.26,0.6,8.3,10.7,236,237,26.3,17.3,15.9,13.7,9.4,0.201,0.239,0.317,0.394,1,3600.0,469.0,136.0,333.0,183.4,469.0,986.5,507.5,147.2,360.3,183.4,507.5,1067.4
1788,1788,41.51142,-7.6512756,989.0,2003-06-01T11:00,15.3,59,7.3,13.3,0.9,0.9,0.0,0.0,53,1013.5,902.6,61,2,51,95,0.29,0.71,8.7,11.4,240,242,33.8,18.2,16.0,13.7,9.4,0.202,0.239,0.317,0.394,1,3597.36,495.0,153.0,342.0,179.9,495.0,1131.5,519.0,160.4,358.6,179.9,519.0,1186.5
1787,1787,41.51142,-7.6512756,989.0,2003-06-01T12:00,15.5,60,7.8,13.8,0.4,0.4,0.0,0.0,51,1013.3,902.5,63,11,55,67,0.34,0.71,10.2,13.1,238,238,40.0,18.6,16.1,13.7,9.5,0.203,0.238,0.317,0.394,1,3600.0,600.0,250.0,350.0,272.2,600.0,1222.0,612.4,255.2,357.2,272.2,612.4,1247.2
1786,1786,41.51142,-7.6512756,989.0,2003-06-01T13:00,15.6,62,8.2,13.3,0.2,0.2,0.0,0.0,51,1013.2,902.5,71,43,51,5,0.23,0.68,12.5,16.5,237,238,41.4,18.7,16.2,13.7,9.5,0.207,0.238,0.317,0.394,1,2409.32,347.0,132.0,215.0,140.3,347.0,1251.7,345.3,131.4,214.0,140.3,345.3,1245.6
1785,1785,41.51142,-7.6512756,989.0,2003-06-01T14:00,15.9,64,9.1,13.3,1.0,1.0,0.0,0.0,55,1012.7,902.1,100,90,48,4,0.26,0.65,16.0,21.8,239,239,35.6,19.0,16.3,13.7,9.5,0.209,0.238,0.317,0.394,1,2064.76,416.0,118.0,298.0,128.8,416.0,1218.7,403.3,114.4,288.9,128.8,403.3,1181.6
1784,1784,41.51142,-7.6512756,989.0,2003-06-01T15:00,15.7,67,9.7,13.2,0.4,0.4,0.0,0.0,51,1012.6,902.0,100,97,40,11,0.21,0.59,17.1,23.7,240,240,38.9,18.7,16.4,13.7,9.5,0.213,0.238,0.317,0.394,1,3600.0,319.0,185.0,134.0,218.8,319.0,1125.2,300.4,174.2,126.2,218.8,300.4,1059.6
1783,1783,41.51142,-7.6512756,989.0,2003-06-01T16:00,15.5,70,10.2,13.4,0.0,0.0,0.0,0.0,3,1012.8,902.1,100,88,56,8,0.18,0.52,15.3,21.7,243,243,40.0,18.1,16.4,13.7,9.5,0.213,0.238,0.317,0.394,1,3426.05,271.0,128.0,143.0,174.2,271.0,977.6,246.2,116.3,129.9,174.2,246.2,888.1
1782,1782,41.51142,-7.6512756,989.0,2003-06-01T17:00,15.2,74,10.5,13.5,0.0,0.0,0.0,0.0,3,1012.7,901.9,100,91,82,1,0.13,0.46,12.9,19.0,243,243,37.8,17.8,16.4,13.7,9.5,0.213,0.238,0.317,0.394,1,1957.91,173.0,74.0,99.0,125.3,173.0,786.0,149.4,63.9,85.5,125.3,149.4,678.6
1781,1781,41.51142,-7.6512756,989.0,2003-06-01T18:00,14.6,77,10.7,13.3,0.0,0.0,0.0,0.0,3,1012.8,901.8,100,84,44,12,0.07,0.38,10.6,16.4,242,241,35.3,17.0,16.4,13.7,9.5,0.214,0.238,0.317,0.394,1,0.0,60.0,0.0,60.0,0.0,60.0,563.4,47.4,0.0,47.4,0.0,47.4,445.4
1780,1780,41.51142,-7.6512756,989.0,2003-06-01T19:00,14.0,82,11.0,12.8,0.0,0.0,0.0,0.0,3,1012.7,901.5,100,83,37,10,0.05,0.29,10.5,16.8,239,239,29.9,16.4,16.4,13.8,9.5,0.214,0.238,0.317,0.394,1,410.72,49.0,18.0,31.0,73.7,49.0,325.0,30.8,11.3,19.5,73.7,30.8,204.5
1779,1779,41.51142,-7.6512756,989.0,2003-06-01T20:00,13.5,87,11.3,12.6,0.0,0.0,0.0,0.0,3,1012.9,901.5,100,99,16,6,0.03,0.21,8.6,15.0,237,240,27.4,15.8,16.3,13.8,9.5,0.215,0.238,0.317,0.394,0,0.0,10.0,3.0,7.0,26.5,10.0,91.4,0.0,0.0,0.0,0.0,0.0,0.0
1778,1778,41.51142,-7.6512756,989.0,2003-06-01T21:00,13.2,90,11.5,12.5,0.0,0.0,0.0,0.0,3,1013.4,901.8,100,100,2,37,0.0,0.16,8.3,12.9,236,240,23.4,15.4,16.2,13.8,9.5,0.215,0.238,0.317,0.394,0,0.0,0.0,0.0,0.0,0.0,0.0,0.0,0.0,0.0,0.0,0.0,0.0,0.0
1777,1777,41.51142,-7.6512756,989.0,2003-06-01T22:00,13.0,92,11.7,12.4,0.2,0.2,0.0,0.0,51,1014.2,902.4,79,65,12,44,0.0,0.13,7.9,12.9,240,240,24.1,15.1,16.1,13.8,9.5,0.216,0.238,0.317,0.394,0,0.0,0.0,0.0,0.0,0.0,0.0,0.0,0.0,0.0,0.0,0.0,0.0,0.0
1776,1776,41.51142,-7.6512756,989.0,2003-06-01T23:00,13.0,90,11.4,12.5,0.1,0.1,0.0,0.0,51,1014.1,902.4,84,76,13,25,0.0,0.15,7.0,13.6,249,253,23.8,14.9,16.0,13.8,9.5,0.217,0.238,0.317,0.394,0,0.0,0.0,0.0,0.0,0.0,0.0,0.0,0.0,0.0,0.0,0.0,0.0,0.0
1775,1775,41.51142,-7.6512756,989.0,2003-06-02T00:00,12.8,90,11.1,12.2,0.0,0.0,0.0,0.0,3,1014.3,902.4,93,69,9,86,0.0,0.15,6.4,12.8,254,260,22.0,14.6,15.9,13.8,9.5,0.218,0.238,0.317,0.394,0,0.0,0.0,0.0,0.0,0.0,0.0,0.0,0.0,0.0,0.0,0.0,0.0,0.0
1774,1774,41.51142,-7.6512756,989.0,2003-06-02T01:00,12.0,92,10.7,11.2,0.0,0.0,0.0,0.0,3,1014.0,901.9,100,80,2,100,0.0,0.12,7.3,11.9,261,267,19.8,14.2,15.7,13.8,9.5,0.218,0.239,0.317,0.394,0,0.0,0.0,0.0,0.0,0.0,0.0,0.0,0.0,0.0,0.0,0.0,0.0,0.0
1773,1773,41.51142,-7.6512756,989.0,2003-06-02T02:00,11.6,91,10.2,10.8,0.0,0.0,0.0,0.0,3,1013.7,901.5,93,67,5,99,0.0,0.12,6.1,10.1,267,270,19.8,14.0,15.6,13.8,9.5,0.219,0.239,0.317,0.394,0,0.0,0.0,0.0,0.0,0.0,0.0,0.0,0.0,0.0,0.0,0.0,0.0,0.0
1772,1772,41.51142,-7.6512756,989.0,2003-06-02T03:00,11.2,92,9.9,10.4,0.0,0.0,0.0,0.0,3,1013.5,901.1,100,64,33,98,0.0,0.11,5.1,8.3,262,268,19.8,13.7,15.5,13.8,9.5,0.219,0.239,0.317,0.394,0,0.0,0.0,0.0,0.0,0.0,0.0,0.0,0.0,0.0,0.0,0.0,0.0,0.0
1771,1771,41.51142,-7.6512756,989.0,2003-06-02T04:00,10.8,92,9.6,10.0,0.1,0.1,0.0,0.0,51,1013.6,901.1,100,64,65,97,0.0,0.1,4.8,7.3,257,261,18.7,13.4,15.3,13.8,9.5,0.219,0.239,0.316,0.394,0,0.0,0.0,0.0,0.0,0.0,0.0,0.0,0.0,0.0,0.0,0.0,0.0,0.0
1770,1770,41.51142,-7.6512756,989.0,2003-06-02T05:00,10.3,94,9.3,9.6,0.0,0.0,0.0,0.0,3,1013.5,900.8,92,60,33,62,0.0,0.08,3.7,5.4,241,250,18.7,13.0,15.2,13.8,9.5,0.219,0.239,0.316,0.394,1,0.0,0.0,0.0,0.0,0.0,0.0,0.0,0.0,0.0,0.0,0.0,0.0,0.0
1769,1769,41.51142,-7.6512756,989.0,2003-06-02T06:00,10.2,93,9.0,9.4,0.0,0.0,0.0,0.0,3,1014.1,901.3,100,62,69,11,0.01,0.09,3.8,6.1,221,225,17.3,12.9,15.0,13.8,9.5,0.219,0.239,0.316,0.394,1,0.0,26.0,7.0,19.0,59.4,26.0,99.8,56.7,15.3,41.4,93.3,36.1,217.6
1768,1768,41.51142,-7.6512756,989.0,2003-06-02T07:00,10.8,88,8.9,9.8,0.0,0.0,0.0,0.0,2,1014.2,901.6,70,16,63,60,0.06,0.16,5.4,7.1,222,221,17.3,13.4,14.9,13.8,9.5,0.219,0.239,0.316,0.394,1,3600.0,137.0,62.0,75.0,243.9,137.0,338.1,185.8,84.1,101.7,243.9,185.8,458.5
1767,1767,41.51142,-7.6512756,989.0,2003-06-02T08:00,12.0,77,8.1,10.6,0.0,0.0,0.0,0.0,1,1014.0,901.9,34,16,21,23,0.14,0.33,6.6,8.4,225,227,19.8,14.4,14.9,13.8,9.5,0.219,0.239,0.316,0.394,1,3600.0,276.0,176.0,100.0,406.4,276.0,576.1,331.0,211.0,119.9,406.4,331.0,690.8
1766,1766,41.51142,-7.6512756,989.0,2003-06-02T09:00,13.2,68,7.5,11.5,0.0,0.0,0.0,0.0,0,1013.7,902.1,18,17,4,2,0.23,0.49,7.7,9.7,229,231,23.0,15.6,14.9,13.8,9.5,0.219,0.239,0.316,0.394,1,3600.0,446.0,273.0,173.0,455.4,446.0,797.4,502.6,307.7,195.0,455.4,502.6,898.6
1765,1765,41.51142,-7.6512756,989.0,2003-06-02T10:00,14.5,59,6.7,12.6,0.0,0.0,0.0,0.0,2,1013.6,902.5,61,54,0,41,0.33,0.67,9.9,12.5,213,213,26.6,17.1,15.0,13.8,9.5,0.218,0.239,0.316,0.394,1,3600.0,609.0,463.0,146.0,624.0,609.0,987.0,658.9,500.9,158.0,624.0,658.9,1067.9
1764,1764,41.51142,-7.6512756,989.0,2003-06-02T11:00,15.6,54,6.2,13.5,0.0,0.0,0.0,0.0,3,1013.6,902.8,89,66,12,76,0.37,0.82,12.0,15.7,213,212,30.6,18.3,15.1,13.8,9.5,0.217,0.238,0.316,0.393,1,3600.0,659.0,407.0,252.0,478.2,659.0,1132.0,691.0,426.8,264.2,478.2,691.0,1187.0
1763,1763,41.51142,-7.6512756,989.0,2003-06-02T12:00,16.5,50,6.0,13.9,0.0,0.0,0.0,0.0,3,1013.0,902.6,100,92,19,96,0.37,0.94,13.6,17.8,212,212,33.1,19.1,15.3,13.8,9.5,0.216,0.238,0.316,0.393,1,3600.0,614.0,308.0,306.0,335.1,614.0,1222.5,626.7,314.4,312.3,335.1,626.7,1247.8
1762,1762,41.51142,-7.6512756,989.0,2003-06-02T13:00,17.5,47,5.9,14.7,0.0,0.0,0.0,0.0,3,1012.8,902.8,100,94,52,97,0.39,1.07,14.8,20.2,214,215,33.8,19.9,15.6,13.8,9.5,0.215,0.238,0.316,0.393,1,3600.0,620.0,292.0,328.0,310.1,620.0,1252.3,617.0,290.6,326.4,310.1,617.0,1246.3
1761,1761,41.51142,-7.6512756,989.0,2003-06-02T14:00,17.7,47,6.2,14.7,0.0,0.0,0.0,0.0,3,1012.7,902.8,100,61,58,98,0.3,1.08,14.3,19.9,227,226,35.6,20.1,15.8,13.8,9.5,0.214,0.237,0.315,0.393,1,3009.66,424.0,147.0,277.0,160.3,424.0,1219.5,411.2,142.5,268.6,160.3,411.2,1182.6
1760,1760,41.51142,-7.6512756,989.0,2003-06-02T15:00,17.7,48,6.5,14.7,0.2,0.2,0.0,0.0,51,1012.6,902.7,100,61,77,97,0.3,1.06,14.8,20.7,231,231,37.8,20.0,16.0,13.8,9.5,0.213,0.237,0.315,0.393,1,3600.0,427.0,171.0,256.0,201.9,427.0,1126.3,402.2,161.1,241.1,201.9,402.2,1060.9
1759,1759,41.51142,-7.6512756,989.0,2003-06-02T16:00,16.5,56,7.6,13.8,0.0,0.0,0.0,0.0,3,1012.4,902.1,100,55,80,98,0.22,0.83,14.5,20.5,235,236,38.5,19.4,16.1,13.8,9.6,0.215,0.237,0.315,0.393,1,482.28,309.0,56.0,253.0,76.1,309.0,979.0,280.8,50.9,229.9,76.1,280.8,889.7
1758,1758,41.51142,-7.6512756,989.0,2003-06-02T17:00,15.3,63,8.3,12.8,0.0,0.0,0.0,0.0,3,1012.3,901.6,89,52,55,32,0.15,0.65,14.4,20.6,233,234,38.2,18.3,16.2,13.8,9.6,0.215,0.237,0.315,0.393,1,0.0,172.0,13.0,159.0,21.9,172.0,787.8,148.6,11.2,137.4,21.9,148.6,680.5
1757,1757,41.51142,-7.6512756,989.0,2003-06-02T18:00,14.4,68,8.6,11.9,0.0,0.0,0.0,0.0,2,1012.1,901.1,60,36,46,1,0.12,0.52,14.8,21.5,231,232,34.2,17.4,16.2,13.8,9.6,0.215,0.237,0.315,0.393,1,0.0,140.0,22.0,118.0,51.7,140.0,565.5,110.8,17.4,93.4,51.7,110.8,447.7
1756,1756,41.51142,-7.6512756,989.0,2003-06-02T19:00,13.6,68,7.7,11.0,0.5,0.5,0.0,0.0,53,1012.2,900.9,39,10,41,18,0.09,0.51,13.5,20.4,228,228,38.2,16.6,16.2,13.8,9.6,0.214,0.237,0.315,0.393,1,3600.0,117.0,53.0,64.0,215.3,117.0,327.4,74.0,33.5,40.5,215.3,74.0,207.1
1755,1755,41.51142,-7.6512756,989.0,2003-06-02T20:00,12.8,72,7.9,10.8,0.0,0.0,0.0,0.0,1,1012.1,900.5,47,9,64,1,0.04,0.41,10.2,17.3,222,223,34.9,15.6,16.1,13.8,9.6,0.214,0.237,0.315,0.393,0,265.17,25.0,9.0,16.0,78.9,25.0,92.6,0.0,0.0,0.0,0.0,0.0,0.0
1754,1754,41.51142,-7.6512756,989.0,2003-06-02T21:00,12.2,76,8.1,10.4,0.0,0.0,0.0,0.0,1,1012.4,900.5,38,6,55,0,0.01,0.34,9.0,16.9,217,218,29.5,14.8,16.0,13.8,9.6,0.214,0.237,0.315,0.393,0,0.0,0.0,0.0,0.0,0.0,0.0,0.0,0.0,0.0,0.0,0.0,0.0,0.0
1753,1753,41.51142,-7.6512756,989.0,2003-06-02T22:00,11.6,80,8.2,9.7,0.0,0.0,0.0,0.0,1,1012.9,900.8,38,13,43,0,0.01,0.28,10.4,18.3,214,216,28.8,14.1,15.9,13.8,9.6,0.214,0.237,0.315,0.393,0,0.0,0.0,0.0,0.0,0.0,0.0,0.0,0.0,0.0,0.0,0.0,0.0,0.0
1752,1752,41.51142,-7.6512756,989.0,2003-06-02T23:00,11.2,83,8.3,9.4,0.0,0.0,0.0,0.0,2,1012.5,900.3,72,51,43,0,0.0,0.23,9.4,17.8,212,216,29.5,13.7,15.7,13.8,9.6,0.214,0.237,0.315,0.393,0,0.0,0.0,0.0,0.0,0.0,0.0,0.0,0.0,0.0,0.0,0.0,0.0,0.0
1751,1751,41.51142,-7.6512756,989.0,2003-06-03T00:00,10.8,85,8.3,8.9,0.0,0.0,0.0,0.0,2,1012.6,900.2,74,53,44,0,0.0,0.2,10.0,17.9,218,220,29.5,13.2,15.5,13.8,9.6,0.214,0.237,0.315,0.393,0,0.0,0.0,0.0,0.0,0.0,0.0,0.0,0.0,0.0,0.0,0.0,0.0,0.0
1750,1750,41.51142,-7.6512756,989.0,2003-06-03T01:00,10.6,87,8.5,8.8,0.0,0.0,0.0,0.0,3,1012.1,899.7,92,72,45,0,0.0,0.16,9.5,17.6,217,221,29.5,12.9,15.4,13.8,9.6,0.215,0.237,0.315,0.393,0,0.0,0.0,0.0,0.0,0.0,0.0,0.0,0.0,0.0,0.0,0.0,0.0,0.0
1749,1749,41.51142,-7.6512756,989.0,2003-06-03T02:00,10.2,89,8.5,8.3,0.0,0.0,0.0,0.0,3,1011.9,899.4,100,79,48,0,0.0,0.13,10.2,17.5,212,217,28.4,12.5,15.2,13.8,9.6,0.215,0.237,0.315,0.393,0,0.0,0.0,0.0,0.0,0.0,0.0,0.0,0.0,0.0,0.0,0.0,0.0,0.0
1748,1748,41.51142,-7.6512756,989.0,2003-06-03T03:00,10.2,90,8.6,8.7,0.0,0.0,0.0,0.0,3,1011.6,899.1,100,88,46,0,0.0,0.13,8.3,14.3,198,205,28.1,12.4,15.0,13.8,9.6,0.215,0.237,0.315,0.393,0,0.0,0.0,0.0,0.0,0.0,0.0,0.0,0.0,0.0,0.0,0.0,0.0,0.0
1747,1747,41.51142,-7.6512756,989.0,2003-06-03T04:00,10.4,89,8.6,9.0,0.0,0.0,0.0,0.0,3,1011.7,899.3,100,97,43,0,0.0,0.14,7.6,12.4,180,188,27.0,12.4,14.8,13.8,9.6,0.215,0.237,0.315,0.393,0,0.0,0.0,0.0,0.0,0.0,0.0,0.0,0.0,0.0,0.0,0.0,0.0,0.0
1746,1746,41.51142,-7.6512756,989.0,2003-06-03T05:00,10.6,88,8.7,9.3,0.0,0.0,0.0,0.0,3,1011.3,899.0,100,99,55,0,0.0,0.16,7.0,11.2,168,174,25.2,12.4,14.7,13.8,9.6,0.215,0.237,0.315,0.393,1,0.0,0.0,0.0,0.0,0.0,0.0,0.0,0.0,0.0,0.0,0.0,0.0,0.0
1745,1745,41.51142,-7.6512756,989.0,2003-06-03T06:00,11.0,87,8.8,9.7,0.0,0.0,0.0,0.0,3,1011.7,899.5,100,100,41,0,0.03,0.18,6.6,10.2,167,170,24.5,12.7,14.6,13.8,9.6,0.215,0.237,0.315,0.393,1,0.0,6.0,1.0,5.0,8.4,6.0,101.2,13.0,2.2,10.8,13.1,8.3,218.9
1744,1744,41.51142,-7.6512756,989.0,2003-06-03T07:00,11.5,87,9.5,10.4,0.0,0.0,0.0,0.0,3,1011.9,899.8,100,100,23,0,0.03,0.17,7.1,9.8,165,172,21.6,13.0,14.5,13.8,9.6,0.216,0.237,0.315,0.393,1,0.0,29.0,1.0,28.0,3.9,29.0,339.2,39.3,1.4,37.9,3.9,39.3,459.5
1743,1743,41.51142,-7.6512756,989.0,2003-06-03T08:00,11.9,87,9.8,10.6,0.0,0.0,0.0,0.0,3,1011.9,900.0,100,100,19,0,0.04,0.18,9.0,12.2,178,180,22.3,13.3,14.4,13.8,9.6,0.217,0.237,0.315,0.393,1,0.0,20.0,0.0,20.0,0.0,20.0,576.9,24.0,0.0,24.0,0.0,24.0,691.5
1742,1742,41.51142,-7.6512756,989.0,2003-06-03T09:00,12.6,86,10.3,11.4,0.0,0.0,0.0,0.0,3,1012.1,900.4,98,100,13,0,0.06,0.21,9.4,13.3,182,183,24.8,13.7,14.3,13.8,9.6,0.218,0.237,0.315,0.393,1,0.0,71.0,0.0,71.0,0.0,71.0,798.0,80.0,0.0,80.0,0.0,80.0,899.1
1741,1741,41.51142,-7.6512756,989.0,2003-06-03T10:00,13.7,82,10.7,12.5,0.4,0.4,0.0,0.0,51,1012.2,900.9,100,98,26,0,0.14,0.28,9.7,13.7,184,185,28.8,14.6,14.3,13.7,9.6,0.22,0.237,0.315,0.393,1,906.67,230.0,67.0,163.0,90.2,230.0,987.5,248.8,72.5,176.3,90.2,248.8,1068.3
1740,1740,41.51142,-7.6512756,989.0,2003-06-03T11:00,14.7,77,10.7,13.3,0.3,0.3,0.0,0.0,51,1011.7,900.8,100,94,32,0,0.21,0.39,10.9,15.6,186,187,36.0,15.6,14.4,13.7,9.6,0.221,0.237,0.315,0.393,1,3343.12,377.0,146.0,231.0,171.4,377.0,1132.4,395.3,153.1,242.2,171.4,395.3,1187.4
1739,1739,41.51142,-7.6512756,989.0,2003-06-03T12:00,16.1,69,10.4,14.2,0.2,0.2,0.0,0.0,51,1012.0,901.6,91,66,29,46,0.26,0.56,14.1,19.0,199,199,37.1,16.6,14.5,13.7,9.6,0.223,0.237,0.314,0.393,1,2440.37,432.0,130.0,302.0,141.3,432.0,1223.0,441.0,132.7,308.3,141.3,441.0,1248.3
1738,1738,41.51142,-7.6512756,989.0,2003-06-03T13:00,16.9,67,10.8,15.4,0.3,0.3,0.0,0.0,51,1012.1,902.0,80,52,20,72,0.34,0.63,13.2,18.4,209,211,42.1,17.5,14.7,13.7,9.6,0.225,0.237,0.314,0.393,1,3600.0,584.0,304.0,280.0,322.6,584.0,1253.0,581.2,302.6,278.7,322.6,581.2,1247.0
1737,1737,41.51142,-7.6512756,989.0,2003-06-03T14:00,16.9,72,11.8,15.9,0.1,0.1,0.0,0.0,51,1011.6,901.5,90,67,20,58,0.34,0.55,13.4,18.5,216,217,46.4,18.1,14.8,13.7,9.6,0.225,0.237,0.314,0.393,1,3600.0,622.0,416.0,206.0,453.3,622.0,1220.4,603.2,403.4,199.8,453.3,603.2,1183.5
1736,1736,41.51142,-7.6512756,989.0,2003-06-03T15:00,16.8,77,12.7,15.8,0.3,0.3,0.0,0.0,51,1011.3,901.2,61,39,34,19,0.3,0.45,13.3,17.9,218,220,47.2,18.5,15.0,13.7,9.6,0.227,0.237,0.314,0.393,1,3600.0,557.0,296.0,261.0,349.1,557.0,1127.4,524.8,278.9,245.9,349.1,524.8,1062.2
1735,1735,41.51142,-7.6512756,989.0,2003-06-03T16:00,16.7,77,12.6,15.4,0.3,0.3,0.0,0.0,51,1011.0,900.9,50,31,31,11,0.23,0.45,14.7,20.0,216,218,46.8,18.6,15.2,13.7,9.6,0.227,0.237,0.314,0.393,1,3600.0,415.0,204.0,211.0,276.6,415.0,980.5,377.3,185.4,191.8,276.6,377.3,891.3
1734,1734,41.51142,-7.6512756,989.0,2003-06-03T17:00,16.4,77,12.3,14.9,0.2,0.2,0.0,0.0,51,1010.9,900.7,60,49,19,15,0.21,0.43,15.5,22.2,222,223,43.6,18.3,15.3,13.7,9.6,0.227,0.237,0.314,0.393,1,3600.0,378.0,220.0,158.0,370.5,378.0,789.5,326.8,190.2,136.6,370.5,326.8,682.5
1733,1733,41.51142,-7.6512756,989.0,2003-06-03T18:00,15.7,78,11.8,14.1,0.0,0.0,0.0,0.0,1,1010.9,900.5,40,31,19,3,0.15,0.39,14.8,21.6,225,226,40.7,17.7,15.4,13.7,9.6,0.227,0.237,0.314,0.393,1,3600.0,273.0,183.0,90.0,428.7,273.0,567.6,216.4,145.1,71.3,428.7,216.4,450.0
1732,1732,41.51142,-7.6512756,989.0,2003-06-03T19:00,14.2,81,10.9,12.4,0.0,0.0,0.0,0.0,1,1011.0,900.0,26,22,9,3,0.07,0.31,14.0,21.4,228,229,38.5,16.6,15.5,13.7,9.6,0.228,0.237,0.314,0.393,1,1586.2,95.0,28.0,67.0,112.9,95.0,329.8,60.4,17.8,42.6,112.9,60.4,209.6
1731,1731,41.51142,-7.6512756,989.0,2003-06-03T20:00,13.1,85,10.7,11.6,0.0,0.0,0.0,0.0,1,1011.4,900.0,46,46,6,5,0.03,0.22,11.7,20.2,227,230,36.4,15.5,15.4,13.7,9.7,0.228,0.237,0.314,0.393,0,512.02,28.0,11.0,17.0,95.6,28.0,93.9,0.0,0.0,0.0,0.0,0.0,0.0
1730,1730,41.51142,-7.6512756,989.0,2003-06-03T21:00,12.3,88,10.5,10.9,0.0,0.0,0.0,0.0,2,1012.1,900.3,67,73,1,4,0.0,0.17,11.0,19.4,221,227,32.4,14.7,15.4,13.7,9.7,0.229,0.237,0.314,0.393,0,0.0,0.0,0.0,0.0,0.0,0.0,0.0,0.0,0.0,0.0,0.0,0.0,0.0
1729,1729,41.51142,-7.6512756,989.0,2003-06-03T22:00,11.8,90,10.3,10.3,0.0,0.0,0.0,0.0,2,1012.6,900.6,79,81,8,4,0.0,0.14,11.3,19.8,211,217,32.0,14.1,15.3,13.7,9.7,0.229,0.237,0.314,0.393,0,0.0,0.0,0.0,0.0,0.0,0.0,0.0,0.0,0.0,0.0,0.0,0.0,0.0
1728,1728,41.51142,-7.6512756,989.0,2003-06-03T23:00,11.5,91,10.2,10.2,0.0,0.0,0.0,0.0,2,1012.5,900.4,77,68,18,16,0.0,0.12,9.7,17.1,207,210,30.6,13.8,15.2,13.7,9.7,0.229,0.237,0.314,0.392,0,0.0,0.0,0.0,0.0,0.0,0.0,0.0,0.0,0.0,0.0,0.0,0.0,0.0
1727,1727,41.51142,-7.6512756,989.0,2003-06-04T00:00,11.4,92,10.1,10.2,0.0,0.0,0.0,0.0,3,1012.5,900.3,100,98,33,10,0.0,0.11,8.6,15.8,195,201,25.6,13.5,15.0,13.7,9.7,0.229,0.237,0.314,0.392,0,0.0,0.0,0.0,0.0,0.0,0.0,0.0,0.0,0.0,0.0,0.0,0.0,0.0
1726,1726,41.51142,-7.6512756,989.0,2003-06-04T01:00,11.0,92,9.7,9.8,0.0,0.0,0.0,0.0,3,1012.1,899.8,100,99,28,0,0.0,0.11,7.9,14.7,180,191,23.8,13.2,14.9,13.7,9.7,0.229,0.237,0.314,0.392,0,0.0,0.0,0.0,0.0,0.0,0.0,0.0,0.0,0.0,0.0,0.0,0.0,0.0
1725,1725,41.51142,-7.6512756,989.0,2003-06-04T02:00,11.0,91,9.5,9.7,0.0,0.0,0.0,0.0,3,1011.9,899.6,100,100,28,0,0.0,0.12,8.0,13.3,175,180,23.4,13.1,14.8,13.7,9.7,0.229,0.237,0.314,0.392,0,0.0,0.0,0.0,0.0,0.0,0.0,0.0,0.0,0.0,0.0,0.0,0.0,0.0
1724,1724,41.51142,-7.6512756,989.0,2003-06-04T03:00,10.9,91,9.4,9.7,0.0,0.0,0.0,0.0,3,1011.8,899.5,100,100,33,0,0.0,0.12,7.3,13.0,169,175,23.8,12.9,14.7,13.7,9.7,0.23,0.237,0.314,0.392,0,0.0,0.0,0.0,0.0,0.0,0.0,0.0,0.0,0.0,0.0,0.0,0.0,0.0
1723,1723,41.51142,-7.6512756,989.0,2003-06-04T04:00,11.0,90,9.4,9.7,0.3,0.3,0.0,0.0,51,1011.6,899.4,100,100,30,0,0.0,0.13,7.8,12.7,167,172,23.8,12.9,14.6,13.7,9.7,0.231,0.238,0.314,0.392,0,0.0,0.0,0.0,0.0,0.0,0.0,0.0,0.0,0.0,0.0,0.0,0.0,0.0
1722,1722,41.51142,-7.6512756,989.0,2003-06-04T05:00,11.0,90,9.4,9.8,0.6,0.6,0.0,0.0,53,1011.8,899.6,100,100,44,0,0.0,0.13,7.4,12.8,157,164,25.9,12.7,14.4,13.7,9.7,0.234,0.238,0.314,0.392,1,0.0,0.0,0.0,0.0,0.0,0.0,0.0,0.0,0.0,0.0,0.0,0.0,0.0
1721,1721,41.51142,-7.6512756,989.0,2003-06-04T06:00,11.0,90,9.5,10.0,0.4,0.4,0.0,0.0,51,1012.1,899.8,100,100,44,0,0.02,0.13,5.9,10.0,166,165,25.2,12.7,14.3,13.7,9.7,0.235,0.238,0.314,0.392,1,0.0,13.0,0.0,13.0,0.0,13.0,102.4,27.9,0.0,27.9,0.0,18.1,220.0
1720,1720,41.51142,-7.6512756,989.0,2003-06-04T07:00,11.4,93,10.2,10.7,1.1,1.1,0.0,0.0,55,1012.7,900.5,100,100,45,0,0.03,0.1,5.1,8.3,184,182,25.2,13.0,14.2,13.7,9.7,0.243,0.238,0.314,0.392,1,0.0,37.0,1.0,36.0,3.9,37.0,340.2,50.1,1.4,48.7,3.9,50.1,460.3
1719,1719,41.51142,-7.6512756,989.0,2003-06-04T08:00,11.7,93,10.6,11.3,0.2,0.2,0.0,0.0,51,1013.0,900.9,100,100,50,0,0.05,0.1,4.2,7.2,200,207,25.2,13.3,14.2,13.7,9.7,0.247,0.238,0.314,0.392,1,0.0,68.0,0.0,68.0,0.0,68.0,577.6,81.5,0.0,81.5,0.0,81.5,692.1
1718,1718,41.51142,-7.6512756,989.0,2003-06-04T09:00,12.4,92,11.1,12.1,0.3,0.3,0.0,0.0,51,1013.5,901.6,100,99,37,0,0.08,0.12,4.4,6.1,215,220,27.4,13.7,14.1,13.7,9.7,0.25,0.238,0.314,0.392,1,0.0,122.0,9.0,113.0,15.0,122.0,798.5,137.4,10.1,127.3,15.0,137.4,899.6
1717,1717,41.51142,-7.6512756,989.0,2003-06-04T10:00,13.4,89,11.6,13.3,0.7,0.7,0.0,0.0,53,1013.9,902.3,100,99,59,0,0.12,0.17,3.9,5.9,248,259,27.4,14.5,14.2,13.7,9.7,0.257,0.238,0.314,0.392,1,0.0,208.0,15.0,193.0,20.2,208.0,987.9,225.0,16.2,208.8,20.2,225.0,1068.6
1716,1716,41.51142,-7.6512756,989.0,2003-06-04T11:00,14.4,81,11.2,14.0,0.6,0.6,0.0,0.0,53,1014.1,902.9,99,78,48,0,0.26,0.32,5.5,7.7,259,259,31.3,15.4,14.2,13.7,9.7,0.26,0.238,0.314,0.392,1,3600.0,460.0,158.0,302.0,185.4,460.0,1132.8,482.3,165.7,316.7,185.4,482.3,1187.8
1715,1715,41.51142,-7.6512756,989.0,2003-06-04T12:00,15.3,74,10.6,14.6,0.9,0.9,0.0,0.0,53,1014.2,903.3,85,58,54,2,0.33,0.46,8.3,10.8,268,268,36.0,16.4,14.3,13.7,9.7,0.266,0.238,0.314,0.392,1,3600.0,593.0,313.0,280.0,340.1,593.0,1223.4,605.3,319.5,285.8,340.1,605.3,1248.8
1714,1714,41.51142,-7.6512756,989.0,2003-06-04T13:00,15.5,72,10.5,14.4,0.6,0.6,0.0,0.0,53,1014.5,903.6,67,52,33,0,0.33,0.49,10.8,14.4,272,273,38.2,17.1,14.5,13.7,9.7,0.27,0.238,0.314,0.392,1,3600.0,604.0,394.0,210.0,417.8,604.0,1253.5,601.2,392.2,209.0,417.8,601.2,1247.7
1713,1713,41.51142,-7.6512756,989.0,2003-06-04T14:00,15.8,68,9.8,15.2,0.1,0.1,0.0,0.0,51,1014.5,903.7,62,51,26,0,0.39,0.59,10.9,14.6,279,279,40.3,17.9,14.7,13.7,9.7,0.27,0.238,0.313,0.392,1,3600.0,717.0,487.0,230.0,530.1,717.0,1221.1,695.5,472.4,223.1,530.1,695.5,1184.4
1712,1712,41.51142,-7.6512756,989.0,2003-06-04T15:00,15.8,62,8.4,13.8,0.1,0.1,0.0,0.0,51,1014.7,903.9,62,53,24,0,0.32,0.69,11.2,14.9,285,285,38.5,18.1,14.8,13.7,9.7,0.27,0.238,0.313,0.392,1,3600.0,558.0,396.0,162.0,466.5,558.0,1128.5,525.8,373.2,152.7,466.5,525.8,1063.4
1711,1711,41.51142,-7.6512756,989.0,2003-06-04T16:00,15.8,56,7.0,13.7,0.1,0.1,0.0,0.0,51,1014.8,904.0,62,50,28,0,0.34,0.79,11.6,15.6,296,296,35.3,18.1,15.0,13.7,9.7,0.268,0.238,0.313,0.392,1,3600.0,612.0,492.0,120.0,666.1,612.0,981.8,556.5,447.4,109.1,666.1,556.5,892.8
1710,1710,41.51142,-7.6512756,989.0,2003-06-04T17:00,15.3,55,6.3,12.5,0.0,0.0,0.0,0.0,1,1015.2,904.1,38,13,44,0,0.25,0.78,12.8,17.2,302,303,34.9,17.6,15.1,13.7,9.7,0.267,0.238,0.313,0.392,1,3600.0,430.0,304.0,126.0,510.7,430.0,791.2,371.9,262.9,109.0,510.7,371.9,684.3
1709,1709,41.51142,-7.6512756,989.0,2003-06-04T18:00,14.7,56,5.9,11.9,0.0,0.0,0.0,0.0,1,1015.9,904.6,29,18,22,0,0.2,0.74,12.0,16.5,314,314,32.8,17.1,15.2,13.7,9.7,0.266,0.238,0.313,0.392,1,3600.0,343.0,260.0,83.0,606.7,343.0,569.6,272.3,206.4,65.9,606.7,272.3,452.1
1708,1708,41.51142,-7.6512756,989.0,2003-06-04T19:00,13.4,62,6.2,10.9,0.0,0.0,0.0,0.0,1,1015.9,904.1,27,21,13,0,0.1,0.59,10.5,16.0,322,324,29.5,16.1,15.2,13.7,9.7,0.266,0.238,0.313,0.392,1,3600.0,161.0,102.0,59.0,408.2,161.0,332.1,102.8,65.1,37.7,408.2,102.8,212.1
1707,1707,41.51142,-7.6512756,989.0,2003-06-04T20:00,12.1,68,6.3,10.2,0.0,0.0,0.0,0.0,2,1016.7,904.3,61,63,7,0,0.03,0.46,6.8,15.1,328,332,26.6,14.8,15.2,13.7,9.7,0.265,0.238,0.313,0.392,0,1019.83,33.0,15.0,18.0,129.4,33.0,95.1,0.0,0.0,0.0,0.0,0.0,0.0
1706,1706,41.51142,-7.6512756,989.0,2003-06-04T21:00,11.0,73,6.4,9.4,0.0,0.0,0.0,0.0,2,1017.4,904.6,63,66,6,0,0.0,0.35,5.2,12.4,326,334,20.5,13.7,15.1,13.7,9.7,0.265,0.238,0.313,0.392,0,0.0,0.0,0.0,0.0,0.0,0.0,0.0,0.0,0.0,0.0,0.0,0.0,0.0
1705,1705,41.51142,-7.6512756,989.0,2003-06-04T22:00,10.1,79,6.6,8.4,0.0,0.0,0.0,0.0,2,1019.0,905.6,58,62,1,6,0.0,0.26,5.5,8.9,302,313,16.9,12.8,14.9,13.7,9.7,0.265,0.238,0.313,0.392,0,0.0,0.0,0.0,0.0,0.0,0.0,0.0,0.0,0.0,0.0,0.0,0.0,0.0
1704,1704,41.51142,-7.6512756,989.0,2003-06-04T23:00,9.1,85,6.7,7.6,0.0,0.0,0.0,0.0,2,1019.1,905.3,70,65,0,39,0.0,0.17,4.2,8.7,301,312,13.7,12.1,14.7,13.6,9.7,0.265,0.239,0.313,0.392,0,0.0,0.0,0.0,0.0,0.0,0.0,0.0,0.0,0.0,0.0,0.0,0.0,0.0
1703,1703,41.51142,-7.6512756,989.0,2003-06-05T00:00,7.9,91,6.6,6.3,0.0,0.0,0.0,0.0,2,1019.5,905.3,61,67,0,1,0.0,0.09,5.1,8.4,309,313,11.9,11.3,14.5,13.6,9.7,0.265,0.239,0.313,0.392,0,0.0,0.0,0.0,0.0,0.0,0.0,0.0,0.0,0.0,0.0,0.0,0.0,0.0
1702,1702,41.51142,-7.6512756,989.0,2003-06-05T01:00,7.1,93,6.1,5.6,0.0,0.0,0.0,0.0,2,1019.2,904.7,71,79,0,0,0.0,0.07,4.1,8.1,322,328,11.9,10.6,14.3,13.6,9.7,0.265,0.239,0.313,0.392,0,0.0,0.0,0.0,0.0,0.0,0.0,0.0,0.0,0.0,0.0,0.0,0.0,0.0
1701,1701,41.51142,-7.6512756,989.0,2003-06-05T02:00,6.5,95,5.7,4.8,0.0,0.0,0.0,0.0,2,1019.4,904.6,76,85,0,0,0.0,0.05,4.6,9.1,321,326,11.9,10.0,14.0,13.6,9.8,0.264,0.239,0.313,0.392,0,0.0,0.0,0.0,0.0,0.0,0.0,0.0,0.0,0.0,0.0,0.0,0.0,0.0
1700,1700,41.51142,-7.6512756,989.0,2003-06-05T03:00,6.1,95,5.4,4.4,0.0,0.0,0.0,0.0,3,1019.5,904.6,91,97,0,12,0.0,0.04,4.4,8.9,325,328,12.6,9.5,13.8,13.6,9.8,0.264,0.239,0.313,0.392,0,0.0,0.0,0.0,0.0,0.0,0.0,0.0,0.0,0.0,0.0,0.0,0.0,0.0
1699,1699,41.51142,-7.6512756,989.0,2003-06-05T04:00,6.3,96,5.6,4.6,0.0,0.0,0.0,0.0,3,1019.7,904.8,100,98,0,76,0.0,0.04,4.0,7.9,333,344,12.6,9.0,13.5,13.6,9.8,0.264,0.239,0.313,0.392,0,0.0,0.0,0.0,0.0,0.0,0.0,0.0,0.0,0.0,0.0,0.0,0.0,0.0
1698,1698,41.51142,-7.6512756,989.0,2003-06-05T05:00,5.7,99,5.5,4.0,0.0,0.0,0.0,0.0,3,1019.8,904.7,100,99,0,87,0.0,0.01,4.2,7.9,340,360,12.6,8.8,13.2,13.6,9.8,0.264,0.239,0.313,0.392,1,0.0,0.0,0.0,0.0,0.0,0.0,0.0,0.0,0.0,0.0,0.0,0.0,0.0
1697,1697,41.51142,-7.6512756,989.0,2003-06-05T06:00,5.9,98,5.6,4.1,0.0,0.0,0.0,0.0,3,1020.2,905.1,92,80,0,68,0.01,0.02,5.0,8.4,339,350,12.6,9.2,13.0,13.6,9.8,0.264,0.239,0.313,0.392,1,1040.69,40.0,15.0,25.0,125.8,40.0,103.6,85.3,32.0,53.3,192.5,55.8,221.0
1696,1696,41.51142,-7.6512756,989.0,2003-06-05T07:00,8.4,90,6.9,6.8,0.0,0.0,0.0,0.0,2,1020.6,906.4,73,81,0,0,0.06,0.11,5.4,6.8,356,357,16.2,11.2,12.9,13.6,9.8,0.264,0.24,0.313,0.392,1,3600.0,170.0,79.0,91.0,307.9,170.0,341.0,229.8,106.8,123.0,307.9,229.8,461.0
1695,1695,41.51142,-7.6512756,989.0,2003-06-05T08:00,10.5,80,7.2,9.1,0.0,0.0,0.0,0.0,0,1020.1,906.8,20,22,0,0,0.16,0.25,4.7,6.2,4,7,17.3,13.0,12.9,13.6,9.8,0.263,0.24,0.313,0.392,1,3600.0,356.0,233.0,123.0,535.5,356.0,578.2,426.4,279.1,147.3,535.5,426.4,692.6
1694,1694,41.51142,-7.6512756,989.0,2003-06-05T09:00,12.4,72,7.5,11.2,0.0,0.0,0.0,0.0,1,1020.1,907.5,29,6,0,79,0.27,0.4,4.0,4.7,360,4,17.6,14.7,13.0,13.6,9.8,0.262,0.24,0.313,0.392,1,3600.0,533.0,391.0,142.0,650.4,533.0,798.9,600.4,440.4,160.0,650.4,600.4,899.9
1693,1693,41.51142,-7.6512756,989.0,2003-06-05T10:00,14.4,64,7.6,14.9,0.0,0.0,0.0,0.0,2,1019.8,907.9,51,27,0,89,0.4,0.6,0.7,1.1,90,108,16.9,16.8,13.3,13.5,9.8,0.261,0.239,0.312,0.392,1,3600.0,718.0,573.0,145.0,770.6,718.0,988.2,776.7,619.8,156.9,770.6,776.7,1068.9
1692,1692,41.51142,-7.6512756,989.0,2003-06-05T11:00,16.1,57,7.5,16.9,0.0,0.0,0.0,0.0,2,1019.5,908.3,52,27,0,91,0.48,0.79,3.3,4.1,174,165,16.2,18.6,13.6,13.5,9.8,0.259,0.239,0.312,0.392,1,3600.0,839.0,689.0,150.0,808.1,839.0,1133.1,879.7,722.5,157.3,808.1,879.7,1188.1
1691,1691,41.51142,-7.6512756,989.0,2003-06-05T12:00,16.9,53,7.2,17.6,0.0,0.0,0.0,0.0,1,1019.6,908.6,41,18,0,83,0.49,0.91,2.8,3.3,230,221,19.1,19.6,13.9,13.5,9.8,0.257,0.239,0.312,0.392,1,3600.0,828.0,575.0,253.0,624.4,828.0,1223.7,845.3,587.0,258.3,624.4,845.3,1249.3
1690,1690,41.51142,-7.6512756,989.0,2003-06-05T13:00,17.7,51,7.3,18.5,0.0,0.0,0.0,0.0,2,1019.6,908.9,61,38,0,90,0.5,1.0,2.6,3.4,254,252,18.4,20.3,14.3,13.5,9.8,0.256,0.238,0.312,0.391,1,3600.0,828.0,640.0,188.0,678.2,828.0,1254.0,824.2,637.1,187.1,678.2,824.2,1248.3
1689,1689,41.51142,-7.6512756,989.0,2003-06-05T14:00,18.5,47,7.0,18.9,0.0,0.0,0.0,0.0,1,1019.5,909.1,47,21,0,93,0.5,1.13,3.2,3.6,270,270,18.4,21.1,14.6,13.5,9.8,0.254,0.238,0.312,0.391,1,3600.0,805.0,491.0,314.0,534.0,805.0,1221.9,780.9,476.3,304.6,534.0,780.9,1185.3
1688,1688,41.51142,-7.6512756,989.0,2003-06-05T15:00,18.9,46,7.0,18.6,0.0,0.0,0.0,0.0,1,1019.4,909.2,43,15,0,97,0.44,1.18,4.2,5.0,290,291,18.4,21.2,15.0,13.5,9.8,0.252,0.237,0.311,0.391,1,3600.0,716.0,508.0,208.0,597.7,716.0,1129.5,674.8,478.8,196.0,597.7,674.8,1064.6
1687,1687,41.51142,-7.6512756,989.0,2003-06-05T16:00,19.2,46,7.2,18.6,0.0,0.0,0.0,0.0,1,1019.3,909.2,43,15,0,97,0.43,1.21,5.4,6.4,307,308,19.8,21.3,15.3,13.5,9.8,0.25,0.237,0.311,0.391,1,3600.0,699.0,527.0,172.0,712.3,699.0,983.1,635.8,479.4,156.5,712.3,635.8,894.3
1686,1686,41.51142,-7.6512756,989.0,2003-06-05T17:00,19.0,47,7.3,17.2,0.0,0.0,0.0,0.0,1,1019.2,909.0,29,0,0,95,0.33,1.17,7.6,9.4,315,317,22.0,20.7,15.6,13.5,9.8,0.249,0.237,0.311,0.391,1,3600.0,535.0,386.0,149.0,647.0,535.0,792.8,463.0,334.0,128.9,647.0,463.0,686.1
1685,1685,41.51142,-7.6512756,989.0,2003-06-05T18:00,18.2,50,7.7,16.2,0.0,0.0,0.0,0.0,1,1019.4,908.9,26,0,0,86,0.23,1.04,9.2,12.6,321,323,24.8,19.7,15.8,13.5,9.8,0.248,0.237,0.311,0.391,1,3600.0,356.0,240.0,116.0,558.0,356.0,571.6,282.9,190.7,92.2,558.0,282.9,454.2
1684,1684,41.51142,-7.6512756,989.0,2003-06-05T19:00,17.2,56,8.3,15.8,0.0,0.0,0.0,0.0,0,1019.9,909.0,11,0,0,37,0.12,0.86,6.8,12.2,328,332,23.8,18.4,15.9,13.5,9.8,0.248,0.236,0.311,0.391,1,3600.0,187.0,122.0,65.0,484.8,187.0,334.4,119.9,78.2,41.7,484.8,119.9,214.5
1683,1683,41.51142,-7.6512756,989.0,2003-06-05T20:00,15.5,63,8.6,14.1,0.0,0.0,0.0,0.0,0,1020.3,908.8,0,0,0,1,0.04,0.64,7.0,12.7,325,335,18.0,16.9,15.9,13.5,9.8,0.247,0.237,0.311,0.391,1,1803.27,43.0,23.0,20.0,196.8,43.0,97.4,0.0,0.0,0.0,0.0,0.0,0.0
1682,1682,41.51142,-7.6512756,989.0,2003-06-05T21:00,13.7,73,8.9,12.4,0.0,0.0,0.0,0.0,0,1021.0,908.7,1,0,0,4,0.01,0.43,7.1,12.1,330,337,17.3,15.5,15.8,13.6,9.8,0.247,0.237,0.311,0.391,0,0.0,0.0,0.0,0.0,0.0,0.0,0.0,0.0,0.0,0.0,0.0,0.0,0.0
1681,1681,41.51142,-7.6512756,989.0,2003-06-05T22:00,11.8,85,9.4,10.7,0.0,0.0,0.0,0.0,0,1022.1,909.0,7,0,0,24,0.0,0.21,6.5,8.4,326,335,16.2,14.3,15.7,13.6,9.8,0.247,0.237,0.311,0.391,0,0.0,0.0,0.0,0.0,0.0,0.0,0.0,0.0,0.0,0.0,0.0,0.0,0.0
1680,1680,41.51142,-7.6512756,989.0,2003-06-05T23:00,10.8,88,8.9,9.6,0.0,0.0,0.0,0.0,0,1021.8,908.4,16,0,0,54,0.0,0.16,6.3,8.1,329,339,15.1,13.3,15.5,13.6,9.8,0.247,0.237,0.311,0.391,0,0.0,0.0,0.0,0.0,0.0,0.0,0.0,0.0,0.0,0.0,0.0,0.0,0.0
1679,1679,41.51142,-7.6512756,989.0,2003-06-06T00:00,10.4,89,8.7,9.3,0.0,0.0,0.0,0.0,1,1021.9,908.3,25,0,0,83,0.0,0.14,5.5,7.8,337,347,14.8,12.4,15.3,13.6,9.8,0.247,0.237,0.311,0.391,0,0.0,0.0,0.0,0.0,0.0,0.0,0.0,0.0,0.0,0.0,0.0,0.0,0.0
1678,1678,41.51142,-7.6512756,989.0,2003-06-06T01:00,10.4,90,8.9,9.3,0.0,0.0,0.0,0.0,0,1021.5,908.0,19,0,0,63,0.0,0.12,5.8,8.3,353,360,15.5,11.8,15.1,13.6,9.8,0.247,0.237,0.311,0.391,0,0.0,0.0,0.0,0.0,0.0,0.0,0.0,0.0,0.0,0.0,0.0,0.0,0.0
1677,1677,41.51142,-7.6512756,989.0,2003-06-06T02:00,9.9,92,8.6,8.7,0.0,0.0,0.0,0.0,0,1021.3,907.6,8,0,0,26,0.0,0.1,6.1,8.8,360,12,15.5,11.2,14.9,13.6,9.8,0.247,0.237,0.311,0.391,0,0.0,0.0,0.0,0.0,0.0,0.0,0.0,0.0,0.0,0.0,0.0,0.0,0.0
1676,1676,41.51142,-7.6512756,989.0,2003-06-06T03:00,9.6,93,8.4,8.3,0.0,0.0,0.0,0.0,0,1020.7,906.9,5,0,0,16,0.0,0.09,6.1,8.3,360,18,15.1,10.8,14.6,13.6,9.8,0.247,0.237,0.311,0.391,0,0.0,0.0,0.0,0.0,0.0,0.0,0.0,0.0,0.0,0.0,0.0,0.0,0.0
1675,1675,41.51142,-7.6512756,989.0,2003-06-06T04:00,9.2,93,8.1,8.0,0.0,0.0,0.0,0.0,0,1020.8,906.9,6,0,0,20,0.0,0.08,5.1,6.4,356,16,13.7,10.4,14.4,13.6,9.8,0.247,0.237,0.311,0.391,0,0.0,0.0,0.0,0.0,0.0,0.0,0.0,0.0,0.0,0.0,0.0,0.0,0.0
1674,1674,41.51142,-7.6512756,989.0,2003-06-06T05:00,8.9,93,7.8,7.7,0.0,0.0,0.0,0.0,0,1021.1,907.0,6,1,0,16,0.0,0.08,4.3,4.9,5,17,12.2,10.1,14.1,13.5,9.8,0.247,0.237,0.311,0.391,1,0.0,0.0,0.0,0.0,0.0,0.0,0.0,0.0,0.0,0.0,0.0,0.0,0.0
1673,1673,41.51142,-7.6512756,989.0,2003-06-06T06:00,9.6,91,8.2,8.7,0.0,0.0,0.0,0.0,0,1021.0,907.2,8,3,0,16,0.01,0.11,3.0,4.1,14,45,10.8,10.4,13.9,13.5,9.8,0.247,0.238,0.311,0.391,1,1914.83,45.0,25.0,20.0,209.0,45.0,104.6,95.4,53.0,42.4,317.5,62.8,221.9
1672,1672,41.51142,-7.6512756,989.0,2003-06-06T07:00,12.9,82,9.9,12.6,0.0,0.0,0.0,0.0,0,1021.1,908.5,5,0,0,16,0.08,0.27,1.8,4.1,37,75,10.8,12.8,13.8,13.5,9.8,0.247,0.238,0.311,0.391,1,3600.0,192.0,132.0,60.0,513.1,192.0,341.8,259.3,178.3,81.0,513.1,259.3,461.6
1671,1671,41.51142,-7.6512756,989.0,2003-06-06T08:00,15.7,67,9.7,15.4,0.0,0.0,0.0,0.0,0,1021.4,909.8,4,0,0,13,0.2,0.59,2.2,2.9,90,97,11.5,15.3,13.9,13.5,9.8,0.246,0.238,0.311,0.391,1,3600.0,381.0,301.0,80.0,691.0,381.0,578.7,456.3,360.5,95.8,691.0,456.3,693.0
1670,1670,41.51142,-7.6512756,989.0,2003-06-06T09:00,17.6,60,9.8,17.3,0.0,0.0,0.0,0.0,0,1021.1,910.2,2,0,0,7,0.33,0.81,2.9,3.6,120,127,14.0,17.3,14.1,13.5,9.9,0.246,0.237,0.311,0.391,1,3600.0,568.0,476.0,92.0,791.2,568.0,799.3,639.8,536.1,103.6,791.2,639.8,900.2
1669,1669,41.51142,-7.6512756,989.0,2003-06-06T10:00,19.3,55,10.1,20.1,0.0,0.0,0.0,0.0,0,1020.9,910.7,3,0,0,10,0.44,1.01,3.4,4.2,162,160,15.5,19.2,14.4,13.5,9.9,0.244,0.237,0.31,0.391,1,3600.0,729.0,624.0,105.0,838.7,729.0,988.4,788.6,675.0,113.6,838.7,788.6,1069.2
1668,1668,41.51142,-7.6512756,989.0,2003-06-06T11:00,20.8,50,10.1,22.2,0.0,0.0,0.0,0.0,0,1020.5,910.8,0,0,0,0,0.54,1.22,4.3,5.4,175,176,17.3,21.0,14.7,13.5,9.9,0.243,0.237,0.31,0.391,1,3600.0,856.0,743.0,113.0,871.0,856.0,1133.3,897.6,779.1,118.5,871.0,897.6,1188.4
1667,1667,41.51142,-7.6512756,989.0,2003-06-06T12:00,22.1,46,10.0,24.0,0.0,0.0,0.0,0.0,0,1020.3,911.1,0,0,0,0,0.61,1.44,4.6,5.6,198,195,18.4,22.5,15.1,13.5,9.9,0.241,0.236,0.31,0.391,1,3600.0,935.0,818.0,117.0,887.8,935.0,1224.1,954.5,835.1,119.4,887.8,954.5,1249.6
1666,1666,41.51142,-7.6512756,989.0,2003-06-06T13:00,23.1,43,9.8,25.0,0.0,0.0,0.0,0.0,0,1019.6,910.8,0,0,0,0,0.64,1.61,4.5,5.5,209,212,18.7,23.6,15.6,13.5,9.9,0.239,0.235,0.31,0.391,1,3600.0,962.0,844.0,118.0,893.8,962.0,1254.5,957.7,840.2,117.5,893.8,957.7,1248.9
1665,1665,41.51142,-7.6512756,989.0,2003-06-06T14:00,23.8,41,9.8,25.6,0.0,0.0,0.0,0.0,0,1019.1,910.6,0,0,0,0,0.63,1.73,4.3,5.4,228,228,18.7,24.4,16.0,13.5,9.9,0.237,0.235,0.309,0.391,1,3600.0,933.0,817.0,116.0,887.8,933.0,1222.6,905.2,792.6,112.5,887.8,905.2,1186.1
1664,1664,41.51142,-7.6512756,989.0,2003-06-06T15:00,24.2,41,10.0,25.5,0.0,0.0,0.0,0.0,0,1018.4,910.1,0,0,0,0,0.58,1.79,4.5,5.2,256,258,18.4,24.7,16.5,13.5,9.9,0.235,0.234,0.309,0.391,1,3600.0,852.0,741.0,111.0,870.8,852.0,1130.4,803.2,698.5,104.6,870.8,803.2,1065.7
1663,1663,41.51142,-7.6512756,989.0,2003-06-06T16:00,24.3,42,10.4,24.7,0.0,0.0,0.0,0.0,0,1018.1,909.9,0,0,0,0,0.49,1.77,5.6,6.7,285,286,17.6,24.5,16.9,13.5,9.9,0.233,0.234,0.309,0.391,1,3600.0,724.0,619.0,105.0,835.4,724.0,984.4,658.8,563.2,95.5,835.4,658.8,895.7
1662,1662,41.51142,-7.6512756,989.0,2003-06-06T17:00,23.9,44,10.9,23.4,0.0,0.0,0.0,0.0,0,1017.8,909.5,0,0,0,0,0.38,1.67,6.3,8.1,301,302,17.3,23.9,17.2,13.6,9.9,0.232,0.233,0.309,0.391,1,3600.0,559.0,465.0,94.0,777.6,559.0,794.4,484.0,402.6,81.4,777.6,484.0,687.9
1661,1661,41.51142,-7.6512756,989.0,2003-06-06T18:00,23.2,48,11.5,22.7,0.0,0.0,0.0,0.0,0,1017.7,909.2,0,0,0,0,0.26,1.49,6.6,8.9,311,313,17.6,22.9,17.4,13.6,9.9,0.231,0.233,0.308,0.391,1,3600.0,375.0,296.0,79.0,685.7,375.0,573.4,298.4,235.5,62.9,685.7,298.4,456.3
1660,1660,41.51142,-7.6512756,989.0,2003-06-06T19:00,21.8,56,12.6,21.9,0.0,0.0,0.0,0.0,0,1017.6,908.6,0,0,0,0,0.12,1.15,4.8,10.2,312,318,16.9,21.6,17.6,13.6,9.9,0.23,0.233,0.308,0.39,1,3600.0,192.0,134.0,58.0,529.0,192.0,336.5,123.7,86.3,37.4,529.0,123.7,216.7
1659,1659,41.51142,-7.6512756,989.0,2003-06-06T20:00,19.9,65,13.1,19.7,0.0,0.0,0.0,0.0,0,1018.1,908.4,2,0,0,5,0.05,0.82,8.1,11.7,315,326,14.8,19.9,17.7,13.6,9.9,0.23,0.233,0.308,0.39,1,1840.49,43.0,23.0,20.0,195.4,43.0,99.8,0.0,0.0,0.0,0.0,0.0,0.0
1658,1658,41.51142,-7.6512756,989.0,2003-06-06T21:00,17.7,76,13.4,17.8,0.0,0.0,0.0,0.0,0,1018.5,908.0,1,0,0,3,0.01,0.49,7.3,10.5,327,338,15.5,18.4,17.6,13.6,9.9,0.23,0.233,0.308,0.39,0,0.0,0.0,0.0,0.0,0.0,0.0,0.0,0.0,0.0,0.0,0.0,0.0,0.0
1657,1657,41.51142,-7.6512756,989.0,2003-06-06T22:00,15.7,87,13.6,15.8,0.0,0.0,0.0,0.0,0,1018.9,907.6,0,0,0,1,0.0,0.23,7.1,9.2,330,339,14.8,17.2,17.5,13.6,9.9,0.23,0.233,0.308,0.39,0,0.0,0.0,0.0,0.0,0.0,0.0,0.0,0.0,0.0,0.0,0.0,0.0,0.0
1656,1656,41.51142,-7.6512756,989.0,2003-06-06T23:00,14.6,91,13.1,14.7,0.0,0.0,0.0,0.0,0,1018.6,906.9,2,0,0,8,0.0,0.15,6.3,8.6,336,345,14.4,16.0,17.4,13.6,9.9,0.23,0.233,0.308,0.39,0,0.0,0.0,0.0,0.0,0.0,0.0,0.0,0.0,0.0,0.0,0.0,0.0,0.0
1655,1655,41.51142,-7.6512756,989.0,2003-06-07T00:00,14.1,92,12.8,14.1,0.0,0.0,0.0,0.0,0,1018.6,906.7,3,0,0,9,0.0,0.13,6.0,8.4,343,350,14.4,15.1,17.2,13.7,9.9,0.23,0.234,0.308,0.39,0,0.0,0.0,0.0,0.0,0.0,0.0,0.0,0.0,0.0,0.0,0.0,0.0,0.0
1654,1654,41.51142,-7.6512756,989.0,2003-06-07T01:00,13.2,94,12.3,13.1,0.0,0.0,0.0,0.0,0,1018.0,905.9,3,0,0,10,0.0,0.09,5.9,8.6,349,358,14.4,14.4,17.0,13.7,9.9,0.23,0.234,0.308,0.39,0,0.0,0.0,0.0,0.0,0.0,0.0,0.0,0.0,0.0,0.0,0.0,0.0,0.0
1653,1653,41.51142,-7.6512756,989.0,2003-06-07T02:00,12.2,98,11.9,12.0,0.0,0.0,0.0,0.0,0,1017.6,905.2,4,2,0,9,0.0,0.03,5.8,8.4,356,7,14.4,13.8,16.7,13.7,9.9,0.23,0.234,0.308,0.39,0,0.0,0.0,0.0,0.0,0.0,0.0,0.0,0.0,0.0,0.0,0.0,0.0,0.0
1652,1652,41.51142,-7.6512756,989.0,2003-06-07T03:00,11.0,99,10.9,10.6,0.0,0.0,0.0,0.0,0,1017.2,904.4,6,1,0,17,0.0,0.01,5.1,7.0,356,21,13.3,13.5,16.5,13.7,9.9,0.23,0.234,0.308,0.39,0,0.0,0.0,0.0,0.0,0.0,0.0,0.0,0.0,0.0,0.0,0.0,0.0,0.0
1651,1651,41.51142,-7.6512756,989.0,2003-06-07T04:00,10.2,100,10.2,9.7,0.0,0.0,0.0,0.0,1,1016.9,903.8,28,30,0,4,0.0,0.0,4.0,4.7,355,32,11.2,13.2,16.3,13.7,9.9,0.23,0.234,0.308,0.39,0,0.0,0.0,0.0,0.0,0.0,0.0,0.0,0.0,0.0,0.0,0.0,0.0,0.0
1650,1650,41.51142,-7.6512756,989.0,2003-06-07T05:00,9.8,99,9.7,9.4,0.0,0.0,0.0,0.0,2,1016.6,903.4,72,80,0,0,0.0,0.01,2.9,2.9,353,30,8.6,12.9,16.0,13.7,9.9,0.23,0.234,0.308,0.39,1,0.0,0.0,0.0,0.0,0.0,0.0,0.0,0.0,0.0,0.0,0.0,0.0,0.0
1649,1649,41.51142,-7.6512756,989.0,2003-06-07T06:00,10.9,97,10.4,10.8,0.0,0.0,0.0,0.0,3,1016.5,903.7,89,99,0,0,0.01,0.04,2.1,1.0,329,45,6.8,13.3,15.8,13.7,9.9,0.23,0.234,0.308,0.39,1,1929.64,45.0,23.0,22.0,191.8,45.0,105.5,94.9,48.5,46.4,289.5,62.9,222.6
1648,1648,41.51142,-7.6512756,989.0,2003-06-07T07:00,14.7,89,12.9,15.4,0.0,0.0,0.0,0.0,2,1016.4,905.0,74,79,0,8,0.08,0.18,1.5,1.3,315,214,10.8,15.1,15.8,13.7,9.9,0.23,0.234,0.308,0.39,1,3600.0,162.0,75.0,87.0,290.9,162.0,342.4,218.6,101.2,117.4,290.9,218.6,462.2
1647,1647,41.51142,-7.6512756,989.0,2003-06-07T08:00,18.0,75,13.5,18.8,0.0,0.0,0.0,0.0,0,1016.4,906.2,5,0,0,18,0.2,0.52,1.8,3.9,259,236,11.2,17.5,15.8,13.7,9.9,0.23,0.234,0.308,0.39,1,3600.0,344.0,209.0,135.0,479.3,344.0,579.1,411.8,250.2,161.6,479.3,411.8,693.4
1646,1646,41.51142,-7.6512756,989.0,2003-06-07T09:00,20.0,64,12.9,20.4,0.0,0.0,0.0,0.0,0,1016.4,906.9,10,0,0,32,0.35,0.85,4.7,6.0,247,245,16.9,19.6,16.0,13.7,9.9,0.229,0.234,0.308,0.39,1,3600.0,574.0,483.0,91.0,802.4,574.0,799.5,646.4,544.0,102.5,802.4,646.4,900.5
1645,1645,41.51142,-7.6512756,989.0,2003-06-07T10:00,21.5,56,12.3,22.7,0.0,0.0,0.0,0.0,0,1016.2,907.2,10,0,0,32,0.47,1.13,4.8,5.9,257,256,20.9,21.4,16.3,13.7,9.9,0.228,0.233,0.308,0.39,1,3600.0,738.0,638.0,100.0,857.2,738.0,988.6,798.3,690.1,108.2,857.2,798.3,1069.4
1644,1644,41.51142,-7.6512756,989.0,2003-06-07T11:00,22.6,50,11.6,24.2,0.0,0.0,0.0,0.0,0,1015.8,907.2,9,0,0,31,0.56,1.38,5.8,6.9,266,264,23.0,22.8,16.6,13.7,9.9,0.226,0.233,0.308,0.39,1,3600.0,862.0,749.0,113.0,877.6,862.0,1133.5,903.9,785.4,118.5,877.6,903.9,1188.6
1643,1643,41.51142,-7.6512756,989.0,2003-06-07T12:00,23.4,46,11.2,25.1,0.0,0.0,0.0,0.0,0,1015.5,907.3,13,0,0,42,0.62,1.55,7.2,9.0,267,268,25.2,23.9,16.9,13.7,9.9,0.224,0.232,0.307,0.39,1,3600.0,937.0,813.0,124.0,882.0,937.0,1224.3,956.6,830.0,126.6,882.0,956.6,1250.0
1642,1642,41.51142,-7.6512756,989.0,2003-06-07T13:00,23.9,44,11.0,25.2,0.0,0.0,0.0,0.0,0,1015.3,907.2,11,0,1,34,0.64,1.65,9.0,11.5,270,270,28.4,24.7,17.3,13.7,9.9,0.223,0.232,0.307,0.39,1,3600.0,946.0,827.0,119.0,875.3,946.0,1254.9,941.8,823.4,118.5,875.3,941.8,1249.4
1641,1641,41.51142,-7.6512756,989.0,2003-06-07T14:00,24.0,44,10.9,24.7,0.0,0.0,0.0,0.0,0,1014.7,906.7,15,0,6,38,0.62,1.68,11.6,15.2,275,277,31.7,25.0,17.6,13.8,9.9,0.221,0.231,0.307,0.39,1,3600.0,918.0,799.0,119.0,867.5,918.0,1223.2,890.7,775.3,115.5,867.5,890.7,1186.9
1640,1640,41.51142,-7.6512756,989.0,2003-06-07T15:00,23.7,45,11.0,23.8,0.0,0.0,0.0,0.0,0,1014.9,906.8,15,2,2,41,0.57,1.62,12.8,16.7,281,284,34.9,25.0,18.0,13.8,9.9,0.219,0.231,0.306,0.39,1,3600.0,852.0,740.0,112.0,868.7,852.0,1131.3,803.3,697.7,105.6,868.7,803.3,1066.7
1639,1639,41.51142,-7.6512756,989.0,2003-06-07T16:00,23.0,48,11.4,22.5,0.0,0.0,0.0,0.0,1,1014.9,906.6,24,0,8,65,0.47,1.46,12.4,16.3,292,292,36.0,24.5,18.3,13.8,9.9,0.218,0.23,0.306,0.39,1,3600.0,705.0,585.0,120.0,788.3,705.0,985.6,641.7,532.5,109.2,788.3,641.7,897.1
1638,1638,41.51142,-7.6512756,989.0,2003-06-07T17:00,22.0,51,11.5,20.6,0.0,0.0,0.0,0.0,1,1015.0,906.3,22,1,0,70,0.36,1.29,13.3,17.9,308,310,35.3,23.7,18.5,13.8,10.0,0.217,0.23,0.306,0.39,1,3600.0,534.0,433.0,101.0,722.5,534.0,795.9,462.6,375.1,87.5,722.5,462.6,689.5
1637,1637,41.51142,-7.6512756,989.0,2003-06-07T18:00,20.8,56,11.6,19.6,0.0,0.0,0.0,0.0,1,1015.3,906.2,27,1,0,88,0.25,1.09,11.5,16.0,314,316,34.9,22.6,18.6,13.8,10.0,0.216,0.23,0.306,0.39,1,3600.0,367.0,273.0,94.0,630.3,367.0,575.2,292.3,217.5,74.9,630.3,292.3,458.2
1636,1636,41.51142,-7.6512756,989.0,2003-06-07T19:00,19.2,63,11.9,18.4,0.0,0.0,0.0,0.0,1,1015.5,905.8,27,1,0,86,0.13,0.83,9.9,15.0,314,316,28.4,21.2,18.7,13.8,10.0,0.216,0.23,0.306,0.39,1,3600.0,183.0,111.0,72.0,435.4,183.0,338.6,118.3,71.8,46.5,435.4,118.3,218.9
1635,1635,41.51142,-7.6512756,989.0,2003-06-07T20:00,17.6,69,11.9,17.2,0.0,0.0,0.0,0.0,1,1015.8,905.5,37,0,19,86,0.04,0.63,6.9,14.0,313,316,24.5,19.7,18.6,13.9,10.0,0.216,0.23,0.306,0.39,1,908.14,40.0,14.0,26.0,118.1,40.0,102.1,0.0,0.0,0.0,0.0,0.0,0.0
1634,1634,41.51142,-7.6512756,989.0,2003-06-07T21:00,16.1,76,12.0,15.9,0.0,0.0,0.0,0.0,1,1016.4,905.5,46,2,43,62,0.0,0.43,6.1,11.5,310,319,19.8,18.3,18.5,13.9,10.0,0.216,0.23,0.306,0.39,0,0.0,0.0,0.0,0.0,0.0,0.0,0.0,0.0,0.0,0.0,0.0,0.0,0.0
1633,1633,41.51142,-7.6512756,989.0,2003-06-07T22:00,14.9,83,12.0,14.6,0.0,0.0,0.0,0.0,0,1017.5,906.1,7,0,4,14,0.0,0.29,6.5,10.4,304,314,16.9,17.2,18.4,13.9,10.0,0.216,0.23,0.306,0.39,0,0.0,0.0,0.0,0.0,0.0,0.0,0.0,0.0,0.0,0.0,0.0,0.0,0.0
1632,1632,41.51142,-7.6512756,989.0,2003-06-07T23:00,13.6,89,11.9,13.3,0.0,0.0,0.0,0.0,0,1017.3,905.4,4,1,0,9,0.0,0.16,6.7,8.7,306,318,14.4,16.2,18.2,13.9,10.0,0.216,0.23,0.306,0.39,0,0.0,0.0,0.0,0.0,0.0,0.0,0.0,0.0,0.0,0.0,0.0,0.0,0.0
1631,1631,41.51142,-7.6512756,989.0,2003-06-08T00:00,12.4,95,11.6,12.0,0.0,0.0,0.0,0.0,0,1017.3,905.0,6,6,0,2,0.0,0.08,6.4,8.9,308,320,13.7,15.4,18.0,13.9,10.0,0.216,0.23,0.306,0.39,0,0.0,0.0,0.0,0.0,0.0,0.0,0.0,0.0,0.0,0.0,0.0,0.0,0.0
1630,1630,41.51142,-7.6512756,989.0,2003-06-08T01:00,11.8,97,11.4,11.6,0.0,0.0,0.0,0.0,2,1017.3,904.7,55,61,0,0,0.0,0.04,4.6,9.7,309,318,14.0,14.7,17.7,13.9,10.0,0.216,0.23,0.306,0.39,0,0.0,0.0,0.0,0.0,0.0,0.0,0.0,0.0,0.0,0.0,0.0,0.0,0.0
1629,1629,41.51142,-7.6512756,989.0,2003-06-08T02:00,12.0,98,11.7,11.7,0.0,0.0,0.0,0.0,2,1017.3,904.8,60,67,0,0,0.0,0.03,5.4,9.2,312,318,13.7,14.6,17.5,13.9,10.0,0.216,0.23,0.306,0.39,0,0.0,0.0,0.0,0.0,0.0,0.0,0.0,0.0,0.0,0.0,0.0,0.0,0.0
1628,1628,41.51142,-7.6512756,989.0,2003-06-08T03:00,12.0,99,11.8,11.8,0.0,0.0,0.0,0.0,2,1017.3,904.8,73,81,0,0,0.0,0.02,5.4,9.0,323,331,14.0,14.6,17.3,13.9,10.0,0.216,0.23,0.306,0.39,0,0.0,0.0,0.0,0.0,0.0,0.0,0.0,0.0,0.0,0.0,0.0,0.0,0.0
1627,1627,41.51142,-7.6512756,989.0,2003-06-08T04:00,11.9,99,11.7,11.9,0.0,0.0,0.0,0.0,2,1017.2,904.7,74,82,0,0,0.0,0.02,4.3,8.3,336,342,13.3,14.5,17.1,14.0,10.0,0.216,0.23,0.306,0.39,0,0.0,0.0,0.0,0.0,0.0,0.0,0.0,0.0,0.0,0.0,0.0,0.0,0.0
1626,1626,41.51142,-7.6512756,989.0,2003-06-08T05:00,11.8,98,11.5,11.6,0.0,0.0,0.0,0.0,2,1017.2,904.7,72,80,0,0,0.0,0.03,4.2,7.6,340,355,12.6,14.3,16.9,14.0,10.0,0.216,0.23,0.306,0.389,1,0.0,0.0,0.0,0.0,0.0,0.0,0.0,0.0,0.0,0.0,0.0,0.0,0.0
1625,1625,41.51142,-7.6512756,989.0,2003-06-08T06:00,12.1,93,11.0,11.8,0.0,0.0,0.0,0.0,2,1017.5,905.0,59,66,0,0,0.01,0.09,4.5,7.2,346,357,14.4,14.6,16.7,14.0,10.0,0.216,0.23,0.306,0.389,1,645.12,29.0,12.0,17.0,99.8,29.0,106.3,60.9,25.2,35.7,149.9,40.6,223.3
1624,1624,41.51142,-7.6512756,989.0,2003-06-08T07:00,12.8,91,11.3,12.7,0.0,0.0,0.0,0.0,1,1017.9,905.7,46,51,0,0,0.08,0.14,4.0,5.4,350,356,14.0,15.3,16.6,14.0,10.0,0.216,0.23,0.306,0.389,1,3600.0,174.0,94.0,80.0,363.9,174.0,343.0,234.7,126.8,107.9,363.9,234.7,462.6
1623,1623,41.51142,-7.6512756,989.0,2003-06-08T08:00,14.2,80,10.8,14.1,0.0,0.0,0.0,0.0,0,1018.0,906.3,19,17,0,12,0.17,0.32,3.1,3.8,339,343,14.0,16.7,16.5,14.0,10.0,0.216,0.23,0.306,0.389,1,3600.0,337.0,229.0,108.0,524.8,337.0,579.5,403.4,274.1,129.3,524.8,403.4,693.6
1622,1622,41.51142,-7.6512756,989.0,2003-06-08T09:00,16.0,68,10.0,15.7,0.0,0.0,0.0,0.0,1,1017.9,906.8,31,9,0,75,0.31,0.59,2.5,3.6,315,315,14.4,18.4,16.6,14.0,10.0,0.215,0.23,0.306,0.389,1,3600.0,556.0,443.0,113.0,735.6,556.0,799.7,626.1,498.9,127.3,735.6,626.1,900.6
1621,1621,41.51142,-7.6512756,989.0,2003-06-08T10:00,17.8,55,8.6,18.5,0.0,0.0,0.0,0.0,1,1017.8,907.4,30,1,0,97,0.44,0.92,1.5,1.8,346,349,15.8,20.2,16.7,14.0,10.0,0.214,0.23,0.305,0.389,1,3600.0,746.0,613.0,133.0,823.2,746.0,988.7,806.9,663.1,143.9,823.2,806.9,1069.5
1620,1620,41.51142,-7.6512756,989.0,2003-06-08T11:00,19.4,46,7.5,20.9,0.0,0.0,0.0,0.0,1,1017.4,907.6,29,0,0,98,0.54,1.22,1.1,1.1,270,270,17.3,21.9,17.0,14.0,10.0,0.213,0.229,0.305,0.389,1,3600.0,876.0,728.0,148.0,852.7,876.0,1133.6,918.6,763.4,155.2,852.7,918.6,1188.7
1619,1619,41.51142,-7.6512756,989.0,2003-06-08T12:00,20.7,41,6.9,22.1,0.0,0.0,0.0,0.0,1,1017.4,908.0,28,0,0,92,0.61,1.45,3.4,4.2,238,239,20.5,23.2,17.2,14.0,10.0,0.211,0.229,0.305,0.389,1,3600.0,958.0,801.0,157.0,868.6,958.0,1224.6,978.1,817.8,160.3,868.6,978.1,1250.3
1618,1618,41.51142,-7.6512756,989.0,2003-06-08T13:00,21.7,38,6.6,22.7,0.0,0.0,0.0,0.0,1,1017.1,908.1,25,0,0,83,0.64,1.62,5.6,6.9,243,242,24.1,24.1,17.6,14.0,10.0,0.21,0.228,0.305,0.389,1,3600.0,986.0,831.0,155.0,879.0,986.0,1255.3,981.7,827.4,154.3,879.0,981.7,1249.9
1617,1617,41.51142,-7.6512756,989.0,2003-06-08T14:00,22.1,37,6.7,22.5,0.0,0.0,0.0,0.0,1,1016.6,907.8,27,0,0,90,0.61,1.68,7.8,9.6,257,257,27.0,24.6,17.9,14.0,10.0,0.208,0.227,0.304,0.389,1,3600.0,931.0,770.0,161.0,835.4,931.0,1223.8,903.5,747.2,156.2,835.4,903.5,1187.6
1616,1616,41.51142,-7.6512756,989.0,2003-06-08T15:00,22.0,38,7.1,22.0,0.0,0.0,0.0,0.0,0,1016.4,907.6,11,0,0,37,0.57,1.64,8.3,10.4,268,268,28.1,24.5,18.2,14.0,10.0,0.207,0.227,0.304,0.389,1,3600.0,875.0,748.0,127.0,877.2,875.0,1132.2,825.2,705.4,119.8,877.2,825.2,1067.7
1615,1615,41.51142,-7.6512756,989.0,2003-06-08T16:00,21.8,40,7.5,21.1,0.0,0.0,0.0,0.0,0,1016.0,907.1,9,0,0,30,0.49,1.57,8.3,10.4,268,270,27.4,24.3,18.4,14.1,10.0,0.205,0.226,0.304,0.389,1,3600.0,750.0,640.0,110.0,861.2,750.0,986.7,682.8,582.7,100.1,861.2,682.8,898.4
1614,1614,41.51142,-7.6512756,989.0,2003-06-08T17:00,21.2,42,7.9,19.6,0.0,0.0,0.0,0.0,1,1016.1,907.0,21,0,0,71,0.38,1.46,8.6,11.2,270,272,25.6,23.6,18.6,14.1,10.0,0.204,0.226,0.304,0.389,1,3600.0,582.0,483.0,99.0,804.3,582.0,797.4,504.4,418.6,85.8,804.3,504.4,691.1
1613,1613,41.51142,-7.6512756,989.0,2003-06-08T18:00,20.3,46,8.2,18.6,0.0,0.0,0.0,0.0,1,1016.4,907.0,31,0,6,91,0.26,1.3,8.7,11.3,277,279,24.1,22.5,18.7,14.1,10.0,0.204,0.226,0.304,0.389,1,3600.0,393.0,311.0,82.0,715.7,393.0,576.9,313.4,248.0,65.4,715.7,313.4,460.0
1612,1612,41.51142,-7.6512756,989.0,2003-06-08T19:00,19.1,56,10.1,18.2,0.0,0.0,0.0,0.0,1,1016.6,906.7,28,0,4,86,0.12,0.97,6.7,11.3,286,287,21.2,21.1,18.8,14.1,10.0,0.203,0.226,0.303,0.389,1,3600.0,175.0,86.0,89.0,335.3,175.0,340.5,113.6,55.8,57.7,335.3,113.6,221.0
1611,1611,41.51142,-7.6512756,989.0,2003-06-08T20:00,17.3,64,10.4,16.5,0.0,0.0,0.0,0.0,1,1016.9,906.4,28,0,2,89,0.04,0.72,6.6,10.5,292,297,16.6,19.5,18.7,14.1,10.0,0.203,0.226,0.303,0.389,1,1312.26,44.0,17.0,27.0,142.4,44.0,104.2,0.0,0.0,0.0,0.0,0.0,0.0
1610,1610,41.51142,-7.6512756,989.0,2003-06-08T21:00,15.6,72,10.6,14.8,0.0,0.0,0.0,0.0,1,1017.3,906.1,27,0,1,89,0.01,0.49,6.6,7.7,292,307,14.8,18.0,18.6,14.1,10.0,0.203,0.226,0.303,0.389,0,0.0,0.0,0.0,0.0,0.0,0.0,0.0,0.0,0.0,0.0,0.0,0.0,0.0
1609,1609,41.51142,-7.6512756,989.0,2003-06-08T22:00,14.0,81,10.8,13.4,0.0,0.0,0.0,0.0,1,1017.9,906.1,29,0,0,96,0.0,0.3,6.2,6.7,291,306,12.6,16.8,18.4,14.2,10.1,0.203,0.226,0.303,0.389,0,0.0,0.0,0.0,0.0,0.0,0.0,0.0,0.0,0.0,0.0,0.0,0.0,0.0
1608,1608,41.51142,-7.6512756,989.0,2003-06-08T23:00,12.6,89,10.9,12.1,0.0,0.0,0.0,0.0,1,1018.1,905.7,30,0,0,99,0.0,0.15,5.0,5.7,291,305,10.8,15.7,18.2,14.2,10.1,0.203,0.226,0.303,0.389,0,0.0,0.0,0.0,0.0,0.0,0.0,0.0,0.0,0.0,0.0,0.0,0.0,0.0
1607,1607,41.51142,-7.6512756,989.0,2003-06-09T00:00,11.9,92,10.6,11.4,0.0,0.0,0.0,0.0,1,1018.1,905.5,33,1,4,100,0.0,0.12,4.9,5.3,287,298,9.0,14.9,18.0,14.2,10.1,0.203,0.226,0.303,0.389,0,0.0,0.0,0.0,0.0,0.0,0.0,0.0,0.0,0.0,0.0,0.0,0.0,0.0
1606,1606,41.51142,-7.6512756,989.0,2003-06-09T01:00,11.5,93,10.5,11.0,0.0,0.0,0.0,0.0,2,1017.5,904.8,56,21,16,90,0.0,0.09,4.7,6.8,293,295,9.0,14.3,17.7,14.2,10.1,0.203,0.226,0.303,0.389,0,0.0,0.0,0.0,0.0,0.0,0.0,0.0,0.0,0.0,0.0,0.0,0.0,0.0
1605,1605,41.51142,-7.6512756,989.0,2003-06-09T02:00,10.5,96,9.9,9.9,0.0,0.0,0.0,0.0,3,1017.3,904.3,80,58,12,69,0.0,0.05,4.0,7.4,297,299,12.6,13.6,17.4,14.2,10.1,0.204,0.226,0.303,0.389,0,0.0,0.0,0.0,0.0,0.0,0.0,0.0,0.0,0.0,0.0,0.0,0.0,0.0
1604,1604,41.51142,-7.6512756,989.0,2003-06-09T03:00,9.9,98,9.6,9.2,0.0,0.0,0.0,0.0,3,1017.0,903.8,85,70,1,71,0.0,0.02,3.9,5.8,304,300,13.3,12.9,17.1,14.2,10.1,0.204,0.226,0.303,0.389,0,0.0,0.0,0.0,0.0,0.0,0.0,0.0,0.0,0.0,0.0,0.0,0.0,0.0
1603,1603,41.51142,-7.6512756,989.0,2003-06-09T04:00,9.7,100,9.7,9.4,0.0,0.0,0.0,0.0,3,1016.9,903.6,81,75,0,45,0.0,0.0,1.8,3.1,323,324,13.0,12.7,16.8,14.2,10.1,0.204,0.226,0.303,0.389,0,0.0,0.0,0.0,0.0,0.0,0.0,0.0,0.0,0.0,0.0,0.0,0.0,0.0
1602,1602,41.51142,-7.6512756,989.0,2003-06-09T05:00,9.6,100,9.6,9.4,0.0,0.0,0.0,0.0,1,1016.4,903.1,45,48,0,7,0.0,0.0,1.0,1.5,45,76,10.4,12.8,16.6,14.2,10.1,0.204,0.226,0.303,0.389,1,0.0,0.0,0.0,0.0,0.0,0.0,0.0,0.0,0.0,0.0,0.0,0.0,0.0
1601,1601,41.51142,-7.6512756,989.0,2003-06-09T06:00,10.1,99,9.9,10.1,0.0,0.0,0.0,0.0,0,1016.6,903.5,3,3,0,0,0.01,0.02,0.0,2.9,180,150,10.8,13.2,16.4,14.2,10.1,0.204,0.226,0.303,0.389,1,0.0,33.0,6.0,27.0,49.8,33.0,107.0,69.0,12.6,56.5,74.4,46.2,223.9
1600,1600,41.51142,-7.6512756,989.0,2003-06-09T07:00,11.9,90,10.2,11.6,0.0,0.0,0.0,0.0,0,1016.7,904.2,10,0,0,32,0.08,0.14,2.4,4.1,243,225,11.9,14.4,16.2,14.2,10.1,0.204,0.226,0.303,0.389,1,3600.0,201.0,136.0,65.0,525.7,201.0,343.4,271.0,183.3,87.6,525.7,271.0,462.9
1599,1599,41.51142,-7.6512756,989.0,2003-06-09T08:00,14.5,73,9.8,13.8,0.0,0.0,0.0,0.0,1,1017.2,905.7,24,1,0,76,0.2,0.44,4.6,5.9,231,232,15.8,16.3,16.2,14.2,10.1,0.203,0.226,0.303,0.389,1,3600.0,384.0,298.0,86.0,682.4,384.0,579.7,459.6,356.6,102.9,682.4,459.6,693.8
1598,1598,41.51142,-7.6512756,989.0,2003-06-09T09:00,16.9,57,8.3,15.7,0.0,0.0,0.0,0.0,1,1016.9,906.2,30,1,0,98,0.32,0.83,5.8,7.4,202,203,20.2,18.3,16.3,14.2,10.1,0.203,0.226,0.303,0.389,1,3600.0,567.0,449.0,118.0,745.2,567.0,799.9,638.5,505.6,132.9,745.2,638.5,900.7
1597,1597,41.51142,-7.6512756,989.0,2003-06-09T10:00,19.0,47,7.4,18.6,0.0,0.0,0.0,0.0,1,1016.6,906.7,28,0,0,93,0.45,1.17,6.7,8.6,196,195,25.6,20.3,16.4,14.2,10.1,0.202,0.226,0.303,0.389,1,3600.0,742.0,611.0,131.0,820.3,742.0,988.8,802.6,660.9,141.7,820.3,802.6,1069.5
1596,1596,41.51142,-7.6512756,989.0,2003-06-09T11:00,20.9,37,5.8,20.3,0.0,0.0,0.0,0.0,1,1016.1,906.9,27,0,0,91,0.55,1.55,9.5,12.4,205,206,30.6,21.9,16.7,14.2,10.1,0.201,0.225,0.303,0.389,1,3600.0,863.0,701.0,162.0,820.8,863.0,1133.7,905.0,735.1,169.9,820.8,905.0,1188.9
1595,1595,41.51142,-7.6512756,989.0,2003-06-09T12:00,22.0,32,4.5,21.1,0.0,0.0,0.0,0.0,1,1016.3,907.5,27,0,0,90,0.62,1.81,12.0,15.9,219,219,35.6,23.1,17.0,14.2,10.1,0.199,0.225,0.302,0.388,1,3600.0,937.0,755.0,182.0,818.4,937.0,1224.7,956.7,770.9,185.8,818.4,956.7,1250.5
1594,1594,41.51142,-7.6512756,989.0,2003-06-09T13:00,22.5,31,4.4,21.3,0.0,0.0,0.0,0.0,1,1016.2,907.6,28,0,0,92,0.65,1.89,14.3,18.6,229,229,39.2,24.0,17.3,14.2,10.1,0.198,0.224,0.302,0.388,1,3600.0,971.0,808.0,163.0,854.2,971.0,1255.6,966.9,804.6,162.3,854.2,966.9,1250.3
1593,1593,41.51142,-7.6512756,989.0,2003-06-09T14:00,22.3,33,5.2,21.1,0.0,0.0,0.0,0.0,1,1016.2,907.5,27,0,0,90,0.63,1.81,15.2,20.1,234,234,40.3,24.4,17.6,14.3,10.1,0.196,0.223,0.302,0.388,1,3600.0,954.0,829.0,125.0,898.8,954.0,1224.4,925.9,804.6,121.3,898.8,925.9,1188.3
1592,1592,41.51142,-7.6512756,989.0,2003-06-09T15:00,21.8,36,5.9,20.4,0.0,0.0,0.0,0.0,1,1016.1,907.3,29,0,0,95,0.57,1.69,15.0,19.9,235,235,40.7,24.3,17.9,14.3,10.1,0.195,0.223,0.302,0.388,1,3600.0,871.0,752.0,119.0,881.1,871.0,1133.0,821.5,709.3,112.2,881.1,821.5,1068.7
1591,1591,41.51142,-7.6512756,989.0,2003-06-09T16:00,21.2,37,5.9,19.0,0.0,0.0,0.0,0.0,1,1016.3,907.2,29,0,0,97,0.48,1.6,14.6,19.6,237,238,40.7,23.9,18.2,14.3,10.1,0.194,0.222,0.301,0.388,1,3600.0,723.0,565.0,158.0,759.2,723.0,987.8,658.4,514.5,143.9,759.2,658.4,899.6
1590,1590,41.51142,-7.6512756,989.0,2003-06-09T17:00,20.1,39,5.6,17.0,0.0,0.0,0.0,0.0,1,1016.7,907.2,28,0,0,94,0.36,1.45,14.0,18.8,244,244,40.0,23.0,18.4,14.3,10.1,0.193,0.222,0.301,0.388,1,3600.0,519.0,326.0,193.0,541.8,519.0,798.7,450.0,282.7,167.4,541.8,450.0,692.6
1589,1589,41.51142,-7.6512756,989.0,2003-06-09T18:00,18.8,42,5.6,16.0,0.0,0.0,0.0,0.0,1,1016.7,906.7,29,0,0,96,0.23,1.26,11.4,15.8,246,246,36.0,21.6,18.5,14.3,10.1,0.193,0.222,0.301,0.388,1,3600.0,294.0,126.0,168.0,289.1,294.0,578.6,234.7,100.6,134.1,289.1,234.7,461.8
1588,1588,41.51142,-7.6512756,989.0,2003-06-09T19:00,17.9,43,5.3,15.4,0.0,0.0,0.0,0.0,1,1016.9,906.6,29,0,0,98,0.14,1.16,8.9,14.4,249,248,29.5,20.2,18.5,14.3,10.1,0.192,0.222,0.301,0.388,1,3600.0,170.0,74.0,96.0,286.9,170.0,342.4,110.7,48.2,62.5,286.9,110.7,222.9
1587,1587,41.51142,-7.6512756,989.0,2003-06-09T20:00,16.5,48,5.5,14.4,0.0,0.0,0.0,0.0,1,1017.2,906.4,29,0,0,96,0.06,0.97,7.0,13.4,249,250,22.7,18.7,18.4,14.3,10.1,0.192,0.222,0.301,0.388,1,376.59,39.0,10.0,29.0,83.3,39.0,106.3,0.0,0.0,0.0,0.0,0.0,0.0
1586,1586,41.51142,-7.6512756,989.0,2003-06-09T21:00,15.1,55,6.1,13.2,0.0,0.0,0.0,0.0,1,1017.9,906.5,30,0,1,99,0.02,0.77,6.4,12.1,243,243,19.8,17.4,18.3,14.3,10.1,0.192,0.222,0.301,0.388,0,0.0,0.0,0.0,0.0,0.0,0.0,0.0,0.0,0.0,0.0,0.0,0.0,0.0
1585,1585,41.51142,-7.6512756,989.0,2003-06-09T22:00,13.6,67,7.5,12.1,0.0,0.0,0.0,0.0,1,1018.4,906.4,32,0,7,93,0.01,0.52,6.1,11.6,242,240,18.7,16.3,18.1,14.4,10.1,0.192,0.222,0.301,0.388,0,0.0,0.0,0.0,0.0,0.0,0.0,0.0,0.0,0.0,0.0,0.0,0.0,0.0
1584,1584,41.51142,-7.6512756,989.0,2003-06-09T23:00,12.6,72,7.7,11.1,0.0,0.0,0.0,0.0,1,1018.0,905.7,26,0,5,76,0.01,0.4,6.4,10.8,232,233,18.7,15.3,17.9,14.4,10.1,0.192,0.222,0.301,0.388,0,0.0,0.0,0.0,0.0,0.0,0.0,0.0,0.0,0.0,0.0,0.0,0.0,0.0
1583,1583,41.51142,-7.6512756,989.0,2003-06-10T00:00,11.9,74,7.4,10.3,0.0,0.0,0.0,0.0,0,1017.9,905.3,18,0,1,58,0.01,0.36,6.6,11.5,225,229,19.8,14.5,17.7,14.4,10.1,0.192,0.222,0.301,0.388,0,0.0,0.0,0.0,0.0,0.0,0.0,0.0,0.0,0.0,0.0,0.0,0.0,0.0
1582,1582,41.51142,-7.6512756,989.0,2003-06-10T01:00,11.2,74,6.6,9.3,0.0,0.0,0.0,0.0,0,1017.4,904.6,16,0,0,54,0.01,0.35,7.1,11.8,225,230,20.5,13.7,17.4,14.4,10.1,0.192,0.222,0.301,0.388,0,0.0,0.0,0.0,0.0,0.0,0.0,0.0,0.0,0.0,0.0,0.0,0.0,0.0
1581,1581,41.51142,-7.6512756,989.0,2003-06-10T02:00,11.1,72,6.2,9.0,0.0,0.0,0.0,0.0,1,1017.2,904.4,22,0,0,74,0.01,0.37,7.7,12.0,221,226,20.9,13.0,17.1,14.4,10.1,0.192,0.222,0.301,0.388,0,0.0,0.0,0.0,0.0,0.0,0.0,0.0,0.0,0.0,0.0,0.0,0.0,0.0
1580,1580,41.51142,-7.6512756,989.0,2003-06-10T03:00,10.7,72,5.9,8.6,0.0,0.0,0.0,0.0,1,1016.8,903.9,31,0,8,87,0.01,0.36,7.9,12.7,219,225,21.6,12.4,16.8,14.4,10.2,0.192,0.222,0.301,0.388,0,0.0,0.0,0.0,0.0,0.0,0.0,0.0,0.0,0.0,0.0,0.0,0.0,0.0
1579,1579,41.51142,-7.6512756,989.0,2003-06-10T04:00,10.2,73,5.5,8.1,0.0,0.0,0.0,0.0,1,1017.3,904.2,28,0,12,68,0.01,0.34,7.1,13.8,229,231,22.3,11.8,16.5,14.4,10.2,0.193,0.222,0.301,0.388,0,0.0,0.0,0.0,0.0,0.0,0.0,0.0,0.0,0.0,0.0,0.0,0.0,0.0
1578,1578,41.51142,-7.6512756,989.0,2003-06-10T05:00,9.8,73,5.2,7.4,0.0,0.0,0.0,0.0,0,1017.5,904.2,5,0,1,15,0.01,0.33,8.2,13.7,232,235,22.3,11.3,16.2,14.4,10.2,0.193,0.222,0.301,0.388,1,0.0,0.0,0.0,0.0,0.0,0.0,0.0,0.0,0.0,0.0,0.0,0.0,0.0
1577,1577,41.51142,-7.6512756,989.0,2003-06-10T06:00,10.1,73,5.4,8.1,0.0,0.0,0.0,0.0,0,1018.1,904.8,8,1,2,21,0.02,0.34,6.4,12.8,227,232,21.6,11.6,15.9,14.4,10.2,0.193,0.222,0.301,0.388,1,1963.48,46.0,24.0,22.0,199.0,46.0,107.6,95.9,50.0,45.9,296.0,64.5,224.3
1576,1576,41.51142,-7.6512756,989.0,2003-06-10T07:00,12.5,66,6.4,10.8,0.0,0.0,0.0,0.0,1,1018.5,906.1,26,4,0,73,0.09,0.49,6.1,10.0,225,229,23.8,14.0,15.8,14.4,10.2,0.193,0.222,0.301,0.388,1,3600.0,188.0,117.0,71.0,451.7,188.0,343.8,253.3,157.6,95.7,451.7,253.3,463.2
1575,1575,41.51142,-7.6512756,989.0,2003-06-10T08:00,14.4,61,7.0,12.5,0.0,0.0,0.0,0.0,1,1019.0,907.2,48,23,3,86,0.18,0.64,7.6,9.9,225,226,26.3,15.8,15.8,14.4,10.2,0.193,0.222,0.301,0.388,1,3600.0,324.0,226.0,98.0,517.3,324.0,579.9,387.7,270.4,117.3,517.3,387.7,693.9
1574,1574,41.51142,-7.6512756,989.0,2003-06-10T09:00,15.9,63,8.8,14.3,0.0,0.0,0.0,0.0,2,1019.0,907.8,76,48,6,97,0.25,0.68,9.4,12.2,227,227,28.1,17.5,15.9,14.4,10.2,0.192,0.222,0.301,0.388,1,3600.0,424.0,250.0,174.0,414.8,424.0,799.9,477.4,281.5,195.9,414.8,477.4,900.7
1573,1573,41.51142,-7.6512756,989.0,2003-06-10T10:00,17.5,63,10.5,16.3,0.0,0.0,0.0,0.0,3,1019.3,908.6,100,64,28,90,0.32,0.74,9.9,12.7,226,227,32.8,19.2,16.0,14.4,10.2,0.191,0.222,0.301,0.388,1,3600.0,530.0,307.0,223.0,412.1,530.0,988.8,573.3,332.1,241.2,412.1,573.3,1069.5
1572,1572,41.51142,-7.6512756,989.0,2003-06-10T11:00,18.4,63,11.2,17.1,0.0,0.0,0.0,0.0,3,1018.9,908.5,100,74,27,62,0.34,0.78,11.8,15.6,230,230,37.1,20.1,16.2,14.4,10.2,0.191,0.221,0.3,0.388,1,3600.0,563.0,337.0,226.0,394.5,563.0,1133.8,590.4,353.4,237.0,394.5,590.4,1188.9
1571,1571,41.51142,-7.6512756,989.0,2003-06-10T12:00,19.3,60,11.3,18.1,0.0,0.0,0.0,0.0,3,1018.9,908.9,92,77,20,37,0.38,0.91,13.6,17.9,230,232,39.2,20.9,16.4,14.4,10.2,0.19,0.221,0.3,0.388,1,3600.0,604.0,332.0,272.0,359.7,604.0,1224.9,616.7,339.0,277.7,359.7,616.7,1250.7
1570,1570,41.51142,-7.6512756,989.0,2003-06-10T13:00,20.2,55,10.7,19.3,0.0,0.0,0.0,0.0,2,1018.7,909.0,69,50,15,50,0.46,1.08,14.4,19.3,233,233,40.0,21.6,16.6,14.4,10.2,0.189,0.221,0.3,0.388,1,3600.0,725.0,417.0,308.0,440.7,725.0,1255.9,722.0,415.3,306.7,440.7,722.0,1250.7
1569,1569,41.51142,-7.6512756,989.0,2003-06-10T14:00,20.6,51,10.2,19.5,0.0,0.0,0.0,0.0,2,1018.7,909.2,51,41,15,18,0.46,1.18,14.4,19.1,238,238,39.6,22.1,16.9,14.4,10.2,0.189,0.22,0.3,0.388,1,3600.0,704.0,445.0,259.0,482.2,704.0,1224.9,683.3,431.9,251.4,482.2,683.3,1188.9
1568,1568,41.51142,-7.6512756,989.0,2003-06-10T15:00,20.8,51,10.2,19.4,0.0,0.0,0.0,0.0,2,1018.5,909.0,51,46,14,4,0.42,1.21,13.1,17.0,238,238,37.4,22.4,17.1,14.4,10.2,0.188,0.22,0.3,0.388,1,3600.0,630.0,331.0,299.0,387.5,630.0,1133.8,594.3,312.3,282.1,387.5,594.3,1069.5
1567,1567,41.51142,-7.6512756,989.0,2003-06-10T16:00,20.8,50,10.1,19.6,0.0,0.0,0.0,0.0,1,1018.3,908.9,25,20,4,15,0.4,1.23,11.4,14.8,235,236,34.6,22.6,17.4,14.4,10.2,0.187,0.22,0.299,0.388,1,3600.0,612.0,379.0,233.0,508.6,612.0,988.9,557.5,345.2,212.2,508.6,557.5,900.7
1566,1566,41.51142,-7.6512756,989.0,2003-06-10T17:00,20.6,51,10.0,19.1,0.0,0.0,0.0,0.0,0,1018.1,908.6,13,9,1,13,0.33,1.2,10.3,13.6,234,233,31.7,22.3,17.6,14.4,10.2,0.186,0.219,0.299,0.388,1,3600.0,495.0,346.0,149.0,574.0,495.0,800.0,429.4,300.2,129.3,574.0,429.4,694.0
1565,1565,41.51142,-7.6512756,989.0,2003-06-10T18:00,19.9,53,10.0,18.5,0.0,0.0,0.0,0.0,0,1018.2,908.5,9,4,0,17,0.24,1.09,9.5,12.6,241,239,29.2,21.5,17.7,14.4,10.2,0.186,0.219,0.299,0.388,1,3600.0,365.0,263.0,102.0,601.6,365.0,580.1,291.6,210.1,81.5,601.6,291.6,463.5
1564,1564,41.51142,-7.6512756,989.0,2003-06-10T19:00,18.7,62,11.2,18.1,0.0,0.0,0.0,0.0,0,1018.0,907.9,13,3,0,33,0.12,0.83,7.1,11.2,255,255,24.1,20.4,17.8,14.4,10.2,0.186,0.219,0.299,0.387,1,3600.0,179.0,104.0,75.0,401.0,179.0,344.2,116.9,67.9,49.0,401.0,116.9,224.8
1563,1563,41.51142,-7.6512756,989.0,2003-06-10T20:00,17.4,68,11.5,16.9,0.0,0.0,0.0,0.0,0,1018.3,907.7,13,0,0,43,0.04,0.63,6.8,9.4,273,272,18.4,18.9,17.8,14.4,10.2,0.186,0.219,0.299,0.387,1,1735.41,45.0,20.0,25.0,165.6,45.0,108.2,0.0,0.0,0.0,0.0,0.0,0.0
1562,1562,41.51142,-7.6512756,989.0,2003-06-10T21:00,16.1,76,11.9,15.8,0.0,0.0,0.0,0.0,0,1018.6,907.5,18,1,0,58,0.0,0.44,5.9,7.0,284,291,14.8,17.6,17.7,14.5,10.2,0.186,0.219,0.299,0.387,0,0.0,0.0,0.0,0.0,0.0,0.0,0.0,0.0,0.0,0.0,0.0,0.0,0.0
1561,1561,41.51142,-7.6512756,989.0,2003-06-10T22:00,14.5,86,12.2,14.3,0.0,0.0,0.0,0.0,1,1018.9,907.2,26,1,0,83,0.0,0.23,5.8,5.8,292,300,13.3,16.6,17.6,14.5,10.2,0.186,0.219,0.299,0.387,0,0.0,0.0,0.0,0.0,0.0,0.0,0.0,0.0,0.0,0.0,0.0,0.0,0.0
1560,1560,41.51142,-7.6512756,989.0,2003-06-10T23:00,13.3,91,11.9,13.1,0.0,0.0,0.0,0.0,1,1018.8,906.6,31,4,0,90,0.0,0.13,5.3,5.4,298,307,12.2,15.5,17.4,14.5,10.2,0.186,0.219,0.299,0.387,0,0.0,0.0,0.0,0.0,0.0,0.0,0.0,0.0,0.0,0.0,0.0,0.0,0.0
1559,1559,41.51142,-7.6512756,989.0,2003-06-11T00:00,12.6,93,11.5,12.3,0.0,0.0,0.0,0.0,2,1018.6,906.2,66,53,0,61,0.0,0.1,5.2,5.9,304,308,11.9,14.7,17.2,14.5,10.2,0.186,0.219,0.299,0.387,0,0.0,0.0,0.0,0.0,0.0,0.0,0.0,0.0,0.0,0.0,0.0,0.0,0.0
1558,1558,41.51142,-7.6512756,989.0,2003-06-11T01:00,12.3,94,11.4,12.2,0.0,0.0,0.0,0.0,2,1018.6,906.1,75,59,0,74,0.0,0.08,4.1,6.1,315,315,11.9,14.3,17.0,14.5,10.2,0.186,0.219,0.299,0.387,0,0.0,0.0,0.0,0.0,0.0,0.0,0.0,0.0,0.0,0.0,0.0,0.0,0.0
1557,1557,41.51142,-7.6512756,989.0,2003-06-11T02:00,12.1,95,11.3,12.0,0.0,0.0,0.0,0.0,3,1018.3,905.7,100,100,0,77,0.0,0.07,3.8,5.9,319,322,11.9,13.9,16.8,14.5,10.2,0.186,0.219,0.299,0.387,0,0.0,0.0,0.0,0.0,0.0,0.0,0.0,0.0,0.0,0.0,0.0,0.0,0.0
1556,1556,41.51142,-7.6512756,989.0,2003-06-11T03:00,11.9,96,11.2,11.8,0.0,0.0,0.0,0.0,3,1018.3,905.7,100,100,0,51,0.0,0.06,3.2,4.7,333,337,12.2,13.7,16.6,14.5,10.2,0.186,0.219,0.299,0.387,0,0.0,0.0,0.0,0.0,0.0,0.0,0.0,0.0,0.0,0.0,0.0,0.0,0.0
1555,1555,41.51142,-7.6512756,989.0,2003-06-11T04:00,11.4,98,11.1,11.4,0.0,0.0,0.0,0.0,3,1018.0,905.2,90,100,0,0,0.0,0.03,2.9,4.0,353,5,12.6,13.5,16.4,14.5,10.2,0.186,0.219,0.299,0.387,0,0.0,0.0,0.0,0.0,0.0,0.0,0.0,0.0,0.0,0.0,0.0,0.0,0.0
1554,1554,41.51142,-7.6512756,989.0,2003-06-11T05:00,10.6,100,10.6,10.5,0.0,0.0,0.0,0.0,3,1017.7,904.7,85,94,0,0,0.0,0.0,2.5,3.5,360,24,12.2,13.3,16.2,14.5,10.2,0.186,0.22,0.299,0.387,1,0.0,0.0,0.0,0.0,0.0,0.0,0.0,0.0,0.0,0.0,0.0,0.0,0.0
1553,1553,41.51142,-7.6512756,989.0,2003-06-11T06:00,11.3,97,10.8,11.2,0.0,0.0,0.0,0.0,1,1018.0,905.2,44,49,0,0,0.01,0.04,2.5,2.6,360,34,11.9,13.6,16.1,14.5,10.2,0.186,0.22,0.299,0.387,1,782.93,37.0,13.0,24.0,107.7,37.0,108.1,76.9,27.0,49.9,159.6,51.9,224.7
1552,1552,41.51142,-7.6512756,989.0,2003-06-11T07:00,13.2,90,11.5,13.4,0.0,0.0,0.0,0.0,0,1018.0,905.9,19,21,0,0,0.08,0.16,2.2,2.5,360,45,12.2,14.8,16.0,14.5,10.3,0.186,0.22,0.299,0.387,1,3600.0,183.0,121.0,62.0,466.7,183.0,344.0,246.5,163.0,83.5,466.7,246.5,463.3
1551,1551,41.51142,-7.6512756,989.0,2003-06-11T08:00,15.7,74,11.0,15.7,0.0,0.0,0.0,0.0,0,1018.1,906.9,4,4,0,0,0.2,0.47,1.8,2.3,37,51,13.0,16.7,16.0,14.5,10.3,0.186,0.219,0.299,0.387,1,3600.0,367.0,285.0,82.0,652.0,367.0,580.0,439.1,341.0,98.1,652.0,439.1,693.9
1550,1550,41.51142,-7.6512756,989.0,2003-06-11T09:00,18.2,64,11.2,18.3,0.0,0.0,0.0,0.0,0,1017.8,907.5,1,1,0,0,0.34,0.76,2.9,3.7,120,119,14.8,19.0,16.1,14.5,10.3,0.186,0.219,0.299,0.387,1,3600.0,576.0,482.0,94.0,799.6,576.0,799.9,648.6,542.7,105.8,799.6,648.6,900.7
1549,1549,41.51142,-7.6512756,989.0,2003-06-11T10:00,20.3,55,10.9,21.2,0.0,0.0,0.0,0.0,0,1017.6,908.1,1,1,0,0,0.45,1.07,3.6,4.4,143,145,18.0,21.0,16.3,14.5,10.3,0.185,0.219,0.299,0.387,1,3600.0,727.0,616.0,111.0,826.7,727.0,988.8,786.4,666.3,120.1,826.7,786.4,1069.5
1548,1548,41.51142,-7.6512756,989.0,2003-06-11T11:00,22.2,46,10.1,23.5,0.0,0.0,0.0,0.0,0,1017.2,908.4,0,0,0,0,0.56,1.44,5.2,6.6,168,167,21.2,22.9,16.6,14.5,10.3,0.184,0.218,0.298,0.387,1,3600.0,870.0,759.0,111.0,888.3,870.0,1133.7,912.4,796.0,116.4,888.3,912.4,1188.9
1547,1547,41.51142,-7.6512756,989.0,2003-06-11T12:00,23.8,40,9.5,25.1,0.0,0.0,0.0,0.0,0,1016.9,908.6,0,0,0,0,0.64,1.76,7.2,9.4,186,184,24.5,24.4,17.0,14.5,10.3,0.183,0.218,0.298,0.387,1,3600.0,951.0,836.0,115.0,905.6,951.0,1224.9,971.1,853.7,117.4,905.6,971.1,1250.9
1546,1546,41.51142,-7.6512756,989.0,2003-06-11T13:00,25.0,37,9.3,26.1,0.0,0.0,0.0,0.0,0,1016.4,908.6,0,0,0,0,0.68,2.0,8.7,11.2,197,195,26.6,25.6,17.4,14.5,10.3,0.181,0.217,0.298,0.387,1,3600.0,978.0,861.0,117.0,909.4,978.0,1256.2,974.0,857.5,116.5,909.4,974.0,1251.1
1545,1545,41.51142,-7.6512756,989.0,2003-06-11T14:00,25.7,35,9.3,26.5,0.0,0.0,0.0,0.0,0,1015.8,908.3,0,0,0,0,0.67,2.14,9.7,12.4,207,206,28.1,26.3,17.8,14.5,10.3,0.18,0.217,0.298,0.387,1,3600.0,948.0,834.0,114.0,903.1,948.0,1225.3,920.3,809.6,110.7,903.1,920.3,1189.5
1544,1544,41.51142,-7.6512756,989.0,2003-06-11T15:00,26.1,35,9.4,26.3,0.0,0.0,0.0,0.0,0,1015.7,908.3,0,0,0,0,0.62,2.2,10.1,13.0,215,214,28.8,26.6,18.2,14.5,10.3,0.179,0.216,0.297,0.387,1,3600.0,865.0,755.0,110.0,883.0,865.0,1134.5,816.1,712.4,103.8,883.0,816.1,1070.4
1543,1543,41.51142,-7.6512756,989.0,2003-06-11T16:00,26.0,36,9.7,25.7,0.0,0.0,0.0,0.0,0,1015.2,907.9,0,0,0,0,0.53,2.17,9.4,12.5,230,229,28.4,26.4,18.6,14.5,10.3,0.178,0.215,0.297,0.387,1,3600.0,736.0,633.0,103.0,848.5,736.0,989.8,670.6,576.7,93.8,848.5,670.6,901.8
1542,1542,41.51142,-7.6512756,989.0,2003-06-11T17:00,25.5,38,10.2,24.5,0.0,0.0,0.0,0.0,0,1015.2,907.7,1,0,0,4,0.41,2.02,8.7,11.4,253,252,27.0,25.8,18.9,14.5,10.3,0.177,0.215,0.297,0.387,1,3600.0,572.0,478.0,94.0,791.6,572.0,801.2,496.4,414.8,81.6,791.6,496.4,695.4
1541,1541,41.51142,-7.6512756,989.0,2003-06-11T18:00,24.5,42,10.9,23.8,0.0,0.0,0.0,0.0,0,1015.0,907.2,3,0,0,9,0.28,1.77,7.3,9.9,281,280,24.1,24.7,19.1,14.6,10.3,0.177,0.215,0.297,0.387,1,3600.0,386.0,307.0,79.0,700.4,386.0,581.6,308.6,245.5,63.2,700.4,308.6,465.0
1540,1540,41.51142,-7.6512756,989.0,2003-06-11T19:00,23.3,48,11.6,23.1,0.0,0.0,0.0,0.0,0,1015.4,907.1,4,0,0,13,0.13,1.49,4.4,9.6,305,304,18.0,23.3,19.2,14.6,10.3,0.176,0.215,0.297,0.387,1,3600.0,200.0,138.0,62.0,529.5,200.0,345.8,131.0,90.4,40.6,529.5,131.0,226.5
1539,1539,41.51142,-7.6512756,989.0,2003-06-11T20:00,21.4,56,12.2,21.1,0.0,0.0,0.0,0.0,0,1015.6,906.7,4,0,0,12,0.06,1.12,7.1,9.0,315,323,13.3,21.6,19.3,14.6,10.3,0.176,0.215,0.297,0.387,1,2001.48,47.0,23.0,24.0,189.3,47.0,110.0,0.0,0.0,0.0,0.0,0.0,0.0
1538,1538,41.51142,-7.6512756,989.0,2003-06-11T21:00,18.9,71,13.6,19.1,0.0,0.0,0.0,0.0,0,1016.3,906.4,4,0,0,15,0.01,0.63,6.9,8.3,332,342,13.3,19.9,19.2,14.6,10.3,0.176,0.215,0.297,0.387,0,0.0,0.0,0.0,0.0,0.0,0.0,0.0,0.0,0.0,0.0,0.0,0.0,0.0
1537,1537,41.51142,-7.6512756,989.0,2003-06-11T22:00,18.2,70,12.6,18.2,0.0,0.0,0.0,0.0,0,1017.0,906.8,7,0,0,24,0.01,0.63,5.9,7.2,346,360,11.5,18.4,19.1,14.6,10.3,0.176,0.215,0.297,0.387,0,0.0,0.0,0.0,0.0,0.0,0.0,0.0,0.0,0.0,0.0,0.0,0.0,0.0
1536,1536,41.51142,-7.6512756,989.0,2003-06-11T23:00,17.2,74,12.5,17.1,0.0,0.0,0.0,0.0,0,1017.1,906.5,3,0,0,9,0.01,0.51,6.2,7.7,350,11,12.2,17.3,18.9,14.6,10.3,0.177,0.215,0.297,0.387,0,0.0,0.0,0.0,0.0,0.0,0.0,0.0,0.0,0.0,0.0,0.0,0.0,0.0
1535,1535,41.51142,-7.6512756,989.0,2003-06-12T00:00,16.3,77,12.3,16.2,0.0,0.0,0.0,0.0,0,1016.8,905.9,1,0,0,3,0.0,0.42,6.2,7.7,350,11,13.0,16.4,18.7,14.6,10.3,0.177,0.215,0.297,0.387,0,0.0,0.0,0.0,0.0,0.0,0.0,0.0,0.0,0.0,0.0,0.0,0.0,0.0
1534,1534,41.51142,-7.6512756,989.0,2003-06-12T01:00,14.5,82,11.6,14.1,0.0,0.0,0.0,0.0,0,1016.8,905.3,0,0,0,0,0.0,0.29,6.1,6.6,357,13,13.0,15.7,18.5,14.7,10.3,0.177,0.215,0.297,0.387,0,0.0,0.0,0.0,0.0,0.0,0.0,0.0,0.0,0.0,0.0,0.0,0.0,0.0
1533,1533,41.51142,-7.6512756,989.0,2003-06-12T02:00,13.5,86,11.3,13.1,0.0,0.0,0.0,0.0,0,1016.1,904.3,0,0,0,0,0.0,0.21,5.9,6.1,11,28,13.0,15.1,18.3,14.7,10.3,0.177,0.215,0.297,0.387,0,0.0,0.0,0.0,0.0,0.0,0.0,0.0,0.0,0.0,0.0,0.0,0.0,0.0
1532,1532,41.51142,-7.6512756,989.0,2003-06-12T03:00,12.9,88,11.0,12.4,0.0,0.0,0.0,0.0,0,1015.8,903.8,3,0,0,9,0.0,0.18,5.2,5.9,16,52,11.9,14.6,18.0,14.7,10.3,0.177,0.215,0.297,0.387,0,0.0,0.0,0.0,0.0,0.0,0.0,0.0,0.0,0.0,0.0,0.0,0.0,0.0
1531,1531,41.51142,-7.6512756,989.0,2003-06-12T04:00,12.5,88,10.7,12.1,0.0,0.0,0.0,0.0,0,1015.7,903.6,3,0,0,10,0.0,0.17,4.7,5.7,23,72,11.9,14.2,17.8,14.7,10.3,0.177,0.215,0.297,0.386,0,0.0,0.0,0.0,0.0,0.0,0.0,0.0,0.0,0.0,0.0,0.0,0.0,0.0
1530,1530,41.51142,-7.6512756,989.0,2003-06-12T05:00,12.5,87,10.3,12.0,0.0,0.0,0.0,0.0,0,1015.5,903.4,4,0,0,14,0.0,0.19,4.2,5.4,31,90,11.9,13.9,17.5,14.7,10.3,0.177,0.215,0.297,0.386,1,0.0,0.0,0.0,0.0,0.0,0.0,0.0,0.0,0.0,0.0,0.0,0.0,0.0
1529,1529,41.51142,-7.6512756,989.0,2003-06-12T06:00,13.4,84,10.8,13.3,0.0,0.0,0.0,0.0,0,1015.8,904.0,0,0,0,1,0.01,0.24,2.4,5.1,27,98,11.5,14.2,17.3,14.7,10.3,0.177,0.215,0.297,0.386,1,1977.22,47.0,26.0,21.0,215.1,47.0,108.4,97.5,53.9,43.6,318.1,65.9,224.9
1528,1528,41.51142,-7.6512756,989.0,2003-06-12T07:00,17.4,70,11.9,17.6,0.0,0.0,0.0,0.0,0,1015.7,905.4,0,0,0,0,0.1,0.6,3.1,5.2,45,102,11.5,16.5,17.2,14.7,10.3,0.177,0.215,0.297,0.386,1,3600.0,196.0,138.0,58.0,531.9,196.0,344.2,263.9,185.8,78.1,531.9,263.9,463.4
1527,1527,41.51142,-7.6512756,989.0,2003-06-12T08:00,20.6,55,11.3,20.5,0.0,0.0,0.0,0.0,0,1015.9,906.6,0,0,0,0,0.23,1.08,3.3,5.1,77,98,12.6,19.0,17.3,14.7,10.3,0.177,0.215,0.296,0.386,1,3600.0,380.0,301.0,79.0,688.5,380.0,580.0,454.6,360.1,94.5,688.5,454.6,693.8
1526,1526,41.51142,-7.6512756,989.0,2003-06-12T09:00,22.9,46,10.6,22.6,0.0,0.0,0.0,0.0,0,1015.9,907.4,0,0,0,0,0.37,1.51,4.2,5.5,110,113,15.8,21.1,17.4,14.7,10.3,0.176,0.215,0.296,0.386,1,3600.0,564.0,470.0,94.0,779.6,564.0,799.8,635.0,529.2,105.8,779.6,635.0,900.5
1525,1525,41.51142,-7.6512756,989.0,2003-06-12T10:00,24.7,41,10.5,25.3,0.0,0.0,0.0,0.0,0,1015.8,908.0,6,0,0,19,0.49,1.84,4.7,5.7,122,125,18.7,23.2,17.6,14.7,10.3,0.176,0.214,0.296,0.386,1,3600.0,727.0,623.0,104.0,836.0,727.0,988.6,786.4,673.9,112.5,836.0,786.4,1069.4
1524,1524,41.51142,-7.6512756,989.0,2003-06-12T11:00,26.2,38,10.8,27.5,0.0,0.0,0.0,0.0,0,1015.6,908.3,6,0,0,21,0.6,2.1,5.6,7.2,153,153,23.4,25.1,18.0,14.7,10.4,0.174,0.214,0.296,0.386,1,3600.0,853.0,742.0,111.0,868.3,853.0,1133.7,894.6,778.2,116.4,868.3,894.6,1188.9
1523,1523,41.51142,-7.6512756,989.0,2003-06-12T12:00,27.4,35,10.8,28.8,0.0,0.0,0.0,0.0,0,1015.4,908.5,11,0,16,5,0.66,2.35,7.3,9.1,171,171,28.4,26.6,18.4,14.7,10.4,0.173,0.213,0.295,0.386,1,3600.0,916.0,797.0,119.0,863.1,916.0,1225.0,935.4,813.9,121.5,863.1,935.4,1251.0
1522,1522,41.51142,-7.6512756,989.0,2003-06-12T13:00,28.1,34,10.7,29.4,0.0,0.0,0.0,0.0,0,1015.2,908.6,6,0,9,3,0.67,2.53,7.6,9.7,180,182,28.1,27.5,18.7,14.7,10.4,0.172,0.212,0.295,0.386,1,3600.0,908.0,788.0,120.0,832.0,908.0,1256.4,904.4,784.8,119.5,832.0,904.4,1251.3
1521,1521,41.51142,-7.6512756,989.0,2003-06-12T14:00,28.4,33,10.7,29.2,0.0,0.0,0.0,0.0,0,1014.7,908.2,3,0,5,0,0.62,2.58,7.0,9.2,192,191,26.3,28.0,19.1,14.8,10.4,0.171,0.212,0.295,0.386,1,3600.0,819.0,641.0,178.0,693.7,819.0,1225.7,795.1,622.3,172.8,693.7,795.1,1190.0
1520,1520,41.51142,-7.6512756,989.0,2003-06-12T15:00,28.8,32,10.6,29.7,0.0,0.0,0.0,0.0,0,1014.0,907.7,6,0,8,4,0.59,2.68,5.8,7.9,210,210,24.5,28.4,19.5,14.8,10.4,0.17,0.211,0.294,0.386,1,3600.0,792.0,666.0,126.0,778.3,792.0,1135.1,747.4,628.5,118.9,778.3,747.4,1071.1
1519,1519,41.51142,-7.6512756,989.0,2003-06-12T16:00,28.1,34,11.0,28.1,0.0,0.0,0.0,0.0,0,1013.9,907.4,18,0,25,9,0.47,2.5,5.4,7.2,233,233,22.0,27.7,19.9,14.8,10.4,0.171,0.211,0.294,0.386,1,3600.0,623.0,494.0,129.0,661.5,623.0,990.7,567.8,450.2,117.6,661.5,567.8,902.9
1518,1518,41.51142,-7.6512756,989.0,2003-06-12T17:00,27.3,38,11.8,27.1,0.6,0.6,0.0,0.0,53,1014.3,907.5,39,0,52,27,0.31,2.25,5.6,6.9,310,309,19.1,26.7,20.1,14.8,10.4,0.172,0.211,0.294,0.386,1,3600.0,380.0,244.0,136.0,403.4,380.0,802.4,329.9,211.8,118.1,403.4,329.9,696.6
1517,1517,41.51142,-7.6512756,989.0,2003-06-12T18:00,26.1,44,13.0,26.4,0.0,0.0,0.0,0.0,2,1015.4,908.1,53,0,53,70,0.22,1.88,4.2,5.8,70,60,16.2,25.4,20.3,14.8,10.4,0.181,0.211,0.294,0.386,1,3600.0,286.0,216.0,70.0,491.5,286.0,582.9,228.9,172.9,56.0,491.5,228.9,466.5
1516,1516,41.51142,-7.6512756,989.0,2003-06-12T19:00,23.1,56,13.9,23.8,0.3,0.3,0.0,0.0,51,1015.8,907.4,25,0,14,56,0.11,1.24,4.2,11.3,110,107,19.1,23.6,20.4,14.9,10.4,0.183,0.211,0.294,0.386,1,3600.0,137.0,81.0,56.0,309.3,137.0,347.3,90.0,53.2,36.8,309.3,90.0,228.1
1515,1515,41.51142,-7.6512756,989.0,2003-06-12T20:00,21.7,61,13.8,22.0,0.0,0.0,0.0,0.0,0,1015.6,906.8,13,0,7,29,0.05,1.02,6.2,8.8,80,99,17.6,21.9,20.3,14.9,10.4,0.183,0.211,0.294,0.386,1,1754.62,43.0,20.0,23.0,163.8,43.0,111.7,0.0,0.0,0.0,0.0,0.0,0.0
1514,1514,41.51142,-7.6512756,989.0,2003-06-12T21:00,20.3,64,13.3,20.3,0.0,0.0,0.0,0.0,0,1015.9,906.5,10,0,8,19,0.03,0.85,7.4,9.7,67,90,14.8,20.6,20.3,14.9,10.4,0.183,0.211,0.294,0.386,0,0.0,0.0,0.0,0.0,0.0,0.0,0.0,0.0,0.0,0.0,0.0,0.0,0.0
1513,1513,41.51142,-7.6512756,989.0,2003-06-12T22:00,19.1,67,12.9,19.0,0.0,0.0,0.0,0.0,0,1016.2,906.4,11,0,11,15,0.02,0.73,7.4,11.1,51,77,16.6,19.6,20.1,14.9,10.4,0.183,0.211,0.294,0.386,0,0.0,0.0,0.0,0.0,0.0,0.0,0.0,0.0,0.0,0.0,0.0,0.0,0.0
1512,1512,41.51142,-7.6512756,989.0,2003-06-12T23:00,18.2,69,12.4,17.6,0.0,0.0,0.0,0.0,0,1016.2,906.1,8,0,7,12,0.02,0.65,9.2,14.4,69,86,18.7,18.8,20.0,14.9,10.4,0.183,0.211,0.294,0.386,0,0.0,0.0,0.0,0.0,0.0,0.0,0.0,0.0,0.0,0.0,0.0,0.0,0.0
1511,1511,41.51142,-7.6512756,989.0,2003-06-13T00:00,17.4,71,12.0,16.7,0.0,0.0,0.0,0.0,0,1016.0,905.6,3,0,1,7,0.02,0.59,9.2,16.3,79,96,21.2,18.1,19.8,14.9,10.4,0.184,0.211,0.294,0.386,0,0.0,0.0,0.0,0.0,0.0,0.0,0.0,0.0,0.0,0.0,0.0,0.0,0.0
1510,1510,41.51142,-7.6512756,989.0,2003-06-13T01:00,16.9,71,11.7,16.1,0.0,0.0,0.0,0.0,0,1015.7,905.2,9,0,0,30,0.02,0.56,9.3,18.5,77,98,23.4,17.5,19.6,15.0,10.4,0.184,0.211,0.294,0.386,0,0.0,0.0,0.0,0.0,0.0,0.0,0.0,0.0,0.0,0.0,0.0,0.0,0.0
1509,1509,41.51142,-7.6512756,989.0,2003-06-13T02:00,16.4,73,11.4,15.5,0.0,0.0,0.0,0.0,0,1015.1,904.5,9,0,0,30,0.02,0.51,9.5,16.1,81,100,23.8,17.0,19.4,15.0,10.4,0.184,0.211,0.294,0.386,0,0.0,0.0,0.0,0.0,0.0,0.0,0.0,0.0,0.0,0.0,0.0,0.0,0.0
1508,1508,41.51142,-7.6512756,989.0,2003-06-13T03:00,15.8,75,11.3,15.1,0.0,0.0,0.0,0.0,0,1015.0,904.1,8,0,0,28,0.01,0.45,7.9,13.2,106,107,23.0,16.5,19.2,15.0,10.4,0.184,0.211,0.294,0.386,0,0.0,0.0,0.0,0.0,0.0,0.0,0.0,0.0,0.0,0.0,0.0,0.0,0.0
1507,1507,41.51142,-7.6512756,989.0,2003-06-13T04:00,15.3,77,11.2,14.6,0.0,0.0,0.0,0.0,0,1015.1,904.1,12,0,0,40,0.01,0.41,7.6,13.4,109,110,20.9,16.1,18.9,15.0,10.4,0.184,0.211,0.294,0.386,0,0.0,0.0,0.0,0.0,0.0,0.0,0.0,0.0,0.0,0.0,0.0,0.0,0.0
1506,1506,41.51142,-7.6512756,989.0,2003-06-13T05:00,15.0,79,11.3,14.3,0.0,0.0,0.0,0.0,0,1015.0,903.9,17,0,2,54,0.01,0.37,7.6,13.2,82,107,20.2,15.7,18.7,15.0,10.4,0.184,0.211,0.294,0.386,1,0.0,0.0,0.0,0.0,0.0,0.0,0.0,0.0,0.0,0.0,0.0,0.0,0.0
1505,1505,41.51142,-7.6512756,989.0,2003-06-13T06:00,15.6,80,12.1,15.5,0.0,0.0,0.0,0.0,1,1015.4,904.4,25,0,11,60,0.02,0.36,5.2,12.9,74,103,18.7,16.0,18.5,15.0,10.4,0.184,0.211,0.294,0.386,1,1193.93,36.0,16.0,20.0,132.3,36.0,108.6,74.6,33.1,41.4,195.3,50.5,225.0
1504,1504,41.51142,-7.6512756,989.0,2003-06-13T07:00,18.6,68,12.5,18.4,0.0,0.0,0.0,0.0,0,1015.4,905.5,17,0,2,52,0.11,0.69,6.5,12.4,96,107,22.7,17.9,18.4,15.0,10.4,0.184,0.211,0.294,0.386,1,3600.0,183.0,115.0,68.0,443.2,183.0,344.2,246.4,154.8,91.5,443.2,246.4,463.4
1503,1503,41.51142,-7.6512756,989.0,2003-06-13T08:00,20.8,61,12.9,20.8,0.0,0.0,0.0,0.0,0,1015.9,906.7,13,0,2,39,0.23,0.97,6.5,10.2,109,113,24.1,19.4,18.4,15.0,10.4,0.184,0.211,0.294,0.386,1,3600.0,369.0,277.0,92.0,633.6,369.0,579.9,441.4,331.4,110.1,633.6,441.4,693.7
1502,1502,41.51142,-7.6512756,989.0,2003-06-13T09:00,23.0,51,12.4,22.6,0.0,0.0,0.0,0.0,0,1016.1,907.6,18,0,7,45,0.37,1.37,8.2,11.0,119,122,26.3,21.4,18.5,15.0,10.4,0.183,0.211,0.294,0.386,1,3600.0,560.0,463.0,97.0,768.0,560.0,799.6,630.5,521.3,109.2,768.0,630.5,900.3
1501,1501,41.51142,-7.6512756,989.0,2003-06-13T10:00,24.7,44,11.7,25.0,0.0,0.0,0.0,0.0,1,1015.9,908.1,38,0,24,77,0.5,1.74,8.7,11.2,135,138,28.4,23.2,18.7,15.0,10.4,0.182,0.211,0.294,0.386,1,3600.0,721.0,613.0,108.0,822.5,721.0,988.4,779.9,663.1,116.8,822.5,779.9,1069.2
1500,1500,41.51142,-7.6512756,989.0,2003-06-13T11:00,26.4,40,11.6,27.1,0.0,0.0,0.0,0.0,1,1015.6,908.4,37,0,20,82,0.59,2.07,9.3,12.0,144,147,31.7,25.1,18.9,15.1,10.4,0.181,0.21,0.293,0.385,1,3600.0,814.0,677.0,137.0,792.1,814.0,1133.5,853.7,710.0,143.7,792.1,853.7,1188.8
1499,1499,41.51142,-7.6512756,989.0,2003-06-13T12:00,28.0,36,11.4,29.2,0.0,0.0,0.0,0.0,1,1015.7,909.0,36,0,21,79,0.68,2.44,9.9,12.9,161,162,34.6,26.7,19.3,15.1,10.4,0.18,0.209,0.293,0.385,1,3600.0,919.0,764.0,155.0,827.2,919.0,1225.0,938.6,780.3,158.3,827.2,938.6,1251.0
1498,1498,41.51142,-7.6512756,989.0,2003-06-13T13:00,29.4,31,10.6,30.7,0.0,0.0,0.0,0.0,1,1015.4,909.2,43,0,35,73,0.72,2.82,8.7,11.5,175,176,36.4,27.9,19.6,15.1,10.4,0.178,0.209,0.293,0.385,1,3600.0,955.0,820.0,135.0,865.5,955.0,1256.5,951.3,816.8,134.5,865.5,951.3,1251.6
1497,1497,41.51142,-7.6512756,989.0,2003-06-13T14:00,30.2,29,10.0,31.2,0.0,0.0,0.0,0.0,0,1014.7,908.8,10,0,5,25,0.72,3.08,9.0,11.9,175,177,36.0,28.7,20.0,15.1,10.5,0.177,0.208,0.292,0.385,1,3600.0,936.0,818.0,118.0,884.8,936.0,1226.1,908.8,794.3,114.6,884.8,908.8,1190.5
1496,1496,41.51142,-7.6512756,989.0,2003-06-13T15:00,30.7,27,9.4,30.8,0.0,0.0,0.0,0.0,0,1014.1,908.4,8,0,2,23,0.66,3.23,9.9,13.2,161,163,34.6,29.0,20.4,15.1,10.5,0.176,0.207,0.292,0.385,1,3600.0,837.0,689.0,148.0,804.6,837.0,1135.7,790.0,650.3,139.7,804.6,790.0,1071.9
1495,1495,41.51142,-7.6512756,989.0,2003-06-13T16:00,30.9,26,9.1,30.0,0.0,0.0,0.0,0.0,0,1013.7,908.1,15,0,0,49,0.58,3.31,10.7,14.4,147,148,32.4,28.9,20.7,15.1,10.5,0.174,0.207,0.292,0.385,1,3600.0,710.0,568.0,142.0,759.7,710.0,991.6,647.2,517.7,129.4,759.7,647.2,903.8
1494,1494,41.51142,-7.6512756,989.0,2003-06-13T17:00,30.8,26,8.8,28.8,0.0,0.0,0.0,0.0,0,1012.8,907.3,20,0,1,63,0.49,3.32,12.1,17.6,150,152,30.2,28.5,21.0,15.2,10.5,0.174,0.206,0.291,0.385,1,3600.0,560.0,448.0,112.0,739.5,560.0,803.5,486.4,389.1,97.3,739.5,486.4,697.8
1493,1493,41.51142,-7.6512756,989.0,2003-06-13T18:00,28.1,33,10.3,26.5,0.1,0.1,0.0,0.0,51,1014.6,908.0,53,0,41,95,0.32,2.55,11.9,23.5,166,169,32.4,26.9,21.2,15.2,10.5,0.179,0.206,0.291,0.385,1,3600.0,350.0,231.0,119.0,524.4,350.0,584.2,280.3,185.0,95.3,524.4,280.3,467.9
1492,1492,41.51142,-7.6512756,989.0,2003-06-13T19:00,26.0,42,12.0,25.5,0.0,0.0,0.0,0.0,1,1013.7,906.5,28,0,2,90,0.13,1.96,7.5,13.4,125,144,34.2,25.1,21.3,15.2,10.5,0.179,0.206,0.291,0.385,1,709.13,84.0,22.0,62.0,83.6,84.0,348.8,55.3,14.5,40.8,83.6,55.3,229.7
1491,1491,41.51142,-7.6512756,989.0,2003-06-13T20:00,24.0,54,14.0,24.0,0.0,0.0,0.0,0.0,1,1014.2,906.3,28,0,2,88,0.08,1.38,8.5,12.5,118,139,22.0,23.5,21.3,15.2,10.5,0.178,0.206,0.291,0.385,1,926.09,40.0,14.0,26.0,114.1,40.0,113.3,0.0,0.0,0.0,0.0,0.0,0.0
1490,1490,41.51142,-7.6512756,989.0,2003-06-13T21:00,23.7,45,10.9,22.7,0.0,0.0,0.0,0.0,1,1014.4,906.4,30,0,1,97,0.07,1.63,8.7,14.1,128,142,24.1,22.0,21.2,15.2,10.5,0.178,0.206,0.291,0.385,0,0.0,0.0,0.0,0.0,0.0,0.0,0.0,0.0,0.0,0.0,0.0,0.0,0.0
1489,1489,41.51142,-7.6512756,989.0,2003-06-13T22:00,20.9,52,10.8,19.9,0.0,0.0,0.0,0.0,1,1015.8,906.7,28,0,3,88,0.05,1.18,8.9,18.1,223,211,27.0,20.8,21.1,15.3,10.5,0.178,0.206,0.291,0.385,0,0.0,0.0,0.0,0.0,0.0,0.0,0.0,0.0,0.0,0.0,0.0,0.0,0.0
1488,1488,41.51142,-7.6512756,989.0,2003-06-13T23:00,19.4,57,10.7,18.3,0.0,0.0,0.0,0.0,1,1016.6,906.9,27,0,9,73,0.04,0.97,9.2,21.8,228,232,27.4,19.9,21.0,15.3,10.5,0.178,0.206,0.291,0.385,0,0.0,0.0,0.0,0.0,0.0,0.0,0.0,0.0,0.0,0.0,0.0,0.0,0.0
1487,1487,41.51142,-7.6512756,989.0,2003-06-14T00:00,17.8,69,12.1,17.4,0.0,0.0,0.0,0.0,0,1017.5,907.1,8,2,2,18,0.02,0.63,7.8,18.3,236,238,26.6,19.2,20.8,15.3,10.5,0.178,0.206,0.291,0.385,0,0.0,0.0,0.0,0.0,0.0,0.0,0.0,0.0,0.0,0.0,0.0,0.0,0.0
1486,1486,41.51142,-7.6512756,989.0,2003-06-14T01:00,17.2,75,12.6,17.2,0.0,0.0,0.0,0.0,0,1017.7,907.1,4,0,0,14,0.0,0.5,5.8,15.6,240,241,23.4,18.4,20.6,15.3,10.5,0.178,0.207,0.291,0.385,0,0.0,0.0,0.0,0.0,0.0,0.0,0.0,0.0,0.0,0.0,0.0,0.0,0.0
1485,1485,41.51142,-7.6512756,989.0,2003-06-14T02:00,16.7,76,12.3,16.4,0.0,0.0,0.0,0.0,1,1018.2,907.3,22,0,0,74,0.01,0.47,7.2,12.2,243,242,22.3,17.6,20.3,15.3,10.5,0.179,0.207,0.291,0.385,0,0.0,0.0,0.0,0.0,0.0,0.0,0.0,0.0,0.0,0.0,0.0,0.0,0.0
1484,1484,41.51142,-7.6512756,989.0,2003-06-14T03:00,16.2,77,12.2,15.9,0.0,0.0,0.0,0.0,1,1018.4,907.3,31,1,0,99,0.0,0.42,6.8,10.4,238,236,21.2,16.9,20.1,15.4,10.5,0.179,0.207,0.291,0.385,0,0.0,0.0,0.0,0.0,0.0,0.0,0.0,0.0,0.0,0.0,0.0,0.0,0.0
1483,1483,41.51142,-7.6512756,989.0,2003-06-14T04:00,15.8,79,12.2,15.6,0.0,0.0,0.0,0.0,1,1019.0,907.7,30,1,0,98,0.0,0.38,6.6,10.5,221,218,20.2,16.4,19.8,15.4,10.5,0.179,0.207,0.291,0.385,0,0.0,0.0,0.0,0.0,0.0,0.0,0.0,0.0,0.0,0.0,0.0,0.0,0.0
1482,1482,41.51142,-7.6512756,989.0,2003-06-14T05:00,15.5,81,12.2,15.3,0.0,0.0,0.0,0.0,1,1019.1,907.7,31,2,0,96,0.0,0.34,6.0,9.8,205,204,19.8,16.1,19.5,15.4,10.5,0.179,0.207,0.291,0.385,1,0.0,0.0,0.0,0.0,0.0,0.0,0.0,0.0,0.0,0.0,0.0,0.0,0.0
1481,1481,41.51142,-7.6512756,989.0,2003-06-14T06:00,15.3,83,12.4,15.7,0.0,0.0,0.0,0.0,1,1019.7,908.2,30,1,0,96,0.02,0.3,2.5,7.2,188,183,19.4,16.2,19.3,15.4,10.5,0.179,0.207,0.291,0.385,1,0.0,35.0,4.0,31.0,33.1,35.0,108.7,72.4,8.3,64.2,48.8,49.1,225.0
1480,1480,41.51142,-7.6512756,989.0,2003-06-14T07:00,16.7,81,13.5,17.4,0.0,0.0,0.0,0.0,1,1019.7,908.7,29,0,0,96,0.08,0.35,3.1,6.5,144,146,16.2,17.8,19.1,15.4,10.5,0.179,0.207,0.291,0.385,1,2824.58,140.0,40.0,100.0,154.2,140.0,344.1,188.5,53.8,134.6,154.2,188.5,463.2
1479,1479,41.51142,-7.6512756,989.0,2003-06-14T08:00,19.3,70,13.6,19.7,0.0,0.0,0.0,0.0,0,1019.6,909.5,18,1,0,58,0.21,0.68,5.1,6.9,135,137,19.4,20.0,19.1,15.4,10.5,0.179,0.207,0.291,0.385,1,3600.0,352.0,220.0,132.0,503.3,352.0,579.6,421.1,263.2,157.9,503.3,421.1,693.4
1478,1478,41.51142,-7.6512756,989.0,2003-06-14T09:00,21.2,58,12.7,21.1,0.0,0.0,0.0,0.0,0,1019.5,910.1,2,1,0,2,0.36,1.05,7.9,10.3,150,151,23.4,21.8,19.2,15.4,10.5,0.178,0.207,0.291,0.385,1,3600.0,580.0,484.0,96.0,802.9,580.0,799.3,653.1,545.0,108.1,802.9,653.1,900.0
1477,1477,41.51142,-7.6512756,989.0,2003-06-14T10:00,23.1,49,11.7,23.5,0.0,0.0,0.0,0.0,0,1020.0,911.2,1,0,0,4,0.5,1.46,9.2,12.2,159,161,29.9,23.7,19.4,15.4,10.5,0.177,0.206,0.291,0.385,1,3600.0,758.0,662.0,96.0,888.3,758.0,988.2,820.0,716.1,103.8,888.3,820.0,1069.0
1476,1476,41.51142,-7.6512756,989.0,2003-06-14T11:00,24.7,41,10.5,25.0,0.0,0.0,0.0,0.0,0,1019.7,911.5,7,0,0,23,0.61,1.85,11.7,15.5,169,168,34.6,25.3,19.6,15.4,10.5,0.176,0.206,0.291,0.385,1,3600.0,879.0,773.0,106.0,904.4,879.0,1133.3,921.9,810.8,111.2,904.4,921.9,1188.7
1475,1475,41.51142,-7.6512756,989.0,2003-06-14T12:00,26.0,35,9.3,26.3,0.0,0.0,0.0,0.0,0,1019.4,911.6,9,0,0,31,0.68,2.2,12.2,16.2,180,180,35.6,26.6,19.9,15.5,10.5,0.175,0.205,0.29,0.385,1,3600.0,958.0,841.0,117.0,910.4,958.0,1224.9,978.5,859.0,119.5,910.4,978.5,1251.1
1474,1474,41.51142,-7.6512756,989.0,2003-06-14T13:00,26.9,31,8.2,27.1,0.0,0.0,0.0,0.0,0,1019.2,911.7,9,0,0,31,0.72,2.45,12.2,16.2,194,193,37.4,27.6,20.2,15.5,10.5,0.174,0.205,0.29,0.385,1,3600.0,982.0,858.0,124.0,905.4,982.0,1256.6,978.2,854.7,123.5,905.4,978.2,1251.8
1473,1473,41.51142,-7.6512756,989.0,2003-06-14T14:00,27.2,29,7.8,26.9,0.0,0.0,0.0,0.0,0,1018.9,911.6,11,0,0,37,0.69,2.56,12.9,17.2,207,206,37.8,28.1,20.5,15.5,10.6,0.172,0.204,0.29,0.385,1,3600.0,935.0,766.0,169.0,828.2,935.0,1226.4,908.0,743.8,164.1,828.2,908.0,1190.9
1472,1472,41.51142,-7.6512756,989.0,2003-06-14T15:00,26.9,31,8.5,26.1,0.0,0.0,0.0,0.0,1,1018.7,911.3,35,0,27,63,0.63,2.44,13.8,18.6,221,221,37.4,28.1,20.8,15.5,10.6,0.171,0.203,0.289,0.384,1,3600.0,845.0,680.0,165.0,793.5,845.0,1136.3,797.6,641.9,155.7,793.5,797.6,1072.6
1471,1471,41.51142,-7.6512756,989.0,2003-06-14T16:00,26.0,37,10.2,25.3,0.0,0.0,0.0,0.0,1,1018.9,911.2,26,0,3,80,0.52,2.13,11.7,15.1,236,237,36.4,27.6,21.0,15.5,10.6,0.17,0.203,0.289,0.384,1,3600.0,708.0,541.0,167.0,722.8,708.0,992.4,645.5,493.2,152.3,722.8,645.5,904.8
1470,1470,41.51142,-7.6512756,989.0,2003-06-14T17:00,24.7,46,12.1,23.8,0.0,0.0,0.0,0.0,1,1018.9,910.7,25,0,0,83,0.37,1.69,10.7,14.4,256,257,33.5,26.7,21.2,15.5,10.6,0.17,0.203,0.289,0.384,1,3600.0,491.0,288.0,203.0,474.7,491.0,804.5,426.6,250.2,176.4,474.7,426.6,699.0
1469,1469,41.51142,-7.6512756,989.0,2003-06-14T18:00,23.1,55,13.6,22.8,0.0,0.0,0.0,0.0,1,1018.8,910.1,24,0,0,79,0.25,1.26,10.2,13.5,278,279,28.8,25.4,21.3,15.6,10.6,0.169,0.203,0.289,0.384,1,3600.0,340.0,189.0,151.0,428.0,340.0,585.5,272.5,151.5,121.0,428.0,272.5,469.3
1468,1468,41.51142,-7.6512756,989.0,2003-06-14T19:00,21.8,62,14.1,22.1,0.0,0.0,0.0,0.0,1,1019.4,910.2,21,0,0,69,0.13,1.0,7.2,10.8,288,291,24.5,24.0,21.4,15.6,10.6,0.169,0.202,0.289,0.384,1,3600.0,174.0,87.0,87.0,329.3,174.0,350.3,114.8,57.4,57.4,329.3,114.8,231.2
1467,1467,41.51142,-7.6512756,989.0,2003-06-14T20:00,20.3,68,14.3,20.9,0.0,0.0,0.0,0.0,0,1019.6,909.9,15,0,0,50,0.04,0.75,5.8,10.0,292,300,18.4,22.5,21.3,15.6,10.6,0.169,0.203,0.289,0.384,1,1630.56,47.0,19.0,28.0,154.1,47.0,114.8,0.4,0.2,0.3,2.0,0.3,1.1
1466,1466,41.51142,-7.6512756,989.0,2003-06-14T21:00,18.9,76,14.5,19.6,0.0,0.0,0.0,0.0,0,1020.2,909.9,7,0,0,22,0.01,0.53,6.0,8.7,303,315,13.3,21.1,21.2,15.6,10.6,0.169,0.203,0.289,0.384,0,0.0,0.0,0.0,0.0,0.0,0.0,0.0,0.0,0.0,0.0,0.0,0.0,0.0
1465,1465,41.51142,-7.6512756,989.0,2003-06-14T22:00,17.7,83,14.7,18.5,0.0,0.0,0.0,0.0,0,1020.6,909.8,2,1,0,4,0.0,0.35,5.4,8.0,323,333,11.5,20.0,21.1,15.6,10.6,0.169,0.203,0.289,0.384,0,0.0,0.0,0.0,0.0,0.0,0.0,0.0,0.0,0.0,0.0,0.0,0.0,0.0
1464,1464,41.51142,-7.6512756,989.0,2003-06-14T23:00,16.6,89,14.8,17.4,0.0,0.0,0.0,0.0,0,1020.4,909.2,4,5,0,0,0.0,0.21,5.2,8.7,344,355,10.4,19.1,20.9,15.7,10.6,0.169,0.203,0.289,0.384,0,0.0,0.0,0.0,0.0,0.0,0.0,0.0,0.0,0.0,0.0,0.0,0.0,0.0
1463,1463,41.51142,-7.6512756,989.0,2003-06-15T00:00,16.3,89,14.5,16.9,0.0,0.0,0.0,0.0,0,1020.4,909.1,7,7,1,0,0.0,0.2,5.8,9.1,353,7,10.8,18.2,20.7,15.7,10.6,0.169,0.203,0.289,0.384,0,0.0,0.0,0.0,0.0,0.0,0.0,0.0,0.0,0.0,0.0,0.0,0.0,0.0
1462,1462,41.51142,-7.6512756,989.0,2003-06-15T01:00,15.9,90,14.2,16.6,0.0,0.0,0.0,0.0,0,1020.2,908.8,15,4,14,10,0.0,0.18,4.7,7.8,9,22,11.2,17.5,20.4,15.7,10.6,0.169,0.203,0.289,0.384,0,0.0,0.0,0.0,0.0,0.0,0.0,0.0,0.0,0.0,0.0,0.0,0.0,0.0
1461,1461,41.51142,-7.6512756,989.0,2003-06-15T02:00,15.4,92,14.2,16.0,0.0,0.0,0.0,0.0,1,1019.4,907.9,41,17,32,23,0.0,0.14,5.4,8.0,8,27,11.2,17.1,20.2,15.7,10.6,0.169,0.203,0.289,0.384,0,0.0,0.0,0.0,0.0,0.0,0.0,0.0,0.0,0.0,0.0,0.0,0.0,0.0
1460,1460,41.51142,-7.6512756,989.0,2003-06-15T03:00,15.1,93,14.0,15.6,0.0,0.0,0.0,0.0,1,1019.0,907.5,28,11,18,26,0.0,0.12,5.8,8.4,356,20,11.2,16.7,19.9,15.7,10.6,0.17,0.203,0.289,0.384,0,0.0,0.0,0.0,0.0,0.0,0.0,0.0,0.0,0.0,0.0,0.0,0.0,0.0
1459,1459,41.51142,-7.6512756,989.0,2003-06-15T04:00,15.0,94,14.0,15.7,0.0,0.0,0.0,0.0,2,1018.6,907.1,61,54,8,25,0.0,0.11,4.7,7.4,360,29,10.8,16.4,19.7,15.7,10.6,0.17,0.203,0.289,0.384,0,0.0,0.0,0.0,0.0,0.0,0.0,0.0,0.0,0.0,0.0,0.0,0.0,0.0
1458,1458,41.51142,-7.6512756,989.0,2003-06-15T05:00,14.8,94,13.9,15.5,0.0,0.0,0.0,0.0,2,1018.4,906.8,63,56,7,27,0.0,0.1,3.7,6.1,11,50,11.2,16.0,19.4,15.7,10.6,0.17,0.203,0.289,0.384,1,0.0,0.0,0.0,0.0,0.0,0.0,0.0,0.0,0.0,0.0,0.0,0.0,0.0
1457,1457,41.51142,-7.6512756,989.0,2003-06-15T06:00,15.1,93,14.1,16.2,0.0,0.0,0.0,0.0,3,1018.4,906.9,95,95,2,28,0.01,0.11,2.1,5.9,31,76,11.2,16.2,19.2,15.7,10.6,0.17,0.203,0.289,0.384,1,1982.27,44.0,23.0,21.0,190.3,44.0,108.7,91.1,47.6,43.5,280.6,61.7,224.9
1456,1456,41.51142,-7.6512756,989.0,2003-06-15T07:00,16.4,93,15.2,17.9,0.0,0.0,0.0,0.0,2,1018.7,907.7,61,61,1,18,0.08,0.14,1.8,5.1,79,98,10.8,18.3,19.1,15.7,10.6,0.17,0.203,0.289,0.384,1,3600.0,147.0,64.0,83.0,246.8,147.0,343.9,197.9,86.2,111.7,246.8,197.9,462.9
1455,1455,41.51142,-7.6512756,989.0,2003-06-15T08:00,18.5,82,15.4,20.0,0.0,0.0,0.0,0.0,1,1018.9,908.6,25,26,0,5,0.18,0.39,2.8,3.6,130,127,13.3,20.1,19.1,15.7,10.6,0.17,0.203,0.289,0.384,1,3600.0,317.0,183.0,134.0,418.8,317.0,579.3,379.3,218.9,160.3,418.8,379.3,693.1
1454,1454,41.51142,-7.6512756,989.0,2003-06-15T09:00,20.4,72,15.2,21.4,0.0,0.0,0.0,0.0,0,1018.5,908.9,15,14,2,4,0.31,0.66,5.2,6.6,155,151,17.6,21.8,19.2,15.8,10.6,0.169,0.203,0.289,0.384,1,3600.0,496.0,327.0,169.0,542.6,496.0,798.9,558.5,368.2,190.3,542.6,558.5,899.7
1453,1453,41.51142,-7.6512756,989.0,2003-06-15T10:00,22.0,63,14.6,23.4,0.2,0.2,0.0,0.0,51,1018.5,909.5,21,23,0,2,0.44,0.99,6.7,8.2,164,165,24.8,23.6,19.3,15.8,10.6,0.169,0.203,0.288,0.384,1,3600.0,684.0,543.0,141.0,728.8,684.0,987.8,740.0,587.4,152.5,728.8,740.0,1068.7
1452,1452,41.51142,-7.6512756,989.0,2003-06-15T11:00,23.3,55,13.6,24.2,0.0,0.0,0.0,0.0,1,1017.8,909.3,25,9,25,6,0.5,1.3,9.5,12.4,171,170,29.2,24.9,19.5,15.8,10.6,0.168,0.202,0.288,0.384,1,3600.0,745.0,544.0,201.0,636.5,745.0,1133.1,781.4,570.6,210.8,636.5,781.4,1188.5
1451,1451,41.51142,-7.6512756,989.0,2003-06-15T12:00,24.3,48,12.5,25.5,0.0,0.0,0.0,0.0,1,1017.3,909.2,26,13,19,9,0.59,1.58,10.1,13.3,184,183,30.2,26.2,19.8,15.8,10.6,0.167,0.202,0.288,0.384,1,3600.0,874.0,716.0,158.0,775.0,874.0,1224.8,892.7,731.3,161.4,775.0,892.7,1251.0
1450,1450,41.51142,-7.6512756,989.0,2003-06-15T13:00,24.5,46,12.1,25.0,0.2,0.2,0.0,0.0,51,1017.0,909.0,37,19,30,5,0.54,1.67,9.8,12.8,197,196,29.5,26.8,20.1,15.8,10.6,0.167,0.201,0.288,0.384,1,3600.0,761.0,572.0,189.0,603.4,761.0,1256.7,758.1,569.9,188.3,603.4,758.1,1252.0
1449,1449,41.51142,-7.6512756,989.0,2003-06-15T14:00,24.6,46,12.1,25.3,0.3,0.3,0.0,0.0,51,1016.8,908.8,23,7,26,3,0.55,1.68,9.1,11.7,214,214,29.2,27.2,20.4,15.8,10.7,0.166,0.201,0.287,0.384,1,3600.0,777.0,595.0,182.0,643.0,777.0,1226.7,754.6,577.9,176.8,643.0,754.6,1191.4
1448,1448,41.51142,-7.6512756,989.0,2003-06-15T15:00,23.3,49,11.8,22.9,0.1,0.1,0.0,0.0,51,1016.0,907.7,29,5,36,9,0.45,1.47,10.0,12.6,232,233,29.5,26.7,20.6,15.8,10.7,0.167,0.2,0.287,0.384,1,3600.0,634.0,442.0,192.0,515.4,634.0,1136.8,598.5,417.3,181.3,515.4,598.5,1073.3
1447,1447,41.51142,-7.6512756,989.0,2003-06-15T16:00,22.5,53,12.4,22.0,0.6,0.6,0.0,0.0,53,1016.6,907.9,53,18,36,52,0.4,1.29,9.8,13.1,262,262,31.7,26.2,20.8,15.8,10.7,0.168,0.2,0.287,0.384,1,3600.0,580.0,424.0,156.0,566.0,580.0,993.2,528.9,386.7,142.3,566.0,528.9,905.7
1446,1446,41.51142,-7.6512756,989.0,2003-06-15T17:00,21.6,58,13.1,20.8,0.0,0.0,0.0,0.0,2,1016.2,907.3,55,26,20,64,0.25,1.08,12.5,17.4,303,304,28.4,25.0,20.9,15.8,10.7,0.168,0.2,0.287,0.384,1,3600.0,333.0,162.0,171.0,266.6,333.0,805.6,289.4,140.8,148.6,266.6,289.4,700.1
1445,1445,41.51142,-7.6512756,989.0,2003-06-15T18:00,20.6,65,13.8,20.3,0.0,0.0,0.0,0.0,2,1016.5,907.2,77,58,9,66,0.18,0.85,10.9,15.0,304,305,28.4,23.7,21.0,15.9,10.7,0.167,0.2,0.287,0.384,1,3600.0,231.0,105.0,126.0,237.2,231.0,586.7,185.3,84.2,101.1,237.2,185.3,470.6
1444,1444,41.51142,-7.6512756,989.0,2003-06-15T19:00,19.3,73,14.4,19.4,0.0,0.0,0.0,0.0,2,1016.7,906.9,63,41,8,72,0.1,0.6,9.5,13.6,307,310,25.9,22.5,20.9,15.9,10.7,0.167,0.2,0.287,0.384,1,3600.0,123.0,48.0,75.0,181.0,123.0,351.6,81.4,31.8,49.6,181.0,81.4,232.6
1443,1443,41.51142,-7.6512756,989.0,2003-06-15T20:00,18.3,77,14.2,18.7,0.0,0.0,0.0,0.0,2,1017.0,906.8,58,40,8,57,0.04,0.49,6.6,12.5,311,314,23.0,21.3,20.9,15.9,10.7,0.167,0.2,0.287,0.384,1,0.0,34.0,7.0,27.0,56.5,34.0,116.3,0.7,0.2,0.6,1.8,0.5,2.5
1442,1442,41.51142,-7.6512756,989.0,2003-06-15T21:00,17.4,81,14.1,18.1,0.0,0.0,0.0,0.0,1,1017.8,907.2,28,20,3,28,0.0,0.37,4.2,9.7,301,312,19.1,20.2,20.8,15.9,10.7,0.167,0.2,0.287,0.384,0,0.0,0.0,0.0,0.0,0.0,0.0,0.0,0.0,0.0,0.0,0.0,0.0,0.0
1441,1441,41.51142,-7.6512756,989.0,2003-06-15T22:00,16.6,85,14.0,17.2,0.0,0.0,0.0,0.0,2,1017.8,906.9,61,63,3,10,0.0,0.29,5.1,9.2,309,318,13.7,19.4,20.6,15.9,10.7,0.167,0.2,0.287,0.383,0,0.0,0.0,0.0,0.0,0.0,0.0,0.0,0.0,0.0,0.0,0.0,0.0,0.0
1440,1440,41.51142,-7.6512756,989.0,2003-06-15T23:00,16.0,87,13.9,16.4,0.0,0.0,0.0,0.0,2,1017.9,906.8,64,70,1,2,0.0,0.23,5.6,9.4,310,317,11.9,18.8,20.4,15.9,10.7,0.167,0.2,0.287,0.383,0,0.0,0.0,0.0,0.0,0.0,0.0,0.0,0.0,0.0,0.0,0.0,0.0,0.0
1439,1439,41.51142,-7.6512756,989.0,2003-06-16T00:00,15.5,89,13.7,15.8,0.0,0.0,0.0,0.0,2,1017.6,906.4,75,83,1,0,0.0,0.19,6.0,9.7,303,312,13.3,18.4,20.3,15.9,10.7,0.167,0.2,0.287,0.383,0,0.0,0.0,0.0,0.0,0.0,0.0,0.0,0.0,0.0,0.0,0.0,0.0,0.0
1438,1438,41.51142,-7.6512756,989.0,2003-06-16T01:00,15.5,91,14.1,16.1,0.0,0.0,0.0,0.0,3,1017.4,906.2,83,92,1,0,0.0,0.15,5.5,9.2,302,309,13.3,18.1,20.1,16.0,10.7,0.167,0.2,0.287,0.383,0,0.0,0.0,0.0,0.0,0.0,0.0,0.0,0.0,0.0,0.0,0.0,0.0,0.0
1437,1437,41.51142,-7.6512756,989.0,2003-06-16T02:00,15.2,93,14.0,15.9,0.0,0.0,0.0,0.0,3,1017.0,905.7,91,100,1,0,0.0,0.12,4.5,7.5,299,305,12.6,17.8,19.9,16.0,10.7,0.167,0.2,0.287,0.383,0,0.0,0.0,0.0,0.0,0.0,0.0,0.0,0.0,0.0,0.0,0.0,0.0,0.0
1436,1436,41.51142,-7.6512756,989.0,2003-06-16T03:00,14.9,93,13.9,15.5,0.0,0.0,0.0,0.0,3,1017.0,905.6,90,100,0,0,0.0,0.11,4.6,7.1,288,300,11.5,17.6,19.7,16.0,10.7,0.168,0.2,0.287,0.383,0,0.0,0.0,0.0,0.0,0.0,0.0,0.0,0.0,0.0,0.0,0.0,0.0,0.0
1435,1435,41.51142,-7.6512756,989.0,2003-06-16T04:00,14.7,94,13.8,15.2,0.0,0.0,0.0,0.0,3,1017.0,905.6,91,100,1,0,0.0,0.1,5.4,8.0,290,297,12.6,17.4,19.5,16.0,10.7,0.168,0.2,0.287,0.383,0,0.0,0.0,0.0,0.0,0.0,0.0,0.0,0.0,0.0,0.0,0.0,0.0,0.0
1434,1434,41.51142,-7.6512756,989.0,2003-06-16T05:00,14.5,95,13.7,15.0,0.0,0.0,0.0,0.0,3,1016.9,905.4,91,98,5,0,0.0,0.09,5.2,7.6,295,301,12.6,17.2,19.4,16.0,10.7,0.168,0.2,0.287,0.383,1,0.0,0.0,0.0,0.0,0.0,0.0,0.0,0.0,0.0,0.0,0.0,0.0,0.0
1433,1433,41.51142,-7.6512756,989.0,2003-06-16T06:00,14.6,94,13.7,15.2,0.0,0.0,0.0,0.0,3,1016.9,905.4,91,100,2,0,0.02,0.1,4.7,6.1,302,310,12.6,17.1,19.2,16.0,10.7,0.168,0.201,0.287,0.383,1,0.0,20.0,7.0,13.0,57.9,20.0,108.5,41.4,14.5,26.9,85.5,28.1,224.6
1432,1432,41.51142,-7.6512756,989.0,2003-06-16T07:00,15.3,91,13.9,15.9,0.0,0.0,0.0,0.0,3,1017.0,905.8,87,95,0,5,0.05,0.16,4.9,6.4,306,313,14.0,17.6,19.1,16.0,10.7,0.168,0.201,0.287,0.383,1,283.64,81.0,18.0,63.0,69.5,81.0,343.5,109.1,24.2,84.8,69.5,109.1,462.5
1431,1431,41.51142,-7.6512756,989.0,2003-06-16T08:00,16.1,85,13.5,16.4,0.0,0.0,0.0,0.0,2,1017.3,906.3,79,86,0,4,0.11,0.28,5.6,7.4,310,313,16.6,18.4,19.0,16.0,10.7,0.168,0.201,0.287,0.383,1,3600.0,194.0,82.0,112.0,187.8,194.0,578.9,232.1,98.1,134.0,187.8,232.1,692.6
1430,1430,41.51142,-7.6512756,989.0,2003-06-16T09:00,17.3,78,13.3,17.4,0.0,0.0,0.0,0.0,3,1017.0,906.5,91,97,0,12,0.18,0.44,6.5,8.1,304,302,19.1,19.4,19.0,16.0,10.7,0.168,0.2,0.287,0.383,1,2233.87,287.0,81.0,206.0,134.5,287.0,798.5,323.2,91.2,232.0,134.5,323.2,899.2
1429,1429,41.51142,-7.6512756,989.0,2003-06-16T10:00,18.5,72,13.3,18.6,0.0,0.0,0.0,0.0,3,1017.0,906.9,88,97,0,4,0.3,0.61,7.1,9.2,311,312,23.8,20.8,19.0,16.0,10.7,0.168,0.2,0.287,0.383,1,3600.0,490.0,178.0,312.0,239.0,490.0,987.4,530.1,192.6,337.6,239.0,530.1,1068.3
1428,1428,41.51142,-7.6512756,989.0,2003-06-16T11:00,19.3,67,13.1,19.2,0.0,0.0,0.0,0.0,3,1016.6,906.8,90,97,0,9,0.29,0.73,7.9,9.9,317,316,28.1,21.5,19.1,16.0,10.7,0.168,0.2,0.287,0.383,1,2553.05,438.0,124.0,314.0,145.1,438.0,1132.7,459.5,130.1,329.4,145.1,459.5,1188.2
1427,1427,41.51142,-7.6512756,989.0,2003-06-16T12:00,20.2,63,12.9,19.9,0.0,0.0,0.0,0.0,2,1016.6,907.1,78,79,7,8,0.36,0.87,9.2,11.5,315,316,33.1,22.3,19.2,16.0,10.7,0.167,0.2,0.286,0.383,1,3600.0,561.0,250.0,311.0,270.6,561.0,1224.6,573.1,255.4,317.7,270.6,573.1,1251.0
1426,1426,41.51142,-7.6512756,989.0,2003-06-16T13:00,21.3,58,12.6,22.3,0.0,0.0,0.0,0.0,2,1016.6,907.5,79,82,9,0,0.52,1.08,10.2,13.2,315,317,35.3,23.6,19.3,16.0,10.8,0.167,0.2,0.286,0.383,1,3600.0,826.0,560.0,266.0,590.6,826.0,1256.7,823.0,558.0,265.0,590.6,823.0,1252.2
1425,1425,41.51142,-7.6512756,989.0,2003-06-16T14:00,22.0,54,12.2,22.2,0.0,0.0,0.0,0.0,2,1016.1,907.3,54,53,9,2,0.51,1.22,12.8,16.6,310,311,38.9,24.5,19.5,16.0,10.8,0.166,0.199,0.286,0.383,1,3600.0,794.0,644.0,150.0,695.7,794.0,1227.0,771.2,625.5,145.7,695.7,771.2,1191.8
1424,1424,41.51142,-7.6512756,989.0,2003-06-16T15:00,22.4,51,11.7,22.1,0.0,0.0,0.0,0.0,1,1015.7,907.1,37,37,6,0,0.5,1.34,14.1,18.4,310,310,39.6,25.0,19.7,16.0,10.8,0.165,0.199,0.286,0.383,1,3600.0,766.0,621.0,145.0,723.7,766.0,1137.3,723.3,586.4,136.9,723.7,723.3,1073.9
1423,1423,41.51142,-7.6512756,989.0,2003-06-16T16:00,22.4,50,11.3,21.4,0.0,0.0,0.0,0.0,1,1015.6,907.0,34,31,9,2,0.46,1.37,15.0,20.4,312,314,39.6,25.1,19.9,16.0,10.8,0.165,0.199,0.286,0.383,1,3600.0,692.0,555.0,137.0,740.1,692.0,993.9,631.2,506.2,125.0,740.1,631.2,906.6
1422,1422,41.51142,-7.6512756,989.0,2003-06-16T17:00,21.8,51,11.2,20.0,0.0,0.0,0.0,0.0,0,1015.3,906.5,17,12,5,12,0.37,1.29,15.3,20.9,319,319,39.6,24.6,20.1,16.1,10.8,0.164,0.198,0.285,0.383,1,3600.0,532.0,407.0,125.0,668.9,532.0,806.5,462.5,353.9,108.7,668.9,462.5,701.2
1421,1421,41.51142,-7.6512756,989.0,2003-06-16T18:00,20.7,54,11.1,19.1,0.0,0.0,0.0,0.0,1,1015.6,906.4,30,19,1,41,0.26,1.13,13.9,19.7,323,325,38.5,23.7,20.2,16.1,10.8,0.164,0.198,0.285,0.383,1,3600.0,376.0,290.0,86.0,653.8,376.0,587.9,301.7,232.7,69.0,653.8,301.7,471.8
1420,1420,41.51142,-7.6512756,989.0,2003-06-16T19:00,18.7,62,11.3,17.3,0.0,0.0,0.0,0.0,0,1015.8,905.9,9,6,0,12,0.14,0.82,12.9,18.7,324,326,34.6,22.2,20.2,16.1,10.8,0.164,0.198,0.285,0.383,1,3600.0,197.0,131.0,66.0,491.9,197.0,352.9,130.6,86.8,43.8,491.9,130.6,234.0
1419,1419,41.51142,-7.6512756,989.0,2003-06-16T20:00,17.3,67,11.1,16.4,0.0,0.0,0.0,0.0,0,1016.4,905.9,6,7,0,0,0.05,0.65,8.5,16.7,324,327,31.3,20.6,20.2,16.1,10.8,0.164,0.198,0.285,0.383,1,2124.09,51.0,27.0,24.0,217.1,51.0,117.7,1.7,0.9,0.8,10.4,1.2,3.9
1418,1418,41.51142,-7.6512756,989.0,2003-06-16T21:00,15.9,73,11.1,15.1,0.0,0.0,0.0,0.0,0,1017.2,906.1,5,6,0,0,0.01,0.49,7.7,15.7,323,328,23.8,19.1,20.1,16.1,10.8,0.164,0.198,0.285,0.383,0,0.0,0.0,0.0,0.0,0.0,0.0,0.0,0.0,0.0,0.0,0.0,0.0,0.0
1417,1417,41.51142,-7.6512756,989.0,2003-06-16T22:00,14.7,79,11.0,14.0,0.0,0.0,0.0,0.0,0,1017.8,906.2,3,3,0,0,0.0,0.36,7.1,13.7,319,325,21.6,17.9,19.9,16.1,10.8,0.164,0.198,0.285,0.383,0,0.0,0.0,0.0,0.0,0.0,0.0,0.0,0.0,0.0,0.0,0.0,0.0,0.0
1416,1416,41.51142,-7.6512756,989.0,2003-06-16T23:00,13.6,84,11.0,13.0,0.0,0.0,0.0,0.0,0,1018.1,906.1,14,9,0,20,0.0,0.25,6.9,14.1,321,328,19.4,17.0,19.7,16.1,10.8,0.164,0.198,0.285,0.383,0,0.0,0.0,0.0,0.0,0.0,0.0,0.0,0.0,0.0,0.0,0.0,0.0,0.0
1415,1415,41.51142,-7.6512756,989.0,2003-06-17T00:00,12.6,89,10.9,12.1,0.0,0.0,0.0,0.0,1,1018.0,905.7,39,15,0,85,0.0,0.16,5.9,13.4,322,329,17.6,16.1,19.5,16.1,10.8,0.164,0.198,0.285,0.383,0,0.0,0.0,0.0,0.0,0.0,0.0,0.0,0.0,0.0,0.0,0.0,0.0,0.0
1414,1414,41.51142,-7.6512756,989.0,2003-06-17T01:00,11.6,92,10.3,11.0,0.0,0.0,0.0,0.0,1,1017.6,905.0,36,11,1,84,0.0,0.11,5.4,11.9,323,331,15.8,15.4,19.2,16.1,10.8,0.164,0.198,0.285,0.383,0,0.0,0.0,0.0,0.0,0.0,0.0,0.0,0.0,0.0,0.0,0.0,0.0,0.0
1413,1413,41.51142,-7.6512756,989.0,2003-06-17T02:00,10.9,95,10.1,10.2,0.0,0.0,0.0,0.0,1,1017.3,904.4,40,10,9,84,0.0,0.06,5.0,10.8,330,334,15.1,14.7,18.9,16.1,10.8,0.164,0.198,0.285,0.383,0,0.0,0.0,0.0,0.0,0.0,0.0,0.0,0.0,0.0,0.0,0.0,0.0,0.0
1412,1412,41.51142,-7.6512756,989.0,2003-06-17T03:00,10.3,96,9.8,9.7,0.0,0.0,0.0,0.0,1,1017.0,903.9,44,8,13,98,0.0,0.05,4.0,9.9,333,341,14.8,14.2,18.6,16.1,10.8,0.164,0.198,0.285,0.383,0,0.0,0.0,0.0,0.0,0.0,0.0,0.0,0.0,0.0,0.0,0.0,0.0,0.0
1411,1411,41.51142,-7.6512756,989.0,2003-06-17T04:00,10.3,96,9.7,9.6,0.0,0.0,0.0,0.0,2,1017.0,903.9,59,4,43,98,0.0,0.05,4.7,10.3,337,348,14.8,13.8,18.4,16.1,10.8,0.164,0.198,0.285,0.383,0,0.0,0.0,0.0,0.0,0.0,0.0,0.0,0.0,0.0,0.0,0.0,0.0,0.0
1410,1410,41.51142,-7.6512756,989.0,2003-06-17T05:00,10.0,97,9.6,9.2,0.0,0.0,0.0,0.0,2,1016.7,903.6,52,12,27,84,0.0,0.04,5.2,10.5,348,354,14.8,13.5,18.1,16.1,10.8,0.164,0.199,0.285,0.383,1,0.0,0.0,0.0,0.0,0.0,0.0,0.0,0.0,0.0,0.0,0.0,0.0,0.0
1409,1409,41.51142,-7.6512756,989.0,2003-06-17T06:00,10.7,96,10.1,9.8,0.0,0.0,0.0,0.0,1,1017.3,904.3,40,16,3,79,0.01,0.05,6.6,10.5,347,352,18.4,13.8,17.9,16.1,10.8,0.164,0.199,0.285,0.383,1,376.4,33.0,10.0,23.0,82.9,33.0,108.2,68.4,20.7,47.7,122.5,46.3,224.2
1408,1408,41.51142,-7.6512756,989.0,2003-06-17T07:00,12.7,84,10.1,11.8,0.0,0.0,0.0,0.0,1,1017.3,905.1,45,12,28,58,0.07,0.23,6.7,8.9,344,346,19.8,15.3,17.7,16.1,10.8,0.164,0.199,0.285,0.383,1,3600.0,148.0,63.0,85.0,243.4,148.0,343.1,199.3,84.8,114.5,243.4,199.3,462.0
1407,1407,41.51142,-7.6512756,989.0,2003-06-17T08:00,14.4,74,9.8,13.3,0.0,0.0,0.0,0.0,1,1017.5,905.9,43,14,29,44,0.16,0.42,7.6,9.8,352,352,22.0,16.8,17.6,16.1,10.8,0.164,0.199,0.285,0.383,1,3600.0,306.0,156.0,150.0,357.5,306.0,578.3,366.2,186.7,179.5,357.5,366.2,692.1
1406,1406,41.51142,-7.6512756,989.0,2003-06-17T09:00,16.4,64,9.6,15.1,0.0,0.0,0.0,0.0,1,1017.4,906.5,23,4,0,63,0.29,0.67,8.7,11.2,353,354,25.6,19.0,17.7,16.1,10.8,0.164,0.198,0.285,0.383,1,3600.0,531.0,402.0,129.0,667.7,531.0,797.9,598.0,452.8,145.3,667.7,598.0,898.7
1405,1405,41.51142,-7.6512756,989.0,2003-06-17T10:00,18.2,58,9.7,17.7,0.0,0.0,0.0,0.0,1,1018.2,907.9,41,14,0,95,0.41,0.89,9.4,12.3,356,357,31.3,20.9,17.8,16.1,10.8,0.163,0.198,0.285,0.382,1,3600.0,704.0,575.0,129.0,772.1,704.0,986.9,761.7,622.1,139.6,772.1,761.7,1067.8
1404,1404,41.51142,-7.6512756,989.0,2003-06-17T11:00,19.9,53,9.9,19.9,0.0,0.0,0.0,0.0,1,1017.9,908.2,33,4,0,99,0.49,1.1,9.9,12.5,10,12,36.7,22.7,18.0,16.1,10.8,0.162,0.198,0.285,0.382,1,3600.0,796.0,585.0,211.0,684.7,796.0,1132.4,835.1,613.7,221.4,684.7,835.1,1187.9
1403,1403,41.51142,-7.6512756,989.0,2003-06-17T12:00,21.1,48,9.7,21.8,0.0,0.0,0.0,0.0,1,1017.7,908.4,29,0,0,98,0.55,1.31,8.4,10.2,7,10,36.4,24.0,18.3,16.1,10.9,0.162,0.197,0.285,0.382,1,3600.0,869.0,592.0,277.0,640.8,869.0,1224.4,887.8,604.8,283.0,640.8,887.8,1250.8
1402,1402,41.51142,-7.6512756,989.0,2003-06-17T13:00,22.1,44,9.3,22.5,0.0,0.0,0.0,0.0,1,1017.0,908.1,30,0,0,100,0.56,1.48,8.3,10.4,358,360,33.1,25.0,18.6,16.1,10.9,0.161,0.197,0.284,0.382,1,3600.0,849.0,484.0,365.0,510.4,849.0,1256.7,846.0,482.3,363.7,510.4,846.0,1252.3
1401,1401,41.51142,-7.6512756,989.0,2003-06-17T14:00,22.7,42,9.1,22.5,0.0,0.0,0.0,0.0,1,1016.8,908.2,30,0,0,99,0.54,1.61,9.4,11.9,353,355,33.5,25.7,18.9,16.1,10.9,0.16,0.196,0.284,0.382,1,3600.0,789.0,416.0,373.0,449.2,789.0,1227.2,766.4,404.1,362.3,449.2,766.4,1192.1
1400,1400,41.51142,-7.6512756,989.0,2003-06-17T15:00,23.1,41,9.1,22.2,0.0,0.0,0.0,0.0,1,1016.8,908.3,30,1,0,98,0.51,1.68,12.1,15.7,350,351,35.6,25.8,19.2,16.1,10.9,0.16,0.196,0.284,0.382,1,3600.0,741.0,431.0,310.0,502.0,741.0,1137.8,699.8,407.0,292.7,502.0,699.8,1074.5
1399,1399,41.51142,-7.6512756,989.0,2003-06-17T16:00,23.2,41,9.0,21.6,0.0,0.0,0.0,0.0,1,1016.7,908.3,29,0,0,96,0.48,1.69,14.2,19.2,353,354,37.4,25.6,19.4,16.1,10.9,0.159,0.196,0.284,0.382,1,3600.0,689.0,510.0,179.0,679.5,689.0,994.7,628.6,465.3,163.3,679.5,628.6,907.4
1398,1398,41.51142,-7.6512756,989.0,2003-06-17T17:00,23.0,41,9.0,20.6,0.0,0.0,0.0,0.0,1,1016.6,908.1,29,0,0,96,0.41,1.67,15.5,21.3,356,358,38.5,25.1,19.6,16.1,10.9,0.158,0.195,0.283,0.382,1,3600.0,559.0,422.0,137.0,692.6,559.0,807.5,486.2,367.0,119.1,692.6,486.2,702.2
1397,1397,41.51142,-7.6512756,989.0,2003-06-17T18:00,22.4,43,9.2,19.8,0.0,0.0,0.0,0.0,1,1017.3,908.5,30,0,0,100,0.3,1.54,16.6,23.4,359,1,39.2,24.2,19.8,16.1,10.9,0.158,0.195,0.283,0.382,1,3600.0,378.0,269.0,109.0,605.2,378.0,589.0,303.5,216.0,87.5,605.2,303.5,473.0
1396,1396,41.51142,-7.6512756,989.0,2003-06-17T19:00,20.9,48,9.4,18.6,0.0,0.0,0.0,0.0,1,1017.8,908.5,30,0,0,100,0.19,1.3,14.8,22.7,359,1,40.7,22.8,19.9,16.2,10.9,0.158,0.195,0.283,0.382,1,3600.0,201.0,125.0,76.0,467.7,201.0,354.2,133.5,83.0,50.5,467.7,133.5,235.3
1395,1395,41.51142,-7.6512756,989.0,2003-06-17T20:00,19.3,53,9.5,17.7,0.0,0.0,0.0,0.0,1,1018.2,908.2,29,0,0,98,0.08,1.05,10.1,18.7,354,359,36.0,21.2,19.9,16.2,10.9,0.158,0.195,0.283,0.382,1,2144.74,51.0,23.0,28.0,184.2,51.0,119.0,2.2,1.0,1.2,11.6,1.6,5.2
1394,1394,41.51142,-7.6512756,989.0,2003-06-17T21:00,17.8,59,9.8,16.8,0.0,0.0,0.0,0.0,1,1019.1,908.5,28,0,0,93,0.03,0.83,7.2,15.8,354,360,25.9,19.8,19.8,16.2,10.9,0.158,0.195,0.283,0.382,0,0.0,0.0,0.0,0.0,0.0,0.0,0.0,0.0,0.0,0.0,0.0,0.0,0.0
1393,1393,41.51142,-7.6512756,989.0,2003-06-17T22:00,16.4,67,10.2,15.6,0.0,0.0,0.0,0.0,1,1019.8,908.6,28,1,0,92,0.01,0.62,6.1,14.6,360,9,21.2,18.5,19.7,16.2,10.9,0.158,0.195,0.283,0.382,0,0.0,0.0,0.0,0.0,0.0,0.0,0.0,0.0,0.0,0.0,0.0,0.0,0.0
1392,1392,41.51142,-7.6512756,989.0,2003-06-17T23:00,14.9,75,10.5,14.2,0.0,0.0,0.0,0.0,1,1020.0,908.3,27,0,0,91,0.0,0.43,6.1,14.7,3,11,20.5,17.4,19.5,16.2,10.9,0.158,0.195,0.283,0.382,0,0.0,0.0,0.0,0.0,0.0,0.0,0.0,0.0,0.0,0.0,0.0,0.0,0.0
1391,1391,41.51142,-7.6512756,989.0,2003-06-18T00:00,14.0,78,10.3,13.2,0.0,0.0,0.0,0.0,1,1019.9,907.9,26,0,0,87,0.0,0.35,6.3,15.0,13,21,20.2,16.5,19.3,16.2,10.9,0.158,0.195,0.283,0.382,0,0.0,0.0,0.0,0.0,0.0,0.0,0.0,0.0,0.0,0.0,0.0,0.0,0.0
1390,1390,41.51142,-7.6512756,989.0,2003-06-18T01:00,13.7,79,10.1,12.8,0.0,0.0,0.0,0.0,1,1020.3,908.1,24,0,0,81,0.0,0.33,7.2,15.9,18,38,20.5,15.9,19.1,16.2,10.9,0.158,0.195,0.283,0.382,0,0.0,0.0,0.0,0.0,0.0,0.0,0.0,0.0,0.0,0.0,0.0,0.0,0.0
1389,1389,41.51142,-7.6512756,989.0,2003-06-18T02:00,13.8,78,10.0,12.8,0.0,0.0,0.0,0.0,1,1020.6,908.4,22,0,0,73,0.0,0.35,6.9,14.7,28,62,20.5,15.6,18.9,16.2,10.9,0.158,0.195,0.283,0.382,0,0.0,0.0,0.0,0.0,0.0,0.0,0.0,0.0,0.0,0.0,0.0,0.0,0.0
1388,1388,41.51142,-7.6512756,989.0,2003-06-18T03:00,13.8,77,9.9,13.1,0.0,0.0,0.0,0.0,1,1020.6,908.4,22,0,0,75,0.0,0.36,5.4,13.6,37,79,20.2,15.3,18.7,16.2,10.9,0.158,0.195,0.283,0.382,0,0.0,0.0,0.0,0.0,0.0,0.0,0.0,0.0,0.0,0.0,0.0,0.0,0.0
1387,1387,41.51142,-7.6512756,989.0,2003-06-18T04:00,13.5,79,9.9,12.8,0.0,0.0,0.0,0.0,0,1020.9,908.6,19,0,0,62,0.0,0.33,4.3,11.9,42,85,18.0,15.0,18.5,16.2,10.9,0.158,0.196,0.283,0.382,0,0.0,0.0,0.0,0.0,0.0,0.0,0.0,0.0,0.0,0.0,0.0,0.0,0.0
1386,1386,41.51142,-7.6512756,989.0,2003-06-18T05:00,12.9,82,9.9,12.4,0.0,0.0,0.0,0.0,0,1021.0,908.5,14,0,0,45,0.0,0.27,3.6,11.2,45,86,16.2,14.7,18.2,16.2,10.9,0.158,0.196,0.283,0.382,1,0.0,0.0,0.0,0.0,0.0,0.0,0.0,0.0,0.0,0.0,0.0,0.0,0.0
1385,1385,41.51142,-7.6512756,989.0,2003-06-18T06:00,13.2,83,10.4,12.7,0.0,0.0,0.0,0.0,0,1021.3,908.8,9,0,0,30,0.02,0.26,4.9,10.5,54,84,15.5,14.8,18.0,16.2,10.9,0.158,0.196,0.283,0.382,1,1968.58,46.0,24.0,22.0,199.2,46.0,107.7,95.5,49.8,45.7,295.2,64.4,223.7
1384,1384,41.51142,-7.6512756,989.0,2003-06-18T07:00,15.5,70,10.0,14.8,0.0,0.0,0.0,0.0,0,1021.8,910.1,7,0,0,22,0.1,0.54,5.2,9.5,74,79,17.6,16.5,17.9,16.2,10.9,0.158,0.196,0.283,0.382,1,3600.0,191.0,130.0,61.0,502.9,191.0,342.5,257.3,175.1,82.2,502.9,257.3,461.4
1383,1383,41.51142,-7.6512756,989.0,2003-06-18T08:00,17.0,61,9.5,15.9,0.0,0.0,0.0,0.0,0,1021.9,910.7,8,0,0,28,0.2,0.75,6.6,9.2,77,79,21.2,18.0,17.9,16.2,10.9,0.158,0.196,0.283,0.382,1,3600.0,349.0,268.0,81.0,614.7,349.0,577.7,417.7,320.8,96.9,614.7,417.7,691.4
1382,1382,41.51142,-7.6512756,989.0,2003-06-18T09:00,18.8,55,9.6,17.6,0.0,0.0,0.0,0.0,0,1021.8,911.3,10,0,0,35,0.33,0.97,8.0,10.6,82,80,24.1,19.8,18.0,16.2,10.9,0.158,0.195,0.283,0.382,1,3600.0,557.0,459.0,98.0,762.8,557.0,797.3,627.4,517.0,110.4,762.8,627.4,898.1
1381,1381,41.51142,-7.6512756,989.0,2003-06-18T10:00,20.7,50,9.9,20.5,0.0,0.0,0.0,0.0,0,1021.4,911.6,8,0,0,27,0.45,1.22,8.3,10.8,90,90,25.9,21.8,18.1,16.2,10.9,0.157,0.195,0.283,0.382,1,3600.0,720.0,612.0,108.0,822.1,720.0,986.3,779.1,662.2,116.9,822.1,779.1,1067.3
1380,1380,41.51142,-7.6512756,989.0,2003-06-18T11:00,22.5,45,10.1,23.0,0.0,0.0,0.0,0.0,0,1021.4,912.2,9,0,0,29,0.56,1.49,9.4,11.9,88,87,27.4,23.6,18.4,16.2,11.0,0.156,0.195,0.283,0.382,1,3600.0,849.0,733.0,116.0,858.0,849.0,1131.9,890.8,769.0,121.7,858.0,890.8,1187.6
1379,1379,41.51142,-7.6512756,989.0,2003-06-18T12:00,24.2,41,10.2,25.2,0.0,0.0,0.0,0.0,0,1020.9,912.3,10,0,0,33,0.63,1.77,9.1,12.0,83,83,27.7,25.2,18.6,16.2,11.0,0.156,0.194,0.282,0.382,1,3600.0,932.0,812.0,120.0,878.9,932.0,1224.1,952.2,829.6,122.6,878.9,952.2,1250.7
1378,1378,41.51142,-7.6512756,989.0,2003-06-18T13:00,25.4,37,9.8,26.4,0.0,0.0,0.0,0.0,0,1020.6,912.5,10,0,0,35,0.66,2.04,9.2,11.8,79,78,27.0,26.4,19.0,16.2,11.0,0.155,0.194,0.282,0.382,1,3600.0,948.0,828.0,120.0,873.0,948.0,1256.7,944.7,825.1,119.6,873.0,944.7,1252.3
1377,1377,41.51142,-7.6512756,989.0,2003-06-18T14:00,26.3,34,9.4,27.1,0.0,0.0,0.0,0.0,0,1020.2,912.5,16,0,0,55,0.67,2.25,9.0,11.5,74,76,26.3,27.3,19.3,16.2,11.0,0.154,0.193,0.282,0.382,1,3600.0,934.0,815.0,119.0,879.8,934.0,1227.4,907.4,791.8,115.6,879.8,907.4,1192.4
1376,1376,41.51142,-7.6512756,989.0,2003-06-18T15:00,26.8,32,8.8,27.0,0.0,0.0,0.0,0.0,1,1019.8,912.3,25,0,0,83,0.62,2.4,9.1,11.6,72,74,25.9,27.7,19.7,16.2,11.0,0.154,0.193,0.281,0.381,1,3600.0,849.0,724.0,125.0,842.8,849.0,1138.3,801.9,683.8,118.1,842.8,801.9,1075.1
1375,1375,41.51142,-7.6512756,989.0,2003-06-18T16:00,27.1,30,8.3,26.3,0.0,0.0,0.0,0.0,1,1019.5,912.1,25,0,0,83,0.53,2.5,9.1,11.7,72,72,25.6,27.7,20.0,16.2,11.0,0.153,0.192,0.281,0.381,1,3600.0,712.0,607.0,105.0,808.0,712.0,995.3,649.7,553.9,95.8,808.0,649.7,908.2
1374,1374,41.51142,-7.6512756,989.0,2003-06-18T17:00,27.1,29,7.7,25.3,0.0,0.0,0.0,0.0,1,1019.4,912.0,24,0,0,79,0.44,2.53,9.2,12.2,69,71,24.8,27.2,20.3,16.2,11.0,0.152,0.192,0.281,0.381,1,3600.0,569.0,471.0,98.0,772.0,569.0,808.3,495.0,409.7,85.3,772.0,495.0,703.2
1373,1373,41.51142,-7.6512756,989.0,2003-06-18T18:00,26.7,29,7.2,24.7,0.0,0.0,0.0,0.0,0,1019.1,911.6,15,0,0,49,0.31,2.49,8.4,12.6,65,66,23.8,26.3,20.5,16.2,11.0,0.152,0.192,0.281,0.381,1,3600.0,384.0,296.0,88.0,664.7,384.0,590.1,308.5,237.8,70.7,664.7,308.5,474.1
1372,1372,41.51142,-7.6512756,989.0,2003-06-18T19:00,25.7,32,7.6,24.2,0.0,0.0,0.0,0.0,0,1019.4,911.5,4,0,0,13,0.16,2.25,5.7,12.9,55,63,22.3,25.1,20.6,16.2,11.0,0.152,0.191,0.281,0.381,1,3600.0,205.0,146.0,59.0,544.4,205.0,355.3,136.4,97.2,39.3,544.4,136.4,236.4
1371,1371,41.51142,-7.6512756,989.0,2003-06-18T20:00,23.9,33,6.5,22.0,0.0,0.0,0.0,0.0,0,1019.6,911.1,2,0,0,7,0.08,2.01,7.0,13.7,55,63,19.1,23.4,20.7,16.3,11.0,0.152,0.191,0.281,0.381,1,2163.95,54.0,30.0,24.0,239.4,54.0,120.2,2.9,1.6,1.3,18.5,2.1,6.4
1370,1370,41.51142,-7.6512756,989.0,2003-06-18T21:00,22.4,34,5.6,20.2,0.0,0.0,0.0,0.0,0,1020.4,911.3,1,0,0,3,0.07,1.8,7.6,15.3,59,71,20.5,21.9,20.7,16.3,11.0,0.152,0.191,0.281,0.381,0,0.0,0.0,0.0,0.0,0.0,0.0,0.0,0.0,0.0,0.0,0.0,0.0,0.0
1369,1369,41.51142,-7.6512756,989.0,2003-06-18T22:00,21.2,34,4.7,18.6,0.0,0.0,0.0,0.0,0,1021.4,911.8,0,0,0,0,0.08,1.66,9.3,18.4,74,88,24.1,20.7,20.6,16.3,11.0,0.152,0.191,0.281,0.381,0,0.0,0.0,0.0,0.0,0.0,0.0,0.0,0.0,0.0,0.0,0.0,0.0,0.0
1368,1368,41.51142,-7.6512756,989.0,2003-06-18T23:00,20.3,35,4.4,17.6,0.0,0.0,0.0,0.0,0,1022.3,912.3,0,0,0,0,0.08,1.54,9.0,22.3,85,93,26.6,19.9,20.5,16.3,11.0,0.152,0.192,0.281,0.381,0,0.0,0.0,0.0,0.0,0.0,0.0,0.0,0.0,0.0,0.0,0.0,0.0,0.0
1367,1367,41.51142,-7.6512756,989.0,2003-06-19T00:00,19.3,39,5.0,16.7,0.0,0.0,0.0,0.0,0,1022.1,911.7,0,0,0,0,0.07,1.37,9.7,22.0,94,94,29.5,19.2,20.4,16.3,11.0,0.151,0.192,0.281,0.381,0,0.0,0.0,0.0,0.0,0.0,0.0,0.0,0.0,0.0,0.0,0.0,0.0,0.0
1366,1366,41.51142,-7.6512756,989.0,2003-06-19T01:00,18.4,44,5.9,16.2,0.0,0.0,0.0,0.0,0,1022.4,911.7,0,0,0,0,0.05,1.18,8.0,18.0,98,93,28.8,18.6,20.2,16.3,11.0,0.151,0.192,0.281,0.381,0,0.0,0.0,0.0,0.0,0.0,0.0,0.0,0.0,0.0,0.0,0.0,0.0,0.0
1365,1365,41.51142,-7.6512756,989.0,2003-06-19T02:00,17.3,47,6.0,15.3,0.0,0.0,0.0,0.0,0,1022.0,910.9,0,0,0,0,0.04,1.05,7.3,17.3,99,92,28.8,18.0,20.1,16.3,11.0,0.151,0.192,0.281,0.381,0,0.0,0.0,0.0,0.0,0.0,0.0,0.0,0.0,0.0,0.0,0.0,0.0,0.0
1364,1364,41.51142,-7.6512756,989.0,2003-06-19T03:00,16.5,48,5.4,14.3,0.0,0.0,0.0,0.0,0,1021.8,910.5,0,0,0,0,0.04,0.98,7.1,17.7,105,94,29.9,17.5,19.9,16.3,11.0,0.151,0.192,0.281,0.381,0,0.0,0.0,0.0,0.0,0.0,0.0,0.0,0.0,0.0,0.0,0.0,0.0,0.0
1363,1363,41.51142,-7.6512756,989.0,2003-06-19T04:00,15.7,48,4.6,13.4,0.0,0.0,0.0,0.0,0,1021.9,910.3,0,0,0,0,0.04,0.94,7.3,18.1,110,97,30.2,16.9,19.7,16.3,11.0,0.151,0.192,0.281,0.381,0,0.0,0.0,0.0,0.0,0.0,0.0,0.0,0.0,0.0,0.0,0.0,0.0,0.0
1362,1362,41.51142,-7.6512756,989.0,2003-06-19T05:00,15.1,48,4.2,12.8,0.0,0.0,0.0,0.0,0,1021.8,910.0,0,0,0,0,0.04,0.9,6.9,18.3,118,100,30.6,16.4,19.5,16.3,11.0,0.151,0.192,0.281,0.381,1,0.0,0.0,0.0,0.0,0.0,0.0,0.0,0.0,0.0,0.0,0.0,0.0,0.0
1361,1361,41.51142,-7.6512756,989.0,2003-06-19T06:00,15.1,49,4.5,12.8,0.0,0.0,0.0,0.0,0,1022.2,910.3,0,0,0,0,0.05,0.87,6.6,18.3,112,105,31.0,16.3,19.3,16.3,11.0,0.151,0.192,0.281,0.381,1,1960.15,49.0,27.0,22.0,224.5,49.0,107.2,102.0,56.2,45.8,333.8,68.6,223.1
1360,1360,41.51142,-7.6512756,989.0,2003-06-19T07:00,16.8,42,3.8,14.1,0.0,0.0,0.0,0.0,0,1022.5,911.2,0,0,0,0,0.14,1.11,8.6,17.1,112,108,31.3,17.2,19.1,16.3,11.0,0.151,0.192,0.28,0.381,1,3600.0,203.0,145.0,58.0,562.0,203.0,341.8,273.6,195.4,78.2,562.0,273.6,460.7
1359,1359,41.51142,-7.6512756,989.0,2003-06-19T08:00,18.5,35,2.7,15.3,0.0,0.0,0.0,0.0,0,1022.5,911.8,0,0,0,0,0.27,1.39,10.8,16.1,105,106,34.2,18.9,19.1,16.3,11.0,0.151,0.192,0.28,0.381,1,3600.0,392.0,313.0,79.0,718.7,392.0,577.0,469.3,374.7,94.6,718.7,469.3,690.7
1358,1358,41.51142,-7.6512756,989.0,2003-06-19T09:00,20.5,31,2.8,16.9,0.0,0.0,0.0,0.0,0,1022.3,912.3,0,0,0,0,0.4,1.66,14.1,20.0,105,104,37.8,20.7,19.1,16.3,11.1,0.151,0.191,0.28,0.381,1,3600.0,579.0,487.0,92.0,809.9,579.0,796.6,652.3,548.6,103.6,809.9,652.3,897.4
1357,1357,41.51142,-7.6512756,989.0,2003-06-19T10:00,22.5,29,3.4,19.9,0.0,0.0,0.0,0.0,0,1021.5,912.3,0,0,0,0,0.52,1.95,14.8,20.4,104,104,41.8,22.6,19.2,16.3,11.1,0.15,0.191,0.28,0.381,1,3600.0,744.0,642.0,102.0,862.9,744.0,985.7,805.2,694.8,110.4,862.9,805.2,1066.8
1356,1356,41.51142,-7.6512756,989.0,2003-06-19T11:00,24.6,26,4.0,22.7,0.0,0.0,0.0,0.0,0,1021.1,912.7,0,0,0,0,0.63,2.29,15.6,21.6,105,105,42.1,24.5,19.4,16.4,11.1,0.15,0.191,0.28,0.381,1,3600.0,873.0,763.0,110.0,893.4,873.0,1131.4,916.0,800.6,115.4,893.4,916.0,1187.2
1355,1355,41.51142,-7.6512756,989.0,2003-06-19T12:00,26.5,24,4.5,24.8,0.0,0.0,0.0,0.0,0,1020.3,912.6,0,0,0,0,0.71,2.63,16.9,23.2,102,103,43.2,26.2,19.7,16.4,11.1,0.149,0.19,0.279,0.381,1,3600.0,954.0,840.0,114.0,909.3,954.0,1223.8,974.8,858.3,116.5,909.3,974.8,1250.5
1354,1354,41.51142,-7.6512756,989.0,2003-06-19T13:00,28.1,23,5.1,26.8,0.0,0.0,0.0,0.0,0,1020.1,913.0,0,0,0,0,0.76,2.93,16.2,22.5,103,103,43.6,27.6,20.0,16.4,11.1,0.148,0.189,0.279,0.381,1,3600.0,982.0,867.0,115.0,914.0,982.0,1256.6,978.7,864.1,114.6,914.0,978.7,1252.4
1353,1353,41.51142,-7.6512756,989.0,2003-06-19T14:00,29.2,22,5.4,28.1,0.0,0.0,0.0,0.0,0,1019.3,912.6,0,0,0,0,0.75,3.16,15.0,20.3,101,102,41.8,28.7,20.3,16.4,11.1,0.148,0.189,0.279,0.381,1,3600.0,955.0,841.0,114.0,907.6,955.0,1227.6,927.9,817.1,110.8,907.6,927.9,1192.7
1352,1352,41.51142,-7.6512756,989.0,2003-06-19T15:00,29.9,21,5.3,28.5,0.0,0.0,0.0,0.0,0,1018.8,912.4,0,0,0,0,0.7,3.33,13.9,18.6,100,100,38.5,29.3,20.7,16.4,11.1,0.147,0.188,0.278,0.381,1,3600.0,875.0,766.0,109.0,891.2,875.0,1138.7,826.5,723.6,103.0,891.2,826.5,1075.6
1351,1351,41.51142,-7.6512756,989.0,2003-06-19T16:00,30.1,20,4.8,28.1,0.0,0.0,0.0,0.0,0,1018.3,912.0,2,0,0,5,0.62,3.42,13.1,17.9,99,99,34.9,29.3,21.0,16.4,11.1,0.146,0.188,0.278,0.381,1,3600.0,748.0,646.0,102.0,859.3,748.0,996.0,682.6,589.5,93.1,859.3,682.6,908.9
1350,1350,41.51142,-7.6512756,989.0,2003-06-19T17:00,30.0,20,4.2,27.0,0.0,0.0,0.0,0.0,0,1018.0,911.7,0,0,0,0,0.5,3.41,12.4,17.5,100,99,32.8,28.9,21.3,16.4,11.1,0.146,0.187,0.278,0.381,1,3600.0,585.0,493.0,92.0,807.1,585.0,809.2,509.1,429.0,80.1,807.1,509.1,704.1
1349,1349,41.51142,-7.6512756,989.0,2003-06-19T18:00,29.4,21,4.8,26.7,0.0,0.0,0.0,0.0,0,1017.7,911.2,0,0,0,0,0.36,3.25,10.2,16.5,98,101,29.9,28.0,21.5,16.4,11.1,0.146,0.187,0.278,0.38,1,3600.0,400.0,322.0,78.0,721.7,400.0,591.0,321.6,258.9,62.7,721.7,321.6,475.1
1348,1348,41.51142,-7.6512756,989.0,2003-06-19T19:00,28.0,25,6.3,26.2,0.0,0.0,0.0,0.0,0,1017.6,910.7,0,0,0,0,0.18,2.82,6.2,15.8,97,102,26.3,26.6,21.7,16.4,11.1,0.145,0.187,0.277,0.38,1,3600.0,213.0,154.0,59.0,572.4,213.0,356.4,142.0,102.6,39.3,572.4,142.0,237.5
1347,1347,41.51142,-7.6512756,989.0,2003-06-19T20:00,25.4,32,7.6,23.3,0.0,0.0,0.0,0.0,0,1017.6,909.8,0,0,0,0,0.12,2.21,10.1,15.4,88,101,22.3,24.8,21.8,16.5,11.1,0.145,0.187,0.277,0.38,1,2181.65,56.0,32.0,24.0,254.5,56.0,121.3,3.5,2.0,1.5,22.9,2.5,7.6
1346,1346,41.51142,-7.6512756,989.0,2003-06-19T21:00,23.0,37,7.7,20.9,0.0,0.0,0.0,0.0,0,1018.1,909.5,0,0,0,0,0.09,1.77,10.8,16.2,75,94,24.1,23.0,21.7,16.5,11.1,0.145,0.187,0.277,0.38,0,0.0,0.0,0.0,0.0,0.0,0.0,0.0,0.0,0.0,0.0,0.0,0.0,0.0
1345,1345,41.51142,-7.6512756,989.0,2003-06-19T22:00,21.4,41,7.4,18.9,0.0,0.0,0.0,0.0,0,1018.5,909.2,0,0,0,0,0.1,1.52,12.4,19.1,80,93,25.2,21.4,21.6,16.5,11.1,0.145,0.187,0.277,0.38,0,0.0,0.0,0.0,0.0,0.0,0.0,0.0,0.0,0.0,0.0,0.0,0.0,0.0
1344,1344,41.51142,-7.6512756,989.0,2003-06-19T23:00,20.1,42,6.8,17.5,0.0,0.0,0.0,0.0,0,1018.3,908.6,0,0,0,0,0.09,1.36,11.9,18.1,85,96,25.9,20.2,21.5,16.5,11.1,0.145,0.187,0.277,0.38,0,0.0,0.0,0.0,0.0,0.0,0.0,0.0,0.0,0.0,0.0,0.0,0.0,0.0
1343,1343,41.51142,-7.6512756,989.0,2003-06-20T00:00,19.0,47,7.3,17.0,0.0,0.0,0.0,0.0,0,1018.4,908.3,0,0,0,0,0.06,1.18,9.4,13.6,90,101,25.2,19.3,21.3,16.5,11.1,0.145,0.187,0.277,0.38,0,0.0,0.0,0.0,0.0,0.0,0.0,0.0,0.0,0.0,0.0,0.0,0.0,0.0
1342,1342,41.51142,-7.6512756,989.0,2003-06-20T01:00,18.0,51,7.8,16.2,0.0,0.0,0.0,0.0,0,1018.0,907.6,0,0,0,0,0.04,1.0,8.3,11.5,92,104,22.0,18.6,21.1,16.5,11.1,0.145,0.187,0.277,0.38,0,0.0,0.0,0.0,0.0,0.0,0.0,0.0,0.0,0.0,0.0,0.0,0.0,0.0
1341,1341,41.51142,-7.6512756,989.0,2003-06-20T02:00,17.5,55,8.3,16.1,0.0,0.0,0.0,0.0,0,1018.0,907.4,0,0,0,0,0.03,0.9,6.8,9.9,108,109,20.2,18.0,20.9,16.5,11.1,0.145,0.187,0.277,0.38,0,0.0,0.0,0.0,0.0,0.0,0.0,0.0,0.0,0.0,0.0,0.0,0.0,0.0
1340,1340,41.51142,-7.6512756,989.0,2003-06-20T03:00,16.9,58,8.6,15.9,0.0,0.0,0.0,0.0,0,1018.0,907.2,0,0,0,0,0.01,0.81,4.9,9.4,107,113,19.4,17.4,20.6,16.5,11.1,0.145,0.187,0.277,0.38,0,0.0,0.0,0.0,0.0,0.0,0.0,0.0,0.0,0.0,0.0,0.0,0.0,0.0
1339,1339,41.51142,-7.6512756,989.0,2003-06-20T04:00,16.4,61,8.8,15.4,0.0,0.0,0.0,0.0,0,1018.1,907.1,0,0,0,0,0.01,0.73,5.2,9.5,115,119,18.7,16.9,20.4,16.6,11.1,0.145,0.187,0.277,0.38,0,0.0,0.0,0.0,0.0,0.0,0.0,0.0,0.0,0.0,0.0,0.0,0.0,0.0
1338,1338,41.51142,-7.6512756,989.0,2003-06-20T05:00,15.8,67,9.7,14.8,0.0,0.0,0.0,0.0,0,1018.4,907.2,0,0,0,0,0.01,0.59,6.3,10.4,121,124,18.4,16.5,20.1,16.6,11.1,0.145,0.187,0.277,0.38,1,0.0,0.0,0.0,0.0,0.0,0.0,0.0,0.0,0.0,0.0,0.0,0.0,0.0
1337,1337,41.51142,-7.6512756,989.0,2003-06-20T06:00,16.0,72,10.9,15.8,0.0,0.0,0.0,0.0,0,1018.7,907.5,0,0,0,0,0.02,0.52,3.8,11.0,131,122,18.0,16.8,19.9,16.6,11.1,0.145,0.187,0.277,0.38,1,1949.9,46.0,25.0,21.0,208.3,46.0,106.5,96.1,52.2,43.9,311.0,64.3,222.4
1336,1336,41.51142,-7.6512756,989.0,2003-06-20T07:00,19.8,56,10.8,19.3,0.0,0.0,0.0,0.0,0,1018.7,908.9,0,0,0,0,0.12,1.02,5.7,11.3,108,117,19.1,18.8,19.8,16.6,11.1,0.145,0.187,0.277,0.38,1,3600.0,193.0,136.0,57.0,528.2,193.0,341.1,260.2,183.4,76.9,528.2,260.2,459.9
1335,1335,41.51142,-7.6512756,989.0,2003-06-20T08:00,21.9,49,10.7,21.1,0.0,0.0,0.0,0.0,0,1018.9,909.8,0,0,0,0,0.25,1.34,7.0,9.7,111,112,20.9,20.9,19.8,16.6,11.2,0.145,0.187,0.277,0.38,1,3600.0,375.0,296.0,79.0,680.5,375.0,576.2,449.0,354.4,94.6,680.5,449.0,689.9
1334,1334,41.51142,-7.6512756,989.0,2003-06-20T09:00,23.9,45,11.2,23.2,0.0,0.0,0.0,0.0,0,1018.7,910.3,0,0,0,0,0.38,1.64,7.7,9.8,118,118,23.0,23.0,19.9,16.6,11.2,0.145,0.187,0.277,0.38,1,3600.0,557.0,464.0,93.0,772.3,557.0,795.8,627.6,522.8,104.8,772.3,627.6,896.7
1333,1333,41.51142,-7.6512756,989.0,2003-06-20T10:00,25.7,42,11.7,26.3,0.0,0.0,0.0,0.0,0,1018.1,910.4,0,0,0,0,0.5,1.92,6.7,8.4,126,130,24.5,25.2,20.1,16.6,11.2,0.145,0.187,0.277,0.38,1,3600.0,719.0,614.0,105.0,825.7,719.0,985.0,778.2,664.6,113.6,825.7,778.2,1066.2
1332,1332,41.51142,-7.6512756,989.0,2003-06-20T11:00,27.3,39,12.3,28.7,0.0,0.0,0.0,0.0,0,1017.7,910.6,0,0,0,0,0.61,2.21,7.6,9.5,149,151,26.3,27.2,20.4,16.6,11.2,0.144,0.186,0.277,0.38,1,3600.0,847.0,734.0,113.0,859.7,847.0,1130.9,888.8,770.2,118.6,859.7,888.8,1186.7
1331,1331,41.51142,-7.6512756,989.0,2003-06-20T12:00,28.8,37,12.5,30.6,0.0,0.0,0.0,0.0,0,1017.2,910.6,0,0,0,0,0.69,2.52,8.6,11.1,165,167,27.7,28.9,20.7,16.6,11.2,0.144,0.186,0.276,0.38,1,3600.0,927.0,809.0,118.0,875.9,927.0,1223.5,947.3,826.7,120.6,875.9,947.3,1250.3
1330,1330,41.51142,-7.6512756,989.0,2003-06-20T13:00,30.0,34,12.5,32.0,0.0,0.0,0.0,0.0,1,1016.6,910.4,20,0,34,0,0.73,2.79,8.3,10.5,175,174,27.0,30.2,21.1,16.6,11.2,0.143,0.185,0.276,0.38,1,3600.0,957.0,839.0,118.0,884.5,957.0,1256.5,953.9,836.2,117.6,884.5,953.9,1252.4
1329,1329,41.51142,-7.6512756,989.0,2003-06-20T14:00,30.8,32,12.1,32.7,0.0,0.0,0.0,0.0,1,1015.8,910.0,21,0,30,10,0.71,3.04,7.2,9.4,174,173,25.9,31.2,21.5,16.6,11.2,0.142,0.185,0.276,0.38,1,3600.0,925.0,803.0,122.0,866.4,925.0,1227.7,898.8,780.3,118.5,866.4,898.8,1193.0
1328,1328,41.51142,-7.6512756,989.0,2003-06-20T15:00,31.3,29,11.4,32.5,0.0,0.0,0.0,0.0,0,1015.2,909.6,16,0,16,21,0.63,3.23,6.2,8.0,173,170,24.1,31.5,21.8,16.6,11.2,0.142,0.184,0.275,0.38,1,3600.0,815.0,689.0,126.0,801.2,815.0,1139.0,769.9,650.9,119.0,801.2,769.9,1076.0
1327,1327,41.51142,-7.6512756,989.0,2003-06-20T16:00,31.5,28,10.9,32.1,0.0,0.0,0.0,0.0,0,1014.7,909.2,12,0,11,18,0.54,3.31,4.7,6.2,176,170,22.0,31.5,22.2,16.7,11.2,0.141,0.184,0.275,0.38,1,3600.0,706.0,601.0,105.0,798.8,706.0,996.5,644.4,548.6,95.8,798.8,644.4,909.6
1326,1326,41.51142,-7.6512756,989.0,2003-06-20T17:00,31.4,28,10.6,31.4,0.0,0.0,0.0,0.0,0,1014.1,908.7,6,0,5,11,0.38,3.33,1.8,2.6,169,164,19.1,30.9,22.5,16.7,11.2,0.141,0.183,0.275,0.38,1,3600.0,525.0,427.0,98.0,698.3,525.0,809.9,457.0,371.7,85.3,698.3,457.0,705.0
1325,1325,41.51142,-7.6512756,989.0,2003-06-20T18:00,31.0,28,10.5,30.5,0.0,0.0,0.0,0.0,1,1014.1,908.5,23,0,18,40,0.29,3.22,4.3,5.6,24,27,16.2,30.0,22.8,16.7,11.2,0.141,0.183,0.275,0.38,1,3600.0,371.0,285.0,86.0,637.7,371.0,591.9,298.4,229.2,69.2,637.7,298.4,476.1
1324,1324,41.51142,-7.6512756,989.0,2003-06-20T19:00,29.8,48,17.6,32.0,0.0,0.0,0.0,0.0,1,1013.9,908.0,42,0,33,73,0.15,2.17,3.4,5.9,32,38,13.3,28.6,22.9,16.7,11.2,0.141,0.183,0.275,0.38,1,3600.0,201.0,140.0,61.0,518.9,201.0,357.4,134.2,93.4,40.7,518.9,134.2,238.6
1323,1323,41.51142,-7.6512756,989.0,2003-06-20T20:00,28.2,38,12.6,27.8,0.0,0.0,0.0,0.0,1,1013.7,907.3,26,0,6,76,0.1,2.36,8.2,10.5,23,38,15.8,26.8,23.0,16.7,11.2,0.142,0.183,0.275,0.38,1,1805.81,46.0,20.0,26.0,158.6,46.0,122.3,3.2,1.4,1.8,16.1,2.4,8.6
1322,1322,41.51142,-7.6512756,989.0,2003-06-20T21:00,26.6,39,11.7,25.8,0.0,0.0,0.0,0.0,1,1014.1,907.1,24,0,1,79,0.09,2.12,9.4,13.0,18,34,18.0,25.1,23.0,16.8,11.2,0.142,0.183,0.275,0.38,0,0.0,0.0,0.0,0.0,0.0,0.0,0.0,0.0,0.0,0.0,0.0,0.0,0.0
1321,1321,41.51142,-7.6512756,989.0,2003-06-20T22:00,23.9,51,13.1,23.6,0.0,0.0,0.0,0.0,0,1014.9,906.9,4,0,2,10,0.06,1.46,8.7,13.8,7,28,18.7,23.6,22.9,16.8,11.2,0.142,0.183,0.275,0.38,0,0.0,0.0,0.0,0.0,0.0,0.0,0.0,0.0,0.0,0.0,0.0,0.0,0.0
1320,1320,41.51142,-7.6512756,989.0,2003-06-20T23:00,21.7,58,13.1,21.5,0.0,0.0,0.0,0.0,0,1014.7,906.0,0,0,0,1,0.04,1.1,8.3,13.5,2,29,18.7,22.3,22.8,16.8,11.2,0.142,0.183,0.275,0.38,0,0.0,0.0,0.0,0.0,0.0,0.0,0.0,0.0,0.0,0.0,0.0,0.0,0.0
1319,1319,41.51142,-7.6512756,989.0,2003-06-21T00:00,19.9,64,13.0,20.0,0.0,0.0,0.0,0.0,0,1014.3,905.0,0,0,0,0,0.02,0.83,5.9,9.7,346,31,15.8,21.2,22.6,16.8,11.2,0.142,0.183,0.275,0.379,0,0.0,0.0,0.0,0.0,0.0,0.0,0.0,0.0,0.0,0.0,0.0,0.0,0.0
1318,1318,41.51142,-7.6512756,989.0,2003-06-21T01:00,18.3,72,13.1,18.9,0.0,0.0,0.0,0.0,0,1014.2,904.3,0,0,0,0,0.0,0.6,3.1,6.4,324,47,13.0,20.3,22.4,16.8,11.2,0.142,0.183,0.275,0.379,0,0.0,0.0,0.0,0.0,0.0,0.0,0.0,0.0,0.0,0.0,0.0,0.0,0.0
1317,1317,41.51142,-7.6512756,989.0,2003-06-21T02:00,17.2,79,13.5,18.0,0.0,0.0,0.0,0.0,0,1013.8,903.6,0,0,0,0,0.0,0.42,3.0,6.1,346,62,11.9,19.5,22.2,16.8,11.2,0.142,0.183,0.275,0.379,0,0.0,0.0,0.0,0.0,0.0,0.0,0.0,0.0,0.0,0.0,0.0,0.0,0.0
1316,1316,41.51142,-7.6512756,989.0,2003-06-21T03:00,16.7,82,13.6,17.2,0.0,0.0,0.0,0.0,0,1013.1,902.8,0,0,0,0,0.0,0.34,4.4,7.3,9,70,10.4,18.8,21.9,16.9,11.2,0.142,0.183,0.275,0.379,0,0.0,0.0,0.0,0.0,0.0,0.0,0.0,0.0,0.0,0.0,0.0,0.0,0.0
1315,1315,41.51142,-7.6512756,989.0,2003-06-21T04:00,16.7,82,13.6,17.2,0.0,0.0,0.0,0.0,0,1013.4,903.1,2,0,0,5,0.0,0.34,5.0,8.4,21,80,10.1,18.3,21.7,16.9,11.2,0.142,0.183,0.275,0.379,0,0.0,0.0,0.0,0.0,0.0,0.0,0.0,0.0,0.0,0.0,0.0,0.0,0.0
1314,1314,41.51142,-7.6512756,989.0,2003-06-21T05:00,16.6,83,13.7,17.2,0.0,0.0,0.0,0.0,0,1013.1,902.7,3,0,0,11,0.0,0.32,3.8,7.7,49,101,11.2,17.7,21.4,16.9,11.2,0.142,0.184,0.275,0.379,1,0.0,0.0,0.0,0.0,0.0,0.0,0.0,0.0,0.0,0.0,0.0,0.0,0.0
1313,1313,41.51142,-7.6512756,989.0,2003-06-21T06:00,16.9,84,14.1,18.0,0.0,0.0,0.0,0.0,0,1013.6,903.3,3,0,0,11,0.01,0.32,1.5,7.0,104,125,10.8,17.9,21.2,16.9,11.3,0.142,0.184,0.275,0.379,1,1937.9,46.0,25.0,21.0,208.8,46.0,105.7,96.4,52.4,44.0,313.2,64.3,221.5
1312,1312,41.51142,-7.6512756,989.0,2003-06-21T07:00,20.2,64,13.2,20.7,0.0,0.0,0.0,0.0,0,1013.8,904.6,1,0,0,3,0.11,0.84,3.3,7.4,139,133,13.7,20.1,21.1,16.9,11.3,0.142,0.184,0.275,0.379,1,3600.0,193.0,136.0,57.0,529.4,193.0,340.2,260.4,183.5,76.9,529.4,260.4,459.0
1311,1311,41.51142,-7.6512756,989.0,2003-06-21T08:00,22.9,53,12.7,23.1,0.0,0.0,0.0,0.0,0,1014.1,905.8,0,0,0,0,0.24,1.32,4.6,6.6,135,135,16.6,22.2,21.1,16.9,11.3,0.142,0.183,0.275,0.379,1,3600.0,377.0,299.0,78.0,688.3,377.0,575.3,451.5,358.1,93.4,688.3,451.5,689.1
1310,1310,41.51142,-7.6512756,989.0,2003-06-21T09:00,25.3,43,11.7,24.9,0.0,0.0,0.0,0.0,0,1014.0,906.6,2,0,2,2,0.39,1.85,6.9,9.2,141,141,21.2,24.4,21.1,16.9,11.3,0.141,0.183,0.274,0.379,1,3600.0,560.0,468.0,92.0,779.7,560.0,795.0,631.1,527.4,103.7,779.7,631.1,895.9
1309,1309,41.51142,-7.6512756,989.0,2003-06-21T10:00,27.0,37,11.0,27.2,0.0,0.0,0.0,0.0,0,1013.7,906.9,9,0,1,27,0.53,2.25,7.7,10.0,152,154,26.6,26.5,21.3,16.9,11.3,0.141,0.183,0.274,0.379,1,3600.0,723.0,621.0,102.0,835.6,723.0,984.3,782.6,672.2,110.4,835.6,782.6,1065.5
1308,1308,41.51142,-7.6512756,989.0,2003-06-21T11:00,28.2,35,11.3,29.1,0.0,0.0,0.0,0.0,0,1013.3,906.9,18,0,0,60,0.63,2.48,8.8,11.4,168,167,29.5,28.3,21.6,16.9,11.3,0.141,0.182,0.274,0.379,1,3600.0,848.0,735.0,113.0,861.2,848.0,1130.3,890.0,771.4,118.6,861.2,890.0,1186.3
1307,1307,41.51142,-7.6512756,989.0,2003-06-21T12:00,29.1,34,11.6,30.6,0.0,0.0,0.0,0.0,0,1012.8,906.7,16,0,0,55,0.69,2.66,8.3,10.8,182,180,29.5,29.8,21.9,17.0,11.3,0.14,0.182,0.273,0.379,1,3600.0,924.0,794.0,130.0,859.8,924.0,1223.1,944.3,811.4,132.9,859.8,944.3,1250.0
1306,1306,41.51142,-7.6512756,989.0,2003-06-21T13:00,29.8,33,11.8,31.7,0.0,0.0,0.0,0.0,0,1012.3,906.5,12,0,0,40,0.72,2.8,7.6,9.4,185,184,28.8,31.0,22.2,17.0,11.3,0.14,0.182,0.273,0.379,1,3600.0,952.0,819.0,133.0,863.4,952.0,1256.4,949.0,816.4,132.6,863.4,949.0,1252.4
1305,1305,41.51142,-7.6512756,989.0,2003-06-21T14:00,30.1,33,12.0,32.0,0.0,0.0,0.0,0.0,0,1011.7,906.1,10,0,0,35,0.69,2.87,6.6,8.4,193,190,27.4,31.7,22.6,17.0,11.3,0.139,0.181,0.273,0.379,1,3600.0,914.0,756.0,158.0,815.5,914.0,1227.8,888.2,734.7,153.5,815.5,888.2,1193.2
1304,1304,41.51142,-7.6512756,989.0,2003-06-21T15:00,30.2,33,12.1,31.6,0.1,0.1,0.0,0.0,51,1011.1,905.6,10,0,5,24,0.62,2.87,6.3,8.0,193,190,25.9,31.9,22.9,17.0,11.3,0.14,0.181,0.272,0.379,1,3600.0,821.0,673.0,148.0,782.3,821.0,1139.3,775.7,635.9,139.8,782.3,775.7,1076.5
1303,1303,41.51142,-7.6512756,989.0,2003-06-21T16:00,29.8,34,12.1,30.1,0.4,0.4,0.0,0.0,51,1010.9,905.3,20,0,15,35,0.5,2.79,6.3,8.1,204,201,25.2,31.4,23.2,17.0,11.3,0.14,0.18,0.272,0.379,1,3600.0,640.0,487.0,153.0,646.9,640.0,997.1,584.3,444.6,139.7,646.9,584.3,910.2
1302,1302,41.51142,-7.6512756,989.0,2003-06-21T17:00,29.3,35,12.3,28.9,0.0,0.0,0.0,0.0,0,1010.5,904.7,16,0,12,31,0.39,2.64,7.9,10.0,240,240,23.4,30.6,23.4,17.0,11.3,0.14,0.18,0.272,0.379,1,3600.0,477.0,329.0,148.0,537.5,477.0,810.6,415.3,286.4,128.8,537.5,415.3,705.7
1301,1301,41.51142,-7.6512756,989.0,2003-06-21T18:00,28.4,38,12.8,28.4,0.0,0.0,0.0,0.0,0,1010.1,904.1,4,0,0,14,0.28,2.4,6.6,9.1,261,261,21.2,29.5,23.6,17.1,11.3,0.14,0.18,0.272,0.379,1,3600.0,349.0,253.0,96.0,565.3,349.0,592.8,280.8,203.6,77.2,565.3,280.8,477.0
1300,1300,41.51142,-7.6512756,989.0,2003-06-21T19:00,27.2,44,13.8,27.7,0.0,0.0,0.0,0.0,0,1010.1,903.7,4,0,2,9,0.15,2.02,4.8,8.8,318,325,18.0,28.1,23.7,17.1,11.3,0.139,0.18,0.272,0.379,1,3600.0,189.0,123.0,66.0,454.6,189.0,358.3,126.3,82.2,44.1,454.6,126.3,239.5
1299,1299,41.51142,-7.6512756,989.0,2003-06-21T20:00,25.6,48,13.7,25.7,0.0,0.0,0.0,0.0,0,1010.0,903.1,1,0,1,2,0.08,1.71,7.7,10.0,332,347,15.8,26.4,23.7,17.1,11.3,0.139,0.18,0.272,0.379,1,2212.26,49.0,26.0,23.0,205.6,49.0,123.2,3.8,2.0,1.8,22.9,2.8,9.4
1298,1298,41.51142,-7.6512756,989.0,2003-06-21T21:00,23.8,59,15.3,24.7,0.0,0.0,0.0,0.0,0,1010.4,902.8,3,0,3,4,0.03,1.21,6.4,7.1,308,336,14.8,24.9,23.6,17.1,11.3,0.14,0.18,0.272,0.379,0,0.0,0.0,0.0,0.0,0.0,0.0,0.0,0.0,0.0,0.0,0.0,0.0,0.0
1297,1297,41.51142,-7.6512756,989.0,2003-06-21T22:00,22.3,59,13.9,22.7,0.0,0.0,0.0,0.0,0,1010.9,902.8,6,0,1,17,0.02,1.1,5.9,7.2,284,297,13.0,23.5,23.5,17.1,11.3,0.14,0.18,0.272,0.379,0,0.0,0.0,0.0,0.0,0.0,0.0,0.0,0.0,0.0,0.0,0.0,0.0,0.0
1296,1296,41.51142,-7.6512756,989.0,2003-06-21T23:00,20.9,65,14.0,21.3,0.0,0.0,0.0,0.0,0,1010.8,902.2,2,0,0,8,0.02,0.87,6.5,8.7,304,315,12.6,22.6,23.4,17.2,11.3,0.14,0.18,0.272,0.379,0,0.0,0.0,0.0,0.0,0.0,0.0,0.0,0.0,0.0,0.0,0.0,0.0,0.0
1295,1295,41.51142,-7.6512756,989.0,2003-06-22T00:00,19.7,71,14.2,20.4,0.0,0.0,0.0,0.0,0,1010.8,901.8,1,0,0,2,0.01,0.68,5.3,7.9,298,313,12.6,21.7,23.2,17.2,11.3,0.14,0.18,0.272,0.379,0,0.0,0.0,0.0,0.0,0.0,0.0,0.0,0.0,0.0,0.0,0.0,0.0,0.0
1294,1294,41.51142,-7.6512756,989.0,2003-06-22T01:00,18.9,77,14.8,19.7,0.0,0.0,0.0,0.0,0,1010.2,901.0,9,0,4,23,0.0,0.49,5.4,7.8,278,292,11.9,20.9,23.0,17.2,11.3,0.14,0.18,0.272,0.379,0,0.0,0.0,0.0,0.0,0.0,0.0,0.0,0.0,0.0,0.0,0.0,0.0,0.0
1293,1293,41.51142,-7.6512756,989.0,2003-06-22T02:00,17.9,83,14.9,18.9,0.0,0.0,0.0,0.0,2,1010.1,900.5,69,54,17,35,0.0,0.36,4.6,7.1,288,300,11.9,20.2,22.8,17.2,11.3,0.14,0.18,0.272,0.379,0,0.0,0.0,0.0,0.0,0.0,0.0,0.0,0.0,0.0,0.0,0.0,0.0,0.0
1292,1292,41.51142,-7.6512756,989.0,2003-06-22T03:00,17.2,86,14.9,18.3,0.0,0.0,0.0,0.0,2,1009.4,899.7,75,58,14,48,0.0,0.27,4.2,6.9,301,313,10.4,19.7,22.6,17.2,11.4,0.14,0.18,0.272,0.379,0,0.0,0.0,0.0,0.0,0.0,0.0,0.0,0.0,0.0,0.0,0.0,0.0,0.0
1291,1291,41.51142,-7.6512756,989.0,2003-06-22T04:00,16.6,89,14.8,17.6,0.0,0.0,0.0,0.0,2,1009.5,899.5,70,66,2,32,0.0,0.2,4.0,6.0,270,287,9.7,19.1,22.3,17.2,11.4,0.14,0.18,0.272,0.379,0,0.0,0.0,0.0,0.0,0.0,0.0,0.0,0.0,0.0,0.0,0.0,0.0,0.0
1290,1290,41.51142,-7.6512756,989.0,2003-06-22T05:00,16.0,92,14.7,16.9,0.0,0.0,0.0,0.0,3,1009.5,899.3,100,98,13,29,0.0,0.15,4.8,7.3,257,259,11.9,18.6,22.1,17.3,11.4,0.14,0.18,0.272,0.379,1,0.0,0.0,0.0,0.0,0.0,0.0,0.0,0.0,0.0,0.0,0.0,0.0,0.0
1289,1289,41.51142,-7.6512756,989.0,2003-06-22T06:00,16.6,90,14.9,17.6,0.0,0.0,0.0,0.0,3,1009.9,899.9,100,100,25,19,0.01,0.19,4.4,8.2,261,255,13.7,18.8,21.8,17.3,11.4,0.14,0.18,0.272,0.379,1,1589.84,41.0,19.0,22.0,159.1,41.0,104.8,86.3,40.0,46.3,240.0,57.2,220.6
1288,1288,41.51142,-7.6512756,989.0,2003-06-22T07:00,17.9,84,15.2,19.0,0.0,0.0,0.0,0.0,2,1010.0,900.4,51,56,1,1,0.08,0.32,4.6,8.2,252,255,15.8,20.4,21.7,17.3,11.4,0.14,0.18,0.272,0.378,1,3600.0,144.0,64.0,80.0,249.8,144.0,339.3,194.4,86.4,108.0,249.8,194.4,458.1
1287,1287,41.51142,-7.6512756,989.0,2003-06-22T08:00,20.1,71,14.8,20.9,0.0,0.0,0.0,0.0,0,1010.3,901.5,4,3,2,0,0.21,0.68,6.0,7.9,245,246,18.4,22.0,21.6,17.3,11.4,0.14,0.18,0.272,0.378,1,3600.0,351.0,261.0,90.0,601.8,351.0,574.4,420.5,312.7,107.8,601.8,420.5,688.1
1286,1286,41.51142,-7.6512756,989.0,2003-06-22T09:00,21.7,63,14.3,22.1,0.0,0.0,0.0,0.0,0,1010.1,901.9,0,0,0,0,0.31,0.97,7.0,9.1,235,236,21.6,23.8,21.7,17.3,11.4,0.14,0.18,0.272,0.378,1,3600.0,483.0,361.0,122.0,602.0,483.0,794.1,544.4,406.9,137.5,602.0,544.4,895.0
1285,1285,41.51142,-7.6512756,989.0,2003-06-22T10:00,23.3,57,14.2,24.7,0.0,0.0,0.0,0.0,0,1009.5,901.9,1,1,0,0,0.46,1.24,6.1,7.6,225,225,25.6,25.8,21.8,17.3,11.4,0.139,0.18,0.271,0.378,1,3600.0,694.0,574.0,120.0,772.9,694.0,983.5,751.3,621.4,129.9,772.9,751.3,1064.8
1284,1284,41.51142,-7.6512756,989.0,2003-06-22T11:00,24.6,52,14.1,26.3,0.0,0.0,0.0,0.0,0,1009.5,902.3,4,2,2,3,0.56,1.49,8.8,11.4,199,198,32.8,27.6,22.0,17.3,11.4,0.139,0.179,0.271,0.378,1,3600.0,828.0,705.0,123.0,826.4,828.0,1129.7,869.1,740.0,129.1,826.4,869.1,1185.7
1283,1283,41.51142,-7.6512756,989.0,2003-06-22T12:00,25.7,47,13.4,27.1,0.0,0.0,0.0,0.0,0,1009.1,902.3,11,8,6,0,0.64,1.76,12.1,15.8,203,201,40.3,29.0,22.2,17.3,11.4,0.139,0.179,0.271,0.378,1,3600.0,912.0,785.0,127.0,850.2,912.0,1222.7,932.1,802.3,129.8,850.2,932.1,1249.7
1282,1282,41.51142,-7.6512756,989.0,2003-06-22T13:00,26.0,44,12.8,26.6,0.0,0.0,0.0,0.0,1,1008.9,902.2,26,17,18,0,0.66,1.89,16.0,21.3,211,210,38.2,29.5,22.5,17.3,11.4,0.138,0.178,0.271,0.378,1,3600.0,941.0,815.0,126.0,859.2,941.0,1256.2,938.1,812.5,125.6,859.2,938.1,1252.3
1281,1281,41.51142,-7.6512756,989.0,2003-06-22T14:00,25.2,47,13.0,25.0,0.3,0.3,0.0,0.0,51,1009.1,902.1,35,24,22,0,0.58,1.71,17.1,22.7,228,227,45.4,29.3,22.7,17.4,11.4,0.139,0.178,0.27,0.378,1,3600.0,809.0,660.0,149.0,711.8,809.0,1227.8,786.3,641.5,144.8,711.8,786.3,1193.3
1280,1280,41.51142,-7.6512756,989.0,2003-06-22T15:00,24.3,51,13.5,23.7,0.2,0.2,0.0,0.0,51,1009.0,901.8,38,33,13,0,0.48,1.49,16.5,21.9,250,250,42.5,28.6,22.9,17.4,11.4,0.14,0.178,0.27,0.378,1,3600.0,675.0,492.0,183.0,571.7,675.0,1139.6,637.8,464.9,172.9,571.7,637.8,1076.9
1279,1279,41.51142,-7.6512756,989.0,2003-06-22T16:00,23.2,57,14.1,22.5,0.2,0.2,0.0,0.0,51,1009.6,901.9,24,20,10,0,0.36,1.23,14.1,18.8,264,266,38.9,27.7,23.0,17.4,11.4,0.14,0.178,0.27,0.378,1,3600.0,494.0,293.0,201.0,388.9,494.0,997.5,451.0,267.5,183.5,388.9,451.0,910.8
1278,1278,41.51142,-7.6512756,989.0,2003-06-22T17:00,22.5,60,14.2,21.9,0.0,0.0,0.0,0.0,1,1009.8,901.9,31,31,5,0,0.3,1.1,13.4,17.6,284,285,38.2,27.0,23.1,17.4,11.4,0.14,0.178,0.27,0.378,1,3600.0,428.0,250.0,178.0,408.1,428.0,811.3,372.7,217.7,155.0,408.1,372.7,706.5
1277,1277,41.51142,-7.6512756,989.0,2003-06-22T18:00,21.6,62,14.0,21.2,0.0,0.0,0.0,0.0,2,1010.3,902.0,50,56,0,0,0.24,0.98,11.8,15.9,297,298,36.4,25.9,23.1,17.4,11.4,0.139,0.178,0.27,0.378,1,3600.0,360.0,265.0,95.0,591.2,360.0,593.5,289.8,213.3,76.5,591.2,289.8,477.8
1276,1276,41.51142,-7.6512756,989.0,2003-06-22T19:00,19.3,71,13.9,19.2,0.0,0.0,0.0,0.0,1,1010.7,901.6,25,28,0,0,0.11,0.66,9.5,13.4,299,301,29.5,24.3,23.1,17.4,11.4,0.139,0.178,0.27,0.378,1,3600.0,141.0,81.0,60.0,298.7,141.0,359.1,94.4,54.2,40.1,298.7,94.4,240.3
1275,1275,41.51142,-7.6512756,989.0,2003-06-22T20:00,18.5,73,13.6,18.5,0.0,0.0,0.0,0.0,2,1011.0,901.5,60,67,0,0,0.05,0.57,8.3,11.6,304,306,25.6,22.9,23.0,17.5,11.4,0.139,0.178,0.27,0.378,1,935.09,35.0,14.0,21.0,110.4,35.0,124.0,2.9,1.2,1.7,13.2,2.1,10.2
1274,1274,41.51142,-7.6512756,989.0,2003-06-22T21:00,17.9,76,13.5,18.0,0.0,0.0,0.0,0.0,2,1011.5,901.8,60,67,0,0,0.01,0.5,7.4,10.7,309,312,21.6,21.8,22.8,17.5,11.4,0.139,0.178,0.27,0.378,0,0.0,0.0,0.0,0.0,0.0,0.0,0.0,0.0,0.0,0.0,0.0,0.0,0.0
1273,1273,41.51142,-7.6512756,989.0,2003-06-22T22:00,17.4,78,13.5,17.7,0.0,0.0,0.0,0.0,2,1012.0,902.0,70,78,0,0,0.0,0.44,5.4,7.6,312,315,19.4,20.9,22.7,17.5,11.4,0.139,0.178,0.27,0.378,0,0.0,0.0,0.0,0.0,0.0,0.0,0.0,0.0,0.0,0.0,0.0,0.0,0.0
1272,1272,41.51142,-7.6512756,989.0,2003-06-22T23:00,16.8,81,13.5,17.3,0.0,0.0,0.0,0.0,2,1012.0,901.8,77,86,0,0,0.0,0.37,4.8,7.1,312,315,14.4,20.2,22.5,17.5,11.4,0.139,0.178,0.27,0.378,0,0.0,0.0,0.0,0.0,0.0,0.0,0.0,0.0,0.0,0.0,0.0,0.0,0.0
1271,1271,41.51142,-7.6512756,989.0,2003-06-23T00:00,16.3,83,13.4,16.7,0.0,0.0,0.0,0.0,3,1011.5,901.2,85,94,0,0,0.0,0.32,5.1,7.1,315,319,10.4,19.6,22.3,17.5,11.5,0.139,0.178,0.27,0.378,0,0.0,0.0,0.0,0.0,0.0,0.0,0.0,0.0,0.0,0.0,0.0,0.0,0.0
1270,1270,41.51142,-7.6512756,989.0,2003-06-23T01:00,15.9,85,13.3,16.3,0.0,0.0,0.0,0.0,3,1011.6,901.2,86,95,0,0,0.0,0.28,4.6,6.9,309,317,10.1,19.2,22.0,17.5,11.5,0.14,0.178,0.27,0.378,0,0.0,0.0,0.0,0.0,0.0,0.0,0.0,0.0,0.0,0.0,0.0,0.0,0.0
1269,1269,41.51142,-7.6512756,989.0,2003-06-23T02:00,15.5,87,13.3,15.9,0.0,0.0,0.0,0.0,3,1011.1,900.6,86,96,0,0,0.0,0.23,4.4,6.1,305,310,10.1,18.7,21.8,17.5,11.5,0.14,0.178,0.27,0.378,0,0.0,0.0,0.0,0.0,0.0,0.0,0.0,0.0,0.0,0.0,0.0,0.0,0.0
1268,1268,41.51142,-7.6512756,989.0,2003-06-23T03:00,15.2,88,13.2,15.7,0.0,0.0,0.0,0.0,3,1011.3,900.7,88,98,0,0,0.0,0.21,3.8,5.4,311,312,9.7,18.4,21.6,17.5,11.5,0.14,0.178,0.27,0.378,0,0.0,0.0,0.0,0.0,0.0,0.0,0.0,0.0,0.0,0.0,0.0,0.0,0.0
1267,1267,41.51142,-7.6512756,989.0,2003-06-23T04:00,15.0,89,13.2,15.6,0.0,0.0,0.0,0.0,2,1011.5,900.8,77,86,0,0,0.0,0.19,3.6,5.7,315,325,9.0,18.1,21.4,17.5,11.5,0.14,0.178,0.27,0.378,0,0.0,0.0,0.0,0.0,0.0,0.0,0.0,0.0,0.0,0.0,0.0,0.0,0.0
1266,1266,41.51142,-7.6512756,989.0,2003-06-23T05:00,14.7,92,13.4,15.3,0.0,0.0,0.0,0.0,3,1011.6,900.7,89,99,0,0,0.0,0.14,3.3,5.2,319,335,8.6,17.7,21.1,17.5,11.5,0.14,0.178,0.27,0.378,1,0.0,0.0,0.0,0.0,0.0,0.0,0.0,0.0,0.0,0.0,0.0,0.0,0.0
1265,1265,41.51142,-7.6512756,989.0,2003-06-23T06:00,14.9,91,13.4,15.5,0.0,0.0,0.0,0.0,2,1011.8,901.0,64,70,0,5,0.01,0.16,3.4,4.6,328,342,10.4,17.7,20.9,17.5,11.5,0.14,0.178,0.27,0.378,1,783.16,33.0,13.0,20.0,109.2,33.0,103.8,69.8,27.5,42.3,165.8,46.0,219.6
1264,1264,41.51142,-7.6512756,989.0,2003-06-23T07:00,16.2,85,13.6,17.0,0.0,0.0,0.0,0.0,3,1011.8,901.5,84,92,0,4,0.06,0.28,2.9,3.6,360,6,11.2,18.9,20.8,17.5,11.5,0.14,0.178,0.27,0.378,1,2663.0,107.0,38.0,69.0,148.8,107.0,338.2,144.6,51.3,93.2,148.8,144.6,457.0
1263,1263,41.51142,-7.6512756,989.0,2003-06-23T08:00,17.5,76,13.2,18.3,0.0,0.0,0.0,0.0,3,1012.0,902.1,84,89,0,12,0.15,0.48,1.4,1.8,90,90,11.2,20.1,20.7,17.6,11.5,0.14,0.178,0.27,0.378,1,3600.0,252.0,134.0,118.0,309.5,252.0,573.3,302.0,160.6,141.4,309.5,302.0,687.1
1262,1262,41.51142,-7.6512756,989.0,2003-06-23T09:00,18.8,69,13.1,19.3,0.0,0.0,0.0,0.0,3,1011.9,902.5,92,98,0,11,0.22,0.66,3.4,4.7,162,157,13.3,21.6,20.7,17.6,11.5,0.14,0.178,0.27,0.378,1,3600.0,352.0,160.0,192.0,267.1,352.0,793.1,396.8,180.4,216.4,267.1,396.8,894.1
1261,1261,41.51142,-7.6512756,989.0,2003-06-23T10:00,20.4,60,12.4,20.5,0.0,0.0,0.0,0.0,2,1012.1,903.2,63,67,0,10,0.3,0.96,5.2,6.3,168,167,18.7,22.9,20.7,17.6,11.5,0.14,0.178,0.27,0.378,1,3600.0,444.0,194.0,250.0,261.4,444.0,982.7,480.7,210.1,270.7,261.4,480.7,1064.0
1260,1260,41.51142,-7.6512756,989.0,2003-06-23T11:00,21.8,53,11.8,21.5,0.0,0.0,0.0,0.0,2,1011.9,903.5,74,80,0,7,0.4,1.24,7.4,9.3,166,164,22.3,24.5,20.9,17.6,11.5,0.14,0.177,0.27,0.378,1,3600.0,588.0,329.0,259.0,385.8,588.0,1129.0,617.2,345.4,271.9,385.8,617.2,1185.2
1259,1259,41.51142,-7.6512756,989.0,2003-06-23T12:00,23.0,48,11.3,23.6,0.0,0.0,0.0,0.0,2,1011.8,903.8,51,56,0,1,0.52,1.47,7.7,10.0,169,167,24.5,26.1,21.0,17.6,11.5,0.139,0.177,0.269,0.378,1,3600.0,760.0,429.0,331.0,464.7,760.0,1222.2,776.9,438.5,338.3,464.7,776.9,1249.4
1258,1258,41.51142,-7.6512756,989.0,2003-06-23T13:00,24.3,44,11.2,25.4,0.0,0.0,0.0,0.0,1,1011.8,904.3,34,35,5,0,0.6,1.72,8.7,11.2,175,174,25.6,27.9,21.3,17.6,11.5,0.139,0.177,0.269,0.377,1,3600.0,875.0,637.0,238.0,671.5,875.0,1255.9,872.4,635.1,237.3,671.5,872.4,1252.2
1257,1257,41.51142,-7.6512756,989.0,2003-06-23T14:00,25.3,40,10.8,26.6,0.0,0.0,0.0,0.0,1,1011.4,904.2,22,16,13,0,0.65,1.92,8.5,11.0,192,191,25.9,29.1,21.6,17.6,11.5,0.139,0.176,0.269,0.377,1,3600.0,938.0,803.0,135.0,865.9,938.0,1227.8,911.7,780.5,131.2,865.9,911.7,1193.5
1256,1256,41.51142,-7.6512756,989.0,2003-06-23T15:00,25.9,38,10.6,26.8,0.0,0.0,0.0,0.0,1,1011.1,904.2,28,26,7,0,0.61,2.06,7.7,10.1,208,207,25.2,29.7,21.9,17.6,11.5,0.138,0.176,0.268,0.377,1,3600.0,863.0,752.0,111.0,873.5,863.0,1139.9,815.6,710.7,104.9,873.5,815.6,1077.2
1255,1255,41.51142,-7.6512756,989.0,2003-06-23T16:00,26.1,37,10.4,26.3,0.0,0.0,0.0,0.0,0,1011.1,904.2,10,10,1,0,0.52,2.12,7.1,8.9,229,227,24.1,29.6,22.2,17.6,11.5,0.138,0.176,0.268,0.377,1,3600.0,734.0,624.0,110.0,827.9,734.0,998.0,670.3,569.8,100.4,827.9,670.3,911.3
1254,1254,41.51142,-7.6512756,989.0,2003-06-23T17:00,25.7,38,10.5,25.0,0.0,0.0,0.0,0.0,0,1010.7,903.8,3,2,2,0,0.41,2.04,7.1,9.5,246,245,23.4,28.8,22.4,17.6,11.5,0.138,0.175,0.268,0.377,1,3600.0,573.0,473.0,100.0,771.4,573.0,811.9,499.1,412.0,87.1,771.4,499.1,707.1
1253,1253,41.51142,-7.6512756,989.0,2003-06-23T18:00,24.9,41,10.9,24.0,0.0,0.0,0.0,0.0,0,1010.9,903.6,7,0,12,0,0.29,1.84,8.2,10.7,255,256,23.8,27.7,22.6,17.6,11.5,0.137,0.175,0.268,0.377,1,3600.0,387.0,297.0,90.0,661.8,387.0,594.2,311.6,239.2,72.5,661.8,311.6,478.5
1252,1252,41.51142,-7.6512756,989.0,2003-06-23T19:00,22.2,52,11.9,21.7,0.0,0.0,0.0,0.0,0,1011.1,902.9,3,1,3,0,0.15,1.29,7.9,11.6,273,275,22.7,25.9,22.6,17.6,11.5,0.137,0.175,0.268,0.377,1,3600.0,208.0,147.0,61.0,540.9,208.0,359.8,139.3,98.5,40.9,540.9,139.3,241.0
1251,1251,41.51142,-7.6512756,989.0,2003-06-23T20:00,20.5,60,12.4,20.4,0.0,0.0,0.0,0.0,0,1011.7,902.9,0,0,0,1,0.05,0.97,6.2,12.2,280,284,20.9,24.0,22.6,17.6,11.6,0.137,0.175,0.268,0.377,1,2236.07,55.0,30.0,25.0,236.1,55.0,124.7,4.8,2.6,2.2,30.1,3.6,10.9
1250,1250,41.51142,-7.6512756,989.0,2003-06-23T21:00,18.9,68,12.8,19.1,0.0,0.0,0.0,0.0,0,1012.5,903.0,3,0,0,9,0.01,0.71,4.9,11.5,287,290,16.9,22.4,22.5,17.7,11.6,0.137,0.175,0.268,0.377,0,0.0,0.0,0.0,0.0,0.0,0.0,0.0,0.0,0.0,0.0,0.0,0.0,0.0
1249,1249,41.51142,-7.6512756,989.0,2003-06-23T22:00,17.6,75,13.1,17.9,0.0,0.0,0.0,0.0,0,1013.1,903.1,7,5,0,8,0.0,0.5,4.8,9.8,283,287,14.0,21.2,22.4,17.7,11.6,0.137,0.175,0.268,0.377,0,0.0,0.0,0.0,0.0,0.0,0.0,0.0,0.0,0.0,0.0,0.0,0.0,0.0
1248,1248,41.51142,-7.6512756,989.0,2003-06-23T23:00,16.6,80,13.2,17.0,0.0,0.0,0.0,0.0,2,1013.4,903.0,58,57,0,23,0.0,0.37,4.4,8.1,279,283,12.6,20.2,22.2,17.7,11.6,0.137,0.175,0.268,0.377,0,0.0,0.0,0.0,0.0,0.0,0.0,0.0,0.0,0.0,0.0,0.0,0.0,0.0
1247,1247,41.51142,-7.6512756,989.0,2003-06-24T00:00,16.0,84,13.2,16.3,0.0,0.0,0.0,0.0,2,1013.9,903.2,70,73,0,14,0.0,0.3,4.7,8.3,270,270,11.9,19.4,22.0,17.7,11.6,0.137,0.175,0.268,0.377,0,0.0,0.0,0.0,0.0,0.0,0.0,0.0,0.0,0.0,0.0,0.0,0.0,0.0
1246,1246,41.51142,-7.6512756,989.0,2003-06-24T01:00,15.6,86,13.4,16.0,0.0,0.0,0.0,0.0,3,1013.8,903.0,85,81,2,35,0.0,0.24,4.7,8.0,279,280,10.4,18.8,21.8,17.7,11.6,0.137,0.175,0.268,0.377,0,0.0,0.0,0.0,0.0,0.0,0.0,0.0,0.0,0.0,0.0,0.0,0.0,0.0
1245,1245,41.51142,-7.6512756,989.0,2003-06-24T02:00,15.3,88,13.4,15.7,0.0,0.0,0.0,0.0,3,1013.7,902.8,83,80,0,36,0.0,0.21,5.2,6.9,282,279,9.4,18.4,21.6,17.7,11.6,0.137,0.175,0.268,0.377,0,0.0,0.0,0.0,0.0,0.0,0.0,0.0,0.0,0.0,0.0,0.0,0.0,0.0
1244,1244,41.51142,-7.6512756,989.0,2003-06-24T03:00,14.8,92,13.5,15.3,0.0,0.0,0.0,0.0,3,1013.8,902.7,81,81,2,23,0.0,0.14,4.4,6.2,279,280,9.4,17.9,21.3,17.7,11.6,0.137,0.175,0.268,0.377,0,0.0,0.0,0.0,0.0,0.0,0.0,0.0,0.0,0.0,0.0,0.0,0.0,0.0
1243,1243,41.51142,-7.6512756,989.0,2003-06-24T04:00,14.7,92,13.4,15.3,0.0,0.0,0.0,0.0,3,1013.7,902.6,100,98,7,44,0.0,0.14,3.6,5.5,276,281,8.6,17.4,21.1,17.7,11.6,0.138,0.176,0.268,0.377,0,0.0,0.0,0.0,0.0,0.0,0.0,0.0,0.0,0.0,0.0,0.0,0.0,0.0
1242,1242,41.51142,-7.6512756,989.0,2003-06-24T05:00,14.4,93,13.3,14.8,0.0,0.0,0.0,0.0,3,1014.3,903.0,100,100,7,60,0.0,0.11,4.6,6.5,162,161,14.4,16.9,20.9,17.7,11.6,0.138,0.176,0.268,0.377,1,0.0,0.0,0.0,0.0,0.0,0.0,0.0,0.0,0.0,0.0,0.0,0.0,0.0
1241,1241,41.51142,-7.6512756,989.0,2003-06-24T06:00,14.7,92,13.4,15.2,0.0,0.0,0.0,0.0,3,1014.9,903.7,100,99,27,27,0.01,0.13,3.8,5.9,139,137,9.0,17.2,20.6,17.7,11.6,0.138,0.176,0.268,0.377,1,649.2,31.0,12.0,19.0,101.2,31.0,102.8,65.9,25.5,40.4,154.6,43.1,218.5
1240,1240,41.51142,-7.6512756,989.0,2003-06-24T07:00,14.9,89,13.1,15.2,0.0,0.0,0.0,0.0,3,1015.0,903.8,100,100,23,2,0.04,0.18,5.1,6.8,188,180,13.7,18.2,20.5,17.7,11.6,0.138,0.176,0.268,0.377,1,0.0,56.0,2.0,54.0,7.9,56.0,337.1,75.7,2.7,73.0,7.9,75.7,455.9
1239,1239,41.51142,-7.6512756,989.0,2003-06-24T08:00,15.4,86,13.0,15.4,0.0,0.0,0.0,0.0,3,1015.3,904.3,100,100,42,5,0.07,0.25,6.4,9.0,196,196,18.7,18.7,20.4,17.7,11.6,0.138,0.176,0.268,0.377,1,0.0,93.0,1.0,92.0,2.3,93.0,572.2,111.5,1.2,110.3,2.3,111.5,686.0
1238,1238,41.51142,-7.6512756,989.0,2003-06-24T09:00,16.2,81,12.9,16.1,0.0,0.0,0.0,0.0,3,1015.8,905.0,100,100,63,8,0.12,0.35,7.6,11.1,205,205,23.0,19.5,20.3,17.7,11.6,0.138,0.176,0.268,0.377,1,0.0,173.0,8.0,165.0,13.4,173.0,792.1,195.1,9.0,186.1,13.4,195.1,893.2
1237,1237,41.51142,-7.6512756,989.0,2003-06-24T10:00,17.0,76,12.7,16.3,0.2,0.2,0.0,0.0,51,1016.1,905.6,100,96,49,10,0.15,0.46,10.6,15.1,204,205,28.4,20.0,20.2,17.7,11.6,0.139,0.176,0.268,0.377,1,0.0,211.0,19.0,192.0,25.6,211.0,981.8,228.5,20.6,207.9,25.6,228.5,1063.2
1236,1236,41.51142,-7.6512756,989.0,2003-06-24T11:00,18.0,71,12.6,16.8,0.4,0.4,0.0,0.0,51,1016.7,906.4,67,28,60,18,0.27,0.6,13.9,19.0,217,217,35.6,21.1,20.2,17.7,11.6,0.14,0.175,0.268,0.377,1,3600.0,432.0,239.0,193.0,280.4,432.0,1128.3,453.5,250.9,202.6,280.4,453.5,1184.6
1235,1235,41.51142,-7.6512756,989.0,2003-06-24T12:00,18.8,66,12.2,17.4,0.3,0.3,0.0,0.0,51,1017.0,907.0,52,30,38,6,0.34,0.74,15.0,21.1,224,224,38.9,22.0,20.3,17.7,11.6,0.14,0.175,0.268,0.377,1,3600.0,561.0,343.0,218.0,371.7,561.0,1221.8,573.5,350.6,222.9,371.7,573.5,1249.0
1234,1234,41.51142,-7.6512756,989.0,2003-06-24T13:00,19.9,60,11.8,19.0,0.1,0.1,0.0,0.0,51,1017.1,907.5,55,32,43,0,0.46,0.93,17.6,23.9,224,224,43.9,23.3,20.4,17.7,11.6,0.14,0.175,0.267,0.377,1,3600.0,766.0,578.0,188.0,609.4,766.0,1255.7,763.8,576.3,187.5,609.4,763.8,1252.0
1233,1233,41.51142,-7.6512756,989.0,2003-06-24T14:00,20.5,56,11.3,19.3,0.0,0.0,0.0,0.0,1,1017.1,907.7,44,33,24,0,0.48,1.07,18.7,25.6,232,232,46.8,24.2,20.5,17.7,11.6,0.14,0.175,0.267,0.377,1,3600.0,780.0,571.0,209.0,615.7,780.0,1227.8,758.2,555.1,203.2,615.7,758.2,1193.5
1232,1232,41.51142,-7.6512756,989.0,2003-06-24T15:00,20.4,55,11.0,18.5,0.0,0.0,0.0,0.0,1,1017.2,907.8,49,43,17,0,0.42,1.09,18.8,25.5,241,241,46.4,24.4,20.6,17.7,11.6,0.14,0.175,0.267,0.377,1,3600.0,647.0,454.0,193.0,527.2,647.0,1140.0,611.5,429.1,182.4,527.2,611.5,1077.5
1231,1231,41.51142,-7.6512756,989.0,2003-06-24T16:00,19.9,57,11.1,17.7,0.0,0.0,0.0,0.0,1,1017.7,908.0,40,39,9,0,0.34,1.01,17.4,23.9,248,249,46.4,24.2,20.7,17.7,11.7,0.141,0.175,0.267,0.377,1,3600.0,517.0,326.0,191.0,432.3,517.0,998.3,472.2,297.7,174.4,432.3,472.2,911.7
1230,1230,41.51142,-7.6512756,989.0,2003-06-24T17:00,19.3,60,11.2,17.5,0.0,0.0,0.0,0.0,1,1018.0,908.1,32,31,6,0,0.29,0.9,15.1,20.7,252,253,44.3,23.7,20.8,17.7,11.7,0.141,0.175,0.267,0.377,1,3600.0,445.0,274.0,171.0,446.5,445.0,812.4,387.6,238.7,149.0,446.5,387.6,707.7
1229,1229,41.51142,-7.6512756,989.0,2003-06-24T18:00,18.3,63,11.2,16.8,0.0,0.0,0.0,0.0,1,1018.3,908.0,28,30,2,0,0.21,0.78,13.5,18.3,254,255,39.6,22.8,20.9,17.7,11.7,0.141,0.174,0.267,0.377,1,3600.0,327.0,215.0,112.0,478.5,327.0,594.8,263.4,173.2,90.2,478.5,263.4,479.1
1228,1228,41.51142,-7.6512756,989.0,2003-06-24T19:00,16.5,68,10.6,15.0,0.0,0.0,0.0,0.0,1,1018.8,907.8,35,36,4,0,0.1,0.6,11.8,16.6,258,257,32.8,21.3,20.8,17.7,11.7,0.141,0.174,0.267,0.377,1,2607.63,105.0,40.0,65.0,146.9,105.0,360.4,70.4,26.8,43.6,146.9,70.4,241.6
1227,1227,41.51142,-7.6512756,989.0,2003-06-24T20:00,15.5,73,10.7,14.3,0.0,0.0,0.0,0.0,1,1019.3,907.9,28,31,1,0,0.05,0.48,9.9,15.0,260,260,29.5,20.0,20.7,17.7,11.7,0.141,0.175,0.267,0.377,1,347.28,35.0,10.0,25.0,78.6,35.0,125.3,3.2,0.9,2.3,10.5,2.4,11.4
1226,1226,41.51142,-7.6512756,989.0,2003-06-24T21:00,14.8,77,10.8,13.9,0.0,0.0,0.0,0.0,2,1019.9,908.2,50,55,1,0,0.01,0.39,8.3,13.0,265,265,25.9,18.9,20.6,17.7,11.7,0.141,0.175,0.267,0.376,0,0.0,0.0,0.0,0.0,0.0,0.0,0.0,0.0,0.0,0.0,0.0,0.0,0.0
1225,1225,41.51142,-7.6512756,989.0,2003-06-24T22:00,14.1,81,10.9,13.2,0.0,0.0,0.0,0.0,2,1020.5,908.5,58,64,0,0,0.0,0.31,8.0,11.7,260,259,22.7,18.0,20.4,17.7,11.7,0.141,0.175,0.267,0.376,0,0.0,0.0,0.0,0.0,0.0,0.0,0.0,0.0,0.0,0.0,0.0,0.0,0.0
1224,1224,41.51142,-7.6512756,989.0,2003-06-24T23:00,13.5,85,11.0,12.8,0.0,0.0,0.0,0.0,1,1020.6,908.3,44,49,0,0,0.0,0.24,7.2,10.1,264,264,19.8,17.2,20.3,17.7,11.7,0.141,0.175,0.267,0.376,0,0.0,0.0,0.0,0.0,0.0,0.0,0.0,0.0,0.0,0.0,0.0,0.0,0.0
1223,1223,41.51142,-7.6512756,989.0,2003-06-25T00:00,13.0,88,11.1,12.5,0.0,0.0,0.0,0.0,1,1020.6,908.1,36,40,0,1,0.0,0.18,5.8,9.0,263,265,15.5,16.5,20.0,17.7,11.7,0.141,0.175,0.267,0.376,0,0.0,0.0,0.0,0.0,0.0,0.0,0.0,0.0,0.0,0.0,0.0,0.0,0.0
1222,1222,41.51142,-7.6512756,989.0,2003-06-25T01:00,13.0,91,11.5,12.7,0.0,0.0,0.0,0.0,1,1020.3,907.9,45,42,0,24,0.0,0.14,5.1,7.6,266,270,12.6,16.2,19.8,17.7,11.7,0.141,0.175,0.267,0.376,0,0.0,0.0,0.0,0.0,0.0,0.0,0.0,0.0,0.0,0.0,0.0,0.0,0.0
1221,1221,41.51142,-7.6512756,989.0,2003-06-25T02:00,12.8,91,11.4,12.6,0.0,0.0,0.0,0.0,1,1020.1,907.6,45,34,0,48,0.0,0.13,4.3,6.8,265,270,10.1,15.9,19.6,17.7,11.7,0.141,0.175,0.267,0.376,0,0.0,0.0,0.0,0.0,0.0,0.0,0.0,0.0,0.0,0.0,0.0,0.0,0.0
1220,1220,41.51142,-7.6512756,989.0,2003-06-25T03:00,12.9,89,11.1,12.6,0.0,0.0,0.0,0.0,1,1020.0,907.5,45,26,0,73,0.0,0.16,4.7,6.8,266,273,8.6,15.7,19.4,17.7,11.7,0.141,0.175,0.267,0.376,0,0.0,0.0,0.0,0.0,0.0,0.0,0.0,0.0,0.0,0.0,0.0,0.0,0.0
1219,1219,41.51142,-7.6512756,989.0,2003-06-25T04:00,12.4,92,11.1,12.2,0.0,0.0,0.0,0.0,1,1020.0,907.4,46,25,0,77,0.0,0.12,4.3,6.9,275,279,8.6,15.3,19.2,17.7,11.7,0.141,0.175,0.267,0.376,0,0.0,0.0,0.0,0.0,0.0,0.0,0.0,0.0,0.0,0.0,0.0,0.0,0.0
1218,1218,41.51142,-7.6512756,989.0,2003-06-25T05:00,12.3,93,11.2,12.1,0.0,0.0,0.0,0.0,2,1019.8,907.2,51,27,0,88,0.0,0.1,3.8,6.5,287,289,9.0,15.1,19.0,17.7,11.7,0.141,0.175,0.267,0.376,1,0.0,0.0,0.0,0.0,0.0,0.0,0.0,0.0,0.0,0.0,0.0,0.0,0.0
1217,1217,41.51142,-7.6512756,989.0,2003-06-25T06:00,12.7,91,11.3,12.6,0.0,0.0,0.0,0.0,2,1019.9,907.4,58,36,0,86,0.01,0.13,3.7,5.3,299,298,9.4,15.2,18.8,17.7,11.7,0.141,0.175,0.267,0.376,1,0.0,27.0,6.0,21.0,50.8,27.0,101.6,57.8,12.8,44.9,78.2,37.5,217.3
1216,1216,41.51142,-7.6512756,989.0,2003-06-25T07:00,13.9,81,10.7,13.8,0.0,0.0,0.0,0.0,2,1020.0,907.9,64,40,0,92,0.06,0.3,2.6,3.4,326,328,10.8,16.6,18.7,17.7,11.7,0.141,0.175,0.267,0.376,1,1510.57,112.0,28.0,84.0,110.4,112.0,335.9,151.6,37.9,113.7,110.4,151.6,454.7
1215,1215,41.51142,-7.6512756,989.0,2003-06-25T08:00,15.0,72,10.0,14.6,0.0,0.0,0.0,0.0,2,1020.1,908.4,60,36,0,92,0.13,0.48,2.9,3.7,30,29,11.9,17.8,18.6,17.7,11.7,0.141,0.175,0.267,0.376,1,3600.0,220.0,89.0,131.0,206.3,220.0,571.1,263.9,106.7,157.1,206.3,263.9,684.9
1214,1214,41.51142,-7.6512756,989.0,2003-06-25T09:00,16.6,63,9.4,16.1,0.0,0.0,0.0,0.0,2,1020.0,908.9,58,37,0,81,0.23,0.71,2.5,3.2,90,90,14.0,19.5,18.7,17.7,11.7,0.141,0.175,0.267,0.376,1,3600.0,396.0,198.0,198.0,331.3,396.0,791.0,446.6,223.3,223.3,331.3,446.6,892.2
1213,1213,41.51142,-7.6512756,989.0,2003-06-25T10:00,18.1,54,8.8,17.6,0.0,0.0,0.0,0.0,2,1020.0,909.4,52,33,3,69,0.35,0.95,2.7,3.5,113,114,14.8,21.4,18.8,17.7,11.7,0.141,0.175,0.267,0.376,1,3600.0,569.0,328.0,241.0,442.7,569.0,980.9,616.3,355.3,261.0,442.7,616.3,1062.4
1212,1212,41.51142,-7.6512756,989.0,2003-06-25T11:00,19.7,48,8.3,20.1,0.0,0.0,0.0,0.0,0,1019.5,909.5,15,14,0,8,0.45,1.2,1.6,2.1,153,149,16.2,23.4,19.0,17.7,11.7,0.14,0.174,0.266,0.376,1,3600.0,715.0,457.0,258.0,536.5,715.0,1127.6,750.7,479.8,270.9,536.5,750.7,1183.9
1211,1211,41.51142,-7.6512756,989.0,2003-06-25T12:00,21.4,43,8.2,23.1,0.0,0.0,0.0,0.0,0,1018.9,909.6,3,3,0,0,0.61,1.46,2.8,3.3,220,221,20.2,25.5,19.2,17.7,11.8,0.14,0.174,0.266,0.376,1,3600.0,948.0,800.0,148.0,867.2,948.0,1221.2,969.2,817.9,151.3,867.2,969.2,1248.6
1210,1210,41.51142,-7.6512756,989.0,2003-06-25T13:00,22.5,40,8.1,23.8,0.0,0.0,0.0,0.0,0,1018.6,909.7,1,1,0,0,0.62,1.64,4.7,5.8,247,248,22.3,26.8,19.5,17.7,11.8,0.14,0.174,0.266,0.376,1,3600.0,939.0,807.0,132.0,851.0,939.0,1255.4,936.4,804.7,131.6,851.0,936.4,1251.8
1209,1209,41.51142,-7.6512756,989.0,2003-06-25T14:00,23.2,38,8.2,24.5,0.0,0.0,0.0,0.0,0,1018.1,909.5,0,0,0,0,0.64,1.76,6.1,7.6,267,265,24.1,27.6,19.9,17.7,11.8,0.139,0.173,0.266,0.376,1,3600.0,968.0,861.0,107.0,928.3,968.0,1227.7,941.1,837.0,104.0,928.3,941.1,1193.6
1208,1208,41.51142,-7.6512756,989.0,2003-06-25T15:00,23.6,38,8.5,24.2,0.0,0.0,0.0,0.0,0,1017.6,909.2,0,0,0,0,0.58,1.8,6.5,7.9,270,273,24.1,27.9,20.2,17.7,11.8,0.139,0.173,0.265,0.376,1,3600.0,863.0,742.0,121.0,861.5,863.0,1140.2,815.7,701.3,114.4,861.5,815.7,1077.7
1207,1207,41.51142,-7.6512756,989.0,2003-06-25T16:00,23.6,39,8.7,23.6,0.0,0.0,0.0,0.0,0,1017.3,908.9,0,0,0,0,0.51,1.78,6.5,8.3,273,272,24.1,27.7,20.5,17.7,11.8,0.138,0.173,0.265,0.376,1,3600.0,755.0,656.0,99.0,869.6,755.0,998.6,689.6,599.2,90.4,869.6,689.6,912.1
1206,1206,41.51142,-7.6512756,989.0,2003-06-25T17:00,23.1,41,9.3,22.1,0.0,0.0,0.0,0.0,0,1016.8,908.3,0,0,0,0,0.4,1.66,7.6,9.5,278,279,25.2,27.0,20.7,17.7,11.8,0.138,0.173,0.265,0.376,1,3600.0,592.0,501.0,91.0,816.0,592.0,812.8,515.8,436.5,79.3,816.0,515.8,708.1
1205,1205,41.51142,-7.6512756,989.0,2003-06-25T18:00,22.0,47,10.2,20.7,0.0,0.0,0.0,0.0,0,1016.9,908.0,0,0,0,0,0.28,1.41,9.6,12.8,290,292,28.1,25.7,20.9,17.7,11.8,0.138,0.172,0.265,0.376,1,3600.0,403.0,322.0,81.0,716.0,403.0,595.3,324.7,259.4,65.3,716.0,324.7,479.6
1204,1204,41.51142,-7.6512756,989.0,2003-06-25T19:00,20.6,53,10.8,19.5,0.0,0.0,0.0,0.0,0,1016.9,907.5,0,0,0,0,0.16,1.13,9.4,13.7,302,305,26.6,24.0,21.0,17.7,11.8,0.138,0.172,0.265,0.376,1,3600.0,216.0,156.0,60.0,572.1,216.0,360.9,144.9,104.6,40.2,572.1,144.9,242.1
1203,1203,41.51142,-7.6512756,989.0,2003-06-25T20:00,18.8,62,11.4,18.1,0.0,0.0,0.0,0.0,0,1017.6,907.5,1,1,0,0,0.05,0.82,7.7,15.0,311,316,23.4,22.2,21.0,17.7,11.8,0.138,0.172,0.265,0.376,1,2252.58,58.0,32.0,26.0,251.0,58.0,125.7,5.5,3.0,2.5,34.6,4.1,11.9
1202,1202,41.51142,-7.6512756,989.0,2003-06-25T21:00,17.0,71,11.7,16.6,0.0,0.0,0.0,0.0,0,1018.5,907.7,4,5,0,0,0.01,0.56,6.9,14.4,317,323,21.2,20.5,20.9,17.7,11.8,0.138,0.172,0.265,0.376,0,0.0,0.0,0.0,0.0,0.0,0.0,0.0,0.0,0.0,0.0,0.0,0.0,0.0
1201,1201,41.51142,-7.6512756,989.0,2003-06-25T22:00,15.7,78,11.9,15.6,0.0,0.0,0.0,0.0,0,1019.1,907.8,17,19,0,0,0.0,0.4,4.8,9.0,318,323,19.1,19.2,20.8,17.7,11.8,0.138,0.173,0.265,0.376,0,0.0,0.0,0.0,0.0,0.0,0.0,0.0,0.0,0.0,0.0,0.0,0.0,0.0
1200,1200,41.51142,-7.6512756,989.0,2003-06-25T23:00,14.5,84,11.9,14.4,0.0,0.0,0.0,0.0,1,1019.1,907.3,22,25,0,0,0.0,0.26,5.0,8.2,330,337,13.0,18.0,20.6,17.7,11.8,0.138,0.173,0.265,0.376,0,0.0,0.0,0.0,0.0,0.0,0.0,0.0,0.0,0.0,0.0,0.0,0.0,0.0
1199,1199,41.51142,-7.6512756,989.0,2003-06-26T00:00,13.1,92,11.8,12.9,0.0,0.0,0.0,0.0,1,1018.9,906.6,37,41,0,0,0.0,0.12,5.5,8.4,328,340,12.6,16.9,20.4,17.7,11.8,0.138,0.173,0.265,0.376,0,0.0,0.0,0.0,0.0,0.0,0.0,0.0,0.0,0.0,0.0,0.0,0.0,0.0
1198,1198,41.51142,-7.6512756,989.0,2003-06-26T01:00,12.0,95,11.2,11.6,0.0,0.0,0.0,0.0,1,1018.8,906.2,37,41,0,0,0.0,0.07,5.2,8.2,326,337,12.2,15.9,20.1,17.7,11.8,0.138,0.173,0.265,0.376,0,0.0,0.0,0.0,0.0,0.0,0.0,0.0,0.0,0.0,0.0,0.0,0.0,0.0
1197,1197,41.51142,-7.6512756,989.0,2003-06-26T02:00,11.5,96,10.9,11.1,0.0,0.0,0.0,0.0,1,1018.4,905.6,43,48,0,0,0.0,0.05,4.9,8.0,324,333,12.2,15.3,19.9,17.7,11.8,0.138,0.173,0.265,0.376,0,0.0,0.0,0.0,0.0,0.0,0.0,0.0,0.0,0.0,0.0,0.0,0.0,0.0
1196,1196,41.51142,-7.6512756,989.0,2003-06-26T03:00,11.4,97,11.0,11.1,0.0,0.0,0.0,0.0,2,1018.3,905.5,70,78,0,0,0.0,0.04,4.5,7.4,331,337,11.5,15.1,19.6,17.7,11.8,0.138,0.173,0.265,0.376,0,0.0,0.0,0.0,0.0,0.0,0.0,0.0,0.0,0.0,0.0,0.0,0.0,0.0
1195,1195,41.51142,-7.6512756,989.0,2003-06-26T04:00,11.4,97,11.0,11.1,0.0,0.0,0.0,0.0,2,1017.8,905.0,67,74,0,0,0.0,0.04,4.5,6.9,346,351,11.2,14.8,19.4,17.7,11.8,0.138,0.173,0.265,0.376,0,0.0,0.0,0.0,0.0,0.0,0.0,0.0,0.0,0.0,0.0,0.0,0.0,0.0
1194,1194,41.51142,-7.6512756,989.0,2003-06-26T05:00,11.9,94,11.0,11.8,0.0,0.0,0.0,0.0,2,1018.3,905.7,66,73,0,0,0.0,0.08,3.2,6.9,360,6,11.9,14.4,19.1,17.7,11.8,0.138,0.173,0.265,0.376,1,0.0,0.0,0.0,0.0,0.0,0.0,0.0,0.0,0.0,0.0,0.0,0.0,0.0
1193,1193,41.51142,-7.6512756,989.0,2003-06-26T06:00,12.1,94,11.1,12.0,0.0,0.0,0.0,0.0,2,1018.5,905.9,77,86,0,0,0.01,0.09,3.3,5.1,354,4,11.9,14.5,18.9,17.7,11.8,0.138,0.173,0.265,0.376,1,1567.02,41.0,19.0,22.0,161.4,41.0,100.3,88.3,40.9,47.4,250.7,56.8,216.0
1192,1192,41.51142,-7.6512756,989.0,2003-06-26T07:00,12.9,89,11.2,12.9,0.0,0.0,0.0,0.0,2,1018.6,906.3,65,72,0,0,0.07,0.16,2.7,3.8,337,343,13.3,16.4,18.8,17.7,11.8,0.138,0.173,0.265,0.376,1,3600.0,142.0,59.0,83.0,233.4,142.0,334.6,192.4,80.0,112.5,233.4,192.4,453.4
1191,1191,41.51142,-7.6512756,989.0,2003-06-26T08:00,14.5,80,11.0,14.3,0.0,0.0,0.0,0.0,0,1018.8,907.1,14,16,0,0,0.15,0.34,3.7,4.5,299,299,14.0,18.0,18.7,17.6,11.8,0.138,0.173,0.265,0.375,1,3600.0,276.0,129.0,147.0,299.7,276.0,569.8,331.2,154.8,176.4,299.7,331.2,683.7
1190,1190,41.51142,-7.6512756,989.0,2003-06-26T09:00,16.4,69,10.8,16.0,0.0,0.0,0.0,0.0,0,1018.5,907.5,4,5,0,0,0.27,0.57,4.5,5.2,284,286,16.6,19.6,18.7,17.6,11.9,0.138,0.173,0.265,0.375,1,3600.0,470.0,339.0,131.0,568.1,470.0,789.9,530.2,382.4,147.8,568.1,530.2,891.1
1189,1189,41.51142,-7.6512756,989.0,2003-06-26T10:00,18.5,59,10.3,19.3,0.0,0.0,0.0,0.0,0,1018.3,908.1,4,0,0,13,0.44,0.88,4.0,4.7,260,261,19.4,21.7,18.9,17.6,11.9,0.138,0.173,0.265,0.375,1,3600.0,736.0,624.0,112.0,842.9,736.0,979.9,797.3,676.0,121.3,842.9,797.3,1061.5
1188,1188,41.51142,-7.6512756,989.0,2003-06-26T11:00,20.4,51,10.0,21.5,0.0,0.0,0.0,0.0,0,1018.3,908.7,8,1,0,24,0.54,1.17,6.3,7.8,257,257,24.1,23.8,19.1,17.6,11.9,0.138,0.172,0.264,0.375,1,3600.0,867.0,750.0,117.0,881.0,867.0,1126.8,910.4,787.6,122.9,881.0,910.4,1183.3
1187,1187,41.51142,-7.6512756,989.0,2003-06-26T12:00,21.7,47,9.7,22.4,0.0,0.0,0.0,0.0,0,1018.1,909.0,10,2,0,28,0.58,1.39,9.1,11.3,263,263,29.5,25.4,19.3,17.6,11.9,0.137,0.172,0.264,0.375,1,3600.0,904.0,719.0,185.0,779.7,904.0,1220.7,924.3,735.2,189.2,779.7,924.3,1248.1
1186,1186,41.51142,-7.6512756,989.0,2003-06-26T13:00,22.3,44,9.4,22.9,0.0,0.0,0.0,0.0,0,1017.7,908.8,12,5,0,24,0.62,1.51,10.8,13.7,268,268,32.4,26.4,19.6,17.6,11.9,0.137,0.172,0.264,0.375,1,3600.0,965.0,817.0,148.0,861.7,965.0,1255.0,962.4,814.8,147.6,861.7,962.4,1251.6
1185,1185,41.51142,-7.6512756,989.0,2003-06-26T14:00,22.5,43,9.2,22.3,0.0,0.0,0.0,0.0,0,1017.4,908.7,20,2,0,60,0.58,1.57,12.3,16.0,277,278,33.8,26.8,19.9,17.6,11.9,0.137,0.171,0.264,0.375,1,3600.0,874.0,637.0,237.0,686.8,874.0,1227.6,849.8,619.3,230.4,686.8,849.8,1193.6
1184,1184,41.51142,-7.6512756,989.0,2003-06-26T15:00,22.5,43,9.2,21.9,0.0,0.0,0.0,0.0,0,1017.5,908.7,15,4,0,39,0.55,1.57,13.3,17.3,289,291,35.3,27.0,20.2,17.6,11.9,0.137,0.171,0.263,0.375,1,3600.0,820.0,607.0,213.0,704.6,820.0,1140.2,775.1,573.8,201.3,704.6,775.1,1077.9
1183,1183,41.51142,-7.6512756,989.0,2003-06-26T16:00,22.3,43,9.0,21.1,0.0,0.0,0.0,0.0,0,1017.2,908.4,11,0,0,38,0.49,1.54,13.3,17.4,303,304,36.0,26.7,20.4,17.6,11.9,0.137,0.171,0.263,0.375,1,3600.0,725.0,561.0,164.0,743.4,725.0,998.9,662.3,512.5,149.8,743.4,662.3,912.4
1182,1182,41.51142,-7.6512756,989.0,2003-06-26T17:00,21.7,44,8.9,19.5,0.0,0.0,0.0,0.0,0,1017.4,908.4,9,0,3,23,0.39,1.46,14.0,18.6,312,313,35.3,26.0,20.6,17.6,11.9,0.136,0.171,0.263,0.375,1,3600.0,571.0,442.0,129.0,719.5,571.0,813.1,497.5,385.1,112.4,719.5,497.5,708.5
1181,1181,41.51142,-7.6512756,989.0,2003-06-26T18:00,20.7,46,8.8,18.2,0.0,0.0,0.0,0.0,0,1017.4,908.0,1,0,0,3,0.29,1.32,15.0,20.7,316,319,36.4,24.8,20.8,17.6,11.9,0.136,0.171,0.263,0.375,1,3600.0,399.0,308.0,91.0,684.4,399.0,595.7,321.5,248.2,73.3,684.4,321.5,480.0
1180,1180,41.51142,-7.6512756,989.0,2003-06-26T19:00,19.0,52,8.9,16.6,0.0,0.0,0.0,0.0,0,1017.8,907.8,0,0,0,0,0.17,1.05,14.6,21.3,320,323,37.4,23.1,20.8,17.6,11.9,0.136,0.171,0.263,0.375,1,3600.0,215.0,153.0,62.0,560.4,215.0,361.3,144.3,102.7,41.6,560.4,144.3,242.5
1179,1179,41.51142,-7.6512756,989.0,2003-06-26T20:00,17.2,58,8.8,15.3,0.0,0.0,0.0,0.0,0,1018.3,907.6,0,0,0,0,0.07,0.84,11.1,19.0,324,327,35.6,21.3,20.8,17.6,11.9,0.136,0.171,0.263,0.375,1,2257.94,58.0,32.0,26.0,250.7,58.0,126.1,5.6,3.1,2.5,35.4,4.2,12.1
1178,1178,41.51142,-7.6512756,989.0,2003-06-26T21:00,15.7,63,8.8,14.2,0.0,0.0,0.0,0.0,0,1019.3,908.0,0,0,0,0,0.03,0.66,8.6,16.6,327,330,27.0,19.6,20.7,17.6,11.9,0.136,0.171,0.263,0.375,0,0.0,0.0,0.0,0.0,0.0,0.0,0.0,0.0,0.0,0.0,0.0,0.0,0.0
1177,1177,41.51142,-7.6512756,989.0,2003-06-26T22:00,14.6,69,8.9,13.2,0.0,0.0,0.0,0.0,0,1020.0,908.2,1,1,0,0,0.02,0.52,7.7,13.6,319,323,23.8,18.3,20.5,17.6,11.9,0.136,0.171,0.263,0.375,0,0.0,0.0,0.0,0.0,0.0,0.0,0.0,0.0,0.0,0.0,0.0,0.0,0.0
1176,1176,41.51142,-7.6512756,989.0,2003-06-26T23:00,13.4,75,9.1,12.2,0.0,0.0,0.0,0.0,0,1019.9,907.6,0,0,0,0,0.0,0.38,6.5,11.5,326,328,22.3,17.1,20.3,17.6,11.9,0.136,0.171,0.263,0.375,0,0.0,0.0,0.0,0.0,0.0,0.0,0.0,0.0,0.0,0.0,0.0,0.0,0.0
1175,1175,41.51142,-7.6512756,989.0,2003-06-27T00:00,12.0,84,9.4,11.1,0.0,0.0,0.0,0.0,0,1019.7,907.0,0,0,0,0,0.0,0.23,5.6,10.3,333,335,20.5,16.0,20.1,17.6,11.9,0.136,0.171,0.263,0.375,0,0.0,0.0,0.0,0.0,0.0,0.0,0.0,0.0,0.0,0.0,0.0,0.0,0.0
1174,1174,41.51142,-7.6512756,989.0,2003-06-27T01:00,10.8,88,8.9,9.7,0.0,0.0,0.0,0.0,0,1019.5,906.3,0,0,0,0,0.0,0.16,5.8,10.2,338,337,17.3,15.0,19.8,17.6,11.9,0.136,0.171,0.263,0.375,0,0.0,0.0,0.0,0.0,0.0,0.0,0.0,0.0,0.0,0.0,0.0,0.0,0.0
1173,1173,41.51142,-7.6512756,989.0,2003-06-27T02:00,10.3,90,8.7,9.1,0.0,0.0,0.0,0.0,0,1019.1,905.8,2,0,0,6,0.0,0.13,6.2,10.7,339,340,16.9,14.2,19.5,17.6,11.9,0.136,0.171,0.263,0.375,0,0.0,0.0,0.0,0.0,0.0,0.0,0.0,0.0,0.0,0.0,0.0,0.0,0.0
1172,1172,41.51142,-7.6512756,989.0,2003-06-27T03:00,10.2,90,8.6,9.0,0.0,0.0,0.0,0.0,0,1018.9,905.6,9,0,0,30,0.0,0.13,5.9,10.6,346,342,16.9,13.4,19.2,17.6,11.9,0.136,0.171,0.263,0.375,0,0.0,0.0,0.0,0.0,0.0,0.0,0.0,0.0,0.0,0.0,0.0,0.0,0.0
1171,1171,41.51142,-7.6512756,989.0,2003-06-27T04:00,10.0,91,8.6,8.8,0.0,0.0,0.0,0.0,0,1018.9,905.5,10,0,0,34,0.0,0.11,5.8,10.9,353,351,16.9,12.8,18.9,17.6,11.9,0.136,0.171,0.263,0.375,0,0.0,0.0,0.0,0.0,0.0,0.0,0.0,0.0,0.0,0.0,0.0,0.0,0.0
1170,1170,41.51142,-7.6512756,989.0,2003-06-27T05:00,9.8,92,8.5,8.7,0.0,0.0,0.0,0.0,0,1018.7,905.2,17,1,0,55,0.0,0.1,5.1,11.2,352,356,17.3,12.2,18.6,17.6,11.9,0.136,0.171,0.263,0.375,1,0.0,0.0,0.0,0.0,0.0,0.0,0.0,0.0,0.0,0.0,0.0,0.0,0.0
1169,1169,41.51142,-7.6512756,989.0,2003-06-27T06:00,9.5,95,8.7,8.2,0.0,0.0,0.0,0.0,0,1019.1,905.5,18,0,0,61,0.01,0.06,6.6,11.5,351,356,18.4,12.5,18.3,17.6,11.9,0.136,0.171,0.263,0.375,1,1832.72,44.0,23.0,21.0,196.3,44.0,99.0,95.4,49.9,45.5,307.6,60.9,214.6
1168,1168,41.51142,-7.6512756,989.0,2003-06-27T07:00,11.7,86,9.5,10.7,0.0,0.0,0.0,0.0,0,1018.9,906.1,19,0,0,64,0.08,0.19,6.2,10.1,350,356,20.5,14.9,18.2,17.6,12.0,0.136,0.171,0.263,0.375,1,3600.0,182.0,109.0,73.0,432.9,182.0,333.3,246.9,147.9,99.0,432.9,246.9,452.1
1167,1167,41.51142,-7.6512756,989.0,2003-06-27T08:00,14.9,65,8.4,13.4,0.0,0.0,0.0,0.0,0,1019.0,907.4,19,0,0,63,0.19,0.6,7.6,10.1,355,356,23.0,17.2,18.1,17.6,12.0,0.136,0.171,0.263,0.375,1,3600.0,357.0,240.0,117.0,558.7,357.0,568.5,428.5,288.1,140.4,558.7,428.5,682.5
1166,1166,41.51142,-7.6512756,989.0,2003-06-27T09:00,17.4,51,7.1,15.4,0.0,0.0,0.0,0.0,0,1018.6,907.9,19,0,0,62,0.32,0.98,8.6,11.2,2,4,25.6,19.4,18.2,17.6,12.0,0.136,0.171,0.263,0.375,1,3600.0,537.0,392.0,145.0,657.8,537.0,788.7,605.9,442.3,163.6,657.8,605.9,890.0
1165,1165,41.51142,-7.6512756,989.0,2003-06-27T10:00,19.3,43,6.5,18.0,0.0,0.0,0.0,0.0,1,1018.4,908.4,25,1,0,79,0.43,1.28,8.8,11.4,9,11,26.6,21.7,18.3,17.6,12.0,0.136,0.171,0.263,0.375,1,3600.0,697.0,533.0,164.0,720.7,697.0,978.9,755.2,577.5,177.7,720.7,755.2,1060.6
1164,1164,41.51142,-7.6512756,989.0,2003-06-27T11:00,21.0,38,6.2,20.4,0.0,0.0,0.0,0.0,1,1017.6,908.3,22,0,0,74,0.53,1.54,8.2,10.6,15,18,27.7,23.8,18.5,17.6,12.0,0.136,0.17,0.262,0.375,1,3600.0,819.0,620.0,199.0,728.8,819.0,1126.0,860.1,651.1,209.0,728.8,860.1,1182.6
1163,1163,41.51142,-7.6512756,989.0,2003-06-27T12:00,22.3,34,5.9,22.4,0.0,0.0,0.0,0.0,0,1017.3,908.5,18,0,0,59,0.6,1.77,7.6,9.5,8,9,28.4,25.6,18.8,17.6,12.0,0.136,0.17,0.262,0.375,1,3600.0,914.0,733.0,181.0,795.2,914.0,1220.1,934.6,749.6,185.1,795.2,934.6,1247.6
1162,1162,41.51142,-7.6512756,989.0,2003-06-27T13:00,23.5,32,5.9,23.8,0.0,0.0,0.0,0.0,0,1016.7,908.4,6,0,6,7,0.64,1.97,7.6,9.4,360,2,28.4,27.0,19.2,17.6,12.0,0.135,0.17,0.262,0.374,1,3600.0,952.0,784.0,168.0,827.0,952.0,1254.7,949.5,781.9,167.6,827.0,949.5,1251.4
1161,1161,41.51142,-7.6512756,989.0,2003-06-27T14:00,24.3,31,6.2,24.5,0.0,0.0,0.0,0.0,0,1016.1,908.1,7,0,11,0,0.64,2.09,7.7,9.8,349,352,29.9,28.0,19.5,17.6,12.0,0.135,0.169,0.262,0.374,1,3600.0,937.0,804.0,133.0,866.9,937.0,1227.5,911.1,781.8,129.3,866.9,911.1,1193.5
1160,1160,41.51142,-7.6512756,989.0,2003-06-27T15:00,24.7,32,6.7,24.3,0.0,0.0,0.0,0.0,0,1015.6,907.8,12,6,11,0,0.61,2.13,9.6,11.7,340,342,31.7,28.4,19.9,17.6,12.0,0.135,0.169,0.261,0.374,1,3600.0,868.0,753.0,115.0,874.0,868.0,1140.3,820.6,711.9,108.7,874.0,820.6,1078.0
1159,1159,41.51142,-7.6512756,989.0,2003-06-27T16:00,24.7,33,7.3,23.3,0.0,0.0,0.0,0.0,0,1015.0,907.2,10,2,13,0,0.51,2.08,11.0,14.0,341,342,33.5,28.1,20.2,17.6,12.0,0.135,0.169,0.261,0.374,1,3600.0,712.0,570.0,142.0,755.1,712.0,999.0,650.4,520.7,129.7,755.1,650.4,912.7
1158,1158,41.51142,-7.6512756,989.0,2003-06-27T17:00,24.2,35,8.0,21.9,0.0,0.0,0.0,0.0,2,1015.0,907.1,52,51,11,0,0.4,1.96,12.8,16.8,344,345,36.0,27.3,20.5,17.6,12.0,0.134,0.169,0.261,0.374,1,3600.0,514.0,379.0,135.0,616.7,514.0,813.4,447.9,330.3,117.6,616.7,447.9,708.8
1157,1157,41.51142,-7.6512756,989.0,2003-06-27T18:00,23.5,39,8.6,20.9,0.0,0.0,0.0,0.0,0,1015.0,906.8,3,0,5,0,0.32,1.78,15.3,21.1,351,352,37.8,26.2,20.7,17.6,12.0,0.134,0.168,0.261,0.374,1,3600.0,395.0,312.0,83.0,692.8,395.0,596.0,318.3,251.4,66.9,692.8,318.3,480.3
1156,1156,41.51142,-7.6512756,989.0,2003-06-27T19:00,22.3,43,9.2,19.9,0.0,0.0,0.0,0.0,0,1015.2,906.6,1,0,2,0,0.2,1.52,14.8,22.0,354,356,38.2,24.7,20.8,17.6,12.0,0.134,0.168,0.261,0.374,1,3600.0,207.0,143.0,64.0,523.3,207.0,361.6,139.0,96.0,43.0,523.3,139.0,242.8
1155,1155,41.51142,-7.6512756,989.0,2003-06-27T20:00,20.5,50,9.7,19.1,0.0,0.0,0.0,0.0,0,1015.6,906.4,0,0,0,0,0.08,1.22,9.1,16.3,351,355,35.6,22.8,20.9,17.6,12.0,0.134,0.168,0.261,0.374,1,2261.3,57.0,31.0,26.0,242.7,57.0,126.3,5.6,3.0,2.5,34.7,4.2,12.3
1154,1154,41.51142,-7.6512756,989.0,2003-06-27T21:00,19.0,57,10.2,18.2,0.0,0.0,0.0,0.0,0,1016.0,906.2,2,2,0,0,0.03,0.95,6.2,13.4,350,355,23.4,21.2,20.8,17.6,12.0,0.134,0.168,0.261,0.374,0,0.0,0.0,0.0,0.0,0.0,0.0,0.0,0.0,0.0,0.0,0.0,0.0,0.0
1153,1153,41.51142,-7.6512756,989.0,2003-06-27T22:00,17.3,68,11.3,17.1,0.0,0.0,0.0,0.0,0,1016.7,906.2,1,1,0,1,0.0,0.64,4.3,10.8,355,360,18.0,19.8,20.7,17.6,12.0,0.134,0.168,0.261,0.374,0,0.0,0.0,0.0,0.0,0.0,0.0,0.0,0.0,0.0,0.0,0.0,0.0,0.0
1152,1152,41.51142,-7.6512756,989.0,2003-06-27T23:00,16.2,72,11.2,15.9,0.0,0.0,0.0,0.0,0,1016.3,905.4,0,0,0,0,0.0,0.51,4.7,9.1,356,9,15.1,18.5,20.6,17.6,12.0,0.134,0.168,0.261,0.374,0,0.0,0.0,0.0,0.0,0.0,0.0,0.0,0.0,0.0,0.0,0.0,0.0,0.0
1151,1151,41.51142,-7.6512756,989.0,2003-06-28T00:00,15.2,76,11.0,14.9,0.0,0.0,0.0,0.0,0,1016.1,904.9,1,1,0,0,0.0,0.42,4.4,8.5,9,28,13.3,17.5,20.4,17.6,12.0,0.134,0.169,0.261,0.374,0,0.0,0.0,0.0,0.0,0.0,0.0,0.0,0.0,0.0,0.0,0.0,0.0,0.0
1150,1150,41.51142,-7.6512756,989.0,2003-06-28T01:00,13.9,82,10.9,13.8,0.0,0.0,0.0,0.0,0,1015.7,904.1,0,0,0,0,0.0,0.29,2.7,7.9,23,66,13.0,16.7,20.2,17.6,12.0,0.134,0.169,0.261,0.374,0,0.0,0.0,0.0,0.0,0.0,0.0,0.0,0.0,0.0,0.0,0.0,0.0,0.0
1149,1149,41.51142,-7.6512756,989.0,2003-06-28T02:00,13.4,84,10.8,13.1,0.0,0.0,0.0,0.0,0,1015.2,903.5,0,0,0,0,0.0,0.24,3.4,6.4,58,106,13.7,16.0,20.0,17.6,12.0,0.134,0.169,0.261,0.374,0,0.0,0.0,0.0,0.0,0.0,0.0,0.0,0.0,0.0,0.0,0.0,0.0,0.0
1148,1148,41.51142,-7.6512756,989.0,2003-06-28T03:00,13.0,85,10.6,12.8,0.0,0.0,0.0,0.0,0,1014.7,902.9,0,0,0,0,0.0,0.22,2.7,5.4,67,132,12.2,15.5,19.7,17.6,12.0,0.134,0.169,0.261,0.374,0,0.0,0.0,0.0,0.0,0.0,0.0,0.0,0.0,0.0,0.0,0.0,0.0,0.0
1147,1147,41.51142,-7.6512756,989.0,2003-06-28T04:00,12.8,86,10.4,12.7,0.0,0.0,0.0,0.0,0,1014.3,902.4,0,0,0,0,0.0,0.21,1.9,5.0,68,150,11.5,15.0,19.5,17.6,12.0,0.134,0.169,0.261,0.374,0,0.0,0.0,0.0,0.0,0.0,0.0,0.0,0.0,0.0,0.0,0.0,0.0,0.0
1146,1146,41.51142,-7.6512756,989.0,2003-06-28T05:00,12.5,86,10.2,12.3,0.0,0.0,0.0,0.0,0,1014.1,902.2,0,0,0,0,0.0,0.21,2.4,6.2,117,144,11.5,14.6,19.2,17.6,12.1,0.134,0.169,0.261,0.374,1,0.0,0.0,0.0,0.0,0.0,0.0,0.0,0.0,0.0,0.0,0.0,0.0,0.0
1145,1145,41.51142,-7.6512756,989.0,2003-06-28T06:00,13.0,85,10.6,12.6,0.0,0.0,0.0,0.0,0,1013.9,902.2,0,0,0,0,0.01,0.22,4.2,7.4,121,141,12.6,14.8,19.0,17.6,12.1,0.134,0.169,0.261,0.374,1,1810.31,42.0,22.0,20.0,188.6,42.0,97.5,91.8,48.1,43.7,298.5,58.0,213.2
1144,1144,41.51142,-7.6512756,989.0,2003-06-28T07:00,15.8,73,10.9,15.5,0.0,0.0,0.0,0.0,0,1014.0,903.3,0,0,0,0,0.09,0.49,3.9,6.8,146,155,12.6,16.9,18.9,17.6,12.1,0.134,0.169,0.261,0.374,1,3600.0,188.0,129.0,59.0,514.5,188.0,331.9,255.3,175.2,80.1,514.5,255.3,450.7
1143,1143,41.51142,-7.6512756,989.0,2003-06-28T08:00,17.3,63,10.3,16.7,0.0,0.0,0.0,0.0,0,1013.8,903.6,0,0,0,0,0.21,0.73,5.2,6.3,168,167,16.9,19.0,18.9,17.6,12.1,0.134,0.169,0.261,0.374,1,3600.0,374.0,292.0,82.0,681.3,374.0,567.2,449.2,350.7,98.5,681.3,449.2,681.2
1142,1142,41.51142,-7.6512756,989.0,2003-06-28T09:00,18.7,59,10.6,18.1,0.0,0.0,0.0,0.0,0,1013.4,903.8,0,0,0,0,0.33,0.88,6.1,7.9,180,180,20.9,21.2,19.0,17.6,12.1,0.134,0.169,0.261,0.374,1,3600.0,560.0,463.0,97.0,778.1,560.0,787.5,632.1,522.6,109.5,778.1,632.1,888.9
1141,1141,41.51142,-7.6512756,989.0,2003-06-28T10:00,20.2,55,10.9,20.4,0.0,0.0,0.0,0.0,0,1013.3,904.2,2,2,0,0,0.44,1.07,8.3,10.5,178,176,25.2,23.4,19.1,17.6,12.1,0.134,0.168,0.26,0.374,1,3600.0,725.0,616.0,109.0,833.7,725.0,977.8,785.6,667.5,118.1,833.7,785.6,1059.6
1140,1140,41.51142,-7.6512756,989.0,2003-06-28T11:00,21.6,51,11.0,22.4,0.0,0.0,0.0,0.0,0,1012.6,904.1,11,12,0,0,0.54,1.27,9.5,12.5,191,192,28.4,25.2,19.4,17.6,12.1,0.134,0.168,0.26,0.374,1,3600.0,856.0,737.0,119.0,866.9,856.0,1125.2,899.1,774.1,125.0,866.9,899.1,1181.8
1139,1139,41.51142,-7.6512756,989.0,2003-06-28T12:00,23.0,46,10.8,23.8,0.0,0.0,0.0,0.0,0,1012.1,904.1,14,15,0,0,0.61,1.52,11.6,15.3,206,207,32.4,26.8,19.7,17.6,12.1,0.134,0.168,0.26,0.374,1,3600.0,936.0,806.0,130.0,874.7,936.0,1219.4,957.2,824.3,132.9,874.7,957.2,1247.1
1138,1138,41.51142,-7.6512756,989.0,2003-06-28T13:00,23.7,43,10.5,24.1,0.0,0.0,0.0,0.0,1,1011.8,904.0,25,27,1,0,0.63,1.66,13.3,17.5,218,217,36.0,27.7,20.0,17.6,12.1,0.133,0.168,0.26,0.374,1,3600.0,947.0,783.0,164.0,826.2,947.0,1254.3,944.6,781.0,163.6,826.2,944.6,1251.1
1137,1137,41.51142,-7.6512756,989.0,2003-06-28T14:00,23.8,43,10.3,23.9,0.0,0.0,0.0,0.0,1,1011.2,903.6,23,24,1,2,0.62,1.7,14.0,18.4,228,228,38.5,28.2,20.3,17.6,12.1,0.133,0.167,0.259,0.374,1,3600.0,922.0,772.0,150.0,832.5,922.0,1227.2,896.6,750.7,145.9,832.5,896.6,1193.4
1136,1136,41.51142,-7.6512756,989.0,2003-06-28T15:00,23.1,45,10.4,22.5,0.0,0.0,0.0,0.0,1,1010.9,903.1,23,24,3,0,0.54,1.57,14.7,19.4,239,239,40.3,27.8,20.6,17.6,12.1,0.133,0.167,0.259,0.374,1,3600.0,801.0,623.0,178.0,723.1,801.0,1140.2,757.3,589.0,168.3,723.1,757.3,1078.0
1135,1135,41.51142,-7.6512756,989.0,2003-06-28T16:00,22.1,47,10.3,21.0,0.0,0.0,0.0,0.0,0,1010.9,902.7,4,3,2,0,0.48,1.41,15.5,20.1,245,246,41.8,27.3,20.8,17.6,12.1,0.133,0.167,0.259,0.374,1,3600.0,737.0,617.0,120.0,817.3,737.0,999.1,673.3,563.7,109.6,817.3,673.3,912.8
1134,1134,41.51142,-7.6512756,989.0,2003-06-28T17:00,20.8,48,9.3,18.6,0.0,0.0,0.0,0.0,0,1010.7,902.1,7,2,1,16,0.38,1.29,15.6,20.9,251,251,41.8,26.2,21.0,17.6,12.1,0.133,0.167,0.259,0.374,1,3600.0,585.0,490.0,95.0,797.1,585.0,813.6,509.8,427.0,82.8,797.1,509.8,709.0
1133,1133,41.51142,-7.6512756,989.0,2003-06-28T18:00,19.4,47,7.8,16.7,0.0,0.0,0.0,0.0,0,1010.8,901.7,8,2,0,19,0.28,1.19,14.9,20.5,255,255,40.3,24.7,21.1,17.6,12.1,0.133,0.167,0.259,0.373,1,3600.0,408.0,326.0,82.0,723.6,408.0,596.2,328.8,262.8,66.1,723.6,328.8,480.5
1132,1132,41.51142,-7.6512756,989.0,2003-06-28T19:00,17.6,60,9.8,15.6,0.0,0.0,0.0,0.0,0,1010.6,900.9,4,0,0,14,0.15,0.8,13.2,18.7,259,259,37.1,23.0,21.2,17.6,12.1,0.133,0.167,0.259,0.373,1,3600.0,217.0,155.0,62.0,566.9,217.0,361.8,145.7,104.1,41.6,566.9,145.7,242.9
1131,1131,41.51142,-7.6512756,989.0,2003-06-28T20:00,15.9,64,9.2,14.5,0.0,0.0,0.0,0.0,0,1010.7,900.4,0,0,0,0,0.05,0.65,8.5,15.4,258,259,33.1,21.0,21.1,17.6,12.1,0.133,0.167,0.259,0.373,1,2262.58,59.0,34.0,25.0,266.0,59.0,126.4,5.8,3.3,2.4,38.1,4.3,12.3
1130,1130,41.51142,-7.6512756,989.0,2003-06-28T21:00,14.5,70,9.0,13.2,0.0,0.0,0.0,0.0,0,1011.4,900.5,0,0,0,0,0.01,0.5,7.1,13.6,255,259,23.4,19.3,21.0,17.6,12.1,0.133,0.167,0.259,0.373,0,0.0,0.0,0.0,0.0,0.0,0.0,0.0,0.0,0.0,0.0,0.0,0.0,0.0
1129,1129,41.51142,-7.6512756,989.0,2003-06-28T22:00,13.1,77,9.1,12.0,0.0,0.0,0.0,0.0,0,1011.5,900.1,3,3,0,0,0.0,0.35,6.6,12.8,248,248,21.2,17.9,20.8,17.6,12.1,0.133,0.167,0.259,0.373,0,0.0,0.0,0.0,0.0,0.0,0.0,0.0,0.0,0.0,0.0,0.0,0.0,0.0
1128,1128,41.51142,-7.6512756,989.0,2003-06-28T23:00,12.0,83,9.2,10.6,0.0,0.0,0.0,0.0,1,1011.3,899.5,27,30,0,0,0.0,0.24,7.8,12.6,236,239,19.1,16.8,20.6,17.6,12.1,0.133,0.167,0.259,0.373,0,0.0,0.0,0.0,0.0,0.0,0.0,0.0,0.0,0.0,0.0,0.0,0.0,0.0
1127,1127,41.51142,-7.6512756,989.0,2003-06-29T00:00,11.1,87,9.1,9.8,0.0,0.0,0.0,0.0,1,1011.2,899.1,26,29,0,0,0.0,0.17,7.9,12.3,231,232,19.1,15.9,20.3,17.6,12.1,0.133,0.167,0.259,0.373,0,0.0,0.0,0.0,0.0,0.0,0.0,0.0,0.0,0.0,0.0,0.0,0.0,0.0
1126,1126,41.51142,-7.6512756,989.0,2003-06-29T01:00,10.8,92,9.6,9.5,0.0,0.0,0.0,0.0,1,1010.7,898.5,35,36,0,9,0.0,0.1,8.1,12.7,225,227,21.2,15.1,20.0,17.6,12.1,0.133,0.167,0.259,0.373,0,0.0,0.0,0.0,0.0,0.0,0.0,0.0,0.0,0.0,0.0,0.0,0.0,0.0
1125,1125,41.51142,-7.6512756,989.0,2003-06-29T02:00,10.3,94,9.3,9.0,0.0,0.0,0.0,0.0,2,1010.2,897.9,50,37,0,56,0.0,0.08,7.7,13.0,221,224,23.4,14.6,19.8,17.6,12.1,0.133,0.167,0.259,0.373,0,0.0,0.0,0.0,0.0,0.0,0.0,0.0,0.0,0.0,0.0,0.0,0.0,0.0
1124,1124,41.51142,-7.6512756,989.0,2003-06-29T03:00,9.9,93,8.9,8.4,0.0,0.0,0.0,0.0,2,1009.9,897.5,58,36,0,87,0.0,0.08,8.5,12.8,216,220,24.1,14.1,19.5,17.6,12.2,0.133,0.167,0.259,0.373,0,0.0,0.0,0.0,0.0,0.0,0.0,0.0,0.0,0.0,0.0,0.0,0.0,0.0
1123,1123,41.51142,-7.6512756,989.0,2003-06-29T04:00,9.6,93,8.5,8.1,0.0,0.0,0.0,0.0,2,1009.7,897.2,68,37,9,99,0.0,0.09,8.0,12.6,207,211,24.8,13.7,19.2,17.6,12.2,0.133,0.167,0.259,0.373,0,0.0,0.0,0.0,0.0,0.0,0.0,0.0,0.0,0.0,0.0,0.0,0.0,0.0
1122,1122,41.51142,-7.6512756,989.0,2003-06-29T05:00,9.5,91,8.2,7.9,0.0,0.0,0.0,0.0,3,1009.1,896.6,86,36,41,98,0.0,0.1,8.1,12.4,193,197,25.9,13.5,18.9,17.6,12.2,0.133,0.167,0.259,0.373,1,0.0,0.0,0.0,0.0,0.0,0.0,0.0,0.0,0.0,0.0,0.0,0.0,0.0
1121,1121,41.51142,-7.6512756,989.0,2003-06-29T06:00,10.5,81,7.4,8.6,0.0,0.0,0.0,0.0,3,1009.0,896.9,100,45,63,99,0.03,0.24,8.3,12.3,180,183,27.0,13.8,18.7,17.6,12.2,0.133,0.167,0.259,0.373,1,0.0,18.0,2.0,16.0,17.2,18.0,96.0,39.7,4.4,35.3,27.6,24.8,211.7
1120,1120,41.51142,-7.6512756,989.0,2003-06-29T07:00,11.7,71,6.5,9.4,0.0,0.0,0.0,0.0,3,1008.3,896.7,100,78,76,100,0.07,0.4,9.7,13.7,176,178,30.2,14.8,18.5,17.6,12.2,0.133,0.167,0.259,0.373,1,0.0,87.0,12.0,75.0,48.1,87.0,330.4,118.3,16.3,102.0,48.1,118.3,449.3
1119,1119,41.51142,-7.6512756,989.0,2003-06-29T08:00,13.0,66,6.7,10.6,0.5,0.5,0.0,0.0,53,1008.1,897.0,100,88,91,100,0.11,0.51,10.5,14.8,172,174,33.1,15.8,18.3,17.6,12.2,0.133,0.167,0.259,0.373,1,2760.77,151.0,65.0,86.0,152.0,151.0,565.8,181.4,78.1,103.3,152.0,181.4,679.9
1118,1118,41.51142,-7.6512756,989.0,2003-06-29T09:00,13.8,70,8.4,11.9,0.8,0.8,0.0,0.0,53,1007.9,897.1,100,100,98,100,0.11,0.47,10.4,14.7,166,169,42.5,16.7,18.3,17.6,12.2,0.141,0.167,0.259,0.373,1,169.17,139.0,39.0,100.0,65.6,139.0,786.3,156.9,44.0,112.9,65.6,156.9,887.7
1117,1117,41.51142,-7.6512756,989.0,2003-06-29T10:00,13.5,82,10.6,12.7,1.4,1.4,0.0,0.0,61,1008.2,897.3,100,100,99,100,0.06,0.27,7.0,11.3,168,173,42.8,16.4,18.2,17.6,12.2,0.168,0.167,0.259,0.373,1,0.0,67.0,0.0,67.0,0.0,67.0,976.8,72.6,0.0,72.6,0.0,72.6,1058.7
1116,1116,41.51142,-7.6512756,989.0,2003-06-29T11:00,13.6,87,11.4,13.2,2.5,2.5,0.0,0.0,63,1007.8,897.0,100,100,100,100,0.05,0.21,6.2,9.8,173,172,50.4,16.2,18.1,17.5,12.2,0.189,0.167,0.259,0.373,1,0.0,40.0,0.0,40.0,0.0,40.0,1124.3,42.0,0.0,42.0,0.0,42.0,1181.1
1115,1115,41.51142,-7.6512756,989.0,2003-06-29T12:00,14.0,89,12.3,13.9,3.9,3.9,0.0,0.0,63,1007.6,896.9,100,100,100,99,0.06,0.17,5.8,9.3,210,208,46.1,16.3,18.0,17.5,12.2,0.221,0.167,0.259,0.373,1,0.0,67.0,0.0,67.0,0.0,67.0,1218.8,68.5,0.0,68.5,0.0,68.5,1246.6
1114,1114,41.51142,-7.6512756,989.0,2003-06-29T13:00,14.0,93,12.8,13.8,4.9,4.9,0.0,0.0,63,1008.1,897.4,100,100,100,100,0.05,0.12,7.6,11.2,265,264,36.4,16.1,17.9,17.5,12.2,0.281,0.167,0.259,0.373,1,0.0,54.0,0.0,54.0,0.0,54.0,1253.8,53.9,0.0,53.9,0.0,53.9,1250.7
1113,1113,41.51142,-7.6512756,989.0,2003-06-29T14:00,14.1,95,13.3,14.3,4.0,4.0,0.0,0.0,63,1008.2,897.5,100,100,100,100,0.06,0.08,6.1,9.0,298,299,28.1,16.3,17.8,17.5,12.2,0.356,0.168,0.259,0.373,1,0.0,77.0,0.0,77.0,0.0,77.0,1227.0,74.9,0.0,74.9,0.0,74.9,1193.2
1112,1112,41.51142,-7.6512756,989.0,2003-06-29T15:00,13.7,95,13.0,14.0,2.4,2.4,0.0,0.0,61,1008.4,897.5,100,98,100,100,0.04,0.08,5.0,7.2,291,297,25.9,16.2,17.7,17.5,12.2,0.405,0.17,0.259,0.373,1,0.0,49.0,0.0,49.0,0.0,49.0,1140.1,46.3,0.0,46.3,0.0,46.3,1078.0
1111,1111,41.51142,-7.6512756,989.0,2003-06-29T16:00,13.5,88,11.5,13.4,1.4,1.4,0.0,0.0,61,1008.3,897.4,100,85,100,100,0.05,0.19,4.0,6.2,270,277,23.8,15.9,17.6,17.5,12.2,0.412,0.18,0.259,0.373,1,0.0,50.0,0.0,50.0,0.0,50.0,999.2,45.7,0.0,45.7,0.0,45.7,912.9
1110,1110,41.51142,-7.6512756,989.0,2003-06-29T17:00,13.1,83,10.3,12.5,0.9,0.9,0.0,0.0,53,1008.2,897.1,100,41,100,100,0.05,0.25,4.6,7.7,225,233,24.5,15.5,17.5,17.5,12.2,0.402,0.191,0.259,0.373,1,0.0,40.0,0.0,40.0,0.0,40.0,813.7,34.9,0.0,34.9,0.0,34.9,709.1
1109,1109,41.51142,-7.6512756,989.0,2003-06-29T18:00,12.6,86,10.2,11.6,0.5,0.5,0.0,0.0,53,1008.2,896.9,88,0,96,100,0.04,0.21,7.6,13.2,205,215,26.6,15.1,17.3,17.5,12.2,0.393,0.198,0.259,0.373,1,0.0,14.0,0.0,14.0,0.0,14.0,596.3,11.3,0.0,11.3,0.0,11.3,480.6
1108,1108,41.51142,-7.6512756,989.0,2003-06-29T19:00,12.2,89,10.4,11.0,0.3,0.3,0.0,0.0,51,1007.9,896.5,50,3,45,69,0.04,0.16,9.5,16.8,205,211,41.8,15.2,17.2,17.5,12.2,0.387,0.203,0.259,0.373,1,0.0,40.0,1.0,39.0,3.7,40.0,361.9,26.9,0.7,26.2,3.7,26.9,242.9
1107,1107,41.51142,-7.6512756,989.0,2003-06-29T20:00,11.7,88,9.8,10.1,0.0,0.0,0.0,0.0,1,1008.3,896.7,42,26,27,8,0.03,0.17,10.9,19.8,214,217,35.6,14.7,17.0,17.4,12.2,0.376,0.207,0.259,0.373,1,491.22,28.0,11.0,17.0,86.1,28.0,126.3,2.7,1.1,1.6,12.2,2.0,12.2
1106,1106,41.51142,-7.6512756,989.0,2003-06-29T21:00,11.0,90,9.4,9.2,0.0,0.0,0.0,0.0,2,1009.1,897.2,79,71,22,5,0.0,0.13,11.1,20.7,216,220,35.3,14.1,16.9,17.4,12.2,0.368,0.209,0.259,0.373,0,0.0,0.0,0.0,0.0,0.0,0.0,0.0,0.0,0.0,0.0,0.0,0.0,0.0
1105,1105,41.51142,-7.6512756,989.0,2003-06-29T22:00,10.5,92,9.2,8.7,0.0,0.0,0.0,0.0,2,1009.8,897.6,75,72,17,0,0.0,0.1,10.9,21.3,214,219,34.6,13.7,16.7,17.4,12.2,0.362,0.211,0.259,0.373,0,0.0,0.0,0.0,0.0,0.0,0.0,0.0,0.0,0.0,0.0,0.0,0.0,0.0
1104,1104,41.51142,-7.6512756,989.0,2003-06-29T23:00,10.2,93,9.1,8.2,0.0,0.0,0.0,0.0,3,1009.6,897.3,100,91,31,0,0.0,0.09,12.5,22.4,213,217,34.9,13.4,16.5,17.4,12.2,0.357,0.213,0.259,0.373,0,0.0,0.0,0.0,0.0,0.0,0.0,0.0,0.0,0.0,0.0,0.0,0.0,0.0
1103,1103,41.51142,-7.6512756,989.0,2003-06-30T00:00,10.2,93,9.0,8.0,0.2,0.2,0.0,0.0,51,1009.6,897.3,89,84,23,0,0.0,0.09,13.2,22.2,206,209,36.4,13.3,16.3,17.4,12.2,0.355,0.215,0.259,0.373,0,0.0,0.0,0.0,0.0,0.0,0.0,0.0,0.0,0.0,0.0,0.0,0.0,0.0
1102,1102,41.51142,-7.6512756,989.0,2003-06-30T01:00,9.6,94,8.6,7.2,0.2,0.2,0.0,0.0,51,1009.1,896.6,96,92,22,0,0.0,0.07,13.8,23.1,200,203,42.5,13.1,16.1,17.4,12.2,0.352,0.216,0.259,0.373,0,0.0,0.0,0.0,0.0,0.0,0.0,0.0,0.0,0.0,0.0,0.0,0.0,0.0
1101,1101,41.51142,-7.6512756,989.0,2003-06-30T02:00,9.4,94,8.5,6.9,0.2,0.2,0.0,0.0,51,1009.2,896.7,98,89,30,0,0.0,0.07,14.6,24.8,200,204,42.8,12.9,16.0,17.3,12.2,0.352,0.217,0.259,0.373,0,0.0,0.0,0.0,0.0,0.0,0.0,0.0,0.0,0.0,0.0,0.0,0.0,0.0
1100,1100,41.51142,-7.6512756,989.0,2003-06-30T03:00,9.1,95,8.4,6.4,0.3,0.3,0.0,0.0,51,1008.6,896.0,69,47,44,0,0.0,0.06,15.8,26.9,204,206,47.5,12.7,15.8,17.3,12.3,0.352,0.219,0.259,0.373,0,0.0,0.0,0.0,0.0,0.0,0.0,0.0,0.0,0.0,0.0,0.0,0.0,0.0
1099,1099,41.51142,-7.6512756,989.0,2003-06-30T04:00,9.0,96,8.5,6.4,0.2,0.2,0.0,0.0,51,1008.8,896.2,88,80,26,0,0.0,0.04,15.1,26.1,205,208,48.6,12.5,15.6,17.3,12.3,0.351,0.22,0.259,0.373,0,0.0,0.0,0.0,0.0,0.0,0.0,0.0,0.0,0.0,0.0,0.0,0.0,0.0
1098,1098,41.51142,-7.6512756,989.0,2003-06-30T05:00,9.1,96,8.5,6.3,0.5,0.5,0.0,0.0,53,1008.4,895.8,53,33,39,0,0.0,0.05,16.3,27.2,208,209,52.9,12.4,15.5,17.3,12.3,0.351,0.221,0.259,0.373,1,0.0,0.0,0.0,0.0,0.0,0.0,0.0,0.0,0.0,0.0,0.0,0.0,0.0
1097,1097,41.51142,-7.6512756,989.0,2003-06-30T06:00,9.4,95,8.7,6.7,0.8,0.8,0.0,0.0,53,1008.9,896.4,80,63,39,0,0.01,0.05,15.9,27.3,208,211,54.0,12.4,15.3,17.3,12.3,0.351,0.223,0.259,0.373,1,0.0,16.0,2.0,14.0,17.3,16.0,94.4,35.6,4.5,31.2,28.0,22.0,210.1
1096,1096,41.51142,-7.6512756,989.0,2003-06-30T07:00,10.2,94,9.2,7.6,0.2,0.2,0.0,0.0,51,1009.2,897.0,96,79,41,0,0.04,0.08,16.1,27.0,204,207,54.4,12.8,15.2,17.2,12.3,0.35,0.224,0.259,0.373,1,1459.45,78.0,27.0,51.0,108.6,78.0,328.8,106.2,36.8,69.4,108.6,106.2,447.8
1095,1095,41.51142,-7.6512756,989.0,2003-06-30T08:00,10.8,93,9.6,8.3,0.4,0.4,0.0,0.0,51,1009.3,897.3,76,62,33,0,0.07,0.1,16.8,27.7,203,206,60.5,13.3,15.1,17.2,12.3,0.347,0.225,0.259,0.373,1,2701.73,174.0,64.0,110.0,150.1,174.0,564.4,209.2,76.9,132.2,150.1,209.2,678.5
1094,1094,41.51142,-7.6512756,989.0,2003-06-30T09:00,12.1,81,8.9,9.0,0.3,0.3,0.0,0.0,51,1009.2,897.7,62,39,45,0,0.15,0.28,19.7,29.6,204,206,64.8,14.0,15.1,17.2,12.3,0.346,0.226,0.259,0.373,1,3600.0,333.0,199.0,134.0,335.5,333.0,785.0,376.1,224.7,151.3,335.5,376.1,886.5
1093,1093,41.51142,-7.6512756,989.0,2003-06-30T10:00,13.0,76,8.8,9.7,0.8,0.8,0.0,0.0,53,1009.2,898.0,78,46,61,0,0.19,0.36,20.3,29.6,205,206,70.9,14.7,15.1,17.2,12.3,0.344,0.227,0.259,0.373,1,3600.0,371.0,202.0,169.0,274.0,371.0,975.7,402.2,219.0,183.2,274.0,402.2,1057.7
1092,1092,41.51142,-7.6512756,989.0,2003-06-30T11:00,14.0,73,9.1,10.5,0.5,0.5,0.0,0.0,53,1009.7,898.8,56,32,46,0,0.26,0.44,22.4,32.9,217,217,72.7,16.0,15.2,17.2,12.3,0.342,0.228,0.259,0.373,1,3600.0,545.0,338.0,207.0,398.1,545.0,1123.4,572.6,355.1,217.5,398.1,572.6,1180.3
1091,1091,41.51142,-7.6512756,989.0,2003-06-30T12:00,13.9,68,8.0,10.4,0.4,0.4,0.0,0.0,51,1009.9,898.9,82,64,40,0,0.24,0.52,20.5,29.9,219,221,73.4,16.4,15.3,17.1,12.3,0.34,0.228,0.259,0.373,1,3600.0,439.0,197.0,242.0,214.0,439.0,1218.1,449.0,201.5,247.5,214.0,449.0,1246.0
1090,1090,41.51142,-7.6512756,989.0,2003-06-30T13:00,14.1,70,8.8,10.7,0.3,0.3,0.0,0.0,51,1010.1,899.2,75,53,45,0,0.27,0.48,21.5,31.5,218,219,76.0,16.7,15.4,17.1,12.3,0.338,0.229,0.259,0.373,1,3600.0,545.0,314.0,231.0,331.5,545.0,1253.3,543.7,313.2,230.4,331.5,543.7,1250.3
1089,1089,41.51142,-7.6512756,989.0,2003-06-30T14:00,14.1,71,8.9,10.5,0.5,0.5,0.0,0.0,53,1010.3,899.4,86,64,48,0,0.26,0.46,23.0,33.9,220,222,69.5,17.0,15.5,17.1,12.3,0.336,0.23,0.259,0.373,1,3600.0,517.0,328.0,189.0,353.8,517.0,1226.7,502.8,319.0,183.8,353.8,502.8,1193.0
1088,1088,41.51142,-7.6512756,989.0,2003-06-30T15:00,13.7,72,8.7,9.9,0.4,0.4,0.0,0.0,51,1010.3,899.2,84,64,44,0,0.25,0.44,23.9,36.9,224,224,74.2,17.0,15.6,17.1,12.3,0.334,0.23,0.259,0.372,1,3600.0,529.0,319.0,210.0,370.3,529.0,1140.0,500.2,301.6,198.6,370.3,500.2,1077.9
1087,1087,41.51142,-7.6512756,989.0,2003-06-30T16:00,13.5,74,8.9,9.9,0.5,0.5,0.0,0.0,53,1010.7,899.5,82,59,49,0,0.2,0.4,22.7,34.4,224,225,69.8,16.7,15.7,17.1,12.3,0.333,0.231,0.259,0.372,1,3600.0,394.0,177.0,217.0,234.4,394.0,999.1,360.0,161.7,198.3,234.4,360.0,912.9
1086,1086,41.51142,-7.6512756,989.0,2003-06-30T17:00,13.0,75,8.6,9.8,0.4,0.4,0.0,0.0,51,1011.2,899.8,79,62,38,0,0.15,0.38,20.1,34.1,223,224,67.7,16.3,15.8,17.1,12.3,0.331,0.231,0.259,0.372,1,2542.11,269.0,89.0,180.0,144.7,269.0,813.7,234.4,77.6,156.9,144.7,234.4,709.1
1085,1085,41.51142,-7.6512756,989.0,2003-06-30T18:00,12.6,78,8.8,9.2,0.2,0.2,0.0,0.0,51,1011.4,899.8,58,32,49,0,0.12,0.33,21.4,34.4,226,227,63.7,15.7,15.8,17.0,12.3,0.329,0.232,0.259,0.372,1,3600.0,220.0,114.0,106.0,253.0,220.0,596.3,177.3,91.9,85.4,253.0,177.3,480.6
1084,1084,41.51142,-7.6512756,989.0,2003-06-30T19:00,11.9,82,8.9,8.8,0.2,0.2,0.0,0.0,51,1011.9,900.0,100,79,52,0,0.07,0.26,19.9,33.4,226,228,62.6,15.2,15.8,17.0,12.3,0.329,0.233,0.259,0.372,1,3356.91,104.0,47.0,57.0,171.9,104.0,361.8,69.8,31.5,38.3,171.9,69.8,242.8
1083,1083,41.51142,-7.6512756,989.0,2003-06-30T20:00,11.0,83,8.3,7.7,0.6,0.6,0.0,0.0,53,1012.4,900.1,87,66,46,0,0.04,0.22,19.4,33.0,230,231,56.9,14.3,15.7,17.0,12.3,0.33,0.233,0.259,0.372,1,491.05,32.0,11.0,21.0,86.1,32.0,126.1,3.0,1.0,2.0,12.0,2.3,12.0
1082,1082,41.51142,-7.6512756,989.0,2003-06-30T21:00,10.5,87,8.4,7.6,0.3,0.3,0.0,0.0,51,1013.3,900.7,97,90,26,0,0.01,0.16,16.8,28.7,228,231,56.5,13.6,15.6,17.0,12.3,0.329,0.234,0.259,0.372,0,0.0,0.0,0.0,0.0,0.0,0.0,0.0,0.0,0.0,0.0,0.0,0.0,0.0
1081,1081,41.51142,-7.6512756,989.0,2003-06-30T22:00,10.4,90,8.8,7.7,0.2,0.2,0.0,0.0,51,1013.2,900.6,100,89,35,0,0.0,0.13,16.6,27.1,228,230,50.4,13.3,15.5,17.0,12.3,0.328,0.234,0.259,0.372,0,0.0,0.0,0.0,0.0,0.0,0.0,0.0,0.0,0.0,0.0,0.0,0.0,0.0
1080,1080,41.51142,-7.6512756,989.0,2003-06-30T23:00,10.1,91,8.7,7.4,0.3,0.3,0.0,0.0,51,1014.2,901.4,90,77,34,0,0.0,0.11,16.4,28.2,230,232,47.5,12.9,15.4,17.0,12.3,0.329,0.235,0.259,0.372,0,0.0,0.0,0.0,0.0,0.0,0.0,0.0,0.0,0.0,0.0,0.0,0.0,0.0
1079,1079,41.51142,-7.6512756,989.0,2003-07-01T00:00,10.0,93,8.9,7.6,0.2,0.2,0.0,0.0,51,1014.1,901.2,99,98,18,0,0.0,0.08,14.8,24.6,227,231,43.6,12.7,15.2,16.9,12.3,0.328,0.236,0.259,0.372,0,0.0,0.0,0.0,0.0,0.0,0.0,0.0,0.0,0.0,0.0,0.0,0.0,0.0
1078,1078,41.51142,-7.6512756,989.0,2003-07-01T01:00,10.0,94,9.1,7.7,0.3,0.3,0.0,0.0,51,1013.9,901.1,98,97,18,0,0.0,0.08,14.3,23.6,229,231,46.4,12.7,15.1,16.9,12.3,0.329,0.236,0.259,0.372,0,0.0,0.0,0.0,0.0,0.0,0.0,0.0,0.0,0.0,0.0,0.0,0.0,0.0
1077,1077,41.51142,-7.6512756,989.0,2003-07-01T02:00,9.8,96,9.2,7.6,0.2,0.2,0.0,0.0,51,1013.6,900.7,70,52,38,0,0.0,0.05,13.8,22.6,231,233,41.4,12.5,15.0,16.9,12.3,0.33,0.237,0.259,0.372,0,0.0,0.0,0.0,0.0,0.0,0.0,0.0,0.0,0.0,0.0,0.0,0.0,0.0
1076,1076,41.51142,-7.6512756,989.0,2003-07-01T03:00,9.9,96,9.3,8.0,0.2,0.2,0.0,0.0,51,1013.7,900.9,100,85,46,0,0.0,0.05,12.3,21.9,230,234,42.5,12.5,14.9,16.9,12.3,0.332,0.237,0.259,0.372,0,0.0,0.0,0.0,0.0,0.0,0.0,0.0,0.0,0.0,0.0,0.0,0.0,0.0
1075,1075,41.51142,-7.6512756,989.0,2003-07-01T04:00,9.7,97,9.3,7.7,0.2,0.2,0.0,0.0,51,1014.1,901.1,83,61,47,0,0.0,0.04,13.0,23.0,236,241,41.8,12.4,14.8,16.9,12.4,0.335,0.238,0.259,0.372,0,0.0,0.0,0.0,0.0,0.0,0.0,0.0,0.0,0.0,0.0,0.0,0.0,0.0
1074,1074,41.51142,-7.6512756,989.0,2003-07-01T05:00,9.6,96,9.0,7.5,0.1,0.1,0.0,0.0,51,1014.2,901.2,61,45,34,0,0.0,0.04,12.4,21.3,240,244,35.3,12.2,14.6,16.8,12.4,0.335,0.239,0.259,0.372,0,0.0,0.0,0.0,0.0,0.0,0.0,0.0,0.0,0.0,0.0,0.0,0.0,0.0
1073,1073,41.51142,-7.6512756,989.0,2003-07-01T06:00,9.8,96,9.2,7.8,0.3,0.3,0.0,0.0,51,1014.6,901.6,64,49,34,0,0.02,0.05,12.3,19.8,238,241,33.8,12.2,14.5,16.8,12.4,0.335,0.239,0.26,0.372,1,0.0,9.0,2.0,7.0,17.4,9.0,93.2,20.1,4.5,15.7,28.4,12.3,208.5
1072,1072,41.51142,-7.6512756,989.0,2003-07-01T07:00,10.3,94,9.4,8.4,0.1,0.1,0.0,0.0,51,1014.9,902.1,67,56,28,0,0.04,0.07,12.4,18.5,234,237,33.5,12.6,14.5,16.8,12.4,0.335,0.24,0.26,0.372,1,2930.66,93.0,39.0,54.0,157.7,93.0,327.3,126.8,53.2,73.6,157.7,126.8,446.3
1071,1071,41.51142,-7.6512756,989.0,2003-07-01T08:00,11.4,90,9.8,9.3,0.3,0.3,0.0,0.0,51,1015.3,902.8,68,50,39,0,0.1,0.14,14.3,21.1,236,237,36.0,13.4,14.4,16.8,12.4,0.335,0.241,0.26,0.372,1,3600.0,216.0,117.0,99.0,275.0,216.0,562.9,259.8,140.7,119.1,275.0,259.8,677.1
1070,1070,41.51142,-7.6512756,989.0,2003-07-01T09:00,12.2,86,9.9,9.8,0.3,0.3,0.0,0.0,51,1015.6,903.4,76,55,44,0,0.15,0.2,16.7,23.0,237,238,39.6,14.0,14.4,16.7,12.4,0.334,0.241,0.26,0.372,1,3600.0,326.0,173.0,153.0,292.1,326.0,783.7,368.3,195.4,172.8,292.1,368.3,885.3
1069,1069,41.51142,-7.6512756,989.0,2003-07-01T10:00,13.3,78,9.5,11.0,0.3,0.3,0.0,0.0,51,1015.3,903.5,53,28,46,0,0.26,0.34,15.4,21.4,237,237,42.1,15.1,14.5,16.7,12.4,0.334,0.242,0.26,0.372,1,3600.0,560.0,365.0,195.0,495.6,560.0,974.5,607.2,395.7,211.4,495.6,607.2,1056.6
1068,1068,41.51142,-7.6512756,989.0,2003-07-01T11:00,14.2,70,8.9,11.6,0.4,0.4,0.0,0.0,51,1015.6,904.1,96,63,66,0,0.28,0.48,16.5,23.0,234,235,46.1,15.9,14.6,16.7,12.4,0.331,0.242,0.26,0.372,1,3600.0,548.0,326.0,222.0,384.3,548.0,1122.5,575.8,342.5,233.3,384.3,575.8,1179.4
1067,1067,41.51142,-7.6512756,989.0,2003-07-01T12:00,14.8,65,8.3,11.8,0.3,0.3,0.0,0.0,51,1015.9,904.6,91,53,72,0,0.3,0.58,17.7,25.0,237,237,47.2,16.6,14.8,16.7,12.4,0.329,0.243,0.26,0.372,1,3600.0,554.0,292.0,262.0,317.4,554.0,1217.4,566.7,298.7,268.0,317.4,566.7,1245.4
1066,1066,41.51142,-7.6512756,989.0,2003-07-01T13:00,14.9,63,8.0,11.6,0.2,0.2,0.0,0.0,51,1015.7,904.4,80,52,56,0,0.29,0.62,19.2,26.8,236,237,49.3,16.8,14.9,16.7,12.4,0.327,0.243,0.259,0.372,1,3600.0,531.0,260.0,271.0,274.6,531.0,1252.8,529.8,259.4,270.4,274.6,529.8,1249.9
1065,1065,41.51142,-7.6512756,989.0,2003-07-01T14:00,15.0,62,7.8,11.5,0.3,0.3,0.0,0.0,51,1016.0,904.8,95,61,61,11,0.29,0.64,19.8,27.6,237,237,49.7,16.9,15.1,16.6,12.4,0.324,0.243,0.259,0.372,1,3600.0,526.0,294.0,232.0,317.2,526.0,1226.3,511.6,285.9,225.6,317.2,511.6,1192.7
1064,1064,41.51142,-7.6512756,989.0,2003-07-01T15:00,15.3,61,7.7,12.4,0.2,0.2,0.0,0.0,51,1016.0,904.9,100,73,83,22,0.34,0.69,18.6,26.5,238,239,50.4,17.4,15.3,16.6,12.4,0.322,0.243,0.259,0.372,1,3600.0,627.0,444.0,183.0,515.5,627.0,1139.8,592.9,419.8,173.0,515.5,592.9,1077.7
1063,1063,41.51142,-7.6512756,989.0,2003-07-01T16:00,15.3,61,7.8,12.2,0.0,0.0,0.0,0.0,3,1016.2,905.0,100,89,77,38,0.25,0.68,17.6,24.8,239,240,49.7,17.4,15.4,16.6,12.4,0.319,0.243,0.259,0.372,1,3600.0,404.0,190.0,214.0,251.7,404.0,999.0,369.1,173.6,195.5,251.7,369.1,912.8
1062,1062,41.51142,-7.6512756,989.0,2003-07-01T17:00,14.7,62,7.6,11.7,0.0,0.0,0.0,0.0,3,1016.3,904.9,100,67,60,15,0.18,0.63,16.8,24.3,242,243,47.2,17.0,15.5,16.6,12.4,0.317,0.244,0.259,0.372,1,1956.93,262.0,77.0,185.0,125.2,262.0,813.6,228.3,67.1,161.2,125.2,228.3,709.0
1061,1061,41.51142,-7.6512756,989.0,2003-07-01T18:00,14.2,64,7.6,11.2,0.0,0.0,0.0,0.0,2,1016.3,904.7,62,50,28,0,0.15,0.58,15.9,23.4,245,245,44.6,16.6,15.6,16.6,12.4,0.316,0.244,0.259,0.372,1,3600.0,209.0,97.0,112.0,215.3,209.0,596.2,168.4,78.2,90.3,215.3,168.4,480.5
1060,1060,41.51142,-7.6512756,989.0,2003-07-01T19:00,13.0,69,7.4,10.2,0.0,0.0,0.0,0.0,2,1016.1,904.1,55,44,26,0,0.09,0.46,14.5,21.8,247,248,39.6,15.7,15.6,16.6,12.4,0.314,0.244,0.259,0.372,1,2700.83,102.0,41.0,61.0,150.0,102.0,361.6,68.4,27.5,40.9,150.0,68.4,242.6
1059,1059,41.51142,-7.6512756,989.0,2003-07-01T20:00,12.0,75,7.7,10.0,0.0,0.0,0.0,0.0,1,1016.3,903.9,43,33,22,0,0.04,0.35,10.2,18.1,247,249,36.0,14.8,15.6,16.6,12.4,0.313,0.244,0.259,0.372,1,1373.44,38.0,17.0,21.0,133.1,38.0,125.8,3.5,1.6,1.9,17.9,2.6,11.6
1058,1058,41.51142,-7.6512756,989.0,2003-07-01T21:00,11.3,81,8.1,9.7,0.0,0.0,0.0,0.0,2,1016.9,904.2,65,65,11,0,0.0,0.26,7.9,15.0,246,249,29.2,14.0,15.5,16.5,12.4,0.312,0.245,0.259,0.372,0,0.0,0.0,0.0,0.0,0.0,0.0,0.0,0.0,0.0,0.0,0.0,0.0,0.0
1057,1057,41.51142,-7.6512756,989.0,2003-07-01T22:00,10.8,85,8.4,9.3,0.0,0.0,0.0,0.0,2,1017.5,904.6,57,53,15,0,0.0,0.19,7.4,13.5,241,245,24.5,13.4,15.4,16.5,12.4,0.311,0.245,0.259,0.372,0,0.0,0.0,0.0,0.0,0.0,0.0,0.0,0.0,0.0,0.0,0.0,0.0,0.0
1056,1056,41.51142,-7.6512756,989.0,2003-07-01T23:00,10.2,90,8.6,8.9,0.0,0.0,0.0,0.0,2,1017.4,904.3,74,62,25,11,0.0,0.13,6.7,13.7,234,240,24.1,12.9,15.3,16.5,12.4,0.311,0.245,0.259,0.372,0,0.0,0.0,0.0,0.0,0.0,0.0,0.0,0.0,0.0,0.0,0.0,0.0,0.0
1055,1055,41.51142,-7.6512756,989.0,2003-07-02T00:00,10.2,90,8.6,8.9,0.0,0.0,0.0,0.0,2,1017.2,904.1,74,72,11,8,0.0,0.13,6.9,13.3,231,237,22.0,12.8,15.1,16.5,12.4,0.31,0.246,0.259,0.372,0,0.0,0.0,0.0,0.0,0.0,0.0,0.0,0.0,0.0,0.0,0.0,0.0,0.0
1054,1054,41.51142,-7.6512756,989.0,2003-07-02T01:00,9.8,93,8.7,8.3,0.0,0.0,0.0,0.0,2,1017.3,904.0,77,76,13,1,0.0,0.09,8.2,14.1,232,238,22.3,12.5,15.0,16.5,12.4,0.309,0.246,0.259,0.372,0,0.0,0.0,0.0,0.0,0.0,0.0,0.0,0.0,0.0,0.0,0.0,0.0,0.0
1053,1053,41.51142,-7.6512756,989.0,2003-07-02T02:00,9.7,93,8.6,8.3,0.0,0.0,0.0,0.0,3,1016.8,903.5,100,84,39,14,0.0,0.08,7.2,13.4,233,239,22.0,12.3,14.9,16.5,12.4,0.308,0.246,0.259,0.372,0,0.0,0.0,0.0,0.0,0.0,0.0,0.0,0.0,0.0,0.0,0.0,0.0,0.0
1052,1052,41.51142,-7.6512756,989.0,2003-07-02T03:00,9.5,93,8.5,8.1,0.0,0.0,0.0,0.0,3,1016.7,903.4,100,87,37,93,0.0,0.08,7.1,13.8,229,237,23.4,12.2,14.7,16.4,12.4,0.308,0.246,0.26,0.372,0,0.0,0.0,0.0,0.0,0.0,0.0,0.0,0.0,0.0,0.0,0.0,0.0,0.0
1051,1051,41.51142,-7.6512756,989.0,2003-07-02T04:00,9.4,93,8.4,7.8,0.0,0.0,0.0,0.0,3,1016.5,903.2,100,90,50,72,0.0,0.08,8.2,14.2,229,234,23.8,12.1,14.6,16.4,12.4,0.307,0.247,0.26,0.372,0,0.0,0.0,0.0,0.0,0.0,0.0,0.0,0.0,0.0,0.0,0.0,0.0,0.0
1050,1050,41.51142,-7.6512756,989.0,2003-07-02T05:00,9.6,92,8.4,7.8,0.0,0.0,0.0,0.0,3,1016.1,902.9,100,97,57,14,0.0,0.09,9.7,14.8,228,231,24.5,12.1,14.5,16.4,12.4,0.306,0.247,0.26,0.372,0,0.0,0.0,0.0,0.0,0.0,0.0,0.0,0.0,0.0,0.0,0.0,0.0,0.0
1049,1049,41.51142,-7.6512756,989.0,2003-07-02T06:00,9.8,91,8.4,8.0,0.0,0.0,0.0,0.0,3,1016.3,903.1,100,100,69,2,0.02,0.11,9.4,14.5,227,228,26.6,12.1,14.4,16.4,12.4,0.306,0.247,0.26,0.372,1,0.0,7.0,2.0,5.0,17.5,7.0,92.4,15.7,4.5,11.2,28.6,9.6,206.8
1048,1048,41.51142,-7.6512756,989.0,2003-07-02T07:00,10.6,85,8.2,8.8,0.0,0.0,0.0,0.0,3,1016.5,903.6,100,100,58,1,0.04,0.19,9.4,14.3,230,231,25.9,12.6,14.3,16.4,12.4,0.305,0.247,0.26,0.372,1,0.0,28.0,7.0,21.0,28.4,28.0,325.6,38.2,9.6,28.7,28.4,38.2,444.7
1047,1047,41.51142,-7.6512756,989.0,2003-07-02T08:00,11.2,83,8.5,9.2,0.3,0.3,0.0,0.0,51,1016.5,903.8,100,97,49,9,0.05,0.22,11.3,16.9,239,243,27.7,12.9,14.3,16.3,12.4,0.305,0.248,0.26,0.372,1,0.0,30.0,0.0,30.0,0.0,30.0,561.4,36.1,0.0,36.1,0.0,36.1,675.7
1046,1046,41.51142,-7.6512756,989.0,2003-07-02T09:00,11.9,81,8.7,10.0,0.4,0.4,0.0,0.0,51,1016.7,904.3,100,67,70,28,0.1,0.27,11.3,15.4,253,254,30.2,13.5,14.3,16.3,12.4,0.306,0.248,0.26,0.372,1,889.17,166.0,53.0,113.0,89.6,166.0,782.3,187.6,59.9,127.7,89.6,187.6,884.0
1045,1045,41.51142,-7.6512756,989.0,2003-07-02T10:00,13.0,79,9.4,11.3,0.0,0.0,0.0,0.0,3,1016.9,904.8,100,95,45,67,0.16,0.32,11.3,15.6,263,263,31.7,14.4,14.3,16.3,12.5,0.306,0.248,0.26,0.372,1,3600.0,281.0,140.0,141.0,190.3,281.0,973.4,304.7,151.8,152.9,190.3,304.7,1055.6
1044,1044,41.51142,-7.6512756,989.0,2003-07-02T11:00,13.6,78,9.9,11.8,0.0,0.0,0.0,0.0,3,1016.8,905.0,100,60,36,96,0.25,0.34,12.6,17.3,267,268,36.4,15.2,14.4,16.3,12.5,0.306,0.248,0.26,0.372,1,3600.0,485.0,300.0,185.0,353.9,485.0,1121.5,509.7,315.3,194.4,353.9,509.7,1178.6
1043,1043,41.51142,-7.6512756,989.0,2003-07-02T12:00,14.7,75,10.4,12.8,0.0,0.0,0.0,0.0,3,1016.8,905.4,100,88,41,81,0.28,0.41,14.0,18.7,269,269,38.2,16.4,14.5,16.3,12.5,0.307,0.248,0.26,0.372,1,3600.0,531.0,270.0,261.0,293.6,531.0,1216.6,543.3,276.2,267.0,293.6,543.3,1244.7
1042,1042,41.51142,-7.6512756,989.0,2003-07-02T13:00,15.6,72,10.5,14.4,0.1,0.1,0.0,0.0,51,1017.0,905.9,100,100,77,48,0.36,0.5,14.1,19.5,267,268,41.4,17.3,14.7,16.3,12.5,0.306,0.248,0.26,0.371,1,3600.0,682.0,423.0,259.0,447.0,682.0,1252.2,680.5,422.0,258.4,447.0,680.5,1249.4
1041,1041,41.51142,-7.6512756,989.0,2003-07-02T14:00,15.5,70,10.0,13.5,0.1,0.1,0.0,0.0,51,1017.1,905.9,100,87,67,7,0.25,0.53,14.4,19.8,270,270,41.0,17.5,14.9,16.2,12.5,0.305,0.248,0.26,0.371,1,3283.5,422.0,157.0,265.0,169.4,422.0,1225.9,410.5,152.7,257.7,169.4,410.5,1192.4
1040,1040,41.51142,-7.6512756,989.0,2003-07-02T15:00,15.6,69,9.8,13.5,0.1,0.1,0.0,0.0,51,1016.9,905.8,100,92,46,0,0.28,0.56,14.4,19.8,271,272,41.4,17.7,15.1,16.2,12.5,0.304,0.248,0.26,0.371,1,3600.0,510.0,275.0,235.0,319.3,510.0,1139.5,482.3,260.0,222.2,319.3,482.3,1077.5
1039,1039,41.51142,-7.6512756,989.0,2003-07-02T16:00,15.5,68,9.6,13.5,0.1,0.1,0.0,0.0,51,1017.0,905.8,90,77,35,0,0.25,0.57,13.7,19.1,273,273,40.7,17.8,15.3,16.2,12.5,0.302,0.248,0.259,0.371,1,3600.0,445.0,254.0,191.0,336.5,445.0,998.8,406.6,232.1,174.5,336.5,406.6,912.6
1038,1038,41.51142,-7.6512756,989.0,2003-07-02T17:00,15.3,68,9.3,13.2,0.0,0.0,0.0,0.0,2,1017.1,905.8,68,60,24,0,0.2,0.56,13.4,18.5,276,278,38.9,17.7,15.4,16.2,12.5,0.301,0.248,0.259,0.371,1,3600.0,339.0,181.0,158.0,294.4,339.0,813.4,295.4,157.7,137.7,294.4,295.4,708.8
1037,1037,41.51142,-7.6512756,989.0,2003-07-02T18:00,14.5,70,9.1,12.4,0.0,0.0,0.0,0.0,2,1017.0,905.5,61,56,17,0,0.14,0.5,12.8,18.0,281,282,37.8,17.0,15.6,16.2,12.5,0.3,0.248,0.259,0.371,1,3600.0,212.0,101.0,111.0,224.2,212.0,596.0,170.8,81.4,89.4,224.2,170.8,480.2
1036,1036,41.51142,-7.6512756,989.0,2003-07-02T19:00,13.7,67,7.6,11.5,0.0,0.0,0.0,0.0,1,1017.5,905.6,47,49,5,0,0.09,0.52,11.1,16.8,283,285,31.3,16.1,15.6,16.2,12.5,0.299,0.248,0.259,0.371,1,2375.02,105.0,38.0,67.0,139.2,105.0,361.3,70.4,25.5,44.9,139.2,70.4,242.2
1035,1035,41.51142,-7.6512756,989.0,2003-07-02T20:00,12.7,72,7.7,11.0,0.0,0.0,0.0,0.0,2,1017.5,905.3,55,61,1,0,0.04,0.41,7.5,13.3,287,289,28.4,15.2,15.6,16.2,12.5,0.298,0.248,0.259,0.371,1,1078.15,39.0,15.0,24.0,117.6,39.0,125.4,3.4,1.3,2.1,15.2,2.6,11.0
1034,1034,41.51142,-7.6512756,989.0,2003-07-02T21:00,11.7,78,8.0,10.4,0.0,0.0,0.0,0.0,2,1018.5,905.8,60,67,0,0,0.0,0.31,5.7,11.6,288,292,20.5,14.3,15.5,16.2,12.5,0.297,0.248,0.259,0.371,0,0.0,0.0,0.0,0.0,0.0,0.0,0.0,0.0,0.0,0.0,0.0,0.0,0.0
1033,1033,41.51142,-7.6512756,989.0,2003-07-02T22:00,11.3,82,8.2,10.0,0.0,0.0,0.0,0.0,2,1019.0,906.1,62,69,0,0,0.0,0.25,5.8,10.9,292,297,17.6,13.8,15.4,16.1,12.5,0.297,0.249,0.259,0.371,0,0.0,0.0,0.0,0.0,0.0,0.0,0.0,0.0,0.0,0.0,0.0,0.0,0.0
1032,1032,41.51142,-7.6512756,989.0,2003-07-02T23:00,10.5,87,8.4,9.3,0.0,0.0,0.0,0.0,2,1019.3,906.1,74,82,0,0,0.0,0.17,5.5,11.2,281,291,16.9,13.2,15.3,16.1,12.5,0.296,0.249,0.26,0.371,0,0.0,0.0,0.0,0.0,0.0,0.0,0.0,0.0,0.0,0.0,0.0,0.0,0.0
1031,1031,41.51142,-7.6512756,989.0,2003-07-03T00:00,10.3,89,8.6,9.1,0.0,0.0,0.0,0.0,2,1019.3,906.0,65,72,1,0,0.0,0.14,5.6,10.8,285,296,15.5,12.8,15.2,16.1,12.5,0.296,0.249,0.26,0.371,0,0.0,0.0,0.0,0.0,0.0,0.0,0.0,0.0,0.0,0.0,0.0,0.0,0.0
1030,1030,41.51142,-7.6512756,989.0,2003-07-03T01:00,9.6,93,8.5,8.5,0.0,0.0,0.0,0.0,2,1019.4,905.8,54,59,1,0,0.0,0.09,5.0,10.5,291,297,15.1,12.4,15.0,16.1,12.5,0.295,0.249,0.26,0.371,0,0.0,0.0,0.0,0.0,0.0,0.0,0.0,0.0,0.0,0.0,0.0,0.0,0.0
1029,1029,41.51142,-7.6512756,989.0,2003-07-03T02:00,9.1,96,8.4,8.1,0.0,0.0,0.0,0.0,1,1019.1,905.3,40,43,2,0,0.0,0.05,4.2,10.1,290,297,13.7,11.9,14.9,16.1,12.5,0.295,0.249,0.26,0.371,0,0.0,0.0,0.0,0.0,0.0,0.0,0.0,0.0,0.0,0.0,0.0,0.0,0.0
1028,1028,41.51142,-7.6512756,989.0,2003-07-03T03:00,8.7,97,8.3,7.8,0.0,0.0,0.0,0.0,2,1019.4,905.5,72,79,2,0,0.0,0.03,3.7,9.7,299,301,12.6,11.6,14.7,16.1,12.5,0.294,0.249,0.26,0.371,0,0.0,0.0,0.0,0.0,0.0,0.0,0.0,0.0,0.0,0.0,0.0,0.0,0.0
1027,1027,41.51142,-7.6512756,989.0,2003-07-03T04:00,8.3,98,8.0,7.3,0.0,0.0,0.0,0.0,2,1019.7,905.6,66,70,5,0,0.0,0.02,3.4,7.7,302,307,12.2,11.4,14.5,16.1,12.5,0.294,0.25,0.26,0.371,0,0.0,0.0,0.0,0.0,0.0,0.0,0.0,0.0,0.0,0.0,0.0,0.0,0.0
1026,1026,41.51142,-7.6512756,989.0,2003-07-03T05:00,7.9,99,7.8,6.8,0.0,0.0,0.0,0.0,2,1019.7,905.4,70,75,4,0,0.0,0.01,3.8,6.4,311,313,11.5,11.1,14.3,16.0,12.5,0.294,0.25,0.26,0.371,0,0.0,0.0,0.0,0.0,0.0,0.0,0.0,0.0,0.0,0.0,0.0,0.0,0.0
1025,1025,41.51142,-7.6512756,989.0,2003-07-03T06:00,8.0,99,7.9,6.9,0.0,0.0,0.0,0.0,2,1020.6,906.3,61,66,3,0,0.01,0.01,4.1,5.1,315,315,13.0,11.1,14.2,16.0,12.5,0.293,0.25,0.26,0.371,1,145.68,26.0,8.0,18.0,70.4,26.0,91.5,58.2,17.9,40.3,115.7,35.5,205.1
1024,1024,41.51142,-7.6512756,989.0,2003-07-03T07:00,8.7,95,8.0,7.6,0.0,0.0,0.0,0.0,2,1020.8,906.7,62,65,5,0,0.05,0.05,3.8,4.8,319,318,14.4,12.1,14.1,16.0,12.5,0.293,0.25,0.26,0.371,1,3600.0,120.0,50.0,70.0,204.3,120.0,323.9,164.1,68.4,95.7,204.3,164.1,443.0
1023,1023,41.51142,-7.6512756,989.0,2003-07-03T08:00,10.1,86,7.8,8.9,0.0,0.0,0.0,0.0,2,1020.7,907.1,56,61,2,0,0.12,0.17,4.5,5.8,331,330,16.6,13.4,14.1,16.0,12.5,0.292,0.25,0.26,0.371,1,3600.0,251.0,119.0,132.0,281.3,251.0,559.8,302.3,143.3,159.0,281.3,302.3,674.2
1022,1022,41.51142,-7.6512756,989.0,2003-07-03T09:00,11.9,74,7.4,10.3,0.0,0.0,0.0,0.0,2,1020.5,907.6,50,56,0,0,0.21,0.36,6.4,8.2,344,345,19.8,15.1,14.2,16.0,12.5,0.291,0.25,0.26,0.371,1,3600.0,431.0,251.0,180.0,425.3,431.0,780.9,487.2,283.7,203.5,425.3,487.2,882.7
1021,1021,41.51142,-7.6512756,989.0,2003-07-03T10:00,13.5,64,6.9,12.0,0.0,0.0,0.0,0.0,2,1020.4,908.1,52,58,0,0,0.31,0.56,6.8,8.6,360,2,22.7,16.6,14.3,16.0,12.5,0.289,0.25,0.26,0.371,1,3600.0,595.0,424.0,171.0,577.1,595.0,972.2,645.4,459.9,185.5,577.1,645.4,1054.5
1020,1020,41.51142,-7.6512756,989.0,2003-07-03T11:00,15.1,55,6.3,14.1,0.0,0.0,0.0,0.0,2,1020.1,908.5,65,72,0,0,0.4,0.77,7.6,9.7,360,360,24.1,18.2,14.6,15.9,12.5,0.287,0.249,0.26,0.371,1,3600.0,718.0,489.0,229.0,577.4,718.0,1120.5,754.6,514.0,240.7,577.4,754.6,1177.7
1019,1019,41.51142,-7.6512756,989.0,2003-07-03T12:00,16.4,49,5.8,15.7,0.0,0.0,0.0,0.0,3,1020.1,908.9,82,90,1,0,0.44,0.94,6.5,8.3,357,360,24.5,19.3,14.9,15.9,12.5,0.285,0.249,0.259,0.371,1,3600.0,761.0,531.0,230.0,577.9,761.0,1215.8,778.6,543.3,235.3,577.9,778.6,1244.0
1018,1018,41.51142,-7.6512756,989.0,2003-07-03T13:00,17.3,46,5.6,16.1,0.0,0.0,0.0,0.0,3,1020.0,909.2,87,97,0,0,0.41,1.07,6.0,7.4,343,346,22.7,20.1,15.2,15.9,12.5,0.283,0.248,0.259,0.371,1,3600.0,674.0,303.0,371.0,320.3,674.0,1251.6,672.5,302.3,370.2,320.3,672.5,1248.9
1017,1017,41.51142,-7.6512756,989.0,2003-07-03T14:00,18.0,44,5.6,16.2,0.0,0.0,0.0,0.0,3,1019.5,908.9,94,92,18,0,0.37,1.15,5.8,7.2,330,333,22.3,20.5,15.5,15.9,12.5,0.28,0.248,0.259,0.371,1,3600.0,571.0,205.0,366.0,221.3,571.0,1225.5,555.4,199.4,356.0,221.3,555.4,1192.0
1016,1016,41.51142,-7.6512756,989.0,2003-07-03T15:00,18.5,43,5.8,16.6,0.0,0.0,0.0,0.0,3,1019.1,908.8,84,66,41,0,0.37,1.21,6.9,8.8,321,325,23.4,20.8,15.9,15.9,12.5,0.278,0.247,0.259,0.371,1,3600.0,563.0,242.0,321.0,281.1,563.0,1139.2,532.4,228.8,303.5,281.1,532.4,1077.2
1015,1015,41.51142,-7.6512756,989.0,2003-07-03T16:00,18.5,44,6.1,16.3,0.0,0.0,0.0,0.0,2,1019.0,908.7,51,56,1,0,0.35,1.19,9.1,11.7,326,326,25.2,20.7,16.1,15.9,12.5,0.276,0.247,0.259,0.371,1,3600.0,544.0,306.0,238.0,405.5,544.0,998.5,497.0,279.6,217.5,405.5,497.0,912.3
1014,1014,41.51142,-7.6512756,989.0,2003-07-03T17:00,18.5,45,6.4,16.2,0.0,0.0,0.0,0.0,1,1018.7,908.4,35,38,2,0,0.32,1.17,10.0,13.0,334,336,26.3,20.4,16.4,15.9,12.5,0.275,0.247,0.259,0.371,1,3600.0,511.0,337.0,174.0,548.4,511.0,813.1,445.3,293.7,151.6,548.4,445.3,708.6
1013,1013,41.51142,-7.6512756,989.0,2003-07-03T18:00,17.5,51,7.2,15.2,0.0,0.0,0.0,0.0,1,1018.9,908.2,40,43,2,0,0.22,0.99,11.0,15.1,341,342,26.3,19.6,16.6,15.9,12.5,0.274,0.246,0.259,0.371,1,3600.0,342.0,206.0,136.0,457.6,342.0,595.6,275.5,165.9,109.6,457.6,275.5,479.8
1012,1012,41.51142,-7.6512756,989.0,2003-07-03T19:00,16.8,53,7.1,14.6,0.0,0.0,0.0,0.0,0,1018.9,908.0,1,1,0,0,0.14,0.9,9.8,15.3,343,345,27.7,18.5,16.7,15.9,12.5,0.273,0.246,0.259,0.371,1,3600.0,199.0,124.0,75.0,454.6,199.0,360.9,133.3,83.1,50.2,454.6,133.3,241.7
1011,1011,41.51142,-7.6512756,989.0,2003-07-03T20:00,15.1,61,7.6,13.5,0.0,0.0,0.0,0.0,0,1019.2,907.7,2,2,0,0,0.05,0.68,7.1,15.3,336,345,23.8,17.0,16.7,15.9,12.5,0.272,0.246,0.259,0.371,1,2236.81,54.0,29.0,25.0,227.7,54.0,124.8,4.5,2.4,2.1,27.7,3.3,10.4
1010,1010,41.51142,-7.6512756,989.0,2003-07-03T21:00,13.5,70,8.1,12.0,0.0,0.0,0.0,0.0,0,1019.8,907.6,0,0,0,0,0.01,0.47,7.1,13.3,330,341,20.2,15.7,16.6,15.9,12.6,0.272,0.246,0.259,0.371,0,0.0,0.0,0.0,0.0,0.0,0.0,0.0,0.0,0.0,0.0,0.0,0.0,0.0
1009,1009,41.51142,-7.6512756,989.0,2003-07-03T22:00,11.9,82,8.8,10.6,0.0,0.0,0.0,0.0,0,1020.6,907.7,0,0,0,0,0.0,0.26,7.1,9.9,336,350,17.6,14.6,16.5,15.9,12.6,0.272,0.246,0.259,0.371,0,0.0,0.0,0.0,0.0,0.0,0.0,0.0,0.0,0.0,0.0,0.0,0.0,0.0
1008,1008,41.51142,-7.6512756,989.0,2003-07-03T23:00,10.6,89,8.8,9.3,0.0,0.0,0.0,0.0,0,1020.4,907.1,1,1,0,0,0.0,0.15,6.8,8.8,335,348,15.1,13.6,16.3,15.9,12.6,0.272,0.247,0.259,0.371,0,0.0,0.0,0.0,0.0,0.0,0.0,0.0,0.0,0.0,0.0,0.0,0.0,0.0
1007,1007,41.51142,-7.6512756,989.0,2003-07-04T00:00,10.1,89,8.5,8.8,0.0,0.0,0.0,0.0,0,1020.1,906.6,0,0,0,0,0.0,0.13,6.6,8.8,338,348,14.4,12.8,16.1,15.9,12.6,0.272,0.247,0.259,0.371,0,0.0,0.0,0.0,0.0,0.0,0.0,0.0,0.0,0.0,0.0,0.0,0.0,0.0
1006,1006,41.51142,-7.6512756,989.0,2003-07-04T01:00,9.9,91,8.4,8.5,0.0,0.0,0.0,0.0,0,1019.8,906.3,0,0,0,0,0.0,0.11,6.5,8.7,341,353,14.4,12.1,15.8,15.9,12.6,0.271,0.247,0.259,0.371,0,0.0,0.0,0.0,0.0,0.0,0.0,0.0,0.0,0.0,0.0,0.0,0.0,0.0
1005,1005,41.51142,-7.6512756,989.0,2003-07-04T02:00,9.3,93,8.2,8.0,0.0,0.0,0.0,0.0,0,1019.9,906.1,0,0,0,0,0.0,0.09,6.3,8.3,347,360,14.0,11.6,15.6,15.9,12.6,0.271,0.247,0.259,0.371,0,0.0,0.0,0.0,0.0,0.0,0.0,0.0,0.0,0.0,0.0,0.0,0.0,0.0
1004,1004,41.51142,-7.6512756,989.0,2003-07-04T03:00,8.0,97,7.6,6.5,0.0,0.0,0.0,0.0,0,1019.7,905.5,0,0,0,0,0.0,0.03,6.1,8.9,360,14,14.0,11.4,15.4,15.8,12.6,0.271,0.247,0.259,0.371,0,0.0,0.0,0.0,0.0,0.0,0.0,0.0,0.0,0.0,0.0,0.0,0.0,0.0
1003,1003,41.51142,-7.6512756,989.0,2003-07-04T04:00,7.7,98,7.4,6.1,0.0,0.0,0.0,0.0,0,1019.5,905.2,0,0,0,0,0.0,0.02,6.2,10.0,10,30,14.8,11.3,15.1,15.8,12.6,0.271,0.247,0.259,0.371,0,0.0,0.0,0.0,0.0,0.0,0.0,0.0,0.0,0.0,0.0,0.0,0.0,0.0
1002,1002,41.51142,-7.6512756,989.0,2003-07-04T05:00,7.5,98,7.2,5.9,0.0,0.0,0.0,0.0,0,1019.4,905.0,0,0,0,0,0.0,0.02,6.0,9.9,17,46,14.8,11.0,14.9,15.8,12.6,0.271,0.247,0.259,0.371,0,0.0,0.0,0.0,0.0,0.0,0.0,0.0,0.0,0.0,0.0,0.0,0.0,0.0
1001,1001,41.51142,-7.6512756,989.0,2003-07-04T06:00,8.2,96,7.5,7.1,0.0,0.0,0.0,0.0,0,1019.9,905.7,0,0,0,0,0.0,0.05,3.1,8.4,21,65,14.4,11.2,14.7,15.8,12.6,0.271,0.247,0.259,0.371,1,1610.76,38.0,20.0,18.0,177.1,38.0,90.6,85.2,44.8,40.4,292.1,51.7,203.2
1000,1000,41.51142,-7.6512756,989.0,2003-07-04T07:00,10.8,85,8.3,9.9,0.0,0.0,0.0,0.0,0,1019.7,906.5,0,0,0,0,0.07,0.2,3.1,6.9,54,81,12.2,12.8,14.6,15.8,12.6,0.27,0.247,0.259,0.37,1,3600.0,184.0,127.0,57.0,521.7,184.0,322.1,252.1,174.0,78.1,521.7,252.1,441.3
999,999,41.51142,-7.6512756,989.0,2003-07-04T08:00,13.4,72,8.5,12.5,0.0,0.0,0.0,0.0,0,1019.6,907.4,0,0,0,0,0.18,0.42,3.7,4.8,101,103,14.0,14.7,14.6,15.8,12.6,0.27,0.247,0.259,0.37,1,3600.0,371.0,291.0,80.0,689.8,371.0,558.1,447.1,350.7,96.4,689.8,447.1,672.6
998,998,41.51142,-7.6512756,989.0,2003-07-04T09:00,15.0,64,8.4,14.0,0.0,0.0,0.0,0.0,0,1019.8,908.2,0,0,0,0,0.3,0.61,4.5,5.8,119,120,16.6,16.6,14.8,15.8,12.6,0.269,0.247,0.259,0.37,1,3600.0,560.0,464.0,96.0,787.6,560.0,779.4,633.2,524.7,108.6,787.6,633.2,881.3
997,997,41.51142,-7.6512756,989.0,2003-07-04T10:00,16.5,60,8.8,16.5,0.0,0.0,0.0,0.0,0,1019.6,908.5,1,1,0,0,0.41,0.75,5.4,6.7,127,126,18.4,18.4,15.0,15.8,12.6,0.267,0.246,0.259,0.37,1,3600.0,726.0,620.0,106.0,844.9,726.0,970.9,787.6,672.6,115.0,844.9,787.6,1053.3
996,996,41.51142,-7.6512756,989.0,2003-07-04T11:00,18.0,55,8.9,18.7,0.0,0.0,0.0,0.0,0,1019.3,908.8,9,10,0,0,0.5,0.92,6.1,7.7,130,131,18.7,20.2,15.3,15.7,12.6,0.265,0.246,0.259,0.37,1,3600.0,855.0,740.0,115.0,874.6,855.0,1119.5,898.8,777.9,120.9,874.6,898.8,1176.8
995,995,41.51142,-7.6512756,989.0,2003-07-04T12:00,19.2,51,8.7,20.2,0.0,0.0,0.0,0.0,1,1019.0,908.9,26,29,0,0,0.55,1.1,5.6,7.1,140,139,18.7,21.6,15.7,15.7,12.6,0.263,0.245,0.259,0.37,1,3600.0,904.0,732.0,172.0,797.1,904.0,1215.0,925.0,749.0,176.0,797.1,925.0,1243.3
994,994,41.51142,-7.6512756,989.0,2003-07-04T13:00,20.1,47,8.5,21.6,0.0,0.0,0.0,0.0,1,1018.3,908.6,22,25,0,0,0.59,1.24,4.7,5.8,157,158,18.7,22.8,16.1,15.7,12.6,0.261,0.244,0.258,0.37,1,3600.0,950.0,806.0,144.0,852.5,950.0,1251.0,948.0,804.3,143.7,852.5,948.0,1248.3
993,993,41.51142,-7.6512756,989.0,2003-07-04T14:00,20.7,45,8.5,22.3,0.0,0.0,0.0,0.0,1,1017.8,908.4,34,14,35,0,0.6,1.34,4.0,4.7,185,184,19.1,23.6,16.5,15.7,12.6,0.258,0.244,0.258,0.37,1,3600.0,941.0,814.0,127.0,879.2,941.0,1225.0,915.3,791.8,123.5,879.2,915.3,1191.6
992,992,41.51142,-7.6512756,989.0,2003-07-04T15:00,21.1,44,8.5,21.7,0.0,0.0,0.0,0.0,1,1017.5,908.2,30,5,42,0,0.5,1.39,3.6,4.3,225,222,18.7,23.7,16.9,15.7,12.6,0.256,0.243,0.258,0.37,1,3600.0,784.0,601.0,183.0,698.3,784.0,1138.8,741.4,568.3,173.1,698.3,741.4,1076.9
991,991,41.51142,-7.6512756,989.0,2003-07-04T16:00,21.1,45,8.7,20.9,0.0,0.0,0.0,0.0,1,1017.0,907.8,33,0,55,0,0.42,1.38,4.2,5.4,250,250,18.4,23.4,17.3,15.7,12.6,0.254,0.242,0.258,0.37,1,3600.0,654.0,482.0,172.0,638.9,654.0,998.2,597.5,440.4,157.1,638.9,597.5,912.0
990,990,41.51142,-7.6512756,989.0,2003-07-04T17:00,20.9,47,9.1,19.7,0.0,0.0,0.0,0.0,1,1016.7,907.5,27,1,44,0,0.35,1.32,6.5,8.7,276,277,20.9,22.9,17.6,15.7,12.6,0.253,0.242,0.258,0.37,1,3600.0,552.0,418.0,134.0,680.4,552.0,812.8,481.0,364.2,116.8,680.4,481.0,708.2
989,989,41.51142,-7.6512756,989.0,2003-07-04T18:00,20.0,51,9.6,18.6,0.0,0.0,0.0,0.0,1,1016.5,907.0,27,1,43,0,0.25,1.15,9.0,12.4,286,287,23.0,21.9,17.8,15.7,12.6,0.252,0.242,0.258,0.37,1,3600.0,385.0,293.0,92.0,651.3,385.0,595.2,310.1,236.0,74.1,651.3,310.1,479.4
988,988,41.51142,-7.6512756,989.0,2003-07-04T19:00,18.8,58,10.4,17.9,0.0,0.0,0.0,0.0,0,1016.6,906.7,2,2,0,0,0.13,0.92,7.4,12.9,293,297,24.1,20.5,17.9,15.7,12.6,0.251,0.242,0.258,0.37,1,3600.0,204.0,139.0,65.0,510.4,204.0,360.3,136.5,93.0,43.5,510.4,136.5,241.1
987,987,41.51142,-7.6512756,989.0,2003-07-04T20:00,17.2,66,10.9,16.6,0.0,0.0,0.0,0.0,0,1016.7,906.2,0,0,0,0,0.04,0.66,6.1,12.8,298,308,20.5,19.0,17.9,15.8,12.6,0.251,0.242,0.258,0.37,1,2225.71,56.0,30.0,26.0,235.9,56.0,124.1,4.3,2.3,2.0,26.6,3.2,9.6
986,986,41.51142,-7.6512756,989.0,2003-07-04T21:00,15.6,75,11.2,14.9,0.0,0.0,0.0,0.0,0,1017.3,906.1,0,0,0,0,0.01,0.44,7.1,11.2,311,320,16.9,17.6,17.9,15.8,12.6,0.251,0.242,0.258,0.37,0,0.0,0.0,0.0,0.0,0.0,0.0,0.0,0.0,0.0,0.0,0.0,0.0,0.0
985,985,41.51142,-7.6512756,989.0,2003-07-04T22:00,14.1,84,11.5,13.7,0.0,0.0,0.0,0.0,0,1017.7,906.0,0,0,0,0,0.0,0.26,6.1,8.3,320,326,15.5,16.5,17.8,15.8,12.6,0.251,0.242,0.258,0.37,0,0.0,0.0,0.0,0.0,0.0,0.0,0.0,0.0,0.0,0.0,0.0,0.0,0.0
984,984,41.51142,-7.6512756,989.0,2003-07-04T23:00,12.8,91,11.3,12.4,0.0,0.0,0.0,0.0,0,1017.7,905.5,0,0,0,0,0.0,0.14,6.0,8.2,335,337,13.3,15.5,17.6,15.8,12.6,0.251,0.242,0.258,0.37,0,0.0,0.0,0.0,0.0,0.0,0.0,0.0,0.0,0.0,0.0,0.0,0.0,0.0
983,983,41.51142,-7.6512756,989.0,2003-07-05T00:00,12.4,91,11.0,11.8,0.0,0.0,0.0,0.0,0,1017.7,905.3,0,0,0,0,0.0,0.12,6.2,8.7,350,353,13.7,14.6,17.4,15.8,12.6,0.251,0.242,0.258,0.37,0,0.0,0.0,0.0,0.0,0.0,0.0,0.0,0.0,0.0,0.0,0.0,0.0,0.0
982,982,41.51142,-7.6512756,989.0,2003-07-05T01:00,11.9,93,10.8,11.2,0.0,0.0,0.0,0.0,0,1017.3,904.8,0,0,0,0,0.0,0.1,6.5,9.5,357,9,13.7,13.8,17.2,15.8,12.6,0.251,0.242,0.258,0.37,0,0.0,0.0,0.0,0.0,0.0,0.0,0.0,0.0,0.0,0.0,0.0,0.0,0.0
981,981,41.51142,-7.6512756,989.0,2003-07-05T02:00,11.5,94,10.6,10.7,0.0,0.0,0.0,0.0,0,1016.8,904.2,0,0,0,0,0.0,0.08,6.5,9.2,357,11,13.7,13.2,16.9,15.8,12.6,0.251,0.242,0.258,0.37,0,0.0,0.0,0.0,0.0,0.0,0.0,0.0,0.0,0.0,0.0,0.0,0.0,0.0
980,980,41.51142,-7.6512756,989.0,2003-07-05T03:00,10.5,98,10.2,9.7,0.0,0.0,0.0,0.0,0,1016.5,903.6,1,1,0,0,0.0,0.03,6.2,8.5,353,12,13.7,12.8,16.7,15.8,12.6,0.251,0.242,0.258,0.37,0,0.0,0.0,0.0,0.0,0.0,0.0,0.0,0.0,0.0,0.0,0.0,0.0,0.0
979,979,41.51142,-7.6512756,989.0,2003-07-05T04:00,9.4,99,9.3,8.4,0.0,0.0,0.0,0.0,0,1016.1,902.8,15,17,0,0,0.0,0.01,5.8,7.4,360,23,13.3,12.5,16.4,15.8,12.6,0.251,0.242,0.258,0.37,0,0.0,0.0,0.0,0.0,0.0,0.0,0.0,0.0,0.0,0.0,0.0,0.0,0.0
978,978,41.51142,-7.6512756,989.0,2003-07-05T05:00,8.8,100,8.8,7.8,0.0,0.0,0.0,0.0,1,1016.3,902.8,26,29,0,0,0.0,0.0,4.8,6.4,13,52,12.6,12.4,16.2,15.8,12.6,0.251,0.242,0.258,0.37,0,0.0,0.0,0.0,0.0,0.0,0.0,0.0,0.0,0.0,0.0,0.0,0.0,0.0
977,977,41.51142,-7.6512756,989.0,2003-07-05T06:00,9.8,99,9.6,9.3,0.0,0.0,0.0,0.0,0,1016.4,903.2,9,10,0,0,0.0,0.02,2.9,6.1,30,90,11.2,12.7,16.0,15.8,12.6,0.25,0.242,0.258,0.37,1,1234.73,35.0,17.0,18.0,151.5,35.0,89.6,78.5,38.2,40.4,250.9,47.4,201.2
976,976,41.51142,-7.6512756,989.0,2003-07-05T07:00,13.2,84,10.6,12.9,0.0,0.0,0.0,0.0,0,1016.4,904.5,4,5,0,0,0.08,0.24,3.2,6.2,63,100,11.9,14.1,15.9,15.7,12.6,0.25,0.242,0.258,0.37,1,3600.0,177.0,118.0,59.0,487.7,177.0,320.1,243.0,162.0,81.0,487.7,243.0,439.4
975,975,41.51142,-7.6512756,989.0,2003-07-05T08:00,15.3,69,9.8,14.8,0.0,0.0,0.0,0.0,0,1016.6,905.4,0,0,0,0,0.19,0.53,3.8,5.0,107,111,14.8,16.2,15.9,15.7,12.6,0.25,0.242,0.258,0.37,1,3600.0,356.0,266.0,90.0,632.6,356.0,556.4,429.3,320.8,108.5,632.6,429.3,670.9
974,974,41.51142,-7.6512756,989.0,2003-07-05T09:00,16.6,64,9.7,15.9,0.0,0.0,0.0,0.0,0,1016.4,905.7,0,0,0,0,0.31,0.69,4.9,6.2,126,126,17.3,17.9,16.0,15.7,12.6,0.249,0.241,0.258,0.37,1,3600.0,552.0,454.0,98.0,772.2,552.0,777.9,624.4,513.5,110.9,772.2,624.4,879.9
973,973,41.51142,-7.6512756,989.0,2003-07-05T10:00,18.0,59,9.9,18.2,0.0,0.0,0.0,0.0,1,1016.3,906.1,20,1,0,65,0.42,0.84,5.5,6.8,122,122,19.4,19.6,16.2,15.7,12.6,0.248,0.241,0.258,0.37,1,3600.0,717.0,606.0,111.0,827.0,717.0,969.6,778.0,657.6,120.4,827.0,778.0,1052.1
972,972,41.51142,-7.6512756,989.0,2003-07-05T11:00,19.3,56,10.3,20.6,0.0,0.0,0.0,0.0,1,1015.8,906.1,34,7,0,93,0.51,0.99,5.1,6.4,129,128,19.8,21.1,16.5,15.7,12.6,0.246,0.24,0.258,0.37,1,3600.0,846.0,727.0,119.0,860.1,846.0,1118.3,889.4,764.3,125.1,860.1,889.4,1175.8
971,971,41.51142,-7.6512756,989.0,2003-07-05T12:00,20.3,53,10.5,22.0,0.0,0.0,0.0,0.0,1,1015.8,906.5,39,11,0,98,0.56,1.12,4.4,5.2,145,146,20.2,22.4,16.8,15.7,12.7,0.244,0.24,0.258,0.37,1,3600.0,886.0,683.0,203.0,744.3,886.0,1214.1,906.7,699.0,207.7,744.3,906.7,1242.5
970,970,41.51142,-7.6512756,989.0,2003-07-05T13:00,21.0,51,10.4,22.0,0.0,0.0,0.0,0.0,2,1015.5,906.4,51,24,0,97,0.51,1.22,4.3,5.1,180,176,20.2,23.0,17.1,15.7,12.7,0.243,0.239,0.258,0.37,1,3600.0,779.0,453.0,326.0,479.4,779.0,1250.3,777.4,452.1,325.3,479.4,777.4,1247.7
969,969,41.51142,-7.6512756,989.0,2003-07-05T14:00,21.2,49,10.2,20.8,0.0,0.0,0.0,0.0,2,1015.1,906.2,51,25,0,95,0.37,1.28,3.5,4.3,204,204,19.8,23.0,17.4,15.7,12.7,0.241,0.239,0.257,0.37,1,3600.0,544.0,264.0,280.0,285.3,544.0,1224.5,529.2,256.8,272.4,285.3,529.2,1191.1
968,968,41.51142,-7.6512756,989.0,2003-07-05T15:00,21.4,50,10.4,21.7,0.0,0.0,0.0,0.0,3,1014.7,905.9,90,59,16,92,0.42,1.29,2.9,3.4,240,238,20.2,23.1,17.7,15.7,12.7,0.24,0.238,0.257,0.37,1,3600.0,629.0,314.0,315.0,365.0,629.0,1138.3,594.8,296.9,297.9,365.0,594.8,1076.5
967,967,41.51142,-7.6512756,989.0,2003-07-05T16:00,21.3,52,10.9,21.2,0.0,0.0,0.0,0.0,1,1014.4,905.6,46,16,6,92,0.4,1.23,5.1,6.5,262,267,20.5,23.0,18.0,15.7,12.7,0.238,0.238,0.257,0.37,1,3600.0,606.0,325.0,281.0,431.0,606.0,997.8,553.7,296.9,256.7,431.0,553.7,911.6
966,966,41.51142,-7.6512756,989.0,2003-07-05T17:00,21.0,54,11.4,20.5,0.0,0.0,0.0,0.0,1,1014.2,905.3,37,1,13,93,0.31,1.14,6.9,9.1,276,279,20.2,22.6,18.2,15.7,12.7,0.237,0.237,0.257,0.37,1,3600.0,462.0,273.0,189.0,444.6,462.0,812.4,402.5,237.8,164.7,444.6,402.5,707.8
965,965,41.51142,-7.6512756,989.0,2003-07-05T18:00,20.3,59,12.0,19.8,0.0,0.0,0.0,0.0,2,1014.1,905.0,58,7,41,92,0.2,0.99,7.9,10.8,294,296,21.6,21.9,18.4,15.8,12.7,0.237,0.237,0.257,0.369,1,3600.0,299.0,147.0,152.0,327.0,299.0,594.8,240.7,118.3,122.4,327.0,240.7,478.8
964,964,41.51142,-7.6512756,989.0,2003-07-05T19:00,19.6,64,12.5,19.3,0.0,0.0,0.0,0.0,2,1014.3,904.9,55,18,21,88,0.13,0.83,7.3,12.3,303,308,21.2,20.9,18.5,15.8,12.7,0.236,0.237,0.257,0.369,1,3600.0,191.0,118.0,73.0,434.0,191.0,359.7,127.6,78.9,48.8,434.0,127.6,240.4
963,963,41.51142,-7.6512756,989.0,2003-07-05T20:00,17.9,73,13.0,18.1,0.0,0.0,0.0,0.0,1,1015.0,904.9,30,5,0,86,0.03,0.55,5.9,12.5,313,321,19.1,19.5,18.5,15.8,12.7,0.236,0.237,0.257,0.369,1,2212.77,52.0,25.0,27.0,197.0,52.0,123.3,3.7,1.8,1.9,20.2,2.7,8.7
962,962,41.51142,-7.6512756,989.0,2003-07-05T21:00,16.4,82,13.2,16.5,0.0,0.0,0.0,0.0,1,1015.4,904.7,28,1,0,89,0.0,0.34,6.7,10.0,324,330,15.5,18.2,18.4,15.8,12.7,0.236,0.237,0.257,0.369,0,0.0,0.0,0.0,0.0,0.0,0.0,0.0,0.0,0.0,0.0,0.0,0.0,0.0
961,961,41.51142,-7.6512756,989.0,2003-07-05T22:00,15.1,89,13.3,15.4,0.0,0.0,0.0,0.0,1,1016.0,904.8,26,3,0,78,0.0,0.19,5.8,8.5,330,332,14.0,17.2,18.3,15.8,12.7,0.236,0.237,0.257,0.369,0,0.0,0.0,0.0,0.0,0.0,0.0,0.0,0.0,0.0,0.0,0.0,0.0,0.0
960,960,41.51142,-7.6512756,989.0,2003-07-05T23:00,13.8,95,13.0,14.0,0.0,0.0,0.0,0.0,1,1016.3,904.6,21,8,0,45,0.0,0.08,5.2,9.0,344,344,13.3,16.3,18.1,15.8,12.7,0.236,0.237,0.257,0.369,0,0.0,0.0,0.0,0.0,0.0,0.0,0.0,0.0,0.0,0.0,0.0,0.0,0.0
959,959,41.51142,-7.6512756,989.0,2003-07-06T00:00,13.1,96,12.6,13.2,0.0,0.0,0.0,0.0,1,1016.6,904.6,35,29,0,30,0.0,0.05,5.5,8.8,349,351,13.3,15.5,18.0,15.8,12.7,0.236,0.237,0.257,0.369,0,0.0,0.0,0.0,0.0,0.0,0.0,0.0,0.0,0.0,0.0,0.0,0.0,0.0
958,958,41.51142,-7.6512756,989.0,2003-07-06T01:00,12.6,98,12.3,12.6,0.0,0.0,0.0,0.0,1,1016.5,904.3,42,42,0,15,0.0,0.03,5.4,9.0,356,360,13.3,14.9,17.7,15.8,12.7,0.236,0.237,0.257,0.369,0,0.0,0.0,0.0,0.0,0.0,0.0,0.0,0.0,0.0,0.0,0.0,0.0,0.0
957,957,41.51142,-7.6512756,989.0,2003-07-06T02:00,12.2,99,12.1,12.1,0.0,0.0,0.0,0.0,2,1016.3,904.0,52,55,0,7,0.0,0.01,5.4,9.1,356,7,13.0,14.6,17.5,15.8,12.7,0.236,0.237,0.257,0.369,0,0.0,0.0,0.0,0.0,0.0,0.0,0.0,0.0,0.0,0.0,0.0,0.0,0.0
956,956,41.51142,-7.6512756,989.0,2003-07-06T03:00,12.0,99,11.9,11.9,0.0,0.0,0.0,0.0,2,1016.2,903.8,62,68,0,3,0.0,0.01,4.3,9.0,355,16,12.2,14.5,17.3,15.8,12.7,0.236,0.237,0.257,0.369,0,0.0,0.0,0.0,0.0,0.0,0.0,0.0,0.0,0.0,0.0,0.0,0.0,0.0
955,955,41.51142,-7.6512756,989.0,2003-07-06T04:00,11.6,100,11.6,11.6,0.0,0.0,0.0,0.0,2,1016.1,903.6,54,60,0,1,0.0,0.0,4.0,8.7,355,24,11.9,14.3,17.1,15.8,12.7,0.236,0.237,0.257,0.369,0,0.0,0.0,0.0,0.0,0.0,0.0,0.0,0.0,0.0,0.0,0.0,0.0,0.0
954,954,41.51142,-7.6512756,989.0,2003-07-06T05:00,11.5,100,11.5,11.4,0.0,0.0,0.0,0.0,2,1016.2,903.7,76,85,0,0,0.0,0.0,4.0,7.6,5,31,11.5,14.2,17.0,15.8,12.7,0.236,0.237,0.257,0.369,0,0.0,0.0,0.0,0.0,0.0,0.0,0.0,0.0,0.0,0.0,0.0,0.0,0.0
953,953,41.51142,-7.6512756,989.0,2003-07-06T06:00,11.7,99,11.5,11.6,0.0,0.0,0.0,0.0,2,1016.5,904.0,74,82,0,0,0.0,0.01,3.7,6.1,11,40,13.0,14.4,16.8,15.8,12.7,0.236,0.237,0.257,0.369,1,748.91,31.0,13.0,18.0,116.7,31.0,88.6,69.6,29.2,40.4,194.1,41.9,199.1
952,952,41.51142,-7.6512756,989.0,2003-07-06T07:00,13.6,93,12.5,13.9,0.0,0.0,0.0,0.0,1,1016.9,905.0,33,37,0,0,0.07,0.1,3.1,4.3,21,48,13.0,15.4,16.7,15.8,12.7,0.236,0.237,0.257,0.369,1,3600.0,156.0,86.0,70.0,357.7,156.0,318.1,214.5,118.3,96.3,357.7,214.5,437.5
951,951,41.51142,-7.6512756,989.0,2003-07-06T08:00,15.5,82,12.5,15.9,0.0,0.0,0.0,0.0,0,1017.2,906.0,5,6,0,0,0.18,0.32,2.6,3.2,56,63,13.3,17.0,16.7,15.8,12.7,0.236,0.237,0.257,0.369,1,3600.0,338.0,250.0,88.0,596.5,338.0,554.5,407.9,301.7,106.2,596.5,407.9,669.2
950,950,41.51142,-7.6512756,989.0,2003-07-06T09:00,17.3,72,12.2,17.6,0.0,0.0,0.0,0.0,0,1017.2,906.7,0,0,0,0,0.29,0.56,2.9,3.7,97,101,14.8,18.8,16.8,15.8,12.7,0.235,0.237,0.257,0.369,1,3600.0,508.0,405.0,103.0,690.3,508.0,776.2,574.8,458.3,116.6,690.3,574.8,878.4
949,949,41.51142,-7.6512756,989.0,2003-07-06T10:00,18.9,66,12.3,19.6,0.0,0.0,0.0,0.0,1,1017.4,907.4,35,39,0,0,0.41,0.75,6.3,8.1,103,103,16.2,20.4,17.0,15.8,12.7,0.234,0.236,0.257,0.369,1,3600.0,696.0,584.0,112.0,798.1,696.0,968.2,755.4,633.9,121.6,798.1,755.4,1050.8
948,948,41.51142,-7.6512756,989.0,2003-07-06T11:00,20.3,60,12.4,22.1,0.0,0.0,0.0,0.0,2,1017.1,907.6,53,59,0,0,0.52,0.95,5.7,7.1,125,120,17.3,22.1,17.2,15.8,12.7,0.232,0.236,0.257,0.369,1,3600.0,838.0,717.0,121.0,849.1,838.0,1117.2,881.2,753.9,127.2,849.1,881.2,1174.7
947,947,41.51142,-7.6512756,989.0,2003-07-06T12:00,21.6,55,12.2,23.3,0.0,0.0,0.0,0.0,2,1017.0,908.0,51,57,0,0,0.53,1.15,4.8,6.1,153,152,18.7,23.4,17.6,15.8,12.7,0.231,0.235,0.257,0.369,1,3600.0,823.0,563.0,260.0,614.0,823.0,1213.2,842.3,576.2,266.1,614.0,842.3,1241.7
946,946,41.51142,-7.6512756,989.0,2003-07-06T13:00,22.5,51,11.7,23.7,0.0,0.0,0.0,0.0,1,1016.9,908.2,42,45,2,0,0.51,1.35,4.3,5.4,180,180,19.4,24.3,17.9,15.8,12.7,0.229,0.234,0.257,0.369,1,3600.0,758.0,533.0,225.0,564.4,758.0,1249.6,756.5,531.9,224.6,564.4,756.5,1247.1
945,945,41.51142,-7.6512756,989.0,2003-07-06T14:00,23.1,48,11.4,24.5,0.0,0.0,0.0,0.0,1,1016.5,908.0,30,12,32,0,0.53,1.48,3.9,4.7,202,203,19.4,24.9,18.3,15.8,12.7,0.227,0.234,0.257,0.369,1,3600.0,782.0,522.0,260.0,564.3,782.0,1223.9,760.7,507.8,252.9,564.3,760.7,1190.6
944,944,41.51142,-7.6512756,989.0,2003-07-06T15:00,23.6,46,11.2,24.7,0.0,0.0,0.0,0.0,1,1016.6,908.3,32,20,24,0,0.51,1.59,4.2,5.2,239,236,18.7,25.4,18.6,15.8,12.7,0.225,0.233,0.256,0.369,1,3600.0,756.0,586.0,170.0,681.4,756.0,1137.8,714.9,554.1,160.8,681.4,714.9,1076.0
943,943,41.51142,-7.6512756,989.0,2003-07-06T16:00,23.7,46,11.3,23.7,0.0,0.0,0.0,0.0,2,1016.2,908.0,50,50,9,0,0.39,1.59,3.7,4.7,259,261,19.4,25.2,18.9,15.8,12.7,0.224,0.233,0.256,0.369,1,3600.0,563.0,395.0,168.0,524.0,563.0,997.3,514.3,360.9,153.5,524.0,514.3,911.1
942,942,41.51142,-7.6512756,989.0,2003-07-06T17:00,23.3,48,11.8,23.1,0.0,0.0,0.0,0.0,2,1016.1,907.8,64,44,40,0,0.37,1.48,5.5,7.0,281,282,20.5,24.7,19.2,15.8,12.7,0.223,0.232,0.256,0.369,1,3600.0,546.0,441.0,105.0,718.7,546.0,811.9,475.6,384.2,91.5,718.7,475.6,707.3
941,941,41.51142,-7.6512756,989.0,2003-07-06T18:00,22.4,54,12.5,22.1,0.0,0.0,0.0,0.0,0,1016.2,907.5,16,1,26,0,0.24,1.25,7.3,9.8,290,294,20.9,23.7,19.4,15.9,12.7,0.222,0.232,0.256,0.369,1,3600.0,341.0,241.0,100.0,536.6,341.0,594.2,274.4,194.0,80.5,536.6,274.4,478.2
940,940,41.51142,-7.6512756,989.0,2003-07-06T19:00,21.4,59,13.1,21.6,0.0,0.0,0.0,0.0,0,1016.7,907.7,1,1,0,0,0.13,1.04,5.6,9.9,297,303,19.1,22.6,19.5,15.9,12.7,0.222,0.232,0.256,0.369,1,3600.0,205.0,141.0,64.0,519.7,205.0,359.0,136.8,94.1,42.7,519.7,136.8,239.6
939,939,41.51142,-7.6512756,989.0,2003-07-06T20:00,19.7,68,13.7,19.8,0.0,0.0,0.0,0.0,0,1017.5,907.8,2,2,0,0,0.05,0.73,7.6,11.8,301,310,17.3,21.0,19.5,15.9,12.7,0.221,0.232,0.256,0.369,1,2197.99,55.0,29.0,26.0,229.1,55.0,122.4,3.4,1.8,1.6,20.8,2.5,7.7
938,938,41.51142,-7.6512756,989.0,2003-07-06T21:00,18.0,78,14.0,18.3,0.0,0.0,0.0,0.0,0,1018.4,908.0,0,0,0,0,0.01,0.46,7.1,9.7,311,321,15.5,19.6,19.5,15.9,12.7,0.221,0.232,0.256,0.369,0,0.0,0.0,0.0,0.0,0.0,0.0,0.0,0.0,0.0,0.0,0.0,0.0,0.0
937,937,41.51142,-7.6512756,989.0,2003-07-06T22:00,16.5,86,14.2,17.1,0.0,0.0,0.0,0.0,0,1019.5,908.4,0,0,0,0,0.0,0.26,5.8,8.2,330,331,13.7,18.5,19.4,15.9,12.7,0.221,0.232,0.256,0.369,0,0.0,0.0,0.0,0.0,0.0,0.0,0.0,0.0,0.0,0.0,0.0,0.0,0.0
936,936,41.51142,-7.6512756,989.0,2003-07-06T23:00,15.3,93,14.1,15.8,0.0,0.0,0.0,0.0,0,1019.8,908.2,0,0,0,0,0.0,0.13,5.9,8.7,349,355,14.0,17.6,19.2,15.9,12.7,0.221,0.232,0.256,0.369,0,0.0,0.0,0.0,0.0,0.0,0.0,0.0,0.0,0.0,0.0,0.0,0.0,0.0
935,935,41.51142,-7.6512756,989.0,2003-07-07T00:00,14.7,94,13.8,15.0,0.0,0.0,0.0,0.0,0,1019.4,907.7,0,0,0,0,0.0,0.09,6.1,9.2,360,11,14.4,16.7,19.0,15.9,12.7,0.221,0.232,0.256,0.369,0,0.0,0.0,0.0,0.0,0.0,0.0,0.0,0.0,0.0,0.0,0.0,0.0,0.0
934,934,41.51142,-7.6512756,989.0,2003-07-07T01:00,14.1,96,13.4,14.3,0.0,0.0,0.0,0.0,0,1019.5,907.5,0,0,0,0,0.0,0.07,5.8,8.1,360,21,14.4,15.9,18.8,15.9,12.7,0.222,0.232,0.256,0.369,0,0.0,0.0,0.0,0.0,0.0,0.0,0.0,0.0,0.0,0.0,0.0,0.0,0.0
933,933,41.51142,-7.6512756,989.0,2003-07-07T02:00,13.1,98,12.9,13.3,0.0,0.0,0.0,0.0,0,1019.0,906.8,0,0,0,0,0.0,0.02,5.4,6.3,356,24,13.7,15.4,18.5,15.9,12.7,0.222,0.232,0.256,0.369,0,0.0,0.0,0.0,0.0,0.0,0.0,0.0,0.0,0.0,0.0,0.0,0.0,0.0
932,932,41.51142,-7.6512756,989.0,2003-07-07T03:00,12.3,99,12.1,12.3,0.0,0.0,0.0,0.0,0,1019.0,906.4,0,0,0,0,0.0,0.02,4.4,4.3,351,24,13.3,15.1,18.3,15.9,12.8,0.222,0.232,0.256,0.369,0,0.0,0.0,0.0,0.0,0.0,0.0,0.0,0.0,0.0,0.0,0.0,0.0,0.0
931,931,41.51142,-7.6512756,989.0,2003-07-07T04:00,11.7,99,11.6,11.8,0.0,0.0,0.0,0.0,0,1019.0,906.2,10,11,0,0,0.0,0.01,3.3,2.4,347,27,12.2,14.8,18.1,16.0,12.8,0.222,0.232,0.256,0.369,0,0.0,0.0,0.0,0.0,0.0,0.0,0.0,0.0,0.0,0.0,0.0,0.0,0.0
930,930,41.51142,-7.6512756,989.0,2003-07-07T05:00,11.7,100,11.6,11.8,0.0,0.0,0.0,0.0,1,1019.2,906.4,47,52,0,0,0.0,0.0,3.0,1.1,346,18,10.8,14.6,17.9,16.0,12.8,0.222,0.232,0.256,0.369,0,0.0,0.0,0.0,0.0,0.0,0.0,0.0,0.0,0.0,0.0,0.0,0.0,0.0
929,929,41.51142,-7.6512756,989.0,2003-07-07T06:00,12.2,99,12.0,12.5,0.0,0.0,0.0,0.0,3,1019.7,907.0,89,99,0,0,0.0,0.02,2.5,0.8,360,63,10.4,14.8,17.7,16.0,12.8,0.222,0.232,0.256,0.369,1,1093.91,33.0,16.0,17.0,144.7,33.0,87.6,74.2,36.0,38.2,241.8,44.4,196.9
928,928,41.51142,-7.6512756,989.0,2003-07-07T07:00,13.8,94,12.8,14.3,0.0,0.0,0.0,0.0,0,1019.8,907.7,12,13,0,0,0.07,0.09,2.4,2.9,27,83,11.2,16.1,17.5,16.0,12.8,0.222,0.232,0.256,0.369,1,3600.0,157.0,84.0,73.0,351.7,157.0,316.0,216.4,115.8,100.6,351.7,216.4,435.5
927,927,41.51142,-7.6512756,989.0,2003-07-07T08:00,16.9,81,13.6,17.6,0.0,0.0,0.0,0.0,0,1020.2,909.2,0,0,0,0,0.18,0.36,2.9,3.6,83,90,11.9,17.9,17.5,16.0,12.8,0.221,0.231,0.256,0.369,1,3600.0,341.0,236.0,105.0,565.0,341.0,552.6,411.8,285.0,126.8,565.0,411.8,667.4
926,926,41.51142,-7.6512756,989.0,2003-07-07T09:00,19.4,66,12.9,19.9,0.0,0.0,0.0,0.0,0,1020.1,910.0,0,0,0,0,0.33,0.77,3.5,4.7,114,113,15.1,20.0,17.6,16.0,12.8,0.221,0.231,0.256,0.369,1,3600.0,549.0,453.0,96.0,773.8,549.0,774.6,621.5,512.8,108.7,773.8,621.5,876.8
925,925,41.51142,-7.6512756,989.0,2003-07-07T10:00,21.2,58,12.7,22.4,0.0,0.0,0.0,0.0,0,1020.3,910.8,0,0,0,0,0.45,1.06,5.2,6.2,124,126,17.3,21.9,17.9,16.0,12.8,0.219,0.231,0.256,0.369,1,3600.0,719.0,614.0,105.0,840.4,719.0,966.7,780.6,666.6,114.0,840.4,780.6,1049.5
924,924,41.51142,-7.6512756,989.0,2003-07-07T11:00,22.8,53,12.6,24.5,0.0,0.0,0.0,0.0,0,1020.1,911.2,0,0,0,0,0.55,1.31,6.7,8.5,126,126,20.2,23.7,18.1,16.0,12.8,0.218,0.23,0.256,0.368,1,3600.0,850.0,737.0,113.0,873.8,850.0,1116.0,893.9,775.1,118.8,873.8,893.9,1173.6
923,923,41.51142,-7.6512756,989.0,2003-07-07T12:00,24.1,46,11.7,25.9,0.0,0.0,0.0,0.0,0,1019.8,911.3,3,3,0,0,0.63,1.63,7.1,8.9,139,140,21.2,25.1,18.5,16.0,12.8,0.216,0.229,0.256,0.368,1,3600.0,934.0,817.0,117.0,891.7,934.0,1212.2,956.0,836.3,119.8,891.7,956.0,1240.8
922,922,41.51142,-7.6512756,989.0,2003-07-07T13:00,25.1,40,10.7,26.8,0.0,0.0,0.0,0.0,0,1019.5,911.4,4,4,0,0,0.66,1.91,6.9,9.0,152,151,21.6,26.2,18.9,16.0,12.8,0.214,0.229,0.256,0.368,1,3600.0,954.0,818.0,136.0,866.7,954.0,1248.8,952.2,816.4,135.7,866.7,952.2,1246.4
921,921,41.51142,-7.6512756,989.0,2003-07-07T14:00,25.7,37,10.1,27.2,0.0,0.0,0.0,0.0,0,1019.2,911.4,1,1,0,0,0.64,2.07,6.3,7.9,167,164,21.6,26.9,19.2,16.0,12.8,0.212,0.228,0.255,0.368,1,3600.0,921.0,775.0,146.0,838.3,921.0,1223.2,896.0,753.9,142.0,838.3,896.0,1190.0
920,920,41.51142,-7.6512756,989.0,2003-07-07T15:00,26.2,36,10.0,27.4,0.0,0.0,0.0,0.0,0,1018.9,911.2,1,1,0,0,0.6,2.17,5.4,6.8,184,183,21.6,27.3,19.6,16.0,12.8,0.21,0.227,0.255,0.368,1,3600.0,856.0,732.0,124.0,851.6,856.0,1137.3,809.5,692.2,117.3,851.6,809.5,1075.5
919,919,41.51142,-7.6512756,989.0,2003-07-07T16:00,26.2,37,10.4,26.8,0.0,0.0,0.0,0.0,0,1018.4,910.8,0,0,0,0,0.51,2.15,4.5,6.1,209,208,21.2,27.2,20.0,16.0,12.8,0.209,0.226,0.255,0.368,1,3600.0,725.0,619.0,106.0,821.6,725.0,996.8,662.3,565.5,96.8,821.6,662.3,910.6
918,918,41.51142,-7.6512756,989.0,2003-07-07T17:00,25.7,41,11.5,25.5,0.0,0.0,0.0,0.0,0,1018.0,910.3,0,0,0,0,0.38,1.95,5.0,6.6,249,248,20.9,26.6,20.3,16.0,12.8,0.208,0.226,0.255,0.368,1,3600.0,543.0,442.0,101.0,720.8,543.0,811.3,472.9,385.0,88.0,720.8,472.9,706.6
917,917,41.51142,-7.6512756,989.0,2003-07-07T18:00,24.6,48,13.0,24.7,0.0,0.0,0.0,0.0,0,1018.1,910.0,0,0,0,0,0.27,1.6,5.9,7.7,281,281,19.8,25.5,20.5,16.1,12.8,0.207,0.226,0.255,0.368,1,3600.0,384.0,302.0,82.0,673.3,384.0,593.5,308.9,242.9,66.0,673.3,308.9,477.5
916,916,41.51142,-7.6512756,989.0,2003-07-07T19:00,23.6,54,13.8,24.1,0.0,0.0,0.0,0.0,0,1018.3,909.8,0,0,0,0,0.14,1.33,5.2,9.0,295,299,15.8,24.2,20.6,16.1,12.8,0.206,0.225,0.255,0.368,1,3600.0,211.0,150.0,61.0,554.1,211.0,358.2,140.6,99.9,40.6,554.1,140.6,238.6
915,915,41.51142,-7.6512756,989.0,2003-07-07T20:00,21.7,64,14.6,22.2,0.0,0.0,0.0,0.0,0,1018.7,909.5,0,0,0,0,0.06,0.94,7.7,10.8,298,307,15.5,22.6,20.6,16.1,12.8,0.206,0.225,0.255,0.368,1,2181.36,55.0,31.0,24.0,245.6,55.0,121.3,2.9,1.7,1.3,19.0,2.1,6.5
914,914,41.51142,-7.6512756,989.0,2003-07-07T21:00,19.7,75,15.1,20.4,0.0,0.0,0.0,0.0,0,1019.5,909.6,0,0,0,0,0.01,0.58,7.6,9.7,301,315,15.1,21.0,20.6,16.1,12.8,0.206,0.225,0.255,0.368,0,0.0,0.0,0.0,0.0,0.0,0.0,0.0,0.0,0.0,0.0,0.0,0.0,0.0
913,913,41.51142,-7.6512756,989.0,2003-07-07T22:00,18.0,85,15.5,19.0,0.0,0.0,0.0,0.0,0,1020.4,909.8,0,0,0,0,0.0,0.3,6.6,7.5,292,305,14.4,19.9,20.5,16.1,12.8,0.206,0.225,0.255,0.368,0,0.0,0.0,0.0,0.0,0.0,0.0,0.0,0.0,0.0,0.0,0.0,0.0,0.0
912,912,41.51142,-7.6512756,989.0,2003-07-07T23:00,16.6,93,15.5,17.6,0.0,0.0,0.0,0.0,0,1020.3,909.2,0,0,0,0,0.0,0.13,5.6,6.6,310,319,11.5,18.8,20.3,16.1,12.8,0.206,0.225,0.255,0.368,0,0.0,0.0,0.0,0.0,0.0,0.0,0.0,0.0,0.0,0.0,0.0,0.0,0.0
911,911,41.51142,-7.6512756,989.0,2003-07-08T00:00,15.7,96,15.1,16.7,0.0,0.0,0.0,0.0,0,1020.6,909.1,0,0,0,0,0.0,0.07,5.1,6.8,321,328,9.7,17.9,20.1,16.2,12.8,0.206,0.225,0.255,0.368,0,0.0,0.0,0.0,0.0,0.0,0.0,0.0,0.0,0.0,0.0,0.0,0.0,0.0
910,910,41.51142,-7.6512756,989.0,2003-07-08T01:00,15.5,98,15.2,16.6,0.0,0.0,0.0,0.0,0,1020.2,908.7,0,0,0,0,0.0,0.03,4.3,6.5,336,341,9.7,17.1,19.9,16.2,12.8,0.206,0.225,0.255,0.368,0,0.0,0.0,0.0,0.0,0.0,0.0,0.0,0.0,0.0,0.0,0.0,0.0,0.0
909,909,41.51142,-7.6512756,989.0,2003-07-08T02:00,14.6,100,14.5,15.5,0.0,0.0,0.0,0.0,1,1019.3,907.5,24,27,0,0,0.0,0.01,3.8,5.8,343,353,9.7,16.7,19.6,16.2,12.8,0.206,0.225,0.255,0.368,0,0.0,0.0,0.0,0.0,0.0,0.0,0.0,0.0,0.0,0.0,0.0,0.0,0.0
908,908,41.51142,-7.6512756,989.0,2003-07-08T03:00,14.6,99,14.5,15.5,0.0,0.0,0.0,0.0,1,1019.2,907.5,48,53,0,0,0.0,0.01,3.8,5.4,343,4,9.4,16.5,19.4,16.2,12.8,0.207,0.225,0.255,0.368,0,0.0,0.0,0.0,0.0,0.0,0.0,0.0,0.0,0.0,0.0,0.0,0.0,0.0
907,907,41.51142,-7.6512756,989.0,2003-07-08T04:00,14.2,99,14.1,15.1,0.0,0.0,0.0,0.0,1,1019.0,907.1,48,53,0,0,0.0,0.01,2.9,3.6,330,360,8.3,16.1,19.2,16.2,12.8,0.207,0.225,0.255,0.368,0,0.0,0.0,0.0,0.0,0.0,0.0,0.0,0.0,0.0,0.0,0.0,0.0,0.0
906,906,41.51142,-7.6512756,989.0,2003-07-08T05:00,13.7,100,13.6,14.6,0.0,0.0,0.0,0.0,3,1019.1,907.0,90,100,0,0,0.0,0.01,1.8,1.8,323,349,7.2,15.9,19.0,16.2,12.8,0.207,0.225,0.255,0.368,0,0.0,0.0,0.0,0.0,0.0,0.0,0.0,0.0,0.0,0.0,0.0,0.0,0.0
905,905,41.51142,-7.6512756,989.0,2003-07-08T06:00,13.7,100,13.7,14.7,0.0,0.0,0.0,0.0,3,1019.4,907.3,87,97,0,0,0.0,0.01,1.8,1.0,307,315,7.2,16.1,18.8,16.2,12.8,0.207,0.225,0.255,0.368,1,1312.19,34.0,18.0,16.0,164.1,34.0,86.4,76.5,40.5,36.0,275.5,45.6,194.6
904,904,41.51142,-7.6512756,989.0,2003-07-08T07:00,15.0,94,14.1,16.1,0.0,0.0,0.0,0.0,2,1019.6,908.0,67,74,0,0,0.07,0.1,1.6,1.4,297,270,10.8,17.8,18.7,16.2,12.8,0.207,0.225,0.255,0.368,1,3600.0,150.0,70.0,80.0,295.1,150.0,313.8,207.1,96.7,110.5,295.1,207.1,433.4
903,903,41.51142,-7.6512756,989.0,2003-07-08T08:00,18.0,89,16.2,19.9,0.0,0.0,0.0,0.0,1,1019.9,909.3,47,52,0,0,0.18,0.22,1.3,2.6,304,286,11.5,19.4,18.7,16.2,12.8,0.206,0.225,0.255,0.368,1,3600.0,310.0,174.0,136.0,418.1,310.0,550.6,374.7,210.3,164.4,418.1,374.7,665.5
902,902,41.51142,-7.6512756,989.0,2003-07-08T09:00,20.7,74,15.9,22.5,0.0,0.0,0.0,0.0,0,1020.1,910.4,0,0,0,0,0.33,0.63,1.5,1.8,256,259,13.3,21.5,18.8,16.2,12.8,0.206,0.225,0.255,0.368,1,3600.0,536.0,408.0,128.0,698.5,536.0,772.8,607.0,462.1,145.0,698.5,607.0,875.2
901,901,41.51142,-7.6512756,989.0,2003-07-08T10:00,22.6,63,15.2,25.5,0.0,0.0,0.0,0.0,0,1020.0,911.0,0,0,0,0,0.47,1.02,0.7,0.8,180,207,15.5,23.6,19.0,16.2,12.8,0.205,0.224,0.255,0.368,1,3600.0,721.0,615.0,106.0,843.0,721.0,965.2,782.9,667.8,115.1,843.0,782.9,1048.1
900,900,41.51142,-7.6512756,989.0,2003-07-08T11:00,24.1,55,14.5,27.4,0.0,0.0,0.0,0.0,0,1019.5,911.1,0,0,0,0,0.58,1.36,2.2,2.9,189,187,17.3,25.4,19.3,16.2,12.8,0.203,0.224,0.255,0.368,1,3600.0,857.0,747.0,110.0,886.6,857.0,1114.7,901.4,785.7,115.7,886.6,901.4,1172.5
899,899,41.51142,-7.6512756,989.0,2003-07-08T12:00,25.4,47,13.3,28.4,0.0,0.0,0.0,0.0,0,1019.6,911.6,0,0,0,0,0.65,1.71,4.1,5.1,218,219,19.8,26.7,19.6,16.3,12.8,0.202,0.223,0.255,0.368,1,3600.0,942.0,826.0,116.0,902.3,942.0,1211.2,964.3,845.6,118.7,902.3,964.3,1239.9
898,898,41.51142,-7.6512756,989.0,2003-07-08T13:00,26.1,44,12.8,28.8,0.0,0.0,0.0,0.0,0,1019.0,911.3,0,0,0,0,0.68,1.91,5.8,7.3,248,250,22.0,27.7,20.0,16.3,12.8,0.2,0.222,0.254,0.368,1,3600.0,973.0,856.0,117.0,907.6,973.0,1248.0,971.2,854.4,116.8,907.6,971.2,1245.6
897,897,41.51142,-7.6512756,989.0,2003-07-08T14:00,26.5,43,12.8,28.7,0.0,0.0,0.0,0.0,0,1018.4,910.9,0,0,0,0,0.67,1.98,7.6,9.4,270,270,24.5,28.2,20.4,16.3,12.8,0.198,0.221,0.254,0.368,1,3600.0,948.0,834.0,114.0,902.6,948.0,1222.6,922.3,811.4,110.9,902.6,922.3,1189.4
896,896,41.51142,-7.6512756,989.0,2003-07-08T15:00,26.5,43,13.0,28.1,0.0,0.0,0.0,0.0,0,1018.2,910.7,0,0,0,0,0.62,1.97,8.9,11.3,284,287,26.3,28.3,20.7,16.3,12.8,0.197,0.221,0.254,0.368,1,3600.0,868.0,757.0,111.0,881.2,868.0,1136.7,820.8,715.8,105.0,881.2,820.8,1074.9
895,895,41.51142,-7.6512756,989.0,2003-07-08T16:00,26.3,44,13.2,27.0,0.0,0.0,0.0,0.0,0,1018.1,910.6,0,0,0,0,0.53,1.9,9.8,12.4,298,300,27.4,28.0,21.0,16.3,12.8,0.195,0.22,0.254,0.368,1,3600.0,742.0,637.0,105.0,846.0,742.0,996.2,677.8,581.9,95.9,846.0,677.8,910.0
894,894,41.51142,-7.6512756,989.0,2003-07-08T17:00,25.7,47,13.5,25.5,0.0,0.0,0.0,0.0,0,1017.9,910.2,0,0,0,0,0.42,1.75,10.5,13.8,308,311,28.1,27.3,21.3,16.3,12.9,0.194,0.22,0.254,0.368,1,3600.0,578.0,484.0,94.0,789.9,578.0,810.7,503.3,421.5,81.9,789.9,503.3,706.0
893,893,41.51142,-7.6512756,989.0,2003-07-08T18:00,24.6,52,14.1,24.4,0.0,0.0,0.0,0.0,0,1017.9,909.8,0,0,0,0,0.29,1.49,10.5,14.3,319,321,28.4,26.2,21.4,16.4,12.9,0.194,0.219,0.253,0.368,1,3600.0,392.0,308.0,84.0,687.5,392.0,592.7,315.2,247.7,67.5,687.5,315.2,476.6
892,892,41.51142,-7.6512756,989.0,2003-07-08T19:00,23.3,61,15.4,23.9,0.0,0.0,0.0,0.0,0,1018.2,909.6,0,0,0,0,0.15,1.11,8.2,13.5,322,326,25.6,24.8,21.5,16.4,12.9,0.193,0.219,0.253,0.367,1,3600.0,210.0,150.0,60.0,555.6,210.0,357.2,139.7,99.8,39.9,555.6,139.7,237.6
891,891,41.51142,-7.6512756,989.0,2003-07-08T20:00,21.5,69,15.6,22.4,0.0,0.0,0.0,0.0,0,1018.5,909.3,2,0,0,5,0.05,0.79,6.9,14.3,321,332,20.2,23.2,21.5,16.4,12.9,0.193,0.219,0.253,0.367,1,2162.89,54.0,30.0,24.0,238.4,54.0,120.2,2.3,1.3,1.0,14.9,1.7,5.2
890,890,41.51142,-7.6512756,989.0,2003-07-08T21:00,19.7,78,15.7,20.6,0.0,0.0,0.0,0.0,0,1019.2,909.3,2,0,0,8,0.01,0.51,7.1,13.9,330,339,19.1,21.6,21.4,16.4,12.9,0.193,0.219,0.253,0.367,0,0.0,0.0,0.0,0.0,0.0,0.0,0.0,0.0,0.0,0.0,0.0,0.0,0.0
889,889,41.51142,-7.6512756,989.0,2003-07-08T22:00,18.0,87,15.8,19.0,0.0,0.0,0.0,0.0,0,1019.8,909.2,4,0,0,14,0.0,0.28,7.2,12.2,342,346,18.0,20.3,21.3,16.4,12.9,0.193,0.219,0.254,0.367,0,0.0,0.0,0.0,0.0,0.0,0.0,0.0,0.0,0.0,0.0,0.0,0.0,0.0
888,888,41.51142,-7.6512756,989.0,2003-07-08T23:00,16.6,93,15.5,17.5,0.0,0.0,0.0,0.0,0,1019.4,908.4,3,0,0,10,0.0,0.13,7.2,10.2,342,352,15.8,19.2,21.1,16.4,12.9,0.193,0.219,0.254,0.367,0,0.0,0.0,0.0,0.0,0.0,0.0,0.0,0.0,0.0,0.0,0.0,0.0,0.0
887,887,41.51142,-7.6512756,989.0,2003-07-09T00:00,16.1,94,15.2,16.9,0.0,0.0,0.0,0.0,0,1019.3,908.1,1,0,0,3,0.0,0.11,6.8,9.5,342,351,15.1,18.2,20.9,16.5,12.9,0.193,0.219,0.254,0.367,0,0.0,0.0,0.0,0.0,0.0,0.0,0.0,0.0,0.0,0.0,0.0,0.0,0.0
886,886,41.51142,-7.6512756,989.0,2003-07-09T01:00,15.2,96,14.6,15.9,0.0,0.0,0.0,0.0,0,1019.0,907.5,0,0,0,0,0.0,0.07,6.4,9.6,344,347,15.1,17.4,20.6,16.5,12.9,0.194,0.219,0.254,0.367,0,0.0,0.0,0.0,0.0,0.0,0.0,0.0,0.0,0.0,0.0,0.0,0.0,0.0
885,885,41.51142,-7.6512756,989.0,2003-07-09T02:00,14.1,99,14.0,14.5,0.0,0.0,0.0,0.0,0,1018.6,906.7,0,0,0,0,0.0,0.01,6.4,9.2,344,349,15.1,16.9,20.4,16.5,12.9,0.194,0.219,0.254,0.367,0,0.0,0.0,0.0,0.0,0.0,0.0,0.0,0.0,0.0,0.0,0.0,0.0,0.0
884,884,41.51142,-7.6512756,989.0,2003-07-09T03:00,13.8,99,13.7,14.1,0.0,0.0,0.0,0.0,0,1018.8,906.8,0,0,0,0,0.0,0.01,6.6,9.0,347,355,15.1,16.6,20.1,16.5,12.9,0.194,0.219,0.254,0.367,0,0.0,0.0,0.0,0.0,0.0,0.0,0.0,0.0,0.0,0.0,0.0,0.0,0.0
883,883,41.51142,-7.6512756,989.0,2003-07-09T04:00,13.4,100,13.3,13.5,0.0,0.0,0.0,0.0,0,1018.7,906.6,5,6,0,0,0.0,0.01,6.5,8.7,357,5,14.8,16.2,19.8,16.5,12.9,0.194,0.219,0.254,0.367,0,0.0,0.0,0.0,0.0,0.0,0.0,0.0,0.0,0.0,0.0,0.0,0.0,0.0
882,882,41.51142,-7.6512756,989.0,2003-07-09T05:00,12.9,100,12.9,12.9,0.0,0.0,0.0,0.0,1,1018.7,906.4,28,31,0,0,0.0,0.0,6.8,9.1,3,9,14.8,15.8,19.6,16.5,12.9,0.194,0.219,0.254,0.367,0,0.0,0.0,0.0,0.0,0.0,0.0,0.0,0.0,0.0,0.0,0.0,0.0,0.0
881,881,41.51142,-7.6512756,989.0,2003-07-09T06:00,13.2,99,13.1,13.4,0.0,0.0,0.0,0.0,2,1018.6,906.4,58,64,0,0,0.0,0.01,5.4,9.2,360,11,14.8,15.9,19.3,16.5,12.9,0.194,0.219,0.254,0.367,1,1182.79,33.0,17.0,16.0,156.2,33.0,85.3,74.4,38.3,36.1,263.7,44.1,192.2
880,880,41.51142,-7.6512756,989.0,2003-07-09T07:00,15.4,93,14.2,16.1,0.0,0.0,0.0,0.0,0,1018.7,907.3,14,15,0,0,0.07,0.13,5.1,8.8,4,12,16.9,17.8,19.2,16.5,12.9,0.194,0.219,0.254,0.367,1,3600.0,165.0,101.0,64.0,429.0,165.0,311.5,228.4,139.8,88.6,429.0,228.4,431.2
879,879,41.51142,-7.6512756,989.0,2003-07-09T08:00,18.4,79,14.7,19.3,0.0,0.0,0.0,0.0,0,1018.8,908.5,0,0,0,0,0.2,0.44,4.7,6.6,4,13,16.9,19.6,19.2,16.5,12.9,0.194,0.219,0.254,0.367,1,3600.0,358.0,272.0,86.0,656.1,358.0,548.6,433.1,329.0,104.0,656.1,433.1,663.6
878,878,41.51142,-7.6512756,989.0,2003-07-09T09:00,21.1,63,13.9,21.8,0.0,0.0,0.0,0.0,0,1018.7,909.3,0,0,0,0,0.34,0.91,4.0,4.8,10,13,16.6,21.6,19.3,16.5,12.9,0.193,0.219,0.254,0.367,1,3600.0,556.0,466.0,90.0,799.7,556.0,771.0,629.9,528.0,102.0,799.7,629.9,873.5
877,877,41.51142,-7.6512756,989.0,2003-07-09T10:00,22.8,56,13.5,24.7,0.0,0.0,0.0,0.0,0,1018.5,909.7,0,0,0,0,0.47,1.24,2.9,3.6,30,37,15.8,23.8,19.5,16.6,12.9,0.192,0.218,0.253,0.367,1,3600.0,724.0,624.0,100.0,856.8,724.0,963.7,786.4,677.8,108.6,856.8,786.4,1046.7
876,876,41.51142,-7.6512756,989.0,2003-07-09T11:00,24.3,50,13.3,26.9,0.0,0.0,0.0,0.0,0,1017.9,909.7,2,0,0,5,0.58,1.52,3.1,3.5,21,24,15.1,25.7,19.7,16.6,12.9,0.191,0.217,0.253,0.367,1,3600.0,855.0,748.0,107.0,888.9,855.0,1113.5,899.5,786.9,112.6,888.9,899.5,1171.3
875,875,41.51142,-7.6512756,989.0,2003-07-09T12:00,25.5,45,12.7,28.5,0.0,0.0,0.0,0.0,0,1017.5,909.8,2,0,0,8,0.65,1.8,3.0,3.8,14,17,15.8,27.2,20.1,16.6,12.9,0.189,0.217,0.253,0.367,1,3600.0,939.0,828.0,111.0,905.3,939.0,1210.1,961.4,847.7,113.6,905.3,961.4,1238.9
874,874,41.51142,-7.6512756,989.0,2003-07-09T13:00,26.4,41,12.3,29.5,0.0,0.0,0.0,0.0,0,1017.1,909.7,1,0,0,3,0.68,2.02,2.9,3.6,360,6,16.9,28.3,20.4,16.6,12.9,0.188,0.216,0.253,0.367,1,3600.0,971.0,860.0,111.0,912.5,971.0,1247.1,969.3,858.5,110.8,912.5,969.3,1244.8
873,873,41.51142,-7.6512756,989.0,2003-07-09T14:00,27.1,39,12.0,29.8,0.0,0.0,0.0,0.0,0,1016.6,909.5,1,0,0,4,0.67,2.18,3.2,3.9,333,338,18.7,29.0,20.8,16.6,12.9,0.186,0.215,0.253,0.367,1,3600.0,947.0,836.0,111.0,905.3,947.0,1221.8,921.3,813.3,108.0,905.3,921.3,1188.7
872,872,41.51142,-7.6512756,989.0,2003-07-09T15:00,27.4,38,11.8,29.3,0.0,0.0,0.0,0.0,0,1016.2,909.2,0,0,0,0,0.62,2.27,4.9,6.0,324,327,21.6,29.2,21.2,16.6,12.9,0.185,0.214,0.252,0.367,1,3600.0,869.0,762.0,107.0,887.5,869.0,1136.0,821.7,720.6,101.2,887.5,821.7,1074.2
871,871,41.51142,-7.6512756,989.0,2003-07-09T16:00,27.4,38,11.8,28.2,0.0,0.0,0.0,0.0,0,1016.0,909.0,0,0,0,0,0.54,2.26,6.7,8.6,324,327,24.5,28.9,21.5,16.6,12.9,0.184,0.214,0.252,0.367,1,3600.0,744.0,644.0,100.0,855.9,744.0,995.6,679.6,588.2,91.3,855.9,679.6,909.3
870,870,41.51142,-7.6512756,989.0,2003-07-09T17:00,26.9,39,11.8,26.3,0.0,0.0,0.0,0.0,0,1015.6,908.5,0,0,0,0,0.43,2.16,9.4,12.1,328,330,27.0,28.1,21.7,16.6,12.9,0.183,0.213,0.252,0.367,1,3600.0,582.0,491.0,91.0,802.1,582.0,810.0,506.7,427.5,79.2,802.1,506.7,705.2
869,869,41.51142,-7.6512756,989.0,2003-07-09T18:00,26.0,42,12.0,25.0,0.0,0.0,0.0,0.0,0,1015.6,908.2,0,0,0,0,0.31,1.96,10.9,15.6,333,334,28.4,27.0,21.9,16.7,12.9,0.182,0.213,0.252,0.367,1,3600.0,397.0,319.0,78.0,713.1,397.0,591.9,319.1,256.4,62.7,713.1,319.1,475.7
868,868,41.51142,-7.6512756,989.0,2003-07-09T19:00,24.9,48,13.1,24.6,0.0,0.0,0.0,0.0,0,1015.8,908.0,0,0,0,0,0.18,1.65,9.0,18.0,337,340,26.6,25.6,22.0,16.7,12.9,0.182,0.213,0.252,0.367,1,3600.0,210.0,152.0,58.0,564.7,210.0,356.2,139.4,100.9,38.5,564.7,139.4,236.5
867,867,41.51142,-7.6512756,989.0,2003-07-09T20:00,23.0,55,13.6,22.9,0.0,0.0,0.0,0.0,0,1016.3,907.8,0,0,0,0,0.07,1.25,8.6,16.8,338,345,24.5,23.9,22.0,16.7,12.9,0.181,0.213,0.252,0.367,1,2142.6,54.0,31.0,23.0,247.2,54.0,118.9,1.7,1.0,0.7,11.4,1.2,3.8
866,866,41.51142,-7.6512756,989.0,2003-07-09T21:00,20.9,65,14.1,21.2,0.0,0.0,0.0,0.0,0,1017.1,907.8,0,0,0,0,0.03,0.87,7.6,12.7,341,345,20.2,22.4,22.0,16.7,12.9,0.181,0.213,0.252,0.367,0,0.0,0.0,0.0,0.0,0.0,0.0,0.0,0.0,0.0,0.0,0.0,0.0,0.0
865,865,41.51142,-7.6512756,989.0,2003-07-09T22:00,18.9,77,14.7,19.5,0.0,0.0,0.0,0.0,0,1017.7,907.7,0,0,0,0,0.01,0.51,7.2,11.3,342,343,16.6,21.0,21.8,16.7,12.9,0.181,0.213,0.252,0.367,0,0.0,0.0,0.0,0.0,0.0,0.0,0.0,0.0,0.0,0.0,0.0,0.0,0.0
864,864,41.51142,-7.6512756,989.0,2003-07-09T23:00,17.7,81,14.4,18.1,0.0,0.0,0.0,0.0,0,1017.5,907.1,0,0,0,0,0.0,0.38,7.0,10.3,348,348,15.8,19.8,21.6,16.8,12.9,0.181,0.213,0.252,0.367,0,0.0,0.0,0.0,0.0,0.0,0.0,0.0,0.0,0.0,0.0,0.0,0.0,0.0
863,863,41.51142,-7.6512756,989.0,2003-07-10T00:00,17.0,82,14.0,17.4,0.0,0.0,0.0,0.0,0,1017.6,906.9,0,0,0,0,0.0,0.35,6.6,9.4,351,353,15.5,18.8,21.4,16.8,12.9,0.182,0.213,0.252,0.367,0,0.0,0.0,0.0,0.0,0.0,0.0,0.0,0.0,0.0,0.0,0.0,0.0,0.0
862,862,41.51142,-7.6512756,989.0,2003-07-10T01:00,16.3,85,13.7,16.6,0.0,0.0,0.0,0.0,0,1017.2,906.3,0,0,0,0,0.0,0.29,6.8,9.1,357,7,14.8,18.0,21.2,16.8,12.9,0.182,0.213,0.252,0.367,0,0.0,0.0,0.0,0.0,0.0,0.0,0.0,0.0,0.0,0.0,0.0,0.0,0.0
861,861,41.51142,-7.6512756,989.0,2003-07-10T02:00,15.0,89,13.2,15.1,0.0,0.0,0.0,0.0,0,1016.9,905.6,0,0,0,0,0.0,0.18,6.3,8.7,13,30,14.4,17.3,20.9,16.8,12.9,0.182,0.213,0.252,0.367,0,0.0,0.0,0.0,0.0,0.0,0.0,0.0,0.0,0.0,0.0,0.0,0.0,0.0
860,860,41.51142,-7.6512756,989.0,2003-07-10T03:00,14.3,90,12.7,14.3,0.0,0.0,0.0,0.0,0,1016.5,905.0,0,0,0,0,0.0,0.17,5.8,8.6,22,57,14.8,16.8,20.6,16.8,13.0,0.182,0.213,0.252,0.367,0,0.0,0.0,0.0,0.0,0.0,0.0,0.0,0.0,0.0,0.0,0.0,0.0,0.0
859,859,41.51142,-7.6512756,989.0,2003-07-10T04:00,14.2,88,12.2,14.2,0.0,0.0,0.0,0.0,0,1016.3,904.7,0,0,0,0,0.0,0.19,4.7,7.2,32,87,14.8,16.4,20.3,16.8,13.0,0.182,0.213,0.252,0.367,0,0.0,0.0,0.0,0.0,0.0,0.0,0.0,0.0,0.0,0.0,0.0,0.0,0.0
858,858,41.51142,-7.6512756,989.0,2003-07-10T05:00,14.1,87,11.9,14.2,0.0,0.0,0.0,0.0,0,1016.3,904.7,0,0,0,0,0.0,0.22,3.6,5.2,37,106,14.0,16.0,20.1,16.8,13.0,0.182,0.213,0.252,0.367,0,0.0,0.0,0.0,0.0,0.0,0.0,0.0,0.0,0.0,0.0,0.0,0.0,0.0
857,857,41.51142,-7.6512756,989.0,2003-07-10T06:00,14.5,86,12.2,14.9,0.0,0.0,0.0,0.0,0,1016.5,905.0,0,0,0,0,0.01,0.23,2.3,4.3,39,114,12.2,16.1,19.8,16.8,13.0,0.182,0.213,0.252,0.367,1,1167.27,32.0,17.0,15.0,157.5,32.0,84.1,72.2,38.4,33.8,267.5,42.5,189.8
856,856,41.51142,-7.6512756,989.0,2003-07-10T07:00,17.9,75,13.4,18.7,0.0,0.0,0.0,0.0,0,1016.7,906.4,0,0,0,0,0.09,0.52,2.5,4.2,45,110,10.1,18.0,19.7,16.9,13.0,0.182,0.213,0.252,0.367,1,3600.0,176.0,123.0,53.0,526.4,176.0,309.2,244.2,170.6,73.5,526.4,244.2,429.0
855,855,41.51142,-7.6512756,989.0,2003-07-10T08:00,20.8,60,12.7,21.3,0.0,0.0,0.0,0.0,0,1016.9,907.6,0,0,0,0,0.21,0.99,2.5,4.0,82,100,11.9,20.4,19.7,16.9,13.0,0.182,0.213,0.252,0.367,1,3600.0,360.0,286.0,74.0,692.5,360.0,546.5,435.8,346.3,89.6,692.5,435.8,661.6
854,854,41.51142,-7.6512756,989.0,2003-07-10T09:00,22.4,52,12.0,22.5,0.0,0.0,0.0,0.0,0,1017.0,908.3,0,0,0,0,0.35,1.31,3.5,4.3,114,114,14.0,22.4,19.7,16.9,13.0,0.181,0.212,0.252,0.367,1,3600.0,546.0,457.0,89.0,786.2,546.0,769.1,618.9,518.0,100.9,786.2,618.9,871.8
853,853,41.51142,-7.6512756,989.0,2003-07-10T10:00,23.9,49,12.5,25.4,0.0,0.0,0.0,0.0,0,1016.9,908.7,0,0,0,0,0.47,1.52,2.5,3.3,135,139,15.1,24.3,19.9,16.9,13.0,0.18,0.212,0.252,0.367,1,3600.0,712.0,612.0,100.0,841.7,712.0,962.1,773.5,664.9,108.6,841.7,773.5,1045.3
852,852,41.51142,-7.6512756,989.0,2003-07-10T11:00,25.3,46,12.8,27.9,0.0,0.0,0.0,0.0,0,1016.5,908.8,0,0,0,0,0.58,1.75,2.1,2.6,149,146,15.1,26.2,20.2,16.9,13.0,0.179,0.211,0.252,0.366,1,3600.0,842.0,734.0,108.0,873.3,842.0,1112.1,885.9,772.3,113.6,873.3,885.9,1170.1
851,851,41.51142,-7.6512756,989.0,2003-07-10T12:00,26.7,43,12.9,30.0,0.0,0.0,0.0,0.0,0,1016.4,909.2,0,0,0,0,0.65,2.01,1.4,2.2,180,171,15.5,27.8,20.5,16.9,13.0,0.178,0.21,0.251,0.366,1,3600.0,927.0,814.0,113.0,890.9,927.0,1209.0,949.2,833.5,115.7,890.9,949.2,1237.9
850,850,41.51142,-7.6512756,989.0,2003-07-10T13:00,27.7,40,12.8,31.2,0.0,0.0,0.0,0.0,0,1015.5,908.7,0,0,0,0,0.68,2.23,1.3,1.8,214,217,16.2,29.1,20.9,16.9,13.0,0.176,0.21,0.251,0.366,1,3600.0,958.0,844.0,114.0,896.2,958.0,1246.2,956.3,842.5,113.8,896.2,956.3,1244.0
849,849,41.51142,-7.6512756,989.0,2003-07-10T14:00,28.4,38,12.8,31.5,0.0,0.0,0.0,0.0,0,1015.3,908.8,0,0,0,0,0.67,2.38,2.6,3.1,236,234,16.9,30.0,21.3,16.9,13.0,0.175,0.209,0.251,0.366,1,3600.0,934.0,821.0,113.0,889.7,934.0,1221.0,908.7,798.7,109.9,889.7,908.7,1187.9
848,848,41.51142,-7.6512756,989.0,2003-07-10T15:00,28.8,37,12.7,31.1,0.0,0.0,0.0,0.0,0,1014.8,908.4,0,0,0,0,0.62,2.49,3.4,4.2,252,250,18.0,30.3,21.7,16.9,13.0,0.174,0.208,0.251,0.366,1,3600.0,855.0,746.0,109.0,869.5,855.0,1135.3,808.5,705.4,103.1,869.5,808.5,1073.5
847,847,41.51142,-7.6512756,989.0,2003-07-10T16:00,28.8,37,12.8,30.2,0.0,0.0,0.0,0.0,0,1014.6,908.3,0,0,0,0,0.53,2.48,4.4,5.5,261,259,19.4,30.1,22.0,17.0,13.0,0.173,0.208,0.251,0.366,1,3600.0,730.0,628.0,102.0,835.3,730.0,994.8,666.7,573.6,93.2,835.3,666.7,908.6
846,846,41.51142,-7.6512756,989.0,2003-07-10T17:00,28.3,39,13.2,28.6,0.0,0.0,0.0,0.0,0,1014.6,908.1,0,0,0,0,0.42,2.34,5.8,7.3,277,279,20.5,29.3,22.3,17.0,13.0,0.172,0.207,0.25,0.366,1,3600.0,570.0,477.0,93.0,780.0,570.0,809.2,496.1,415.2,80.9,780.0,496.1,704.3
845,845,41.51142,-7.6512756,989.0,2003-07-10T18:00,27.4,44,14.1,27.8,0.0,0.0,0.0,0.0,0,1014.4,907.6,4,0,7,0,0.29,2.04,6.4,8.5,297,298,20.9,28.2,22.5,17.0,13.0,0.171,0.207,0.25,0.366,1,3600.0,387.0,307.0,80.0,687.4,387.0,590.9,310.8,246.6,64.3,687.4,310.8,474.6
844,844,41.51142,-7.6512756,989.0,2003-07-10T19:00,26.2,51,15.2,27.2,0.0,0.0,0.0,0.0,0,1014.5,907.3,4,0,7,0,0.14,1.67,5.4,10.4,312,316,16.6,26.8,22.6,17.0,13.0,0.171,0.207,0.25,0.366,1,3600.0,184.0,117.0,67.0,436.1,184.0,355.0,121.9,77.5,44.4,436.1,121.9,235.2
843,843,41.51142,-7.6512756,989.0,2003-07-10T20:00,24.3,60,16.0,25.2,0.0,0.0,0.0,0.0,0,1015.1,907.2,0,0,0,0,0.06,1.22,7.6,11.4,315,325,15.8,25.1,22.7,17.0,13.0,0.171,0.206,0.25,0.366,1,2120.47,51.0,28.0,23.0,224.1,51.0,117.5,1.0,0.5,0.4,6.2,0.7,2.3
842,842,41.51142,-7.6512756,989.0,2003-07-10T21:00,22.3,70,16.5,23.5,0.0,0.0,0.0,0.0,0,1016.1,907.4,0,0,0,0,0.02,0.82,7.0,10.2,325,337,14.8,23.5,22.6,17.1,13.0,0.171,0.206,0.25,0.366,0,0.0,0.0,0.0,0.0,0.0,0.0,0.0,0.0,0.0,0.0,0.0,0.0,0.0
841,841,41.51142,-7.6512756,989.0,2003-07-10T22:00,20.5,80,16.9,22.2,0.0,0.0,0.0,0.0,0,1016.8,907.4,0,0,0,0,0.0,0.49,5.4,8.1,340,347,13.3,22.3,22.5,17.1,13.0,0.171,0.206,0.25,0.366,0,0.0,0.0,0.0,0.0,0.0,0.0,0.0,0.0,0.0,0.0,0.0,0.0,0.0
840,840,41.51142,-7.6512756,989.0,2003-07-10T23:00,19.3,87,17.0,21.0,0.0,0.0,0.0,0.0,0,1016.7,906.9,0,0,0,0,0.0,0.3,5.5,8.3,349,355,13.3,21.1,22.3,17.1,13.0,0.171,0.206,0.25,0.366,0,0.0,0.0,0.0,0.0,0.0,0.0,0.0,0.0,0.0,0.0,0.0,0.0,0.0
839,839,41.51142,-7.6512756,989.0,2003-07-11T00:00,18.5,90,16.8,20.2,0.0,0.0,0.0,0.0,0,1016.6,906.6,0,0,0,0,0.0,0.22,5.2,7.6,348,357,13.0,20.1,22.1,17.1,13.0,0.171,0.206,0.25,0.366,0,0.0,0.0,0.0,0.0,0.0,0.0,0.0,0.0,0.0,0.0,0.0,0.0,0.0
838,838,41.51142,-7.6512756,989.0,2003-07-11T01:00,17.7,92,16.4,19.2,0.0,0.0,0.0,0.0,0,1016.2,905.9,0,0,0,0,0.0,0.16,5.2,6.9,344,354,12.6,19.3,21.9,17.1,13.0,0.171,0.206,0.25,0.366,0,0.0,0.0,0.0,0.0,0.0,0.0,0.0,0.0,0.0,0.0,0.0,0.0,0.0
837,837,41.51142,-7.6512756,989.0,2003-07-11T02:00,17.1,94,16.1,18.5,0.0,0.0,0.0,0.0,0,1015.8,905.3,0,0,0,0,0.0,0.12,5.2,5.8,348,360,11.5,18.6,21.7,17.1,13.0,0.171,0.206,0.25,0.366,0,0.0,0.0,0.0,0.0,0.0,0.0,0.0,0.0,0.0,0.0,0.0,0.0,0.0
836,836,41.51142,-7.6512756,989.0,2003-07-11T03:00,16.1,96,15.5,17.3,0.0,0.0,0.0,0.0,0,1015.7,904.9,0,0,0,0,0.0,0.07,4.7,5.2,9,34,11.2,18.1,21.4,17.2,13.0,0.171,0.206,0.25,0.366,0,0.0,0.0,0.0,0.0,0.0,0.0,0.0,0.0,0.0,0.0,0.0,0.0,0.0
835,835,41.51142,-7.6512756,989.0,2003-07-11T04:00,15.4,97,14.8,16.4,0.0,0.0,0.0,0.0,0,1015.4,904.4,0,0,0,0,0.0,0.06,4.2,5.8,20,68,11.2,17.6,21.2,17.2,13.0,0.171,0.206,0.25,0.366,0,0.0,0.0,0.0,0.0,0.0,0.0,0.0,0.0,0.0,0.0,0.0,0.0,0.0
834,834,41.51142,-7.6512756,989.0,2003-07-11T05:00,15.2,95,14.3,16.1,0.0,0.0,0.0,0.0,0,1015.5,904.4,0,0,0,0,0.0,0.09,3.4,5.4,32,90,11.9,17.2,20.9,17.2,13.0,0.171,0.206,0.25,0.366,0,0.0,0.0,0.0,0.0,0.0,0.0,0.0,0.0,0.0,0.0,0.0,0.0,0.0
833,833,41.51142,-7.6512756,989.0,2003-07-11T06:00,15.8,92,14.5,17.1,0.0,0.0,0.0,0.0,0,1015.8,904.9,0,0,0,0,0.01,0.14,1.5,4.8,45,117,11.9,17.2,20.6,17.2,13.0,0.171,0.206,0.25,0.366,1,1041.95,31.0,16.0,15.0,149.6,31.0,82.9,70.0,36.2,33.9,255.5,41.0,187.3
832,832,41.51142,-7.6512756,989.0,2003-07-11T07:00,19.3,83,16.2,21.1,0.0,0.0,0.0,0.0,0,1016.1,906.4,0,0,0,0,0.09,0.39,2.1,4.7,59,122,10.4,19.2,20.5,17.2,13.0,0.171,0.206,0.25,0.366,1,3600.0,171.0,117.0,54.0,504.7,171.0,306.8,237.8,162.7,75.1,504.7,237.8,426.7
831,831,41.51142,-7.6512756,989.0,2003-07-11T08:00,22.1,67,15.6,23.6,0.0,0.0,0.0,0.0,0,1016.5,907.7,0,0,0,0,0.22,0.89,2.4,3.4,117,122,12.6,21.7,20.5,17.2,13.0,0.171,0.206,0.25,0.366,1,3600.0,355.0,279.0,76.0,678.3,355.0,544.3,430.2,338.1,92.1,678.3,430.2,659.5
830,830,41.51142,-7.6512756,989.0,2003-07-11T09:00,23.8,56,14.4,24.8,0.0,0.0,0.0,0.0,0,1016.4,908.2,0,0,0,0,0.36,1.31,3.3,4.3,139,138,15.1,23.6,20.6,17.2,13.0,0.171,0.206,0.25,0.366,1,3600.0,541.0,451.0,90.0,777.9,541.0,767.2,613.5,511.4,102.1,777.9,613.5,870.0
829,829,41.51142,-7.6512756,989.0,2003-07-11T10:00,25.3,51,14.4,27.3,0.0,0.0,0.0,0.0,0,1016.7,909.0,0,0,0,0,0.48,1.59,3.6,4.6,143,141,16.9,25.6,20.8,17.2,13.1,0.17,0.205,0.25,0.366,1,3600.0,709.0,607.0,102.0,836.3,709.0,960.5,770.5,659.6,110.8,836.3,770.5,1043.8
828,828,41.51142,-7.6512756,989.0,2003-07-11T11:00,26.9,47,14.6,29.8,0.0,0.0,0.0,0.0,0,1016.3,909.1,0,0,0,0,0.59,1.88,3.7,4.7,151,148,18.4,27.5,21.1,17.2,13.1,0.169,0.205,0.25,0.366,1,3600.0,841.0,732.0,109.0,872.1,841.0,1110.8,885.0,770.3,114.7,872.1,885.0,1168.9
827,827,41.51142,-7.6512756,989.0,2003-07-11T12:00,28.3,43,14.4,31.6,0.0,0.0,0.0,0.0,0,1015.7,909.1,0,0,0,0,0.67,2.21,4.0,4.8,170,167,21.2,29.1,21.4,17.2,13.1,0.168,0.204,0.25,0.366,1,3600.0,927.0,814.0,113.0,891.8,927.0,1207.9,949.3,833.5,115.7,891.8,949.3,1236.9
826,826,41.51142,-7.6512756,989.0,2003-07-11T13:00,29.2,37,12.9,31.4,0.0,0.0,0.0,0.0,0,1015.3,909.0,8,0,13,0,0.64,2.58,4.9,6.4,197,196,23.0,30.0,21.8,17.3,13.1,0.167,0.203,0.249,0.366,1,3600.0,860.0,728.0,132.0,773.6,860.0,1245.2,858.6,726.8,131.8,773.6,858.6,1243.1
825,825,41.51142,-7.6512756,989.0,2003-07-11T14:00,29.5,35,12.6,31.5,0.0,0.0,0.0,0.0,0,1015.0,908.8,8,0,12,2,0.65,2.66,5.4,6.9,222,219,23.0,30.4,22.1,17.3,13.1,0.166,0.203,0.249,0.366,1,3600.0,869.0,732.0,137.0,793.8,869.0,1220.2,845.5,712.2,133.3,793.8,845.5,1187.1
824,824,41.51142,-7.6512756,989.0,2003-07-11T15:00,29.5,36,12.8,31.0,0.0,0.0,0.0,0.0,1,1014.6,908.5,20,0,33,2,0.58,2.66,5.3,6.8,242,245,22.3,30.5,22.5,17.3,13.1,0.165,0.202,0.249,0.366,1,3600.0,768.0,593.0,175.0,691.7,768.0,1134.5,726.2,560.7,165.5,691.7,726.2,1072.8
823,823,41.51142,-7.6512756,989.0,2003-07-11T16:00,29.3,37,13.2,29.9,0.0,0.0,0.0,0.0,0,1014.6,908.4,19,0,31,1,0.48,2.55,6.2,8.0,277,275,21.6,30.3,22.8,17.3,13.1,0.164,0.202,0.249,0.366,1,3600.0,622.0,458.0,164.0,609.7,622.0,994.0,568.0,418.2,149.8,609.7,568.0,907.8
822,822,41.51142,-7.6512756,989.0,2003-07-11T17:00,28.4,41,14.1,28.6,0.0,0.0,0.0,0.0,0,1014.4,908.0,11,0,18,1,0.39,2.27,8.3,11.1,304,306,20.5,29.4,23.0,17.3,13.1,0.163,0.201,0.249,0.365,1,3600.0,488.0,388.0,100.0,635.2,488.0,808.3,424.7,337.6,87.0,635.2,424.7,703.4
821,821,41.51142,-7.6512756,989.0,2003-07-11T18:00,27.4,48,15.4,27.7,0.0,0.0,0.0,0.0,0,1014.2,907.5,10,0,15,4,0.3,1.91,10.5,14.5,322,325,22.7,28.4,23.2,17.4,13.1,0.163,0.201,0.249,0.365,1,3600.0,370.0,282.0,88.0,632.6,370.0,589.9,297.0,226.4,70.6,632.6,297.0,473.5
820,820,41.51142,-7.6512756,989.0,2003-07-11T19:00,25.7,56,16.2,26.7,0.0,0.0,0.0,0.0,0,1014.3,907.0,8,0,6,14,0.15,1.45,8.0,15.1,324,332,25.2,26.9,23.2,17.4,13.1,0.162,0.201,0.249,0.365,1,3600.0,182.0,120.0,62.0,448.9,182.0,353.8,120.3,79.3,41.0,448.9,120.3,233.8
819,819,41.51142,-7.6512756,989.0,2003-07-11T20:00,23.8,65,16.8,25.2,0.0,0.0,0.0,0.0,0,1014.8,906.8,6,0,1,17,0.05,1.03,6.6,12.4,315,330,21.2,25.3,23.3,17.4,13.1,0.162,0.201,0.249,0.365,1,2096.51,51.0,29.0,22.0,233.1,51.0,116.0,0.3,0.2,0.1,1.8,0.2,0.6
818,818,41.51142,-7.6512756,989.0,2003-07-11T21:00,22.0,74,17.2,23.6,0.0,0.0,0.0,0.0,0,1015.4,906.7,5,0,0,16,0.01,0.68,6.4,11.1,313,331,17.3,23.8,23.2,17.4,13.1,0.162,0.201,0.249,0.365,0,0.0,0.0,0.0,0.0,0.0,0.0,0.0,0.0,0.0,0.0,0.0,0.0,0.0
817,817,41.51142,-7.6512756,989.0,2003-07-11T22:00,20.5,82,17.4,22.4,0.0,0.0,0.0,0.0,0,1016.2,906.9,2,0,1,5,0.0,0.43,5.5,9.7,302,318,15.8,22.7,23.1,17.4,13.1,0.162,0.201,0.249,0.365,0,0.0,0.0,0.0,0.0,0.0,0.0,0.0,0.0,0.0,0.0,0.0,0.0,0.0
816,816,41.51142,-7.6512756,989.0,2003-07-11T23:00,19.3,89,17.5,21.3,0.0,0.0,0.0,0.0,0,1016.3,906.6,1,0,2,0,0.0,0.24,5.0,8.2,291,308,15.1,21.7,22.9,17.5,13.1,0.162,0.201,0.249,0.365,0,0.0,0.0,0.0,0.0,0.0,0.0,0.0,0.0,0.0,0.0,0.0,0.0,0.0
815,815,41.51142,-7.6512756,989.0,2003-07-12T00:00,18.4,94,17.5,20.4,0.0,0.0,0.0,0.0,1,1016.2,906.2,50,55,0,0,0.0,0.12,5.0,6.9,300,313,13.3,20.9,22.7,17.5,13.1,0.163,0.201,0.249,0.365,0,0.0,0.0,0.0,0.0,0.0,0.0,0.0,0.0,0.0,0.0,0.0,0.0,0.0
814,814,41.51142,-7.6512756,989.0,2003-07-12T01:00,17.8,98,17.4,20.0,0.0,0.0,0.0,0.0,2,1016.3,906.0,52,57,2,0,0.0,0.05,3.3,5.5,319,328,12.2,20.2,22.5,17.5,13.1,0.163,0.201,0.249,0.365,0,0.0,0.0,0.0,0.0,0.0,0.0,0.0,0.0,0.0,0.0,0.0,0.0,0.0
813,813,41.51142,-7.6512756,989.0,2003-07-12T02:00,17.4,98,17.1,19.4,0.0,0.0,0.0,0.0,1,1015.8,905.4,49,53,2,0,0.0,0.04,3.6,6.1,323,332,13.3,19.5,22.3,17.5,13.1,0.163,0.201,0.249,0.365,0,0.0,0.0,0.0,0.0,0.0,0.0,0.0,0.0,0.0,0.0,0.0,0.0,0.0
812,812,41.51142,-7.6512756,989.0,2003-07-12T03:00,17.3,99,17.1,19.3,0.0,0.0,0.0,0.0,3,1015.5,905.1,89,98,1,0,0.0,0.02,3.6,5.8,323,338,13.3,19.0,22.0,17.5,13.1,0.163,0.201,0.249,0.365,0,0.0,0.0,0.0,0.0,0.0,0.0,0.0,0.0,0.0,0.0,0.0,0.0,0.0
811,811,41.51142,-7.6512756,989.0,2003-07-12T04:00,16.9,99,16.8,18.9,0.0,0.0,0.0,0.0,3,1015.3,904.8,88,97,2,0,0.0,0.01,2.3,3.6,321,360,12.2,18.7,21.8,17.5,13.1,0.163,0.201,0.249,0.365,0,0.0,0.0,0.0,0.0,0.0,0.0,0.0,0.0,0.0,0.0,0.0,0.0,0.0
810,810,41.51142,-7.6512756,989.0,2003-07-12T05:00,16.5,99,16.4,18.5,0.0,0.0,0.0,0.0,3,1015.2,904.6,91,100,1,0,0.0,0.01,1.4,2.3,360,72,10.1,18.6,21.6,17.5,13.1,0.163,0.201,0.249,0.365,0,0.0,0.0,0.0,0.0,0.0,0.0,0.0,0.0,0.0,0.0,0.0,0.0,0.0
809,809,41.51142,-7.6512756,989.0,2003-07-12T06:00,16.7,98,16.4,18.8,0.0,0.0,0.0,0.0,2,1015.3,904.8,70,78,0,0,0.01,0.04,1.5,2.9,14,120,9.7,18.9,21.4,17.6,13.1,0.163,0.201,0.249,0.365,1,174.73,24.0,8.0,16.0,75.5,24.0,81.6,54.3,18.1,36.2,129.7,31.6,184.7
808,808,41.51142,-7.6512756,989.0,2003-07-12T07:00,18.0,97,17.5,20.6,0.0,0.0,0.0,0.0,0,1015.3,905.2,13,14,0,0,0.08,0.06,1.0,3.6,45,143,11.2,20.1,21.3,17.6,13.1,0.163,0.201,0.249,0.365,1,3600.0,149.0,84.0,65.0,365.3,149.0,304.3,207.8,117.1,90.6,365.3,207.8,424.3
807,807,41.51142,-7.6512756,989.0,2003-07-12T08:00,21.3,80,17.7,23.9,0.0,0.0,0.0,0.0,0,1015.6,906.6,0,0,0,0,0.18,0.5,1.1,2.3,162,162,11.5,21.9,21.2,17.6,13.1,0.163,0.201,0.249,0.365,1,3600.0,295.0,179.0,116.0,437.0,295.0,542.0,357.8,217.1,140.7,437.0,357.8,657.5
806,806,41.51142,-7.6512756,989.0,2003-07-12T09:00,23.6,61,15.7,25.1,0.0,0.0,0.0,0.0,0,1015.7,907.5,0,0,0,0,0.35,1.12,3.0,3.7,194,191,14.4,24.2,21.3,17.6,13.1,0.162,0.2,0.249,0.365,1,3600.0,541.0,454.0,87.0,785.1,541.0,765.3,613.8,515.1,98.7,785.1,613.8,868.2
805,805,41.51142,-7.6512756,989.0,2003-07-12T10:00,25.0,56,15.5,27.4,0.0,0.0,0.0,0.0,0,1015.6,907.9,0,0,0,0,0.48,1.41,3.7,4.5,209,209,16.6,26.3,21.5,17.6,13.1,0.162,0.2,0.249,0.365,1,3600.0,708.0,614.0,94.0,847.5,708.0,958.8,769.6,667.4,102.2,847.5,769.6,1042.2
804,804,41.51142,-7.6512756,989.0,2003-07-12T11:00,26.3,52,15.6,29.5,0.0,0.0,0.0,0.0,0,1015.5,908.2,0,0,0,0,0.59,1.66,4.2,4.9,200,197,18.4,28.1,21.8,17.6,13.1,0.161,0.199,0.248,0.365,1,3600.0,839.0,740.0,99.0,882.8,839.0,1109.3,883.1,778.9,104.2,882.8,883.1,1167.6
803,803,41.51142,-7.6512756,989.0,2003-07-12T12:00,27.2,49,15.7,30.6,0.0,0.0,0.0,0.0,0,1015.1,908.2,1,1,0,0,0.66,1.83,5.9,7.1,223,221,19.8,29.4,22.1,17.6,13.1,0.16,0.199,0.248,0.365,1,3600.0,922.0,817.0,105.0,896.0,922.0,1206.7,944.2,836.7,107.5,896.0,944.2,1235.8
802,802,41.51142,-7.6512756,989.0,2003-07-12T13:00,27.9,47,15.7,31.2,0.0,0.0,0.0,0.0,1,1014.6,908.0,22,25,0,0,0.66,1.98,6.4,7.7,232,233,23.4,30.3,22.4,17.6,13.1,0.159,0.198,0.248,0.365,1,3600.0,913.0,754.0,159.0,802.0,913.0,1244.2,911.5,752.8,158.7,802.0,911.5,1242.2
801,801,41.51142,-7.6512756,989.0,2003-07-12T14:00,28.5,46,15.8,31.2,0.0,0.0,0.0,0.0,1,1014.3,907.9,37,40,1,0,0.62,2.1,7.1,8.7,246,246,24.5,31.0,22.7,17.6,13.1,0.158,0.197,0.248,0.365,1,3600.0,832.0,581.0,251.0,630.6,832.0,1219.3,809.5,565.3,244.2,630.6,809.5,1186.3
800,800,41.51142,-7.6512756,989.0,2003-07-12T15:00,28.4,47,15.8,30.0,0.0,0.0,0.0,0.0,2,1014.1,907.7,52,47,15,1,0.54,2.07,8.9,11.1,256,257,27.0,30.9,23.0,17.7,13.2,0.157,0.197,0.247,0.365,1,3600.0,710.0,515.0,195.0,601.2,710.0,1133.7,671.3,486.9,184.4,601.2,671.3,1071.9
799,799,41.51142,-7.6512756,989.0,2003-07-12T16:00,27.9,45,14.8,28.3,0.0,0.0,0.0,0.0,1,1014.2,907.6,48,38,19,7,0.42,2.08,8.3,10.4,270,270,26.6,30.2,23.3,17.7,13.2,0.157,0.196,0.247,0.365,1,3600.0,530.0,351.0,179.0,467.7,530.0,993.2,483.9,320.5,163.4,467.7,483.9,906.8
798,798,41.51142,-7.6512756,989.0,2003-07-12T17:00,27.0,51,16.1,27.8,0.0,0.0,0.0,0.0,1,1014.3,907.4,45,35,20,4,0.35,1.73,8.6,11.2,272,274,26.3,29.4,23.5,17.7,13.2,0.157,0.196,0.247,0.365,1,3600.0,454.0,326.0,128.0,534.4,454.0,807.3,395.0,283.6,111.4,534.4,395.0,702.3
797,797,41.51142,-7.6512756,989.0,2003-07-12T18:00,25.5,59,17.0,26.5,0.0,0.0,0.0,0.0,1,1014.2,906.8,26,17,12,12,0.24,1.33,10.8,14.8,272,273,25.9,28.0,23.6,17.7,13.2,0.156,0.196,0.247,0.365,1,3600.0,293.0,167.0,126.0,375.4,293.0,588.7,235.0,134.0,101.1,375.4,235.0,472.2
796,796,41.51142,-7.6512756,989.0,2003-07-12T19:00,22.5,71,17.0,23.4,0.0,0.0,0.0,0.0,1,1014.7,906.2,22,21,1,7,0.12,0.79,10.8,15.1,270,271,28.8,26.3,23.7,17.7,13.2,0.156,0.196,0.247,0.365,1,3600.0,154.0,66.0,88.0,247.9,154.0,352.4,101.5,43.5,58.0,247.9,101.5,232.3
795,795,41.51142,-7.6512756,989.0,2003-07-12T20:00,20.8,78,16.8,22.0,0.0,0.0,0.0,0.0,2,1015.6,906.4,56,59,2,5,0.04,0.54,7.9,12.0,273,277,24.8,24.6,23.6,17.8,13.2,0.156,0.196,0.247,0.365,1,497.42,35.0,11.0,24.0,88.8,35.0,114.3,0.0,0.0,0.0,0.0,0.0,0.0
794,794,41.51142,-7.6512756,989.0,2003-07-12T21:00,19.7,82,16.6,20.9,0.0,0.0,0.0,0.0,2,1016.0,906.4,59,64,2,0,0.0,0.41,7.6,11.3,273,277,19.1,23.3,23.5,17.8,13.2,0.156,0.196,0.247,0.365,0,0.0,0.0,0.0,0.0,0.0,0.0,0.0,0.0,0.0,0.0,0.0,0.0,0.0
793,793,41.51142,-7.6512756,989.0,2003-07-12T22:00,18.9,85,16.4,20.1,0.0,0.0,0.0,0.0,2,1017.0,907.0,70,76,3,0,0.0,0.32,7.2,10.8,264,270,16.9,22.5,23.3,17.8,13.2,0.156,0.196,0.247,0.365,0,0.0,0.0,0.0,0.0,0.0,0.0,0.0,0.0,0.0,0.0,0.0,0.0,0.0
792,792,41.51142,-7.6512756,989.0,2003-07-12T23:00,18.3,87,16.2,19.4,0.0,0.0,0.0,0.0,2,1016.6,906.5,72,78,3,0,0.0,0.27,7.2,10.1,267,272,15.1,21.8,23.2,17.8,13.2,0.156,0.196,0.247,0.365,0,0.0,0.0,0.0,0.0,0.0,0.0,0.0,0.0,0.0,0.0,0.0,0.0,0.0
791,791,41.51142,-7.6512756,989.0,2003-07-13T00:00,17.7,89,16.0,18.7,0.0,0.0,0.0,0.0,3,1016.7,906.4,82,90,1,0,0.0,0.21,7.2,10.5,264,274,15.1,21.2,23.0,17.8,13.2,0.156,0.196,0.247,0.365,0,0.0,0.0,0.0,0.0,0.0,0.0,0.0,0.0,0.0,0.0,0.0,0.0,0.0
790,790,41.51142,-7.6512756,989.0,2003-07-13T01:00,17.9,91,16.5,19.2,0.0,0.0,0.0,0.0,3,1016.3,906.1,92,100,3,0,0.0,0.18,6.9,10.4,261,268,14.0,20.8,22.8,17.9,13.2,0.157,0.196,0.247,0.365,0,0.0,0.0,0.0,0.0,0.0,0.0,0.0,0.0,0.0,0.0,0.0,0.0,0.0
789,789,41.51142,-7.6512756,989.0,2003-07-13T02:00,17.4,93,16.3,18.6,0.0,0.0,0.0,0.0,3,1015.9,905.5,91,100,1,0,0.0,0.13,6.8,10.1,267,272,13.0,20.3,22.6,17.9,13.2,0.157,0.196,0.247,0.365,0,0.0,0.0,0.0,0.0,0.0,0.0,0.0,0.0,0.0,0.0,0.0,0.0,0.0
788,788,41.51142,-7.6512756,989.0,2003-07-13T03:00,17.0,94,16.1,18.2,0.0,0.0,0.0,0.0,3,1015.9,905.4,90,100,0,0,0.0,0.11,6.5,9.1,276,279,13.3,19.9,22.4,17.9,13.2,0.157,0.196,0.247,0.365,0,0.0,0.0,0.0,0.0,0.0,0.0,0.0,0.0,0.0,0.0,0.0,0.0,0.0
787,787,41.51142,-7.6512756,989.0,2003-07-13T04:00,16.8,95,15.9,18.0,0.0,0.0,0.0,0.0,3,1015.7,905.1,90,100,0,0,0.0,0.1,5.4,8.1,278,283,13.3,19.6,22.2,17.9,13.2,0.157,0.196,0.247,0.365,0,0.0,0.0,0.0,0.0,0.0,0.0,0.0,0.0,0.0,0.0,0.0,0.0,0.0
786,786,41.51142,-7.6512756,989.0,2003-07-13T05:00,16.6,95,15.7,17.8,0.0,0.0,0.0,0.0,3,1015.8,905.1,90,100,0,0,0.0,0.1,5.2,7.2,282,288,13.3,19.4,22.0,17.9,13.2,0.158,0.196,0.247,0.365,0,0.0,0.0,0.0,0.0,0.0,0.0,0.0,0.0,0.0,0.0,0.0,0.0,0.0
785,785,41.51142,-7.6512756,989.0,2003-07-13T06:00,16.5,95,15.7,17.8,0.0,0.0,0.0,0.0,3,1016.0,905.3,87,97,0,0,0.01,0.1,4.6,6.3,288,294,14.0,19.3,21.8,17.9,13.2,0.158,0.196,0.247,0.365,1,0.0,13.0,4.0,9.0,38.1,13.0,80.3,29.5,9.1,20.4,65.9,17.0,182.0
784,784,41.51142,-7.6512756,989.0,2003-07-13T07:00,16.9,90,15.3,18.0,0.0,0.0,0.0,0.0,2,1016.1,905.5,72,80,0,0,0.04,0.19,4.3,5.2,294,304,12.6,19.6,21.6,17.9,13.2,0.158,0.196,0.247,0.365,1,0.0,56.0,1.0,55.0,4.4,56.0,301.7,78.3,1.4,76.9,4.4,78.3,421.9
783,783,41.51142,-7.6512756,989.0,2003-07-13T08:00,17.7,86,15.3,19.0,0.0,0.0,0.0,0.0,2,1015.9,905.6,71,79,0,0,0.11,0.28,3.7,4.5,299,299,13.3,20.4,21.5,17.9,13.2,0.158,0.196,0.247,0.365,1,2098.48,185.0,53.0,132.0,129.9,185.0,539.8,224.6,64.3,160.3,129.9,224.6,655.3
782,782,41.51142,-7.6512756,989.0,2003-07-13T09:00,18.9,82,15.7,20.3,0.0,0.0,0.0,0.0,2,1015.8,906.0,58,65,0,0,0.19,0.4,3.6,4.3,276,275,14.0,21.6,21.5,17.9,13.2,0.158,0.196,0.247,0.365,1,2309.26,304.0,79.0,225.0,137.0,304.0,763.3,345.1,89.7,255.4,137.0,345.1,866.4
781,781,41.51142,-7.6512756,989.0,2003-07-13T10:00,20.2,75,15.7,21.6,0.0,0.0,0.0,0.0,2,1015.6,906.2,71,79,0,0,0.26,0.58,3.4,4.2,288,290,16.2,22.8,21.5,17.9,13.2,0.157,0.195,0.247,0.364,1,3600.0,399.0,158.0,241.0,218.5,399.0,957.1,433.8,171.8,262.0,218.5,433.8,1040.7
780,780,41.51142,-7.6512756,989.0,2003-07-13T11:00,21.5,68,15.3,22.8,0.0,0.0,0.0,0.0,1,1015.2,906.3,44,49,0,0,0.36,0.83,3.1,3.6,234,233,19.4,24.2,21.5,18.0,13.2,0.157,0.195,0.247,0.364,1,3600.0,545.0,262.0,283.0,313.0,545.0,1107.9,573.7,275.8,297.9,313.0,573.7,1166.3
779,779,41.51142,-7.6512756,989.0,2003-07-13T12:00,22.7,61,14.8,24.5,0.0,0.0,0.0,0.0,1,1014.8,906.4,27,30,0,0,0.47,1.08,5.6,6.6,230,229,22.7,25.9,21.7,18.0,13.2,0.157,0.195,0.247,0.364,1,3600.0,700.0,418.0,282.0,458.9,700.0,1205.5,717.0,428.1,288.8,458.9,717.0,1234.7
778,778,41.51142,-7.6512756,989.0,2003-07-13T13:00,23.7,55,14.3,25.7,0.0,0.0,0.0,0.0,0,1014.4,906.4,17,19,0,0,0.56,1.31,7.7,9.3,242,242,26.6,27.2,21.9,18.0,13.2,0.156,0.194,0.247,0.364,1,3600.0,825.0,611.0,214.0,650.5,825.0,1243.2,823.7,610.0,213.7,650.5,823.7,1241.2
777,777,41.51142,-7.6512756,989.0,2003-07-13T14:00,23.8,54,14.0,24.8,0.0,0.0,0.0,0.0,0,1013.9,906.0,17,19,0,0,0.5,1.35,9.4,11.7,252,252,28.8,27.6,22.1,18.0,13.2,0.155,0.194,0.247,0.364,1,3600.0,727.0,498.0,229.0,540.9,727.0,1218.4,707.3,484.5,222.8,540.9,707.3,1185.4
776,776,41.51142,-7.6512756,989.0,2003-07-13T15:00,23.9,54,14.1,24.9,0.0,0.0,0.0,0.0,1,1013.7,905.8,24,27,0,0,0.51,1.36,10.3,12.8,258,259,29.5,27.9,22.3,18.0,13.2,0.155,0.193,0.246,0.364,1,3600.0,747.0,510.0,237.0,595.8,747.0,1132.8,706.3,482.2,224.1,595.8,706.3,1071.0
775,775,41.51142,-7.6512756,989.0,2003-07-13T16:00,23.5,56,14.1,23.7,0.0,0.0,0.0,0.0,1,1013.5,905.5,28,31,0,0,0.43,1.29,11.2,14.4,264,266,29.2,27.6,22.5,18.0,13.2,0.154,0.193,0.246,0.364,1,3600.0,639.0,438.0,201.0,584.2,639.0,992.2,583.4,399.9,183.5,584.2,583.4,905.9
774,774,41.51142,-7.6512756,989.0,2003-07-13T17:00,22.7,59,14.2,22.6,0.0,0.0,0.0,0.0,0,1013.4,905.2,17,19,0,0,0.32,1.14,10.8,13.7,270,273,27.7,26.9,22.6,18.0,13.3,0.154,0.193,0.246,0.364,1,3600.0,459.0,337.0,122.0,553.2,459.0,806.2,399.2,293.1,106.1,553.2,399.2,701.2
773,773,41.51142,-7.6512756,989.0,2003-07-13T18:00,21.8,62,14.3,21.7,0.0,0.0,0.0,0.0,0,1013.4,904.8,15,17,0,0,0.25,0.98,10.5,13.8,276,279,27.7,25.9,22.7,18.0,13.3,0.154,0.192,0.246,0.364,1,3600.0,383.0,299.0,84.0,673.6,383.0,587.5,307.0,239.7,67.3,673.6,307.0,470.9
772,772,41.51142,-7.6512756,989.0,2003-07-13T19:00,19.6,69,13.8,19.3,0.0,0.0,0.0,0.0,0,1013.5,904.2,9,10,0,0,0.12,0.7,10.7,14.4,282,283,27.4,24.2,22.7,18.0,13.3,0.154,0.192,0.246,0.364,1,3600.0,159.0,75.0,84.0,282.9,159.0,350.9,104.5,49.3,55.2,282.9,104.5,230.7
771,771,41.51142,-7.6512756,989.0,2003-07-13T20:00,18.2,74,13.6,18.0,0.0,0.0,0.0,0.0,2,1013.7,903.9,58,65,0,0,0.05,0.54,9.7,15.0,292,294,26.3,22.6,22.6,18.1,13.3,0.154,0.192,0.246,0.364,1,1327.27,38.0,17.0,21.0,138.0,38.0,112.6,0.0,0.0,0.0,0.0,0.0,0.0
770,770,41.51142,-7.6512756,989.0,2003-07-13T21:00,17.2,78,13.4,17.0,0.0,0.0,0.0,0.0,2,1014.3,904.0,65,72,0,0,0.01,0.43,9.1,13.1,304,307,24.5,21.4,22.5,18.1,13.3,0.154,0.192,0.246,0.364,0,0.0,0.0,0.0,0.0,0.0,0.0,0.0,0.0,0.0,0.0,0.0,0.0,0.0
769,769,41.51142,-7.6512756,989.0,2003-07-13T22:00,16.6,81,13.3,16.7,0.0,0.0,0.0,0.0,3,1014.6,904.1,82,91,0,0,0.0,0.36,6.5,9.0,304,307,22.0,20.5,22.3,18.1,13.3,0.154,0.192,0.246,0.364,0,0.0,0.0,0.0,0.0,0.0,0.0,0.0,0.0,0.0,0.0,0.0,0.0,0.0
768,768,41.51142,-7.6512756,989.0,2003-07-13T23:00,16.1,83,13.1,16.1,0.0,0.0,0.0,0.0,3,1014.3,903.6,86,95,0,0,0.0,0.32,6.5,8.9,304,310,18.0,19.9,22.1,18.1,13.3,0.154,0.192,0.246,0.364,0,0.0,0.0,0.0,0.0,0.0,0.0,0.0,0.0,0.0,0.0,0.0,0.0,0.0
767,767,41.51142,-7.6512756,989.0,2003-07-14T00:00,15.6,84,12.9,15.6,0.0,0.0,0.0,0.0,3,1014.0,903.2,88,98,0,0,0.0,0.28,6.4,9.2,297,301,15.8,19.4,21.9,18.1,13.3,0.154,0.192,0.246,0.364,0,0.0,0.0,0.0,0.0,0.0,0.0,0.0,0.0,0.0,0.0,0.0,0.0,0.0
766,766,41.51142,-7.6512756,989.0,2003-07-14T01:00,14.5,85,11.9,14.2,0.0,0.0,0.0,0.0,3,1013.5,902.3,90,100,0,0,0.0,0.25,6.0,8.0,303,306,15.5,18.8,21.7,18.1,13.3,0.154,0.192,0.246,0.364,0,0.0,0.0,0.0,0.0,0.0,0.0,0.0,0.0,0.0,0.0,0.0,0.0,0.0
765,765,41.51142,-7.6512756,989.0,2003-07-14T02:00,14.3,85,11.8,14.1,0.0,0.0,0.0,0.0,3,1013.0,901.8,81,90,0,0,0.0,0.25,5.4,7.1,312,315,14.0,18.3,21.5,18.1,13.3,0.154,0.192,0.246,0.364,0,0.0,0.0,0.0,0.0,0.0,0.0,0.0,0.0,0.0,0.0,0.0,0.0,0.0
764,764,41.51142,-7.6512756,989.0,2003-07-14T03:00,14.1,85,11.7,13.9,0.0,0.0,0.0,0.0,2,1012.8,901.6,61,68,0,0,0.0,0.23,5.4,7.4,312,317,12.6,18.0,21.3,18.1,13.3,0.154,0.192,0.246,0.364,0,0.0,0.0,0.0,0.0,0.0,0.0,0.0,0.0,0.0,0.0,0.0,0.0,0.0
763,763,41.51142,-7.6512756,989.0,2003-07-14T04:00,14.0,86,11.7,13.7,0.0,0.0,0.0,0.0,2,1012.8,901.5,53,59,0,0,0.0,0.22,5.4,7.1,307,311,12.2,17.7,21.1,18.1,13.3,0.154,0.192,0.246,0.364,0,0.0,0.0,0.0,0.0,0.0,0.0,0.0,0.0,0.0,0.0,0.0,0.0,0.0
762,762,41.51142,-7.6512756,989.0,2003-07-14T05:00,13.9,87,11.7,13.6,0.0,0.0,0.0,0.0,2,1012.5,901.2,53,59,0,0,0.0,0.21,5.4,7.7,307,307,11.9,17.4,20.8,18.1,13.3,0.154,0.192,0.246,0.364,0,0.0,0.0,0.0,0.0,0.0,0.0,0.0,0.0,0.0,0.0,0.0,0.0,0.0
761,761,41.51142,-7.6512756,989.0,2003-07-14T06:00,14.0,86,11.7,13.8,0.0,0.0,0.0,0.0,2,1012.7,901.5,65,72,0,0,0.02,0.22,5.4,6.9,312,317,12.2,17.4,20.6,18.1,13.3,0.154,0.192,0.246,0.364,1,0.0,16.0,4.0,12.0,38.5,16.0,79.0,36.3,9.1,27.2,67.0,20.8,179.3
760,760,41.51142,-7.6512756,989.0,2003-07-14T07:00,14.4,84,11.8,14.3,0.0,0.0,0.0,0.0,2,1012.5,901.4,50,56,0,0,0.06,0.26,4.6,5.9,321,322,13.3,17.8,20.5,18.1,13.3,0.154,0.192,0.246,0.364,1,3600.0,109.0,47.0,62.0,208.0,109.0,299.1,152.8,65.9,86.9,208.0,152.8,419.4
759,759,41.51142,-7.6512756,989.0,2003-07-14T08:00,15.5,76,11.3,15.3,0.0,0.0,0.0,0.0,1,1012.4,901.7,42,47,0,0,0.14,0.43,4.3,5.6,312,315,14.8,19.0,20.4,18.1,13.3,0.154,0.192,0.246,0.364,1,3600.0,256.0,125.0,131.0,307.8,256.0,537.4,311.1,151.9,159.2,307.8,311.1,653.1
758,758,41.51142,-7.6512756,989.0,2003-07-14T09:00,16.6,70,11.1,16.3,0.0,0.0,0.0,0.0,1,1012.1,901.9,25,28,0,0,0.22,0.57,4.3,5.3,294,298,15.8,20.2,20.3,18.1,13.3,0.154,0.192,0.246,0.364,1,3600.0,384.0,218.0,166.0,379.0,384.0,761.3,436.1,247.6,188.5,379.0,436.1,864.5
757,757,41.51142,-7.6512756,989.0,2003-07-14T10:00,18.1,63,10.9,17.7,0.0,0.0,0.0,0.0,2,1012.1,902.4,63,70,0,0,0.33,0.77,5.2,6.4,295,297,18.4,21.9,20.4,18.1,13.3,0.153,0.192,0.246,0.364,1,3600.0,542.0,336.0,206.0,465.5,542.0,955.3,589.5,365.4,224.1,465.5,589.5,1039.1
756,756,41.51142,-7.6512756,989.0,2003-07-14T11:00,19.5,58,11.1,19.6,0.0,0.0,0.0,0.0,2,1011.6,902.4,51,57,0,0,0.41,0.95,5.9,7.3,281,281,21.2,23.7,20.5,18.1,13.3,0.153,0.191,0.246,0.364,1,3600.0,645.0,426.0,219.0,509.6,645.0,1106.4,679.1,448.5,230.6,509.6,679.1,1164.9
755,755,41.51142,-7.6512756,989.0,2003-07-14T12:00,21.0,52,10.9,21.9,0.0,0.0,0.0,0.0,2,1011.3,902.7,64,71,0,0,0.52,1.18,7.2,9.4,270,272,25.6,25.2,20.7,18.1,13.3,0.152,0.191,0.246,0.364,1,3600.0,823.0,610.0,213.0,670.4,823.0,1204.2,843.0,624.8,218.2,670.4,843.0,1233.6
754,754,41.51142,-7.6512756,989.0,2003-07-14T13:00,21.8,49,10.6,22.4,0.0,0.0,0.0,0.0,2,1010.7,902.4,63,67,2,5,0.54,1.33,8.3,10.4,270,270,29.2,26.2,20.9,18.2,13.3,0.152,0.191,0.246,0.364,1,3600.0,829.0,610.0,219.0,650.0,829.0,1242.1,827.7,609.1,218.7,650.0,827.7,1240.2
753,753,41.51142,-7.6512756,989.0,2003-07-14T14:00,22.2,47,10.3,22.1,0.0,0.0,0.0,0.0,1,1010.1,902.0,45,38,4,29,0.5,1.43,9.7,12.3,272,275,31.3,26.6,21.1,18.2,13.3,0.151,0.19,0.245,0.364,1,3600.0,742.0,509.0,233.0,553.4,742.0,1217.4,721.9,495.2,226.7,553.4,721.9,1184.4
752,752,41.51142,-7.6512756,989.0,2003-07-14T15:00,22.4,46,10.2,22.1,0.0,0.0,0.0,0.0,3,1009.8,901.8,89,75,3,65,0.5,1.47,10.5,13.8,276,277,33.1,26.7,21.3,18.2,13.3,0.151,0.19,0.245,0.364,1,3600.0,745.0,542.0,203.0,633.8,745.0,1131.8,704.3,512.4,191.9,633.8,704.3,1070.0
751,751,41.51142,-7.6512756,989.0,2003-07-14T16:00,22.2,47,10.3,21.0,0.0,0.0,0.0,0.0,2,1009.5,901.5,68,29,28,82,0.44,1.42,12.4,16.0,278,279,33.5,26.5,21.5,18.2,13.3,0.15,0.189,0.245,0.364,1,3600.0,645.0,484.0,161.0,646.3,645.0,991.2,588.8,441.8,147.0,646.3,588.8,904.8
750,750,41.51142,-7.6512756,989.0,2003-07-14T17:00,21.2,52,10.8,19.7,0.0,0.0,0.0,0.0,3,1009.4,901.0,99,65,30,74,0.29,1.22,12.1,16.2,282,283,33.5,25.4,21.6,18.2,13.3,0.15,0.189,0.245,0.364,1,3600.0,404.0,278.0,126.0,457.0,404.0,805.1,351.2,241.7,109.5,457.0,351.2,699.9
749,749,41.51142,-7.6512756,989.0,2003-07-14T18:00,19.9,60,11.8,18.8,0.0,0.0,0.0,0.0,3,1009.6,900.8,100,74,43,63,0.22,0.93,11.5,15.6,284,285,34.6,24.2,21.7,18.2,13.3,0.15,0.189,0.245,0.364,1,3600.0,321.0,181.0,140.0,408.7,321.0,586.2,257.1,145.0,112.1,408.7,257.1,469.4
748,748,41.51142,-7.6512756,989.0,2003-07-14T19:00,18.0,70,12.5,17.4,0.0,0.0,0.0,0.0,3,1010.0,900.5,96,57,39,70,0.1,0.62,9.6,13.1,290,291,28.8,22.7,21.7,18.2,13.3,0.15,0.189,0.245,0.364,1,3429.15,136.0,46.0,90.0,174.3,136.0,349.3,89.1,30.2,59.0,174.3,89.1,229.0
747,747,41.51142,-7.6512756,989.0,2003-07-14T20:00,17.1,74,12.5,16.8,0.1,0.1,0.0,0.0,51,1010.2,900.4,76,45,32,55,0.04,0.51,7.6,11.3,289,292,24.5,21.5,21.6,18.2,13.4,0.15,0.189,0.245,0.364,1,88.39,30.0,8.0,22.0,65.3,30.0,110.7,0.0,0.0,0.0,0.0,0.0,0.0
746,746,41.51142,-7.6512756,989.0,2003-07-14T21:00,16.5,77,12.4,16.3,0.1,0.1,0.0,0.0,51,1011.0,900.8,68,51,20,33,0.0,0.43,6.5,10.2,289,293,19.8,20.4,21.5,18.2,13.4,0.15,0.189,0.245,0.363,0,0.0,0.0,0.0,0.0,0.0,0.0,0.0,0.0,0.0,0.0,0.0,0.0,0.0
745,745,41.51142,-7.6512756,989.0,2003-07-14T22:00,15.7,82,12.6,15.7,0.2,0.2,0.0,0.0,51,1010.7,900.3,64,54,18,15,0.0,0.33,5.9,8.6,284,285,17.3,19.5,21.4,18.2,13.4,0.151,0.189,0.245,0.363,0,0.0,0.0,0.0,0.0,0.0,0.0,0.0,0.0,0.0,0.0,0.0,0.0,0.0
744,744,41.51142,-7.6512756,989.0,2003-07-14T23:00,15.1,85,12.6,15.1,0.0,0.0,0.0,0.0,2,1011.0,900.4,55,33,30,25,0.0,0.26,5.8,9.0,274,275,13.7,18.8,21.2,18.2,13.4,0.154,0.189,0.245,0.363,0,0.0,0.0,0.0,0.0,0.0,0.0,0.0,0.0,0.0,0.0,0.0,0.0,0.0
743,743,41.51142,-7.6512756,989.0,2003-07-15T00:00,14.4,89,12.7,14.6,0.0,0.0,0.0,0.0,3,1010.4,899.6,100,67,45,59,0.0,0.18,4.7,7.9,266,270,11.5,18.1,21.0,18.2,13.4,0.155,0.189,0.245,0.363,0,0.0,0.0,0.0,0.0,0.0,0.0,0.0,0.0,0.0,0.0,0.0,0.0,0.0
742,742,41.51142,-7.6512756,989.0,2003-07-15T01:00,13.9,91,12.4,13.9,0.0,0.0,0.0,0.0,3,1010.2,899.2,96,66,34,53,0.0,0.14,5.4,8.4,262,263,20.5,17.6,20.8,18.2,13.4,0.155,0.189,0.245,0.363,0,0.0,0.0,0.0,0.0,0.0,0.0,0.0,0.0,0.0,0.0,0.0,0.0,0.0
741,741,41.51142,-7.6512756,989.0,2003-07-15T02:00,13.6,93,12.6,13.7,0.2,0.2,0.0,0.0,51,1009.9,898.8,100,76,42,60,0.0,0.1,5.2,8.9,254,256,21.2,17.4,20.6,18.2,13.4,0.16,0.189,0.245,0.363,0,0.0,0.0,0.0,0.0,0.0,0.0,0.0,0.0,0.0,0.0,0.0,0.0,0.0
740,740,41.51142,-7.6512756,989.0,2003-07-15T03:00,13.4,95,12.6,13.6,1.5,1.5,0.0,0.0,61,1009.6,898.5,100,100,30,39,0.0,0.08,4.7,7.9,247,254,20.2,17.1,20.4,18.2,13.4,0.184,0.189,0.245,0.363,0,0.0,0.0,0.0,0.0,0.0,0.0,0.0,0.0,0.0,0.0,0.0,0.0,0.0
739,739,41.51142,-7.6512756,989.0,2003-07-15T04:00,13.1,97,12.6,13.3,1.7,1.7,0.0,0.0,61,1009.7,898.5,100,100,46,69,0.0,0.05,4.2,7.0,239,249,22.0,16.9,20.2,18.2,13.4,0.224,0.189,0.245,0.363,0,0.0,0.0,0.0,0.0,0.0,0.0,0.0,0.0,0.0,0.0,0.0,0.0,0.0
738,738,41.51142,-7.6512756,989.0,2003-07-15T05:00,12.8,99,12.6,13.2,2.0,2.0,0.0,0.0,61,1009.4,898.1,100,95,38,87,0.0,0.02,2.8,4.0,230,243,23.8,16.6,20.0,18.2,13.4,0.247,0.189,0.245,0.363,0,0.0,0.0,0.0,0.0,0.0,0.0,0.0,0.0,0.0,0.0,0.0,0.0,0.0
737,737,41.51142,-7.6512756,989.0,2003-07-15T06:00,12.8,99,12.6,13.4,1.2,1.2,0.0,0.0,55,1009.2,897.9,100,99,50,68,0.02,0.01,1.8,1.3,233,236,21.6,16.6,19.7,18.2,13.4,0.258,0.189,0.245,0.363,1,0.0,5.0,0.0,5.0,0.0,5.0,77.6,11.4,0.0,11.4,0.0,6.5,176.5
736,736,41.51142,-7.6512756,989.0,2003-07-15T07:00,12.7,94,11.7,13.0,1.7,1.7,0.0,0.0,61,1009.0,897.7,100,94,98,84,0.04,0.09,1.5,1.5,284,315,18.4,16.5,19.5,18.2,13.4,0.29,0.189,0.245,0.363,1,878.66,55.0,20.0,35.0,89.3,55.0,296.5,77.3,28.1,49.2,89.3,77.3,416.9
735,735,41.51142,-7.6512756,989.0,2003-07-15T08:00,13.2,90,11.6,13.2,3.1,3.1,0.0,0.0,63,1008.3,897.3,100,94,99,95,0.07,0.16,4.0,5.3,297,298,19.1,16.7,19.4,18.2,13.4,0.377,0.19,0.245,0.363,1,1094.32,110.0,39.0,71.0,96.5,110.0,535.1,133.8,47.4,86.4,96.5,133.8,650.9
734,734,41.51142,-7.6512756,989.0,2003-07-15T09:00,12.5,92,11.2,11.4,6.7,6.7,0.0,0.0,63,1008.2,896.9,100,100,92,99,0.07,0.12,10.7,14.2,258,263,24.1,16.6,19.2,18.2,13.4,0.43,0.201,0.245,0.363,1,1286.02,123.0,59.0,64.0,102.9,123.0,759.2,139.7,67.0,72.7,102.9,139.7,862.6
733,733,41.51142,-7.6512756,989.0,2003-07-15T10:00,12.6,92,11.3,10.3,9.1,9.1,0.0,0.0,65,1009.7,898.3,100,90,97,98,0.07,0.12,18.3,29.6,248,252,38.2,16.4,19.0,18.2,13.4,0.347,0.25,0.245,0.363,1,0.0,116.0,14.0,102.0,19.4,116.0,953.6,126.2,15.2,111.0,19.4,126.2,1037.4
732,732,41.51142,-7.6512756,989.0,2003-07-15T11:00,13.4,90,11.7,11.8,3.9,3.9,0.0,0.0,63,1010.4,899.2,100,66,93,74,0.08,0.16,14.5,22.5,256,257,43.2,16.8,18.9,18.2,13.4,0.359,0.251,0.245,0.363,1,0.0,123.0,9.0,114.0,10.8,123.0,1104.9,129.5,9.5,120.0,10.8,129.5,1163.6
731,731,41.51142,-7.6512756,989.0,2003-07-15T12:00,14.3,78,10.6,12.9,1.3,1.3,0.0,0.0,61,1010.4,899.5,95,67,45,25,0.16,0.35,11.5,16.3,250,252,34.9,17.6,18.8,18.2,13.4,0.357,0.253,0.245,0.363,1,2227.27,272.0,122.0,150.0,134.2,272.0,1203.0,278.6,125.0,153.7,134.2,278.6,1232.4
730,730,41.51142,-7.6512756,989.0,2003-07-15T13:00,15.8,78,11.9,14.4,0.9,0.9,0.0,0.0,53,1010.3,900.0,80,62,32,17,0.29,0.4,13.4,18.6,246,248,37.1,19.3,18.8,18.2,13.4,0.354,0.254,0.245,0.363,1,3600.0,552.0,291.0,261.0,310.4,552.0,1241.0,551.2,290.6,260.6,310.4,551.2,1239.1
729,729,41.51142,-7.6512756,989.0,2003-07-15T14:00,14.9,82,11.9,13.5,0.6,0.6,0.0,0.0,53,1010.2,899.6,60,42,23,27,0.26,0.3,13.5,18.5,245,243,40.0,19.7,18.8,18.2,13.4,0.353,0.254,0.245,0.363,1,3600.0,510.0,310.0,200.0,337.3,510.0,1216.4,496.2,301.6,194.6,337.3,496.2,1183.4
728,728,41.51142,-7.6512756,989.0,2003-07-15T15:00,14.9,83,12.0,13.4,0.3,0.3,0.0,0.0,51,1010.8,900.1,82,61,29,32,0.26,0.29,14.4,20.5,248,248,43.6,19.6,18.9,18.2,13.4,0.352,0.255,0.245,0.363,1,3600.0,533.0,287.0,246.0,336.0,533.0,1130.8,503.9,271.3,232.6,336.0,503.9,1069.0
727,727,41.51142,-7.6512756,989.0,2003-07-15T16:00,15.2,81,12.0,13.8,0.4,0.4,0.0,0.0,51,1010.9,900.3,75,45,34,46,0.23,0.32,14.2,20.4,249,249,42.8,19.6,18.9,18.2,13.4,0.351,0.256,0.245,0.363,1,3600.0,446.0,171.0,275.0,228.6,446.0,990.1,407.0,156.1,251.0,228.6,407.0,903.6
726,726,41.51142,-7.6512756,989.0,2003-07-15T17:00,13.7,82,10.7,11.7,0.9,0.9,0.0,0.0,53,1011.6,900.4,100,70,42,92,0.14,0.28,15.1,22.8,252,252,40.3,18.8,18.9,18.2,13.4,0.356,0.257,0.245,0.363,1,1855.68,264.0,74.0,190.0,121.9,264.0,803.9,229.4,64.3,165.1,121.9,229.4,698.6
725,725,41.51142,-7.6512756,989.0,2003-07-15T18:00,12.8,84,10.2,10.7,0.2,0.2,0.0,0.0,51,1011.9,900.3,100,68,80,100,0.07,0.23,14.8,21.3,267,267,40.0,17.6,18.8,18.2,13.4,0.356,0.258,0.245,0.363,1,0.0,81.0,6.0,75.0,13.6,81.0,584.7,64.8,4.8,60.0,13.6,64.8,467.9
724,724,41.51142,-7.6512756,989.0,2003-07-15T19:00,12.0,83,9.2,9.7,0.3,0.3,0.0,0.0,51,1012.9,900.9,58,48,22,6,0.06,0.23,14.1,21.7,273,276,40.0,16.7,18.7,18.1,13.4,0.354,0.259,0.245,0.363,1,142.2,88.0,17.0,71.0,64.7,88.0,347.6,57.5,11.1,46.4,64.7,57.5,227.1
723,723,41.51142,-7.6512756,989.0,2003-07-15T20:00,11.1,87,9.0,9.0,0.3,0.3,0.0,0.0,51,1013.9,901.5,72,63,24,2,0.03,0.17,12.3,20.4,277,279,36.4,15.9,18.5,18.1,13.4,0.351,0.26,0.245,0.363,1,499.89,24.0,11.0,13.0,90.3,24.0,108.7,0.0,0.0,0.0,0.0,0.0,0.0
722,722,41.51142,-7.6512756,989.0,2003-07-15T21:00,10.5,89,8.8,8.5,0.0,0.0,0.0,0.0,2,1015.1,902.3,61,57,16,0,0.0,0.14,12.0,18.0,277,282,32.4,15.1,18.3,18.1,13.4,0.348,0.26,0.245,0.363,0,0.0,0.0,0.0,0.0,0.0,0.0,0.0,0.0,0.0,0.0,0.0,0.0,0.0
721,721,41.51142,-7.6512756,989.0,2003-07-15T22:00,10.2,90,8.6,8.2,0.0,0.0,0.0,0.0,2,1015.8,902.8,68,74,3,0,0.0,0.13,11.2,17.3,266,271,30.2,14.7,18.0,18.1,13.5,0.346,0.261,0.245,0.363,0,0.0,0.0,0.0,0.0,0.0,0.0,0.0,0.0,0.0,0.0,0.0,0.0,0.0
720,720,41.51142,-7.6512756,989.0,2003-07-15T23:00,9.9,89,8.3,8.1,0.0,0.0,0.0,0.0,2,1016.3,903.2,61,68,0,0,0.0,0.13,9.8,15.0,276,280,28.8,14.3,17.8,18.1,13.5,0.344,0.262,0.245,0.363,0,0.0,0.0,0.0,0.0,0.0,0.0,0.0,0.0,0.0,0.0,0.0,0.0,0.0
719,719,41.51142,-7.6512756,989.0,2003-07-16T00:00,9.5,91,8.1,7.7,0.0,0.0,0.0,0.0,2,1016.9,903.6,57,59,6,0,0.0,0.11,9.1,13.6,279,281,25.9,13.9,17.6,18.1,13.5,0.342,0.263,0.246,0.363,0,0.0,0.0,0.0,0.0,0.0,0.0,0.0,0.0,0.0,0.0,0.0,0.0,0.0
718,718,41.51142,-7.6512756,989.0,2003-07-16T01:00,8.7,92,7.6,7.0,0.0,0.0,0.0,0.0,2,1017.1,903.4,52,54,5,0,0.0,0.08,7.6,11.5,270,274,21.6,13.5,17.3,18.1,13.5,0.34,0.263,0.246,0.363,0,0.0,0.0,0.0,0.0,0.0,0.0,0.0,0.0,0.0,0.0,0.0,0.0,0.0
717,717,41.51142,-7.6512756,989.0,2003-07-16T02:00,8.6,93,7.5,6.8,0.0,0.0,0.0,0.0,2,1017.3,903.6,53,52,11,0,0.0,0.08,7.6,11.2,267,270,20.5,13.3,17.1,18.1,13.5,0.338,0.264,0.246,0.363,0,0.0,0.0,0.0,0.0,0.0,0.0,0.0,0.0,0.0,0.0,0.0,0.0,0.0
716,716,41.51142,-7.6512756,989.0,2003-07-16T03:00,8.3,94,7.4,6.7,0.0,0.0,0.0,0.0,1,1017.6,903.7,38,37,8,0,0.0,0.07,6.8,10.4,267,272,20.9,13.1,16.9,18.0,13.5,0.337,0.264,0.246,0.363,0,0.0,0.0,0.0,0.0,0.0,0.0,0.0,0.0,0.0,0.0,0.0,0.0,0.0
715,715,41.51142,-7.6512756,989.0,2003-07-16T04:00,8.3,93,7.2,6.8,0.0,0.0,0.0,0.0,2,1017.6,903.7,55,56,7,0,0.0,0.08,5.8,8.3,274,275,18.7,12.9,16.6,18.0,13.5,0.335,0.265,0.246,0.363,0,0.0,0.0,0.0,0.0,0.0,0.0,0.0,0.0,0.0,0.0,0.0,0.0,0.0
714,714,41.51142,-7.6512756,989.0,2003-07-16T05:00,8.0,95,7.2,6.5,0.0,0.0,0.0,0.0,2,1018.2,904.1,62,65,6,0,0.0,0.06,5.4,7.6,274,275,17.3,12.6,16.4,18.0,13.5,0.333,0.265,0.246,0.363,0,0.0,0.0,0.0,0.0,0.0,0.0,0.0,0.0,0.0,0.0,0.0,0.0,0.0
713,713,41.51142,-7.6512756,989.0,2003-07-16T06:00,7.9,96,7.3,6.4,0.0,0.0,0.0,0.0,2,1018.6,904.5,73,76,8,0,0.01,0.05,5.8,7.9,266,270,16.2,12.4,16.2,18.0,13.5,0.332,0.266,0.246,0.363,1,0.0,16.0,4.0,12.0,39.3,16.0,76.2,36.4,9.1,27.3,69.5,20.6,173.7
712,712,41.51142,-7.6512756,989.0,2003-07-16T07:00,8.6,89,6.9,6.9,0.0,0.0,0.0,0.0,3,1018.9,905.0,82,84,10,0,0.04,0.12,6.2,8.3,263,265,17.6,12.8,16.0,18.0,13.5,0.331,0.266,0.246,0.363,1,3600.0,96.0,43.0,53.0,193.8,96.0,293.8,135.4,60.6,74.7,193.8,135.4,414.4
711,711,41.51142,-7.6512756,989.0,2003-07-16T08:00,9.8,82,6.8,8.0,0.0,0.0,0.0,0.0,2,1019.0,905.5,69,72,7,0,0.11,0.22,6.5,8.7,264,265,21.2,13.9,15.9,18.0,13.5,0.329,0.266,0.246,0.363,1,3600.0,238.0,106.0,132.0,263.4,238.0,532.7,289.8,129.1,160.7,263.4,289.8,648.7
710,710,41.51142,-7.6512756,989.0,2003-07-16T09:00,11.2,73,6.6,9.2,0.0,0.0,0.0,0.0,1,1019.4,906.4,48,53,1,0,0.16,0.36,7.6,10.1,275,276,24.5,15.1,15.9,17.9,13.5,0.327,0.267,0.246,0.363,1,3600.0,317.0,139.0,178.0,243.0,317.0,757.1,360.3,158.0,202.3,243.0,360.3,860.6
709,709,41.51142,-7.6512756,989.0,2003-07-16T10:00,12.3,65,6.0,10.2,0.0,0.0,0.0,0.0,2,1019.3,906.7,75,81,4,0,0.22,0.5,7.8,9.8,292,294,27.0,16.0,16.0,17.9,13.5,0.325,0.267,0.246,0.363,1,3600.0,415.0,188.0,227.0,261.5,415.0,951.8,451.6,204.6,247.0,261.5,451.6,1035.8
708,708,41.51142,-7.6512756,989.0,2003-07-16T11:00,13.5,59,5.7,11.2,0.0,0.0,0.0,0.0,2,1019.1,907.0,73,78,5,0,0.32,0.64,10.0,12.7,296,295,30.6,17.2,16.1,17.9,13.5,0.323,0.267,0.246,0.363,1,3600.0,589.0,346.0,243.0,415.1,589.0,1103.4,620.4,364.4,255.9,415.1,620.4,1162.1
707,707,41.51142,-7.6512756,989.0,2003-07-16T12:00,14.1,56,5.5,11.5,0.0,0.0,0.0,0.0,3,1019.2,907.3,100,100,28,0,0.26,0.71,10.3,13.2,295,296,31.0,17.8,16.2,17.9,13.5,0.32,0.266,0.246,0.363,1,480.44,436.0,69.0,367.0,76.0,436.0,1201.6,446.7,70.7,376.0,76.0,446.7,1231.1
706,706,41.51142,-7.6512756,989.0,2003-07-16T13:00,14.5,55,5.4,11.9,0.0,0.0,0.0,0.0,3,1019.4,907.6,100,100,28,0,0.25,0.75,10.0,13.2,296,296,30.2,18.0,16.3,17.9,13.5,0.318,0.266,0.246,0.363,1,0.0,400.0,51.0,349.0,54.5,400.0,1239.8,399.4,50.9,348.5,54.5,399.4,1238.0
705,705,41.51142,-7.6512756,989.0,2003-07-16T14:00,15.0,53,5.4,12.4,0.0,0.0,0.0,0.0,3,1019.4,907.8,100,98,45,0,0.31,0.81,10.3,13.5,295,295,30.6,18.3,16.5,17.8,13.5,0.316,0.266,0.246,0.363,1,3600.0,521.0,176.0,345.0,191.7,521.0,1215.3,506.9,171.2,335.6,191.7,506.9,1182.4
704,704,41.51142,-7.6512756,989.0,2003-07-16T15:00,15.2,52,5.5,12.7,0.0,0.0,0.0,0.0,3,1019.3,907.8,95,82,36,0,0.26,0.82,9.7,12.6,297,297,29.9,18.4,16.6,17.8,13.5,0.314,0.266,0.245,0.363,1,0.0,398.0,38.0,360.0,44.5,398.0,1129.7,376.2,35.9,340.3,44.5,376.2,1067.9
703,703,41.51142,-7.6512756,989.0,2003-07-16T16:00,15.1,53,5.6,12.8,0.0,0.0,0.0,0.0,3,1019.2,907.6,100,100,26,0,0.24,0.8,8.2,11.1,293,295,28.1,18.1,16.7,17.8,13.5,0.312,0.266,0.245,0.363,1,2095.4,386.0,97.0,289.0,129.8,386.0,988.9,352.2,88.5,263.7,129.8,352.2,902.4
702,702,41.51142,-7.6512756,989.0,2003-07-16T17:00,15.0,54,5.7,12.9,0.0,0.0,0.0,0.0,3,1019.0,907.4,99,100,15,0,0.18,0.79,7.4,9.8,299,298,24.5,17.9,16.8,17.8,13.5,0.311,0.266,0.245,0.363,1,2109.54,276.0,79.0,197.0,130.3,276.0,802.5,239.8,68.6,171.1,130.3,239.8,697.2
701,701,41.51142,-7.6512756,989.0,2003-07-16T18:00,14.8,55,5.9,12.6,0.0,0.0,0.0,0.0,3,1019.1,907.4,83,86,10,0,0.15,0.75,8.0,10.9,297,297,22.7,17.6,16.9,17.8,13.5,0.309,0.266,0.245,0.363,1,3600.0,232.0,109.0,123.0,247.4,232.0,583.2,185.5,87.1,98.3,247.4,185.5,466.2
700,700,41.51142,-7.6512756,989.0,2003-07-16T19:00,14.6,57,6.3,12.5,0.0,0.0,0.0,0.0,2,1019.2,907.5,74,77,8,0,0.1,0.71,8.2,12.1,299,300,22.0,17.0,16.9,17.8,13.5,0.308,0.266,0.245,0.363,1,3600.0,143.0,67.0,76.0,256.5,143.0,345.8,93.1,43.6,49.5,256.5,93.1,225.1
699,699,41.51142,-7.6512756,989.0,2003-07-16T20:00,13.3,64,6.7,11.7,0.0,0.0,0.0,0.0,0,1019.8,907.5,15,17,0,0,0.03,0.55,5.7,12.1,305,307,20.2,15.9,16.9,17.8,13.5,0.307,0.266,0.245,0.363,1,1949.38,47.0,25.0,22.0,206.4,47.0,106.5,0.0,0.0,0.0,0.0,0.0,0.0
698,698,41.51142,-7.6512756,989.0,2003-07-16T21:00,12.2,71,7.1,10.4,0.0,0.0,0.0,0.0,0,1020.7,907.9,11,12,0,0,0.01,0.41,7.1,10.0,300,311,15.5,14.9,16.8,17.7,13.5,0.307,0.266,0.245,0.363,0,0.0,0.0,0.0,0.0,0.0,0.0,0.0,0.0,0.0,0.0,0.0,0.0,0.0
697,697,41.51142,-7.6512756,989.0,2003-07-16T22:00,10.8,81,7.7,9.3,0.0,0.0,0.0,0.0,0,1021.6,908.2,3,3,0,0,0.0,0.24,5.8,6.9,300,309,14.0,13.9,16.6,17.7,13.5,0.306,0.266,0.246,0.363,0,0.0,0.0,0.0,0.0,0.0,0.0,0.0,0.0,0.0,0.0,0.0,0.0,0.0
696,696,41.51142,-7.6512756,989.0,2003-07-16T23:00,9.6,88,7.6,8.2,0.0,0.0,0.0,0.0,0,1021.5,907.7,0,0,0,0,0.0,0.15,5.5,6.1,302,310,12.6,13.0,16.4,17.7,13.5,0.306,0.266,0.246,0.363,0,0.0,0.0,0.0,0.0,0.0,0.0,0.0,0.0,0.0,0.0,0.0,0.0,0.0
695,695,41.51142,-7.6512756,989.0,2003-07-17T00:00,9.0,89,7.3,7.5,0.0,0.0,0.0,0.0,0,1021.5,907.4,0,0,0,0,0.0,0.13,5.4,6.1,318,320,10.8,12.3,16.2,17.7,13.5,0.305,0.267,0.246,0.363,0,0.0,0.0,0.0,0.0,0.0,0.0,0.0,0.0,0.0,0.0,0.0,0.0,0.0
694,694,41.51142,-7.6512756,989.0,2003-07-17T01:00,9.2,90,7.6,7.8,0.0,0.0,0.0,0.0,0,1021.3,907.3,0,0,0,0,0.0,0.12,5.5,6.4,328,333,10.4,11.7,15.9,17.7,13.5,0.305,0.267,0.246,0.363,0,0.0,0.0,0.0,0.0,0.0,0.0,0.0,0.0,0.0,0.0,0.0,0.0,0.0
693,693,41.51142,-7.6512756,989.0,2003-07-17T02:00,8.9,91,7.5,7.6,0.0,0.0,0.0,0.0,0,1021.0,907.0,0,0,0,0,0.0,0.1,5.0,6.6,339,347,10.4,11.2,15.7,17.7,13.5,0.304,0.267,0.246,0.362,0,0.0,0.0,0.0,0.0,0.0,0.0,0.0,0.0,0.0,0.0,0.0,0.0,0.0
692,692,41.51142,-7.6512756,989.0,2003-07-17T03:00,8.7,92,7.5,7.3,0.0,0.0,0.0,0.0,1,1021.1,907.0,40,45,0,0,0.0,0.08,5.4,7.2,356,3,10.8,10.8,15.4,17.6,13.6,0.304,0.267,0.246,0.362,0,0.0,0.0,0.0,0.0,0.0,0.0,0.0,0.0,0.0,0.0,0.0,0.0,0.0
691,691,41.51142,-7.6512756,989.0,2003-07-17T04:00,8.6,93,7.5,7.3,0.0,0.0,0.0,0.0,1,1021.0,906.8,29,32,0,0,0.0,0.08,4.8,7.1,13,24,11.2,10.4,15.2,17.6,13.6,0.303,0.267,0.246,0.362,0,0.0,0.0,0.0,0.0,0.0,0.0,0.0,0.0,0.0,0.0,0.0,0.0,0.0
690,690,41.51142,-7.6512756,989.0,2003-07-17T05:00,8.4,93,7.4,7.1,0.0,0.0,0.0,0.0,2,1020.9,906.7,52,58,0,0,0.0,0.07,4.0,6.9,27,47,10.8,10.1,14.9,17.6,13.6,0.303,0.267,0.246,0.362,0,0.0,0.0,0.0,0.0,0.0,0.0,0.0,0.0,0.0,0.0,0.0,0.0,0.0
689,689,41.51142,-7.6512756,989.0,2003-07-17T06:00,8.1,95,7.3,7.0,0.0,0.0,0.0,0.0,3,1021.5,907.1,88,98,0,0,0.0,0.06,2.7,5.6,23,63,9.4,10.1,14.7,17.6,13.6,0.303,0.267,0.246,0.362,1,558.16,25.0,12.0,13.0,119.1,25.0,74.8,57.1,27.4,29.7,212.3,32.0,170.8
688,688,41.51142,-7.6512756,989.0,2003-07-17T07:00,9.7,90,8.2,9.0,0.0,0.0,0.0,0.0,2,1021.3,907.5,54,60,0,0,0.05,0.12,2.0,5.2,45,78,11.9,12.1,14.6,17.5,13.6,0.302,0.267,0.246,0.362,1,3600.0,142.0,67.0,75.0,304.8,142.0,291.1,200.9,94.8,106.1,304.8,200.9,411.8
687,687,41.51142,-7.6512756,989.0,2003-07-17T08:00,12.6,80,9.2,12.1,0.0,0.0,0.0,0.0,0,1021.5,908.8,1,1,0,0,0.15,0.3,2.2,3.6,90,96,12.2,14.3,14.6,17.5,13.6,0.301,0.267,0.246,0.362,1,3600.0,317.0,195.0,122.0,486.9,317.0,530.2,386.4,237.7,148.7,486.9,386.4,646.4
686,686,41.51142,-7.6512756,989.0,2003-07-17T09:00,15.0,65,8.5,14.1,0.0,0.0,0.0,0.0,0,1021.4,909.6,0,0,0,0,0.29,0.59,3.4,3.9,122,124,14.8,16.3,14.7,17.5,13.6,0.3,0.267,0.246,0.362,1,3600.0,547.0,456.0,91.0,799.7,547.0,755.0,622.1,518.6,103.5,799.7,622.1,858.6
685,685,41.51142,-7.6512756,989.0,2003-07-17T10:00,16.6,57,8.0,16.5,0.0,0.0,0.0,0.0,0,1021.1,909.9,0,0,0,0,0.41,0.82,5.1,6.4,135,133,17.3,18.2,15.0,17.5,13.6,0.298,0.267,0.246,0.362,1,3600.0,719.0,618.0,101.0,861.3,719.0,949.9,782.7,672.7,109.9,861.3,782.7,1034.1
684,684,41.51142,-7.6512756,989.0,2003-07-17T11:00,18.0,51,7.8,18.5,0.0,0.0,0.0,0.0,0,1020.9,910.2,0,0,0,0,0.5,1.01,6.1,7.9,152,150,18.4,19.9,15.3,17.5,13.6,0.296,0.266,0.246,0.362,1,3600.0,854.0,745.0,109.0,895.2,854.0,1101.8,899.6,784.8,114.8,895.2,899.6,1160.7
683,683,41.51142,-7.6512756,989.0,2003-07-17T12:00,19.2,48,7.9,20.0,0.0,0.0,0.0,0.0,0,1020.6,910.4,0,0,0,1,0.57,1.17,7.2,9.1,162,162,20.2,21.3,15.7,17.4,13.6,0.293,0.266,0.245,0.362,1,3600.0,941.0,827.0,114.0,912.2,941.0,1200.3,964.2,847.4,116.8,912.2,964.2,1229.9
682,682,41.51142,-7.6512756,989.0,2003-07-17T13:00,20.2,46,8.1,21.2,0.0,0.0,0.0,0.0,0,1020.4,910.5,3,0,0,10,0.6,1.29,7.6,9.4,180,180,21.6,22.4,16.2,17.4,13.6,0.29,0.265,0.245,0.362,1,3600.0,973.0,856.0,117.0,915.0,973.0,1238.6,971.6,854.8,116.8,915.0,971.6,1236.9
681,681,41.51142,-7.6512756,989.0,2003-07-17T14:00,20.9,44,8.3,21.7,0.0,0.0,0.0,0.0,0,1020.1,910.5,4,0,0,12,0.6,1.38,8.1,10.4,201,200,23.0,23.2,16.6,17.4,13.6,0.288,0.264,0.245,0.362,1,3600.0,947.0,828.0,119.0,902.9,947.0,1214.2,921.3,805.5,115.8,902.9,921.3,1181.2
680,680,41.51142,-7.6512756,989.0,2003-07-17T15:00,21.3,44,8.6,21.6,0.0,0.0,0.0,0.0,0,1020.0,910.6,1,0,0,3,0.55,1.42,8.4,11.0,220,218,23.4,23.5,17.0,17.4,13.6,0.285,0.263,0.245,0.362,1,3600.0,868.0,750.0,118.0,879.8,868.0,1128.6,820.4,708.9,111.5,879.8,820.4,1066.7
679,679,41.51142,-7.6512756,989.0,2003-07-17T16:00,21.3,46,9.1,20.9,0.0,0.0,0.0,0.0,0,1019.9,910.5,0,0,0,0,0.47,1.38,9.0,11.8,241,243,23.8,23.3,17.4,17.4,13.6,0.283,0.263,0.245,0.362,1,3600.0,743.0,637.0,106.0,853.9,743.0,987.7,677.8,581.1,96.7,853.9,677.8,901.1
678,678,41.51142,-7.6512756,989.0,2003-07-17T17:00,20.8,49,9.7,19.5,0.0,0.0,0.0,0.0,0,1019.9,910.3,0,0,0,0,0.37,1.26,9.9,12.8,260,260,24.1,22.7,17.7,17.4,13.6,0.281,0.262,0.245,0.362,1,3600.0,578.0,479.0,99.0,791.6,578.0,801.1,501.9,415.9,86.0,791.6,501.9,695.6
677,677,41.51142,-7.6512756,989.0,2003-07-17T18:00,19.7,55,10.4,18.5,0.0,0.0,0.0,0.0,0,1020.0,910.0,0,0,0,0,0.25,1.04,9.4,12.6,272,272,24.5,21.7,17.9,17.4,13.6,0.28,0.262,0.245,0.362,1,3600.0,392.0,311.0,81.0,708.1,392.0,581.5,313.1,248.4,64.7,708.1,313.1,464.4
676,676,41.51142,-7.6512756,989.0,2003-07-17T19:00,18.2,62,10.8,17.5,0.0,0.0,0.0,0.0,0,1020.3,909.7,0,0,0,0,0.12,0.8,6.8,11.6,273,277,23.0,20.3,18.1,17.4,13.6,0.279,0.262,0.245,0.362,1,3600.0,205.0,147.0,58.0,566.1,205.0,343.8,133.0,95.4,37.6,566.1,133.0,223.0
675,675,41.51142,-7.6512756,989.0,2003-07-17T20:00,16.6,69,10.9,15.8,0.0,0.0,0.0,0.0,0,1020.8,909.6,0,0,0,0,0.04,0.59,8.0,10.5,275,278,17.6,18.7,18.1,17.4,13.6,0.279,0.262,0.245,0.362,1,1914.5,49.0,27.0,22.0,224.4,49.0,104.3,0.0,0.0,0.0,0.0,0.0,0.0
674,674,41.51142,-7.6512756,989.0,2003-07-17T21:00,15.0,76,10.9,14.2,0.0,0.0,0.0,0.0,0,1021.3,909.5,0,0,0,0,0.01,0.4,7.2,8.6,276,285,15.5,17.2,18.0,17.4,13.6,0.279,0.262,0.245,0.362,0,0.0,0.0,0.0,0.0,0.0,0.0,0.0,0.0,0.0,0.0,0.0,0.0,0.0
673,673,41.51142,-7.6512756,989.0,2003-07-17T22:00,13.2,86,10.9,12.5,0.0,0.0,0.0,0.0,0,1022.0,909.5,0,0,0,0,0.0,0.21,7.0,8.3,282,288,14.4,16.1,17.9,17.4,13.6,0.279,0.262,0.245,0.362,0,0.0,0.0,0.0,0.0,0.0,0.0,0.0,0.0,0.0,0.0,0.0,0.0,0.0
672,672,41.51142,-7.6512756,989.0,2003-07-17T23:00,11.9,91,10.5,11.2,0.0,0.0,0.0,0.0,0,1022.1,909.1,0,0,0,0,0.0,0.13,5.9,7.4,284,293,13.0,15.0,17.7,17.4,13.6,0.278,0.262,0.245,0.362,0,0.0,0.0,0.0,0.0,0.0,0.0,0.0,0.0,0.0,0.0,0.0,0.0,0.0
671,671,41.51142,-7.6512756,989.0,2003-07-18T00:00,11.3,92,10.0,10.6,0.0,0.0,0.0,0.0,0,1022.1,908.8,0,0,0,0,0.0,0.11,5.1,6.7,278,286,12.2,14.1,17.5,17.3,13.6,0.278,0.262,0.245,0.362,0,0.0,0.0,0.0,0.0,0.0,0.0,0.0,0.0,0.0,0.0,0.0,0.0,0.0
670,670,41.51142,-7.6512756,989.0,2003-07-18T01:00,10.9,92,9.7,10.2,0.0,0.0,0.0,0.0,0,1021.9,908.5,0,0,0,0,0.0,0.1,5.1,6.2,274,277,11.2,13.4,17.3,17.3,13.6,0.278,0.262,0.245,0.362,0,0.0,0.0,0.0,0.0,0.0,0.0,0.0,0.0,0.0,0.0,0.0,0.0,0.0
669,669,41.51142,-7.6512756,989.0,2003-07-18T02:00,10.6,93,9.5,9.8,0.0,0.0,0.0,0.0,0,1021.4,907.9,0,0,0,0,0.0,0.09,4.7,6.1,274,270,11.2,12.8,17.0,17.3,13.6,0.278,0.262,0.245,0.362,0,0.0,0.0,0.0,0.0,0.0,0.0,0.0,0.0,0.0,0.0,0.0,0.0,0.0
668,668,41.51142,-7.6512756,989.0,2003-07-18T03:00,10.3,94,9.3,9.5,0.0,0.0,0.0,0.0,0,1021.3,907.7,0,0,0,0,0.0,0.08,4.3,5.4,270,266,10.8,12.3,16.7,17.3,13.6,0.278,0.262,0.245,0.362,0,0.0,0.0,0.0,0.0,0.0,0.0,0.0,0.0,0.0,0.0,0.0,0.0,0.0
667,667,41.51142,-7.6512756,989.0,2003-07-18T04:00,10.0,94,9.1,9.2,0.0,0.0,0.0,0.0,0,1021.2,907.5,0,0,0,0,0.0,0.07,3.7,5.5,259,259,11.2,11.9,16.4,17.3,13.6,0.278,0.262,0.245,0.362,0,0.0,0.0,0.0,0.0,0.0,0.0,0.0,0.0,0.0,0.0,0.0,0.0,0.0
666,666,41.51142,-7.6512756,989.0,2003-07-18T05:00,9.8,94,8.9,9.0,0.0,0.0,0.0,0.0,0,1021.2,907.5,5,6,0,0,0.0,0.07,3.4,5.4,252,250,11.9,11.4,16.2,17.3,13.6,0.278,0.262,0.245,0.362,0,0.0,0.0,0.0,0.0,0.0,0.0,0.0,0.0,0.0,0.0,0.0,0.0,0.0
665,665,41.51142,-7.6512756,989.0,2003-07-18T06:00,9.8,93,8.7,9.1,0.0,0.0,0.0,0.0,0,1021.5,907.8,4,5,0,0,0.0,0.09,2.5,5.5,225,238,12.2,11.4,15.9,17.3,13.6,0.278,0.262,0.245,0.362,1,547.32,25.0,12.0,13.0,120.4,25.0,73.4,57.2,27.4,29.7,216.5,31.8,167.8
664,664,41.51142,-7.6512756,989.0,2003-07-18T07:00,12.1,87,10.0,11.7,0.0,0.0,0.0,0.0,0,1021.5,908.6,1,1,0,0,0.06,0.18,2.8,6.1,220,230,13.0,13.4,15.8,17.3,13.6,0.277,0.262,0.245,0.362,1,3600.0,163.0,111.0,52.0,509.8,163.0,288.3,231.3,157.5,73.8,509.8,231.3,409.1
663,663,41.51142,-7.6512756,989.0,2003-07-18T08:00,15.0,63,8.1,13.9,0.0,0.0,0.0,0.0,0,1021.7,909.8,0,0,0,0,0.18,0.63,4.6,6.1,219,220,16.2,16.8,15.9,17.2,13.6,0.277,0.262,0.245,0.362,1,3600.0,352.0,277.0,75.0,694.9,352.0,527.8,429.6,338.0,91.5,694.9,429.6,644.1
662,662,41.51142,-7.6512756,989.0,2003-07-18T09:00,16.8,56,8.1,15.3,0.0,0.0,0.0,0.0,0,1021.7,910.5,0,0,0,0,0.3,0.84,7.2,9.2,217,219,21.6,18.2,16.0,17.2,13.6,0.276,0.262,0.245,0.362,1,3600.0,538.0,446.0,92.0,784.4,538.0,752.8,612.2,507.5,104.7,784.4,612.2,856.7
661,661,41.51142,-7.6512756,989.0,2003-07-18T10:00,18.2,54,8.8,17.8,0.0,0.0,0.0,0.0,0,1021.6,910.9,0,0,0,0,0.42,0.96,7.4,9.4,227,230,27.0,19.8,16.3,17.2,13.6,0.274,0.261,0.245,0.362,1,3600.0,709.0,603.0,106.0,842.2,709.0,948.1,772.0,656.6,115.4,842.2,772.0,1032.4
660,660,41.51142,-7.6512756,989.0,2003-07-18T11:00,19.3,54,9.7,19.6,0.0,0.0,0.0,0.0,0,1021.7,911.4,3,3,0,0,0.5,1.04,9.2,11.8,222,220,31.3,21.2,16.6,17.2,13.6,0.272,0.261,0.245,0.362,1,3600.0,841.0,730.0,111.0,878.5,841.0,1100.2,886.1,769.1,116.9,878.5,886.1,1159.2
659,659,41.51142,-7.6512756,989.0,2003-07-18T12:00,20.0,54,10.3,20.2,0.0,0.0,0.0,0.0,0,1021.3,911.3,8,9,0,0,0.52,1.08,11.7,15.3,225,225,34.9,22.1,16.9,17.2,13.7,0.27,0.26,0.245,0.362,1,3600.0,862.0,723.0,139.0,798.5,862.0,1198.9,883.3,740.9,142.4,798.5,883.3,1228.6
658,658,41.51142,-7.6512756,989.0,2003-07-18T13:00,20.6,53,10.6,20.8,0.0,0.0,0.0,0.0,0,1021.1,911.3,12,13,0,0,0.56,1.14,13.5,18.1,228,229,37.4,22.9,17.3,17.2,13.7,0.268,0.259,0.245,0.362,1,3600.0,920.0,771.0,149.0,825.0,920.0,1237.4,918.7,769.9,148.8,825.0,918.7,1235.7
657,657,41.51142,-7.6512756,989.0,2003-07-18T14:00,20.8,52,10.7,20.8,0.0,0.0,0.0,0.0,1,1021.3,911.6,22,24,0,0,0.55,1.18,14.6,19.5,232,232,38.5,23.3,17.6,17.2,13.7,0.266,0.258,0.245,0.362,1,3600.0,899.0,740.0,159.0,807.8,899.0,1213.0,874.6,719.9,154.7,807.8,874.6,1180.0
656,656,41.51142,-7.6512756,989.0,2003-07-18T15:00,20.7,52,10.5,20.1,0.0,0.0,0.0,0.0,1,1021.1,911.3,31,34,0,0,0.5,1.17,14.8,19.5,236,236,38.5,23.3,17.9,17.2,13.7,0.264,0.258,0.245,0.362,1,3600.0,817.0,636.0,181.0,747.0,817.0,1127.4,772.1,601.1,171.1,747.0,772.1,1065.4
655,655,41.51142,-7.6512756,989.0,2003-07-18T16:00,20.3,53,10.4,19.2,0.0,0.0,0.0,0.0,0,1021.1,911.2,20,22,0,0,0.43,1.12,14.2,18.7,240,240,38.2,23.0,18.2,17.2,13.7,0.262,0.257,0.244,0.362,1,3600.0,695.0,548.0,147.0,735.7,695.0,986.4,633.9,499.8,134.1,735.7,633.9,899.7
654,654,41.51142,-7.6512756,989.0,2003-07-18T17:00,19.7,55,10.4,17.9,0.0,0.0,0.0,0.0,0,1021.1,911.0,4,5,0,0,0.34,1.04,13.7,18.4,243,244,37.8,22.4,18.5,17.2,13.7,0.261,0.257,0.244,0.362,1,3600.0,545.0,427.0,118.0,707.1,545.0,799.6,473.0,370.6,102.4,707.1,473.0,694.0
653,653,41.51142,-7.6512756,989.0,2003-07-18T18:00,18.7,60,10.7,17.1,0.0,0.0,0.0,0.0,0,1020.7,910.3,12,13,0,0,0.22,0.88,12.9,17.6,247,247,36.0,21.3,18.6,17.2,13.7,0.26,0.256,0.244,0.361,1,3600.0,334.0,230.0,104.0,525.3,334.0,579.7,266.4,183.5,83.0,525.3,266.4,462.5
652,652,41.51142,-7.6512756,989.0,2003-07-18T19:00,17.4,65,10.8,16.1,0.0,0.0,0.0,0.0,0,1021.2,910.3,12,13,0,0,0.12,0.7,11.2,16.9,249,250,32.0,20.2,18.7,17.2,13.7,0.259,0.256,0.244,0.361,1,3600.0,190.0,125.0,65.0,484.3,190.0,341.8,122.8,80.8,42.0,484.3,122.8,220.8
651,651,41.51142,-7.6512756,989.0,2003-07-18T20:00,16.0,72,11.1,15.1,0.0,0.0,0.0,0.0,0,1021.3,909.9,9,10,0,0,0.04,0.5,8.6,16.4,248,251,27.7,18.8,18.7,17.2,13.7,0.259,0.256,0.244,0.361,1,1418.28,38.0,18.0,20.0,150.6,38.0,101.9,0.0,0.0,0.0,0.0,0.0,0.0
650,650,41.51142,-7.6512756,989.0,2003-07-18T21:00,14.9,79,11.4,14.5,0.0,0.0,0.0,0.0,0,1022.2,910.3,7,8,0,0,0.0,0.35,6.3,13.2,246,248,23.8,17.6,18.6,17.2,13.7,0.259,0.256,0.244,0.361,0,0.0,0.0,0.0,0.0,0.0,0.0,0.0,0.0,0.0,0.0,0.0,0.0,0.0
649,649,41.51142,-7.6512756,989.0,2003-07-18T22:00,14.0,86,11.7,13.7,0.0,0.0,0.0,0.0,1,1022.5,910.2,21,23,0,0,0.0,0.22,5.8,11.3,248,248,18.4,16.7,18.4,17.2,13.7,0.259,0.256,0.244,0.361,0,0.0,0.0,0.0,0.0,0.0,0.0,0.0,0.0,0.0,0.0,0.0,0.0,0.0
648,648,41.51142,-7.6512756,989.0,2003-07-18T23:00,13.1,92,11.8,12.8,0.0,0.0,0.0,0.0,1,1022.4,909.8,42,47,0,0,0.0,0.12,6.0,11.8,245,243,17.6,16.0,18.3,17.2,13.7,0.259,0.256,0.244,0.361,0,0.0,0.0,0.0,0.0,0.0,0.0,0.0,0.0,0.0,0.0,0.0,0.0,0.0
647,647,41.51142,-7.6512756,989.0,2003-07-19T00:00,12.5,95,11.7,12.3,0.0,0.0,0.0,0.0,1,1022.3,909.5,44,49,0,0,0.0,0.07,5.6,11.4,243,242,17.6,15.4,18.1,17.2,13.7,0.259,0.256,0.244,0.361,0,0.0,0.0,0.0,0.0,0.0,0.0,0.0,0.0,0.0,0.0,0.0,0.0,0.0
646,646,41.51142,-7.6512756,989.0,2003-07-19T01:00,12.0,97,11.6,11.7,0.0,0.0,0.0,0.0,2,1022.1,909.1,54,60,0,0,0.0,0.04,5.8,10.6,240,242,17.6,14.8,17.9,17.2,13.7,0.259,0.256,0.244,0.361,0,0.0,0.0,0.0,0.0,0.0,0.0,0.0,0.0,0.0,0.0,0.0,0.0,0.0
645,645,41.51142,-7.6512756,989.0,2003-07-19T02:00,12.1,98,11.8,11.8,0.0,0.0,0.0,0.0,2,1021.9,908.9,60,67,0,0,0.0,0.02,5.8,9.5,240,241,18.4,14.8,17.7,17.2,13.7,0.259,0.256,0.245,0.361,0,0.0,0.0,0.0,0.0,0.0,0.0,0.0,0.0,0.0,0.0,0.0,0.0,0.0
644,644,41.51142,-7.6512756,989.0,2003-07-19T03:00,12.4,98,12.2,12.5,0.0,0.0,0.0,0.0,2,1021.4,908.6,72,79,1,0,0.0,0.02,4.3,8.4,228,239,18.0,14.9,17.5,17.2,13.7,0.259,0.256,0.245,0.361,0,0.0,0.0,0.0,0.0,0.0,0.0,0.0,0.0,0.0,0.0,0.0,0.0,0.0
643,643,41.51142,-7.6512756,989.0,2003-07-19T04:00,12.4,98,12.1,12.5,0.0,0.0,0.0,0.0,2,1021.4,908.6,78,85,3,0,0.0,0.03,4.3,8.3,222,236,17.6,14.9,17.4,17.2,13.7,0.259,0.256,0.245,0.361,0,0.0,0.0,0.0,0.0,0.0,0.0,0.0,0.0,0.0,0.0,0.0,0.0,0.0
642,642,41.51142,-7.6512756,989.0,2003-07-19T05:00,12.3,98,12.1,12.4,0.0,0.0,0.0,0.0,3,1021.2,908.4,85,93,2,0,0.0,0.02,4.4,8.4,215,227,17.6,14.9,17.2,17.2,13.7,0.259,0.256,0.245,0.361,0,0.0,0.0,0.0,0.0,0.0,0.0,0.0,0.0,0.0,0.0,0.0,0.0,0.0
641,641,41.51142,-7.6512756,989.0,2003-07-19T06:00,12.4,98,12.0,12.2,0.0,0.0,0.0,0.0,3,1021.3,908.5,88,94,6,0,0.01,0.03,5.7,8.2,215,221,18.0,14.9,17.1,17.1,13.7,0.259,0.256,0.245,0.361,1,0.0,11.0,5.0,6.0,50.8,11.0,72.0,25.2,11.5,13.7,92.0,13.9,164.9
640,640,41.51142,-7.6512756,989.0,2003-07-19T07:00,13.3,92,12.0,13.0,0.0,0.0,0.0,0.0,3,1021.3,908.9,93,99,7,0,0.04,0.13,6.7,9.0,216,217,20.2,15.5,17.0,17.1,13.7,0.259,0.256,0.245,0.361,1,1679.16,61.0,25.0,36.0,116.0,61.0,285.5,86.9,35.6,51.3,116.0,86.9,406.5
639,639,41.51142,-7.6512756,989.0,2003-07-19T08:00,14.3,87,12.3,13.9,0.2,0.2,0.0,0.0,51,1021.4,909.3,54,56,6,0,0.09,0.2,7.7,10.5,217,221,22.7,16.3,17.0,17.1,13.7,0.259,0.256,0.245,0.361,1,3267.3,150.0,67.0,83.0,168.9,150.0,525.3,183.3,81.9,101.4,168.9,183.3,641.8
638,638,41.51142,-7.6512756,989.0,2003-07-19T09:00,16.2,77,12.1,15.3,0.0,0.0,0.0,0.0,2,1021.3,909.9,70,70,12,0,0.21,0.43,10.5,13.8,229,229,27.4,17.6,17.0,17.1,13.7,0.26,0.256,0.245,0.361,1,3600.0,370.0,225.0,145.0,396.9,370.0,750.6,421.3,256.2,165.1,396.9,421.3,854.6
637,637,41.51142,-7.6512756,989.0,2003-07-19T10:00,17.2,71,11.8,16.3,0.0,0.0,0.0,0.0,2,1021.5,910.5,60,61,8,0,0.24,0.58,10.7,14.0,228,228,31.3,18.4,17.1,17.1,13.7,0.259,0.256,0.245,0.361,1,3600.0,405.0,224.0,181.0,313.5,405.0,946.2,441.1,244.0,197.1,313.5,441.1,1030.6
636,636,41.51142,-7.6512756,989.0,2003-07-19T11:00,18.3,64,11.5,17.0,0.0,0.0,0.0,0.0,2,1021.4,910.8,58,61,5,0,0.31,0.75,12.5,16.4,229,230,34.6,19.5,17.2,17.1,13.7,0.259,0.255,0.245,0.361,1,3600.0,494.0,235.0,259.0,283.3,494.0,1098.6,520.6,247.6,272.9,283.3,520.6,1157.7
635,635,41.51142,-7.6512756,989.0,2003-07-19T12:00,18.8,61,11.2,17.3,0.0,0.0,0.0,0.0,1,1021.1,910.7,41,46,0,0,0.32,0.84,13.6,17.9,230,230,35.6,20.2,17.4,17.1,13.7,0.258,0.255,0.245,0.361,1,3574.5,503.0,162.0,341.0,179.1,503.0,1197.5,515.5,166.0,349.5,179.1,515.5,1227.2
634,634,41.51142,-7.6512756,989.0,2003-07-19T13:00,19.8,58,11.2,19.1,0.0,0.0,0.0,0.0,1,1020.9,910.8,32,35,1,0,0.44,0.98,13.3,17.9,232,232,37.1,21.4,17.6,17.1,13.7,0.256,0.254,0.244,0.361,1,3600.0,710.0,390.0,320.0,417.8,710.0,1236.1,709.0,389.5,319.6,417.8,709.0,1234.4
633,633,41.51142,-7.6512756,989.0,2003-07-19T14:00,20.0,56,10.9,19.1,0.0,0.0,0.0,0.0,1,1020.6,910.6,28,31,0,0,0.43,1.03,13.1,17.5,233,233,37.1,21.8,17.8,17.1,13.7,0.255,0.254,0.244,0.361,1,3600.0,681.0,385.0,296.0,420.8,681.0,1211.7,662.5,374.5,288.0,420.8,662.5,1178.8
632,632,41.51142,-7.6512756,989.0,2003-07-19T15:00,20.0,55,10.8,19.3,0.0,0.0,0.0,0.0,1,1020.4,910.5,28,31,1,0,0.44,1.05,12.8,16.7,238,237,36.7,22.2,18.1,17.1,13.7,0.254,0.253,0.244,0.361,1,3600.0,711.0,463.0,248.0,544.5,711.0,1126.1,671.9,437.5,234.4,544.5,671.9,1064.1
631,631,41.51142,-7.6512756,989.0,2003-07-19T16:00,19.8,56,10.8,18.9,0.0,0.0,0.0,0.0,1,1020.2,910.2,28,31,0,0,0.41,1.01,12.4,16.1,244,243,35.6,22.2,18.3,17.1,13.7,0.252,0.253,0.244,0.361,1,3600.0,675.0,519.0,156.0,697.8,675.0,985.0,615.5,473.3,142.3,697.8,615.5,898.2
630,630,41.51142,-7.6512756,989.0,2003-07-19T17:00,19.2,59,10.9,17.8,0.0,0.0,0.0,0.0,0,1020.2,910.0,6,7,0,0,0.31,0.92,11.5,15.4,256,254,34.2,21.8,18.5,17.1,13.7,0.251,0.252,0.244,0.361,1,3600.0,493.0,347.0,146.0,575.9,493.0,798.0,427.7,301.0,126.7,575.9,427.7,692.3
629,629,41.51142,-7.6512756,989.0,2003-07-19T18:00,18.3,62,10.9,17.0,0.0,0.0,0.0,0.0,0,1019.8,909.3,2,2,0,0,0.21,0.79,10.8,14.4,268,269,31.7,21.0,18.6,17.1,13.7,0.251,0.252,0.244,0.361,1,3600.0,332.0,228.0,104.0,522.5,332.0,577.9,264.6,181.7,82.9,522.5,264.6,460.5
628,628,41.51142,-7.6512756,989.0,2003-07-19T19:00,17.2,64,10.3,16.1,0.0,0.0,0.0,0.0,0,1019.6,908.8,1,1,0,0,0.12,0.71,8.5,12.9,282,283,26.6,19.9,18.7,17.1,13.7,0.25,0.252,0.244,0.361,1,3600.0,198.0,137.0,61.0,534.3,198.0,339.6,127.4,88.1,39.2,534.3,127.4,218.5
627,627,41.51142,-7.6512756,989.0,2003-07-19T20:00,15.8,69,10.2,15.0,0.0,0.0,0.0,0.0,0,1019.7,908.3,1,1,0,0,0.03,0.55,5.7,11.3,288,292,20.9,18.5,18.6,17.1,13.7,0.25,0.252,0.244,0.361,1,1839.31,45.0,24.0,21.0,202.3,45.0,99.4,0.0,0.0,0.0,0.0,0.0,0.0
626,626,41.51142,-7.6512756,989.0,2003-07-19T21:00,14.4,76,10.2,13.6,0.0,0.0,0.0,0.0,0,1020.1,908.2,0,0,0,0,0.0,0.4,6.6,9.0,292,299,15.5,17.1,18.5,17.1,13.7,0.25,0.252,0.244,0.361,0,0.0,0.0,0.0,0.0,0.0,0.0,0.0,0.0,0.0,0.0,0.0,0.0,0.0
625,625,41.51142,-7.6512756,989.0,2003-07-19T22:00,13.1,83,10.3,12.3,0.0,0.0,0.0,0.0,0,1020.4,908.0,0,0,0,0,0.0,0.25,6.4,8.6,297,303,14.4,16.1,18.3,17.1,13.7,0.25,0.252,0.244,0.361,0,0.0,0.0,0.0,0.0,0.0,0.0,0.0,0.0,0.0,0.0,0.0,0.0,0.0
624,624,41.51142,-7.6512756,989.0,2003-07-19T23:00,11.7,91,10.2,10.9,0.0,0.0,0.0,0.0,0,1020.2,907.3,0,0,0,0,0.0,0.13,6.1,8.0,298,306,13.7,15.2,18.1,17.1,13.7,0.25,0.252,0.244,0.361,0,0.0,0.0,0.0,0.0,0.0,0.0,0.0,0.0,0.0,0.0,0.0,0.0,0.0
623,623,41.51142,-7.6512756,989.0,2003-07-20T00:00,10.7,94,9.8,9.8,0.0,0.0,0.0,0.0,0,1019.7,906.5,0,0,0,0,0.0,0.08,5.7,7.7,305,307,13.3,14.3,17.9,17.1,13.8,0.25,0.252,0.244,0.361,0,0.0,0.0,0.0,0.0,0.0,0.0,0.0,0.0,0.0,0.0,0.0,0.0,0.0
622,622,41.51142,-7.6512756,989.0,2003-07-20T01:00,10.1,96,9.4,9.2,0.0,0.0,0.0,0.0,0,1019.5,906.1,0,0,0,0,0.0,0.05,5.4,7.9,307,309,13.0,13.6,17.6,17.1,13.8,0.25,0.252,0.244,0.361,0,0.0,0.0,0.0,0.0,0.0,0.0,0.0,0.0,0.0,0.0,0.0,0.0,0.0
621,621,41.51142,-7.6512756,989.0,2003-07-20T02:00,9.5,98,9.1,8.5,0.0,0.0,0.0,0.0,1,1019.1,905.5,49,54,0,0,0.0,0.03,5.4,8.2,312,311,12.6,13.0,17.4,17.1,13.8,0.25,0.252,0.244,0.361,0,0.0,0.0,0.0,0.0,0.0,0.0,0.0,0.0,0.0,0.0,0.0,0.0,0.0
620,620,41.51142,-7.6512756,989.0,2003-07-20T03:00,8.8,100,8.8,7.9,0.0,0.0,0.0,0.0,2,1018.9,905.1,55,61,0,0,0.0,0.0,4.6,7.6,315,315,12.6,12.9,17.1,17.1,13.8,0.25,0.252,0.244,0.361,0,0.0,0.0,0.0,0.0,0.0,0.0,0.0,0.0,0.0,0.0,0.0,0.0,0.0
619,619,41.51142,-7.6512756,989.0,2003-07-20T04:00,9.2,100,9.2,8.4,0.0,0.0,0.0,0.0,3,1018.8,905.1,90,100,0,0,0.0,0.0,4.6,7.1,315,319,12.6,12.9,16.9,17.1,13.8,0.25,0.252,0.244,0.361,0,0.0,0.0,0.0,0.0,0.0,0.0,0.0,0.0,0.0,0.0,0.0,0.0,0.0
618,618,41.51142,-7.6512756,989.0,2003-07-20T05:00,9.3,99,9.2,8.5,0.0,0.0,0.0,0.0,3,1018.6,905.0,90,100,0,0,0.0,0.01,4.3,6.9,312,317,11.9,12.9,16.6,17.1,13.8,0.25,0.252,0.244,0.361,0,0.0,0.0,0.0,0.0,0.0,0.0,0.0,0.0,0.0,0.0,0.0,0.0,0.0
617,617,41.51142,-7.6512756,989.0,2003-07-20T06:00,9.5,99,9.4,8.8,0.0,0.0,0.0,0.0,3,1018.9,905.3,90,100,0,0,0.01,0.01,4.3,5.4,312,312,13.3,13.0,16.4,17.1,13.8,0.25,0.252,0.244,0.361,1,0.0,15.0,4.0,11.0,41.1,15.0,70.5,34.4,9.2,25.3,75.2,18.8,161.9
616,616,41.51142,-7.6512756,989.0,2003-07-20T07:00,10.1,98,9.8,9.6,0.0,0.0,0.0,0.0,3,1019.1,905.7,90,100,0,0,0.04,0.02,3.3,4.8,311,312,14.0,13.8,16.3,17.0,13.8,0.25,0.252,0.244,0.361,1,2698.6,100.0,32.0,68.0,150.0,100.0,282.6,142.9,45.7,97.2,150.0,142.9,403.8
615,615,41.51142,-7.6512756,989.0,2003-07-20T08:00,11.4,91,10.1,11.0,0.0,0.0,0.0,0.0,1,1019.0,906.1,49,52,0,6,0.11,0.12,3.4,4.7,302,302,14.8,15.0,16.2,17.0,13.8,0.25,0.252,0.244,0.361,1,3600.0,235.0,111.0,124.0,281.2,235.0,522.8,287.4,135.8,151.7,281.2,287.4,639.4
614,614,41.51142,-7.6512756,989.0,2003-07-20T09:00,13.5,77,9.5,12.8,0.0,0.0,0.0,0.0,0,1018.6,906.5,9,4,0,19,0.23,0.36,4.3,5.3,294,298,16.9,16.7,16.3,17.0,13.8,0.249,0.251,0.244,0.361,1,3600.0,438.0,268.0,170.0,474.2,438.0,748.5,498.9,305.3,193.7,474.2,498.9,852.6
613,613,41.51142,-7.6512756,989.0,2003-07-20T10:00,15.4,64,8.7,14.7,0.0,0.0,0.0,0.0,0,1018.4,907.1,10,9,0,5,0.34,0.63,5.6,7.1,297,300,20.9,18.5,16.4,17.0,13.8,0.248,0.251,0.244,0.361,1,3600.0,611.0,456.0,155.0,639.6,611.0,944.3,665.7,496.8,168.9,639.6,665.7,1028.9
612,612,41.51142,-7.6512756,989.0,2003-07-20T11:00,16.9,59,8.8,16.9,0.0,0.0,0.0,0.0,0,1017.9,907.1,10,10,0,2,0.44,0.79,7.2,8.8,288,289,25.6,20.2,16.6,17.0,13.8,0.246,0.25,0.244,0.361,1,3600.0,767.0,560.0,207.0,676.1,767.0,1097.0,808.4,590.2,218.2,676.1,808.4,1156.2
611,611,41.51142,-7.6512756,989.0,2003-07-20T12:00,17.8,55,8.6,18.2,0.0,0.0,0.0,0.0,0,1017.4,907.0,15,16,0,2,0.51,0.93,8.9,11.5,284,284,28.8,21.4,16.9,17.0,13.8,0.245,0.25,0.244,0.361,1,3600.0,887.0,723.0,164.0,800.6,887.0,1196.1,909.1,741.0,168.1,800.6,909.1,1225.9
610,610,41.51142,-7.6512756,989.0,2003-07-20T13:00,18.6,52,8.5,19.1,0.0,0.0,0.0,0.0,1,1017.1,907.0,21,18,0,16,0.56,1.04,10.4,13.1,284,286,31.3,22.3,17.2,17.0,13.8,0.243,0.249,0.244,0.361,1,3600.0,952.0,820.0,132.0,879.6,952.0,1234.8,950.7,818.9,131.8,879.6,950.7,1233.1
609,609,41.51142,-7.6512756,989.0,2003-07-20T14:00,19.1,50,8.5,19.2,0.0,0.0,0.0,0.0,1,1016.7,906.8,21,17,0,18,0.54,1.1,11.0,14.1,289,289,33.1,22.8,17.5,17.0,13.8,0.241,0.248,0.244,0.361,1,3600.0,917.0,738.0,179.0,807.5,917.0,1210.4,892.0,717.9,174.1,807.5,892.0,1177.5
608,608,41.51142,-7.6512756,989.0,2003-07-20T15:00,19.3,50,8.6,18.9,0.0,0.0,0.0,0.0,0,1016.4,906.6,17,13,0,18,0.51,1.12,11.6,14.8,292,293,33.5,23.0,17.8,17.0,13.8,0.239,0.248,0.244,0.361,1,3600.0,853.0,707.0,146.0,832.6,853.0,1124.7,806.0,668.0,137.9,832.6,806.0,1062.7
607,607,41.51142,-7.6512756,989.0,2003-07-20T16:00,19.1,50,8.5,18.0,0.0,0.0,0.0,0.0,0,1016.2,906.4,11,11,0,3,0.44,1.1,11.9,15.6,295,296,33.5,22.8,18.1,17.0,13.8,0.238,0.247,0.244,0.361,1,3600.0,730.0,603.0,127.0,812.1,730.0,983.5,665.5,549.7,115.8,812.1,665.5,896.6
606,606,41.51142,-7.6512756,989.0,2003-07-20T17:00,18.6,51,8.4,16.5,0.0,0.0,0.0,0.0,0,1016.1,906.1,17,19,0,0,0.34,1.04,12.2,15.9,298,298,32.8,22.2,18.3,17.0,13.8,0.237,0.247,0.244,0.36,1,3600.0,559.0,436.0,123.0,725.2,559.0,796.3,484.7,378.1,106.7,725.2,484.7,690.5
605,605,41.51142,-7.6512756,989.0,2003-07-20T18:00,17.8,54,8.3,15.6,0.0,0.0,0.0,0.0,1,1016.0,905.8,21,23,0,0,0.23,0.94,12.0,16.4,303,303,31.3,21.1,18.4,17.0,13.8,0.236,0.246,0.244,0.36,1,3600.0,372.0,275.0,97.0,632.5,372.0,575.9,296.1,218.9,77.2,632.5,296.1,458.3
604,604,41.51142,-7.6512756,989.0,2003-07-20T19:00,16.7,59,8.5,14.8,0.0,0.0,0.0,0.0,0,1016.4,905.7,1,1,0,0,0.13,0.79,10.7,15.8,303,305,29.5,19.8,18.5,17.0,13.8,0.236,0.246,0.243,0.36,1,3600.0,188.0,114.0,74.0,447.7,188.0,337.3,120.4,73.0,47.4,447.7,120.4,216.0
603,603,41.51142,-7.6512756,989.0,2003-07-20T20:00,15.1,65,8.6,13.8,0.0,0.0,0.0,0.0,0,1016.5,905.2,0,0,0,0,0.03,0.6,6.2,14.1,306,308,25.9,18.2,18.5,17.0,13.8,0.235,0.246,0.244,0.36,1,1799.0,44.0,24.0,20.0,204.0,44.0,97.1,0.0,0.0,0.0,0.0,0.0,0.0
602,602,41.51142,-7.6512756,989.0,2003-07-20T21:00,13.8,72,8.8,12.5,0.0,0.0,0.0,0.0,0,1017.1,905.3,0,0,0,0,0.01,0.44,6.6,12.5,299,309,18.4,16.9,18.3,17.0,13.8,0.235,0.246,0.244,0.36,0,0.0,0.0,0.0,0.0,0.0,0.0,0.0,0.0,0.0,0.0,0.0,0.0,0.0
601,601,41.51142,-7.6512756,989.0,2003-07-20T22:00,12.6,79,9.1,11.5,0.0,0.0,0.0,0.0,0,1018.0,905.7,0,0,0,0,0.0,0.3,6.1,11.0,315,322,16.9,15.8,18.2,17.0,13.8,0.235,0.246,0.244,0.36,0,0.0,0.0,0.0,0.0,0.0,0.0,0.0,0.0,0.0,0.0,0.0,0.0,0.0
600,600,41.51142,-7.6512756,989.0,2003-07-20T23:00,11.3,88,9.3,10.2,0.0,0.0,0.0,0.0,0,1017.7,904.9,1,1,0,0,0.0,0.17,6.1,10.3,320,324,14.8,14.8,18.0,17.0,13.8,0.235,0.246,0.244,0.36,0,0.0,0.0,0.0,0.0,0.0,0.0,0.0,0.0,0.0,0.0,0.0,0.0,0.0
599,599,41.51142,-7.6512756,989.0,2003-07-21T00:00,10.1,93,9.1,9.1,0.0,0.0,0.0,0.0,0,1017.7,904.5,1,1,0,0,0.0,0.08,5.7,9.7,325,329,13.7,14.0,17.7,17.0,13.8,0.235,0.246,0.244,0.36,0,0.0,0.0,0.0,0.0,0.0,0.0,0.0,0.0,0.0,0.0,0.0,0.0,0.0
598,598,41.51142,-7.6512756,989.0,2003-07-21T01:00,9.2,95,8.5,8.0,0.0,0.0,0.0,0.0,0,1017.7,904.2,3,3,0,0,0.0,0.06,5.5,8.7,328,330,13.0,13.2,17.5,17.0,13.8,0.235,0.246,0.244,0.36,0,0.0,0.0,0.0,0.0,0.0,0.0,0.0,0.0,0.0,0.0,0.0,0.0,0.0
597,597,41.51142,-7.6512756,989.0,2003-07-21T02:00,8.8,96,8.3,7.6,0.0,0.0,0.0,0.0,0,1017.4,903.7,1,1,0,0,0.0,0.04,5.6,8.4,333,335,13.0,12.6,17.2,17.0,13.8,0.236,0.246,0.244,0.36,0,0.0,0.0,0.0,0.0,0.0,0.0,0.0,0.0,0.0,0.0,0.0,0.0,0.0
596,596,41.51142,-7.6512756,989.0,2003-07-21T03:00,8.1,100,8.1,6.8,0.0,0.0,0.0,0.0,2,1017.5,903.6,50,56,0,0,0.0,0.0,5.5,8.6,337,338,12.6,12.4,16.9,17.0,13.8,0.236,0.246,0.244,0.36,0,0.0,0.0,0.0,0.0,0.0,0.0,0.0,0.0,0.0,0.0,0.0,0.0,0.0
595,595,41.51142,-7.6512756,989.0,2003-07-21T04:00,8.4,100,8.4,7.4,0.0,0.0,0.0,0.0,1,1017.7,903.9,49,54,0,0,0.0,0.0,4.5,8.0,346,342,11.9,12.5,16.7,17.0,13.8,0.236,0.246,0.244,0.36,0,0.0,0.0,0.0,0.0,0.0,0.0,0.0,0.0,0.0,0.0,0.0,0.0,0.0
594,594,41.51142,-7.6512756,989.0,2003-07-21T05:00,8.4,99,8.3,7.4,0.0,0.0,0.0,0.0,2,1017.8,903.9,55,61,0,0,0.0,0.01,3.9,7.2,338,342,11.5,12.5,16.4,16.9,13.8,0.236,0.246,0.244,0.36,0,0.0,0.0,0.0,0.0,0.0,0.0,0.0,0.0,0.0,0.0,0.0,0.0,0.0
593,593,41.51142,-7.6512756,989.0,2003-07-21T06:00,8.4,99,8.2,7.4,0.0,0.0,0.0,0.0,3,1018.0,904.1,90,100,0,0,0.01,0.01,3.7,6.8,331,342,13.0,12.5,16.2,16.9,13.8,0.236,0.246,0.244,0.36,1,0.0,16.0,4.0,12.0,41.6,16.0,69.0,36.8,9.2,27.6,76.8,19.9,158.9
592,592,41.51142,-7.6512756,989.0,2003-07-21T07:00,9.4,96,8.7,8.6,0.0,0.0,0.0,0.0,2,1018.1,904.6,77,86,0,0,0.04,0.05,3.4,6.0,342,343,14.0,13.3,16.1,16.9,13.8,0.236,0.246,0.244,0.36,1,3600.0,115.0,45.0,70.0,213.1,115.0,279.8,164.9,64.5,100.4,213.1,164.9,401.1
591,591,41.51142,-7.6512756,989.0,2003-07-21T08:00,12.2,87,10.0,11.7,0.0,0.0,0.0,0.0,1,1018.3,905.8,36,40,0,0,0.14,0.19,3.4,5.0,342,339,14.8,15.1,16.0,16.9,13.8,0.235,0.246,0.244,0.36,1,3600.0,300.0,169.0,131.0,430.3,300.0,520.2,367.4,206.9,160.4,430.3,367.4,637.0
590,590,41.51142,-7.6512756,989.0,2003-07-21T09:00,14.5,66,8.3,13.5,0.0,0.0,0.0,0.0,0,1018.4,906.7,0,0,0,0,0.28,0.56,4.1,4.9,322,324,16.2,17.0,16.1,16.9,13.8,0.235,0.245,0.244,0.36,1,3600.0,534.0,439.0,95.0,779.2,534.0,746.3,608.6,500.4,108.3,779.2,608.6,850.6
589,589,41.51142,-7.6512756,989.0,2003-07-21T10:00,16.3,56,7.5,16.2,0.0,0.0,0.0,0.0,0,1018.7,907.6,0,0,0,0,0.4,0.82,3.8,4.6,319,321,19.1,19.1,16.3,16.9,13.8,0.234,0.245,0.244,0.36,1,3600.0,712.0,612.0,100.0,860.2,712.0,942.4,776.0,667.0,109.0,860.2,776.0,1027.1
588,588,41.51142,-7.6512756,989.0,2003-07-21T11:00,17.8,50,7.3,18.1,0.0,0.0,0.0,0.0,0,1018.4,907.9,0,0,0,0,0.49,1.01,6.1,7.4,310,309,22.7,20.7,16.5,16.9,13.8,0.232,0.244,0.244,0.36,1,3600.0,846.0,738.0,108.0,892.5,846.0,1095.3,891.8,778.0,113.8,892.5,891.8,1154.6
587,587,41.51142,-7.6512756,989.0,2003-07-21T12:00,18.9,48,7.5,19.5,0.0,0.0,0.0,0.0,0,1018.4,908.3,0,0,0,0,0.56,1.15,7.2,8.7,307,308,25.2,22.0,16.8,16.9,13.8,0.23,0.244,0.243,0.36,1,3600.0,934.0,822.0,112.0,911.5,934.0,1194.6,957.4,842.6,114.8,911.5,957.4,1224.5
586,586,41.51142,-7.6512756,989.0,2003-07-21T13:00,19.7,46,7.8,20.4,0.0,0.0,0.0,0.0,0,1018.0,908.2,0,0,0,0,0.59,1.23,8.2,10.2,311,312,27.0,23.0,17.2,16.9,13.8,0.229,0.243,0.243,0.36,1,3600.0,964.0,839.0,125.0,901.1,964.0,1233.4,962.7,837.9,124.8,901.1,962.7,1231.8
585,585,41.51142,-7.6512756,989.0,2003-07-21T14:00,20.2,46,8.2,20.7,0.0,0.0,0.0,0.0,0,1018.0,908.4,2,2,0,0,0.58,1.28,9.2,12.0,315,316,27.7,23.6,17.5,16.9,13.8,0.227,0.242,0.243,0.36,1,3600.0,936.0,812.0,124.0,889.6,936.0,1209.1,910.5,789.9,120.6,889.6,910.5,1176.1
584,584,41.51142,-7.6512756,989.0,2003-07-21T15:00,20.5,46,8.6,20.5,0.0,0.0,0.0,0.0,0,1018.1,908.6,0,0,0,0,0.54,1.3,10.5,13.4,322,324,28.4,23.8,17.9,16.9,13.8,0.225,0.241,0.243,0.36,1,3600.0,866.0,754.0,112.0,889.2,866.0,1123.3,818.1,712.3,105.8,889.2,818.1,1061.2
583,583,41.51142,-7.6512756,989.0,2003-07-21T16:00,20.5,47,8.9,19.6,0.0,0.0,0.0,0.0,0,1018.0,908.5,1,1,0,0,0.45,1.28,11.1,14.7,331,332,29.2,23.6,18.2,16.9,13.9,0.224,0.241,0.243,0.36,1,3600.0,722.0,585.0,137.0,789.2,722.0,981.9,658.0,533.2,124.9,789.2,658.0,894.9
582,582,41.51142,-7.6512756,989.0,2003-07-21T17:00,20.3,49,9.1,18.5,0.0,0.0,0.0,0.0,0,1018.0,908.4,6,7,0,0,0.36,1.22,11.8,15.5,337,338,29.2,23.1,18.4,16.9,13.9,0.223,0.24,0.243,0.36,1,3600.0,569.0,474.0,95.0,790.3,569.0,794.5,493.1,410.8,82.3,790.3,493.1,688.5
581,581,41.51142,-7.6512756,989.0,2003-07-21T18:00,19.6,51,9.3,17.8,0.0,0.0,0.0,0.0,0,1018.1,908.3,0,0,0,1,0.25,1.12,11.6,16.1,338,340,29.2,22.1,18.6,16.9,13.9,0.222,0.24,0.243,0.36,1,3600.0,385.0,305.0,80.0,704.2,385.0,573.8,306.0,242.4,63.6,704.2,306.0,456.1
580,580,41.51142,-7.6512756,989.0,2003-07-21T19:00,18.9,55,9.6,17.4,0.0,0.0,0.0,0.0,0,1018.6,908.5,1,1,0,1,0.14,0.98,9.7,15.8,338,343,28.4,20.8,18.7,16.9,13.9,0.222,0.24,0.243,0.36,1,3600.0,196.0,137.0,59.0,541.9,196.0,334.9,124.9,87.3,37.6,541.9,124.9,213.4
579,579,41.51142,-7.6512756,989.0,2003-07-21T20:00,17.2,62,9.8,16.0,0.0,0.0,0.0,0.0,0,1018.8,908.1,1,0,0,4,0.04,0.76,7.9,16.2,336,343,23.8,19.3,18.7,16.9,13.9,0.222,0.24,0.243,0.36,0,1756.87,43.0,23.0,20.0,197.1,43.0,95.9,0.0,0.0,0.0,0.0,0.0,0.0
578,578,41.51142,-7.6512756,989.0,2003-07-21T21:00,15.6,69,10.0,14.6,0.0,0.0,0.0,0.0,0,1019.6,908.2,2,1,0,2,0.02,0.55,7.6,15.1,335,342,21.2,17.8,18.6,16.9,13.9,0.222,0.24,0.243,0.36,0,0.0,0.0,0.0,0.0,0.0,0.0,0.0,0.0,0.0,0.0,0.0,0.0,0.0
577,577,41.51142,-7.6512756,989.0,2003-07-21T22:00,13.9,81,10.6,13.1,0.0,0.0,0.0,0.0,0,1020.2,908.1,1,0,0,4,0.0,0.31,6.9,11.4,332,342,19.8,16.7,18.5,16.9,13.9,0.222,0.24,0.243,0.36,0,0.0,0.0,0.0,0.0,0.0,0.0,0.0,0.0,0.0,0.0,0.0,0.0,0.0
576,576,41.51142,-7.6512756,989.0,2003-07-21T23:00,12.7,85,10.3,11.9,0.0,0.0,0.0,0.0,0,1020.3,907.8,0,0,0,0,0.0,0.22,6.8,10.2,335,342,16.9,15.6,18.3,16.9,13.9,0.222,0.24,0.243,0.36,0,0.0,0.0,0.0,0.0,0.0,0.0,0.0,0.0,0.0,0.0,0.0,0.0,0.0
575,575,41.51142,-7.6512756,989.0,2003-07-22T00:00,12.2,87,10.0,11.3,0.0,0.0,0.0,0.0,0,1020.2,907.5,0,0,0,0,0.0,0.19,6.5,10.0,341,345,15.5,14.7,18.1,16.9,13.9,0.222,0.24,0.243,0.36,0,0.0,0.0,0.0,0.0,0.0,0.0,0.0,0.0,0.0,0.0,0.0,0.0,0.0
574,574,41.51142,-7.6512756,989.0,2003-07-22T01:00,11.6,89,9.8,10.6,0.0,0.0,0.0,0.0,0,1020.3,907.3,0,0,0,0,0.0,0.15,6.7,10.0,344,347,15.1,13.9,17.8,16.9,13.9,0.222,0.24,0.243,0.36,0,0.0,0.0,0.0,0.0,0.0,0.0,0.0,0.0,0.0,0.0,0.0,0.0,0.0
573,573,41.51142,-7.6512756,989.0,2003-07-22T02:00,11.0,90,9.5,9.9,0.0,0.0,0.0,0.0,0,1019.9,906.8,0,0,0,0,0.0,0.13,7.0,10.5,348,356,14.8,13.3,17.6,16.9,13.9,0.222,0.24,0.243,0.36,0,0.0,0.0,0.0,0.0,0.0,0.0,0.0,0.0,0.0,0.0,0.0,0.0,0.0
572,572,41.51142,-7.6512756,989.0,2003-07-22T03:00,10.6,92,9.3,9.4,0.0,0.0,0.0,0.0,0,1019.9,906.6,0,0,0,0,0.0,0.1,6.9,10.5,354,4,14.8,12.8,17.3,16.9,13.9,0.222,0.24,0.243,0.36,0,0.0,0.0,0.0,0.0,0.0,0.0,0.0,0.0,0.0,0.0,0.0,0.0,0.0
571,571,41.51142,-7.6512756,989.0,2003-07-22T04:00,10.1,93,9.1,9.0,0.0,0.0,0.0,0.0,0,1020.3,906.8,10,11,0,0,0.0,0.08,6.5,9.9,360,10,14.8,12.4,17.0,16.9,13.9,0.222,0.24,0.243,0.36,0,0.0,0.0,0.0,0.0,0.0,0.0,0.0,0.0,0.0,0.0,0.0,0.0,0.0
570,570,41.51142,-7.6512756,989.0,2003-07-22T05:00,9.1,97,8.7,7.9,0.0,0.0,0.0,0.0,0,1020.3,906.4,14,15,0,0,0.0,0.03,6.1,8.8,360,9,14.4,12.1,16.7,16.9,13.9,0.222,0.24,0.243,0.36,0,0.0,0.0,0.0,0.0,0.0,0.0,0.0,0.0,0.0,0.0,0.0,0.0,0.0
569,569,41.51142,-7.6512756,989.0,2003-07-22T06:00,8.5,99,8.4,7.5,0.0,0.0,0.0,0.0,1,1021.0,906.8,45,50,0,0,0.0,0.01,3.6,8.0,354,10,13.7,12.3,16.5,16.9,13.9,0.222,0.24,0.243,0.36,1,259.18,20.0,9.0,11.0,94.6,20.0,67.5,46.2,20.8,25.4,176.6,24.7,155.8
568,568,41.51142,-7.6512756,989.0,2003-07-22T07:00,11.0,94,10.0,10.4,0.0,0.0,0.0,0.0,1,1021.0,907.8,39,43,0,0,0.05,0.08,4.3,7.3,360,9,14.8,14.0,16.4,16.9,13.9,0.222,0.24,0.243,0.36,1,3600.0,136.0,73.0,63.0,349.3,136.0,276.9,195.7,105.0,90.6,349.3,195.7,398.4
567,567,41.51142,-7.6512756,989.0,2003-07-22T08:00,14.6,79,11.0,14.4,0.0,0.0,0.0,0.0,0,1021.4,909.4,4,5,0,0,0.16,0.35,4.0,5.2,5,12,15.1,16.0,16.4,16.8,13.9,0.222,0.239,0.243,0.36,1,3600.0,318.0,222.0,96.0,568.1,318.0,517.7,389.9,272.2,117.7,568.1,389.9,634.7
566,566,41.51142,-7.6512756,989.0,2003-07-22T09:00,17.3,66,10.8,17.2,0.0,0.0,0.0,0.0,0,1021.2,910.2,1,1,0,0,0.3,0.68,2.6,3.5,16,24,15.5,18.3,16.5,16.8,13.9,0.221,0.239,0.243,0.36,1,3600.0,521.0,421.0,100.0,749.6,521.0,744.0,594.1,480.1,114.0,749.6,594.1,848.5
565,565,41.51142,-7.6512756,989.0,2003-07-22T10:00,18.8,61,11.0,19.9,0.0,0.0,0.0,0.0,0,1021.6,911.1,1,1,0,0,0.42,0.86,1.8,2.3,143,141,14.0,20.5,16.7,16.8,13.9,0.22,0.239,0.243,0.36,1,3600.0,699.0,596.0,103.0,839.6,699.0,940.5,762.0,649.7,112.3,839.6,762.0,1025.3
564,564,41.51142,-7.6512756,989.0,2003-07-22T11:00,20.2,55,10.9,22.1,0.0,0.0,0.0,0.0,0,1021.5,911.5,7,8,0,0,0.52,1.07,2.3,3.1,219,216,16.6,22.3,17.0,16.8,13.9,0.219,0.238,0.243,0.36,1,3600.0,835.0,725.0,110.0,878.2,835.0,1093.7,880.4,764.4,116.0,878.2,880.4,1153.1
563,563,41.51142,-7.6512756,989.0,2003-07-22T12:00,21.4,50,10.5,23.3,0.0,0.0,0.0,0.0,0,1021.0,911.5,1,1,0,0,0.58,1.27,3.8,4.6,253,252,19.4,23.7,17.4,16.8,13.9,0.217,0.237,0.243,0.36,1,3600.0,907.0,755.0,152.0,838.4,907.0,1193.1,929.8,773.9,155.8,838.4,929.8,1223.0
562,562,41.51142,-7.6512756,989.0,2003-07-22T13:00,22.2,47,10.3,24.2,0.0,0.0,0.0,0.0,0,1020.8,911.6,5,6,0,0,0.62,1.43,5.1,6.1,274,273,22.3,24.7,17.8,16.8,13.9,0.216,0.236,0.242,0.359,1,3600.0,956.0,836.0,120.0,899.0,956.0,1232.0,954.8,834.9,119.8,899.0,954.8,1230.4
561,561,41.51142,-7.6512756,989.0,2003-07-22T14:00,22.7,45,10.2,24.2,0.0,0.0,0.0,0.0,0,1020.5,911.5,4,4,0,0,0.61,1.52,7.0,8.5,282,282,25.9,25.2,18.1,16.8,13.9,0.214,0.236,0.242,0.359,1,3600.0,934.0,818.0,116.0,897.4,934.0,1207.7,908.5,795.7,112.8,897.4,908.5,1174.7
560,560,41.51142,-7.6512756,989.0,2003-07-22T15:00,22.8,45,10.4,23.6,0.0,0.0,0.0,0.0,0,1020.3,911.3,8,8,2,0,0.56,1.52,8.1,10.4,291,290,27.7,25.4,18.5,16.8,13.9,0.212,0.235,0.242,0.359,1,3600.0,847.0,717.0,130.0,846.8,847.0,1121.8,800.1,677.3,122.8,846.8,800.1,1059.7
559,559,41.51142,-7.6512756,989.0,2003-07-22T16:00,22.6,47,10.8,22.3,0.0,0.0,0.0,0.0,0,1020.3,911.3,12,2,17,0,0.45,1.44,8.7,11.0,300,302,28.1,25.0,18.8,16.8,13.9,0.211,0.234,0.242,0.359,1,3600.0,665.0,490.0,175.0,662.3,665.0,980.2,605.9,446.5,159.5,662.3,605.9,893.1
558,558,41.51142,-7.6512756,989.0,2003-07-22T17:00,22.0,50,11.2,21.0,0.0,0.0,0.0,0.0,0,1019.9,910.7,7,0,12,0,0.36,1.31,9.7,12.7,312,313,28.1,24.3,19.1,16.8,13.9,0.21,0.234,0.242,0.359,1,3600.0,535.0,430.0,105.0,718.8,535.0,792.6,463.4,372.4,90.9,718.8,463.4,686.5
557,557,41.51142,-7.6512756,989.0,2003-07-22T18:00,21.0,55,11.7,20.0,0.0,0.0,0.0,0.0,0,1020.1,910.5,0,0,0,0,0.25,1.11,10.7,14.9,320,323,28.8,23.3,19.3,16.8,13.9,0.209,0.234,0.242,0.359,1,3600.0,380.0,299.0,81.0,693.1,380.0,571.6,301.6,237.3,64.3,693.1,301.6,453.7
556,556,41.51142,-7.6512756,989.0,2003-07-22T19:00,20.1,61,12.3,19.6,0.0,0.0,0.0,0.0,0,1020.1,910.2,2,2,0,0,0.13,0.92,8.2,13.6,322,328,26.6,21.9,19.4,16.8,13.9,0.209,0.233,0.242,0.359,1,3600.0,192.0,135.0,57.0,538.2,192.0,332.3,121.7,85.6,36.1,538.2,121.7,210.7
555,555,41.51142,-7.6512756,989.0,2003-07-22T20:00,18.2,70,12.5,17.9,0.0,0.0,0.0,0.0,0,1020.6,910.0,3,3,0,0,0.04,0.64,7.2,15.0,323,330,20.9,20.3,19.4,16.9,13.9,0.209,0.233,0.242,0.359,0,1712.84,41.0,22.0,19.0,190.2,41.0,94.5,0.0,0.0,0.0,0.0,0.0,0.0
554,554,41.51142,-7.6512756,989.0,2003-07-22T21:00,16.5,78,12.6,16.2,0.0,0.0,0.0,0.0,0,1021.3,910.0,0,0,0,0,0.01,0.41,7.5,14.5,325,333,19.8,18.9,19.3,16.9,13.9,0.209,0.233,0.242,0.359,0,0.0,0.0,0.0,0.0,0.0,0.0,0.0,0.0,0.0,0.0,0.0,0.0,0.0
553,553,41.51142,-7.6512756,989.0,2003-07-22T22:00,15.1,85,12.6,15.0,0.0,0.0,0.0,0.0,0,1022.2,910.3,0,0,0,0,0.0,0.26,6.8,10.8,328,339,18.7,17.8,19.2,16.9,13.9,0.209,0.233,0.242,0.359,0,0.0,0.0,0.0,0.0,0.0,0.0,0.0,0.0,0.0,0.0,0.0,0.0,0.0
552,552,41.51142,-7.6512756,989.0,2003-07-22T23:00,13.8,92,12.5,13.7,0.0,0.0,0.0,0.0,0,1022.1,909.8,0,0,0,0,0.0,0.13,6.4,8.9,322,333,15.8,16.8,19.0,16.9,13.9,0.209,0.233,0.242,0.359,0,0.0,0.0,0.0,0.0,0.0,0.0,0.0,0.0,0.0,0.0,0.0,0.0,0.0
551,551,41.51142,-7.6512756,989.0,2003-07-23T00:00,12.6,96,12.0,12.5,0.0,0.0,0.0,0.0,0,1022.0,909.2,1,1,0,0,0.0,0.06,5.6,8.6,320,327,14.4,15.9,18.8,16.9,13.9,0.209,0.233,0.242,0.359,0,0.0,0.0,0.0,0.0,0.0,0.0,0.0,0.0,0.0,0.0,0.0,0.0,0.0
550,550,41.51142,-7.6512756,989.0,2003-07-23T01:00,12.5,97,12.1,12.4,0.0,0.0,0.0,0.0,0,1022.0,909.2,1,1,0,0,0.0,0.04,5.2,8.6,326,327,14.0,15.5,18.6,16.9,13.9,0.209,0.233,0.242,0.359,0,0.0,0.0,0.0,0.0,0.0,0.0,0.0,0.0,0.0,0.0,0.0,0.0,0.0
549,549,41.51142,-7.6512756,989.0,2003-07-23T02:00,12.1,98,11.9,12.1,0.0,0.0,0.0,0.0,1,1021.7,908.8,50,55,0,0,0.0,0.02,4.4,7.9,325,330,13.3,15.1,18.4,16.9,13.9,0.209,0.233,0.242,0.359,0,0.0,0.0,0.0,0.0,0.0,0.0,0.0,0.0,0.0,0.0,0.0,0.0,0.0
548,548,41.51142,-7.6512756,989.0,2003-07-23T03:00,11.8,99,11.7,11.6,0.0,0.0,0.0,0.0,2,1021.3,908.3,71,79,0,0,0.0,0.01,5.2,8.7,326,330,13.0,14.9,18.2,16.9,13.9,0.209,0.233,0.242,0.359,0,0.0,0.0,0.0,0.0,0.0,0.0,0.0,0.0,0.0,0.0,0.0,0.0,0.0
547,547,41.51142,-7.6512756,989.0,2003-07-23T04:00,11.8,100,11.7,11.6,0.0,0.0,0.0,0.0,3,1021.6,908.6,90,100,0,0,0.0,0.0,5.2,8.9,326,333,13.7,14.8,18.0,16.9,13.9,0.21,0.233,0.242,0.359,0,0.0,0.0,0.0,0.0,0.0,0.0,0.0,0.0,0.0,0.0,0.0,0.0,0.0
546,546,41.51142,-7.6512756,989.0,2003-07-23T05:00,11.5,99,11.4,11.3,0.0,0.0,0.0,0.0,3,1021.5,908.4,90,100,0,0,0.0,0.01,4.7,7.8,337,347,14.4,14.7,17.8,16.9,13.9,0.21,0.233,0.242,0.359,0,0.0,0.0,0.0,0.0,0.0,0.0,0.0,0.0,0.0,0.0,0.0,0.0,0.0
545,545,41.51142,-7.6512756,989.0,2003-07-23T06:00,11.6,99,11.4,11.3,0.0,0.0,0.0,0.0,3,1021.9,908.8,90,100,0,0,0.01,0.01,5.0,8.0,339,342,14.4,14.7,17.6,16.9,13.9,0.21,0.233,0.242,0.359,1,0.0,15.0,4.0,11.0,42.6,15.0,66.0,34.7,9.3,25.5,80.3,18.4,152.7
544,544,41.51142,-7.6512756,989.0,2003-07-23T07:00,12.6,96,12.1,12.6,0.0,0.0,0.0,0.0,3,1022.2,909.4,89,99,0,0,0.04,0.05,5.0,7.2,339,333,16.6,15.4,17.5,16.9,13.9,0.21,0.233,0.242,0.359,1,3568.58,98.0,37.0,61.0,179.0,98.0,274.0,141.5,53.4,88.1,179.0,141.5,395.7
543,543,41.51142,-7.6512756,989.0,2003-07-23T08:00,13.8,88,11.8,13.8,0.0,0.0,0.0,0.0,1,1022.4,910.0,36,40,0,0,0.13,0.19,4.5,5.6,331,333,16.6,16.7,17.4,16.9,13.9,0.21,0.233,0.242,0.359,1,3600.0,262.0,131.0,131.0,337.0,262.0,515.1,321.6,160.8,160.8,337.0,321.6,632.3
542,542,41.51142,-7.6512756,989.0,2003-07-23T09:00,15.9,78,12.0,15.9,0.0,0.0,0.0,0.0,0,1022.3,910.7,2,2,0,0,0.26,0.4,4.4,5.4,305,307,16.6,18.3,17.5,16.9,13.9,0.209,0.233,0.242,0.359,1,3600.0,489.0,346.0,143.0,618.1,489.0,741.8,558.0,394.8,163.2,618.1,558.0,846.4
541,541,41.51142,-7.6512756,989.0,2003-07-23T10:00,17.7,70,12.2,18.6,0.0,0.0,0.0,0.0,0,1022.3,911.3,1,1,0,0,0.4,0.6,4.3,5.2,294,295,19.1,20.3,17.6,16.9,13.9,0.208,0.232,0.242,0.359,1,3600.0,686.0,562.0,124.0,793.4,686.0,938.5,748.1,612.9,135.2,793.4,748.1,1023.5
540,540,41.51142,-7.6512756,989.0,2003-07-23T11:00,19.3,62,11.9,20.1,0.0,0.0,0.0,0.0,0,1022.2,911.8,2,1,0,5,0.47,0.84,8.3,10.6,288,288,27.4,21.9,17.8,16.9,14.0,0.207,0.232,0.242,0.359,1,3600.0,784.0,590.0,194.0,716.0,784.0,1091.9,826.7,622.1,204.6,716.0,826.7,1151.4
539,539,41.51142,-7.6512756,989.0,2003-07-23T12:00,20.2,57,11.4,21.0,0.0,0.0,0.0,0.0,0,1022.3,912.2,2,1,0,5,0.54,1.02,11.1,14.3,295,295,34.2,23.0,18.1,16.9,14.0,0.206,0.231,0.242,0.359,1,3600.0,897.0,751.0,146.0,835.2,897.0,1191.5,919.6,769.9,149.7,835.2,919.6,1221.5
538,538,41.51142,-7.6512756,989.0,2003-07-23T13:00,20.9,53,10.9,21.8,0.0,0.0,0.0,0.0,0,1022.0,912.2,8,4,0,16,0.58,1.17,11.3,14.7,297,298,34.6,24.0,18.4,16.9,14.0,0.205,0.23,0.242,0.359,1,3600.0,947.0,827.0,120.0,890.6,947.0,1230.5,945.8,825.9,119.8,890.6,945.8,1228.9
537,537,41.51142,-7.6512756,989.0,2003-07-23T14:00,21.4,50,10.6,21.8,0.0,0.0,0.0,0.0,0,1021.7,912.1,7,5,0,9,0.57,1.27,11.9,15.6,299,299,35.6,24.6,18.7,16.9,14.0,0.203,0.23,0.241,0.359,1,3600.0,904.0,756.0,148.0,830.5,904.0,1206.2,879.2,735.3,143.9,830.5,879.2,1173.2
536,536,41.51142,-7.6512756,989.0,2003-07-23T15:00,21.5,50,10.7,21.3,0.0,0.0,0.0,0.0,0,1021.6,912.0,0,0,0,0,0.53,1.28,13.2,17.6,299,301,37.1,24.8,19.0,16.9,14.0,0.202,0.229,0.241,0.359,1,3600.0,835.0,713.0,122.0,843.4,835.0,1120.2,788.6,673.4,115.2,843.4,788.6,1058.0
535,535,41.51142,-7.6512756,989.0,2003-07-23T16:00,21.2,51,10.7,20.3,0.0,0.0,0.0,0.0,0,1021.4,911.8,7,8,0,0,0.45,1.23,13.8,18.5,303,303,38.5,24.6,19.2,16.9,14.0,0.201,0.229,0.241,0.359,1,3600.0,705.0,579.0,126.0,784.1,705.0,978.5,642.2,527.4,114.8,784.1,642.2,891.3
534,534,41.51142,-7.6512756,989.0,2003-07-23T17:00,20.6,53,10.7,18.7,0.0,0.0,0.0,0.0,0,1021.7,911.8,4,2,0,9,0.33,1.14,14.4,19.5,307,308,38.2,23.8,19.4,16.9,14.0,0.2,0.228,0.241,0.359,1,3600.0,485.0,381.0,104.0,638.6,485.0,790.5,419.8,329.8,90.0,638.6,419.8,684.3
533,533,41.51142,-7.6512756,989.0,2003-07-23T18:00,19.8,56,10.7,18.0,0.0,0.0,0.0,0.0,0,1021.4,911.3,17,0,0,57,0.25,1.02,13.8,19.4,311,312,34.2,22.8,19.6,16.9,14.0,0.2,0.228,0.241,0.359,1,3600.0,372.0,293.0,79.0,682.1,372.0,569.2,294.9,232.2,62.6,682.1,294.9,451.2
532,532,41.51142,-7.6512756,989.0,2003-07-23T19:00,18.2,64,11.3,17.0,0.0,0.0,0.0,0.0,1,1021.9,911.2,26,0,4,80,0.12,0.76,11.2,16.5,312,314,34.2,21.4,19.6,16.9,14.0,0.199,0.228,0.241,0.359,1,3600.0,181.0,119.0,62.0,478.4,181.0,329.7,114.1,75.0,39.1,478.4,114.1,207.9
531,531,41.51142,-7.6512756,989.0,2003-07-23T20:00,16.8,70,11.2,16.1,0.0,0.0,0.0,0.0,1,1021.8,910.6,39,0,19,91,0.04,0.58,7.1,13.8,315,317,27.0,19.9,19.6,16.9,14.0,0.199,0.228,0.241,0.359,0,378.84,34.0,10.0,24.0,87.3,34.0,93.2,0.0,0.0,0.0,0.0,0.0,0.0
530,530,41.51142,-7.6512756,989.0,2003-07-23T21:00,15.7,75,11.3,15.2,0.0,0.0,0.0,0.0,0,1022.6,910.9,12,0,4,31,0.01,0.45,6.6,13.3,315,319,27.0,18.7,19.5,16.9,14.0,0.199,0.228,0.241,0.359,0,0.0,0.0,0.0,0.0,0.0,0.0,0.0,0.0,0.0,0.0,0.0,0.0,0.0
529,529,41.51142,-7.6512756,989.0,2003-07-23T22:00,14.9,80,11.4,14.6,0.0,0.0,0.0,0.0,0,1023.1,911.1,4,5,0,0,0.0,0.35,5.5,10.1,328,333,19.1,17.8,19.4,16.9,14.0,0.199,0.228,0.241,0.359,0,0.0,0.0,0.0,0.0,0.0,0.0,0.0,0.0,0.0,0.0,0.0,0.0,0.0
528,528,41.51142,-7.6512756,989.0,2003-07-23T23:00,13.9,85,11.5,13.6,0.0,0.0,0.0,0.0,0,1023.0,910.6,3,3,0,0,0.0,0.24,5.2,9.8,326,332,16.9,16.9,19.2,16.9,14.0,0.199,0.228,0.241,0.359,0,0.0,0.0,0.0,0.0,0.0,0.0,0.0,0.0,0.0,0.0,0.0,0.0,0.0
527,527,41.51142,-7.6512756,989.0,2003-07-24T00:00,13.0,90,11.5,12.7,0.0,0.0,0.0,0.0,0,1022.6,909.9,13,8,0,20,0.0,0.15,5.2,9.4,326,328,15.8,16.2,19.0,16.9,14.0,0.199,0.228,0.241,0.359,0,0.0,0.0,0.0,0.0,0.0,0.0,0.0,0.0,0.0,0.0,0.0,0.0,0.0
526,526,41.51142,-7.6512756,989.0,2003-07-24T01:00,12.2,94,11.2,11.9,0.0,0.0,0.0,0.0,1,1022.7,909.7,20,5,0,52,0.0,0.09,5.0,8.7,330,330,15.1,15.6,18.8,16.9,14.0,0.199,0.227,0.241,0.359,0,0.0,0.0,0.0,0.0,0.0,0.0,0.0,0.0,0.0,0.0,0.0,0.0,0.0
525,525,41.51142,-7.6512756,989.0,2003-07-24T02:00,11.6,96,11.1,11.3,0.0,0.0,0.0,0.0,1,1022.3,909.1,34,5,0,99,0.0,0.05,4.7,8.1,337,339,15.1,15.1,18.6,16.9,14.0,0.2,0.227,0.241,0.359,0,0.0,0.0,0.0,0.0,0.0,0.0,0.0,0.0,0.0,0.0,0.0,0.0,0.0
524,524,41.51142,-7.6512756,989.0,2003-07-24T03:00,11.5,97,11.0,11.1,0.0,0.0,0.0,0.0,1,1022.1,908.9,39,11,0,98,0.0,0.04,4.8,7.8,347,347,14.8,14.8,18.3,16.9,14.0,0.2,0.227,0.241,0.359,0,0.0,0.0,0.0,0.0,0.0,0.0,0.0,0.0,0.0,0.0,0.0,0.0,0.0
523,523,41.51142,-7.6512756,989.0,2003-07-24T04:00,11.3,98,11.0,10.9,0.0,0.0,0.0,0.0,1,1022.2,908.9,35,17,1,63,0.0,0.03,5.2,7.7,348,349,14.0,14.6,18.1,16.9,14.0,0.2,0.227,0.241,0.359,0,0.0,0.0,0.0,0.0,0.0,0.0,0.0,0.0,0.0,0.0,0.0,0.0,0.0
522,522,41.51142,-7.6512756,989.0,2003-07-24T05:00,10.8,99,10.7,10.3,0.0,0.0,0.0,0.0,1,1022.1,908.7,41,28,1,51,0.0,0.01,5.4,7.9,356,357,13.7,14.2,17.9,16.9,14.0,0.2,0.227,0.241,0.359,0,0.0,0.0,0.0,0.0,0.0,0.0,0.0,0.0,0.0,0.0,0.0,0.0,0.0
521,521,41.51142,-7.6512756,989.0,2003-07-24T06:00,10.8,99,10.7,10.3,0.0,0.0,0.0,0.0,2,1022.3,908.8,62,67,0,4,0.0,0.01,4.7,8.6,356,2,14.4,14.1,17.7,16.9,14.0,0.2,0.227,0.241,0.359,1,0.0,16.0,5.0,11.0,53.9,16.0,64.5,37.1,11.6,25.5,102.8,19.5,149.6
520,520,41.51142,-7.6512756,989.0,2003-07-24T07:00,12.7,91,11.2,12.4,0.0,0.0,0.0,0.0,0,1022.3,909.5,16,18,0,0,0.05,0.14,5.0,7.9,360,360,16.2,15.5,17.5,16.9,14.0,0.2,0.227,0.241,0.359,1,3600.0,129.0,72.0,57.0,352.1,129.0,271.0,187.0,104.4,82.6,352.1,187.0,392.8
519,519,41.51142,-7.6512756,989.0,2003-07-24T08:00,15.0,77,11.0,14.6,0.0,0.0,0.0,0.0,0,1022.3,910.4,5,6,0,0,0.16,0.39,5.1,6.5,356,357,18.0,17.1,17.5,16.9,14.0,0.2,0.227,0.241,0.359,1,3600.0,323.0,245.0,78.0,633.6,323.0,512.5,396.9,301.1,95.9,633.6,396.9,629.8
518,518,41.51142,-7.6512756,989.0,2003-07-24T09:00,17.1,66,10.8,16.7,0.0,0.0,0.0,0.0,0,1021.9,910.8,4,5,0,0,0.28,0.66,4.8,6.2,347,350,18.4,19.2,17.6,16.9,14.0,0.199,0.227,0.241,0.359,1,3600.0,499.0,398.0,101.0,713.3,499.0,739.5,569.7,454.4,115.3,713.3,569.7,844.3
517,517,41.51142,-7.6512756,989.0,2003-07-24T10:00,18.9,59,10.7,19.4,0.0,0.0,0.0,0.0,0,1021.3,910.9,3,3,0,0,0.41,0.89,4.1,4.9,345,343,19.4,21.2,17.8,16.9,14.0,0.198,0.226,0.241,0.358,1,3600.0,685.0,583.0,102.0,825.0,685.0,936.5,747.2,636.0,111.3,825.0,747.2,1021.6
516,516,41.51142,-7.6512756,989.0,2003-07-24T11:00,20.3,55,10.9,21.7,0.0,0.0,0.0,0.0,0,1021.3,911.4,4,4,0,0,0.51,1.08,4.7,5.8,328,330,22.0,23.0,18.0,16.9,14.0,0.197,0.226,0.241,0.358,1,3600.0,817.0,700.0,117.0,851.0,817.0,1090.2,861.7,738.3,123.4,851.0,861.7,1149.8
515,515,41.51142,-7.6512756,989.0,2003-07-24T12:00,21.5,52,11.3,23.3,0.0,0.0,0.0,0.0,0,1020.7,911.2,10,11,0,0,0.58,1.22,5.9,7.4,322,321,25.2,24.4,18.4,16.9,14.0,0.196,0.225,0.241,0.358,1,3600.0,908.0,790.0,118.0,879.9,908.0,1189.9,930.9,809.9,121.0,879.9,930.9,1220.0
514,514,41.51142,-7.6512756,989.0,2003-07-24T13:00,22.5,49,11.3,24.2,0.0,0.0,0.0,0.0,0,1020.2,911.1,20,22,0,0,0.61,1.39,6.9,8.4,317,317,28.1,25.4,18.7,16.9,14.0,0.194,0.224,0.241,0.358,1,3600.0,935.0,802.0,133.0,864.9,935.0,1229.0,933.8,801.0,132.8,864.9,933.8,1227.4
513,513,41.51142,-7.6512756,989.0,2003-07-24T14:00,23.2,46,10.9,24.4,0.0,0.0,0.0,0.0,1,1019.6,910.9,21,23,0,0,0.59,1.54,8.2,10.2,311,312,29.9,26.0,19.1,16.9,14.0,0.193,0.224,0.241,0.358,1,3600.0,886.0,727.0,159.0,799.8,886.0,1204.6,861.7,707.0,154.6,799.8,861.7,1171.6
512,512,41.51142,-7.6512756,989.0,2003-07-24T15:00,23.5,45,10.8,23.7,0.0,0.0,0.0,0.0,0,1019.4,910.8,13,14,0,0,0.53,1.6,9.7,12.5,312,311,30.2,26.1,19.4,16.9,14.0,0.192,0.223,0.24,0.358,1,3600.0,784.0,652.0,132.0,772.5,784.0,1118.6,740.3,615.7,124.6,772.5,740.3,1056.2
511,511,41.51142,-7.6512756,989.0,2003-07-24T16:00,23.3,46,11.0,23.1,0.0,0.0,0.0,0.0,0,1018.9,910.3,9,10,0,0,0.48,1.54,10.2,13.5,312,312,30.2,25.9,19.7,17.0,14.0,0.191,0.222,0.24,0.358,1,3600.0,720.0,605.0,115.0,821.0,720.0,976.6,655.6,550.9,104.7,821.0,655.6,889.3
510,510,41.51142,-7.6512756,989.0,2003-07-24T17:00,22.8,48,11.3,21.7,0.0,0.0,0.0,0.0,0,1018.7,909.9,1,1,0,0,0.38,1.44,10.7,14.0,312,312,29.9,25.2,19.9,17.0,14.0,0.19,0.222,0.24,0.358,1,3600.0,554.0,450.0,104.0,756.5,554.0,788.4,479.2,389.3,90.0,756.5,479.2,682.0
509,509,41.51142,-7.6512756,989.0,2003-07-24T18:00,21.9,52,11.5,20.7,0.0,0.0,0.0,0.0,0,1018.6,909.5,0,0,0,0,0.26,1.27,11.5,15.5,314,316,29.2,24.2,20.1,17.0,14.0,0.189,0.222,0.24,0.358,1,3600.0,376.0,298.0,78.0,696.8,376.0,566.8,297.6,235.9,61.7,696.8,297.6,448.6
508,508,41.51142,-7.6512756,989.0,2003-07-24T19:00,20.1,61,12.4,19.5,0.0,0.0,0.0,0.0,0,1018.9,909.1,0,0,0,0,0.13,0.91,9.2,14.3,318,321,28.4,22.7,20.2,17.0,14.0,0.189,0.222,0.24,0.358,1,3600.0,187.0,131.0,56.0,531.2,187.0,326.8,117.2,82.1,35.1,531.2,117.2,204.9
507,507,41.51142,-7.6512756,989.0,2003-07-24T20:00,18.4,69,12.6,18.2,0.0,0.0,0.0,0.0,0,1019.0,908.6,0,0,0,0,0.04,0.65,7.1,12.9,315,324,22.0,21.0,20.2,17.0,14.0,0.189,0.221,0.24,0.358,0,1568.77,38.0,20.0,18.0,176.3,38.0,91.7,0.0,0.0,0.0,0.0,0.0,0.0
506,506,41.51142,-7.6512756,989.0,2003-07-24T21:00,16.9,77,12.9,16.9,0.0,0.0,0.0,0.0,0,1019.6,908.7,0,0,0,0,0.01,0.44,6.9,10.8,313,323,17.6,19.5,20.1,17.0,14.0,0.189,0.221,0.24,0.358,0,0.0,0.0,0.0,0.0,0.0,0.0,0.0,0.0,0.0,0.0,0.0,0.0,0.0
505,505,41.51142,-7.6512756,989.0,2003-07-24T22:00,15.6,85,13.0,15.5,0.0,0.0,0.0,0.0,0,1019.9,908.4,0,0,0,0,0.0,0.27,7.0,8.3,291,304,15.1,18.4,19.9,17.0,14.0,0.189,0.221,0.24,0.358,0,0.0,0.0,0.0,0.0,0.0,0.0,0.0,0.0,0.0,0.0,0.0,0.0,0.0
504,504,41.51142,-7.6512756,989.0,2003-07-24T23:00,14.5,91,13.0,14.5,0.0,0.0,0.0,0.0,0,1019.7,907.9,10,11,0,0,0.0,0.15,6.7,8.2,286,293,14.4,17.5,19.8,17.0,14.0,0.189,0.221,0.24,0.358,0,0.0,0.0,0.0,0.0,0.0,0.0,0.0,0.0,0.0,0.0,0.0,0.0,0.0
503,503,41.51142,-7.6512756,989.0,2003-07-25T00:00,13.7,96,13.0,14.0,0.0,0.0,0.0,0.0,2,1019.7,907.6,53,59,0,0,0.0,0.07,4.3,8.0,275,280,13.7,16.8,19.6,17.0,14.0,0.189,0.221,0.24,0.358,0,0.0,0.0,0.0,0.0,0.0,0.0,0.0,0.0,0.0,0.0,0.0,0.0,0.0
502,502,41.51142,-7.6512756,989.0,2003-07-25T01:00,13.5,98,13.2,13.7,0.0,0.0,0.0,0.0,2,1019.4,907.2,63,70,0,0,0.0,0.03,5.8,9.4,274,274,14.0,16.6,19.4,17.0,14.0,0.189,0.221,0.24,0.358,0,0.0,0.0,0.0,0.0,0.0,0.0,0.0,0.0,0.0,0.0,0.0,0.0,0.0
501,501,41.51142,-7.6512756,989.0,2003-07-25T02:00,13.3,99,13.1,13.4,0.0,0.0,0.0,0.0,2,1019.4,907.2,64,71,0,0,0.0,0.01,6.2,9.9,280,280,17.6,16.5,19.2,17.0,14.0,0.189,0.221,0.24,0.358,0,0.0,0.0,0.0,0.0,0.0,0.0,0.0,0.0,0.0,0.0,0.0,0.0,0.0
500,500,41.51142,-7.6512756,989.0,2003-07-25T03:00,13.0,99,12.9,13.1,0.0,0.0,0.0,0.0,2,1019.2,906.9,60,67,0,0,0.0,0.01,5.6,8.9,285,284,18.7,16.3,19.0,17.0,14.0,0.19,0.221,0.24,0.358,0,0.0,0.0,0.0,0.0,0.0,0.0,0.0,0.0,0.0,0.0,0.0,0.0,0.0
499,499,41.51142,-7.6512756,989.0,2003-07-25T04:00,12.7,99,12.5,12.8,0.0,0.0,0.0,0.0,1,1019.4,906.9,38,42,0,0,0.0,0.01,4.7,7.7,274,281,19.1,16.0,18.8,17.0,14.0,0.19,0.221,0.24,0.358,0,0.0,0.0,0.0,0.0,0.0,0.0,0.0,0.0,0.0,0.0,0.0,0.0,0.0
498,498,41.51142,-7.6512756,989.0,2003-07-25T05:00,12.3,99,12.1,12.4,0.0,0.0,0.0,0.0,2,1019.1,906.5,55,61,0,0,0.0,0.01,4.1,7.6,255,262,17.6,15.6,18.6,17.1,14.1,0.19,0.221,0.24,0.358,0,0.0,0.0,0.0,0.0,0.0,0.0,0.0,0.0,0.0,0.0,0.0,0.0,0.0
497,497,41.51142,-7.6512756,989.0,2003-07-25T06:00,12.1,98,11.8,12.0,0.0,0.0,0.0,0.0,2,1019.2,906.6,76,85,0,0,0.01,0.03,5.2,8.5,254,258,15.8,15.4,18.4,17.1,14.1,0.19,0.221,0.24,0.358,1,0.0,14.0,5.0,9.0,54.7,14.0,62.9,32.6,11.6,20.9,105.4,16.9,146.3
496,496,41.51142,-7.6512756,989.0,2003-07-25T07:00,13.2,92,11.9,13.1,0.0,0.0,0.0,0.0,3,1019.6,907.3,86,96,0,0,0.03,0.12,5.4,7.8,250,257,18.7,15.9,18.3,17.1,14.1,0.19,0.221,0.24,0.358,1,0.0,51.0,8.0,43.0,39.6,51.0,267.9,74.2,11.6,62.6,39.6,74.2,389.9
495,495,41.51142,-7.6512756,989.0,2003-07-25T08:00,14.0,87,11.9,13.8,0.1,0.1,0.0,0.0,51,1019.9,907.9,88,97,0,2,0.05,0.21,5.5,7.7,238,242,19.1,16.5,18.2,17.1,14.1,0.19,0.221,0.24,0.358,1,0.0,69.0,6.0,63.0,15.6,69.0,509.8,84.9,7.4,77.5,15.6,84.9,627.3
494,494,41.51142,-7.6512756,989.0,2003-07-25T09:00,15.3,82,12.2,14.9,0.0,0.0,0.0,0.0,3,1020.1,908.5,89,99,0,0,0.09,0.32,7.2,9.3,233,234,20.9,17.3,18.1,17.1,14.1,0.19,0.221,0.24,0.358,1,0.0,113.0,17.0,96.0,30.6,113.0,737.1,129.1,19.4,109.7,30.6,129.1,842.1
493,493,41.51142,-7.6512756,989.0,2003-07-25T10:00,15.8,81,12.6,15.4,0.0,0.0,0.0,0.0,3,1020.2,908.8,90,100,0,0,0.08,0.34,8.6,11.8,237,239,22.3,17.7,18.1,17.1,14.1,0.19,0.221,0.24,0.358,1,0.0,78.0,0.0,78.0,0.0,78.0,934.5,85.1,0.0,85.1,0.0,85.1,1019.7
492,492,41.51142,-7.6512756,989.0,2003-07-25T11:00,17.1,79,13.5,16.9,0.0,0.0,0.0,0.0,3,1020.4,909.4,90,100,0,0,0.13,0.4,9.3,13.0,234,236,25.9,18.8,18.1,17.0,14.1,0.189,0.221,0.24,0.358,1,0.0,183.0,2.0,181.0,2.4,183.0,1088.4,193.0,2.1,190.9,2.4,193.0,1148.1
491,491,41.51142,-7.6512756,989.0,2003-07-25T12:00,17.8,78,14.0,17.6,0.0,0.0,0.0,0.0,3,1020.3,909.6,92,100,3,0,0.17,0.44,11.0,15.2,238,239,29.2,19.7,18.1,17.0,14.1,0.189,0.221,0.24,0.358,1,0.0,243.0,40.0,203.0,44.6,243.0,1188.3,249.2,41.0,208.1,44.6,249.2,1218.4
490,490,41.51142,-7.6512756,989.0,2003-07-25T13:00,18.2,78,14.3,17.9,0.0,0.0,0.0,0.0,3,1020.1,909.6,91,100,1,0,0.18,0.46,11.8,16.5,239,238,31.3,20.1,18.2,17.0,14.1,0.189,0.22,0.24,0.358,1,0.0,265.0,4.0,261.0,4.3,265.0,1227.4,264.7,4.0,260.7,4.3,264.7,1225.8
489,489,41.51142,-7.6512756,989.0,2003-07-25T14:00,18.9,75,14.5,18.7,0.0,0.0,0.0,0.0,3,1019.8,909.5,91,100,1,0,0.2,0.54,11.9,16.3,241,242,33.1,20.8,18.3,17.0,14.1,0.189,0.22,0.24,0.358,1,282.52,290.0,63.0,227.0,69.4,290.0,1203.0,282.0,61.3,220.8,69.4,282.0,1169.9
488,488,41.51142,-7.6512756,989.0,2003-07-25T15:00,19.1,74,14.4,18.7,0.3,0.3,0.0,0.0,51,1019.5,909.3,90,100,0,0,0.19,0.58,12.7,17.1,245,245,34.9,20.6,18.4,17.0,14.1,0.19,0.22,0.24,0.358,1,0.0,267.0,20.0,247.0,23.7,267.0,1116.8,252.1,18.9,233.2,23.7,252.1,1054.4
487,487,41.51142,-7.6512756,989.0,2003-07-25T16:00,19.9,70,14.3,19.5,0.1,0.1,0.0,0.0,51,1019.5,909.6,87,97,0,0,0.24,0.69,12.8,18.1,248,249,37.1,21.1,18.6,17.1,14.1,0.191,0.22,0.24,0.358,1,2076.21,360.0,95.0,265.0,129.2,360.0,974.6,327.7,86.5,241.2,129.2,327.7,887.2
486,486,41.51142,-7.6512756,989.0,2003-07-25T17:00,19.8,71,14.4,19.4,0.1,0.1,0.0,0.0,51,1019.0,909.1,80,89,0,0,0.21,0.67,12.9,18.4,252,253,37.1,21.1,18.7,17.1,14.1,0.191,0.22,0.24,0.358,1,3600.0,304.0,153.0,151.0,258.0,304.0,786.2,262.8,132.3,130.5,258.0,262.8,679.6
485,485,41.51142,-7.6512756,989.0,2003-07-25T18:00,19.2,74,14.4,19.0,0.0,0.0,0.0,0.0,2,1018.9,908.8,78,87,0,0,0.13,0.59,11.9,17.5,256,256,35.6,20.7,18.7,17.1,14.1,0.191,0.219,0.24,0.358,1,1512.82,165.0,47.0,118.0,110.4,165.0,564.2,130.4,37.1,93.2,110.4,130.4,445.8
484,484,41.51142,-7.6512756,989.0,2003-07-25T19:00,17.9,79,14.2,17.8,0.0,0.0,0.0,0.0,2,1018.9,908.4,72,80,0,0,0.07,0.43,10.0,15.1,257,258,30.6,19.9,18.8,17.1,14.1,0.191,0.219,0.24,0.358,1,0.0,69.0,4.0,65.0,16.4,69.0,323.9,43.0,2.5,40.5,16.4,43.0,201.7
483,483,41.51142,-7.6512756,989.0,2003-07-25T20:00,17.0,84,14.4,17.4,0.0,0.0,0.0,0.0,2,1018.9,908.1,68,75,0,0,0.03,0.3,7.8,13.9,257,260,28.1,19.0,18.7,17.1,14.1,0.191,0.219,0.24,0.358,0,0.0,15.0,1.0,14.0,8.9,15.0,90.2,0.0,0.0,0.0,0.0,0.0,0.0
482,482,41.51142,-7.6512756,989.0,2003-07-25T21:00,16.4,88,14.4,16.9,0.0,0.0,0.0,0.0,3,1019.2,908.1,80,89,0,0,0.0,0.23,6.7,12.8,254,259,23.4,18.3,18.7,17.1,14.1,0.191,0.219,0.24,0.358,0,0.0,0.0,0.0,0.0,0.0,0.0,0.0,0.0,0.0,0.0,0.0,0.0,0.0
481,481,41.51142,-7.6512756,989.0,2003-07-25T22:00,16.0,90,14.3,16.5,0.0,0.0,0.0,0.0,3,1019.7,908.4,88,95,0,8,0.0,0.19,6.6,12.4,248,253,21.6,17.8,18.6,17.1,14.1,0.191,0.219,0.24,0.358,0,0.0,0.0,0.0,0.0,0.0,0.0,0.0,0.0,0.0,0.0,0.0,0.0,0.0
480,480,41.51142,-7.6512756,989.0,2003-07-25T23:00,15.8,90,14.1,16.0,0.0,0.0,0.0,0.0,3,1019.3,908.0,87,94,0,8,0.0,0.19,8.0,13.1,243,249,22.0,17.6,18.5,17.1,14.1,0.191,0.219,0.24,0.358,0,0.0,0.0,0.0,0.0,0.0,0.0,0.0,0.0,0.0,0.0,0.0,0.0,0.0
479,479,41.51142,-7.6512756,989.0,2003-07-26T00:00,15.3,92,14.0,15.5,0.0,0.0,0.0,0.0,3,1019.3,907.8,88,98,0,0,0.0,0.15,7.9,13.9,240,245,22.3,17.2,18.4,17.1,14.1,0.192,0.219,0.24,0.358,0,0.0,0.0,0.0,0.0,0.0,0.0,0.0,0.0,0.0,0.0,0.0,0.0,0.0
478,478,41.51142,-7.6512756,989.0,2003-07-26T01:00,15.1,93,13.9,15.2,0.0,0.0,0.0,0.0,3,1018.8,907.3,89,99,0,0,0.0,0.12,8.0,13.9,243,245,22.3,17.0,18.3,17.1,14.1,0.192,0.219,0.24,0.358,0,0.0,0.0,0.0,0.0,0.0,0.0,0.0,0.0,0.0,0.0,0.0,0.0,0.0
477,477,41.51142,-7.6512756,989.0,2003-07-26T02:00,14.9,94,13.9,15.0,0.0,0.0,0.0,0.0,3,1018.1,906.6,87,97,0,0,0.0,0.11,8.1,13.5,238,241,22.0,16.8,18.2,17.1,14.1,0.192,0.219,0.24,0.358,0,0.0,0.0,0.0,0.0,0.0,0.0,0.0,0.0,0.0,0.0,0.0,0.0,0.0
476,476,41.51142,-7.6512756,989.0,2003-07-26T03:00,14.8,93,13.7,14.8,0.0,0.0,0.0,0.0,3,1017.6,906.1,89,99,0,0,0.0,0.11,8.4,13.5,230,236,22.3,16.6,18.1,17.1,14.1,0.192,0.219,0.24,0.358,0,0.0,0.0,0.0,0.0,0.0,0.0,0.0,0.0,0.0,0.0,0.0,0.0,0.0
475,475,41.51142,-7.6512756,989.0,2003-07-26T04:00,14.7,93,13.6,14.7,0.0,0.0,0.0,0.0,3,1017.4,905.9,89,99,0,0,0.0,0.11,7.9,13.9,227,233,23.0,16.5,18.0,17.1,14.1,0.192,0.219,0.24,0.358,0,0.0,0.0,0.0,0.0,0.0,0.0,0.0,0.0,0.0,0.0,0.0,0.0,0.0
474,474,41.51142,-7.6512756,989.0,2003-07-26T05:00,14.7,92,13.5,14.7,0.0,0.0,0.0,0.0,3,1017.5,906.0,88,98,0,0,0.0,0.13,8.1,14.1,225,232,23.0,16.3,17.9,17.1,14.1,0.192,0.219,0.24,0.358,0,0.0,0.0,0.0,0.0,0.0,0.0,0.0,0.0,0.0,0.0,0.0,0.0,0.0
473,473,41.51142,-7.6512756,989.0,2003-07-26T06:00,14.7,93,13.5,14.7,0.0,0.0,0.0,0.0,3,1017.6,906.1,87,97,0,0,0.02,0.13,8.4,13.5,220,226,23.8,16.3,17.8,17.1,14.1,0.193,0.219,0.24,0.358,1,0.0,4.0,0.0,4.0,0.0,4.0,61.2,9.3,0.0,9.3,0.0,4.8,143.0
472,472,41.51142,-7.6512756,989.0,2003-07-26T07:00,15.3,90,13.6,14.9,0.0,0.0,0.0,0.0,3,1017.7,906.4,82,91,0,0,0.04,0.18,10.9,16.3,224,227,28.4,16.6,17.8,17.1,14.1,0.193,0.219,0.24,0.358,1,0.0,36.0,6.0,30.0,30.0,36.0,264.8,52.6,8.8,43.9,30.0,52.6,387.0
471,471,41.51142,-7.6512756,989.0,2003-07-26T08:00,16.2,84,13.5,15.4,0.2,0.2,0.0,0.0,51,1017.5,906.5,73,81,0,0,0.09,0.29,13.0,18.7,231,232,32.8,17.2,17.7,17.1,14.1,0.194,0.219,0.24,0.358,1,1102.5,128.0,37.0,91.0,96.7,128.0,507.0,157.7,45.6,112.1,96.7,157.7,624.7
470,470,41.51142,-7.6512756,989.0,2003-07-26T09:00,17.4,77,13.3,16.5,0.0,0.0,0.0,0.0,2,1017.4,906.9,69,77,0,0,0.18,0.46,14.1,20.0,232,232,36.7,18.1,17.7,17.1,14.1,0.194,0.219,0.24,0.358,1,3600.0,286.0,129.0,157.0,232.8,286.0,734.7,326.9,147.5,179.5,232.8,326.9,839.8
469,469,41.51142,-7.6512756,989.0,2003-07-26T10:00,18.5,71,13.2,17.6,0.0,0.0,0.0,0.0,3,1017.4,907.3,88,98,0,0,0.25,0.62,13.4,18.3,239,238,38.9,19.1,17.8,17.1,14.1,0.195,0.219,0.24,0.358,1,3600.0,401.0,184.0,217.0,261.6,401.0,932.4,437.7,200.8,236.9,261.6,437.7,1017.7
468,468,41.51142,-7.6512756,989.0,2003-07-26T11:00,19.2,68,13.2,18.2,0.2,0.2,0.0,0.0,51,1017.3,907.4,81,90,0,0,0.25,0.71,14.5,20.0,235,236,40.7,19.9,17.9,17.1,14.1,0.195,0.219,0.24,0.357,1,1824.11,366.0,99.0,267.0,120.8,366.0,1086.5,386.1,104.4,281.7,120.8,386.1,1146.3
467,467,41.51142,-7.6512756,989.0,2003-07-26T12:00,20.2,65,13.4,19.1,0.2,0.2,0.0,0.0,51,1017.1,907.6,78,87,0,0,0.34,0.83,15.7,21.4,233,234,44.6,21.2,18.0,17.1,14.1,0.195,0.218,0.24,0.357,1,3600.0,533.0,162.0,371.0,181.0,533.0,1186.6,546.5,166.1,380.4,181.0,546.5,1216.7
466,466,41.51142,-7.6512756,989.0,2003-07-26T13:00,20.8,63,13.5,19.4,0.2,0.2,0.0,0.0,51,1017.1,907.8,78,87,0,0,0.31,0.9,17.2,23.6,233,232,47.5,21.8,18.2,17.0,14.1,0.195,0.218,0.24,0.357,1,1574.73,443.0,104.0,339.0,112.5,443.0,1225.7,442.4,103.9,338.6,112.5,442.4,1224.2
465,465,41.51142,-7.6512756,989.0,2003-07-26T14:00,21.0,64,13.8,19.6,0.2,0.2,0.0,0.0,51,1016.6,907.4,74,80,3,0,0.34,0.9,17.8,25.1,234,235,49.7,22.3,18.4,17.1,14.1,0.196,0.218,0.24,0.357,1,3600.0,512.0,253.0,259.0,279.2,512.0,1201.3,497.9,246.0,251.9,279.2,497.9,1168.2
464,464,41.51142,-7.6512756,989.0,2003-07-26T15:00,20.6,67,14.2,19.2,0.2,0.2,0.0,0.0,51,1016.5,907.2,61,63,7,0,0.31,0.81,19.2,26.8,236,237,49.7,22.3,18.6,17.1,14.1,0.196,0.217,0.24,0.357,1,3600.0,466.0,186.0,280.0,221.2,466.0,1115.0,439.9,175.6,264.3,221.2,439.9,1052.5
463,463,41.51142,-7.6512756,989.0,2003-07-26T16:00,20.0,71,14.6,18.9,0.2,0.2,0.0,0.0,51,1016.3,906.8,60,66,1,0,0.23,0.68,18.3,26.4,238,238,50.0,22.0,18.7,17.1,14.1,0.196,0.217,0.24,0.357,1,0.0,322.0,18.0,304.0,24.5,322.0,972.6,293.0,16.4,276.6,24.5,293.0,885.0
462,462,41.51142,-7.6512756,989.0,2003-07-26T17:00,19.4,74,14.7,18.2,0.2,0.2,0.0,0.0,51,1016.1,906.4,64,70,1,3,0.18,0.58,18.8,27.2,238,238,47.9,21.5,18.9,17.1,14.1,0.197,0.217,0.24,0.357,1,3600.0,263.0,132.0,131.0,223.3,263.0,783.8,227.2,114.0,113.2,223.3,227.2,677.1
461,461,41.51142,-7.6512756,989.0,2003-07-26T18:00,18.6,78,14.7,17.8,0.0,0.0,0.0,0.0,2,1016.0,906.0,64,71,0,2,0.11,0.46,16.5,24.6,238,238,45.7,20.8,18.9,17.1,14.1,0.197,0.217,0.24,0.357,1,0.0,131.0,19.0,112.0,44.9,131.0,561.5,103.3,15.0,88.4,44.9,103.3,442.9
460,460,41.51142,-7.6512756,989.0,2003-07-26T19:00,17.5,82,14.3,16.8,0.0,0.0,0.0,0.0,2,1015.8,905.5,69,74,2,5,0.07,0.37,14.3,24.0,236,237,42.5,19.9,19.0,17.1,14.1,0.198,0.217,0.24,0.357,1,803.7,73.0,21.0,52.0,86.8,73.0,320.8,45.2,13.0,32.2,86.8,45.2,198.5
459,459,41.51142,-7.6512756,989.0,2003-07-26T20:00,16.6,86,14.3,16.2,0.0,0.0,0.0,0.0,2,1015.8,905.2,76,73,15,5,0.03,0.27,12.8,24.9,232,236,38.2,18.9,18.9,17.1,14.1,0.199,0.217,0.24,0.357,0,0.0,15.0,6.0,9.0,54.0,15.0,88.6,0.0,0.0,0.0,0.0,0.0,0.0
458,458,41.51142,-7.6512756,989.0,2003-07-26T21:00,15.9,91,14.4,15.5,0.0,0.0,0.0,0.0,3,1016.3,905.4,100,93,64,11,0.0,0.17,12.8,23.7,230,234,37.4,18.2,18.8,17.1,14.1,0.199,0.217,0.24,0.357,0,0.0,0.0,0.0,0.0,0.0,0.0,0.0,0.0,0.0,0.0,0.0,0.0,0.0
457,457,41.51142,-7.6512756,989.0,2003-07-26T22:00,15.6,92,14.2,15.1,0.2,0.2,0.0,0.0,51,1016.4,905.3,100,81,53,17,0.0,0.15,12.8,22.1,232,233,37.1,17.7,18.8,17.1,14.1,0.2,0.217,0.24,0.357,0,0.0,0.0,0.0,0.0,0.0,0.0,0.0,0.0,0.0,0.0,0.0,0.0,0.0
456,456,41.51142,-7.6512756,989.0,2003-07-26T23:00,15.4,94,14.4,15.3,0.9,0.9,0.0,0.0,53,1016.2,905.1,100,84,88,17,0.0,0.11,11.2,18.7,228,232,39.6,17.4,18.7,17.1,14.1,0.202,0.217,0.24,0.357,0,0.0,0.0,0.0,0.0,0.0,0.0,0.0,0.0,0.0,0.0,0.0,0.0,0.0
455,455,41.51142,-7.6512756,989.0,2003-07-27T00:00,15.4,94,14.5,15.5,1.2,1.2,0.0,0.0,55,1016.3,905.2,100,100,92,21,0.0,0.1,10.1,18.3,235,238,35.6,17.2,18.6,17.1,14.2,0.207,0.217,0.24,0.357,0,0.0,0.0,0.0,0.0,0.0,0.0,0.0,0.0,0.0,0.0,0.0,0.0,0.0
454,454,41.51142,-7.6512756,989.0,2003-07-27T01:00,15.0,96,14.4,15.1,0.4,0.4,0.0,0.0,51,1016.2,904.9,100,100,96,6,0.0,0.06,9.0,15.9,254,257,34.9,17.0,18.4,17.1,14.2,0.215,0.217,0.24,0.357,0,0.0,0.0,0.0,0.0,0.0,0.0,0.0,0.0,0.0,0.0,0.0,0.0,0.0
453,453,41.51142,-7.6512756,989.0,2003-07-27T02:00,15.0,96,14.4,15.4,0.2,0.2,0.0,0.0,51,1016.0,904.8,100,99,39,2,0.0,0.06,7.2,12.2,267,272,33.8,16.8,18.3,17.1,14.2,0.217,0.217,0.24,0.357,0,0.0,0.0,0.0,0.0,0.0,0.0,0.0,0.0,0.0,0.0,0.0,0.0,0.0
452,452,41.51142,-7.6512756,989.0,2003-07-27T03:00,14.9,96,14.3,15.4,0.1,0.1,0.0,0.0,51,1016.4,905.1,72,75,7,0,0.0,0.06,6.2,9.5,280,281,24.5,16.7,18.2,17.1,14.2,0.218,0.217,0.24,0.357,0,0.0,0.0,0.0,0.0,0.0,0.0,0.0,0.0,0.0,0.0,0.0,0.0,0.0
451,451,41.51142,-7.6512756,989.0,2003-07-27T04:00,14.5,97,14.1,15.1,0.0,0.0,0.0,0.0,2,1016.8,905.3,71,75,0,12,0.0,0.04,5.5,7.8,293,292,18.4,16.5,18.1,17.1,14.2,0.219,0.217,0.24,0.357,0,0.0,0.0,0.0,0.0,0.0,0.0,0.0,0.0,0.0,0.0,0.0,0.0,0.0
450,450,41.51142,-7.6512756,989.0,2003-07-27T05:00,14.1,98,13.8,14.6,0.0,0.0,0.0,0.0,3,1016.7,905.1,100,99,0,69,0.0,0.04,5.2,7.3,304,303,16.6,16.3,18.0,17.1,14.2,0.219,0.217,0.24,0.357,0,0.0,0.0,0.0,0.0,0.0,0.0,0.0,0.0,0.0,0.0,0.0,0.0,0.0
449,449,41.51142,-7.6512756,989.0,2003-07-27T06:00,13.7,98,13.5,14.0,0.0,0.0,0.0,0.0,3,1017.7,905.8,90,100,0,0,0.01,0.03,5.9,7.7,313,311,15.5,16.1,17.9,17.1,14.2,0.219,0.217,0.24,0.357,1,0.0,7.0,1.0,6.0,11.2,7.0,59.6,16.4,2.3,14.1,22.3,8.3,139.6
448,448,41.51142,-7.6512756,989.0,2003-07-27T07:00,13.9,98,13.6,14.2,0.0,0.0,0.0,0.0,3,1018.0,906.2,90,100,0,0,0.03,0.04,5.9,7.9,322,321,16.6,16.3,17.8,17.1,14.2,0.219,0.217,0.24,0.357,1,0.0,55.0,10.0,45.0,50.7,55.0,261.6,80.7,14.7,66.1,50.7,80.7,384.0
447,447,41.51142,-7.6512756,989.0,2003-07-27T08:00,14.3,95,13.5,14.5,0.0,0.0,0.0,0.0,3,1018.9,907.1,83,92,0,0,0.08,0.08,6.3,8.4,329,329,18.7,16.8,17.7,17.1,14.2,0.219,0.217,0.24,0.357,1,2460.48,164.0,54.0,110.0,142.0,164.0,504.2,202.3,66.6,135.7,142.0,202.3,622.1
446,446,41.51142,-7.6512756,989.0,2003-07-27T09:00,15.5,82,12.3,15.4,0.0,0.0,0.0,0.0,1,1019.1,907.7,38,42,0,0,0.19,0.33,5.8,7.6,330,335,20.2,17.7,17.7,17.1,14.2,0.219,0.217,0.24,0.357,1,3600.0,355.0,154.0,201.0,278.9,355.0,732.3,406.0,176.1,229.9,278.9,406.0,837.5
445,445,41.51142,-7.6512756,989.0,2003-07-27T10:00,17.1,70,11.6,16.9,0.0,0.0,0.0,0.0,1,1019.6,908.7,39,43,0,0,0.31,0.58,4.4,5.1,351,352,20.5,19.3,17.8,17.1,14.2,0.218,0.217,0.24,0.357,1,3600.0,520.0,333.0,187.0,474.7,520.0,930.2,567.8,363.6,204.2,474.7,567.8,1015.7
444,444,41.51142,-7.6512756,989.0,2003-07-27T11:00,18.5,60,10.6,19.3,0.0,0.0,0.0,0.0,1,1019.5,909.1,29,32,0,0,0.45,0.85,4.8,5.9,318,317,22.3,21.3,18.0,17.1,14.2,0.217,0.216,0.24,0.357,1,3600.0,756.0,576.0,180.0,704.2,756.0,1084.6,797.7,607.8,189.9,704.2,797.7,1144.5
443,443,41.51142,-7.6512756,989.0,2003-07-27T12:00,19.6,53,9.8,20.5,0.0,0.0,0.0,0.0,0,1019.5,909.5,10,11,0,0,0.52,1.06,6.3,7.9,301,300,24.5,22.7,18.2,17.1,14.2,0.216,0.216,0.24,0.357,1,3600.0,850.0,600.0,250.0,671.5,850.0,1184.8,871.7,615.3,256.4,671.5,871.7,1215.0
442,442,41.51142,-7.6512756,989.0,2003-07-27T13:00,20.6,48,9.2,21.5,0.0,0.0,0.0,0.0,0,1019.3,909.7,5,6,0,0,0.58,1.27,8.2,10.5,293,292,28.4,23.9,18.5,17.1,14.2,0.214,0.215,0.24,0.357,1,3600.0,928.0,797.0,131.0,863.4,928.0,1224.0,926.8,796.0,130.8,863.4,926.8,1222.5
441,441,41.51142,-7.6512756,989.0,2003-07-27T14:00,21.1,46,9.0,21.4,0.0,0.0,0.0,0.0,0,1019.2,909.8,1,1,0,0,0.58,1.36,10.8,13.7,296,297,31.7,24.6,18.8,17.1,14.2,0.212,0.215,0.24,0.357,1,3600.0,920.0,788.0,132.0,871.1,920.0,1199.6,894.5,766.2,128.3,871.1,894.5,1166.3
440,440,41.51142,-7.6512756,989.0,2003-07-27T15:00,21.2,45,9.0,20.8,0.0,0.0,0.0,0.0,0,1019.2,909.8,4,5,0,0,0.53,1.38,12.2,15.8,304,305,34.2,24.8,19.1,17.1,14.2,0.211,0.214,0.24,0.357,1,3600.0,844.0,700.0,144.0,834.0,844.0,1113.1,796.5,660.6,135.9,834.0,796.5,1050.5
439,439,41.51142,-7.6512756,989.0,2003-07-27T16:00,21.0,47,9.1,19.9,0.0,0.0,0.0,0.0,0,1019.2,909.7,2,2,0,0,0.46,1.33,12.5,16.5,314,314,34.6,24.5,19.3,17.1,14.2,0.21,0.214,0.239,0.357,1,3600.0,727.0,622.0,105.0,850.0,727.0,970.4,661.3,565.8,95.5,850.0,661.3,882.7
438,438,41.51142,-7.6512756,989.0,2003-07-27T17:00,20.4,49,9.2,18.5,0.0,0.0,0.0,0.0,0,1019.5,909.8,3,3,0,0,0.36,1.24,12.5,16.7,321,323,34.2,23.8,19.5,17.1,14.2,0.209,0.213,0.239,0.357,1,3600.0,567.0,474.0,93.0,804.5,567.0,781.4,489.4,409.2,80.3,804.5,489.4,674.5
437,437,41.51142,-7.6512756,989.0,2003-07-27T18:00,19.6,51,9.3,17.7,0.0,0.0,0.0,0.0,0,1019.7,909.7,3,0,0,9,0.25,1.11,12.5,17.0,327,328,31.7,22.8,19.7,17.1,14.2,0.208,0.213,0.239,0.357,1,3600.0,377.0,299.0,78.0,709.7,377.0,558.7,296.9,235.4,61.4,709.7,296.9,439.9
436,436,41.51142,-7.6512756,989.0,2003-07-27T19:00,18.4,58,10.0,16.8,0.0,0.0,0.0,0.0,0,1020.1,909.6,5,0,0,16,0.13,0.89,10.8,16.8,330,332,30.6,21.4,19.7,17.1,14.2,0.207,0.213,0.239,0.357,1,3600.0,183.0,124.0,59.0,517.7,183.0,317.6,112.4,76.2,36.2,517.7,112.4,195.1
435,435,41.51142,-7.6512756,989.0,2003-07-27T20:00,16.8,65,10.2,15.8,0.0,0.0,0.0,0.0,0,1020.8,909.7,5,0,0,17,0.04,0.67,7.7,15.3,332,336,26.6,19.7,19.7,17.1,14.2,0.207,0.213,0.239,0.357,0,1268.57,35.0,18.0,17.0,164.0,35.0,86.9,0.0,0.0,0.0,0.0,0.0,0.0
434,434,41.51142,-7.6512756,989.0,2003-07-27T21:00,15.5,72,10.4,14.5,0.0,0.0,0.0,0.0,0,1021.7,910.0,7,0,0,23,0.01,0.5,7.7,13.6,332,338,21.2,18.3,19.5,17.1,14.2,0.207,0.213,0.239,0.357,0,0.0,0.0,0.0,0.0,0.0,0.0,0.0,0.0,0.0,0.0,0.0,0.0,0.0
433,433,41.51142,-7.6512756,989.0,2003-07-27T22:00,13.8,83,10.9,13.0,0.0,0.0,0.0,0.0,0,1022.6,910.2,2,0,0,6,0.0,0.27,7.2,13.2,333,338,19.1,17.1,19.4,17.1,14.2,0.207,0.213,0.239,0.357,0,0.0,0.0,0.0,0.0,0.0,0.0,0.0,0.0,0.0,0.0,0.0,0.0,0.0
432,432,41.51142,-7.6512756,989.0,2003-07-27T23:00,12.7,86,10.5,12.0,0.0,0.0,0.0,0.0,0,1022.6,909.8,2,0,0,8,0.0,0.2,6.5,12.5,341,342,18.4,15.9,19.2,17.1,14.2,0.207,0.213,0.239,0.357,0,0.0,0.0,0.0,0.0,0.0,0.0,0.0,0.0,0.0,0.0,0.0,0.0,0.0
431,431,41.51142,-7.6512756,989.0,2003-07-28T00:00,12.6,86,10.3,11.7,0.0,0.0,0.0,0.0,0,1022.9,910.0,1,1,0,0,0.0,0.21,6.8,10.1,342,343,17.3,15.0,18.9,17.1,14.2,0.207,0.213,0.239,0.357,0,0.0,0.0,0.0,0.0,0.0,0.0,0.0,0.0,0.0,0.0,0.0,0.0,0.0
430,430,41.51142,-7.6512756,989.0,2003-07-28T01:00,12.2,88,10.2,11.5,0.0,0.0,0.0,0.0,0,1022.9,909.9,1,1,0,0,0.0,0.18,5.9,10.7,346,348,16.6,14.2,18.6,17.1,14.2,0.207,0.213,0.239,0.357,0,0.0,0.0,0.0,0.0,0.0,0.0,0.0,0.0,0.0,0.0,0.0,0.0,0.0
429,429,41.51142,-7.6512756,989.0,2003-07-28T02:00,11.8,89,10.0,11.1,0.0,0.0,0.0,0.0,0,1022.7,909.5,2,2,0,0,0.0,0.15,5.2,11.5,348,356,16.6,13.6,18.3,17.1,14.2,0.207,0.213,0.239,0.357,0,0.0,0.0,0.0,0.0,0.0,0.0,0.0,0.0,0.0,0.0,0.0,0.0,0.0
428,428,41.51142,-7.6512756,989.0,2003-07-28T03:00,10.7,94,9.7,10.0,0.0,0.0,0.0,0.0,0,1023.1,909.5,3,3,0,0,0.0,0.08,5.0,12.7,360,8,16.2,13.3,18.1,17.1,14.2,0.207,0.213,0.24,0.357,0,0.0,0.0,0.0,0.0,0.0,0.0,0.0,0.0,0.0,0.0,0.0,0.0,0.0
427,427,41.51142,-7.6512756,989.0,2003-07-28T04:00,9.8,96,9.1,8.8,0.0,0.0,0.0,0.0,0,1023.0,909.1,8,9,0,0,0.0,0.05,5.1,13.3,8,19,16.2,13.1,17.8,17.1,14.2,0.207,0.213,0.24,0.357,0,0.0,0.0,0.0,0.0,0.0,0.0,0.0,0.0,0.0,0.0,0.0,0.0,0.0
426,426,41.51142,-7.6512756,989.0,2003-07-28T05:00,9.2,98,8.9,8.2,0.0,0.0,0.0,0.0,0,1023.0,908.9,15,17,0,0,0.0,0.03,5.0,12.3,360,21,15.5,12.9,17.5,17.1,14.2,0.207,0.213,0.24,0.357,0,0.0,0.0,0.0,0.0,0.0,0.0,0.0,0.0,0.0,0.0,0.0,0.0,0.0
425,425,41.51142,-7.6512756,989.0,2003-07-28T06:00,9.3,98,9.0,8.3,0.0,0.0,0.0,0.0,1,1023.3,909.1,21,23,0,0,0.0,0.02,4.7,11.8,9,20,15.1,12.9,17.3,17.1,14.2,0.207,0.213,0.24,0.357,1,41.8,14.0,6.0,8.0,68.4,14.0,57.9,32.9,14.1,18.8,137.4,16.4,136.2
424,424,41.51142,-7.6512756,989.0,2003-07-28T07:00,11.8,88,9.8,11.0,0.0,0.0,0.0,0.0,0,1023.4,910.2,4,4,0,0,0.05,0.17,5.1,10.4,8,20,18.7,14.4,17.1,17.1,14.2,0.207,0.213,0.24,0.357,1,3600.0,134.0,83.0,51.0,426.1,134.0,258.4,197.6,122.4,75.2,426.1,197.6,381.0
423,423,41.51142,-7.6512756,989.0,2003-07-28T08:00,14.7,75,10.3,14.1,0.0,0.0,0.0,0.0,0,1024.0,911.8,0,0,0,0,0.16,0.42,4.9,7.4,17,23,18.7,16.2,17.1,17.1,14.2,0.207,0.213,0.24,0.357,1,3600.0,319.0,235.0,84.0,621.7,319.0,501.4,394.1,290.3,103.8,621.7,394.1,619.4
422,422,41.51142,-7.6512756,989.0,2003-07-28T09:00,17.5,59,9.5,16.7,0.0,0.0,0.0,0.0,0,1023.9,912.7,0,0,0,0,0.29,0.82,4.7,5.9,32,38,18.4,18.4,17.1,17.1,14.2,0.206,0.213,0.24,0.357,1,3600.0,515.0,427.0,88.0,776.0,515.0,729.8,589.4,488.7,100.7,776.0,589.4,835.2
421,421,41.51142,-7.6512756,989.0,2003-07-28T10:00,19.5,50,8.9,19.5,0.0,0.0,0.0,0.0,0,1024.1,913.6,0,0,0,0,0.42,1.13,4.1,5.1,52,51,17.6,20.6,17.3,17.1,14.2,0.205,0.212,0.239,0.357,1,3600.0,686.0,587.0,99.0,838.9,686.0,928.0,749.3,641.1,108.1,838.9,749.3,1013.7
420,420,41.51142,-7.6512756,989.0,2003-07-28T11:00,21.2,44,8.5,21.9,0.0,0.0,0.0,0.0,0,1023.8,913.9,0,0,0,0,0.52,1.41,4.3,5.2,24,25,17.3,22.6,17.6,17.1,14.2,0.204,0.212,0.239,0.357,1,3600.0,820.0,713.0,107.0,873.5,820.0,1082.6,865.4,752.5,112.9,873.5,865.4,1142.6
419,419,41.51142,-7.6512756,989.0,2003-07-28T12:00,22.6,40,8.3,23.6,0.0,0.0,0.0,0.0,0,1023.9,914.5,0,0,0,0,0.6,1.65,5.8,7.2,360,3,20.5,24.3,17.9,17.1,14.2,0.202,0.211,0.239,0.356,1,3600.0,907.0,796.0,111.0,892.5,907.0,1183.0,930.2,816.3,113.8,892.5,930.2,1213.2
418,418,41.51142,-7.6512756,989.0,2003-07-28T13:00,23.8,38,8.5,24.7,0.0,0.0,0.0,0.0,0,1023.7,914.7,0,0,0,0,0.63,1.84,7.6,9.5,352,351,25.2,25.6,18.3,17.1,14.2,0.201,0.21,0.239,0.356,1,3600.0,940.0,828.0,112.0,898.5,940.0,1222.3,938.8,826.9,111.9,898.5,938.8,1220.7
417,417,41.51142,-7.6512756,989.0,2003-07-28T14:00,24.7,37,9.0,25.2,0.0,0.0,0.0,0.0,0,1023.3,914.7,0,0,0,0,0.63,1.97,9.6,12.1,347,348,29.5,26.3,18.7,17.1,14.2,0.199,0.21,0.239,0.356,1,3600.0,917.0,806.0,111.0,892.6,917.0,1197.7,891.5,783.6,107.9,892.6,891.5,1164.5
416,416,41.51142,-7.6512756,989.0,2003-07-28T15:00,25.3,37,9.5,25.1,0.0,0.0,0.0,0.0,0,1023.3,914.9,0,0,0,0,0.59,2.04,11.5,14.8,346,347,32.0,26.7,19.1,17.1,14.2,0.197,0.209,0.239,0.356,1,3600.0,839.0,731.0,108.0,872.6,839.0,1111.1,791.6,689.7,101.9,872.6,791.6,1048.4
415,415,41.51142,-7.6512756,989.0,2003-07-28T16:00,25.4,38,9.9,24.4,0.0,0.0,0.0,0.0,0,1023.4,915.0,0,0,0,0,0.52,2.02,13.2,17.6,349,349,33.8,26.5,19.5,17.1,14.2,0.196,0.209,0.238,0.356,1,3600.0,713.0,611.0,102.0,837.0,713.0,968.2,648.3,555.5,92.7,837.0,648.3,880.3
414,414,41.51142,-7.6512756,989.0,2003-07-28T17:00,25.1,39,10.3,23.1,0.0,0.0,0.0,0.0,0,1023.0,914.5,0,0,0,0,0.42,1.93,14.2,19.6,351,354,35.3,26.0,19.7,17.1,14.2,0.195,0.208,0.238,0.356,1,3600.0,549.0,458.0,91.0,780.0,549.0,778.8,473.5,395.0,78.5,780.0,473.5,671.7
413,413,41.51142,-7.6512756,989.0,2003-07-28T18:00,24.2,43,10.8,22.4,0.0,0.0,0.0,0.0,0,1023.1,914.3,0,0,0,0,0.3,1.73,14.5,21.0,354,355,35.6,24.9,20.0,17.1,14.2,0.194,0.208,0.238,0.356,1,3600.0,363.0,286.0,77.0,682.6,363.0,555.8,285.3,224.8,60.5,682.6,285.3,436.8
412,412,41.51142,-7.6512756,989.0,2003-07-28T19:00,22.8,48,11.3,21.5,0.0,0.0,0.0,0.0,0,1023.3,914.0,0,0,0,0,0.16,1.43,11.6,19.9,353,356,35.3,23.5,20.1,17.1,14.2,0.194,0.208,0.238,0.356,1,3600.0,177.0,122.0,55.0,514.9,177.0,314.3,107.9,74.4,33.5,514.9,107.9,191.6
411,411,41.51142,-7.6512756,989.0,2003-07-28T20:00,21.1,53,11.3,20.5,0.0,0.0,0.0,0.0,0,1024.0,914.1,0,0,0,0,0.06,1.17,7.3,16.6,349,355,29.9,21.9,20.2,17.1,14.2,0.194,0.208,0.238,0.356,0,1136.03,32.0,17.0,15.0,156.8,32.0,85.2,0.0,0.0,0.0,0.0,0.0,0.0
410,410,41.51142,-7.6512756,989.0,2003-07-28T21:00,19.4,62,11.8,19.1,0.0,0.0,0.0,0.0,0,1024.6,914.0,0,0,0,0,0.02,0.86,5.9,15.5,349,357,22.7,20.5,20.1,17.1,14.3,0.194,0.208,0.238,0.356,0,0.0,0.0,0.0,0.0,0.0,0.0,0.0,0.0,0.0,0.0,0.0,0.0,0.0
409,409,41.51142,-7.6512756,989.0,2003-07-28T22:00,17.7,71,12.3,17.6,0.0,0.0,0.0,0.0,0,1025.1,913.8,0,0,0,0,0.01,0.6,5.8,14.8,353,1,21.2,19.2,20.0,17.2,14.3,0.194,0.208,0.238,0.356,0,0.0,0.0,0.0,0.0,0.0,0.0,0.0,0.0,0.0,0.0,0.0,0.0,0.0
408,408,41.51142,-7.6512756,989.0,2003-07-28T23:00,16.4,76,12.2,16.3,0.0,0.0,0.0,0.0,0,1025.0,913.3,0,0,0,0,0.0,0.45,5.8,15.5,353,3,20.9,18.1,19.9,17.2,14.3,0.194,0.208,0.238,0.356,0,0.0,0.0,0.0,0.0,0.0,0.0,0.0,0.0,0.0,0.0,0.0,0.0,0.0
407,407,41.51142,-7.6512756,989.0,2003-07-29T00:00,15.3,80,11.9,15.1,0.0,0.0,0.0,0.0,0,1025.0,912.9,0,0,0,0,0.0,0.35,5.8,15.9,353,3,20.9,17.2,19.7,17.2,14.3,0.194,0.208,0.238,0.356,0,0.0,0.0,0.0,0.0,0.0,0.0,0.0,0.0,0.0,0.0,0.0,0.0,0.0
406,406,41.51142,-7.6512756,989.0,2003-07-29T01:00,14.1,83,11.2,13.6,0.0,0.0,0.0,0.0,0,1024.9,912.3,0,0,0,0,0.0,0.27,5.8,15.9,356,6,20.9,16.5,19.5,17.2,14.3,0.194,0.208,0.238,0.356,0,0.0,0.0,0.0,0.0,0.0,0.0,0.0,0.0,0.0,0.0,0.0,0.0,0.0
405,405,41.51142,-7.6512756,989.0,2003-07-29T02:00,13.4,85,11.0,12.9,0.0,0.0,0.0,0.0,0,1024.4,911.7,0,0,0,0,0.0,0.23,5.8,15.8,4,12,20.9,15.9,19.3,17.2,14.3,0.194,0.208,0.238,0.356,0,0.0,0.0,0.0,0.0,0.0,0.0,0.0,0.0,0.0,0.0,0.0,0.0,0.0
404,404,41.51142,-7.6512756,989.0,2003-07-29T03:00,13.0,87,10.8,12.5,0.0,0.0,0.0,0.0,0,1024.5,911.6,0,0,0,0,0.0,0.2,5.5,16.0,11,23,20.2,15.4,19.0,17.2,14.3,0.194,0.208,0.238,0.356,0,0.0,0.0,0.0,0.0,0.0,0.0,0.0,0.0,0.0,0.0,0.0,0.0,0.0
403,403,41.51142,-7.6512756,989.0,2003-07-29T04:00,12.7,88,10.7,12.1,0.0,0.0,0.0,0.0,0,1024.4,911.4,0,0,0,0,0.0,0.18,5.9,16.2,11,32,19.4,15.0,18.8,17.2,14.3,0.194,0.208,0.238,0.356,0,0.0,0.0,0.0,0.0,0.0,0.0,0.0,0.0,0.0,0.0,0.0,0.0,0.0
402,402,41.51142,-7.6512756,989.0,2003-07-29T05:00,12.4,89,10.6,11.8,0.0,0.0,0.0,0.0,0,1024.4,911.3,0,0,0,0,0.0,0.16,5.9,15.3,11,41,18.4,14.7,18.6,17.2,14.3,0.194,0.208,0.238,0.356,0,0.0,0.0,0.0,0.0,0.0,0.0,0.0,0.0,0.0,0.0,0.0,0.0,0.0
401,401,41.51142,-7.6512756,989.0,2003-07-29T06:00,12.4,89,10.7,12.0,0.0,0.0,0.0,0.0,0,1024.6,911.5,0,0,0,0,0.01,0.15,4.8,14.1,27,50,16.9,14.5,18.3,17.2,14.3,0.194,0.208,0.238,0.356,1,42.75,14.0,6.0,8.0,69.5,14.0,56.2,33.1,14.2,18.9,141.7,16.2,132.7
400,400,41.51142,-7.6512756,989.0,2003-07-29T07:00,15.7,77,11.7,15.4,0.0,0.0,0.0,0.0,0,1024.8,912.8,0,0,0,0,0.07,0.41,5.9,12.6,38,59,18.7,16.0,18.2,17.2,14.3,0.194,0.208,0.238,0.356,1,3600.0,136.0,90.0,46.0,468.1,136.0,255.1,201.5,133.3,68.2,468.1,201.5,377.9
399,399,41.51142,-7.6512756,989.0,2003-07-29T08:00,18.5,65,11.7,18.2,0.0,0.0,0.0,0.0,0,1025.1,914.1,0,0,0,0,0.18,0.75,5.8,9.0,60,67,18.4,18.3,18.2,17.2,14.3,0.193,0.208,0.238,0.356,1,3600.0,319.0,247.0,72.0,657.4,319.0,498.5,394.7,305.6,89.1,657.4,394.7,616.7
398,398,41.51142,-7.6512756,989.0,2003-07-29T09:00,20.3,56,11.1,19.7,0.0,0.0,0.0,0.0,0,1024.8,914.5,0,0,0,0,0.31,1.06,6.7,9.3,74,77,20.9,20.3,18.3,17.2,14.3,0.193,0.207,0.238,0.356,1,3600.0,509.0,421.0,88.0,768.0,509.0,727.2,582.9,482.1,100.8,768.0,582.9,832.8
397,397,41.51142,-7.6512756,989.0,2003-07-29T10:00,22.1,51,11.3,22.1,0.0,0.0,0.0,0.0,0,1024.9,915.2,0,0,0,0,0.44,1.32,8.0,10.5,85,84,23.0,22.2,18.5,17.2,14.3,0.192,0.207,0.238,0.356,1,3600.0,679.0,581.0,98.0,832.5,679.0,925.8,741.9,634.8,107.1,832.5,741.9,1011.6
396,396,41.51142,-7.6512756,989.0,2003-07-29T11:00,23.8,46,11.4,24.6,0.0,0.0,0.0,0.0,0,1024.5,915.4,0,0,0,0,0.55,1.6,8.1,10.7,77,78,24.1,24.1,18.7,17.2,14.3,0.191,0.206,0.238,0.356,1,3600.0,815.0,709.0,106.0,870.4,815.0,1080.6,860.3,748.4,111.9,870.4,860.3,1140.7
395,395,41.51142,-7.6512756,989.0,2003-07-29T12:00,25.3,42,11.3,26.6,0.0,0.0,0.0,0.0,0,1024.3,915.8,0,0,0,0,0.63,1.88,8.2,10.9,61,63,24.1,25.7,19.1,17.2,14.3,0.189,0.206,0.238,0.356,1,3600.0,904.0,793.0,111.0,890.7,904.0,1181.1,927.2,813.3,113.8,890.7,927.2,1211.4
394,394,41.51142,-7.6512756,989.0,2003-07-29T13:00,26.4,39,11.2,27.7,0.0,0.0,0.0,0.0,0,1023.6,915.5,0,0,0,0,0.67,2.12,9.4,12.3,50,50,25.2,26.9,19.4,17.2,14.3,0.188,0.205,0.238,0.356,1,3600.0,938.0,826.0,112.0,897.9,938.0,1220.4,936.8,824.9,111.9,897.9,936.8,1218.8
393,393,41.51142,-7.6512756,989.0,2003-07-29T14:00,27.3,36,11.0,28.2,0.0,0.0,0.0,0.0,0,1022.7,915.0,0,0,0,0,0.67,2.32,10.2,13.3,39,41,27.7,27.8,19.8,17.2,14.3,0.186,0.204,0.237,0.356,1,3600.0,916.0,805.0,111.0,893.1,916.0,1195.8,890.5,782.5,107.9,893.1,890.5,1162.5
392,392,41.51142,-7.6512756,989.0,2003-07-29T15:00,27.8,35,10.8,28.2,0.0,0.0,0.0,0.0,0,1022.2,914.7,0,0,0,0,0.62,2.45,10.4,13.4,34,36,29.5,28.3,20.2,17.2,14.3,0.185,0.204,0.237,0.356,1,3600.0,840.0,734.0,106.0,878.1,840.0,1109.0,792.4,692.4,100.0,878.1,792.4,1046.2
391,391,41.51142,-7.6512756,989.0,2003-07-29T16:00,28.1,34,10.6,27.7,0.0,0.0,0.0,0.0,0,1021.9,914.6,0,0,0,0,0.54,2.52,10.3,13.8,25,28,31.0,28.2,20.6,17.2,14.3,0.183,0.203,0.237,0.356,1,3600.0,715.0,616.0,99.0,846.1,715.0,965.9,649.8,559.9,90.0,846.1,649.8,877.8
390,390,41.51142,-7.6512756,989.0,2003-07-29T17:00,27.9,34,10.6,26.5,0.0,0.0,0.0,0.0,0,1021.5,914.2,0,0,0,0,0.44,2.49,11.0,15.0,19,21,33.1,27.8,20.9,17.2,14.3,0.182,0.203,0.237,0.356,1,3600.0,552.0,464.0,88.0,793.2,552.0,776.1,475.7,399.9,75.8,793.2,475.7,668.9
389,389,41.51142,-7.6512756,989.0,2003-07-29T18:00,27.3,37,11.5,26.2,0.0,0.0,0.0,0.0,0,1021.3,913.8,0,0,0,0,0.31,2.28,10.9,16.9,8,12,33.8,26.8,21.1,17.2,14.3,0.182,0.202,0.237,0.356,1,3600.0,364.0,288.0,76.0,691.3,364.0,552.7,285.5,225.9,59.6,691.3,285.5,433.6
388,388,41.51142,-7.6512756,989.0,2003-07-29T19:00,26.4,40,11.8,25.6,0.0,0.0,0.0,0.0,0,1021.6,913.7,0,0,0,0,0.17,2.06,9.4,18.8,360,5,27.7,25.5,21.3,17.3,14.3,0.181,0.202,0.237,0.356,1,3600.0,176.0,123.0,53.0,525.0,176.0,310.8,106.4,74.4,32.0,525.0,106.4,187.9
387,387,41.51142,-7.6512756,989.0,2003-07-29T20:00,24.2,47,12.1,23.9,0.0,0.0,0.0,0.0,0,1021.8,913.2,0,0,0,0,0.06,1.62,6.5,16.2,357,3,25.6,23.8,21.3,17.3,14.3,0.181,0.202,0.237,0.356,0,1007.61,31.0,16.0,15.0,149.5,31.0,83.4,0.0,0.0,0.0,0.0,0.0,0.0
386,386,41.51142,-7.6512756,989.0,2003-07-29T21:00,22.1,56,12.8,22.1,0.0,0.0,0.0,0.0,0,1022.3,912.9,0,0,0,0,0.03,1.18,6.1,15.9,357,4,20.2,22.3,21.3,17.3,14.3,0.181,0.202,0.237,0.356,0,0.0,0.0,0.0,0.0,0.0,0.0,0.0,0.0,0.0,0.0,0.0,0.0,0.0
385,385,41.51142,-7.6512756,989.0,2003-07-29T22:00,20.2,65,13.3,20.3,0.0,0.0,0.0,0.0,0,1022.8,912.7,0,0,0,0,0.02,0.83,6.5,17.0,3,13,19.8,21.0,21.2,17.3,14.3,0.181,0.202,0.237,0.356,0,0.0,0.0,0.0,0.0,0.0,0.0,0.0,0.0,0.0,0.0,0.0,0.0,0.0
384,384,41.51142,-7.6512756,989.0,2003-07-29T23:00,18.6,72,13.5,18.9,0.0,0.0,0.0,0.0,0,1022.5,911.8,0,0,0,0,0.01,0.6,6.2,16.6,7,18,19.4,19.9,21.1,17.3,14.3,0.181,0.202,0.237,0.356,0,0.0,0.0,0.0,0.0,0.0,0.0,0.0,0.0,0.0,0.0,0.0,0.0,0.0
383,383,41.51142,-7.6512756,989.0,2003-07-30T00:00,17.5,78,13.5,17.7,0.0,0.0,0.0,0.0,0,1022.1,911.1,0,0,0,0,0.0,0.45,6.6,16.4,9,26,18.7,19.0,20.9,17.3,14.3,0.181,0.202,0.237,0.356,0,0.0,0.0,0.0,0.0,0.0,0.0,0.0,0.0,0.0,0.0,0.0,0.0,0.0
382,382,41.51142,-7.6512756,989.0,2003-07-30T01:00,16.6,81,13.2,16.7,0.0,0.0,0.0,0.0,0,1021.5,910.2,0,0,0,0,0.0,0.37,6.6,17.1,13,35,18.4,18.3,20.7,17.3,14.3,0.181,0.202,0.237,0.356,0,0.0,0.0,0.0,0.0,0.0,0.0,0.0,0.0,0.0,0.0,0.0,0.0,0.0
381,381,41.51142,-7.6512756,989.0,2003-07-30T02:00,16.0,83,13.1,16.0,0.0,0.0,0.0,0.0,0,1021.0,909.6,0,0,0,0,0.0,0.31,7.0,16.0,12,46,18.7,17.7,20.5,17.4,14.3,0.181,0.202,0.237,0.356,0,0.0,0.0,0.0,0.0,0.0,0.0,0.0,0.0,0.0,0.0,0.0,0.0,0.0
380,380,41.51142,-7.6512756,989.0,2003-07-30T03:00,15.6,85,13.0,15.7,0.0,0.0,0.0,0.0,0,1021.2,909.6,0,0,0,0,0.0,0.28,6.3,13.7,24,63,18.4,17.2,20.3,17.4,14.3,0.181,0.202,0.237,0.356,0,0.0,0.0,0.0,0.0,0.0,0.0,0.0,0.0,0.0,0.0,0.0,0.0,0.0
379,379,41.51142,-7.6512756,989.0,2003-07-30T04:00,15.1,86,12.8,15.1,0.0,0.0,0.0,0.0,0,1020.8,909.1,0,0,0,0,0.0,0.23,5.9,10.8,47,86,17.6,16.8,20.1,17.4,14.3,0.181,0.202,0.237,0.355,0,0.0,0.0,0.0,0.0,0.0,0.0,0.0,0.0,0.0,0.0,0.0,0.0,0.0
378,378,41.51142,-7.6512756,989.0,2003-07-30T05:00,14.8,86,12.5,14.8,0.0,0.0,0.0,0.0,0,1020.9,909.0,0,0,0,0,0.0,0.23,5.3,8.6,62,105,15.1,16.3,19.9,17.4,14.3,0.181,0.202,0.237,0.355,0,0.0,0.0,0.0,0.0,0.0,0.0,0.0,0.0,0.0,0.0,0.0,0.0,0.0
377,377,41.51142,-7.6512756,989.0,2003-07-30T06:00,15.0,84,12.3,15.0,0.0,0.0,0.0,0.0,0,1021.2,909.4,0,0,0,0,0.02,0.27,4.8,7.5,63,107,12.6,16.1,19.6,17.4,14.3,0.181,0.202,0.237,0.355,1,0.0,13.0,5.0,8.0,58.8,13.0,54.4,30.8,11.9,19.0,121.9,14.9,129.2
376,376,41.51142,-7.6512756,989.0,2003-07-30T07:00,17.5,75,13.1,18.0,0.0,0.0,0.0,0.0,0,1021.1,910.2,0,0,0,0,0.07,0.5,3.9,6.9,56,99,12.2,17.5,19.5,17.4,14.3,0.181,0.202,0.237,0.355,1,3600.0,134.0,89.0,45.0,469.1,134.0,251.7,199.5,132.5,67.0,469.1,199.5,374.8
375,375,41.51142,-7.6512756,989.0,2003-07-30T08:00,20.8,56,11.8,20.8,0.0,0.0,0.0,0.0,0,1021.6,911.8,0,0,0,0,0.19,1.08,3.8,6.1,73,87,13.3,20.2,19.5,17.4,14.3,0.181,0.202,0.237,0.355,1,3600.0,319.0,249.0,70.0,666.8,319.0,495.5,395.2,308.5,86.7,666.8,395.2,613.9
374,374,41.51142,-7.6512756,989.0,2003-07-30T09:00,22.6,44,9.7,21.9,0.0,0.0,0.0,0.0,0,1021.5,912.3,0,0,0,0,0.33,1.53,4.3,5.8,95,94,15.8,22.1,19.6,17.4,14.3,0.18,0.202,0.237,0.355,1,3600.0,508.0,423.0,85.0,774.5,508.0,724.7,582.1,484.7,97.4,774.5,582.1,830.4
373,373,41.51142,-7.6512756,989.0,2003-07-30T10:00,24.1,40,9.8,24.1,0.0,0.0,0.0,0.0,0,1021.1,912.5,0,0,0,0,0.46,1.79,5.0,6.2,111,111,16.9,24.0,19.8,17.4,14.3,0.179,0.201,0.237,0.355,1,3600.0,680.0,584.0,96.0,839.1,680.0,923.5,743.2,638.3,104.9,839.1,743.2,1009.4
372,372,41.51142,-7.6512756,989.0,2003-07-30T11:00,25.6,38,10.1,26.7,0.0,0.0,0.0,0.0,0,1020.7,912.6,0,0,0,0,0.56,2.04,4.5,5.8,119,120,17.3,25.9,20.0,17.4,14.3,0.178,0.201,0.237,0.355,1,3600.0,815.0,711.0,104.0,874.7,815.0,1078.6,860.4,750.6,109.8,874.7,860.4,1138.7
371,371,41.51142,-7.6512756,989.0,2003-07-30T12:00,27.0,35,10.4,29.1,0.0,0.0,0.0,0.0,0,1020.2,912.7,0,0,0,0,0.63,2.3,2.7,3.4,113,108,16.6,27.5,20.4,17.4,14.3,0.177,0.2,0.236,0.355,1,3600.0,904.0,796.0,108.0,895.7,904.0,1179.2,927.2,816.4,110.8,895.7,927.2,1209.5
370,370,41.51142,-7.6512756,989.0,2003-07-30T13:00,28.1,32,10.0,30.5,0.0,0.0,0.0,0.0,0,1019.8,912.7,0,0,0,0,0.66,2.57,1.5,2.0,45,45,15.5,28.9,20.7,17.4,14.3,0.176,0.199,0.236,0.355,1,3600.0,937.0,828.0,109.0,901.7,937.0,1218.5,935.8,826.9,108.9,901.7,935.8,1216.9
369,369,41.51142,-7.6512756,989.0,2003-07-30T14:00,28.8,30,9.5,30.8,0.0,0.0,0.0,0.0,0,1018.8,912.0,0,0,0,0,0.66,2.78,2.6,3.3,344,347,16.6,29.8,21.1,17.4,14.3,0.174,0.199,0.236,0.355,1,3600.0,914.0,806.0,108.0,895.9,914.0,1193.9,888.4,783.4,105.0,895.9,888.4,1160.4
368,368,41.51142,-7.6512756,989.0,2003-07-30T15:00,29.3,29,9.3,30.2,0.0,0.0,0.0,0.0,0,1018.4,911.8,0,0,0,0,0.61,2.9,5.0,6.1,330,332,18.4,30.2,21.5,17.5,14.4,0.173,0.198,0.236,0.355,1,3600.0,836.0,731.0,105.0,876.4,836.0,1106.9,788.5,689.4,99.0,876.4,788.5,1043.9
367,367,41.51142,-7.6512756,989.0,2003-07-30T16:00,29.4,29,9.4,29.0,0.0,0.0,0.0,0.0,0,1018.0,911.5,10,0,17,0,0.53,2.92,7.2,9.0,333,331,20.9,30.1,21.9,17.5,14.4,0.172,0.198,0.236,0.355,1,3600.0,692.0,570.0,122.0,785.1,692.0,963.4,628.7,517.8,110.8,785.1,628.7,875.3
366,366,41.51142,-7.6512756,989.0,2003-07-30T17:00,29.1,30,10.0,27.9,0.0,0.0,0.0,0.0,0,1017.8,911.2,1,0,1,0,0.43,2.81,8.9,11.5,339,340,23.8,29.5,22.2,17.5,14.4,0.171,0.197,0.235,0.355,1,3600.0,544.0,455.0,89.0,780.7,544.0,773.4,468.4,391.8,76.6,780.7,468.4,665.9
365,365,41.51142,-7.6512756,989.0,2003-07-30T18:00,28.3,35,11.4,27.3,0.0,0.0,0.0,0.0,0,1017.7,910.9,0,0,0,0,0.3,2.5,9.6,14.3,347,348,25.6,28.3,22.4,17.5,14.4,0.17,0.197,0.235,0.355,1,3600.0,354.0,273.0,81.0,659.2,354.0,549.6,277.1,213.7,63.4,659.2,277.1,430.2
364,364,41.51142,-7.6512756,989.0,2003-07-30T19:00,27.0,41,12.8,26.9,0.0,0.0,0.0,0.0,0,1017.8,910.5,0,0,0,1,0.15,2.09,6.9,14.8,351,356,23.0,26.8,22.6,17.5,14.4,0.17,0.197,0.235,0.355,1,3600.0,174.0,121.0,53.0,522.6,174.0,307.3,104.3,72.5,31.8,522.6,104.3,184.1
363,363,41.51142,-7.6512756,989.0,2003-07-30T20:00,24.7,51,14.0,24.9,0.0,0.0,0.0,0.0,0,1017.8,909.8,0,0,0,0,0.07,1.52,8.0,13.3,352,357,19.1,24.9,22.6,17.5,14.4,0.17,0.197,0.235,0.355,0,985.61,30.0,16.0,14.0,151.6,30.0,81.5,0.0,0.0,0.0,0.0,0.0,0.0
362,362,41.51142,-7.6512756,989.0,2003-07-30T21:00,22.3,62,14.8,22.8,0.0,0.0,0.0,0.0,0,1018.5,909.6,0,0,0,0,0.03,1.02,8.0,12.6,352,357,16.9,23.2,22.5,17.6,14.4,0.17,0.197,0.235,0.355,0,0.0,0.0,0.0,0.0,0.0,0.0,0.0,0.0,0.0,0.0,0.0,0.0,0.0
361,361,41.51142,-7.6512756,989.0,2003-07-30T22:00,20.6,68,14.5,21.1,0.0,0.0,0.0,0.0,0,1019.3,909.7,0,0,0,0,0.02,0.78,7.3,9.8,351,352,16.6,21.6,22.4,17.6,14.4,0.17,0.197,0.235,0.355,0,0.0,0.0,0.0,0.0,0.0,0.0,0.0,0.0,0.0,0.0,0.0,0.0,0.0
360,360,41.51142,-7.6512756,989.0,2003-07-30T23:00,19.2,73,14.2,19.6,0.0,0.0,0.0,0.0,0,1019.1,909.0,0,0,0,0,0.01,0.61,6.8,9.7,357,4,16.6,20.4,22.2,17.6,14.4,0.17,0.197,0.235,0.355,0,0.0,0.0,0.0,0.0,0.0,0.0,0.0,0.0,0.0,0.0,0.0,0.0,0.0
359,359,41.51142,-7.6512756,989.0,2003-07-31T00:00,17.8,78,13.9,18.1,0.0,0.0,0.0,0.0,0,1018.7,908.2,0,0,0,0,0.01,0.44,6.9,10.1,6,17,16.2,19.4,22.0,17.6,14.4,0.17,0.197,0.235,0.355,0,0.0,0.0,0.0,0.0,0.0,0.0,0.0,0.0,0.0,0.0,0.0,0.0,0.0
358,358,41.51142,-7.6512756,989.0,2003-07-31T01:00,17.2,81,14.0,17.5,0.0,0.0,0.0,0.0,0,1018.6,907.9,0,0,0,0,0.0,0.36,6.5,9.3,6,28,15.1,18.6,21.8,17.6,14.4,0.17,0.197,0.235,0.355,0,0.0,0.0,0.0,0.0,0.0,0.0,0.0,0.0,0.0,0.0,0.0,0.0,0.0
357,357,41.51142,-7.6512756,989.0,2003-07-31T02:00,16.1,86,13.7,16.5,0.0,0.0,0.0,0.0,0,1018.0,906.9,0,0,0,0,0.0,0.26,5.2,7.7,16,49,14.4,17.9,21.5,17.6,14.4,0.17,0.197,0.235,0.355,0,0.0,0.0,0.0,0.0,0.0,0.0,0.0,0.0,0.0,0.0,0.0,0.0,0.0
356,356,41.51142,-7.6512756,989.0,2003-07-31T03:00,15.3,88,13.4,15.8,0.0,0.0,0.0,0.0,0,1017.6,906.3,0,0,0,0,0.0,0.21,4.4,6.9,35,81,13.0,17.4,21.3,17.6,14.4,0.17,0.197,0.235,0.355,0,0.0,0.0,0.0,0.0,0.0,0.0,0.0,0.0,0.0,0.0,0.0,0.0,0.0
355,355,41.51142,-7.6512756,989.0,2003-07-31T04:00,15.0,88,13.0,15.4,0.0,0.0,0.0,0.0,0,1017.6,906.2,0,0,0,0,0.0,0.21,4.1,6.6,45,103,11.2,17.0,21.0,17.7,14.4,0.17,0.197,0.236,0.355,0,0.0,0.0,0.0,0.0,0.0,0.0,0.0,0.0,0.0,0.0,0.0,0.0,0.0
354,354,41.51142,-7.6512756,989.0,2003-07-31T05:00,15.0,86,12.8,15.5,0.0,0.0,0.0,0.0,0,1017.2,905.8,0,0,0,0,0.0,0.23,3.2,5.8,63,120,11.9,16.6,20.7,17.7,14.4,0.17,0.197,0.236,0.355,0,0.0,0.0,0.0,0.0,0.0,0.0,0.0,0.0,0.0,0.0,0.0,0.0,0.0
353,353,41.51142,-7.6512756,989.0,2003-07-31T06:00,15.0,86,12.7,15.5,0.0,0.0,0.0,0.0,0,1017.8,906.4,0,0,0,0,0.01,0.24,2.2,5.9,81,133,11.9,16.3,20.5,17.7,14.4,0.17,0.197,0.236,0.355,1,0.0,12.0,5.0,7.0,59.8,12.0,52.7,28.6,11.9,16.7,126.0,13.6,125.6
352,352,41.51142,-7.6512756,989.0,2003-07-31T07:00,17.4,83,14.4,18.4,0.0,0.0,0.0,0.0,0,1017.7,907.1,0,0,0,0,0.06,0.34,3.0,6.1,104,135,9.0,17.8,20.3,17.7,14.4,0.17,0.197,0.236,0.355,1,3600.0,135.0,90.0,45.0,480.9,135.0,248.4,202.0,134.7,67.3,480.9,202.0,371.6
351,351,41.51142,-7.6512756,989.0,2003-07-31T08:00,21.1,65,14.4,22.1,0.0,0.0,0.0,0.0,0,1018.1,908.8,0,0,0,0,0.19,0.87,3.5,5.6,114,130,12.2,20.8,20.3,17.7,14.4,0.17,0.197,0.236,0.355,1,3600.0,320.0,251.0,69.0,676.3,320.0,492.5,397.1,311.4,85.6,676.3,397.1,611.2
350,350,41.51142,-7.6512756,989.0,2003-07-31T09:00,23.1,55,13.4,23.6,0.0,0.0,0.0,0.0,0,1018.0,909.4,0,0,0,0,0.33,1.28,4.1,5.1,135,135,14.8,22.8,20.3,17.7,14.4,0.169,0.196,0.235,0.355,1,3600.0,512.0,427.0,85.0,784.9,512.0,722.1,587.1,489.6,97.5,784.9,587.1,828.0
349,349,41.51142,-7.6512756,989.0,2003-07-31T10:00,24.7,50,13.5,26.3,0.0,0.0,0.0,0.0,0,1017.8,909.8,0,0,0,0,0.46,1.57,3.2,3.9,153,158,15.8,24.9,20.5,17.7,14.4,0.169,0.196,0.235,0.355,1,3600.0,685.0,590.0,95.0,850.0,685.0,921.2,748.9,645.1,103.9,850.0,748.9,1007.2
348,348,41.51142,-7.6512756,989.0,2003-07-31T11:00,26.5,44,13.2,28.7,0.0,0.0,0.0,0.0,0,1017.6,910.2,0,0,0,0,0.58,1.94,4.0,4.8,190,193,17.6,27.0,20.8,17.7,14.4,0.168,0.195,0.235,0.355,1,3600.0,823.0,722.0,101.0,890.2,823.0,1076.5,869.0,762.4,106.6,890.2,869.0,1136.7
347,347,41.51142,-7.6512756,989.0,2003-07-31T12:00,28.1,38,12.5,30.3,0.0,0.0,0.0,0.0,0,1017.2,910.4,0,0,0,0,0.66,2.35,5.6,7.4,220,223,21.6,28.8,21.1,17.7,14.4,0.167,0.195,0.235,0.355,1,3600.0,912.0,806.0,106.0,908.7,912.0,1177.2,935.5,826.8,108.7,908.7,935.5,1207.6
346,346,41.51142,-7.6512756,989.0,2003-07-31T13:00,29.3,34,11.7,31.1,0.0,0.0,0.0,0.0,0,1016.9,910.5,0,0,0,0,0.71,2.7,7.4,9.7,241,243,25.6,30.0,21.5,17.7,14.4,0.165,0.194,0.235,0.355,1,3600.0,947.0,839.0,108.0,915.3,947.0,1216.6,945.7,837.9,107.9,915.3,945.7,1214.9
345,345,41.51142,-7.6512756,989.0,2003-07-31T14:00,30.0,31,11.1,31.2,0.0,0.0,0.0,0.0,0,1016.4,910.3,0,0,0,0,0.7,2.92,8.9,11.4,256,257,28.1,30.8,21.9,17.7,14.4,0.164,0.193,0.234,0.355,1,3600.0,924.0,817.0,107.0,909.9,924.0,1191.8,898.0,794.0,104.0,909.9,898.0,1158.3
344,344,41.51142,-7.6512756,989.0,2003-07-31T15:00,30.3,30,10.6,30.7,0.0,0.0,0.0,0.0,0,1016.0,910.0,0,0,0,0,0.66,3.04,10.1,13.0,266,267,28.8,31.0,22.3,17.8,14.4,0.163,0.193,0.234,0.355,1,3600.0,846.0,743.0,103.0,892.8,846.0,1104.6,797.7,700.6,97.1,892.8,797.7,1041.6
343,343,41.51142,-7.6512756,989.0,2003-07-31T16:00,30.1,29,10.2,29.7,0.0,0.0,0.0,0.0,0,1015.7,909.7,0,0,0,0,0.57,3.03,10.2,13.5,280,279,29.2,30.7,22.6,17.8,14.4,0.162,0.192,0.234,0.354,1,3600.0,720.0,623.0,97.0,860.5,720.0,960.9,653.8,565.7,88.1,860.5,653.8,872.6
342,342,41.51142,-7.6512756,989.0,2003-07-31T17:00,29.5,30,10.2,28.3,0.0,0.0,0.0,0.0,0,1015.5,909.3,0,0,0,0,0.45,2.89,9.4,12.9,293,293,28.4,30.0,22.9,17.8,14.4,0.161,0.192,0.234,0.354,1,3600.0,556.0,469.0,87.0,807.9,556.0,770.5,478.3,403.5,74.8,807.9,478.3,662.9
341,341,41.51142,-7.6512756,989.0,2003-07-31T18:00,28.6,34,11.1,27.9,0.0,0.0,0.0,0.0,0,1015.4,908.9,0,0,0,0,0.29,2.6,7.6,11.0,301,302,25.2,28.9,23.1,17.8,14.4,0.161,0.191,0.234,0.354,1,3600.0,368.0,295.0,73.0,716.8,368.0,546.3,287.5,230.4,57.0,716.8,287.5,426.7
340,340,41.51142,-7.6512756,989.0,2003-07-31T19:00,27.4,40,12.7,27.6,0.0,0.0,0.0,0.0,0,1015.5,908.6,0,0,0,0,0.14,2.19,4.9,10.7,306,310,19.1,27.3,23.2,17.8,14.4,0.161,0.191,0.234,0.354,1,3600.0,177.0,126.0,51.0,550.9,177.0,303.6,105.1,74.8,30.3,550.9,105.1,180.2
339,339,41.51142,-7.6512756,989.0,2003-07-31T20:00,24.9,52,14.4,25.3,0.0,0.0,0.0,0.0,0,1016.0,908.2,0,0,0,0,0.06,1.52,7.4,9.4,313,320,16.6,25.4,23.2,17.9,14.4,0.16,0.191,0.234,0.354,0,961.68,30.0,16.0,14.0,153.7,30.0,79.6,0.0,0.0,0.0,0.0,0.0,0.0
338,338,41.51142,-7.6512756,989.0,2003-07-31T21:00,22.8,60,14.7,23.5,0.0,0.0,0.0,0.0,0,1016.5,908.0,0,0,0,0,0.03,1.11,6.4,7.7,322,332,15.8,23.5,23.2,17.9,14.4,0.16,0.191,0.234,0.354,0,0.0,0.0,0.0,0.0,0.0,0.0,0.0,0.0,0.0,0.0,0.0,0.0,0.0
337,337,41.51142,-7.6512756,989.0,2003-07-31T22:00,21.6,63,14.2,22.2,0.0,0.0,0.0,0.0,0,1017.7,908.6,0,0,0,0,0.02,0.96,5.6,7.2,345,354,14.0,21.9,23.0,17.9,14.4,0.16,0.191,0.234,0.354,0,0.0,0.0,0.0,0.0,0.0,0.0,0.0,0.0,0.0,0.0,0.0,0.0,0.0
336,336,41.51142,-7.6512756,989.0,2003-07-31T23:00,20.4,68,14.2,21.0,0.0,0.0,0.0,0.0,0,1017.4,907.9,0,0,0,0,0.01,0.78,5.5,7.6,349,5,13.0,20.6,22.8,17.9,14.4,0.161,0.191,0.234,0.354,0,0.0,0.0,0.0,0.0,0.0,0.0,0.0,0.0,0.0,0.0,0.0,0.0,0.0
335,335,41.51142,-7.6512756,989.0,2003-08-01T00:00,19.2,73,14.2,19.8,0.0,0.0,0.0,0.0,0,1017.1,907.2,0,0,0,0,0.0,0.61,5.1,7.3,352,11,12.2,19.6,22.6,17.9,14.4,0.161,0.191,0.234,0.354,0,0.0,0.0,0.0,0.0,0.0,0.0,0.0,0.0,0.0,0.0,0.0,0.0,0.0
334,334,41.51142,-7.6512756,989.0,2003-08-01T01:00,18.0,78,14.1,18.7,0.0,0.0,0.0,0.0,0,1016.8,906.6,0,0,0,0,0.0,0.46,4.7,6.4,356,16,11.9,18.7,22.3,17.9,14.4,0.161,0.191,0.234,0.354,0,0.0,0.0,0.0,0.0,0.0,0.0,0.0,0.0,0.0,0.0,0.0,0.0,0.0
333,333,41.51142,-7.6512756,989.0,2003-08-01T02:00,17.2,81,13.9,17.8,0.0,0.0,0.0,0.0,0,1016.5,906.0,0,0,0,0,0.0,0.37,4.3,5.7,360,18,12.2,18.0,22.0,18.0,14.4,0.161,0.191,0.234,0.354,0,0.0,0.0,0.0,0.0,0.0,0.0,0.0,0.0,0.0,0.0,0.0,0.0,0.0
332,332,41.51142,-7.6512756,989.0,2003-08-01T03:00,16.5,83,13.6,17.2,0.0,0.0,0.0,0.0,0,1016.1,905.4,0,0,0,0,0.0,0.33,3.6,4.7,360,23,12.2,17.4,21.8,18.0,14.4,0.161,0.191,0.234,0.354,0,0.0,0.0,0.0,0.0,0.0,0.0,0.0,0.0,0.0,0.0,0.0,0.0,0.0
331,331,41.51142,-7.6512756,989.0,2003-08-01T04:00,16.0,84,13.3,16.5,0.0,0.0,0.0,0.0,0,1015.9,905.0,0,0,0,0,0.0,0.29,4.0,5.0,5,30,12.2,16.8,21.5,18.0,14.4,0.161,0.191,0.234,0.354,0,0.0,0.0,0.0,0.0,0.0,0.0,0.0,0.0,0.0,0.0,0.0,0.0,0.0
330,330,41.51142,-7.6512756,989.0,2003-08-01T05:00,15.7,84,13.0,16.1,0.0,0.0,0.0,0.0,0,1015.9,904.9,0,0,0,0,0.0,0.29,4.0,6.1,10,40,12.2,16.3,21.2,18.0,14.5,0.161,0.191,0.234,0.354,0,0.0,0.0,0.0,0.0,0.0,0.0,0.0,0.0,0.0,0.0,0.0,0.0,0.0
329,329,41.51142,-7.6512756,989.0,2003-08-01T06:00,15.6,84,12.9,16.0,0.0,0.0,0.0,0.0,0,1016.0,905.0,0,0,0,0,0.01,0.29,3.9,6.5,22,56,11.5,16.1,20.9,18.0,14.5,0.161,0.191,0.234,0.354,1,2.45,12.0,5.0,7.0,60.8,12.0,50.9,28.8,12.0,16.8,130.4,13.4,122.0
328,328,41.51142,-7.6512756,989.0,2003-08-01T07:00,17.8,76,13.6,18.6,0.0,0.0,0.0,0.0,0,1016.2,905.9,0,0,0,0,0.06,0.48,2.8,6.6,40,81,12.2,17.6,20.7,18.0,14.5,0.161,0.191,0.234,0.354,1,3600.0,135.0,92.0,43.0,498.6,135.0,244.9,203.0,138.4,64.7,498.6,203.0,368.4
327,327,41.51142,-7.6512756,989.0,2003-08-01T08:00,22.2,60,14.0,23.1,0.0,0.0,0.0,0.0,0,1016.7,907.9,0,0,0,0,0.19,1.08,2.6,5.9,74,101,11.2,21.3,20.7,18.0,14.5,0.161,0.191,0.234,0.354,1,3600.0,323.0,255.0,68.0,691.5,323.0,489.5,401.4,316.9,84.5,691.5,401.4,608.3
326,326,41.51142,-7.6512756,989.0,2003-08-01T09:00,24.8,48,13.0,25.3,0.0,0.0,0.0,0.0,0,1016.7,908.8,0,0,0,0,0.34,1.63,3.3,4.5,103,104,12.6,23.5,20.7,18.0,14.5,0.16,0.191,0.234,0.354,1,3600.0,515.0,433.0,82.0,799.0,515.0,719.4,590.9,496.8,94.1,799.0,590.9,825.5
325,325,41.51142,-7.6512756,989.0,2003-08-01T10:00,26.9,40,12.0,28.0,0.0,0.0,0.0,0.0,0,1016.7,909.5,0,0,0,0,0.48,2.15,3.3,4.0,96,100,14.0,25.7,20.9,18.0,14.5,0.16,0.191,0.234,0.354,1,3600.0,689.0,600.0,89.0,866.8,689.0,918.9,753.6,656.2,97.3,866.8,753.6,1005.0
324,324,41.51142,-7.6512756,989.0,2003-08-01T11:00,28.8,33,10.8,30.5,0.0,0.0,0.0,0.0,0,1016.3,909.8,0,0,0,0,0.59,2.67,2.6,3.1,124,126,14.4,27.9,21.2,18.0,14.5,0.159,0.19,0.234,0.354,1,3600.0,823.0,726.0,97.0,897.1,823.0,1074.4,869.2,766.7,102.4,897.1,869.2,1134.7
323,323,41.51142,-7.6512756,989.0,2003-08-01T12:00,30.3,28,9.9,32.5,0.0,0.0,0.0,0.0,0,1015.9,909.9,0,0,0,0,0.66,3.11,1.9,2.4,202,207,14.4,29.8,21.6,18.0,14.5,0.158,0.189,0.233,0.354,1,3600.0,910.0,807.0,103.0,911.6,910.0,1175.2,933.5,827.8,105.7,911.6,933.5,1205.6
322,322,41.51142,-7.6512756,989.0,2003-08-01T13:00,31.6,26,9.5,33.3,0.0,0.0,0.0,0.0,0,1015.8,910.2,0,0,0,0,0.71,3.46,4.8,6.2,257,260,15.8,31.3,22.0,18.0,14.5,0.157,0.189,0.233,0.354,1,3600.0,943.0,838.0,105.0,916.0,943.0,1214.6,941.7,836.8,104.9,916.0,941.7,1212.9
321,321,41.51142,-7.6512756,989.0,2003-08-01T14:00,32.5,24,9.4,33.5,0.0,0.0,0.0,0.0,0,1015.4,910.2,0,0,0,0,0.72,3.71,7.2,9.4,276,277,16.9,32.3,22.4,18.1,14.5,0.156,0.188,0.233,0.354,1,3600.0,919.0,815.0,104.0,909.5,919.0,1189.7,893.1,792.0,101.1,909.5,893.1,1156.1
320,320,41.51142,-7.6512756,989.0,2003-08-01T15:00,32.9,23,9.3,33.3,0.0,0.0,0.0,0.0,0,1015.4,910.3,0,0,0,0,0.67,3.84,8.3,10.8,288,285,18.0,32.7,22.8,18.1,14.5,0.155,0.187,0.233,0.354,1,3600.0,839.0,738.0,101.0,888.8,839.0,1102.3,790.9,695.7,95.2,888.8,790.9,1039.1
319,319,41.51142,-7.6512756,989.0,2003-08-01T16:00,33.0,23,9.2,32.6,0.0,0.0,0.0,0.0,0,1015.1,910.1,0,0,0,0,0.58,3.88,8.4,11.1,301,299,18.4,32.5,23.2,18.1,14.5,0.154,0.187,0.232,0.354,1,3600.0,709.0,610.0,99.0,845.1,709.0,958.3,643.5,553.6,89.9,845.1,643.5,869.8
318,318,41.51142,-7.6512756,989.0,2003-08-01T17:00,32.7,24,9.5,31.4,0.0,0.0,0.0,0.0,0,1015.1,910.0,0,0,0,0,0.45,3.76,7.9,10.7,317,315,18.4,31.8,23.5,18.1,14.5,0.153,0.186,0.232,0.354,1,3600.0,544.0,455.0,89.0,787.0,544.0,767.5,467.6,391.1,76.5,787.0,467.6,659.7
317,317,41.51142,-7.6512756,989.0,2003-08-01T18:00,31.9,27,10.8,31.2,0.0,0.0,0.0,0.0,0,1015.0,909.6,0,0,0,1,0.3,3.44,6.8,10.0,342,339,18.0,30.7,23.8,18.1,14.5,0.153,0.186,0.232,0.354,1,3600.0,358.0,287.0,71.0,701.8,358.0,542.9,279.0,223.7,55.3,701.8,279.0,423.2
316,316,41.51142,-7.6512756,989.0,2003-08-01T19:00,30.2,47,17.8,32.2,0.0,0.0,0.0,0.0,0,1015.2,909.3,0,0,0,0,0.15,2.27,6.1,10.5,3,4,16.9,29.1,23.9,18.2,14.5,0.152,0.186,0.232,0.354,1,3600.0,171.0,121.0,50.0,535.9,171.0,299.8,100.5,71.1,29.4,535.9,100.5,176.2
315,315,41.51142,-7.6512756,989.0,2003-08-01T20:00,28.8,36,12.2,28.2,0.0,0.0,0.0,0.0,0,1015.6,909.2,0,0,0,0,0.11,2.54,8.9,11.8,14,23,15.8,26.9,24.0,18.2,14.5,0.152,0.186,0.232,0.354,0,840.61,27.0,15.0,12.0,146.2,27.0,77.7,0.0,0.0,0.0,0.0,0.0,0.0
314,314,41.51142,-7.6512756,989.0,2003-08-01T21:00,26.2,43,12.7,25.9,0.0,0.0,0.0,0.0,0,1016.4,909.0,1,0,0,3,0.07,1.94,8.3,12.1,18,37,16.6,24.8,23.9,18.2,14.5,0.152,0.186,0.232,0.354,0,0.0,0.0,0.0,0.0,0.0,0.0,0.0,0.0,0.0,0.0,0.0,0.0,0.0
313,313,41.51142,-7.6512756,989.0,2003-08-01T22:00,24.7,46,12.4,24.3,0.0,0.0,0.0,0.0,1,1016.8,908.9,35,0,53,10,0.06,1.67,7.8,11.5,13,39,16.2,23.3,23.8,18.2,14.5,0.152,0.186,0.232,0.354,0,0.0,0.0,0.0,0.0,0.0,0.0,0.0,0.0,0.0,0.0,0.0,0.0,0.0
312,312,41.51142,-7.6512756,989.0,2003-08-01T23:00,23.5,49,12.3,23.3,0.0,0.0,0.0,0.0,0,1017.0,908.6,20,0,25,15,0.04,1.46,6.3,9.4,13,40,14.4,22.1,23.6,18.2,14.5,0.152,0.186,0.232,0.354,0,0.0,0.0,0.0,0.0,0.0,0.0,0.0,0.0,0.0,0.0,0.0,0.0,0.0
311,311,41.51142,-7.6512756,989.0,2003-08-02T00:00,22.1,54,12.3,22.0,0.0,0.0,0.0,0.0,0,1016.6,907.8,16,0,17,18,0.03,1.23,6.2,8.9,21,50,13.0,21.2,23.4,18.3,14.5,0.153,0.186,0.232,0.354,0,0.0,0.0,0.0,0.0,0.0,0.0,0.0,0.0,0.0,0.0,0.0,0.0,0.0
310,310,41.51142,-7.6512756,989.0,2003-08-02T01:00,20.9,58,12.3,20.9,0.0,0.0,0.0,0.0,0,1016.5,907.3,11,0,1,34,0.02,1.04,5.2,8.0,25,63,12.2,20.5,23.2,18.3,14.5,0.153,0.186,0.232,0.354,0,0.0,0.0,0.0,0.0,0.0,0.0,0.0,0.0,0.0,0.0,0.0,0.0,0.0
309,309,41.51142,-7.6512756,989.0,2003-08-02T02:00,20.1,60,12.2,20.2,0.0,0.0,0.0,0.0,0,1016.1,906.7,15,0,4,43,0.01,0.94,4.0,5.6,27,75,11.5,19.9,23.0,18.3,14.5,0.153,0.186,0.232,0.354,0,0.0,0.0,0.0,0.0,0.0,0.0,0.0,0.0,0.0,0.0,0.0,0.0,0.0
308,308,41.51142,-7.6512756,989.0,2003-08-02T03:00,19.4,62,11.9,19.4,0.0,0.0,0.0,0.0,1,1015.9,906.2,24,0,9,61,0.01,0.86,4.2,6.1,31,87,10.4,19.3,22.7,18.3,14.5,0.153,0.186,0.232,0.354,0,0.0,0.0,0.0,0.0,0.0,0.0,0.0,0.0,0.0,0.0,0.0,0.0,0.0
307,307,41.51142,-7.6512756,989.0,2003-08-02T04:00,18.8,63,11.6,18.7,0.0,0.0,0.0,0.0,1,1016.0,906.1,32,0,18,69,0.01,0.81,4.0,7.6,63,109,10.4,18.9,22.5,18.3,14.5,0.153,0.186,0.232,0.354,0,0.0,0.0,0.0,0.0,0.0,0.0,0.0,0.0,0.0,0.0,0.0,0.0,0.0
306,306,41.51142,-7.6512756,989.0,2003-08-02T05:00,18.3,64,11.4,18.1,0.0,0.0,0.0,0.0,1,1016.3,906.2,44,0,35,75,0.01,0.75,4.3,8.9,85,117,12.2,18.5,22.2,18.3,14.5,0.153,0.186,0.232,0.354,0,0.0,0.0,0.0,0.0,0.0,0.0,0.0,0.0,0.0,0.0,0.0,0.0,0.0
305,305,41.51142,-7.6512756,989.0,2003-08-02T06:00,17.9,67,11.8,17.5,0.0,0.0,0.0,0.0,2,1016.4,906.2,53,0,43,90,0.04,0.67,6.8,9.6,65,103,13.7,18.2,22.0,18.3,14.5,0.153,0.186,0.232,0.354,1,0.0,10.0,4.0,6.0,49.5,10.0,49.1,24.1,9.6,14.5,108.2,11.0,118.3
304,304,41.51142,-7.6512756,989.0,2003-08-02T07:00,19.8,71,14.3,20.7,0.0,0.0,0.0,0.0,1,1016.5,906.9,28,0,4,86,0.06,0.68,3.2,9.1,63,108,15.1,19.5,21.8,18.3,14.5,0.153,0.186,0.232,0.354,1,3600.0,108.0,46.0,62.0,252.9,108.0,241.5,163.3,69.6,93.7,252.9,163.3,365.1
303,303,41.51142,-7.6512756,989.0,2003-08-02T08:00,23.4,48,11.9,23.5,0.0,0.0,0.0,0.0,1,1016.9,908.5,38,0,18,91,0.18,1.49,3.6,7.1,127,131,12.2,22.2,21.8,18.4,14.5,0.153,0.186,0.232,0.354,1,3600.0,274.0,176.0,98.0,480.4,274.0,486.5,341.0,219.1,122.0,480.4,341.0,605.5
302,302,41.51142,-7.6512756,989.0,2003-08-02T09:00,25.4,42,11.5,25.4,0.0,0.0,0.0,0.0,2,1017.4,909.6,55,0,42,99,0.28,1.89,3.8,5.7,139,145,14.0,23.9,21.8,18.4,14.5,0.152,0.186,0.232,0.354,1,3600.0,400.0,255.0,145.0,472.4,400.0,716.7,459.3,292.8,166.5,472.4,459.3,823.0
301,301,41.51142,-7.6512756,989.0,2003-08-02T10:00,27.0,36,10.7,26.4,0.0,0.0,0.0,0.0,2,1018.7,911.3,74,0,74,100,0.38,2.28,6.2,8.4,216,220,14.8,25.5,21.9,18.4,14.5,0.152,0.185,0.232,0.354,1,3600.0,487.0,272.0,215.0,394.1,487.0,916.5,532.8,297.6,235.2,394.1,532.8,1002.7
300,300,41.51142,-7.6512756,989.0,2003-08-02T11:00,28.9,32,10.4,28.9,0.0,0.0,0.0,0.0,2,1018.3,911.6,63,0,55,100,0.49,2.73,4.8,6.3,207,211,15.1,27.6,22.1,18.4,14.5,0.151,0.185,0.232,0.353,1,3600.0,639.0,385.0,254.0,476.8,639.0,1072.2,675.0,406.7,268.3,476.8,675.0,1132.6
299,299,41.51142,-7.6512756,989.0,2003-08-02T12:00,30.2,29,10.4,30.5,0.0,0.0,0.0,0.0,2,1018.2,912.0,58,0,47,99,0.48,3.04,2.8,3.6,220,225,14.4,29.1,22.4,18.4,14.5,0.151,0.185,0.232,0.353,1,3600.0,633.0,364.0,269.0,412.0,633.0,1173.2,649.4,373.4,276.0,412.0,649.4,1203.5
298,298,41.51142,-7.6512756,989.0,2003-08-02T13:00,31.3,27,10.0,31.6,0.0,0.0,0.0,0.0,2,1018.1,912.2,57,0,45,99,0.49,3.34,1.9,2.1,202,211,13.0,30.5,22.7,18.4,14.5,0.15,0.184,0.232,0.353,1,3600.0,640.0,242.0,398.0,265.0,640.0,1212.5,639.1,241.7,397.4,265.0,639.1,1210.8
297,297,41.51142,-7.6512756,989.0,2003-08-02T14:00,31.9,25,9.5,31.7,0.0,0.0,0.0,0.0,1,1017.5,911.9,48,0,30,99,0.47,3.54,2.6,2.9,56,60,14.8,31.1,23.0,18.4,14.5,0.149,0.184,0.231,0.353,1,3600.0,593.0,258.0,335.0,288.5,593.0,1187.5,576.2,250.7,325.5,288.5,576.2,1153.9
296,296,41.51142,-7.6512756,989.0,2003-08-02T15:00,31.3,26,9.7,30.3,0.0,0.0,0.0,0.0,1,1016.7,911.0,35,0,10,96,0.51,3.38,8.4,11.0,50,52,16.6,30.9,23.3,18.4,14.5,0.15,0.183,0.231,0.353,1,3600.0,602.0,280.0,322.0,338.0,602.0,1099.9,567.3,263.9,303.5,338.0,567.3,1036.6
295,295,41.51142,-7.6512756,989.0,2003-08-02T16:00,30.3,30,10.6,29.1,1.2,1.2,0.0,0.0,55,1015.8,909.8,26,0,2,81,0.36,3.05,9.4,12.8,50,52,19.8,30.3,23.6,18.5,14.6,0.149,0.183,0.231,0.353,1,2660.72,355.0,107.0,248.0,148.7,355.0,955.6,322.0,97.1,225.0,148.7,322.0,866.9
294,294,41.51142,-7.6512756,989.0,2003-08-02T17:00,29.6,34,12.0,28.8,0.0,0.0,0.0,0.0,0,1015.4,909.3,13,0,2,38,0.29,2.76,9.7,13.0,45,48,26.3,29.4,23.8,18.5,14.6,0.149,0.183,0.231,0.353,1,1795.92,259.0,69.0,190.0,119.9,259.0,764.5,222.4,59.3,163.2,119.9,222.4,656.4
293,293,41.51142,-7.6512756,989.0,2003-08-02T18:00,29.0,36,12.3,28.6,0.0,0.0,0.0,0.0,1,1015.1,908.8,22,0,27,19,0.25,2.58,8.1,12.5,45,46,25.2,28.6,23.9,18.5,14.6,0.149,0.182,0.231,0.353,1,3600.0,271.0,148.0,123.0,364.4,271.0,539.4,210.7,115.1,95.6,364.4,210.7,419.5
292,292,41.51142,-7.6512756,989.0,2003-08-02T19:00,29.1,34,11.7,28.7,0.0,0.0,0.0,0.0,1,1015.5,909.2,38,0,22,81,0.16,2.66,6.7,12.4,74,68,20.2,27.7,24.0,18.5,14.6,0.149,0.182,0.231,0.353,1,3600.0,164.0,111.0,53.0,498.2,164.0,295.9,95.4,64.6,30.8,498.2,95.4,172.1
291,291,41.51142,-7.6512756,989.0,2003-08-02T20:00,26.9,42,12.8,26.5,0.0,0.0,0.0,0.0,1,1016.5,909.3,37,0,11,100,0.1,2.07,9.2,13.7,116,117,22.0,26.1,24.0,18.5,14.6,0.15,0.182,0.231,0.353,0,0.0,18.0,4.0,14.0,39.6,18.0,75.6,0.0,0.0,0.0,0.0,0.0,0.0
290,290,41.51142,-7.6512756,989.0,2003-08-02T21:00,25.5,35,9.0,24.1,0.0,0.0,0.0,0.0,1,1015.9,908.3,47,0,31,94,0.07,2.11,7.7,19.1,62,87,27.4,24.7,24.0,18.6,14.6,0.15,0.182,0.231,0.353,0,0.0,0.0,0.0,0.0,0.0,0.0,0.0,0.0,0.0,0.0,0.0,0.0,0.0
289,289,41.51142,-7.6512756,989.0,2003-08-02T22:00,23.8,41,9.8,22.3,0.0,0.0,0.0,0.0,1,1015.7,907.6,27,0,17,57,0.09,1.74,10.4,14.5,56,84,26.6,23.5,23.9,18.6,14.6,0.15,0.182,0.231,0.353,0,0.0,0.0,0.0,0.0,0.0,0.0,0.0,0.0,0.0,0.0,0.0,0.0,0.0
288,288,41.51142,-7.6512756,989.0,2003-08-02T23:00,22.3,46,10.1,20.8,0.0,0.0,0.0,0.0,1,1015.4,906.8,20,0,9,49,0.07,1.46,10.3,14.8,61,84,22.0,22.3,23.7,18.6,14.6,0.15,0.182,0.231,0.353,0,0.0,0.0,0.0,0.0,0.0,0.0,0.0,0.0,0.0,0.0,0.0,0.0,0.0
287,287,41.51142,-7.6512756,989.0,2003-08-03T00:00,21.5,47,9.8,19.9,0.0,0.0,0.0,0.0,1,1015.4,906.5,23,0,18,42,0.07,1.36,10.7,17.3,57,89,23.4,21.5,23.5,18.6,14.6,0.15,0.182,0.231,0.353,0,0.0,0.0,0.0,0.0,0.0,0.0,0.0,0.0,0.0,0.0,0.0,0.0,0.0
286,286,41.51142,-7.6512756,989.0,2003-08-03T01:00,20.7,49,9.6,19.0,0.0,0.0,0.0,0.0,1,1014.8,905.7,24,0,20,41,0.07,1.25,11.0,19.1,67,92,25.6,20.9,23.3,18.6,14.6,0.15,0.182,0.231,0.353,0,0.0,0.0,0.0,0.0,0.0,0.0,0.0,0.0,0.0,0.0,0.0,0.0,0.0
285,285,41.51142,-7.6512756,989.0,2003-08-03T02:00,20.2,50,9.5,18.6,0.0,0.0,0.0,0.0,1,1014.5,905.3,38,0,34,59,0.06,1.18,10.5,16.9,94,106,22.3,20.3,23.1,18.6,14.6,0.15,0.182,0.231,0.353,0,0.0,0.0,0.0,0.0,0.0,0.0,0.0,0.0,0.0,0.0,0.0,0.0,0.0
284,284,41.51142,-7.6512756,989.0,2003-08-03T03:00,19.6,52,9.5,18.1,0.0,0.0,0.0,0.0,1,1014.1,904.7,28,0,28,38,0.05,1.09,9.1,16.2,83,102,23.0,19.9,22.9,18.6,14.6,0.15,0.182,0.231,0.353,0,0.0,0.0,0.0,0.0,0.0,0.0,0.0,0.0,0.0,0.0,0.0,0.0,0.0
283,283,41.51142,-7.6512756,989.0,2003-08-03T04:00,19.1,55,9.8,18.6,0.0,0.0,0.0,0.0,1,1014.2,904.6,45,0,32,85,0.01,1.01,3.6,9.0,84,113,23.8,19.6,22.7,18.7,14.6,0.15,0.182,0.231,0.353,0,0.0,0.0,0.0,0.0,0.0,0.0,0.0,0.0,0.0,0.0,0.0,0.0,0.0
282,282,41.51142,-7.6512756,989.0,2003-08-03T05:00,18.8,57,10.2,18.2,0.0,0.0,0.0,0.0,1,1015.4,905.6,44,0,25,97,0.02,0.93,4.8,5.8,312,274,23.4,19.2,22.4,18.7,14.6,0.15,0.182,0.231,0.353,0,0.0,0.0,0.0,0.0,0.0,0.0,0.0,0.0,0.0,0.0,0.0,0.0,0.0
281,281,41.51142,-7.6512756,989.0,2003-08-03T06:00,18.3,65,11.7,18.0,0.0,0.0,0.0,0.0,1,1014.9,905.0,37,0,24,74,0.04,0.73,5.9,8.5,38,54,24.1,19.0,22.2,18.7,14.6,0.15,0.182,0.231,0.353,1,0.0,8.0,3.0,5.0,37.8,8.0,47.3,19.4,7.3,12.1,83.5,8.7,114.6
280,280,41.51142,-7.6512756,989.0,2003-08-03T07:00,19.8,60,11.9,19.9,0.0,0.0,0.0,0.0,1,1015.3,905.8,34,0,23,68,0.06,0.92,3.6,12.3,53,85,29.5,19.9,22.1,18.7,14.6,0.15,0.182,0.231,0.353,1,1883.31,82.0,22.0,60.0,122.8,82.0,238.0,124.7,33.4,91.2,122.8,124.7,361.9
279,279,41.51142,-7.6512756,989.0,2003-08-03T08:00,22.7,47,11.0,22.1,0.0,0.0,0.0,0.0,1,1015.6,907.1,28,0,17,59,0.18,1.45,6.3,13.0,66,85,26.6,21.9,22.0,18.7,14.6,0.15,0.182,0.231,0.353,1,3600.0,241.0,133.0,108.0,365.4,241.0,483.4,300.4,165.8,134.6,365.4,300.4,602.6
278,278,41.51142,-7.6512756,989.0,2003-08-03T09:00,25.3,40,10.6,24.4,0.0,0.0,0.0,0.0,1,1015.5,907.9,25,0,19,46,0.32,1.94,7.7,13.4,79,85,32.4,23.8,22.0,18.7,14.6,0.15,0.182,0.231,0.353,1,3600.0,423.0,286.0,137.0,532.0,423.0,714.0,486.0,328.6,157.4,532.0,486.0,820.4
277,277,41.51142,-7.6512756,989.0,2003-08-03T10:00,27.5,33,10.0,26.2,0.0,0.0,0.0,0.0,1,1015.2,908.4,30,0,37,26,0.47,2.44,10.9,15.0,107,107,33.8,26.2,22.2,18.7,14.6,0.149,0.182,0.231,0.353,1,3600.0,596.0,455.0,141.0,661.2,596.0,914.1,652.3,498.0,154.3,661.2,652.3,1000.4
276,276,41.51142,-7.6512756,989.0,2003-08-03T11:00,29.2,30,10.0,27.8,0.0,0.0,0.0,0.0,0,1014.5,908.3,15,0,19,13,0.59,2.83,15.3,20.8,120,120,42.1,28.2,22.4,18.7,14.6,0.149,0.181,0.231,0.353,1,3600.0,698.0,557.0,141.0,691.4,698.0,1070.0,737.4,588.5,149.0,691.4,737.4,1130.4
275,275,41.51142,-7.6512756,989.0,2003-08-03T12:00,30.3,29,10.2,29.6,0.0,0.0,0.0,0.0,0,1013.9,908.1,17,0,28,1,0.69,3.07,16.1,22.2,132,132,47.2,29.3,22.7,18.7,14.6,0.148,0.181,0.23,0.353,1,3600.0,840.0,698.0,142.0,791.7,840.0,1171.1,861.8,716.1,145.7,791.7,861.8,1201.4
274,274,41.51142,-7.6512756,989.0,2003-08-03T13:00,31.7,27,10.4,30.4,0.0,0.0,0.0,0.0,0,1013.4,908.1,10,0,17,0,0.69,3.41,17.5,24.2,143,143,54.4,30.7,23.0,18.7,14.6,0.147,0.18,0.23,0.353,1,3600.0,771.0,646.0,125.0,708.9,771.0,1210.4,769.9,645.1,124.8,708.9,769.9,1208.6
273,273,41.51142,-7.6512756,989.0,2003-08-03T14:00,32.4,26,10.4,31.3,0.0,0.0,0.0,0.0,0,1012.7,907.7,5,0,7,1,0.7,3.6,16.9,23.8,156,155,47.5,31.6,23.3,18.8,14.6,0.147,0.18,0.23,0.353,1,3600.0,790.0,578.0,212.0,647.7,790.0,1185.3,767.5,561.5,206.0,647.7,767.5,1151.5
272,272,41.51142,-7.6512756,989.0,2003-08-03T15:00,32.1,28,11.4,31.8,0.0,0.0,0.0,0.0,0,1012.4,907.4,8,0,6,13,0.7,3.45,15.5,21.7,177,175,46.1,32.2,23.6,18.8,14.6,0.147,0.179,0.23,0.353,1,3600.0,829.0,734.0,95.0,888.4,829.0,1097.5,781.0,691.5,89.5,888.4,781.0,1034.0
271,271,41.51142,-7.6512756,989.0,2003-08-03T16:00,30.5,32,12.1,30.0,0.4,0.4,0.0,0.0,51,1012.7,907.1,9,0,3,23,0.58,2.96,13.8,19.1,195,192,43.6,31.9,23.9,18.8,14.6,0.147,0.179,0.23,0.353,1,3600.0,696.0,600.0,96.0,836.4,696.0,952.9,631.1,544.0,87.0,836.4,631.1,864.0
270,270,41.51142,-7.6512756,989.0,2003-08-03T17:00,29.3,38,13.6,28.9,0.0,0.0,0.0,0.0,0,1013.0,907.0,3,0,3,3,0.36,2.51,10.7,15.0,213,210,37.4,30.7,24.2,18.8,14.6,0.147,0.178,0.229,0.353,1,3600.0,404.0,292.0,112.0,509.5,404.0,761.3,346.6,250.5,96.1,509.5,346.6,653.1
269,269,41.51142,-7.6512756,989.0,2003-08-03T18:00,28.0,44,14.6,28.4,0.0,0.0,0.0,0.0,0,1013.3,906.8,3,0,0,10,0.27,2.12,8.2,11.8,241,239,28.1,29.6,24.3,18.8,14.6,0.146,0.178,0.229,0.353,1,3600.0,333.0,241.0,92.0,597.4,333.0,535.9,258.3,186.9,71.4,597.4,258.3,415.7
268,268,41.51142,-7.6512756,989.0,2003-08-03T19:00,25.2,58,16.2,26.2,0.0,0.0,0.0,0.0,0,1014.0,906.5,1,0,0,3,0.13,1.36,7.6,12.6,265,265,23.4,27.9,24.4,18.8,14.6,0.146,0.178,0.229,0.353,1,3600.0,151.0,93.0,58.0,423.3,151.0,291.9,86.9,53.5,33.4,423.3,86.9,167.9
267,267,41.51142,-7.6512756,989.0,2003-08-03T20:00,23.0,69,17.0,24.5,0.0,0.0,0.0,0.0,0,1014.5,906.2,0,0,0,0,0.04,0.87,6.5,10.2,276,280,17.6,25.9,24.4,18.9,14.6,0.146,0.178,0.229,0.353,0,527.16,24.0,12.0,12.0,120.7,24.0,73.5,0.0,0.0,0.0,0.0,0.0,0.0
266,266,41.51142,-7.6512756,989.0,2003-08-03T21:00,21.4,78,17.5,23.2,0.0,0.0,0.0,0.0,0,1015.3,906.4,0,0,0,0,0.0,0.55,6.2,7.6,280,295,14.4,24.4,24.3,18.9,14.6,0.146,0.178,0.229,0.353,0,0.0,0.0,0.0,0.0,0.0,0.0,0.0,0.0,0.0,0.0,0.0,0.0,0.0
265,265,41.51142,-7.6512756,989.0,2003-08-03T22:00,20.3,86,17.8,22.4,0.0,0.0,0.0,0.0,0,1015.7,906.4,0,0,0,0,0.0,0.34,4.9,5.9,306,322,13.3,23.2,24.2,18.9,14.6,0.146,0.178,0.229,0.353,0,0.0,0.0,0.0,0.0,0.0,0.0,0.0,0.0,0.0,0.0,0.0,0.0,0.0
264,264,41.51142,-7.6512756,989.0,2003-08-03T23:00,19.4,91,17.9,21.7,0.0,0.0,0.0,0.0,0,1015.3,905.7,0,0,0,0,0.0,0.2,4.0,4.5,333,346,13.0,22.3,24.0,18.9,14.7,0.146,0.178,0.229,0.353,0,0.0,0.0,0.0,0.0,0.0,0.0,0.0,0.0,0.0,0.0,0.0,0.0,0.0
263,263,41.51142,-7.6512756,989.0,2003-08-04T00:00,18.9,93,17.7,21.4,0.0,0.0,0.0,0.0,0,1015.5,905.7,0,0,0,0,0.0,0.15,1.8,1.5,307,284,13.3,21.6,23.8,18.9,14.7,0.146,0.178,0.229,0.353,0,0.0,0.0,0.0,0.0,0.0,0.0,0.0,0.0,0.0,0.0,0.0,0.0,0.0
262,262,41.51142,-7.6512756,989.0,2003-08-04T01:00,18.6,96,17.9,21.2,0.0,0.0,0.0,0.0,1,1015.8,905.9,49,54,0,0,0.0,0.09,2.0,4.8,225,207,14.8,20.9,23.6,18.9,14.7,0.146,0.178,0.229,0.353,0,0.0,0.0,0.0,0.0,0.0,0.0,0.0,0.0,0.0,0.0,0.0,0.0,0.0
261,261,41.51142,-7.6512756,989.0,2003-08-04T02:00,18.5,96,17.8,21.1,0.0,0.0,0.0,0.0,1,1015.6,905.6,47,52,0,0,0.0,0.09,1.4,6.2,180,201,16.9,20.4,23.4,18.9,14.7,0.146,0.178,0.229,0.352,0,0.0,0.0,0.0,0.0,0.0,0.0,0.0,0.0,0.0,0.0,0.0,0.0,0.0
260,260,41.51142,-7.6512756,989.0,2003-08-04T03:00,18.0,97,17.6,20.4,0.0,0.0,0.0,0.0,3,1015.7,905.6,85,94,0,0,0.0,0.06,2.4,7.6,153,188,18.4,19.9,23.2,19.0,14.7,0.146,0.178,0.229,0.352,0,0.0,0.0,0.0,0.0,0.0,0.0,0.0,0.0,0.0,0.0,0.0,0.0,0.0
259,259,41.51142,-7.6512756,989.0,2003-08-04T04:00,17.7,98,17.4,19.9,0.0,0.0,0.0,0.0,3,1015.8,905.5,82,91,0,0,0.0,0.04,3.3,9.4,174,180,19.8,19.5,22.9,19.0,14.7,0.147,0.178,0.23,0.352,0,0.0,0.0,0.0,0.0,0.0,0.0,0.0,0.0,0.0,0.0,0.0,0.0,0.0
258,258,41.51142,-7.6512756,989.0,2003-08-04T05:00,17.2,99,17.0,19.1,0.0,0.0,0.0,0.0,3,1016.4,905.9,81,90,0,0,0.0,0.02,4.1,10.9,165,172,21.6,19.2,22.7,19.0,14.7,0.147,0.178,0.23,0.352,0,0.0,0.0,0.0,0.0,0.0,0.0,0.0,0.0,0.0,0.0,0.0,0.0,0.0
257,257,41.51142,-7.6512756,989.0,2003-08-04T06:00,16.8,99,16.7,18.6,0.0,0.0,0.0,0.0,3,1016.8,906.1,82,91,0,0,0.01,0.01,4.5,11.1,166,167,22.7,19.0,22.5,19.0,14.7,0.147,0.178,0.23,0.352,1,0.0,9.0,3.0,6.0,38.4,9.0,45.4,22.0,7.3,14.6,84.0,9.6,110.9
256,256,41.51142,-7.6512756,989.0,2003-08-04T07:00,18.4,92,17.2,20.2,0.0,0.0,0.0,0.0,0,1016.8,906.7,12,13,0,0,0.05,0.16,5.5,11.5,148,160,24.1,20.3,22.3,19.0,14.7,0.147,0.178,0.23,0.352,1,3600.0,105.0,51.0,54.0,289.0,105.0,234.5,160.6,78.0,82.6,289.0,160.6,358.5
255,255,41.51142,-7.6512756,989.0,2003-08-04T08:00,21.9,77,17.7,23.9,0.0,0.0,0.0,0.0,0,1017.3,908.3,0,0,0,0,0.18,0.6,5.7,10.8,145,154,24.8,22.4,22.3,19.0,14.7,0.147,0.178,0.23,0.352,1,3600.0,299.0,223.0,76.0,616.9,299.0,480.3,373.3,278.4,94.9,616.9,373.3,599.7
254,254,41.51142,-7.6512756,989.0,2003-08-04T09:00,24.9,54,14.9,24.9,0.0,0.0,0.0,0.0,0,1017.2,909.3,0,0,0,0,0.35,1.45,11.3,15.7,163,164,33.5,24.7,22.3,19.0,14.7,0.146,0.178,0.229,0.352,1,3600.0,493.0,409.0,84.0,764.0,493.0,711.3,566.9,470.3,96.6,764.0,566.9,817.8
253,253,41.51142,-7.6512756,989.0,2003-08-04T10:00,26.7,43,13.0,26.4,0.0,0.0,0.0,0.0,0,1017.2,909.9,0,0,0,0,0.5,2.0,12.9,18.1,167,167,41.0,26.8,22.5,19.0,14.7,0.146,0.177,0.229,0.352,1,3600.0,664.0,568.0,96.0,827.8,664.0,911.6,727.0,621.9,105.1,827.8,727.0,998.1
252,252,41.51142,-7.6512756,989.0,2003-08-04T11:00,28.1,37,12.2,28.0,0.0,0.0,0.0,0.0,0,1017.1,910.3,0,0,0,0,0.61,2.39,14.9,20.4,172,172,42.8,28.6,22.7,19.0,14.7,0.145,0.177,0.229,0.352,1,3600.0,801.0,698.0,103.0,868.5,801.0,1067.7,846.4,737.5,108.8,868.5,846.4,1128.2
251,251,41.51142,-7.6512756,989.0,2003-08-04T12:00,29.4,34,11.9,29.5,0.0,0.0,0.0,0.0,0,1016.6,910.2,0,0,0,0,0.7,2.71,15.5,21.6,177,176,43.6,30.1,23.0,19.0,14.7,0.145,0.177,0.229,0.352,1,3600.0,890.0,782.0,108.0,888.9,890.0,1168.9,913.1,802.3,110.8,888.9,913.1,1199.3
250,250,41.51142,-7.6512756,989.0,2003-08-04T13:00,30.4,32,11.9,30.6,0.0,0.0,0.0,0.0,0,1016.6,910.6,0,0,0,0,0.74,2.94,15.8,22.0,181,179,42.8,31.3,23.3,19.1,14.7,0.144,0.176,0.229,0.352,1,3600.0,924.0,814.0,110.0,895.1,924.0,1208.2,922.6,812.8,109.8,895.1,922.6,1206.4
249,249,41.51142,-7.6512756,989.0,2003-08-04T14:00,31.0,32,12.2,31.3,0.0,0.0,0.0,0.0,0,1015.9,910.1,0,0,0,0,0.73,3.07,15.3,21.1,189,188,41.8,32.1,23.6,19.1,14.7,0.143,0.176,0.228,0.352,1,3600.0,902.0,795.0,107.0,892.9,902.0,1183.0,876.2,772.2,103.9,892.9,876.2,1149.1
248,248,41.51142,-7.6512756,989.0,2003-08-04T15:00,31.0,33,12.8,31.3,0.0,0.0,0.0,0.0,0,1016.0,910.2,0,0,0,0,0.67,3.01,14.2,19.4,204,202,39.6,32.5,24.0,19.1,14.7,0.143,0.175,0.228,0.352,1,3600.0,823.0,719.0,104.0,872.5,823.0,1094.9,775.2,677.2,98.0,872.5,775.2,1031.3
247,247,41.51142,-7.6512756,989.0,2003-08-04T16:00,30.3,37,13.9,30.5,0.0,0.0,0.0,0.0,0,1016.2,910.2,0,0,0,0,0.56,2.74,12.7,17.1,225,222,37.1,32.2,24.3,19.1,14.7,0.142,0.175,0.228,0.352,1,3600.0,694.0,596.0,98.0,833.6,694.0,950.0,628.9,540.1,88.8,833.6,628.9,860.9
246,246,41.51142,-7.6512756,989.0,2003-08-04T17:00,29.2,42,15.0,29.1,0.0,0.0,0.0,0.0,0,1016.3,909.9,0,0,0,0,0.42,2.36,12.1,16.1,247,246,33.1,31.4,24.5,19.1,14.7,0.142,0.174,0.228,0.352,1,3600.0,503.0,399.0,104.0,699.4,503.0,758.0,431.0,341.9,89.1,699.4,431.0,649.6
245,245,41.51142,-7.6512756,989.0,2003-08-04T18:00,27.7,49,16.0,28.2,0.0,0.0,0.0,0.0,0,1016.9,910.0,0,0,0,0,0.29,1.91,11.3,15.6,263,263,29.2,30.1,24.7,19.1,14.7,0.142,0.174,0.228,0.352,1,3600.0,350.0,278.0,72.0,694.1,350.0,532.2,270.8,215.1,55.7,694.1,270.8,411.8
244,244,41.51142,-7.6512756,989.0,2003-08-04T19:00,25.4,57,16.2,26.6,0.0,0.0,0.0,0.0,0,1017.5,909.7,0,0,0,0,0.12,1.4,6.5,13.0,276,276,28.1,28.3,24.8,19.1,14.7,0.142,0.174,0.228,0.352,1,3600.0,163.0,113.0,50.0,521.8,163.0,287.7,92.7,64.2,28.4,521.8,92.7,163.5
243,243,41.51142,-7.6512756,989.0,2003-08-04T20:00,23.8,63,16.3,25.2,0.0,0.0,0.0,0.0,0,1018.1,909.7,0,0,0,0,0.04,1.09,5.6,10.2,285,288,20.2,26.4,24.7,19.2,14.7,0.142,0.174,0.228,0.352,0,510.34,23.0,12.0,11.0,122.7,23.0,71.4,0.0,0.0,0.0,0.0,0.0,0.0
242,242,41.51142,-7.6512756,989.0,2003-08-04T21:00,22.3,69,16.4,23.8,0.0,0.0,0.0,0.0,0,1018.6,909.7,0,0,0,0,0.01,0.84,5.2,7.1,295,300,16.6,24.8,24.7,19.2,14.7,0.142,0.174,0.228,0.352,0,0.0,0.0,0.0,0.0,0.0,0.0,0.0,0.0,0.0,0.0,0.0,0.0,0.0
241,241,41.51142,-7.6512756,989.0,2003-08-04T22:00,21.0,78,17.0,22.9,0.0,0.0,0.0,0.0,0,1019.4,909.9,0,0,0,0,0.0,0.54,4.1,5.5,322,293,14.8,23.6,24.5,19.2,14.7,0.142,0.174,0.228,0.352,0,0.0,0.0,0.0,0.0,0.0,0.0,0.0,0.0,0.0,0.0,0.0,0.0,0.0
240,240,41.51142,-7.6512756,989.0,2003-08-04T23:00,20.3,80,16.6,22.1,0.0,0.0,0.0,0.0,0,1019.4,909.7,0,0,0,0,0.0,0.49,3.6,3.7,360,349,13.0,22.5,24.4,19.2,14.7,0.142,0.174,0.228,0.352,0,0.0,0.0,0.0,0.0,0.0,0.0,0.0,0.0,0.0,0.0,0.0,0.0,0.0
239,239,41.51142,-7.6512756,989.0,2003-08-05T00:00,19.4,83,16.5,21.2,0.0,0.0,0.0,0.0,0,1019.4,909.4,0,0,0,0,0.0,0.38,3.5,3.6,24,37,12.2,21.5,24.2,19.2,14.7,0.142,0.174,0.228,0.352,0,0.0,0.0,0.0,0.0,0.0,0.0,0.0,0.0,0.0,0.0,0.0,0.0,0.0
238,238,41.51142,-7.6512756,989.0,2003-08-05T01:00,18.8,85,16.3,20.6,0.0,0.0,0.0,0.0,0,1019.5,909.2,0,0,0,0,0.0,0.32,3.3,4.6,41,72,12.2,20.7,23.9,19.2,14.7,0.142,0.174,0.228,0.352,0,0.0,0.0,0.0,0.0,0.0,0.0,0.0,0.0,0.0,0.0,0.0,0.0,0.0
237,237,41.51142,-7.6512756,989.0,2003-08-05T02:00,18.4,87,16.1,20.1,0.0,0.0,0.0,0.0,0,1019.1,908.7,0,0,0,0,0.0,0.28,2.8,4.3,50,95,11.9,20.1,23.7,19.3,14.7,0.142,0.174,0.228,0.352,0,0.0,0.0,0.0,0.0,0.0,0.0,0.0,0.0,0.0,0.0,0.0,0.0,0.0
236,236,41.51142,-7.6512756,989.0,2003-08-05T03:00,18.2,86,15.9,19.8,0.0,0.0,0.0,0.0,0,1018.8,908.4,0,0,0,0,0.0,0.28,2.6,4.2,56,121,11.9,19.6,23.4,19.3,14.7,0.142,0.174,0.228,0.352,0,0.0,0.0,0.0,0.0,0.0,0.0,0.0,0.0,0.0,0.0,0.0,0.0,0.0
235,235,41.51142,-7.6512756,989.0,2003-08-05T04:00,18.2,85,15.6,19.8,0.0,0.0,0.0,0.0,0,1018.9,908.5,0,0,0,0,0.0,0.32,1.9,4.7,68,148,11.9,19.1,23.2,19.3,14.7,0.142,0.174,0.228,0.352,0,0.0,0.0,0.0,0.0,0.0,0.0,0.0,0.0,0.0,0.0,0.0,0.0,0.0
234,234,41.51142,-7.6512756,989.0,2003-08-05T05:00,18.2,83,15.2,19.7,0.0,0.0,0.0,0.0,0,1018.8,908.4,0,0,0,0,0.0,0.36,1.8,5.2,79,146,11.9,18.7,22.9,19.3,14.8,0.142,0.174,0.228,0.352,0,0.0,0.0,0.0,0.0,0.0,0.0,0.0,0.0,0.0,0.0,0.0,0.0,0.0
233,233,41.51142,-7.6512756,989.0,2003-08-05T06:00,18.4,80,14.9,19.8,0.0,0.0,0.0,0.0,0,1019.0,908.6,0,0,0,0,0.01,0.42,1.6,5.1,63,141,11.5,18.5,22.6,19.3,14.8,0.142,0.174,0.228,0.352,1,0.0,8.0,3.0,5.0,39.2,8.0,43.6,19.7,7.4,12.3,84.6,8.4,107.1
232,232,41.51142,-7.6512756,989.0,2003-08-05T07:00,19.5,86,17.1,21.9,0.0,0.0,0.0,0.0,0,1019.0,909.0,0,0,0,0,0.05,0.32,0.8,4.7,63,148,11.9,20.0,22.5,19.3,14.8,0.142,0.174,0.228,0.352,1,3600.0,118.0,77.0,41.0,443.1,118.0,230.9,181.5,118.4,63.1,443.1,181.5,355.2
231,231,41.51142,-7.6512756,989.0,2003-08-05T08:00,23.7,57,14.8,25.2,0.0,0.0,0.0,0.0,0,1019.3,910.8,0,0,0,0,0.18,1.25,1.1,3.6,198,186,12.2,23.6,22.5,19.3,14.8,0.142,0.174,0.228,0.352,1,3600.0,298.0,231.0,67.0,643.4,298.0,477.2,372.7,288.9,83.8,643.4,372.7,596.7
230,230,41.51142,-7.6512756,989.0,2003-08-05T09:00,26.1,47,13.8,26.9,0.0,0.0,0.0,0.0,0,1019.5,911.8,0,0,0,0,0.33,1.81,3.3,4.4,221,215,13.7,25.8,22.6,19.3,14.8,0.142,0.174,0.228,0.352,1,3600.0,486.0,403.0,83.0,755.9,486.0,708.5,559.2,463.7,95.5,755.9,559.2,815.2
229,229,41.51142,-7.6512756,989.0,2003-08-05T10:00,27.8,42,13.8,29.1,0.0,0.0,0.0,0.0,0,1019.7,912.5,11,0,10,17,0.46,2.15,3.8,4.3,229,228,18.0,27.9,22.8,19.3,14.8,0.141,0.174,0.228,0.352,1,3600.0,651.0,547.0,104.0,799.6,651.0,909.2,713.0,599.1,113.9,799.6,713.0,995.8
228,228,41.51142,-7.6512756,989.0,2003-08-05T11:00,29.2,39,14.0,31.3,0.0,0.0,0.0,0.0,0,1019.7,913.0,5,0,0,18,0.58,2.46,4.8,5.9,222,223,22.0,29.9,23.0,19.3,14.8,0.141,0.173,0.228,0.352,1,3600.0,788.0,682.0,106.0,850.7,788.0,1065.5,832.8,720.8,112.0,850.7,832.8,1126.0
227,227,41.51142,-7.6512756,989.0,2003-08-05T12:00,30.3,37,14.0,32.7,0.0,0.0,0.0,0.0,0,1019.7,913.3,9,0,0,29,0.66,2.71,6.4,7.9,223,223,25.6,31.6,23.4,19.3,14.8,0.14,0.173,0.227,0.352,1,3600.0,876.0,763.0,113.0,869.1,876.0,1166.7,898.8,782.9,115.9,869.1,898.8,1197.1
226,226,41.51142,-7.6512756,989.0,2003-08-05T13:00,30.9,36,13.9,33.3,0.0,0.0,0.0,0.0,0,1019.5,913.3,14,0,1,43,0.69,2.88,7.2,8.9,233,230,29.2,32.7,23.7,19.3,14.8,0.14,0.172,0.227,0.352,1,3600.0,907.0,785.0,122.0,865.1,907.0,1206.0,905.6,783.8,121.8,865.1,905.6,1204.1
225,225,41.51142,-7.6512756,989.0,2003-08-05T14:00,31.1,34,13.6,33.0,0.0,0.0,0.0,0.0,0,1019.0,913.0,6,0,0,19,0.67,2.97,7.7,10.0,233,232,29.2,33.2,24.1,19.4,14.8,0.14,0.172,0.227,0.352,1,3600.0,861.0,733.0,128.0,825.1,861.0,1180.6,836.2,711.9,124.3,825.1,836.2,1146.6
224,224,41.51142,-7.6512756,989.0,2003-08-05T15:00,30.8,35,13.4,31.4,0.0,0.0,0.0,0.0,1,1019.4,913.2,24,0,11,57,0.51,2.9,6.9,9.5,231,233,29.2,32.8,24.4,19.4,14.8,0.141,0.171,0.227,0.351,1,3600.0,638.0,481.0,157.0,585.3,638.0,1092.3,600.7,452.9,147.8,585.3,600.7,1028.5
223,223,41.51142,-7.6512756,989.0,2003-08-05T16:00,30.4,35,13.4,30.7,0.0,0.0,0.0,0.0,0,1019.1,912.8,14,0,4,40,0.45,2.8,6.2,7.6,277,273,25.2,32.4,24.7,19.4,14.8,0.141,0.171,0.226,0.351,1,3600.0,569.0,397.0,172.0,557.2,569.0,947.0,515.4,359.6,155.8,557.2,515.4,857.8
222,222,41.51142,-7.6512756,989.0,2003-08-05T17:00,30.0,35,13.0,30.4,0.0,0.0,0.0,0.0,0,1018.7,912.3,10,0,3,28,0.35,2.75,4.4,5.7,305,305,20.9,31.7,24.9,19.4,14.8,0.14,0.171,0.226,0.351,1,3600.0,451.0,323.0,128.0,568.8,451.0,754.7,386.1,276.5,109.6,568.8,386.1,646.0
221,221,41.51142,-7.6512756,989.0,2003-08-05T18:00,29.6,36,12.8,30.2,0.0,0.0,0.0,0.0,0,1019.0,912.5,10,0,5,23,0.22,2.68,2.5,3.6,360,6,13.3,30.6,25.1,19.4,14.8,0.14,0.171,0.226,0.351,1,3600.0,312.0,231.0,81.0,581.1,312.0,528.4,240.8,178.3,62.5,581.1,240.8,407.8
220,220,41.51142,-7.6512756,989.0,2003-08-05T19:00,26.8,49,15.2,28.3,0.0,0.0,0.0,0.0,0,1019.5,912.0,12,0,3,33,0.09,1.79,1.5,3.3,135,96,10.1,28.9,25.2,19.4,14.8,0.142,0.171,0.226,0.351,1,3600.0,151.0,100.0,51.0,468.8,151.0,283.5,84.7,56.1,28.6,468.8,84.7,159.1
219,219,41.51142,-7.6512756,989.0,2003-08-05T20:00,24.2,58,15.4,25.2,0.0,0.0,0.0,0.0,0,1020.3,911.8,16,0,0,54,0.05,1.27,6.2,11.9,159,166,13.0,26.8,25.2,19.5,14.8,0.142,0.171,0.226,0.351,0,255.03,19.0,9.0,10.0,93.7,19.0,69.2,0.0,0.0,0.0,0.0,0.0,0.0
218,218,41.51142,-7.6512756,989.0,2003-08-05T21:00,23.2,63,15.7,24.6,0.0,0.0,0.0,0.0,0,1020.7,911.8,18,0,0,60,0.01,1.06,4.0,6.5,175,180,15.5,25.4,25.1,19.5,14.8,0.142,0.171,0.226,0.351,0,0.0,0.0,0.0,0.0,0.0,0.0,0.0,0.0,0.0,0.0,0.0,0.0,0.0
217,217,41.51142,-7.6512756,989.0,2003-08-05T22:00,22.5,68,16.2,23.9,0.0,0.0,0.0,0.0,1,1022.4,913.1,28,0,3,86,0.01,0.89,5.4,6.0,82,115,14.0,24.3,25.0,19.5,14.8,0.142,0.171,0.226,0.351,0,0.0,0.0,0.0,0.0,0.0,0.0,0.0,0.0,0.0,0.0,0.0,0.0,0.0
216,216,41.51142,-7.6512756,989.0,2003-08-05T23:00,21.2,76,16.8,22.6,0.0,0.0,0.0,0.0,1,1021.9,912.2,25,0,1,81,0.01,0.61,7.5,12.0,73,83,9.7,23.3,24.8,19.5,14.8,0.142,0.171,0.226,0.351,0,0.0,0.0,0.0,0.0,0.0,0.0,0.0,0.0,0.0,0.0,0.0,0.0,0.0
215,215,41.51142,-7.6512756,989.0,2003-08-06T00:00,20.4,78,16.4,21.6,0.0,0.0,0.0,0.0,0,1022.0,912.0,14,0,1,45,0.01,0.54,7.2,11.9,90,95,11.5,22.3,24.6,19.5,14.8,0.142,0.171,0.226,0.351,0,0.0,0.0,0.0,0.0,0.0,0.0,0.0,0.0,0.0,0.0,0.0,0.0,0.0
214,214,41.51142,-7.6512756,989.0,2003-08-06T01:00,19.7,78,15.8,20.7,0.0,0.0,0.0,0.0,0,1021.5,911.3,10,0,0,35,0.01,0.51,7.0,10.6,111,114,12.2,21.5,24.4,19.5,14.8,0.142,0.171,0.226,0.351,0,0.0,0.0,0.0,0.0,0.0,0.0,0.0,0.0,0.0,0.0,0.0,0.0,0.0
213,213,41.51142,-7.6512756,989.0,2003-08-06T02:00,19.5,76,15.2,20.3,0.0,0.0,0.0,0.0,0,1021.2,911.0,11,0,0,37,0.01,0.54,6.3,10.1,114,117,12.2,20.8,24.2,19.6,14.8,0.142,0.171,0.226,0.351,0,0.0,0.0,0.0,0.0,0.0,0.0,0.0,0.0,0.0,0.0,0.0,0.0,0.0
212,212,41.51142,-7.6512756,989.0,2003-08-06T03:00,19.7,72,14.5,20.5,0.0,0.0,0.0,0.0,0,1020.7,910.6,9,0,0,31,0.0,0.65,4.7,8.0,94,117,11.5,20.2,23.9,19.6,14.8,0.142,0.171,0.226,0.351,0,0.0,0.0,0.0,0.0,0.0,0.0,0.0,0.0,0.0,0.0,0.0,0.0,0.0
211,211,41.51142,-7.6512756,989.0,2003-08-06T04:00,20.1,68,13.9,20.9,0.0,0.0,0.0,0.0,0,1020.4,910.5,0,0,0,0,0.0,0.77,3.4,5.5,72,113,10.1,19.7,23.6,19.6,14.8,0.142,0.171,0.226,0.351,0,0.0,0.0,0.0,0.0,0.0,0.0,0.0,0.0,0.0,0.0,0.0,0.0,0.0
210,210,41.51142,-7.6512756,989.0,2003-08-06T05:00,19.7,68,13.6,20.4,0.0,0.0,0.0,0.0,0,1020.2,910.2,0,0,0,0,0.0,0.74,3.9,5.4,68,110,9.0,19.2,23.4,19.6,14.8,0.142,0.171,0.226,0.351,0,0.0,0.0,0.0,0.0,0.0,0.0,0.0,0.0,0.0,0.0,0.0,0.0,0.0
209,209,41.51142,-7.6512756,989.0,2003-08-06T06:00,18.6,73,13.6,19.2,0.0,0.0,0.0,0.0,0,1020.5,910.1,1,0,1,0,0.03,0.59,4.6,7.5,72,107,9.4,18.9,23.1,19.6,14.8,0.142,0.171,0.226,0.351,1,0.0,8.0,3.0,5.0,39.9,8.0,41.7,19.8,7.4,12.4,85.3,8.3,103.3
208,208,41.51142,-7.6512756,989.0,2003-08-06T07:00,19.2,70,13.5,19.9,0.0,0.0,0.0,0.0,0,1020.6,910.3,8,0,14,0,0.06,0.67,3.3,8.8,96,109,12.2,20.0,22.9,19.6,14.8,0.142,0.171,0.226,0.351,1,3600.0,115.0,70.0,45.0,409.3,115.0,227.4,178.0,108.3,69.6,409.3,178.0,351.9
207,207,41.51142,-7.6512756,989.0,2003-08-06T08:00,22.3,55,12.9,22.7,0.0,0.0,0.0,0.0,1,1021.1,911.9,22,0,36,0,0.19,1.21,4.1,8.2,105,113,14.8,22.4,22.9,19.6,14.9,0.142,0.171,0.226,0.351,1,3600.0,300.0,232.0,68.0,650.6,300.0,474.0,375.8,290.6,85.2,650.6,375.8,593.8
206,206,41.51142,-7.6512756,989.0,2003-08-06T09:00,24.8,45,12.0,24.7,0.0,0.0,0.0,0.0,0,1021.2,912.8,16,0,27,0,0.32,1.73,4.8,6.4,117,117,16.9,24.6,22.9,19.6,14.9,0.142,0.17,0.226,0.351,1,3600.0,471.0,366.0,105.0,689.4,471.0,705.7,542.3,421.4,120.9,689.4,542.3,812.6
205,205,41.51142,-7.6512756,989.0,2003-08-06T10:00,26.8,38,11.4,27.1,0.0,0.0,0.0,0.0,1,1021.2,913.5,26,0,44,0,0.46,2.17,5.0,6.3,111,114,18.4,26.9,23.0,19.6,14.9,0.141,0.17,0.226,0.351,1,3600.0,645.0,527.0,118.0,772.7,645.0,906.7,706.7,577.4,129.3,772.7,706.7,993.4
204,204,41.51142,-7.6512756,989.0,2003-08-06T11:00,28.4,35,11.4,29.5,0.0,0.0,0.0,0.0,1,1021.0,913.9,23,0,38,0,0.56,2.53,5.4,6.6,132,131,18.7,29.0,23.2,19.6,14.9,0.141,0.17,0.226,0.351,1,3600.0,767.0,671.0,96.0,839.0,767.0,1063.1,810.7,709.3,101.5,839.0,810.7,1123.7
203,203,41.51142,-7.6512756,989.0,2003-08-06T12:00,30.1,31,11.2,31.8,0.0,0.0,0.0,0.0,0,1020.4,913.9,16,0,26,0,0.65,2.93,4.9,6.0,144,147,19.1,31.0,23.5,19.6,14.9,0.14,0.169,0.226,0.351,1,3600.0,873.0,767.0,106.0,875.6,873.0,1164.5,895.8,787.0,108.8,875.6,895.8,1194.8
202,202,41.51142,-7.6512756,989.0,2003-08-06T13:00,31.3,28,10.7,33.4,0.0,0.0,0.0,0.0,0,1020.1,914.0,2,0,4,0,0.68,3.3,3.7,4.5,169,166,18.4,32.5,23.9,19.6,14.9,0.14,0.169,0.225,0.351,1,3600.0,914.0,806.0,108.0,890.2,914.0,1203.7,912.5,804.7,107.8,890.2,912.5,1201.8
201,201,41.51142,-7.6512756,989.0,2003-08-06T14:00,32.1,26,10.0,34.2,0.0,0.0,0.0,0.0,0,1019.3,913.6,1,0,0,3,0.66,3.57,2.1,2.4,239,243,16.6,33.5,24.2,19.7,14.9,0.139,0.168,0.225,0.351,1,3600.0,896.0,791.0,105.0,892.5,896.0,1178.2,870.1,768.1,102.0,892.5,870.1,1144.1
200,200,41.51142,-7.6512756,989.0,2003-08-06T15:00,32.5,24,9.5,33.3,0.0,0.0,0.0,0.0,0,1019.1,913.5,1,0,0,4,0.6,3.72,4.3,5.2,294,295,14.0,33.9,24.6,19.7,14.9,0.139,0.168,0.225,0.351,1,3600.0,787.0,653.0,134.0,796.7,787.0,1089.6,740.8,614.7,126.1,796.7,740.8,1025.7
199,199,41.51142,-7.6512756,989.0,2003-08-06T16:00,32.6,23,9.0,32.2,0.0,0.0,0.0,0.0,0,1018.7,913.2,7,0,1,20,0.53,3.78,6.2,7.9,324,321,14.8,33.8,24.9,19.7,14.9,0.138,0.168,0.225,0.351,1,3600.0,664.0,545.0,119.0,767.5,664.0,944.0,601.1,493.4,107.7,767.5,601.1,854.5
198,198,41.51142,-7.6512756,989.0,2003-08-06T17:00,32.2,23,8.4,30.8,0.2,0.2,0.0,0.0,51,1019.1,913.4,30,0,24,52,0.37,3.71,6.6,8.9,347,346,20.2,32.9,25.2,19.7,14.9,0.138,0.167,0.225,0.351,1,3600.0,436.0,339.0,97.0,599.9,436.0,751.2,372.8,289.9,82.9,599.9,372.8,642.4
197,197,41.51142,-7.6512756,989.0,2003-08-06T18:00,30.7,27,9.3,29.6,0.0,0.0,0.0,0.0,1,1018.9,912.7,25,0,13,56,0.21,3.24,6.5,10.1,6,4,25.6,31.2,25.4,19.7,14.9,0.138,0.167,0.225,0.351,1,3600.0,194.0,96.0,98.0,243.3,194.0,524.5,149.3,73.9,75.4,243.3,149.3,403.6
196,196,41.51142,-7.6512756,989.0,2003-08-06T19:00,29.4,42,15.1,30.3,0.0,0.0,0.0,0.0,0,1019.1,912.5,14,0,8,30,0.13,2.38,5.8,12.0,360,7,16.6,29.7,25.5,19.7,14.9,0.138,0.167,0.224,0.351,1,3600.0,125.0,63.0,62.0,300.0,125.0,279.2,69.2,34.9,34.3,300.0,69.2,154.6
195,195,41.51142,-7.6512756,989.0,2003-08-06T20:00,27.3,47,15.1,27.9,0.0,0.0,0.0,0.0,0,1019.1,911.8,10,0,10,13,0.08,1.91,8.0,11.2,5,15,16.9,27.7,25.5,19.7,14.9,0.138,0.167,0.224,0.351,0,173.57,18.0,8.0,10.0,84.8,18.0,67.0,0.0,0.0,0.0,0.0,0.0,0.0
194,194,41.51142,-7.6512756,989.0,2003-08-06T21:00,25.9,45,13.0,25.8,0.0,0.0,0.0,0.0,0,1019.7,911.9,7,0,8,6,0.06,1.85,7.7,11.0,11,23,17.3,25.9,25.4,19.8,14.9,0.138,0.167,0.225,0.351,0,0.0,0.0,0.0,0.0,0.0,0.0,0.0,0.0,0.0,0.0,0.0,0.0,0.0
193,193,41.51142,-7.6512756,989.0,2003-08-06T22:00,24.7,46,12.4,24.4,0.0,0.0,0.0,0.0,0,1019.9,911.6,15,0,25,0,0.05,1.67,7.0,10.6,12,28,16.9,24.4,25.3,19.8,14.9,0.138,0.167,0.225,0.351,0,0.0,0.0,0.0,0.0,0.0,0.0,0.0,0.0,0.0,0.0,0.0,0.0,0.0
192,192,41.51142,-7.6512756,989.0,2003-08-06T23:00,23.8,48,12.1,23.5,0.0,0.0,0.0,0.0,1,1019.4,910.9,25,0,42,0,0.04,1.54,6.2,10.0,7,30,15.8,23.3,25.1,19.8,14.9,0.138,0.167,0.225,0.351,0,0.0,0.0,0.0,0.0,0.0,0.0,0.0,0.0,0.0,0.0,0.0,0.0,0.0
191,191,41.51142,-7.6512756,989.0,2003-08-07T00:00,22.8,51,12.0,22.5,0.0,0.0,0.0,0.0,0,1019.2,910.4,12,0,20,0,0.04,1.37,6.6,9.8,9,36,15.1,22.4,24.9,19.8,14.9,0.138,0.167,0.225,0.351,0,0.0,0.0,0.0,0.0,0.0,0.0,0.0,0.0,0.0,0.0,0.0,0.0,0.0
190,190,41.51142,-7.6512756,989.0,2003-08-07T01:00,21.4,55,12.0,21.1,0.0,0.0,0.0,0.0,0,1019.0,909.7,14,0,23,0,0.03,1.15,6.3,9.7,13,42,14.0,21.6,24.7,19.8,14.9,0.138,0.167,0.225,0.351,0,0.0,0.0,0.0,0.0,0.0,0.0,0.0,0.0,0.0,0.0,0.0,0.0,0.0
189,189,41.51142,-7.6512756,989.0,2003-08-07T02:00,20.4,59,12.0,20.2,0.0,0.0,0.0,0.0,0,1018.8,909.2,17,0,29,0,0.02,1.0,5.8,9.2,22,51,13.7,20.9,24.4,19.8,14.9,0.138,0.167,0.225,0.351,0,0.0,0.0,0.0,0.0,0.0,0.0,0.0,0.0,0.0,0.0,0.0,0.0,0.0
188,188,41.51142,-7.6512756,989.0,2003-08-07T03:00,19.6,61,12.0,19.5,0.0,0.0,0.0,0.0,0,1018.7,908.8,10,0,17,0,0.02,0.89,5.5,9.0,32,67,12.6,20.3,24.2,19.8,14.9,0.138,0.167,0.225,0.351,0,0.0,0.0,0.0,0.0,0.0,0.0,0.0,0.0,0.0,0.0,0.0,0.0,0.0
187,187,41.51142,-7.6512756,989.0,2003-08-07T04:00,19.1,62,11.8,19.0,0.0,0.0,0.0,0.0,0,1018.6,908.5,8,0,14,0,0.01,0.83,5.1,8.6,51,90,11.9,19.8,23.9,19.9,14.9,0.138,0.167,0.225,0.351,0,0.0,0.0,0.0,0.0,0.0,0.0,0.0,0.0,0.0,0.0,0.0,0.0,0.0
186,186,41.51142,-7.6512756,989.0,2003-08-07T05:00,18.8,63,11.7,18.7,0.0,0.0,0.0,0.0,0,1018.7,908.5,3,0,5,0,0.01,0.8,4.7,8.0,67,108,11.2,19.3,23.7,19.9,14.9,0.138,0.167,0.225,0.351,0,0.0,0.0,0.0,0.0,0.0,0.0,0.0,0.0,0.0,0.0,0.0,0.0,0.0
185,185,41.51142,-7.6512756,989.0,2003-08-07T06:00,18.5,66,12.1,18.6,0.0,0.0,0.0,0.0,0,1019.1,908.8,2,0,4,0,0.03,0.72,4.0,7.7,80,118,10.4,19.0,23.4,19.9,14.9,0.138,0.167,0.225,0.351,1,0.0,7.0,3.0,4.0,40.7,7.0,39.8,17.5,7.5,10.0,86.1,7.1,99.5
184,184,41.51142,-7.6512756,989.0,2003-08-07T07:00,20.1,70,14.5,21.4,0.0,0.0,0.0,0.0,0,1019.1,909.3,0,0,0,0,0.05,0.71,1.8,7.3,90,123,11.9,20.3,23.2,19.9,14.9,0.138,0.167,0.225,0.351,1,3600.0,105.0,62.0,43.0,368.4,105.0,223.8,163.5,96.6,67.0,368.4,163.5,348.5
183,183,41.51142,-7.6512756,989.0,2003-08-07T08:00,23.8,51,12.9,24.3,0.0,0.0,0.0,0.0,0,1019.4,910.9,1,0,1,0,0.18,1.45,2.9,6.0,97,123,11.2,23.4,23.2,19.9,14.9,0.138,0.167,0.225,0.351,1,3600.0,276.0,210.0,66.0,593.1,276.0,470.8,346.3,263.5,82.8,593.1,346.3,590.8
182,182,41.51142,-7.6512756,989.0,2003-08-07T09:00,26.4,40,11.9,26.4,0.0,0.0,0.0,0.0,0,1019.6,911.9,0,0,0,0,0.32,2.05,3.7,5.0,119,120,13.3,25.6,23.2,19.9,14.9,0.138,0.167,0.225,0.351,1,3600.0,463.0,382.0,81.0,722.7,463.0,702.9,533.5,440.2,93.3,722.7,533.5,809.9
181,181,41.51142,-7.6512756,989.0,2003-08-07T10:00,27.8,37,11.9,28.4,0.0,0.0,0.0,0.0,0,1019.2,912.1,17,0,29,0,0.44,2.35,3.4,3.9,122,124,15.1,27.7,23.4,19.9,14.9,0.138,0.167,0.224,0.35,1,3600.0,618.0,497.0,121.0,731.0,618.0,904.1,677.3,544.7,132.6,731.0,677.3,990.9
180,180,41.51142,-7.6512756,989.0,2003-08-07T11:00,29.3,34,12.0,30.7,0.0,0.0,0.0,0.0,1,1018.8,912.2,22,0,37,0,0.54,2.67,3.1,3.7,126,119,15.5,29.7,23.6,19.9,15.0,0.137,0.166,0.224,0.35,1,3600.0,742.0,607.0,135.0,760.9,742.0,1060.8,784.4,641.7,142.7,760.9,784.4,1121.4
179,179,41.51142,-7.6512756,989.0,2003-08-07T12:00,30.8,31,11.6,33.2,0.0,0.0,0.0,0.0,1,1018.4,912.3,22,0,36,0,0.65,3.07,2.2,2.5,99,90,15.1,31.8,23.9,19.9,15.0,0.137,0.166,0.224,0.35,1,3600.0,882.0,776.0,106.0,887.9,882.0,1162.2,905.1,796.3,108.8,887.9,905.1,1192.6
178,178,41.51142,-7.6512756,989.0,2003-08-07T13:00,31.8,28,10.9,34.0,0.0,0.0,0.0,0.0,1,1018.0,912.3,23,0,38,0,0.66,3.41,2.3,3.1,51,54,19.1,33.2,24.3,19.9,15.0,0.137,0.165,0.224,0.35,1,3600.0,885.0,771.0,114.0,853.4,885.0,1201.4,883.5,769.7,113.8,853.4,883.5,1199.4
177,177,41.51142,-7.6512756,989.0,2003-08-07T14:00,32.4,25,9.9,33.5,0.0,0.0,0.0,0.0,0,1017.4,912.0,19,0,28,8,0.62,3.66,4.2,5.0,20,21,20.9,33.9,24.6,19.9,15.0,0.136,0.165,0.223,0.35,1,3600.0,807.0,687.0,120.0,777.1,807.0,1175.7,783.5,667.0,116.5,777.1,783.5,1141.5
176,176,41.51142,-7.6512756,989.0,2003-08-07T15:00,32.5,23,9.0,32.2,0.0,0.0,0.0,0.0,0,1016.8,911.5,16,0,19,15,0.58,3.76,7.2,9.4,357,360,23.8,33.8,24.9,20.0,15.0,0.136,0.165,0.223,0.35,1,3600.0,710.0,542.0,168.0,663.2,710.0,1086.8,668.1,510.0,158.1,663.2,668.1,1022.7
175,175,41.51142,-7.6512756,989.0,2003-08-07T16:00,32.4,23,8.4,30.6,0.0,0.0,0.0,0.0,1,1016.5,911.1,33,0,35,40,0.51,3.76,10.2,14.4,337,338,32.4,33.3,25.2,20.0,15.0,0.136,0.164,0.223,0.35,1,3600.0,570.0,402.0,168.0,568.2,570.0,940.9,515.7,363.7,152.0,568.2,515.7,851.2
174,174,41.51142,-7.6512756,989.0,2003-08-07T17:00,31.4,25,9.0,30.1,0.0,0.0,0.0,0.0,1,1016.6,910.9,33,0,32,47,0.33,3.44,7.2,11.0,323,328,37.4,32.4,25.5,20.0,15.0,0.139,0.164,0.223,0.35,1,3600.0,350.0,196.0,154.0,348.6,350.0,747.7,298.9,167.4,131.5,348.6,298.9,638.6
173,173,41.51142,-7.6512756,989.0,2003-08-07T18:00,29.9,29,10.1,28.6,0.0,0.0,0.0,0.0,1,1016.4,910.2,34,0,30,53,0.24,2.99,9.4,16.3,353,355,30.6,30.5,25.6,20.0,15.0,0.139,0.164,0.223,0.35,1,3600.0,190.0,100.0,90.0,255.5,190.0,520.5,145.8,76.7,69.1,255.5,145.8,399.4
172,172,41.51142,-7.6512756,989.0,2003-08-07T19:00,28.5,37,12.3,28.0,0.0,0.0,0.0,0.0,1,1016.5,909.9,20,0,24,20,0.15,2.46,7.9,19.2,3,8,27.0,29.0,25.7,20.0,15.0,0.139,0.164,0.223,0.35,1,3600.0,126.0,65.0,61.0,314.6,126.0,274.7,68.8,35.5,33.3,314.6,68.8,149.9
171,171,41.51142,-7.6512756,989.0,2003-08-07T20:00,26.9,41,12.5,26.5,0.0,0.0,0.0,0.0,0,1016.6,909.4,12,0,15,9,0.09,2.09,8.3,15.6,2,7,24.8,27.4,25.7,20.0,15.0,0.139,0.164,0.223,0.35,0,169.56,16.0,8.0,8.0,86.4,16.0,64.7,0.0,0.0,0.0,0.0,0.0,0.0
170,170,41.51142,-7.6512756,989.0,2003-08-07T21:00,24.9,50,13.6,25.0,0.0,0.0,0.0,0.0,0,1017.0,909.1,10,0,16,2,0.05,1.59,7.6,13.7,355,360,21.2,25.9,25.6,20.0,15.0,0.138,0.164,0.223,0.35,0,0.0,0.0,0.0,0.0,0.0,0.0,0.0,0.0,0.0,0.0,0.0,0.0,0.0
169,169,41.51142,-7.6512756,989.0,2003-08-07T22:00,23.4,54,13.7,23.5,0.0,0.0,0.0,0.0,0,1017.4,908.9,13,0,21,0,0.04,1.31,7.2,13.4,3,6,19.8,24.4,25.4,20.1,15.0,0.138,0.164,0.223,0.35,0,0.0,0.0,0.0,0.0,0.0,0.0,0.0,0.0,0.0,0.0,0.0,0.0,0.0
168,168,41.51142,-7.6512756,989.0,2003-08-07T23:00,22.0,58,13.3,21.9,0.0,0.0,0.0,0.0,0,1016.8,907.9,12,0,19,1,0.04,1.12,7.6,14.1,8,13,20.2,23.3,25.3,20.1,15.0,0.138,0.164,0.223,0.35,0,0.0,0.0,0.0,0.0,0.0,0.0,0.0,0.0,0.0,0.0,0.0,0.0,0.0
167,167,41.51142,-7.6512756,989.0,2003-08-08T00:00,20.6,62,13.0,20.3,0.0,0.0,0.0,0.0,1,1017.0,907.6,22,0,35,2,0.04,0.94,8.6,14.4,15,22,19.8,22.3,25.1,20.1,15.0,0.138,0.164,0.223,0.35,0,0.0,0.0,0.0,0.0,0.0,0.0,0.0,0.0,0.0,0.0,0.0,0.0,0.0
166,166,41.51142,-7.6512756,989.0,2003-08-08T01:00,19.6,64,12.5,19.1,0.0,0.0,0.0,0.0,0,1016.5,906.8,19,0,31,1,0.03,0.83,8.9,15.0,21,35,19.4,21.6,24.8,20.1,15.0,0.138,0.164,0.223,0.35,0,0.0,0.0,0.0,0.0,0.0,0.0,0.0,0.0,0.0,0.0,0.0,0.0,0.0
165,165,41.51142,-7.6512756,989.0,2003-08-08T02:00,18.9,64,11.9,18.4,0.0,0.0,0.0,0.0,1,1016.5,906.6,22,0,36,0,0.03,0.79,7.9,14.0,24,46,19.4,21.0,24.6,20.1,15.0,0.138,0.164,0.223,0.35,0,0.0,0.0,0.0,0.0,0.0,0.0,0.0,0.0,0.0,0.0,0.0,0.0,0.0
164,164,41.51142,-7.6512756,989.0,2003-08-08T03:00,18.6,62,11.2,18.0,0.0,0.0,0.0,0.0,0,1016.4,906.4,15,0,25,0,0.02,0.81,6.9,11.9,28,55,19.4,20.4,24.3,20.1,15.0,0.138,0.164,0.223,0.35,0,0.0,0.0,0.0,0.0,0.0,0.0,0.0,0.0,0.0,0.0,0.0,0.0,0.0
163,163,41.51142,-7.6512756,989.0,2003-08-08T04:00,18.4,60,10.5,17.7,0.0,0.0,0.0,0.0,0,1016.0,906.0,17,0,29,0,0.02,0.85,6.4,11.1,27,61,19.1,19.8,24.1,20.1,15.0,0.138,0.164,0.223,0.35,0,0.0,0.0,0.0,0.0,0.0,0.0,0.0,0.0,0.0,0.0,0.0,0.0,0.0
162,162,41.51142,-7.6512756,989.0,2003-08-08T05:00,18.4,59,10.2,17.6,0.0,0.0,0.0,0.0,0,1016.0,906.0,14,0,23,0,0.02,0.87,6.0,10.5,33,68,18.0,19.3,23.8,20.1,15.0,0.138,0.164,0.223,0.35,0,0.0,0.0,0.0,0.0,0.0,0.0,0.0,0.0,0.0,0.0,0.0,0.0,0.0
161,161,41.51142,-7.6512756,989.0,2003-08-08T06:00,18.3,63,11.1,17.8,0.0,0.0,0.0,0.0,0,1016.3,906.2,20,0,33,0,0.04,0.78,5.6,9.6,40,77,16.6,19.0,23.5,20.1,15.0,0.138,0.164,0.223,0.35,1,0.0,7.0,2.0,5.0,27.7,7.0,37.9,17.7,5.0,12.6,57.9,7.0,95.7
160,160,41.51142,-7.6512756,989.0,2003-08-08T07:00,20.1,67,13.7,21.0,0.0,0.0,0.0,0.0,0,1016.2,906.8,16,0,26,0,0.06,0.79,2.3,8.3,51,90,15.1,20.2,23.3,20.1,15.0,0.138,0.164,0.223,0.35,1,3583.83,106.0,65.0,41.0,391.7,106.0,220.2,166.1,101.9,64.3,392.7,165.7,345.1
159,159,41.51142,-7.6512756,989.0,2003-08-08T08:00,24.0,45,11.4,24.1,0.0,0.0,0.0,0.0,0,1016.5,908.4,10,0,16,0,0.17,1.64,3.0,6.9,76,96,11.9,23.2,23.3,20.2,15.0,0.138,0.164,0.223,0.35,1,3600.0,262.0,175.0,87.0,497.8,262.0,467.6,329.3,220.0,109.4,497.8,329.3,587.8
158,158,41.51142,-7.6512756,989.0,2003-08-08T09:00,26.7,38,11.3,26.6,0.0,0.0,0.0,0.0,0,1016.7,909.5,11,0,18,0,0.33,2.17,3.7,5.2,101,106,13.0,25.6,23.3,20.2,15.0,0.138,0.164,0.223,0.35,1,3600.0,476.0,379.0,97.0,720.1,476.0,700.1,548.9,437.0,111.9,720.1,548.9,807.3
157,157,41.51142,-7.6512756,989.0,2003-08-08T10:00,28.5,32,10.4,28.8,0.0,0.0,0.0,0.0,0,1016.3,909.7,4,0,7,0,0.45,2.64,3.0,3.8,104,107,15.1,28.0,23.5,20.2,15.0,0.138,0.164,0.223,0.35,1,3600.0,635.0,521.0,114.0,768.7,635.0,901.6,696.2,571.2,125.0,768.7,696.2,988.5
156,156,41.51142,-7.6512756,989.0,2003-08-08T11:00,30.2,29,10.4,31.3,0.0,0.0,0.0,0.0,0,1016.1,910.1,2,0,3,0,0.57,3.04,3.3,4.3,103,95,16.6,30.2,23.7,20.2,15.0,0.138,0.163,0.223,0.35,1,3600.0,770.0,644.0,126.0,809.4,770.0,1058.4,814.2,680.9,133.2,809.4,814.2,1119.1
155,155,41.51142,-7.6512756,989.0,2003-08-08T12:00,31.5,26,10.0,33.0,0.0,0.0,0.0,0.0,0,1015.7,910.1,6,0,10,0,0.63,3.41,3.3,4.2,77,70,16.6,32.0,24.1,20.2,15.0,0.137,0.163,0.222,0.35,1,3600.0,848.0,721.0,127.0,826.9,848.0,1159.8,870.2,739.9,130.3,826.9,870.2,1190.2
154,154,41.51142,-7.6512756,989.0,2003-08-08T13:00,32.5,23,8.5,33.1,0.0,0.0,0.0,0.0,1,1015.4,910.2,23,0,33,10,0.64,3.78,5.1,6.6,39,41,18.0,33.3,24.4,20.2,15.1,0.137,0.163,0.222,0.35,1,3600.0,825.0,657.0,168.0,728.9,825.0,1199.0,823.6,655.9,167.7,728.9,823.6,1196.9
153,153,41.51142,-7.6512756,989.0,2003-08-08T14:00,33.0,19,6.3,33.3,0.0,0.0,0.0,0.0,0,1015.2,910.2,13,0,20,4,0.66,4.07,4.7,6.0,23,25,21.6,34.3,24.8,20.2,15.1,0.136,0.162,0.222,0.35,1,3600.0,849.0,716.0,133.0,811.9,849.0,1173.1,824.2,695.0,129.1,811.9,824.2,1138.8
152,152,41.51142,-7.6512756,989.0,2003-08-08T15:00,32.6,19,5.8,31.8,0.0,0.0,0.0,0.0,1,1014.7,909.6,21,0,32,5,0.57,3.99,5.4,6.9,4,9,24.1,34.1,25.1,20.2,15.1,0.136,0.162,0.222,0.35,1,3600.0,719.0,574.0,145.0,704.4,719.0,1084.0,676.4,540.0,136.4,704.4,676.4,1019.7
151,151,41.51142,-7.6512756,989.0,2003-08-08T16:00,32.0,21,6.7,31.4,0.0,0.0,0.0,0.0,1,1014.8,909.5,22,0,35,3,0.51,3.78,4.6,5.9,342,346,23.4,33.9,25.4,20.2,15.1,0.139,0.162,0.221,0.35,1,3600.0,677.0,580.0,97.0,822.8,677.0,937.7,612.1,524.4,87.7,822.8,612.1,847.8
150,150,41.51142,-7.6512756,989.0,2003-08-08T17:00,31.2,23,7.4,29.5,0.0,0.0,0.0,0.0,1,1014.7,909.1,28,0,39,14,0.39,3.52,7.5,10.5,325,329,19.4,32.5,25.7,20.2,15.1,0.139,0.161,0.221,0.35,1,3600.0,450.0,333.0,117.0,595.3,450.0,744.1,383.9,284.1,99.8,595.3,383.9,634.8
149,149,41.51142,-7.6512756,989.0,2003-08-08T18:00,30.4,27,9.4,29.1,0.0,0.0,0.0,0.0,0,1015.0,909.2,17,0,28,1,0.25,3.17,8.3,14.2,326,333,17.3,31.2,25.8,20.3,15.1,0.138,0.161,0.221,0.35,1,3600.0,236.0,145.0,91.0,373.5,236.0,516.4,180.6,110.9,69.6,373.5,180.6,395.1
148,148,41.51142,-7.6512756,989.0,2003-08-08T19:00,29.1,34,11.6,28.6,0.0,0.0,0.0,0.0,0,1015.4,909.1,10,0,17,0,0.14,2.67,6.8,13.8,342,351,21.6,29.6,25.9,20.3,15.1,0.139,0.161,0.221,0.349,1,3600.0,109.0,55.0,54.0,270.8,109.0,270.2,58.6,29.6,29.0,270.8,58.6,145.2
147,147,41.51142,-7.6512756,989.0,2003-08-08T20:00,27.1,44,13.7,27.2,0.0,0.0,0.0,0.0,0,1015.6,908.6,6,0,10,0,0.09,2.03,8.0,11.9,355,5,16.6,27.6,25.9,20.3,15.1,0.139,0.161,0.221,0.349,0,163.96,16.0,8.0,8.0,88.1,16.0,62.4,0.0,0.0,0.0,0.0,0.0,0.0
146,146,41.51142,-7.6512756,989.0,2003-08-08T21:00,25.7,47,13.5,25.8,0.0,0.0,0.0,0.0,0,1016.3,908.8,4,0,7,0,0.06,1.76,7.6,12.0,3,16,17.6,25.8,25.8,20.3,15.1,0.139,0.161,0.221,0.349,0,0.0,0.0,0.0,0.0,0.0,0.0,0.0,0.0,0.0,0.0,0.0,0.0,0.0
145,145,41.51142,-7.6512756,989.0,2003-08-08T22:00,24.3,51,13.6,24.4,0.0,0.0,0.0,0.0,0,1017.0,908.9,3,0,5,0,0.05,1.49,7.2,11.6,360,7,18.0,24.5,25.7,20.3,15.1,0.139,0.161,0.221,0.349,0,0.0,0.0,0.0,0.0,0.0,0.0,0.0,0.0,0.0,0.0,0.0,0.0,0.0
144,144,41.51142,-7.6512756,989.0,2003-08-08T23:00,22.7,57,13.7,22.8,0.0,0.0,0.0,0.0,0,1017.0,908.4,4,0,6,0,0.04,1.2,7.6,13.1,8,16,17.6,23.3,25.5,20.3,15.1,0.139,0.161,0.221,0.349,0,0.0,0.0,0.0,0.0,0.0,0.0,0.0,0.0,0.0,0.0,0.0,0.0,0.0
143,143,41.51142,-7.6512756,989.0,2003-08-09T00:00,21.3,62,13.7,21.4,0.0,0.0,0.0,0.0,0,1017.0,907.9,0,0,0,0,0.03,0.97,7.8,13.9,13,25,17.3,22.4,25.3,20.3,15.1,0.139,0.161,0.221,0.349,0,0.0,0.0,0.0,0.0,0.0,0.0,0.0,0.0,0.0,0.0,0.0,0.0,0.0
142,142,41.51142,-7.6512756,989.0,2003-08-09T01:00,20.0,67,13.6,20.0,0.0,0.0,0.0,0.0,0,1016.8,907.2,0,0,0,0,0.02,0.78,7.9,13.5,16,34,16.9,21.6,25.0,20.4,15.1,0.139,0.161,0.221,0.349,0,0.0,0.0,0.0,0.0,0.0,0.0,0.0,0.0,0.0,0.0,0.0,0.0,0.0
141,141,41.51142,-7.6512756,989.0,2003-08-09T02:00,18.9,70,13.4,19.0,0.0,0.0,0.0,0.0,0,1016.5,906.6,0,0,0,0,0.01,0.65,6.6,12.0,22,49,16.2,21.0,24.8,20.4,15.1,0.139,0.161,0.221,0.349,0,0.0,0.0,0.0,0.0,0.0,0.0,0.0,0.0,0.0,0.0,0.0,0.0,0.0
140,140,41.51142,-7.6512756,989.0,2003-08-09T03:00,18.3,70,12.8,18.5,0.0,0.0,0.0,0.0,0,1016.2,906.1,0,0,0,0,0.01,0.63,4.9,9.8,36,73,16.2,20.4,24.5,20.4,15.1,0.139,0.161,0.221,0.349,0,0.0,0.0,0.0,0.0,0.0,0.0,0.0,0.0,0.0,0.0,0.0,0.0,0.0
139,139,41.51142,-7.6512756,989.0,2003-08-09T04:00,18.2,67,12.1,18.3,0.0,0.0,0.0,0.0,0,1016.1,906.0,0,0,0,0,0.0,0.68,3.9,7.5,68,107,15.5,19.9,24.3,20.4,15.1,0.139,0.161,0.221,0.349,0,0.0,0.0,0.0,0.0,0.0,0.0,0.0,0.0,0.0,0.0,0.0,0.0,0.0
138,138,41.51142,-7.6512756,989.0,2003-08-09T05:00,18.5,64,11.5,18.5,0.0,0.0,0.0,0.0,0,1016.3,906.3,0,0,0,0,0.0,0.77,3.3,5.9,77,128,14.0,19.4,24.0,20.4,15.1,0.139,0.161,0.221,0.349,0,0.0,0.0,0.0,0.0,0.0,0.0,0.0,0.0,0.0,0.0,0.0,0.0,0.0
137,137,41.51142,-7.6512756,989.0,2003-08-09T06:00,18.6,64,11.7,18.7,0.0,0.0,0.0,0.0,0,1016.7,906.7,0,0,0,0,0.03,0.77,3.0,5.1,76,141,12.2,19.1,23.7,20.4,15.1,0.139,0.161,0.221,0.349,1,0.0,6.0,2.0,4.0,28.2,6.0,36.0,15.3,5.1,10.2,58.5,5.8,91.9
136,136,41.51142,-7.6512756,989.0,2003-08-09T07:00,19.9,68,13.8,20.8,0.0,0.0,0.0,0.0,0,1016.8,907.2,0,0,0,0,0.05,0.74,2.3,4.9,72,144,7.9,20.3,23.5,20.4,15.1,0.139,0.161,0.221,0.349,1,3527.63,112.0,73.0,39.0,443.4,112.0,216.5,176.7,115.2,61.5,448.5,174.7,341.7
135,135,41.51142,-7.6512756,989.0,2003-08-09T08:00,24.0,47,12.1,24.4,0.0,0.0,0.0,0.0,0,1017.0,908.8,0,0,0,0,0.18,1.58,2.3,4.6,108,141,9.4,23.8,23.5,20.4,15.1,0.139,0.161,0.222,0.349,1,3600.0,294.0,229.0,65.0,656.0,294.0,464.4,370.2,288.3,81.8,656.0,370.2,584.8
134,134,41.51142,-7.6512756,989.0,2003-08-09T09:00,26.5,40,11.8,26.6,0.0,0.0,0.0,0.0,0,1017.1,909.7,0,0,0,0,0.33,2.08,3.6,4.3,135,138,12.2,26.0,23.5,20.4,15.1,0.138,0.161,0.221,0.349,1,3600.0,485.0,404.0,81.0,771.0,485.0,697.2,559.7,466.2,93.5,771.0,559.7,804.6
133,133,41.51142,-7.6512756,989.0,2003-08-09T10:00,28.0,36,11.6,28.9,0.0,0.0,0.0,0.0,0,1016.9,910.1,1,0,1,0,0.46,2.42,2.3,2.3,141,141,14.8,28.3,23.7,20.4,15.1,0.138,0.161,0.221,0.349,1,3600.0,659.0,569.0,90.0,842.2,659.0,899.0,722.8,624.1,98.7,842.2,722.8,986.0
132,132,41.51142,-7.6512756,989.0,2003-08-09T11:00,29.5,34,11.8,31.4,0.0,0.0,0.0,0.0,0,1016.5,910.2,2,0,4,0,0.57,2.74,2.1,2.6,149,146,15.1,30.5,24.0,20.4,15.1,0.138,0.161,0.221,0.349,1,3600.0,796.0,697.0,99.0,878.3,796.0,1056.0,841.8,737.1,104.7,878.3,841.8,1116.7
131,131,41.51142,-7.6512756,989.0,2003-08-09T12:00,30.8,30,11.3,33.1,0.0,0.0,0.0,0.0,0,1016.1,910.3,2,0,4,0,0.65,3.11,2.3,2.7,198,203,15.8,32.4,24.3,20.4,15.1,0.137,0.16,0.221,0.349,1,3600.0,886.0,784.0,102.0,901.3,886.0,1157.5,909.2,804.6,104.7,901.3,909.2,1187.8
130,130,41.51142,-7.6512756,989.0,2003-08-09T13:00,31.6,27,10.2,32.8,0.0,0.0,0.0,0.0,0,1015.4,909.9,13,0,21,0,0.58,3.42,2.7,3.4,247,252,15.5,33.5,24.6,20.4,15.2,0.137,0.16,0.221,0.349,1,3600.0,768.0,604.0,164.0,671.7,768.0,1196.5,766.6,602.9,163.7,671.7,766.6,1194.4
129,129,41.51142,-7.6512756,989.0,2003-08-09T14:00,32.1,23,8.6,33.1,0.0,0.0,0.0,0.0,0,1014.9,909.6,15,0,25,0,0.63,3.66,3.3,4.0,276,280,15.5,34.2,25.0,20.4,15.2,0.137,0.16,0.22,0.349,1,3600.0,838.0,673.0,165.0,765.1,838.0,1170.5,813.3,653.2,160.1,765.1,813.3,1136.0
128,128,41.51142,-7.6512756,989.0,2003-08-09T15:00,31.2,24,8.0,30.6,0.0,0.0,0.0,0.0,0,1014.5,909.0,13,0,21,0,0.5,3.48,4.3,5.4,270,270,17.6,33.9,25.3,20.5,15.2,0.137,0.159,0.22,0.349,1,3600.0,634.0,475.0,159.0,584.7,634.0,1081.1,596.2,446.7,149.5,584.7,596.2,1016.6
127,127,41.51142,-7.6512756,989.0,2003-08-09T16:00,31.4,24,8.1,30.3,0.0,0.0,0.0,0.0,1,1014.2,908.7,33,0,54,1,0.48,3.51,6.3,8.1,246,249,21.6,33.2,25.6,20.5,15.2,0.137,0.159,0.22,0.349,1,3600.0,602.0,486.0,116.0,692.1,602.0,934.4,544.0,439.2,104.8,692.1,544.0,844.3
126,126,41.51142,-7.6512756,989.0,2003-08-09T17:00,31.2,24,8.1,29.2,0.0,0.0,0.0,0.0,1,1015.4,909.8,28,0,26,42,0.4,3.47,10.3,13.9,245,245,21.2,32.4,25.8,20.5,15.2,0.136,0.159,0.22,0.349,1,3600.0,417.0,307.0,110.0,551.8,417.0,740.4,355.3,261.6,93.7,551.8,355.3,630.9
125,125,41.51142,-7.6512756,989.0,2003-08-09T18:00,30.3,28,9.7,28.9,0.0,0.0,0.0,0.0,0,1015.2,909.3,17,0,19,19,0.28,3.11,9.1,13.6,261,259,19.8,31.1,25.9,20.5,15.2,0.136,0.159,0.22,0.349,1,3600.0,277.0,197.0,80.0,511.7,277.0,512.3,211.3,150.3,61.0,511.7,211.3,390.8
124,124,41.51142,-7.6512756,989.0,2003-08-09T19:00,28.5,35,11.4,28.2,0.0,0.0,0.0,0.0,0,1014.9,908.4,10,0,14,5,0.12,2.54,4.9,10.8,287,285,22.0,29.5,26.0,20.5,15.2,0.136,0.159,0.22,0.349,1,3600.0,121.0,75.0,46.0,375.8,121.0,265.6,63.9,39.6,24.3,375.8,63.9,140.4
123,123,41.51142,-7.6512756,989.0,2003-08-09T20:00,26.6,43,13.0,26.7,0.0,0.0,0.0,0.0,0,1014.7,907.6,11,0,18,1,0.07,1.98,6.0,7.7,295,298,14.4,27.7,26.0,20.5,15.2,0.136,0.159,0.22,0.349,0,97.8,15.0,7.0,8.0,78.7,15.0,60.0,0.0,0.0,0.0,0.0,0.0,0.0
122,122,41.51142,-7.6512756,989.0,2003-08-09T21:00,24.7,57,15.6,26.0,0.0,0.0,0.0,0.0,0,1015.1,907.3,7,0,11,0,0.02,1.34,4.1,5.1,308,315,13.0,26.3,25.9,20.5,15.2,0.136,0.159,0.22,0.349,0,0.0,0.0,0.0,0.0,0.0,0.0,0.0,0.0,0.0,0.0,0.0,0.0,0.0
121,121,41.51142,-7.6512756,989.0,2003-08-09T22:00,23.2,60,15.0,24.2,0.0,0.0,0.0,0.0,0,1016.2,907.8,5,0,8,0,0.02,1.14,4.7,5.3,328,332,10.1,24.7,25.8,20.6,15.2,0.136,0.159,0.22,0.349,0,0.0,0.0,0.0,0.0,0.0,0.0,0.0,0.0,0.0,0.0,0.0,0.0,0.0
120,120,41.51142,-7.6512756,989.0,2003-08-09T23:00,22.1,65,15.1,23.0,0.0,0.0,0.0,0.0,0,1015.7,907.0,14,0,23,0,0.01,0.94,5.2,7.0,348,348,9.7,23.6,25.6,20.6,15.2,0.136,0.159,0.22,0.349,0,0.0,0.0,0.0,0.0,0.0,0.0,0.0,0.0,0.0,0.0,0.0,0.0,0.0
119,119,41.51142,-7.6512756,989.0,2003-08-10T00:00,21.2,68,15.2,22.2,0.0,0.0,0.0,0.0,0,1015.4,906.4,7,0,12,0,0.01,0.8,5.4,8.4,352,353,10.1,22.6,25.4,20.6,15.2,0.136,0.159,0.22,0.349,0,0.0,0.0,0.0,0.0,0.0,0.0,0.0,0.0,0.0,0.0,0.0,0.0,0.0
118,118,41.51142,-7.6512756,989.0,2003-08-10T01:00,20.7,72,15.5,21.7,0.0,0.0,0.0,0.0,0,1015.2,906.1,6,0,10,0,0.01,0.67,5.8,8.3,353,358,10.1,21.9,25.2,20.6,15.2,0.136,0.159,0.22,0.349,0,0.0,0.0,0.0,0.0,0.0,0.0,0.0,0.0,0.0,0.0,0.0,0.0,0.0
117,117,41.51142,-7.6512756,989.0,2003-08-10T02:00,20.1,75,15.6,21.3,0.0,0.0,0.0,0.0,0,1014.9,905.6,4,2,3,0,0.0,0.58,5.1,6.2,356,7,10.1,21.3,25.0,20.6,15.2,0.136,0.159,0.22,0.349,0,0.0,0.0,0.0,0.0,0.0,0.0,0.0,0.0,0.0,0.0,0.0,0.0,0.0
116,116,41.51142,-7.6512756,989.0,2003-08-10T03:00,19.6,78,15.6,21.2,0.0,0.0,0.0,0.0,0,1014.6,905.2,1,0,2,0,0.0,0.51,2.4,2.6,27,56,8.6,20.7,24.7,20.6,15.2,0.136,0.159,0.22,0.349,0,0.0,0.0,0.0,0.0,0.0,0.0,0.0,0.0,0.0,0.0,0.0,0.0,0.0
115,115,41.51142,-7.6512756,989.0,2003-08-10T04:00,19.3,79,15.6,20.9,0.0,0.0,0.0,0.0,0,1014.7,905.1,2,0,3,0,0.0,0.46,1.8,5.4,101,138,6.8,20.2,24.4,20.6,15.2,0.136,0.159,0.22,0.349,0,0.0,0.0,0.0,0.0,0.0,0.0,0.0,0.0,0.0,0.0,0.0,0.0,0.0
114,114,41.51142,-7.6512756,989.0,2003-08-10T05:00,19.0,80,15.5,20.6,0.0,0.0,0.0,0.0,0,1014.6,904.9,0,0,0,0,0.0,0.43,1.9,5.8,112,150,6.5,19.7,24.2,20.6,15.2,0.136,0.159,0.22,0.349,0,0.0,0.0,0.0,0.0,0.0,0.0,0.0,0.0,0.0,0.0,0.0,0.0,0.0
113,113,41.51142,-7.6512756,989.0,2003-08-10T06:00,18.9,81,15.5,20.5,0.0,0.0,0.0,0.0,0,1015.1,905.3,1,0,1,0,0.01,0.42,1.6,4.8,63,153,6.1,19.3,23.9,20.6,15.2,0.136,0.159,0.22,0.349,1,0.0,5.0,2.0,3.0,28.8,5.0,34.1,12.9,5.2,7.7,59.2,4.8,88.0
112,112,41.51142,-7.6512756,989.0,2003-08-10T07:00,19.2,86,16.8,21.4,0.0,0.0,0.0,0.0,0,1015.3,905.6,1,0,1,0,0.05,0.31,1.3,3.7,56,151,7.6,20.5,23.7,20.6,15.2,0.136,0.159,0.22,0.349,1,3471.51,110.0,72.0,38.0,440.8,110.0,212.9,174.8,114.4,60.4,450.1,171.2,338.3
111,111,41.51142,-7.6512756,989.0,2003-08-10T08:00,23.5,58,14.8,24.9,0.0,0.0,0.0,0.0,0,1015.8,907.6,0,0,0,0,0.18,1.21,1.3,3.9,124,146,9.4,23.8,23.7,20.6,15.2,0.136,0.159,0.22,0.349,1,3600.0,294.0,230.0,64.0,663.7,294.0,461.2,370.8,290.1,80.7,663.7,370.8,581.8
110,110,41.51142,-7.6512756,989.0,2003-08-10T09:00,25.8,47,13.6,26.6,0.0,0.0,0.0,0.0,0,1016.2,908.7,0,0,0,0,0.32,1.77,2.6,3.3,164,167,13.0,26.1,23.7,20.6,15.2,0.136,0.159,0.22,0.349,1,3600.0,479.0,396.0,83.0,759.1,479.0,694.3,553.2,457.3,95.8,759.1,553.2,801.8
109,109,41.51142,-7.6512756,989.0,2003-08-10T10:00,27.6,39,12.5,28.8,0.0,0.0,0.0,0.0,0,1016.1,909.2,1,0,2,0,0.45,2.25,2.2,3.0,171,166,17.3,28.5,23.9,20.6,15.2,0.136,0.158,0.22,0.349,1,3600.0,653.0,561.0,92.0,833.0,653.0,896.4,716.5,615.5,100.9,833.0,716.5,983.5
108,108,41.51142,-7.6512756,989.0,2003-08-10T11:00,29.1,35,12.2,30.7,0.0,0.0,0.0,0.0,0,1015.9,909.5,2,0,4,0,0.57,2.6,4.0,4.7,180,180,20.2,30.6,24.1,20.6,15.2,0.135,0.158,0.219,0.349,1,3600.0,788.0,688.0,100.0,869.2,788.0,1053.5,833.5,727.7,105.8,869.2,833.5,1114.3
107,107,41.51142,-7.6512756,989.0,2003-08-10T12:00,30.3,33,12.1,32.2,0.0,0.0,0.0,0.0,0,1015.8,909.8,7,0,12,0,0.65,2.9,5.2,6.4,196,196,22.7,32.4,24.4,20.6,15.2,0.135,0.158,0.219,0.348,1,3600.0,873.0,767.0,106.0,883.9,873.0,1155.1,895.9,787.1,108.8,883.9,895.9,1185.4
106,106,41.51142,-7.6512756,989.0,2003-08-10T13:00,31.0,31,11.9,33.0,0.0,0.0,0.0,0.0,0,1015.2,909.5,3,0,2,5,0.69,3.11,6.0,7.8,213,214,23.8,33.6,24.8,20.7,15.3,0.135,0.157,0.219,0.348,1,3600.0,905.0,792.0,113.0,882.9,905.0,1194.0,903.3,790.5,112.8,882.9,903.3,1191.9
105,105,41.51142,-7.6512756,989.0,2003-08-10T14:00,31.4,30,11.8,32.8,0.0,0.0,0.0,0.0,0,1014.8,909.3,2,0,2,1,0.65,3.22,6.4,8.4,232,230,23.0,34.2,25.1,20.7,15.3,0.134,0.157,0.219,0.348,1,3600.0,834.0,717.0,117.0,817.2,834.0,1167.8,809.3,695.8,113.5,817.2,809.3,1133.2
104,104,41.51142,-7.6512756,989.0,2003-08-10T15:00,31.5,30,11.7,32.1,0.0,0.0,0.0,0.0,0,1014.5,909.0,3,0,4,2,0.58,3.25,7.0,9.1,235,236,22.3,34.3,25.5,20.7,15.3,0.134,0.157,0.218,0.348,1,3600.0,737.0,608.0,129.0,750.7,737.0,1078.1,692.8,571.6,121.3,750.7,692.8,1013.5
103,103,41.51142,-7.6512756,989.0,2003-08-10T16:00,30.9,32,12.1,30.6,0.0,0.0,0.0,0.0,1,1015.3,909.6,47,0,50,57,0.52,3.06,9.7,12.5,228,229,20.5,33.9,25.8,20.7,15.3,0.137,0.157,0.218,0.348,1,3600.0,627.0,495.0,132.0,707.7,627.0,931.0,566.2,447.0,119.2,707.7,566.2,840.8
102,102,41.51142,-7.6512756,989.0,2003-08-10T17:00,29.5,37,13.3,30.2,1.8,1.8,0.0,0.0,61,1016.1,909.8,29,0,27,44,0.34,2.6,2.8,4.9,220,216,21.2,32.5,26.0,20.7,15.3,0.159,0.157,0.218,0.348,1,3600.0,475.0,382.0,93.0,690.3,475.0,736.6,404.2,325.1,79.1,690.3,404.2,626.8
101,101,41.51142,-7.6512756,989.0,2003-08-10T18:00,28.8,40,13.9,29.2,0.1,0.1,0.0,0.0,51,1015.9,909.4,13,0,14,16,0.23,2.37,5.8,7.6,353,352,20.2,30.6,26.1,20.7,15.3,0.159,0.157,0.218,0.348,1,3600.0,290.0,200.0,90.0,524.0,290.0,508.0,220.5,152.1,68.4,524.0,220.5,386.3
100,100,41.51142,-7.6512756,989.0,2003-08-10T19:00,27.7,42,13.5,28.4,0.0,0.0,0.0,0.0,0,1015.5,908.7,6,0,9,1,0.09,2.18,3.3,6.1,354,360,14.8,29.0,26.1,20.7,15.3,0.159,0.157,0.218,0.348,1,3600.0,124.0,68.0,56.0,346.9,124.0,260.9,64.4,35.3,29.1,346.9,64.4,135.4
99,99,41.51142,-7.6512756,989.0,2003-08-10T20:00,26.0,54,16.0,27.2,0.0,0.0,0.0,0.0,0,1015.8,908.4,4,0,7,0,0.06,1.54,6.1,7.2,360,6,10.4,27.2,26.1,20.7,15.3,0.159,0.157,0.218,0.348,0,41.11,14.0,6.0,8.0,68.9,14.0,57.5,0.0,0.0,0.0,0.0,0.0,0.0
98,98,41.51142,-7.6512756,989.0,2003-08-10T21:00,24.4,57,15.5,25.4,0.0,0.0,0.0,0.0,0,1016.4,908.4,2,0,4,0,0.03,1.3,6.5,8.6,3,15,12.2,25.6,26.0,20.8,15.3,0.159,0.157,0.218,0.348,0,0.0,0.0,0.0,0.0,0.0,0.0,0.0,0.0,0.0,0.0,0.0,0.0,0.0
97,97,41.51142,-7.6512756,989.0,2003-08-10T22:00,23.1,61,15.2,24.3,0.0,0.0,0.0,0.0,0,1016.9,908.4,3,0,5,0,0.01,1.1,4.3,5.7,24,35,13.0,24.3,25.9,20.8,15.3,0.159,0.157,0.218,0.348,0,0.0,0.0,0.0,0.0,0.0,0.0,0.0,0.0,0.0,0.0,0.0,0.0,0.0
96,96,41.51142,-7.6512756,989.0,2003-08-10T23:00,22.2,64,15.1,23.5,0.0,0.0,0.0,0.0,0,1017.0,908.2,2,0,4,0,0.0,0.96,3.1,4.5,45,61,12.2,23.3,25.7,20.8,15.3,0.159,0.157,0.218,0.348,0,0.0,0.0,0.0,0.0,0.0,0.0,0.0,0.0,0.0,0.0,0.0,0.0,0.0
95,95,41.51142,-7.6512756,989.0,2003-08-11T00:00,21.2,68,15.1,22.5,0.0,0.0,0.0,0.0,0,1016.6,907.5,4,0,6,0,0.0,0.81,2.8,4.0,50,85,10.4,22.5,25.4,20.8,15.3,0.159,0.157,0.218,0.348,0,0.0,0.0,0.0,0.0,0.0,0.0,0.0,0.0,0.0,0.0,0.0,0.0,0.0
94,94,41.51142,-7.6512756,989.0,2003-08-11T01:00,20.1,72,15.0,21.4,0.0,0.0,0.0,0.0,0,1016.4,906.9,5,0,8,0,0.0,0.65,2.6,2.2,16,90,9.4,21.9,25.2,20.8,15.3,0.159,0.157,0.218,0.348,0,0.0,0.0,0.0,0.0,0.0,0.0,0.0,0.0,0.0,0.0,0.0,0.0,0.0
93,93,41.51142,-7.6512756,989.0,2003-08-11T02:00,19.2,77,15.0,20.6,0.0,0.0,0.0,0.0,0,1016.3,906.5,7,0,12,0,0.0,0.51,2.2,1.8,9,90,8.6,21.2,25.0,20.8,15.3,0.159,0.157,0.218,0.348,0,0.0,0.0,0.0,0.0,0.0,0.0,0.0,0.0,0.0,0.0,0.0,0.0,0.0
92,92,41.51142,-7.6512756,989.0,2003-08-11T03:00,18.4,81,15.1,19.7,0.0,0.0,0.0,0.0,0,1016.3,906.2,14,0,24,0,0.0,0.4,2.5,4.1,45,105,7.9,20.7,24.7,20.8,15.3,0.159,0.157,0.218,0.348,0,0.0,0.0,0.0,0.0,0.0,0.0,0.0,0.0,0.0,0.0,0.0,0.0,0.0
91,91,41.51142,-7.6512756,989.0,2003-08-11T04:00,17.9,84,15.1,19.2,0.0,0.0,0.0,0.0,0,1016.3,906.1,11,0,18,0,0.0,0.34,2.9,4.8,60,117,7.6,20.3,24.5,20.8,15.3,0.159,0.157,0.218,0.348,0,0.0,0.0,0.0,0.0,0.0,0.0,0.0,0.0,0.0,0.0,0.0,0.0,0.0
90,90,41.51142,-7.6512756,989.0,2003-08-11T05:00,17.7,85,15.1,19.1,0.0,0.0,0.0,0.0,0,1016.5,906.2,14,0,24,0,0.0,0.31,2.6,5.0,56,111,7.6,20.0,24.2,20.8,15.3,0.158,0.157,0.218,0.348,0,0.0,0.0,0.0,0.0,0.0,0.0,0.0,0.0,0.0,0.0,0.0,0.0,0.0
89,89,41.51142,-7.6512756,989.0,2003-08-11T06:00,17.7,85,15.2,19.1,0.0,0.0,0.0,0.0,0,1016.8,906.4,9,0,15,0,0.02,0.3,2.6,5.2,56,115,7.9,19.7,23.9,20.8,15.3,0.158,0.157,0.218,0.348,1,0.0,4.0,1.0,3.0,14.7,4.0,32.2,10.5,2.6,7.8,30.0,3.7,84.1
88,88,41.51142,-7.6512756,989.0,2003-08-11T07:00,19.4,81,16.2,21.2,0.0,0.0,0.0,0.0,0,1017.2,907.4,14,0,22,1,0.05,0.42,2.4,5.8,63,120,8.6,20.7,23.8,20.8,15.3,0.158,0.157,0.218,0.348,1,3415.51,97.0,59.0,38.0,364.2,97.0,209.3,155.2,94.4,60.8,375.3,150.6,334.9
87,87,41.51142,-7.6512756,989.0,2003-08-11T08:00,23.3,58,14.5,24.4,0.0,0.0,0.0,0.0,0,1017.6,909.1,14,0,13,21,0.16,1.21,3.0,5.7,104,125,10.8,23.5,23.7,20.8,15.3,0.158,0.157,0.218,0.348,1,3600.0,247.0,176.0,71.0,511.6,247.0,458.0,312.1,222.4,89.7,511.6,312.1,578.7
86,86,41.51142,-7.6512756,989.0,2003-08-11T09:00,25.7,46,13.3,26.2,0.0,0.0,0.0,0.0,0,1018.0,910.3,15,0,6,38,0.32,1.78,3.9,4.9,124,126,13.7,25.4,23.7,20.8,15.3,0.158,0.157,0.218,0.348,1,3600.0,465.0,372.0,93.0,716.3,465.0,691.5,537.4,429.9,107.5,716.3,537.4,799.1
85,85,41.51142,-7.6512756,989.0,2003-08-11T10:00,27.8,37,11.9,28.6,0.0,0.0,0.0,0.0,1,1018.1,911.1,22,0,16,43,0.46,2.35,3.3,4.1,139,142,15.8,27.7,23.9,20.8,15.3,0.157,0.156,0.218,0.348,1,3600.0,647.0,553.0,94.0,823.8,647.0,893.7,710.1,607.0,103.2,823.8,710.1,981.0
84,84,41.51142,-7.6512756,989.0,2003-08-11T11:00,29.3,33,11.5,30.7,0.0,0.0,0.0,0.0,0,1017.6,911.1,8,0,5,16,0.56,2.73,3.3,4.5,167,166,20.2,29.8,24.1,20.8,15.3,0.156,0.156,0.218,0.348,1,3600.0,766.0,645.0,121.0,817.1,766.0,1051.0,810.3,682.3,128.0,817.1,810.3,1111.9
83,83,41.51142,-7.6512756,989.0,2003-08-11T12:00,30.6,30,11.2,32.4,0.0,0.0,0.0,0.0,0,1017.5,911.4,1,0,1,2,0.65,3.06,3.9,5.0,202,201,21.2,31.7,24.4,20.8,15.3,0.155,0.156,0.218,0.348,1,3600.0,868.0,759.0,109.0,876.8,868.0,1152.6,890.8,779.0,111.9,876.8,890.8,1182.9
82,82,41.51142,-7.6512756,989.0,2003-08-11T13:00,31.4,28,10.7,33.1,0.0,0.0,0.0,0.0,0,1017.1,911.4,13,0,20,3,0.67,3.32,4.8,6.1,228,230,20.9,33.1,24.7,20.9,15.4,0.154,0.156,0.218,0.348,1,3600.0,883.0,771.0,112.0,861.6,883.0,1191.5,881.3,769.5,111.8,861.6,881.3,1189.2
81,81,41.51142,-7.6512756,989.0,2003-08-11T14:00,31.9,26,9.9,32.8,0.0,0.0,0.0,0.0,0,1016.6,911.1,9,0,15,0,0.63,3.52,5.3,6.9,242,242,19.8,33.9,25.1,20.9,15.4,0.153,0.155,0.217,0.348,1,3600.0,814.0,695.0,119.0,794.3,814.0,1165.1,789.7,674.3,115.5,794.3,789.7,1130.3
80,80,41.51142,-7.6512756,989.0,2003-08-11T15:00,32.0,25,9.7,32.4,0.0,0.0,0.0,0.0,0,1016.7,911.2,13,0,20,2,0.58,3.56,5.7,7.2,252,252,18.7,34.1,25.4,20.9,15.4,0.152,0.155,0.217,0.348,1,3600.0,746.0,621.0,125.0,769.2,746.0,1075.0,701.0,583.6,117.5,769.2,701.0,1010.2
79,79,41.51142,-7.6512756,989.0,2003-08-11T16:00,31.9,25,9.6,31.7,0.0,0.0,0.0,0.0,0,1016.5,911.0,11,0,18,0,0.51,3.54,5.4,6.9,266,264,18.0,33.8,25.7,20.9,15.4,0.151,0.155,0.217,0.348,1,3600.0,652.0,544.0,108.0,780.9,652.0,927.6,588.4,490.9,97.5,780.9,588.4,837.1
78,78,41.51142,-7.6512756,989.0,2003-08-11T17:00,31.4,27,10.0,30.6,0.0,0.0,0.0,0.0,1,1016.7,911.0,28,0,34,24,0.38,3.37,5.5,6.9,302,298,16.9,32.9,26.0,20.9,15.4,0.153,0.155,0.217,0.348,1,3600.0,482.0,381.0,101.0,692.4,482.0,732.7,409.7,323.8,85.8,692.4,409.7,622.7
77,77,41.51142,-7.6512756,989.0,2003-08-11T18:00,29.9,31,10.9,29.5,0.0,0.0,0.0,0.0,0,1016.9,910.7,18,0,23,13,0.24,2.92,4.7,8.0,360,355,15.5,31.3,26.1,20.9,15.4,0.163,0.155,0.217,0.348,1,3600.0,311.0,246.0,65.0,650.4,311.0,503.7,235.7,186.4,49.3,650.4,235.7,381.7
76,76,41.51142,-7.6512756,989.0,2003-08-11T19:00,28.2,41,13.8,28.5,0.0,0.0,0.0,0.0,0,1017.3,910.5,12,0,14,11,0.12,2.25,6.5,8.4,84,70,13.0,29.0,26.2,20.9,15.4,0.163,0.155,0.217,0.348,1,3600.0,108.0,68.0,40.0,353.6,108.0,256.1,55.0,34.6,20.4,353.6,55.0,130.4
75,75,41.51142,-7.6512756,989.0,2003-08-11T20:00,26.7,51,15.9,27.6,0.0,0.0,0.0,0.0,0,1017.7,910.3,10,0,15,4,0.08,1.71,7.8,10.7,56,70,15.1,27.2,26.2,20.9,15.4,0.163,0.155,0.217,0.348,0,0.0,10.0,5.0,5.0,58.7,10.0,55.0,0.0,0.0,0.0,0.0,0.0,0.0
74,74,41.51142,-7.6512756,989.0,2003-08-11T21:00,24.9,54,15.0,25.3,0.0,0.0,0.0,0.0,0,1018.3,910.3,8,0,13,0,0.05,1.45,8.7,11.8,52,70,16.9,25.9,26.1,20.9,15.4,0.163,0.155,0.217,0.348,0,0.0,0.0,0.0,0.0,0.0,0.0,0.0,0.0,0.0,0.0,0.0,0.0,0.0
73,73,41.51142,-7.6512756,989.0,2003-08-11T22:00,23.7,56,14.3,24.1,0.0,0.0,0.0,0.0,0,1019.2,910.7,19,0,32,0,0.04,1.3,7.4,9.7,29,51,18.4,24.8,25.9,21.0,15.4,0.163,0.155,0.217,0.348,0,0.0,0.0,0.0,0.0,0.0,0.0,0.0,0.0,0.0,0.0,0.0,0.0,0.0
72,72,41.51142,-7.6512756,989.0,2003-08-11T23:00,23.0,55,13.4,23.3,0.0,0.0,0.0,0.0,0,1019.3,910.5,16,0,24,7,0.02,1.27,5.2,7.9,25,60,18.0,23.9,25.8,21.0,15.4,0.163,0.155,0.217,0.348,0,0.0,0.0,0.0,0.0,0.0,0.0,0.0,0.0,0.0,0.0,0.0,0.0,0.0
71,71,41.51142,-7.6512756,989.0,2003-08-12T00:00,22.1,55,12.7,22.2,0.0,0.0,0.0,0.0,0,1019.2,910.1,12,0,19,3,0.02,1.19,5.4,7.4,20,51,16.6,23.0,25.6,21.0,15.4,0.163,0.155,0.217,0.348,0,0.0,0.0,0.0,0.0,0.0,0.0,0.0,0.0,0.0,0.0,0.0,0.0,0.0
70,70,41.51142,-7.6512756,989.0,2003-08-12T01:00,21.2,57,12.4,21.2,0.0,0.0,0.0,0.0,0,1019.2,909.8,11,0,18,1,0.02,1.09,5.5,8.0,32,63,14.4,22.3,25.4,21.0,15.4,0.163,0.155,0.217,0.348,0,0.0,0.0,0.0,0.0,0.0,0.0,0.0,0.0,0.0,0.0,0.0,0.0,0.0
69,69,41.51142,-7.6512756,989.0,2003-08-12T02:00,20.9,57,11.9,20.7,0.0,0.0,0.0,0.0,0,1019.2,909.7,12,0,20,1,0.02,1.07,5.4,8.6,53,88,12.6,21.7,25.1,21.0,15.4,0.163,0.155,0.217,0.348,0,0.0,0.0,0.0,0.0,0.0,0.0,0.0,0.0,0.0,0.0,0.0,0.0,0.0
68,68,41.51142,-7.6512756,989.0,2003-08-12T03:00,20.7,56,11.6,20.5,0.0,0.0,0.0,0.0,0,1019.5,909.9,17,0,28,1,0.02,1.08,4.9,8.1,73,103,11.5,21.2,24.9,21.0,15.4,0.163,0.155,0.217,0.348,0,0.0,0.0,0.0,0.0,0.0,0.0,0.0,0.0,0.0,0.0,0.0,0.0,0.0
67,67,41.51142,-7.6512756,989.0,2003-08-12T04:00,20.2,57,11.5,20.0,0.0,0.0,0.0,0.0,0,1019.6,909.8,19,0,31,0,0.02,1.02,4.7,7.1,86,114,11.2,20.8,24.6,21.0,15.4,0.163,0.155,0.217,0.347,0,0.0,0.0,0.0,0.0,0.0,0.0,0.0,0.0,0.0,0.0,0.0,0.0,0.0
66,66,41.51142,-7.6512756,989.0,2003-08-12T05:00,19.7,60,11.6,19.6,0.0,0.0,0.0,0.0,0,1019.6,909.6,16,0,27,0,0.01,0.92,4.5,7.0,76,111,10.1,20.4,24.4,21.0,15.4,0.163,0.155,0.217,0.347,0,0.0,0.0,0.0,0.0,0.0,0.0,0.0,0.0,0.0,0.0,0.0,0.0,0.0
65,65,41.51142,-7.6512756,989.0,2003-08-12T06:00,19.2,65,12.5,19.4,0.0,0.0,0.0,0.0,0,1020.0,909.8,7,0,11,0,0.04,0.78,4.6,8.0,72,108,10.1,20.0,24.1,21.0,15.4,0.163,0.155,0.217,0.347,1,0.0,4.0,1.0,3.0,15.0,4.0,30.3,10.6,2.7,8.0,30.4,3.6,80.3
64,64,41.51142,-7.6512756,989.0,2003-08-12T07:00,20.4,72,15.1,21.7,0.0,0.0,0.0,0.0,0,1020.2,910.4,7,0,12,0,0.05,0.67,2.6,8.3,74,108,14.0,21.0,24.0,21.0,15.4,0.163,0.155,0.217,0.347,1,3359.3,98.0,59.0,39.0,367.2,98.0,205.6,158.0,95.1,62.9,382.2,151.8,331.4
63,63,41.51142,-7.6512756,989.0,2003-08-12T08:00,24.0,52,13.6,24.6,0.0,0.0,0.0,0.0,0,1020.4,911.8,5,0,9,0,0.17,1.42,3.7,7.6,101,109,13.7,23.9,23.9,21.0,15.4,0.163,0.155,0.217,0.347,1,3600.0,254.0,184.0,70.0,538.9,254.0,454.7,321.5,232.9,88.6,538.9,321.5,575.6
62,62,41.51142,-7.6512756,989.0,2003-08-12T09:00,26.3,44,13.0,26.6,0.0,0.0,0.0,0.0,0,1020.6,912.8,3,0,5,0,0.31,1.93,4.9,6.5,107,109,15.8,25.6,23.9,21.0,15.4,0.162,0.155,0.217,0.347,1,3600.0,423.0,315.0,108.0,609.3,423.0,688.5,489.2,364.3,124.9,609.3,489.2,796.3
61,61,41.51142,-7.6512756,989.0,2003-08-12T10:00,28.1,38,12.3,28.6,0.0,0.0,0.0,0.0,0,1020.4,913.2,13,0,21,1,0.45,2.38,4.8,6.0,117,115,18.7,27.9,24.1,21.0,15.4,0.161,0.155,0.217,0.347,1,3600.0,614.0,510.0,104.0,762.3,614.0,891.1,674.2,560.0,114.2,762.3,674.2,978.4
60,60,41.51142,-7.6512756,989.0,2003-08-12T11:00,29.7,35,12.4,31.0,0.0,0.0,0.0,0.0,0,1020.6,913.9,18,0,30,0,0.58,2.72,5.9,7.7,137,139,22.3,30.0,24.3,21.0,15.4,0.16,0.154,0.217,0.347,1,3600.0,773.0,670.0,103.0,851.1,773.0,1048.5,817.9,708.9,109.0,851.1,817.9,1109.4
59,59,41.51142,-7.6512756,989.0,2003-08-12T12:00,31.0,32,12.2,32.7,0.0,0.0,0.0,0.0,0,1020.2,914.0,10,0,16,1,0.65,3.08,6.2,7.8,159,158,24.1,31.8,24.6,21.0,15.4,0.159,0.154,0.216,0.347,1,3600.0,852.0,731.0,121.0,846.6,852.0,1150.1,874.4,750.2,124.2,846.6,874.4,1180.4
58,58,41.51142,-7.6512756,989.0,2003-08-12T13:00,32.1,28,11.3,33.5,0.0,0.0,0.0,0.0,0,1020.0,914.2,3,0,4,2,0.69,3.44,6.8,8.7,183,185,26.3,33.1,24.9,21.0,15.5,0.158,0.154,0.216,0.347,1,3600.0,876.0,754.0,122.0,844.7,876.0,1188.9,874.3,752.5,121.8,844.7,874.3,1186.5
57,57,41.51142,-7.6512756,989.0,2003-08-12T14:00,32.7,26,10.4,33.7,0.0,0.0,0.0,0.0,0,1019.8,914.2,2,0,0,8,0.69,3.68,7.4,9.4,203,203,25.6,34.1,25.3,21.1,15.5,0.157,0.154,0.216,0.347,1,3600.0,870.0,764.0,106.0,875.6,870.0,1162.2,843.9,741.1,102.8,875.6,843.9,1127.3
56,56,41.51142,-7.6512756,989.0,2003-08-12T15:00,32.6,25,9.9,31.9,1.0,1.0,0.0,0.0,55,1019.6,914.0,17,0,13,32,0.52,3.69,7.4,9.7,227,228,26.3,34.0,25.6,21.1,15.5,0.156,0.153,0.216,0.347,1,3600.0,614.0,416.0,198.0,516.9,614.0,1071.9,576.8,390.8,186.0,516.9,576.8,1006.9
55,55,41.51142,-7.6512756,989.0,2003-08-12T16:00,31.8,28,10.8,30.8,0.3,0.3,0.0,0.0,51,1020.3,914.3,27,0,16,59,0.47,3.4,8.7,10.8,265,266,25.6,33.5,25.9,21.1,15.5,0.157,0.153,0.216,0.347,1,3600.0,538.0,386.0,152.0,556.4,538.0,924.0,485.2,348.1,137.1,556.4,485.2,833.3
54,54,41.51142,-7.6512756,989.0,2003-08-12T17:00,30.5,32,12.1,30.5,0.0,0.0,0.0,0.0,1,1020.8,914.4,40,0,28,76,0.32,2.95,4.0,5.9,280,284,24.5,32.3,26.1,21.1,15.5,0.168,0.153,0.216,0.347,1,3600.0,414.0,309.0,105.0,564.8,414.0,728.7,351.4,262.3,89.1,564.8,351.4,618.5
53,53,41.51142,-7.6512756,989.0,2003-08-12T18:00,27.8,46,15.2,29.5,0.0,0.0,0.0,0.0,1,1020.6,913.3,34,0,20,72,0.15,2.02,0.8,1.6,27,27,18.4,30.3,26.2,21.1,15.5,0.181,0.153,0.216,0.347,1,3600.0,226.0,135.0,91.0,360.2,226.0,499.2,170.7,101.9,68.7,360.2,170.7,377.0
52,52,41.51142,-7.6512756,989.0,2003-08-12T19:00,27.7,47,15.4,29.1,0.0,0.0,0.0,0.0,1,1021.0,913.6,33,0,21,69,0.08,1.96,3.1,7.8,54,68,7.9,28.3,26.2,21.1,15.5,0.181,0.153,0.216,0.347,1,3600.0,92.0,41.0,51.0,217.5,92.0,251.1,45.9,20.4,25.4,217.5,45.9,125.2
51,51,41.51142,-7.6512756,989.0,2003-08-12T20:00,26.1,56,16.6,27.5,0.0,0.0,0.0,0.0,1,1021.1,913.2,22,0,16,43,0.06,1.5,6.6,9.8,45,66,13.7,26.6,26.2,21.1,15.5,0.181,0.153,0.216,0.347,0,0.0,11.0,4.0,7.0,48.0,11.0,52.5,0.0,0.0,0.0,0.0,0.0,0.0
50,50,41.51142,-7.6512756,989.0,2003-08-12T21:00,25.4,53,15.1,26.5,0.0,0.0,0.0,0.0,0,1021.5,913.3,12,0,8,23,0.02,1.52,4.6,7.4,18,61,14.8,25.5,26.1,21.1,15.5,0.181,0.153,0.216,0.347,0,0.0,0.0,0.0,0.0,0.0,0.0,0.0,0.0,0.0,0.0,0.0,0.0,0.0
49,49,41.51142,-7.6512756,989.0,2003-08-12T22:00,23.9,61,15.8,25.0,0.0,0.0,0.0,0.0,0,1022.7,913.9,4,0,1,10,0.02,1.17,5.9,10.4,47,70,13.3,24.6,25.9,21.1,15.5,0.181,0.153,0.216,0.347,0,0.0,0.0,0.0,0.0,0.0,0.0,0.0,0.0,0.0,0.0,0.0,0.0,0.0
48,48,41.51142,-7.6512756,989.0,2003-08-12T23:00,22.4,67,16.0,24.3,0.0,0.0,0.0,0.0,0,1022.2,912.9,1,0,1,0,0.0,0.88,1.5,5.1,104,94,9.0,23.7,25.8,21.2,15.5,0.181,0.153,0.216,0.347,0,0.0,0.0,0.0,0.0,0.0,0.0,0.0,0.0,0.0,0.0,0.0,0.0,0.0
47,47,41.51142,-7.6512756,989.0,2003-08-13T00:00,21.8,69,15.9,23.6,0.0,0.0,0.0,0.0,0,1022.3,912.8,0,0,0,0,0.0,0.81,1.5,3.6,135,135,10.1,22.9,25.6,21.2,15.5,0.181,0.153,0.216,0.347,0,0.0,0.0,0.0,0.0,0.0,0.0,0.0,0.0,0.0,0.0,0.0,0.0,0.0
46,46,41.51142,-7.6512756,989.0,2003-08-13T01:00,21.4,71,16.0,23.3,0.0,0.0,0.0,0.0,0,1022.0,912.4,0,0,0,0,0.0,0.74,1.1,3.2,90,153,10.1,22.2,25.3,21.2,15.5,0.181,0.153,0.216,0.347,0,0.0,0.0,0.0,0.0,0.0,0.0,0.0,0.0,0.0,0.0,0.0,0.0,0.0
45,45,41.51142,-7.6512756,989.0,2003-08-13T02:00,20.8,74,15.9,22.6,0.0,0.0,0.0,0.0,0,1021.8,912.0,0,0,0,0,0.0,0.64,1.8,3.7,90,151,7.9,21.7,25.1,21.2,15.5,0.181,0.153,0.216,0.347,0,0.0,0.0,0.0,0.0,0.0,0.0,0.0,0.0,0.0,0.0,0.0,0.0,0.0
44,44,41.51142,-7.6512756,989.0,2003-08-13T03:00,20.3,75,15.8,22.1,0.0,0.0,0.0,0.0,0,1021.6,911.6,3,0,5,1,0.0,0.59,1.8,3.9,79,158,6.8,21.2,24.9,21.2,15.5,0.181,0.153,0.216,0.347,0,0.0,0.0,0.0,0.0,0.0,0.0,0.0,0.0,0.0,0.0,0.0,0.0,0.0
43,43,41.51142,-7.6512756,989.0,2003-08-13T04:00,19.9,76,15.6,21.7,0.0,0.0,0.0,0.0,0,1021.6,911.5,8,0,9,7,0.0,0.56,0.8,3.3,63,186,7.2,20.8,24.6,21.2,15.5,0.181,0.153,0.216,0.347,0,0.0,0.0,0.0,0.0,0.0,0.0,0.0,0.0,0.0,0.0,0.0,0.0,0.0
42,42,41.51142,-7.6512756,989.0,2003-08-13T05:00,19.6,76,15.3,21.2,0.0,0.0,0.0,0.0,0,1021.7,911.5,12,0,19,2,0.0,0.54,1.1,2.9,360,210,5.8,20.4,24.4,21.2,15.5,0.181,0.153,0.216,0.347,0,0.0,0.0,0.0,0.0,0.0,0.0,0.0,0.0,0.0,0.0,0.0,0.0,0.0
41,41,41.51142,-7.6512756,989.0,2003-08-13T06:00,19.2,78,15.3,21.0,0.0,0.0,0.0,0.0,0,1021.9,911.5,17,0,22,12,0.01,0.49,0.5,1.9,45,202,4.7,20.1,24.1,21.2,15.5,0.181,0.153,0.216,0.347,1,0.0,4.0,1.0,3.0,15.4,4.0,28.3,10.8,2.7,8.1,30.9,3.5,76.3
40,40,41.51142,-7.6512756,989.0,2003-08-13T07:00,19.8,77,15.6,21.6,0.0,0.0,0.0,0.0,0,1021.9,911.7,15,0,14,21,0.04,0.54,0.5,1.8,45,169,5.4,21.1,23.9,21.2,15.5,0.181,0.153,0.216,0.347,1,3302.81,92.0,57.0,35.0,357.7,92.0,201.9,149.4,92.6,56.8,376.1,142.1,327.9
39,39,41.51142,-7.6512756,989.0,2003-08-13T08:00,23.8,53,13.6,24.9,0.0,0.0,0.0,0.0,0,1022.2,913.4,14,0,12,23,0.16,1.39,0.5,1.3,45,146,7.9,24.0,23.9,21.2,15.5,0.18,0.153,0.216,0.347,1,3600.0,276.0,208.0,68.0,613.8,276.0,451.5,350.0,263.8,86.2,613.8,350.0,572.5
38,38,41.51142,-7.6512756,989.0,2003-08-13T09:00,26.0,44,12.7,26.6,0.0,0.0,0.0,0.0,0,1022.4,914.3,10,0,4,25,0.31,1.9,1.8,2.2,180,180,11.2,25.8,23.9,21.2,15.5,0.18,0.153,0.216,0.347,1,3600.0,471.0,393.0,78.0,763.7,471.0,685.6,545.1,454.9,90.3,763.7,545.1,793.5
37,37,41.51142,-7.6512756,989.0,2003-08-13T10:00,27.6,40,12.8,28.6,0.0,0.0,0.0,0.0,0,1022.1,914.6,9,0,0,30,0.44,2.21,2.6,3.4,236,238,14.8,28.0,24.1,21.2,15.5,0.179,0.153,0.216,0.347,1,3600.0,624.0,524.0,100.0,785.9,624.0,888.4,685.4,575.5,109.8,785.9,685.4,975.8
36,36,41.51142,-7.6512756,989.0,2003-08-13T11:00,29.0,38,13.0,30.8,0.0,0.0,0.0,0.0,1,1022.1,915.0,20,0,0,68,0.57,2.5,4.0,5.1,260,262,18.4,30.1,24.3,21.2,15.5,0.177,0.153,0.215,0.347,1,3600.0,777.0,670.0,107.0,853.5,777.0,1045.9,822.2,709.0,113.2,853.5,822.2,1106.8
35,35,41.51142,-7.6512756,989.0,2003-08-13T12:00,30.0,36,13.3,32.0,0.0,0.0,0.0,0.0,1,1022.0,915.3,22,0,0,73,0.63,2.72,6.1,7.6,267,270,23.8,31.7,24.6,21.2,15.6,0.175,0.153,0.215,0.347,1,3600.0,832.0,642.0,190.0,745.4,832.0,1147.5,853.9,658.9,195.0,745.4,853.9,1177.8
34,34,41.51142,-7.6512756,989.0,2003-08-13T13:00,30.7,35,13.7,32.6,0.0,0.0,0.0,0.0,0,1021.8,915.3,14,0,1,44,0.68,2.85,8.4,10.5,277,278,28.4,32.7,25.0,21.2,15.6,0.174,0.153,0.215,0.347,1,3600.0,883.0,727.0,156.0,816.6,883.0,1186.2,881.2,725.5,155.7,816.6,881.2,1183.7
33,33,41.51142,-7.6512756,989.0,2003-08-13T14:00,30.1,36,13.6,30.9,0.2,0.2,0.0,0.0,51,1021.5,914.9,27,0,33,25,0.58,2.72,9.6,12.3,283,285,30.2,32.7,25.3,21.2,15.6,0.173,0.152,0.215,0.347,1,3600.0,723.0,530.0,193.0,609.2,723.0,1159.3,701.2,514.0,187.2,609.2,701.2,1124.3
32,32,41.51142,-7.6512756,989.0,2003-08-13T15:00,29.9,34,12.6,29.9,0.0,0.0,0.0,0.0,0,1021.6,914.9,20,0,20,26,0.54,2.77,10.1,12.9,287,288,30.6,32.4,25.5,21.2,15.6,0.172,0.152,0.215,0.347,1,3600.0,662.0,508.0,154.0,633.4,662.0,1068.6,621.6,477.0,144.6,633.4,621.6,1003.4
31,31,41.51142,-7.6512756,989.0,2003-08-13T16:00,29.9,34,12.4,29.7,0.0,0.0,0.0,0.0,0,1021.1,914.5,13,0,11,21,0.48,2.79,8.8,11.2,289,291,26.3,32.2,25.8,21.2,15.6,0.171,0.152,0.215,0.347,1,3600.0,594.0,492.0,102.0,712.3,594.0,920.3,535.3,443.4,91.9,712.3,535.3,829.4
30,30,41.51142,-7.6512756,989.0,2003-08-13T17:00,29.4,35,12.5,29.1,0.0,0.0,0.0,0.0,1,1021.0,914.2,26,0,10,67,0.36,2.66,8.1,10.7,302,303,23.0,31.4,26.0,21.2,15.6,0.17,0.152,0.214,0.346,1,3600.0,433.0,327.0,106.0,601.4,433.0,724.5,367.0,277.2,89.8,601.4,367.0,614.1
29,29,41.51142,-7.6512756,989.0,2003-08-13T18:00,28.5,39,13.3,28.6,0.0,0.0,0.0,0.0,1,1021.0,913.9,24,0,1,77,0.23,2.37,6.6,9.4,311,313,21.6,30.2,26.1,21.3,15.6,0.169,0.152,0.214,0.346,1,3600.0,278.0,201.0,77.0,541.6,278.0,494.6,209.2,151.2,57.9,541.6,209.2,372.1
28,28,41.51142,-7.6512756,989.0,2003-08-13T19:00,27.0,46,14.3,27.6,0.0,0.0,0.0,0.0,1,1021.0,913.4,28,0,1,90,0.11,1.93,5.6,10.5,320,322,16.6,28.7,26.1,21.3,15.6,0.169,0.152,0.214,0.346,1,3600.0,123.0,73.0,50.0,395.4,123.0,246.0,60.0,35.6,24.4,395.4,60.0,119.9
27,27,41.51142,-7.6512756,989.0,2003-08-13T20:00,25.1,52,14.6,25.4,0.0,0.0,0.0,0.0,1,1021.4,913.1,27,0,0,90,0.07,1.52,8.2,11.3,319,329,15.8,26.9,26.1,21.3,15.6,0.169,0.152,0.214,0.346,0,0.0,10.0,2.0,8.0,24.6,10.0,49.8,0.0,0.0,0.0,0.0,0.0,0.0
26,26,41.51142,-7.6512756,989.0,2003-08-13T21:00,23.3,59,14.9,23.9,0.0,0.0,0.0,0.0,1,1021.9,913.0,24,0,0,79,0.04,1.17,7.5,11.3,325,338,15.5,25.5,26.0,21.3,15.6,0.169,0.152,0.214,0.346,0,0.0,0.0,0.0,0.0,0.0,0.0,0.0,0.0,0.0,0.0,0.0,0.0,0.0
25,25,41.51142,-7.6512756,989.0,2003-08-13T22:00,21.7,66,15.2,22.5,0.0,0.0,0.0,0.0,0,1022.3,912.8,10,0,0,32,0.02,0.88,6.8,8.9,328,339,14.8,24.3,25.8,21.3,15.6,0.169,0.152,0.214,0.346,0,0.0,0.0,0.0,0.0,0.0,0.0,0.0,0.0,0.0,0.0,0.0,0.0,0.0
24,24,41.51142,-7.6512756,989.0,2003-08-13T23:00,20.3,74,15.5,21.3,0.0,0.0,0.0,0.0,0,1022.2,912.2,0,0,0,1,0.01,0.62,6.3,8.1,329,339,13.7,23.2,25.7,21.3,15.6,0.168,0.152,0.214,0.346,0,0.0,0.0,0.0,0.0,0.0,0.0,0.0,0.0,0.0,0.0,0.0,0.0,0.0
23,23,41.51142,-7.6512756,989.0,2003-08-14T00:00,19.2,79,15.5,20.2,0.0,0.0,0.0,0.0,0,1021.9,911.5,0,0,0,0,0.0,0.46,6.0,7.9,327,336,13.3,22.3,25.4,21.3,15.6,0.168,0.152,0.214,0.346,0,0.0,0.0,0.0,0.0,0.0,0.0,0.0,0.0,0.0,0.0,0.0,0.0,0.0
22,22,41.51142,-7.6512756,989.0,2003-08-14T01:00,18.4,83,15.5,19.4,0.0,0.0,0.0,0.0,0,1021.7,911.0,0,0,0,0,0.0,0.36,6.0,8.2,327,331,13.7,21.5,25.2,21.3,15.6,0.168,0.152,0.214,0.346,0,0.0,0.0,0.0,0.0,0.0,0.0,0.0,0.0,0.0,0.0,0.0,0.0,0.0
21,21,41.51142,-7.6512756,989.0,2003-08-14T02:00,17.6,86,15.3,18.6,0.0,0.0,0.0,0.0,0,1021.3,910.4,0,0,0,0,0.0,0.27,5.7,8.1,325,328,14.4,20.8,24.9,21.3,15.6,0.168,0.152,0.214,0.346,0,0.0,0.0,0.0,0.0,0.0,0.0,0.0,0.0,0.0,0.0,0.0,0.0,0.0
20,20,41.51142,-7.6512756,989.0,2003-08-14T03:00,17.0,89,15.1,17.9,0.0,0.0,0.0,0.0,0,1021.3,910.2,0,0,0,0,0.0,0.22,5.7,8.0,325,324,15.1,20.1,24.7,21.3,15.6,0.168,0.152,0.214,0.346,0,0.0,0.0,0.0,0.0,0.0,0.0,0.0,0.0,0.0,0.0,0.0,0.0,0.0
19,19,41.51142,-7.6512756,989.0,2003-08-14T04:00,16.6,90,14.9,17.5,0.0,0.0,0.0,0.0,0,1021.2,910.0,1,0,0,3,0.0,0.19,4.7,7.2,328,323,15.8,19.6,24.4,21.3,15.6,0.168,0.152,0.215,0.346,0,0.0,0.0,0.0,0.0,0.0,0.0,0.0,0.0,0.0,0.0,0.0,0.0,0.0
18,18,41.51142,-7.6512756,989.0,2003-08-14T05:00,16.4,89,14.6,17.4,0.0,0.0,0.0,0.0,0,1021.0,909.7,17,0,0,56,0.0,0.2,4.2,6.1,329,320,15.8,19.0,24.1,21.3,15.6,0.168,0.152,0.215,0.346,0,0.0,0.0,0.0,0.0,0.0,0.0,0.0,0.0,0.0,0.0,0.0,0.0,0.0
17,17,41.51142,-7.6512756,989.0,2003-08-14T06:00,16.5,88,14.4,17.4,0.0,0.0,0.0,0.0,0,1020.7,909.5,18,0,0,59,0.01,0.23,3.6,5.2,315,304,15.1,18.5,23.8,21.3,15.6,0.168,0.152,0.215,0.346,1,0.0,4.0,1.0,3.0,15.8,4.0,26.3,11.0,2.7,8.2,31.5,3.4,72.4
16,16,41.51142,-7.6512756,989.0,2003-08-14T07:00,18.0,82,14.9,18.9,0.0,0.0,0.0,0.0,1,1020.9,910.2,22,0,0,75,0.05,0.37,4.7,6.5,293,276,13.0,19.4,23.6,21.3,15.6,0.168,0.152,0.215,0.346,1,3246.03,101.0,61.0,40.0,386.1,101.0,198.2,165.3,99.9,65.5,410.2,155.6,324.4
15,15,41.51142,-7.6512756,989.0,2003-08-14T08:00,21.3,64,14.3,22.1,0.0,0.0,0.0,0.0,1,1020.8,911.3,26,0,0,86,0.17,0.91,4.3,8.3,265,268,15.5,22.6,23.5,21.3,15.6,0.168,0.152,0.215,0.346,1,3600.0,277.0,206.0,71.0,612.7,277.0,448.1,352.0,261.7,90.2,612.7,352.0,569.4
14,14,41.51142,-7.6512756,989.0,2003-08-14T09:00,23.6,51,12.9,23.6,0.0,0.0,0.0,0.0,1,1021.0,912.2,26,0,0,85,0.32,1.42,6.5,8.3,264,265,19.4,24.7,23.5,21.3,15.6,0.168,0.152,0.215,0.346,1,3600.0,479.0,385.0,94.0,751.7,479.0,682.6,554.8,445.9,108.9,751.7,554.8,790.7
13,13,41.51142,-7.6512756,989.0,2003-08-14T10:00,25.4,40,10.9,25.1,0.0,0.0,0.0,0.0,1,1020.7,912.6,28,0,0,94,0.46,1.94,7.9,10.1,273,272,24.8,26.7,23.6,21.3,15.6,0.167,0.152,0.214,0.346,1,3600.0,651.0,538.0,113.0,809.7,651.0,885.6,715.3,591.1,124.2,809.7,715.3,973.1
12,12,41.51142,-7.6512756,989.0,2003-08-14T11:00,26.5,34,9.4,26.4,0.0,0.0,0.0,0.0,1,1020.6,912.9,28,0,0,92,0.56,2.28,8.6,10.8,268,268,29.9,28.4,23.8,21.3,15.7,0.166,0.152,0.214,0.346,1,3600.0,780.0,656.0,124.0,838.1,780.0,1043.3,825.5,694.3,131.2,838.1,825.5,1104.2
11,11,41.51142,-7.6512756,989.0,2003-08-14T12:00,27.2,32,9.2,27.3,0.0,0.0,0.0,0.0,1,1020.2,912.8,27,0,0,91,0.63,2.45,10.1,13.0,264,264,32.8,29.8,24.0,21.3,15.7,0.164,0.151,0.214,0.346,1,3600.0,846.0,681.0,165.0,792.8,846.0,1144.9,868.3,699.0,169.4,792.8,868.3,1175.1
10,10,41.51142,-7.6512756,989.0,2003-08-14T13:00,27.6,32,9.5,27.6,0.0,0.0,0.0,0.0,1,1020.0,912.7,29,0,0,95,0.67,2.52,12.6,16.6,267,268,34.6,30.8,24.3,21.3,15.7,0.163,0.151,0.214,0.346,1,3600.0,904.0,763.0,141.0,859.4,904.0,1183.4,902.0,761.3,140.7,859.4,902.0,1180.8
9,9,41.51142,-7.6512756,989.0,2003-08-14T14:00,27.6,33,9.7,27.3,0.0,0.0,0.0,0.0,1,1019.5,912.3,29,0,0,98,0.65,2.5,13.7,18.4,275,274,37.1,31.3,24.6,21.3,15.7,0.162,0.151,0.214,0.346,1,3600.0,864.0,685.0,179.0,789.7,864.0,1156.2,837.7,664.2,173.6,789.7,837.7,1121.1
8,8,41.51142,-7.6512756,989.0,2003-08-14T15:00,27.1,35,10.1,26.1,0.0,0.0,0.0,0.0,1,1019.2,911.8,27,0,0,91,0.55,2.35,13.1,17.6,279,281,37.4,31.1,24.8,21.3,15.7,0.161,0.151,0.213,0.346,1,3600.0,714.0,508.0,206.0,635.7,714.0,1065.2,670.2,476.8,193.4,635.7,670.2,999.8
7,7,41.51142,-7.6512756,989.0,2003-08-14T16:00,26.4,37,10.4,25.1,0.0,0.0,0.0,0.0,1,1018.9,911.3,28,0,0,94,0.47,2.18,11.9,15.6,284,285,36.4,30.5,25.0,21.3,15.7,0.16,0.151,0.213,0.346,1,3600.0,607.0,425.0,182.0,618.1,607.0,916.5,546.6,382.7,163.9,618.1,546.6,825.4
6,6,41.51142,-7.6512756,989.0,2003-08-14T17:00,25.5,39,10.5,24.1,0.0,0.0,0.0,0.0,1,1018.7,910.8,27,0,0,91,0.35,1.99,10.9,14.3,287,288,34.2,29.6,25.2,21.4,15.7,0.159,0.151,0.213,0.346,1,3600.0,449.0,275.0,174.0,508.9,449.0,720.3,380.0,232.7,147.3,508.9,380.0,609.6
5,5,41.51142,-7.6512756,989.0,2003-08-14T18:00,24.1,44,10.9,22.8,0.0,0.0,0.0,0.0,1,1018.5,910.2,28,0,0,93,0.23,1.69,10.6,14.5,294,293,31.0,28.1,25.3,21.4,15.7,0.159,0.151,0.213,0.346,1,3600.0,262.0,128.0,134.0,348.4,262.0,489.8,196.4,95.9,100.4,348.4,196.4,367.1
4,4,41.51142,-7.6512756,989.0,2003-08-14T19:00,21.9,51,11.4,21.1,0.0,0.0,0.0,0.0,1,1018.6,909.5,27,0,0,89,0.11,1.28,9.0,14.4,299,302,26.6,26.3,25.2,21.4,15.7,0.159,0.151,0.213,0.346,1,3600.0,104.0,37.0,67.0,204.8,104.0,240.8,49.4,17.6,31.9,201.8,49.4,114.5
3,3,41.51142,-7.6512756,989.0,2003-08-14T20:00,20.2,58,11.7,19.7,0.0,0.0,0.0,0.0,1,1019.0,909.3,21,0,0,70,0.05,0.99,7.3,14.4,303,307,23.0,24.5,25.2,21.4,15.7,0.159,0.151,0.213,0.346,0,0.0,10.0,3.0,7.0,37.9,10.0,47.1,0.0,0.0,0.0,0.0,0.0,0.0
2,2,41.51142,-7.6512756,989.0,2003-08-14T21:00,18.7,65,12.1,18.7,0.0,0.0,0.0,0.0,0,1019.4,909.1,9,0,0,31,0.01,0.75,5.2,11.8,304,310,20.2,23.0,25.0,21.4,15.7,0.159,0.151,0.213,0.346,0,0.0,0.0,0.0,0.0,0.0,0.0,0.0,0.0,0.0,0.0,0.0,0.0,0.0
1,1,41.51142,-7.6512756,989.0,2003-08-14T22:00,17.5,72,12.4,17.6,0.0,0.0,0.0,0.0,0,1020.2,909.4,3,0,0,10,0.0,0.56,4.5,9.6,299,304,17.6,21.8,24.8,21.4,15.7,0.159,0.151,0.213,0.346,0,0.0,0.0,0.0,0.0,0.0,0.0,0.0,0.0,0.0,0.0,0.0,0.0,0.0
0,0,41.51142,-7.6512756,989.0,2003-08-14T23:00,16.4,79,12.7,16.7,0.0,0.0,0.0,0.0,0,1019.8,908.7,2,2,0,1,0.0,0.4,4.2,9.8,301,306,14.8,20.8,24.6,21.4,15.7,0.158,0.151,0.213,0.346,0,0.0,0.0,0.0,0.0,0.0,0.0,0.0,0.0,0.0,0.0,0.0,0.0,0.0
