index,index,latitude,longitude,elevation,hourly.time,hourly.temperature_2m,hourly.relative_humidity_2m,hourly.dew_point_2m,hourly.apparent_temperature,hourly.precipitation,hourly.rain,hourly.snowfall,hourly.snow_depth,hourly.weather_code,hourly.pressure_msl,hourly.surface_pressure,hourly.cloud_cover,hourly.cloud_cover_low,hourly.cloud_cover_mid,hourly.cloud_cover_high,hourly.et0_fao_evapotranspiration,hourly.vapour_pressure_deficit,hourly.wind_speed_10m,hourly.wind_speed_100m,hourly.wind_direction_10m,hourly.wind_direction_100m,hourly.wind_gusts_10m,hourly.soil_temperature_0_to_7cm,hourly.soil_temperature_7_to_28cm,hourly.soil_temperature_28_to_100cm,hourly.soil_temperature_100_to_255cm,hourly.soil_moisture_0_to_7cm,hourly.soil_moisture_7_to_28cm,hourly.soil_moisture_28_to_100cm,hourly.soil_moisture_100_to_255cm,hourly.is_day,hourly.sunshine_duration,hourly.shortwave_radiation,hourly.direct_radiation,hourly.diffuse_radiation,hourly.direct_normal_irradiance,hourly.global_tilted_irradiance,hourly.terrestrial_radiation,hourly.shortwave_radiation_instant,hourly.direct_radiation_instant,hourly.diffuse_radiation_instant,hourly.direct_normal_irradiance_instant,hourly.global_tilted_irradiance_instant,hourly.terrestrial_radiation_instant
2231,2231,41.01933,-7.7032776,723.0,2018-06-03T00:00,9.3,95,8.6,8.1,0.0,0.0,0.0,0.0,0,1017.8,933.3,2,2,1,0,0.0,0.06,5.9,13.2,223,244,15.1,14.3,15.7,13.4,10.6,0.267,0.271,0.297,0.345,0,0.0,0.0,0.0,0.0,0.0,0.0,0.0,0.0,0.0,0.0,0.0,0.0,0.0
2230,2230,41.01933,-7.7032776,723.0,2018-06-03T01:00,9.1,93,8.0,7.8,0.0,0.0,0.0,0.0,0,1017.6,933.0,13,11,0,9,0.0,0.08,4.8,11.8,222,247,15.8,13.5,15.5,13.4,10.6,0.267,0.271,0.297,0.345,0,0.0,0.0,0.0,0.0,0.0,0.0,0.0,0.0,0.0,0.0,0.0,0.0,0.0
2229,2229,41.01933,-7.7032776,723.0,2018-06-03T02:00,9.2,90,7.6,7.8,0.0,0.0,0.0,0.0,2,1017.4,932.9,63,65,5,6,0.0,0.12,5.5,12.1,212,240,14.8,12.9,15.3,13.4,10.6,0.267,0.271,0.297,0.345,0,0.0,0.0,0.0,0.0,0.0,0.0,0.0,0.0,0.0,0.0,0.0,0.0,0.0
2228,2228,41.01933,-7.7032776,723.0,2018-06-03T03:00,10.2,87,8.2,9.1,0.0,0.0,0.0,0.0,3,1017.1,932.9,93,91,19,0,0.0,0.16,4.6,9.6,225,250,17.3,12.8,15.0,13.4,10.6,0.267,0.271,0.297,0.345,0,0.0,0.0,0.0,0.0,0.0,0.0,0.0,0.0,0.0,0.0,0.0,0.0,0.0
2227,2227,41.01933,-7.7032776,723.0,2018-06-03T04:00,11.0,87,8.9,10.0,0.0,0.0,0.0,0.0,3,1016.8,932.8,100,94,27,84,0.0,0.18,4.8,8.4,228,245,14.0,12.9,14.8,13.4,10.6,0.267,0.271,0.297,0.345,0,0.0,0.0,0.0,0.0,0.0,0.0,0.0,0.0,0.0,0.0,0.0,0.0,0.0
2226,2226,41.01933,-7.7032776,723.0,2018-06-03T05:00,11.1,90,9.5,10.4,0.0,0.0,0.0,0.0,3,1016.7,932.7,100,99,29,82,0.0,0.13,4.2,7.4,211,247,13.3,13.0,14.7,13.4,10.6,0.268,0.271,0.297,0.345,0,0.0,0.0,0.0,0.0,0.0,0.0,0.0,0.0,0.0,0.0,0.0,0.0,0.0
2225,2225,41.01933,-7.7032776,723.0,2018-06-03T06:00,11.4,91,10.0,10.7,0.0,0.0,0.0,0.0,3,1016.5,932.6,91,100,2,0,0.02,0.12,4.3,6.4,228,243,12.2,13.1,14.5,13.4,10.6,0.268,0.271,0.297,0.345,1,0.0,10.0,1.0,9.0,8.6,10.0,96.1,22.3,2.2,20.1,13.8,13.8,214.2
2224,2224,41.01933,-7.7032776,723.0,2018-06-03T07:00,12.0,91,10.5,11.1,0.0,0.0,0.0,0.0,2,1016.5,932.8,68,76,0,0,0.04,0.13,7.6,10.5,251,254,18.0,13.5,14.4,13.4,10.6,0.268,0.271,0.297,0.345,1,0.0,63.0,7.0,56.0,27.8,63.0,335.4,85.8,9.5,76.2,27.8,85.8,456.5
2223,2223,41.01933,-7.7032776,723.0,2018-06-03T08:00,13.2,79,9.7,11.6,0.2,0.2,0.0,0.0,51,1016.4,933.1,90,100,0,0,0.12,0.32,10.4,14.1,256,257,25.2,14.1,14.3,13.4,10.6,0.269,0.271,0.297,0.344,1,3600.0,224.0,79.0,145.0,182.7,224.0,574.8,269.0,94.9,174.1,182.7,269.0,690.3
2222,2222,41.01933,-7.7032776,723.0,2018-06-03T09:00,13.4,79,9.8,11.9,0.1,0.1,0.0,0.0,51,1016.6,933.3,90,100,0,0,0.14,0.33,10.1,13.4,268,264,25.9,14.6,14.3,13.4,10.6,0.269,0.271,0.297,0.344,1,0.0,256.0,29.0,227.0,48.3,256.0,797.6,288.7,32.7,256.0,48.3,288.7,899.6
2221,2221,41.01933,-7.7032776,723.0,2018-06-03T10:00,13.4,80,10.1,12.1,0.1,0.1,0.0,0.0,51,1016.9,933.6,100,100,0,49,0.18,0.3,9.1,11.9,279,275,25.2,15.2,14.4,13.4,10.6,0.269,0.271,0.297,0.344,1,3041.65,336.0,120.0,216.0,161.4,336.0,988.6,363.7,129.9,233.8,161.4,363.7,1070.2
2220,2220,41.01933,-7.7032776,723.0,2018-06-03T11:00,13.4,81,10.1,12.0,0.1,0.1,0.0,0.0,51,1017.1,933.7,100,100,0,56,0.19,0.3,9.7,12.7,266,263,24.8,15.7,14.4,13.4,10.6,0.27,0.271,0.297,0.344,1,1468.76,347.0,93.0,254.0,109.0,347.0,1134.9,364.0,97.5,266.4,109.0,364.0,1190.4
2219,2219,41.01933,-7.7032776,723.0,2018-06-03T12:00,14.3,72,9.3,12.3,0.2,0.2,0.0,0.0,51,1016.9,933.8,100,100,0,35,0.27,0.46,12.3,15.5,267,266,29.5,16.4,14.3,13.4,10.6,0.269,0.271,0.297,0.344,1,2135.62,502.0,121.0,381.0,131.2,502.0,1226.3,512.5,123.5,389.0,131.2,512.5,1252.1
2218,2218,41.01933,-7.7032776,723.0,2018-06-03T13:00,14.2,74,9.6,12.3,0.0,0.0,0.0,0.0,3,1016.9,933.8,96,100,4,11,0.22,0.42,11.8,15.5,258,258,29.5,16.6,14.5,13.4,10.6,0.268,0.271,0.297,0.344,1,294.57,391.0,66.0,325.0,69.8,391.0,1256.8,389.2,65.7,323.5,69.8,389.2,1251.0
2217,2217,41.01933,-7.7032776,723.0,2018-06-03T14:00,14.7,69,9.1,12.6,0.1,0.1,0.0,0.0,51,1016.7,933.7,44,42,0,21,0.28,0.52,12.8,16.8,248,247,31.7,17.1,14.6,13.4,10.6,0.268,0.27,0.297,0.344,1,3119.39,522.0,151.0,371.0,164.0,522.0,1224.3,506.2,146.4,359.8,164.0,506.2,1187.4
2216,2216,41.01933,-7.7032776,723.0,2018-06-03T15:00,15.5,61,8.1,13.6,0.0,0.0,0.0,0.0,2,1016.3,933.6,58,62,1,4,0.38,0.68,15.3,20.1,261,260,36.4,17.8,14.8,13.4,10.6,0.266,0.27,0.297,0.344,1,3600.0,717.0,458.0,259.0,538.4,717.0,1131.0,675.4,431.4,244.0,538.4,675.4,1065.4
2215,2215,41.01933,-7.7032776,723.0,2018-06-03T16:00,14.8,64,7.9,12.0,0.0,0.0,0.0,0.0,3,1016.4,933.5,90,100,0,0,0.3,0.61,15.5,20.5,273,271,37.1,17.9,15.0,13.4,10.6,0.265,0.27,0.297,0.344,1,3600.0,559.0,314.0,245.0,424.6,559.0,983.2,508.0,285.3,222.6,424.6,508.0,893.5
2214,2214,41.01933,-7.7032776,723.0,2018-06-03T17:00,13.1,72,8.1,10.4,0.0,0.0,0.0,0.0,3,1016.8,933.4,90,100,0,0,0.15,0.43,15.0,20.3,280,277,36.7,17.2,15.2,13.4,10.6,0.265,0.269,0.297,0.344,1,0.0,247.0,32.0,215.0,53.8,247.0,791.0,213.4,27.6,185.7,53.8,213.4,683.3
2213,2213,41.01933,-7.7032776,723.0,2018-06-03T18:00,12.5,73,7.8,9.9,0.0,0.0,0.0,0.0,3,1017.0,933.4,86,96,0,0,0.11,0.39,13.8,18.9,285,283,34.2,16.5,15.2,13.4,10.6,0.265,0.269,0.297,0.344,1,0.0,176.0,25.0,151.0,58.6,176.0,567.6,139.3,19.8,119.5,58.6,139.3,449.2
2212,2212,41.01933,-7.7032776,723.0,2018-06-03T19:00,11.9,75,7.7,9.6,0.0,0.0,0.0,0.0,2,1017.1,933.3,51,57,0,0,0.07,0.34,11.9,16.9,284,282,31.7,15.7,15.3,13.4,10.6,0.264,0.269,0.297,0.344,1,873.56,91.0,22.0,69.0,89.1,91.0,328.2,57.4,13.9,43.5,89.1,57.4,207.1
2211,2211,41.01933,-7.7032776,723.0,2018-06-03T20:00,11.0,80,7.7,9.4,0.0,0.0,0.0,0.0,3,1017.3,933.3,90,99,1,0,0.02,0.26,6.5,13.0,267,264,27.0,14.8,15.2,13.4,10.6,0.264,0.269,0.297,0.344,0,141.0,27.0,8.0,19.0,70.1,27.0,92.7,0.0,0.0,0.0,0.0,0.0,0.0
2210,2210,41.01933,-7.7032776,723.0,2018-06-03T21:00,11.1,81,7.9,9.0,0.0,0.0,0.0,0.0,3,1017.7,933.7,94,100,6,0,0.01,0.26,10.6,15.0,235,235,24.5,14.4,15.1,13.4,10.7,0.264,0.269,0.296,0.344,0,0.0,0.0,0.0,0.0,0.0,0.0,0.0,0.0,0.0,0.0,0.0,0.0,0.0
2209,2209,41.01933,-7.7032776,723.0,2018-06-03T22:00,10.8,85,8.4,8.9,0.0,0.0,0.0,0.0,3,1017.7,933.6,100,100,18,0,0.0,0.2,10.2,15.5,212,216,24.8,14.0,15.0,13.4,10.7,0.265,0.269,0.296,0.344,0,0.0,0.0,0.0,0.0,0.0,0.0,0.0,0.0,0.0,0.0,0.0,0.0,0.0
2208,2208,41.01933,-7.7032776,723.0,2018-06-03T23:00,10.7,87,8.7,8.8,0.0,0.0,0.0,0.0,3,1017.2,933.1,100,100,17,0,0.0,0.16,10.5,15.8,221,221,24.8,13.7,14.9,13.4,10.7,0.265,0.269,0.296,0.344,0,0.0,0.0,0.0,0.0,0.0,0.0,0.0,0.0,0.0,0.0,0.0,0.0,0.0
2207,2207,41.01933,-7.7032776,723.0,2018-06-04T00:00,10.6,90,8.9,8.6,0.1,0.1,0.0,0.0,51,1017.2,933.1,91,100,1,0,0.0,0.13,11.2,17.8,225,227,25.9,13.6,14.7,13.4,10.7,0.264,0.27,0.297,0.344,0,0.0,0.0,0.0,0.0,0.0,0.0,0.0,0.0,0.0,0.0,0.0,0.0,0.0
2206,2206,41.01933,-7.7032776,723.0,2018-06-04T01:00,10.8,87,8.8,8.9,0.1,0.1,0.0,0.0,51,1017.0,932.9,92,100,4,0,0.0,0.16,10.7,16.3,250,252,27.7,13.4,14.6,13.4,10.7,0.264,0.27,0.297,0.344,0,0.0,0.0,0.0,0.0,0.0,0.0,0.0,0.0,0.0,0.0,0.0,0.0,0.0
2205,2205,41.01933,-7.7032776,723.0,2018-06-04T02:00,10.8,85,8.3,9.0,0.0,0.0,0.0,0.0,3,1016.6,932.6,100,100,16,0,0.0,0.2,8.7,14.2,263,263,24.8,13.2,14.5,13.4,10.7,0.264,0.27,0.297,0.344,0,0.0,0.0,0.0,0.0,0.0,0.0,0.0,0.0,0.0,0.0,0.0,0.0,0.0
2204,2204,41.01933,-7.7032776,723.0,2018-06-04T03:00,10.7,85,8.2,9.1,0.0,0.0,0.0,0.0,3,1016.2,932.2,97,99,13,0,0.0,0.2,7.4,12.5,247,252,22.3,13.0,14.4,13.4,10.7,0.265,0.27,0.297,0.344,0,0.0,0.0,0.0,0.0,0.0,0.0,0.0,0.0,0.0,0.0,0.0,0.0,0.0
2203,2203,41.01933,-7.7032776,723.0,2018-06-04T04:00,10.5,86,8.3,8.8,0.0,0.0,0.0,0.0,3,1016.0,931.9,100,99,21,0,0.0,0.18,8.4,13.9,239,245,21.2,12.9,14.2,13.4,10.7,0.265,0.27,0.297,0.344,0,0.0,0.0,0.0,0.0,0.0,0.0,0.0,0.0,0.0,0.0,0.0,0.0,0.0
2202,2202,41.01933,-7.7032776,723.0,2018-06-04T05:00,10.2,87,8.2,8.3,0.0,0.0,0.0,0.0,3,1015.9,931.8,81,57,50,0,0.0,0.16,9.8,16.1,234,241,23.8,12.7,14.1,13.4,10.7,0.265,0.27,0.297,0.344,1,0.0,0.0,0.0,0.0,0.0,0.0,0.0,0.0,0.0,0.0,0.0,0.0,0.0
2201,2201,41.01933,-7.7032776,723.0,2018-06-04T06:00,10.3,88,8.4,8.2,0.0,0.0,0.0,0.0,3,1016.0,931.9,100,92,37,0,0.02,0.15,11.7,18.5,227,233,27.4,12.5,14.0,13.4,10.7,0.265,0.27,0.297,0.344,1,252.08,25.0,9.0,16.0,76.9,25.0,96.9,55.6,20.0,35.6,123.5,34.6,215.2
2200,2200,41.01933,-7.7032776,723.0,2018-06-04T07:00,10.9,86,8.6,8.3,0.0,0.0,0.0,0.0,3,1015.8,931.9,100,100,55,0,0.05,0.19,15.3,21.9,227,229,33.5,12.7,13.9,13.4,10.7,0.265,0.27,0.297,0.344,1,0.0,74.0,13.0,61.0,51.4,74.0,336.3,100.6,17.7,82.9,51.4,100.6,457.3
2199,2199,41.01933,-7.7032776,723.0,2018-06-04T08:00,10.7,93,9.7,8.5,0.2,0.2,0.0,0.0,51,1015.9,931.9,100,100,39,0,0.05,0.09,14.8,23.0,229,235,45.0,12.9,13.8,13.4,10.7,0.267,0.27,0.297,0.344,1,0.0,94.0,20.0,74.0,46.2,94.0,575.4,112.8,24.0,88.8,46.2,112.8,690.8
2198,2198,41.01933,-7.7032776,723.0,2018-06-04T09:00,11.3,86,9.0,8.9,0.1,0.1,0.0,0.0,51,1016.0,932.2,92,87,22,0,0.08,0.19,14.6,21.2,254,255,39.6,13.1,13.7,13.4,10.7,0.267,0.27,0.297,0.344,1,0.0,126.0,26.0,100.0,43.3,126.0,798.1,142.1,29.3,112.8,43.3,142.1,900.0
2197,2197,41.01933,-7.7032776,723.0,2018-06-04T10:00,12.1,79,8.5,9.3,0.0,0.0,0.0,0.0,1,1016.0,932.4,37,28,20,0,0.19,0.3,16.9,23.1,254,255,39.2,14.0,13.7,13.4,10.7,0.267,0.27,0.296,0.344,1,3600.0,401.0,145.0,256.0,194.9,401.0,989.0,434.0,156.9,277.1,194.9,434.0,1070.5
2196,2196,41.01933,-7.7032776,723.0,2018-06-04T11:00,13.7,64,7.1,10.6,0.0,0.0,0.0,0.0,3,1015.5,932.4,100,88,34,0,0.32,0.56,19.2,26.1,264,263,45.0,15.1,13.8,13.4,10.7,0.266,0.269,0.296,0.344,1,3600.0,644.0,491.0,153.0,574.9,644.0,1135.2,675.5,515.0,160.5,574.9,675.5,1190.7
2195,2195,41.01933,-7.7032776,723.0,2018-06-04T12:00,13.6,64,7.0,10.3,0.1,0.1,0.0,0.0,51,1015.2,932.1,100,100,18,0,0.28,0.56,17.0,23.1,257,256,44.6,15.5,13.7,13.4,10.7,0.267,0.271,0.296,0.344,1,3600.0,543.0,179.0,364.0,194.0,543.0,1226.7,554.4,182.8,371.7,194.0,554.4,1252.5
2194,2194,41.01933,-7.7032776,723.0,2018-06-04T13:00,12.9,70,7.5,9.8,0.1,0.1,0.0,0.0,51,1015.2,931.9,100,95,36,0,0.19,0.45,16.2,22.0,271,271,37.8,15.5,13.8,13.4,10.7,0.267,0.27,0.296,0.344,1,0.0,341.0,52.0,289.0,55.0,341.0,1257.4,339.5,51.8,287.7,55.0,339.5,1251.7
2193,2193,41.01933,-7.7032776,723.0,2018-06-04T14:00,12.9,73,8.1,9.9,0.0,0.0,0.0,0.0,3,1015.4,932.0,86,70,38,0,0.22,0.4,16.6,22.4,265,264,39.6,15.7,13.9,13.4,10.7,0.266,0.27,0.296,0.344,1,1845.55,436.0,112.0,324.0,121.5,436.0,1225.1,422.9,108.6,314.3,121.5,422.9,1188.2
2192,2192,41.01933,-7.7032776,723.0,2018-06-04T15:00,13.4,68,7.6,10.4,0.0,0.0,0.0,0.0,3,1015.2,932.0,80,50,59,0,0.29,0.5,17.8,23.5,256,255,40.7,16.2,14.1,13.4,10.7,0.266,0.27,0.296,0.344,1,3600.0,585.0,322.0,263.0,378.1,585.0,1132.0,551.2,303.4,247.8,378.1,551.2,1066.6
2191,2191,41.01933,-7.7032776,723.0,2018-06-04T16:00,12.5,71,7.4,9.3,0.0,0.0,0.0,0.0,2,1015.4,931.9,79,64,36,0,0.21,0.42,17.4,23.7,257,256,41.8,16.1,14.2,13.4,10.7,0.265,0.269,0.296,0.344,1,3600.0,408.0,218.0,190.0,294.3,408.0,984.5,370.9,198.2,172.7,294.3,370.9,895.0
2190,2190,41.01933,-7.7032776,723.0,2018-06-04T17:00,12.5,70,7.1,9.2,0.0,0.0,0.0,0.0,2,1015.4,931.9,74,55,40,0,0.18,0.44,17.2,23.9,259,259,41.0,15.8,14.3,13.4,10.7,0.265,0.269,0.296,0.344,1,3600.0,346.0,225.0,121.0,377.3,346.0,792.7,299.0,194.5,104.6,377.3,299.0,685.1
2189,2189,41.01933,-7.7032776,723.0,2018-06-04T18:00,12.3,69,6.7,9.0,0.0,0.0,0.0,0.0,3,1015.2,931.7,100,95,43,0,0.13,0.45,16.7,23.6,263,262,39.2,15.4,14.4,13.4,10.7,0.265,0.269,0.296,0.344,1,3600.0,226.0,126.0,100.0,294.0,226.0,569.6,179.1,99.8,79.2,294.0,179.1,451.3
2188,2188,41.01933,-7.7032776,723.0,2018-06-04T19:00,11.1,77,7.2,8.5,0.0,0.0,0.0,0.0,2,1015.7,931.8,62,44,38,0,0.06,0.31,13.0,19.1,272,271,37.4,14.7,14.4,13.4,10.7,0.265,0.269,0.296,0.344,1,1457.61,78.0,27.0,51.0,108.6,78.0,330.5,49.5,17.1,32.3,108.6,49.5,209.6
2187,2187,41.01933,-7.7032776,723.0,2018-06-04T20:00,9.9,86,7.8,7.9,0.0,0.0,0.0,0.0,3,1016.2,932.0,100,99,26,0,0.02,0.17,9.9,17.1,260,263,29.9,13.9,14.4,13.4,10.7,0.264,0.269,0.296,0.344,0,384.4,24.0,10.0,14.0,86.9,24.0,93.8,0.0,0.0,0.0,0.0,0.0,0.0
2186,2186,41.01933,-7.7032776,723.0,2018-06-04T21:00,9.9,89,8.2,7.9,0.0,0.0,0.0,0.0,3,1016.7,932.4,100,100,33,0,0.0,0.14,10.5,16.4,243,251,25.6,13.3,14.3,13.4,10.7,0.265,0.269,0.296,0.344,0,0.0,0.0,0.0,0.0,0.0,0.0,0.0,0.0,0.0,0.0,0.0,0.0,0.0
2185,2185,41.01933,-7.7032776,723.0,2018-06-04T22:00,9.9,90,8.4,7.8,0.0,0.0,0.0,0.0,3,1016.6,932.3,92,100,4,0,0.0,0.12,11.8,17.3,250,253,27.0,13.0,14.2,13.4,10.7,0.264,0.269,0.296,0.344,0,0.0,0.0,0.0,0.0,0.0,0.0,0.0,0.0,0.0,0.0,0.0,0.0,0.0
2184,2184,41.01933,-7.7032776,723.0,2018-06-04T23:00,9.8,92,8.6,7.8,0.0,0.0,0.0,0.0,3,1016.2,931.9,91,100,2,0,0.0,0.1,11.2,17.5,255,261,27.0,12.8,14.1,13.4,10.7,0.264,0.269,0.296,0.344,0,0.0,0.0,0.0,0.0,0.0,0.0,0.0,0.0,0.0,0.0,0.0,0.0,0.0
2183,2183,41.01933,-7.7032776,723.0,2018-06-05T00:00,9.6,94,8.7,7.6,0.0,0.0,0.0,0.0,3,1016.7,932.3,91,100,2,0,0.0,0.07,11.6,18.4,263,267,25.2,12.6,14.1,13.4,10.7,0.265,0.269,0.296,0.344,0,0.0,0.0,0.0,0.0,0.0,0.0,0.0,0.0,0.0,0.0,0.0,0.0,0.0
2182,2182,41.01933,-7.7032776,723.0,2018-06-05T01:00,9.8,92,8.6,7.6,0.0,0.0,0.0,0.0,3,1016.6,932.3,100,100,1,74,0.0,0.09,11.9,18.1,273,277,27.7,12.5,14.0,13.4,10.7,0.265,0.269,0.296,0.344,0,0.0,0.0,0.0,0.0,0.0,0.0,0.0,0.0,0.0,0.0,0.0,0.0,0.0
2181,2181,41.01933,-7.7032776,723.0,2018-06-05T02:00,9.6,96,9.0,7.7,0.0,0.0,0.0,0.0,3,1016.2,931.9,100,91,4,64,0.0,0.05,10.9,16.1,287,286,27.0,12.4,13.9,13.4,10.7,0.266,0.269,0.296,0.344,0,0.0,0.0,0.0,0.0,0.0,0.0,0.0,0.0,0.0,0.0,0.0,0.0,0.0
2180,2180,41.01933,-7.7032776,723.0,2018-06-05T03:00,9.6,94,8.7,8.0,0.1,0.1,0.0,0.0,51,1016.1,931.8,65,57,1,44,0.0,0.07,8.4,14.0,295,293,25.2,12.2,13.7,13.4,10.7,0.266,0.269,0.296,0.344,0,0.0,0.0,0.0,0.0,0.0,0.0,0.0,0.0,0.0,0.0,0.0,0.0,0.0
2179,2179,41.01933,-7.7032776,723.0,2018-06-05T04:00,9.3,96,8.7,8.0,0.0,0.0,0.0,0.0,2,1016.0,931.6,65,72,1,0,0.0,0.04,6.5,13.6,289,292,20.9,11.9,13.6,13.4,10.7,0.266,0.269,0.296,0.344,0,0.0,0.0,0.0,0.0,0.0,0.0,0.0,0.0,0.0,0.0,0.0,0.0,0.0
2178,2178,41.01933,-7.7032776,723.0,2018-06-05T05:00,8.8,96,8.3,7.7,0.0,0.0,0.0,0.0,2,1016.0,931.5,77,82,5,0,0.0,0.04,4.4,12.4,279,287,18.0,11.6,13.5,13.4,10.7,0.266,0.269,0.295,0.344,1,0.0,0.0,0.0,0.0,0.0,0.0,0.0,0.0,0.0,0.0,0.0,0.0,0.0
2177,2177,41.01933,-7.7032776,723.0,2018-06-05T06:00,9.5,91,8.2,7.9,0.0,0.0,0.0,0.0,2,1016.1,931.7,62,61,4,14,0.01,0.1,7.9,12.3,286,291,19.1,11.7,13.3,13.4,10.7,0.266,0.269,0.295,0.344,1,0.0,26.0,6.0,20.0,51.1,26.0,97.9,57.4,13.2,44.1,81.4,36.0,216.1
2176,2176,41.01933,-7.7032776,723.0,2018-06-05T07:00,10.5,83,7.8,8.3,0.0,0.0,0.0,0.0,2,1015.8,931.7,73,57,30,12,0.07,0.21,11.0,14.7,293,292,25.6,12.1,13.2,13.4,10.7,0.266,0.269,0.295,0.344,1,3600.0,143.0,59.0,84.0,232.6,143.0,337.1,194.3,80.2,114.1,232.6,194.3,457.9
2175,2175,41.01933,-7.7032776,723.0,2018-06-05T08:00,11.6,76,7.6,9.1,0.0,0.0,0.0,0.0,3,1015.8,932.1,100,99,89,22,0.13,0.32,12.8,16.9,310,308,29.9,12.7,13.2,13.4,10.7,0.266,0.269,0.295,0.344,1,3600.0,251.0,126.0,125.0,290.7,251.0,576.0,301.2,151.2,150.0,290.7,301.2,691.3
2174,2174,41.01933,-7.7032776,723.0,2018-06-05T09:00,11.8,75,7.5,9.3,0.1,0.1,0.0,0.0,51,1016.0,932.3,100,100,99,5,0.12,0.35,12.3,16.4,310,310,29.9,13.1,13.1,13.4,10.7,0.266,0.269,0.295,0.344,1,0.0,189.0,25.0,164.0,41.6,189.0,798.4,213.1,28.2,184.9,41.6,213.1,900.3
2173,2173,41.01933,-7.7032776,723.0,2018-06-05T10:00,11.7,76,7.6,9.4,0.3,0.3,0.0,0.0,51,1015.9,932.2,100,100,96,7,0.08,0.33,11.0,15.6,293,293,28.4,13.0,13.1,13.3,10.7,0.268,0.269,0.295,0.344,1,0.0,98.0,0.0,98.0,0.0,98.0,989.2,106.1,0.0,106.1,0.0,106.1,1070.7
2172,2172,41.01933,-7.7032776,723.0,2018-06-05T11:00,12.2,76,8.0,9.9,0.1,0.1,0.0,0.0,51,1015.9,932.3,100,100,99,1,0.1,0.35,11.9,16.5,295,293,27.4,13.1,13.1,13.3,10.7,0.269,0.269,0.295,0.344,1,0.0,143.0,1.0,142.0,1.2,143.0,1135.4,150.0,1.0,148.9,1.2,150.0,1191.0
2171,2171,41.01933,-7.7032776,723.0,2018-06-05T12:00,12.1,77,8.2,10.0,0.1,0.1,0.0,0.0,51,1015.7,932.1,100,100,100,92,0.12,0.32,11.0,15.2,293,292,28.8,13.5,13.2,13.3,10.7,0.279,0.27,0.288,0.346,1,0.0,192.0,5.0,187.0,5.4,192.0,1227.0,196.0,5.1,190.9,5.4,196.0,1252.9
2170,2170,41.01933,-7.7032776,723.0,2018-06-05T13:00,12.5,79,8.9,10.3,0.2,0.2,0.0,0.0,51,1015.4,931.9,100,93,88,100,0.15,0.3,12.9,17.4,293,292,29.5,13.7,13.2,13.3,10.7,0.28,0.27,0.288,0.346,1,0.0,253.0,4.0,249.0,4.2,253.0,1257.8,251.9,4.0,247.9,4.2,251.9,1252.2
2169,2169,41.01933,-7.7032776,723.0,2018-06-05T14:00,12.7,78,9.0,10.2,0.3,0.3,0.0,0.0,51,1015.0,931.6,100,77,71,99,0.16,0.32,15.4,21.2,281,280,34.9,13.8,13.2,13.3,10.7,0.283,0.27,0.288,0.346,1,0.0,281.0,18.0,263.0,19.5,281.0,1225.8,272.6,17.5,255.1,19.5,272.6,1189.1
2168,2168,41.01933,-7.7032776,723.0,2018-06-05T15:00,12.8,82,9.8,10.6,2.3,2.3,0.0,0.0,61,1015.0,931.7,100,96,88,18,0.19,0.27,14.5,19.6,277,277,39.6,14.2,13.3,13.3,10.7,0.309,0.27,0.288,0.346,1,0.0,385.0,48.0,337.0,56.3,385.0,1133.0,362.8,45.2,317.6,56.3,362.8,1067.7
2167,2167,41.01933,-7.7032776,723.0,2018-06-05T16:00,13.0,83,10.2,11.0,0.5,0.5,0.0,0.0,53,1014.7,931.4,47,21,46,1,0.2,0.25,14.2,19.2,263,262,39.2,14.5,13.4,13.3,10.7,0.313,0.27,0.288,0.346,1,3600.0,410.0,170.0,240.0,229.1,410.0,985.8,372.8,154.6,218.2,229.1,372.8,896.4
2166,2166,41.01933,-7.7032776,723.0,2018-06-05T17:00,13.2,79,9.5,10.6,0.5,0.5,0.0,0.0,53,1014.5,931.3,100,99,44,12,0.19,0.33,17.0,23.5,265,266,38.2,14.7,13.4,13.3,10.7,0.316,0.27,0.288,0.346,1,3600.0,392.0,225.0,167.0,376.4,392.0,794.3,339.0,194.6,144.4,376.4,339.0,686.9
2165,2165,41.01933,-7.7032776,723.0,2018-06-05T18:00,13.1,80,9.7,10.7,0.1,0.1,0.0,0.0,51,1014.1,930.9,84,69,34,5,0.11,0.3,15.7,22.0,259,260,38.2,14.5,13.5,13.3,10.7,0.316,0.271,0.288,0.346,1,780.52,194.0,37.0,157.0,86.0,194.0,571.5,153.9,29.4,124.6,86.0,153.9,453.4
2164,2164,41.01933,-7.7032776,723.0,2018-06-05T19:00,12.4,85,10.0,10.8,1.4,1.4,0.0,0.0,61,1014.2,930.8,94,64,60,0,0.06,0.21,10.8,17.2,255,260,34.9,14.1,13.6,13.3,10.7,0.331,0.271,0.288,0.346,1,2992.78,103.0,40.0,63.0,159.8,103.0,332.7,65.6,25.5,40.1,159.8,65.6,211.9
2163,2163,41.01933,-7.7032776,723.0,2018-06-05T20:00,11.5,91,10.0,10.6,0.1,0.1,0.0,0.0,51,1014.2,930.6,100,97,63,23,0.02,0.13,6.6,15.1,257,267,24.8,13.5,13.6,13.3,10.7,0.331,0.271,0.288,0.346,0,0.0,23.0,6.0,17.0,51.8,23.0,95.0,0.0,0.0,0.0,0.0,0.0,0.0
2162,2162,41.01933,-7.7032776,723.0,2018-06-05T21:00,11.7,92,10.4,10.4,0.1,0.1,0.0,0.0,51,1014.6,931.0,100,100,43,73,0.0,0.11,9.6,15.5,283,283,23.4,13.2,13.5,13.3,10.7,0.33,0.272,0.288,0.346,0,0.0,0.0,0.0,0.0,0.0,0.0,0.0,0.0,0.0,0.0,0.0,0.0,0.0
2161,2161,41.01933,-7.7032776,723.0,2018-06-05T22:00,11.6,93,10.6,10.4,0.0,0.0,0.0,0.0,3,1014.9,931.2,100,100,18,4,0.0,0.09,9.7,15.1,297,295,23.4,12.9,13.5,13.3,10.7,0.33,0.272,0.288,0.346,0,0.0,0.0,0.0,0.0,0.0,0.0,0.0,0.0,0.0,0.0,0.0,0.0,0.0
2160,2160,41.01933,-7.7032776,723.0,2018-06-05T23:00,11.4,96,10.8,10.4,0.1,0.1,0.0,0.0,51,1014.6,930.9,100,100,19,2,0.0,0.05,8.0,13.9,297,295,23.4,12.8,13.5,13.3,10.7,0.329,0.272,0.288,0.346,0,0.0,0.0,0.0,0.0,0.0,0.0,0.0,0.0,0.0,0.0,0.0,0.0,0.0
2159,2159,41.01933,-7.7032776,723.0,2018-06-06T00:00,11.3,95,10.4,10.6,0.0,0.0,0.0,0.0,3,1015.2,931.4,100,100,16,0,0.0,0.07,5.7,11.6,288,286,21.2,12.4,13.2,13.2,10.7,0.309,0.272,0.288,0.346,0,0.0,0.0,0.0,0.0,0.0,0.0,0.0,0.0,0.0,0.0,0.0,0.0,0.0
2158,2158,41.01933,-7.7032776,723.0,2018-06-06T01:00,11.1,95,10.3,10.7,0.1,0.1,0.0,0.0,51,1015.1,931.3,98,98,17,0,0.0,0.07,3.5,9.8,294,294,16.2,12.2,13.2,13.2,10.7,0.309,0.272,0.288,0.346,0,0.0,0.0,0.0,0.0,0.0,0.0,0.0,0.0,0.0,0.0,0.0,0.0,0.0
2157,2157,41.01933,-7.7032776,723.0,2018-06-06T02:00,10.4,98,10.1,9.8,0.1,0.1,0.0,0.0,51,1015.0,931.0,94,98,9,0,0.0,0.03,4.4,10.6,279,298,13.7,12.0,13.1,13.2,10.7,0.309,0.272,0.288,0.346,0,0.0,0.0,0.0,0.0,0.0,0.0,0.0,0.0,0.0,0.0,0.0,0.0,0.0
2156,2156,41.01933,-7.7032776,723.0,2018-06-06T03:00,10.8,97,10.3,10.5,0.0,0.0,0.0,0.0,3,1014.9,931.0,94,100,4,4,0.0,0.04,3.1,10.3,315,306,13.7,11.9,13.0,13.2,10.7,0.309,0.272,0.288,0.346,0,0.0,0.0,0.0,0.0,0.0,0.0,0.0,0.0,0.0,0.0,0.0,0.0,0.0
2155,2155,41.01933,-7.7032776,723.0,2018-06-06T04:00,11.1,96,10.6,10.4,0.0,0.0,0.0,0.0,3,1015.1,931.3,94,100,7,0,0.0,0.05,6.4,12.2,317,313,16.2,12.0,13.0,13.2,10.7,0.308,0.272,0.288,0.346,0,0.0,0.0,0.0,0.0,0.0,0.0,0.0,0.0,0.0,0.0,0.0,0.0,0.0
2154,2154,41.01933,-7.7032776,723.0,2018-06-06T05:00,11.0,97,10.6,10.2,0.1,0.1,0.0,0.0,51,1015.3,931.4,100,97,89,1,0.0,0.03,6.6,11.3,338,329,16.6,12.0,12.9,13.2,10.7,0.308,0.273,0.288,0.346,1,0.0,0.0,0.0,0.0,0.0,0.0,0.0,0.0,0.0,0.0,0.0,0.0,0.0
2153,2153,41.01933,-7.7032776,723.0,2018-06-06T06:00,11.1,98,10.7,10.3,0.1,0.1,0.0,0.0,51,1015.6,931.7,100,92,97,8,0.01,0.03,7.0,11.5,325,321,17.3,12.0,12.9,13.2,10.7,0.309,0.273,0.288,0.346,1,0.0,15.0,1.0,14.0,8.5,15.0,98.9,32.9,2.2,30.7,13.4,20.8,217.0
2152,2152,41.01933,-7.7032776,723.0,2018-06-06T07:00,11.9,91,10.5,11.2,0.1,0.1,0.0,0.0,51,1015.7,932.0,67,8,100,0,0.05,0.12,5.7,8.3,288,288,16.9,12.3,12.8,13.2,10.7,0.309,0.273,0.288,0.346,1,0.0,91.0,7.0,84.0,27.5,91.0,337.7,123.5,9.5,114.0,27.5,123.5,458.5
2151,2151,41.01933,-7.7032776,723.0,2018-06-06T08:00,12.9,84,10.3,11.6,0.2,0.2,0.0,0.0,51,1016.0,932.6,93,37,99,0,0.12,0.24,10.0,13.0,322,321,24.1,12.9,12.8,13.2,10.7,0.311,0.273,0.288,0.346,1,2002.75,236.0,55.0,181.0,126.8,236.0,576.4,283.2,66.0,217.2,126.8,283.2,691.6
2150,2150,41.01933,-7.7032776,723.0,2018-06-06T09:00,14.2,75,9.9,12.5,0.1,0.1,0.0,0.0,51,1016.0,933.0,23,24,2,0,0.24,0.4,10.9,13.6,343,338,28.4,13.9,12.9,13.2,10.7,0.31,0.273,0.288,0.346,1,3600.0,477.0,260.0,217.0,432.5,477.0,798.7,537.8,293.1,244.7,432.5,537.8,900.5
2149,2149,41.01933,-7.7032776,723.0,2018-06-06T10:00,15.3,66,9.1,14.2,0.0,0.0,0.0,0.0,1,1016.1,933.4,34,35,4,0,0.34,0.59,10.0,12.4,347,343,27.7,15.3,13.0,13.2,10.7,0.309,0.273,0.288,0.346,1,3600.0,647.0,481.0,166.0,645.8,647.0,989.4,700.3,520.6,179.7,645.8,700.3,1070.9
2148,2148,41.01933,-7.7032776,723.0,2018-06-06T11:00,16.7,61,9.0,15.8,0.0,0.0,0.0,0.0,2,1015.9,933.5,60,58,13,0,0.42,0.75,12.5,15.6,348,345,31.3,16.7,13.2,13.2,10.7,0.306,0.273,0.288,0.346,1,3600.0,773.0,578.0,195.0,676.2,773.0,1135.6,810.8,606.3,204.5,676.2,810.8,1191.2
2147,2147,41.01933,-7.7032776,723.0,2018-06-06T12:00,16.1,66,9.8,15.4,0.0,0.0,0.0,0.0,3,1016.4,933.8,100,100,36,0,0.4,0.61,10.9,14.0,343,342,31.3,17.1,13.3,13.2,10.7,0.304,0.272,0.29,0.346,1,3600.0,729.0,438.0,291.0,474.1,729.0,1227.3,744.4,447.2,297.1,474.1,744.4,1253.2
2146,2146,41.01933,-7.7032776,723.0,2018-06-06T13:00,17.2,62,9.9,15.6,0.0,0.0,0.0,0.0,3,1016.1,933.9,100,100,17,0,0.34,0.75,11.0,13.8,341,340,28.1,17.7,13.6,13.2,10.7,0.302,0.272,0.29,0.346,1,3600.0,562.0,266.0,296.0,280.8,562.0,1258.3,559.5,264.8,294.7,280.8,559.5,1252.8
2145,2145,41.01933,-7.7032776,723.0,2018-06-06T14:00,17.6,62,10.2,16.4,0.1,0.1,0.0,0.0,51,1016.1,934.0,60,49,27,0,0.38,0.77,12.1,15.5,330,329,29.9,18.4,13.9,13.2,10.7,0.3,0.271,0.29,0.346,1,3600.0,643.0,290.0,353.0,314.1,643.0,1226.4,623.8,281.4,342.5,314.1,623.8,1189.9
2144,2144,41.01933,-7.7032776,723.0,2018-06-06T15:00,17.8,62,10.4,16.4,0.1,0.1,0.0,0.0,51,1015.9,933.8,97,100,8,7,0.36,0.77,12.5,16.0,319,316,30.2,18.7,14.2,13.2,10.7,0.299,0.271,0.29,0.346,1,3600.0,607.0,366.0,241.0,428.8,607.0,1133.9,572.1,345.0,227.2,428.8,572.1,1068.8
2143,2143,41.01933,-7.7032776,723.0,2018-06-06T16:00,17.1,67,11.0,15.4,0.0,0.0,0.0,0.0,1,1016.0,933.8,46,37,18,6,0.29,0.64,13.8,17.8,303,302,32.0,18.8,14.4,13.2,10.7,0.298,0.271,0.29,0.346,1,3600.0,494.0,171.0,323.0,230.1,494.0,987.0,449.3,155.5,293.8,230.1,449.3,897.8
2142,2142,41.01933,-7.7032776,723.0,2018-06-06T17:00,16.9,69,11.2,15.2,0.0,0.0,0.0,0.0,3,1016.2,933.9,89,80,28,1,0.26,0.6,14.3,18.6,304,302,32.4,18.7,14.7,13.2,10.7,0.296,0.271,0.289,0.346,1,3600.0,473.0,330.0,143.0,550.8,473.0,795.9,409.3,285.5,123.7,550.8,409.3,688.6
2141,2141,41.01933,-7.7032776,723.0,2018-06-06T18:00,15.6,78,11.8,14.0,0.0,0.0,0.0,0.0,2,1016.5,933.8,67,29,22,93,0.15,0.39,14.2,19.7,300,298,34.2,18.1,14.9,13.2,10.7,0.295,0.27,0.289,0.346,1,3600.0,267.0,126.0,141.0,291.9,267.0,573.4,212.1,100.1,112.0,291.9,212.1,455.4
2140,2140,41.01933,-7.7032776,723.0,2018-06-06T19:00,14.4,83,11.6,13.1,0.0,0.0,0.0,0.0,2,1017.0,933.9,74,49,7,87,0.08,0.28,12.3,17.6,308,305,32.4,17.3,15.0,13.2,10.7,0.295,0.27,0.289,0.346,1,3600.0,159.0,82.0,77.0,325.3,159.0,334.8,101.7,52.4,49.2,325.3,101.7,214.1
2139,2139,41.01933,-7.7032776,723.0,2018-06-06T20:00,13.0,89,11.3,12.2,0.0,0.0,0.0,0.0,1,1017.4,933.9,24,11,2,43,0.02,0.16,7.9,15.1,300,298,27.0,16.2,15.1,13.2,10.7,0.294,0.271,0.289,0.346,0,0.0,28.0,5.0,23.0,42.8,28.0,96.3,0.0,0.0,0.0,0.0,0.0,0.0
2138,2138,41.01933,-7.7032776,723.0,2018-06-06T21:00,11.2,95,10.5,10.6,0.0,0.0,0.0,0.0,1,1018.1,934.1,37,7,1,100,0.0,0.06,5.2,12.1,282,293,18.7,15.1,15.1,13.2,10.7,0.294,0.271,0.289,0.346,0,0.0,0.0,0.0,0.0,0.0,0.0,0.0,0.0,0.0,0.0,0.0,0.0,0.0
2137,2137,41.01933,-7.7032776,723.0,2018-06-06T22:00,10.8,96,10.1,10.1,0.0,0.0,0.0,0.0,2,1018.3,934.1,51,23,1,99,0.0,0.05,4.8,11.3,257,279,12.6,14.1,15.0,13.2,10.7,0.294,0.271,0.289,0.346,0,0.0,0.0,0.0,0.0,0.0,0.0,0.0,0.0,0.0,0.0,0.0,0.0,0.0
2136,2136,41.01933,-7.7032776,723.0,2018-06-06T23:00,10.8,96,10.1,10.2,0.0,0.0,0.0,0.0,3,1018.2,934.0,84,60,1,99,0.0,0.05,4.1,11.7,255,279,11.9,13.5,14.9,13.2,10.7,0.294,0.271,0.289,0.346,0,0.0,0.0,0.0,0.0,0.0,0.0,0.0,0.0,0.0,0.0,0.0,0.0,0.0
2135,2135,41.01933,-7.7032776,723.0,2018-06-07T00:00,10.5,97,10.1,9.7,0.0,0.0,0.0,0.0,2,1018.7,934.4,69,41,16,74,0.0,0.04,5.6,12.4,243,262,12.2,13.7,14.9,13.2,10.7,0.291,0.27,0.289,0.346,0,0.0,0.0,0.0,0.0,0.0,0.0,0.0,0.0,0.0,0.0,0.0,0.0,0.0
2134,2134,41.01933,-7.7032776,723.0,2018-06-07T01:00,9.9,98,9.6,9.2,0.0,0.0,0.0,0.0,2,1018.4,934.0,68,26,52,45,0.0,0.03,4.4,7.0,215,249,13.7,13.1,14.8,13.2,10.7,0.291,0.271,0.289,0.346,0,0.0,0.0,0.0,0.0,0.0,0.0,0.0,0.0,0.0,0.0,0.0,0.0,0.0
2133,2133,41.01933,-7.7032776,723.0,2018-06-07T02:00,10.2,98,9.8,9.5,0.0,0.0,0.0,0.0,2,1018.0,933.7,64,13,81,14,0.0,0.03,4.1,8.4,225,239,9.7,12.8,14.6,13.2,10.7,0.291,0.271,0.289,0.346,0,0.0,0.0,0.0,0.0,0.0,0.0,0.0,0.0,0.0,0.0,0.0,0.0,0.0
2132,2132,41.01933,-7.7032776,723.0,2018-06-07T03:00,9.4,98,9.1,8.5,0.0,0.0,0.0,0.0,2,1017.7,933.2,51,57,0,0,0.0,0.03,4.3,10.2,222,238,11.9,12.3,14.5,13.2,10.7,0.291,0.271,0.289,0.346,0,0.0,0.0,0.0,0.0,0.0,0.0,0.0,0.0,0.0,0.0,0.0,0.0,0.0
2131,2131,41.01933,-7.7032776,723.0,2018-06-07T04:00,8.8,98,8.5,7.7,0.0,0.0,0.0,0.0,3,1017.6,932.9,90,69,0,93,0.0,0.02,4.6,10.2,219,238,12.2,11.8,14.3,13.2,10.7,0.291,0.271,0.289,0.346,0,0.0,0.0,0.0,0.0,0.0,0.0,0.0,0.0,0.0,0.0,0.0,0.0,0.0
2130,2130,41.01933,-7.7032776,723.0,2018-06-07T05:00,8.5,98,8.3,7.4,0.0,0.0,0.0,0.0,3,1017.5,932.7,100,71,63,91,0.0,0.02,4.7,10.2,203,225,13.0,11.5,14.1,13.2,10.7,0.291,0.271,0.289,0.346,1,0.0,0.0,0.0,0.0,0.0,0.0,0.0,0.0,0.0,0.0,0.0,0.0,0.0
2129,2129,41.01933,-7.7032776,723.0,2018-06-07T06:00,10.1,94,9.2,8.8,0.0,0.0,0.0,0.0,3,1017.8,933.5,93,21,76,96,0.01,0.07,7.2,10.2,217,222,16.2,11.6,13.9,13.2,10.7,0.29,0.271,0.289,0.346,1,0.0,31.0,5.0,26.0,42.3,31.0,99.7,67.6,10.9,56.7,66.6,43.0,217.7
2128,2128,41.01933,-7.7032776,723.0,2018-06-07T07:00,11.2,87,9.2,9.8,0.0,0.0,0.0,0.0,3,1018.2,934.2,100,48,49,99,0.04,0.17,8.4,12.2,220,223,20.2,11.9,13.8,13.2,10.7,0.29,0.271,0.289,0.346,1,0.0,51.0,6.0,45.0,23.6,51.0,338.3,69.2,8.1,61.0,23.6,69.2,458.9
2127,2127,41.01933,-7.7032776,723.0,2018-06-07T08:00,12.6,82,9.6,11.2,0.0,0.0,0.0,0.0,3,1017.7,934.1,100,80,81,98,0.11,0.27,8.9,11.5,220,221,22.7,12.8,13.7,13.2,10.7,0.29,0.271,0.289,0.346,1,825.0,198.0,38.0,160.0,87.5,198.0,576.8,237.5,45.6,191.9,87.5,237.5,691.9
2126,2126,41.01933,-7.7032776,723.0,2018-06-07T09:00,13.0,81,9.8,11.4,0.3,0.3,0.0,0.0,51,1017.8,934.3,89,18,72,100,0.11,0.29,10.5,14.1,218,218,25.2,13.3,13.7,13.2,10.7,0.292,0.271,0.289,0.346,1,0.0,187.0,35.0,152.0,58.2,187.0,798.9,210.8,39.5,171.4,58.2,210.8,900.7
2125,2125,41.01933,-7.7032776,723.0,2018-06-07T10:00,13.4,82,10.3,11.8,0.7,0.7,0.0,0.0,53,1017.7,934.3,100,64,86,100,0.16,0.28,12.0,15.3,201,204,28.4,14.0,13.7,13.2,10.7,0.298,0.271,0.289,0.346,1,1743.2,306.0,88.0,218.0,118.1,306.0,989.6,331.2,95.2,235.9,118.1,331.2,1071.0
2124,2124,41.01933,-7.7032776,723.0,2018-06-07T11:00,14.2,75,9.8,11.9,0.1,0.1,0.0,0.0,51,1017.3,934.2,100,82,100,100,0.17,0.41,15.3,20.6,204,205,33.8,14.4,13.7,13.2,10.8,0.298,0.271,0.289,0.346,1,0.0,278.0,41.0,237.0,47.9,278.0,1135.8,291.6,43.0,248.6,47.9,291.6,1191.4
2123,2123,41.01933,-7.7032776,723.0,2018-06-07T12:00,13.3,83,10.5,10.9,0.0,0.0,0.0,0.0,3,1016.9,933.5,100,100,100,100,0.19,0.26,17.3,24.4,192,193,40.7,14.3,13.7,13.2,10.8,0.334,0.273,0.29,0.346,1,439.56,378.0,69.0,309.0,74.7,378.0,1227.5,386.0,70.5,315.5,74.7,386.0,1253.5
2122,2122,41.01933,-7.7032776,723.0,2018-06-07T13:00,13.3,87,11.2,11.3,2.1,2.1,0.0,0.0,61,1016.6,933.3,100,45,99,99,0.1,0.2,16.7,25.1,194,196,39.6,14.2,13.8,13.2,10.8,0.358,0.273,0.29,0.346,1,0.0,156.0,0.0,156.0,0.0,156.0,1258.7,155.3,0.0,155.3,0.0,155.3,1253.3
2121,2121,41.01933,-7.7032776,723.0,2018-06-07T14:00,14.0,83,11.1,11.2,0.5,0.5,0.0,0.0,53,1016.2,933.1,100,100,94,99,0.16,0.27,21.5,32.2,201,202,47.9,14.4,13.8,13.2,10.8,0.359,0.274,0.29,0.346,1,0.0,305.0,21.0,284.0,22.7,305.0,1227.0,295.9,20.4,275.6,22.7,295.9,1190.6
2120,2120,41.01933,-7.7032776,723.0,2018-06-07T15:00,14.4,82,11.3,11.5,0.1,0.1,0.0,0.0,51,1015.7,932.7,100,100,45,99,0.12,0.3,22.1,35.1,204,206,50.0,14.5,13.8,13.2,10.8,0.357,0.275,0.29,0.346,1,0.0,193.0,5.0,188.0,5.9,193.0,1134.8,182.0,4.7,177.2,5.9,182.0,1069.8
2119,2119,41.01933,-7.7032776,723.0,2018-06-07T16:00,15.3,79,11.7,12.1,0.2,0.2,0.0,0.0,51,1015.2,932.5,100,99,100,99,0.17,0.36,24.9,36.0,202,203,55.1,14.9,13.9,13.2,10.8,0.355,0.276,0.29,0.346,1,0.0,313.0,31.0,282.0,41.7,313.0,988.2,284.8,28.2,256.6,41.7,284.8,899.2
2118,2118,41.01933,-7.7032776,723.0,2018-06-07T17:00,13.9,88,12.0,11.8,0.4,0.4,0.0,0.0,51,1015.0,932.0,100,71,100,100,0.06,0.19,18.7,29.7,199,201,55.1,14.6,13.9,13.2,10.8,0.356,0.277,0.29,0.346,1,0.0,61.0,0.0,61.0,0.0,61.0,797.4,52.8,0.0,52.8,0.0,52.8,690.2
2117,2117,41.01933,-7.7032776,723.0,2018-06-07T18:00,13.8,92,12.6,12.2,0.5,0.5,0.0,0.0,53,1014.5,931.5,100,100,100,100,0.05,0.12,16.5,27.5,203,206,43.2,14.3,13.9,13.2,10.8,0.357,0.278,0.29,0.346,1,0.0,65.0,0.0,65.0,0.0,65.0,575.2,51.7,0.0,51.7,0.0,51.7,457.3
2116,2116,41.01933,-7.7032776,723.0,2018-06-07T19:00,13.6,94,12.6,12.6,0.5,0.5,0.0,0.0,53,1014.4,931.3,100,100,100,99,0.03,0.1,12.2,22.1,208,210,39.2,14.1,13.9,13.2,10.8,0.36,0.279,0.29,0.346,1,0.0,25.0,0.0,25.0,0.0,25.0,336.8,16.1,0.0,16.1,0.0,16.1,216.3
2115,2115,41.01933,-7.7032776,723.0,2018-06-07T20:00,13.4,95,12.5,13.2,0.6,0.6,0.0,0.0,53,1014.3,931.2,100,100,100,98,0.02,0.08,6.4,13.8,227,229,29.9,13.9,13.9,13.2,10.8,0.365,0.28,0.29,0.346,1,0.0,8.0,0.0,8.0,0.0,8.0,98.6,0.0,0.0,0.0,0.0,0.0,0.0
2114,2114,41.01933,-7.7032776,723.0,2018-06-07T21:00,13.1,96,12.4,13.3,0.9,0.9,0.0,0.0,53,1014.6,931.4,100,100,100,97,0.0,0.06,3.4,8.7,252,253,17.6,13.7,13.9,13.2,10.8,0.374,0.281,0.29,0.346,0,0.0,0.0,0.0,0.0,0.0,0.0,0.0,0.0,0.0,0.0,0.0,0.0,0.0
2113,2113,41.01933,-7.7032776,723.0,2018-06-07T22:00,12.8,97,12.3,13.3,0.9,0.9,0.0,0.0,53,1014.4,931.1,100,100,100,95,0.0,0.04,1.4,4.3,180,222,11.2,13.6,13.9,13.2,10.8,0.381,0.283,0.29,0.346,0,0.0,0.0,0.0,0.0,0.0,0.0,0.0,0.0,0.0,0.0,0.0,0.0,0.0
2112,2112,41.01933,-7.7032776,723.0,2018-06-07T23:00,12.5,97,12.1,12.7,0.4,0.4,0.0,0.0,51,1013.9,930.6,100,100,100,98,0.0,0.04,2.9,7.7,173,191,10.8,13.4,13.8,13.2,10.8,0.381,0.285,0.29,0.346,0,0.0,0.0,0.0,0.0,0.0,0.0,0.0,0.0,0.0,0.0,0.0,0.0,0.0
2111,2111,41.01933,-7.7032776,723.0,2018-06-08T00:00,11.7,95,11.0,11.3,0.5,0.5,0.0,0.0,53,1014.1,930.5,100,100,100,99,0.0,0.06,4.3,11.8,222,220,10.8,13.1,13.8,13.2,10.8,0.353,0.279,0.29,0.346,0,0.0,0.0,0.0,0.0,0.0,0.0,0.0,0.0,0.0,0.0,0.0,0.0,0.0
2110,2110,41.01933,-7.7032776,723.0,2018-06-08T01:00,11.8,95,10.9,11.7,1.0,1.0,0.0,0.0,55,1013.8,930.3,100,100,100,99,0.0,0.08,2.6,7.4,254,241,15.1,12.9,13.7,13.2,10.8,0.364,0.28,0.29,0.346,0,0.0,0.0,0.0,0.0,0.0,0.0,0.0,0.0,0.0,0.0,0.0,0.0,0.0
2109,2109,41.01933,-7.7032776,723.0,2018-06-08T02:00,11.5,95,10.8,11.3,0.6,0.6,0.0,0.0,53,1013.3,929.7,100,100,92,80,0.0,0.06,2.9,5.7,300,288,9.7,12.8,13.7,13.2,10.8,0.369,0.281,0.29,0.346,0,0.0,0.0,0.0,0.0,0.0,0.0,0.0,0.0,0.0,0.0,0.0,0.0,0.0
2108,2108,41.01933,-7.7032776,723.0,2018-06-08T03:00,11.2,98,10.9,11.0,0.8,0.8,0.0,0.0,53,1012.9,929.3,100,98,98,0,0.0,0.03,2.6,4.6,326,321,8.6,12.7,13.6,13.2,10.8,0.376,0.283,0.29,0.346,0,0.0,0.0,0.0,0.0,0.0,0.0,0.0,0.0,0.0,0.0,0.0,0.0,0.0
2107,2107,41.01933,-7.7032776,723.0,2018-06-08T04:00,11.1,98,10.8,11.1,0.9,0.9,0.0,0.0,53,1012.6,929.0,100,100,100,0,0.0,0.03,1.3,2.1,34,301,16.9,12.5,13.5,13.2,10.8,0.384,0.284,0.29,0.346,0,0.0,0.0,0.0,0.0,0.0,0.0,0.0,0.0,0.0,0.0,0.0,0.0,0.0
2106,2106,41.01933,-7.7032776,723.0,2018-06-08T05:00,11.1,98,10.8,11.0,2.3,2.3,0.0,0.0,61,1012.2,928.6,100,100,100,0,0.0,0.03,2.5,4.6,188,198,14.4,12.5,13.4,13.2,10.8,0.406,0.288,0.29,0.346,1,0.0,0.0,0.0,0.0,0.0,0.0,0.0,0.0,0.0,0.0,0.0,0.0,0.0
2105,2105,41.01933,-7.7032776,723.0,2018-06-08T06:00,11.0,87,9.0,10.2,0.8,0.8,0.0,0.0,53,1012.0,928.4,100,100,59,0,0.02,0.16,3.3,7.1,229,225,14.8,12.3,13.4,13.2,10.8,0.402,0.293,0.29,0.346,1,0.0,6.0,0.0,6.0,0.0,6.0,100.5,13.0,0.0,13.0,0.0,8.3,218.3
2104,2104,41.01933,-7.7032776,723.0,2018-06-08T07:00,11.3,79,7.7,10.1,0.1,0.1,0.0,0.0,51,1012.2,928.7,100,100,100,0,0.04,0.28,3.6,5.8,233,240,11.5,12.4,13.3,13.2,10.8,0.393,0.296,0.29,0.346,1,0.0,58.0,6.0,52.0,23.5,58.0,338.8,78.6,8.1,70.5,23.5,78.6,459.3
2103,2103,41.01933,-7.7032776,723.0,2018-06-08T08:00,11.2,83,8.4,10.3,0.2,0.2,0.0,0.0,51,1012.3,928.7,100,100,100,0,0.04,0.23,3.4,5.2,252,258,11.2,12.4,13.2,13.2,10.8,0.388,0.298,0.29,0.346,1,0.0,43.0,1.0,42.0,2.3,43.0,577.1,51.6,1.2,50.4,2.3,51.6,692.1
2102,2102,41.01933,-7.7032776,723.0,2018-06-08T09:00,11.7,84,9.2,10.9,0.1,0.1,0.0,0.0,51,1012.2,928.8,100,100,100,0,0.07,0.22,4.0,5.8,270,270,12.2,12.6,13.2,13.2,10.8,0.384,0.3,0.29,0.346,1,0.0,91.0,1.0,90.0,1.7,91.0,799.1,102.6,1.1,101.5,1.7,102.6,900.8
2101,2101,41.01933,-7.7032776,723.0,2018-06-08T10:00,12.9,77,9.0,11.4,0.0,0.0,0.0,0.0,3,1012.2,929.1,100,100,100,0,0.13,0.34,8.3,11.2,268,264,20.2,13.1,13.2,13.2,10.8,0.379,0.302,0.29,0.346,1,0.0,219.0,17.0,202.0,22.8,219.0,989.6,237.0,18.4,218.6,22.8,237.0,1071.1
2100,2100,41.01933,-7.7032776,723.0,2018-06-08T11:00,13.2,74,8.7,11.5,0.0,0.0,0.0,0.0,3,1012.3,929.3,100,65,76,0,0.15,0.4,9.0,11.9,270,268,22.3,13.5,13.2,13.2,10.8,0.375,0.303,0.29,0.346,1,0.0,234.0,29.0,205.0,33.9,234.0,1135.8,245.5,30.4,215.0,33.9,245.5,1191.5
2099,2099,41.01933,-7.7032776,723.0,2018-06-08T12:00,12.6,77,8.7,10.5,0.1,0.1,0.0,0.0,51,1012.7,929.5,100,96,99,0,0.18,0.33,12.3,16.6,238,240,23.0,13.3,13.2,13.1,10.8,0.372,0.294,0.289,0.346,1,3293.75,337.0,157.0,180.0,169.8,337.0,1227.7,344.2,160.3,183.8,169.8,344.2,1253.8
2098,2098,41.01933,-7.7032776,723.0,2018-06-08T13:00,12.4,76,8.2,10.5,0.1,0.1,0.0,0.0,51,1012.4,929.2,54,29,46,0,0.1,0.35,9.7,13.0,228,231,27.7,13.3,13.2,13.1,10.8,0.369,0.296,0.289,0.346,1,0.0,129.0,19.0,110.0,20.0,129.0,1259.0,128.5,18.9,109.5,20.0,128.5,1253.7
2097,2097,41.01933,-7.7032776,723.0,2018-06-08T14:00,14.3,66,7.9,12.3,0.4,0.4,0.0,0.0,51,1011.9,929.2,100,52,96,0,0.33,0.56,12.7,16.6,227,228,30.2,14.7,13.2,13.1,10.8,0.368,0.296,0.289,0.346,1,3600.0,631.0,452.0,179.0,488.9,631.0,1227.6,612.3,438.6,173.7,488.9,612.3,1191.3
2096,2096,41.01933,-7.7032776,723.0,2018-06-08T15:00,12.1,86,9.9,9.9,1.0,1.0,0.0,0.0,55,1012.5,929.2,100,57,99,84,0.11,0.19,14.9,21.9,233,234,34.9,14.3,13.3,13.1,10.8,0.373,0.297,0.289,0.346,1,0.0,204.0,30.0,174.0,35.1,204.0,1135.6,192.4,28.3,164.1,35.1,192.4,1070.8
2095,2095,41.01933,-7.7032776,723.0,2018-06-08T16:00,11.9,83,9.1,10.0,0.2,0.2,0.0,0.0,51,1012.6,929.2,80,44,65,4,0.09,0.24,11.8,16.7,232,233,33.5,13.9,13.4,13.1,10.8,0.372,0.298,0.289,0.346,1,0.0,128.0,5.0,123.0,6.7,128.0,989.4,116.5,4.6,111.9,6.7,116.5,900.4
2094,2094,41.01933,-7.7032776,723.0,2018-06-08T17:00,12.6,75,8.3,10.4,0.0,0.0,0.0,0.0,3,1012.8,929.6,83,28,51,91,0.17,0.36,11.8,16.3,239,239,29.9,14.1,13.4,13.1,10.8,0.368,0.299,0.289,0.346,1,3600.0,327.0,178.0,149.0,295.9,327.0,798.8,283.2,154.2,129.0,295.9,283.2,691.8
2093,2093,41.01933,-7.7032776,723.0,2018-06-08T18:00,12.1,76,8.0,10.1,0.0,0.0,0.0,0.0,3,1012.9,929.5,100,77,80,1,0.12,0.34,10.3,14.5,245,247,28.1,14.0,13.4,13.1,10.8,0.366,0.3,0.289,0.346,1,3600.0,235.0,91.0,144.0,209.4,235.0,576.9,187.0,72.4,114.6,209.4,187.0,459.2
2092,2092,41.01933,-7.7032776,723.0,2018-06-08T19:00,11.3,82,8.3,9.6,0.0,0.0,0.0,0.0,3,1013.3,929.7,88,58,56,9,0.06,0.24,8.2,12.5,232,237,24.5,13.6,13.5,13.1,10.8,0.363,0.301,0.289,0.346,1,3020.38,98.0,41.0,57.0,160.7,98.0,338.8,63.2,26.4,36.7,160.7,63.2,218.3
2091,2091,41.01933,-7.7032776,723.0,2018-06-08T20:00,10.2,89,8.4,9.3,0.0,0.0,0.0,0.0,2,1013.7,929.7,56,40,34,0,0.01,0.14,3.6,9.4,233,238,19.4,13.0,13.4,13.1,10.8,0.361,0.302,0.289,0.346,1,117.2,26.0,8.0,18.0,67.6,26.0,100.7,0.0,0.0,0.0,0.0,0.0,0.0
2090,2090,41.01933,-7.7032776,723.0,2018-06-08T21:00,9.0,95,8.2,7.8,0.0,0.0,0.0,0.0,1,1014.4,930.0,50,41,21,0,0.0,0.06,4.8,7.6,222,239,11.9,12.3,13.4,13.1,10.8,0.359,0.302,0.289,0.346,0,0.0,0.0,0.0,0.0,0.0,0.0,0.0,0.0,0.0,0.0,0.0,0.0,0.0
2089,2089,41.01933,-7.7032776,723.0,2018-06-08T22:00,8.5,96,7.9,7.5,0.0,0.0,0.0,0.0,2,1014.6,930.1,54,52,12,0,0.0,0.05,3.4,7.1,198,229,11.2,11.7,13.3,13.1,10.8,0.357,0.303,0.289,0.346,0,0.0,0.0,0.0,0.0,0.0,0.0,0.0,0.0,0.0,0.0,0.0,0.0,0.0
2088,2088,41.01933,-7.7032776,723.0,2018-06-08T23:00,8.1,97,7.6,6.8,0.0,0.0,0.0,0.0,1,1014.5,929.9,39,37,10,0,0.0,0.04,4.0,6.9,185,208,10.8,11.2,13.1,13.1,10.8,0.355,0.304,0.289,0.346,0,0.0,0.0,0.0,0.0,0.0,0.0,0.0,0.0,0.0,0.0,0.0,0.0,0.0
2087,2087,41.01933,-7.7032776,723.0,2018-06-09T00:00,8.0,97,7.5,6.7,0.0,0.0,0.0,0.0,1,1014.9,930.2,36,28,18,0,0.0,0.04,4.6,10.1,198,215,12.2,11.2,13.4,13.1,10.8,0.36,0.304,0.288,0.346,0,0.0,0.0,0.0,0.0,0.0,0.0,0.0,0.0,0.0,0.0,0.0,0.0,0.0
2086,2086,41.01933,-7.7032776,723.0,2018-06-09T01:00,7.9,97,7.4,6.3,0.0,0.0,0.0,0.0,1,1014.6,929.9,28,20,17,0,0.0,0.04,5.7,11.5,198,212,14.0,10.9,13.2,13.1,10.8,0.358,0.304,0.289,0.346,0,0.0,0.0,0.0,0.0,0.0,0.0,0.0,0.0,0.0,0.0,0.0,0.0,0.0
2085,2085,41.01933,-7.7032776,723.0,2018-06-09T02:00,7.5,98,7.2,6.0,0.0,0.0,0.0,0.0,3,1014.1,929.3,90,63,56,0,0.0,0.02,5.6,10.8,195,210,14.0,10.5,13.1,13.1,10.8,0.356,0.305,0.289,0.346,0,0.0,0.0,0.0,0.0,0.0,0.0,0.0,0.0,0.0,0.0,0.0,0.0,0.0
2084,2084,41.01933,-7.7032776,723.0,2018-06-09T03:00,7.8,98,7.5,6.1,0.0,0.0,0.0,0.0,3,1013.9,929.2,100,88,88,0,0.0,0.02,7.1,12.2,195,208,16.2,10.4,12.9,13.1,10.8,0.354,0.305,0.289,0.346,0,0.0,0.0,0.0,0.0,0.0,0.0,0.0,0.0,0.0,0.0,0.0,0.0,0.0
2083,2083,41.01933,-7.7032776,723.0,2018-06-09T04:00,8.2,97,7.8,6.7,0.0,0.0,0.0,0.0,3,1013.6,929.1,100,82,85,2,0.0,0.03,6.6,10.4,202,214,17.6,10.4,12.7,13.1,10.8,0.353,0.306,0.289,0.346,0,0.0,0.0,0.0,0.0,0.0,0.0,0.0,0.0,0.0,0.0,0.0,0.0,0.0
2082,2082,41.01933,-7.7032776,723.0,2018-06-09T05:00,8.4,95,7.7,6.9,0.0,0.0,0.0,0.0,2,1013.6,929.1,65,39,49,1,0.0,0.05,5.8,9.0,202,217,15.1,10.4,12.6,13.1,10.8,0.351,0.306,0.289,0.346,1,0.0,0.0,0.0,0.0,0.0,0.0,0.0,0.0,0.0,0.0,0.0,0.0,0.0
2081,2081,41.01933,-7.7032776,723.0,2018-06-09T06:00,8.6,94,7.7,7.0,0.0,0.0,0.0,0.0,1,1013.6,929.2,47,4,72,1,0.01,0.06,6.6,10.3,193,205,15.1,10.4,12.5,13.1,10.8,0.35,0.307,0.289,0.346,1,378.1,30.0,10.0,20.0,84.4,30.0,101.1,64.9,21.6,43.3,131.3,41.7,218.8
2080,2080,41.01933,-7.7032776,723.0,2018-06-09T07:00,10.1,86,7.9,8.7,0.0,0.0,0.0,0.0,2,1014.1,930.1,64,15,84,0,0.06,0.17,5.6,8.4,207,211,15.5,10.9,12.4,13.1,10.8,0.349,0.307,0.289,0.346,1,3600.0,140.0,57.0,83.0,223.1,140.0,339.2,189.7,77.2,112.5,223.1,189.7,459.6
2079,2079,41.01933,-7.7032776,723.0,2018-06-09T08:00,11.5,76,7.4,10.1,0.0,0.0,0.0,0.0,3,1013.9,930.3,100,75,86,0,0.13,0.33,5.3,7.1,242,240,15.8,11.9,12.3,13.1,10.8,0.347,0.307,0.289,0.346,1,3600.0,264.0,103.0,161.0,236.9,264.0,577.3,316.6,123.5,193.1,236.9,316.6,692.2
2078,2078,41.01933,-7.7032776,723.0,2018-06-09T09:00,12.9,68,7.2,11.4,0.0,0.0,0.0,0.0,3,1013.4,930.2,100,96,50,0,0.18,0.47,5.2,7.0,236,235,16.2,12.8,12.3,13.1,10.8,0.346,0.307,0.289,0.346,1,3600.0,328.0,113.0,215.0,187.7,328.0,799.1,369.7,127.4,242.4,187.7,369.7,900.8
2077,2077,41.01933,-7.7032776,723.0,2018-06-09T10:00,14.3,61,7.0,12.6,0.1,0.1,0.0,0.0,51,1013.0,930.2,75,68,23,0,0.28,0.63,6.7,8.5,216,216,19.4,14.2,12.4,13.0,10.8,0.344,0.307,0.288,0.346,1,3600.0,512.0,197.0,315.0,264.2,512.0,989.7,554.1,213.2,340.9,264.2,554.1,1071.1
2076,2076,41.01933,-7.7032776,723.0,2018-06-09T11:00,14.5,67,8.4,13.2,0.2,0.2,0.0,0.0,51,1013.5,930.8,69,39,56,0,0.35,0.55,10.5,13.8,243,242,28.1,15.3,12.6,13.0,10.8,0.343,0.307,0.288,0.346,1,3600.0,660.0,423.0,237.0,494.3,660.0,1135.9,692.4,443.7,248.6,494.3,692.4,1191.6
2075,2075,41.01933,-7.7032776,723.0,2018-06-09T12:00,13.3,74,8.8,11.0,0.2,0.2,0.0,0.0,51,1013.6,930.5,49,26,37,11,0.26,0.39,13.5,18.7,209,210,28.1,16.0,12.7,13.0,10.8,0.345,0.308,0.289,0.346,1,3600.0,509.0,308.0,201.0,333.0,509.0,1227.9,519.8,314.6,205.3,333.0,519.8,1254.0
2074,2074,41.01933,-7.7032776,723.0,2018-06-09T13:00,15.3,66,9.0,13.4,0.2,0.2,0.0,0.0,51,1013.1,930.6,100,47,61,71,0.34,0.59,14.2,19.3,207,209,36.4,16.3,12.9,13.0,10.8,0.344,0.308,0.289,0.346,1,3600.0,634.0,392.0,242.0,413.2,634.0,1259.3,631.4,390.4,241.0,413.2,631.4,1254.1
2073,2073,41.01933,-7.7032776,723.0,2018-06-09T14:00,14.0,71,8.8,11.6,0.2,0.2,0.0,0.0,51,1013.4,930.5,100,45,95,92,0.24,0.46,13.9,18.7,233,232,40.3,16.2,13.1,13.0,10.9,0.344,0.308,0.289,0.346,1,3600.0,444.0,218.0,226.0,235.6,444.0,1228.1,430.9,211.6,219.3,235.6,430.9,1191.9
2072,2072,41.01933,-7.7032776,723.0,2018-06-09T15:00,14.3,72,9.4,12.1,0.5,0.5,0.0,0.0,53,1013.1,930.3,100,30,84,99,0.24,0.45,14.1,19.1,232,234,39.2,16.4,13.3,13.0,10.9,0.346,0.308,0.289,0.346,1,3600.0,456.0,158.0,298.0,184.6,456.0,1136.4,430.0,149.0,281.0,184.6,430.0,1071.7
2071,2071,41.01933,-7.7032776,723.0,2018-06-09T16:00,13.3,80,9.9,11.2,0.5,0.5,0.0,0.0,53,1013.3,930.2,79,10,69,95,0.17,0.3,14.2,20.5,246,246,40.3,15.8,13.5,13.0,10.9,0.348,0.309,0.289,0.346,1,2823.71,319.0,115.0,204.0,154.1,319.0,990.4,290.4,104.7,185.7,154.1,290.4,901.6
2070,2070,41.01933,-7.7032776,723.0,2018-06-09T17:00,13.4,77,9.5,11.3,0.1,0.1,0.0,0.0,51,1013.2,930.2,94,12,89,99,0.19,0.35,13.6,18.1,253,253,40.0,15.7,13.7,13.0,10.9,0.348,0.309,0.289,0.346,1,3600.0,377.0,173.0,204.0,287.0,377.0,800.1,326.7,149.9,176.8,287.0,326.7,693.3
2069,2069,41.01933,-7.7032776,723.0,2018-06-09T18:00,12.5,78,8.7,10.6,0.0,0.0,0.0,0.0,3,1013.2,929.9,100,21,99,80,0.1,0.32,10.8,14.8,268,267,32.0,15.1,13.8,13.0,10.9,0.346,0.309,0.289,0.346,1,0.0,171.0,25.0,146.0,57.4,171.0,578.5,136.2,19.9,116.3,57.4,136.2,460.9
2068,2068,41.01933,-7.7032776,723.0,2018-06-09T19:00,11.7,81,8.5,10.1,0.0,0.0,0.0,0.0,2,1013.5,930.0,79,11,67,95,0.05,0.26,7.9,11.4,254,252,25.6,14.4,13.8,13.0,10.9,0.345,0.309,0.289,0.345,1,0.0,49.0,2.0,47.0,7.8,49.0,340.6,31.7,1.3,30.4,7.8,31.7,220.3
2067,2067,41.01933,-7.7032776,723.0,2018-06-09T20:00,10.7,86,8.4,9.5,0.1,0.1,0.0,0.0,51,1013.9,930.1,100,14,100,100,0.02,0.18,4.8,12.3,222,230,20.2,13.7,13.8,13.0,10.9,0.345,0.31,0.289,0.345,1,0.0,23.0,2.0,21.0,16.8,23.0,102.7,0.0,0.0,0.0,0.0,0.0,0.0
2066,2066,41.01933,-7.7032776,723.0,2018-06-09T21:00,10.7,87,8.7,8.9,0.2,0.2,0.0,0.0,51,1014.2,930.3,100,71,100,98,0.0,0.16,10.1,16.9,207,218,22.7,13.2,13.8,13.0,10.9,0.345,0.31,0.289,0.345,0,0.0,0.0,0.0,0.0,0.0,0.0,0.0,0.0,0.0,0.0,0.0,0.0,0.0
2065,2065,41.01933,-7.7032776,723.0,2018-06-09T22:00,10.4,91,9.0,8.2,0.5,0.5,0.0,0.0,53,1014.5,930.5,92,18,77,97,0.0,0.11,12.8,21.8,202,211,30.2,12.8,13.7,13.0,10.9,0.348,0.31,0.289,0.345,0,0.0,0.0,0.0,0.0,0.0,0.0,0.0,0.0,0.0,0.0,0.0,0.0,0.0
2064,2064,41.01933,-7.7032776,723.0,2018-06-09T23:00,10.0,94,9.2,7.9,0.4,0.4,0.0,0.0,51,1014.3,930.2,100,78,100,100,0.0,0.07,12.7,23.4,209,214,30.6,12.4,13.6,13.0,10.9,0.352,0.311,0.289,0.345,0,0.0,0.0,0.0,0.0,0.0,0.0,0.0,0.0,0.0,0.0,0.0,0.0,0.0
2063,2063,41.01933,-7.7032776,723.0,2018-06-10T00:00,9.9,93,8.9,7.7,0.4,0.4,0.0,0.0,51,1014.4,930.3,100,78,95,96,0.0,0.08,13.0,22.4,199,206,32.4,12.3,13.4,13.0,10.9,0.361,0.317,0.29,0.345,0,0.0,0.0,0.0,0.0,0.0,0.0,0.0,0.0,0.0,0.0,0.0,0.0,0.0
2062,2062,41.01933,-7.7032776,723.0,2018-06-10T01:00,9.9,95,9.2,7.8,0.8,0.8,0.0,0.0,53,1013.7,929.7,100,55,92,95,0.0,0.06,13.0,23.3,199,207,32.8,12.0,13.3,13.0,10.9,0.369,0.317,0.29,0.345,0,0.0,0.0,0.0,0.0,0.0,0.0,0.0,0.0,0.0,0.0,0.0,0.0,0.0
2061,2061,41.01933,-7.7032776,723.0,2018-06-10T02:00,10.0,95,9.3,7.4,1.4,1.4,0.0,0.0,61,1012.8,928.9,83,0,90,96,0.0,0.06,16.4,29.0,199,203,36.7,11.8,13.2,13.0,10.9,0.385,0.318,0.29,0.345,0,0.0,0.0,0.0,0.0,0.0,0.0,0.0,0.0,0.0,0.0,0.0,0.0,0.0
2060,2060,41.01933,-7.7032776,723.0,2018-06-10T03:00,10.0,95,9.2,7.3,0.6,0.6,0.0,0.0,53,1012.6,928.7,100,63,87,29,0.0,0.06,17.1,29.6,198,198,39.6,11.7,13.1,13.0,10.9,0.389,0.32,0.29,0.345,0,0.0,0.0,0.0,0.0,0.0,0.0,0.0,0.0,0.0,0.0,0.0,0.0,0.0
2059,2059,41.01933,-7.7032776,723.0,2018-06-10T04:00,9.9,95,9.1,7.5,1.0,1.0,0.0,0.0,55,1012.4,928.5,100,100,92,54,0.0,0.06,14.7,26.9,191,196,38.5,11.6,13.0,13.0,10.9,0.397,0.322,0.29,0.345,0,0.0,0.0,0.0,0.0,0.0,0.0,0.0,0.0,0.0,0.0,0.0,0.0,0.0
2058,2058,41.01933,-7.7032776,723.0,2018-06-10T05:00,10.3,96,9.7,8.4,0.5,0.5,0.0,0.0,53,1012.1,928.3,100,61,70,48,0.0,0.05,12.2,22.5,204,212,38.2,11.5,12.9,13.0,10.9,0.397,0.324,0.29,0.345,1,0.0,0.0,0.0,0.0,0.0,0.0,0.0,0.0,0.0,0.0,0.0,0.0,0.0
2057,2057,41.01933,-7.7032776,723.0,2018-06-10T06:00,10.4,96,9.9,8.4,0.2,0.2,0.0,0.0,51,1012.1,928.3,100,67,77,44,0.01,0.05,13.7,23.0,207,215,30.2,11.5,12.8,13.0,10.9,0.393,0.326,0.29,0.345,1,0.0,19.0,5.0,14.0,42.1,19.0,101.6,41.0,10.8,30.2,65.3,26.4,219.2
2056,2056,41.01933,-7.7032776,723.0,2018-06-10T07:00,11.4,93,10.3,9.1,0.1,0.1,0.0,0.0,51,1011.8,928.3,97,62,55,26,0.04,0.1,16.5,26.9,212,218,42.5,11.8,12.7,13.0,10.9,0.389,0.327,0.29,0.345,1,1601.3,84.0,29.0,55.0,113.4,84.0,339.5,113.8,39.3,74.5,113.4,113.8,459.8
2055,2055,41.01933,-7.7032776,723.0,2018-06-10T08:00,12.2,91,10.9,10.1,0.7,0.7,0.0,0.0,53,1012.1,928.8,93,76,31,19,0.09,0.12,16.0,24.6,216,219,43.2,12.3,12.7,13.0,10.9,0.392,0.329,0.29,0.345,1,3600.0,207.0,93.0,114.0,213.8,207.0,577.4,248.2,111.5,136.7,213.8,248.2,692.2
2054,2054,41.01933,-7.7032776,723.0,2018-06-10T09:00,13.2,89,11.4,11.8,0.2,0.2,0.0,0.0,51,1012.3,929.3,100,99,34,2,0.15,0.16,12.1,17.8,217,222,41.8,13.0,12.7,13.0,10.9,0.389,0.33,0.29,0.345,1,3600.0,321.0,127.0,194.0,210.9,321.0,799.1,361.8,143.2,218.7,210.9,361.8,900.7
2053,2053,41.01933,-7.7032776,723.0,2018-06-10T10:00,13.1,89,11.3,12.1,0.2,0.2,0.0,0.0,51,1012.2,929.2,100,100,32,8,0.11,0.17,9.9,15.1,213,220,34.9,13.3,12.7,13.0,10.9,0.386,0.332,0.29,0.345,1,0.0,188.0,15.0,173.0,20.1,188.0,989.6,203.5,16.2,187.2,20.1,203.5,1071.1
2052,2052,41.01933,-7.7032776,723.0,2018-06-10T11:00,14.1,85,11.7,13.3,0.2,0.2,0.0,0.0,51,1012.3,929.5,72,54,37,3,0.17,0.23,9.3,12.8,234,238,31.0,13.9,12.8,13.0,10.9,0.384,0.333,0.29,0.345,1,1074.17,318.0,82.0,236.0,95.8,318.0,1135.9,333.6,86.0,247.6,95.8,333.6,1191.6
2051,2051,41.01933,-7.7032776,723.0,2018-06-10T12:00,15.8,85,13.3,15.9,0.2,0.2,0.0,0.0,51,1012.3,930.0,100,97,39,1,0.33,0.27,10.1,14.1,215,218,34.2,15.8,13.0,12.9,10.9,0.39,0.344,0.29,0.345,1,3600.0,631.0,376.0,255.0,406.4,631.0,1227.9,644.5,384.0,260.4,406.4,644.5,1254.2
2050,2050,41.01933,-7.7032776,723.0,2018-06-10T13:00,14.8,79,11.2,13.0,0.9,0.9,0.0,0.0,53,1012.2,929.6,71,48,39,14,0.25,0.35,14.9,20.1,250,249,40.7,16.1,13.2,12.9,10.9,0.393,0.345,0.29,0.345,1,1771.7,480.0,113.0,367.0,119.1,480.0,1259.6,478.1,112.5,365.5,119.1,478.1,1254.5
2049,2049,41.01933,-7.7032776,723.0,2018-06-10T14:00,15.8,84,13.1,15.6,0.5,0.5,0.0,0.0,53,1011.8,929.5,100,93,31,73,0.33,0.29,11.5,14.8,274,273,41.4,16.7,13.4,12.9,10.9,0.392,0.346,0.29,0.345,1,3600.0,638.0,407.0,231.0,439.6,638.0,1228.6,619.3,395.1,224.2,439.6,619.3,1192.5
2048,2048,41.01933,-7.7032776,723.0,2018-06-10T15:00,15.3,81,12.2,13.8,0.7,0.7,0.0,0.0,53,1012.0,929.6,38,17,31,14,0.25,0.32,14.9,20.9,255,255,42.8,16.8,13.7,12.9,10.9,0.393,0.347,0.29,0.345,1,3600.0,491.0,198.0,293.0,231.1,491.0,1137.1,463.1,186.8,276.4,231.1,463.1,1072.6
2047,2047,41.01933,-7.7032776,723.0,2018-06-10T16:00,15.1,81,11.9,13.2,0.2,0.2,0.0,0.0,51,1012.0,929.5,32,20,22,1,0.27,0.32,17.7,24.9,258,259,41.8,17.0,13.9,12.9,10.9,0.391,0.347,0.29,0.345,1,3600.0,583.0,406.0,177.0,543.4,583.0,991.4,530.9,369.7,161.2,543.4,530.9,902.8
2046,2046,41.01933,-7.7032776,723.0,2018-06-10T17:00,14.5,79,10.9,12.2,0.1,0.1,0.0,0.0,51,1012.3,929.6,38,30,19,0,0.22,0.34,17.3,24.5,271,270,42.1,16.8,14.1,12.9,10.9,0.388,0.348,0.29,0.345,1,3600.0,462.0,329.0,133.0,544.8,462.0,801.4,400.5,285.2,115.3,544.8,400.5,694.7
2045,2045,41.01933,-7.7032776,723.0,2018-06-10T18:00,13.5,81,10.2,11.3,0.1,0.1,0.0,0.0,51,1012.7,929.7,31,20,21,0,0.15,0.3,15.1,21.6,269,268,40.3,16.3,14.2,12.9,10.9,0.385,0.349,0.291,0.345,1,3600.0,304.0,200.0,104.0,457.6,304.0,580.0,242.4,159.5,82.9,457.6,242.4,462.5
2044,2044,41.01933,-7.7032776,723.0,2018-06-10T19:00,12.6,84,9.9,10.9,0.0,0.0,0.0,0.0,1,1013.3,930.0,29,22,16,0,0.08,0.24,11.9,18.0,267,268,34.9,15.6,14.3,12.9,10.9,0.383,0.349,0.291,0.345,1,3600.0,157.0,91.0,66.0,352.7,157.0,342.4,101.9,59.0,42.8,352.7,101.9,222.1
2043,2043,41.01933,-7.7032776,723.0,2018-06-10T20:00,11.3,90,9.8,10.0,0.0,0.0,0.0,0.0,2,1013.5,929.9,52,52,8,0,0.02,0.13,8.5,17.4,258,264,27.4,14.6,14.3,13.0,10.9,0.381,0.35,0.291,0.345,1,1174.34,37.0,16.0,21.0,133.5,37.0,104.6,0.0,0.0,0.0,0.0,0.0,0.0
2042,2042,41.01933,-7.7032776,723.0,2018-06-10T21:00,10.4,95,9.6,9.3,0.0,0.0,0.0,0.0,3,1014.2,930.2,87,93,5,0,0.0,0.07,6.3,16.0,246,262,21.6,13.7,14.3,13.0,10.9,0.379,0.35,0.291,0.345,0,0.0,0.0,0.0,0.0,0.0,0.0,0.0,0.0,0.0,0.0,0.0,0.0,0.0
2041,2041,41.01933,-7.7032776,723.0,2018-06-10T22:00,10.7,94,9.8,9.7,0.0,0.0,0.0,0.0,2,1014.7,930.8,62,64,7,0,0.0,0.08,6.8,15.9,245,257,18.4,13.2,14.2,13.0,10.9,0.377,0.35,0.291,0.345,0,0.0,0.0,0.0,0.0,0.0,0.0,0.0,0.0,0.0,0.0,0.0,0.0,0.0
2040,2040,41.01933,-7.7032776,723.0,2018-06-10T23:00,10.5,96,9.9,9.6,0.0,0.0,0.0,0.0,3,1014.8,930.8,95,100,8,0,0.0,0.05,6.3,15.3,246,261,18.0,12.8,14.1,13.0,10.9,0.376,0.351,0.291,0.345,0,0.0,0.0,0.0,0.0,0.0,0.0,0.0,0.0,0.0,0.0,0.0,0.0,0.0
2039,2039,41.01933,-7.7032776,723.0,2018-06-11T00:00,10.1,96,9.5,9.0,0.0,0.0,0.0,0.0,3,1015.5,931.4,94,97,12,0,0.0,0.05,6.6,16.7,248,263,18.4,12.9,14.1,13.0,10.9,0.374,0.35,0.291,0.345,0,0.0,0.0,0.0,0.0,0.0,0.0,0.0,0.0,0.0,0.0,0.0,0.0,0.0
2038,2038,41.01933,-7.7032776,723.0,2018-06-11T01:00,10.3,95,9.5,9.0,0.0,0.0,0.0,0.0,1,1015.2,931.1,40,32,19,0,0.0,0.07,8.3,16.3,252,262,21.2,12.6,13.9,13.0,10.9,0.373,0.35,0.291,0.345,0,0.0,0.0,0.0,0.0,0.0,0.0,0.0,0.0,0.0,0.0,0.0,0.0,0.0
2037,2037,41.01933,-7.7032776,723.0,2018-06-11T02:00,9.5,97,9.1,8.6,0.0,0.0,0.0,0.0,2,1014.9,930.6,76,76,13,0,0.0,0.04,4.2,12.6,250,268,19.8,12.2,13.8,13.0,10.9,0.372,0.351,0.291,0.345,0,0.0,0.0,0.0,0.0,0.0,0.0,0.0,0.0,0.0,0.0,0.0,0.0,0.0
2036,2036,41.01933,-7.7032776,723.0,2018-06-11T03:00,10.1,95,9.4,9.2,0.0,0.0,0.0,0.0,3,1014.9,930.8,92,100,3,0,0.0,0.06,5.1,12.0,266,277,15.5,12.1,13.7,13.0,10.9,0.371,0.351,0.291,0.345,0,0.0,0.0,0.0,0.0,0.0,0.0,0.0,0.0,0.0,0.0,0.0,0.0,0.0
2035,2035,41.01933,-7.7032776,723.0,2018-06-11T04:00,10.6,93,9.5,9.6,0.0,0.0,0.0,0.0,3,1015.0,931.0,91,100,1,0,0.0,0.09,5.4,9.2,278,281,16.9,12.1,13.6,13.0,10.9,0.37,0.351,0.291,0.345,0,0.0,0.0,0.0,0.0,0.0,0.0,0.0,0.0,0.0,0.0,0.0,0.0,0.0
2034,2034,41.01933,-7.7032776,723.0,2018-06-11T05:00,10.7,94,9.7,10.0,0.0,0.0,0.0,0.0,3,1015.2,931.2,90,100,0,0,0.0,0.08,4.2,6.9,301,298,15.1,12.2,13.5,13.0,10.9,0.369,0.351,0.291,0.345,1,0.0,0.0,0.0,0.0,0.0,0.0,0.0,0.0,0.0,0.0,0.0,0.0,0.0
2033,2033,41.01933,-7.7032776,723.0,2018-06-11T06:00,11.0,94,10.0,10.2,0.0,0.0,0.0,0.0,3,1015.4,931.5,90,100,0,0,0.02,0.08,5.4,6.9,312,313,15.1,12.3,13.4,13.0,10.9,0.368,0.351,0.291,0.345,1,0.0,17.0,1.0,16.0,8.4,17.0,102.0,36.6,2.2,34.4,13.0,23.7,219.4
2032,2032,41.01933,-7.7032776,723.0,2018-06-11T07:00,11.9,86,9.7,10.4,0.1,0.1,0.0,0.0,51,1015.2,931.6,51,56,1,0,0.05,0.19,10.0,13.3,311,308,22.7,12.6,13.3,13.0,10.9,0.368,0.351,0.291,0.345,1,0.0,85.0,10.0,75.0,39.1,85.0,339.7,115.1,13.5,101.5,39.1,115.1,459.9
2031,2031,41.01933,-7.7032776,723.0,2018-06-11T08:00,13.4,76,9.3,11.6,0.0,0.0,0.0,0.0,1,1015.4,932.2,43,47,1,0,0.15,0.36,10.5,13.3,311,308,24.8,13.4,13.3,13.0,10.9,0.366,0.351,0.291,0.345,1,3600.0,299.0,154.0,145.0,353.9,299.0,577.4,358.5,184.6,173.8,353.9,358.5,692.2
2030,2030,41.01933,-7.7032776,723.0,2018-06-11T09:00,14.7,69,9.1,12.8,0.0,0.0,0.0,0.0,1,1015.4,932.6,24,26,1,0,0.26,0.52,11.2,14.3,320,317,27.4,14.6,13.3,13.0,10.9,0.364,0.351,0.291,0.345,1,3600.0,506.0,352.0,154.0,584.5,506.0,799.0,570.3,396.8,173.6,584.5,570.3,900.6
2029,2029,41.01933,-7.7032776,723.0,2018-06-11T10:00,15.9,63,8.7,14.4,0.0,0.0,0.0,0.0,2,1015.3,932.8,56,62,0,0,0.36,0.68,12.3,15.9,322,321,30.2,15.8,13.4,13.0,10.9,0.362,0.35,0.291,0.345,1,3600.0,677.0,486.0,191.0,651.7,677.0,989.5,732.7,526.0,206.7,651.7,732.7,1071.0
2028,2028,41.01933,-7.7032776,723.0,2018-06-11T11:00,16.5,61,8.9,15.0,0.0,0.0,0.0,0.0,3,1015.5,933.1,90,100,0,0,0.39,0.74,13.8,17.9,321,320,32.8,16.8,13.6,13.0,10.9,0.36,0.349,0.291,0.345,1,3600.0,702.0,403.0,299.0,470.8,702.0,1135.8,736.5,422.8,313.7,470.8,736.5,1191.6
2027,2027,41.01933,-7.7032776,723.0,2018-06-11T12:00,16.6,62,9.2,14.4,0.2,0.2,0.0,0.0,51,1016.0,933.6,96,100,10,0,0.27,0.72,13.6,17.4,323,322,35.3,16.9,13.7,13.0,10.9,0.36,0.35,0.292,0.345,1,955.15,422.0,85.0,337.0,91.8,422.0,1228.0,431.0,86.8,344.2,91.8,431.0,1254.3
2026,2026,41.01933,-7.7032776,723.0,2018-06-11T13:00,16.5,65,9.9,14.7,0.2,0.2,0.0,0.0,51,1015.8,933.4,49,29,38,0,0.34,0.66,14.0,18.1,318,317,33.1,17.4,14.0,13.0,10.9,0.359,0.349,0.292,0.345,1,3600.0,597.0,208.0,389.0,219.1,597.0,1259.8,594.6,207.2,387.5,219.1,594.6,1254.8
2025,2025,41.01933,-7.7032776,723.0,2018-06-11T14:00,16.9,63,9.8,15.4,0.2,0.2,0.0,0.0,51,1015.7,933.4,59,39,40,0,0.39,0.71,15.9,20.6,308,306,36.7,18.0,14.2,13.0,10.9,0.359,0.348,0.292,0.345,1,3600.0,717.0,522.0,195.0,563.5,717.0,1229.0,696.0,506.7,189.3,563.5,696.0,1193.1
2024,2024,41.01933,-7.7032776,723.0,2018-06-11T15:00,16.1,70,10.6,13.7,0.6,0.6,0.0,0.0,53,1015.9,933.4,57,34,44,0,0.31,0.55,19.2,25.9,300,299,42.5,18.0,14.4,13.0,10.9,0.362,0.348,0.292,0.345,1,3600.0,598.0,409.0,189.0,476.9,598.0,1137.8,564.1,385.8,178.3,476.9,564.1,1073.4
2023,2023,41.01933,-7.7032776,723.0,2018-06-11T16:00,15.4,77,11.3,12.9,0.1,0.1,0.0,0.0,51,1016.0,933.3,64,45,39,0,0.25,0.41,19.2,26.4,300,299,43.9,17.8,14.6,13.0,10.9,0.362,0.348,0.292,0.345,1,3600.0,506.0,322.0,184.0,430.5,506.0,992.4,460.9,293.3,167.6,430.5,460.9,903.9
2022,2022,41.01933,-7.7032776,723.0,2018-06-11T17:00,15.3,77,11.3,13.0,0.0,0.0,0.0,0.0,2,1016.1,933.4,67,55,29,0,0.2,0.4,18.7,25.8,304,303,43.2,17.5,14.8,13.0,10.9,0.36,0.348,0.292,0.345,1,3600.0,388.0,225.0,163.0,371.9,388.0,802.6,336.5,195.1,141.4,371.9,336.5,696.0
2021,2021,41.01933,-7.7032776,723.0,2018-06-11T18:00,14.7,80,11.3,12.7,0.0,0.0,0.0,0.0,2,1016.1,933.2,76,68,25,0,0.14,0.33,16.7,23.2,307,306,41.4,17.0,14.9,13.0,10.9,0.359,0.347,0.292,0.345,1,3600.0,273.0,146.0,127.0,333.1,273.0,581.5,217.9,116.5,101.4,333.1,217.9,464.1
2020,2020,41.01933,-7.7032776,723.0,2018-06-11T19:00,14.2,82,11.1,12.3,0.0,0.0,0.0,0.0,3,1016.2,933.1,98,93,23,0,0.08,0.3,14.7,21.7,306,306,36.7,16.4,15.0,13.0,10.9,0.358,0.347,0.292,0.345,1,3600.0,136.0,50.0,86.0,192.8,136.0,344.0,88.5,32.5,56.0,192.8,88.5,223.8
2019,2019,41.01933,-7.7032776,723.0,2018-06-11T20:00,13.4,88,11.4,12.5,0.0,0.0,0.0,0.0,3,1016.7,933.4,86,76,29,0,0.02,0.19,8.9,15.6,310,308,32.0,15.7,15.1,13.0,10.9,0.358,0.347,0.292,0.345,1,0.0,25.0,3.0,22.0,24.9,25.0,106.4,0.0,0.0,0.0,0.0,0.0,0.0
2018,2018,41.01933,-7.7032776,723.0,2018-06-11T21:00,12.6,93,11.6,12.2,0.0,0.0,0.0,0.0,3,1017.2,933.6,87,79,27,0,0.0,0.1,6.2,13.7,306,305,20.9,15.0,15.0,13.0,10.9,0.357,0.347,0.292,0.345,0,0.0,0.0,0.0,0.0,0.0,0.0,0.0,0.0,0.0,0.0,0.0,0.0,0.0
2017,2017,41.01933,-7.7032776,723.0,2018-06-11T22:00,12.4,95,11.7,12.0,0.0,0.0,0.0,0.0,3,1017.7,934.0,87,77,29,0,0.0,0.06,6.5,14.2,289,300,16.6,14.5,15.0,13.0,10.9,0.357,0.347,0.292,0.345,0,0.0,0.0,0.0,0.0,0.0,0.0,0.0,0.0,0.0,0.0,0.0,0.0,0.0
2016,2016,41.01933,-7.7032776,723.0,2018-06-11T23:00,11.9,98,11.6,11.6,0.0,0.0,0.0,0.0,3,1017.6,933.8,88,86,18,0,0.0,0.03,5.2,13.4,295,306,16.2,14.1,14.9,13.0,11.0,0.356,0.347,0.292,0.345,0,0.0,0.0,0.0,0.0,0.0,0.0,0.0,0.0,0.0,0.0,0.0,0.0,0.0
2015,2015,41.01933,-7.7032776,723.0,2018-06-12T00:00,12.0,99,11.9,11.5,0.0,0.0,0.0,0.0,3,1018.3,934.5,92,94,3,17,0.0,0.01,7.3,14.6,303,308,16.6,14.3,14.8,13.0,11.0,0.353,0.347,0.292,0.345,0,0.0,0.0,0.0,0.0,0.0,0.0,0.0,0.0,0.0,0.0,0.0,0.0,0.0
2014,2014,41.01933,-7.7032776,723.0,2018-06-12T01:00,12.1,99,12.0,11.4,0.0,0.0,0.0,0.0,3,1018.2,934.4,96,100,2,16,0.0,0.01,9.2,15.3,312,313,21.2,14.1,14.7,13.0,11.0,0.353,0.346,0.292,0.345,0,0.0,0.0,0.0,0.0,0.0,0.0,0.0,0.0,0.0,0.0,0.0,0.0,0.0
2013,2013,41.01933,-7.7032776,723.0,2018-06-12T02:00,11.9,99,11.8,11.4,0.0,0.0,0.0,0.0,3,1018.0,934.2,92,100,0,6,0.0,0.01,6.8,11.8,302,308,19.8,13.8,14.7,13.0,11.0,0.353,0.346,0.292,0.345,0,0.0,0.0,0.0,0.0,0.0,0.0,0.0,0.0,0.0,0.0,0.0,0.0,0.0
2012,2012,41.01933,-7.7032776,723.0,2018-06-12T03:00,11.9,99,11.7,11.5,0.0,0.0,0.0,0.0,3,1018.1,934.2,90,100,0,0,0.0,0.01,6.1,10.3,298,306,15.5,13.7,14.6,13.0,11.0,0.352,0.346,0.292,0.345,0,0.0,0.0,0.0,0.0,0.0,0.0,0.0,0.0,0.0,0.0,0.0,0.0,0.0
2011,2011,41.01933,-7.7032776,723.0,2018-06-12T04:00,11.6,100,11.6,11.2,0.0,0.0,0.0,0.0,3,1018.0,934.1,90,100,0,0,0.0,0.0,6.0,10.9,295,304,14.4,13.5,14.5,13.0,11.0,0.352,0.346,0.292,0.345,0,0.0,0.0,0.0,0.0,0.0,0.0,0.0,0.0,0.0,0.0,0.0,0.0,0.0
2010,2010,41.01933,-7.7032776,723.0,2018-06-12T05:00,11.6,99,11.5,11.1,0.0,0.0,0.0,0.0,3,1018.3,934.4,90,100,0,0,0.0,0.01,6.6,11.8,311,310,15.5,13.3,14.4,13.1,11.0,0.352,0.346,0.292,0.345,1,0.0,0.0,0.0,0.0,0.0,0.0,0.0,0.0,0.0,0.0,0.0,0.0,0.0
2009,2009,41.01933,-7.7032776,723.0,2018-06-12T06:00,11.9,98,11.6,11.2,0.0,0.0,0.0,0.0,3,1018.5,934.6,90,100,0,0,0.01,0.02,7.9,12.7,317,317,18.0,13.4,14.3,13.1,11.0,0.352,0.346,0.292,0.345,1,0.0,22.0,2.0,20.0,16.8,22.0,102.3,47.2,4.3,42.9,25.9,30.6,219.6
2008,2008,41.01933,-7.7032776,723.0,2018-06-12T07:00,12.5,95,11.7,11.7,0.0,0.0,0.0,0.0,1,1018.7,935.0,47,52,0,0,0.05,0.07,9.5,13.1,323,323,21.6,13.7,14.2,13.1,11.0,0.351,0.346,0.292,0.345,1,2182.6,106.0,34.0,72.0,132.8,106.0,339.7,143.5,46.0,97.5,132.8,143.5,459.9
2007,2007,41.01933,-7.7032776,723.0,2018-06-12T08:00,14.0,84,11.4,13.1,0.0,0.0,0.0,0.0,3,1018.7,935.4,88,98,0,0,0.14,0.25,9.2,11.8,334,333,23.8,14.4,14.2,13.1,11.0,0.351,0.346,0.292,0.345,1,3600.0,269.0,132.0,137.0,303.3,269.0,577.3,322.5,158.2,164.2,303.3,322.5,692.1
2006,2006,41.01933,-7.7032776,723.0,2018-06-12T09:00,14.9,80,11.5,14.1,0.0,0.0,0.0,0.0,3,1019.1,936.0,90,100,0,0,0.18,0.34,8.4,10.5,340,338,23.0,15.2,14.2,13.1,11.0,0.35,0.345,0.292,0.345,1,1836.37,322.0,73.0,249.0,121.2,322.0,798.9,362.9,82.3,280.7,121.2,362.9,900.5
2005,2005,41.01933,-7.7032776,723.0,2018-06-12T10:00,16.3,73,11.4,15.4,0.0,0.0,0.0,0.0,3,1019.1,936.4,88,98,0,0,0.26,0.5,8.5,10.8,332,330,22.3,16.3,14.3,13.1,11.0,0.348,0.345,0.292,0.345,1,2664.88,463.0,111.0,352.0,148.8,463.0,989.3,501.1,120.1,381.0,148.8,501.1,1070.8
2004,2004,41.01933,-7.7032776,723.0,2018-06-12T11:00,17.5,66,11.1,16.4,0.1,0.1,0.0,0.0,51,1019.1,936.7,90,100,0,0,0.32,0.68,10.0,12.9,330,330,25.2,17.2,14.4,13.1,11.0,0.347,0.344,0.292,0.345,1,3600.0,535.0,175.0,360.0,204.4,535.0,1135.7,561.3,183.6,377.7,204.4,561.3,1191.5
2003,2003,41.01933,-7.7032776,723.0,2018-06-12T12:00,17.6,70,12.1,16.6,0.0,0.0,0.0,0.0,3,1019.7,937.3,92,100,4,0,0.3,0.61,11.4,14.9,342,340,28.8,17.6,14.5,13.1,11.0,0.347,0.344,0.293,0.345,1,1861.9,510.0,113.0,397.0,122.1,510.0,1228.0,520.9,115.4,405.5,122.1,520.9,1254.4
2002,2002,41.01933,-7.7032776,723.0,2018-06-12T13:00,18.0,69,12.3,16.7,0.0,0.0,0.0,0.0,2,1019.6,937.3,67,71,5,0,0.31,0.63,13.5,17.6,326,325,32.0,18.1,14.7,13.1,11.0,0.346,0.344,0.293,0.345,1,2558.57,516.0,138.0,378.0,145.3,516.0,1260.0,514.0,137.5,376.5,145.3,514.0,1255.1
2001,2001,41.01933,-7.7032776,723.0,2018-06-12T14:00,18.8,65,12.1,18.4,0.0,0.0,0.0,0.0,0,1019.3,937.2,18,18,3,0,0.43,0.76,14.5,18.7,325,322,34.6,19.0,15.0,13.1,11.0,0.344,0.343,0.293,0.345,1,3600.0,756.0,435.0,321.0,469.3,756.0,1229.4,734.0,422.3,311.7,469.3,734.0,1193.6
2000,2000,41.01933,-7.7032776,723.0,2018-06-12T15:00,19.4,61,11.8,19.2,0.0,0.0,0.0,0.0,0,1018.9,937.0,10,7,6,0,0.46,0.87,14.3,18.6,326,324,34.9,19.7,15.2,13.1,11.0,0.342,0.342,0.293,0.345,1,3600.0,793.0,616.0,177.0,717.7,793.0,1138.4,748.2,581.2,167.0,717.7,748.2,1074.2
1999,1999,41.01933,-7.7032776,723.0,2018-06-12T16:00,19.5,59,11.4,18.6,0.0,0.0,0.0,0.0,1,1018.7,936.9,39,38,8,0,0.41,0.92,14.7,19.8,329,327,34.9,20.1,15.5,13.1,11.0,0.34,0.341,0.293,0.345,1,3600.0,697.0,566.0,131.0,755.9,697.0,993.2,635.0,515.6,119.3,755.9,635.0,904.9
1998,1998,41.01933,-7.7032776,723.0,2018-06-12T17:00,19.1,61,11.5,17.3,0.0,0.0,0.0,0.0,2,1018.7,936.8,66,69,7,0,0.32,0.86,15.4,20.9,327,324,35.3,20.0,15.8,13.1,11.0,0.338,0.34,0.293,0.345,1,3600.0,543.0,392.0,151.0,646.9,543.0,803.7,471.1,340.1,131.0,646.9,471.1,697.3
1997,1997,41.01933,-7.7032776,723.0,2018-06-12T18:00,18.0,69,12.2,16.5,0.0,0.0,0.0,0.0,0,1018.8,936.6,11,8,7,0,0.2,0.64,14.3,19.8,326,323,35.3,19.4,16.0,13.1,11.0,0.337,0.34,0.293,0.345,1,3600.0,319.0,176.0,143.0,400.6,319.0,582.8,254.8,140.6,114.2,400.6,254.8,465.5
1996,1996,41.01933,-7.7032776,723.0,2018-06-12T19:00,16.5,79,12.9,15.4,0.0,0.0,0.0,0.0,0,1019.2,936.5,8,8,1,0,0.1,0.39,13.2,20.2,313,311,31.7,18.6,16.1,13.1,11.0,0.336,0.339,0.293,0.345,1,3600.0,187.0,118.0,69.0,453.0,187.0,345.5,122.0,77.0,45.0,453.0,122.0,225.4
1995,1995,41.01933,-7.7032776,723.0,2018-06-12T20:00,14.3,92,13.1,14.0,0.0,0.0,0.0,0.0,0,1019.5,936.2,15,17,0,0,0.02,0.12,8.6,19.4,303,305,29.2,17.4,16.2,13.1,11.0,0.336,0.339,0.293,0.345,1,1727.01,44.0,20.0,24.0,165.2,44.0,108.1,0.0,0.0,0.0,0.0,0.0,0.0
1994,1994,41.01933,-7.7032776,723.0,2018-06-12T21:00,13.3,96,12.6,13.1,0.0,0.0,0.0,0.0,0,1020.2,936.6,15,17,0,0,0.0,0.06,6.6,18.1,299,305,21.2,16.3,16.2,13.2,11.0,0.336,0.339,0.293,0.345,0,0.0,0.0,0.0,0.0,0.0,0.0,0.0,0.0,0.0,0.0,0.0,0.0,0.0
1993,1993,41.01933,-7.7032776,723.0,2018-06-12T22:00,12.4,98,12.1,12.3,0.0,0.0,0.0,0.0,0,1020.7,936.8,14,16,0,0,0.0,0.03,5.3,14.3,298,309,17.6,15.4,16.1,13.2,11.0,0.336,0.339,0.293,0.345,0,0.0,0.0,0.0,0.0,0.0,0.0,0.0,0.0,0.0,0.0,0.0,0.0,0.0
1992,1992,41.01933,-7.7032776,723.0,2018-06-12T23:00,11.1,100,11.0,10.3,0.0,0.0,0.0,0.0,1,1020.9,936.6,27,30,0,0,0.0,0.0,7.3,11.7,290,315,14.8,14.6,16.0,13.2,11.0,0.336,0.339,0.293,0.345,0,0.0,0.0,0.0,0.0,0.0,0.0,0.0,0.0,0.0,0.0,0.0,0.0,0.0
1991,1991,41.01933,-7.7032776,723.0,2018-06-13T00:00,11.4,100,11.4,11.0,0.0,0.0,0.0,0.0,3,1021.4,937.1,89,99,0,0,0.0,0.0,5.7,6.6,252,311,15.1,14.5,15.8,13.2,11.0,0.334,0.339,0.293,0.345,0,0.0,0.0,0.0,0.0,0.0,0.0,0.0,0.0,0.0,0.0,0.0,0.0,0.0
1990,1990,41.01933,-7.7032776,723.0,2018-06-13T01:00,11.2,100,11.2,11.1,0.0,0.0,0.0,0.0,3,1021.3,937.0,90,100,0,0,0.0,0.0,3.6,8.4,270,340,9.7,14.0,15.6,13.2,11.0,0.335,0.339,0.293,0.345,0,0.0,0.0,0.0,0.0,0.0,0.0,0.0,0.0,0.0,0.0,0.0,0.0,0.0
1989,1989,41.01933,-7.7032776,723.0,2018-06-13T02:00,10.3,100,10.3,9.7,0.0,0.0,0.0,0.0,3,1021.4,936.8,90,100,0,0,0.0,0.0,4.7,8.3,266,360,10.1,13.6,15.5,13.2,11.0,0.335,0.338,0.293,0.345,0,0.0,0.0,0.0,0.0,0.0,0.0,0.0,0.0,0.0,0.0,0.0,0.0,0.0
1988,1988,41.01933,-7.7032776,723.0,2018-06-13T03:00,10.2,99,10.1,10.1,0.0,0.0,0.0,0.0,3,1021.5,936.9,89,99,0,0,0.0,0.01,1.3,7.1,236,24,10.4,13.3,15.3,13.2,11.0,0.335,0.338,0.293,0.345,0,0.0,0.0,0.0,0.0,0.0,0.0,0.0,0.0,0.0,0.0,0.0,0.0,0.0
1987,1987,41.01933,-7.7032776,723.0,2018-06-13T04:00,9.9,99,9.8,9.7,0.0,0.0,0.0,0.0,3,1021.1,936.4,90,100,0,0,0.0,0.01,0.8,6.7,207,54,7.2,13.0,15.1,13.2,11.0,0.335,0.338,0.293,0.345,0,0.0,0.0,0.0,0.0,0.0,0.0,0.0,0.0,0.0,0.0,0.0,0.0,0.0
1986,1986,41.01933,-7.7032776,723.0,2018-06-13T05:00,9.4,99,9.3,9.1,0.0,0.0,0.0,0.0,3,1021.0,936.2,90,100,0,0,0.0,0.01,0.8,6.8,207,58,6.1,12.7,14.9,13.2,11.0,0.335,0.338,0.293,0.345,1,0.0,0.0,0.0,0.0,0.0,0.0,0.0,0.0,0.0,0.0,0.0,0.0,0.0
1985,1985,41.01933,-7.7032776,723.0,2018-06-13T06:00,10.5,96,9.8,10.1,0.0,0.0,0.0,0.0,3,1021.4,936.9,90,100,0,0,0.01,0.05,2.1,7.1,239,41,8.6,12.6,14.7,13.2,11.0,0.335,0.338,0.293,0.345,1,0.0,33.0,6.0,27.0,50.4,33.0,102.5,70.7,12.9,57.9,77.6,46.0,219.7
1984,1984,41.01933,-7.7032776,723.0,2018-06-13T07:00,11.7,95,10.9,11.4,0.0,0.0,0.0,0.0,3,1021.8,937.6,81,90,0,0,0.06,0.07,3.8,5.6,17,27,13.3,13.3,14.6,13.2,11.0,0.334,0.338,0.293,0.345,1,3587.06,145.0,46.0,99.0,179.6,145.0,339.7,196.2,62.3,134.0,179.6,196.2,459.8
1983,1983,41.01933,-7.7032776,723.0,2018-06-13T08:00,12.8,90,11.2,12.2,0.0,0.0,0.0,0.0,1,1022.0,938.1,28,31,0,0,0.14,0.14,6.4,8.4,27,31,19.1,14.3,14.5,13.2,11.0,0.334,0.337,0.293,0.345,1,3600.0,300.0,129.0,171.0,296.4,300.0,577.2,359.6,154.6,205.0,296.4,359.6,691.9
1982,1982,41.01933,-7.7032776,723.0,2018-06-13T09:00,14.6,80,11.2,13.7,0.0,0.0,0.0,0.0,1,1021.4,938.0,26,9,0,58,0.25,0.34,8.7,10.7,45,48,23.4,15.5,14.5,13.3,11.0,0.333,0.337,0.293,0.345,1,3600.0,508.0,340.0,168.0,564.6,508.0,798.7,572.6,383.2,189.4,564.6,572.6,900.3
1981,1981,41.01933,-7.7032776,723.0,2018-06-13T10:00,16.4,73,11.4,16.5,0.0,0.0,0.0,0.0,1,1021.3,938.4,22,7,0,53,0.38,0.51,8.7,10.9,45,46,24.5,17.0,14.6,13.3,11.0,0.331,0.336,0.293,0.345,1,3600.0,715.0,573.0,142.0,768.3,715.0,989.1,773.9,620.2,153.7,768.3,773.9,1070.6
1980,1980,41.01933,-7.7032776,723.0,2018-06-13T11:00,17.8,66,11.4,18.9,0.0,0.0,0.0,0.0,1,1021.1,938.6,32,11,0,73,0.49,0.68,8.3,9.8,34,36,24.8,18.5,14.8,13.3,11.0,0.329,0.335,0.293,0.345,1,3600.0,874.0,737.0,137.0,860.8,874.0,1135.5,917.0,773.3,143.7,860.8,917.0,1191.4
1979,1979,41.01933,-7.7032776,723.0,2018-06-13T12:00,19.0,60,11.1,20.6,0.0,0.0,0.0,0.0,1,1020.8,938.7,32,14,0,64,0.56,0.88,8.1,9.5,13,11,25.2,19.6,14.6,13.2,11.0,0.327,0.334,0.292,0.345,1,3600.0,959.0,813.0,146.0,878.0,959.0,1228.0,979.6,830.5,149.1,878.0,979.6,1254.4
1978,1978,41.01933,-7.7032776,723.0,2018-06-13T13:00,19.8,52,9.8,20.9,0.0,0.0,0.0,0.0,1,1020.4,938.5,33,7,0,88,0.58,1.1,8.5,10.2,12,8,24.5,20.6,15.0,13.2,11.0,0.324,0.333,0.292,0.345,1,3600.0,962.0,763.0,199.0,803.0,962.0,1260.1,958.3,760.1,198.2,803.0,958.3,1255.3
1977,1977,41.01933,-7.7032776,723.0,2018-06-13T14:00,20.2,50,9.6,21.3,0.0,0.0,0.0,0.0,1,1020.1,938.4,34,6,1,95,0.58,1.18,8.2,9.9,15,10,24.5,21.3,15.4,13.3,11.0,0.321,0.331,0.292,0.345,1,3600.0,946.0,764.0,182.0,823.9,946.0,1229.7,918.5,741.8,176.7,823.9,918.5,1194.1
1976,1976,41.01933,-7.7032776,723.0,2018-06-13T15:00,20.8,52,10.7,21.9,0.0,0.0,0.0,0.0,1,1019.5,937.9,36,6,5,91,0.53,1.17,5.8,7.2,360,354,23.4,21.7,15.7,13.3,11.0,0.319,0.33,0.292,0.345,1,3600.0,837.0,621.0,216.0,723.0,837.0,1139.0,789.9,586.0,203.8,723.0,789.9,1074.8
1975,1975,41.01933,-7.7032776,723.0,2018-06-13T16:00,21.1,54,11.4,21.1,0.0,0.0,0.0,0.0,1,1018.9,937.5,26,1,0,84,0.43,1.16,7.8,9.5,338,335,20.2,21.8,16.1,13.3,11.0,0.317,0.33,0.292,0.345,1,3600.0,668.0,471.0,197.0,628.4,668.0,994.1,608.7,429.2,179.5,628.4,608.7,905.8
1974,1974,41.01933,-7.7032776,723.0,2018-06-13T17:00,21.0,54,11.2,19.9,0.0,0.0,0.0,0.0,1,1018.6,937.2,23,0,0,78,0.35,1.15,9.8,12.7,336,335,23.4,21.5,16.4,13.3,11.0,0.316,0.329,0.292,0.345,1,3600.0,546.0,399.0,147.0,657.5,546.0,804.8,473.9,346.3,127.6,657.5,473.9,698.4
1973,1973,41.01933,-7.7032776,723.0,2018-06-13T18:00,20.3,57,11.5,19.1,0.0,0.0,0.0,0.0,1,1018.5,936.9,29,3,1,85,0.24,1.02,11.3,15.9,329,327,25.2,20.9,16.6,13.3,11.0,0.315,0.328,0.292,0.345,1,3600.0,371.0,263.0,108.0,597.1,371.0,584.1,296.6,210.2,86.3,597.1,296.6,466.9
1972,1972,41.01933,-7.7032776,723.0,2018-06-13T19:00,18.5,70,12.8,17.6,0.0,0.0,0.0,0.0,1,1018.6,936.5,30,6,0,82,0.12,0.65,12.3,20.9,320,316,28.1,19.9,16.8,13.3,11.0,0.314,0.328,0.292,0.345,1,3600.0,183.0,103.0,80.0,393.7,183.0,347.0,119.7,67.4,52.3,393.7,119.7,226.9
1971,1971,41.01933,-7.7032776,723.0,2018-06-13T20:00,16.0,80,12.5,15.8,0.0,0.0,0.0,0.0,1,1018.7,935.9,29,3,0,88,0.03,0.37,6.5,18.0,304,307,27.4,18.7,16.9,13.3,11.0,0.314,0.328,0.292,0.345,1,778.85,42.0,13.0,29.0,106.8,42.0,109.6,0.0,0.0,0.0,0.0,0.0,0.0
1970,1970,41.01933,-7.7032776,723.0,2018-06-13T21:00,14.1,88,12.2,13.7,0.0,0.0,0.0,0.0,1,1019.3,936.0,31,1,0,99,0.0,0.19,7.5,13.7,287,315,17.3,17.3,16.9,13.3,11.0,0.315,0.327,0.292,0.345,0,0.0,0.0,0.0,0.0,0.0,0.0,0.0,0.0,0.0,0.0,0.0,0.0,0.0
1969,1969,41.01933,-7.7032776,723.0,2018-06-13T22:00,13.7,87,11.7,13.4,0.0,0.0,0.0,0.0,1,1019.6,936.1,26,0,0,88,0.0,0.2,5.8,8.5,266,332,15.8,16.2,16.8,13.4,11.0,0.315,0.327,0.292,0.345,0,0.0,0.0,0.0,0.0,0.0,0.0,0.0,0.0,0.0,0.0,0.0,0.0,0.0
1968,1968,41.01933,-7.7032776,723.0,2018-06-13T23:00,15.3,81,12.1,15.2,0.0,0.0,0.0,0.0,1,1019.6,936.6,32,0,14,80,0.0,0.33,4.7,6.8,274,342,11.5,15.3,16.7,13.4,11.0,0.315,0.327,0.292,0.345,0,0.0,0.0,0.0,0.0,0.0,0.0,0.0,0.0,0.0,0.0,0.0,0.0,0.0
1967,1967,41.01933,-7.7032776,723.0,2018-06-14T00:00,15.3,81,12.0,15.2,0.0,0.0,0.0,0.0,1,1019.5,936.5,24,0,0,80,0.0,0.34,4.9,6.8,343,360,9.7,15.4,16.5,13.4,11.0,0.315,0.327,0.291,0.345,0,0.0,0.0,0.0,0.0,0.0,0.0,0.0,0.0,0.0,0.0,0.0,0.0,0.0
1966,1966,41.01933,-7.7032776,723.0,2018-06-14T01:00,14.8,83,11.9,15.0,0.0,0.0,0.0,0.0,1,1019.3,936.2,25,0,0,83,0.0,0.29,2.5,4.5,352,14,10.1,14.5,16.3,13.4,11.0,0.315,0.326,0.291,0.345,0,0.0,0.0,0.0,0.0,0.0,0.0,0.0,0.0,0.0,0.0,0.0,0.0,0.0
1965,1965,41.01933,-7.7032776,723.0,2018-06-14T02:00,14.4,85,11.9,14.7,0.0,0.0,0.0,0.0,1,1019.1,935.9,26,0,1,84,0.0,0.25,2.2,3.6,261,6,6.5,13.8,16.1,13.4,11.0,0.315,0.326,0.291,0.345,0,0.0,0.0,0.0,0.0,0.0,0.0,0.0,0.0,0.0,0.0,0.0,0.0,0.0
1964,1964,41.01933,-7.7032776,723.0,2018-06-14T03:00,13.7,87,11.7,13.7,0.0,0.0,0.0,0.0,1,1019.2,935.8,24,0,0,80,0.0,0.2,3.3,6.9,49,43,8.6,13.2,15.9,13.4,11.0,0.315,0.326,0.291,0.345,0,0.0,0.0,0.0,0.0,0.0,0.0,0.0,0.0,0.0,0.0,0.0,0.0,0.0
1963,1963,41.01933,-7.7032776,723.0,2018-06-14T04:00,13.2,84,10.6,12.7,0.0,0.0,0.0,0.0,1,1019.3,935.7,26,0,0,85,0.0,0.24,4.6,8.7,18,38,11.2,12.7,15.6,13.4,11.0,0.315,0.326,0.291,0.345,0,0.0,0.0,0.0,0.0,0.0,0.0,0.0,0.0,0.0,0.0,0.0,0.0,0.0
1962,1962,41.01933,-7.7032776,723.0,2018-06-14T05:00,12.3,84,9.6,11.3,0.0,0.0,0.0,0.0,1,1019.4,935.5,27,0,0,90,0.0,0.23,6.2,10.1,350,27,13.3,12.3,15.4,13.4,11.0,0.315,0.326,0.291,0.345,1,0.0,0.0,0.0,0.0,0.0,0.0,0.0,0.0,0.0,0.0,0.0,0.0,0.0
1961,1961,41.01933,-7.7032776,723.0,2018-06-14T06:00,12.0,88,10.1,11.6,0.0,0.0,0.0,0.0,1,1019.6,935.7,25,0,0,82,0.01,0.17,3.3,9.6,354,34,14.4,12.4,15.1,13.4,11.0,0.316,0.326,0.291,0.345,1,906.69,40.0,14.0,26.0,117.7,40.0,102.6,85.7,30.0,55.7,181.0,55.7,219.7
1960,1960,41.01933,-7.7032776,723.0,2018-06-14T07:00,13.6,79,10.0,12.9,0.0,0.0,0.0,0.0,0,1019.8,936.3,18,0,0,59,0.09,0.32,4.9,6.8,17,25,14.8,13.3,15.0,13.5,11.1,0.315,0.326,0.291,0.345,1,3600.0,182.0,107.0,75.0,417.8,182.0,339.6,246.3,144.8,101.5,417.8,246.3,459.6
1959,1959,41.01933,-7.7032776,723.0,2018-06-14T08:00,14.7,76,10.6,14.0,0.0,0.0,0.0,0.0,1,1020.0,936.8,22,0,1,70,0.19,0.39,5.9,7.5,14,17,18.4,14.6,14.9,13.5,11.1,0.315,0.325,0.291,0.345,1,3600.0,368.0,266.0,102.0,611.3,368.0,577.0,441.1,318.9,122.3,611.3,441.1,691.6
1958,1958,41.01933,-7.7032776,723.0,2018-06-14T09:00,16.2,72,11.1,15.6,0.0,0.0,0.0,0.0,0,1020.0,937.2,18,0,2,55,0.3,0.52,6.5,8.1,19,21,20.5,16.1,14.9,13.5,11.1,0.314,0.325,0.291,0.345,1,3600.0,551.0,425.0,126.0,705.8,551.0,798.4,621.1,479.1,142.0,705.8,621.1,900.0
1957,1957,41.01933,-7.7032776,723.0,2018-06-14T10:00,17.9,66,11.5,18.5,0.0,0.0,0.0,0.0,0,1019.6,937.3,13,0,0,42,0.41,0.7,6.4,7.9,27,30,21.2,17.7,15.0,13.5,11.1,0.312,0.324,0.291,0.345,1,3600.0,723.0,593.0,130.0,795.2,723.0,988.8,782.6,641.9,140.7,795.2,782.6,1070.4
1956,1956,41.01933,-7.7032776,723.0,2018-06-14T11:00,19.4,60,11.6,20.6,0.0,0.0,0.0,0.0,0,1019.6,937.7,12,0,0,40,0.51,0.89,7.6,8.9,19,21,22.7,19.2,15.2,13.5,11.1,0.31,0.323,0.291,0.345,1,3600.0,854.0,719.0,135.0,839.7,854.0,1135.3,896.1,754.4,141.6,839.7,896.1,1191.2
1955,1955,41.01933,-7.7032776,723.0,2018-06-14T12:00,20.3,55,10.9,21.7,0.0,0.0,0.0,0.0,0,1019.2,937.5,4,0,0,15,0.57,1.07,8.2,9.7,15,15,24.5,20.5,15.4,13.5,11.1,0.308,0.321,0.29,0.345,1,3600.0,937.0,797.0,140.0,860.7,937.0,1227.9,957.2,814.2,143.0,860.7,957.2,1254.4
1954,1954,41.01933,-7.7032776,723.0,2018-06-14T13:00,21.3,49,10.1,22.7,0.0,0.0,0.0,0.0,0,1018.8,937.4,7,0,0,23,0.61,1.29,7.8,9.5,13,11,23.8,21.5,15.7,13.5,11.1,0.305,0.32,0.29,0.345,1,3600.0,968.0,832.0,136.0,875.4,968.0,1260.2,964.4,828.9,135.5,875.4,964.4,1255.5
1953,1953,41.01933,-7.7032776,723.0,2018-06-14T14:00,21.8,51,11.1,23.3,0.0,0.0,0.0,0.0,1,1018.5,937.3,24,0,0,80,0.6,1.28,7.8,9.5,13,9,23.4,22.3,16.1,13.5,11.1,0.303,0.319,0.29,0.345,1,3600.0,942.0,809.0,133.0,872.0,942.0,1230.1,914.8,785.6,129.2,872.0,914.8,1194.5
1952,1952,41.01933,-7.7032776,723.0,2018-06-14T15:00,22.2,56,13.0,23.9,0.0,0.0,0.0,0.0,1,1018.1,937.0,27,0,0,91,0.55,1.18,7.6,9.4,3,358,22.7,22.8,16.4,13.5,11.1,0.3,0.318,0.29,0.345,1,3600.0,857.0,721.0,136.0,838.9,857.0,1139.6,808.8,680.5,128.4,838.9,808.8,1075.5
1951,1951,41.01933,-7.7032776,723.0,2018-06-14T16:00,22.6,60,14.4,23.9,0.0,0.0,0.0,0.0,0,1017.8,936.9,8,0,0,27,0.47,1.1,8.1,10.1,347,343,21.6,23.0,16.8,13.5,11.1,0.299,0.317,0.29,0.345,1,3600.0,727.0,605.0,122.0,806.3,727.0,994.8,662.6,551.4,111.2,806.3,662.6,906.7
1950,1950,41.01933,-7.7032776,723.0,2018-06-14T17:00,22.4,61,14.4,22.5,0.0,0.0,0.0,0.0,0,1017.8,936.8,20,0,0,65,0.36,1.07,10.0,12.9,334,330,23.8,22.8,17.1,13.5,11.1,0.297,0.316,0.29,0.345,1,3600.0,560.0,451.0,109.0,742.1,560.0,805.8,486.2,391.5,94.6,742.1,486.2,699.6
1949,1949,41.01933,-7.7032776,723.0,2018-06-14T18:00,21.6,64,14.4,21.3,0.0,0.0,0.0,0.0,0,1017.9,936.7,0,0,0,0,0.25,0.94,11.2,15.3,320,317,25.6,22.2,17.4,13.5,11.1,0.296,0.316,0.29,0.345,1,3600.0,375.0,283.0,92.0,641.1,375.0,585.3,300.0,226.4,73.6,641.1,300.0,468.2
1948,1948,41.01933,-7.7032776,723.0,2018-06-14T19:00,20.3,70,14.7,20.6,0.0,0.0,0.0,0.0,0,1018.1,936.5,0,0,0,0,0.12,0.7,8.4,16.1,313,310,25.2,21.2,17.6,13.6,11.1,0.296,0.315,0.29,0.345,1,3600.0,192.0,126.0,66.0,479.6,192.0,348.3,125.9,82.6,43.3,479.6,125.9,228.4
1947,1947,41.01933,-7.7032776,723.0,2018-06-14T20:00,17.8,81,14.4,18.3,0.0,0.0,0.0,0.0,0,1018.2,936.0,0,0,0,0,0.03,0.4,6.7,17.9,306,310,20.2,19.9,17.7,13.6,11.1,0.296,0.315,0.29,0.345,1,1880.94,45.0,21.0,24.0,171.8,45.0,111.1,0.0,0.0,0.0,0.0,0.0,0.0
1946,1946,41.01933,-7.7032776,723.0,2018-06-14T21:00,16.1,90,14.4,16.6,0.0,0.0,0.0,0.0,0,1018.6,935.9,0,0,0,0,0.0,0.18,6.6,12.8,279,308,17.6,18.7,17.7,13.6,11.1,0.296,0.315,0.29,0.345,0,0.0,0.0,0.0,0.0,0.0,0.0,0.0,0.0,0.0,0.0,0.0,0.0,0.0
1945,1945,41.01933,-7.7032776,723.0,2018-06-14T22:00,15.2,93,14.1,15.6,0.0,0.0,0.0,0.0,0,1018.7,935.7,0,0,0,0,0.0,0.12,5.8,9.4,263,310,14.4,17.6,17.7,13.6,11.1,0.297,0.315,0.29,0.345,0,0.0,0.0,0.0,0.0,0.0,0.0,0.0,0.0,0.0,0.0,0.0,0.0,0.0
1944,1944,41.01933,-7.7032776,723.0,2018-06-14T23:00,14.4,95,13.6,14.5,0.0,0.0,0.0,0.0,0,1018.7,935.5,0,0,0,0,0.0,0.08,6.8,9.9,270,316,14.0,16.8,17.6,13.6,11.1,0.297,0.315,0.29,0.345,0,0.0,0.0,0.0,0.0,0.0,0.0,0.0,0.0,0.0,0.0,0.0,0.0,0.0
1943,1943,41.01933,-7.7032776,723.0,2018-06-15T00:00,14.3,97,13.8,14.6,0.0,0.0,0.0,0.0,0,1018.3,935.1,2,2,0,0,0.0,0.05,6.2,8.1,249,302,13.7,16.9,17.4,13.6,11.1,0.295,0.313,0.288,0.345,0,0.0,0.0,0.0,0.0,0.0,0.0,0.0,0.0,0.0,0.0,0.0,0.0,0.0
1942,1942,41.01933,-7.7032776,723.0,2018-06-15T01:00,13.6,97,13.2,13.8,0.0,0.0,0.0,0.0,0,1018.1,934.7,0,0,0,0,0.0,0.04,5.4,7.0,250,305,11.5,16.2,17.3,13.7,11.1,0.296,0.313,0.288,0.345,0,0.0,0.0,0.0,0.0,0.0,0.0,0.0,0.0,0.0,0.0,0.0,0.0,0.0
1941,1941,41.01933,-7.7032776,723.0,2018-06-15T02:00,13.6,96,13.0,13.9,0.0,0.0,0.0,0.0,0,1017.7,934.4,0,0,0,0,0.0,0.06,4.2,5.2,250,304,10.4,15.5,17.1,13.7,11.1,0.296,0.313,0.288,0.345,0,0.0,0.0,0.0,0.0,0.0,0.0,0.0,0.0,0.0,0.0,0.0,0.0,0.0
1940,1940,41.01933,-7.7032776,723.0,2018-06-15T03:00,13.8,95,12.9,14.1,0.0,0.0,0.0,0.0,0,1017.5,934.2,0,0,0,0,0.0,0.08,3.8,4.6,253,315,9.0,15.0,16.9,13.7,11.1,0.296,0.313,0.288,0.345,0,0.0,0.0,0.0,0.0,0.0,0.0,0.0,0.0,0.0,0.0,0.0,0.0,0.0
1939,1939,41.01933,-7.7032776,723.0,2018-06-15T04:00,15.2,90,13.7,15.9,0.0,0.0,0.0,0.0,0,1017.4,934.5,3,3,0,0,0.0,0.16,3.3,4.6,264,321,8.6,14.5,16.7,13.7,11.1,0.296,0.312,0.288,0.345,0,0.0,0.0,0.0,0.0,0.0,0.0,0.0,0.0,0.0,0.0,0.0,0.0,0.0
1938,1938,41.01933,-7.7032776,723.0,2018-06-15T05:00,15.0,91,13.6,15.6,0.0,0.0,0.0,0.0,0,1017.7,934.7,5,6,0,0,0.0,0.15,3.8,4.7,287,328,8.6,14.2,16.5,13.7,11.1,0.296,0.312,0.288,0.344,1,0.0,0.0,0.0,0.0,0.0,0.0,0.0,0.0,0.0,0.0,0.0,0.0,0.0
1937,1937,41.01933,-7.7032776,723.0,2018-06-15T06:00,14.9,94,13.9,15.9,0.0,0.0,0.0,0.0,0,1017.7,934.7,5,6,0,0,0.01,0.11,1.1,3.7,252,331,8.6,14.3,16.3,13.7,11.1,0.297,0.312,0.288,0.344,1,1435.35,41.0,18.0,23.0,151.4,41.0,102.5,87.8,38.6,49.3,232.9,57.1,219.5
1936,1936,41.01933,-7.7032776,723.0,2018-06-15T07:00,16.9,85,14.3,18.2,0.0,0.0,0.0,0.0,0,1017.8,935.3,9,10,0,0,0.09,0.29,0.7,1.4,360,360,7.6,15.4,16.2,13.7,11.1,0.297,0.312,0.288,0.344,1,3600.0,183.0,117.0,66.0,457.0,183.0,339.4,247.7,158.3,89.3,457.0,247.7,459.3
1935,1935,41.01933,-7.7032776,723.0,2018-06-15T08:00,18.3,80,14.8,19.3,0.0,0.0,0.0,0.0,0,1018.1,936.0,13,14,0,0,0.2,0.43,4.2,4.7,20,23,14.0,16.8,16.1,13.7,11.1,0.296,0.312,0.288,0.344,1,3600.0,351.0,259.0,92.0,595.5,351.0,576.6,420.8,310.5,110.3,595.5,420.8,691.3
1934,1934,41.01933,-7.7032776,723.0,2018-06-15T09:00,19.2,78,15.2,20.1,0.0,0.0,0.0,0.0,0,1018.2,936.3,7,8,0,0,0.3,0.5,6.1,6.9,28,28,18.7,18.2,16.2,13.8,11.1,0.295,0.311,0.288,0.344,1,3600.0,521.0,398.0,123.0,661.2,521.0,798.0,587.3,448.7,138.7,661.2,587.3,899.6
1933,1933,41.01933,-7.7032776,723.0,2018-06-15T10:00,20.5,71,15.1,22.3,0.0,0.0,0.0,0.0,0,1017.9,936.4,4,4,0,0,0.43,0.69,5.5,5.8,23,22,18.7,19.7,16.3,13.8,11.1,0.294,0.311,0.288,0.344,1,3600.0,703.0,573.0,130.0,768.5,703.0,988.5,761.0,620.3,140.7,768.5,761.0,1070.0
1932,1932,41.01933,-7.7032776,723.0,2018-06-15T11:00,21.7,64,14.7,24.2,0.0,0.0,0.0,0.0,0,1017.7,936.5,9,10,0,0,0.54,0.93,6.4,7.0,16,12,20.5,21.2,16.5,13.8,11.1,0.292,0.31,0.288,0.344,1,3600.0,851.0,713.0,138.0,832.8,851.0,1135.0,893.0,748.2,144.8,832.8,893.0,1191.0
1931,1931,41.01933,-7.7032776,723.0,2018-06-15T12:00,23.0,61,15.0,25.9,0.0,0.0,0.0,0.0,1,1017.0,936.2,50,55,0,0,0.6,1.1,7.6,8.6,360,358,20.5,22.5,16.8,13.8,11.1,0.288,0.305,0.287,0.344,1,3600.0,932.0,779.0,153.0,841.1,932.0,1227.7,952.2,795.9,156.3,841.1,952.2,1254.3
1930,1930,41.01933,-7.7032776,723.0,2018-06-15T13:00,23.5,58,14.7,25.4,0.0,0.0,0.0,0.0,2,1016.7,936.1,54,60,0,0,0.57,1.22,10.2,12.2,350,346,26.6,23.4,17.1,13.8,11.1,0.286,0.304,0.287,0.344,1,3600.0,869.0,618.0,251.0,650.1,869.0,1260.2,865.8,615.8,250.1,650.1,865.8,1255.6
1929,1929,41.01933,-7.7032776,723.0,2018-06-15T14:00,23.5,58,14.9,24.7,0.0,0.0,0.0,0.0,2,1016.4,935.8,76,84,0,0,0.55,1.21,13.7,16.7,337,335,31.7,23.8,17.5,13.8,11.1,0.284,0.303,0.287,0.344,1,3600.0,839.0,576.0,263.0,620.6,839.0,1230.3,814.8,559.4,255.4,620.6,814.8,1194.9
1928,1928,41.01933,-7.7032776,723.0,2018-06-15T15:00,22.8,52,12.5,22.6,0.0,0.0,0.0,0.0,0,1016.3,935.5,4,5,0,0,0.51,1.33,15.2,19.6,329,328,37.1,23.9,17.8,13.8,11.1,0.282,0.302,0.287,0.344,1,3600.0,780.0,522.0,258.0,607.0,780.0,1140.1,736.3,492.7,243.5,607.0,736.3,1076.1
1927,1927,41.01933,-7.7032776,723.0,2018-06-15T16:00,22.8,52,12.6,22.6,0.0,0.0,0.0,0.0,0,1016.0,935.3,2,2,0,0,0.47,1.32,13.2,17.3,317,317,34.9,23.8,18.1,13.8,11.1,0.28,0.301,0.286,0.344,1,3600.0,710.0,573.0,137.0,762.9,710.0,995.6,647.2,522.3,124.9,762.9,647.2,907.6
1926,1926,41.01933,-7.7032776,723.0,2018-06-15T17:00,22.2,57,13.3,21.4,0.0,0.0,0.0,0.0,0,1015.9,935.0,1,1,0,0,0.37,1.15,13.0,17.1,314,314,31.0,23.5,18.4,13.9,11.1,0.279,0.3,0.286,0.344,1,3600.0,565.0,456.0,109.0,749.3,565.0,806.8,490.7,396.0,94.7,749.3,490.7,700.6
1925,1925,41.01933,-7.7032776,723.0,2018-06-15T18:00,21.3,65,14.5,21.0,0.0,0.0,0.0,0.0,0,1015.8,934.7,1,1,0,0,0.25,0.89,12.2,16.8,315,313,29.5,22.8,18.6,13.9,11.1,0.278,0.3,0.286,0.344,1,3600.0,380.0,290.0,90.0,655.5,380.0,586.5,304.2,232.1,72.0,655.5,304.2,469.5
1924,1924,41.01933,-7.7032776,723.0,2018-06-15T19:00,20.0,78,16.0,20.4,0.0,0.0,0.0,0.0,0,1016.2,934.7,15,17,0,0,0.12,0.52,10.9,16.6,314,312,27.4,21.9,18.7,13.9,11.1,0.277,0.3,0.286,0.344,1,3600.0,194.0,129.0,65.0,489.1,194.0,349.7,127.5,84.8,42.7,489.1,127.5,229.7
1923,1923,41.01933,-7.7032776,723.0,2018-06-15T20:00,18.1,90,16.3,19.2,0.0,0.0,0.0,0.0,0,1016.5,934.5,14,15,0,0,0.02,0.22,6.9,16.2,309,307,24.5,20.8,18.8,13.9,11.1,0.278,0.299,0.286,0.344,1,1611.97,42.0,19.0,23.0,154.8,42.0,112.5,0.0,0.0,0.0,0.0,0.0,0.0
1922,1922,41.01933,-7.7032776,723.0,2018-06-15T21:00,16.0,97,15.4,16.9,0.0,0.0,0.0,0.0,0,1016.8,934.2,9,10,0,0,0.0,0.06,6.0,12.5,303,314,17.3,19.5,18.8,13.9,11.1,0.278,0.299,0.286,0.344,0,0.0,0.0,0.0,0.0,0.0,0.0,0.0,0.0,0.0,0.0,0.0,0.0,0.0
1921,1921,41.01933,-7.7032776,723.0,2018-06-15T22:00,15.0,98,14.7,15.7,0.0,0.0,0.0,0.0,0,1017.1,934.2,3,3,0,0,0.0,0.03,6.3,12.4,294,324,13.7,18.4,18.7,14.0,11.1,0.278,0.299,0.286,0.344,0,0.0,0.0,0.0,0.0,0.0,0.0,0.0,0.0,0.0,0.0,0.0,0.0,0.0
1920,1920,41.01933,-7.7032776,723.0,2018-06-15T23:00,14.2,97,13.8,14.4,0.0,0.0,0.0,0.0,0,1017.3,934.1,1,1,0,0,0.0,0.04,6.9,10.6,279,325,13.3,17.5,18.6,14.0,11.1,0.278,0.299,0.286,0.344,0,0.0,0.0,0.0,0.0,0.0,0.0,0.0,0.0,0.0,0.0,0.0,0.0,0.0
1919,1919,41.01933,-7.7032776,723.0,2018-06-16T00:00,14.3,96,13.6,14.2,0.0,0.0,0.0,0.0,0,1017.3,934.2,1,1,0,0,0.0,0.07,8.8,11.8,289,322,13.3,17.6,18.4,14.0,11.1,0.277,0.298,0.285,0.344,0,0.0,0.0,0.0,0.0,0.0,0.0,0.0,0.0,0.0,0.0,0.0,0.0,0.0
1918,1918,41.01933,-7.7032776,723.0,2018-06-16T01:00,13.9,96,13.3,13.8,0.0,0.0,0.0,0.0,0,1017.5,934.3,1,1,0,0,0.0,0.07,8.1,11.4,339,349,15.5,16.7,18.2,14.0,11.1,0.277,0.298,0.285,0.344,0,0.0,0.0,0.0,0.0,0.0,0.0,0.0,0.0,0.0,0.0,0.0,0.0,0.0
1917,1917,41.01933,-7.7032776,723.0,2018-06-16T02:00,15.3,96,14.6,16.1,0.0,0.0,0.0,0.0,0,1017.5,934.6,1,1,0,0,0.0,0.08,5.0,8.4,330,7,15.1,16.0,18.0,14.0,11.1,0.278,0.298,0.285,0.344,0,0.0,0.0,0.0,0.0,0.0,0.0,0.0,0.0,0.0,0.0,0.0,0.0,0.0
1916,1916,41.01933,-7.7032776,723.0,2018-06-16T03:00,14.8,98,14.5,15.4,0.0,0.0,0.0,0.0,0,1017.6,934.6,3,3,0,0,0.0,0.03,5.4,11.3,352,27,12.6,15.3,17.8,14.1,11.1,0.278,0.298,0.285,0.344,0,0.0,0.0,0.0,0.0,0.0,0.0,0.0,0.0,0.0,0.0,0.0,0.0,0.0
1915,1915,41.01933,-7.7032776,723.0,2018-06-16T04:00,13.4,99,13.3,13.5,0.0,0.0,0.0,0.0,0,1017.6,934.2,9,10,0,0,0.0,0.01,6.5,12.0,341,21,13.7,14.8,17.5,14.1,11.1,0.278,0.298,0.285,0.344,0,0.0,0.0,0.0,0.0,0.0,0.0,0.0,0.0,0.0,0.0,0.0,0.0,0.0
1914,1914,41.01933,-7.7032776,723.0,2018-06-16T05:00,13.6,98,13.4,13.9,0.0,0.0,0.0,0.0,0,1017.9,934.5,13,14,0,0,0.0,0.03,5.4,10.5,340,31,14.0,14.4,17.3,14.1,11.2,0.278,0.297,0.285,0.344,1,0.0,0.0,0.0,0.0,0.0,0.0,0.0,0.0,0.0,0.0,0.0,0.0,0.0
1913,1913,41.01933,-7.7032776,723.0,2018-06-16T06:00,13.9,95,13.1,14.1,0.0,0.0,0.0,0.0,0,1018.1,934.8,13,14,0,0,0.01,0.08,5.5,10.8,349,26,12.2,14.5,17.0,14.1,11.2,0.278,0.297,0.285,0.344,1,1434.93,40.0,18.0,22.0,151.5,40.0,102.2,85.8,38.6,47.2,233.3,55.7,219.2
1912,1912,41.01933,-7.7032776,723.0,2018-06-16T07:00,15.1,88,13.1,15.2,0.0,0.0,0.0,0.0,0,1018.5,935.5,1,1,0,0,0.08,0.2,5.7,8.2,18,23,16.2,15.3,16.8,14.1,11.2,0.278,0.297,0.285,0.344,1,3600.0,180.0,112.0,68.0,437.9,180.0,339.0,243.7,151.6,92.0,437.9,243.7,458.9
1911,1911,41.01933,-7.7032776,723.0,2018-06-16T08:00,16.5,83,13.7,16.3,0.0,0.0,0.0,0.0,0,1018.8,936.2,13,0,0,42,0.19,0.31,9.5,11.7,9,11,22.3,16.6,16.7,14.1,11.2,0.278,0.297,0.285,0.344,1,3600.0,379.0,288.0,91.0,662.6,379.0,576.2,454.4,345.3,109.1,662.6,454.4,690.8
1910,1910,41.01933,-7.7032776,723.0,2018-06-16T09:00,17.9,78,14.0,18.1,0.0,0.0,0.0,0.0,1,1018.9,936.6,22,0,0,75,0.31,0.45,8.4,10.8,20,21,26.6,18.0,16.7,14.1,11.2,0.277,0.296,0.285,0.344,1,3600.0,570.0,463.0,107.0,769.5,570.0,797.5,642.6,522.0,120.6,769.5,642.6,899.1
1909,1909,41.01933,-7.7032776,723.0,2018-06-16T10:00,19.6,72,14.5,20.7,0.0,0.0,0.0,0.0,0,1018.7,936.9,0,0,0,0,0.42,0.63,9.9,12.6,19,20,27.0,19.6,16.8,14.1,11.2,0.276,0.296,0.285,0.344,1,3600.0,736.0,612.0,124.0,821.0,736.0,988.0,796.8,662.5,134.2,821.0,796.8,1069.6
1908,1908,41.01933,-7.7032776,723.0,2018-06-16T11:00,21.1,67,14.7,23.1,0.0,0.0,0.0,0.0,0,1018.6,937.2,0,0,0,0,0.52,0.84,9.5,11.9,25,25,27.0,21.1,17.0,14.1,11.2,0.274,0.295,0.285,0.344,1,3600.0,868.0,742.0,126.0,866.7,868.0,1134.7,910.9,778.7,132.2,866.7,910.9,1190.7
1907,1907,41.01933,-7.7032776,723.0,2018-06-16T12:00,22.3,57,13.3,24.4,0.0,0.0,0.0,0.0,0,1018.8,937.7,0,0,0,0,0.6,1.16,8.9,11.0,14,11,26.6,22.4,17.1,14.1,11.2,0.272,0.293,0.284,0.344,1,3600.0,954.0,824.0,130.0,889.7,954.0,1227.5,974.8,841.9,132.8,889.7,974.8,1254.2
1906,1906,41.01933,-7.7032776,723.0,2018-06-16T13:00,23.3,54,13.6,26.0,0.0,0.0,0.0,0.0,0,1018.2,937.4,10,0,0,32,0.65,1.3,7.6,9.4,8,7,24.5,23.5,17.4,14.2,11.2,0.269,0.292,0.284,0.344,1,3600.0,987.0,856.0,131.0,900.3,987.0,1260.2,983.5,853.0,130.5,900.3,983.5,1255.8
1905,1905,41.01933,-7.7032776,723.0,2018-06-16T14:00,24.2,53,14.0,26.8,0.0,0.0,0.0,0.0,0,1017.8,937.3,13,0,0,42,0.64,1.41,7.6,9.4,5,4,22.7,24.4,17.8,14.2,11.2,0.267,0.291,0.284,0.344,1,3600.0,954.0,825.0,129.0,888.6,954.0,1230.6,926.6,801.3,125.3,888.6,926.6,1195.2
1904,1904,41.01933,-7.7032776,723.0,2018-06-16T15:00,24.7,50,13.5,26.4,0.0,0.0,0.0,0.0,0,1017.3,936.9,17,0,0,56,0.59,1.56,8.7,10.9,355,352,23.4,24.9,18.1,14.2,11.2,0.265,0.29,0.284,0.344,1,3600.0,867.0,742.0,125.0,862.3,867.0,1140.5,818.5,700.5,118.0,862.3,818.5,1076.8
1903,1903,41.01933,-7.7032776,723.0,2018-06-16T16:00,24.7,46,12.4,25.1,0.0,0.0,0.0,0.0,1,1017.0,936.7,20,0,0,68,0.51,1.68,9.7,12.4,333,334,23.8,25.0,18.5,14.2,11.2,0.263,0.289,0.284,0.344,1,3600.0,735.0,617.0,118.0,820.8,735.0,996.3,670.1,562.6,107.6,820.8,670.1,908.4
1902,1902,41.01933,-7.7032776,723.0,2018-06-16T17:00,23.6,56,14.2,23.1,0.0,0.0,0.0,0.0,0,1017.0,936.4,18,0,0,61,0.39,1.29,13.5,18.1,318,317,30.2,24.6,18.8,14.2,11.2,0.261,0.288,0.283,0.344,1,3600.0,570.0,462.0,108.0,758.1,570.0,807.7,495.2,401.4,93.8,758.1,495.2,701.7
1901,1901,41.01933,-7.7032776,723.0,2018-06-16T18:00,22.0,61,14.1,21.4,0.0,0.0,0.0,0.0,0,1017.3,936.2,17,0,0,56,0.26,1.03,13.2,18.9,313,312,32.0,23.8,19.0,14.2,11.2,0.26,0.288,0.283,0.344,1,3600.0,385.0,296.0,89.0,667.7,385.0,587.6,308.4,237.1,71.3,667.7,308.4,470.6
1900,1900,41.01933,-7.7032776,723.0,2018-06-16T19:00,20.8,66,14.2,20.7,0.0,0.0,0.0,0.0,0,1017.7,936.3,19,0,0,63,0.14,0.83,9.8,18.8,306,306,29.2,22.7,19.2,14.3,11.2,0.26,0.287,0.283,0.344,1,3600.0,200.0,134.0,66.0,506.1,200.0,350.9,131.7,88.2,43.5,506.1,131.7,231.0
1899,1899,41.01933,-7.7032776,723.0,2018-06-16T20:00,18.3,80,14.8,18.9,0.0,0.0,0.0,0.0,0,1018.1,936.0,11,0,0,36,0.03,0.41,6.4,17.4,308,320,23.0,21.3,19.3,14.3,11.2,0.26,0.287,0.283,0.344,1,2061.88,48.0,23.0,25.0,186.6,48.0,113.8,0.0,0.0,0.0,0.0,0.0,0.0
1898,1898,41.01933,-7.7032776,723.0,2018-06-16T21:00,16.9,89,15.2,17.6,0.0,0.0,0.0,0.0,0,1019.0,936.5,0,0,0,0,0.0,0.2,7.4,16.2,331,1,16.9,19.9,19.3,14.3,11.2,0.26,0.287,0.283,0.344,0,0.0,0.0,0.0,0.0,0.0,0.0,0.0,0.0,0.0,0.0,0.0,0.0,0.0
1897,1897,41.01933,-7.7032776,723.0,2018-06-16T22:00,16.2,89,14.4,16.3,0.0,0.0,0.0,0.0,0,1019.6,936.8,1,0,0,3,0.0,0.2,9.3,13.3,13,19,18.0,18.8,19.2,14.3,11.2,0.261,0.287,0.283,0.344,0,0.0,0.0,0.0,0.0,0.0,0.0,0.0,0.0,0.0,0.0,0.0,0.0,0.0
1896,1896,41.01933,-7.7032776,723.0,2018-06-16T23:00,17.5,79,13.8,17.8,0.0,0.0,0.0,0.0,0,1019.6,937.2,4,0,0,13,0.0,0.42,6.1,8.1,40,32,17.3,17.8,19.0,14.4,11.2,0.261,0.287,0.283,0.344,0,0.0,0.0,0.0,0.0,0.0,0.0,0.0,0.0,0.0,0.0,0.0,0.0,0.0
1895,1895,41.01933,-7.7032776,723.0,2018-06-17T00:00,18.0,76,13.8,18.6,0.0,0.0,0.0,0.0,0,1019.6,937.3,2,0,0,5,0.0,0.48,3.6,6.9,6,39,14.4,18.2,18.8,14.4,11.2,0.258,0.284,0.282,0.344,0,0.0,0.0,0.0,0.0,0.0,0.0,0.0,0.0,0.0,0.0,0.0,0.0,0.0
1894,1894,41.01933,-7.7032776,723.0,2018-06-17T01:00,16.6,79,13.0,16.6,0.0,0.0,0.0,0.0,0,1019.9,937.2,3,0,0,9,0.0,0.4,6.6,9.7,29,45,13.3,17.2,18.6,14.4,11.2,0.258,0.284,0.282,0.344,0,0.0,0.0,0.0,0.0,0.0,0.0,0.0,0.0,0.0,0.0,0.0,0.0,0.0
1893,1893,41.01933,-7.7032776,723.0,2018-06-17T02:00,16.6,77,12.6,16.5,0.0,0.0,0.0,0.0,0,1020.1,937.4,0,0,0,0,0.0,0.42,6.3,11.0,24,38,14.0,16.5,18.4,14.4,11.2,0.259,0.284,0.282,0.344,0,0.0,0.0,0.0,0.0,0.0,0.0,0.0,0.0,0.0,0.0,0.0,0.0,0.0
1892,1892,41.01933,-7.7032776,723.0,2018-06-17T03:00,15.8,81,12.5,15.5,0.0,0.0,0.0,0.0,0,1020.3,937.3,0,0,0,0,0.0,0.34,7.1,12.8,24,32,15.1,15.8,18.2,14.4,11.2,0.259,0.284,0.282,0.344,0,0.0,0.0,0.0,0.0,0.0,0.0,0.0,0.0,0.0,0.0,0.0,0.0,0.0
1891,1891,41.01933,-7.7032776,723.0,2018-06-17T04:00,12.9,91,11.5,12.0,0.0,0.0,0.0,0.0,0,1020.7,936.9,0,0,0,0,0.0,0.13,9.5,14.8,29,39,18.4,15.3,18.0,14.4,11.2,0.259,0.284,0.282,0.344,0,0.0,0.0,0.0,0.0,0.0,0.0,0.0,0.0,0.0,0.0,0.0,0.0,0.0
1890,1890,41.01933,-7.7032776,723.0,2018-06-17T05:00,12.7,92,11.4,11.9,0.0,0.0,0.0,0.0,0,1021.2,937.3,0,0,0,0,0.0,0.12,8.4,16.3,31,43,19.4,14.8,17.7,14.4,11.2,0.259,0.284,0.282,0.344,1,0.0,0.0,0.0,0.0,0.0,0.0,0.0,0.0,0.0,0.0,0.0,0.0,0.0
1889,1889,41.01933,-7.7032776,723.0,2018-06-17T06:00,14.8,86,12.5,14.5,0.0,0.0,0.0,0.0,0,1021.7,938.4,0,0,0,0,0.02,0.24,7.2,16.3,37,49,18.0,14.9,17.5,14.5,11.2,0.259,0.284,0.282,0.344,1,1697.45,43.0,20.0,23.0,168.6,43.0,101.9,92.3,42.9,49.4,260.1,59.8,218.8
1888,1888,41.01933,-7.7032776,723.0,2018-06-17T07:00,16.1,76,11.9,15.2,0.0,0.0,0.0,0.0,0,1022.1,939.1,0,0,0,0,0.1,0.43,9.9,13.8,44,49,23.4,15.7,17.3,14.5,11.2,0.259,0.284,0.282,0.344,1,3600.0,191.0,126.0,65.0,493.2,191.0,338.5,258.6,170.6,88.0,493.2,258.6,458.4
1887,1887,41.01933,-7.7032776,723.0,2018-06-17T08:00,17.1,73,12.2,16.3,0.0,0.0,0.0,0.0,0,1022.3,939.5,0,0,0,0,0.21,0.53,10.5,13.5,41,42,25.9,16.9,17.2,14.5,11.2,0.259,0.284,0.282,0.344,1,3600.0,380.0,291.0,89.0,670.0,380.0,575.6,455.7,348.9,106.7,670.0,455.7,690.2
1886,1886,41.01933,-7.7032776,723.0,2018-06-17T09:00,18.7,68,12.6,18.0,0.0,0.0,0.0,0.0,0,1022.2,939.9,0,0,0,0,0.32,0.7,10.7,14.1,40,40,27.7,18.3,17.2,14.5,11.2,0.258,0.283,0.282,0.344,1,3600.0,568.0,463.0,105.0,769.9,568.0,797.0,640.4,522.0,118.4,769.9,640.4,898.5
1885,1885,41.01933,-7.7032776,723.0,2018-06-17T10:00,20.4,63,13.1,20.7,0.0,0.0,0.0,0.0,0,1022.1,940.2,0,0,0,0,0.44,0.89,11.5,14.8,39,39,29.5,19.8,17.2,14.5,11.2,0.257,0.282,0.281,0.344,1,3600.0,733.0,616.0,117.0,826.7,733.0,987.5,793.6,666.9,126.7,826.7,793.6,1069.2
1884,1884,41.01933,-7.7032776,723.0,2018-06-17T11:00,21.9,59,13.6,23.2,0.0,0.0,0.0,0.0,0,1022.1,940.6,0,0,0,0,0.53,1.08,11.2,14.5,42,42,29.5,21.3,17.4,14.5,11.2,0.255,0.282,0.281,0.344,1,3600.0,861.0,736.0,125.0,859.9,861.0,1134.3,903.6,772.4,131.2,859.9,903.6,1190.4
1883,1883,41.01933,-7.7032776,723.0,2018-06-17T12:00,23.4,54,13.5,24.9,0.0,0.0,0.0,0.0,0,1022.4,941.3,0,0,0,0,0.61,1.32,12.0,15.5,44,44,29.5,22.8,17.5,14.5,11.2,0.251,0.278,0.279,0.344,1,3600.0,942.0,812.0,130.0,876.8,942.0,1227.3,962.6,829.7,132.8,876.8,962.6,1254.1
1882,1882,41.01933,-7.7032776,723.0,2018-06-17T13:00,24.5,51,13.7,26.3,0.0,0.0,0.0,0.0,0,1022.0,941.2,0,0,0,0,0.65,1.5,12.0,15.3,41,41,31.0,23.9,17.8,14.5,11.2,0.248,0.277,0.279,0.344,1,3600.0,975.0,843.0,132.0,886.5,975.0,1260.2,971.6,840.1,131.5,886.5,971.6,1255.9
1881,1881,41.01933,-7.7032776,723.0,2018-06-17T14:00,25.3,48,13.6,27.0,0.0,0.0,0.0,0.0,0,1021.6,941.1,0,0,0,0,0.65,1.66,11.1,14.1,36,38,30.2,24.7,18.1,14.5,11.2,0.246,0.276,0.278,0.344,1,3600.0,946.0,816.0,130.0,878.6,946.0,1230.8,918.9,792.7,126.3,878.6,918.9,1195.6
1880,1880,41.01933,-7.7032776,723.0,2018-06-17T15:00,25.6,45,12.8,26.7,0.0,0.0,0.0,0.0,0,1021.4,941.0,0,0,0,0,0.6,1.81,10.8,13.8,26,28,28.1,25.2,18.5,14.5,11.2,0.244,0.275,0.278,0.344,1,3600.0,864.0,739.0,125.0,858.3,864.0,1141.0,815.8,697.8,118.0,858.3,815.8,1077.3
1879,1879,41.01933,-7.7032776,723.0,2018-06-17T16:00,25.6,43,12.1,25.6,0.0,0.0,0.0,0.0,0,1021.1,940.7,0,0,0,0,0.52,1.87,11.5,15.0,20,21,27.7,25.3,18.8,14.6,11.2,0.242,0.274,0.278,0.344,1,3600.0,733.0,616.0,117.0,818.7,733.0,997.0,668.5,561.8,106.7,818.7,668.5,909.2
1878,1878,41.01933,-7.7032776,723.0,2018-06-17T17:00,25.5,44,12.3,24.9,0.0,0.0,0.0,0.0,0,1020.9,940.5,0,0,0,0,0.41,1.84,9.9,13.4,19,20,27.4,25.1,19.1,14.6,11.2,0.241,0.273,0.278,0.344,1,3600.0,568.0,463.0,105.0,758.8,568.0,808.6,493.6,402.3,91.2,758.8,493.6,702.7
1877,1877,41.01933,-7.7032776,723.0,2018-06-17T18:00,25.1,48,13.2,25.0,0.0,0.0,0.0,0.0,0,1020.9,940.4,0,0,0,0,0.28,1.66,7.4,10.8,23,21,23.4,24.5,19.4,14.6,11.2,0.24,0.273,0.278,0.344,1,3600.0,385.0,297.0,88.0,668.6,385.0,588.6,308.6,238.0,70.5,668.6,308.6,471.8
1876,1876,41.01933,-7.7032776,723.0,2018-06-17T19:00,23.9,61,15.9,25.1,0.0,0.0,0.0,0.0,0,1021.0,940.1,0,0,0,0,0.13,1.15,5.0,12.6,21,24,17.3,23.6,19.6,14.6,11.2,0.24,0.273,0.278,0.344,1,3600.0,200.0,134.0,66.0,504.3,200.0,352.1,131.9,88.4,43.5,504.3,131.9,232.3
1875,1875,41.01933,-7.7032776,723.0,2018-06-17T20:00,21.4,59,13.1,21.2,0.0,0.0,0.0,0.0,0,1021.4,939.9,0,0,0,0,0.06,1.04,7.9,20.4,30,32,19.8,22.2,19.7,14.6,11.2,0.24,0.272,0.278,0.344,1,2081.49,49.0,24.0,25.0,194.0,49.0,115.1,0.2,0.1,0.1,1.1,0.1,0.5
1874,1874,41.01933,-7.7032776,723.0,2018-06-17T21:00,18.9,70,13.2,18.6,0.0,0.0,0.0,0.0,0,1022.3,940.0,0,0,0,0,0.02,0.66,8.9,12.3,43,38,20.2,20.8,19.7,14.7,11.3,0.24,0.272,0.278,0.344,0,0.0,0.0,0.0,0.0,0.0,0.0,0.0,0.0,0.0,0.0,0.0,0.0,0.0
1873,1873,41.01933,-7.7032776,723.0,2018-06-17T22:00,20.7,57,11.9,20.8,0.0,0.0,0.0,0.0,0,1022.5,940.7,0,0,0,0,0.01,1.05,3.3,6.1,77,45,17.3,19.6,19.6,14.7,11.3,0.24,0.272,0.278,0.344,0,0.0,0.0,0.0,0.0,0.0,0.0,0.0,0.0,0.0,0.0,0.0,0.0,0.0
1872,1872,41.01933,-7.7032776,723.0,2018-06-17T23:00,20.1,58,11.7,20.3,0.0,0.0,0.0,0.0,0,1022.4,940.4,0,0,0,0,0.0,0.98,1.8,5.4,191,53,10.1,18.6,19.5,14.7,11.3,0.24,0.272,0.278,0.344,0,0.0,0.0,0.0,0.0,0.0,0.0,0.0,0.0,0.0,0.0,0.0,0.0,0.0
1871,1871,41.01933,-7.7032776,723.0,2018-06-18T00:00,20.3,59,11.9,20.3,0.0,0.0,0.0,0.0,0,1022.8,940.9,0,0,0,0,0.01,0.99,4.3,9.2,90,51,13.0,18.6,19.3,14.7,11.3,0.238,0.269,0.275,0.344,0,0.0,0.0,0.0,0.0,0.0,0.0,0.0,0.0,0.0,0.0,0.0,0.0,0.0
1870,1870,41.01933,-7.7032776,723.0,2018-06-18T01:00,19.6,61,11.8,19.2,0.0,0.0,0.0,0.0,0,1022.9,940.8,0,0,0,0,0.02,0.9,6.6,12.2,41,43,15.1,17.7,19.1,14.7,11.3,0.238,0.269,0.275,0.344,0,0.0,0.0,0.0,0.0,0.0,0.0,0.0,0.0,0.0,0.0,0.0,0.0,0.0
1869,1869,41.01933,-7.7032776,723.0,2018-06-18T02:00,15.9,77,12.0,15.1,0.0,0.0,0.0,0.0,0,1022.8,939.7,0,0,0,0,0.01,0.41,9.7,15.3,31,43,19.1,17.0,18.9,14.8,11.3,0.238,0.269,0.275,0.344,0,0.0,0.0,0.0,0.0,0.0,0.0,0.0,0.0,0.0,0.0,0.0,0.0,0.0
1868,1868,41.01933,-7.7032776,723.0,2018-06-18T03:00,14.7,83,11.9,13.8,0.0,0.0,0.0,0.0,0,1023.0,939.5,0,0,0,0,0.01,0.28,10.1,17.1,35,48,21.6,16.4,18.7,14.8,11.3,0.239,0.269,0.275,0.344,0,0.0,0.0,0.0,0.0,0.0,0.0,0.0,0.0,0.0,0.0,0.0,0.0,0.0
1867,1867,41.01933,-7.7032776,723.0,2018-06-18T04:00,14.3,83,11.5,13.4,0.0,0.0,0.0,0.0,0,1023.0,939.4,0,0,0,0,0.0,0.27,9.2,17.8,42,54,22.0,15.9,18.5,14.8,11.3,0.239,0.269,0.275,0.344,0,0.0,0.0,0.0,0.0,0.0,0.0,0.0,0.0,0.0,0.0,0.0,0.0,0.0
1866,1866,41.01933,-7.7032776,723.0,2018-06-18T05:00,13.3,82,10.4,12.0,0.0,0.0,0.0,0.0,0,1023.0,939.1,0,0,0,0,0.01,0.27,9.9,16.3,44,59,22.7,15.4,18.3,14.8,11.3,0.239,0.268,0.275,0.344,1,0.0,0.0,0.0,0.0,0.0,0.0,0.0,0.0,0.0,0.0,0.0,0.0,0.0
1865,1865,41.01933,-7.7032776,723.0,2018-06-18T06:00,15.6,75,11.1,15.2,0.0,0.0,0.0,0.0,0,1023.2,940.0,0,0,0,0,0.02,0.45,4.8,15.6,42,61,22.3,15.4,18.0,14.8,11.3,0.239,0.268,0.275,0.344,1,1695.19,43.0,20.0,23.0,168.8,43.0,101.4,92.5,43.0,49.5,261.3,59.8,218.2
1864,1864,41.01933,-7.7032776,723.0,2018-06-18T07:00,17.2,65,10.5,16.2,0.0,0.0,0.0,0.0,0,1023.8,941.0,0,0,0,0,0.11,0.7,7.7,14.2,49,63,21.6,16.2,17.8,14.8,11.3,0.239,0.268,0.275,0.344,1,3600.0,192.0,128.0,64.0,501.9,192.0,337.9,260.1,173.4,86.7,501.9,260.1,457.7
1863,1863,41.01933,-7.7032776,723.0,2018-06-18T08:00,18.6,62,11.2,17.5,0.0,0.0,0.0,0.0,0,1023.9,941.4,0,0,0,0,0.23,0.81,10.1,13.7,63,67,26.3,17.5,17.7,14.8,11.3,0.238,0.268,0.275,0.344,1,3600.0,377.0,290.0,87.0,668.3,377.0,574.9,452.2,347.8,104.3,668.3,452.2,689.6
1862,1862,41.01933,-7.7032776,723.0,2018-06-18T09:00,20.3,60,12.2,19.2,0.0,0.0,0.0,0.0,0,1023.8,941.8,0,0,0,0,0.35,0.96,12.1,15.8,60,63,30.2,19.0,17.7,14.8,11.3,0.237,0.267,0.275,0.344,1,3600.0,564.0,460.0,104.0,765.4,564.0,796.3,636.0,518.7,117.3,765.4,636.0,897.9
1861,1861,41.01933,-7.7032776,723.0,2018-06-18T10:00,21.9,56,12.8,21.8,0.0,0.0,0.0,0.0,0,1023.4,941.8,0,0,0,0,0.46,1.14,13.2,17.1,61,62,33.1,20.6,17.8,14.8,11.3,0.236,0.267,0.275,0.344,1,3600.0,730.0,616.0,114.0,827.0,730.0,986.9,790.4,667.0,123.4,827.0,790.4,1068.6
1860,1860,41.01933,-7.7032776,723.0,2018-06-18T11:00,23.4,53,13.4,24.2,0.0,0.0,0.0,0.0,0,1023.0,941.9,0,0,0,0,0.56,1.34,13.7,17.9,60,62,34.2,22.1,17.9,14.9,11.3,0.234,0.266,0.275,0.344,1,3600.0,859.0,736.0,123.0,860.1,859.0,1133.8,901.6,772.5,129.1,860.1,901.6,1190.1
1859,1859,41.01933,-7.7032776,723.0,2018-06-18T12:00,24.8,49,13.4,25.8,0.0,0.0,0.0,0.0,0,1022.4,941.7,0,0,0,0,0.63,1.59,15.0,19.6,63,64,34.9,23.5,18.1,14.9,11.3,0.23,0.262,0.272,0.344,1,3600.0,941.0,812.0,129.0,876.8,941.0,1227.0,961.6,829.8,131.8,876.8,961.6,1253.9
1858,1858,41.01933,-7.7032776,723.0,2018-06-18T13:00,26.2,46,13.5,27.5,0.0,0.0,0.0,0.0,0,1021.7,941.4,0,0,0,0,0.68,1.84,14.3,19.0,62,63,36.0,24.7,18.4,14.9,11.3,0.228,0.261,0.272,0.344,1,3600.0,970.0,840.0,130.0,883.2,970.0,1260.1,966.7,837.2,129.6,883.2,966.7,1255.9
1857,1857,41.01933,-7.7032776,723.0,2018-06-18T14:00,27.2,42,13.3,28.4,0.0,0.0,0.0,0.0,0,1021.1,941.1,0,0,0,0,0.68,2.09,13.6,17.8,58,58,34.6,25.6,18.7,14.9,11.3,0.226,0.26,0.272,0.344,1,3600.0,941.0,812.0,129.0,874.0,941.0,1230.9,914.2,788.8,125.3,874.0,914.2,1195.8
1856,1856,41.01933,-7.7032776,723.0,2018-06-18T15:00,27.7,40,13.1,28.5,0.0,0.0,0.0,0.0,0,1020.4,940.6,0,0,0,0,0.64,2.21,13.1,17.5,53,53,32.8,26.1,19.1,14.9,11.3,0.224,0.259,0.272,0.344,1,3600.0,859.0,736.0,123.0,854.3,859.0,1141.4,811.2,695.0,116.2,854.3,811.2,1077.8
1855,1855,41.01933,-7.7032776,723.0,2018-06-18T16:00,27.9,40,13.2,28.2,0.0,0.0,0.0,0.0,0,1020.0,940.2,0,0,0,0,0.55,2.23,11.8,15.6,50,50,31.7,26.3,19.4,14.9,11.3,0.222,0.258,0.272,0.343,1,3600.0,732.0,616.0,116.0,818.1,732.0,997.6,667.7,561.9,105.8,818.1,667.7,910.0
1854,1854,41.01933,-7.7032776,723.0,2018-06-18T17:00,27.8,41,13.5,27.5,0.0,0.0,0.0,0.0,0,1019.5,939.8,0,0,0,0,0.43,2.18,10.0,13.5,41,42,27.7,26.2,19.7,14.9,11.3,0.221,0.257,0.271,0.343,1,3600.0,568.0,464.0,104.0,759.5,568.0,809.4,493.7,403.3,90.4,759.5,493.7,703.6
1853,1853,41.01933,-7.7032776,723.0,2018-06-18T18:00,27.1,46,14.5,27.3,0.0,0.0,0.0,0.0,0,1019.3,939.4,0,0,0,0,0.3,1.94,8.7,14.2,17,21,23.4,25.7,20.0,15.0,11.3,0.22,0.257,0.271,0.343,1,3600.0,383.0,295.0,88.0,662.9,383.0,589.6,307.1,236.6,70.6,662.9,307.1,472.8
1852,1852,41.01933,-7.7032776,723.0,2018-06-18T19:00,25.3,56,15.9,26.4,0.0,0.0,0.0,0.0,0,1019.3,938.9,0,0,0,0,0.15,1.42,6.5,15.6,357,8,20.5,24.7,20.2,15.0,11.3,0.22,0.257,0.271,0.343,1,3600.0,199.0,134.0,65.0,502.7,199.0,353.2,131.5,88.6,43.0,502.7,131.5,233.4
1851,1851,41.01933,-7.7032776,723.0,2018-06-18T20:00,22.3,60,14.2,22.3,0.0,0.0,0.0,0.0,0,1019.2,938.1,2,0,0,5,0.07,1.07,9.0,17.5,358,9,19.1,23.3,20.3,15.0,11.3,0.22,0.257,0.271,0.343,1,2099.71,49.0,23.0,26.0,185.2,49.0,116.2,0.7,0.3,0.4,3.7,0.5,1.6
1850,1850,41.01933,-7.7032776,723.0,2018-06-18T21:00,23.6,53,13.4,23.4,0.0,0.0,0.0,0.0,0,1019.6,938.8,1,0,0,4,0.05,1.37,8.5,14.0,12,26,20.5,21.9,20.4,15.0,11.3,0.22,0.256,0.271,0.343,0,0.0,0.0,0.0,0.0,0.0,0.0,0.0,0.0,0.0,0.0,0.0,0.0,0.0
1849,1849,41.01933,-7.7032776,723.0,2018-06-18T22:00,24.7,48,13.0,24.7,0.0,0.0,0.0,0.0,0,1019.8,939.3,0,0,0,0,0.05,1.62,6.7,11.7,74,56,18.4,20.7,20.3,15.0,11.3,0.22,0.256,0.271,0.343,0,0.0,0.0,0.0,0.0,0.0,0.0,0.0,0.0,0.0,0.0,0.0,0.0,0.0
1848,1848,41.01933,-7.7032776,723.0,2018-06-18T23:00,19.3,69,13.5,18.9,0.0,0.0,0.0,0.0,0,1019.9,937.9,0,0,0,0,0.03,0.68,10.2,16.2,80,69,20.9,19.8,20.2,15.1,11.3,0.22,0.256,0.271,0.343,0,0.0,0.0,0.0,0.0,0.0,0.0,0.0,0.0,0.0,0.0,0.0,0.0,0.0
1847,1847,41.01933,-7.7032776,723.0,2018-06-19T00:00,19.1,57,10.3,17.7,0.0,0.0,0.0,0.0,0,1020.4,938.3,0,0,0,0,0.05,0.96,10.2,25.4,82,83,30.6,19.1,20.0,15.1,11.3,0.218,0.253,0.269,0.343,0,0.0,0.0,0.0,0.0,0.0,0.0,0.0,0.0,0.0,0.0,0.0,0.0,0.0
1846,1846,41.01933,-7.7032776,723.0,2018-06-19T01:00,18.4,61,10.8,17.3,0.0,0.0,0.0,0.0,0,1020.4,938.1,0,0,0,0,0.04,0.81,9.1,24.9,83,86,27.7,18.6,19.9,15.1,11.3,0.218,0.253,0.269,0.343,0,0.0,0.0,0.0,0.0,0.0,0.0,0.0,0.0,0.0,0.0,0.0,0.0,0.0
1845,1845,41.01933,-7.7032776,723.0,2018-06-19T02:00,17.0,69,11.3,16.2,0.0,0.0,0.0,0.0,0,1020.4,937.8,0,0,0,0,0.02,0.6,8.1,23.0,69,76,26.3,18.1,19.7,15.1,11.3,0.218,0.253,0.269,0.343,0,0.0,0.0,0.0,0.0,0.0,0.0,0.0,0.0,0.0,0.0,0.0,0.0,0.0
1844,1844,41.01933,-7.7032776,723.0,2018-06-19T03:00,16.4,73,11.5,15.6,0.0,0.0,0.0,0.0,0,1020.7,937.9,6,0,0,20,0.02,0.51,8.4,22.8,59,69,23.8,17.5,19.5,15.1,11.3,0.218,0.253,0.269,0.343,0,0.0,0.0,0.0,0.0,0.0,0.0,0.0,0.0,0.0,0.0,0.0,0.0,0.0
1843,1843,41.01933,-7.7032776,723.0,2018-06-19T04:00,15.5,77,11.5,14.8,0.0,0.0,0.0,0.0,0,1021.0,937.9,10,0,0,33,0.01,0.4,7.8,21.6,56,66,24.1,17.1,19.3,15.1,11.3,0.219,0.253,0.269,0.343,0,0.0,0.0,0.0,0.0,0.0,0.0,0.0,0.0,0.0,0.0,0.0,0.0,0.0
1842,1842,41.01933,-7.7032776,723.0,2018-06-19T05:00,14.5,81,11.3,13.8,0.0,0.0,0.0,0.0,0,1021.4,938.0,15,0,0,50,0.0,0.31,7.3,20.4,57,69,22.7,16.6,19.1,15.2,11.3,0.219,0.253,0.269,0.343,1,0.0,0.0,0.0,0.0,0.0,0.0,0.0,0.0,0.0,0.0,0.0,0.0,0.0
1841,1841,41.01933,-7.7032776,723.0,2018-06-19T06:00,15.3,79,11.6,14.4,0.0,0.0,0.0,0.0,0,1021.6,938.4,6,0,0,20,0.03,0.37,9.3,19.3,54,69,22.7,16.4,18.9,15.2,11.3,0.219,0.253,0.269,0.343,1,1429.93,42.0,18.0,24.0,152.2,42.0,100.8,90.6,38.8,51.8,236.5,58.3,217.6
1840,1840,41.01933,-7.7032776,723.0,2018-06-19T07:00,16.2,75,11.8,14.9,0.0,0.0,0.0,0.0,0,1021.7,938.7,6,0,0,19,0.11,0.45,12.8,18.0,58,64,29.5,17.0,18.7,15.2,11.3,0.219,0.253,0.269,0.343,1,3600.0,190.0,125.0,65.0,491.0,190.0,337.2,257.5,169.4,88.1,491.0,257.5,457.0
1839,1839,41.01933,-7.7032776,723.0,2018-06-19T08:00,17.2,73,12.3,16.0,0.0,0.0,0.0,0.0,0,1021.6,938.9,5,0,0,18,0.2,0.53,12.7,17.2,61,64,30.2,18.0,18.5,15.2,11.4,0.218,0.253,0.269,0.343,1,3600.0,376.0,288.0,88.0,664.5,376.0,574.2,451.1,345.5,105.6,664.5,451.1,688.8
1838,1838,41.01933,-7.7032776,723.0,2018-06-19T09:00,18.7,70,13.0,17.9,0.0,0.0,0.0,0.0,0,1021.2,939.0,2,0,0,7,0.32,0.65,12.4,16.3,60,62,30.6,19.4,18.5,15.2,11.4,0.218,0.252,0.269,0.343,1,3600.0,562.0,457.0,105.0,761.0,562.0,795.6,633.8,515.4,118.4,761.0,633.8,897.2
1837,1837,41.01933,-7.7032776,723.0,2018-06-19T10:00,20.5,65,13.7,21.0,0.0,0.0,0.0,0.0,0,1020.5,938.8,0,0,0,0,0.43,0.84,11.6,14.5,64,67,30.2,20.9,18.5,15.2,11.4,0.216,0.252,0.268,0.343,1,3600.0,729.0,612.0,117.0,822.0,729.0,986.3,789.4,662.7,126.7,822.0,789.4,1068.0
1836,1836,41.01933,-7.7032776,723.0,2018-06-19T11:00,22.5,60,14.3,24.3,0.0,0.0,0.0,0.0,0,1020.1,939.0,0,0,0,0,0.54,1.1,9.5,11.6,65,68,28.8,22.5,18.7,15.2,11.4,0.215,0.251,0.268,0.343,1,3600.0,858.0,733.0,125.0,856.8,858.0,1133.3,900.6,769.4,131.2,856.8,900.6,1189.6
1835,1835,41.01933,-7.7032776,723.0,2018-06-19T12:00,24.3,55,14.6,26.9,0.0,0.0,0.0,0.0,0,1019.2,938.6,0,0,0,0,0.63,1.38,8.6,10.1,68,73,25.6,24.1,18.9,15.2,11.4,0.212,0.249,0.267,0.343,1,3600.0,940.0,810.0,130.0,874.7,940.0,1226.7,960.7,827.8,132.9,874.7,960.7,1253.7
1834,1834,41.01933,-7.7032776,723.0,2018-06-19T13:00,25.9,51,14.9,29.2,0.0,0.0,0.0,0.0,0,1018.5,938.4,0,0,0,0,0.67,1.65,6.5,7.7,56,62,23.4,25.5,19.1,15.2,11.4,0.21,0.248,0.267,0.343,1,3600.0,967.0,836.0,131.0,878.9,967.0,1260.0,963.8,833.3,130.6,878.9,963.8,1255.9
1833,1833,41.01933,-7.7032776,723.0,2018-06-19T14:00,27.0,48,14.9,30.1,0.0,0.0,0.0,0.0,0,1017.9,938.1,0,0,0,0,0.67,1.87,6.4,7.4,43,47,20.9,26.6,19.5,15.3,11.4,0.209,0.247,0.267,0.343,1,3600.0,939.0,809.0,130.0,870.5,939.0,1231.1,912.3,786.0,126.3,870.5,912.3,1196.1
1832,1832,41.01933,-7.7032776,723.0,2018-06-19T15:00,27.4,46,14.9,30.1,0.0,0.0,0.0,0.0,0,1017.7,938.0,2,0,4,0,0.61,1.96,6.0,7.2,25,27,20.2,27.2,19.8,15.3,11.4,0.207,0.246,0.267,0.343,1,3600.0,858.0,734.0,124.0,851.6,858.0,1141.8,810.3,693.2,117.1,851.6,810.3,1078.3
1831,1831,41.01933,-7.7032776,723.0,2018-06-19T16:00,27.4,46,14.9,29.2,0.0,0.0,0.0,0.0,0,1017.6,937.9,11,0,18,0,0.51,1.96,5.5,6.5,32,34,19.1,27.4,20.2,15.3,11.4,0.205,0.245,0.266,0.343,1,3600.0,705.0,581.0,124.0,771.0,705.0,998.2,643.1,530.0,113.1,771.0,643.1,910.7
1830,1830,41.01933,-7.7032776,723.0,2018-06-19T17:00,27.1,46,14.5,27.4,0.0,0.0,0.0,0.0,0,1017.0,937.3,13,0,21,0,0.38,1.93,7.7,9.2,41,42,18.7,27.0,20.5,15.3,11.4,0.204,0.245,0.266,0.343,1,3600.0,498.0,384.0,114.0,627.8,498.0,810.2,433.0,333.9,99.1,627.8,433.0,704.5
1829,1829,41.01933,-7.7032776,723.0,2018-06-19T18:00,26.4,46,14.0,26.5,0.0,0.0,0.0,0.0,0,1016.9,937.0,12,0,20,1,0.26,1.84,7.9,10.8,30,30,18.7,26.3,20.7,15.3,11.4,0.204,0.244,0.266,0.343,1,3600.0,321.0,229.0,92.0,513.7,321.0,590.6,257.5,183.7,73.8,513.7,257.5,473.8
1828,1828,41.01933,-7.7032776,723.0,2018-06-19T19:00,25.3,58,16.3,27.0,0.0,0.0,0.0,0.0,0,1016.9,936.7,11,0,19,0,0.12,1.36,3.1,7.6,36,31,16.6,25.3,20.9,15.4,11.4,0.203,0.244,0.266,0.343,1,3600.0,167.0,107.0,60.0,400.2,167.0,354.2,110.5,70.8,39.7,400.2,110.5,234.5
1827,1827,41.01933,-7.7032776,723.0,2018-06-19T20:00,24.8,48,13.1,25.4,0.0,0.0,0.0,0.0,0,1017.0,936.7,9,0,15,0,0.04,1.63,2.7,4.9,247,324,6.5,24.0,21.0,15.4,11.4,0.203,0.244,0.266,0.343,1,1773.39,43.0,20.0,23.0,160.5,43.0,117.3,1.0,0.5,0.5,5.2,0.7,2.7
1826,1826,41.01933,-7.7032776,723.0,2018-06-19T21:00,22.1,60,14.0,22.6,0.0,0.0,0.0,0.0,0,1017.5,936.4,6,0,10,0,0.02,1.05,5.2,7.9,245,300,9.0,22.6,21.0,15.4,11.4,0.204,0.244,0.266,0.343,0,0.0,0.0,0.0,0.0,0.0,0.0,0.0,0.0,0.0,0.0,0.0,0.0,0.0
1825,1825,41.01933,-7.7032776,723.0,2018-06-19T22:00,20.3,68,14.2,20.7,0.0,0.0,0.0,0.0,0,1017.9,936.4,7,0,11,0,0.02,0.77,7.0,8.3,249,288,11.9,21.5,21.0,15.4,11.4,0.204,0.244,0.266,0.343,0,0.0,0.0,0.0,0.0,0.0,0.0,0.0,0.0,0.0,0.0,0.0,0.0,0.0
1824,1824,41.01933,-7.7032776,723.0,2018-06-19T23:00,20.7,65,14.0,21.4,0.0,0.0,0.0,0.0,0,1017.6,936.2,7,0,11,0,0.01,0.84,4.4,3.9,235,304,11.9,20.6,20.9,15.4,11.4,0.204,0.244,0.266,0.343,0,0.0,0.0,0.0,0.0,0.0,0.0,0.0,0.0,0.0,0.0,0.0,0.0,0.0
1823,1823,41.01933,-7.7032776,723.0,2018-06-20T00:00,21.0,67,14.6,22.2,0.0,0.0,0.0,0.0,0,1017.7,936.3,5,0,8,0,0.0,0.82,2.0,2.3,225,342,7.9,20.2,20.7,15.5,11.4,0.203,0.242,0.265,0.343,0,0.0,0.0,0.0,0.0,0.0,0.0,0.0,0.0,0.0,0.0,0.0,0.0,0.0
1822,1822,41.01933,-7.7032776,723.0,2018-06-20T01:00,22.0,61,14.2,23.0,0.0,0.0,0.0,0.0,0,1017.3,936.3,3,0,5,0,0.0,1.03,2.6,4.2,254,340,5.4,19.5,20.6,15.5,11.4,0.203,0.242,0.265,0.343,0,0.0,0.0,0.0,0.0,0.0,0.0,0.0,0.0,0.0,0.0,0.0,0.0,0.0
1821,1821,41.01933,-7.7032776,723.0,2018-06-20T02:00,21.6,61,13.9,22.5,0.0,0.0,0.0,0.0,0,1017.1,936.0,2,0,4,0,0.0,1.0,2.3,2.5,231,315,5.4,18.8,20.4,15.5,11.4,0.203,0.242,0.265,0.343,0,0.0,0.0,0.0,0.0,0.0,0.0,0.0,0.0,0.0,0.0,0.0,0.0,0.0
1820,1820,41.01933,-7.7032776,723.0,2018-06-20T03:00,21.2,62,13.6,22.1,0.0,0.0,0.0,0.0,0,1017.2,935.9,2,0,4,0,0.0,0.95,1.3,1.1,214,342,4.7,18.3,20.2,15.5,11.4,0.203,0.242,0.265,0.343,0,0.0,0.0,0.0,0.0,0.0,0.0,0.0,0.0,0.0,0.0,0.0,0.0,0.0
1819,1819,41.01933,-7.7032776,723.0,2018-06-20T04:00,20.9,62,13.4,21.8,0.0,0.0,0.0,0.0,0,1017.2,935.9,2,0,3,0,0.0,0.93,1.3,1.4,214,360,3.6,17.9,20.0,15.5,11.4,0.203,0.242,0.265,0.343,0,0.0,0.0,0.0,0.0,0.0,0.0,0.0,0.0,0.0,0.0,0.0,0.0,0.0
1818,1818,41.01933,-7.7032776,723.0,2018-06-20T05:00,20.5,63,13.2,21.5,0.0,0.0,0.0,0.0,0,1017.2,935.8,1,0,2,0,0.0,0.89,0.5,2.8,225,50,2.5,17.4,19.8,15.6,11.4,0.203,0.242,0.265,0.343,1,0.0,0.0,0.0,0.0,0.0,0.0,0.0,0.0,0.0,0.0,0.0,0.0,0.0
1817,1817,41.01933,-7.7032776,723.0,2018-06-20T06:00,20.3,64,13.3,21.2,0.0,0.0,0.0,0.0,0,1017.4,935.9,1,0,1,0,0.01,0.85,0.8,5.0,207,69,4.7,17.5,19.6,15.6,11.4,0.203,0.242,0.265,0.343,1,1557.69,41.0,19.0,22.0,161.1,41.0,100.1,88.8,41.1,47.6,251.4,56.9,216.8
1816,1816,41.01933,-7.7032776,723.0,2018-06-20T07:00,21.4,67,15.0,22.8,0.0,0.0,0.0,0.0,0,1017.6,936.4,1,0,2,0,0.1,0.84,1.5,5.5,14,67,7.6,18.6,19.4,15.6,11.4,0.203,0.241,0.265,0.343,1,3600.0,185.0,122.0,63.0,480.3,185.0,336.4,250.8,165.4,85.4,480.3,250.8,456.2
1815,1815,41.01933,-7.7032776,723.0,2018-06-20T08:00,22.5,63,15.0,23.6,0.0,0.0,0.0,0.0,0,1018.1,937.1,1,0,2,0,0.23,1.02,4.1,5.6,52,63,13.3,20.1,19.4,15.6,11.4,0.203,0.241,0.265,0.343,1,3600.0,365.0,275.0,90.0,635.3,365.0,573.4,438.0,330.0,108.0,635.3,438.0,688.0
1814,1814,41.01933,-7.7032776,723.0,2018-06-20T09:00,24.1,58,15.3,25.3,0.0,0.0,0.0,0.0,0,1018.3,937.7,4,0,6,0,0.36,1.26,4.1,5.2,45,56,16.9,21.8,19.4,15.6,11.4,0.202,0.241,0.264,0.343,1,3600.0,549.0,441.0,108.0,735.0,549.0,794.8,619.2,497.4,121.8,735.0,619.2,896.5
1813,1813,41.01933,-7.7032776,723.0,2018-06-20T10:00,25.2,56,15.7,26.9,0.2,0.2,0.0,0.0,51,1018.7,938.4,40,0,45,43,0.48,1.42,7.6,9.4,273,270,18.4,23.4,19.5,15.6,11.4,0.202,0.24,0.264,0.343,1,3600.0,695.0,570.0,125.0,766.1,695.0,985.6,752.7,617.3,135.4,766.1,752.7,1067.4
1812,1812,41.01933,-7.7032776,723.0,2018-06-20T11:00,25.3,56,16.0,26.7,0.0,0.0,0.0,0.0,0,1018.4,938.1,14,0,23,0,0.4,1.41,4.6,5.9,321,313,24.8,24.2,19.7,15.6,11.4,0.201,0.239,0.264,0.343,1,3600.0,557.0,326.0,231.0,381.2,557.0,1132.8,584.7,342.2,242.5,381.2,584.7,1189.2
1811,1811,41.01933,-7.7032776,723.0,2018-06-20T12:00,27.6,48,15.7,31.1,0.0,0.0,0.0,0.0,0,1017.3,937.7,8,1,3,17,0.6,1.91,2.5,2.3,8,18,16.2,26.1,19.9,15.6,11.4,0.21,0.238,0.264,0.343,1,3600.0,833.0,663.0,170.0,716.1,833.0,1226.3,851.4,677.7,173.8,716.1,851.4,1253.5
1810,1810,41.01933,-7.7032776,723.0,2018-06-20T13:00,26.8,50,15.6,29.1,0.5,0.5,0.0,0.0,53,1017.5,937.7,14,2,15,10,0.62,1.76,10.1,13.1,145,143,30.2,26.8,20.2,15.7,11.4,0.213,0.237,0.263,0.343,1,3600.0,871.0,688.0,183.0,723.3,871.0,1259.9,868.2,685.8,182.4,723.3,868.2,1255.9
1809,1809,41.01933,-7.7032776,723.0,2018-06-20T14:00,25.3,60,17.0,28.1,0.0,0.0,0.0,0.0,1,1017.8,937.6,33,1,10,86,0.58,1.28,9.2,12.0,321,319,30.6,27.4,20.5,15.7,11.5,0.211,0.237,0.263,0.343,1,3600.0,852.0,684.0,168.0,735.9,852.0,1231.2,827.9,664.6,163.2,735.9,827.9,1196.3
1808,1808,41.01933,-7.7032776,723.0,2018-06-20T15:00,25.9,57,16.6,27.6,0.0,0.0,0.0,0.0,0,1017.0,937.0,18,0,18,25,0.4,1.45,3.6,4.0,354,360,24.8,27.2,20.8,15.7,11.5,0.21,0.236,0.263,0.343,1,3600.0,549.0,285.0,264.0,330.5,549.0,1142.1,518.6,269.2,249.4,330.5,518.6,1078.8
1807,1807,41.01933,-7.7032776,723.0,2018-06-20T16:00,26.7,53,16.3,28.7,0.0,0.0,0.0,0.0,1,1017.1,937.3,20,0,19,30,0.42,1.64,2.9,3.2,30,27,16.2,27.4,21.1,15.7,11.5,0.209,0.235,0.263,0.343,1,3600.0,590.0,428.0,162.0,567.6,590.0,998.8,538.3,390.5,147.8,567.6,538.3,911.3
1806,1806,41.01933,-7.7032776,723.0,2018-06-20T17:00,25.7,58,16.7,27.2,0.0,0.0,0.0,0.0,1,1017.6,937.5,41,1,21,92,0.31,1.4,5.4,7.0,323,325,14.4,27.0,21.3,15.7,11.5,0.208,0.235,0.263,0.343,1,3600.0,419.0,285.0,134.0,465.5,419.0,811.0,364.4,247.9,116.5,465.5,364.4,705.3
1805,1805,41.01933,-7.7032776,723.0,2018-06-20T18:00,25.4,58,16.5,27.3,0.0,0.0,0.0,0.0,1,1017.6,937.4,38,0,13,99,0.18,1.36,2.3,3.1,321,324,15.5,26.2,21.5,15.8,11.5,0.207,0.235,0.263,0.343,1,3600.0,249.0,103.0,146.0,230.7,249.0,591.4,199.9,82.7,117.2,230.7,199.9,474.8
1804,1804,41.01933,-7.7032776,723.0,2018-06-20T19:00,24.5,76,19.9,27.9,0.0,0.0,0.0,0.0,1,1017.6,937.2,36,0,10,99,0.08,0.74,2.8,2.8,230,230,7.2,25.3,21.7,15.8,11.5,0.207,0.235,0.263,0.343,1,0.0,111.0,14.0,97.0,52.2,111.0,355.2,73.6,9.3,64.3,52.2,73.6,235.4
1803,1803,41.01933,-7.7032776,723.0,2018-06-20T20:00,22.3,77,18.0,24.6,0.0,0.0,0.0,0.0,1,1017.9,936.9,32,0,4,100,0.03,0.63,3.8,3.6,229,264,5.8,24.2,21.7,15.8,11.5,0.207,0.235,0.263,0.343,1,0.0,27.0,2.0,25.0,16.0,27.0,118.2,0.8,0.1,0.8,0.7,0.6,3.6
1802,1802,41.01933,-7.7032776,723.0,2018-06-20T21:00,20.9,82,17.6,23.0,0.0,0.0,0.0,0.0,1,1018.2,936.8,31,0,2,98,0.0,0.45,4.1,5.0,232,300,7.6,23.0,21.7,15.8,11.5,0.207,0.235,0.263,0.343,0,0.0,0.0,0.0,0.0,0.0,0.0,0.0,0.0,0.0,0.0,0.0,0.0,0.0
1801,1801,41.01933,-7.7032776,723.0,2018-06-20T22:00,20.9,79,17.2,22.8,0.0,0.0,0.0,0.0,1,1018.3,936.9,22,0,6,62,0.0,0.52,4.6,5.8,252,330,7.6,22.0,21.6,15.8,11.5,0.207,0.235,0.263,0.343,0,0.0,0.0,0.0,0.0,0.0,0.0,0.0,0.0,0.0,0.0,0.0,0.0,0.0
1800,1800,41.01933,-7.7032776,723.0,2018-06-20T23:00,20.0,82,16.8,21.7,0.0,0.0,0.0,0.0,1,1018.0,936.4,23,0,2,72,0.0,0.43,4.6,5.7,252,325,7.9,21.1,21.5,15.9,11.5,0.207,0.235,0.263,0.343,0,0.0,0.0,0.0,0.0,0.0,0.0,0.0,0.0,0.0,0.0,0.0,0.0,0.0
1799,1799,41.01933,-7.7032776,723.0,2018-06-21T00:00,21.1,85,18.5,23.6,0.0,0.0,0.0,0.0,0,1018.4,937.0,6,0,2,15,0.0,0.37,4.4,8.7,55,42,7.9,19.9,21.4,15.9,11.5,0.228,0.237,0.264,0.343,0,0.0,0.0,0.0,0.0,0.0,0.0,0.0,0.0,0.0,0.0,0.0,0.0,0.0
1798,1798,41.01933,-7.7032776,723.0,2018-06-21T01:00,18.9,88,16.9,20.2,0.0,0.0,0.0,0.0,0,1018.1,936.2,4,0,2,10,0.0,0.26,7.4,13.5,61,56,18.0,19.4,21.2,15.9,11.5,0.228,0.237,0.264,0.343,0,0.0,0.0,0.0,0.0,0.0,0.0,0.0,0.0,0.0,0.0,0.0,0.0,0.0
1797,1797,41.01933,-7.7032776,723.0,2018-06-21T02:00,19.1,83,16.2,20.1,0.0,0.0,0.0,0.0,0,1017.9,936.0,2,0,0,5,0.0,0.37,7.3,12.8,20,52,18.4,18.9,21.0,15.9,11.5,0.228,0.237,0.264,0.343,0,0.0,0.0,0.0,0.0,0.0,0.0,0.0,0.0,0.0,0.0,0.0,0.0,0.0
1796,1796,41.01933,-7.7032776,723.0,2018-06-21T03:00,16.9,90,15.3,17.8,0.0,0.0,0.0,0.0,0,1018.4,935.9,14,0,15,18,0.0,0.19,6.1,9.2,320,26,17.6,18.5,20.8,15.9,11.5,0.228,0.237,0.264,0.343,0,0.0,0.0,0.0,0.0,0.0,0.0,0.0,0.0,0.0,0.0,0.0,0.0,0.0
1795,1795,41.01933,-7.7032776,723.0,2018-06-21T04:00,16.3,91,14.8,16.7,0.0,0.0,0.0,0.0,0,1018.1,935.5,10,0,7,18,0.0,0.18,8.2,14.1,49,50,20.2,18.1,20.5,16.0,11.5,0.229,0.237,0.264,0.343,0,0.0,0.0,0.0,0.0,0.0,0.0,0.0,0.0,0.0,0.0,0.0,0.0,0.0
1794,1794,41.01933,-7.7032776,723.0,2018-06-21T05:00,18.1,79,14.4,18.7,0.0,0.0,0.0,0.0,0,1017.8,935.7,6,0,0,20,0.0,0.44,5.6,11.5,50,46,21.2,17.7,20.3,16.0,11.5,0.229,0.237,0.264,0.343,1,0.0,0.0,0.0,0.0,0.0,0.0,0.0,0.0,0.0,0.0,0.0,0.0,0.0
1793,1793,41.01933,-7.7032776,723.0,2018-06-21T06:00,18.0,87,15.8,19.5,0.0,0.0,0.0,0.0,0,1017.7,935.6,4,0,1,13,0.01,0.27,3.3,10.5,49,52,16.2,17.8,20.1,16.0,11.5,0.229,0.237,0.264,0.343,1,1163.33,39.0,16.0,23.0,136.0,39.0,99.3,84.8,34.8,50.0,213.4,54.1,216.0
1792,1792,41.01933,-7.7032776,723.0,2018-06-21T07:00,20.1,72,15.0,21.1,0.1,0.1,0.0,0.0,51,1018.7,937.0,40,0,19,97,0.11,0.65,4.7,7.7,171,127,14.8,18.7,19.9,16.0,11.5,0.229,0.237,0.264,0.343,1,3600.0,181.0,113.0,68.0,446.0,181.0,335.5,245.6,153.3,92.3,446.0,245.6,455.3
1791,1791,41.01933,-7.7032776,723.0,2018-06-21T08:00,18.6,82,15.4,18.7,0.8,0.8,0.0,0.0,53,1020.1,937.9,50,0,34,100,0.11,0.39,11.6,17.7,210,204,40.0,19.0,19.8,16.0,11.5,0.235,0.237,0.264,0.343,1,0.0,163.0,13.0,150.0,30.1,163.0,572.4,195.6,15.6,180.0,30.1,195.6,687.1
1790,1790,41.01933,-7.7032776,723.0,2018-06-21T09:00,18.9,83,15.9,20.1,0.0,0.0,0.0,0.0,1,1019.7,937.6,29,0,2,93,0.09,0.37,5.7,6.4,325,333,24.1,19.2,19.7,16.0,11.5,0.235,0.237,0.264,0.343,1,0.0,114.0,0.0,114.0,0.0,114.0,793.9,128.6,0.0,128.6,0.0,128.6,895.6
1789,1789,41.01933,-7.7032776,723.0,2018-06-21T10:00,22.0,69,16.0,24.2,0.0,0.0,0.0,0.0,1,1019.5,938.3,48,0,50,61,0.38,0.83,0.5,0.4,45,360,20.5,20.9,19.6,16.0,11.5,0.234,0.236,0.264,0.343,1,3600.0,582.0,311.0,271.0,418.2,582.0,984.8,630.4,336.9,293.5,418.2,630.4,1066.7
1788,1788,41.01933,-7.7032776,723.0,2018-06-21T11:00,23.4,66,16.6,25.1,0.0,0.0,0.0,0.0,0,1018.5,937.7,14,0,2,43,0.43,0.99,7.3,8.9,57,58,20.5,22.5,19.7,16.0,11.5,0.233,0.236,0.264,0.343,1,3600.0,640.0,351.0,289.0,410.6,640.0,1132.2,671.9,368.5,303.4,410.6,671.9,1188.7
1787,1787,41.01933,-7.7032776,723.0,2018-06-21T12:00,24.1,62,16.4,26.5,0.0,0.0,0.0,0.0,0,1018.7,938.1,8,0,11,4,0.59,1.13,12.1,15.2,23,22,25.2,25.0,20.2,16.1,11.5,0.228,0.236,0.265,0.343,1,3600.0,908.0,759.0,149.0,819.9,908.0,1225.9,928.2,775.9,152.3,819.9,928.2,1253.2
1786,1786,41.01933,-7.7032776,723.0,2018-06-21T13:00,25.4,58,16.7,28.8,0.0,0.0,0.0,0.0,0,1018.4,938.1,19,1,30,0,0.62,1.35,7.4,9.2,39,42,28.1,26.2,20.5,16.1,11.5,0.225,0.235,0.264,0.343,1,3600.0,902.0,737.0,165.0,774.8,902.0,1259.7,899.2,734.7,164.5,774.8,899.2,1255.9
1785,1785,41.01933,-7.7032776,723.0,2018-06-21T14:00,26.3,56,16.7,28.6,0.0,0.0,0.0,0.0,1,1017.6,937.6,24,2,33,8,0.59,1.52,11.3,14.4,31,32,27.7,27.0,20.7,16.1,11.5,0.223,0.234,0.264,0.343,1,3600.0,840.0,638.0,202.0,686.2,840.0,1231.2,816.3,620.0,196.3,686.2,816.3,1196.5
1784,1784,41.01933,-7.7032776,723.0,2018-06-21T15:00,24.8,61,16.8,27.0,0.0,0.0,0.0,0.0,2,1018.1,937.7,60,21,44,48,0.48,1.22,7.6,9.8,25,28,30.2,27.1,21.0,16.1,11.5,0.222,0.234,0.264,0.343,1,3600.0,703.0,498.0,205.0,577.3,703.0,1142.4,664.1,470.4,193.7,577.3,664.1,1079.2
1783,1783,41.01933,-7.7032776,723.0,2018-06-21T16:00,23.8,64,16.6,25.1,0.6,0.6,0.0,0.0,53,1018.1,937.5,61,26,33,60,0.33,1.06,7.2,9.4,6,2,21.6,26.7,21.3,16.1,11.5,0.226,0.233,0.264,0.342,1,3600.0,462.0,240.0,222.0,318.1,462.0,999.3,421.6,219.0,202.6,318.1,421.6,911.9
1782,1782,41.01933,-7.7032776,723.0,2018-06-21T17:00,23.2,68,16.9,24.2,0.0,0.0,0.0,0.0,1,1018.1,937.3,40,0,33,69,0.22,0.91,9.5,12.6,115,110,24.5,25.8,21.5,16.1,11.5,0.225,0.233,0.264,0.342,1,3600.0,297.0,145.0,152.0,236.6,297.0,811.6,258.4,126.1,132.2,236.6,258.4,706.0
1781,1781,41.01933,-7.7032776,723.0,2018-06-21T18:00,23.1,69,17.2,24.9,0.0,0.0,0.0,0.0,3,1017.8,937.0,90,0,100,99,0.15,0.86,5.1,7.4,135,133,22.7,24.9,21.6,16.2,11.5,0.225,0.233,0.264,0.342,1,3600.0,199.0,81.0,118.0,181.1,199.0,592.2,159.8,65.0,94.8,181.1,159.8,475.6
1780,1780,41.01933,-7.7032776,723.0,2018-06-21T19:00,22.4,74,17.6,24.8,0.0,0.0,0.0,0.0,0,1017.9,936.9,12,0,1,37,0.06,0.7,2.2,1.8,270,307,14.0,24.0,21.6,16.2,11.6,0.225,0.233,0.264,0.342,1,0.0,64.0,0.0,64.0,0.0,64.0,356.0,42.5,0.0,42.5,0.0,42.5,236.3
1779,1779,41.01933,-7.7032776,723.0,2018-06-21T20:00,19.8,87,17.5,22.0,0.0,0.0,0.0,0.0,0,1017.7,936.0,14,0,3,41,0.02,0.31,3.3,2.5,229,135,7.6,23.0,21.6,16.2,11.6,0.225,0.233,0.264,0.342,1,1495.91,46.0,18.0,28.0,143.7,46.0,119.1,1.7,0.7,1.0,7.7,1.2,4.5
1778,1778,41.01933,-7.7032776,723.0,2018-06-21T21:00,19.4,84,16.6,21.1,0.0,0.0,0.0,0.0,0,1017.9,936.1,11,0,5,27,0.0,0.36,4.1,6.5,195,90,10.1,21.8,21.6,16.2,11.6,0.225,0.233,0.264,0.342,0,0.0,0.0,0.0,0.0,0.0,0.0,0.0,0.0,0.0,0.0,0.0,0.0,0.0
1777,1777,41.01933,-7.7032776,723.0,2018-06-21T22:00,21.8,70,16.1,23.3,0.0,0.0,0.0,0.0,0,1018.2,937.0,4,0,4,5,0.0,0.78,3.8,8.2,163,52,10.4,20.9,21.5,16.2,11.6,0.225,0.233,0.264,0.342,0,0.0,0.0,0.0,0.0,0.0,0.0,0.0,0.0,0.0,0.0,0.0,0.0,0.0
1776,1776,41.01933,-7.7032776,723.0,2018-06-21T23:00,21.6,70,16.0,23.1,0.0,0.0,0.0,0.0,0,1018.1,936.9,4,0,4,4,0.0,0.76,3.8,7.8,319,13,10.4,20.2,21.3,16.3,11.6,0.225,0.233,0.264,0.342,0,0.0,0.0,0.0,0.0,0.0,0.0,0.0,0.0,0.0,0.0,0.0,0.0,0.0
1775,1775,41.01933,-7.7032776,723.0,2018-06-22T00:00,17.3,92,16.0,17.9,0.0,0.0,0.0,0.0,0,1019.2,936.7,4,1,2,7,0.0,0.15,10.0,17.1,41,51,10.4,18.8,21.2,16.3,11.6,0.23,0.233,0.264,0.342,0,0.0,0.0,0.0,0.0,0.0,0.0,0.0,0.0,0.0,0.0,0.0,0.0,0.0
1774,1774,41.01933,-7.7032776,723.0,2018-06-22T01:00,16.7,93,15.6,17.8,0.3,0.3,0.0,0.0,51,1019.8,937.1,29,3,26,37,0.0,0.13,5.7,8.4,325,31,21.2,18.5,21.0,16.3,11.6,0.232,0.233,0.264,0.342,0,0.0,0.0,0.0,0.0,0.0,0.0,0.0,0.0,0.0,0.0,0.0,0.0,0.0
1773,1773,41.01933,-7.7032776,723.0,2018-06-22T02:00,17.0,94,16.0,18.2,0.0,0.0,0.0,0.0,0,1019.1,936.6,14,1,2,41,0.0,0.11,5.5,12.1,23,37,15.1,18.3,20.8,16.3,11.6,0.232,0.233,0.264,0.342,0,0.0,0.0,0.0,0.0,0.0,0.0,0.0,0.0,0.0,0.0,0.0,0.0,0.0
1772,1772,41.01933,-7.7032776,723.0,2018-06-22T03:00,16.1,97,15.5,17.0,0.0,0.0,0.0,0.0,0,1018.5,935.8,4,0,5,2,0.0,0.06,6.7,14.3,36,49,17.6,18.0,20.5,16.3,11.6,0.232,0.233,0.264,0.342,0,0.0,0.0,0.0,0.0,0.0,0.0,0.0,0.0,0.0,0.0,0.0,0.0,0.0
1771,1771,41.01933,-7.7032776,723.0,2018-06-22T04:00,15.6,97,15.1,16.1,0.0,0.0,0.0,0.0,0,1018.5,935.6,5,0,7,2,0.0,0.06,7.9,13.8,3,39,19.4,17.7,20.3,16.3,11.6,0.232,0.233,0.264,0.342,0,0.0,0.0,0.0,0.0,0.0,0.0,0.0,0.0,0.0,0.0,0.0,0.0,0.0
1770,1770,41.01933,-7.7032776,723.0,2018-06-22T05:00,15.6,97,15.1,16.8,0.1,0.1,0.0,0.0,51,1019.1,936.2,38,3,54,10,0.0,0.06,3.8,6.2,287,21,18.7,17.4,20.1,16.3,11.6,0.233,0.233,0.264,0.342,1,0.0,0.0,0.0,0.0,0.0,0.0,0.0,0.0,0.0,0.0,0.0,0.0,0.0
1769,1769,41.01933,-7.7032776,723.0,2018-06-22T06:00,17.3,93,16.1,18.2,0.0,0.0,0.0,0.0,0,1018.9,936.5,17,2,26,0,0.02,0.14,7.9,15.0,30,42,19.1,17.6,19.9,16.4,11.6,0.233,0.233,0.264,0.342,1,513.05,30.0,11.0,19.0,93.8,30.0,98.4,65.6,24.0,41.5,148.1,41.5,215.0
1768,1768,41.01933,-7.7032776,723.0,2018-06-22T07:00,18.3,87,16.1,18.7,0.0,0.0,0.0,0.0,0,1018.7,936.6,5,0,8,0,0.08,0.27,11.7,17.9,47,52,29.5,18.2,19.7,16.4,11.6,0.233,0.233,0.264,0.342,1,3600.0,151.0,88.0,63.0,348.3,151.0,334.5,205.0,119.5,85.5,348.3,205.0,454.3
1767,1767,41.01933,-7.7032776,723.0,2018-06-22T08:00,19.7,79,16.0,20.4,0.0,0.0,0.0,0.0,0,1019.1,937.3,6,1,9,0,0.2,0.48,8.7,11.3,66,68,29.2,19.3,19.6,16.4,11.6,0.232,0.233,0.264,0.342,1,3600.0,340.0,248.0,92.0,574.7,340.0,571.5,408.2,297.8,110.5,574.7,408.2,686.1
1766,1766,41.01933,-7.7032776,723.0,2018-06-22T09:00,21.0,74,16.3,21.8,0.0,0.0,0.0,0.0,0,1019.0,937.6,2,1,1,0,0.31,0.64,9.7,12.6,51,53,25.6,20.7,19.5,16.4,11.6,0.231,0.233,0.264,0.342,1,3600.0,523.0,402.0,121.0,671.3,523.0,793.0,590.1,453.6,136.5,671.3,590.1,894.8
1765,1765,41.01933,-7.7032776,723.0,2018-06-22T10:00,22.6,69,16.7,24.5,0.0,0.0,0.0,0.0,0,1018.7,937.7,4,1,6,0,0.44,0.85,9.1,11.0,56,58,25.2,22.3,19.6,16.4,11.6,0.23,0.233,0.264,0.342,1,3600.0,703.0,582.0,121.0,783.2,703.0,984.0,761.6,630.5,131.1,783.2,761.6,1066.0
1764,1764,41.01933,-7.7032776,723.0,2018-06-22T11:00,24.3,63,16.8,27.0,0.0,0.0,0.0,0.0,0,1018.1,937.6,13,0,21,0,0.55,1.13,9.0,10.9,61,63,25.2,23.9,19.8,16.4,11.6,0.228,0.232,0.264,0.342,1,3600.0,832.0,696.0,136.0,814.5,832.0,1131.5,873.6,730.8,142.8,814.5,873.6,1188.1
1763,1763,41.01933,-7.7032776,723.0,2018-06-22T12:00,24.9,62,17.1,27.6,0.0,0.0,0.0,0.0,0,1018.3,937.9,13,1,20,0,0.59,1.19,11.9,14.5,65,67,25.2,25.0,19.9,16.4,11.6,0.227,0.234,0.266,0.342,1,3600.0,892.0,714.0,178.0,771.5,892.0,1225.5,911.9,729.9,182.0,771.5,911.9,1252.9
1762,1762,41.01933,-7.7032776,723.0,2018-06-22T13:00,26.0,58,17.1,29.5,0.0,0.0,0.0,0.0,0,1017.8,937.7,0,0,0,1,0.65,1.42,9.4,11.2,67,69,29.9,26.2,20.2,16.4,11.6,0.225,0.233,0.266,0.342,1,3600.0,948.0,813.0,135.0,854.7,948.0,1259.5,945.2,810.6,134.6,854.7,945.2,1255.8
1761,1761,41.01933,-7.7032776,723.0,2018-06-22T14:00,26.4,56,17.0,30.2,0.1,0.1,0.0,0.0,51,1017.3,937.4,15,4,6,25,0.64,1.51,6.3,7.3,77,79,25.6,27.2,20.5,16.4,11.6,0.224,0.232,0.265,0.342,1,3600.0,919.0,785.0,134.0,844.2,919.0,1231.3,893.2,762.9,130.2,844.2,893.2,1196.7
1760,1760,41.01933,-7.7032776,723.0,2018-06-22T15:00,26.4,55,16.6,29.0,0.1,0.1,0.0,0.0,51,1016.9,937.0,18,4,6,37,0.54,1.54,6.1,7.6,62,65,20.5,27.6,20.8,16.4,11.6,0.222,0.232,0.265,0.342,1,3600.0,755.0,551.0,204.0,638.5,755.0,1142.7,713.3,520.6,192.7,638.5,713.3,1079.6
1759,1759,41.01933,-7.7032776,723.0,2018-06-22T16:00,26.1,56,16.5,28.4,0.1,0.1,0.0,0.0,51,1016.9,936.9,22,6,9,36,0.46,1.5,3.9,4.7,56,58,20.2,27.6,21.1,16.5,11.6,0.221,0.231,0.265,0.342,1,3600.0,648.0,463.0,185.0,613.2,648.0,999.8,591.4,422.6,168.8,613.2,591.4,912.5
1758,1758,41.01933,-7.7032776,723.0,2018-06-22T17:00,25.5,57,16.3,27.1,0.4,0.4,0.0,0.0,51,1016.7,936.6,24,7,10,38,0.32,1.4,3.7,4.3,349,355,19.8,27.1,21.4,16.5,11.6,0.224,0.231,0.265,0.342,1,3600.0,458.0,304.0,154.0,495.6,458.0,812.3,398.5,264.5,134.0,495.6,398.5,706.7
1757,1757,41.01933,-7.7032776,723.0,2018-06-22T18:00,23.7,64,16.6,24.8,0.0,0.0,0.0,0.0,1,1017.1,936.5,30,0,16,67,0.21,1.04,7.6,9.4,225,223,17.6,26.2,21.6,16.5,11.6,0.223,0.23,0.265,0.342,1,3600.0,292.0,185.0,107.0,413.1,292.0,593.0,234.6,148.6,86.0,413.1,234.6,476.4
1756,1756,41.01933,-7.7032776,723.0,2018-06-22T19:00,23.4,69,17.3,25.3,0.0,0.0,0.0,0.0,0,1017.1,936.4,14,0,8,30,0.11,0.9,4.6,7.6,342,341,17.3,25.2,21.7,16.5,11.6,0.223,0.23,0.265,0.342,1,3600.0,147.0,62.0,85.0,230.1,147.0,356.8,97.7,41.2,56.5,230.1,97.7,237.1
1755,1755,41.01933,-7.7032776,723.0,2018-06-22T20:00,21.5,77,17.3,23.3,0.0,0.0,0.0,0.0,0,1016.7,935.6,19,0,6,51,0.04,0.6,5.6,7.2,333,342,11.2,24.0,21.8,16.5,11.6,0.223,0.23,0.265,0.342,1,1641.24,46.0,19.0,27.0,151.3,46.0,119.9,2.0,0.8,1.2,9.5,1.4,5.2
1754,1754,41.01933,-7.7032776,723.0,2018-06-22T21:00,20.8,77,16.7,22.5,0.0,0.0,0.0,0.0,0,1017.1,935.8,11,0,2,33,0.0,0.56,4.8,4.8,283,333,11.5,22.6,21.8,16.5,11.7,0.223,0.23,0.265,0.342,0,0.0,0.0,0.0,0.0,0.0,0.0,0.0,0.0,0.0,0.0,0.0,0.0,0.0
1753,1753,41.01933,-7.7032776,723.0,2018-06-22T22:00,19.4,84,16.6,21.4,0.0,0.0,0.0,0.0,0,1017.4,935.6,2,0,2,2,0.0,0.36,2.1,2.8,239,40,10.8,21.5,21.7,16.6,11.7,0.223,0.23,0.265,0.342,0,0.0,0.0,0.0,0.0,0.0,0.0,0.0,0.0,0.0,0.0,0.0,0.0,0.0
1752,1752,41.01933,-7.7032776,723.0,2018-06-22T23:00,20.1,78,16.1,21.6,0.0,0.0,0.0,0.0,0,1017.2,935.6,1,0,2,0,0.0,0.52,4.1,5.7,285,18,11.2,20.6,21.6,16.6,11.7,0.223,0.23,0.265,0.342,0,0.0,0.0,0.0,0.0,0.0,0.0,0.0,0.0,0.0,0.0,0.0,0.0,0.0
1751,1751,41.01933,-7.7032776,723.0,2018-06-23T00:00,22.5,72,17.2,24.2,0.0,0.0,0.0,0.0,0,1016.9,936.0,1,0,2,0,0.01,0.76,6.0,9.1,343,9,12.2,20.6,21.5,16.6,11.7,0.228,0.229,0.264,0.342,0,0.0,0.0,0.0,0.0,0.0,0.0,0.0,0.0,0.0,0.0,0.0,0.0,0.0
1750,1750,41.01933,-7.7032776,723.0,2018-06-23T01:00,20.9,75,16.4,22.2,0.0,0.0,0.0,0.0,0,1016.8,935.5,1,0,1,0,0.01,0.61,6.2,13.1,353,21,15.5,19.9,21.3,16.6,11.7,0.228,0.229,0.264,0.342,0,0.0,0.0,0.0,0.0,0.0,0.0,0.0,0.0,0.0,0.0,0.0,0.0,0.0
1749,1749,41.01933,-7.7032776,723.0,2018-06-23T02:00,17.6,92,16.2,18.4,0.0,0.0,0.0,0.0,0,1016.9,934.7,0,0,0,0,0.0,0.16,9.2,16.1,31,48,20.9,19.4,21.1,16.6,11.7,0.228,0.229,0.264,0.342,0,0.0,0.0,0.0,0.0,0.0,0.0,0.0,0.0,0.0,0.0,0.0,0.0,0.0
1748,1748,41.01933,-7.7032776,723.0,2018-06-23T03:00,17.3,90,15.7,18.0,0.0,0.0,0.0,0.0,0,1016.9,934.6,0,0,0,0,0.0,0.2,8.5,18.5,54,61,22.3,18.8,20.9,16.6,11.7,0.228,0.229,0.264,0.342,0,0.0,0.0,0.0,0.0,0.0,0.0,0.0,0.0,0.0,0.0,0.0,0.0,0.0
1747,1747,41.01933,-7.7032776,723.0,2018-06-23T04:00,17.3,85,14.7,17.6,0.0,0.0,0.0,0.0,0,1017.0,934.7,0,0,0,0,0.0,0.3,8.0,18.2,54,63,22.0,18.4,20.7,16.6,11.7,0.228,0.229,0.264,0.342,0,0.0,0.0,0.0,0.0,0.0,0.0,0.0,0.0,0.0,0.0,0.0,0.0,0.0
1746,1746,41.01933,-7.7032776,723.0,2018-06-23T05:00,16.5,85,13.9,16.5,0.0,0.0,0.0,0.0,0,1017.3,934.8,0,0,0,0,0.0,0.28,8.2,17.1,52,65,20.9,18.0,20.5,16.7,11.7,0.228,0.229,0.264,0.342,1,0.0,0.0,0.0,0.0,0.0,0.0,0.0,0.0,0.0,0.0,0.0,0.0,0.0
1745,1745,41.01933,-7.7032776,723.0,2018-06-23T06:00,18.3,78,14.3,18.8,0.0,0.0,0.0,0.0,0,1017.7,935.6,0,0,0,0,0.03,0.47,5.9,15.1,43,62,20.5,18.0,20.3,16.7,11.7,0.228,0.229,0.264,0.342,1,1414.67,40.0,18.0,22.0,154.0,40.0,97.3,87.9,39.6,48.4,244.9,55.3,213.9
1744,1744,41.01933,-7.7032776,723.0,2018-06-23T07:00,19.1,73,14.0,18.9,0.0,0.0,0.0,0.0,0,1018.1,936.2,0,0,0,0,0.12,0.61,10.2,14.6,51,57,24.8,18.7,20.1,16.7,11.7,0.227,0.229,0.264,0.342,1,3600.0,184.0,121.0,63.0,480.5,184.0,333.4,250.1,164.4,85.6,480.5,250.1,453.2
1743,1743,41.01933,-7.7032776,723.0,2018-06-23T08:00,20.1,68,13.9,19.7,0.0,0.0,0.0,0.0,0,1018.2,936.6,0,0,0,0,0.23,0.76,11.4,15.2,55,59,27.4,19.8,20.0,16.7,11.7,0.227,0.229,0.264,0.342,1,3600.0,368.0,281.0,87.0,652.3,368.0,570.4,442.0,337.5,104.5,652.3,442.0,685.1
1742,1742,41.01933,-7.7032776,723.0,2018-06-23T09:00,21.7,61,13.9,21.3,0.0,0.0,0.0,0.0,0,1017.9,936.7,0,0,0,0,0.35,1.0,11.4,14.9,55,58,28.4,21.2,20.0,16.7,11.7,0.226,0.229,0.264,0.342,1,3600.0,553.0,450.0,103.0,752.3,553.0,792.0,624.1,507.9,116.2,752.3,624.1,893.8
1741,1741,41.01933,-7.7032776,723.0,2018-06-23T10:00,23.6,55,14.1,24.3,0.0,0.0,0.0,0.0,0,1017.4,936.7,0,0,0,0,0.48,1.3,10.9,14.3,63,65,28.8,22.7,20.1,16.7,11.7,0.224,0.228,0.264,0.342,1,3600.0,719.0,604.0,115.0,813.4,719.0,983.1,779.0,654.4,124.6,813.4,779.0,1065.2
1740,1740,41.01933,-7.7032776,723.0,2018-06-23T11:00,25.6,50,14.5,27.2,0.0,0.0,0.0,0.0,0,1017.1,937.0,0,0,0,0,0.58,1.63,10.7,13.8,70,75,28.4,24.3,20.2,16.7,11.7,0.222,0.228,0.264,0.342,1,3600.0,847.0,724.0,123.0,847.7,847.0,1130.8,889.5,760.3,129.2,847.7,889.5,1187.5
1739,1739,41.01933,-7.7032776,723.0,2018-06-23T12:00,27.2,51,16.2,29.9,0.0,0.0,0.0,0.0,0,1016.8,937.1,0,0,0,0,0.66,1.76,10.7,13.4,76,82,28.1,25.8,20.3,16.7,11.7,0.221,0.228,0.264,0.342,1,3600.0,930.0,802.0,128.0,866.8,930.0,1225.0,950.8,820.0,130.9,866.8,950.8,1252.5
1738,1738,41.01933,-7.7032776,723.0,2018-06-23T13:00,28.2,44,14.8,30.7,0.4,0.4,0.0,0.0,51,1016.3,936.9,44,1,31,80,0.7,2.13,9.7,12.4,117,116,34.6,27.1,20.6,16.7,11.7,0.222,0.227,0.264,0.342,1,3600.0,959.0,829.0,130.0,871.6,959.0,1259.3,956.2,826.6,129.6,871.6,956.2,1255.6
1737,1737,41.01933,-7.7032776,723.0,2018-06-23T14:00,27.0,51,15.9,27.7,0.0,0.0,0.0,0.0,1,1016.4,936.7,37,0,31,60,0.51,1.77,13.2,16.7,158,155,30.6,27.2,20.9,16.7,11.7,0.22,0.226,0.264,0.342,1,3600.0,668.0,409.0,259.0,439.8,668.0,1231.3,649.3,397.5,251.7,439.8,649.3,1196.8
1736,1736,41.01933,-7.7032776,723.0,2018-06-23T15:00,26.5,53,16.1,27.8,0.0,0.0,0.0,0.0,0,1015.9,936.1,16,0,3,46,0.41,1.63,4.9,5.8,216,210,32.8,27.0,21.2,16.7,11.7,0.219,0.226,0.263,0.342,1,3600.0,549.0,318.0,231.0,368.4,549.0,1142.9,518.7,300.5,218.3,368.4,518.7,1079.9
1735,1735,41.01933,-7.7032776,723.0,2018-06-23T16:00,27.5,50,16.1,29.2,0.0,0.0,0.0,0.0,1,1015.3,935.8,24,0,7,65,0.42,1.85,3.7,4.2,29,31,15.8,27.4,21.4,16.8,11.7,0.218,0.225,0.263,0.342,1,3600.0,576.0,369.0,207.0,488.5,576.0,1000.2,525.8,336.8,188.9,488.5,525.8,912.9
1734,1734,41.01933,-7.7032776,723.0,2018-06-23T17:00,26.8,52,16.1,28.6,0.0,0.0,0.0,0.0,1,1015.5,935.8,42,0,28,85,0.28,1.69,2.3,2.6,72,74,15.8,27.0,21.7,16.8,11.7,0.217,0.225,0.263,0.342,1,3600.0,393.0,204.0,189.0,332.3,393.0,812.8,342.0,177.5,164.5,332.3,342.0,707.3
1733,1733,41.01933,-7.7032776,723.0,2018-06-23T18:00,26.8,52,16.1,28.7,0.0,0.0,0.0,0.0,1,1015.0,935.4,25,0,8,66,0.16,1.68,1.1,1.1,360,360,10.4,26.5,21.9,16.8,11.7,0.216,0.225,0.263,0.342,1,3600.0,229.0,108.0,121.0,240.9,229.0,593.6,184.0,86.8,97.2,240.9,184.0,477.0
1732,1732,41.01933,-7.7032776,723.0,2018-06-23T19:00,26.0,72,20.5,29.8,0.0,0.0,0.0,0.0,1,1015.1,935.3,26,0,7,71,0.1,0.96,1.8,2.0,360,45,7.9,25.8,22.0,16.8,11.7,0.216,0.225,0.263,0.342,1,3600.0,150.0,63.0,87.0,233.3,150.0,357.5,99.8,41.9,57.9,233.3,99.8,237.8
1731,1731,41.01933,-7.7032776,723.0,2018-06-23T20:00,23.6,67,17.1,25.2,0.0,0.0,0.0,0.0,0,1015.2,934.7,20,0,3,59,0.05,0.96,6.1,6.2,332,350,9.7,24.6,22.1,16.8,11.7,0.216,0.225,0.263,0.342,1,638.58,42.0,12.0,30.0,95.3,42.0,120.5,2.0,0.6,1.4,6.7,1.5,5.8
1730,1730,41.01933,-7.7032776,723.0,2018-06-23T21:00,22.4,74,17.5,24.0,0.0,0.0,0.0,0.0,0,1015.8,935.0,11,0,0,37,0.02,0.71,7.4,10.1,313,343,10.4,23.3,22.1,16.8,11.7,0.216,0.225,0.263,0.342,0,0.0,0.0,0.0,0.0,0.0,0.0,0.0,0.0,0.0,0.0,0.0,0.0,0.0
1729,1729,41.01933,-7.7032776,723.0,2018-06-23T22:00,21.0,84,18.1,23.1,0.0,0.0,0.0,0.0,0,1015.9,934.7,8,0,0,26,0.0,0.41,5.4,6.5,278,326,10.4,22.2,22.0,16.9,11.8,0.216,0.225,0.263,0.342,0,0.0,0.0,0.0,0.0,0.0,0.0,0.0,0.0,0.0,0.0,0.0,0.0,0.0
1728,1728,41.01933,-7.7032776,723.0,2018-06-23T23:00,20.5,86,18.1,22.9,0.0,0.0,0.0,0.0,0,1015.5,934.2,1,0,0,2,0.0,0.33,3.7,3.6,259,354,10.4,21.3,21.9,16.9,11.8,0.216,0.225,0.263,0.342,0,0.0,0.0,0.0,0.0,0.0,0.0,0.0,0.0,0.0,0.0,0.0,0.0,0.0
1727,1727,41.01933,-7.7032776,723.0,2018-06-24T00:00,18.5,96,17.9,20.7,0.0,0.0,0.0,0.0,0,1015.4,933.6,1,1,0,0,0.0,0.09,4.2,2.7,250,337,9.4,21.2,22.0,16.9,11.8,0.222,0.224,0.263,0.342,0,0.0,0.0,0.0,0.0,0.0,0.0,0.0,0.0,0.0,0.0,0.0,0.0,0.0
1726,1726,41.01933,-7.7032776,723.0,2018-06-24T01:00,20.4,83,17.5,22.8,0.0,0.0,0.0,0.0,0,1015.2,933.9,0,0,0,0,0.0,0.4,1.3,3.3,236,49,10.1,20.4,21.8,16.9,11.8,0.222,0.224,0.263,0.342,0,0.0,0.0,0.0,0.0,0.0,0.0,0.0,0.0,0.0,0.0,0.0,0.0,0.0
1725,1725,41.01933,-7.7032776,723.0,2018-06-24T02:00,21.1,76,16.8,23.2,0.0,0.0,0.0,0.0,0,1014.9,933.8,0,0,0,0,0.0,0.6,2.2,5.1,279,45,8.6,19.7,21.6,16.9,11.8,0.222,0.224,0.263,0.342,0,0.0,0.0,0.0,0.0,0.0,0.0,0.0,0.0,0.0,0.0,0.0,0.0,0.0
1724,1724,41.01933,-7.7032776,723.0,2018-06-24T03:00,21.1,76,16.7,23.1,0.0,0.0,0.0,0.0,0,1015.0,933.9,0,0,0,0,0.0,0.6,2.6,6.4,326,47,9.4,19.1,21.4,16.9,11.8,0.222,0.224,0.263,0.342,0,0.0,0.0,0.0,0.0,0.0,0.0,0.0,0.0,0.0,0.0,0.0,0.0,0.0
1723,1723,41.01933,-7.7032776,723.0,2018-06-24T04:00,20.3,79,16.6,22.0,0.0,0.0,0.0,0.0,0,1015.3,934.0,1,1,0,0,0.0,0.5,3.9,8.4,338,40,10.8,18.7,21.2,17.0,11.8,0.222,0.224,0.263,0.342,0,0.0,0.0,0.0,0.0,0.0,0.0,0.0,0.0,0.0,0.0,0.0,0.0,0.0
1722,1722,41.01933,-7.7032776,723.0,2018-06-24T05:00,19.3,85,16.8,21.1,0.0,0.0,0.0,0.0,0,1015.3,933.7,3,3,0,0,0.0,0.32,3.8,8.4,343,50,11.2,18.2,21.0,17.0,11.8,0.222,0.224,0.263,0.342,1,0.0,0.0,0.0,0.0,0.0,0.0,0.0,0.0,0.0,0.0,0.0,0.0,0.0
1721,1721,41.01933,-7.7032776,723.0,2018-06-24T06:00,18.8,93,17.6,21.1,0.0,0.0,0.0,0.0,0,1015.7,933.9,3,3,0,0,0.01,0.16,2.9,9.5,7,53,12.6,18.3,20.7,17.0,11.8,0.222,0.224,0.263,0.342,1,1409.32,39.0,18.0,21.0,154.5,39.0,96.2,86.3,39.8,46.4,247.7,53.8,212.8
1720,1720,41.01933,-7.7032776,723.0,2018-06-24T07:00,20.3,75,15.8,21.6,0.0,0.0,0.0,0.0,0,1016.3,934.9,3,3,0,0,0.1,0.59,4.7,7.8,32,56,13.7,19.3,20.6,17.0,11.8,0.222,0.224,0.263,0.342,1,3600.0,181.0,117.0,64.0,466.2,181.0,332.3,246.2,159.2,87.1,466.2,246.2,452.0
1719,1719,41.01933,-7.7032776,723.0,2018-06-24T08:00,21.6,65,14.8,22.2,0.0,0.0,0.0,0.0,0,1016.3,935.2,0,0,0,0,0.23,0.89,6.1,7.7,40,49,16.9,20.5,20.5,17.0,11.8,0.221,0.224,0.263,0.342,1,3600.0,363.0,273.0,90.0,634.9,363.0,569.2,436.2,328.0,108.1,634.9,436.2,684.0
1718,1718,41.01933,-7.7032776,723.0,2018-06-24T09:00,23.6,56,14.3,24.2,0.0,0.0,0.0,0.0,0,1016.3,935.7,0,0,0,0,0.37,1.29,5.9,7.1,52,60,18.0,22.1,20.5,17.0,11.8,0.22,0.224,0.263,0.342,1,3600.0,553.0,451.0,102.0,754.9,553.0,790.9,624.3,509.1,115.1,754.9,624.3,892.8
1717,1717,41.01933,-7.7032776,723.0,2018-06-24T10:00,25.9,50,14.6,27.7,0.0,0.0,0.0,0.0,0,1015.9,936.0,0,0,0,0,0.5,1.67,5.2,6.1,78,90,18.7,23.8,20.5,17.0,11.8,0.219,0.223,0.262,0.342,1,3600.0,719.0,605.0,114.0,815.5,719.0,982.2,779.1,655.6,123.5,815.5,779.1,1064.4
1716,1716,41.01933,-7.7032776,723.0,2018-06-24T11:00,27.8,47,15.3,31.0,0.0,0.0,0.0,0.0,0,1015.6,936.2,0,0,0,0,0.61,2.0,3.9,4.9,112,126,17.6,25.6,20.7,17.0,11.8,0.217,0.222,0.262,0.342,1,3600.0,849.0,728.0,121.0,852.8,849.0,1130.1,891.7,764.6,127.1,852.8,891.7,1186.9
1715,1715,41.01933,-7.7032776,723.0,2018-06-24T12:00,29.0,46,16.1,32.9,0.0,0.0,0.0,0.0,0,1015.5,936.4,0,0,0,0,0.68,2.18,4.6,5.9,135,142,16.6,27.2,20.9,17.0,11.8,0.215,0.222,0.263,0.342,1,3600.0,934.0,808.0,126.0,873.6,934.0,1224.5,955.0,826.2,128.8,873.6,955.0,1252.1
1714,1714,41.01933,-7.7032776,723.0,2018-06-24T13:00,29.9,44,16.3,33.9,0.0,0.0,0.0,0.0,0,1015.0,936.1,5,3,4,0,0.71,2.37,5.2,6.3,192,193,18.4,28.5,21.2,17.0,11.8,0.213,0.221,0.262,0.342,1,3600.0,958.0,830.0,128.0,872.8,958.0,1259.0,955.3,827.7,127.6,872.8,955.3,1255.5
1713,1713,41.01933,-7.7032776,723.0,2018-06-24T14:00,30.0,42,15.6,33.5,0.0,0.0,0.0,0.0,0,1014.5,935.7,8,4,7,1,0.67,2.47,4.6,5.5,219,212,21.2,29.4,21.6,17.0,11.8,0.21,0.22,0.262,0.342,1,3600.0,899.0,763.0,136.0,820.4,899.0,1231.2,873.9,741.7,132.2,820.4,873.9,1196.8
1712,1712,41.01933,-7.7032776,723.0,2018-06-24T15:00,30.1,42,15.8,33.4,0.0,0.0,0.0,0.0,0,1014.2,935.4,2,0,4,0,0.58,2.46,1.8,1.8,281,270,17.3,29.8,22.0,17.1,11.8,0.208,0.22,0.262,0.342,1,3600.0,792.0,664.0,128.0,769.0,792.0,1143.0,748.4,627.5,121.0,769.0,748.4,1080.1
1711,1711,41.01933,-7.7032776,723.0,2018-06-24T16:00,29.6,46,16.6,31.9,0.0,0.0,0.0,0.0,0,1014.0,935.1,5,2,5,1,0.53,2.25,6.0,6.8,327,328,16.6,30.0,22.3,17.1,11.8,0.207,0.219,0.261,0.342,1,3600.0,704.0,584.0,120.0,772.7,704.0,1000.5,642.7,533.1,109.5,772.7,642.7,913.4
1710,1710,41.01933,-7.7032776,723.0,2018-06-24T17:00,27.5,63,19.9,29.8,0.0,0.0,0.0,0.0,0,1014.4,935.0,7,3,6,1,0.39,1.34,10.0,11.8,347,348,23.0,29.6,22.6,17.1,11.8,0.205,0.219,0.261,0.342,1,3600.0,535.0,429.0,106.0,698.3,535.0,813.3,465.6,373.4,92.3,698.3,465.6,707.9
1709,1709,41.01933,-7.7032776,723.0,2018-06-24T18:00,25.5,76,20.9,27.9,0.0,0.0,0.0,0.0,0,1014.3,934.4,0,0,0,0,0.25,0.78,12.8,16.4,322,320,28.1,28.7,22.9,17.1,11.8,0.204,0.218,0.261,0.341,1,3600.0,365.0,275.0,90.0,612.7,365.0,594.2,293.4,221.1,72.3,612.7,293.4,477.6
1708,1708,41.01933,-7.7032776,723.0,2018-06-24T19:00,23.4,79,19.4,25.3,0.0,0.0,0.0,0.0,0,1014.8,934.3,0,0,0,0,0.13,0.62,11.5,16.0,319,316,28.4,27.4,23.1,17.1,11.8,0.204,0.218,0.261,0.341,1,3600.0,198.0,132.0,66.0,488.0,198.0,358.1,131.8,87.9,43.9,488.0,131.8,238.4
1707,1707,41.01933,-7.7032776,723.0,2018-06-24T20:00,21.5,84,18.6,23.8,0.0,0.0,0.0,0.0,0,1015.1,934.1,0,0,0,0,0.03,0.42,5.8,11.7,292,288,24.8,25.8,23.1,17.1,11.8,0.204,0.218,0.261,0.341,1,2176.44,50.0,24.0,26.0,190.4,50.0,121.1,2.6,1.3,1.4,14.4,1.9,6.3
1706,1706,41.01933,-7.7032776,723.0,2018-06-24T21:00,20.0,89,18.0,22.1,0.0,0.0,0.0,0.0,0,1015.6,934.1,0,0,0,0,0.0,0.27,5.0,12.2,291,294,12.6,24.3,23.1,17.2,11.8,0.204,0.218,0.261,0.341,0,0.0,0.0,0.0,0.0,0.0,0.0,0.0,0.0,0.0,0.0,0.0,0.0,0.0
1705,1705,41.01933,-7.7032776,723.0,2018-06-24T22:00,18.8,88,16.9,20.6,0.0,0.0,0.0,0.0,0,1015.5,933.8,0,0,0,0,0.0,0.25,4.6,13.0,288,312,10.8,23.1,23.1,17.2,11.9,0.204,0.218,0.261,0.341,0,0.0,0.0,0.0,0.0,0.0,0.0,0.0,0.0,0.0,0.0,0.0,0.0,0.0
1704,1704,41.01933,-7.7032776,723.0,2018-06-24T23:00,18.2,85,15.7,19.4,0.0,0.0,0.0,0.0,0,1015.3,933.4,0,0,0,0,0.0,0.31,5.0,13.3,270,303,10.4,22.1,22.9,17.2,11.9,0.204,0.218,0.261,0.341,0,0.0,0.0,0.0,0.0,0.0,0.0,0.0,0.0,0.0,0.0,0.0,0.0,0.0
1703,1703,41.01933,-7.7032776,723.0,2018-06-25T00:00,17.4,86,15.1,18.4,0.0,0.0,0.0,0.0,0,1015.7,933.6,0,0,0,0,0.0,0.28,5.1,9.2,262,309,10.1,21.4,22.8,17.2,11.9,0.204,0.217,0.26,0.341,0,0.0,0.0,0.0,0.0,0.0,0.0,0.0,0.0,0.0,0.0,0.0,0.0,0.0
1702,1702,41.01933,-7.7032776,723.0,2018-06-25T01:00,17.3,83,14.4,18.1,0.0,0.0,0.0,0.0,0,1015.2,933.1,0,0,0,0,0.0,0.33,4.8,8.8,257,305,8.3,20.7,22.6,17.2,11.9,0.204,0.217,0.26,0.341,0,0.0,0.0,0.0,0.0,0.0,0.0,0.0,0.0,0.0,0.0,0.0,0.0,0.0
1701,1701,41.01933,-7.7032776,723.0,2018-06-25T02:00,17.1,82,14.1,17.6,0.0,0.0,0.0,0.0,0,1014.8,932.7,1,0,1,0,0.0,0.35,5.9,6.8,256,302,8.6,20.1,22.4,17.3,11.9,0.204,0.217,0.26,0.341,0,0.0,0.0,0.0,0.0,0.0,0.0,0.0,0.0,0.0,0.0,0.0,0.0,0.0
1700,1700,41.01933,-7.7032776,723.0,2018-06-25T03:00,17.3,79,13.7,17.7,0.0,0.0,0.0,0.0,0,1014.6,932.5,2,0,3,0,0.0,0.41,5.2,4.6,254,309,8.6,19.6,22.1,17.3,11.9,0.204,0.217,0.26,0.341,0,0.0,0.0,0.0,0.0,0.0,0.0,0.0,0.0,0.0,0.0,0.0,0.0,0.0
1699,1699,41.01933,-7.7032776,723.0,2018-06-25T04:00,18.2,73,13.3,18.8,0.0,0.0,0.0,0.0,0,1014.7,932.8,17,0,8,41,0.0,0.56,2.6,1.6,236,27,19.4,19.2,21.9,17.3,11.9,0.204,0.217,0.26,0.341,0,0.0,0.0,0.0,0.0,0.0,0.0,0.0,0.0,0.0,0.0,0.0,0.0,0.0
1698,1698,41.01933,-7.7032776,723.0,2018-06-25T05:00,17.1,80,13.6,17.5,0.0,0.0,0.0,0.0,0,1014.8,932.7,4,0,1,12,0.0,0.4,5.2,4.6,282,342,20.2,18.9,21.7,17.3,11.9,0.204,0.217,0.26,0.341,1,0.0,0.0,0.0,0.0,0.0,0.0,0.0,0.0,0.0,0.0,0.0,0.0,0.0
1697,1697,41.01933,-7.7032776,723.0,2018-06-25T06:00,18.8,74,14.2,19.8,0.0,0.0,0.0,0.0,1,1015.1,933.4,22,0,37,0,0.02,0.56,2.6,5.7,304,35,23.0,19.0,21.4,17.3,11.9,0.204,0.217,0.26,0.341,1,1149.09,37.0,16.0,21.0,137.9,37.0,95.0,82.4,35.6,46.8,223.0,51.0,211.5
1696,1696,41.01933,-7.7032776,723.0,2018-06-25T07:00,20.7,70,15.0,22.1,0.0,0.0,0.0,0.0,0,1015.7,934.4,0,0,0,0,0.09,0.74,1.6,1.8,243,217,8.3,19.8,21.3,17.3,11.9,0.204,0.217,0.26,0.341,1,3600.0,150.0,81.0,69.0,323.9,150.0,331.0,204.3,110.3,94.0,323.9,204.3,450.8
1695,1695,41.01933,-7.7032776,723.0,2018-06-25T08:00,22.3,70,16.5,24.1,0.0,0.0,0.0,0.0,0,1015.8,934.9,0,0,0,0,0.22,0.81,2.7,3.1,337,339,11.9,21.3,21.2,17.3,11.9,0.203,0.216,0.26,0.341,1,3600.0,361.0,274.0,87.0,638.5,361.0,568.0,433.9,329.4,104.6,638.5,433.9,682.8
1694,1694,41.01933,-7.7032776,723.0,2018-06-25T09:00,23.6,69,17.6,26.2,0.0,0.0,0.0,0.0,0,1015.6,935.1,1,1,0,0,0.36,0.91,1.1,1.0,342,315,13.7,23.0,21.1,17.3,11.9,0.202,0.216,0.26,0.341,1,3600.0,543.0,441.0,102.0,739.1,543.0,789.8,613.1,497.9,115.2,739.1,613.1,891.8
1693,1693,41.01933,-7.7032776,723.0,2018-06-25T10:00,25.2,66,18.3,28.8,0.0,0.0,0.0,0.0,0,1015.6,935.5,0,0,0,0,0.48,1.1,2.9,3.9,210,202,15.5,24.8,21.2,17.4,11.9,0.201,0.216,0.26,0.341,1,3600.0,704.0,588.0,116.0,793.2,704.0,981.3,763.0,637.3,125.7,793.2,763.0,1063.5
1692,1692,41.01933,-7.7032776,723.0,2018-06-25T11:00,26.7,60,18.4,30.8,0.0,0.0,0.0,0.0,0,1015.7,936.0,0,0,0,0,0.59,1.38,5.0,6.6,210,209,18.4,26.5,21.4,17.4,11.9,0.199,0.215,0.26,0.341,1,3600.0,834.0,709.0,125.0,831.0,834.0,1129.4,876.0,744.7,131.3,831.0,876.0,1186.3
1691,1691,41.01933,-7.7032776,723.0,2018-06-25T12:00,26.8,59,18.0,30.5,0.0,0.0,0.0,0.0,0,1015.9,936.2,0,0,0,0,0.64,1.46,9.2,11.8,219,218,24.5,27.6,21.6,17.4,11.9,0.199,0.216,0.26,0.341,1,3600.0,919.0,789.0,130.0,853.3,919.0,1224.0,939.8,806.8,132.9,853.3,939.8,1251.7
1690,1690,41.01933,-7.7032776,723.0,2018-06-25T13:00,26.5,59,17.8,30.7,0.0,0.0,0.0,0.0,0,1016.0,936.2,1,1,0,0,0.66,1.42,7.1,8.8,240,235,26.3,28.7,21.9,17.4,11.9,0.197,0.215,0.26,0.341,1,3600.0,949.0,817.0,132.0,859.2,949.0,1258.7,946.4,814.8,131.6,859.2,946.4,1255.3
1689,1689,41.01933,-7.7032776,723.0,2018-06-25T14:00,26.3,60,17.8,30.3,0.0,0.0,0.0,0.0,0,1015.8,936.0,2,1,1,0,0.64,1.38,7.3,9.0,250,241,22.3,29.4,22.2,17.4,11.9,0.195,0.214,0.26,0.341,1,3600.0,916.0,781.0,135.0,839.7,916.0,1231.1,890.5,759.3,131.2,839.7,890.5,1196.8
1688,1688,41.01933,-7.7032776,723.0,2018-06-25T15:00,26.1,60,17.8,29.3,0.0,0.0,0.0,0.0,2,1015.7,935.8,53,58,2,0,0.58,1.35,9.2,11.9,244,241,25.6,29.8,22.5,17.4,11.9,0.193,0.214,0.26,0.341,1,3600.0,848.0,720.0,128.0,833.7,848.0,1143.2,801.4,680.4,121.0,833.7,801.4,1080.4
1687,1687,41.01933,-7.7032776,723.0,2018-06-25T16:00,24.2,71,18.5,26.4,0.0,0.0,0.0,0.0,1,1016.2,935.8,40,45,0,0,0.43,0.89,10.8,13.7,270,265,28.1,29.4,22.8,17.4,11.9,0.192,0.213,0.259,0.341,1,3600.0,654.0,438.0,216.0,579.3,654.0,1000.8,597.1,399.9,197.2,579.3,597.1,913.7
1686,1686,41.01933,-7.7032776,723.0,2018-06-25T17:00,23.5,73,18.5,25.5,0.0,0.0,0.0,0.0,1,1016.6,936.0,47,52,0,0,0.32,0.77,8.0,9.7,280,274,27.7,28.7,23.0,17.4,11.9,0.191,0.213,0.259,0.341,1,3600.0,488.0,310.0,178.0,504.3,488.0,813.7,424.8,269.8,154.9,504.3,424.8,708.3
1685,1685,41.01933,-7.7032776,723.0,2018-06-25T18:00,22.5,76,18.2,24.1,0.0,0.0,0.0,0.0,1,1016.7,935.8,49,54,0,0,0.2,0.64,9.7,12.0,315,311,23.8,27.7,23.2,17.5,11.9,0.191,0.212,0.259,0.341,1,3600.0,313.0,178.0,135.0,396.2,313.0,594.7,251.7,143.1,108.5,396.2,251.7,478.1
1684,1684,41.01933,-7.7032776,723.0,2018-06-25T19:00,20.8,80,17.1,21.9,0.0,0.0,0.0,0.0,0,1017.0,935.6,17,19,0,0,0.11,0.5,9.5,12.4,307,306,23.8,26.4,23.3,17.5,11.9,0.19,0.212,0.259,0.341,1,3600.0,173.0,90.0,83.0,332.2,173.0,358.6,115.2,59.9,55.3,332.2,115.2,238.8
1683,1683,41.01933,-7.7032776,723.0,2018-06-25T20:00,19.3,83,16.3,20.2,0.0,0.0,0.0,0.0,0,1017.3,935.5,14,15,0,0,0.03,0.38,8.8,12.8,289,286,21.2,24.9,23.3,17.5,11.9,0.19,0.212,0.259,0.341,1,1934.29,45.0,21.0,24.0,166.3,45.0,121.5,2.5,1.2,1.3,13.3,1.8,6.7
1682,1682,41.01933,-7.7032776,723.0,2018-06-25T21:00,18.2,87,16.0,19.4,0.0,0.0,0.0,0.0,1,1018.4,936.2,27,30,0,0,0.0,0.27,5.5,8.0,281,278,17.3,23.5,23.3,17.5,12.0,0.19,0.212,0.259,0.341,0,0.0,0.0,0.0,0.0,0.0,0.0,0.0,0.0,0.0,0.0,0.0,0.0,0.0
1681,1681,41.01933,-7.7032776,723.0,2018-06-25T22:00,17.5,90,15.8,18.5,0.0,0.0,0.0,0.0,0,1018.5,936.1,18,20,0,0,0.0,0.2,6.5,10.1,273,266,13.7,22.5,23.2,17.5,12.0,0.19,0.212,0.259,0.341,0,0.0,0.0,0.0,0.0,0.0,0.0,0.0,0.0,0.0,0.0,0.0,0.0,0.0
1680,1680,41.01933,-7.7032776,723.0,2018-06-25T23:00,16.7,93,15.6,17.8,0.0,0.0,0.0,0.0,0,1018.3,935.8,17,19,0,0,0.0,0.13,5.9,9.0,281,268,14.0,21.6,23.0,17.6,12.0,0.19,0.212,0.259,0.341,0,0.0,0.0,0.0,0.0,0.0,0.0,0.0,0.0,0.0,0.0,0.0,0.0,0.0
1679,1679,41.01933,-7.7032776,723.0,2018-06-26T00:00,15.9,95,15.0,17.0,0.0,0.0,0.0,0.0,1,1018.5,935.7,31,34,0,0,0.0,0.1,4.0,6.8,275,267,12.2,20.3,22.7,17.6,12.0,0.19,0.211,0.259,0.341,0,0.0,0.0,0.0,0.0,0.0,0.0,0.0,0.0,0.0,0.0,0.0,0.0,0.0
1678,1678,41.01933,-7.7032776,723.0,2018-06-26T01:00,15.5,96,14.9,16.6,0.0,0.0,0.0,0.0,1,1017.9,935.1,50,55,0,0,0.0,0.07,3.8,6.6,253,248,10.1,19.8,22.5,17.6,12.0,0.19,0.211,0.259,0.341,0,0.0,0.0,0.0,0.0,0.0,0.0,0.0,0.0,0.0,0.0,0.0,0.0,0.0
1677,1677,41.01933,-7.7032776,723.0,2018-06-26T02:00,15.4,97,14.8,16.4,0.0,0.0,0.0,0.0,2,1017.8,934.9,51,57,0,0,0.0,0.06,3.9,7.1,248,246,10.8,19.3,22.2,17.6,12.0,0.19,0.211,0.259,0.341,0,0.0,0.0,0.0,0.0,0.0,0.0,0.0,0.0,0.0,0.0,0.0,0.0,0.0
1676,1676,41.01933,-7.7032776,723.0,2018-06-26T03:00,15.2,97,14.8,16.3,0.0,0.0,0.0,0.0,1,1017.9,935.0,44,49,0,0,0.0,0.04,3.3,4.7,283,270,11.2,19.0,22.0,17.6,12.0,0.19,0.211,0.259,0.341,0,0.0,0.0,0.0,0.0,0.0,0.0,0.0,0.0,0.0,0.0,0.0,0.0,0.0
1675,1675,41.01933,-7.7032776,723.0,2018-06-26T04:00,15.0,97,14.6,15.9,0.0,0.0,0.0,0.0,2,1018.2,935.2,58,65,0,0,0.0,0.05,3.9,5.1,304,278,9.7,18.7,21.8,17.6,12.0,0.19,0.211,0.259,0.341,0,0.0,0.0,0.0,0.0,0.0,0.0,0.0,0.0,0.0,0.0,0.0,0.0,0.0
1674,1674,41.01933,-7.7032776,723.0,2018-06-26T05:00,14.7,97,14.3,15.6,0.0,0.0,0.0,0.0,2,1018.3,935.2,69,77,0,0,0.0,0.05,3.8,5.4,287,266,9.4,18.4,21.5,17.6,12.0,0.191,0.211,0.259,0.341,0,0.0,0.0,0.0,0.0,0.0,0.0,0.0,0.0,0.0,0.0,0.0,0.0,0.0
1673,1673,41.01933,-7.7032776,723.0,2018-06-26T06:00,15.5,92,14.1,16.3,0.0,0.0,0.0,0.0,1,1018.3,935.4,48,53,0,0,0.01,0.15,3.6,4.9,270,253,10.8,18.4,21.3,17.6,12.0,0.191,0.211,0.259,0.341,1,261.01,31.0,9.0,22.0,77.9,31.0,94.0,69.3,20.1,49.2,126.7,42.6,210.2
1672,1672,41.01933,-7.7032776,723.0,2018-06-26T07:00,16.9,87,14.6,18.1,0.0,0.0,0.0,0.0,1,1018.4,935.9,33,37,0,0,0.08,0.26,1.8,2.3,307,288,11.2,19.0,21.1,17.6,12.0,0.191,0.211,0.259,0.341,1,3600.0,148.0,75.0,73.0,301.1,148.0,329.7,201.8,102.2,99.5,301.1,201.8,449.5
1671,1671,41.01933,-7.7032776,723.0,2018-06-26T08:00,18.8,80,15.4,20.5,0.0,0.0,0.0,0.0,2,1018.2,936.2,68,76,0,0,0.19,0.43,0.8,0.4,333,270,11.5,20.2,20.9,17.6,12.0,0.191,0.211,0.259,0.341,1,3600.0,334.0,229.0,105.0,534.8,334.0,566.8,401.7,275.4,126.3,534.8,401.7,681.6
1670,1670,41.01933,-7.7032776,723.0,2018-06-26T09:00,21.4,69,15.5,23.0,0.0,0.0,0.0,0.0,1,1017.5,936.3,47,52,0,0,0.29,0.79,2.1,2.7,149,157,13.0,21.6,20.9,17.7,12.0,0.19,0.211,0.259,0.341,1,3600.0,454.0,284.0,170.0,476.7,454.0,788.6,512.7,320.7,192.0,476.7,512.7,890.7
1669,1669,41.01933,-7.7032776,723.0,2018-06-26T10:00,23.3,62,15.6,25.0,0.0,0.0,0.0,0.0,1,1017.2,936.5,39,43,0,0,0.41,1.08,3.7,4.7,191,189,15.5,23.3,20.9,17.7,12.0,0.189,0.211,0.259,0.341,1,3600.0,610.0,411.0,199.0,555.0,610.0,980.3,661.2,445.5,215.7,555.0,661.2,1062.6
1668,1668,41.01933,-7.7032776,723.0,2018-06-26T11:00,24.0,60,15.8,26.4,0.0,0.0,0.0,0.0,1,1017.1,936.6,28,31,0,0,0.51,1.19,5.1,6.4,231,227,19.1,24.9,21.0,17.7,12.0,0.188,0.21,0.258,0.341,1,3600.0,750.0,543.0,207.0,636.9,750.0,1128.5,787.9,570.4,217.5,636.9,787.9,1185.6
1667,1667,41.01933,-7.7032776,723.0,2018-06-26T12:00,23.4,58,14.6,26.1,0.0,0.0,0.0,0.0,2,1017.6,936.9,50,56,0,0,0.56,1.22,4.5,5.1,284,274,21.2,25.9,21.1,17.7,12.0,0.187,0.213,0.26,0.341,1,3600.0,837.0,564.0,273.0,610.2,837.0,1223.4,856.0,576.8,279.2,610.2,856.0,1251.2
1666,1666,41.01933,-7.7032776,723.0,2018-06-26T13:00,24.1,57,15.0,26.9,0.0,0.0,0.0,0.0,1,1017.3,936.8,50,55,0,0,0.61,1.3,6.9,8.4,264,260,22.0,27.2,21.3,17.7,12.0,0.185,0.212,0.26,0.341,1,3600.0,903.0,672.0,231.0,706.9,903.0,1258.3,900.6,670.2,230.4,706.9,900.6,1255.0
1665,1665,41.01933,-7.7032776,723.0,2018-06-26T14:00,23.9,58,15.0,26.1,0.0,0.0,0.0,0.0,2,1017.2,936.6,68,75,0,0,0.59,1.25,9.4,11.9,277,273,26.6,27.9,21.6,17.7,12.0,0.184,0.212,0.26,0.341,1,3600.0,888.0,647.0,241.0,695.7,888.0,1231.0,863.3,629.0,234.3,695.7,863.3,1196.8
1664,1664,41.01933,-7.7032776,723.0,2018-06-26T15:00,23.1,61,15.1,24.8,0.0,0.0,0.0,0.0,1,1017.2,936.4,25,28,0,0,0.52,1.12,10.2,13.0,280,276,28.1,28.1,21.9,17.7,12.0,0.183,0.211,0.26,0.341,1,3600.0,807.0,564.0,243.0,653.0,807.0,1143.2,762.7,533.1,229.7,653.0,762.7,1080.5
1663,1663,41.01933,-7.7032776,723.0,2018-06-26T16:00,22.1,66,15.5,23.0,0.0,0.0,0.0,0.0,0,1017.2,936.2,6,7,0,0,0.45,0.9,13.0,16.5,298,293,32.0,28.0,22.1,17.7,12.0,0.182,0.211,0.259,0.341,1,3600.0,726.0,600.0,126.0,793.3,726.0,1001.0,662.9,547.9,115.0,793.3,662.9,914.0
1662,1662,41.01933,-7.7032776,723.0,2018-06-26T17:00,21.2,65,14.3,20.6,0.0,0.0,0.0,0.0,0,1017.4,936.1,1,1,0,0,0.35,0.89,14.2,18.4,300,298,33.1,27.3,22.3,17.7,12.0,0.181,0.21,0.259,0.341,1,3600.0,564.0,452.0,112.0,734.9,564.0,814.1,491.0,393.5,97.5,734.9,491.0,708.7
1661,1661,41.01933,-7.7032776,723.0,2018-06-26T18:00,19.7,68,13.6,18.7,0.0,0.0,0.0,0.0,0,1017.9,936.2,1,1,0,0,0.24,0.73,14.6,19.2,303,300,33.5,26.2,22.5,17.7,12.0,0.18,0.21,0.259,0.341,1,3600.0,391.0,301.0,90.0,669.5,391.0,595.1,314.4,242.1,72.4,669.5,314.4,478.5
1660,1660,41.01933,-7.7032776,723.0,2018-06-26T19:00,18.0,74,13.3,17.2,0.0,0.0,0.0,0.0,0,1018.3,936.1,2,2,0,0,0.12,0.54,12.4,17.1,306,305,32.8,24.8,22.6,17.7,12.0,0.18,0.21,0.259,0.341,1,3600.0,205.0,139.0,66.0,512.5,205.0,359.0,136.6,92.6,44.0,512.5,136.6,239.2
1659,1659,41.01933,-7.7032776,723.0,2018-06-26T20:00,16.3,81,13.1,15.9,0.0,0.0,0.0,0.0,0,1018.8,936.1,2,2,0,0,0.03,0.35,9.5,15.8,299,300,27.7,23.1,22.5,17.8,12.1,0.18,0.21,0.259,0.341,1,2188.18,53.0,27.0,26.0,213.6,53.0,121.8,3.0,1.5,1.5,17.8,2.2,7.0
1658,1658,41.01933,-7.7032776,723.0,2018-06-26T21:00,14.9,88,13.0,14.8,0.0,0.0,0.0,0.0,0,1019.6,936.5,9,10,0,0,0.0,0.2,7.1,14.5,300,300,20.9,21.5,22.4,17.8,12.1,0.18,0.21,0.259,0.341,0,0.0,0.0,0.0,0.0,0.0,0.0,0.0,0.0,0.0,0.0,0.0,0.0,0.0
1657,1657,41.01933,-7.7032776,723.0,2018-06-26T22:00,13.7,94,12.8,14.0,0.0,0.0,0.0,0.0,1,1019.7,936.2,29,32,0,0,0.0,0.09,4.1,11.5,285,290,15.8,20.1,22.3,17.8,12.1,0.18,0.21,0.259,0.341,0,0.0,0.0,0.0,0.0,0.0,0.0,0.0,0.0,0.0,0.0,0.0,0.0,0.0
1656,1656,41.01933,-7.7032776,723.0,2018-06-26T23:00,13.7,94,12.7,13.9,0.0,0.0,0.0,0.0,1,1019.3,935.8,47,52,0,0,0.0,0.09,4.0,10.1,275,287,10.4,19.2,22.1,17.8,12.1,0.18,0.21,0.259,0.341,0,0.0,0.0,0.0,0.0,0.0,0.0,0.0,0.0,0.0,0.0,0.0,0.0,0.0
1655,1655,41.01933,-7.7032776,723.0,2018-06-27T00:00,12.8,97,12.3,12.5,0.0,0.0,0.0,0.0,0,1019.9,936.1,19,21,0,0,0.0,0.05,6.4,11.1,286,299,11.2,18.3,21.8,17.8,12.1,0.18,0.21,0.259,0.341,0,0.0,0.0,0.0,0.0,0.0,0.0,0.0,0.0,0.0,0.0,0.0,0.0,0.0
1654,1654,41.01933,-7.7032776,723.0,2018-06-27T01:00,12.7,95,11.9,12.7,0.0,0.0,0.0,0.0,1,1019.5,935.8,32,35,0,0,0.0,0.07,4.0,10.4,270,290,11.9,17.6,21.5,17.8,12.1,0.18,0.21,0.259,0.341,0,0.0,0.0,0.0,0.0,0.0,0.0,0.0,0.0,0.0,0.0,0.0,0.0,0.0
1653,1653,41.01933,-7.7032776,723.0,2018-06-27T02:00,12.7,95,12.0,12.7,0.0,0.0,0.0,0.0,1,1019.1,935.4,40,44,0,0,0.0,0.07,4.0,10.1,270,297,9.7,17.2,21.2,17.8,12.1,0.18,0.21,0.259,0.341,0,0.0,0.0,0.0,0.0,0.0,0.0,0.0,0.0,0.0,0.0,0.0,0.0,0.0
1652,1652,41.01933,-7.7032776,723.0,2018-06-27T03:00,12.6,96,12.0,12.6,0.0,0.0,0.0,0.0,2,1019.3,935.6,52,58,0,0,0.0,0.06,4.1,9.3,255,286,9.7,16.8,21.0,17.8,12.1,0.18,0.21,0.259,0.341,0,0.0,0.0,0.0,0.0,0.0,0.0,0.0,0.0,0.0,0.0,0.0,0.0,0.0
1651,1651,41.01933,-7.7032776,723.0,2018-06-27T04:00,12.8,96,12.2,13.0,0.0,0.0,0.0,0.0,2,1019.3,935.6,57,63,0,0,0.0,0.06,3.0,8.6,284,303,10.1,16.6,20.7,17.8,12.1,0.18,0.21,0.259,0.341,0,0.0,0.0,0.0,0.0,0.0,0.0,0.0,0.0,0.0,0.0,0.0,0.0,0.0
1650,1650,41.01933,-7.7032776,723.0,2018-06-27T05:00,12.9,96,12.4,13.0,0.0,0.0,0.0,0.0,2,1019.4,935.7,61,68,0,0,0.0,0.05,4.7,10.0,293,300,10.4,16.4,20.4,17.8,12.1,0.18,0.21,0.259,0.341,0,0.0,0.0,0.0,0.0,0.0,0.0,0.0,0.0,0.0,0.0,0.0,0.0,0.0
1649,1649,41.01933,-7.7032776,723.0,2018-06-27T06:00,14.0,90,12.5,13.9,0.0,0.0,0.0,0.0,2,1019.6,936.2,76,84,0,0,0.02,0.15,6.2,8.6,291,292,14.8,16.6,20.2,17.8,12.1,0.18,0.21,0.259,0.341,1,0.0,23.0,6.0,17.0,52.2,23.0,93.4,51.4,13.4,38.0,85.1,31.5,208.8
1648,1648,41.01933,-7.7032776,723.0,2018-06-27T07:00,15.1,86,12.8,14.9,0.0,0.0,0.0,0.0,2,1019.7,936.6,70,73,0,15,0.06,0.24,7.4,9.8,309,306,18.0,17.1,20.0,17.8,12.1,0.18,0.21,0.259,0.341,1,1586.36,98.0,28.0,70.0,112.9,98.0,328.3,133.8,38.2,95.5,112.9,133.8,448.1
1647,1647,41.01933,-7.7032776,723.0,2018-06-27T08:00,16.1,82,13.1,15.6,0.0,0.0,0.0,0.0,1,1019.8,937.0,43,45,0,9,0.13,0.32,9.9,12.7,316,313,24.1,18.0,19.8,17.8,12.1,0.18,0.21,0.259,0.341,1,3600.0,235.0,81.0,154.0,189.6,235.0,565.4,282.7,97.5,185.3,189.6,282.7,680.3
1646,1646,41.01933,-7.7032776,723.0,2018-06-27T09:00,17.2,74,12.6,16.6,0.0,0.0,0.0,0.0,1,1019.5,937.0,50,50,0,15,0.25,0.51,10.0,12.5,322,319,25.9,19.3,19.7,17.8,12.1,0.18,0.21,0.259,0.341,1,3600.0,436.0,260.0,176.0,437.0,436.0,787.4,492.5,293.7,198.8,437.0,492.5,889.6
1645,1645,41.01933,-7.7032776,723.0,2018-06-27T10:00,18.5,65,11.8,18.0,0.0,0.0,0.0,0.0,1,1019.3,937.2,47,26,0,78,0.35,0.75,9.3,11.3,332,329,26.3,20.7,19.7,17.8,12.1,0.179,0.21,0.259,0.341,1,3600.0,601.0,411.0,190.0,555.5,601.0,979.2,651.6,445.6,206.0,555.5,651.6,1061.7
1644,1644,41.01933,-7.7032776,723.0,2018-06-27T11:00,19.6,60,11.5,19.8,0.0,0.0,0.0,0.0,1,1019.0,937.2,36,11,1,85,0.44,0.92,8.6,10.3,327,324,25.6,22.2,19.8,17.8,12.1,0.178,0.209,0.259,0.341,1,3600.0,727.0,418.0,309.0,490.6,727.0,1127.7,763.8,439.2,324.7,490.6,763.8,1184.8
1643,1643,41.01933,-7.7032776,723.0,2018-06-27T12:00,20.3,56,11.3,21.4,0.0,0.0,0.0,0.0,1,1018.6,937.0,32,0,8,89,0.52,1.05,7.1,8.2,319,311,24.5,23.4,19.9,17.8,12.1,0.178,0.21,0.26,0.341,1,3600.0,838.0,565.0,273.0,611.5,838.0,1222.8,857.1,577.9,279.2,611.5,857.1,1250.7
1642,1642,41.01933,-7.7032776,723.0,2018-06-27T13:00,21.8,53,11.7,23.2,0.0,0.0,0.0,0.0,1,1018.2,937.0,26,1,5,72,0.59,1.23,8.4,9.8,313,306,24.5,24.9,20.1,17.8,12.1,0.177,0.209,0.26,0.341,1,3600.0,920.0,668.0,252.0,702.8,920.0,1258.0,917.7,666.3,251.4,702.8,917.7,1254.8
1641,1641,41.01933,-7.7032776,723.0,2018-06-27T14:00,22.0,52,11.8,22.6,0.0,0.0,0.0,0.0,1,1017.7,936.6,22,1,5,62,0.57,1.26,13.2,16.1,313,309,32.8,25.8,20.3,17.8,12.1,0.176,0.209,0.259,0.341,1,3600.0,905.0,690.0,215.0,742.0,905.0,1230.8,879.9,670.9,209.0,742.0,879.9,1196.8
1640,1640,41.01933,-7.7032776,723.0,2018-06-27T15:00,21.9,52,11.7,22.0,0.0,0.0,0.0,0.0,1,1017.4,936.3,38,0,18,90,0.53,1.25,13.3,17.1,311,309,34.6,26.2,20.6,17.8,12.1,0.175,0.208,0.259,0.341,1,3600.0,832.0,634.0,198.0,734.0,832.0,1143.3,786.4,599.3,187.2,734.0,786.4,1080.6
1639,1639,41.01933,-7.7032776,723.0,2018-06-27T16:00,21.8,55,12.4,21.4,0.0,0.0,0.0,0.0,1,1017.0,935.9,39,1,33,60,0.45,1.18,14.0,18.1,305,305,33.8,26.2,20.8,17.8,12.1,0.174,0.208,0.259,0.341,1,3600.0,713.0,534.0,179.0,705.9,713.0,1001.2,651.1,487.6,163.5,705.9,651.1,914.2
1638,1638,41.01933,-7.7032776,723.0,2018-06-27T17:00,21.0,60,13.0,19.8,0.0,0.0,0.0,0.0,1,1016.8,935.5,30,6,26,31,0.35,0.99,14.9,19.8,307,307,34.9,25.8,21.1,17.8,12.1,0.173,0.207,0.259,0.341,1,3600.0,561.0,427.0,134.0,694.0,561.0,814.3,488.4,371.8,116.7,694.0,488.4,709.0
1637,1637,41.01933,-7.7032776,723.0,2018-06-27T18:00,19.6,68,13.5,18.5,0.0,0.0,0.0,0.0,0,1016.9,935.2,6,1,0,17,0.23,0.73,14.9,19.6,307,306,35.3,25.0,21.2,17.8,12.2,0.173,0.207,0.259,0.34,1,3600.0,372.0,267.0,105.0,593.5,372.0,595.4,299.2,214.7,84.4,593.5,299.2,478.8
1636,1636,41.01933,-7.7032776,723.0,2018-06-27T19:00,18.1,75,13.6,17.4,0.0,0.0,0.0,0.0,0,1017.0,934.9,13,5,0,29,0.12,0.52,13.0,17.9,312,310,33.5,23.8,21.3,17.8,12.2,0.172,0.207,0.259,0.34,1,3600.0,206.0,138.0,68.0,508.4,206.0,359.2,137.3,92.0,45.3,508.4,137.3,239.4
1635,1635,41.01933,-7.7032776,723.0,2018-06-27T20:00,16.4,83,13.4,16.2,0.0,0.0,0.0,0.0,0,1017.3,934.7,13,3,0,33,0.03,0.32,8.6,14.8,303,304,28.4,22.2,21.3,17.8,12.2,0.172,0.207,0.259,0.34,1,2191.19,51.0,23.0,28.0,181.8,51.0,122.0,3.0,1.3,1.6,15.4,2.2,7.1
1634,1634,41.01933,-7.7032776,723.0,2018-06-27T21:00,15.2,89,13.3,15.4,0.0,0.0,0.0,0.0,1,1017.6,934.7,48,2,27,99,0.0,0.19,5.6,14.2,297,297,19.1,20.8,21.3,17.9,12.2,0.172,0.207,0.259,0.34,0,0.0,0.0,0.0,0.0,0.0,0.0,0.0,0.0,0.0,0.0,0.0,0.0,0.0
1633,1633,41.01933,-7.7032776,723.0,2018-06-27T22:00,15.0,89,13.2,15.3,0.0,0.0,0.0,0.0,3,1017.4,934.5,85,9,80,96,0.0,0.18,4.5,11.8,299,308,14.4,19.8,21.2,17.9,12.2,0.172,0.207,0.259,0.34,0,0.0,0.0,0.0,0.0,0.0,0.0,0.0,0.0,0.0,0.0,0.0,0.0,0.0
1632,1632,41.01933,-7.7032776,723.0,2018-06-27T23:00,15.2,87,13.1,15.5,0.0,0.0,0.0,0.0,3,1017.0,934.2,84,1,90,97,0.0,0.22,5.0,9.7,300,318,12.6,19.2,21.0,17.9,12.2,0.172,0.207,0.259,0.34,0,0.0,0.0,0.0,0.0,0.0,0.0,0.0,0.0,0.0,0.0,0.0,0.0,0.0
1631,1631,41.01933,-7.7032776,723.0,2018-06-28T00:00,15.0,89,13.2,15.4,0.0,0.0,0.0,0.0,2,1017.0,934.1,80,6,77,94,0.0,0.18,4.0,7.8,260,292,9.7,18.6,20.9,17.9,12.2,0.175,0.206,0.258,0.34,0,0.0,0.0,0.0,0.0,0.0,0.0,0.0,0.0,0.0,0.0,0.0,0.0,0.0
1630,1630,41.01933,-7.7032776,723.0,2018-06-28T01:00,14.7,91,13.3,15.3,0.0,0.0,0.0,0.0,2,1016.7,933.7,79,5,77,95,0.0,0.14,2.9,6.7,270,306,9.0,18.2,20.7,17.9,12.2,0.175,0.206,0.258,0.34,0,0.0,0.0,0.0,0.0,0.0,0.0,0.0,0.0,0.0,0.0,0.0,0.0,0.0
1629,1629,41.01933,-7.7032776,723.0,2018-06-28T02:00,14.2,94,13.3,14.7,0.0,0.0,0.0,0.0,2,1016.2,933.1,62,4,54,88,0.0,0.09,3.2,8.2,297,319,7.6,17.7,20.5,17.9,12.2,0.175,0.206,0.258,0.34,0,0.0,0.0,0.0,0.0,0.0,0.0,0.0,0.0,0.0,0.0,0.0,0.0,0.0
1628,1628,41.01933,-7.7032776,723.0,2018-06-28T03:00,13.0,98,12.7,13.2,0.0,0.0,0.0,0.0,1,1015.9,932.5,46,8,23,85,0.0,0.03,4.7,6.6,279,319,8.6,17.2,20.3,17.9,12.2,0.175,0.206,0.258,0.34,0,0.0,0.0,0.0,0.0,0.0,0.0,0.0,0.0,0.0,0.0,0.0,0.0,0.0
1627,1627,41.01933,-7.7032776,723.0,2018-06-28T04:00,12.9,98,12.5,13.1,0.0,0.0,0.0,0.0,2,1015.5,932.1,79,14,67,86,0.0,0.03,3.8,4.5,253,331,7.9,16.7,20.1,17.9,12.2,0.175,0.206,0.258,0.34,0,0.0,0.0,0.0,0.0,0.0,0.0,0.0,0.0,0.0,0.0,0.0,0.0,0.0
1626,1626,41.01933,-7.7032776,723.0,2018-06-28T05:00,13.0,97,12.6,13.2,0.0,0.0,0.0,0.0,2,1015.3,932.0,80,14,66,92,0.0,0.04,4.3,6.0,275,343,6.1,16.4,19.8,17.9,12.2,0.175,0.206,0.258,0.34,0,0.0,0.0,0.0,0.0,0.0,0.0,0.0,0.0,0.0,0.0,0.0,0.0,0.0
1625,1625,41.01933,-7.7032776,723.0,2018-06-28T06:00,14.0,93,12.9,14.4,0.0,0.0,0.0,0.0,1,1015.4,932.3,40,0,17,99,0.01,0.11,3.1,5.8,306,353,6.1,16.3,19.6,17.9,12.2,0.175,0.206,0.258,0.34,1,264.67,33.0,9.0,24.0,78.6,33.0,92.6,73.8,20.1,53.7,128.6,45.2,207.3
1624,1624,41.01933,-7.7032776,723.0,2018-06-28T07:00,15.7,86,13.4,16.4,0.0,0.0,0.0,0.0,3,1015.3,932.7,81,4,80,98,0.07,0.25,2.9,4.3,7,5,10.4,17.0,19.4,17.9,12.2,0.175,0.206,0.258,0.34,1,1479.8,126.0,27.0,99.0,109.3,126.0,326.8,172.2,36.9,135.3,109.3,172.2,446.7
1623,1623,41.01933,-7.7032776,723.0,2018-06-28T08:00,17.3,78,13.3,17.9,0.0,0.0,0.0,0.0,3,1015.3,933.2,86,1,98,87,0.13,0.44,3.1,3.6,36,37,11.9,17.9,19.3,17.9,12.2,0.175,0.206,0.258,0.34,1,1508.32,214.0,47.0,167.0,110.3,214.0,564.0,257.6,56.6,201.0,110.3,257.6,679.0
1622,1622,41.01933,-7.7032776,723.0,2018-06-28T09:00,17.9,73,12.9,18.2,0.0,0.0,0.0,0.0,2,1015.0,933.1,77,0,95,66,0.15,0.56,4.1,4.6,45,51,14.0,18.7,19.2,17.9,12.2,0.174,0.206,0.258,0.34,1,321.0,221.0,42.0,179.0,70.7,221.0,786.2,249.7,47.5,202.3,70.7,249.7,888.4
1621,1621,41.01933,-7.7032776,723.0,2018-06-28T10:00,19.0,66,12.4,19.2,0.0,0.0,0.0,0.0,3,1014.8,933.1,84,0,93,95,0.22,0.75,3.8,4.2,17,20,14.0,19.7,19.2,17.9,12.2,0.174,0.206,0.258,0.34,1,594.77,326.0,59.0,267.0,79.8,326.0,978.2,353.5,64.0,289.5,79.8,353.5,1060.7
1620,1620,41.01933,-7.7032776,723.0,2018-06-28T11:00,20.2,62,12.7,20.5,0.0,0.0,0.0,0.0,1,1014.5,933.2,42,0,37,67,0.3,0.9,3.7,4.1,349,345,14.8,20.9,19.3,17.9,12.2,0.174,0.206,0.258,0.34,1,1864.26,444.0,104.0,340.0,122.1,444.0,1126.8,466.6,109.3,357.3,122.1,466.6,1184.1
1619,1619,41.01933,-7.7032776,723.0,2018-06-28T12:00,22.3,58,13.7,24.9,0.0,0.0,0.0,0.0,1,1014.0,933.3,37,5,43,22,0.58,1.13,5.5,6.2,32,36,28.4,23.9,19.5,17.8,12.2,0.173,0.206,0.259,0.34,1,3600.0,903.0,689.0,214.0,746.1,903.0,1222.1,923.7,704.8,218.9,746.1,923.7,1250.2
1618,1618,41.01933,-7.7032776,723.0,2018-06-28T13:00,23.6,54,13.9,26.4,0.0,0.0,0.0,0.0,1,1013.0,932.7,47,9,54,22,0.61,1.33,5.3,6.1,28,28,25.2,25.4,19.7,17.8,12.2,0.172,0.205,0.258,0.34,1,3600.0,914.0,704.0,210.0,740.9,914.0,1257.5,911.8,702.3,209.5,740.9,911.8,1254.5
1617,1617,41.01933,-7.7032776,723.0,2018-06-28T14:00,24.1,54,14.1,26.1,0.0,0.0,0.0,0.0,1,1012.2,932.1,44,18,42,10,0.53,1.39,5.4,6.1,360,360,24.5,26.3,20.0,17.8,12.2,0.171,0.205,0.258,0.34,1,3600.0,779.0,548.0,231.0,589.3,779.0,1230.6,757.5,532.9,224.6,589.3,757.5,1196.6
1616,1616,41.01933,-7.7032776,723.0,2018-06-28T15:00,24.2,54,14.4,25.5,0.0,0.0,0.0,0.0,3,1011.6,931.6,100,65,69,25,0.5,1.38,7.6,9.2,301,301,25.6,26.9,20.3,17.8,12.2,0.17,0.204,0.258,0.34,1,3600.0,725.0,512.0,213.0,592.7,725.0,1143.2,685.3,484.0,201.3,592.7,685.3,1080.6
1615,1615,41.01933,-7.7032776,723.0,2018-06-28T16:00,22.2,61,14.3,22.7,0.3,0.3,0.0,0.0,51,1011.8,931.2,53,0,59,58,0.26,1.04,6.0,7.9,287,286,23.8,26.1,20.6,17.8,12.2,0.171,0.204,0.258,0.34,1,3600.0,350.0,155.0,195.0,204.9,350.0,1001.3,319.6,141.5,178.1,204.9,319.6,914.4
1614,1614,41.01933,-7.7032776,723.0,2018-06-28T17:00,21.9,66,15.1,21.8,0.1,0.1,0.0,0.0,51,1011.6,931.0,23,0,19,40,0.25,0.9,12.2,16.0,294,293,27.7,25.4,20.8,17.8,12.3,0.172,0.204,0.258,0.34,1,3600.0,357.0,156.0,201.0,253.5,357.0,814.5,310.8,135.8,175.0,253.5,310.8,709.2
1613,1613,41.01933,-7.7032776,723.0,2018-06-28T18:00,20.6,72,15.4,20.5,0.0,0.0,0.0,0.0,1,1011.7,930.7,35,6,44,10,0.2,0.68,12.5,16.5,316,316,30.2,24.7,21.0,17.9,12.3,0.171,0.204,0.258,0.34,1,3600.0,318.0,186.0,132.0,413.3,318.0,595.6,255.8,149.6,106.2,413.3,255.8,479.0
1612,1612,41.01933,-7.7032776,723.0,2018-06-28T19:00,18.9,79,15.1,19.0,0.0,0.0,0.0,0.0,1,1011.7,930.3,47,1,74,4,0.1,0.46,10.7,14.8,315,313,28.8,23.6,21.1,17.9,12.3,0.171,0.203,0.258,0.34,1,3600.0,154.0,80.0,74.0,294.6,154.0,359.4,102.7,53.3,49.3,294.6,102.7,239.6
1611,1611,41.01933,-7.7032776,723.0,2018-06-28T20:00,17.9,83,14.9,18.4,0.0,0.0,0.0,0.0,2,1011.8,930.1,57,0,94,1,0.03,0.35,7.7,13.2,307,305,24.1,22.4,21.1,17.9,12.3,0.171,0.203,0.258,0.34,1,491.68,32.0,11.0,21.0,86.9,32.0,122.1,1.9,0.6,1.2,7.4,1.4,7.1
1610,1610,41.01933,-7.7032776,723.0,2018-06-28T21:00,17.5,84,14.7,18.2,0.1,0.1,0.0,0.0,51,1012.0,930.2,50,0,73,20,0.0,0.33,5.6,11.2,315,318,16.9,21.4,21.1,17.9,12.3,0.172,0.203,0.258,0.34,0,0.0,0.0,0.0,0.0,0.0,0.0,0.0,0.0,0.0,0.0,0.0,0.0,0.0
1609,1609,41.01933,-7.7032776,723.0,2018-06-28T22:00,16.7,88,14.6,17.8,0.2,0.2,0.0,0.0,51,1012.1,930.1,53,0,84,8,0.0,0.23,2.9,7.9,270,321,13.7,20.4,21.0,17.9,12.3,0.174,0.203,0.258,0.34,0,0.0,0.0,0.0,0.0,0.0,0.0,0.0,0.0,0.0,0.0,0.0,0.0,0.0
1608,1608,41.01933,-7.7032776,723.0,2018-06-28T23:00,16.7,89,14.8,17.8,0.1,0.1,0.0,0.0,51,1011.8,929.8,48,1,51,54,0.0,0.21,2.8,3.4,230,302,7.2,19.8,20.9,17.9,12.3,0.174,0.203,0.258,0.34,0,0.0,0.0,0.0,0.0,0.0,0.0,0.0,0.0,0.0,0.0,0.0,0.0,0.0
1607,1607,41.01933,-7.7032776,723.0,2018-06-29T00:00,15.7,96,15.1,16.8,0.1,0.1,0.0,0.0,51,1011.8,929.5,36,10,34,22,0.0,0.07,4.3,6.6,228,221,6.5,18.2,20.6,17.9,12.3,0.17,0.204,0.258,0.34,0,0.0,0.0,0.0,0.0,0.0,0.0,0.0,0.0,0.0,0.0,0.0,0.0,0.0
1606,1606,41.01933,-7.7032776,723.0,2018-06-29T01:00,14.9,98,14.5,16.0,0.3,0.3,0.0,0.0,51,1011.4,928.9,36,5,33,38,0.0,0.04,2.6,2.1,236,31,9.4,17.9,20.5,17.9,12.3,0.173,0.204,0.258,0.34,0,0.0,0.0,0.0,0.0,0.0,0.0,0.0,0.0,0.0,0.0,0.0,0.0,0.0
1605,1605,41.01933,-7.7032776,723.0,2018-06-29T02:00,15.8,94,14.8,17.1,0.0,0.0,0.0,0.0,0,1010.8,928.6,11,2,10,10,0.0,0.11,1.6,5.0,243,60,7.9,17.4,20.3,17.9,12.3,0.173,0.204,0.258,0.34,0,0.0,0.0,0.0,0.0,0.0,0.0,0.0,0.0,0.0,0.0,0.0,0.0,0.0
1604,1604,41.01933,-7.7032776,723.0,2018-06-29T03:00,15.4,95,14.7,16.8,0.0,0.0,0.0,0.0,0,1010.4,928.2,2,1,2,0,0.0,0.08,0.8,3.0,243,76,6.8,16.9,20.1,17.9,12.3,0.173,0.204,0.258,0.34,0,0.0,0.0,0.0,0.0,0.0,0.0,0.0,0.0,0.0,0.0,0.0,0.0,0.0
1603,1603,41.01933,-7.7032776,723.0,2018-06-29T04:00,15.3,95,14.5,16.5,0.0,0.0,0.0,0.0,0,1010.1,927.8,3,1,3,0,0.0,0.09,1.9,4.6,248,51,5.4,16.4,19.8,17.9,12.3,0.173,0.204,0.258,0.34,0,0.0,0.0,0.0,0.0,0.0,0.0,0.0,0.0,0.0,0.0,0.0,0.0,0.0
1602,1602,41.01933,-7.7032776,723.0,2018-06-29T05:00,15.1,96,14.4,16.1,0.0,0.0,0.0,0.0,0,1010.1,927.8,12,7,9,0,0.0,0.08,3.3,5.4,347,48,7.6,16.0,19.6,17.9,12.3,0.173,0.204,0.258,0.34,0,0.0,0.0,0.0,0.0,0.0,0.0,0.0,0.0,0.0,0.0,0.0,0.0,0.0
1601,1601,41.01933,-7.7032776,723.0,2018-06-29T06:00,15.2,95,14.5,16.3,0.0,0.0,0.0,0.0,0,1010.4,928.1,13,8,9,0,0.01,0.08,2.9,6.1,360,45,7.9,16.1,19.4,17.9,12.3,0.173,0.204,0.258,0.34,1,1004.23,34.0,15.0,19.0,131.7,34.0,91.9,76.1,33.6,42.5,216.1,46.4,205.7
1600,1600,41.01933,-7.7032776,723.0,2018-06-29T07:00,16.6,89,14.9,17.5,0.0,0.0,0.0,0.0,1,1010.4,928.5,41,43,4,0,0.08,0.2,5.2,6.9,34,39,14.4,16.9,19.2,17.9,12.3,0.173,0.204,0.258,0.34,1,3600.0,166.0,102.0,64.0,414.9,166.0,325.3,227.2,139.6,87.6,414.9,227.2,445.2
1599,1599,41.01933,-7.7032776,723.0,2018-06-29T08:00,17.7,85,15.2,18.3,0.0,0.0,0.0,0.0,1,1010.3,928.7,48,53,1,0,0.17,0.3,7.8,9.9,56,57,20.5,18.1,19.1,17.9,12.3,0.173,0.204,0.258,0.34,1,3600.0,319.0,203.0,116.0,477.5,319.0,562.6,384.2,244.5,139.7,477.5,384.2,677.6
1598,1598,41.01933,-7.7032776,723.0,2018-06-29T09:00,19.7,73,14.8,19.9,0.0,0.0,0.0,0.0,2,1009.8,928.7,65,72,0,0,0.24,0.61,9.8,12.3,73,75,24.5,19.3,19.1,17.9,12.3,0.173,0.204,0.258,0.34,1,3600.0,396.0,205.0,191.0,345.6,396.0,784.9,447.6,231.7,215.9,345.6,447.6,887.2
1597,1597,41.01933,-7.7032776,723.0,2018-06-29T10:00,21.5,64,14.5,21.7,0.1,0.1,0.0,0.0,51,1009.5,928.9,51,33,35,0,0.35,0.92,8.8,10.8,71,75,31.0,20.9,19.1,17.9,12.3,0.173,0.204,0.258,0.34,1,3600.0,542.0,298.0,244.0,403.6,542.0,977.0,587.8,323.2,264.6,403.6,587.8,1059.7
1596,1596,41.01933,-7.7032776,723.0,2018-06-29T11:00,22.5,62,14.7,23.5,0.1,0.1,0.0,0.0,51,1009.1,928.8,37,19,30,5,0.42,1.05,7.3,9.0,70,74,31.0,22.4,19.2,17.9,12.3,0.172,0.203,0.258,0.34,1,3600.0,633.0,437.0,196.0,513.6,633.0,1126.0,665.2,459.3,206.0,513.6,665.2,1183.3
1595,1595,41.01933,-7.7032776,723.0,2018-06-29T12:00,23.8,56,14.6,25.5,0.1,0.1,0.0,0.0,51,1008.6,928.7,60,21,21,94,0.5,1.29,6.9,8.4,129,133,31.3,24.2,19.5,17.9,12.3,0.171,0.203,0.258,0.34,1,3600.0,738.0,530.0,208.0,574.2,738.0,1221.5,755.0,542.2,212.8,574.2,755.0,1249.6
1594,1594,41.01933,-7.7032776,723.0,2018-06-29T13:00,24.2,52,13.8,25.8,0.1,0.1,0.0,0.0,51,1007.9,928.2,99,47,49,91,0.51,1.43,5.3,6.8,208,205,24.1,25.4,19.8,17.9,12.3,0.17,0.203,0.258,0.34,1,3600.0,738.0,374.0,364.0,393.7,738.0,1257.1,736.3,373.1,363.1,393.7,736.3,1254.1
1593,1593,41.01933,-7.7032776,723.0,2018-06-29T14:00,20.6,73,15.5,21.3,8.0,8.0,0.0,0.0,65,1009.0,928.2,46,13,14,87,0.28,0.66,7.7,10.7,221,222,24.1,24.5,20.0,17.8,12.3,0.274,0.203,0.258,0.34,1,3556.27,419.0,166.0,253.0,178.5,419.0,1230.4,407.5,161.4,246.0,178.5,407.5,1196.5
1592,1592,41.01933,-7.7032776,723.0,2018-06-29T15:00,22.5,62,14.9,24.0,0.3,0.3,0.0,0.0,51,1008.2,928.0,27,1,17,52,0.39,1.02,1.8,2.4,127,153,22.3,24.4,20.2,17.8,12.3,0.277,0.203,0.258,0.34,1,3600.0,574.0,267.0,307.0,309.1,574.0,1143.1,542.6,252.4,290.2,309.1,542.6,1080.6
1591,1591,41.01933,-7.7032776,723.0,2018-06-29T16:00,20.8,69,14.8,22.0,1.1,1.1,0.0,0.0,55,1008.5,927.8,56,25,17,77,0.38,0.77,5.0,6.6,249,248,22.0,24.7,20.5,17.9,12.4,0.285,0.203,0.258,0.34,1,3600.0,601.0,368.0,233.0,486.3,601.0,1001.3,548.9,336.1,212.8,486.3,548.9,914.5
1590,1590,41.01933,-7.7032776,723.0,2018-06-29T17:00,21.9,60,13.9,22.5,0.0,0.0,0.0,0.0,1,1008.0,927.7,38,1,28,66,0.29,1.04,4.7,6.1,279,267,17.6,24.3,20.6,17.9,12.4,0.284,0.203,0.257,0.34,1,3600.0,430.0,223.0,207.0,362.3,430.0,814.6,374.4,194.2,180.2,362.3,374.4,709.3
1589,1589,41.01933,-7.7032776,723.0,2018-06-29T18:00,21.5,62,13.8,21.9,0.0,0.0,0.0,0.0,2,1007.7,927.3,72,0,73,93,0.23,0.99,6.0,7.6,303,301,18.7,23.8,20.8,17.9,12.4,0.282,0.203,0.257,0.34,1,3600.0,349.0,239.0,110.0,531.0,349.0,595.7,280.7,192.2,88.5,531.0,280.7,479.1
1588,1588,41.01933,-7.7032776,723.0,2018-06-29T19:00,20.4,72,15.2,21.1,0.0,0.0,0.0,0.0,1,1008.1,927.4,33,0,7,97,0.09,0.66,7.1,9.7,336,333,15.5,22.9,20.9,17.9,12.4,0.281,0.203,0.257,0.34,1,188.03,110.0,18.0,92.0,66.3,110.0,359.4,73.3,12.0,61.3,66.3,73.3,239.6
1587,1587,41.01933,-7.7032776,723.0,2018-06-29T20:00,18.8,85,16.2,20.1,0.0,0.0,0.0,0.0,2,1008.3,927.1,71,0,83,70,0.03,0.33,5.2,10.2,344,342,15.8,21.9,20.9,17.9,12.4,0.28,0.203,0.257,0.34,1,0.0,29.0,4.0,25.0,31.6,29.0,122.0,1.7,0.2,1.4,2.6,1.2,7.0
1586,1586,41.01933,-7.7032776,723.0,2018-06-29T21:00,17.4,94,16.5,19.0,0.0,0.0,0.0,0.0,1,1008.7,927.1,47,0,77,3,0.0,0.11,4.8,5.9,347,349,11.2,20.9,20.9,17.9,12.4,0.28,0.204,0.257,0.34,0,0.0,0.0,0.0,0.0,0.0,0.0,0.0,0.0,0.0,0.0,0.0,0.0,0.0
1585,1585,41.01933,-7.7032776,723.0,2018-06-29T22:00,17.3,96,16.6,19.0,0.6,0.6,0.0,0.0,53,1008.7,927.1,56,0,45,96,0.0,0.09,3.6,5.2,315,335,7.2,20.2,20.8,17.9,12.4,0.284,0.204,0.257,0.34,0,0.0,0.0,0.0,0.0,0.0,0.0,0.0,0.0,0.0,0.0,0.0,0.0,0.0
1584,1584,41.01933,-7.7032776,723.0,2018-06-29T23:00,16.8,97,16.4,18.4,0.2,0.2,0.0,0.0,51,1008.5,926.8,61,9,52,71,0.0,0.05,3.6,5.8,315,338,8.3,19.6,20.7,17.9,12.4,0.286,0.204,0.257,0.34,0,0.0,0.0,0.0,0.0,0.0,0.0,0.0,0.0,0.0,0.0,0.0,0.0,0.0
1583,1583,41.01933,-7.7032776,723.0,2018-06-30T00:00,15.9,99,15.8,17.4,0.4,0.4,0.0,0.0,51,1008.8,926.8,100,88,13,50,0.0,0.01,3.0,4.6,284,309,12.6,19.3,20.8,17.9,12.4,0.227,0.202,0.258,0.34,0,0.0,0.0,0.0,0.0,0.0,0.0,0.0,0.0,0.0,0.0,0.0,0.0,0.0
1582,1582,41.01933,-7.7032776,723.0,2018-06-30T01:00,15.5,96,14.9,16.7,4.0,4.0,0.0,0.0,63,1008.5,926.4,57,35,12,61,0.0,0.07,2.4,4.4,243,235,21.2,18.8,20.6,17.9,12.4,0.284,0.202,0.258,0.34,0,0.0,0.0,0.0,0.0,0.0,0.0,0.0,0.0,0.0,0.0,0.0,0.0,0.0
1581,1581,41.01933,-7.7032776,723.0,2018-06-30T02:00,15.3,96,14.6,16.2,3.2,3.2,0.0,0.0,63,1008.0,925.9,28,6,12,53,0.0,0.07,3.7,5.6,241,230,24.5,18.4,20.5,17.9,12.4,0.327,0.203,0.258,0.34,0,0.0,0.0,0.0,0.0,0.0,0.0,0.0,0.0,0.0,0.0,0.0,0.0,0.0
1580,1580,41.01933,-7.7032776,723.0,2018-06-30T03:00,14.8,96,14.2,15.6,2.6,2.6,0.0,0.0,63,1007.8,925.6,100,100,14,23,0.0,0.06,3.4,6.7,252,234,24.1,18.0,20.3,17.9,12.4,0.361,0.204,0.258,0.34,0,0.0,0.0,0.0,0.0,0.0,0.0,0.0,0.0,0.0,0.0,0.0,0.0,0.0
1579,1579,41.01933,-7.7032776,723.0,2018-06-30T04:00,14.7,96,14.1,15.6,2.6,2.6,0.0,0.0,63,1007.9,925.7,100,97,18,36,0.0,0.06,2.7,5.1,247,219,23.4,17.7,20.1,17.9,12.4,0.389,0.207,0.258,0.34,0,0.0,0.0,0.0,0.0,0.0,0.0,0.0,0.0,0.0,0.0,0.0,0.0,0.0
1578,1578,41.01933,-7.7032776,723.0,2018-06-30T05:00,15.0,96,14.3,15.8,2.1,2.1,0.0,0.0,61,1007.6,925.5,85,63,38,19,0.0,0.08,4.0,7.1,170,165,25.6,17.7,19.9,17.9,12.4,0.401,0.213,0.258,0.34,0,0.0,0.0,0.0,0.0,0.0,0.0,0.0,0.0,0.0,0.0,0.0,0.0,0.0
1577,1577,41.01933,-7.7032776,723.0,2018-06-30T06:00,15.2,94,14.3,15.9,0.3,0.3,0.0,0.0,51,1007.4,925.3,47,6,60,19,0.01,0.1,5.1,9.9,135,147,27.4,17.6,19.7,17.9,12.4,0.389,0.218,0.258,0.34,1,0.0,21.0,5.0,16.0,44.1,21.0,91.1,47.1,11.2,35.9,72.6,28.6,204.1
1576,1576,41.01933,-7.7032776,723.0,2018-06-30T07:00,16.3,91,14.8,16.9,0.2,0.2,0.0,0.0,51,1007.6,925.8,56,14,56,32,0.07,0.17,6.1,9.2,152,154,27.4,17.9,19.6,17.9,12.4,0.381,0.221,0.258,0.34,1,3600.0,127.0,51.0,76.0,208.5,127.0,323.7,174.0,69.9,104.1,208.5,174.0,443.6
1575,1575,41.01933,-7.7032776,723.0,2018-06-30T08:00,17.2,81,13.9,17.1,0.2,0.2,0.0,0.0,51,1007.8,926.2,67,30,49,35,0.14,0.38,9.5,13.3,191,193,30.6,18.4,19.4,17.9,12.4,0.374,0.224,0.258,0.34,1,3600.0,241.0,112.0,129.0,264.1,241.0,561.1,290.4,135.0,155.5,264.1,290.4,676.2
1574,1574,41.01933,-7.7032776,723.0,2018-06-30T09:00,17.5,73,12.7,16.2,0.2,0.2,0.0,0.0,51,1008.1,926.6,80,33,60,47,0.22,0.53,15.0,20.3,204,205,35.6,19.0,19.4,17.9,12.4,0.369,0.226,0.258,0.34,1,3600.0,388.0,206.0,182.0,347.9,388.0,783.6,438.7,232.9,205.8,347.9,438.7,886.0
1573,1573,41.01933,-7.7032776,723.0,2018-06-30T10:00,17.7,72,12.5,15.8,0.2,0.2,0.0,0.0,51,1008.1,926.6,43,1,34,71,0.27,0.57,18.4,25.2,197,197,46.4,19.6,19.3,17.9,12.4,0.365,0.228,0.258,0.34,1,3600.0,474.0,259.0,215.0,351.2,474.0,975.9,514.2,281.0,233.2,351.2,514.2,1058.7
1572,1572,41.01933,-7.7032776,723.0,2018-06-30T11:00,18.7,67,12.4,16.3,0.1,0.1,0.0,0.0,51,1008.1,926.9,91,53,42,61,0.35,0.71,24.0,32.8,188,189,52.9,20.4,19.4,17.9,12.4,0.359,0.229,0.258,0.34,1,3600.0,637.0,332.0,305.0,390.5,637.0,1125.0,669.5,349.0,320.6,390.5,669.5,1182.5
1571,1571,41.01933,-7.7032776,723.0,2018-06-30T12:00,16.6,81,13.3,15.8,0.1,0.1,0.0,0.0,51,1008.7,926.9,68,47,17,51,0.33,0.37,16.3,22.7,202,203,57.6,21.0,19.5,17.9,12.4,0.34,0.209,0.259,0.34,1,3600.0,650.0,357.0,293.0,387.0,650.0,1220.8,665.0,365.3,299.8,387.0,665.0,1249.0
1570,1570,41.01933,-7.7032776,723.0,2018-06-30T13:00,17.8,70,12.4,16.6,0.5,0.5,0.0,0.0,53,1008.5,927.0,77,52,31,38,0.38,0.6,18.6,25.5,202,203,48.2,21.5,19.6,17.9,12.4,0.34,0.21,0.259,0.34,1,3600.0,701.0,384.0,317.0,404.4,701.0,1256.6,699.4,383.1,316.3,404.4,699.4,1253.7
1569,1569,41.01933,-7.7032776,723.0,2018-06-30T14:00,18.9,75,14.4,19.2,0.5,0.5,0.0,0.0,53,1008.1,927.0,84,43,40,70,0.41,0.54,14.9,20.3,212,213,50.4,22.0,19.7,17.9,12.5,0.339,0.211,0.259,0.34,1,3600.0,753.0,435.0,318.0,468.0,753.0,1230.1,732.3,423.0,309.3,468.0,732.3,1196.3
1568,1568,41.01933,-7.7032776,723.0,2018-06-30T15:00,18.5,70,12.9,17.4,0.1,0.1,0.0,0.0,51,1008.3,927.0,83,46,46,46,0.35,0.64,16.1,21.6,204,206,47.5,22.2,19.8,17.9,12.5,0.336,0.211,0.259,0.34,1,3600.0,624.0,408.0,216.0,472.4,624.0,1143.0,589.9,385.7,204.2,472.4,589.9,1080.5
1567,1567,41.01933,-7.7032776,723.0,2018-06-30T16:00,18.1,75,13.6,16.9,1.4,1.4,0.0,0.0,61,1008.4,927.0,61,31,25,59,0.27,0.51,15.9,21.6,205,206,45.0,22.1,19.9,17.9,12.5,0.347,0.212,0.259,0.34,1,3600.0,469.0,310.0,159.0,409.7,469.0,1001.3,428.3,283.1,145.2,409.7,428.3,914.5
1566,1566,41.01933,-7.7032776,723.0,2018-06-30T17:00,17.3,80,13.9,16.8,1.0,1.0,0.0,0.0,55,1008.7,927.1,61,29,29,58,0.2,0.39,11.8,16.6,220,222,41.0,21.4,20.0,17.9,12.5,0.354,0.213,0.259,0.34,1,3600.0,342.0,196.0,146.0,318.4,342.0,814.6,297.8,170.7,127.1,318.4,297.8,709.3
1565,1565,41.01933,-7.7032776,723.0,2018-06-30T18:00,17.0,79,13.4,16.3,0.4,0.4,0.0,0.0,51,1008.8,927.1,53,19,39,43,0.15,0.4,12.0,16.6,219,219,38.5,20.9,20.0,17.9,12.5,0.352,0.215,0.259,0.34,1,3600.0,267.0,150.0,117.0,333.2,267.0,595.7,214.7,120.6,94.1,333.2,214.7,479.1
1564,1564,41.01933,-7.7032776,723.0,2018-06-30T19:00,16.3,83,13.4,16.3,0.2,0.2,0.0,0.0,51,1008.9,927.0,42,15,40,16,0.08,0.32,7.3,10.5,189,196,39.6,20.1,20.0,17.9,12.5,0.35,0.216,0.259,0.34,1,3600.0,125.0,55.0,70.0,202.5,125.0,359.4,83.3,36.6,46.6,202.5,83.3,239.5
1563,1563,41.01933,-7.7032776,723.0,2018-06-30T20:00,15.5,89,13.6,15.6,0.1,0.1,0.0,0.0,51,1009.1,927.0,46,26,37,0,0.02,0.2,7.2,14.5,177,186,19.8,19.3,20.0,17.9,12.5,0.347,0.217,0.259,0.34,1,1067.62,37.0,15.0,22.0,118.5,37.0,121.8,2.0,0.8,1.2,9.5,1.5,6.7
1562,1562,41.01933,-7.7032776,723.0,2018-06-30T21:00,14.8,92,13.4,14.7,0.1,0.1,0.0,0.0,51,1009.7,927.3,46,32,28,0,0.0,0.14,7.9,16.0,196,203,20.2,18.5,19.8,17.9,12.5,0.344,0.218,0.259,0.34,0,0.0,0.0,0.0,0.0,0.0,0.0,0.0,0.0,0.0,0.0,0.0,0.0,0.0
1561,1561,41.01933,-7.7032776,723.0,2018-06-30T22:00,14.3,92,13.1,14.2,0.1,0.1,0.0,0.0,51,1010.2,927.7,40,24,30,0,0.0,0.12,6.8,14.3,198,205,27.4,17.9,19.7,17.9,12.5,0.342,0.219,0.259,0.34,0,0.0,0.0,0.0,0.0,0.0,0.0,0.0,0.0,0.0,0.0,0.0,0.0,0.0
1560,1560,41.01933,-7.7032776,723.0,2018-06-30T23:00,13.9,96,13.2,13.9,0.0,0.0,0.0,0.0,1,1010.2,927.5,27,26,6,0,0.0,0.07,6.6,13.9,189,201,18.0,17.4,19.5,17.9,12.5,0.339,0.22,0.259,0.34,0,0.0,0.0,0.0,0.0,0.0,0.0,0.0,0.0,0.0,0.0,0.0,0.0,0.0
1559,1559,41.01933,-7.7032776,723.0,2018-07-01T00:00,13.8,94,12.8,13.6,0.0,0.0,0.0,0.0,0,1010.5,927.8,8,5,6,0,0.0,0.1,7.5,16.9,197,204,19.1,17.5,19.2,17.9,12.5,0.356,0.229,0.26,0.34,0,0.0,0.0,0.0,0.0,0.0,0.0,0.0,0.0,0.0,0.0,0.0,0.0,0.0
1558,1558,41.01933,-7.7032776,723.0,2018-07-01T01:00,13.1,96,12.4,12.6,0.0,0.0,0.0,0.0,0,1010.2,927.3,11,8,7,0,0.0,0.07,8.1,16.9,193,196,21.2,16.9,19.1,17.9,12.5,0.352,0.23,0.26,0.34,0,0.0,0.0,0.0,0.0,0.0,0.0,0.0,0.0,0.0,0.0,0.0,0.0,0.0
1557,1557,41.01933,-7.7032776,723.0,2018-07-01T02:00,12.8,96,12.2,12.2,0.0,0.0,0.0,0.0,0,1010.2,927.2,4,4,0,0,0.0,0.05,8.5,18.6,192,195,23.0,16.4,18.9,17.8,12.5,0.349,0.231,0.26,0.34,0,0.0,0.0,0.0,0.0,0.0,0.0,0.0,0.0,0.0,0.0,0.0,0.0,0.0
1556,1556,41.01933,-7.7032776,723.0,2018-07-01T03:00,12.5,97,12.1,12.0,0.0,0.0,0.0,0.0,0,1010.3,927.3,12,13,0,0,0.0,0.04,7.6,17.7,188,193,23.0,16.0,18.7,17.8,12.5,0.346,0.232,0.26,0.34,0,0.0,0.0,0.0,0.0,0.0,0.0,0.0,0.0,0.0,0.0,0.0,0.0,0.0
1555,1555,41.01933,-7.7032776,723.0,2018-07-01T04:00,12.5,97,12.1,12.1,0.0,0.0,0.0,0.0,1,1010.2,927.2,46,50,1,0,0.0,0.04,7.6,18.2,177,188,22.0,15.7,18.5,17.8,12.5,0.343,0.233,0.26,0.34,0,0.0,0.0,0.0,0.0,0.0,0.0,0.0,0.0,0.0,0.0,0.0,0.0,0.0
1554,1554,41.01933,-7.7032776,723.0,2018-07-01T05:00,12.9,97,12.4,12.2,0.0,0.0,0.0,0.0,2,1010.3,927.4,70,77,2,0,0.0,0.04,9.7,21.1,180,189,25.2,15.5,18.3,17.8,12.5,0.341,0.234,0.26,0.34,0,0.0,0.0,0.0,0.0,0.0,0.0,0.0,0.0,0.0,0.0,0.0,0.0,0.0
1553,1553,41.01933,-7.7032776,723.0,2018-07-01T06:00,13.5,94,12.5,12.2,0.0,0.0,0.0,0.0,1,1010.6,927.8,28,28,4,0,0.01,0.09,13.8,22.3,186,190,31.7,15.5,18.1,17.8,12.5,0.339,0.235,0.26,0.34,1,390.4,29.0,10.0,19.0,88.8,29.0,90.3,65.0,22.4,42.6,146.6,39.4,202.4
1552,1552,41.01933,-7.7032776,723.0,2018-07-01T07:00,14.3,88,12.4,12.4,0.0,0.0,0.0,0.0,1,1010.6,928.0,39,32,17,0,0.07,0.19,17.5,26.2,194,196,38.9,15.8,18.0,17.8,12.5,0.337,0.236,0.26,0.34,1,3600.0,155.0,87.0,68.0,357.4,155.0,322.1,212.7,119.4,93.3,357.4,212.7,442.0
1551,1551,41.01933,-7.7032776,723.0,2018-07-01T08:00,15.4,81,12.1,13.0,0.1,0.1,0.0,0.0,51,1010.8,928.5,84,67,39,0,0.15,0.33,20.7,30.6,200,201,46.8,16.5,17.8,17.8,12.5,0.335,0.237,0.26,0.34,1,3600.0,310.0,202.0,108.0,477.6,310.0,559.6,373.8,243.6,130.2,477.6,373.8,674.7
1550,1550,41.01933,-7.7032776,723.0,2018-07-01T09:00,16.0,77,12.1,13.5,0.1,0.1,0.0,0.0,51,1010.9,928.8,94,50,54,57,0.2,0.41,21.7,31.3,201,203,49.3,17.2,17.8,17.8,12.5,0.333,0.237,0.26,0.34,1,3600.0,397.0,252.0,145.0,426.3,397.0,782.2,449.0,285.0,164.0,426.3,449.0,884.7
1549,1549,41.01933,-7.7032776,723.0,2018-07-01T10:00,16.4,85,13.8,14.4,0.2,0.2,0.0,0.0,51,1011.4,929.3,100,72,31,54,0.21,0.28,21.6,32.7,204,205,50.0,17.9,17.8,17.8,12.5,0.332,0.238,0.26,0.34,1,3600.0,421.0,202.0,219.0,274.2,421.0,974.8,456.8,219.2,237.6,274.2,456.8,1057.6
1548,1548,41.01933,-7.7032776,723.0,2018-07-01T11:00,17.5,80,14.0,15.8,0.1,0.1,0.0,0.0,51,1011.2,929.4,33,15,15,34,0.29,0.4,20.9,29.5,201,202,49.7,18.8,17.8,17.8,12.5,0.33,0.238,0.26,0.34,1,3600.0,561.0,284.0,277.0,334.3,561.0,1124.1,589.7,298.5,291.2,334.3,589.7,1181.6
1547,1547,41.01933,-7.7032776,723.0,2018-07-01T12:00,18.7,69,12.8,17.7,0.1,0.1,0.0,0.0,51,1011.9,930.4,28,3,23,40,0.41,0.67,19.5,26.2,192,193,49.7,20.2,17.9,17.7,12.5,0.325,0.239,0.261,0.34,1,3600.0,752.0,523.0,229.0,567.2,752.0,1220.0,769.5,535.2,234.3,567.2,769.5,1248.4
1546,1546,41.01933,-7.7032776,723.0,2018-07-01T13:00,19.0,68,13.1,18.4,0.6,0.6,0.0,0.0,53,1011.8,930.4,54,8,50,56,0.44,0.7,19.5,26.0,199,199,50.4,21.1,18.1,17.7,12.5,0.326,0.239,0.261,0.34,1,3600.0,801.0,550.0,251.0,579.4,801.0,1256.1,799.2,548.8,250.4,579.4,799.2,1253.3
1545,1545,41.01933,-7.7032776,723.0,2018-07-01T14:00,18.8,69,13.0,17.8,1.9,1.9,0.0,0.0,61,1011.7,930.3,80,27,53,78,0.4,0.68,19.3,26.2,201,201,49.7,21.1,18.3,17.7,12.6,0.344,0.24,0.261,0.339,1,3600.0,721.0,441.0,280.0,474.5,721.0,1229.7,701.2,428.9,272.3,474.5,701.2,1196.0
1544,1544,41.01933,-7.7032776,723.0,2018-07-01T15:00,17.4,76,13.1,15.8,1.6,1.6,0.0,0.0,61,1011.9,930.1,79,20,55,92,0.3,0.48,18.3,25.3,212,213,50.8,20.7,18.4,17.7,12.6,0.355,0.241,0.261,0.339,1,3600.0,560.0,236.0,324.0,273.3,560.0,1142.8,529.4,223.1,306.3,273.3,529.4,1080.4
1543,1543,41.01933,-7.7032776,723.0,2018-07-01T16:00,16.7,82,13.6,15.7,1.0,1.0,0.0,0.0,55,1012.2,930.2,54,5,57,50,0.2,0.35,14.7,20.6,211,213,44.3,20.1,18.5,17.7,12.6,0.361,0.242,0.261,0.339,1,2125.36,346.0,99.0,247.0,130.8,346.0,1001.1,316.0,90.4,225.6,130.8,316.0,914.4
1542,1542,41.01933,-7.7032776,723.0,2018-07-01T17:00,16.1,82,13.1,15.3,0.1,0.1,0.0,0.0,51,1012.4,930.2,36,0,59,1,0.17,0.32,12.4,17.7,216,218,44.6,19.6,18.6,17.7,12.6,0.358,0.243,0.261,0.339,1,3600.0,310.0,135.0,175.0,219.3,310.0,814.5,269.9,117.6,152.4,219.3,269.9,709.2
1541,1541,41.01933,-7.7032776,723.0,2018-07-01T18:00,16.4,80,12.9,15.5,0.0,0.0,0.0,0.0,1,1012.2,930.1,35,16,34,0,0.14,0.38,12.7,17.8,215,216,32.0,19.3,18.6,17.7,12.6,0.354,0.245,0.261,0.339,1,3600.0,240.0,132.0,108.0,293.3,240.0,595.5,193.0,106.2,86.9,293.3,193.0,478.9
1540,1540,41.01933,-7.7032776,723.0,2018-07-01T19:00,15.6,84,12.8,14.5,0.3,0.3,0.0,0.0,51,1012.4,930.0,100,26,93,87,0.08,0.29,13.2,20.1,206,209,30.2,18.8,18.6,17.7,12.6,0.353,0.246,0.261,0.339,1,3600.0,139.0,78.0,61.0,287.3,139.0,359.2,92.6,51.9,40.6,287.3,92.6,239.2
1539,1539,41.01933,-7.7032776,723.0,2018-07-01T20:00,14.4,91,12.9,13.5,0.1,0.1,0.0,0.0,51,1012.9,930.2,68,12,95,2,0.02,0.15,12.1,19.5,197,205,30.6,18.1,18.6,17.7,12.6,0.351,0.247,0.261,0.339,1,0.0,30.0,5.0,25.0,39.5,30.0,121.5,1.6,0.3,1.3,3.0,1.1,6.3
1538,1538,41.01933,-7.7032776,723.0,2018-07-01T21:00,14.0,93,12.8,13.1,0.0,0.0,0.0,0.0,2,1013.2,930.3,56,6,85,0,0.0,0.12,12.1,19.9,190,197,28.8,17.4,18.5,17.7,12.6,0.348,0.248,0.261,0.339,0,0.0,0.0,0.0,0.0,0.0,0.0,0.0,0.0,0.0,0.0,0.0,0.0,0.0
1537,1537,41.01933,-7.7032776,723.0,2018-07-01T22:00,13.9,92,12.7,12.9,0.0,0.0,0.0,0.0,1,1013.5,930.6,39,3,52,16,0.0,0.12,12.4,21.6,190,195,29.9,16.9,18.4,17.7,12.6,0.346,0.249,0.261,0.339,0,0.0,0.0,0.0,0.0,0.0,0.0,0.0,0.0,0.0,0.0,0.0,0.0,0.0
1536,1536,41.01933,-7.7032776,723.0,2018-07-01T23:00,13.6,92,12.4,12.6,0.0,0.0,0.0,0.0,1,1013.3,930.3,39,21,33,0,0.0,0.12,11.9,22.3,185,190,30.2,16.5,18.3,17.7,12.6,0.343,0.249,0.261,0.339,0,0.0,0.0,0.0,0.0,0.0,0.0,0.0,0.0,0.0,0.0,0.0,0.0,0.0
1535,1535,41.01933,-7.7032776,723.0,2018-07-02T00:00,14.1,94,13.2,13.0,0.0,0.0,0.0,0.0,3,1012.8,930.0,100,100,85,0,0.0,0.1,14.8,26.4,179,185,31.3,16.3,18.1,17.7,12.6,0.322,0.244,0.261,0.339,0,0.0,0.0,0.0,0.0,0.0,0.0,0.0,0.0,0.0,0.0,0.0,0.0,0.0
1534,1534,41.01933,-7.7032776,723.0,2018-07-02T01:00,14.3,94,13.4,13.0,0.2,0.2,0.0,0.0,51,1012.8,930.1,100,88,35,0,0.0,0.09,16.5,28.4,200,202,38.5,16.2,18.0,17.7,12.6,0.323,0.244,0.261,0.339,0,0.0,0.0,0.0,0.0,0.0,0.0,0.0,0.0,0.0,0.0,0.0,0.0,0.0
1533,1533,41.01933,-7.7032776,723.0,2018-07-02T02:00,13.7,95,12.9,12.3,0.1,0.1,0.0,0.0,51,1012.8,929.9,100,100,26,0,0.0,0.08,16.3,28.3,208,211,39.2,16.0,17.8,17.6,12.6,0.322,0.245,0.261,0.339,0,0.0,0.0,0.0,0.0,0.0,0.0,0.0,0.0,0.0,0.0,0.0,0.0,0.0
1532,1532,41.01933,-7.7032776,723.0,2018-07-02T03:00,13.3,96,12.6,11.5,0.0,0.0,0.0,0.0,3,1013.0,930.0,100,99,21,0,0.0,0.06,17.6,30.3,203,205,41.0,15.7,17.7,17.6,12.6,0.321,0.245,0.261,0.339,0,0.0,0.0,0.0,0.0,0.0,0.0,0.0,0.0,0.0,0.0,0.0,0.0,0.0
1531,1531,41.01933,-7.7032776,723.0,2018-07-02T04:00,13.3,96,12.6,11.2,0.1,0.1,0.0,0.0,51,1013.1,930.0,95,100,8,0,0.0,0.07,19.3,32.3,194,197,43.6,15.5,17.6,17.6,12.6,0.321,0.245,0.261,0.339,0,0.0,0.0,0.0,0.0,0.0,0.0,0.0,0.0,0.0,0.0,0.0,0.0,0.0
1530,1530,41.01933,-7.7032776,723.0,2018-07-02T05:00,13.7,95,12.9,12.0,0.2,0.2,0.0,0.0,51,1013.2,930.3,100,100,19,0,0.0,0.08,18.2,30.6,194,195,45.0,15.5,17.5,17.6,12.6,0.322,0.246,0.261,0.339,0,0.0,0.0,0.0,0.0,0.0,0.0,0.0,0.0,0.0,0.0,0.0,0.0,0.0
1529,1529,41.01933,-7.7032776,723.0,2018-07-02T06:00,13.9,95,13.1,12.5,0.2,0.2,0.0,0.0,51,1013.7,930.8,100,99,30,0,0.02,0.08,16.3,27.6,198,202,42.1,15.5,17.3,17.6,12.6,0.324,0.246,0.261,0.339,1,0.0,12.0,0.0,12.0,0.0,12.0,89.4,26.9,0.0,26.9,0.0,16.3,200.7
1528,1528,41.01933,-7.7032776,723.0,2018-07-02T07:00,14.5,92,13.2,13.2,0.1,0.1,0.0,0.0,51,1014.2,931.4,51,40,25,0,0.04,0.13,15.9,25.6,208,212,37.4,15.6,17.2,17.6,12.6,0.324,0.247,0.261,0.339,1,0.0,68.0,11.0,57.0,45.4,68.0,320.4,93.5,15.1,78.3,45.4,93.5,440.4
1527,1527,41.01933,-7.7032776,723.0,2018-07-02T08:00,15.3,87,13.1,13.3,0.1,0.1,0.0,0.0,51,1014.6,932.0,64,46,37,0,0.13,0.23,20.0,28.6,210,211,45.0,16.2,17.2,17.6,12.6,0.323,0.247,0.261,0.339,1,3600.0,281.0,165.0,116.0,391.2,281.0,558.1,339.0,199.1,139.9,391.2,339.0,673.3
1526,1526,41.01933,-7.7032776,723.0,2018-07-02T09:00,16.9,76,12.7,14.7,0.1,0.1,0.0,0.0,51,1014.7,932.5,100,76,63,0,0.23,0.46,21.3,29.5,206,207,48.2,17.1,17.1,17.6,12.6,0.322,0.247,0.261,0.339,1,3600.0,437.0,273.0,164.0,462.6,437.0,780.8,494.4,308.9,185.5,462.6,494.4,883.4
1525,1525,41.01933,-7.7032776,723.0,2018-07-02T10:00,17.3,77,13.3,15.1,0.2,0.2,0.0,0.0,51,1015.0,932.9,88,56,63,0,0.25,0.45,22.1,31.1,208,208,50.8,17.9,17.2,17.6,12.6,0.321,0.248,0.261,0.339,1,3600.0,487.0,239.0,248.0,324.8,487.0,973.6,528.5,259.4,269.1,324.8,528.5,1056.5
1524,1524,41.01933,-7.7032776,723.0,2018-07-02T11:00,17.7,78,13.8,15.8,0.2,0.2,0.0,0.0,51,1015.5,933.4,60,25,62,0,0.27,0.45,21.1,30.5,207,209,50.4,18.6,17.2,17.5,12.6,0.321,0.248,0.261,0.339,1,3600.0,496.0,251.0,245.0,295.7,496.0,1123.1,521.5,263.9,257.6,295.7,521.5,1180.8
1523,1523,41.01933,-7.7032776,723.0,2018-07-02T12:00,17.1,77,13.0,16.0,0.1,0.1,0.0,0.0,51,1016.1,933.8,86,49,70,0,0.37,0.45,20.9,29.7,209,211,52.9,19.7,17.4,17.5,12.6,0.324,0.246,0.267,0.339,1,3600.0,769.0,496.0,273.0,538.3,769.0,1219.3,787.0,507.6,279.4,538.3,787.0,1247.7
1522,1522,41.01933,-7.7032776,723.0,2018-07-02T13:00,18.4,81,15.2,17.9,0.3,0.3,0.0,0.0,51,1016.2,934.3,62,33,53,3,0.34,0.39,18.6,26.3,221,222,50.0,20.2,17.5,17.5,12.6,0.324,0.246,0.267,0.339,1,3600.0,645.0,333.0,312.0,350.9,645.0,1255.5,643.6,332.3,311.3,350.9,643.6,1252.8
1521,1521,41.01933,-7.7032776,723.0,2018-07-02T14:00,18.8,78,14.9,18.7,0.2,0.2,0.0,0.0,51,1016.3,934.5,79,46,54,17,0.39,0.48,18.0,24.3,213,215,46.1,21.0,17.7,17.5,12.6,0.323,0.246,0.267,0.339,1,3600.0,729.0,415.0,314.0,446.7,729.0,1229.3,709.0,403.6,305.4,446.7,709.0,1195.7
1520,1520,41.01933,-7.7032776,723.0,2018-07-02T15:00,18.8,73,14.0,17.7,0.2,0.2,0.0,0.0,51,1016.4,934.6,80,52,53,4,0.32,0.58,16.6,22.4,222,222,47.2,21.1,17.9,17.5,12.7,0.322,0.246,0.267,0.339,1,3600.0,562.0,321.0,241.0,371.8,562.0,1142.5,531.3,303.5,227.9,371.8,531.3,1080.2
1519,1519,41.01933,-7.7032776,723.0,2018-07-02T16:00,18.0,78,14.1,17.0,0.3,0.3,0.0,0.0,51,1016.6,934.5,85,57,56,0,0.28,0.45,15.5,21.0,234,235,41.0,21.1,18.1,17.5,12.7,0.322,0.246,0.267,0.339,1,3600.0,520.0,323.0,197.0,427.0,520.0,1000.9,474.9,295.0,179.9,427.0,474.9,914.2
1518,1518,41.01933,-7.7032776,723.0,2018-07-02T17:00,17.7,78,13.9,16.8,0.1,0.1,0.0,0.0,51,1016.8,934.6,42,25,32,0,0.2,0.44,14.2,19.8,240,241,37.1,20.7,18.3,17.5,12.7,0.321,0.247,0.267,0.339,1,3600.0,342.0,185.0,157.0,300.6,342.0,814.3,297.8,161.1,136.7,300.6,297.8,709.0
1517,1517,41.01933,-7.7032776,723.0,2018-07-02T18:00,17.3,80,13.8,16.5,0.1,0.1,0.0,0.0,51,1017.0,934.7,43,30,27,0,0.16,0.4,13.7,18.7,235,236,33.5,20.3,18.4,17.5,12.7,0.32,0.247,0.267,0.339,1,3600.0,287.0,174.0,113.0,386.7,287.0,595.3,230.8,139.9,90.9,386.7,230.8,478.7
1516,1516,41.01933,-7.7032776,723.0,2018-07-02T19:00,16.5,82,13.5,16.0,0.0,0.0,0.0,0.0,1,1017.1,934.6,34,29,13,0,0.09,0.33,10.8,15.8,233,235,31.7,19.6,18.5,17.5,12.7,0.319,0.247,0.267,0.339,1,3600.0,161.0,89.0,72.0,328.2,161.0,358.9,107.1,59.2,47.9,328.2,107.1,238.8
1515,1515,41.01933,-7.7032776,723.0,2018-07-02T20:00,15.4,88,13.4,15.4,0.0,0.0,0.0,0.0,1,1017.6,934.8,35,36,4,0,0.02,0.21,7.1,13.4,229,234,25.2,18.7,18.5,17.5,12.7,0.318,0.247,0.267,0.339,1,1495.98,43.0,18.0,25.0,142.5,43.0,121.0,2.1,0.9,1.2,9.9,1.5,5.8
1514,1514,41.01933,-7.7032776,723.0,2018-07-02T21:00,14.6,93,13.4,14.9,0.0,0.0,0.0,0.0,1,1018.4,935.3,36,39,2,0,0.0,0.12,4.7,11.5,212,226,17.6,17.9,18.5,17.5,12.7,0.317,0.248,0.267,0.339,0,0.0,0.0,0.0,0.0,0.0,0.0,0.0,0.0,0.0,0.0,0.0,0.0,0.0
1513,1513,41.01933,-7.7032776,723.0,2018-07-02T22:00,14.0,95,13.2,14.3,0.0,0.0,0.0,0.0,1,1018.8,935.5,37,39,3,0,0.0,0.08,4.3,10.5,204,221,13.7,17.2,18.4,17.5,12.7,0.316,0.248,0.267,0.339,0,0.0,0.0,0.0,0.0,0.0,0.0,0.0,0.0,0.0,0.0,0.0,0.0,0.0
1512,1512,41.01933,-7.7032776,723.0,2018-07-02T23:00,13.5,97,13.0,13.8,0.0,0.0,0.0,0.0,1,1018.8,935.3,30,31,4,0,0.0,0.05,3.8,9.2,197,219,12.6,16.7,18.3,17.5,12.7,0.315,0.249,0.267,0.339,0,0.0,0.0,0.0,0.0,0.0,0.0,0.0,0.0,0.0,0.0,0.0,0.0,0.0
1511,1511,41.01933,-7.7032776,723.0,2018-07-03T00:00,13.6,96,13.0,13.6,0.0,0.0,0.0,0.0,1,1019.4,935.9,26,28,2,0,0.0,0.06,5.8,13.3,202,218,12.6,16.7,18.2,17.5,12.7,0.317,0.248,0.267,0.339,0,0.0,0.0,0.0,0.0,0.0,0.0,0.0,0.0,0.0,0.0,0.0,0.0,0.0
1510,1510,41.01933,-7.7032776,723.0,2018-07-03T01:00,13.2,96,12.6,13.2,0.0,0.0,0.0,0.0,1,1019.1,935.5,30,26,1,20,0.0,0.05,5.0,12.9,201,216,15.8,16.2,18.1,17.4,12.7,0.316,0.249,0.267,0.339,0,0.0,0.0,0.0,0.0,0.0,0.0,0.0,0.0,0.0,0.0,0.0,0.0,0.0
1509,1509,41.01933,-7.7032776,723.0,2018-07-03T02:00,12.8,97,12.3,12.8,0.0,0.0,0.0,0.0,2,1018.5,934.9,64,49,0,67,0.0,0.04,4.7,11.4,203,215,15.1,15.8,18.0,17.4,12.7,0.315,0.249,0.267,0.339,0,0.0,0.0,0.0,0.0,0.0,0.0,0.0,0.0,0.0,0.0,0.0,0.0,0.0
1508,1508,41.01933,-7.7032776,723.0,2018-07-03T03:00,12.1,98,11.8,11.9,0.0,0.0,0.0,0.0,0,1018.3,934.5,19,16,0,14,0.0,0.03,4.9,11.1,197,209,14.0,15.3,17.8,17.4,12.7,0.314,0.249,0.267,0.339,0,0.0,0.0,0.0,0.0,0.0,0.0,0.0,0.0,0.0,0.0,0.0,0.0,0.0
1507,1507,41.01933,-7.7032776,723.0,2018-07-03T04:00,11.0,99,10.8,10.6,0.0,0.0,0.0,0.0,1,1017.9,933.8,24,22,0,15,0.0,0.02,4.6,9.5,198,209,14.0,14.8,17.6,17.4,12.7,0.313,0.25,0.267,0.339,0,0.0,0.0,0.0,0.0,0.0,0.0,0.0,0.0,0.0,0.0,0.0,0.0,0.0
1506,1506,41.01933,-7.7032776,723.0,2018-07-03T05:00,10.8,99,10.7,10.2,0.0,0.0,0.0,0.0,3,1017.9,933.8,88,94,0,13,0.0,0.01,5.7,9.0,198,209,14.8,14.4,17.4,17.4,12.7,0.312,0.25,0.267,0.339,0,0.0,0.0,0.0,0.0,0.0,0.0,0.0,0.0,0.0,0.0,0.0,0.0,0.0
1505,1505,41.01933,-7.7032776,723.0,2018-07-03T06:00,11.5,99,11.3,10.8,0.0,0.0,0.0,0.0,3,1018.1,934.1,92,100,0,7,0.0,0.02,7.5,8.5,197,208,16.6,14.2,17.2,17.4,12.7,0.311,0.25,0.267,0.339,1,626.22,32.0,12.0,20.0,107.8,32.0,88.6,71.9,27.0,44.9,179.3,43.2,198.9
1504,1504,41.01933,-7.7032776,723.0,2018-07-03T07:00,13.3,95,12.5,13.3,0.0,0.0,0.0,0.0,3,1018.3,934.8,93,99,0,12,0.07,0.08,5.2,7.9,196,204,17.3,14.9,17.1,17.4,12.7,0.31,0.251,0.267,0.339,1,3600.0,155.0,74.0,81.0,307.3,155.0,318.7,213.4,101.9,111.5,307.3,213.4,438.7
1503,1503,41.01933,-7.7032776,723.0,2018-07-03T08:00,15.4,79,11.8,15.5,0.0,0.0,0.0,0.0,0,1018.1,935.2,9,5,0,15,0.18,0.36,2.7,3.5,203,204,16.2,16.2,17.0,17.4,12.7,0.309,0.251,0.267,0.339,1,3600.0,337.0,210.0,127.0,499.3,337.0,556.5,406.8,253.5,153.3,499.3,406.8,671.8
1502,1502,41.01933,-7.7032776,723.0,2018-07-03T09:00,17.3,66,10.8,16.3,0.0,0.0,0.0,0.0,1,1017.8,935.5,32,34,0,4,0.31,0.68,8.3,10.5,185,186,21.6,17.7,17.0,17.4,12.7,0.307,0.251,0.267,0.339,1,3600.0,548.0,431.0,117.0,731.7,548.0,779.4,620.2,487.8,132.4,731.7,620.2,882.1
1501,1501,41.01933,-7.7032776,723.0,2018-07-03T10:00,18.4,60,10.5,17.3,0.0,0.0,0.0,0.0,0,1017.6,935.6,14,15,0,0,0.37,0.85,11.9,15.5,194,193,29.9,19.0,17.1,17.4,12.7,0.305,0.25,0.267,0.339,1,3600.0,639.0,448.0,191.0,609.6,639.0,972.4,693.6,486.3,207.3,609.6,693.6,1055.4
1500,1500,41.01933,-7.7032776,723.0,2018-07-03T11:00,19.2,54,9.7,18.6,0.0,0.0,0.0,0.0,1,1017.7,935.9,33,37,0,0,0.48,1.03,13.8,17.5,200,199,34.2,20.3,17.3,17.3,12.7,0.302,0.25,0.267,0.339,1,3600.0,818.0,658.0,160.0,775.9,818.0,1122.1,860.1,691.9,168.2,775.9,860.1,1179.9
1499,1499,41.01933,-7.7032776,723.0,2018-07-03T12:00,19.5,51,9.2,19.2,0.0,0.0,0.0,0.0,1,1017.9,936.1,47,39,16,9,0.51,1.1,12.6,15.9,193,193,36.0,21.4,17.5,17.3,12.7,0.299,0.25,0.267,0.339,1,3600.0,856.0,642.0,214.0,697.1,856.0,1218.5,876.1,657.0,219.0,697.1,876.1,1247.0
1498,1498,41.01933,-7.7032776,723.0,2018-07-03T13:00,20.4,48,9.1,19.7,0.0,0.0,0.0,0.0,2,1017.4,935.9,66,61,18,0,0.53,1.23,13.9,17.8,201,201,34.2,22.1,17.7,17.3,12.7,0.296,0.249,0.266,0.339,1,3600.0,850.0,636.0,214.0,670.6,850.0,1254.9,848.2,634.7,213.6,670.6,848.2,1252.3
1497,1497,41.01933,-7.7032776,723.0,2018-07-03T14:00,20.5,48,9.3,19.7,0.0,0.0,0.0,0.0,2,1017.2,935.8,54,45,23,0,0.51,1.24,13.7,17.6,207,206,34.9,22.6,18.0,17.3,12.7,0.293,0.249,0.266,0.339,1,3600.0,807.0,592.0,215.0,637.4,807.0,1228.9,784.9,575.8,209.1,637.4,784.9,1195.3
1496,1496,41.01933,-7.7032776,723.0,2018-07-03T15:00,20.8,47,9.1,19.9,0.0,0.0,0.0,0.0,2,1016.9,935.6,78,73,21,0,0.45,1.29,9.8,12.7,208,205,33.5,22.9,18.3,17.3,12.7,0.29,0.248,0.266,0.339,1,3600.0,696.0,482.0,214.0,558.4,696.0,1142.2,658.0,455.7,202.3,558.4,658.0,1079.9
1495,1495,41.01933,-7.7032776,723.0,2018-07-03T16:00,20.4,52,10.1,18.8,0.0,0.0,0.0,0.0,3,1016.5,935.1,100,100,73,0,0.35,1.16,11.6,15.1,210,208,28.8,22.7,18.5,17.3,12.7,0.288,0.248,0.266,0.339,1,3600.0,522.0,256.0,266.0,338.5,522.0,1000.7,476.7,233.8,242.9,338.5,476.7,913.9
1494,1494,41.01933,-7.7032776,723.0,2018-07-03T17:00,19.4,55,10.1,18.0,0.0,0.0,0.0,0.0,3,1016.8,935.1,100,94,67,0,0.23,1.02,9.7,12.9,248,247,28.4,22.1,18.8,17.3,12.8,0.287,0.248,0.266,0.339,1,2198.38,307.0,82.0,225.0,133.3,307.0,814.0,267.3,71.4,195.9,133.3,267.3,708.7
1493,1493,41.01933,-7.7032776,723.0,2018-07-03T18:00,17.5,73,12.7,16.5,0.0,0.0,0.0,0.0,2,1017.3,935.0,61,40,26,30,0.15,0.53,12.3,16.2,285,283,28.1,21.4,18.9,17.3,12.8,0.285,0.248,0.266,0.339,1,2202.8,235.0,60.0,175.0,133.4,235.0,595.0,188.9,48.2,140.7,133.4,188.9,478.3
1492,1492,41.01933,-7.7032776,723.0,2018-07-03T19:00,15.8,84,13.0,15.0,0.1,0.1,0.0,0.0,51,1017.7,935.0,57,34,44,1,0.09,0.29,11.4,15.8,294,291,28.1,20.5,19.0,17.3,12.8,0.285,0.248,0.266,0.339,1,3600.0,162.0,89.0,73.0,328.6,162.0,358.4,107.7,59.2,48.5,328.6,107.7,238.3
1491,1491,41.01933,-7.7032776,723.0,2018-07-03T20:00,14.6,88,12.7,14.1,0.0,0.0,0.0,0.0,1,1018.1,935.0,34,25,20,0,0.02,0.19,9.2,14.3,301,298,25.9,19.3,19.0,17.3,12.8,0.285,0.248,0.266,0.339,1,1207.05,42.0,16.0,26.0,126.9,42.0,120.4,1.8,0.7,1.1,7.8,1.3,5.1
1490,1490,41.01933,-7.7032776,723.0,2018-07-03T21:00,13.7,93,12.5,13.7,0.0,0.0,0.0,0.0,2,1018.3,934.9,52,42,18,10,0.0,0.11,5.0,11.7,291,288,19.8,18.3,19.0,17.3,12.8,0.285,0.248,0.266,0.339,0,0.0,0.0,0.0,0.0,0.0,0.0,0.0,0.0,0.0,0.0,0.0,0.0,0.0
1489,1489,41.01933,-7.7032776,723.0,2018-07-03T22:00,13.3,94,12.3,13.4,0.0,0.0,0.0,0.0,2,1018.5,935.0,56,36,1,76,0.0,0.09,4.2,10.4,290,290,13.3,17.4,18.9,17.3,12.8,0.284,0.248,0.266,0.339,0,0.0,0.0,0.0,0.0,0.0,0.0,0.0,0.0,0.0,0.0,0.0,0.0,0.0
1488,1488,41.01933,-7.7032776,723.0,2018-07-03T23:00,12.3,97,11.9,12.2,0.0,0.0,0.0,0.0,1,1018.5,934.7,43,27,0,62,0.0,0.04,4.4,7.6,279,289,11.9,16.7,18.7,17.3,12.8,0.284,0.248,0.266,0.339,0,0.0,0.0,0.0,0.0,0.0,0.0,0.0,0.0,0.0,0.0,0.0,0.0,0.0
1487,1487,41.01933,-7.7032776,723.0,2018-07-04T00:00,12.4,97,12.0,12.3,0.0,0.0,0.0,0.0,1,1018.5,934.8,43,25,4,60,0.0,0.04,5.2,9.0,282,299,10.8,17.1,18.8,17.3,12.8,0.282,0.248,0.265,0.339,0,0.0,0.0,0.0,0.0,0.0,0.0,0.0,0.0,0.0,0.0,0.0,0.0,0.0
1486,1486,41.01933,-7.7032776,723.0,2018-07-04T01:00,12.0,97,11.6,11.8,0.0,0.0,0.0,0.0,1,1018.0,934.2,42,28,0,56,0.0,0.04,4.5,8.7,299,315,11.2,16.4,18.6,17.3,12.8,0.281,0.248,0.265,0.339,0,0.0,0.0,0.0,0.0,0.0,0.0,0.0,0.0,0.0,0.0,0.0,0.0,0.0
1485,1485,41.01933,-7.7032776,723.0,2018-07-04T02:00,11.5,97,11.1,11.3,0.0,0.0,0.0,0.0,1,1017.6,933.7,43,31,0,51,0.0,0.04,3.6,8.4,264,301,10.1,15.7,18.4,17.3,12.8,0.281,0.248,0.265,0.339,0,0.0,0.0,0.0,0.0,0.0,0.0,0.0,0.0,0.0,0.0,0.0,0.0,0.0
1484,1484,41.01933,-7.7032776,723.0,2018-07-04T03:00,11.6,97,11.1,11.3,0.0,0.0,0.0,0.0,2,1017.5,933.6,54,56,2,7,0.0,0.04,4.3,9.7,246,285,10.8,15.4,18.2,17.3,12.8,0.281,0.248,0.265,0.339,0,0.0,0.0,0.0,0.0,0.0,0.0,0.0,0.0,0.0,0.0,0.0,0.0,0.0
1483,1483,41.01933,-7.7032776,723.0,2018-07-04T04:00,11.5,96,10.9,11.2,0.0,0.0,0.0,0.0,2,1017.6,933.7,55,60,1,0,0.0,0.06,4.2,9.8,239,276,11.9,15.1,18.0,17.3,12.8,0.281,0.248,0.265,0.339,0,0.0,0.0,0.0,0.0,0.0,0.0,0.0,0.0,0.0,0.0,0.0,0.0,0.0
1482,1482,41.01933,-7.7032776,723.0,2018-07-04T05:00,11.8,93,10.7,11.4,0.0,0.0,0.0,0.0,2,1017.4,933.6,74,82,1,0,0.0,0.09,3.9,8.6,236,272,11.2,14.9,17.8,17.3,12.8,0.28,0.248,0.265,0.339,0,0.0,0.0,0.0,0.0,0.0,0.0,0.0,0.0,0.0,0.0,0.0,0.0,0.0
1481,1481,41.01933,-7.7032776,723.0,2018-07-04T06:00,12.7,88,10.7,12.1,0.0,0.0,0.0,0.0,1,1017.6,934.0,28,30,1,0,0.02,0.18,5.0,9.4,249,272,12.6,15.0,17.6,17.3,12.8,0.28,0.248,0.265,0.339,1,0.0,19.0,5.0,14.0,45.2,19.0,87.6,42.7,11.2,31.5,75.5,25.6,197.0
1480,1480,41.01933,-7.7032776,723.0,2018-07-04T07:00,14.0,80,10.6,13.3,0.0,0.0,0.0,0.0,0,1017.8,934.6,16,17,1,0,0.08,0.32,5.8,7.9,270,270,15.1,15.5,17.5,17.3,12.8,0.28,0.248,0.265,0.339,1,3600.0,158.0,89.0,69.0,371.7,158.0,316.8,217.9,122.7,95.2,371.7,217.9,437.0
1479,1479,41.01933,-7.7032776,723.0,2018-07-04T08:00,15.3,74,10.8,14.3,0.0,0.0,0.0,0.0,0,1018.0,935.1,11,11,2,0,0.18,0.45,8.4,10.9,280,279,22.0,16.6,17.4,17.3,12.8,0.279,0.248,0.265,0.339,1,3600.0,343.0,246.0,97.0,586.7,343.0,554.8,414.3,297.2,117.2,586.7,414.3,670.2
1478,1478,41.01933,-7.7032776,723.0,2018-07-04T09:00,16.6,67,10.5,15.1,0.0,0.0,0.0,0.0,1,1018.1,935.5,29,32,1,0,0.29,0.62,10.7,13.6,284,282,27.0,17.8,17.4,17.3,12.8,0.277,0.248,0.265,0.339,1,3600.0,529.0,413.0,116.0,702.4,529.0,777.9,598.9,467.6,131.3,702.4,598.9,880.7
1477,1477,41.01933,-7.7032776,723.0,2018-07-04T10:00,17.5,63,10.4,16.5,0.0,0.0,0.0,0.0,0,1018.4,936.1,19,21,0,0,0.37,0.74,12.0,15.6,286,285,30.6,19.1,17.5,17.3,12.8,0.276,0.248,0.265,0.339,1,3600.0,667.0,494.0,173.0,673.1,667.0,971.1,724.1,536.3,187.8,673.1,724.1,1054.3
1476,1476,41.01933,-7.7032776,723.0,2018-07-04T11:00,18.4,55,9.3,17.8,0.0,0.0,0.0,0.0,1,1018.7,936.6,24,27,0,0,0.47,0.95,13.1,16.6,291,288,32.8,20.4,17.6,17.2,12.8,0.273,0.247,0.265,0.339,1,3600.0,813.0,633.0,180.0,747.1,813.0,1121.1,855.0,665.7,189.3,747.1,855.0,1179.0
1475,1475,41.01933,-7.7032776,723.0,2018-07-04T12:00,19.1,54,9.7,18.8,0.0,0.0,0.0,0.0,2,1018.9,937.0,74,68,21,0,0.51,1.01,13.9,17.6,301,301,35.3,21.0,17.6,17.2,12.8,0.271,0.247,0.266,0.339,1,3600.0,876.0,674.0,202.0,732.4,876.0,1217.7,896.6,689.9,206.8,732.4,896.6,1246.3
1474,1474,41.01933,-7.7032776,723.0,2018-07-04T13:00,18.5,62,11.0,17.9,0.2,0.2,0.0,0.0,51,1019.1,937.0,63,38,46,5,0.43,0.82,13.3,17.1,289,288,33.1,21.6,17.8,17.2,12.8,0.271,0.247,0.266,0.339,1,3600.0,735.0,461.0,274.0,486.3,735.0,1254.3,733.5,460.1,273.4,486.3,733.5,1251.7
1473,1473,41.01933,-7.7032776,723.0,2018-07-04T14:00,18.4,67,12.1,17.4,0.5,0.5,0.0,0.0,53,1019.4,937.2,49,19,51,5,0.37,0.7,14.1,18.5,285,283,33.1,21.6,18.0,17.2,12.8,0.273,0.247,0.266,0.339,1,3600.0,626.0,407.0,219.0,438.4,626.0,1228.4,608.9,395.9,213.0,438.4,608.9,1194.8
1472,1472,41.01933,-7.7032776,723.0,2018-07-04T15:00,18.5,65,11.8,17.1,0.2,0.2,0.0,0.0,51,1019.5,937.3,20,12,16,0,0.34,0.74,14.1,18.8,289,287,34.9,21.6,18.2,17.2,12.8,0.274,0.246,0.266,0.339,1,3600.0,571.0,367.0,204.0,425.3,571.0,1141.8,539.9,347.0,192.9,425.3,539.9,1079.5
1471,1471,41.01933,-7.7032776,723.0,2018-07-04T16:00,18.7,63,11.5,17.5,0.1,0.1,0.0,0.0,51,1019.5,937.4,28,13,28,0,0.38,0.8,14.9,20.2,290,289,35.3,21.8,18.4,17.2,12.8,0.273,0.246,0.266,0.339,1,3600.0,651.0,514.0,137.0,679.8,651.0,1000.3,594.5,469.4,125.1,679.8,594.5,913.6
1470,1470,41.01933,-7.7032776,723.0,2018-07-04T17:00,17.5,69,11.7,15.9,0.0,0.0,0.0,0.0,1,1020.0,937.5,38,24,28,0,0.25,0.62,14.0,19.0,296,295,36.0,21.4,18.6,17.2,12.8,0.272,0.246,0.265,0.339,1,3600.0,435.0,326.0,109.0,530.1,435.0,813.7,378.7,283.8,94.9,530.1,378.7,708.4
1469,1469,41.01933,-7.7032776,723.0,2018-07-04T18:00,16.8,74,12.2,15.4,0.0,0.0,0.0,0.0,1,1020.3,937.6,24,17,15,0,0.18,0.49,14.2,19.3,300,299,33.1,20.9,18.7,17.2,12.8,0.271,0.246,0.265,0.339,1,3600.0,312.0,209.0,103.0,465.1,312.0,594.6,250.7,168.0,82.8,465.1,250.7,477.8
1468,1468,41.01933,-7.7032776,723.0,2018-07-04T19:00,16.0,78,12.3,15.0,0.0,0.0,0.0,0.0,0,1020.7,937.8,13,6,12,0,0.1,0.39,11.6,16.8,300,298,32.8,20.0,18.8,17.2,12.8,0.271,0.246,0.265,0.339,1,3600.0,174.0,110.0,64.0,406.7,174.0,357.9,115.6,73.1,42.5,406.7,115.6,237.7
1467,1467,41.01933,-7.7032776,723.0,2018-07-04T20:00,14.8,85,12.2,14.2,0.0,0.0,0.0,0.0,0,1021.0,937.7,19,12,14,0,0.03,0.26,8.3,16.5,304,302,27.0,19.0,18.8,17.2,12.8,0.27,0.246,0.265,0.339,1,2154.51,48.0,23.0,25.0,182.7,48.0,119.7,1.7,0.8,0.9,9.4,1.2,4.3
1466,1466,41.01933,-7.7032776,723.0,2018-07-04T21:00,13.8,90,12.2,13.5,0.0,0.0,0.0,0.0,1,1021.9,938.3,24,23,5,0,0.0,0.16,6.6,15.1,299,298,20.2,17.9,18.7,17.2,12.9,0.27,0.246,0.265,0.339,0,0.0,0.0,0.0,0.0,0.0,0.0,0.0,0.0,0.0,0.0,0.0,0.0,0.0
1465,1465,41.01933,-7.7032776,723.0,2018-07-04T22:00,13.2,93,12.2,13.1,0.0,0.0,0.0,0.0,0,1022.4,938.6,14,14,2,0,0.0,0.1,5.7,14.7,288,295,17.3,17.1,18.6,17.2,12.9,0.27,0.246,0.265,0.339,0,0.0,0.0,0.0,0.0,0.0,0.0,0.0,0.0,0.0,0.0,0.0,0.0,0.0
1464,1464,41.01933,-7.7032776,723.0,2018-07-04T23:00,12.2,96,11.6,11.9,0.0,0.0,0.0,0.0,1,1022.4,938.3,30,33,1,0,0.0,0.05,5.1,12.6,278,294,15.5,16.3,18.5,17.2,12.9,0.27,0.246,0.265,0.339,0,0.0,0.0,0.0,0.0,0.0,0.0,0.0,0.0,0.0,0.0,0.0,0.0,0.0
1463,1463,41.01933,-7.7032776,723.0,2018-07-05T00:00,12.1,99,11.9,11.8,0.0,0.0,0.0,0.0,2,1022.8,938.6,58,65,0,0,0.0,0.01,6.0,12.4,287,300,13.3,16.6,18.4,17.2,12.9,0.27,0.245,0.264,0.339,0,0.0,0.0,0.0,0.0,0.0,0.0,0.0,0.0,0.0,0.0,0.0,0.0,0.0
1462,1462,41.01933,-7.7032776,723.0,2018-07-05T01:00,12.4,98,12.1,12.3,0.0,0.0,0.0,0.0,2,1022.7,938.6,70,78,0,0,0.0,0.02,4.7,12.3,293,302,14.0,16.0,18.2,17.2,12.9,0.27,0.245,0.264,0.339,0,0.0,0.0,0.0,0.0,0.0,0.0,0.0,0.0,0.0,0.0,0.0,0.0,0.0
1461,1461,41.01933,-7.7032776,723.0,2018-07-05T02:00,12.7,98,12.4,12.3,0.0,0.0,0.0,0.0,2,1022.8,938.8,76,85,0,0,0.0,0.03,7.3,12.5,303,303,16.2,15.8,18.1,17.2,12.9,0.27,0.245,0.264,0.339,0,0.0,0.0,0.0,0.0,0.0,0.0,0.0,0.0,0.0,0.0,0.0,0.0,0.0
1460,1460,41.01933,-7.7032776,723.0,2018-07-05T03:00,12.8,98,12.4,12.6,0.0,0.0,0.0,0.0,3,1022.8,938.8,84,93,0,0,0.0,0.03,6.4,11.9,308,305,17.6,15.6,17.9,17.2,12.9,0.27,0.245,0.264,0.339,0,0.0,0.0,0.0,0.0,0.0,0.0,0.0,0.0,0.0,0.0,0.0,0.0,0.0
1459,1459,41.01933,-7.7032776,723.0,2018-07-05T04:00,12.6,98,12.4,12.5,0.0,0.0,0.0,0.0,3,1022.7,938.7,84,93,0,0,0.0,0.02,5.5,9.4,328,317,14.8,15.5,17.7,17.2,12.9,0.27,0.245,0.264,0.339,0,0.0,0.0,0.0,0.0,0.0,0.0,0.0,0.0,0.0,0.0,0.0,0.0,0.0
1458,1458,41.01933,-7.7032776,723.0,2018-07-05T05:00,12.2,99,12.0,12.4,0.0,0.0,0.0,0.0,2,1022.7,938.6,56,42,0,59,0.0,0.02,3.0,7.9,346,330,12.6,15.2,17.6,17.2,12.9,0.27,0.245,0.264,0.339,0,0.0,0.0,0.0,0.0,0.0,0.0,0.0,0.0,0.0,0.0,0.0,0.0,0.0
1457,1457,41.01933,-7.7032776,723.0,2018-07-05T06:00,12.7,96,12.1,12.6,0.0,0.0,0.0,0.0,2,1022.8,938.8,60,39,0,82,0.01,0.05,5.2,8.2,326,319,11.9,15.1,17.4,17.2,12.9,0.269,0.245,0.264,0.339,1,275.85,29.0,9.0,20.0,81.9,29.0,86.7,65.3,20.3,45.0,137.4,38.9,195.0
1456,1456,41.01933,-7.7032776,723.0,2018-07-05T07:00,13.6,89,11.8,13.3,0.0,0.0,0.0,0.0,1,1023.4,939.6,40,16,0,86,0.07,0.18,5.8,7.0,330,325,15.5,15.5,17.3,17.2,12.9,0.269,0.245,0.264,0.339,1,3600.0,142.0,64.0,78.0,268.9,142.0,314.9,196.2,88.4,107.8,268.9,196.2,435.1
1455,1455,41.01933,-7.7032776,723.0,2018-07-05T08:00,15.2,79,11.5,14.8,0.0,0.0,0.0,0.0,1,1023.2,939.8,25,7,0,63,0.17,0.37,5.5,6.7,349,344,17.3,16.5,17.2,17.2,12.9,0.268,0.245,0.264,0.339,1,3600.0,327.0,211.0,116.0,504.8,327.0,553.0,395.3,255.1,140.2,504.8,395.3,668.5
1454,1454,41.01933,-7.7032776,723.0,2018-07-05T09:00,16.7,70,11.1,16.2,0.0,0.0,0.0,0.0,1,1023.1,940.2,25,24,0,11,0.29,0.58,5.9,6.6,349,347,18.7,17.9,17.2,17.1,12.9,0.267,0.245,0.264,0.339,1,3600.0,529.0,419.0,110.0,714.0,529.0,776.4,599.1,474.5,124.6,714.0,599.1,879.3
1453,1453,41.01933,-7.7032776,723.0,2018-07-05T10:00,18.4,59,10.4,18.7,0.0,0.0,0.0,0.0,2,1022.9,940.4,70,78,0,0,0.41,0.86,5.0,5.4,360,356,19.1,19.5,17.3,17.1,12.9,0.266,0.245,0.264,0.339,1,3600.0,695.0,556.0,139.0,758.6,695.0,969.8,754.7,603.8,150.9,758.6,754.7,1053.1
1452,1452,41.01933,-7.7032776,723.0,2018-07-05T11:00,19.8,53,10.1,20.4,0.0,0.0,0.0,0.0,3,1022.8,940.7,80,72,0,51,0.47,1.08,5.4,6.1,360,360,19.1,20.9,17.5,17.1,12.9,0.264,0.244,0.264,0.339,1,3600.0,757.0,493.0,264.0,582.4,757.0,1120.0,796.2,518.5,277.7,582.4,796.2,1178.0
1451,1451,41.01933,-7.7032776,723.0,2018-07-05T12:00,19.8,57,10.9,20.1,0.0,0.0,0.0,0.0,3,1023.0,940.9,86,83,0,36,0.48,1.0,9.0,10.8,2,2,22.3,21.8,17.6,17.1,12.9,0.263,0.244,0.264,0.339,1,3600.0,779.0,450.0,329.0,489.3,779.0,1216.8,797.4,460.6,336.8,489.3,797.4,1245.5
1450,1450,41.01933,-7.7032776,723.0,2018-07-05T13:00,20.9,57,12.1,21.6,0.1,0.1,0.0,0.0,51,1022.7,940.9,88,91,1,17,0.52,1.07,10.9,13.6,351,349,28.8,22.8,17.9,17.1,12.9,0.261,0.243,0.264,0.339,1,3600.0,833.0,504.0,329.0,532.0,833.0,1253.6,831.4,503.0,328.4,532.0,831.4,1251.1
1449,1449,41.01933,-7.7032776,723.0,2018-07-05T14:00,20.6,60,12.5,20.4,0.1,0.1,0.0,0.0,51,1022.6,940.7,94,100,0,13,0.45,0.97,12.9,16.4,342,341,32.0,23.1,18.2,17.1,12.9,0.26,0.243,0.264,0.339,1,3600.0,717.0,390.0,327.0,420.3,717.0,1227.8,697.5,379.4,318.1,420.3,697.5,1194.4
1448,1448,41.01933,-7.7032776,723.0,2018-07-05T15:00,20.4,61,12.6,19.7,0.0,0.0,0.0,0.0,3,1022.5,940.6,90,100,0,0,0.37,0.94,11.3,14.2,338,336,32.0,23.1,18.4,17.1,12.9,0.259,0.242,0.264,0.339,1,3600.0,573.0,239.0,334.0,277.1,573.0,1141.3,541.8,226.0,315.8,277.1,541.8,1079.1
1447,1447,41.01933,-7.7032776,723.0,2018-07-05T16:00,20.1,61,12.3,19.2,0.0,0.0,0.0,0.0,3,1021.9,940.0,96,100,0,21,0.29,0.92,11.4,14.8,336,334,27.7,22.8,18.7,17.1,12.9,0.257,0.242,0.264,0.339,1,2923.76,425.0,119.0,306.0,157.5,425.0,999.9,388.1,108.7,279.5,157.5,388.1,913.2
1446,1446,41.01933,-7.7032776,723.0,2018-07-05T17:00,19.8,60,11.9,18.8,0.0,0.0,0.0,0.0,3,1021.9,939.9,92,100,0,8,0.24,0.91,10.8,13.9,323,323,27.0,22.3,18.9,17.1,12.9,0.256,0.242,0.263,0.339,1,3600.0,337.0,145.0,192.0,235.9,337.0,813.3,293.3,126.2,167.1,235.9,293.3,707.9
1445,1445,41.01933,-7.7032776,723.0,2018-07-05T18:00,19.2,64,12.3,18.2,0.0,0.0,0.0,0.0,0,1021.7,939.6,5,1,0,15,0.21,0.8,11.8,15.6,310,308,26.3,21.9,19.0,17.1,12.9,0.255,0.241,0.263,0.339,1,3600.0,312.0,140.0,172.0,311.8,312.0,594.1,250.7,112.5,138.2,311.8,250.7,477.3
1444,1444,41.01933,-7.7032776,723.0,2018-07-05T19:00,18.1,73,13.1,17.2,0.0,0.0,0.0,0.0,0,1021.7,939.3,15,5,0,34,0.12,0.57,12.5,17.8,316,312,28.4,21.2,19.2,17.1,12.9,0.255,0.241,0.263,0.339,1,3600.0,199.0,131.0,68.0,485.2,199.0,357.2,132.0,86.9,45.1,485.2,132.0,236.9
1443,1443,41.01933,-7.7032776,723.0,2018-07-05T20:00,16.3,85,13.8,16.3,0.0,0.0,0.0,0.0,0,1021.9,938.9,20,5,7,36,0.03,0.27,8.1,16.4,328,322,27.0,20.0,19.2,17.1,12.9,0.255,0.241,0.263,0.339,1,1912.8,48.0,21.0,27.0,167.2,48.0,118.9,1.3,0.6,0.8,6.8,1.0,3.3
1442,1442,41.01933,-7.7032776,723.0,2018-07-05T21:00,15.2,94,14.2,15.4,0.0,0.0,0.0,0.0,1,1022.3,939.0,41,44,3,0,0.0,0.11,7.7,16.6,319,318,19.1,18.9,19.2,17.1,12.9,0.254,0.241,0.263,0.339,0,0.0,0.0,0.0,0.0,0.0,0.0,0.0,0.0,0.0,0.0,0.0,0.0,0.0
1441,1441,41.01933,-7.7032776,723.0,2018-07-05T22:00,14.7,97,14.2,15.3,0.0,0.0,0.0,0.0,2,1022.7,939.2,58,59,1,13,0.0,0.05,4.9,12.7,287,295,17.3,18.2,19.1,17.1,12.9,0.254,0.241,0.263,0.339,0,0.0,0.0,0.0,0.0,0.0,0.0,0.0,0.0,0.0,0.0,0.0,0.0,0.0
1440,1440,41.01933,-7.7032776,723.0,2018-07-05T23:00,13.9,99,13.7,14.5,0.0,0.0,0.0,0.0,2,1022.6,938.9,55,59,1,6,0.0,0.02,4.0,11.1,280,299,12.2,17.5,19.0,17.1,12.9,0.254,0.241,0.263,0.338,0,0.0,0.0,0.0,0.0,0.0,0.0,0.0,0.0,0.0,0.0,0.0,0.0,0.0
1439,1439,41.01933,-7.7032776,723.0,2018-07-06T00:00,13.8,98,13.5,14.0,0.0,0.0,0.0,0.0,1,1022.6,938.9,27,22,3,19,0.0,0.03,6.0,9.2,287,312,10.4,17.2,19.0,17.1,12.9,0.251,0.241,0.263,0.338,0,0.0,0.0,0.0,0.0,0.0,0.0,0.0,0.0,0.0,0.0,0.0,0.0,0.0
1438,1438,41.01933,-7.7032776,723.0,2018-07-06T01:00,13.2,99,13.1,13.4,0.0,0.0,0.0,0.0,1,1022.3,938.5,27,22,4,16,0.0,0.01,5.2,7.1,282,319,10.4,16.6,18.8,17.1,12.9,0.251,0.241,0.263,0.338,0,0.0,0.0,0.0,0.0,0.0,0.0,0.0,0.0,0.0,0.0,0.0,0.0,0.0
1437,1437,41.01933,-7.7032776,723.0,2018-07-06T02:00,13.1,100,13.1,13.2,0.0,0.0,0.0,0.0,3,1022.1,938.2,93,95,9,6,0.0,0.0,5.6,7.8,315,338,9.0,16.0,18.6,17.1,13.0,0.251,0.241,0.263,0.338,0,0.0,0.0,0.0,0.0,0.0,0.0,0.0,0.0,0.0,0.0,0.0,0.0,0.0
1436,1436,41.01933,-7.7032776,723.0,2018-07-06T03:00,13.0,99,12.9,13.2,0.0,0.0,0.0,0.0,3,1021.9,938.1,98,100,13,1,0.0,0.01,5.0,7.3,300,340,9.0,15.6,18.4,17.1,13.0,0.251,0.241,0.263,0.338,0,0.0,0.0,0.0,0.0,0.0,0.0,0.0,0.0,0.0,0.0,0.0,0.0,0.0
1435,1435,41.01933,-7.7032776,723.0,2018-07-06T04:00,12.9,100,12.8,13.4,0.0,0.0,0.0,0.0,3,1021.8,937.9,100,100,21,0,0.0,0.0,2.2,6.8,270,342,7.9,15.5,18.2,17.1,13.0,0.251,0.241,0.263,0.338,0,0.0,0.0,0.0,0.0,0.0,0.0,0.0,0.0,0.0,0.0,0.0,0.0,0.0
1434,1434,41.01933,-7.7032776,723.0,2018-07-06T05:00,13.0,99,12.9,13.5,0.0,0.0,0.0,0.0,3,1021.7,937.9,100,100,21,0,0.0,0.01,2.2,5.1,270,4,6.8,15.5,18.1,17.1,13.0,0.251,0.241,0.263,0.338,0,0.0,0.0,0.0,0.0,0.0,0.0,0.0,0.0,0.0,0.0,0.0,0.0,0.0
1433,1433,41.01933,-7.7032776,723.0,2018-07-06T06:00,13.2,98,12.9,13.7,0.0,0.0,0.0,0.0,3,1021.7,937.9,97,100,11,0,0.01,0.02,2.6,4.8,286,13,8.3,15.5,17.9,17.1,13.0,0.251,0.241,0.263,0.338,1,0.0,18.0,3.0,15.0,27.5,18.0,85.6,40.5,6.8,33.8,46.3,24.1,192.9
1432,1432,41.01933,-7.7032776,723.0,2018-07-06T07:00,14.6,94,13.7,15.4,0.0,0.0,0.0,0.0,3,1021.7,938.3,83,86,9,0,0.06,0.09,2.1,4.2,329,31,10.8,16.2,17.8,17.1,13.0,0.251,0.241,0.263,0.338,1,1752.01,121.0,28.0,93.0,118.4,121.0,312.9,167.5,38.8,128.8,118.4,167.5,433.2
1431,1431,41.01933,-7.7032776,723.0,2018-07-06T08:00,16.1,86,13.7,16.4,0.0,0.0,0.0,0.0,0,1021.8,938.8,10,11,1,0,0.14,0.26,5.6,7.3,27,33,16.9,17.2,17.7,17.1,13.0,0.25,0.241,0.263,0.338,1,3600.0,267.0,128.0,139.0,307.3,267.0,551.2,323.0,154.8,168.2,307.3,323.0,666.8
1430,1430,41.01933,-7.7032776,723.0,2018-07-06T09:00,17.7,78,13.9,17.8,0.0,0.0,0.0,0.0,0,1021.6,939.1,16,16,1,5,0.28,0.44,8.2,10.0,29,30,22.7,18.6,17.7,17.1,13.0,0.249,0.241,0.263,0.338,1,3600.0,514.0,386.0,128.0,659.2,514.0,774.8,582.3,437.3,145.0,659.2,582.3,877.8
1429,1429,41.01933,-7.7032776,723.0,2018-07-06T10:00,19.2,70,13.5,19.7,0.0,0.0,0.0,0.0,1,1021.4,939.3,22,18,4,11,0.37,0.67,7.4,9.0,23,23,23.0,20.0,17.8,17.1,13.0,0.248,0.24,0.262,0.338,1,3600.0,633.0,497.0,136.0,679.0,633.0,968.4,687.5,539.8,147.7,679.0,687.5,1051.8
1428,1428,41.01933,-7.7032776,723.0,2018-07-06T11:00,20.6,63,13.4,22.4,0.0,0.0,0.0,0.0,0,1021.2,939.5,20,7,19,6,0.5,0.89,5.9,7.0,11,12,22.0,21.6,18.0,17.1,13.0,0.246,0.24,0.262,0.338,1,3600.0,798.0,633.0,165.0,748.6,798.0,1118.8,839.5,665.9,173.6,748.6,839.5,1176.9
1427,1427,41.01933,-7.7032776,723.0,2018-07-06T12:00,21.9,57,13.0,24.3,0.0,0.0,0.0,0.0,1,1020.9,939.5,40,21,34,1,0.56,1.14,3.8,4.0,73,80,20.5,23.1,18.1,17.1,13.0,0.245,0.24,0.263,0.338,1,3600.0,865.0,711.0,154.0,773.7,865.0,1215.9,885.5,727.9,157.7,773.7,885.5,1244.7
1426,1426,41.01933,-7.7032776,723.0,2018-07-06T13:00,22.9,54,13.1,24.8,0.2,0.2,0.0,0.0,51,1020.3,939.2,33,12,37,1,0.51,1.28,3.0,3.6,76,90,20.9,24.0,18.4,17.1,13.0,0.245,0.239,0.263,0.338,1,3600.0,754.0,551.0,203.0,581.9,754.0,1252.8,752.6,550.0,202.6,581.9,752.6,1250.5
1425,1425,41.01933,-7.7032776,723.0,2018-07-06T14:00,23.5,56,14.1,26.2,0.1,0.1,0.0,0.0,51,1020.0,939.1,57,39,31,11,0.53,1.28,0.7,0.4,360,360,20.5,24.8,18.7,17.1,13.0,0.244,0.239,0.263,0.338,1,3600.0,772.0,538.0,234.0,580.0,772.0,1227.2,751.0,523.4,227.6,580.0,751.0,1193.8
1424,1424,41.01933,-7.7032776,723.0,2018-07-06T15:00,21.0,67,14.7,22.1,1.8,1.8,0.0,0.0,61,1020.6,939.0,31,10,21,31,0.42,0.81,7.9,9.9,317,314,22.7,24.8,19.0,17.1,13.0,0.264,0.238,0.263,0.338,1,3600.0,671.0,479.0,192.0,555.5,671.0,1140.8,634.4,452.9,181.5,555.5,634.4,1078.6
1423,1423,41.01933,-7.7032776,723.0,2018-07-06T16:00,21.4,66,14.8,22.6,0.0,0.0,0.0,0.0,0,1020.3,938.9,19,1,20,21,0.39,0.87,5.3,6.8,332,328,22.7,24.6,19.3,17.1,13.0,0.263,0.238,0.263,0.338,1,3600.0,611.0,440.0,171.0,582.5,611.0,999.5,558.0,401.8,156.2,582.5,558.0,912.7
1422,1422,41.01933,-7.7032776,723.0,2018-07-06T17:00,21.4,68,15.2,21.8,0.0,0.0,0.0,0.0,0,1019.9,938.5,7,1,9,1,0.29,0.82,9.0,11.3,337,333,22.0,24.2,19.6,17.1,13.0,0.262,0.238,0.262,0.338,1,3600.0,454.0,318.0,136.0,517.7,454.0,812.8,395.1,276.8,118.4,517.7,395.1,707.4
1421,1421,41.01933,-7.7032776,723.0,2018-07-06T18:00,20.9,71,15.3,21.0,0.0,0.0,0.0,0.0,0,1019.6,938.1,18,14,7,4,0.23,0.73,11.1,14.2,331,330,25.6,23.7,19.8,17.1,13.0,0.26,0.238,0.262,0.338,1,3600.0,361.0,266.0,95.0,593.0,361.0,593.5,289.9,213.6,76.3,593.0,289.9,476.6
1420,1420,41.01933,-7.7032776,723.0,2018-07-06T19:00,19.8,75,15.2,20.0,0.0,0.0,0.0,0.0,0,1019.6,937.8,13,8,4,10,0.12,0.59,10.6,15.0,336,333,25.6,22.8,20.0,17.1,13.0,0.26,0.238,0.262,0.338,1,3600.0,183.0,116.0,67.0,430.6,183.0,356.5,121.2,76.8,44.4,430.6,121.2,236.1
1419,1419,41.01933,-7.7032776,723.0,2018-07-06T20:00,18.1,84,15.3,18.9,0.0,0.0,0.0,0.0,0,1020.1,937.8,10,5,3,12,0.03,0.34,6.9,14.6,321,320,23.0,21.5,20.0,17.1,13.0,0.26,0.238,0.262,0.338,1,2048.28,47.0,22.0,25.0,175.6,47.0,117.9,0.9,0.4,0.5,4.9,0.6,2.3
1418,1418,41.01933,-7.7032776,723.0,2018-07-06T21:00,16.6,94,15.6,17.8,0.0,0.0,0.0,0.0,0,1020.5,937.7,14,10,1,16,0.0,0.12,4.5,11.7,299,304,15.8,20.3,20.0,17.1,13.0,0.259,0.238,0.262,0.338,0,0.0,0.0,0.0,0.0,0.0,0.0,0.0,0.0,0.0,0.0,0.0,0.0,0.0
1417,1417,41.01933,-7.7032776,723.0,2018-07-06T22:00,15.5,97,15.0,16.2,0.0,0.0,0.0,0.0,1,1020.7,937.6,26,22,0,21,0.0,0.05,6.6,8.9,292,310,11.2,19.3,20.0,17.1,13.0,0.259,0.238,0.262,0.338,0,0.0,0.0,0.0,0.0,0.0,0.0,0.0,0.0,0.0,0.0,0.0,0.0,0.0
1416,1416,41.01933,-7.7032776,723.0,2018-07-06T23:00,15.2,99,15.0,16.0,0.0,0.0,0.0,0.0,1,1020.4,937.3,29,26,0,20,0.0,0.02,5.8,7.0,300,325,10.8,18.5,19.8,17.1,13.0,0.259,0.238,0.262,0.338,0,0.0,0.0,0.0,0.0,0.0,0.0,0.0,0.0,0.0,0.0,0.0,0.0,0.0
1415,1415,41.01933,-7.7032776,723.0,2018-07-07T00:00,15.3,100,15.3,16.3,0.0,0.0,0.0,0.0,1,1020.4,937.3,22,24,0,0,0.0,0.01,5.4,7.6,290,329,9.4,18.2,19.6,17.1,13.0,0.251,0.237,0.262,0.338,0,0.0,0.0,0.0,0.0,0.0,0.0,0.0,0.0,0.0,0.0,0.0,0.0,0.0
1414,1414,41.01933,-7.7032776,723.0,2018-07-07T01:00,14.5,100,14.5,15.3,0.0,0.0,0.0,0.0,2,1020.1,936.8,64,55,25,0,0.0,0.0,4.4,6.0,261,335,8.6,17.5,19.4,17.1,13.0,0.251,0.237,0.262,0.338,0,0.0,0.0,0.0,0.0,0.0,0.0,0.0,0.0,0.0,0.0,0.0,0.0,0.0
1413,1413,41.01933,-7.7032776,723.0,2018-07-07T02:00,14.1,100,14.1,14.9,0.0,0.0,0.0,0.0,1,1019.8,936.4,40,8,35,38,0.0,0.01,3.8,3.7,253,331,7.2,17.1,19.3,17.1,13.0,0.251,0.237,0.262,0.338,0,0.0,0.0,0.0,0.0,0.0,0.0,0.0,0.0,0.0,0.0,0.0,0.0,0.0
1412,1412,41.01933,-7.7032776,723.0,2018-07-07T03:00,14.2,99,14.1,14.9,0.0,0.0,0.0,0.0,1,1019.8,936.5,49,8,50,40,0.0,0.02,4.2,4.7,290,360,6.5,16.8,19.1,17.1,13.0,0.251,0.237,0.262,0.338,0,0.0,0.0,0.0,0.0,0.0,0.0,0.0,0.0,0.0,0.0,0.0,0.0,0.0
1411,1411,41.01933,-7.7032776,723.0,2018-07-07T04:00,14.1,100,14.1,14.7,0.0,0.0,0.0,0.0,3,1019.7,936.3,100,100,20,2,0.0,0.0,4.4,5.8,305,4,8.6,16.6,18.9,17.1,13.0,0.251,0.237,0.262,0.338,0,0.0,0.0,0.0,0.0,0.0,0.0,0.0,0.0,0.0,0.0,0.0,0.0,0.0
1410,1410,41.01933,-7.7032776,723.0,2018-07-07T05:00,14.2,100,14.2,15.2,0.0,0.0,0.0,0.0,3,1019.6,936.3,91,100,1,0,0.0,0.0,2.6,4.4,286,9,7.9,16.4,18.7,17.1,13.0,0.251,0.238,0.262,0.338,0,0.0,0.0,0.0,0.0,0.0,0.0,0.0,0.0,0.0,0.0,0.0,0.0,0.0
1409,1409,41.01933,-7.7032776,723.0,2018-07-07T06:00,14.8,99,14.7,16.1,0.0,0.0,0.0,0.0,3,1019.7,936.5,90,100,0,0,0.01,0.02,1.8,4.5,307,29,6.8,16.5,18.6,17.1,13.0,0.251,0.238,0.262,0.338,1,0.0,23.0,3.0,20.0,27.7,23.0,84.6,51.9,6.8,45.1,46.9,30.6,190.7
1408,1408,41.01933,-7.7032776,723.0,2018-07-07T07:00,15.8,93,14.6,16.9,0.0,0.0,0.0,0.0,1,1020.0,937.1,48,53,0,0,0.06,0.13,2.9,4.2,360,31,11.2,17.1,18.5,17.1,13.0,0.251,0.238,0.262,0.338,1,1648.47,114.0,27.0,87.0,114.9,114.0,310.8,158.2,37.5,120.7,114.9,158.2,431.2
1407,1407,41.01933,-7.7032776,723.0,2018-07-07T08:00,17.2,87,14.9,18.0,0.0,0.0,0.0,0.0,1,1020.0,937.4,23,22,6,0,0.16,0.26,5.2,6.0,25,33,15.5,18.2,18.4,17.1,13.0,0.251,0.237,0.262,0.338,1,3600.0,294.0,162.0,132.0,390.2,294.0,549.3,355.9,196.1,159.8,390.2,355.9,665.0
1406,1406,41.01933,-7.7032776,723.0,2018-07-07T09:00,19.0,77,14.9,19.6,0.0,0.0,0.0,0.0,0,1020.0,937.9,9,7,5,0,0.28,0.5,6.6,8.1,29,32,19.8,19.5,18.4,17.1,13.1,0.25,0.237,0.262,0.338,1,3600.0,492.0,340.0,152.0,581.9,492.0,773.1,557.6,385.4,172.3,581.9,557.6,876.2
1405,1405,41.01933,-7.7032776,723.0,2018-07-07T10:00,20.3,72,15.2,21.7,0.0,0.0,0.0,0.0,0,1019.6,937.9,3,3,1,0,0.38,0.66,5.5,5.8,23,22,20.2,21.0,18.5,17.1,13.1,0.248,0.237,0.262,0.338,1,3600.0,627.0,479.0,148.0,655.4,627.0,966.9,681.2,520.4,160.8,655.4,681.2,1050.5
1404,1404,41.01933,-7.7032776,723.0,2018-07-07T11:00,22.0,66,15.3,25.0,0.0,0.0,0.0,0.0,0,1019.3,938.1,3,2,1,1,0.53,0.91,4.2,4.3,20,24,18.7,22.7,18.7,17.1,13.1,0.246,0.236,0.262,0.338,1,3600.0,826.0,695.0,131.0,822.8,826.0,1117.6,869.0,731.2,137.8,822.8,869.0,1175.9
1403,1403,41.01933,-7.7032776,723.0,2018-07-07T12:00,23.7,63,16.2,27.6,0.0,0.0,0.0,0.0,0,1018.8,938.1,15,9,9,5,0.61,1.09,3.6,4.0,360,355,22.3,24.3,18.9,17.1,13.1,0.244,0.235,0.262,0.338,1,3600.0,912.0,782.0,130.0,851.7,912.0,1214.9,933.7,800.6,133.1,851.7,933.7,1243.9
1402,1402,41.01933,-7.7032776,723.0,2018-07-07T13:00,24.7,62,16.9,28.5,0.0,0.0,0.0,0.0,3,1018.3,937.9,100,100,14,9,0.61,1.19,5.4,5.8,4,360,27.0,25.6,19.2,17.1,13.1,0.242,0.235,0.262,0.338,1,3600.0,897.0,734.0,163.0,775.7,897.0,1252.1,895.4,732.7,162.7,775.7,895.4,1249.8
1401,1401,41.01933,-7.7032776,723.0,2018-07-07T14:00,22.7,67,16.2,24.0,1.7,1.7,0.0,0.0,61,1018.5,937.5,75,41,26,76,0.42,0.92,8.7,10.4,300,304,27.0,25.7,19.6,17.1,13.1,0.259,0.234,0.261,0.338,1,3600.0,632.0,270.0,362.0,291.2,632.0,1226.6,614.8,262.7,352.2,291.2,614.8,1193.3
1400,1400,41.01933,-7.7032776,723.0,2018-07-07T15:00,22.8,65,16.0,24.2,0.0,0.0,0.0,0.0,0,1018.3,937.4,12,0,20,0,0.34,0.96,4.0,5.1,265,266,26.3,25.0,19.9,17.1,13.1,0.259,0.234,0.261,0.338,1,3600.0,492.0,231.0,261.0,268.0,492.0,1140.3,465.2,218.4,246.8,268.0,465.2,1078.1
1399,1399,41.01933,-7.7032776,723.0,2018-07-07T16:00,23.4,65,16.4,24.8,0.0,0.0,0.0,0.0,1,1018.0,937.2,28,11,31,0,0.43,1.0,9.1,11.3,326,323,24.8,25.4,20.1,17.2,13.1,0.257,0.234,0.261,0.338,1,3600.0,649.0,511.0,138.0,676.8,649.0,998.9,592.6,466.6,126.0,676.8,592.6,912.2
1398,1398,41.01933,-7.7032776,723.0,2018-07-07T17:00,22.7,69,16.6,23.4,0.0,0.0,0.0,0.0,1,1017.9,937.0,35,19,30,0,0.29,0.86,11.0,14.3,322,321,25.9,25.0,20.4,17.2,13.1,0.256,0.233,0.261,0.338,1,3600.0,428.0,304.0,124.0,495.2,428.0,812.2,372.4,264.5,107.9,495.2,372.4,706.7
1397,1397,41.01933,-7.7032776,723.0,2018-07-07T18:00,21.9,71,16.5,22.5,0.3,0.3,0.0,0.0,51,1018.2,937.1,49,35,29,0,0.2,0.76,11.6,15.6,330,331,26.6,24.3,20.6,17.2,13.1,0.257,0.233,0.261,0.338,1,3600.0,297.0,205.0,92.0,457.6,297.0,592.8,238.4,164.6,73.9,457.6,238.4,475.8
1396,1396,41.01933,-7.7032776,723.0,2018-07-07T19:00,20.8,80,17.2,21.9,0.1,0.1,0.0,0.0,51,1018.7,937.2,22,10,21,0,0.1,0.49,10.0,14.0,319,318,25.9,23.4,20.7,17.2,13.1,0.257,0.233,0.261,0.338,1,3600.0,145.0,82.0,63.0,305.1,145.0,355.6,95.9,54.2,41.7,305.1,95.9,235.1
1395,1395,41.01933,-7.7032776,723.0,2018-07-07T20:00,19.2,88,17.3,21.1,0.1,0.1,0.0,0.0,51,1018.7,936.8,18,7,19,0,0.02,0.26,4.8,10.9,312,314,21.6,22.3,20.7,17.2,13.1,0.257,0.233,0.261,0.338,1,1618.76,42.0,19.0,23.0,152.1,42.0,116.9,0.4,0.2,0.2,2.0,0.3,1.1
1394,1394,41.01933,-7.7032776,723.0,2018-07-07T21:00,17.8,95,17.0,19.5,0.0,0.0,0.0,0.0,0,1019.2,936.9,14,5,16,0,0.0,0.09,5.0,9.5,300,335,11.5,21.2,20.7,17.2,13.1,0.257,0.233,0.261,0.338,0,0.0,0.0,0.0,0.0,0.0,0.0,0.0,0.0,0.0,0.0,0.0,0.0,0.0
1393,1393,41.01933,-7.7032776,723.0,2018-07-07T22:00,17.0,97,16.5,18.4,0.0,0.0,0.0,0.0,0,1019.2,936.7,19,13,12,0,0.0,0.06,5.9,9.6,317,347,13.0,20.2,20.7,17.2,13.1,0.257,0.233,0.261,0.338,0,0.0,0.0,0.0,0.0,0.0,0.0,0.0,0.0,0.0,0.0,0.0,0.0,0.0
1392,1392,41.01933,-7.7032776,723.0,2018-07-07T23:00,17.9,92,16.6,19.8,0.0,0.0,0.0,0.0,0,1019.0,936.7,1,1,0,0,0.0,0.16,2.6,7.3,236,11,13.3,19.5,20.6,17.2,13.1,0.257,0.233,0.261,0.338,0,0.0,0.0,0.0,0.0,0.0,0.0,0.0,0.0,0.0,0.0,0.0,0.0,0.0
1391,1391,41.01933,-7.7032776,723.0,2018-07-08T00:00,17.8,96,17.1,19.9,0.0,0.0,0.0,0.0,0,1019.3,937.0,2,2,1,0,0.0,0.09,2.2,5.0,261,21,7.9,18.8,20.4,17.2,13.1,0.25,0.233,0.261,0.338,0,0.0,0.0,0.0,0.0,0.0,0.0,0.0,0.0,0.0,0.0,0.0,0.0,0.0
1390,1390,41.01933,-7.7032776,723.0,2018-07-08T01:00,17.4,97,16.9,19.4,0.0,0.0,0.0,0.0,0,1019.1,936.7,1,1,0,0,0.0,0.07,3.1,6.1,291,28,8.6,18.2,20.3,17.2,13.1,0.25,0.233,0.261,0.338,0,0.0,0.0,0.0,0.0,0.0,0.0,0.0,0.0,0.0,0.0,0.0,0.0,0.0
1389,1389,41.01933,-7.7032776,723.0,2018-07-08T02:00,17.0,98,16.6,18.8,0.0,0.0,0.0,0.0,0,1018.8,936.3,0,0,0,0,0.0,0.04,3.1,7.9,315,43,9.4,17.6,20.1,17.2,13.1,0.25,0.233,0.261,0.338,0,0.0,0.0,0.0,0.0,0.0,0.0,0.0,0.0,0.0,0.0,0.0,0.0,0.0
1388,1388,41.01933,-7.7032776,723.0,2018-07-08T03:00,16.6,100,16.6,18.3,0.0,0.0,0.0,0.0,1,1018.7,936.1,25,28,0,0,0.0,0.0,4.1,9.2,345,48,11.2,17.1,19.9,17.3,13.1,0.25,0.233,0.261,0.338,0,0.0,0.0,0.0,0.0,0.0,0.0,0.0,0.0,0.0,0.0,0.0,0.0,0.0
1387,1387,41.01933,-7.7032776,723.0,2018-07-08T04:00,16.2,99,16.1,17.8,0.0,0.0,0.0,0.0,3,1018.6,935.9,85,94,0,0,0.0,0.02,3.7,9.2,299,48,11.2,16.7,19.6,17.3,13.1,0.25,0.233,0.261,0.338,0,0.0,0.0,0.0,0.0,0.0,0.0,0.0,0.0,0.0,0.0,0.0,0.0,0.0
1386,1386,41.01933,-7.7032776,723.0,2018-07-08T05:00,15.4,100,15.4,16.7,0.0,0.0,0.0,0.0,3,1018.8,935.9,90,100,0,0,0.0,0.0,3.9,8.7,236,52,10.4,16.5,19.4,17.3,13.1,0.25,0.233,0.261,0.338,0,0.0,0.0,0.0,0.0,0.0,0.0,0.0,0.0,0.0,0.0,0.0,0.0,0.0
1385,1385,41.01933,-7.7032776,723.0,2018-07-08T06:00,15.5,97,15.1,16.7,0.0,0.0,0.0,0.0,2,1019.1,936.2,78,87,0,0,0.01,0.04,3.2,9.3,180,62,10.8,16.5,19.2,17.3,13.1,0.25,0.233,0.261,0.338,1,0.0,23.0,3.0,20.0,27.9,23.0,83.5,51.9,6.8,45.2,47.6,30.5,188.4
1384,1384,41.01933,-7.7032776,723.0,2018-07-08T07:00,17.3,92,16.0,18.8,0.0,0.0,0.0,0.0,0,1019.3,936.8,3,3,0,0,0.07,0.16,3.8,8.7,41,60,13.0,17.4,19.0,17.3,13.1,0.25,0.233,0.261,0.338,1,3600.0,148.0,67.0,81.0,287.3,148.0,308.6,205.8,93.2,112.6,287.3,205.8,429.1
1383,1383,41.01933,-7.7032776,723.0,2018-07-08T08:00,19.0,84,16.2,20.1,0.0,0.0,0.0,0.0,0,1019.7,937.7,2,2,0,0,0.19,0.36,7.3,9.2,33,39,19.4,18.7,19.0,17.3,13.1,0.249,0.233,0.261,0.338,1,3600.0,346.0,258.0,88.0,623.7,346.0,547.3,419.2,312.6,106.6,623.7,419.2,663.1
1382,1382,41.01933,-7.7032776,723.0,2018-07-08T09:00,20.7,78,16.7,21.7,0.0,0.0,0.0,0.0,0,1019.8,938.2,0,0,0,0,0.31,0.53,9.1,11.4,34,35,24.1,20.3,19.0,17.3,13.1,0.248,0.233,0.261,0.338,1,3600.0,535.0,431.0,104.0,739.3,535.0,771.3,606.6,488.7,117.9,739.3,606.6,874.6
1381,1381,41.01933,-7.7032776,723.0,2018-07-08T10:00,22.6,70,17.0,24.6,0.0,0.0,0.0,0.0,0,1019.8,938.7,0,0,0,0,0.44,0.81,9.6,12.1,34,37,25.6,22.0,19.1,17.3,13.1,0.246,0.232,0.26,0.338,1,3600.0,706.0,593.0,113.0,812.7,706.0,965.5,767.2,644.4,122.8,812.7,767.2,1049.1
1380,1380,41.01933,-7.7032776,723.0,2018-07-08T11:00,24.3,63,16.9,26.9,0.0,0.0,0.0,0.0,0,1019.6,939.0,0,0,0,0,0.55,1.11,9.7,12.2,31,34,26.3,23.6,19.3,17.3,13.1,0.244,0.232,0.26,0.338,1,3600.0,837.0,718.0,119.0,851.0,837.0,1116.4,880.8,755.5,125.2,851.0,880.8,1174.8
1379,1379,41.01933,-7.7032776,723.0,2018-07-08T12:00,24.8,57,15.8,28.4,0.1,0.1,0.0,0.0,51,1019.2,938.7,46,7,66,0,0.62,1.34,4.2,5.2,59,65,26.6,24.9,19.4,17.3,13.1,0.243,0.231,0.26,0.338,1,3600.0,903.0,769.0,134.0,838.2,903.0,1213.9,924.6,787.4,137.2,838.2,924.6,1242.9
1378,1378,41.01933,-7.7032776,723.0,2018-07-08T13:00,25.6,53,15.3,27.8,0.0,0.0,0.0,0.0,1,1018.8,938.6,35,4,52,0,0.49,1.54,3.4,3.9,58,68,15.5,25.6,19.7,17.3,13.1,0.242,0.23,0.26,0.338,1,3600.0,692.0,431.0,261.0,455.8,692.0,1251.2,690.8,430.2,260.5,455.8,690.8,1249.0
1377,1377,41.01933,-7.7032776,723.0,2018-07-08T14:00,26.3,48,14.5,28.2,0.0,0.0,0.0,0.0,1,1018.4,938.4,30,1,48,0,0.49,1.78,2.9,2.6,30,34,15.1,26.2,20.0,17.3,13.1,0.24,0.23,0.26,0.338,1,3600.0,682.0,471.0,211.0,508.3,682.0,1225.9,663.5,458.2,205.3,508.3,663.5,1192.6
1376,1376,41.01933,-7.7032776,723.0,2018-07-08T15:00,26.7,46,14.1,28.3,0.0,0.0,0.0,0.0,1,1018.3,938.4,23,1,37,0,0.48,1.89,3.3,4.0,354,355,14.0,26.7,20.3,17.3,13.2,0.238,0.229,0.26,0.338,1,3600.0,663.0,458.0,205.0,531.7,663.0,1139.7,626.8,433.0,193.8,531.7,626.8,1077.5
1375,1375,41.01933,-7.7032776,723.0,2018-07-08T16:00,26.0,50,14.9,26.5,0.0,0.0,0.0,0.0,1,1018.5,938.4,32,13,33,0,0.41,1.67,7.6,9.5,329,331,19.8,26.7,20.6,17.3,13.2,0.236,0.229,0.259,0.338,1,3600.0,547.0,404.0,143.0,535.4,547.0,998.3,499.5,368.9,130.6,535.4,499.5,911.6
1374,1374,41.01933,-7.7032776,723.0,2018-07-08T17:00,25.3,57,16.2,25.9,0.1,0.1,0.0,0.0,51,1018.7,938.4,61,34,51,0,0.34,1.38,10.3,13.7,331,330,24.1,26.4,20.9,17.3,13.2,0.235,0.228,0.259,0.338,1,3600.0,453.0,313.0,140.0,510.3,453.0,811.5,394.1,272.3,121.8,510.3,394.1,706.0
1373,1373,41.01933,-7.7032776,723.0,2018-07-08T18:00,24.0,68,17.8,24.8,0.0,0.0,0.0,0.0,1,1018.6,938.0,22,0,37,0,0.21,0.94,13.4,18.7,324,322,29.9,25.6,21.1,17.3,13.2,0.234,0.228,0.259,0.338,1,3600.0,267.0,169.0,98.0,377.7,267.0,592.0,214.2,135.6,78.6,377.7,214.2,475.0
1372,1372,41.01933,-7.7032776,723.0,2018-07-08T19:00,23.2,74,18.4,24.9,0.0,0.0,0.0,0.0,0,1018.9,938.0,10,0,16,0,0.12,0.73,9.7,15.1,321,320,29.5,24.7,21.3,17.3,13.2,0.234,0.228,0.259,0.338,1,3600.0,156.0,94.0,62.0,350.7,156.0,354.6,103.0,62.0,40.9,350.7,103.0,234.1
1371,1371,41.01933,-7.7032776,723.0,2018-07-08T20:00,21.1,88,19.0,23.7,0.0,0.0,0.0,0.0,0,1019.2,937.8,3,0,5,0,0.02,0.31,5.1,13.5,315,316,21.2,23.6,21.4,17.3,13.2,0.234,0.228,0.259,0.338,1,1892.82,44.0,21.0,23.0,168.6,44.0,115.7,0.0,0.0,0.0,0.0,0.0,0.0
1370,1370,41.01933,-7.7032776,723.0,2018-07-08T21:00,19.5,94,18.5,21.7,0.0,0.0,0.0,0.0,0,1019.9,938.0,4,2,4,0,0.0,0.14,6.3,9.1,294,326,13.0,22.3,21.4,17.3,13.2,0.234,0.228,0.259,0.338,0,0.0,0.0,0.0,0.0,0.0,0.0,0.0,0.0,0.0,0.0,0.0,0.0,0.0
1369,1369,41.01933,-7.7032776,723.0,2018-07-08T22:00,19.1,94,18.0,21.1,0.0,0.0,0.0,0.0,0,1020.2,938.1,2,1,2,0,0.0,0.14,6.2,10.0,280,345,12.6,21.3,21.3,17.4,13.2,0.234,0.228,0.259,0.338,0,0.0,0.0,0.0,0.0,0.0,0.0,0.0,0.0,0.0,0.0,0.0,0.0,0.0
1368,1368,41.01933,-7.7032776,723.0,2018-07-08T23:00,20.9,85,18.3,23.3,0.0,0.0,0.0,0.0,0,1020.2,938.6,1,0,1,0,0.0,0.36,4.3,8.5,294,12,12.2,20.5,21.2,17.4,13.2,0.234,0.228,0.259,0.338,0,0.0,0.0,0.0,0.0,0.0,0.0,0.0,0.0,0.0,0.0,0.0,0.0,0.0
1367,1367,41.01933,-7.7032776,723.0,2018-07-09T00:00,20.4,89,18.5,23.0,0.0,0.0,0.0,0.0,0,1020.6,938.9,1,0,2,0,0.0,0.26,3.7,6.4,281,16,10.8,20.3,21.2,17.4,13.2,0.234,0.227,0.259,0.338,0,0.0,0.0,0.0,0.0,0.0,0.0,0.0,0.0,0.0,0.0,0.0,0.0,0.0
1366,1366,41.01933,-7.7032776,723.0,2018-07-09T01:00,20.2,87,18.0,22.9,0.0,0.0,0.0,0.0,0,1020.3,938.5,1,0,1,0,0.0,0.3,1.5,5.4,284,42,9.4,19.6,21.0,17.4,13.2,0.234,0.227,0.259,0.338,0,0.0,0.0,0.0,0.0,0.0,0.0,0.0,0.0,0.0,0.0,0.0,0.0,0.0
1365,1365,41.01933,-7.7032776,723.0,2018-07-09T02:00,19.6,89,17.7,22.0,0.0,0.0,0.0,0.0,0,1020.4,938.5,0,0,0,0,0.0,0.25,2.1,7.4,329,47,9.0,19.0,20.9,17.4,13.2,0.234,0.227,0.259,0.338,0,0.0,0.0,0.0,0.0,0.0,0.0,0.0,0.0,0.0,0.0,0.0,0.0,0.0
1364,1364,41.01933,-7.7032776,723.0,2018-07-09T03:00,18.8,93,17.6,21.1,0.0,0.0,0.0,0.0,0,1020.4,938.2,0,0,0,0,0.0,0.16,2.4,7.6,297,45,8.6,18.4,20.7,17.4,13.2,0.234,0.227,0.259,0.338,0,0.0,0.0,0.0,0.0,0.0,0.0,0.0,0.0,0.0,0.0,0.0,0.0,0.0
1363,1363,41.01933,-7.7032776,723.0,2018-07-09T04:00,18.1,96,17.5,20.1,0.0,0.0,0.0,0.0,0,1020.6,938.3,3,3,0,0,0.0,0.08,4.6,10.5,51,52,11.9,17.9,20.5,17.4,13.2,0.234,0.227,0.259,0.338,0,0.0,0.0,0.0,0.0,0.0,0.0,0.0,0.0,0.0,0.0,0.0,0.0,0.0
1362,1362,41.01933,-7.7032776,723.0,2018-07-09T05:00,17.9,95,17.1,19.4,0.0,0.0,0.0,0.0,0,1020.9,938.5,3,3,0,0,0.0,0.1,6.9,12.9,62,60,15.1,17.5,20.3,17.4,13.2,0.234,0.227,0.259,0.338,0,0.0,0.0,0.0,0.0,0.0,0.0,0.0,0.0,0.0,0.0,0.0,0.0,0.0
1361,1361,41.01933,-7.7032776,723.0,2018-07-09T06:00,17.6,94,16.6,19.3,0.0,0.0,0.0,0.0,0,1021.0,938.5,1,1,0,0,0.01,0.12,4.0,13.4,63,66,16.2,17.5,20.1,17.4,13.2,0.234,0.227,0.259,0.338,1,600.67,29.0,12.0,17.0,112.7,29.0,82.3,65.6,27.1,38.4,192.9,38.3,186.1
1360,1360,41.01933,-7.7032776,723.0,2018-07-09T07:00,19.2,85,16.6,20.2,0.0,0.0,0.0,0.0,0,1021.3,939.2,0,0,0,0,0.09,0.34,8.7,12.6,52,59,20.2,18.4,19.9,17.4,13.2,0.234,0.227,0.259,0.338,1,3600.0,165.0,107.0,58.0,462.2,165.0,306.3,230.0,149.1,80.8,462.2,230.0,426.9
1359,1359,41.01933,-7.7032776,723.0,2018-07-09T08:00,20.6,79,16.9,21.4,0.0,0.0,0.0,0.0,0,1021.1,939.4,0,0,0,0,0.2,0.5,10.7,14.4,50,53,26.3,19.7,19.8,17.4,13.2,0.233,0.227,0.259,0.338,1,3600.0,349.0,266.0,83.0,645.5,349.0,545.2,423.2,322.6,100.7,645.5,423.2,661.2
1358,1358,41.01933,-7.7032776,723.0,2018-07-09T09:00,22.2,72,16.9,23.0,0.0,0.0,0.0,0.0,0,1020.9,939.6,0,0,0,0,0.33,0.74,11.0,14.3,49,51,28.1,21.2,19.8,17.4,13.2,0.232,0.227,0.259,0.338,1,3600.0,536.0,436.0,100.0,749.7,536.0,769.5,608.0,494.6,113.4,749.7,608.0,872.9
1357,1357,41.01933,-7.7032776,723.0,2018-07-09T10:00,23.9,65,16.8,25.5,0.0,0.0,0.0,0.0,0,1020.7,939.9,0,0,0,0,0.46,1.04,11.0,14.1,49,50,28.4,22.8,19.9,17.5,13.2,0.231,0.226,0.259,0.338,1,3600.0,704.0,594.0,110.0,815.4,704.0,963.9,765.2,645.6,119.6,815.4,765.2,1047.7
1356,1356,41.01933,-7.7032776,723.0,2018-07-09T11:00,25.4,59,16.7,27.8,0.0,0.0,0.0,0.0,0,1020.3,939.9,0,0,0,0,0.57,1.33,10.7,13.8,48,49,28.8,24.4,20.1,17.5,13.2,0.229,0.226,0.259,0.338,1,3600.0,838.0,720.0,118.0,854.3,838.0,1115.1,881.9,757.8,124.2,854.3,881.9,1173.6
1355,1355,41.01933,-7.7032776,723.0,2018-07-09T12:00,26.5,53,16.2,29.6,0.0,0.0,0.0,0.0,0,1020.0,939.9,2,0,4,0,0.64,1.63,8.7,10.7,48,50,28.4,25.9,20.3,17.5,13.2,0.227,0.225,0.258,0.338,1,3600.0,924.0,801.0,123.0,873.9,924.0,1212.8,946.2,820.3,126.0,873.9,946.2,1242.0
1354,1354,41.01933,-7.7032776,723.0,2018-07-09T13:00,27.5,47,15.2,30.2,0.0,0.0,0.0,0.0,0,1019.5,939.7,17,0,28,0,0.66,1.94,8.0,10.0,36,41,24.1,27.1,20.6,17.5,13.2,0.224,0.225,0.258,0.337,1,3600.0,920.0,782.0,138.0,827.5,920.0,1250.4,918.4,780.7,137.8,827.5,918.4,1248.3
1353,1353,41.01933,-7.7032776,723.0,2018-07-09T14:00,27.9,44,14.5,29.7,0.0,0.0,0.0,0.0,0,1018.9,939.2,13,0,22,0,0.61,2.1,8.7,10.2,17,18,23.0,27.7,20.9,17.5,13.2,0.222,0.224,0.258,0.337,1,3600.0,830.0,640.0,190.0,691.2,830.0,1225.2,807.5,622.6,184.8,691.2,807.5,1191.9
1352,1352,41.01933,-7.7032776,723.0,2018-07-09T15:00,28.1,43,14.2,29.2,0.0,0.0,0.0,0.0,0,1018.4,938.8,14,0,24,0,0.57,2.17,9.7,11.9,2,5,24.8,28.1,21.2,17.5,13.2,0.22,0.223,0.257,0.337,1,3600.0,757.0,610.0,147.0,708.6,757.0,1139.0,715.7,576.7,139.0,708.6,715.7,1076.9
1351,1351,41.01933,-7.7032776,723.0,2018-07-09T16:00,28.0,42,14.0,28.2,0.0,0.0,0.0,0.0,0,1018.3,938.7,19,0,32,0,0.51,2.17,11.5,14.4,356,357,27.0,28.1,21.5,17.5,13.2,0.218,0.223,0.257,0.337,1,3600.0,656.0,515.0,141.0,683.0,656.0,997.7,598.9,470.2,128.7,683.0,598.9,910.9
1350,1350,41.01933,-7.7032776,723.0,2018-07-09T17:00,26.7,51,15.7,26.4,0.0,0.0,0.0,0.0,1,1018.5,938.6,22,0,36,0,0.39,1.71,14.8,19.9,326,325,32.0,27.7,21.8,17.5,13.2,0.217,0.222,0.257,0.337,1,3600.0,485.0,367.0,118.0,598.9,485.0,810.8,421.9,319.2,102.6,598.9,421.9,705.2
1349,1349,41.01933,-7.7032776,723.0,2018-07-09T18:00,25.4,60,17.0,25.8,0.0,0.0,0.0,0.0,0,1018.4,938.1,10,0,16,0,0.26,1.31,13.9,19.5,323,322,34.2,26.9,22.1,17.5,13.2,0.216,0.222,0.257,0.337,1,3600.0,324.0,218.0,106.0,488.0,324.0,591.1,259.8,174.8,85.0,488.0,259.8,474.0
1348,1348,41.01933,-7.7032776,723.0,2018-07-09T19:00,24.4,69,18.3,25.8,0.0,0.0,0.0,0.0,0,1018.4,937.9,4,0,6,0,0.15,0.94,11.2,17.8,318,318,30.2,25.9,22.2,17.5,13.2,0.215,0.222,0.257,0.337,1,3600.0,188.0,121.0,67.0,452.8,188.0,353.6,123.8,79.7,44.1,452.8,123.8,232.9
1347,1347,41.01933,-7.7032776,723.0,2018-07-09T20:00,22.1,83,19.1,24.6,0.0,0.0,0.0,0.0,0,1018.8,937.7,1,0,1,0,0.03,0.46,6.4,17.1,308,314,25.2,24.7,22.3,17.6,13.2,0.215,0.222,0.257,0.337,1,2070.2,48.0,24.0,24.0,193.4,48.0,114.4,0.0,0.0,0.0,0.0,0.0,0.0
1346,1346,41.01933,-7.7032776,723.0,2018-07-09T21:00,20.6,91,19.1,23.0,0.0,0.0,0.0,0.0,0,1019.2,937.6,0,0,0,0,0.0,0.22,7.1,13.6,300,320,17.3,23.4,22.3,17.6,13.3,0.215,0.222,0.257,0.337,0,0.0,0.0,0.0,0.0,0.0,0.0,0.0,0.0,0.0,0.0,0.0,0.0,0.0
1345,1345,41.01933,-7.7032776,723.0,2018-07-09T22:00,19.6,93,18.4,21.5,0.0,0.0,0.0,0.0,0,1019.4,937.6,0,0,0,0,0.0,0.16,8.4,13.4,310,340,16.2,22.3,22.3,17.6,13.3,0.215,0.222,0.257,0.337,0,0.0,0.0,0.0,0.0,0.0,0.0,0.0,0.0,0.0,0.0,0.0,0.0,0.0
1344,1344,41.01933,-7.7032776,723.0,2018-07-09T23:00,20.2,88,18.2,22.3,0.0,0.0,0.0,0.0,0,1019.3,937.6,0,0,0,0,0.0,0.28,6.6,11.2,299,354,16.6,21.4,22.1,17.6,13.3,0.215,0.222,0.257,0.337,0,0.0,0.0,0.0,0.0,0.0,0.0,0.0,0.0,0.0,0.0,0.0,0.0,0.0
1343,1343,41.01933,-7.7032776,723.0,2018-07-10T00:00,18.9,95,18.2,21.1,0.0,0.0,0.0,0.0,0,1019.4,937.4,9,9,2,0,0.0,0.1,5.2,5.4,245,323,13.3,21.6,22.1,17.6,13.3,0.213,0.221,0.258,0.337,0,0.0,0.0,0.0,0.0,0.0,0.0,0.0,0.0,0.0,0.0,0.0,0.0,0.0
1342,1342,41.01933,-7.7032776,723.0,2018-07-10T01:00,19.8,90,18.2,22.2,0.0,0.0,0.0,0.0,0,1019.4,937.6,2,0,3,0,0.0,0.23,4.4,5.8,279,356,9.7,20.8,22.0,17.6,13.3,0.213,0.221,0.258,0.337,0,0.0,0.0,0.0,0.0,0.0,0.0,0.0,0.0,0.0,0.0,0.0,0.0,0.0
1341,1341,41.01933,-7.7032776,723.0,2018-07-10T02:00,20.2,86,17.7,22.3,0.0,0.0,0.0,0.0,0,1019.5,937.8,6,1,8,0,0.0,0.34,4.5,9.7,331,27,12.2,20.2,21.8,17.6,13.3,0.213,0.221,0.258,0.337,0,0.0,0.0,0.0,0.0,0.0,0.0,0.0,0.0,0.0,0.0,0.0,0.0,0.0
1340,1340,41.01933,-7.7032776,723.0,2018-07-10T03:00,19.4,89,17.6,21.6,0.0,0.0,0.0,0.0,0,1019.4,937.5,3,1,3,0,0.0,0.24,4.1,7.7,315,28,11.9,19.6,21.6,17.7,13.3,0.213,0.221,0.258,0.337,0,0.0,0.0,0.0,0.0,0.0,0.0,0.0,0.0,0.0,0.0,0.0,0.0,0.0
1339,1339,41.01933,-7.7032776,723.0,2018-07-10T04:00,18.7,92,17.3,20.8,0.0,0.0,0.0,0.0,0,1019.5,937.4,3,2,2,0,0.0,0.18,3.1,7.7,306,37,10.4,19.0,21.4,17.7,13.3,0.213,0.221,0.258,0.337,0,0.0,0.0,0.0,0.0,0.0,0.0,0.0,0.0,0.0,0.0,0.0,0.0,0.0
1338,1338,41.01933,-7.7032776,723.0,2018-07-10T05:00,18.3,91,16.8,20.3,0.0,0.0,0.0,0.0,0,1019.5,937.3,2,1,1,0,0.0,0.18,2.7,7.6,293,45,9.4,18.5,21.2,17.7,13.3,0.213,0.221,0.258,0.337,0,0.0,0.0,0.0,0.0,0.0,0.0,0.0,0.0,0.0,0.0,0.0,0.0,0.0
1337,1337,41.01933,-7.7032776,723.0,2018-07-10T06:00,18.0,92,16.7,19.7,0.0,0.0,0.0,0.0,0,1019.5,937.2,2,1,1,0,0.01,0.16,4.3,8.9,355,50,10.8,18.4,21.0,17.7,13.3,0.213,0.221,0.258,0.337,1,594.5,28.0,12.0,16.0,113.6,28.0,81.1,63.4,27.2,36.2,195.8,36.8,183.6
1336,1336,41.01933,-7.7032776,723.0,2018-07-10T07:00,19.5,77,15.3,20.3,0.0,0.0,0.0,0.0,0,1019.6,937.7,0,0,0,0,0.09,0.53,6.4,9.7,38,51,15.8,19.2,20.8,17.7,13.3,0.213,0.221,0.258,0.337,1,3600.0,165.0,107.0,58.0,465.8,165.0,303.9,230.5,149.5,81.0,465.8,230.5,424.7
1335,1335,41.01933,-7.7032776,723.0,2018-07-10T08:00,20.7,68,14.7,21.0,0.0,0.0,0.0,0.0,0,1019.6,938.0,0,0,0,0,0.22,0.77,8.7,11.8,48,52,22.3,20.4,20.7,17.7,13.3,0.212,0.221,0.258,0.337,1,3600.0,350.0,268.0,82.0,652.9,350.0,543.1,424.8,325.3,99.5,652.9,424.8,659.2
1334,1334,41.01933,-7.7032776,723.0,2018-07-10T09:00,22.4,61,14.4,22.5,0.0,0.0,0.0,0.0,0,1019.2,938.1,0,0,0,0,0.35,1.06,8.9,11.8,50,52,23.8,21.8,20.7,17.7,13.3,0.211,0.221,0.258,0.337,1,3600.0,538.0,440.0,98.0,758.4,538.0,767.7,610.6,499.3,111.2,758.4,610.6,871.2
1333,1333,41.01933,-7.7032776,723.0,2018-07-10T10:00,24.1,55,14.4,25.1,0.0,0.0,0.0,0.0,0,1018.7,938.1,0,0,0,0,0.47,1.36,9.3,11.7,54,56,24.8,23.5,20.8,17.7,13.3,0.21,0.22,0.258,0.337,1,3600.0,707.0,598.0,109.0,822.3,707.0,962.3,768.7,650.2,118.5,822.3,768.7,1046.3
1332,1332,41.01933,-7.7032776,723.0,2018-07-10T11:00,25.7,50,14.5,27.7,0.0,0.0,0.0,0.0,0,1018.2,938.0,0,0,0,0,0.58,1.66,8.4,10.3,59,61,24.8,25.1,20.9,17.7,13.3,0.208,0.219,0.257,0.337,1,3600.0,842.0,725.0,117.0,861.3,842.0,1113.8,886.3,763.1,123.2,861.3,886.3,1172.4
1331,1331,41.01933,-7.7032776,723.0,2018-07-10T12:00,26.8,48,14.8,29.9,0.0,0.0,0.0,0.0,0,1018.2,938.3,8,1,11,0,0.65,1.84,5.4,5.9,48,52,23.8,26.5,20.9,17.7,13.3,0.207,0.219,0.258,0.337,1,3600.0,928.0,807.0,121.0,881.3,928.0,1211.7,950.4,826.5,123.9,881.3,950.4,1241.0
1330,1330,41.01933,-7.7032776,723.0,2018-07-10T13:00,27.8,44,14.4,31.1,0.0,0.0,0.0,0.0,1,1017.5,937.9,33,0,55,0,0.65,2.09,3.4,3.5,18,24,18.0,27.8,21.2,17.7,13.3,0.205,0.219,0.258,0.337,1,3600.0,910.0,771.0,139.0,816.5,910.0,1249.5,908.5,769.7,138.8,816.5,908.5,1247.4
1329,1329,41.01933,-7.7032776,723.0,2018-07-10T14:00,27.8,43,13.9,29.1,0.0,0.0,0.0,0.0,0,1017.0,937.5,20,0,32,1,0.49,2.15,4.3,4.7,360,360,16.2,28.1,21.5,17.7,13.3,0.203,0.218,0.257,0.337,1,3600.0,652.0,425.0,227.0,459.3,652.0,1224.4,634.3,413.5,220.8,459.3,634.3,1191.2
1328,1328,41.01933,-7.7032776,723.0,2018-07-10T15:00,28.2,41,13.7,29.5,0.0,0.0,0.0,0.0,1,1016.7,937.3,25,0,35,13,0.52,2.26,5.5,6.2,349,350,19.1,28.5,21.8,17.8,13.3,0.201,0.217,0.257,0.337,1,3600.0,689.0,497.0,192.0,577.8,689.0,1138.3,651.4,469.9,181.5,577.8,651.4,1076.1
1327,1327,41.01933,-7.7032776,723.0,2018-07-10T16:00,27.4,45,14.5,27.4,0.1,0.1,0.0,0.0,51,1016.6,937.0,19,2,28,1,0.44,2.0,10.6,13.2,325,325,24.5,28.4,22.1,17.8,13.3,0.201,0.217,0.257,0.337,1,3600.0,564.0,393.0,171.0,521.6,564.0,996.9,514.9,358.8,156.1,521.6,514.9,910.1
1326,1326,41.01933,-7.7032776,723.0,2018-07-10T17:00,26.2,56,16.9,27.1,0.1,0.1,0.0,0.0,51,1016.8,936.9,17,0,29,0,0.36,1.48,10.7,13.5,318,316,27.0,28.0,22.4,17.8,13.3,0.2,0.216,0.257,0.337,1,3600.0,480.0,356.0,124.0,581.6,480.0,810.0,417.4,309.6,107.8,581.6,417.4,704.4
1325,1325,41.01933,-7.7032776,723.0,2018-07-10T18:00,25.7,60,17.4,26.9,0.0,0.0,0.0,0.0,0,1016.3,936.3,15,4,19,0,0.25,1.31,9.8,12.9,332,330,24.8,27.3,22.6,17.8,13.3,0.199,0.216,0.257,0.337,1,3600.0,326.0,227.0,99.0,509.0,326.0,590.1,261.3,181.9,79.3,509.0,261.3,472.9
1324,1324,41.01933,-7.7032776,723.0,2018-07-10T19:00,24.3,73,19.1,26.2,0.0,0.0,0.0,0.0,0,1016.0,935.6,5,2,5,1,0.13,0.83,10.1,14.3,325,326,23.0,26.4,22.7,17.8,13.3,0.199,0.216,0.257,0.337,1,3600.0,178.0,112.0,66.0,420.6,178.0,352.4,117.0,73.6,43.4,420.6,117.0,231.6
1323,1323,41.01933,-7.7032776,723.0,2018-07-10T20:00,22.0,87,19.7,24.8,0.0,0.0,0.0,0.0,0,1016.3,935.3,8,6,4,0,0.03,0.34,5.7,13.5,305,304,21.6,25.1,22.8,17.8,13.3,0.199,0.216,0.257,0.337,1,2047.9,46.0,23.0,23.0,186.1,46.0,112.9,0.0,0.0,0.0,0.0,0.0,0.0
1322,1322,41.01933,-7.7032776,723.0,2018-07-10T21:00,19.9,97,19.3,22.4,0.0,0.0,0.0,0.0,0,1016.8,935.2,12,6,11,0,0.0,0.08,6.4,8.4,308,310,14.0,23.8,22.8,17.9,13.3,0.199,0.216,0.257,0.337,0,0.0,0.0,0.0,0.0,0.0,0.0,0.0,0.0,0.0,0.0,0.0,0.0,0.0
1321,1321,41.01933,-7.7032776,723.0,2018-07-10T22:00,19.2,98,18.9,21.9,0.0,0.0,0.0,0.0,0,1016.8,935.1,20,9,19,0,0.0,0.04,4.7,7.2,270,307,11.2,22.7,22.7,17.9,13.3,0.199,0.216,0.257,0.337,0,0.0,0.0,0.0,0.0,0.0,0.0,0.0,0.0,0.0,0.0,0.0,0.0,0.0
1320,1320,41.01933,-7.7032776,723.0,2018-07-10T23:00,18.9,99,18.7,21.7,0.0,0.0,0.0,0.0,0,1016.6,934.8,17,7,18,0,0.0,0.03,2.9,4.6,240,321,9.4,21.9,22.6,17.9,13.3,0.199,0.216,0.257,0.337,0,0.0,0.0,0.0,0.0,0.0,0.0,0.0,0.0,0.0,0.0,0.0,0.0,0.0
1319,1319,41.01933,-7.7032776,723.0,2018-07-11T00:00,19.0,97,18.6,21.5,0.0,0.0,0.0,0.0,1,1016.7,934.9,24,15,17,0,0.0,0.06,4.7,7.0,274,325,8.6,21.1,22.5,17.9,13.3,0.197,0.214,0.256,0.337,0,0.0,0.0,0.0,0.0,0.0,0.0,0.0,0.0,0.0,0.0,0.0,0.0,0.0
1318,1318,41.01933,-7.7032776,723.0,2018-07-11T01:00,18.3,97,17.9,20.5,0.0,0.0,0.0,0.0,1,1016.4,934.4,43,24,36,0,0.0,0.06,4.2,7.2,290,333,9.7,20.7,22.3,17.9,13.4,0.197,0.214,0.256,0.337,0,0.0,0.0,0.0,0.0,0.0,0.0,0.0,0.0,0.0,0.0,0.0,0.0,0.0
1317,1317,41.01933,-7.7032776,723.0,2018-07-11T02:00,18.6,96,18.0,21.0,0.0,0.0,0.0,0.0,1,1015.7,933.9,40,24,31,0,0.0,0.08,3.4,7.1,288,345,9.7,20.4,22.1,17.9,13.4,0.197,0.214,0.256,0.337,0,0.0,0.0,0.0,0.0,0.0,0.0,0.0,0.0,0.0,0.0,0.0,0.0,0.0
1316,1316,41.01933,-7.7032776,723.0,2018-07-11T03:00,17.7,97,17.2,19.4,0.0,0.0,0.0,0.0,1,1015.3,933.3,33,18,28,0,0.0,0.06,5.7,7.3,305,9,11.5,20.0,21.9,17.9,13.4,0.197,0.214,0.256,0.337,0,0.0,0.0,0.0,0.0,0.0,0.0,0.0,0.0,0.0,0.0,0.0,0.0,0.0
1315,1315,41.01933,-7.7032776,723.0,2018-07-11T04:00,17.2,97,16.8,18.7,0.0,0.0,0.0,0.0,1,1015.2,933.0,28,15,25,0,0.0,0.05,5.8,8.6,338,15,12.6,19.6,21.8,17.9,13.4,0.197,0.214,0.256,0.337,0,0.0,0.0,0.0,0.0,0.0,0.0,0.0,0.0,0.0,0.0,0.0,0.0,0.0
1314,1314,41.01933,-7.7032776,723.0,2018-07-11T05:00,16.6,98,16.3,17.8,0.0,0.0,0.0,0.0,1,1015.4,933.1,38,20,33,0,0.0,0.03,6.4,9.5,333,9,12.6,19.2,21.6,18.0,13.4,0.197,0.214,0.256,0.337,0,0.0,0.0,0.0,0.0,0.0,0.0,0.0,0.0,0.0,0.0,0.0,0.0,0.0
1313,1313,41.01933,-7.7032776,723.0,2018-07-11T06:00,17.7,96,17.1,19.4,0.0,0.0,0.0,0.0,1,1015.7,933.6,27,2,42,0,0.01,0.08,5.8,10.5,338,16,13.0,19.2,21.4,18.0,13.4,0.197,0.214,0.256,0.337,1,74.12,19.0,7.0,12.0,66.9,19.0,79.9,43.1,15.9,27.2,116.0,24.8,181.1
1312,1312,41.01933,-7.7032776,723.0,2018-07-11T07:00,18.7,88,16.7,19.7,0.0,0.0,0.0,0.0,1,1016.0,934.2,23,5,31,0,0.07,0.25,9.2,13.0,21,28,21.2,19.7,21.2,18.0,13.4,0.197,0.214,0.256,0.337,1,3600.0,127.0,62.0,65.0,272.1,127.0,301.5,177.9,86.8,91.1,272.1,177.9,422.4
1311,1311,41.01933,-7.7032776,723.0,2018-07-11T08:00,19.1,76,14.7,19.2,0.0,0.0,0.0,0.0,1,1016.5,934.7,31,18,25,0,0.17,0.53,9.5,12.8,65,68,25.2,20.5,21.1,18.0,13.4,0.197,0.214,0.256,0.337,1,3600.0,294.0,196.0,98.0,479.5,294.0,540.9,357.2,238.1,119.1,479.5,357.2,657.2
1310,1310,41.01933,-7.7032776,723.0,2018-07-11T09:00,20.1,68,13.9,20.2,0.0,0.0,0.0,0.0,0,1016.2,934.7,9,0,15,0,0.27,0.76,7.4,8.9,39,40,24.5,21.6,21.0,18.0,13.4,0.196,0.214,0.255,0.337,1,3600.0,440.0,303.0,137.0,523.6,440.0,765.8,499.6,344.0,155.5,523.6,499.6,869.5
1309,1309,41.01933,-7.7032776,723.0,2018-07-11T10:00,21.4,62,13.7,21.8,0.0,0.0,0.0,0.0,0,1015.9,934.8,5,0,8,0,0.4,0.97,8.0,10.0,36,38,23.4,23.0,21.1,18.0,13.4,0.195,0.214,0.255,0.337,1,3600.0,625.0,487.0,138.0,670.8,625.0,960.7,679.7,529.6,150.1,670.8,679.7,1044.8
1308,1308,41.01933,-7.7032776,723.0,2018-07-11T11:00,22.9,56,13.6,24.8,0.0,0.0,0.0,0.0,0,1015.8,935.1,5,0,6,4,0.53,1.23,5.7,6.9,35,39,23.8,24.5,21.2,18.0,13.4,0.194,0.213,0.255,0.337,1,3600.0,805.0,669.0,136.0,795.8,805.0,1112.4,847.5,704.3,143.2,795.8,847.5,1171.2
1307,1307,41.01933,-7.7032776,723.0,2018-07-11T12:00,23.6,62,15.8,26.5,0.0,0.0,0.0,0.0,2,1015.8,935.3,73,48,26,48,0.59,1.12,8.2,9.3,15,13,20.2,26.1,21.3,18.0,13.4,0.194,0.214,0.256,0.337,1,3600.0,898.0,755.0,143.0,825.3,898.0,1210.6,919.8,773.3,146.5,825.3,919.8,1240.0
1306,1306,41.01933,-7.7032776,723.0,2018-07-11T13:00,24.3,57,15.2,26.5,0.0,0.0,0.0,0.0,0,1015.3,935.0,10,3,9,7,0.53,1.3,6.2,7.2,7,3,25.6,27.0,21.6,18.0,13.4,0.193,0.213,0.256,0.337,1,3600.0,770.0,488.0,282.0,517.2,770.0,1248.5,768.8,487.2,281.6,517.2,768.8,1246.6
1305,1305,41.01933,-7.7032776,723.0,2018-07-11T14:00,24.7,54,14.8,27.0,0.1,0.1,0.0,0.0,51,1014.7,934.6,42,4,39,50,0.57,1.43,7.1,8.7,315,318,24.1,27.8,21.8,18.0,13.4,0.192,0.212,0.255,0.337,1,3600.0,840.0,693.0,147.0,749.5,840.0,1223.6,817.2,674.2,143.0,749.5,817.2,1190.4
1304,1304,41.01933,-7.7032776,723.0,2018-07-11T15:00,23.9,56,14.6,24.5,0.2,0.2,0.0,0.0,51,1014.6,934.3,32,4,44,8,0.42,1.31,8.5,10.5,332,329,22.7,27.6,22.1,18.0,13.4,0.193,0.212,0.255,0.337,1,3600.0,604.0,415.0,189.0,482.8,604.0,1137.5,571.0,392.3,178.7,482.8,571.0,1075.4
1303,1303,41.01933,-7.7032776,723.0,2018-07-11T16:00,22.6,63,15.3,22.9,0.3,0.3,0.0,0.0,51,1015.2,934.5,49,21,34,31,0.36,1.01,10.0,13.0,311,312,26.6,27.2,22.3,18.0,13.4,0.194,0.212,0.255,0.337,1,3600.0,540.0,362.0,178.0,480.9,540.0,996.1,492.9,330.4,162.5,480.9,492.9,909.3
1302,1302,41.01933,-7.7032776,723.0,2018-07-11T17:00,21.7,72,16.5,22.5,0.0,0.0,0.0,0.0,1,1015.0,934.1,21,6,25,2,0.24,0.73,9.9,12.8,314,310,27.0,26.4,22.4,18.1,13.4,0.194,0.211,0.255,0.337,1,3600.0,358.0,228.0,130.0,372.9,358.0,809.1,311.2,198.2,113.0,372.9,311.2,703.4
1301,1301,41.01933,-7.7032776,723.0,2018-07-11T18:00,21.7,71,16.2,22.6,0.0,0.0,0.0,0.0,0,1014.8,933.9,10,7,7,0,0.21,0.75,8.6,11.2,327,327,24.5,25.7,22.6,18.1,13.4,0.193,0.211,0.255,0.337,1,3600.0,315.0,223.0,92.0,501.0,315.0,589.1,252.3,178.6,73.7,501.0,252.3,471.8
1300,1300,41.01933,-7.7032776,723.0,2018-07-11T19:00,21.1,74,16.4,22.0,0.0,0.0,0.0,0.0,0,1014.9,933.8,10,8,4,0,0.12,0.64,8.8,11.6,341,338,21.6,24.9,22.6,18.1,13.4,0.193,0.211,0.255,0.337,1,3600.0,181.0,119.0,62.0,448.5,181.0,351.1,118.7,78.0,40.6,448.5,118.7,230.2
1299,1299,41.01933,-7.7032776,723.0,2018-07-11T20:00,19.4,84,16.6,21.1,0.0,0.0,0.0,0.0,0,1015.0,933.5,8,8,2,0,0.02,0.37,4.3,11.1,336,335,19.4,23.6,22.6,18.1,13.4,0.193,0.211,0.255,0.337,1,2003.19,44.0,22.0,22.0,178.8,44.0,111.4,0.0,0.0,0.0,0.0,0.0,0.0
1298,1298,41.01933,-7.7032776,723.0,2018-07-11T21:00,18.1,91,16.6,19.6,0.0,0.0,0.0,0.0,0,1015.5,933.6,10,8,4,0,0.0,0.19,5.6,9.4,285,313,11.5,22.4,22.6,18.1,13.4,0.193,0.211,0.255,0.337,0,0.0,0.0,0.0,0.0,0.0,0.0,0.0,0.0,0.0,0.0,0.0,0.0,0.0
1297,1297,41.01933,-7.7032776,723.0,2018-07-11T22:00,17.5,93,16.4,18.9,0.0,0.0,0.0,0.0,0,1015.7,933.6,9,7,4,0,0.0,0.13,5.8,8.9,277,320,10.4,21.4,22.5,18.1,13.4,0.193,0.211,0.255,0.337,0,0.0,0.0,0.0,0.0,0.0,0.0,0.0,0.0,0.0,0.0,0.0,0.0,0.0
1296,1296,41.01933,-7.7032776,723.0,2018-07-11T23:00,17.0,94,16.1,18.2,0.0,0.0,0.0,0.0,0,1015.7,933.5,8,7,3,0,0.0,0.11,6.6,10.0,299,339,11.5,20.6,22.3,18.1,13.4,0.193,0.211,0.255,0.337,0,0.0,0.0,0.0,0.0,0.0,0.0,0.0,0.0,0.0,0.0,0.0,0.0,0.0
1295,1295,41.01933,-7.7032776,723.0,2018-07-12T00:00,18.1,93,16.9,19.9,0.0,0.0,0.0,0.0,0,1016.2,934.2,12,13,1,0,0.0,0.15,4.1,8.0,285,350,11.5,19.8,22.2,18.2,13.4,0.195,0.211,0.255,0.337,0,0.0,0.0,0.0,0.0,0.0,0.0,0.0,0.0,0.0,0.0,0.0,0.0,0.0
1294,1294,41.01933,-7.7032776,723.0,2018-07-12T01:00,17.8,94,16.8,19.5,0.0,0.0,0.0,0.0,1,1016.1,934.0,40,11,0,99,0.0,0.12,4.6,7.6,315,357,8.6,19.3,22.0,18.2,13.4,0.195,0.211,0.255,0.337,0,0.0,0.0,0.0,0.0,0.0,0.0,0.0,0.0,0.0,0.0,0.0,0.0,0.0
1293,1293,41.01933,-7.7032776,723.0,2018-07-12T02:00,16.5,98,16.2,17.9,0.0,0.0,0.0,0.0,1,1016.0,933.6,38,9,0,99,0.0,0.04,5.1,7.9,8,30,10.1,18.8,21.7,18.2,13.4,0.195,0.211,0.255,0.337,0,0.0,0.0,0.0,0.0,0.0,0.0,0.0,0.0,0.0,0.0,0.0,0.0,0.0
1292,1292,41.01933,-7.7032776,723.0,2018-07-12T03:00,15.6,99,15.5,16.6,0.0,0.0,0.0,0.0,1,1015.9,933.3,36,8,0,95,0.0,0.02,5.9,9.7,47,48,11.9,18.4,21.5,18.2,13.4,0.195,0.211,0.255,0.337,0,0.0,0.0,0.0,0.0,0.0,0.0,0.0,0.0,0.0,0.0,0.0,0.0,0.0
1291,1291,41.01933,-7.7032776,723.0,2018-07-12T04:00,15.6,99,15.5,16.7,0.0,0.0,0.0,0.0,1,1015.9,933.3,24,4,0,67,0.0,0.01,5.2,8.7,34,48,11.9,18.0,21.3,18.2,13.4,0.195,0.211,0.255,0.337,0,0.0,0.0,0.0,0.0,0.0,0.0,0.0,0.0,0.0,0.0,0.0,0.0,0.0
1290,1290,41.01933,-7.7032776,723.0,2018-07-12T05:00,15.4,99,15.2,16.4,0.0,0.0,0.0,0.0,1,1015.9,933.2,28,4,0,82,0.0,0.02,5.4,8.8,37,55,10.8,17.5,21.0,18.2,13.5,0.195,0.211,0.255,0.337,0,0.0,0.0,0.0,0.0,0.0,0.0,0.0,0.0,0.0,0.0,0.0,0.0,0.0
1289,1289,41.01933,-7.7032776,723.0,2018-07-12T06:00,15.6,97,15.1,16.7,0.0,0.0,0.0,0.0,1,1016.1,933.4,32,5,0,92,0.01,0.06,4.2,9.6,31,56,11.9,17.4,20.8,18.2,13.5,0.195,0.211,0.255,0.337,1,379.46,25.0,10.0,15.0,96.5,25.0,78.6,56.8,22.7,34.1,168.4,32.5,178.5
1288,1288,41.01933,-7.7032776,723.0,2018-07-12T07:00,17.0,84,14.2,17.4,0.0,0.0,0.0,0.0,1,1016.5,934.2,21,8,0,45,0.07,0.31,6.6,9.2,45,51,16.6,18.1,20.6,18.2,13.5,0.195,0.211,0.255,0.337,1,3600.0,141.0,59.0,82.0,261.1,141.0,299.0,198.0,82.9,115.2,261.1,198.0,420.0
1287,1287,41.01933,-7.7032776,723.0,2018-07-12T08:00,18.2,77,14.2,18.3,0.0,0.0,0.0,0.0,0,1016.4,934.4,10,9,0,8,0.18,0.47,8.9,11.3,50,53,22.3,19.2,20.4,18.2,13.5,0.195,0.211,0.255,0.337,1,3600.0,324.0,221.0,103.0,542.9,324.0,538.7,394.0,268.7,125.2,542.9,394.0,655.1
1286,1286,41.01933,-7.7032776,723.0,2018-07-12T09:00,19.9,70,14.3,19.9,0.0,0.0,0.0,0.0,0,1016.1,934.6,9,10,0,0,0.31,0.7,9.5,11.9,53,55,25.2,20.7,20.4,18.2,13.5,0.194,0.211,0.255,0.337,1,3600.0,519.0,414.0,105.0,717.3,519.0,763.8,589.5,470.3,119.3,717.3,589.5,867.7
1285,1285,41.01933,-7.7032776,723.0,2018-07-12T10:00,21.8,62,14.3,22.6,0.0,0.0,0.0,0.0,0,1016.0,935.0,7,8,0,0,0.43,0.98,9.5,11.6,61,64,25.6,22.4,20.4,18.2,13.5,0.193,0.21,0.255,0.337,1,3600.0,686.0,561.0,125.0,774.1,686.0,959.0,746.2,610.3,136.0,774.1,746.2,1043.2
1284,1284,41.01933,-7.7032776,723.0,2018-07-12T11:00,23.3,54,13.6,25.1,0.0,0.0,0.0,0.0,1,1015.7,935.1,31,11,35,0,0.54,1.31,6.6,8.0,81,82,25.9,24.1,20.5,18.2,13.5,0.192,0.21,0.254,0.337,1,3600.0,816.0,682.0,134.0,812.4,816.0,1111.0,859.2,718.1,141.1,812.4,859.2,1169.9
1283,1283,41.01933,-7.7032776,723.0,2018-07-12T12:00,24.3,47,12.3,25.6,0.0,0.0,0.0,0.0,0,1015.2,934.9,17,1,27,0,0.51,1.6,4.1,4.8,105,117,21.2,25.2,20.7,18.2,13.5,0.192,0.211,0.255,0.337,1,3600.0,736.0,536.0,200.0,586.5,736.0,1209.4,753.9,549.1,204.9,586.5,753.9,1238.9
1282,1282,41.01933,-7.7032776,723.0,2018-07-12T13:00,25.4,43,11.7,27.2,0.0,0.0,0.0,0.0,0,1014.7,934.7,14,2,20,1,0.59,1.86,3.8,4.9,131,144,20.2,26.5,20.9,18.2,13.5,0.191,0.21,0.255,0.337,1,3600.0,843.0,676.0,167.0,717.1,843.0,1247.5,841.7,675.0,166.7,717.1,841.7,1245.6
1281,1281,41.01933,-7.7032776,723.0,2018-07-12T14:00,25.8,41,11.5,27.0,0.0,0.0,0.0,0.0,0,1014.3,934.5,19,2,27,4,0.57,1.96,5.6,7.0,165,168,19.1,27.4,21.2,18.2,13.5,0.189,0.209,0.255,0.337,1,3600.0,808.0,653.0,155.0,706.8,808.0,1222.7,786.1,635.3,150.8,706.8,786.1,1189.6
1280,1280,41.01933,-7.7032776,723.0,2018-07-12T15:00,25.7,41,11.6,26.4,0.0,0.0,0.0,0.0,0,1013.9,934.1,16,0,22,8,0.5,1.94,5.1,6.5,184,183,19.4,27.7,21.5,18.2,13.5,0.188,0.209,0.255,0.336,1,3600.0,703.0,547.0,156.0,636.9,703.0,1136.7,664.6,517.1,147.5,636.9,664.6,1074.5
1279,1279,41.01933,-7.7032776,723.0,2018-07-12T16:00,25.7,42,11.9,25.8,0.0,0.0,0.0,0.0,1,1013.6,933.8,32,0,24,59,0.44,1.91,5.8,7.3,202,200,18.0,27.8,21.7,18.2,13.5,0.187,0.208,0.255,0.336,1,3600.0,611.0,469.0,142.0,623.6,611.0,995.3,557.6,428.0,129.6,623.6,557.6,908.3
1278,1278,41.01933,-7.7032776,723.0,2018-07-12T17:00,25.5,43,12.0,25.3,0.0,0.0,0.0,0.0,1,1013.6,933.7,34,0,17,81,0.35,1.86,5.3,6.6,242,241,18.4,27.5,22.0,18.2,13.5,0.186,0.208,0.254,0.336,1,3600.0,491.0,365.0,126.0,597.8,491.0,808.1,426.7,317.2,109.5,597.8,426.7,702.3
1277,1277,41.01933,-7.7032776,723.0,2018-07-12T18:00,24.1,52,13.6,24.1,0.0,0.0,0.0,0.0,0,1013.7,933.5,7,0,9,6,0.23,1.44,7.7,10.0,307,308,16.9,26.7,22.2,18.3,13.5,0.185,0.208,0.254,0.336,1,3600.0,296.0,149.0,147.0,335.4,296.0,587.9,236.9,119.2,117.6,335.4,236.9,470.5
1276,1276,41.01933,-7.7032776,723.0,2018-07-12T19:00,21.8,73,16.9,22.7,0.0,0.0,0.0,0.0,0,1014.0,933.2,4,0,7,0,0.13,0.69,10.4,15.0,314,314,24.5,25.6,22.3,18.3,13.5,0.185,0.207,0.254,0.336,1,3600.0,187.0,123.0,64.0,465.5,187.0,349.7,122.3,80.4,41.8,465.5,122.3,228.7
1275,1275,41.01933,-7.7032776,723.0,2018-07-12T20:00,19.7,83,16.8,21.5,0.0,0.0,0.0,0.0,0,1014.3,932.9,5,0,9,0,0.02,0.38,3.9,9.7,292,297,22.7,24.2,22.4,18.3,13.5,0.185,0.207,0.254,0.336,1,1991.55,45.0,22.0,23.0,179.6,45.0,109.7,0.0,0.0,0.0,0.0,0.0,0.0
1274,1274,41.01933,-7.7032776,723.0,2018-07-12T21:00,18.3,92,16.9,20.0,0.0,0.0,0.0,0.0,0,1014.7,932.9,7,0,5,12,0.0,0.17,5.0,7.6,270,295,9.0,22.8,22.4,18.3,13.5,0.185,0.207,0.254,0.336,0,0.0,0.0,0.0,0.0,0.0,0.0,0.0,0.0,0.0,0.0,0.0,0.0,0.0
1273,1273,41.01933,-7.7032776,723.0,2018-07-12T22:00,17.2,95,16.4,18.8,0.0,0.0,0.0,0.0,0,1015.1,932.9,5,6,0,0,0.0,0.1,3.8,2.9,229,300,8.6,21.6,22.3,18.3,13.5,0.185,0.207,0.254,0.336,0,0.0,0.0,0.0,0.0,0.0,0.0,0.0,0.0,0.0,0.0,0.0,0.0,0.0
1272,1272,41.01933,-7.7032776,723.0,2018-07-12T23:00,17.2,95,16.5,19.0,0.0,0.0,0.0,0.0,0,1014.9,932.8,5,6,0,0,0.0,0.09,3.1,3.7,225,259,7.6,20.7,22.2,18.3,13.5,0.185,0.207,0.254,0.336,0,0.0,0.0,0.0,0.0,0.0,0.0,0.0,0.0,0.0,0.0,0.0,0.0,0.0
1271,1271,41.01933,-7.7032776,723.0,2018-07-13T00:00,16.7,97,16.2,18.4,0.0,0.0,0.0,0.0,1,1015.8,933.5,44,45,0,10,0.0,0.06,3.1,1.8,225,349,7.6,19.9,22.0,18.3,13.5,0.187,0.209,0.254,0.336,0,0.0,0.0,0.0,0.0,0.0,0.0,0.0,0.0,0.0,0.0,0.0,0.0,0.0
1270,1270,41.01933,-7.7032776,723.0,2018-07-13T01:00,16.2,97,15.8,17.5,0.0,0.0,0.0,0.0,1,1015.4,933.0,26,29,0,0,0.0,0.05,4.7,5.7,266,342,8.3,19.4,21.8,18.3,13.5,0.187,0.209,0.254,0.336,0,0.0,0.0,0.0,0.0,0.0,0.0,0.0,0.0,0.0,0.0,0.0,0.0,0.0
1269,1269,41.01933,-7.7032776,723.0,2018-07-13T02:00,16.7,94,15.8,17.9,0.0,0.0,0.0,0.0,0,1015.3,933.0,10,11,0,0,0.0,0.11,5.3,8.3,332,18,11.5,18.8,21.6,18.3,13.5,0.187,0.209,0.254,0.336,0,0.0,0.0,0.0,0.0,0.0,0.0,0.0,0.0,0.0,0.0,0.0,0.0,0.0
1268,1268,41.01933,-7.7032776,723.0,2018-07-13T03:00,16.7,94,15.7,18.0,0.0,0.0,0.0,0.0,0,1015.5,933.2,3,3,0,0,0.0,0.12,4.7,9.6,360,34,12.2,18.3,21.3,18.3,13.5,0.187,0.209,0.254,0.336,0,0.0,0.0,0.0,0.0,0.0,0.0,0.0,0.0,0.0,0.0,0.0,0.0,0.0
1267,1267,41.01933,-7.7032776,723.0,2018-07-13T04:00,15.9,97,15.4,17.0,0.0,0.0,0.0,0.0,0,1015.5,933.0,0,0,0,0,0.0,0.06,4.9,11.1,73,61,13.3,17.7,21.1,18.3,13.5,0.187,0.209,0.255,0.336,0,0.0,0.0,0.0,0.0,0.0,0.0,0.0,0.0,0.0,0.0,0.0,0.0,0.0
1266,1266,41.01933,-7.7032776,723.0,2018-07-13T05:00,15.7,94,14.8,16.3,0.0,0.0,0.0,0.0,0,1015.4,932.8,0,0,0,0,0.0,0.11,6.6,13.4,61,63,15.1,17.2,20.9,18.3,13.5,0.187,0.209,0.255,0.336,0,0.0,0.0,0.0,0.0,0.0,0.0,0.0,0.0,0.0,0.0,0.0,0.0,0.0
1265,1265,41.01933,-7.7032776,723.0,2018-07-13T06:00,15.9,92,14.6,16.8,0.0,0.0,0.0,0.0,0,1015.6,933.1,1,0,0,2,0.01,0.15,4.1,13.5,52,65,16.6,17.1,20.6,18.4,13.5,0.187,0.209,0.255,0.336,1,474.06,25.0,11.0,14.0,107.2,25.0,77.3,56.9,25.0,31.8,188.4,32.3,175.8
1264,1264,41.01933,-7.7032776,723.0,2018-07-13T07:00,17.5,82,14.4,17.8,0.0,0.0,0.0,0.0,0,1015.7,933.6,3,0,2,5,0.08,0.36,7.7,11.1,49,61,19.1,17.9,20.4,18.4,13.6,0.187,0.209,0.254,0.336,1,3600.0,159.0,102.0,57.0,455.3,159.0,296.5,224.0,143.7,80.3,455.3,224.0,417.6
1263,1263,41.01933,-7.7032776,723.0,2018-07-13T08:00,18.9,77,14.8,19.3,0.0,0.0,0.0,0.0,0,1015.7,934.0,5,0,9,0,0.19,0.51,8.3,10.8,56,60,22.3,19.2,20.3,18.4,13.6,0.186,0.208,0.254,0.336,1,3600.0,335.0,249.0,86.0,614.3,335.0,536.4,407.8,303.1,104.7,614.3,407.8,652.9
1262,1262,41.01933,-7.7032776,723.0,2018-07-13T09:00,20.7,71,15.2,21.5,0.0,0.0,0.0,0.0,0,1015.8,934.5,11,0,19,0,0.31,0.72,6.4,8.1,74,77,22.3,20.8,20.3,18.4,13.6,0.186,0.208,0.254,0.336,1,3600.0,511.0,400.0,111.0,694.9,511.0,761.8,580.7,454.6,126.1,694.9,580.7,865.8
1261,1261,41.01933,-7.7032776,723.0,2018-07-13T10:00,22.5,63,15.2,24.1,0.0,0.0,0.0,0.0,0,1015.5,934.7,15,0,6,37,0.42,1.0,5.2,6.5,78,84,20.2,22.6,20.3,18.4,13.6,0.185,0.208,0.254,0.336,1,3600.0,644.0,509.0,135.0,703.7,644.0,957.3,700.7,553.8,146.9,703.7,700.7,1041.7
1260,1260,41.01933,-7.7032776,723.0,2018-07-13T11:00,24.3,58,15.5,27.3,0.0,0.0,0.0,0.0,0,1015.4,935.1,14,0,5,37,0.55,1.28,4.0,4.7,85,99,19.1,24.5,20.4,18.4,13.6,0.184,0.207,0.254,0.336,1,3600.0,810.0,659.0,151.0,786.0,810.0,1109.6,853.1,694.0,159.0,786.0,853.1,1168.6
1259,1259,41.01933,-7.7032776,723.0,2018-07-13T12:00,24.9,53,14.5,27.9,0.0,0.0,0.0,0.0,1,1015.3,935.1,34,13,38,0,0.62,1.49,5.1,6.2,141,144,25.9,26.1,20.6,18.3,13.6,0.185,0.208,0.256,0.336,1,3600.0,912.0,780.0,132.0,854.4,912.0,1208.2,934.3,799.1,135.2,854.4,934.3,1237.8
1258,1258,41.01933,-7.7032776,723.0,2018-07-13T13:00,25.0,54,15.0,27.1,0.2,0.2,0.0,0.0,51,1015.4,935.3,48,27,40,0,0.53,1.46,5.9,7.0,191,192,22.7,26.9,20.9,18.4,13.6,0.185,0.208,0.256,0.336,1,3600.0,759.0,549.0,210.0,582.9,759.0,1246.5,757.9,548.2,209.7,582.9,757.9,1244.7
1257,1257,41.01933,-7.7032776,723.0,2018-07-13T14:00,23.5,62,15.8,25.0,0.9,0.9,0.0,0.0,53,1015.7,935.2,31,18,24,0,0.48,1.09,9.7,12.0,228,226,26.3,27.0,21.1,18.4,13.6,0.192,0.208,0.255,0.336,1,3600.0,720.0,491.0,229.0,531.9,720.0,1221.8,700.5,477.7,222.8,531.9,700.5,1188.7
1256,1256,41.01933,-7.7032776,723.0,2018-07-13T15:00,24.8,58,16.0,27.1,0.1,0.1,0.0,0.0,51,1015.3,935.1,32,17,28,0,0.51,1.31,6.4,8.1,243,238,26.3,27.3,21.4,18.4,13.6,0.191,0.207,0.255,0.336,1,3600.0,749.0,573.0,176.0,667.7,749.0,1135.8,708.0,541.6,166.4,667.7,708.0,1073.6
1255,1255,41.01933,-7.7032776,723.0,2018-07-13T16:00,23.5,62,15.8,24.6,0.3,0.3,0.0,0.0,51,1015.6,935.1,65,54,28,0,0.41,1.09,8.4,10.1,277,274,27.0,27.3,21.7,18.4,13.6,0.192,0.207,0.255,0.336,1,3600.0,616.0,464.0,152.0,617.6,616.0,994.3,562.1,423.4,138.7,617.6,562.1,907.4
1254,1254,41.01933,-7.7032776,723.0,2018-07-13T17:00,22.8,66,16.0,24.0,0.3,0.3,0.0,0.0,51,1015.7,935.0,35,18,31,0,0.3,0.95,5.6,7.0,297,291,27.4,26.7,21.9,18.4,13.6,0.194,0.207,0.255,0.336,1,3600.0,457.0,339.0,118.0,556.0,457.0,807.0,397.1,294.5,102.5,556.0,397.1,701.2
1253,1253,41.01933,-7.7032776,723.0,2018-07-13T18:00,21.8,70,16.1,22.5,0.2,0.2,0.0,0.0,51,1015.8,934.8,41,27,28,0,0.21,0.77,9.2,11.7,318,317,21.6,25.8,22.1,18.4,13.6,0.196,0.206,0.255,0.336,1,3600.0,315.0,211.0,104.0,476.0,315.0,586.6,251.9,168.7,83.2,476.0,251.9,469.1
1252,1252,41.01933,-7.7032776,723.0,2018-07-13T19:00,20.1,82,16.9,20.9,0.5,0.5,0.0,0.0,53,1016.2,934.7,65,49,35,0,0.1,0.42,10.7,15.0,340,339,23.8,24.6,22.2,18.4,13.6,0.199,0.206,0.255,0.336,1,3600.0,146.0,87.0,59.0,330.7,146.0,348.2,95.2,56.7,38.5,330.7,95.2,227.0
1251,1251,41.01933,-7.7032776,723.0,2018-07-13T20:00,18.2,93,17.1,19.7,0.4,0.4,0.0,0.0,51,1016.8,934.8,40,23,32,0,0.02,0.15,6.6,10.5,299,297,24.5,23.3,22.2,18.4,13.6,0.202,0.206,0.255,0.336,1,901.11,33.0,14.0,19.0,114.9,33.0,107.9,0.0,0.0,0.0,0.0,0.0,0.0
1250,1250,41.01933,-7.7032776,723.0,2018-07-13T21:00,17.7,96,17.0,19.7,0.0,0.0,0.0,0.0,0,1017.1,934.9,7,4,5,0,0.0,0.09,2.9,5.5,277,281,13.7,22.1,22.1,18.4,13.6,0.202,0.206,0.255,0.336,0,0.0,0.0,0.0,0.0,0.0,0.0,0.0,0.0,0.0,0.0,0.0,0.0,0.0
1249,1249,41.01933,-7.7032776,723.0,2018-07-13T22:00,16.4,99,16.2,17.9,0.0,0.0,0.0,0.0,0,1017.3,934.7,7,7,1,0,0.0,0.02,3.8,3.3,253,311,6.5,21.0,22.0,18.4,13.6,0.202,0.206,0.255,0.336,0,0.0,0.0,0.0,0.0,0.0,0.0,0.0,0.0,0.0,0.0,0.0,0.0,0.0
1248,1248,41.01933,-7.7032776,723.0,2018-07-13T23:00,15.7,99,15.6,17.1,0.0,0.0,0.0,0.0,0,1017.3,934.6,14,15,0,0,0.0,0.02,3.3,1.9,229,292,6.8,20.1,21.9,18.4,13.6,0.202,0.206,0.255,0.336,0,0.0,0.0,0.0,0.0,0.0,0.0,0.0,0.0,0.0,0.0,0.0,0.0,0.0
1247,1247,41.01933,-7.7032776,723.0,2018-07-14T00:00,16.0,98,15.6,17.3,0.0,0.0,0.0,0.0,0,1017.7,935.0,9,10,0,0,0.0,0.04,3.6,0.8,225,297,7.6,18.9,21.7,18.4,13.6,0.2,0.207,0.255,0.336,0,0.0,0.0,0.0,0.0,0.0,0.0,0.0,0.0,0.0,0.0,0.0,0.0,0.0
1246,1246,41.01933,-7.7032776,723.0,2018-07-14T01:00,16.5,97,16.1,18.4,0.0,0.0,0.0,0.0,0,1017.4,934.9,13,14,0,0,0.0,0.05,1.8,5.1,233,39,7.6,18.4,21.5,18.4,13.6,0.201,0.207,0.255,0.336,0,0.0,0.0,0.0,0.0,0.0,0.0,0.0,0.0,0.0,0.0,0.0,0.0,0.0
1245,1245,41.01933,-7.7032776,723.0,2018-07-14T02:00,16.4,99,16.3,18.4,0.0,0.0,0.0,0.0,2,1017.3,934.8,66,73,0,0,0.0,0.02,1.0,4.8,225,63,6.5,17.9,21.2,18.4,13.6,0.201,0.207,0.255,0.336,0,0.0,0.0,0.0,0.0,0.0,0.0,0.0,0.0,0.0,0.0,0.0,0.0,0.0
1244,1244,41.01933,-7.7032776,723.0,2018-07-14T03:00,16.5,99,16.4,18.3,0.0,0.0,0.0,0.0,3,1017.5,935.0,90,100,0,0,0.0,0.01,2.2,5.0,81,90,6.8,17.8,21.0,18.5,13.6,0.201,0.207,0.255,0.336,0,0.0,0.0,0.0,0.0,0.0,0.0,0.0,0.0,0.0,0.0,0.0,0.0,0.0
1243,1243,41.01933,-7.7032776,723.0,2018-07-14T04:00,16.3,99,16.2,18.0,0.0,0.0,0.0,0.0,3,1017.3,934.7,90,100,0,0,0.0,0.01,2.5,5.1,82,86,7.2,17.8,20.8,18.5,13.6,0.201,0.207,0.255,0.336,0,0.0,0.0,0.0,0.0,0.0,0.0,0.0,0.0,0.0,0.0,0.0,0.0,0.0
1242,1242,41.01933,-7.7032776,723.0,2018-07-14T05:00,16.0,100,15.9,17.7,0.0,0.0,0.0,0.0,3,1017.3,934.6,90,100,0,0,0.0,0.01,1.8,4.3,143,95,7.2,17.9,20.6,18.5,13.6,0.201,0.207,0.255,0.336,0,0.0,0.0,0.0,0.0,0.0,0.0,0.0,0.0,0.0,0.0,0.0,0.0,0.0
1241,1241,41.01933,-7.7032776,723.0,2018-07-14T06:00,16.4,99,16.2,18.2,0.0,0.0,0.0,0.0,3,1017.2,934.7,90,100,0,0,0.01,0.02,2.1,4.9,121,107,8.6,18.0,20.4,18.5,13.6,0.201,0.207,0.255,0.336,1,0.0,11.0,1.0,10.0,9.8,11.0,75.9,25.1,2.3,22.8,17.4,14.2,173.0
1240,1240,41.01933,-7.7032776,723.0,2018-07-14T07:00,16.9,97,16.3,18.4,0.0,0.0,0.0,0.0,2,1017.7,935.3,75,83,0,0,0.05,0.07,4.2,5.4,110,110,13.0,18.5,20.3,18.5,13.6,0.201,0.207,0.255,0.336,1,91.77,97.0,14.0,83.0,63.1,97.0,293.9,137.0,19.8,117.2,63.1,137.0,415.1
1239,1239,41.01933,-7.7032776,723.0,2018-07-14T08:00,18.9,84,16.1,20.2,0.0,0.0,0.0,0.0,1,1017.7,935.8,47,52,0,0,0.15,0.35,5.1,6.3,94,103,15.8,19.4,20.2,18.5,13.6,0.2,0.207,0.255,0.336,1,3600.0,251.0,102.0,149.0,252.8,251.0,534.1,305.8,124.3,181.5,252.8,305.8,650.7
1238,1238,41.01933,-7.7032776,723.0,2018-07-14T09:00,20.7,72,15.5,21.8,0.1,0.1,0.0,0.0,51,1017.5,936.1,50,39,25,0,0.26,0.68,5.2,6.5,102,109,17.3,20.7,20.1,18.5,13.7,0.201,0.207,0.255,0.336,1,3600.0,409.0,214.0,195.0,372.8,409.0,759.8,465.0,243.3,221.7,372.8,465.0,863.9
1237,1237,41.01933,-7.7032776,723.0,2018-07-14T10:00,22.1,64,15.0,22.9,0.2,0.2,0.0,0.0,51,1017.1,936.1,39,23,30,0,0.36,0.96,6.2,7.7,126,131,19.1,22.0,20.2,18.5,13.7,0.201,0.206,0.255,0.336,1,3600.0,544.0,371.0,173.0,513.9,544.0,955.6,592.1,403.8,188.3,513.9,592.1,1040.1
1236,1236,41.01933,-7.7032776,723.0,2018-07-14T11:00,23.5,56,14.3,24.5,0.1,0.1,0.0,0.0,51,1017.0,936.4,34,8,45,0,0.46,1.27,7.6,9.8,161,163,22.3,23.5,20.3,18.5,13.7,0.2,0.206,0.255,0.336,1,3600.0,676.0,480.0,196.0,573.3,676.0,1108.1,712.1,505.6,206.5,573.3,712.1,1167.2
1235,1235,41.01933,-7.7032776,723.0,2018-07-14T12:00,23.7,53,13.7,24.6,0.1,0.1,0.0,0.0,51,1017.1,936.5,29,13,29,0,0.53,1.37,10.9,13.6,197,197,27.0,24.7,20.4,18.5,13.7,0.203,0.21,0.259,0.336,1,3600.0,786.0,548.0,238.0,600.9,786.0,1207.0,805.3,561.5,243.9,600.9,805.3,1236.7
1234,1234,41.01933,-7.7032776,723.0,2018-07-14T13:00,23.6,55,14.0,24.5,0.2,0.2,0.0,0.0,51,1017.2,936.6,31,14,31,0,0.54,1.31,12.2,15.5,208,208,31.3,25.6,20.6,18.5,13.7,0.203,0.21,0.259,0.336,1,3600.0,812.0,627.0,185.0,666.4,812.0,1245.4,810.8,626.1,184.7,666.4,810.8,1243.7
1233,1233,41.01933,-7.7032776,723.0,2018-07-14T14:00,23.9,52,13.6,24.7,0.1,0.1,0.0,0.0,51,1016.8,936.3,32,12,36,0,0.55,1.41,12.6,16.0,204,203,31.0,26.3,20.9,18.5,13.7,0.202,0.209,0.259,0.336,1,3600.0,812.0,609.0,203.0,660.3,812.0,1220.8,790.0,592.5,197.5,660.3,790.0,1187.7
1232,1232,41.01933,-7.7032776,723.0,2018-07-14T15:00,23.3,54,13.6,23.3,0.1,0.1,0.0,0.0,51,1016.9,936.2,40,19,39,0,0.47,1.3,13.1,17.0,217,216,33.5,26.5,21.1,18.5,13.7,0.201,0.209,0.258,0.336,1,3600.0,697.0,517.0,180.0,603.0,697.0,1134.8,658.8,488.7,170.1,603.0,658.8,1072.7
1231,1231,41.01933,-7.7032776,723.0,2018-07-14T16:00,22.4,57,13.6,21.7,0.1,0.1,0.0,0.0,51,1017.2,936.3,42,29,27,0,0.38,1.16,13.0,16.9,236,236,32.0,26.2,21.3,18.5,13.7,0.201,0.208,0.258,0.336,1,3600.0,553.0,382.0,171.0,509.0,553.0,993.3,504.6,348.5,156.0,509.0,504.6,906.3
1230,1230,41.01933,-7.7032776,723.0,2018-07-14T17:00,21.6,60,13.6,21.0,0.0,0.0,0.0,0.0,1,1017.0,935.9,34,22,23,0,0.29,1.02,11.5,15.5,270,267,32.0,25.7,21.5,18.5,13.7,0.2,0.208,0.258,0.336,1,3600.0,426.0,303.0,123.0,497.7,426.0,805.9,370.0,263.2,106.8,497.7,370.0,699.9
1229,1229,41.01933,-7.7032776,723.0,2018-07-14T18:00,19.6,76,15.3,19.2,0.1,0.1,0.0,0.0,51,1017.3,935.6,42,37,14,0,0.19,0.55,14.9,20.2,302,301,33.1,24.9,21.7,18.5,13.7,0.2,0.208,0.258,0.336,1,3600.0,304.0,206.0,98.0,465.9,304.0,585.3,242.9,164.6,78.3,465.9,242.9,467.7
1228,1228,41.01933,-7.7032776,723.0,2018-07-14T19:00,17.9,81,14.5,17.5,0.0,0.0,0.0,0.0,1,1017.7,935.5,24,24,4,0,0.1,0.4,13.3,18.6,303,302,34.2,23.6,21.8,18.5,13.7,0.2,0.208,0.258,0.336,1,3600.0,155.0,87.0,68.0,332.3,155.0,346.6,100.7,56.5,44.2,332.3,100.7,225.3
1227,1227,41.01933,-7.7032776,723.0,2018-07-14T20:00,16.8,84,14.2,16.6,0.0,0.0,0.0,0.0,0,1017.9,935.4,14,15,1,0,0.03,0.3,10.9,17.6,304,305,29.5,22.3,21.8,18.5,13.7,0.2,0.208,0.258,0.336,1,1565.04,42.0,19.0,23.0,156.8,42.0,106.0,0.0,0.0,0.0,0.0,0.0,0.0
1226,1226,41.01933,-7.7032776,723.0,2018-07-14T21:00,15.8,89,14.0,16.4,0.0,0.0,0.0,0.0,0,1018.5,935.7,6,6,1,0,0.0,0.2,4.9,12.1,287,293,23.8,21.0,21.7,18.5,13.7,0.2,0.208,0.258,0.336,0,0.0,0.0,0.0,0.0,0.0,0.0,0.0,0.0,0.0,0.0,0.0,0.0,0.0
1225,1225,41.01933,-7.7032776,723.0,2018-07-14T22:00,14.9,94,13.9,15.7,0.0,0.0,0.0,0.0,0,1018.6,935.5,4,5,0,0,0.0,0.11,3.4,9.0,238,270,12.6,19.9,21.6,18.5,13.7,0.2,0.208,0.258,0.336,0,0.0,0.0,0.0,0.0,0.0,0.0,0.0,0.0,0.0,0.0,0.0,0.0,0.0
1224,1224,41.01933,-7.7032776,723.0,2018-07-14T23:00,14.5,95,13.7,15.0,0.0,0.0,0.0,0.0,0,1018.8,935.6,15,17,0,0,0.0,0.08,4.5,8.2,209,241,11.2,19.0,21.4,18.5,13.7,0.2,0.208,0.258,0.336,0,0.0,0.0,0.0,0.0,0.0,0.0,0.0,0.0,0.0,0.0,0.0,0.0,0.0
1223,1223,41.01933,-7.7032776,723.0,2018-07-15T00:00,14.1,96,13.4,14.7,0.0,0.0,0.0,0.0,0,1019.0,935.7,10,11,1,0,0.0,0.07,3.6,6.8,217,252,12.2,18.6,21.2,18.5,13.7,0.203,0.208,0.258,0.336,0,0.0,0.0,0.0,0.0,0.0,0.0,0.0,0.0,0.0,0.0,0.0,0.0,0.0
1222,1222,41.01933,-7.7032776,723.0,2018-07-15T01:00,13.9,96,13.2,14.0,0.0,0.0,0.0,0.0,0,1018.6,935.3,17,19,0,0,0.0,0.07,5.8,10.8,210,233,13.7,18.0,21.0,18.5,13.7,0.203,0.208,0.258,0.336,0,0.0,0.0,0.0,0.0,0.0,0.0,0.0,0.0,0.0,0.0,0.0,0.0,0.0
1221,1221,41.01933,-7.7032776,723.0,2018-07-15T02:00,13.7,96,13.0,13.9,0.0,0.0,0.0,0.0,1,1018.3,934.9,27,23,0,22,0.0,0.06,4.7,9.4,212,238,14.4,17.5,20.8,18.5,13.7,0.203,0.208,0.258,0.336,0,0.0,0.0,0.0,0.0,0.0,0.0,0.0,0.0,0.0,0.0,0.0,0.0,0.0
1220,1220,41.01933,-7.7032776,723.0,2018-07-15T03:00,13.5,96,12.9,13.8,0.0,0.0,0.0,0.0,0,1018.3,934.9,13,14,0,0,0.0,0.06,4.2,7.8,211,236,12.2,17.1,20.6,18.5,13.7,0.203,0.208,0.258,0.336,0,0.0,0.0,0.0,0.0,0.0,0.0,0.0,0.0,0.0,0.0,0.0,0.0,0.0
1219,1219,41.01933,-7.7032776,723.0,2018-07-15T04:00,13.1,97,12.6,13.3,0.0,0.0,0.0,0.0,1,1018.1,934.6,36,40,0,0,0.0,0.04,4.2,6.5,211,236,10.8,16.7,20.3,18.5,13.7,0.203,0.208,0.258,0.336,0,0.0,0.0,0.0,0.0,0.0,0.0,0.0,0.0,0.0,0.0,0.0,0.0,0.0
1218,1218,41.01933,-7.7032776,723.0,2018-07-15T05:00,13.0,97,12.5,13.0,0.0,0.0,0.0,0.0,1,1018.0,934.5,47,52,0,0,0.0,0.04,5.2,7.6,205,225,11.9,16.4,20.1,18.5,13.7,0.203,0.208,0.258,0.336,0,0.0,0.0,0.0,0.0,0.0,0.0,0.0,0.0,0.0,0.0,0.0,0.0,0.0
1217,1217,41.01933,-7.7032776,723.0,2018-07-15T06:00,13.6,96,13.0,13.3,0.0,0.0,0.0,0.0,1,1017.9,934.5,24,27,0,0,0.01,0.06,8.5,10.2,208,222,16.6,16.3,19.9,18.5,13.7,0.203,0.208,0.258,0.336,1,275.08,23.0,9.0,14.0,89.5,23.0,74.6,52.5,20.5,32.0,159.7,29.4,170.2
1216,1216,41.01933,-7.7032776,723.0,2018-07-15T07:00,15.5,84,12.8,15.4,0.0,0.0,0.0,0.0,0,1018.4,935.5,10,11,0,0,0.07,0.28,6.6,8.9,221,223,17.3,16.8,19.7,18.5,13.7,0.203,0.208,0.258,0.336,1,3600.0,148.0,92.0,56.0,418.2,148.0,291.2,209.7,130.4,79.3,418.2,209.7,412.6
1215,1215,41.01933,-7.7032776,723.0,2018-07-15T08:00,17.1,73,12.3,17.1,0.0,0.0,0.0,0.0,0,1018.4,936.0,5,6,0,0,0.18,0.52,5.2,6.4,245,243,16.9,18.1,19.5,18.5,13.7,0.202,0.208,0.258,0.336,1,3600.0,326.0,239.0,87.0,595.0,326.0,531.7,397.6,291.5,106.1,595.0,397.6,648.5
1214,1214,41.01933,-7.7032776,723.0,2018-07-15T09:00,18.6,64,11.7,18.5,0.0,0.0,0.0,0.0,1,1018.4,936.4,35,39,0,0,0.3,0.77,4.6,5.9,225,227,16.9,19.6,19.5,18.5,13.7,0.201,0.208,0.258,0.336,1,3600.0,506.0,393.0,113.0,686.5,506.0,757.7,575.6,447.1,128.6,686.5,575.6,862.0
1213,1213,41.01933,-7.7032776,723.0,2018-07-15T10:00,19.4,59,11.2,18.9,0.0,0.0,0.0,0.0,1,1018.2,936.4,30,33,0,0,0.32,0.92,5.7,7.0,198,201,18.7,20.9,19.5,18.5,13.7,0.201,0.207,0.258,0.336,1,3600.0,510.0,350.0,160.0,485.7,510.0,953.8,555.3,381.1,174.2,485.7,555.3,1038.5
1212,1212,41.01933,-7.7032776,723.0,2018-07-15T11:00,20.7,53,10.8,21.0,0.0,0.0,0.0,0.0,1,1018.1,936.6,50,55,0,0,0.47,1.15,8.2,10.1,203,207,23.8,22.5,19.6,18.5,13.7,0.199,0.207,0.258,0.336,1,3600.0,754.0,522.0,232.0,624.4,754.0,1106.6,794.3,549.9,244.4,624.4,794.3,1165.8
1211,1211,41.01933,-7.7032776,723.0,2018-07-15T12:00,21.1,48,9.7,21.3,0.0,0.0,0.0,0.0,1,1018.1,936.8,27,25,7,0,0.56,1.3,11.5,14.5,200,203,27.7,24.1,19.8,18.5,13.8,0.199,0.207,0.258,0.336,1,3600.0,899.0,765.0,134.0,839.9,899.0,1205.7,921.2,783.9,137.3,839.9,921.2,1235.5
1210,1210,41.01933,-7.7032776,723.0,2018-07-15T13:00,21.8,44,9.1,21.3,0.0,0.0,0.0,0.0,1,1017.8,936.6,22,21,5,1,0.55,1.45,12.7,16.1,223,222,32.8,24.9,20.0,18.5,13.8,0.197,0.206,0.258,0.336,1,3600.0,854.0,640.0,214.0,680.8,854.0,1244.3,852.8,639.1,213.7,680.8,852.8,1242.6
1209,1209,41.01933,-7.7032776,723.0,2018-07-15T14:00,22.1,42,8.7,21.2,0.0,0.0,0.0,0.0,1,1017.6,936.6,31,25,14,0,0.51,1.54,11.8,15.2,247,248,32.8,25.3,20.3,18.5,13.8,0.196,0.206,0.258,0.336,1,3600.0,760.0,626.0,134.0,679.3,760.0,1219.8,739.4,609.0,130.4,679.3,739.4,1186.7
1208,1208,41.01933,-7.7032776,723.0,2018-07-15T15:00,21.6,46,9.3,20.5,0.0,0.0,0.0,0.0,2,1017.5,936.3,53,19,60,0,0.49,1.4,13.3,17.3,270,269,32.4,25.6,20.5,18.5,13.8,0.195,0.206,0.257,0.336,1,3600.0,738.0,558.0,180.0,651.5,738.0,1133.8,697.5,527.4,170.1,651.5,697.5,1071.6
1207,1207,41.01933,-7.7032776,723.0,2018-07-15T16:00,19.2,63,12.1,17.5,0.1,0.1,0.0,0.0,51,1018.6,936.7,47,25,40,2,0.3,0.81,15.9,21.3,283,281,37.8,25.0,20.7,18.5,13.8,0.194,0.205,0.257,0.336,1,3600.0,479.0,298.0,181.0,397.6,479.0,992.2,437.0,271.8,165.1,397.6,437.0,905.1
1206,1206,41.01933,-7.7032776,723.0,2018-07-15T17:00,18.1,72,13.0,17.2,0.9,0.9,0.0,0.0,53,1019.0,936.8,75,35,53,39,0.22,0.58,12.9,17.4,288,288,37.1,23.9,20.9,18.5,13.8,0.201,0.205,0.257,0.336,1,3600.0,368.0,266.0,102.0,437.6,368.0,804.6,319.5,230.9,88.6,437.6,319.5,698.6
1205,1205,41.01933,-7.7032776,723.0,2018-07-15T18:00,17.2,79,13.5,16.9,0.5,0.5,0.0,0.0,53,1019.1,936.6,100,48,56,90,0.14,0.41,9.1,12.4,304,300,30.2,22.7,21.0,18.5,13.8,0.206,0.205,0.257,0.336,1,3600.0,237.0,113.0,124.0,256.2,237.0,583.8,189.2,90.2,99.0,256.2,189.2,466.1
1204,1204,41.01933,-7.7032776,723.0,2018-07-15T19:00,16.7,82,13.7,16.5,0.0,0.0,0.0,0.0,2,1019.0,936.4,57,42,32,1,0.07,0.34,9.4,12.7,320,317,22.0,21.5,21.0,18.5,13.8,0.206,0.205,0.257,0.336,1,0.0,84.0,14.0,70.0,53.7,84.0,344.9,54.4,9.1,45.3,53.7,54.4,223.4
1203,1203,41.01933,-7.7032776,723.0,2018-07-15T20:00,15.9,86,13.6,16.3,0.0,0.0,0.0,0.0,0,1019.4,936.6,19,14,11,0,0.02,0.25,5.2,10.0,295,296,20.9,20.5,20.9,18.5,13.8,0.206,0.205,0.257,0.336,1,894.19,34.0,14.0,20.0,116.2,34.0,104.0,0.0,0.0,0.0,0.0,0.0,0.0
1202,1202,41.01933,-7.7032776,723.0,2018-07-15T21:00,14.9,92,13.6,15.5,0.0,0.0,0.0,0.0,0,1020.2,937.0,20,12,15,0,0.0,0.14,3.6,9.4,270,288,12.6,19.5,20.8,18.5,13.8,0.206,0.205,0.257,0.336,0,0.0,0.0,0.0,0.0,0.0,0.0,0.0,0.0,0.0,0.0,0.0,0.0,0.0
1201,1201,41.01933,-7.7032776,723.0,2018-07-15T22:00,14.5,93,13.4,15.0,0.0,0.0,0.0,0.0,0,1020.3,937.0,16,9,13,0,0.0,0.11,3.9,8.5,248,282,10.4,18.6,20.7,18.5,13.8,0.206,0.205,0.257,0.336,0,0.0,0.0,0.0,0.0,0.0,0.0,0.0,0.0,0.0,0.0,0.0,0.0,0.0
1200,1200,41.01933,-7.7032776,723.0,2018-07-15T23:00,14.0,94,13.0,14.3,0.0,0.0,0.0,0.0,0,1020.4,936.9,5,5,1,0,0.0,0.1,4.2,11.0,250,281,11.5,17.9,20.5,18.5,13.8,0.206,0.205,0.257,0.336,0,0.0,0.0,0.0,0.0,0.0,0.0,0.0,0.0,0.0,0.0,0.0,0.0,0.0
1199,1199,41.01933,-7.7032776,723.0,2018-07-16T00:00,13.6,95,12.8,13.5,0.0,0.0,0.0,0.0,0,1020.8,937.2,19,20,1,0,0.0,0.08,6.9,13.4,264,290,13.0,17.7,20.5,18.5,13.8,0.194,0.204,0.257,0.336,0,0.0,0.0,0.0,0.0,0.0,0.0,0.0,0.0,0.0,0.0,0.0,0.0,0.0
1198,1198,41.01933,-7.7032776,723.0,2018-07-16T01:00,13.9,96,13.2,14.2,0.0,0.0,0.0,0.0,0,1021.1,937.6,18,20,0,0,0.0,0.07,4.7,13.4,274,290,15.1,17.2,20.3,18.5,13.8,0.194,0.204,0.257,0.336,0,0.0,0.0,0.0,0.0,0.0,0.0,0.0,0.0,0.0,0.0,0.0,0.0,0.0
1197,1197,41.01933,-7.7032776,723.0,2018-07-16T02:00,12.9,97,12.5,12.7,0.0,0.0,0.0,0.0,1,1021.2,937.4,21,23,0,0,0.0,0.04,6.5,12.1,276,293,15.5,16.7,20.1,18.5,13.8,0.194,0.204,0.257,0.335,0,0.0,0.0,0.0,0.0,0.0,0.0,0.0,0.0,0.0,0.0,0.0,0.0,0.0
1196,1196,41.01933,-7.7032776,723.0,2018-07-16T03:00,12.9,97,12.5,12.8,0.0,0.0,0.0,0.0,0,1020.9,937.1,7,8,0,0,0.0,0.04,6.1,11.6,267,292,15.5,16.3,19.9,18.5,13.8,0.194,0.204,0.257,0.335,0,0.0,0.0,0.0,0.0,0.0,0.0,0.0,0.0,0.0,0.0,0.0,0.0,0.0
1195,1195,41.01933,-7.7032776,723.0,2018-07-16T04:00,12.2,97,11.8,11.8,0.0,0.0,0.0,0.0,0,1020.9,936.9,15,17,0,0,0.0,0.04,6.5,12.7,267,295,15.8,15.8,19.6,18.5,13.8,0.194,0.204,0.257,0.335,0,0.0,0.0,0.0,0.0,0.0,0.0,0.0,0.0,0.0,0.0,0.0,0.0,0.0
1194,1194,41.01933,-7.7032776,723.0,2018-07-16T05:00,12.0,98,11.7,11.6,0.0,0.0,0.0,0.0,1,1021.1,937.0,22,25,0,0,0.0,0.03,5.8,11.8,270,301,15.1,15.4,19.4,18.5,13.8,0.194,0.204,0.257,0.335,0,0.0,0.0,0.0,0.0,0.0,0.0,0.0,0.0,0.0,0.0,0.0,0.0,0.0
1193,1193,41.01933,-7.7032776,723.0,2018-07-16T06:00,13.3,95,12.5,13.3,0.0,0.0,0.0,0.0,0,1021.6,937.9,5,6,0,0,0.01,0.08,5.4,10.6,262,305,14.4,15.4,19.2,18.5,13.8,0.194,0.204,0.257,0.335,1,182.77,21.0,8.0,13.0,80.4,21.0,73.2,48.0,18.3,29.7,144.7,26.7,167.4
1192,1192,41.01933,-7.7032776,723.0,2018-07-16T07:00,15.2,82,12.2,15.0,0.0,0.0,0.0,0.0,0,1021.7,938.5,4,4,0,0,0.07,0.31,5.4,9.2,307,309,16.2,16.1,19.0,18.5,13.8,0.194,0.204,0.257,0.335,1,3600.0,151.0,92.0,59.0,422.2,151.0,288.5,214.6,130.8,83.9,422.2,214.6,410.0
1191,1191,41.01933,-7.7032776,723.0,2018-07-16T08:00,16.8,73,11.8,16.1,0.0,0.0,0.0,0.0,0,1021.9,939.1,1,1,0,0,0.18,0.52,8.4,10.6,335,332,22.3,17.4,18.9,18.5,13.8,0.193,0.204,0.257,0.335,1,3600.0,337.0,253.0,84.0,632.8,337.0,529.3,411.5,308.9,102.6,632.8,411.5,646.3
1190,1190,41.01933,-7.7032776,723.0,2018-07-16T09:00,18.2,67,12.0,17.6,0.0,0.0,0.0,0.0,0,1021.9,939.5,1,1,0,0,0.3,0.68,8.1,9.8,347,343,23.0,19.0,18.8,18.5,13.8,0.193,0.204,0.257,0.335,1,3600.0,528.0,431.0,97.0,755.1,528.0,755.6,601.0,490.6,110.4,755.1,601.0,860.1
1189,1189,41.01933,-7.7032776,723.0,2018-07-16T10:00,19.3,63,12.1,19.8,0.0,0.0,0.0,0.0,0,1021.9,939.8,2,2,0,0,0.41,0.83,7.5,9.2,343,339,23.0,20.8,18.9,18.5,13.8,0.192,0.204,0.256,0.335,1,3600.0,697.0,586.0,111.0,814.9,697.0,952.0,759.1,638.2,120.9,814.9,759.1,1036.8
1188,1188,41.01933,-7.7032776,723.0,2018-07-16T11:00,20.9,56,11.7,21.9,0.0,0.0,0.0,0.0,1,1021.9,940.2,43,48,0,0,0.51,1.1,8.1,9.5,339,335,24.1,22.5,19.0,18.5,13.8,0.191,0.203,0.256,0.335,1,3600.0,827.0,694.0,133.0,831.4,827.0,1105.1,871.4,731.3,140.1,831.4,871.4,1164.4
1187,1187,41.01933,-7.7032776,723.0,2018-07-16T12:00,22.2,52,12.0,23.0,0.0,0.0,0.0,0.0,3,1021.5,940.2,90,100,0,0,0.54,1.27,9.6,11.5,347,346,25.2,23.8,19.2,18.4,13.8,0.189,0.203,0.257,0.335,1,3600.0,834.0,588.0,246.0,646.3,834.0,1204.4,854.7,602.6,252.1,646.3,854.7,1234.3
1186,1186,41.01933,-7.7032776,723.0,2018-07-16T13:00,22.2,55,12.8,21.6,0.0,0.0,0.0,0.0,1,1021.3,940.0,36,40,0,0,0.41,1.2,12.2,15.3,341,341,29.5,24.3,19.4,18.4,13.8,0.188,0.203,0.256,0.335,1,3600.0,597.0,176.0,421.0,187.4,597.0,1243.2,596.2,175.8,420.4,187.4,596.2,1241.5
1185,1185,41.01933,-7.7032776,723.0,2018-07-16T14:00,22.5,56,13.4,22.9,0.0,0.0,0.0,0.0,1,1020.9,939.7,40,44,0,0,0.52,1.19,14.2,17.7,324,322,34.6,25.1,19.7,18.4,13.8,0.187,0.203,0.256,0.335,1,3600.0,811.0,609.0,202.0,661.5,811.0,1218.7,789.0,592.5,196.5,661.5,789.0,1185.6
1184,1184,41.01933,-7.7032776,723.0,2018-07-16T15:00,22.5,55,13.1,22.9,0.0,0.0,0.0,0.0,0,1020.8,939.6,11,12,0,0,0.52,1.22,13.2,16.8,313,312,35.6,25.7,20.0,18.4,13.9,0.186,0.202,0.256,0.335,1,3600.0,814.0,624.0,190.0,729.3,814.0,1132.7,769.3,589.7,179.6,729.3,769.3,1070.5
1183,1183,41.01933,-7.7032776,723.0,2018-07-16T16:00,22.2,55,12.8,22.2,0.0,0.0,0.0,0.0,0,1020.4,939.2,13,2,0,36,0.46,1.2,12.5,15.9,309,308,33.1,26.0,20.3,18.4,13.9,0.185,0.202,0.256,0.335,1,3600.0,725.0,605.0,120.0,808.2,725.0,991.0,661.2,551.8,109.4,808.2,661.2,903.9
1182,1182,41.01933,-7.7032776,723.0,2018-07-16T17:00,21.7,54,11.9,20.4,0.0,0.0,0.0,0.0,0,1020.4,939.0,13,2,0,36,0.37,1.2,13.2,17.1,315,314,31.3,25.7,20.5,18.4,13.9,0.184,0.201,0.256,0.335,1,3600.0,567.0,464.0,103.0,764.7,567.0,803.3,492.1,402.7,89.4,764.7,492.1,697.2
1181,1181,41.01933,-7.7032776,723.0,2018-07-16T18:00,21.1,54,11.4,19.5,0.0,0.0,0.0,0.0,0,1020.3,938.8,4,0,0,15,0.26,1.15,13.5,18.6,318,316,31.7,24.9,20.7,18.4,13.9,0.183,0.201,0.256,0.335,1,3600.0,380.0,291.0,89.0,661.6,380.0,582.3,303.1,232.1,71.0,661.6,303.1,464.4
1180,1180,41.01933,-7.7032776,723.0,2018-07-16T19:00,19.1,70,13.6,18.2,0.0,0.0,0.0,0.0,0,1020.3,938.2,0,0,0,0,0.13,0.65,14.3,20.4,317,315,31.3,23.7,20.9,18.4,13.9,0.183,0.201,0.256,0.335,1,3600.0,197.0,135.0,62.0,521.0,197.0,343.0,127.2,87.1,40.0,521.0,127.2,221.4
1179,1179,41.01933,-7.7032776,723.0,2018-07-16T20:00,16.8,84,14.1,16.8,0.0,0.0,0.0,0.0,0,1020.6,937.9,0,0,0,0,0.03,0.3,9.2,17.9,312,310,31.0,22.2,20.9,18.4,13.9,0.183,0.201,0.256,0.335,1,1876.45,44.0,23.0,21.0,192.1,44.0,101.8,0.0,0.0,0.0,0.0,0.0,0.0
1178,1178,41.01933,-7.7032776,723.0,2018-07-16T21:00,15.3,91,13.8,15.7,0.0,0.0,0.0,0.0,0,1021.1,937.9,2,2,0,0,0.0,0.16,5.3,15.3,298,304,21.2,20.7,20.9,18.4,13.9,0.183,0.201,0.256,0.335,0,0.0,0.0,0.0,0.0,0.0,0.0,0.0,0.0,0.0,0.0,0.0,0.0,0.0
1177,1177,41.01933,-7.7032776,723.0,2018-07-16T22:00,14.2,94,13.3,14.6,0.0,0.0,0.0,0.0,0,1021.0,937.6,1,1,0,0,0.0,0.1,4.7,11.5,274,309,13.7,19.5,20.8,18.4,13.9,0.183,0.201,0.256,0.335,0,0.0,0.0,0.0,0.0,0.0,0.0,0.0,0.0,0.0,0.0,0.0,0.0,0.0
1176,1176,41.01933,-7.7032776,723.0,2018-07-16T23:00,13.8,94,12.9,14.0,0.0,0.0,0.0,0.0,0,1020.6,937.1,1,1,0,0,0.0,0.09,5.1,9.2,278,321,10.8,18.5,20.7,18.5,13.9,0.183,0.201,0.256,0.335,0,0.0,0.0,0.0,0.0,0.0,0.0,0.0,0.0,0.0,0.0,0.0,0.0,0.0
1175,1175,41.01933,-7.7032776,723.0,2018-07-17T00:00,14.4,91,12.9,14.6,0.0,0.0,0.0,0.0,0,1020.7,937.3,1,1,0,0,0.0,0.15,5.0,6.0,270,327,10.4,18.4,20.6,18.5,13.9,0.181,0.2,0.255,0.335,0,0.0,0.0,0.0,0.0,0.0,0.0,0.0,0.0,0.0,0.0,0.0,0.0,0.0
1174,1174,41.01933,-7.7032776,723.0,2018-07-17T01:00,15.2,87,13.0,15.6,0.0,0.0,0.0,0.0,0,1020.3,937.2,0,0,0,0,0.0,0.22,3.4,5.4,288,356,7.9,17.5,20.4,18.5,13.9,0.181,0.2,0.255,0.335,0,0.0,0.0,0.0,0.0,0.0,0.0,0.0,0.0,0.0,0.0,0.0,0.0,0.0
1173,1173,41.01933,-7.7032776,723.0,2018-07-17T02:00,15.0,88,13.0,15.6,0.0,0.0,0.0,0.0,0,1019.9,936.8,0,0,0,1,0.0,0.21,2.3,6.1,321,28,5.4,16.8,20.2,18.5,13.9,0.181,0.2,0.255,0.335,0,0.0,0.0,0.0,0.0,0.0,0.0,0.0,0.0,0.0,0.0,0.0,0.0,0.0
1172,1172,41.01933,-7.7032776,723.0,2018-07-17T03:00,14.8,90,13.2,15.5,0.0,0.0,0.0,0.0,0,1019.7,936.5,0,0,0,0,0.0,0.17,2.3,7.1,108,49,6.5,16.1,20.0,18.5,13.9,0.181,0.2,0.255,0.335,0,0.0,0.0,0.0,0.0,0.0,0.0,0.0,0.0,0.0,0.0,0.0,0.0,0.0
1171,1171,41.01933,-7.7032776,723.0,2018-07-17T04:00,14.7,91,13.2,15.2,0.0,0.0,0.0,0.0,0,1019.3,936.1,0,0,0,0,0.0,0.15,3.3,7.8,84,56,8.6,15.6,19.7,18.5,13.9,0.182,0.201,0.255,0.335,0,0.0,0.0,0.0,0.0,0.0,0.0,0.0,0.0,0.0,0.0,0.0,0.0,0.0
1170,1170,41.01933,-7.7032776,723.0,2018-07-17T05:00,14.3,92,13.0,14.7,0.0,0.0,0.0,0.0,0,1019.2,935.9,0,0,0,0,0.0,0.13,3.5,8.3,66,56,9.4,15.1,19.5,18.5,13.9,0.182,0.201,0.255,0.335,0,0.0,0.0,0.0,0.0,0.0,0.0,0.0,0.0,0.0,0.0,0.0,0.0,0.0
1169,1169,41.01933,-7.7032776,723.0,2018-07-17T06:00,14.2,91,12.8,14.7,0.0,0.0,0.0,0.0,0,1019.0,935.7,0,0,0,0,0.01,0.15,2.3,7.1,129,60,9.4,15.1,19.2,18.4,13.9,0.182,0.201,0.255,0.335,1,269.82,22.0,9.0,13.0,91.5,22.0,71.8,50.4,20.6,29.8,166.1,27.8,164.5
1168,1168,41.01933,-7.7032776,723.0,2018-07-17T07:00,16.1,82,12.9,16.4,0.0,0.0,0.0,0.0,0,1019.0,936.2,0,0,0,0,0.07,0.34,4.1,7.6,38,59,12.2,16.1,19.0,18.4,13.9,0.182,0.201,0.255,0.335,1,3600.0,154.0,99.0,55.0,458.8,154.0,285.7,219.6,141.2,78.4,458.8,219.6,407.4
1167,1167,41.01933,-7.7032776,723.0,2018-07-17T08:00,17.6,75,13.2,17.5,0.0,0.0,0.0,0.0,0,1019.0,936.6,0,0,0,0,0.18,0.5,7.4,10.0,43,49,20.2,17.6,18.9,18.4,13.9,0.181,0.2,0.255,0.335,1,3600.0,336.0,256.0,80.0,643.3,336.0,526.8,410.7,312.9,97.8,643.3,410.7,644.0
1166,1166,41.01933,-7.7032776,723.0,2018-07-17T09:00,19.4,69,13.6,19.2,0.0,0.0,0.0,0.0,0,1018.6,936.7,0,0,0,0,0.31,0.69,8.9,11.2,47,50,24.1,19.3,18.9,18.4,13.9,0.181,0.2,0.255,0.335,1,3600.0,524.0,427.0,97.0,750.3,524.0,753.5,596.7,486.3,110.5,750.3,596.7,858.1
1165,1165,41.01933,-7.7032776,723.0,2018-07-17T10:00,21.6,61,13.7,22.4,0.0,0.0,0.0,0.0,0,1018.1,936.9,0,0,0,0,0.43,1.01,8.5,10.5,54,59,24.5,21.2,19.0,18.4,13.9,0.18,0.2,0.255,0.335,1,3600.0,694.0,585.0,109.0,815.1,694.0,950.2,756.0,637.3,118.7,815.1,756.0,1035.1
1164,1164,41.01933,-7.7032776,723.0,2018-07-17T11:00,23.6,53,13.6,25.5,0.0,0.0,0.0,0.0,0,1017.4,936.8,0,0,0,0,0.55,1.36,6.6,8.1,61,69,24.1,23.2,19.1,18.4,13.9,0.179,0.199,0.255,0.335,1,3600.0,828.0,712.0,116.0,854.2,828.0,1103.5,872.6,750.4,122.3,854.2,872.6,1163.0
1163,1163,41.01933,-7.7032776,723.0,2018-07-17T12:00,24.2,53,13.9,27.0,0.0,0.0,0.0,0.0,0,1017.4,936.9,2,1,1,0,0.62,1.43,5.4,5.9,37,43,21.6,24.9,19.3,18.4,13.9,0.179,0.2,0.256,0.335,1,3600.0,916.0,796.0,120.0,876.0,916.0,1203.0,938.8,815.8,123.0,876.0,938.8,1233.0
1162,1162,41.01933,-7.7032776,723.0,2018-07-17T13:00,25.6,47,13.5,28.6,0.0,0.0,0.0,0.0,1,1016.5,936.4,21,8,23,0,0.65,1.73,4.3,4.7,48,58,19.4,26.4,19.6,18.4,13.9,0.177,0.199,0.255,0.335,1,3600.0,947.0,822.0,125.0,876.3,947.0,1242.0,945.8,820.9,124.8,876.3,945.8,1240.3
1161,1161,41.01933,-7.7032776,723.0,2018-07-17T14:00,26.4,42,12.6,28.2,0.0,0.0,0.0,0.0,0,1015.6,935.8,20,0,33,0,0.58,1.98,4.9,5.5,54,67,18.7,27.3,20.0,18.4,13.9,0.176,0.199,0.255,0.335,1,3600.0,812.0,631.0,181.0,686.2,812.0,1217.6,790.0,613.9,176.1,686.2,790.0,1184.5
1160,1160,41.01933,-7.7032776,723.0,2018-07-17T15:00,26.9,40,12.1,28.1,0.0,0.0,0.0,0.0,1,1014.9,935.3,29,0,48,0,0.53,2.14,4.3,4.4,42,55,18.4,27.8,20.3,18.4,13.9,0.175,0.198,0.255,0.335,1,3600.0,732.0,556.0,176.0,650.6,732.0,1131.6,691.7,525.4,166.3,650.6,691.7,1069.3
1159,1159,41.01933,-7.7032776,723.0,2018-07-17T16:00,26.6,41,12.2,26.6,0.0,0.0,0.0,0.0,1,1014.2,934.6,47,0,78,0,0.45,2.05,6.7,7.9,344,344,18.4,27.9,20.7,18.4,13.9,0.174,0.198,0.255,0.335,1,3600.0,604.0,416.0,188.0,556.5,604.0,989.8,550.8,379.3,171.4,556.5,550.8,902.6
1158,1158,41.01933,-7.7032776,723.0,2018-07-17T17:00,25.0,51,14.1,24.5,0.1,0.1,0.0,0.0,51,1014.1,934.1,31,7,41,0,0.35,1.56,12.5,16.3,319,319,27.7,27.4,21.0,18.4,13.9,0.174,0.197,0.254,0.335,1,3600.0,454.0,259.0,195.0,427.7,454.0,801.9,393.8,224.7,169.2,427.7,393.8,695.6
1157,1157,41.01933,-7.7032776,723.0,2018-07-17T18:00,23.1,62,15.3,22.5,0.0,0.0,0.0,0.0,0,1014.1,933.6,8,0,14,0,0.23,1.09,16.5,23.2,314,313,37.1,26.4,21.2,18.4,14.0,0.173,0.197,0.254,0.335,1,3600.0,289.0,183.0,106.0,417.3,289.0,580.6,230.3,145.8,84.5,417.3,230.3,462.6
1156,1156,41.01933,-7.7032776,723.0,2018-07-17T19:00,22.3,65,15.4,22.4,0.0,0.0,0.0,0.0,0,1014.1,933.4,5,0,8,0,0.14,0.94,11.8,17.9,310,308,35.6,25.3,21.4,18.4,14.0,0.173,0.197,0.254,0.335,1,3600.0,178.0,117.0,61.0,454.2,178.0,341.1,114.5,75.2,39.2,454.2,114.5,219.3
1155,1155,41.01933,-7.7032776,723.0,2018-07-17T20:00,20.3,72,15.1,20.9,0.0,0.0,0.0,0.0,0,1014.2,933.0,7,0,11,0,0.04,0.67,7.4,17.7,293,299,25.6,23.9,21.5,18.4,14.0,0.173,0.197,0.254,0.335,1,1660.01,40.0,20.0,20.0,168.2,40.0,99.6,0.0,0.0,0.0,0.0,0.0,0.0
1154,1154,41.01933,-7.7032776,723.0,2018-07-17T21:00,19.1,80,15.5,20.1,0.0,0.0,0.0,0.0,0,1014.6,933.0,1,0,2,0,0.0,0.44,5.6,15.8,285,297,17.3,22.5,21.6,18.4,14.0,0.173,0.197,0.254,0.335,0,0.0,0.0,0.0,0.0,0.0,0.0,0.0,0.0,0.0,0.0,0.0,0.0,0.0
1153,1153,41.01933,-7.7032776,723.0,2018-07-17T22:00,17.6,90,15.9,18.6,0.0,0.0,0.0,0.0,0,1014.3,932.3,0,0,0,0,0.0,0.21,6.5,11.7,289,317,13.3,21.3,21.5,18.4,14.0,0.173,0.197,0.254,0.335,0,0.0,0.0,0.0,0.0,0.0,0.0,0.0,0.0,0.0,0.0,0.0,0.0,0.0
1152,1152,41.01933,-7.7032776,723.0,2018-07-17T23:00,17.3,91,15.8,18.6,0.0,0.0,0.0,0.0,0,1014.2,932.1,10,0,17,0,0.0,0.17,4.3,9.7,246,297,12.6,20.4,21.4,18.4,14.0,0.173,0.197,0.254,0.335,0,0.0,0.0,0.0,0.0,0.0,0.0,0.0,0.0,0.0,0.0,0.0,0.0,0.0
1151,1151,41.01933,-7.7032776,723.0,2018-07-18T00:00,17.1,92,15.9,18.5,0.0,0.0,0.0,0.0,1,1014.4,932.3,24,0,40,1,0.0,0.15,4.1,6.9,218,264,10.1,19.1,21.3,18.4,14.0,0.17,0.195,0.253,0.335,0,0.0,0.0,0.0,0.0,0.0,0.0,0.0,0.0,0.0,0.0,0.0,0.0,0.0
1150,1150,41.01933,-7.7032776,723.0,2018-07-18T01:00,16.8,94,15.8,18.1,0.1,0.1,0.0,0.0,51,1014.3,932.1,23,1,37,0,0.0,0.11,4.3,6.5,222,276,10.8,18.9,21.1,18.5,14.0,0.171,0.195,0.253,0.335,0,0.0,0.0,0.0,0.0,0.0,0.0,0.0,0.0,0.0,0.0,0.0,0.0,0.0
1149,1149,41.01933,-7.7032776,723.0,2018-07-18T02:00,15.9,96,15.2,17.5,0.9,0.9,0.0,0.0,53,1014.1,931.7,22,1,35,0,0.0,0.08,0.7,4.2,180,20,19.4,18.5,21.0,18.5,14.0,0.179,0.195,0.253,0.335,0,0.0,0.0,0.0,0.0,0.0,0.0,0.0,0.0,0.0,0.0,0.0,0.0,0.0
1148,1148,41.01933,-7.7032776,723.0,2018-07-18T03:00,17.0,89,15.2,18.4,0.0,0.0,0.0,0.0,0,1013.8,931.7,3,1,3,0,0.0,0.22,2.6,5.9,286,52,7.6,18.1,20.8,18.5,14.0,0.179,0.195,0.253,0.335,0,0.0,0.0,0.0,0.0,0.0,0.0,0.0,0.0,0.0,0.0,0.0,0.0,0.0
1147,1147,41.01933,-7.7032776,723.0,2018-07-18T04:00,16.7,89,15.0,18.0,0.0,0.0,0.0,0.0,0,1013.6,931.4,0,0,0,0,0.0,0.2,2.2,4.1,261,45,6.8,17.5,20.6,18.5,14.0,0.179,0.195,0.253,0.335,0,0.0,0.0,0.0,0.0,0.0,0.0,0.0,0.0,0.0,0.0,0.0,0.0,0.0
1146,1146,41.01933,-7.7032776,723.0,2018-07-18T05:00,14.5,95,13.7,15.1,0.0,0.0,0.0,0.0,0,1013.6,930.8,0,0,0,0,0.0,0.08,3.8,3.3,221,229,9.7,17.0,20.4,18.5,14.0,0.18,0.195,0.253,0.335,0,0.0,0.0,0.0,0.0,0.0,0.0,0.0,0.0,0.0,0.0,0.0,0.0,0.0
1145,1145,41.01933,-7.7032776,723.0,2018-07-18T06:00,15.5,94,14.5,16.2,0.0,0.0,0.0,0.0,0,1013.9,931.4,10,11,0,0,0.01,0.11,5.3,6.4,208,232,11.9,16.9,20.2,18.5,14.0,0.18,0.195,0.253,0.335,1,182.14,21.0,8.0,13.0,82.3,21.0,70.3,48.2,18.4,29.9,150.6,26.3,161.5
1144,1144,41.01933,-7.7032776,723.0,2018-07-18T07:00,17.3,91,15.9,18.4,0.0,0.0,0.0,0.0,0,1014.6,932.5,18,20,0,0,0.07,0.17,5.6,7.1,230,240,15.1,17.5,20.0,18.5,14.0,0.18,0.195,0.253,0.335,1,3600.0,141.0,89.0,52.0,416.6,141.0,282.9,201.7,127.3,74.4,416.6,201.7,404.8
1143,1143,41.01933,-7.7032776,723.0,2018-07-18T08:00,19.0,83,16.0,20.7,0.0,0.0,0.0,0.0,0,1014.8,933.1,2,2,0,0,0.18,0.38,1.8,2.6,259,254,14.8,18.7,19.9,18.5,14.0,0.18,0.195,0.253,0.335,1,3600.0,316.0,227.0,89.0,573.2,316.0,524.4,386.7,277.8,108.9,573.2,386.7,641.7
1142,1142,41.01933,-7.7032776,723.0,2018-07-18T09:00,20.9,68,14.8,21.9,0.0,0.0,0.0,0.0,1,1014.9,933.7,36,40,0,0,0.31,0.78,3.6,4.3,225,228,14.8,20.4,19.8,18.5,14.0,0.179,0.195,0.253,0.335,1,3600.0,500.0,391.0,109.0,689.1,500.0,751.3,569.7,445.5,124.2,689.1,569.7,856.1
1141,1141,41.01933,-7.7032776,723.0,2018-07-18T10:00,22.1,61,14.4,22.7,0.0,0.0,0.0,0.0,1,1014.7,933.9,22,24,0,0,0.38,1.03,7.0,8.8,215,215,20.5,22.0,19.9,18.5,14.0,0.179,0.195,0.253,0.335,1,3600.0,582.0,380.0,202.0,530.6,582.0,948.3,634.2,414.1,220.1,530.6,634.2,1033.4
1140,1140,41.01933,-7.7032776,723.0,2018-07-18T11:00,23.0,58,14.2,24.3,0.0,0.0,0.0,0.0,0,1014.9,934.3,17,19,0,0,0.49,1.18,8.5,10.8,208,210,25.2,23.6,20.0,18.5,14.0,0.178,0.194,0.253,0.335,1,3600.0,751.0,578.0,173.0,694.5,751.0,1101.9,791.6,609.2,182.4,694.5,791.6,1161.5
1139,1139,41.01933,-7.7032776,723.0,2018-07-18T12:00,23.8,50,12.9,25.2,0.0,0.0,0.0,0.0,2,1015.2,934.8,66,73,1,0,0.58,1.46,9.4,12.0,223,224,28.1,25.0,20.3,18.5,14.0,0.175,0.196,0.254,0.335,1,3600.0,869.0,715.0,154.0,787.9,869.0,1201.7,890.7,732.9,157.8,787.9,890.7,1231.7
1138,1138,41.01933,-7.7032776,723.0,2018-07-18T13:00,23.9,47,12.0,23.7,0.0,0.0,0.0,0.0,2,1015.1,934.7,69,73,5,0,0.47,1.56,10.0,12.9,244,243,26.6,25.6,20.5,18.5,14.0,0.174,0.195,0.253,0.335,1,3600.0,657.0,356.0,301.0,379.9,657.0,1240.7,656.2,355.6,300.6,379.9,656.2,1239.1
1137,1137,41.01933,-7.7032776,723.0,2018-07-18T14:00,24.6,47,12.5,26.0,0.0,0.0,0.0,0.0,2,1015.0,934.8,54,60,0,0,0.61,1.64,9.3,12.1,254,253,27.7,26.8,20.8,18.5,14.0,0.173,0.195,0.253,0.335,1,3600.0,890.0,693.0,197.0,754.4,890.0,1216.4,865.8,674.2,191.6,754.4,865.8,1183.3
1136,1136,41.01933,-7.7032776,723.0,2018-07-18T15:00,24.3,49,12.8,24.6,0.0,0.0,0.0,0.0,2,1015.2,934.9,66,73,0,0,0.52,1.56,10.9,13.6,262,259,27.7,27.3,21.0,18.5,14.0,0.172,0.194,0.253,0.335,1,3600.0,744.0,513.0,231.0,601.0,744.0,1130.4,703.0,484.7,218.3,601.0,703.0,1068.1
1135,1135,41.01933,-7.7032776,723.0,2018-07-18T16:00,23.6,54,13.8,23.7,0.0,0.0,0.0,0.0,2,1015.4,934.9,53,59,0,0,0.46,1.33,11.9,15.1,272,269,29.9,27.4,21.3,18.5,14.0,0.171,0.194,0.253,0.335,1,3600.0,676.0,470.0,206.0,629.6,676.0,988.5,616.3,428.5,187.8,629.6,616.3,901.2
1134,1134,41.01933,-7.7032776,723.0,2018-07-18T17:00,22.1,64,15.0,21.9,0.0,0.0,0.0,0.0,2,1015.8,934.9,69,77,0,0,0.33,0.96,12.7,16.6,285,283,31.0,27.0,21.6,18.5,14.0,0.17,0.194,0.253,0.335,1,3600.0,517.0,347.0,170.0,574.1,517.0,800.3,448.3,300.9,147.4,574.1,448.3,694.0
1133,1133,41.01933,-7.7032776,723.0,2018-07-18T18:00,20.3,73,15.4,20.1,0.0,0.0,0.0,0.0,1,1016.2,934.8,27,30,0,0,0.19,0.63,13.7,18.4,297,296,31.7,25.9,21.8,18.5,14.0,0.17,0.194,0.253,0.335,1,3600.0,286.0,141.0,145.0,322.6,286.0,578.8,227.6,112.2,115.4,322.6,227.6,460.7
1132,1132,41.01933,-7.7032776,723.0,2018-07-18T19:00,18.6,78,14.6,18.3,0.0,0.0,0.0,0.0,0,1016.4,934.5,4,5,0,0,0.11,0.48,12.7,17.2,299,296,31.7,24.6,21.9,18.5,14.0,0.17,0.193,0.253,0.335,1,3600.0,185.0,114.0,71.0,445.3,185.0,339.0,118.5,73.0,45.5,445.3,118.5,217.1
1131,1131,41.01933,-7.7032776,723.0,2018-07-18T20:00,16.7,84,14.1,16.8,0.0,0.0,0.0,0.0,0,1016.7,934.3,4,4,0,0,0.02,0.3,8.2,14.7,285,287,27.7,23.0,21.9,18.5,14.0,0.17,0.193,0.253,0.335,0,1772.55,42.0,21.0,21.0,177.8,42.0,97.6,0.0,0.0,0.0,0.0,0.0,0.0
1130,1130,41.01933,-7.7032776,723.0,2018-07-18T21:00,15.3,92,14.0,16.0,0.0,0.0,0.0,0.0,0,1017.2,934.4,5,6,0,0,0.0,0.15,4.3,11.1,275,283,18.7,21.4,21.9,18.5,14.0,0.17,0.193,0.253,0.335,0,0.0,0.0,0.0,0.0,0.0,0.0,0.0,0.0,0.0,0.0,0.0,0.0,0.0
1129,1129,41.01933,-7.7032776,723.0,2018-07-18T22:00,14.3,96,13.6,14.9,0.0,0.0,0.0,0.0,0,1017.3,934.2,12,13,0,0,0.0,0.07,3.6,9.2,276,291,11.2,20.1,21.7,18.5,14.0,0.17,0.193,0.253,0.335,0,0.0,0.0,0.0,0.0,0.0,0.0,0.0,0.0,0.0,0.0,0.0,0.0,0.0
1128,1128,41.01933,-7.7032776,723.0,2018-07-18T23:00,13.9,97,13.4,14.5,0.0,0.0,0.0,0.0,1,1016.9,933.7,23,26,0,0,0.0,0.05,3.6,8.1,270,291,9.4,19.1,21.6,18.5,14.0,0.17,0.193,0.253,0.335,0,0.0,0.0,0.0,0.0,0.0,0.0,0.0,0.0,0.0,0.0,0.0,0.0,0.0
1127,1127,41.01933,-7.7032776,723.0,2018-07-19T00:00,13.6,97,13.2,13.9,0.0,0.0,0.0,0.0,1,1017.1,933.8,44,49,0,0,0.0,0.05,5.1,8.4,262,290,8.6,18.4,21.4,18.5,14.1,0.169,0.193,0.252,0.335,0,0.0,0.0,0.0,0.0,0.0,0.0,0.0,0.0,0.0,0.0,0.0,0.0,0.0
1126,1126,41.01933,-7.7032776,723.0,2018-07-19T01:00,13.7,97,13.3,14.2,0.0,0.0,0.0,0.0,2,1016.9,933.7,55,61,0,0,0.0,0.05,3.6,8.7,270,300,9.7,17.9,21.2,18.5,14.1,0.169,0.193,0.252,0.335,0,0.0,0.0,0.0,0.0,0.0,0.0,0.0,0.0,0.0,0.0,0.0,0.0,0.0
1125,1125,41.01933,-7.7032776,723.0,2018-07-19T02:00,14.0,97,13.5,14.5,0.0,0.0,0.0,0.0,2,1017.0,933.8,54,57,0,10,0.0,0.05,3.6,8.2,270,293,9.0,17.6,21.0,18.5,14.1,0.169,0.193,0.252,0.335,0,0.0,0.0,0.0,0.0,0.0,0.0,0.0,0.0,0.0,0.0,0.0,0.0,0.0
1124,1124,41.01933,-7.7032776,723.0,2018-07-19T03:00,14.2,95,13.4,14.7,0.0,0.0,0.0,0.0,3,1016.9,933.8,81,57,11,76,0.0,0.08,4.0,6.2,260,280,10.1,17.4,20.8,18.5,14.1,0.169,0.193,0.252,0.335,0,0.0,0.0,0.0,0.0,0.0,0.0,0.0,0.0,0.0,0.0,0.0,0.0,0.0
1123,1123,41.01933,-7.7032776,723.0,2018-07-19T04:00,14.2,95,13.4,14.8,0.0,0.0,0.0,0.0,3,1016.6,933.5,100,46,86,75,0.0,0.08,3.5,4.3,246,270,11.2,17.3,20.6,18.5,14.1,0.169,0.193,0.252,0.335,0,0.0,0.0,0.0,0.0,0.0,0.0,0.0,0.0,0.0,0.0,0.0,0.0,0.0
1122,1122,41.01933,-7.7032776,723.0,2018-07-19T05:00,14.1,95,13.3,14.7,0.0,0.0,0.0,0.0,0,1016.3,933.2,11,6,9,0,0.0,0.08,2.4,2.7,243,247,8.3,17.1,20.4,18.5,14.1,0.17,0.193,0.252,0.335,0,0.0,0.0,0.0,0.0,0.0,0.0,0.0,0.0,0.0,0.0,0.0,0.0,0.0
1121,1121,41.01933,-7.7032776,723.0,2018-07-19T06:00,13.8,96,13.2,14.1,0.0,0.0,0.0,0.0,0,1016.6,933.4,4,5,0,0,0.01,0.06,5.0,6.5,249,270,8.6,16.7,20.1,18.5,14.1,0.17,0.193,0.252,0.335,1,99.93,19.0,7.0,12.0,72.8,19.0,68.9,43.7,16.1,27.6,134.6,23.7,158.5
1120,1120,41.01933,-7.7032776,723.0,2018-07-19T07:00,15.5,87,13.3,15.9,0.0,0.0,0.0,0.0,0,1017.0,934.2,18,20,0,0,0.07,0.23,4.0,5.1,280,278,12.6,17.3,20.0,18.5,14.1,0.17,0.193,0.252,0.335,1,3600.0,142.0,86.0,56.0,406.6,142.0,280.1,203.9,123.5,80.4,406.6,203.9,402.1
1119,1119,41.01933,-7.7032776,723.0,2018-07-19T08:00,17.2,80,13.7,17.7,0.0,0.0,0.0,0.0,3,1017.0,934.7,90,100,0,0,0.15,0.39,4.2,5.1,329,321,15.1,18.4,19.8,18.5,14.1,0.169,0.193,0.252,0.334,1,3600.0,279.0,167.0,112.0,423.8,279.0,521.9,341.8,204.6,137.2,423.8,341.8,639.3
1118,1118,41.01933,-7.7032776,723.0,2018-07-19T09:00,18.7,72,13.6,19.3,0.0,0.0,0.0,0.0,2,1016.9,935.0,55,61,0,0,0.22,0.6,3.6,3.6,360,354,15.8,19.8,19.8,18.5,14.1,0.169,0.193,0.252,0.334,1,3600.0,367.0,136.0,231.0,240.4,367.0,749.2,418.4,155.0,263.3,240.4,418.4,854.1
1117,1117,41.01933,-7.7032776,723.0,2018-07-19T10:00,20.3,61,12.7,20.7,0.0,0.0,0.0,0.0,1,1017.0,935.5,33,37,0,0,0.36,0.92,4.0,4.3,5,360,16.6,21.4,19.8,18.5,14.1,0.168,0.193,0.252,0.334,1,3600.0,571.0,331.0,240.0,463.1,571.0,946.5,622.4,360.8,261.6,463.1,622.4,1031.7
1116,1116,41.01933,-7.7032776,723.0,2018-07-19T11:00,21.7,56,12.5,23.0,0.0,0.0,0.0,0.0,1,1017.0,935.9,28,31,0,0,0.49,1.14,5.4,6.3,352,347,20.2,23.2,19.9,18.5,14.1,0.168,0.192,0.252,0.334,1,3600.0,759.0,546.0,213.0,657.1,759.0,1100.3,800.2,575.6,224.6,657.1,800.2,1160.0
1115,1115,41.01933,-7.7032776,723.0,2018-07-19T12:00,22.5,50,11.7,23.8,0.0,0.0,0.0,0.0,1,1016.9,936.0,21,23,0,0,0.57,1.36,8.0,9.4,342,337,22.0,24.9,20.0,18.5,14.1,0.167,0.192,0.253,0.334,1,3600.0,869.0,669.0,200.0,738.1,869.0,1200.3,890.8,685.8,205.0,738.1,890.8,1230.4
1114,1114,41.01933,-7.7032776,723.0,2018-07-19T13:00,23.6,46,11.2,24.6,0.0,0.0,0.0,0.0,0,1016.7,936.1,19,21,0,0,0.61,1.58,10.5,12.9,333,330,28.4,26.2,20.3,18.5,14.1,0.166,0.191,0.253,0.334,1,3600.0,922.0,738.0,184.0,788.5,922.0,1239.4,920.9,737.1,183.8,788.5,920.9,1237.9
1113,1113,41.01933,-7.7032776,723.0,2018-07-19T14:00,24.0,45,11.2,24.6,0.0,0.0,0.0,0.0,1,1016.5,936.0,22,25,0,0,0.61,1.65,12.2,15.2,326,324,31.7,27.0,20.6,18.5,14.1,0.165,0.191,0.253,0.334,1,3600.0,907.0,741.0,166.0,807.6,907.0,1215.2,882.3,720.8,161.5,807.6,882.3,1182.1
1112,1112,41.01933,-7.7032776,723.0,2018-07-19T15:00,24.0,45,11.4,24.0,0.0,0.0,0.0,0.0,0,1016.4,935.9,20,22,0,0,0.56,1.63,13.2,16.6,315,312,33.1,27.5,20.9,18.5,14.1,0.164,0.19,0.252,0.334,1,3600.0,833.0,672.0,161.0,788.2,833.0,1129.1,787.0,634.9,152.1,788.2,787.0,1066.7
1111,1111,41.01933,-7.7032776,723.0,2018-07-19T16:00,23.2,53,13.2,23.0,0.0,0.0,0.0,0.0,2,1016.5,935.8,64,70,1,0,0.47,1.32,14.1,17.7,310,308,34.9,27.5,21.2,18.5,14.1,0.163,0.19,0.252,0.334,1,3600.0,714.0,576.0,138.0,772.8,714.0,987.1,650.8,525.0,125.8,772.8,650.8,899.7
1110,1110,41.01933,-7.7032776,723.0,2018-07-19T17:00,22.5,58,13.8,21.6,0.0,0.0,0.0,0.0,2,1016.9,936.0,79,87,1,0,0.35,1.15,14.5,19.1,314,313,34.2,27.0,21.4,18.5,14.1,0.163,0.19,0.252,0.334,1,3600.0,517.0,347.0,170.0,575.4,517.0,798.7,448.1,300.7,147.3,575.4,448.1,692.3
1109,1109,41.01933,-7.7032776,723.0,2018-07-19T18:00,20.8,70,15.1,20.1,0.0,0.0,0.0,0.0,1,1016.9,935.6,46,51,1,0,0.19,0.74,16.9,22.9,320,318,37.8,25.9,21.6,18.5,14.1,0.162,0.19,0.252,0.334,1,3600.0,267.0,107.0,160.0,245.6,267.0,576.9,212.2,85.1,127.2,245.6,212.2,458.6
1108,1108,41.01933,-7.7032776,723.0,2018-07-19T19:00,19.5,77,15.3,19.1,0.0,0.0,0.0,0.0,1,1017.2,935.5,39,40,1,7,0.11,0.52,14.8,21.1,317,316,37.4,24.7,21.7,18.5,14.1,0.162,0.19,0.252,0.334,1,3600.0,146.0,74.0,72.0,291.0,146.0,336.8,93.1,47.2,45.9,291.0,93.1,214.7
1107,1107,41.01933,-7.7032776,723.0,2018-07-19T20:00,18.2,85,15.6,18.4,0.0,0.0,0.0,0.0,0,1017.5,935.4,16,17,1,0,0.03,0.32,11.2,17.3,320,317,32.8,23.3,21.8,18.6,14.1,0.162,0.19,0.252,0.334,0,749.82,32.0,13.0,19.0,110.9,32.0,96.5,0.0,0.0,0.0,0.0,0.0,0.0
1106,1106,41.01933,-7.7032776,723.0,2018-07-19T21:00,17.2,91,15.7,18.1,0.0,0.0,0.0,0.0,1,1017.9,935.5,25,27,1,0,0.0,0.18,6.9,14.6,313,310,24.5,21.9,21.8,18.6,14.1,0.162,0.19,0.252,0.334,0,0.0,0.0,0.0,0.0,0.0,0.0,0.0,0.0,0.0,0.0,0.0,0.0,0.0
1105,1105,41.01933,-7.7032776,723.0,2018-07-19T22:00,16.7,93,15.6,17.9,0.0,0.0,0.0,0.0,1,1018.1,935.6,26,29,0,0,0.0,0.13,4.7,12.4,302,306,16.6,20.9,21.7,18.6,14.1,0.162,0.19,0.252,0.334,0,0.0,0.0,0.0,0.0,0.0,0.0,0.0,0.0,0.0,0.0,0.0,0.0,0.0
1104,1104,41.01933,-7.7032776,723.0,2018-07-19T23:00,16.1,96,15.4,17.3,0.0,0.0,0.0,0.0,1,1017.7,935.0,22,24,0,0,0.0,0.07,3.8,10.2,287,309,12.2,20.1,21.6,18.6,14.1,0.162,0.19,0.252,0.334,0,0.0,0.0,0.0,0.0,0.0,0.0,0.0,0.0,0.0,0.0,0.0,0.0,0.0
1103,1103,41.01933,-7.7032776,723.0,2018-07-20T00:00,14.9,97,14.5,15.4,0.0,0.0,0.0,0.0,0,1018.1,935.1,4,4,0,0,0.0,0.05,6.7,10.0,286,319,9.4,19.3,21.4,18.6,14.1,0.163,0.19,0.252,0.334,0,0.0,0.0,0.0,0.0,0.0,0.0,0.0,0.0,0.0,0.0,0.0,0.0,0.0
1102,1102,41.01933,-7.7032776,723.0,2018-07-20T01:00,14.4,98,14.0,14.9,0.0,0.0,0.0,0.0,0,1017.8,934.7,2,2,0,0,0.0,0.04,5.1,9.2,274,309,11.9,18.5,21.3,18.6,14.1,0.163,0.19,0.252,0.334,0,0.0,0.0,0.0,0.0,0.0,0.0,0.0,0.0,0.0,0.0,0.0,0.0,0.0
1101,1101,41.01933,-7.7032776,723.0,2018-07-20T02:00,13.9,98,13.6,14.3,0.0,0.0,0.0,0.0,0,1017.4,934.2,8,9,0,0,0.0,0.03,5.0,9.2,270,301,10.8,17.9,21.1,18.6,14.1,0.163,0.19,0.252,0.334,0,0.0,0.0,0.0,0.0,0.0,0.0,0.0,0.0,0.0,0.0,0.0,0.0,0.0
1100,1100,41.01933,-7.7032776,723.0,2018-07-20T03:00,13.7,98,13.4,13.9,0.0,0.0,0.0,0.0,1,1017.3,934.0,29,32,0,0,0.0,0.03,6.2,8.2,280,308,11.2,17.4,20.8,18.6,14.1,0.163,0.19,0.252,0.334,0,0.0,0.0,0.0,0.0,0.0,0.0,0.0,0.0,0.0,0.0,0.0,0.0,0.0
1099,1099,41.01933,-7.7032776,723.0,2018-07-20T04:00,13.9,100,13.8,14.4,0.0,0.0,0.0,0.0,2,1017.3,934.1,58,65,0,0,0.0,0.01,4.8,8.7,333,336,11.5,17.0,20.6,18.6,14.2,0.163,0.19,0.252,0.334,0,0.0,0.0,0.0,0.0,0.0,0.0,0.0,0.0,0.0,0.0,0.0,0.0,0.0
1098,1098,41.01933,-7.7032776,723.0,2018-07-20T05:00,14.8,99,14.7,15.8,0.0,0.0,0.0,0.0,3,1017.5,934.5,90,100,0,0,0.0,0.01,4.2,7.6,329,335,11.5,17.1,20.4,18.6,14.2,0.163,0.19,0.252,0.334,0,0.0,0.0,0.0,0.0,0.0,0.0,0.0,0.0,0.0,0.0,0.0,0.0,0.0
1097,1097,41.01933,-7.7032776,723.0,2018-07-20T06:00,14.9,99,14.7,15.8,0.0,0.0,0.0,0.0,3,1017.5,934.5,90,100,0,0,0.01,0.02,4.1,6.7,322,344,11.9,17.2,20.2,18.6,14.2,0.163,0.19,0.252,0.334,1,0.0,10.0,1.0,9.0,10.5,10.0,67.4,23.1,2.3,20.8,19.7,12.4,155.5
1096,1096,41.01933,-7.7032776,723.0,2018-07-20T07:00,15.2,96,14.6,16.0,0.0,0.0,0.0,0.0,2,1018.0,935.1,51,57,0,0,0.04,0.07,4.7,6.8,356,3,13.3,17.6,20.1,18.6,14.2,0.163,0.19,0.252,0.334,1,63.31,71.0,13.0,58.0,62.1,71.0,277.2,102.3,18.7,83.6,62.1,102.3,399.4
1095,1095,41.01933,-7.7032776,723.0,2018-07-20T08:00,17.0,83,14.0,17.1,0.0,0.0,0.0,0.0,1,1018.1,935.6,35,39,0,0,0.14,0.33,8.2,9.8,29,28,20.5,18.6,19.9,18.6,14.2,0.163,0.19,0.252,0.334,1,3600.0,256.0,145.0,111.0,369.8,256.0,519.3,314.0,177.8,136.1,369.8,314.0,637.0
1094,1094,41.01933,-7.7032776,723.0,2018-07-20T09:00,18.6,75,14.0,18.6,0.0,0.0,0.0,0.0,1,1018.2,936.2,49,54,0,0,0.26,0.54,8.9,10.8,32,30,24.1,20.0,19.9,18.6,14.2,0.163,0.19,0.252,0.334,1,3600.0,456.0,307.0,149.0,544.4,456.0,747.0,520.1,350.2,170.0,544.4,520.1,852.0
1093,1093,41.01933,-7.7032776,723.0,2018-07-20T10:00,20.0,66,13.6,20.2,0.0,0.0,0.0,0.0,2,1018.0,936.4,51,57,0,0,0.36,0.79,8.0,10.0,27,26,23.8,21.5,19.9,18.6,14.2,0.162,0.189,0.252,0.334,1,3600.0,579.0,373.0,206.0,523.0,579.0,944.6,631.3,406.7,224.6,523.0,631.3,1029.9
1092,1092,41.01933,-7.7032776,723.0,2018-07-20T11:00,21.4,57,12.4,21.3,0.0,0.0,0.0,0.0,2,1018.0,936.7,55,59,3,0,0.4,1.11,7.8,9.7,13,15,23.4,22.8,20.0,18.6,14.2,0.162,0.189,0.252,0.334,1,3600.0,603.0,361.0,242.0,435.2,603.0,1098.7,635.8,380.6,255.2,435.2,635.8,1158.5
1091,1091,41.01933,-7.7032776,723.0,2018-07-20T12:00,22.0,53,12.1,22.7,0.1,0.1,0.0,0.0,51,1017.5,936.4,49,51,6,0,0.48,1.24,6.8,8.0,357,355,25.2,24.4,20.2,18.6,14.2,0.163,0.192,0.253,0.334,1,3600.0,719.0,454.0,265.0,501.6,719.0,1198.8,737.1,465.4,271.7,501.6,737.1,1229.0
1090,1090,41.01933,-7.7032776,723.0,2018-07-20T13:00,22.8,50,11.9,23.1,0.2,0.2,0.0,0.0,51,1017.1,936.3,41,32,20,0,0.51,1.38,10.5,12.8,344,344,27.0,25.4,20.4,18.6,14.2,0.164,0.191,0.253,0.334,1,3600.0,759.0,503.0,256.0,538.1,759.0,1238.1,758.1,502.4,255.7,538.1,758.1,1236.6
1089,1089,41.01933,-7.7032776,723.0,2018-07-20T14:00,22.7,52,12.4,22.8,0.5,0.5,0.0,0.0,53,1017.1,936.2,51,31,38,0,0.51,1.32,11.9,15.2,325,324,30.6,25.9,20.6,18.6,14.2,0.167,0.191,0.253,0.334,1,3600.0,762.0,545.0,217.0,594.7,762.0,1213.9,741.2,530.1,211.1,594.7,741.2,1180.8
1088,1088,41.01933,-7.7032776,723.0,2018-07-20T15:00,22.4,55,12.9,22.1,0.8,0.8,0.0,0.0,53,1016.9,936.0,56,35,40,0,0.47,1.22,14.3,19.1,319,317,33.8,25.8,20.8,18.6,14.2,0.173,0.191,0.253,0.334,1,3600.0,710.0,530.0,180.0,622.5,710.0,1127.7,670.7,500.7,170.0,622.5,670.7,1065.3
1087,1087,41.01933,-7.7032776,723.0,2018-07-20T16:00,21.7,59,13.3,20.3,0.5,0.5,0.0,0.0,53,1017.1,936.0,56,31,30,32,0.37,1.07,17.2,22.8,327,325,38.9,25.3,21.0,18.6,14.2,0.176,0.19,0.253,0.334,1,3600.0,544.0,372.0,172.0,499.9,544.0,985.6,495.7,339.0,156.7,499.9,495.7,898.1
1086,1086,41.01933,-7.7032776,723.0,2018-07-20T17:00,21.8,57,12.8,20.5,0.1,0.1,0.0,0.0,51,1017.0,935.9,43,18,9,70,0.31,1.13,15.0,20.3,333,330,39.2,24.8,21.2,18.6,14.2,0.176,0.19,0.253,0.334,1,3600.0,430.0,269.0,161.0,447.0,430.0,797.0,372.5,233.0,139.5,447.0,372.5,690.4
1085,1085,41.01933,-7.7032776,723.0,2018-07-20T18:00,22.0,53,12.1,20.6,0.0,0.0,0.0,0.0,1,1016.6,935.6,47,18,8,86,0.24,1.23,13.9,19.1,339,338,34.6,24.4,21.3,18.6,14.2,0.176,0.19,0.252,0.334,1,3600.0,312.0,214.0,98.0,493.0,312.0,575.0,247.7,169.9,77.8,493.0,247.7,456.5
1084,1084,41.01933,-7.7032776,723.0,2018-07-20T19:00,21.1,53,11.2,19.3,0.0,0.0,0.0,0.0,1,1016.7,935.5,24,19,0,22,0.17,1.17,14.7,21.6,349,349,32.8,23.6,21.4,18.6,14.2,0.176,0.19,0.252,0.334,1,3600.0,175.0,99.0,76.0,392.0,175.0,334.5,111.0,62.8,48.2,392.0,111.0,212.2
1083,1083,41.01933,-7.7032776,723.0,2018-07-20T20:00,19.2,56,10.2,17.7,0.0,0.0,0.0,0.0,0,1017.1,935.3,5,4,0,4,0.07,0.98,10.9,21.7,6,6,32.0,22.5,21.4,18.6,14.2,0.175,0.19,0.252,0.334,0,1240.75,37.0,17.0,20.0,146.2,37.0,95.3,0.0,0.0,0.0,0.0,0.0,0.0
1082,1082,41.01933,-7.7032776,723.0,2018-07-20T21:00,17.8,59,9.7,16.3,0.0,0.0,0.0,0.0,0,1017.9,935.7,0,0,0,0,0.04,0.83,9.2,20.7,21,17,25.9,21.2,21.4,18.6,14.2,0.175,0.19,0.252,0.334,0,0.0,0.0,0.0,0.0,0.0,0.0,0.0,0.0,0.0,0.0,0.0,0.0,0.0
1081,1081,41.01933,-7.7032776,723.0,2018-07-20T22:00,16.4,64,9.7,15.3,0.0,0.0,0.0,0.0,0,1018.3,935.7,0,0,0,0,0.02,0.67,7.0,17.8,12,8,23.0,20.1,21.3,18.6,14.2,0.175,0.19,0.252,0.334,0,0.0,0.0,0.0,0.0,0.0,0.0,0.0,0.0,0.0,0.0,0.0,0.0,0.0
1080,1080,41.01933,-7.7032776,723.0,2018-07-20T23:00,14.8,73,10.0,13.8,0.0,0.0,0.0,0.0,0,1018.4,935.3,1,0,0,2,0.01,0.46,7.1,13.2,15,11,18.4,19.0,21.2,18.6,14.2,0.175,0.19,0.252,0.334,0,0.0,0.0,0.0,0.0,0.0,0.0,0.0,0.0,0.0,0.0,0.0,0.0,0.0
1079,1079,41.01933,-7.7032776,723.0,2018-07-21T00:00,15.0,71,9.8,13.9,0.0,0.0,0.0,0.0,0,1018.9,935.9,0,0,0,1,0.01,0.5,7.3,9.2,20,11,15.5,18.2,21.1,18.6,14.2,0.173,0.19,0.253,0.334,0,0.0,0.0,0.0,0.0,0.0,0.0,0.0,0.0,0.0,0.0,0.0,0.0,0.0
1078,1078,41.01933,-7.7032776,723.0,2018-07-21T01:00,15.8,66,9.4,14.8,0.0,0.0,0.0,0.0,0,1018.5,935.7,0,0,0,0,0.01,0.61,5.5,7.8,23,22,14.0,17.4,20.9,18.6,14.2,0.173,0.191,0.253,0.334,0,0.0,0.0,0.0,0.0,0.0,0.0,0.0,0.0,0.0,0.0,0.0,0.0,0.0
1077,1077,41.01933,-7.7032776,723.0,2018-07-21T02:00,15.5,66,9.2,14.6,0.0,0.0,0.0,0.0,0,1018.1,935.2,0,0,0,0,0.0,0.6,4.3,7.7,355,28,11.5,16.7,20.7,18.6,14.2,0.173,0.191,0.253,0.334,0,0.0,0.0,0.0,0.0,0.0,0.0,0.0,0.0,0.0,0.0,0.0,0.0,0.0
1076,1076,41.01933,-7.7032776,723.0,2018-07-21T03:00,14.9,68,9.0,13.8,0.0,0.0,0.0,0.0,0,1018.0,935.0,0,0,0,0,0.01,0.54,5.2,8.3,348,18,11.9,16.1,20.4,18.6,14.2,0.173,0.191,0.253,0.334,0,0.0,0.0,0.0,0.0,0.0,0.0,0.0,0.0,0.0,0.0,0.0,0.0,0.0
1075,1075,41.01933,-7.7032776,723.0,2018-07-21T04:00,14.7,68,8.9,13.8,0.0,0.0,0.0,0.0,0,1017.9,934.8,2,2,0,0,0.0,0.53,4.0,7.7,333,28,11.2,15.6,20.1,18.6,14.2,0.173,0.191,0.253,0.334,0,0.0,0.0,0.0,0.0,0.0,0.0,0.0,0.0,0.0,0.0,0.0,0.0,0.0
1074,1074,41.01933,-7.7032776,723.0,2018-07-21T05:00,14.4,69,8.8,13.5,0.0,0.0,0.0,0.0,0,1017.9,934.8,0,0,0,0,0.0,0.5,3.9,7.4,326,29,9.7,15.2,19.9,18.6,14.2,0.173,0.191,0.253,0.334,0,0.0,0.0,0.0,0.0,0.0,0.0,0.0,0.0,0.0,0.0,0.0,0.0,0.0
1073,1073,41.01933,-7.7032776,723.0,2018-07-21T06:00,14.1,71,8.8,13.2,0.0,0.0,0.0,0.0,0,1017.9,934.7,0,0,0,0,0.02,0.47,3.6,7.1,323,30,9.7,15.0,19.6,18.6,14.2,0.173,0.191,0.253,0.334,1,102.36,19.0,7.0,12.0,74.6,19.0,65.9,44.0,16.2,27.8,140.7,23.3,152.5
1072,1072,41.01933,-7.7032776,723.0,2018-07-21T07:00,15.3,69,9.7,14.7,0.0,0.0,0.0,0.0,0,1018.4,935.5,4,0,0,14,0.07,0.54,4.0,6.6,10,29,11.5,15.9,19.4,18.6,14.2,0.173,0.191,0.253,0.334,1,3600.0,147.0,94.0,53.0,453.9,147.0,274.3,212.6,135.9,76.6,453.9,212.6,396.7
1071,1071,41.01933,-7.7032776,723.0,2018-07-21T08:00,16.8,66,10.4,15.9,0.0,0.0,0.0,0.0,1,1018.4,935.9,29,1,0,93,0.18,0.65,6.9,8.4,28,31,19.1,17.3,19.2,18.6,14.2,0.172,0.19,0.253,0.334,1,3600.0,331.0,250.0,81.0,640.8,331.0,516.8,406.4,307.0,99.5,640.8,406.4,634.6
1070,1070,41.01933,-7.7032776,723.0,2018-07-21T09:00,18.4,64,11.4,17.7,0.0,0.0,0.0,0.0,1,1018.3,936.2,29,0,0,98,0.3,0.76,7.2,8.5,27,28,21.2,19.0,19.2,18.6,14.3,0.172,0.19,0.253,0.334,1,3600.0,518.0,412.0,106.0,732.8,518.0,744.7,591.2,470.2,121.0,732.8,591.2,850.0
1069,1069,41.01933,-7.7032776,723.0,2018-07-21T10:00,19.9,60,11.9,20.3,0.0,0.0,0.0,0.0,1,1018.0,936.3,30,0,0,99,0.41,0.93,6.3,7.4,24,23,21.6,20.9,19.2,18.6,14.3,0.171,0.19,0.252,0.334,1,3600.0,665.0,495.0,170.0,695.6,665.0,942.7,725.3,539.9,185.4,695.6,725.3,1028.1
1068,1068,41.01933,-7.7032776,723.0,2018-07-21T11:00,21.3,53,11.3,22.1,0.0,0.0,0.0,0.0,1,1017.9,936.6,30,0,0,99,0.48,1.19,5.4,6.1,8,3,20.5,22.6,19.3,18.6,14.3,0.17,0.19,0.252,0.334,1,3600.0,742.0,456.0,286.0,550.6,742.0,1097.0,782.5,480.9,301.6,550.6,782.5,1157.0
1067,1067,41.01933,-7.7032776,723.0,2018-07-21T12:00,22.4,51,11.8,23.3,0.0,0.0,0.0,0.0,1,1017.7,936.7,35,7,0,97,0.5,1.33,6.2,7.0,353,348,20.2,24.4,19.6,18.6,14.3,0.171,0.19,0.253,0.334,1,3600.0,755.0,400.0,355.0,442.5,755.0,1197.4,774.1,410.1,364.0,442.5,774.1,1227.6
1066,1066,41.01933,-7.7032776,723.0,2018-07-21T13:00,23.4,47,11.4,24.5,0.0,0.0,0.0,0.0,1,1016.7,936.1,32,2,0,99,0.57,1.53,7.8,9.3,338,332,23.0,25.6,19.8,18.6,14.3,0.17,0.19,0.253,0.334,1,3600.0,840.0,511.0,329.0,547.3,840.0,1236.8,839.0,510.4,328.6,547.3,839.0,1235.3
1065,1065,41.01933,-7.7032776,723.0,2018-07-21T14:00,24.0,47,12.0,24.2,0.0,0.0,0.0,0.0,2,1016.4,935.9,53,28,0,93,0.55,1.57,12.1,15.0,337,333,30.6,26.4,20.1,18.6,14.3,0.169,0.19,0.252,0.334,1,3600.0,803.0,466.0,337.0,509.1,803.0,1212.5,781.1,453.3,327.8,509.1,781.1,1179.4
1064,1064,41.01933,-7.7032776,723.0,2018-07-21T15:00,23.1,52,12.6,22.2,0.0,0.0,0.0,0.0,1,1016.1,935.4,49,1,35,91,0.45,1.36,15.1,19.7,332,329,36.4,26.4,20.4,18.6,14.3,0.168,0.189,0.252,0.334,1,3600.0,646.0,290.0,356.0,341.1,646.0,1126.3,610.2,273.9,336.3,341.1,610.2,1063.9
1063,1063,41.01933,-7.7032776,723.0,2018-07-21T16:00,22.3,53,12.2,20.6,0.0,0.0,0.0,0.0,2,1015.9,935.0,78,0,89,82,0.36,1.27,16.6,22.2,319,318,37.8,26.0,20.7,18.6,14.3,0.167,0.189,0.252,0.334,1,3600.0,487.0,177.0,310.0,238.3,487.0,984.0,443.7,161.2,282.4,238.3,443.7,896.4
1062,1062,41.01933,-7.7032776,723.0,2018-07-21T17:00,21.2,51,10.7,19.1,0.0,0.0,0.0,0.0,0,1016.0,934.8,15,0,23,5,0.27,1.22,15.8,21.4,315,314,38.9,25.2,20.9,18.6,14.3,0.167,0.189,0.252,0.334,1,1798.3,334.0,72.0,262.0,119.9,334.0,795.2,289.2,62.3,226.8,119.9,289.2,688.5
1061,1061,41.01933,-7.7032776,723.0,2018-07-21T18:00,21.0,55,11.7,19.4,0.0,0.0,0.0,0.0,1,1015.4,934.2,31,0,48,6,0.25,1.11,14.5,19.9,312,311,36.0,24.7,21.0,18.6,14.3,0.166,0.189,0.252,0.334,1,3600.0,357.0,256.0,101.0,592.0,357.0,572.9,283.1,203.0,80.1,592.0,283.1,454.2
1060,1060,41.01933,-7.7032776,723.0,2018-07-21T19:00,20.3,61,12.5,19.3,0.0,0.0,0.0,0.0,1,1015.1,933.8,38,0,64,0,0.13,0.93,12.0,18.9,311,310,32.8,23.6,21.1,18.6,14.3,0.166,0.188,0.252,0.334,1,3600.0,153.0,81.0,72.0,323.1,153.0,332.1,96.6,51.1,45.5,323.1,96.6,209.6
1059,1059,41.01933,-7.7032776,723.0,2018-07-21T20:00,18.9,69,13.2,18.2,0.0,0.0,0.0,0.0,1,1015.4,933.7,25,0,42,0,0.06,0.66,11.2,20.1,318,316,27.0,22.5,21.2,18.6,14.3,0.166,0.188,0.252,0.334,0,253.81,25.0,9.0,16.0,78.1,25.0,94.0,0.0,0.0,0.0,0.0,0.0,0.0
1058,1058,41.01933,-7.7032776,723.0,2018-07-21T21:00,17.2,82,14.1,17.4,0.0,0.0,0.0,0.0,2,1016.3,934.1,54,8,78,0,0.0,0.35,7.7,16.1,323,320,25.2,21.3,21.2,18.6,14.3,0.166,0.188,0.252,0.334,0,0.0,0.0,0.0,0.0,0.0,0.0,0.0,0.0,0.0,0.0,0.0,0.0,0.0
1057,1057,41.01933,-7.7032776,723.0,2018-07-21T22:00,16.7,88,14.6,17.3,0.6,0.6,0.0,0.0,53,1016.3,933.9,43,4,66,0,0.0,0.23,5.9,11.2,308,312,18.7,20.5,21.1,18.6,14.3,0.171,0.188,0.252,0.334,0,0.0,0.0,0.0,0.0,0.0,0.0,0.0,0.0,0.0,0.0,0.0,0.0,0.0
1056,1056,41.01933,-7.7032776,723.0,2018-07-21T23:00,15.8,94,14.8,16.8,0.1,0.1,0.0,0.0,51,1016.2,933.6,21,1,33,0,0.0,0.11,3.8,10.4,311,326,13.0,19.7,21.0,18.6,14.3,0.171,0.188,0.252,0.334,0,0.0,0.0,0.0,0.0,0.0,0.0,0.0,0.0,0.0,0.0,0.0,0.0,0.0
1055,1055,41.01933,-7.7032776,723.0,2018-07-22T00:00,14.9,97,14.4,15.2,0.0,0.0,0.0,0.0,0,1016.3,933.4,0,0,0,0,0.0,0.05,7.6,11.7,315,349,10.1,18.9,20.9,18.6,14.3,0.168,0.188,0.252,0.334,0,0.0,0.0,0.0,0.0,0.0,0.0,0.0,0.0,0.0,0.0,0.0,0.0,0.0
1054,1054,41.01933,-7.7032776,723.0,2018-07-22T01:00,14.0,97,13.6,14.1,0.0,0.0,0.0,0.0,0,1016.1,933.0,0,0,0,0,0.0,0.05,7.4,13.1,337,8,15.8,18.1,20.7,18.6,14.3,0.168,0.188,0.252,0.334,0,0.0,0.0,0.0,0.0,0.0,0.0,0.0,0.0,0.0,0.0,0.0,0.0,0.0
1053,1053,41.01933,-7.7032776,723.0,2018-07-22T02:00,14.1,96,13.4,14.2,0.0,0.0,0.0,0.0,0,1015.8,932.8,1,1,0,0,0.0,0.07,6.7,11.1,344,29,15.5,17.4,20.5,18.6,14.3,0.168,0.188,0.252,0.334,0,0.0,0.0,0.0,0.0,0.0,0.0,0.0,0.0,0.0,0.0,0.0,0.0,0.0
1052,1052,41.01933,-7.7032776,723.0,2018-07-22T03:00,14.6,92,13.3,14.8,0.0,0.0,0.0,0.0,0,1015.7,932.8,1,1,0,0,0.0,0.13,6.2,10.1,353,27,14.4,16.8,20.3,18.6,14.3,0.168,0.188,0.252,0.334,0,0.0,0.0,0.0,0.0,0.0,0.0,0.0,0.0,0.0,0.0,0.0,0.0,0.0
1051,1051,41.01933,-7.7032776,723.0,2018-07-22T04:00,15.0,89,13.3,15.3,0.0,0.0,0.0,0.0,0,1015.6,932.8,0,0,0,0,0.0,0.18,5.1,9.1,352,34,13.3,16.2,20.1,18.6,14.3,0.168,0.188,0.252,0.334,0,0.0,0.0,0.0,0.0,0.0,0.0,0.0,0.0,0.0,0.0,0.0,0.0,0.0
1050,1050,41.01933,-7.7032776,723.0,2018-07-22T05:00,14.6,90,12.9,14.7,0.0,0.0,0.0,0.0,0,1015.5,932.6,0,0,0,0,0.0,0.17,5.1,9.0,356,37,11.5,15.7,19.9,18.6,14.3,0.168,0.188,0.252,0.334,0,0.0,0.0,0.0,0.0,0.0,0.0,0.0,0.0,0.0,0.0,0.0,0.0,0.0
1049,1049,41.01933,-7.7032776,723.0,2018-07-22T06:00,13.7,95,12.9,13.7,0.0,0.0,0.0,0.0,0,1015.7,932.5,1,1,0,0,0.01,0.08,6.1,10.5,3,38,13.0,15.5,19.6,18.6,14.3,0.168,0.188,0.252,0.334,1,102.76,18.0,7.0,11.0,75.5,18.0,64.4,41.8,16.2,25.5,144.1,21.9,149.4
1048,1048,41.01933,-7.7032776,723.0,2018-07-22T07:00,15.7,87,13.5,15.8,0.0,0.0,0.0,0.0,0,1016.1,933.5,1,1,0,0,0.07,0.24,6.6,10.9,29,44,17.3,16.2,19.4,18.6,14.3,0.168,0.188,0.252,0.334,1,3600.0,145.0,91.0,54.0,444.2,145.0,271.4,210.4,132.1,78.4,444.2,210.4,393.9
1047,1047,41.01933,-7.7032776,723.0,2018-07-22T08:00,17.1,77,13.1,16.6,0.0,0.0,0.0,0.0,0,1016.0,933.8,0,0,0,0,0.17,0.44,10.2,13.3,45,49,24.8,17.4,19.3,18.6,14.3,0.168,0.188,0.252,0.334,1,3600.0,329.0,248.0,81.0,639.0,329.0,514.2,404.5,304.9,99.6,639.0,404.5,632.2
1046,1046,41.01933,-7.7032776,723.0,2018-07-22T09:00,19.1,66,12.5,18.1,0.0,0.0,0.0,0.0,0,1015.8,934.1,0,0,0,0,0.3,0.76,11.8,15.4,52,53,29.5,18.9,19.2,18.6,14.3,0.167,0.188,0.252,0.334,1,3600.0,522.0,425.0,97.0,758.3,522.0,742.5,596.1,485.3,110.8,758.3,596.1,847.9
1045,1045,41.01933,-7.7032776,723.0,2018-07-22T10:00,21.1,56,12.1,20.6,0.0,0.0,0.0,0.0,0,1015.8,934.6,0,0,0,0,0.43,1.09,12.7,16.4,61,61,32.0,20.8,19.2,18.6,14.3,0.167,0.188,0.252,0.334,1,3600.0,695.0,587.0,108.0,826.7,695.0,940.7,758.2,640.4,117.8,826.7,758.2,1026.4
1044,1044,41.01933,-7.7032776,723.0,2018-07-22T11:00,22.9,50,11.9,23.2,0.0,0.0,0.0,0.0,0,1015.6,934.9,0,0,0,0,0.54,1.4,12.1,15.5,67,68,32.0,22.8,19.4,18.6,14.3,0.166,0.188,0.251,0.334,1,3600.0,833.0,716.0,117.0,866.0,833.0,1095.4,878.6,755.2,123.4,866.0,878.6,1155.4
1043,1043,41.01933,-7.7032776,723.0,2018-07-22T12:00,24.4,46,11.9,25.6,0.0,0.0,0.0,0.0,0,1015.2,934.9,0,0,0,0,0.62,1.65,10.2,12.5,67,72,31.3,24.8,19.6,18.6,14.3,0.165,0.188,0.252,0.333,1,3600.0,922.0,801.0,121.0,887.4,922.0,1195.9,945.4,821.3,124.1,887.4,945.4,1226.2
1042,1042,41.01933,-7.7032776,723.0,2018-07-22T13:00,25.6,42,11.8,27.4,0.0,0.0,0.0,0.0,0,1014.7,934.8,0,0,0,0,0.66,1.89,8.1,10.0,69,75,27.0,26.4,19.9,18.6,14.3,0.164,0.187,0.251,0.333,1,3600.0,956.0,834.0,122.0,894.5,956.0,1235.4,954.9,833.0,121.9,894.5,954.9,1233.9
1041,1041,41.01933,-7.7032776,723.0,2018-07-22T14:00,26.5,40,11.6,28.2,0.0,0.0,0.0,0.0,0,1014.3,934.6,6,6,1,0,0.66,2.09,7.6,9.3,71,77,24.5,27.6,20.3,18.6,14.3,0.163,0.187,0.251,0.333,1,3600.0,933.0,811.0,122.0,887.2,933.0,1211.1,907.5,788.8,118.7,887.2,907.5,1178.0
1040,1040,41.01933,-7.7032776,723.0,2018-07-22T15:00,27.1,37,11.2,28.4,0.0,0.0,0.0,0.0,0,1013.7,934.2,6,0,10,0,0.6,2.25,6.2,7.8,69,77,23.0,28.4,20.6,18.6,14.4,0.162,0.186,0.251,0.333,1,3600.0,847.0,721.0,126.0,849.3,847.0,1124.8,799.9,680.9,119.0,849.3,799.9,1062.3
1039,1039,41.01933,-7.7032776,723.0,2018-07-22T16:00,27.2,36,10.8,27.6,0.0,0.0,0.0,0.0,0,1013.4,934.0,0,0,0,0,0.51,2.31,5.4,6.1,53,62,20.2,28.7,21.0,18.6,14.4,0.161,0.186,0.251,0.333,1,3600.0,709.0,576.0,133.0,776.9,709.0,982.3,645.7,524.6,121.1,776.9,645.7,894.6
1038,1038,41.01933,-7.7032776,723.0,2018-07-22T17:00,27.2,35,10.5,26.7,0.0,0.0,0.0,0.0,0,1013.2,933.8,0,0,0,0,0.4,2.34,5.4,6.4,42,52,17.3,28.6,21.3,18.6,14.4,0.16,0.185,0.25,0.333,1,3600.0,562.0,464.0,98.0,774.9,562.0,793.3,486.3,401.5,84.8,774.9,486.3,686.4
1037,1037,41.01933,-7.7032776,723.0,2018-07-22T18:00,26.8,36,10.5,25.5,0.0,0.0,0.0,0.0,0,1012.9,933.4,1,0,1,0,0.31,2.26,9.7,12.6,22,24,20.9,27.9,21.6,18.6,14.4,0.159,0.185,0.25,0.333,1,3600.0,374.0,292.0,82.0,678.0,374.0,570.7,296.1,231.2,64.9,678.0,296.1,451.9
1036,1036,41.01933,-7.7032776,723.0,2018-07-22T19:00,25.0,42,11.2,24.1,0.0,0.0,0.0,0.0,0,1013.0,933.1,1,0,2,0,0.17,1.83,8.6,17.8,345,352,24.5,26.7,21.8,18.6,14.4,0.159,0.185,0.25,0.333,1,3600.0,185.0,125.0,60.0,502.6,185.0,329.5,116.2,78.5,37.7,502.6,116.2,206.9
1035,1035,41.01933,-7.7032776,723.0,2018-07-22T20:00,21.2,60,13.2,21.3,0.0,0.0,0.0,0.0,0,1013.6,932.6,0,0,0,0,0.04,0.99,5.7,14.6,288,303,20.2,25.0,22.0,18.6,14.4,0.159,0.185,0.25,0.333,0,1334.41,37.0,18.0,19.0,157.6,37.0,92.7,0.0,0.0,0.0,0.0,0.0,0.0
1034,1034,41.01933,-7.7032776,723.0,2018-07-22T21:00,18.9,80,15.3,20.0,0.0,0.0,0.0,0.0,0,1014.3,932.7,0,0,0,0,0.0,0.45,5.1,8.6,262,327,13.0,23.3,22.0,18.6,14.4,0.159,0.185,0.25,0.333,0,0.0,0.0,0.0,0.0,0.0,0.0,0.0,0.0,0.0,0.0,0.0,0.0,0.0
1033,1033,41.01933,-7.7032776,723.0,2018-07-22T22:00,18.1,83,15.2,19.5,0.0,0.0,0.0,0.0,0,1014.5,932.6,0,0,0,0,0.0,0.36,2.0,2.5,225,8,9.0,22.0,22.0,18.6,14.4,0.159,0.185,0.25,0.333,0,0.0,0.0,0.0,0.0,0.0,0.0,0.0,0.0,0.0,0.0,0.0,0.0,0.0
1032,1032,41.01933,-7.7032776,723.0,2018-07-22T23:00,17.5,84,14.8,18.9,0.0,0.0,0.0,0.0,0,1014.6,932.6,0,0,0,0,0.0,0.32,1.3,3.1,214,54,7.2,20.9,21.9,18.6,14.4,0.159,0.185,0.25,0.333,0,0.0,0.0,0.0,0.0,0.0,0.0,0.0,0.0,0.0,0.0,0.0,0.0,0.0
1031,1031,41.01933,-7.7032776,723.0,2018-07-23T00:00,17.9,80,14.5,19.1,0.0,0.0,0.0,0.0,0,1015.3,933.3,0,0,0,0,0.0,0.41,2.1,6.6,211,49,7.9,20.1,21.7,18.6,14.4,0.157,0.182,0.248,0.333,0,0.0,0.0,0.0,0.0,0.0,0.0,0.0,0.0,0.0,0.0,0.0,0.0,0.0
1030,1030,41.01933,-7.7032776,723.0,2018-07-23T01:00,20.5,64,13.4,21.1,0.0,0.0,0.0,0.0,0,1015.0,933.7,0,0,0,0,0.0,0.87,2.6,6.9,196,62,9.0,19.3,21.6,18.6,14.4,0.157,0.182,0.248,0.333,0,0.0,0.0,0.0,0.0,0.0,0.0,0.0,0.0,0.0,0.0,0.0,0.0,0.0
1029,1029,41.01933,-7.7032776,723.0,2018-07-23T02:00,20.3,62,12.7,20.4,0.0,0.0,0.0,0.0,0,1015.0,933.7,0,0,0,0,0.01,0.91,5.0,9.2,69,64,12.6,18.6,21.4,18.6,14.4,0.157,0.182,0.248,0.333,0,0.0,0.0,0.0,0.0,0.0,0.0,0.0,0.0,0.0,0.0,0.0,0.0,0.0
1028,1028,41.01933,-7.7032776,723.0,2018-07-23T03:00,19.6,62,12.0,19.5,0.0,0.0,0.0,0.0,0,1015.2,933.7,0,0,0,0,0.01,0.88,4.8,8.4,103,80,12.6,17.9,21.2,18.7,14.4,0.157,0.182,0.248,0.333,0,0.0,0.0,0.0,0.0,0.0,0.0,0.0,0.0,0.0,0.0,0.0,0.0,0.0
1027,1027,41.01933,-7.7032776,723.0,2018-07-23T04:00,18.6,62,11.2,18.5,0.0,0.0,0.0,0.0,0,1015.0,933.2,0,0,0,0,0.0,0.81,3.2,7.7,90,79,11.5,17.4,21.0,18.7,14.4,0.157,0.182,0.248,0.333,0,0.0,0.0,0.0,0.0,0.0,0.0,0.0,0.0,0.0,0.0,0.0,0.0,0.0
1026,1026,41.01933,-7.7032776,723.0,2018-07-23T05:00,17.6,62,10.3,17.1,0.0,0.0,0.0,0.0,0,1015.2,933.2,0,0,0,0,0.01,0.76,4.4,9.2,99,79,11.5,16.8,20.8,18.7,14.4,0.157,0.182,0.248,0.333,0,0.0,0.0,0.0,0.0,0.0,0.0,0.0,0.0,0.0,0.0,0.0,0.0,0.0
1025,1025,41.01933,-7.7032776,723.0,2018-07-23T06:00,17.1,62,9.6,16.4,0.0,0.0,0.0,0.0,0,1015.3,933.1,0,0,0,0,0.03,0.75,4.0,8.4,90,83,11.9,16.5,20.5,18.7,14.4,0.157,0.182,0.248,0.333,1,102.59,17.0,7.0,10.0,76.5,17.0,62.9,39.6,16.3,23.3,147.6,20.5,146.3
1024,1024,41.01933,-7.7032776,723.0,2018-07-23T07:00,18.0,61,10.5,17.7,0.0,0.0,0.0,0.0,0,1015.6,933.6,0,0,0,0,0.08,0.8,3.1,7.3,45,81,11.2,17.4,20.3,18.7,14.4,0.157,0.182,0.248,0.333,1,3600.0,146.0,94.0,52.0,463.9,146.0,268.5,212.7,136.9,75.8,463.9,212.7,391.2
1023,1023,41.01933,-7.7032776,723.0,2018-07-23T08:00,20.2,55,11.0,20.0,0.0,0.0,0.0,0.0,0,1015.6,934.2,0,0,0,0,0.2,1.06,3.7,4.7,61,81,13.7,18.9,20.2,18.7,14.4,0.157,0.182,0.248,0.333,1,3600.0,333.0,255.0,78.0,660.4,333.0,511.7,409.9,313.9,96.0,660.4,409.9,629.8
1022,1022,41.01933,-7.7032776,723.0,2018-07-23T09:00,22.7,53,12.5,22.8,0.0,0.0,0.0,0.0,0,1015.4,934.7,0,0,0,0,0.34,1.3,4.1,5.6,128,140,16.6,20.9,20.2,18.7,14.4,0.156,0.182,0.248,0.333,1,3600.0,525.0,431.0,94.0,771.5,525.0,740.3,599.8,492.4,107.4,771.5,599.8,845.8
1021,1021,41.01933,-7.7032776,723.0,2018-07-23T10:00,24.9,45,12.2,25.0,0.0,0.0,0.0,0.0,0,1015.0,934.9,0,0,0,0,0.49,1.73,9.8,13.1,188,189,25.6,23.0,20.2,18.7,14.4,0.156,0.181,0.248,0.333,1,3600.0,697.0,591.0,106.0,834.2,697.0,938.8,760.7,645.0,115.7,834.2,760.7,1024.6
1020,1020,41.01933,-7.7032776,723.0,2018-07-23T11:00,25.6,40,11.0,25.0,0.0,0.0,0.0,0.0,0,1015.2,935.2,0,0,0,0,0.6,1.97,16.6,21.6,204,204,39.2,24.9,20.4,18.7,14.4,0.155,0.181,0.247,0.333,1,3600.0,831.0,716.0,115.0,867.5,831.0,1093.7,876.7,755.3,121.3,867.5,876.7,1153.8
1019,1019,41.01933,-7.7032776,723.0,2018-07-23T12:00,25.5,47,13.4,26.1,0.0,0.0,0.0,0.0,0,1015.2,935.2,0,0,0,0,0.64,1.72,16.6,22.1,210,208,41.8,26.3,20.6,18.7,14.4,0.155,0.182,0.248,0.333,1,3600.0,925.0,806.0,119.0,894.3,925.0,1194.3,948.5,826.5,122.0,894.3,948.5,1224.7
1018,1018,41.01933,-7.7032776,723.0,2018-07-23T13:00,26.4,46,13.7,27.2,0.0,0.0,0.0,0.0,0,1015.0,935.3,0,0,0,0,0.67,1.86,16.8,21.7,208,207,41.0,27.5,20.8,18.7,14.4,0.154,0.181,0.248,0.333,1,3600.0,954.0,832.0,122.0,893.5,954.0,1233.9,952.9,831.0,121.9,893.5,952.9,1232.5
1017,1017,41.01933,-7.7032776,723.0,2018-07-23T14:00,26.6,46,13.9,27.3,0.0,0.0,0.0,0.0,0,1014.8,935.1,0,0,0,0,0.66,1.88,16.8,21.9,208,207,41.0,28.5,21.1,18.7,14.4,0.154,0.181,0.247,0.333,1,3600.0,928.0,807.0,121.0,884.0,928.0,1209.7,902.6,784.9,117.7,884.0,902.6,1176.5
1016,1016,41.01933,-7.7032776,723.0,2018-07-23T15:00,26.4,47,14.2,26.9,0.0,0.0,0.0,0.0,0,1014.6,934.9,0,0,0,0,0.6,1.82,16.3,21.3,215,214,40.7,29.0,21.5,18.7,14.4,0.153,0.18,0.247,0.333,1,3600.0,849.0,732.0,117.0,863.6,849.0,1123.3,801.7,691.2,110.5,863.6,801.7,1060.7
1015,1015,41.01933,-7.7032776,723.0,2018-07-23T16:00,26.0,48,14.3,26.2,0.0,0.0,0.0,0.0,0,1014.4,934.6,0,0,0,1,0.52,1.74,14.3,18.6,223,221,39.2,29.0,21.8,18.7,14.4,0.152,0.18,0.247,0.333,1,3600.0,722.0,612.0,110.0,827.1,722.0,980.6,657.3,557.2,100.1,827.1,657.3,892.8
1014,1014,41.01933,-7.7032776,723.0,2018-07-23T17:00,25.3,50,14.0,24.8,0.0,0.0,0.0,0.0,0,1014.5,934.5,0,0,0,1,0.4,1.62,11.9,15.4,241,237,34.9,28.7,22.1,18.7,14.4,0.151,0.18,0.247,0.333,1,3600.0,556.0,456.0,100.0,763.6,556.0,791.3,480.8,394.3,86.5,763.6,480.8,684.3
1013,1013,41.01933,-7.7032776,723.0,2018-07-23T18:00,23.5,58,14.7,23.4,0.0,0.0,0.0,0.0,0,1014.8,934.3,4,0,0,15,0.26,1.22,10.8,14.0,272,269,29.2,27.9,22.3,18.7,14.4,0.151,0.179,0.247,0.333,1,3600.0,369.0,286.0,83.0,666.9,369.0,568.3,291.8,226.1,65.6,666.9,291.8,449.4
1012,1012,41.01933,-7.7032776,723.0,2018-07-23T19:00,21.1,72,16.0,21.8,0.0,0.0,0.0,0.0,0,1015.1,934.0,10,1,0,32,0.12,0.69,9.5,13.0,279,275,25.6,26.5,22.5,18.7,14.4,0.151,0.179,0.247,0.333,1,3600.0,178.0,115.0,63.0,466.3,178.0,326.8,111.1,71.8,39.3,466.3,111.1,204.1
1011,1011,41.01933,-7.7032776,723.0,2018-07-23T20:00,18.9,84,16.1,20.1,0.0,0.0,0.0,0.0,1,1015.6,933.9,20,1,3,58,0.02,0.35,5.8,12.3,270,263,22.0,24.8,22.6,18.7,14.4,0.151,0.179,0.247,0.333,0,847.39,34.0,14.0,20.0,123.7,34.0,91.3,0.0,0.0,0.0,0.0,0.0,0.0
1010,1010,41.01933,-7.7032776,723.0,2018-07-23T21:00,17.5,90,15.8,18.7,0.0,0.0,0.0,0.0,0,1016.4,934.2,14,1,10,25,0.0,0.2,5.6,12.9,255,252,16.2,23.2,22.6,18.7,14.5,0.151,0.179,0.247,0.333,0,0.0,0.0,0.0,0.0,0.0,0.0,0.0,0.0,0.0,0.0,0.0,0.0,0.0
1009,1009,41.01933,-7.7032776,723.0,2018-07-23T22:00,16.4,94,15.4,17.5,0.0,0.0,0.0,0.0,0,1016.6,934.1,8,4,7,0,0.0,0.12,4.8,12.2,243,246,15.8,21.8,22.5,18.7,14.5,0.151,0.179,0.247,0.333,0,0.0,0.0,0.0,0.0,0.0,0.0,0.0,0.0,0.0,0.0,0.0,0.0,0.0
1008,1008,41.01933,-7.7032776,723.0,2018-07-23T23:00,15.3,97,14.8,16.4,0.0,0.0,0.0,0.0,1,1016.4,933.6,25,28,0,0,0.0,0.06,3.5,10.5,246,248,14.4,20.7,22.4,18.7,14.5,0.151,0.179,0.247,0.333,0,0.0,0.0,0.0,0.0,0.0,0.0,0.0,0.0,0.0,0.0,0.0,0.0,0.0
1007,1007,41.01933,-7.7032776,723.0,2018-07-24T00:00,14.5,98,14.1,15.0,0.0,0.0,0.0,0.0,1,1016.9,933.9,33,37,0,0,0.0,0.04,5.2,8.4,254,263,11.9,19.9,22.2,18.7,14.5,0.151,0.179,0.246,0.333,0,0.0,0.0,0.0,0.0,0.0,0.0,0.0,0.0,0.0,0.0,0.0,0.0,0.0
1006,1006,41.01933,-7.7032776,723.0,2018-07-24T01:00,14.6,98,14.3,15.6,0.0,0.0,0.0,0.0,1,1016.4,933.4,45,50,0,0,0.0,0.03,2.8,4.8,230,257,11.9,19.2,22.0,18.8,14.5,0.151,0.179,0.246,0.333,0,0.0,0.0,0.0,0.0,0.0,0.0,0.0,0.0,0.0,0.0,0.0,0.0,0.0
1005,1005,41.01933,-7.7032776,723.0,2018-07-24T02:00,14.6,96,14.0,15.3,0.0,0.0,0.0,0.0,1,1015.9,933.0,45,50,0,0,0.0,0.07,4.1,6.1,218,230,9.7,18.7,21.8,18.8,14.5,0.151,0.179,0.246,0.333,0,0.0,0.0,0.0,0.0,0.0,0.0,0.0,0.0,0.0,0.0,0.0,0.0,0.0
1004,1004,41.01933,-7.7032776,723.0,2018-07-24T03:00,13.9,97,13.4,14.6,0.0,0.0,0.0,0.0,0,1015.7,932.6,12,13,0,0,0.0,0.05,2.9,6.1,210,230,9.7,18.2,21.6,18.8,14.5,0.151,0.179,0.246,0.333,0,0.0,0.0,0.0,0.0,0.0,0.0,0.0,0.0,0.0,0.0,0.0,0.0,0.0
1003,1003,41.01933,-7.7032776,723.0,2018-07-24T04:00,13.7,96,13.0,14.0,0.0,0.0,0.0,0.0,1,1015.4,932.3,30,33,0,0,0.0,0.06,3.9,5.9,202,223,8.6,17.7,21.3,18.8,14.5,0.151,0.179,0.246,0.333,0,0.0,0.0,0.0,0.0,0.0,0.0,0.0,0.0,0.0,0.0,0.0,0.0,0.0
1002,1002,41.01933,-7.7032776,723.0,2018-07-24T05:00,13.6,94,12.6,13.7,0.0,0.0,0.0,0.0,1,1015.4,932.2,28,31,0,0,0.0,0.1,4.5,6.9,209,227,10.8,17.3,21.1,18.8,14.5,0.151,0.179,0.246,0.333,0,0.0,0.0,0.0,0.0,0.0,0.0,0.0,0.0,0.0,0.0,0.0,0.0,0.0
1001,1001,41.01933,-7.7032776,723.0,2018-07-24T06:00,14.1,87,12.0,14.0,0.0,0.0,0.0,0.0,0,1015.8,932.8,14,16,0,0,0.01,0.21,5.0,5.6,210,243,10.1,17.0,20.9,18.8,14.5,0.151,0.179,0.246,0.333,1,0.0,14.0,5.0,9.0,55.4,14.0,61.3,32.7,11.7,21.0,108.1,16.7,143.2
1000,1000,41.01933,-7.7032776,723.0,2018-07-24T07:00,15.9,66,9.5,15.5,0.0,0.0,0.0,0.0,0,1016.1,933.5,10,11,0,0,0.06,0.62,2.2,3.6,270,270,10.1,17.5,20.7,18.8,14.5,0.151,0.179,0.246,0.333,1,3600.0,131.0,78.0,53.0,389.3,131.0,265.5,191.6,114.1,77.5,389.3,191.6,388.4
999,999,41.01933,-7.7032776,723.0,2018-07-24T08:00,17.4,63,10.3,16.8,0.0,0.0,0.0,0.0,0,1016.3,934.1,4,5,0,0,0.17,0.73,4.7,5.6,351,345,15.1,18.7,20.5,18.8,14.5,0.151,0.179,0.246,0.333,1,3600.0,300.0,212.0,88.0,552.0,300.0,509.0,369.7,261.3,108.5,552.0,369.7,627.4
998,998,41.01933,-7.7032776,723.0,2018-07-24T09:00,19.0,56,9.9,18.0,0.0,0.0,0.0,0.0,0,1016.2,934.4,3,3,0,0,0.3,0.97,6.5,7.9,6,3,20.2,20.2,20.4,18.8,14.5,0.15,0.178,0.246,0.333,1,3600.0,493.0,396.0,97.0,711.1,493.0,738.0,563.6,452.7,110.9,711.1,563.6,843.7
997,997,41.01933,-7.7032776,723.0,2018-07-24T10:00,20.5,50,9.8,20.2,0.0,0.0,0.0,0.0,0,1016.1,934.8,0,0,0,0,0.42,1.2,6.6,7.8,13,13,21.6,22.0,20.5,18.8,14.5,0.15,0.178,0.246,0.333,1,3600.0,669.0,563.0,106.0,796.5,669.0,936.8,730.3,614.6,115.7,796.5,730.3,1022.7
996,996,41.01933,-7.7032776,723.0,2018-07-24T11:00,22.2,47,10.2,23.1,0.0,0.0,0.0,0.0,0,1015.9,935.0,0,0,0,0,0.53,1.42,5.2,5.6,25,27,21.2,23.9,20.6,18.8,14.5,0.149,0.178,0.246,0.333,1,3600.0,811.0,696.0,115.0,844.8,811.0,1092.0,855.7,734.4,121.3,844.8,855.7,1152.2
995,995,41.01933,-7.7032776,723.0,2018-07-24T12:00,23.0,46,10.8,25.4,0.0,0.0,0.0,0.0,0,1015.4,934.8,0,0,0,0,0.6,1.51,1.8,1.9,53,68,20.2,25.5,20.5,18.8,14.5,0.149,0.18,0.251,0.333,1,3600.0,912.0,788.0,124.0,875.6,912.0,1192.8,935.3,808.1,127.2,875.6,935.3,1223.2
994,994,41.01933,-7.7032776,723.0,2018-07-24T13:00,24.5,43,11.2,27.4,0.0,0.0,0.0,0.0,0,1015.2,935.0,0,0,0,0,0.65,1.75,1.3,1.3,326,326,15.5,27.3,20.8,18.8,14.5,0.149,0.18,0.25,0.333,1,3600.0,951.0,828.0,123.0,890.5,951.0,1232.4,949.9,827.0,122.9,890.5,949.9,1231.0
993,993,41.01933,-7.7032776,723.0,2018-07-24T14:00,25.2,43,11.7,27.9,0.0,0.0,0.0,0.0,0,1015.0,934.9,0,0,0,0,0.63,1.82,1.9,2.5,292,278,15.5,28.5,21.1,18.8,14.5,0.148,0.179,0.25,0.333,1,3600.0,927.0,806.0,121.0,884.2,927.0,1208.2,901.5,783.9,117.7,884.2,901.5,1175.0
992,992,41.01933,-7.7032776,723.0,2018-07-24T15:00,25.6,43,12.2,27.9,0.0,0.0,0.0,0.0,0,1014.6,934.7,2,2,0,0,0.58,1.87,2.5,3.6,278,276,15.8,29.3,21.4,18.8,14.5,0.147,0.179,0.25,0.333,1,3600.0,848.0,732.0,116.0,865.0,848.0,1121.6,800.6,691.1,109.5,865.0,800.6,1058.9
991,991,41.01933,-7.7032776,723.0,2018-07-24T16:00,25.7,43,12.1,26.6,0.0,0.0,0.0,0.0,0,1014.3,934.4,19,21,0,0,0.5,1.89,5.4,6.5,262,264,18.0,29.6,21.8,18.8,14.5,0.146,0.178,0.25,0.333,1,3600.0,716.0,604.0,112.0,817.9,716.0,978.7,651.7,549.7,101.9,817.9,651.7,890.8
990,990,41.01933,-7.7032776,723.0,2018-07-24T17:00,24.8,46,12.4,24.3,0.0,0.0,0.0,0.0,0,1014.6,934.5,3,3,0,0,0.37,1.7,8.8,11.3,282,279,22.7,29.1,22.1,18.8,14.5,0.146,0.178,0.25,0.333,1,3600.0,517.0,389.0,128.0,653.3,517.0,789.2,446.8,336.2,110.6,653.3,446.8,682.0
989,989,41.01933,-7.7032776,723.0,2018-07-24T18:00,22.9,58,14.3,22.5,0.0,0.0,0.0,0.0,0,1014.7,934.1,1,1,0,0,0.26,1.17,12.5,15.9,303,303,28.1,28.1,22.3,18.8,14.5,0.146,0.178,0.249,0.333,1,3600.0,365.0,279.0,86.0,653.5,365.0,565.9,288.2,220.3,67.9,653.5,288.2,446.8
988,988,41.01933,-7.7032776,723.0,2018-07-24T19:00,20.2,73,15.3,19.9,0.0,0.0,0.0,0.0,0,1015.4,934.0,1,1,0,0,0.12,0.63,14.1,20.2,310,310,32.0,26.5,22.5,18.8,14.5,0.145,0.178,0.249,0.333,1,3600.0,180.0,120.0,60.0,490.9,180.0,324.0,111.7,74.5,37.2,490.9,111.7,201.1
987,987,41.01933,-7.7032776,723.0,2018-07-24T20:00,18.4,83,15.4,18.7,0.0,0.0,0.0,0.0,0,1015.8,933.9,0,0,0,0,0.03,0.37,10.1,17.2,305,303,31.3,24.7,22.6,18.8,14.5,0.145,0.178,0.249,0.333,0,1068.74,33.0,16.0,17.0,142.8,33.0,89.9,0.0,0.0,0.0,0.0,0.0,0.0
986,986,41.01933,-7.7032776,723.0,2018-07-24T21:00,17.5,87,15.3,18.4,0.0,0.0,0.0,0.0,0,1016.5,934.3,2,2,0,0,0.0,0.26,6.0,14.3,295,298,21.6,23.1,22.6,18.8,14.5,0.145,0.178,0.249,0.333,0,0.0,0.0,0.0,0.0,0.0,0.0,0.0,0.0,0.0,0.0,0.0,0.0,0.0
985,985,41.01933,-7.7032776,723.0,2018-07-24T22:00,16.6,91,15.2,17.7,0.0,0.0,0.0,0.0,0,1016.4,934.0,2,2,0,0,0.0,0.17,4.3,12.0,275,291,14.0,21.8,22.5,18.8,14.5,0.145,0.178,0.249,0.333,0,0.0,0.0,0.0,0.0,0.0,0.0,0.0,0.0,0.0,0.0,0.0,0.0,0.0
984,984,41.01933,-7.7032776,723.0,2018-07-24T23:00,15.9,94,14.9,16.9,0.0,0.0,0.0,0.0,0,1016.2,933.6,0,0,0,0,0.0,0.11,4.4,9.0,261,299,10.4,20.7,22.4,18.8,14.5,0.145,0.178,0.249,0.333,0,0.0,0.0,0.0,0.0,0.0,0.0,0.0,0.0,0.0,0.0,0.0,0.0,0.0
983,983,41.01933,-7.7032776,723.0,2018-07-25T00:00,15.7,95,14.9,16.6,0.0,0.0,0.0,0.0,0,1016.4,933.7,1,1,0,0,0.0,0.09,4.9,6.9,253,313,8.6,19.6,22.2,18.9,14.5,0.146,0.178,0.249,0.333,0,0.0,0.0,0.0,0.0,0.0,0.0,0.0,0.0,0.0,0.0,0.0,0.0,0.0
982,982,41.01933,-7.7032776,723.0,2018-07-25T01:00,16.0,92,14.7,17.1,0.0,0.0,0.0,0.0,0,1016.1,933.5,1,1,0,0,0.0,0.14,3.2,4.9,243,324,8.3,18.9,22.0,18.9,14.5,0.146,0.178,0.249,0.333,0,0.0,0.0,0.0,0.0,0.0,0.0,0.0,0.0,0.0,0.0,0.0,0.0,0.0
981,981,41.01933,-7.7032776,723.0,2018-07-25T02:00,16.8,89,15.0,18.0,0.0,0.0,0.0,0.0,0,1015.9,933.6,0,0,0,0,0.0,0.2,3.0,4.7,256,328,5.0,18.3,21.8,18.9,14.5,0.146,0.178,0.249,0.333,0,0.0,0.0,0.0,0.0,0.0,0.0,0.0,0.0,0.0,0.0,0.0,0.0,0.0
980,980,41.01933,-7.7032776,723.0,2018-07-25T03:00,16.3,91,14.9,17.3,0.0,0.0,0.0,0.0,0,1015.6,933.2,0,0,0,0,0.0,0.16,3.7,4.7,259,337,6.1,17.8,21.6,18.9,14.6,0.146,0.178,0.249,0.333,0,0.0,0.0,0.0,0.0,0.0,0.0,0.0,0.0,0.0,0.0,0.0,0.0,0.0
979,979,41.01933,-7.7032776,723.0,2018-07-25T04:00,16.7,91,15.2,18.0,0.0,0.0,0.0,0.0,0,1015.4,933.1,0,0,0,0,0.0,0.17,3.0,4.0,256,10,6.5,17.3,21.3,18.9,14.6,0.146,0.178,0.249,0.333,0,0.0,0.0,0.0,0.0,0.0,0.0,0.0,0.0,0.0,0.0,0.0,0.0,0.0
978,978,41.01933,-7.7032776,723.0,2018-07-25T05:00,16.6,92,15.2,17.9,0.0,0.0,0.0,0.0,0,1015.3,933.0,0,0,0,0,0.0,0.16,3.0,4.8,284,27,6.8,16.9,21.1,18.9,14.6,0.146,0.178,0.249,0.333,0,0.0,0.0,0.0,0.0,0.0,0.0,0.0,0.0,0.0,0.0,0.0,0.0,0.0
977,977,41.01933,-7.7032776,723.0,2018-07-25T06:00,16.4,92,15.2,17.7,0.0,0.0,0.0,0.0,0,1015.8,933.4,0,0,0,0,0.01,0.14,3.1,5.2,315,25,7.2,16.7,20.9,18.9,14.6,0.146,0.178,0.249,0.333,1,0.0,15.0,5.0,10.0,56.1,15.0,59.7,35.1,11.7,23.4,110.9,17.8,139.9
976,976,41.01933,-7.7032776,723.0,2018-07-25T07:00,17.8,85,15.2,19.1,0.0,0.0,0.0,0.0,0,1016.1,934.0,1,1,0,0,0.06,0.31,2.6,4.5,16,29,9.7,17.6,20.6,18.9,14.6,0.146,0.178,0.249,0.333,1,3600.0,136.0,84.0,52.0,424.2,136.0,262.5,199.7,123.4,76.4,424.2,199.7,385.6
975,975,41.01933,-7.7032776,723.0,2018-07-25T08:00,19.2,80,15.7,20.5,0.0,0.0,0.0,0.0,0,1016.1,934.4,0,0,0,0,0.18,0.43,4.4,5.4,35,42,15.5,19.2,20.5,18.9,14.6,0.146,0.178,0.249,0.332,1,3600.0,316.0,235.0,81.0,615.2,316.0,506.4,389.9,290.0,100.0,615.2,389.9,624.9
974,974,41.01933,-7.7032776,723.0,2018-07-25T09:00,20.8,74,16.0,22.2,0.0,0.0,0.0,0.0,0,1016.1,934.8,0,0,0,0,0.31,0.64,4.8,5.1,42,51,17.3,21.1,20.5,18.9,14.6,0.146,0.178,0.249,0.332,1,3600.0,506.0,407.0,99.0,733.3,506.0,735.7,578.8,465.6,113.2,733.3,578.8,841.5
973,973,41.01933,-7.7032776,723.0,2018-07-25T10:00,22.7,67,16.2,25.0,0.0,0.0,0.0,0.0,0,1015.5,934.8,0,0,0,0,0.44,0.92,4.3,4.7,48,58,18.4,23.1,20.5,18.9,14.6,0.145,0.178,0.249,0.332,1,3600.0,678.0,568.0,110.0,805.4,678.0,934.8,740.4,620.3,120.1,805.4,740.4,1020.8
972,972,41.01933,-7.7032776,723.0,2018-07-25T11:00,24.6,60,16.2,28.2,0.0,0.0,0.0,0.0,0,1015.0,934.8,4,4,0,0,0.55,1.25,2.1,2.0,31,45,18.0,25.3,20.7,18.9,14.6,0.145,0.177,0.249,0.332,1,3600.0,814.0,695.0,119.0,845.1,814.0,1090.2,859.0,733.4,125.6,845.1,859.0,1150.5
971,971,41.01933,-7.7032776,723.0,2018-07-25T12:00,26.0,48,14.1,28.8,0.0,0.0,0.0,0.0,1,1014.7,934.9,35,39,0,0,0.62,1.74,4.7,4.7,23,23,16.6,26.9,20.9,18.9,14.6,0.145,0.178,0.25,0.332,1,3600.0,897.0,765.0,132.0,851.4,897.0,1191.1,919.9,784.6,135.4,851.4,919.9,1221.6
970,970,41.01933,-7.7032776,723.0,2018-07-25T13:00,27.6,42,13.7,30.2,0.0,0.0,0.0,0.0,2,1014.0,934.6,64,62,14,0,0.63,2.13,4.2,4.6,20,18,18.7,28.4,21.2,18.9,14.6,0.144,0.178,0.25,0.332,1,3600.0,870.0,656.0,214.0,706.5,870.0,1230.9,869.0,655.2,213.8,706.5,869.0,1229.4
969,969,41.01933,-7.7032776,723.0,2018-07-25T14:00,28.5,39,13.2,30.4,0.0,0.0,0.0,0.0,2,1013.7,934.6,63,47,35,0,0.63,2.36,6.4,7.4,322,317,20.2,29.6,21.5,18.9,14.6,0.144,0.178,0.249,0.332,1,3600.0,850.0,610.0,240.0,670.2,850.0,1206.6,826.6,593.2,233.4,670.2,826.6,1173.3
968,968,41.01933,-7.7032776,723.0,2018-07-25T15:00,27.6,47,15.2,28.7,0.0,0.0,0.0,0.0,1,1013.4,934.1,23,26,0,0,0.57,1.97,12.7,16.3,295,295,31.0,30.1,21.9,18.9,14.6,0.143,0.177,0.249,0.332,1,3600.0,761.0,547.0,214.0,647.5,761.0,1119.9,718.3,516.3,202.0,647.5,718.3,1057.1
967,967,41.01933,-7.7032776,723.0,2018-07-25T16:00,25.6,64,18.2,27.3,0.3,0.3,0.0,0.0,51,1013.8,933.9,92,70,48,0,0.47,1.19,13.7,17.6,297,293,37.8,29.9,22.2,18.9,14.6,0.145,0.177,0.249,0.332,1,3600.0,691.0,556.0,135.0,754.6,691.0,976.8,628.7,505.9,122.8,754.6,628.7,888.7
966,966,41.01933,-7.7032776,723.0,2018-07-25T17:00,24.0,70,18.2,24.7,0.0,0.0,0.0,0.0,1,1014.0,933.7,37,40,2,0,0.3,0.9,15.7,20.7,307,305,35.3,29.0,22.5,18.9,14.6,0.145,0.177,0.249,0.332,1,3600.0,425.0,228.0,197.0,384.1,425.0,787.0,367.0,196.9,170.1,384.1,367.0,679.6
965,965,41.01933,-7.7032776,723.0,2018-07-25T18:00,21.7,76,17.3,22.1,0.0,0.0,0.0,0.0,1,1014.7,933.8,32,35,0,0,0.19,0.61,14.5,19.9,293,290,39.6,27.8,22.7,18.9,14.6,0.145,0.176,0.249,0.332,1,3600.0,298.0,191.0,107.0,449.5,298.0,563.3,234.9,150.5,84.3,449.5,234.9,444.0
964,964,41.01933,-7.7032776,723.0,2018-07-25T19:00,20.7,77,16.6,21.3,0.0,0.0,0.0,0.0,0,1014.6,933.4,1,1,0,0,0.1,0.55,11.6,16.1,292,290,33.5,26.4,22.8,18.9,14.6,0.145,0.176,0.249,0.332,1,3600.0,140.0,86.0,54.0,355.1,140.0,321.1,86.3,53.0,33.3,355.1,86.3,197.9
963,963,41.01933,-7.7032776,723.0,2018-07-25T20:00,19.1,83,16.1,19.8,0.0,0.0,0.0,0.0,0,1014.8,933.2,2,2,0,0,0.03,0.37,9.7,15.5,285,288,26.3,24.8,22.9,18.9,14.6,0.144,0.176,0.249,0.332,0,828.34,32.0,14.0,18.0,126.3,32.0,88.3,0.0,0.0,0.0,0.0,0.0,0.0
962,962,41.01933,-7.7032776,723.0,2018-07-25T21:00,18.0,87,15.8,19.1,0.0,0.0,0.0,0.0,0,1015.6,933.6,7,8,0,0,0.0,0.27,5.8,12.6,277,283,21.6,23.3,22.9,18.9,14.6,0.144,0.176,0.249,0.332,0,0.0,0.0,0.0,0.0,0.0,0.0,0.0,0.0,0.0,0.0,0.0,0.0,0.0
961,961,41.01933,-7.7032776,723.0,2018-07-25T22:00,17.1,90,15.4,18.2,0.0,0.0,0.0,0.0,0,1015.5,933.3,5,6,0,0,0.0,0.19,4.6,10.1,252,276,14.0,22.1,22.8,19.0,14.6,0.144,0.176,0.249,0.332,0,0.0,0.0,0.0,0.0,0.0,0.0,0.0,0.0,0.0,0.0,0.0,0.0,0.0
960,960,41.01933,-7.7032776,723.0,2018-07-25T23:00,16.2,94,15.2,17.5,0.0,0.0,0.0,0.0,0,1015.3,932.9,4,5,0,0,0.0,0.11,3.4,8.1,252,283,11.5,21.0,22.7,19.0,14.6,0.145,0.177,0.249,0.332,0,0.0,0.0,0.0,0.0,0.0,0.0,0.0,0.0,0.0,0.0,0.0,0.0,0.0
959,959,41.01933,-7.7032776,723.0,2018-07-26T00:00,15.7,96,15.0,16.8,0.0,0.0,0.0,0.0,0,1016.0,933.4,11,12,0,0,0.0,0.07,4.0,10.4,270,284,9.0,20.3,22.6,19.0,14.6,0.143,0.177,0.249,0.332,0,0.0,0.0,0.0,0.0,0.0,0.0,0.0,0.0,0.0,0.0,0.0,0.0,0.0
958,958,41.01933,-7.7032776,723.0,2018-07-26T01:00,15.1,96,14.5,15.9,0.0,0.0,0.0,0.0,0,1015.8,933.0,18,20,0,0,0.0,0.06,4.0,9.2,280,291,11.9,19.6,22.4,19.0,14.6,0.143,0.177,0.249,0.332,0,0.0,0.0,0.0,0.0,0.0,0.0,0.0,0.0,0.0,0.0,0.0,0.0,0.0
957,957,41.01933,-7.7032776,723.0,2018-07-26T02:00,15.1,94,14.1,15.9,0.0,0.0,0.0,0.0,1,1015.7,932.9,30,33,0,0,0.0,0.11,3.8,10.8,287,291,10.8,19.0,22.2,19.0,14.6,0.143,0.177,0.249,0.332,0,0.0,0.0,0.0,0.0,0.0,0.0,0.0,0.0,0.0,0.0,0.0,0.0,0.0
956,956,41.01933,-7.7032776,723.0,2018-07-26T03:00,15.1,92,13.8,15.6,0.0,0.0,0.0,0.0,1,1015.7,932.9,32,35,0,0,0.0,0.14,4.5,12.1,299,297,12.2,18.6,22.0,19.0,14.6,0.143,0.177,0.249,0.332,0,0.0,0.0,0.0,0.0,0.0,0.0,0.0,0.0,0.0,0.0,0.0,0.0,0.0
955,955,41.01933,-7.7032776,723.0,2018-07-26T04:00,14.6,94,13.6,15.2,0.0,0.0,0.0,0.0,1,1015.8,932.9,41,46,0,0,0.0,0.1,3.7,11.1,299,299,12.6,18.2,21.7,19.0,14.6,0.143,0.177,0.249,0.332,0,0.0,0.0,0.0,0.0,0.0,0.0,0.0,0.0,0.0,0.0,0.0,0.0,0.0
954,954,41.01933,-7.7032776,723.0,2018-07-26T05:00,14.5,93,13.4,15.1,0.0,0.0,0.0,0.0,1,1015.7,932.8,44,49,0,0,0.0,0.12,3.4,10.5,302,301,10.4,17.9,21.5,19.0,14.6,0.143,0.177,0.249,0.332,0,0.0,0.0,0.0,0.0,0.0,0.0,0.0,0.0,0.0,0.0,0.0,0.0,0.0
953,953,41.01933,-7.7032776,723.0,2018-07-26T06:00,14.7,91,13.2,14.8,0.0,0.0,0.0,0.0,2,1015.8,932.9,53,56,0,8,0.01,0.16,6.2,11.4,291,298,11.9,17.7,21.3,19.0,14.6,0.143,0.177,0.249,0.332,1,0.0,11.0,3.0,8.0,34.1,11.0,58.1,25.9,7.1,18.8,68.4,12.9,136.7
952,952,41.01933,-7.7032776,723.0,2018-07-26T07:00,15.9,83,13.0,16.0,0.0,0.0,0.0,0.0,1,1016.2,933.6,40,45,0,0,0.06,0.31,6.0,8.7,303,300,15.8,18.1,21.1,19.0,14.6,0.143,0.177,0.249,0.332,1,3600.0,96.0,39.0,57.0,199.3,96.0,259.4,141.6,57.5,84.1,199.3,141.6,382.7
951,951,41.01933,-7.7032776,723.0,2018-07-26T08:00,17.2,77,13.1,17.0,0.0,0.0,0.0,0.0,1,1016.3,934.0,22,25,0,0,0.14,0.45,7.9,10.3,309,306,20.5,19.0,21.0,19.0,14.7,0.143,0.177,0.249,0.332,1,3600.0,249.0,143.0,106.0,376.4,249.0,503.7,307.7,176.7,131.0,376.4,307.7,622.3
950,950,41.01933,-7.7032776,723.0,2018-07-26T09:00,19.0,66,12.4,18.7,0.0,0.0,0.0,0.0,0,1016.3,934.5,9,10,0,0,0.27,0.75,7.1,8.9,319,317,21.2,20.5,20.9,19.0,14.7,0.143,0.177,0.249,0.332,1,3600.0,457.0,319.0,138.0,576.7,457.0,733.3,523.1,365.1,158.0,576.7,523.1,839.3
949,949,41.01933,-7.7032776,723.0,2018-07-26T10:00,20.8,56,11.8,21.2,0.0,0.0,0.0,0.0,0,1016.0,934.7,1,1,0,0,0.42,1.07,6.5,7.9,326,321,21.6,22.4,20.9,19.0,14.7,0.143,0.177,0.249,0.332,1,3600.0,674.0,556.0,118.0,790.3,674.0,932.8,736.2,607.3,128.9,790.3,736.2,1018.9
948,948,41.01933,-7.7032776,723.0,2018-07-26T11:00,22.5,50,11.4,23.6,0.0,0.0,0.0,0.0,0,1015.6,934.8,0,0,0,0,0.53,1.37,6.6,7.6,319,315,22.0,24.4,21.0,19.0,14.7,0.142,0.176,0.248,0.332,1,3600.0,822.0,704.0,118.0,857.6,822.0,1088.3,867.6,743.1,124.5,857.6,867.6,1148.7
947,947,41.01933,-7.7032776,723.0,2018-07-26T12:00,23.3,50,12.2,24.8,0.0,0.0,0.0,0.0,0,1015.4,934.8,0,0,0,0,0.6,1.44,9.4,11.2,317,312,26.3,25.9,21.0,19.0,14.7,0.142,0.177,0.249,0.332,1,3600.0,916.0,795.0,121.0,886.2,916.0,1189.5,939.5,815.4,124.1,886.2,939.5,1220.0
946,946,41.01933,-7.7032776,723.0,2018-07-26T13:00,24.3,48,12.5,25.7,0.0,0.0,0.0,0.0,0,1015.1,934.8,0,0,0,0,0.64,1.58,10.9,13.0,314,309,29.5,27.3,21.2,19.0,14.7,0.142,0.177,0.249,0.332,1,3600.0,952.0,828.0,124.0,893.1,952.0,1229.2,950.9,827.0,123.9,893.1,950.9,1227.8
945,945,41.01933,-7.7032776,723.0,2018-07-26T14:00,24.7,47,12.5,25.8,0.0,0.0,0.0,0.0,0,1014.8,934.6,0,0,0,0,0.63,1.66,12.2,14.8,313,309,31.3,28.3,21.5,19.0,14.7,0.141,0.176,0.249,0.332,1,3600.0,929.0,808.0,121.0,889.1,929.0,1204.9,903.3,785.7,117.7,889.1,903.3,1171.6
944,944,41.01933,-7.7032776,723.0,2018-07-26T15:00,24.4,48,12.8,24.7,0.0,0.0,0.0,0.0,0,1014.8,934.6,0,0,0,0,0.57,1.58,15.1,19.3,308,307,36.7,28.8,21.8,19.0,14.7,0.141,0.176,0.248,0.332,1,3600.0,852.0,734.0,118.0,870.4,852.0,1118.1,804.1,692.7,111.4,870.4,804.1,1055.2
943,943,41.01933,-7.7032776,723.0,2018-07-26T16:00,23.8,53,13.5,23.4,0.0,0.0,0.0,0.0,0,1014.8,934.4,0,0,0,0,0.48,1.39,16.2,21.2,307,305,38.5,28.8,22.1,19.0,14.7,0.141,0.175,0.248,0.332,1,3600.0,723.0,613.0,110.0,833.8,723.0,974.8,657.6,557.5,100.0,833.8,657.6,886.6
942,942,41.01933,-7.7032776,723.0,2018-07-26T17:00,22.5,59,14.1,21.5,0.0,0.0,0.0,0.0,0,1015.0,934.3,0,0,0,0,0.37,1.12,16.2,21.7,307,306,38.9,28.2,22.3,19.0,14.7,0.14,0.175,0.248,0.332,1,3600.0,557.0,458.0,99.0,774.0,557.0,784.6,480.7,395.2,85.4,774.0,480.7,677.1
941,941,41.01933,-7.7032776,723.0,2018-07-26T18:00,21.2,65,14.3,20.6,0.0,0.0,0.0,0.0,0,1015.1,934.0,0,0,0,0,0.24,0.89,14.0,19.0,305,303,37.8,27.2,22.5,19.0,14.7,0.14,0.175,0.248,0.332,1,3600.0,368.0,285.0,83.0,674.1,368.0,560.6,289.6,224.3,65.3,674.1,289.6,441.1
940,940,41.01933,-7.7032776,723.0,2018-07-26T19:00,19.5,72,14.3,19.2,0.0,0.0,0.0,0.0,0,1015.4,933.8,0,0,0,0,0.12,0.63,11.8,16.3,301,301,32.0,25.8,22.7,19.0,14.7,0.14,0.175,0.248,0.332,1,3600.0,179.0,120.0,59.0,500.4,179.0,318.0,109.6,73.5,36.1,500.4,109.6,194.7
939,939,41.01933,-7.7032776,723.0,2018-07-26T20:00,17.5,80,14.0,17.6,0.0,0.0,0.0,0.0,0,1015.9,933.8,0,0,0,0,0.03,0.4,8.3,15.7,304,302,26.3,24.0,22.7,19.1,14.7,0.14,0.175,0.248,0.332,0,927.28,32.0,15.0,17.0,136.9,32.0,86.7,0.0,0.0,0.0,0.0,0.0,0.0
938,938,41.01933,-7.7032776,723.0,2018-07-26T21:00,16.2,85,13.6,16.5,0.0,0.0,0.0,0.0,0,1016.6,934.1,2,0,0,6,0.0,0.28,5.3,14.1,298,302,19.1,22.4,22.6,19.1,14.7,0.14,0.175,0.248,0.332,0,0.0,0.0,0.0,0.0,0.0,0.0,0.0,0.0,0.0,0.0,0.0,0.0,0.0
937,937,41.01933,-7.7032776,723.0,2018-07-26T22:00,15.0,89,13.2,15.4,0.0,0.0,0.0,0.0,0,1016.4,933.6,0,0,0,1,0.0,0.19,4.5,12.3,284,308,14.0,21.0,22.5,19.1,14.7,0.14,0.175,0.248,0.332,0,0.0,0.0,0.0,0.0,0.0,0.0,0.0,0.0,0.0,0.0,0.0,0.0,0.0
936,936,41.01933,-7.7032776,723.0,2018-07-26T23:00,14.2,92,12.9,14.4,0.0,0.0,0.0,0.0,0,1016.1,933.1,0,0,0,0,0.0,0.14,4.7,10.7,270,310,11.5,19.8,22.4,19.1,14.7,0.14,0.175,0.248,0.332,0,0.0,0.0,0.0,0.0,0.0,0.0,0.0,0.0,0.0,0.0,0.0,0.0,0.0
935,935,41.01933,-7.7032776,723.0,2018-07-27T00:00,13.6,93,12.4,13.5,0.0,0.0,0.0,0.0,0,1016.3,933.1,5,0,0,17,0.0,0.11,5.5,9.6,259,304,10.8,18.6,22.2,19.1,14.7,0.14,0.175,0.248,0.332,0,0.0,0.0,0.0,0.0,0.0,0.0,0.0,0.0,0.0,0.0,0.0,0.0,0.0
934,934,41.01933,-7.7032776,723.0,2018-07-27T01:00,13.1,92,11.9,13.1,0.0,0.0,0.0,0.0,0,1015.9,932.6,7,0,0,22,0.0,0.12,3.9,9.0,248,299,13.0,17.8,21.9,19.1,14.7,0.14,0.175,0.248,0.332,0,0.0,0.0,0.0,0.0,0.0,0.0,0.0,0.0,0.0,0.0,0.0,0.0,0.0
933,933,41.01933,-7.7032776,723.0,2018-07-27T02:00,12.7,91,11.3,12.4,0.0,0.0,0.0,0.0,0,1015.3,931.9,16,0,0,55,0.0,0.12,4.3,8.6,246,303,10.4,17.2,21.7,19.1,14.7,0.14,0.175,0.248,0.332,0,0.0,0.0,0.0,0.0,0.0,0.0,0.0,0.0,0.0,0.0,0.0,0.0,0.0
932,932,41.01933,-7.7032776,723.0,2018-07-27T03:00,12.3,91,10.8,11.8,0.0,0.0,0.0,0.0,1,1015.2,931.7,30,0,0,99,0.0,0.14,5.4,8.8,250,305,11.2,16.6,21.4,19.1,14.7,0.14,0.175,0.248,0.332,0,0.0,0.0,0.0,0.0,0.0,0.0,0.0,0.0,0.0,0.0,0.0,0.0,0.0
931,931,41.01933,-7.7032776,723.0,2018-07-27T04:00,12.4,88,10.5,11.8,0.0,0.0,0.0,0.0,1,1015.0,931.6,29,0,0,97,0.0,0.17,5.4,8.1,250,302,11.5,16.1,21.1,19.1,14.7,0.14,0.175,0.248,0.332,0,0.0,0.0,0.0,0.0,0.0,0.0,0.0,0.0,0.0,0.0,0.0,0.0,0.0
930,930,41.01933,-7.7032776,723.0,2018-07-27T05:00,12.2,87,10.1,11.6,0.0,0.0,0.0,0.0,1,1014.7,931.2,21,0,0,71,0.0,0.18,4.4,6.2,235,291,11.2,15.7,20.9,19.1,14.7,0.14,0.175,0.248,0.332,0,0.0,0.0,0.0,0.0,0.0,0.0,0.0,0.0,0.0,0.0,0.0,0.0,0.0
929,929,41.01933,-7.7032776,723.0,2018-07-27T06:00,13.2,83,10.3,12.7,0.0,0.0,0.0,0.0,0,1014.8,931.6,0,0,0,0,0.01,0.26,4.0,8.4,260,295,11.2,15.4,20.6,19.1,14.7,0.14,0.175,0.248,0.332,1,0.0,13.0,5.0,8.0,57.8,13.0,56.5,30.7,11.8,18.9,117.4,15.1,133.3
928,928,41.01933,-7.7032776,723.0,2018-07-27T07:00,16.0,71,10.8,15.6,0.0,0.0,0.0,0.0,0,1015.3,932.8,3,1,0,8,0.07,0.53,4.5,8.2,299,299,13.0,16.3,20.3,19.1,14.7,0.14,0.175,0.248,0.332,1,3600.0,136.0,85.0,51.0,439.8,136.0,256.3,201.5,125.9,75.6,439.8,201.5,379.7
927,927,41.01933,-7.7032776,723.0,2018-07-27T08:00,17.9,67,11.8,17.7,0.0,0.0,0.0,0.0,0,1015.3,933.3,13,1,0,39,0.18,0.67,4.9,6.1,324,315,15.8,17.8,20.2,19.1,14.7,0.14,0.175,0.248,0.332,1,3600.0,322.0,243.0,79.0,643.3,322.0,500.9,398.4,300.7,97.7,643.3,398.4,619.7
926,926,41.01933,-7.7032776,723.0,2018-07-27T09:00,19.5,64,12.5,19.6,0.0,0.0,0.0,0.0,1,1015.1,933.6,23,0,0,77,0.3,0.82,4.9,5.9,324,313,17.6,19.8,20.1,19.1,14.7,0.139,0.175,0.248,0.332,1,3600.0,498.0,396.0,102.0,718.5,498.0,730.9,570.3,453.5,116.8,718.5,570.3,837.1
925,925,41.01933,-7.7032776,723.0,2018-07-27T10:00,21.3,58,12.7,22.2,0.0,0.0,0.0,0.0,0,1014.8,933.8,13,0,0,44,0.42,1.07,4.7,5.8,293,277,18.0,21.9,20.1,19.1,14.7,0.139,0.174,0.247,0.332,1,3600.0,662.0,496.0,166.0,706.8,662.0,930.6,723.4,542.0,181.4,706.8,723.4,1016.9
924,924,41.01933,-7.7032776,723.0,2018-07-27T11:00,22.7,53,12.7,23.8,0.0,0.0,0.0,0.0,0,1015.0,934.3,14,4,0,34,0.53,1.29,8.9,10.8,291,285,25.6,24.0,20.2,19.1,14.7,0.139,0.174,0.247,0.332,1,3600.0,820.0,680.0,140.0,830.0,820.0,1086.5,865.6,717.9,147.8,830.0,865.6,1146.9
923,923,41.01933,-7.7032776,723.0,2018-07-27T12:00,22.5,53,12.4,24.1,0.0,0.0,0.0,0.0,1,1014.9,934.2,33,8,0,87,0.58,1.28,8.4,10.1,277,272,27.0,25.5,20.4,19.1,14.7,0.142,0.176,0.249,0.332,1,3600.0,905.0,754.0,151.0,841.9,905.0,1187.7,928.3,773.4,154.9,841.9,928.3,1218.3
922,922,41.01933,-7.7032776,723.0,2018-07-27T13:00,23.4,47,11.6,24.6,0.0,0.0,0.0,0.0,0,1014.2,933.8,0,0,0,0,0.58,1.52,8.3,10.6,268,260,25.2,26.8,20.6,19.1,14.8,0.142,0.175,0.249,0.332,1,3600.0,873.0,621.0,252.0,670.9,873.0,1227.5,872.0,620.3,251.7,670.9,872.0,1226.1
921,921,41.01933,-7.7032776,723.0,2018-07-27T14:00,24.0,45,11.5,25.0,0.0,0.0,0.0,0.0,0,1014.2,933.9,0,0,0,0,0.62,1.63,10.8,13.4,270,265,28.8,27.9,20.9,19.1,14.8,0.141,0.175,0.248,0.332,1,3600.0,926.0,801.0,125.0,882.9,926.0,1203.2,900.3,778.8,121.5,882.9,900.3,1169.8
920,920,41.01933,-7.7032776,723.0,2018-07-27T15:00,23.6,49,12.4,24.2,0.0,0.0,0.0,0.0,0,1014.1,933.7,4,0,0,14,0.56,1.48,12.2,15.3,284,279,31.3,28.4,21.2,19.1,14.8,0.141,0.174,0.248,0.332,1,3600.0,846.0,725.0,121.0,861.4,846.0,1116.2,798.2,684.1,114.2,861.4,798.2,1053.2
919,919,41.01933,-7.7032776,723.0,2018-07-27T16:00,22.6,53,12.6,22.3,0.0,0.0,0.0,0.0,0,1014.2,933.5,8,0,0,27,0.46,1.28,13.9,17.3,295,291,33.8,28.4,21.5,19.1,14.8,0.14,0.174,0.248,0.332,1,3600.0,716.0,604.0,112.0,823.6,716.0,972.6,651.0,549.1,101.8,823.6,651.0,884.3
918,918,41.01933,-7.7032776,723.0,2018-07-27T17:00,21.3,54,11.5,19.5,0.0,0.0,0.0,0.0,1,1014.7,933.7,26,0,0,88,0.36,1.17,15.3,19.7,297,294,36.0,27.7,21.8,19.1,14.8,0.14,0.174,0.248,0.332,1,3600.0,550.0,449.0,101.0,761.3,550.0,782.2,474.3,387.2,87.1,761.3,474.3,674.5
917,917,41.01933,-7.7032776,723.0,2018-07-27T18:00,19.6,59,11.2,17.8,0.0,0.0,0.0,0.0,0,1014.8,933.3,17,0,0,57,0.23,0.94,14.7,20.0,295,293,35.6,26.5,22.0,19.1,14.8,0.14,0.174,0.248,0.332,1,3600.0,338.0,213.0,125.0,506.4,338.0,557.8,265.5,167.3,98.2,506.4,265.5,438.1
916,916,41.01933,-7.7032776,723.0,2018-07-27T19:00,17.4,71,12.1,15.9,0.0,0.0,0.0,0.0,0,1015.5,933.4,17,0,0,56,0.11,0.57,14.8,21.1,299,297,34.6,24.8,22.1,19.1,14.8,0.14,0.174,0.248,0.332,1,3600.0,174.0,112.0,62.0,471.9,174.0,314.8,105.7,68.0,37.7,471.9,105.7,191.3
915,915,41.01933,-7.7032776,723.0,2018-07-27T20:00,15.3,80,11.9,14.0,0.0,0.0,0.0,0.0,0,1016.4,933.6,16,1,0,50,0.03,0.35,12.7,19.5,299,298,33.5,22.9,22.1,19.1,14.8,0.14,0.174,0.248,0.332,0,697.59,30.0,13.0,17.0,120.0,30.0,85.0,0.0,0.0,0.0,0.0,0.0,0.0
914,914,41.01933,-7.7032776,723.0,2018-07-27T21:00,14.3,84,11.7,13.4,0.0,0.0,0.0,0.0,0,1017.3,934.2,13,10,0,13,0.0,0.26,9.6,17.5,304,302,28.4,21.3,22.1,19.1,14.8,0.14,0.174,0.248,0.332,0,0.0,0.0,0.0,0.0,0.0,0.0,0.0,0.0,0.0,0.0,0.0,0.0,0.0
913,913,41.01933,-7.7032776,723.0,2018-07-27T22:00,13.6,88,11.7,13.3,0.0,0.0,0.0,0.0,1,1017.4,934.1,30,16,0,51,0.0,0.18,6.0,13.7,295,300,22.7,20.0,22.0,19.1,14.8,0.14,0.174,0.248,0.332,0,0.0,0.0,0.0,0.0,0.0,0.0,0.0,0.0,0.0,0.0,0.0,0.0,0.0
912,912,41.01933,-7.7032776,723.0,2018-07-27T23:00,13.0,91,11.6,12.9,0.0,0.0,0.0,0.0,0,1017.2,933.7,17,8,0,32,0.0,0.13,4.4,12.8,305,310,16.2,18.9,21.8,19.1,14.8,0.14,0.174,0.248,0.332,0,0.0,0.0,0.0,0.0,0.0,0.0,0.0,0.0,0.0,0.0,0.0,0.0,0.0
911,911,41.01933,-7.7032776,723.0,2018-07-28T00:00,12.4,96,11.7,11.9,0.0,0.0,0.0,0.0,0,1017.4,933.7,8,8,0,2,0.0,0.06,7.0,11.7,282,304,14.0,18.1,21.6,19.1,14.8,0.14,0.174,0.248,0.332,0,0.0,0.0,0.0,0.0,0.0,0.0,0.0,0.0,0.0,0.0,0.0,0.0,0.0
910,910,41.01933,-7.7032776,723.0,2018-07-28T01:00,12.1,94,11.2,11.7,0.0,0.0,0.0,0.0,0,1017.0,933.3,6,6,0,3,0.0,0.08,4.7,12.2,274,304,15.1,17.3,21.4,19.1,14.8,0.14,0.174,0.248,0.332,0,0.0,0.0,0.0,0.0,0.0,0.0,0.0,0.0,0.0,0.0,0.0,0.0,0.0
909,909,41.01933,-7.7032776,723.0,2018-07-28T02:00,12.0,92,10.7,11.5,0.0,0.0,0.0,0.0,0,1016.5,932.8,2,2,0,0,0.0,0.12,5.4,14.5,290,314,14.4,16.6,21.1,19.1,14.8,0.14,0.174,0.248,0.332,0,0.0,0.0,0.0,0.0,0.0,0.0,0.0,0.0,0.0,0.0,0.0,0.0,0.0
908,908,41.01933,-7.7032776,723.0,2018-07-28T03:00,12.3,88,10.4,11.5,0.0,0.0,0.0,0.0,0,1016.3,932.7,2,2,0,0,0.0,0.17,5.9,15.8,308,319,15.5,16.1,20.9,19.1,14.8,0.14,0.174,0.248,0.332,0,0.0,0.0,0.0,0.0,0.0,0.0,0.0,0.0,0.0,0.0,0.0,0.0,0.0
907,907,41.01933,-7.7032776,723.0,2018-07-28T04:00,11.8,89,10.1,11.0,0.0,0.0,0.0,0.0,0,1016.3,932.6,4,5,0,0,0.0,0.15,5.6,14.3,315,321,15.8,15.7,20.6,19.1,14.8,0.14,0.174,0.248,0.331,0,0.0,0.0,0.0,0.0,0.0,0.0,0.0,0.0,0.0,0.0,0.0,0.0,0.0
906,906,41.01933,-7.7032776,723.0,2018-07-28T05:00,11.3,91,9.9,10.3,0.0,0.0,0.0,0.0,0,1016.3,932.4,6,7,0,0,0.0,0.12,6.7,10.4,306,326,14.4,15.3,20.4,19.1,14.8,0.14,0.174,0.248,0.331,0,0.0,0.0,0.0,0.0,0.0,0.0,0.0,0.0,0.0,0.0,0.0,0.0,0.0
905,905,41.01933,-7.7032776,723.0,2018-07-28T06:00,12.3,90,10.6,11.9,0.0,0.0,0.0,0.0,0,1016.4,932.8,8,9,0,0,0.01,0.15,4.0,7.6,280,329,13.3,15.1,20.1,19.1,14.8,0.14,0.174,0.248,0.331,1,0.0,12.0,4.0,8.0,46.9,12.0,54.8,28.4,9.5,19.0,96.8,13.8,129.9
904,904,41.01933,-7.7032776,723.0,2018-07-28T07:00,14.9,73,10.1,14.5,0.0,0.0,0.0,0.0,0,1016.7,933.8,9,10,0,0,0.06,0.45,3.1,5.5,315,328,10.4,15.8,19.9,19.1,14.8,0.14,0.174,0.248,0.331,1,3600.0,125.0,75.0,50.0,393.1,125.0,253.1,186.1,111.6,74.4,393.1,186.1,376.7
903,903,41.01933,-7.7032776,723.0,2018-07-28T08:00,17.1,64,10.3,16.5,0.0,0.0,0.0,0.0,0,1016.9,934.6,6,7,0,0,0.17,0.7,4.9,5.8,343,338,15.5,17.3,19.7,19.1,14.8,0.14,0.174,0.248,0.331,1,3600.0,301.0,215.0,86.0,572.5,301.0,498.1,372.9,266.4,106.6,572.5,372.9,617.1
902,902,41.01933,-7.7032776,723.0,2018-07-28T09:00,18.9,60,10.8,18.2,0.0,0.0,0.0,0.0,0,1017.0,935.1,2,2,0,0,0.29,0.88,6.1,7.2,357,354,19.4,19.2,19.6,19.1,14.8,0.14,0.174,0.248,0.331,1,3600.0,496.0,389.0,107.0,708.3,496.0,728.5,568.4,445.8,122.6,708.3,568.4,834.8
901,901,41.01933,-7.7032776,723.0,2018-07-28T10:00,20.5,55,11.2,20.6,0.0,0.0,0.0,0.0,0,1017.0,935.6,0,0,0,0,0.42,1.08,6.5,7.2,360,357,21.2,21.3,19.7,19.1,14.8,0.14,0.174,0.247,0.331,1,3600.0,674.0,562.0,112.0,802.8,674.0,928.5,736.7,614.3,122.4,802.8,736.7,1014.9
900,900,41.01933,-7.7032776,723.0,2018-07-28T11:00,22.0,51,11.5,23.3,0.0,0.0,0.0,0.0,0,1016.7,935.7,0,0,0,0,0.52,1.28,5.4,6.1,340,332,21.2,23.4,19.8,19.1,14.8,0.139,0.174,0.247,0.331,1,3600.0,816.0,698.0,118.0,853.7,816.0,1084.5,861.6,737.0,124.6,853.7,861.6,1145.1
899,899,41.01933,-7.7032776,723.0,2018-07-28T12:00,23.3,49,12.0,25.3,0.0,0.0,0.0,0.0,0,1016.3,935.7,3,3,0,0,0.6,1.45,5.4,6.3,312,301,21.6,25.2,19.9,19.1,14.8,0.14,0.174,0.248,0.331,1,3600.0,906.0,782.0,124.0,874.6,906.0,1186.0,929.4,802.2,127.2,874.6,929.4,1216.6
898,898,41.01933,-7.7032776,723.0,2018-07-28T13:00,24.4,47,12.2,26.3,0.0,0.0,0.0,0.0,0,1015.6,935.3,8,9,0,0,0.63,1.64,7.4,9.0,299,293,23.4,26.9,20.2,19.1,14.8,0.14,0.174,0.248,0.331,1,3600.0,934.0,801.0,133.0,866.8,934.0,1225.8,932.9,800.0,132.8,866.8,932.9,1224.3
897,897,41.01933,-7.7032776,723.0,2018-07-28T14:00,25.1,46,12.5,26.7,0.0,0.0,0.0,0.0,0,1015.5,935.4,9,10,0,0,0.62,1.73,8.3,10.3,288,282,24.8,28.0,20.5,19.1,14.8,0.139,0.173,0.248,0.331,1,3600.0,902.0,762.0,140.0,841.3,902.0,1201.3,876.9,740.8,136.1,841.3,876.9,1167.9
896,896,41.01933,-7.7032776,723.0,2018-07-28T15:00,24.9,47,12.7,25.9,0.0,0.0,0.0,0.0,0,1015.4,935.3,4,5,0,0,0.56,1.68,9.9,12.3,289,285,27.0,28.7,20.8,19.1,14.8,0.139,0.173,0.247,0.331,1,3600.0,820.0,681.0,139.0,810.7,820.0,1114.2,773.5,642.4,131.1,810.7,773.5,1051.1
895,895,41.01933,-7.7032776,723.0,2018-07-28T16:00,24.2,48,12.7,24.2,0.0,0.0,0.0,0.0,0,1015.2,934.9,2,2,0,0,0.48,1.56,11.4,14.3,298,295,29.2,28.7,21.2,19.1,14.8,0.138,0.173,0.247,0.331,1,3600.0,701.0,580.0,121.0,792.8,701.0,970.4,637.1,527.1,110.0,792.8,637.1,881.9
894,894,41.01933,-7.7032776,723.0,2018-07-28T17:00,23.0,53,12.9,22.0,0.0,0.0,0.0,0.0,0,1015.4,934.8,1,1,0,0,0.37,1.33,13.4,17.1,301,298,32.0,28.2,21.5,19.1,14.8,0.138,0.173,0.247,0.331,1,3600.0,543.0,440.0,103.0,748.6,543.0,779.6,467.9,379.1,88.7,748.6,467.9,671.7
893,893,41.01933,-7.7032776,723.0,2018-07-28T18:00,21.6,59,13.3,20.6,0.0,0.0,0.0,0.0,0,1015.6,934.6,0,0,0,0,0.25,1.05,13.8,18.4,298,296,32.4,27.1,21.7,19.1,14.8,0.138,0.172,0.247,0.331,1,3600.0,357.0,273.0,84.0,652.7,357.0,554.9,279.9,214.0,65.9,652.7,279.9,435.0
892,892,41.01933,-7.7032776,723.0,2018-07-28T19:00,19.4,71,14.0,18.8,0.0,0.0,0.0,0.0,0,1016.0,934.4,1,1,0,0,0.12,0.66,13.2,18.4,299,298,32.0,25.6,21.9,19.1,14.9,0.138,0.172,0.247,0.331,1,3600.0,170.0,112.0,58.0,477.0,170.0,311.5,102.5,67.5,35.0,477.0,102.5,187.7
891,891,41.01933,-7.7032776,723.0,2018-07-28T20:00,17.3,83,14.3,17.1,0.0,0.0,0.0,0.0,0,1016.3,934.1,6,7,0,0,0.03,0.34,10.5,17.2,301,299,28.8,23.8,22.0,19.1,14.9,0.138,0.172,0.247,0.331,0,686.9,29.0,13.0,16.0,121.6,29.0,83.3,0.0,0.0,0.0,0.0,0.0,0.0
890,890,41.01933,-7.7032776,723.0,2018-07-28T21:00,16.0,88,14.1,16.0,0.0,0.0,0.0,0.0,0,1016.9,934.3,9,10,0,0,0.0,0.21,9.2,16.1,296,294,23.0,22.2,22.0,19.1,14.9,0.138,0.172,0.247,0.331,0,0.0,0.0,0.0,0.0,0.0,0.0,0.0,0.0,0.0,0.0,0.0,0.0,0.0
889,889,41.01933,-7.7032776,723.0,2018-07-28T22:00,15.0,91,13.5,15.4,0.0,0.0,0.0,0.0,0,1017.2,934.3,4,5,0,0,0.0,0.16,4.7,11.2,274,276,20.9,20.8,21.9,19.1,14.9,0.138,0.172,0.247,0.331,0,0.0,0.0,0.0,0.0,0.0,0.0,0.0,0.0,0.0,0.0,0.0,0.0,0.0
888,888,41.01933,-7.7032776,723.0,2018-07-28T23:00,13.8,95,13.0,14.1,0.0,0.0,0.0,0.0,0,1017.1,933.9,7,8,0,0,0.0,0.09,4.3,10.4,265,270,13.0,19.6,21.8,19.1,14.9,0.138,0.172,0.247,0.331,0,0.0,0.0,0.0,0.0,0.0,0.0,0.0,0.0,0.0,0.0,0.0,0.0,0.0
887,887,41.01933,-7.7032776,723.0,2018-07-29T00:00,13.4,92,12.1,13.2,0.0,0.0,0.0,0.0,0,1018.0,934.6,10,11,0,0,0.0,0.13,5.8,13.5,277,279,12.6,18.8,21.6,19.1,14.9,0.139,0.173,0.248,0.331,0,0.0,0.0,0.0,0.0,0.0,0.0,0.0,0.0,0.0,0.0,0.0,0.0,0.0
886,886,41.01933,-7.7032776,723.0,2018-07-29T01:00,12.3,92,11.1,11.9,0.0,0.0,0.0,0.0,0,1017.7,934.0,6,7,0,0,0.0,0.11,5.0,13.4,270,275,15.5,17.8,21.4,19.1,14.9,0.139,0.173,0.248,0.331,0,0.0,0.0,0.0,0.0,0.0,0.0,0.0,0.0,0.0,0.0,0.0,0.0,0.0
885,885,41.01933,-7.7032776,723.0,2018-07-29T02:00,11.4,93,10.3,10.8,0.0,0.0,0.0,0.0,0,1017.5,933.6,19,21,0,0,0.0,0.09,4.7,12.7,270,278,14.8,16.9,21.1,19.1,14.9,0.139,0.173,0.248,0.331,0,0.0,0.0,0.0,0.0,0.0,0.0,0.0,0.0,0.0,0.0,0.0,0.0,0.0
884,884,41.01933,-7.7032776,723.0,2018-07-29T03:00,10.9,94,9.9,10.2,0.0,0.0,0.0,0.0,0,1017.7,933.6,16,18,0,0,0.0,0.08,4.7,12.8,270,281,14.4,16.2,20.9,19.1,14.9,0.139,0.173,0.248,0.331,0,0.0,0.0,0.0,0.0,0.0,0.0,0.0,0.0,0.0,0.0,0.0,0.0,0.0
883,883,41.01933,-7.7032776,723.0,2018-07-29T04:00,10.2,95,9.4,9.4,0.0,0.0,0.0,0.0,0,1017.6,933.3,14,15,0,0,0.0,0.07,4.7,12.7,270,285,14.0,15.5,20.6,19.1,14.9,0.139,0.173,0.248,0.331,0,0.0,0.0,0.0,0.0,0.0,0.0,0.0,0.0,0.0,0.0,0.0,0.0,0.0
882,882,41.01933,-7.7032776,723.0,2018-07-29T05:00,9.9,94,9.0,8.8,0.0,0.0,0.0,0.0,0,1017.9,933.5,8,9,0,0,0.0,0.07,5.4,12.8,274,292,14.8,14.9,20.4,19.1,14.9,0.139,0.173,0.248,0.331,0,0.0,0.0,0.0,0.0,0.0,0.0,0.0,0.0,0.0,0.0,0.0,0.0,0.0
881,881,41.01933,-7.7032776,723.0,2018-07-29T06:00,10.6,91,9.2,9.8,0.0,0.0,0.0,0.0,0,1018.2,934.0,9,10,0,0,0.01,0.11,4.0,11.8,270,293,15.5,14.5,20.1,19.1,14.9,0.139,0.173,0.248,0.331,1,0.0,12.0,4.0,8.0,47.6,12.0,53.1,28.6,9.5,19.0,99.9,13.6,126.5
880,880,41.01933,-7.7032776,723.0,2018-07-29T07:00,12.4,79,8.9,11.3,0.0,0.0,0.0,0.0,0,1018.6,934.8,4,4,0,0,0.06,0.3,5.2,8.0,286,288,15.5,15.1,19.8,19.1,14.9,0.139,0.173,0.248,0.331,1,3600.0,130.0,77.0,53.0,408.9,130.0,249.8,194.4,115.2,79.3,408.9,194.4,373.6
879,879,41.01933,-7.7032776,723.0,2018-07-29T08:00,14.3,70,8.9,13.1,0.0,0.0,0.0,0.0,0,1018.5,935.3,0,0,0,0,0.16,0.49,5.6,7.3,297,290,18.0,16.4,19.6,19.1,14.9,0.139,0.173,0.248,0.331,1,3600.0,318.0,238.0,80.0,637.6,318.0,495.2,394.6,295.3,99.3,637.6,394.6,614.5
878,878,41.01933,-7.7032776,723.0,2018-07-29T09:00,16.2,62,9.0,14.7,0.0,0.0,0.0,0.0,0,1018.6,935.9,3,3,0,0,0.28,0.69,8.2,10.3,299,295,23.4,18.2,19.5,19.1,14.9,0.138,0.173,0.247,0.331,1,3600.0,511.0,414.0,97.0,756.6,511.0,726.0,586.0,474.7,111.2,756.6,586.0,832.5
877,877,41.01933,-7.7032776,723.0,2018-07-29T10:00,17.9,56,9.0,16.9,0.0,0.0,0.0,0.0,0,1018.7,936.4,3,3,0,0,0.39,0.9,10.0,12.4,300,296,27.4,20.1,19.5,19.1,14.9,0.138,0.173,0.247,0.331,1,3600.0,681.0,567.0,114.0,812.1,681.0,926.3,744.6,620.0,124.6,812.1,744.6,1012.8
876,876,41.01933,-7.7032776,723.0,2018-07-29T11:00,19.3,51,9.0,19.1,0.0,0.0,0.0,0.0,0,1018.8,936.9,1,1,0,0,0.49,1.09,9.8,12.6,294,290,28.4,22.0,19.6,19.1,14.9,0.138,0.173,0.247,0.331,1,3600.0,814.0,688.0,126.0,843.1,814.0,1082.6,859.6,726.5,133.1,843.1,859.6,1143.2
875,875,41.01933,-7.7032776,723.0,2018-07-29T12:00,20.8,48,9.3,21.5,0.0,0.0,0.0,0.0,0,1018.7,937.2,0,0,0,0,0.57,1.29,8.4,10.4,295,290,28.4,23.9,19.7,19.1,14.9,0.139,0.173,0.248,0.331,1,3600.0,908.0,784.0,124.0,878.4,908.0,1184.1,931.5,804.3,127.2,878.4,931.5,1214.8
874,874,41.01933,-7.7032776,723.0,2018-07-29T13:00,22.2,46,9.9,23.0,0.0,0.0,0.0,0.0,0,1018.5,937.4,0,0,0,0,0.61,1.45,9.7,12.4,292,287,27.7,25.5,19.9,19.1,14.9,0.138,0.173,0.248,0.331,1,3600.0,947.0,823.0,124.0,892.1,947.0,1224.0,945.9,822.0,123.8,892.1,945.9,1222.5
873,873,41.01933,-7.7032776,723.0,2018-07-29T14:00,22.6,48,11.1,23.3,0.0,0.0,0.0,0.0,0,1018.5,937.5,20,0,0,65,0.59,1.42,11.8,14.9,293,290,31.3,26.7,20.2,19.1,14.9,0.138,0.173,0.247,0.331,1,3600.0,922.0,799.0,123.0,883.8,922.0,1199.5,896.2,776.7,119.6,883.8,896.2,1166.0
872,872,41.01933,-7.7032776,723.0,2018-07-29T15:00,22.7,50,11.7,22.8,0.0,0.0,0.0,0.0,1,1018.4,937.4,26,0,0,86,0.54,1.38,13.2,16.8,296,293,33.1,27.3,20.5,19.1,14.9,0.138,0.172,0.247,0.331,1,3600.0,837.0,706.0,131.0,842.2,837.0,1112.2,789.4,665.9,123.6,842.2,789.4,1048.9
871,871,41.01933,-7.7032776,723.0,2018-07-29T16:00,22.2,53,12.1,21.6,0.0,0.0,0.0,0.0,1,1018.2,937.1,27,0,0,90,0.45,1.26,13.5,17.4,295,292,34.6,27.3,20.8,19.1,14.9,0.137,0.172,0.247,0.331,1,3600.0,700.0,559.0,141.0,766.1,700.0,968.1,635.9,507.8,128.1,766.1,635.9,879.4
870,870,41.01933,-7.7032776,723.0,2018-07-29T17:00,21.3,56,12.2,20.1,0.0,0.0,0.0,0.0,0,1018.2,936.9,15,0,0,51,0.34,1.12,13.1,17.1,291,288,33.5,26.8,21.0,19.1,14.9,0.137,0.172,0.247,0.331,1,3600.0,518.0,371.0,147.0,633.6,518.0,776.9,446.0,319.4,126.6,633.6,446.0,668.9
869,869,41.01933,-7.7032776,723.0,2018-07-29T18:00,19.6,64,12.5,18.3,0.0,0.0,0.0,0.0,0,1018.5,936.7,0,0,0,0,0.22,0.83,14.2,19.1,294,292,32.8,25.8,21.3,19.1,14.9,0.137,0.172,0.247,0.331,1,3600.0,349.0,252.0,97.0,605.9,349.0,551.8,273.0,197.2,75.9,605.9,273.0,431.7
868,868,41.01933,-7.7032776,723.0,2018-07-29T19:00,17.3,73,12.4,15.9,0.0,0.0,0.0,0.0,0,1019.0,936.6,2,0,0,7,0.11,0.53,14.2,19.5,297,295,33.5,24.3,21.4,19.1,14.9,0.137,0.172,0.247,0.331,1,3600.0,169.0,111.0,58.0,478.2,169.0,308.0,101.0,66.3,34.7,478.2,101.0,184.1
867,867,41.01933,-7.7032776,723.0,2018-07-29T20:00,15.6,81,12.3,14.7,0.0,0.0,0.0,0.0,0,1019.4,936.5,1,0,0,4,0.03,0.34,10.8,16.9,291,290,31.0,22.5,21.4,19.1,14.9,0.137,0.172,0.247,0.331,0,573.68,27.0,12.0,15.0,113.7,27.0,81.5,0.0,0.0,0.0,0.0,0.0,0.0
866,866,41.01933,-7.7032776,723.0,2018-07-29T21:00,14.7,85,12.2,14.4,0.0,0.0,0.0,0.0,0,1020.2,937.0,1,1,0,0,0.0,0.25,7.1,13.8,285,285,24.1,21.0,21.4,19.1,14.9,0.137,0.172,0.247,0.331,0,0.0,0.0,0.0,0.0,0.0,0.0,0.0,0.0,0.0,0.0,0.0,0.0,0.0
865,865,41.01933,-7.7032776,723.0,2018-07-29T22:00,14.0,89,12.3,14.1,0.0,0.0,0.0,0.0,0,1020.2,936.8,1,1,0,0,0.0,0.17,4.3,11.4,275,281,17.3,19.7,21.3,19.1,14.9,0.137,0.172,0.247,0.331,0,0.0,0.0,0.0,0.0,0.0,0.0,0.0,0.0,0.0,0.0,0.0,0.0,0.0
864,864,41.01933,-7.7032776,723.0,2018-07-29T23:00,13.3,94,12.3,13.5,0.0,0.0,0.0,0.0,0,1020.0,936.4,3,0,0,11,0.0,0.1,4.0,10.6,270,280,12.2,18.7,21.2,19.1,14.9,0.137,0.172,0.247,0.331,0,0.0,0.0,0.0,0.0,0.0,0.0,0.0,0.0,0.0,0.0,0.0,0.0,0.0
863,863,41.01933,-7.7032776,723.0,2018-07-30T00:00,12.8,96,12.1,12.5,0.0,0.0,0.0,0.0,1,1020.2,936.4,23,2,0,72,0.0,0.07,6.2,9.4,260,293,12.6,17.8,21.0,19.1,14.9,0.137,0.172,0.247,0.331,0,0.0,0.0,0.0,0.0,0.0,0.0,0.0,0.0,0.0,0.0,0.0,0.0,0.0
862,862,41.01933,-7.7032776,723.0,2018-07-30T01:00,12.2,96,11.7,11.9,0.0,0.0,0.0,0.0,0,1020.1,936.2,16,1,0,52,0.0,0.05,5.8,9.3,270,306,13.7,17.1,20.8,19.1,14.9,0.137,0.172,0.247,0.331,0,0.0,0.0,0.0,0.0,0.0,0.0,0.0,0.0,0.0,0.0,0.0,0.0,0.0
861,861,41.01933,-7.7032776,723.0,2018-07-30T02:00,11.8,97,11.4,11.3,0.0,0.0,0.0,0.0,0,1019.8,935.8,13,4,0,31,0.0,0.04,6.2,10.0,277,308,14.0,16.4,20.6,19.1,15.0,0.137,0.172,0.247,0.331,0,0.0,0.0,0.0,0.0,0.0,0.0,0.0,0.0,0.0,0.0,0.0,0.0,0.0
860,860,41.01933,-7.7032776,723.0,2018-07-30T03:00,11.6,97,11.2,11.2,0.0,0.0,0.0,0.0,0,1019.6,935.6,6,7,0,0,0.0,0.04,5.2,8.3,254,304,14.0,15.8,20.3,19.1,15.0,0.137,0.172,0.247,0.331,0,0.0,0.0,0.0,0.0,0.0,0.0,0.0,0.0,0.0,0.0,0.0,0.0,0.0
859,859,41.01933,-7.7032776,723.0,2018-07-30T04:00,11.3,98,10.9,10.9,0.0,0.0,0.0,0.0,0,1019.5,935.4,6,7,0,0,0.0,0.03,4.7,8.0,247,306,12.2,15.3,20.1,19.1,15.0,0.137,0.172,0.247,0.331,0,0.0,0.0,0.0,0.0,0.0,0.0,0.0,0.0,0.0,0.0,0.0,0.0,0.0
858,858,41.01933,-7.7032776,723.0,2018-07-30T05:00,11.2,97,10.8,10.7,0.0,0.0,0.0,0.0,0,1019.3,935.1,6,7,0,0,0.0,0.03,4.7,7.7,247,311,11.9,14.9,19.8,19.1,15.0,0.137,0.172,0.247,0.331,0,0.0,0.0,0.0,0.0,0.0,0.0,0.0,0.0,0.0,0.0,0.0,0.0,0.0
857,857,41.01933,-7.7032776,723.0,2018-07-30T06:00,12.4,96,11.8,12.6,0.0,0.0,0.0,0.0,0,1019.1,935.3,4,5,0,0,0.01,0.06,2.1,5.2,211,295,11.2,14.6,19.6,19.1,15.0,0.137,0.172,0.247,0.331,1,0.0,11.0,3.0,8.0,36.3,11.0,51.4,26.3,7.2,19.1,77.5,12.3,123.0
856,856,41.01933,-7.7032776,723.0,2018-07-30T07:00,15.2,84,12.6,15.5,0.0,0.0,0.0,0.0,0,1019.4,936.4,1,1,0,0,0.05,0.27,2.9,5.3,277,298,10.1,15.5,19.4,19.1,15.0,0.137,0.172,0.247,0.331,1,3600.0,125.0,75.0,50.0,403.7,125.0,246.5,187.9,112.7,75.2,403.7,187.9,370.5
855,855,41.01933,-7.7032776,723.0,2018-07-30T08:00,17.2,75,12.7,17.3,0.0,0.0,0.0,0.0,0,1019.5,937.0,2,2,0,0,0.17,0.49,5.2,6.6,326,315,16.2,17.1,19.2,19.1,15.0,0.137,0.172,0.247,0.331,1,3600.0,307.0,227.0,80.0,611.8,307.0,492.3,381.5,282.1,99.4,611.8,381.5,611.7
854,854,41.01933,-7.7032776,723.0,2018-07-30T09:00,19.1,68,13.0,19.2,0.0,0.0,0.0,0.0,0,1019.4,937.4,2,2,0,0,0.29,0.71,5.5,6.6,328,319,18.7,19.1,19.2,19.0,15.0,0.137,0.172,0.246,0.331,1,3600.0,495.0,396.0,99.0,726.4,495.0,723.4,568.0,454.4,113.6,726.4,568.0,830.1
853,853,41.01933,-7.7032776,723.0,2018-07-30T10:00,20.9,62,13.4,21.6,0.0,0.0,0.0,0.0,0,1019.2,937.7,0,0,0,0,0.41,0.94,7.1,8.7,315,308,22.0,21.2,19.2,19.0,15.0,0.137,0.171,0.246,0.331,1,3600.0,663.0,547.0,116.0,785.5,663.0,924.1,725.2,598.3,126.9,785.5,725.2,1010.7
852,852,41.01933,-7.7032776,723.0,2018-07-30T11:00,22.6,57,13.6,24.1,0.0,0.0,0.0,0.0,0,1018.8,937.8,2,2,0,0,0.52,1.18,8.0,10.0,306,300,24.5,23.4,19.4,19.0,15.0,0.137,0.171,0.246,0.331,1,3600.0,805.0,685.0,120.0,841.2,805.0,1080.6,850.2,723.5,126.7,841.2,850.2,1141.3
851,851,41.01933,-7.7032776,723.0,2018-07-30T12:00,24.2,52,13.6,26.0,0.0,0.0,0.0,0.0,0,1018.4,937.8,12,13,0,0,0.59,1.45,9.1,10.9,288,287,26.6,25.5,19.7,19.0,15.0,0.139,0.174,0.248,0.331,1,3600.0,891.0,765.0,126.0,858.7,891.0,1182.2,914.1,784.8,129.3,858.7,914.1,1212.9
850,850,41.01933,-7.7032776,723.0,2018-07-30T13:00,25.4,47,13.4,27.0,0.0,0.0,0.0,0.0,1,1017.8,937.6,38,42,0,0,0.62,1.71,10.5,13.0,278,276,28.4,27.0,20.0,19.0,15.0,0.139,0.174,0.248,0.331,1,3600.0,903.0,738.0,165.0,801.3,903.0,1222.1,901.9,737.1,164.8,801.3,901.9,1220.6
849,849,41.01933,-7.7032776,723.0,2018-07-30T14:00,26.4,44,13.2,27.4,0.0,0.0,0.0,0.0,2,1017.4,937.5,71,41,57,0,0.62,1.92,12.3,15.5,275,274,31.0,28.1,20.3,19.0,15.0,0.138,0.173,0.247,0.331,1,3600.0,870.0,685.0,185.0,759.1,870.0,1197.5,845.6,665.8,179.8,759.1,845.6,1163.9
848,848,41.01933,-7.7032776,723.0,2018-07-30T15:00,24.6,56,15.3,24.7,0.0,0.0,0.0,0.0,2,1017.5,937.1,51,41,23,0,0.47,1.36,16.1,20.5,294,292,38.2,28.3,20.6,19.0,15.0,0.138,0.173,0.247,0.331,1,3600.0,674.0,434.0,240.0,518.8,674.0,1110.0,635.5,409.2,226.3,518.8,635.5,1046.7
847,847,41.01933,-7.7032776,723.0,2018-07-30T16:00,23.4,61,15.5,23.1,0.0,0.0,0.0,0.0,0,1017.9,937.2,15,13,6,0,0.41,1.12,17.4,22.6,294,292,40.3,28.1,21.0,19.0,15.0,0.138,0.173,0.247,0.331,1,3600.0,614.0,424.0,190.0,582.7,614.0,965.7,557.5,385.0,172.5,582.7,557.5,876.8
846,846,41.01933,-7.7032776,723.0,2018-07-30T17:00,22.4,65,15.5,21.7,0.0,0.0,0.0,0.0,0,1018.1,937.1,6,6,1,0,0.33,0.94,17.6,23.1,293,291,40.7,27.5,21.2,19.0,15.0,0.138,0.173,0.247,0.331,1,3600.0,506.0,388.0,118.0,665.1,506.0,774.2,435.2,333.7,101.5,665.1,435.2,665.9
845,845,41.01933,-7.7032776,723.0,2018-07-30T18:00,20.9,71,15.5,20.3,0.0,0.0,0.0,0.0,0,1018.7,937.2,12,13,0,0,0.22,0.71,16.3,22.4,298,296,40.3,26.5,21.5,19.0,15.0,0.137,0.172,0.247,0.331,1,3600.0,339.0,250.0,89.0,604.7,339.0,548.6,264.7,195.2,69.5,604.7,264.7,428.3
844,844,41.01933,-7.7032776,723.0,2018-07-30T19:00,19.3,79,15.6,19.1,0.0,0.0,0.0,0.0,0,1018.9,937.0,18,20,0,0,0.1,0.47,14.2,20.0,297,296,37.1,25.1,21.6,19.0,15.0,0.137,0.172,0.247,0.331,1,3600.0,154.0,97.0,57.0,422.9,154.0,304.4,91.2,57.4,33.8,422.9,91.2,180.3
843,843,41.01933,-7.7032776,723.0,2018-07-30T20:00,18.2,85,15.7,19.0,0.0,0.0,0.0,0.0,0,1019.1,936.9,15,17,0,0,0.02,0.31,8.2,15.0,299,297,31.7,23.5,21.7,19.0,15.0,0.137,0.172,0.247,0.331,0,269.7,24.0,9.0,15.0,86.4,24.0,79.7,0.0,0.0,0.0,0.0,0.0,0.0
842,842,41.01933,-7.7032776,723.0,2018-07-30T21:00,17.5,91,16.0,18.5,0.0,0.0,0.0,0.0,3,1019.8,937.4,86,95,0,0,0.0,0.18,7.2,14.3,307,304,20.2,22.2,21.7,19.0,15.0,0.137,0.172,0.247,0.331,0,0.0,0.0,0.0,0.0,0.0,0.0,0.0,0.0,0.0,0.0,0.0,0.0,0.0
841,841,41.01933,-7.7032776,723.0,2018-07-30T22:00,17.4,91,16.0,18.4,0.0,0.0,0.0,0.0,0,1019.8,937.3,15,17,0,0,0.0,0.17,7.6,12.9,295,297,19.1,21.3,21.7,19.0,15.0,0.137,0.172,0.247,0.331,0,0.0,0.0,0.0,0.0,0.0,0.0,0.0,0.0,0.0,0.0,0.0,0.0,0.0
840,840,41.01933,-7.7032776,723.0,2018-07-30T23:00,15.8,97,15.3,16.9,0.0,0.0,0.0,0.0,1,1019.5,936.6,32,35,0,0,0.0,0.06,4.6,11.6,288,292,18.0,20.3,21.6,19.0,15.0,0.138,0.172,0.247,0.331,0,0.0,0.0,0.0,0.0,0.0,0.0,0.0,0.0,0.0,0.0,0.0,0.0,0.0
839,839,41.01933,-7.7032776,723.0,2018-07-31T00:00,16.5,97,16.1,18.1,0.0,0.0,0.0,0.0,2,1020.1,937.4,61,68,0,0,0.0,0.05,3.3,9.1,283,288,13.3,19.9,21.5,19.1,15.0,0.139,0.174,0.248,0.331,0,0.0,0.0,0.0,0.0,0.0,0.0,0.0,0.0,0.0,0.0,0.0,0.0,0.0
838,838,41.01933,-7.7032776,723.0,2018-07-31T01:00,16.1,98,15.8,17.5,0.0,0.0,0.0,0.0,2,1019.7,936.9,54,60,0,0,0.0,0.03,3.7,9.3,299,306,10.8,19.4,21.4,19.1,15.0,0.139,0.174,0.248,0.331,0,0.0,0.0,0.0,0.0,0.0,0.0,0.0,0.0,0.0,0.0,0.0,0.0,0.0
837,837,41.01933,-7.7032776,723.0,2018-07-31T02:00,15.6,99,15.4,16.8,0.0,0.0,0.0,0.0,2,1019.3,936.4,59,66,0,0,0.0,0.02,3.9,10.2,292,309,11.2,18.9,21.2,19.1,15.0,0.139,0.174,0.248,0.331,0,0.0,0.0,0.0,0.0,0.0,0.0,0.0,0.0,0.0,0.0,0.0,0.0,0.0
836,836,41.01933,-7.7032776,723.0,2018-07-31T03:00,15.1,99,15.0,16.3,0.0,0.0,0.0,0.0,2,1019.1,936.1,73,81,0,0,0.0,0.01,3.3,9.2,283,312,11.2,18.4,21.1,19.1,15.0,0.139,0.174,0.248,0.331,0,0.0,0.0,0.0,0.0,0.0,0.0,0.0,0.0,0.0,0.0,0.0,0.0,0.0
835,835,41.01933,-7.7032776,723.0,2018-07-31T04:00,15.1,99,15.0,16.4,0.0,0.0,0.0,0.0,3,1018.7,935.7,85,94,0,0,0.0,0.02,2.5,7.7,278,319,10.1,18.1,20.9,19.1,15.0,0.139,0.174,0.248,0.331,0,0.0,0.0,0.0,0.0,0.0,0.0,0.0,0.0,0.0,0.0,0.0,0.0,0.0
834,834,41.01933,-7.7032776,723.0,2018-07-31T05:00,15.1,99,15.0,16.3,0.0,0.0,0.0,0.0,3,1018.7,935.7,87,97,0,0,0.0,0.01,2.7,5.6,247,315,7.9,17.9,20.7,19.1,15.0,0.139,0.174,0.248,0.331,0,0.0,0.0,0.0,0.0,0.0,0.0,0.0,0.0,0.0,0.0,0.0,0.0,0.0
833,833,41.01933,-7.7032776,723.0,2018-07-31T06:00,14.9,99,14.8,16.1,0.0,0.0,0.0,0.0,3,1019.0,935.9,91,100,0,2,0.01,0.02,2.5,6.8,262,335,7.6,17.7,20.6,19.1,15.0,0.139,0.174,0.248,0.331,1,0.0,9.0,1.0,8.0,12.3,9.0,49.6,21.7,2.4,19.2,26.7,10.0,119.4
832,832,41.01933,-7.7032776,723.0,2018-07-31T07:00,16.3,92,15.1,17.4,0.0,0.0,0.0,0.0,1,1019.4,936.7,45,50,0,0,0.05,0.14,4.0,6.3,333,336,11.9,18.2,20.4,19.1,15.0,0.139,0.174,0.248,0.331,1,3600.0,102.0,37.0,65.0,202.0,102.0,243.2,154.1,55.9,98.2,202.0,154.1,367.4
831,831,41.01933,-7.7032776,723.0,2018-07-31T08:00,17.8,84,15.0,18.4,0.0,0.0,0.0,0.0,2,1019.6,937.3,52,58,0,0,0.13,0.33,7.2,8.8,354,351,18.7,19.1,20.3,19.1,15.0,0.139,0.174,0.248,0.331,1,3600.0,239.0,141.0,98.0,382.4,239.0,489.4,297.4,175.5,122.0,382.4,297.4,609.0
830,830,41.01933,-7.7032776,723.0,2018-07-31T09:00,19.3,76,15.0,19.7,0.0,0.0,0.0,0.0,3,1019.8,937.8,90,100,0,0,0.23,0.53,9.0,10.8,360,356,23.4,20.4,20.3,19.1,15.0,0.139,0.174,0.248,0.33,1,3600.0,391.0,230.0,161.0,423.5,391.0,720.9,449.0,264.1,184.9,423.5,449.0,827.7
829,829,41.01933,-7.7032776,723.0,2018-07-31T10:00,20.1,72,14.8,20.6,0.0,0.0,0.0,0.0,3,1019.8,938.1,90,100,0,0,0.26,0.67,7.6,9.1,357,353,23.8,21.6,20.3,19.1,15.1,0.139,0.174,0.248,0.33,1,3600.0,406.0,128.0,278.0,184.3,406.0,921.8,444.2,140.1,304.2,184.3,444.2,1008.6
828,828,41.01933,-7.7032776,723.0,2018-07-31T11:00,21.0,67,14.6,21.8,0.0,0.0,0.0,0.0,3,1019.7,938.2,90,100,0,0,0.27,0.83,5.1,6.3,356,347,21.6,22.5,20.4,19.1,15.1,0.139,0.174,0.248,0.33,1,1892.06,387.0,100.0,287.0,123.1,387.0,1078.5,408.8,105.6,303.2,123.1,408.8,1139.3
827,827,41.01933,-7.7032776,723.0,2018-07-31T12:00,23.4,58,14.7,24.8,0.0,0.0,0.0,0.0,2,1018.4,937.6,72,80,0,0,0.34,1.2,1.1,0.8,18,27,17.6,24.8,20.5,19.1,15.1,0.141,0.174,0.25,0.33,1,2315.9,484.0,122.0,362.0,137.2,484.0,1180.3,496.6,125.2,371.4,137.2,496.6,1211.0
826,826,41.01933,-7.7032776,723.0,2018-07-31T13:00,25.3,51,14.3,27.1,0.0,0.0,0.0,0.0,2,1017.8,937.6,64,67,6,0,0.49,1.59,3.8,4.3,343,336,16.9,26.4,20.7,19.1,15.1,0.141,0.174,0.249,0.33,1,3600.0,697.0,378.0,319.0,411.2,697.0,1220.2,696.1,377.5,318.6,411.2,696.1,1218.7
825,825,41.01933,-7.7032776,723.0,2018-07-31T14:00,25.9,46,13.5,26.6,0.0,0.0,0.0,0.0,2,1017.4,937.3,80,76,15,8,0.48,1.79,6.9,8.1,332,328,20.9,27.3,21.0,19.1,15.1,0.14,0.173,0.249,0.33,1,3600.0,647.0,352.0,295.0,390.8,647.0,1195.5,628.8,342.1,286.7,390.8,628.8,1161.8
824,824,41.01933,-7.7032776,723.0,2018-07-31T15:00,26.7,44,13.3,28.2,0.0,0.0,0.0,0.0,2,1016.8,937.0,50,56,0,0,0.58,1.97,7.5,8.5,325,324,23.4,28.4,21.3,19.1,15.1,0.14,0.173,0.249,0.33,1,3600.0,813.0,667.0,146.0,799.2,813.0,1107.8,766.4,628.8,137.6,799.2,766.4,1044.3
823,823,41.01933,-7.7032776,723.0,2018-07-31T16:00,26.5,45,13.7,26.9,0.0,0.0,0.0,0.0,0,1016.6,936.8,16,17,1,0,0.47,1.89,8.8,10.5,325,322,23.8,28.8,21.6,19.1,15.1,0.139,0.173,0.249,0.33,1,3600.0,639.0,421.0,218.0,580.2,639.0,963.1,580.0,382.1,197.9,580.2,580.0,874.1
822,822,41.01933,-7.7032776,723.0,2018-07-31T17:00,25.2,52,14.8,24.7,0.0,0.0,0.0,0.0,0,1016.7,936.5,3,3,0,0,0.38,1.53,14.5,18.6,330,328,32.8,28.6,21.9,19.1,15.1,0.139,0.173,0.249,0.33,1,3600.0,516.0,398.0,118.0,685.0,516.0,771.3,443.5,342.0,101.4,685.0,443.5,662.9
821,821,41.01933,-7.7032776,723.0,2018-07-31T18:00,23.5,56,14.2,22.6,0.0,0.0,0.0,0.0,0,1016.8,936.2,0,0,0,0,0.26,1.27,15.1,20.7,320,320,36.0,27.7,22.1,19.1,15.1,0.139,0.172,0.249,0.33,1,3600.0,344.0,259.0,85.0,630.4,344.0,545.4,268.0,201.8,66.2,630.4,268.0,424.9
820,820,41.01933,-7.7032776,723.0,2018-07-31T19:00,22.1,60,14.1,21.6,0.0,0.0,0.0,0.0,0,1016.9,935.9,0,0,0,0,0.14,1.06,12.7,19.6,317,316,33.8,26.3,22.3,19.1,15.1,0.139,0.172,0.248,0.33,1,3600.0,162.0,105.0,57.0,463.5,162.0,300.7,95.0,61.6,33.4,463.5,95.0,176.4
819,819,41.01933,-7.7032776,723.0,2018-07-31T20:00,19.6,71,14.2,19.5,0.0,0.0,0.0,0.0,0,1017.4,935.7,0,0,0,0,0.05,0.66,9.8,19.0,306,307,27.7,24.7,22.4,19.1,15.1,0.139,0.172,0.248,0.33,0,363.13,24.0,10.0,14.0,97.4,24.0,77.7,0.0,0.0,0.0,0.0,0.0,0.0
818,818,41.01933,-7.7032776,723.0,2018-07-31T21:00,17.7,82,14.7,18.6,0.0,0.0,0.0,0.0,0,1018.1,935.8,0,0,0,0,0.0,0.36,4.3,12.2,294,313,21.6,23.1,22.4,19.1,15.1,0.139,0.172,0.248,0.33,0,0.0,0.0,0.0,0.0,0.0,0.0,0.0,0.0,0.0,0.0,0.0,0.0,0.0
817,817,41.01933,-7.7032776,723.0,2018-07-31T22:00,17.0,87,14.7,17.8,0.0,0.0,0.0,0.0,0,1018.2,935.7,0,0,0,0,0.0,0.26,4.8,11.5,297,328,11.2,21.8,22.3,19.1,15.1,0.139,0.172,0.248,0.33,0,0.0,0.0,0.0,0.0,0.0,0.0,0.0,0.0,0.0,0.0,0.0,0.0,0.0
816,816,41.01933,-7.7032776,723.0,2018-07-31T23:00,16.5,88,14.5,17.1,0.0,0.0,0.0,0.0,0,1018.0,935.4,0,0,0,0,0.0,0.23,6.3,10.1,294,356,12.2,20.7,22.2,19.1,15.1,0.139,0.172,0.248,0.33,0,0.0,0.0,0.0,0.0,0.0,0.0,0.0,0.0,0.0,0.0,0.0,0.0,0.0
815,815,41.01933,-7.7032776,723.0,2018-08-01T00:00,17.9,80,14.4,18.6,0.0,0.0,0.0,0.0,0,1018.1,935.9,0,0,0,0,0.0,0.42,5.4,8.4,312,10,10.8,19.8,22.1,19.1,15.1,0.138,0.172,0.248,0.33,0,0.0,0.0,0.0,0.0,0.0,0.0,0.0,0.0,0.0,0.0,0.0,0.0,0.0
814,814,41.01933,-7.7032776,723.0,2018-08-01T01:00,17.7,80,14.2,18.5,0.0,0.0,0.0,0.0,0,1017.9,935.7,0,0,0,0,0.0,0.41,3.7,7.2,331,37,9.4,19.0,22.0,19.1,15.1,0.138,0.172,0.248,0.33,0,0.0,0.0,0.0,0.0,0.0,0.0,0.0,0.0,0.0,0.0,0.0,0.0,0.0
813,813,41.01933,-7.7032776,723.0,2018-08-01T02:00,17.7,78,13.9,18.3,0.0,0.0,0.0,0.0,0,1017.6,935.4,0,0,0,0,0.0,0.44,4.3,8.9,90,58,9.7,18.3,21.8,19.1,15.1,0.138,0.172,0.248,0.33,0,0.0,0.0,0.0,0.0,0.0,0.0,0.0,0.0,0.0,0.0,0.0,0.0,0.0
812,812,41.01933,-7.7032776,723.0,2018-08-01T03:00,17.6,77,13.5,17.9,0.0,0.0,0.0,0.0,0,1017.6,935.3,0,0,0,0,0.0,0.46,5.4,9.7,37,48,11.5,17.7,21.5,19.1,15.1,0.138,0.172,0.248,0.33,0,0.0,0.0,0.0,0.0,0.0,0.0,0.0,0.0,0.0,0.0,0.0,0.0,0.0
811,811,41.01933,-7.7032776,723.0,2018-08-01T04:00,16.5,80,13.0,16.5,0.0,0.0,0.0,0.0,0,1017.9,935.3,0,0,0,0,0.0,0.38,6.4,12.2,47,47,15.1,17.1,21.3,19.1,15.1,0.138,0.172,0.248,0.33,0,0.0,0.0,0.0,0.0,0.0,0.0,0.0,0.0,0.0,0.0,0.0,0.0,0.0
810,810,41.01933,-7.7032776,723.0,2018-08-01T05:00,16.2,79,12.6,16.0,0.0,0.0,0.0,0.0,0,1017.8,935.2,0,0,0,0,0.0,0.38,7.0,13.0,55,56,14.8,16.7,21.1,19.1,15.1,0.138,0.172,0.248,0.33,0,0.0,0.0,0.0,0.0,0.0,0.0,0.0,0.0,0.0,0.0,0.0,0.0,0.0
809,809,41.01933,-7.7032776,723.0,2018-08-01T06:00,15.6,83,12.7,15.4,0.0,0.0,0.0,0.0,0,1018.0,935.2,1,1,0,0,0.02,0.3,6.8,11.8,72,67,15.5,16.4,20.8,19.1,15.1,0.138,0.172,0.248,0.33,1,0.0,10.0,3.0,7.0,37.5,10.0,47.9,24.2,7.3,16.9,83.2,10.9,115.8
808,808,41.01933,-7.7032776,723.0,2018-08-01T07:00,17.5,78,13.6,17.9,0.0,0.0,0.0,0.0,0,1018.1,935.8,0,0,0,0,0.06,0.44,5.1,9.7,45,63,14.8,17.2,20.6,19.1,15.1,0.138,0.172,0.248,0.33,1,3600.0,122.0,73.0,49.0,404.2,122.0,239.8,185.3,110.9,74.4,404.2,185.3,364.2
807,807,41.01933,-7.7032776,723.0,2018-08-01T08:00,19.1,74,14.3,19.3,0.0,0.0,0.0,0.0,0,1018.0,936.1,0,0,0,0,0.18,0.58,8.2,10.8,49,53,21.2,18.7,20.5,19.1,15.1,0.138,0.172,0.248,0.33,1,3600.0,305.0,227.0,78.0,619.6,305.0,486.4,380.1,282.9,97.2,619.6,380.1,606.2
806,806,41.01933,-7.7032776,723.0,2018-08-01T09:00,21.0,67,14.8,21.2,0.0,0.0,0.0,0.0,0,1018.1,936.7,0,0,0,0,0.3,0.81,9.4,12.3,50,52,25.2,20.5,20.4,19.1,15.1,0.138,0.171,0.247,0.33,1,3600.0,497.0,401.0,96.0,741.2,497.0,718.2,571.0,460.7,110.3,741.2,571.0,825.2
805,805,41.01933,-7.7032776,723.0,2018-08-01T10:00,23.3,61,15.2,24.2,0.0,0.0,0.0,0.0,0,1017.9,937.1,0,0,0,0,0.44,1.13,10.5,13.1,52,53,27.4,22.6,20.4,19.1,15.1,0.138,0.171,0.247,0.33,1,3600.0,670.0,562.0,108.0,811.5,670.0,919.5,733.3,615.1,118.2,811.5,733.3,1006.4
804,804,41.01933,-7.7032776,723.0,2018-08-01T11:00,25.4,54,15.4,27.3,0.0,0.0,0.0,0.0,0,1017.4,937.2,0,0,0,0,0.55,1.49,9.8,12.0,54,57,27.7,24.7,20.6,19.1,15.1,0.137,0.171,0.247,0.33,1,3600.0,808.0,692.0,116.0,853.5,808.0,1076.4,853.7,731.1,122.6,853.5,853.7,1137.3
803,803,41.01933,-7.7032776,723.0,2018-08-01T12:00,27.1,48,15.3,29.7,0.0,0.0,0.0,0.0,0,1017.2,937.5,0,0,0,0,0.64,1.84,8.4,10.0,65,69,26.6,26.7,20.8,19.1,15.1,0.14,0.172,0.248,0.33,1,3600.0,899.0,778.0,121.0,876.6,899.0,1178.3,922.4,798.3,124.2,876.6,922.4,1209.0
802,802,41.01933,-7.7032776,723.0,2018-08-01T13:00,28.9,43,15.0,31.9,0.0,0.0,0.0,0.0,0,1016.4,937.2,0,0,0,0,0.69,2.27,6.5,7.8,71,77,23.8,28.5,21.1,19.1,15.1,0.139,0.172,0.248,0.33,1,3600.0,936.0,812.0,124.0,884.9,936.0,1218.2,934.8,811.0,123.8,884.9,934.8,1216.7
801,801,41.01933,-7.7032776,723.0,2018-08-01T14:00,30.1,38,14.3,32.9,0.0,0.0,0.0,0.0,0,1015.8,936.9,0,0,0,0,0.68,2.64,6.0,7.3,73,81,21.6,30.0,21.4,19.1,15.1,0.138,0.172,0.248,0.33,1,3600.0,911.0,789.0,122.0,877.8,911.0,1193.4,885.2,766.7,118.5,877.8,885.2,1159.7
800,800,41.01933,-7.7032776,723.0,2018-08-01T15:00,30.9,34,13.3,32.8,0.0,0.0,0.0,0.0,0,1015.1,936.5,0,0,0,0,0.63,2.95,6.0,6.9,73,81,20.5,30.9,21.8,19.1,15.1,0.138,0.171,0.247,0.33,1,3600.0,829.0,712.0,117.0,855.1,829.0,1105.5,781.3,671.0,110.3,855.1,781.3,1041.9
799,799,41.01933,-7.7032776,723.0,2018-08-01T16:00,31.4,31,12.1,32.3,0.0,0.0,0.0,0.0,0,1014.8,936.3,0,0,0,0,0.53,3.19,4.7,5.4,67,82,19.4,31.4,22.2,19.1,15.1,0.137,0.171,0.247,0.33,1,3600.0,701.0,592.0,109.0,818.3,701.0,960.5,635.9,537.0,98.9,818.3,635.9,871.4
798,798,41.01933,-7.7032776,723.0,2018-08-01T17:00,31.5,29,11.4,31.4,0.0,0.0,0.0,0.0,0,1014.5,936.1,0,0,0,0,0.4,3.26,3.6,4.0,53,63,15.8,31.3,22.6,19.2,15.1,0.137,0.17,0.247,0.33,1,3600.0,536.0,439.0,97.0,758.6,536.0,768.3,460.2,376.9,83.3,758.6,460.2,659.7
797,797,41.01933,-7.7032776,723.0,2018-08-01T18:00,30.5,34,12.8,30.3,0.0,0.0,0.0,0.0,0,1014.2,935.5,0,0,0,0,0.29,2.88,7.1,9.4,15,18,15.1,30.5,22.9,19.2,15.2,0.137,0.17,0.247,0.33,1,3600.0,348.0,267.0,81.0,654.1,348.0,542.0,270.5,207.5,63.0,654.1,270.5,421.3
796,796,41.01933,-7.7032776,723.0,2018-08-01T19:00,27.8,44,14.3,28.2,0.0,0.0,0.0,0.0,0,1014.2,934.9,0,0,0,0,0.14,2.1,6.5,15.8,6,12,17.6,29.2,23.1,19.2,15.2,0.137,0.17,0.247,0.33,1,3600.0,160.0,105.0,55.0,469.6,160.0,296.9,92.9,60.9,31.9,469.6,92.9,172.3
795,795,41.01933,-7.7032776,723.0,2018-08-01T20:00,27.0,41,12.4,26.8,0.0,0.0,0.0,0.0,0,1014.3,934.8,0,0,0,0,0.07,2.12,6.2,9.7,306,360,15.5,27.3,23.3,19.2,15.2,0.137,0.17,0.247,0.33,0,357.5,23.0,10.0,13.0,98.9,23.0,75.8,0.0,0.0,0.0,0.0,0.0,0.0
794,794,41.01933,-7.7032776,723.0,2018-08-01T21:00,27.4,38,12.0,27.4,0.0,0.0,0.0,0.0,0,1015.0,935.5,0,0,0,0,0.03,2.25,4.0,7.9,270,3,10.4,25.5,23.4,19.2,15.2,0.137,0.17,0.247,0.33,0,0.0,0.0,0.0,0.0,0.0,0.0,0.0,0.0,0.0,0.0,0.0,0.0,0.0
793,793,41.01933,-7.7032776,723.0,2018-08-01T22:00,27.4,37,11.5,27.4,0.0,0.0,0.0,0.0,0,1015.2,935.7,0,0,0,0,0.01,2.29,2.5,6.9,180,47,8.3,24.1,23.4,19.2,15.2,0.137,0.17,0.247,0.33,0,0.0,0.0,0.0,0.0,0.0,0.0,0.0,0.0,0.0,0.0,0.0,0.0,0.0
792,792,41.01933,-7.7032776,723.0,2018-08-01T23:00,27.0,35,10.4,26.6,0.0,0.0,0.0,0.0,0,1015.3,935.7,0,0,0,0,0.03,2.3,3.4,7.4,108,51,9.7,23.0,23.3,19.2,15.2,0.137,0.17,0.247,0.33,0,0.0,0.0,0.0,0.0,0.0,0.0,0.0,0.0,0.0,0.0,0.0,0.0,0.0
791,791,41.01933,-7.7032776,723.0,2018-08-02T00:00,26.1,35,9.6,25.3,0.0,0.0,0.0,0.0,0,1015.7,935.8,0,0,0,0,0.04,2.18,4.7,9.5,122,65,10.8,21.7,23.2,19.2,15.2,0.136,0.168,0.245,0.33,0,0.0,0.0,0.0,0.0,0.0,0.0,0.0,0.0,0.0,0.0,0.0,0.0,0.0
790,790,41.01933,-7.7032776,723.0,2018-08-02T01:00,25.4,36,9.3,24.6,0.0,0.0,0.0,0.0,0,1015.5,935.5,0,0,0,0,0.03,2.06,3.9,9.5,146,65,12.6,21.0,23.1,19.2,15.2,0.136,0.168,0.245,0.33,0,0.0,0.0,0.0,0.0,0.0,0.0,0.0,0.0,0.0,0.0,0.0,0.0,0.0
789,789,41.01933,-7.7032776,723.0,2018-08-02T02:00,25.0,37,9.1,24.1,0.0,0.0,0.0,0.0,0,1015.6,935.5,0,0,0,0,0.04,2.01,4.9,10.0,107,60,13.7,20.3,22.9,19.3,15.2,0.136,0.168,0.245,0.33,0,0.0,0.0,0.0,0.0,0.0,0.0,0.0,0.0,0.0,0.0,0.0,0.0,0.0
788,788,41.01933,-7.7032776,723.0,2018-08-02T03:00,24.1,39,9.1,22.8,0.0,0.0,0.0,0.0,0,1016.0,935.6,0,0,0,0,0.06,1.84,7.1,12.8,60,58,16.6,19.8,22.7,19.3,15.2,0.136,0.168,0.245,0.33,0,0.0,0.0,0.0,0.0,0.0,0.0,0.0,0.0,0.0,0.0,0.0,0.0,0.0
787,787,41.01933,-7.7032776,723.0,2018-08-02T04:00,23.2,41,9.1,21.9,0.0,0.0,0.0,0.0,0,1016.4,935.7,0,0,0,0,0.06,1.69,7.7,12.3,53,58,16.6,19.2,22.5,19.3,15.2,0.136,0.168,0.245,0.33,0,0.0,0.0,0.0,0.0,0.0,0.0,0.0,0.0,0.0,0.0,0.0,0.0,0.0
786,786,41.01933,-7.7032776,723.0,2018-08-02T05:00,21.7,46,9.4,20.5,0.0,0.0,0.0,0.0,0,1016.9,935.8,0,0,0,0,0.05,1.41,7.1,11.4,30,62,16.2,18.8,22.3,19.3,15.2,0.136,0.168,0.245,0.33,0,0.0,0.0,0.0,0.0,0.0,0.0,0.0,0.0,0.0,0.0,0.0,0.0,0.0
785,785,41.01933,-7.7032776,723.0,2018-08-02T06:00,21.1,50,10.2,20.2,0.0,0.0,0.0,0.0,0,1017.4,936.1,0,0,0,0,0.06,1.26,6.6,11.0,45,67,15.1,18.5,22.1,19.3,15.2,0.136,0.168,0.245,0.33,1,0.0,9.0,3.0,6.0,38.2,9.0,46.1,21.9,7.3,14.6,83.8,9.7,112.2
784,784,41.01933,-7.7032776,723.0,2018-08-02T07:00,21.4,60,13.2,21.5,0.0,0.0,0.0,0.0,0,1018.0,936.7,0,0,0,0,0.09,1.03,6.1,11.3,50,68,14.0,19.4,21.9,19.3,15.2,0.136,0.168,0.245,0.33,1,3600.0,117.0,70.0,47.0,393.3,117.0,236.4,178.7,106.9,71.8,393.3,178.7,361.0
783,783,41.01933,-7.7032776,723.0,2018-08-02T08:00,22.4,65,15.6,23.3,0.0,0.0,0.0,0.0,0,1018.3,937.3,0,0,0,0,0.19,0.94,7.2,9.8,53,62,18.7,20.9,21.8,19.3,15.2,0.136,0.168,0.245,0.33,1,3600.0,295.0,219.0,76.0,601.6,295.0,483.4,368.2,273.4,94.9,601.6,368.2,603.4
782,782,41.01933,-7.7032776,723.0,2018-08-02T09:00,24.3,62,16.6,25.5,0.0,0.0,0.0,0.0,0,1018.2,937.7,0,0,0,0,0.33,1.15,7.4,9.5,47,53,20.5,22.8,21.7,19.3,15.2,0.136,0.168,0.245,0.33,1,3600.0,483.0,388.0,95.0,720.0,483.0,715.6,555.3,446.1,109.2,720.0,555.3,822.8
781,781,41.01933,-7.7032776,723.0,2018-08-02T10:00,26.8,55,16.9,28.7,0.0,0.0,0.0,0.0,0,1018.1,938.2,0,0,0,0,0.46,1.59,7.9,9.5,47,53,22.3,24.9,21.8,19.3,15.2,0.136,0.168,0.245,0.33,1,3600.0,654.0,547.0,107.0,792.0,654.0,917.2,716.1,598.9,117.2,792.0,716.1,1004.2
780,780,41.01933,-7.7032776,723.0,2018-08-02T11:00,29.4,46,16.7,32.0,0.0,0.0,0.0,0.0,0,1017.6,938.4,0,0,0,0,0.59,2.2,8.1,9.8,58,66,23.0,27.1,22.0,19.3,15.2,0.135,0.167,0.244,0.33,1,3600.0,791.0,675.0,116.0,834.4,791.0,1074.3,835.9,713.3,122.6,834.4,835.9,1135.2
779,779,41.01933,-7.7032776,723.0,2018-08-02T12:00,31.9,38,15.8,34.5,0.0,0.0,0.0,0.0,0,1016.7,938.2,0,0,0,0,0.69,2.93,9.1,11.2,81,88,23.4,29.0,22.2,19.3,15.2,0.136,0.168,0.245,0.33,1,3600.0,880.0,759.0,121.0,856.9,880.0,1176.3,903.0,778.8,124.2,856.9,903.0,1207.0
778,778,41.01933,-7.7032776,723.0,2018-08-02T13:00,33.9,30,14.1,36.2,0.0,0.0,0.0,0.0,0,1016.1,938.1,0,0,0,0,0.74,3.69,8.0,10.0,98,105,24.8,30.9,22.5,19.3,15.2,0.136,0.168,0.244,0.33,1,3600.0,916.0,793.0,123.0,865.9,916.0,1216.2,914.8,791.9,122.8,865.9,914.8,1214.6
777,777,41.01933,-7.7032776,723.0,2018-08-02T14:00,35.4,25,12.4,37.3,0.0,0.0,0.0,0.0,0,1015.6,938.0,0,0,0,0,0.72,4.29,6.4,8.4,128,133,22.7,32.4,22.9,19.3,15.2,0.135,0.167,0.244,0.33,1,3600.0,893.0,772.0,121.0,860.6,893.0,1191.2,867.6,750.1,117.6,860.6,867.6,1157.4
776,776,41.01933,-7.7032776,723.0,2018-08-02T15:00,36.1,21,10.4,37.2,0.0,0.0,0.0,0.0,0,1015.0,937.7,0,0,0,0,0.65,4.71,5.0,6.8,180,180,19.8,33.4,23.3,19.3,15.2,0.135,0.167,0.244,0.33,1,3600.0,816.0,699.0,117.0,841.5,816.0,1103.1,768.8,658.6,110.2,841.5,768.8,1039.4
775,775,41.01933,-7.7032776,723.0,2018-08-02T16:00,36.0,22,11.1,35.9,0.0,0.0,0.0,0.0,0,1015.1,937.7,0,0,0,0,0.59,4.61,8.2,10.7,232,230,20.5,33.8,23.7,19.3,15.2,0.134,0.166,0.243,0.33,1,3600.0,691.0,582.0,109.0,807.0,691.0,957.8,626.5,527.7,98.8,807.0,626.5,868.5
774,774,41.01933,-7.7032776,723.0,2018-08-02T17:00,35.1,25,12.4,34.4,0.0,0.0,0.0,0.0,0,1015.3,937.7,0,0,0,0,0.47,4.2,9.4,12.5,252,252,22.7,33.6,24.1,19.4,15.2,0.134,0.166,0.243,0.33,1,3600.0,526.0,429.0,97.0,744.5,526.0,765.3,451.2,368.0,83.2,744.5,451.2,656.4
773,773,41.01933,-7.7032776,723.0,2018-08-02T18:00,33.6,35,16.1,34.7,0.0,0.0,0.0,0.0,0,1015.4,937.4,0,0,0,0,0.3,3.36,6.6,11.4,283,283,22.3,32.8,24.4,19.4,15.2,0.134,0.166,0.243,0.329,1,3600.0,338.0,257.0,81.0,633.9,338.0,538.5,262.1,199.3,62.8,633.9,262.1,417.5
772,772,41.01933,-7.7032776,723.0,2018-08-02T19:00,30.6,54,20.3,33.8,0.0,0.0,0.0,0.0,0,1015.9,937.1,0,0,0,0,0.13,2.02,5.1,12.0,321,321,15.5,31.5,24.7,19.4,15.2,0.134,0.166,0.243,0.329,1,3600.0,153.0,99.0,54.0,448.8,153.0,293.0,87.8,56.8,31.0,448.8,87.8,168.2
771,771,41.01933,-7.7032776,723.0,2018-08-02T20:00,28.7,55,18.9,30.9,0.0,0.0,0.0,0.0,0,1016.0,936.8,0,0,0,0,0.07,1.76,7.7,10.0,307,330,13.7,29.7,24.9,19.4,15.2,0.134,0.166,0.243,0.329,0,263.59,21.0,9.0,12.0,90.4,21.0,73.7,0.0,0.0,0.0,0.0,0.0,0.0
770,770,41.01933,-7.7032776,723.0,2018-08-02T21:00,30.1,47,17.7,32.2,0.0,0.0,0.0,0.0,0,1016.9,937.9,0,0,0,0,0.03,2.25,4.7,8.1,261,339,12.2,28.0,24.9,19.4,15.2,0.134,0.166,0.243,0.329,0,0.0,0.0,0.0,0.0,0.0,0.0,0.0,0.0,0.0,0.0,0.0,0.0,0.0
769,769,41.01933,-7.7032776,723.0,2018-08-02T22:00,29.9,46,17.0,32.2,0.0,0.0,0.0,0.0,0,1017.1,938.1,0,0,0,0,0.0,2.27,1.1,4.3,198,360,7.2,26.6,25.0,19.4,15.2,0.134,0.166,0.243,0.329,0,0.0,0.0,0.0,0.0,0.0,0.0,0.0,0.0,0.0,0.0,0.0,0.0,0.0
768,768,41.01933,-7.7032776,723.0,2018-08-02T23:00,29.5,46,16.6,31.3,0.0,0.0,0.0,0.0,0,1017.2,938.1,0,0,0,0,0.02,2.23,2.9,1.8,187,37,6.1,25.5,24.9,19.5,15.2,0.134,0.166,0.243,0.329,0,0.0,0.0,0.0,0.0,0.0,0.0,0.0,0.0,0.0,0.0,0.0,0.0,0.0
767,767,41.01933,-7.7032776,723.0,2018-08-03T00:00,29.4,44,15.8,30.9,0.0,0.0,0.0,0.0,0,1017.5,938.3,0,0,0,0,0.02,2.31,3.3,1.3,186,56,9.4,24.4,24.8,19.5,15.2,0.134,0.165,0.242,0.329,0,0.0,0.0,0.0,0.0,0.0,0.0,0.0,0.0,0.0,0.0,0.0,0.0,0.0
766,766,41.01933,-7.7032776,723.0,2018-08-03T01:00,29.1,43,15.1,30.5,0.0,0.0,0.0,0.0,0,1017.4,938.2,0,0,0,0,0.01,2.31,2.3,1.3,198,56,5.8,23.7,24.7,19.5,15.3,0.134,0.165,0.242,0.329,0,0.0,0.0,0.0,0.0,0.0,0.0,0.0,0.0,0.0,0.0,0.0,0.0,0.0
765,765,41.01933,-7.7032776,723.0,2018-08-03T02:00,28.6,42,14.6,29.9,0.0,0.0,0.0,0.0,0,1017.0,937.7,0,0,0,0,0.0,2.25,1.8,3.3,191,77,5.0,23.0,24.6,19.5,15.3,0.134,0.165,0.242,0.329,0,0.0,0.0,0.0,0.0,0.0,0.0,0.0,0.0,0.0,0.0,0.0,0.0,0.0
764,764,41.01933,-7.7032776,723.0,2018-08-03T03:00,28.1,42,14.1,29.3,0.0,0.0,0.0,0.0,0,1017.2,937.7,0,0,0,0,0.0,2.2,0.5,3.8,225,49,5.4,22.4,24.4,19.5,15.3,0.134,0.165,0.242,0.329,0,0.0,0.0,0.0,0.0,0.0,0.0,0.0,0.0,0.0,0.0,0.0,0.0,0.0
763,763,41.01933,-7.7032776,723.0,2018-08-03T04:00,27.4,42,13.2,28.2,0.0,0.0,0.0,0.0,0,1017.3,937.6,0,0,0,0,0.0,2.13,1.3,4.8,214,42,6.1,21.8,24.2,19.5,15.3,0.134,0.165,0.242,0.329,0,0.0,0.0,0.0,0.0,0.0,0.0,0.0,0.0,0.0,0.0,0.0,0.0,0.0
762,762,41.01933,-7.7032776,723.0,2018-08-03T05:00,27.1,41,12.7,27.6,0.0,0.0,0.0,0.0,0,1017.8,938.0,0,0,0,0,0.01,2.12,2.2,5.8,180,60,7.2,21.3,24.0,19.6,15.3,0.134,0.165,0.242,0.329,0,0.0,0.0,0.0,0.0,0.0,0.0,0.0,0.0,0.0,0.0,0.0,0.0,0.0
761,761,41.01933,-7.7032776,723.0,2018-08-03T06:00,26.7,42,12.5,27.4,0.0,0.0,0.0,0.0,0,1018.1,938.2,0,0,0,0,0.01,2.04,0.5,4.1,225,45,7.2,21.0,23.8,19.6,15.3,0.134,0.165,0.242,0.329,1,0.0,8.0,2.0,6.0,25.9,8.0,44.3,19.6,4.9,14.7,56.3,8.5,108.5
760,760,41.01933,-7.7032776,723.0,2018-08-03T07:00,27.0,45,14.2,28.2,0.0,0.0,0.0,0.0,0,1018.5,938.6,0,0,0,0,0.06,1.94,1.1,3.1,270,45,4.7,21.9,23.6,19.6,15.3,0.134,0.165,0.242,0.329,1,3600.0,114.0,68.0,46.0,387.8,114.0,232.9,175.1,104.5,70.7,387.8,175.1,357.8
759,759,41.01933,-7.7032776,723.0,2018-08-03T08:00,28.6,42,14.5,29.6,0.0,0.0,0.0,0.0,0,1018.8,939.3,0,0,0,0,0.2,2.25,2.8,4.7,50,67,9.7,23.6,23.5,19.6,15.3,0.134,0.165,0.242,0.329,1,3600.0,294.0,218.0,76.0,602.8,294.0,480.4,367.6,272.6,95.0,602.8,367.6,600.6
758,758,41.01933,-7.7032776,723.0,2018-08-03T09:00,29.9,39,14.5,30.6,0.0,0.0,0.0,0.0,0,1018.9,939.7,0,0,0,0,0.37,2.57,5.2,6.4,34,38,15.5,25.6,23.5,19.6,15.3,0.134,0.165,0.242,0.329,1,3600.0,484.0,390.0,94.0,726.6,484.0,712.9,556.9,448.7,108.2,726.6,556.9,820.3
757,757,41.01933,-7.7032776,723.0,2018-08-03T10:00,31.4,36,14.7,32.6,0.0,0.0,0.0,0.0,0,1019.1,940.3,0,0,0,0,0.51,2.91,6.5,7.7,34,37,19.1,27.7,23.6,19.6,15.3,0.133,0.165,0.242,0.329,1,3600.0,656.0,549.0,107.0,797.2,656.0,914.8,718.5,601.3,117.2,797.2,718.5,1001.9
756,756,41.01933,-7.7032776,723.0,2018-08-03T11:00,33.3,32,14.5,35.5,0.0,0.0,0.0,0.0,0,1018.8,940.5,0,0,0,0,0.62,3.45,5.4,6.4,48,52,19.4,29.8,23.8,19.6,15.3,0.133,0.164,0.241,0.329,1,3600.0,792.0,677.0,115.0,838.8,792.0,1072.1,837.1,715.5,121.5,838.8,837.1,1133.1
755,755,41.01933,-7.7032776,723.0,2018-08-03T12:00,34.8,31,15.2,38.0,0.0,0.0,0.0,0.0,0,1018.3,940.4,2,0,3,0,0.69,3.83,4.2,4.4,31,35,18.0,31.8,24.0,19.6,15.3,0.135,0.166,0.242,0.329,1,3600.0,882.0,761.0,121.0,860.9,882.0,1174.2,905.1,780.9,124.2,860.9,905.1,1205.0
754,754,41.01933,-7.7032776,723.0,2018-08-03T13:00,36.0,29,15.1,39.0,0.0,0.0,0.0,0.0,0,1017.9,940.3,0,0,0,1,0.74,4.21,6.1,7.2,360,354,19.1,33.5,24.3,19.6,15.3,0.134,0.165,0.242,0.329,1,3600.0,913.0,789.0,124.0,863.3,913.0,1214.1,911.8,787.9,123.8,863.3,911.8,1212.4
753,753,41.01933,-7.7032776,723.0,2018-08-03T14:00,34.6,31,15.2,36.8,0.3,0.3,0.0,0.0,51,1018.6,940.6,28,0,15,63,0.73,3.76,9.7,12.3,329,328,27.4,34.4,24.7,19.7,15.3,0.136,0.165,0.242,0.329,1,3600.0,884.0,758.0,126.0,846.8,884.0,1189.0,858.8,736.4,122.4,846.8,858.8,1155.1
752,752,41.01933,-7.7032776,723.0,2018-08-03T15:00,34.5,31,15.1,36.0,0.0,0.0,0.0,0.0,0,1018.3,940.3,14,0,4,40,0.42,3.76,1.5,1.8,194,191,24.8,34.1,25.0,19.7,15.3,0.135,0.164,0.241,0.329,1,3600.0,528.0,356.0,172.0,429.7,528.0,1100.7,497.3,335.3,162.0,429.7,497.3,1036.8
751,751,41.01933,-7.7032776,723.0,2018-08-03T16:00,33.4,35,16.0,33.6,0.1,0.1,0.0,0.0,51,1019.2,940.9,32,0,21,63,0.5,3.33,12.8,17.1,308,309,29.2,33.9,25.3,19.7,15.3,0.136,0.164,0.241,0.329,1,3600.0,535.0,371.0,164.0,516.0,535.0,955.1,484.8,336.2,148.6,516.0,484.8,865.5
750,750,41.01933,-7.7032776,723.0,2018-08-03T17:00,32.7,34,14.6,33.4,0.0,0.0,0.0,0.0,1,1018.8,940.3,30,0,25,50,0.33,3.27,5.5,7.2,293,297,30.6,33.2,25.6,19.7,15.3,0.136,0.164,0.241,0.329,1,3600.0,372.0,214.0,158.0,373.0,372.0,762.1,318.8,183.4,135.4,373.0,318.8,653.0
749,749,41.01933,-7.7032776,723.0,2018-08-03T18:00,32.2,38,16.1,33.9,0.0,0.0,0.0,0.0,1,1018.7,940.1,23,0,1,75,0.2,2.98,3.1,4.9,324,324,13.7,32.4,25.8,19.7,15.3,0.135,0.164,0.241,0.329,1,3600.0,247.0,128.0,119.0,317.9,247.0,534.9,191.1,99.0,92.0,317.9,191.1,413.7
748,748,41.01933,-7.7032776,723.0,2018-08-03T19:00,29.5,52,18.7,32.0,0.0,0.0,0.0,0.0,1,1018.4,939.2,26,0,0,86,0.12,1.96,4.9,6.2,197,190,7.9,31.2,26.0,19.8,15.3,0.135,0.164,0.241,0.329,1,3600.0,132.0,57.0,75.0,262.1,132.0,288.9,74.9,32.3,42.6,262.1,74.9,163.9
747,747,41.01933,-7.7032776,723.0,2018-08-03T20:00,26.7,52,16.1,28.0,0.0,0.0,0.0,0.0,1,1018.2,938.3,27,0,0,90,0.05,1.67,5.4,3.2,228,243,10.1,29.4,26.1,19.8,15.3,0.135,0.164,0.241,0.329,0,0.0,19.0,5.0,14.0,51.1,19.0,71.6,0.0,0.0,0.0,0.0,0.0,0.0
746,746,41.01933,-7.7032776,723.0,2018-08-03T21:00,27.5,43,13.7,28.0,0.0,0.0,0.0,0.0,0,1019.1,939.3,19,0,0,62,0.04,2.11,5.0,7.0,249,325,9.7,27.8,26.1,19.8,15.3,0.135,0.164,0.241,0.329,0,0.0,0.0,0.0,0.0,0.0,0.0,0.0,0.0,0.0,0.0,0.0,0.0,0.0
745,745,41.01933,-7.7032776,723.0,2018-08-03T22:00,30.1,31,11.3,29.9,0.0,0.0,0.0,0.0,0,1019.3,940.1,4,0,0,13,0.04,2.92,3.7,6.1,241,315,10.1,26.4,26.0,19.8,15.3,0.135,0.164,0.241,0.329,0,0.0,0.0,0.0,0.0,0.0,0.0,0.0,0.0,0.0,0.0,0.0,0.0,0.0
744,744,41.01933,-7.7032776,723.0,2018-08-03T23:00,27.4,38,11.7,27.2,0.0,0.0,0.0,0.0,0,1019.0,939.2,6,0,0,21,0.05,2.28,5.2,5.8,236,292,9.4,25.4,25.9,19.8,15.3,0.135,0.164,0.241,0.329,0,0.0,0.0,0.0,0.0,0.0,0.0,0.0,0.0,0.0,0.0,0.0,0.0,0.0
743,743,41.01933,-7.7032776,723.0,2018-08-04T00:00,27.5,48,15.6,28.4,0.0,0.0,0.0,0.0,0,1019.0,939.2,0,0,0,0,0.05,1.91,6.5,6.9,264,313,12.2,24.5,25.8,19.9,15.3,0.132,0.161,0.239,0.329,0,0.0,0.0,0.0,0.0,0.0,0.0,0.0,0.0,0.0,0.0,0.0,0.0,0.0
742,742,41.01933,-7.7032776,723.0,2018-08-04T01:00,29.1,44,15.4,30.2,0.0,0.0,0.0,0.0,0,1018.8,939.4,0,0,0,0,0.03,2.27,4.5,5.1,256,321,12.2,23.8,25.6,19.9,15.3,0.132,0.161,0.239,0.329,0,0.0,0.0,0.0,0.0,0.0,0.0,0.0,0.0,0.0,0.0,0.0,0.0,0.0
741,741,41.01933,-7.7032776,723.0,2018-08-04T02:00,28.7,45,15.6,30.4,0.0,0.0,0.0,0.0,0,1018.7,939.3,0,0,0,0,0.0,2.17,1.6,2.9,243,353,9.4,23.3,25.4,19.9,15.3,0.132,0.161,0.239,0.329,0,0.0,0.0,0.0,0.0,0.0,0.0,0.0,0.0,0.0,0.0,0.0,0.0,0.0
740,740,41.01933,-7.7032776,723.0,2018-08-04T03:00,28.2,47,15.8,29.8,0.0,0.0,0.0,0.0,0,1018.9,939.3,0,0,0,0,0.01,2.02,2.2,5.4,261,37,6.5,22.8,25.2,19.9,15.3,0.132,0.161,0.239,0.329,0,0.0,0.0,0.0,0.0,0.0,0.0,0.0,0.0,0.0,0.0,0.0,0.0,0.0
739,739,41.01933,-7.7032776,723.0,2018-08-04T04:00,27.6,49,15.9,29.4,0.0,0.0,0.0,0.0,0,1019.1,939.3,0,0,0,0,0.0,1.88,1.0,5.2,225,74,6.5,22.4,25.0,19.9,15.3,0.132,0.162,0.239,0.329,0,0.0,0.0,0.0,0.0,0.0,0.0,0.0,0.0,0.0,0.0,0.0,0.0,0.0
738,738,41.01933,-7.7032776,723.0,2018-08-04T05:00,26.9,51,15.9,28.6,0.0,0.0,0.0,0.0,0,1019.1,939.2,0,0,0,0,0.0,1.74,1.8,5.4,180,86,5.4,21.9,24.8,19.9,15.3,0.132,0.162,0.239,0.329,0,0.0,0.0,0.0,0.0,0.0,0.0,0.0,0.0,0.0,0.0,0.0,0.0,0.0
737,737,41.01933,-7.7032776,723.0,2018-08-04T06:00,26.0,51,15.2,27.6,0.0,0.0,0.0,0.0,0,1019.2,939.0,0,0,0,0,0.02,1.63,1.1,4.1,198,75,5.8,21.6,24.6,20.0,15.3,0.132,0.162,0.239,0.329,1,0.0,7.0,2.0,5.0,26.4,7.0,42.4,17.3,4.9,12.4,56.7,7.3,104.8
736,736,41.01933,-7.7032776,723.0,2018-08-04T07:00,25.9,54,15.9,27.4,0.0,0.0,0.0,0.0,0,1019.6,939.4,0,0,0,0,0.08,1.53,3.1,4.9,339,36,7.2,22.4,24.4,20.0,15.4,0.132,0.162,0.239,0.329,1,3600.0,113.0,68.0,45.0,393.8,113.0,229.4,174.6,105.1,69.5,393.8,174.6,354.5
735,735,41.01933,-7.7032776,723.0,2018-08-04T08:00,27.4,48,15.4,28.5,0.0,0.0,0.0,0.0,0,1019.7,939.9,0,0,0,0,0.21,1.91,4.6,6.0,18,25,13.0,23.9,24.3,20.0,15.4,0.132,0.161,0.239,0.329,1,3600.0,294.0,218.0,76.0,606.9,294.0,477.3,368.2,273.0,95.2,606.9,368.2,597.7
734,734,41.01933,-7.7032776,723.0,2018-08-04T09:00,28.8,42,14.8,29.5,0.0,0.0,0.0,0.0,0,1019.8,940.3,0,0,0,0,0.36,2.27,5.7,6.7,35,36,16.9,25.8,24.2,20.0,15.4,0.132,0.161,0.239,0.329,1,3600.0,484.0,391.0,93.0,731.5,484.0,710.2,557.3,450.2,107.1,731.5,557.3,817.7
733,733,41.01933,-7.7032776,723.0,2018-08-04T10:00,30.5,38,14.5,31.8,0.0,0.0,0.0,0.0,0,1019.7,940.6,0,0,0,0,0.5,2.72,6.0,6.8,33,32,18.7,27.9,24.3,20.0,15.4,0.132,0.161,0.239,0.329,1,3600.0,658.0,552.0,106.0,803.9,658.0,912.4,720.9,604.8,116.1,803.9,720.9,999.6
732,732,41.01933,-7.7032776,723.0,2018-08-04T11:00,32.4,34,14.4,34.5,0.0,0.0,0.0,0.0,0,1019.4,940.8,2,0,3,0,0.62,3.21,5.5,6.2,23,21,19.1,30.0,24.4,20.0,15.4,0.131,0.161,0.238,0.329,1,3600.0,795.0,680.0,115.0,844.5,795.0,1069.9,840.4,718.8,121.6,844.5,840.4,1131.0
731,731,41.01933,-7.7032776,723.0,2018-08-04T12:00,33.6,31,14.0,36.1,0.0,0.0,0.0,0.0,0,1019.3,941.0,0,0,0,0,0.69,3.59,5.5,6.5,11,3,19.1,32.0,24.6,20.0,15.4,0.131,0.16,0.238,0.329,1,3600.0,874.0,748.0,126.0,848.0,874.0,1172.1,896.9,767.6,129.3,848.0,896.9,1202.8
730,730,41.01933,-7.7032776,723.0,2018-08-04T13:00,35.0,26,12.5,37.0,0.0,0.0,0.0,0.0,0,1018.7,940.8,0,0,0,0,0.75,4.16,6.9,8.2,351,345,20.9,33.6,24.9,20.0,15.4,0.131,0.16,0.238,0.329,1,3600.0,922.0,801.0,121.0,878.2,922.0,1212.0,920.7,799.9,120.8,878.2,920.7,1210.2
729,729,41.01933,-7.7032776,723.0,2018-08-04T14:00,35.8,23,11.4,36.8,0.0,0.0,0.0,0.0,0,1018.2,940.5,1,0,0,4,0.76,4.51,9.7,12.2,345,341,25.6,34.8,25.3,20.1,15.4,0.13,0.159,0.237,0.329,1,3600.0,900.0,780.0,120.0,873.3,900.0,1186.7,874.2,757.6,116.6,873.3,874.2,1152.7
728,728,41.01933,-7.7032776,723.0,2018-08-04T15:00,35.9,23,11.8,35.9,0.0,0.0,0.0,0.0,0,1017.8,940.2,11,0,1,36,0.73,4.51,13.4,17.2,346,344,31.7,35.4,25.6,20.1,15.4,0.13,0.159,0.237,0.329,1,3600.0,819.0,701.0,118.0,848.2,819.0,1098.1,771.2,660.1,111.1,848.2,771.2,1034.1
727,727,41.01933,-7.7032776,723.0,2018-08-04T16:00,35.4,26,12.9,35.2,0.0,0.0,0.0,0.0,0,1017.6,939.9,8,0,8,12,0.58,4.26,11.1,14.3,335,335,32.0,35.3,26.0,20.1,15.4,0.13,0.159,0.237,0.329,1,3600.0,633.0,474.0,159.0,661.5,633.0,952.2,573.4,429.3,144.0,661.5,573.4,862.5
726,726,41.01933,-7.7032776,723.0,2018-08-04T17:00,35.0,28,13.8,34.4,0.0,0.0,0.0,0.0,0,1017.5,939.7,10,0,3,27,0.47,4.04,11.9,16.0,331,329,27.0,34.9,26.3,20.1,15.4,0.13,0.158,0.236,0.329,1,3600.0,472.0,364.0,108.0,637.4,472.0,758.8,404.0,311.6,92.4,637.4,404.0,649.5
725,725,41.01933,-7.7032776,723.0,2018-08-04T18:00,33.8,32,15.0,34.1,0.0,0.0,0.0,0.0,0,1017.3,939.2,6,0,4,12,0.31,3.56,9.6,16.4,326,327,27.0,34.0,26.5,20.1,15.4,0.129,0.158,0.236,0.329,1,3600.0,296.0,194.0,102.0,485.3,296.0,531.2,228.4,149.7,78.7,485.3,228.4,409.8
724,724,41.01933,-7.7032776,723.0,2018-08-04T19:00,31.6,38,15.8,32.3,0.0,0.0,0.0,0.0,0,1017.2,938.6,1,0,1,1,0.17,2.86,8.4,20.1,310,313,22.7,32.7,26.7,20.1,15.4,0.129,0.158,0.236,0.329,1,3600.0,145.0,90.0,55.0,420.0,145.0,284.8,81.3,50.4,30.8,420.0,81.3,159.6
723,723,41.01933,-7.7032776,723.0,2018-08-04T20:00,28.7,51,17.4,30.2,0.0,0.0,0.0,0.0,0,1017.6,938.2,0,0,0,0,0.08,1.94,7.8,20.1,283,299,21.6,30.9,26.8,20.2,15.4,0.129,0.158,0.236,0.329,0,175.17,19.0,8.0,11.0,83.1,19.0,69.5,0.0,0.0,0.0,0.0,0.0,0.0
722,722,41.01933,-7.7032776,723.0,2018-08-04T21:00,26.9,62,19.1,29.4,0.0,0.0,0.0,0.0,0,1018.2,938.3,0,0,0,0,0.03,1.34,6.5,17.4,264,297,20.2,29.4,26.9,20.2,15.4,0.129,0.158,0.236,0.329,0,0.0,0.0,0.0,0.0,0.0,0.0,0.0,0.0,0.0,0.0,0.0,0.0,0.0
721,721,41.01933,-7.7032776,723.0,2018-08-04T22:00,25.5,68,19.2,28.1,0.0,0.0,0.0,0.0,0,1018.1,937.9,0,0,0,0,0.02,1.03,6.0,14.5,253,297,17.6,28.0,26.8,20.2,15.4,0.129,0.158,0.236,0.329,0,0.0,0.0,0.0,0.0,0.0,0.0,0.0,0.0,0.0,0.0,0.0,0.0,0.0
720,720,41.01933,-7.7032776,723.0,2018-08-04T23:00,24.0,74,19.0,26.3,0.0,0.0,0.0,0.0,0,1018.2,937.6,0,0,0,0,0.02,0.78,7.2,9.7,243,297,16.6,26.7,26.8,20.2,15.4,0.129,0.158,0.236,0.329,0,0.0,0.0,0.0,0.0,0.0,0.0,0.0,0.0,0.0,0.0,0.0,0.0,0.0
719,719,41.01933,-7.7032776,723.0,2018-08-05T00:00,28.1,53,17.5,29.9,0.0,0.0,0.0,0.0,0,1018.4,938.8,0,0,0,0,0.04,1.79,5.8,6.9,274,309,15.5,25.0,26.5,20.3,15.4,0.13,0.159,0.237,0.329,0,0.0,0.0,0.0,0.0,0.0,0.0,0.0,0.0,0.0,0.0,0.0,0.0,0.0
718,718,41.01933,-7.7032776,723.0,2018-08-05T01:00,27.4,54,17.1,29.2,0.0,0.0,0.0,0.0,0,1018.6,938.8,0,0,0,0,0.03,1.69,4.8,7.9,42,39,13.7,24.2,26.3,20.3,15.4,0.13,0.159,0.237,0.329,0,0.0,0.0,0.0,0.0,0.0,0.0,0.0,0.0,0.0,0.0,0.0,0.0,0.0
717,717,41.01933,-7.7032776,723.0,2018-08-05T02:00,26.7,54,16.7,28.3,0.0,0.0,0.0,0.0,0,1018.3,938.4,0,0,0,0,0.02,1.6,4.7,8.7,4,38,14.0,23.5,26.1,20.3,15.4,0.13,0.159,0.237,0.329,0,0.0,0.0,0.0,0.0,0.0,0.0,0.0,0.0,0.0,0.0,0.0,0.0,0.0
716,716,41.01933,-7.7032776,723.0,2018-08-05T03:00,24.9,58,16.1,26.1,0.0,0.0,0.0,0.0,0,1018.4,938.0,0,0,0,0,0.03,1.32,5.6,10.2,15,39,13.7,22.8,25.9,20.3,15.4,0.13,0.159,0.237,0.329,0,0.0,0.0,0.0,0.0,0.0,0.0,0.0,0.0,0.0,0.0,0.0,0.0,0.0
715,715,41.01933,-7.7032776,723.0,2018-08-05T04:00,23.8,60,15.5,25.0,0.0,0.0,0.0,0.0,0,1018.7,938.0,0,0,0,0,0.02,1.19,4.6,9.6,39,56,13.7,22.2,25.7,20.3,15.4,0.13,0.159,0.237,0.329,0,0.0,0.0,0.0,0.0,0.0,0.0,0.0,0.0,0.0,0.0,0.0,0.0,0.0
714,714,41.01933,-7.7032776,723.0,2018-08-05T05:00,23.2,59,14.7,23.7,0.0,0.0,0.0,0.0,0,1018.8,937.9,0,0,0,0,0.03,1.16,6.9,11.9,51,55,14.8,21.6,25.4,20.3,15.4,0.13,0.159,0.237,0.329,0,0.0,0.0,0.0,0.0,0.0,0.0,0.0,0.0,0.0,0.0,0.0,0.0,0.0
713,713,41.01933,-7.7032776,723.0,2018-08-05T06:00,20.8,69,14.8,21.2,0.0,0.0,0.0,0.0,0,1019.2,937.7,0,0,0,0,0.05,0.77,8.0,12.7,54,61,16.9,21.1,25.1,20.4,15.4,0.13,0.159,0.237,0.329,1,0.0,7.0,2.0,5.0,26.9,7.0,40.6,17.4,5.0,12.5,57.2,7.2,101.1
712,712,41.01933,-7.7032776,723.0,2018-08-05T07:00,23.1,59,14.7,23.9,0.0,0.0,0.0,0.0,0,1019.5,938.6,0,0,0,0,0.08,1.15,5.1,10.5,45,68,16.6,21.8,24.9,20.4,15.4,0.13,0.159,0.237,0.329,1,3600.0,111.0,66.0,45.0,388.3,111.0,225.9,172.6,102.6,70.0,388.3,172.6,351.2
711,711,41.01933,-7.7032776,723.0,2018-08-05T08:00,24.3,55,14.6,24.8,0.0,0.0,0.0,0.0,0,1019.6,939.0,0,0,0,0,0.21,1.38,7.0,9.2,55,59,18.7,23.2,24.7,20.4,15.4,0.13,0.159,0.236,0.329,1,3600.0,291.0,216.0,75.0,605.4,291.0,474.2,365.0,270.9,94.1,605.4,365.0,594.8
710,710,41.01933,-7.7032776,723.0,2018-08-05T09:00,26.2,48,14.3,26.5,0.0,0.0,0.0,0.0,0,1019.4,939.3,0,0,0,0,0.35,1.76,7.5,9.9,55,57,21.6,25.0,24.6,20.4,15.5,0.13,0.159,0.236,0.328,1,3600.0,483.0,388.0,95.0,728.9,483.0,707.5,556.5,447.0,109.5,728.9,556.5,815.1
709,709,41.01933,-7.7032776,723.0,2018-08-05T10:00,28.3,41,13.8,28.9,0.0,0.0,0.0,0.0,0,1018.9,939.3,0,0,0,0,0.49,2.27,8.3,10.2,56,58,23.4,27.0,24.6,20.4,15.5,0.129,0.159,0.236,0.328,1,3600.0,656.0,549.0,107.0,801.9,656.0,909.9,719.0,601.7,117.3,801.9,719.0,997.3
708,708,41.01933,-7.7032776,723.0,2018-08-05T11:00,30.4,34,12.8,31.4,0.0,0.0,0.0,0.0,0,1018.6,939.6,0,0,0,0,0.62,2.86,8.9,10.8,50,53,25.2,29.1,24.7,20.4,15.5,0.129,0.158,0.236,0.328,1,3600.0,794.0,678.0,116.0,844.0,794.0,1067.7,839.5,716.8,122.6,844.0,839.5,1128.8
707,707,41.01933,-7.7032776,723.0,2018-08-05T12:00,32.0,32,13.1,33.9,0.0,0.0,0.0,0.0,0,1018.0,939.4,0,0,0,0,0.69,3.25,7.6,9.2,45,45,25.2,30.8,24.9,20.4,15.5,0.135,0.162,0.239,0.328,1,3600.0,884.0,764.0,120.0,867.9,884.0,1169.9,907.2,784.1,123.2,867.9,907.2,1200.7
706,706,41.01933,-7.7032776,723.0,2018-08-05T13:00,33.4,27,12.0,35.2,0.0,0.0,0.0,0.0,0,1017.6,939.4,0,0,0,0,0.73,3.73,6.9,8.0,28,27,22.3,32.5,25.1,20.4,15.5,0.135,0.161,0.239,0.328,1,3600.0,918.0,796.0,122.0,874.5,918.0,1209.7,916.7,794.8,121.8,874.5,916.7,1208.0
705,705,41.01933,-7.7032776,723.0,2018-08-05T14:00,34.3,24,10.6,35.7,0.0,0.0,0.0,0.0,0,1017.1,939.1,0,0,0,0,0.71,4.12,6.1,7.2,3,357,21.2,33.8,25.4,20.4,15.5,0.134,0.161,0.238,0.328,1,3600.0,896.0,775.0,121.0,869.7,896.0,1184.4,870.2,752.6,117.5,869.7,870.2,1150.2
704,704,41.01933,-7.7032776,723.0,2018-08-05T15:00,34.8,22,10.1,35.4,0.0,0.0,0.0,0.0,0,1016.4,938.6,0,0,0,0,0.67,4.33,7.1,8.9,345,339,20.5,34.6,25.7,20.5,15.5,0.134,0.16,0.238,0.328,1,3600.0,818.0,701.0,117.0,850.5,818.0,1095.5,770.0,659.9,110.1,850.5,770.0,1031.3
703,703,41.01933,-7.7032776,723.0,2018-08-05T16:00,34.9,23,10.4,34.4,0.0,0.0,0.0,0.0,0,1016.0,938.3,0,0,0,0,0.59,4.32,9.4,12.1,337,333,23.4,34.9,26.0,20.5,15.5,0.133,0.16,0.238,0.328,1,3600.0,690.0,581.0,109.0,813.5,690.0,949.2,624.6,526.0,98.7,813.5,624.6,859.3
702,702,41.01933,-7.7032776,723.0,2018-08-05T17:00,34.3,23,10.5,32.9,0.0,0.0,0.0,0.0,0,1015.7,937.9,0,0,0,0,0.48,4.15,10.4,13.7,326,325,24.1,34.5,26.3,20.5,15.5,0.133,0.16,0.237,0.328,1,3600.0,523.0,426.0,97.0,749.5,523.0,755.5,447.2,364.3,82.9,749.5,447.2,646.0
701,701,41.01933,-7.7032776,723.0,2018-08-05T18:00,32.9,30,12.9,32.4,0.0,0.0,0.0,0.0,0,1015.5,937.3,0,0,0,0,0.33,3.52,9.9,16.5,316,314,24.8,33.6,26.6,20.5,15.5,0.133,0.16,0.237,0.328,1,3600.0,335.0,255.0,80.0,642.7,335.0,527.4,257.8,196.2,61.6,642.7,257.8,405.8
700,700,41.01933,-7.7032776,723.0,2018-08-05T19:00,30.0,45,16.7,31.2,0.0,0.0,0.0,0.0,0,1015.7,936.8,0,0,0,0,0.15,2.34,7.8,18.1,304,305,24.1,32.2,26.8,20.5,15.5,0.133,0.16,0.237,0.328,1,3600.0,148.0,94.0,54.0,445.4,148.0,280.5,81.8,52.0,29.9,445.4,81.8,155.1
699,699,41.01933,-7.7032776,723.0,2018-08-05T20:00,26.5,60,18.1,28.5,0.0,0.0,0.0,0.0,0,1016.1,936.3,0,0,0,0,0.06,1.39,6.6,15.7,283,302,20.9,30.3,26.9,20.5,15.5,0.133,0.16,0.237,0.328,0,98.48,18.0,7.0,11.0,74.0,18.0,67.3,0.0,0.0,0.0,0.0,0.0,0.0
698,698,41.01933,-7.7032776,723.0,2018-08-05T21:00,25.0,66,18.3,27.2,0.0,0.0,0.0,0.0,0,1016.7,936.5,0,0,0,0,0.02,1.07,6.0,12.7,253,295,17.6,28.6,26.9,20.6,15.5,0.133,0.16,0.237,0.328,0,0.0,0.0,0.0,0.0,0.0,0.0,0.0,0.0,0.0,0.0,0.0,0.0,0.0
697,697,41.01933,-7.7032776,723.0,2018-08-05T22:00,23.9,67,17.3,25.7,0.0,0.0,0.0,0.0,0,1016.7,936.2,0,0,0,0,0.01,0.98,5.3,11.0,242,293,15.5,27.1,26.8,20.6,15.5,0.133,0.16,0.237,0.328,0,0.0,0.0,0.0,0.0,0.0,0.0,0.0,0.0,0.0,0.0,0.0,0.0,0.0
696,696,41.01933,-7.7032776,723.0,2018-08-05T23:00,23.2,62,15.5,24.4,0.0,0.0,0.0,0.0,0,1016.6,935.9,0,0,0,0,0.01,1.08,4.3,8.5,222,282,13.7,25.8,26.7,20.6,15.5,0.133,0.16,0.237,0.328,0,0.0,0.0,0.0,0.0,0.0,0.0,0.0,0.0,0.0,0.0,0.0,0.0,0.0
695,695,41.01933,-7.7032776,723.0,2018-08-06T00:00,22.7,50,11.6,22.2,0.0,0.0,0.0,0.0,0,1016.5,935.7,0,0,0,0,0.04,1.39,6.6,9.7,221,270,11.5,24.1,26.6,20.6,15.5,0.133,0.16,0.237,0.328,0,0.0,0.0,0.0,0.0,0.0,0.0,0.0,0.0,0.0,0.0,0.0,0.0,0.0
694,694,41.01933,-7.7032776,723.0,2018-08-06T01:00,22.0,44,9.1,20.8,0.0,0.0,0.0,0.0,0,1016.2,935.2,0,0,0,0,0.04,1.48,6.4,9.8,227,278,16.6,23.2,26.3,20.6,15.5,0.133,0.16,0.237,0.328,0,0.0,0.0,0.0,0.0,0.0,0.0,0.0,0.0,0.0,0.0,0.0,0.0,0.0
693,693,41.01933,-7.7032776,723.0,2018-08-06T02:00,21.7,39,7.2,19.7,0.0,0.0,0.0,0.0,0,1015.6,934.6,0,0,0,0,0.07,1.57,8.3,10.4,236,284,16.2,22.5,26.1,20.7,15.5,0.133,0.16,0.237,0.328,0,0.0,0.0,0.0,0.0,0.0,0.0,0.0,0.0,0.0,0.0,0.0,0.0,0.0
692,692,41.01933,-7.7032776,723.0,2018-08-06T03:00,22.6,32,5.0,20.3,0.0,0.0,0.0,0.0,0,1015.5,934.8,0,0,0,0,0.07,1.87,7.8,10.0,236,283,16.6,21.9,25.8,20.7,15.5,0.133,0.16,0.237,0.328,0,0.0,0.0,0.0,0.0,0.0,0.0,0.0,0.0,0.0,0.0,0.0,0.0,0.0
691,691,41.01933,-7.7032776,723.0,2018-08-06T04:00,23.1,28,3.5,20.6,0.0,0.0,0.0,0.0,0,1015.3,934.7,0,0,0,0,0.07,2.04,7.1,9.1,246,288,15.8,21.4,25.6,20.7,15.5,0.133,0.16,0.237,0.328,0,0.0,0.0,0.0,0.0,0.0,0.0,0.0,0.0,0.0,0.0,0.0,0.0,0.0
690,690,41.01933,-7.7032776,723.0,2018-08-06T05:00,23.7,25,2.4,21.0,0.0,0.0,0.0,0.0,0,1015.2,934.7,0,0,0,0,0.07,2.2,6.3,7.8,239,292,14.8,20.9,25.3,20.7,15.5,0.133,0.16,0.237,0.328,0,0.0,0.0,0.0,0.0,0.0,0.0,0.0,0.0,0.0,0.0,0.0,0.0,0.0
689,689,41.01933,-7.7032776,723.0,2018-08-06T06:00,22.4,34,5.7,20.6,0.0,0.0,0.0,0.0,0,1015.6,934.8,0,0,0,0,0.07,1.79,5.4,6.5,233,289,13.3,20.5,25.0,20.7,15.5,0.133,0.16,0.237,0.328,1,0.0,6.0,2.0,4.0,27.4,6.0,38.7,15.1,5.0,10.1,57.7,6.0,97.3
688,688,41.01933,-7.7032776,723.0,2018-08-06T07:00,24.9,43,11.6,24.9,0.0,0.0,0.0,0.0,0,1015.9,935.7,0,0,0,0,0.07,1.79,3.1,5.4,225,274,11.9,21.2,24.7,20.7,15.5,0.133,0.16,0.237,0.328,1,3600.0,112.0,67.0,45.0,400.6,112.0,222.4,175.2,104.8,70.4,400.6,175.2,347.9
687,687,41.01933,-7.7032776,723.0,2018-08-06T08:00,28.1,31,9.3,27.5,0.0,0.0,0.0,0.0,0,1015.9,936.5,0,0,0,0,0.2,2.62,2.6,4.4,236,261,10.8,23.0,24.6,20.7,15.5,0.133,0.16,0.237,0.328,1,3600.0,295.0,220.0,75.0,620.9,295.0,471.1,370.6,276.4,94.2,620.9,370.6,591.8
686,686,41.01933,-7.7032776,723.0,2018-08-06T09:00,30.1,23,6.8,29.1,0.0,0.0,0.0,0.0,0,1015.7,936.8,0,0,0,0,0.33,3.28,1.5,2.2,284,261,10.8,25.2,24.5,20.7,15.5,0.133,0.16,0.237,0.328,1,3600.0,489.0,395.0,94.0,745.1,489.0,704.7,563.8,455.4,108.4,745.1,563.8,812.5
685,685,41.01933,-7.7032776,723.0,2018-08-06T10:00,31.6,23,8.1,31.5,0.0,0.0,0.0,0.0,0,1015.2,936.7,0,0,0,0,0.47,3.56,2.2,3.3,279,264,13.3,27.6,24.5,20.7,15.5,0.133,0.159,0.237,0.328,1,3600.0,663.0,556.0,107.0,814.6,663.0,907.4,726.9,609.6,117.3,814.6,726.9,994.9
684,684,41.01933,-7.7032776,723.0,2018-08-06T11:00,32.9,23,9.0,33.6,0.0,0.0,0.0,0.0,0,1014.9,936.8,0,0,0,0,0.61,3.85,4.0,5.2,260,254,16.2,29.9,24.7,20.7,15.6,0.132,0.159,0.236,0.328,1,3600.0,800.0,684.0,116.0,853.6,800.0,1065.4,846.0,723.3,122.7,853.6,846.0,1126.6
683,683,41.01933,-7.7032776,723.0,2018-08-06T12:00,33.4,24,9.8,34.1,0.0,0.0,0.0,0.0,0,1014.7,936.7,0,0,0,0,0.71,3.92,8.3,10.3,236,234,21.6,31.6,24.9,20.8,15.6,0.134,0.161,0.239,0.328,1,3600.0,888.0,767.0,121.0,873.3,888.0,1167.7,911.4,787.2,124.2,873.3,911.4,1198.4
682,682,41.01933,-7.7032776,723.0,2018-08-06T13:00,33.8,24,10.1,34.3,0.0,0.0,0.0,0.0,0,1014.1,936.3,0,0,0,0,0.76,4.01,10.8,14.1,240,238,28.8,33.1,25.1,20.8,15.6,0.134,0.16,0.238,0.328,1,3600.0,920.0,797.0,123.0,877.5,920.0,1207.5,918.6,795.8,122.8,877.5,918.6,1205.7
681,681,41.01933,-7.7032776,723.0,2018-08-06T14:00,33.7,25,11.2,34.1,0.0,0.0,0.0,0.0,0,1013.8,936.0,0,0,0,0,0.75,3.89,12.5,16.8,252,247,32.0,34.1,25.5,20.8,15.6,0.133,0.16,0.238,0.328,1,3600.0,896.0,775.0,121.0,871.8,896.0,1181.9,870.0,752.5,117.5,871.8,870.0,1147.7
680,680,41.01933,-7.7032776,723.0,2018-08-06T15:00,33.0,27,11.6,32.9,0.0,0.0,0.0,0.0,0,1013.3,935.3,0,0,0,0,0.69,3.66,13.8,18.4,250,247,34.2,34.6,25.8,20.8,15.6,0.133,0.159,0.238,0.328,1,3600.0,815.0,698.0,117.0,849.2,815.0,1092.8,767.0,656.9,110.1,849.2,767.0,1028.5
679,679,41.01933,-7.7032776,723.0,2018-08-06T16:00,31.6,30,12.1,31.0,0.0,0.0,0.0,0.0,0,1013.0,934.7,0,0,0,0,0.59,3.24,13.9,18.7,249,245,34.6,34.5,26.1,20.8,15.6,0.133,0.159,0.237,0.328,1,3600.0,687.0,579.0,108.0,813.6,687.0,946.2,621.6,523.9,97.7,813.6,621.6,856.1
678,678,41.01933,-7.7032776,723.0,2018-08-06T17:00,29.1,43,15.1,28.9,0.0,0.0,0.0,0.0,0,1013.4,934.5,0,0,0,0,0.43,2.3,12.5,16.5,258,254,34.2,33.8,26.4,20.8,15.6,0.132,0.159,0.237,0.328,1,3600.0,521.0,425.0,96.0,751.4,521.0,752.0,445.0,363.0,82.0,751.4,445.0,642.3
677,677,41.01933,-7.7032776,723.0,2018-08-06T18:00,26.1,56,16.7,26.7,0.0,0.0,0.0,0.0,0,1013.7,934.0,0,0,0,0,0.26,1.49,12.1,16.2,258,253,31.0,32.5,26.6,20.8,15.6,0.132,0.159,0.237,0.328,1,3600.0,331.0,251.0,80.0,637.5,331.0,523.5,254.0,192.6,61.4,637.5,254.0,401.6
676,676,41.01933,-7.7032776,723.0,2018-08-06T19:00,23.3,62,15.5,23.5,0.0,0.0,0.0,0.0,0,1014.0,933.6,0,0,0,0,0.13,1.1,11.4,16.5,259,254,29.9,30.7,26.7,20.9,15.6,0.132,0.159,0.237,0.328,1,3600.0,145.0,92.0,53.0,442.9,145.0,276.2,79.0,50.1,28.9,442.9,79.0,150.5
675,675,41.01933,-7.7032776,723.0,2018-08-06T20:00,20.3,64,13.2,19.7,0.0,0.0,0.0,0.0,0,1014.7,933.4,0,0,0,0,0.06,0.87,10.8,16.7,268,263,28.4,28.5,26.7,20.9,15.6,0.132,0.159,0.237,0.328,0,99.45,17.0,7.0,10.0,75.4,17.0,65.0,0.0,0.0,0.0,0.0,0.0,0.0
674,674,41.01933,-7.7032776,723.0,2018-08-06T21:00,17.9,64,11.0,17.0,0.0,0.0,0.0,0.0,1,1015.8,933.8,25,2,0,78,0.03,0.74,8.0,13.7,280,275,27.0,26.4,26.7,20.9,15.6,0.132,0.159,0.237,0.328,0,0.0,0.0,0.0,0.0,0.0,0.0,0.0,0.0,0.0,0.0,0.0,0.0,0.0
673,673,41.01933,-7.7032776,723.0,2018-08-06T22:00,16.1,71,10.8,15.0,0.0,0.0,0.0,0.0,1,1016.3,933.8,46,19,0,96,0.02,0.53,9.3,14.2,283,279,23.8,24.8,26.5,20.9,15.6,0.132,0.159,0.237,0.328,0,0.0,0.0,0.0,0.0,0.0,0.0,0.0,0.0,0.0,0.0,0.0,0.0,0.0
672,672,41.01933,-7.7032776,723.0,2018-08-06T23:00,15.5,76,11.4,14.6,0.0,0.0,0.0,0.0,1,1016.1,933.4,48,20,0,100,0.01,0.42,9.4,15.5,277,275,24.1,23.5,26.3,20.9,15.6,0.132,0.159,0.237,0.328,0,0.0,0.0,0.0,0.0,0.0,0.0,0.0,0.0,0.0,0.0,0.0,0.0,0.0
671,671,41.01933,-7.7032776,723.0,2018-08-07T00:00,15.4,74,10.8,14.0,0.0,0.0,0.0,0.0,1,1016.1,933.4,31,23,0,34,0.02,0.46,11.0,21.2,281,288,23.8,22.5,26.1,20.9,15.6,0.133,0.159,0.237,0.328,0,0.0,0.0,0.0,0.0,0.0,0.0,0.0,0.0,0.0,0.0,0.0,0.0,0.0
670,670,41.01933,-7.7032776,723.0,2018-08-07T01:00,14.8,87,12.6,14.0,0.0,0.0,0.0,0.0,2,1015.8,932.9,51,52,0,13,0.0,0.22,10.7,22.8,290,291,27.4,21.4,25.8,20.9,15.6,0.133,0.159,0.237,0.328,0,0.0,0.0,0.0,0.0,0.0,0.0,0.0,0.0,0.0,0.0,0.0,0.0,0.0
669,669,41.01933,-7.7032776,723.0,2018-08-07T02:00,15.0,90,13.4,14.6,0.0,0.0,0.0,0.0,1,1015.5,932.7,45,50,0,0,0.0,0.17,10.5,21.5,292,293,28.1,20.7,25.5,21.0,15.6,0.133,0.159,0.237,0.328,0,0.0,0.0,0.0,0.0,0.0,0.0,0.0,0.0,0.0,0.0,0.0,0.0,0.0
668,668,41.01933,-7.7032776,723.0,2018-08-07T03:00,15.0,93,13.8,14.9,0.0,0.0,0.0,0.0,2,1015.6,932.8,74,82,0,0,0.0,0.13,8.8,16.5,305,302,27.0,20.2,25.2,21.0,15.6,0.133,0.159,0.237,0.328,0,0.0,0.0,0.0,0.0,0.0,0.0,0.0,0.0,0.0,0.0,0.0,0.0,0.0
667,667,41.01933,-7.7032776,723.0,2018-08-07T04:00,15.3,88,13.4,14.7,0.0,0.0,0.0,0.0,3,1015.8,933.1,83,92,0,0,0.0,0.2,11.5,16.8,319,315,27.0,20.0,24.9,21.0,15.6,0.133,0.159,0.237,0.328,0,0.0,0.0,0.0,0.0,0.0,0.0,0.0,0.0,0.0,0.0,0.0,0.0,0.0
666,666,41.01933,-7.7032776,723.0,2018-08-07T05:00,15.2,88,13.1,14.6,0.0,0.0,0.0,0.0,1,1015.8,933.0,35,39,0,0,0.0,0.21,10.9,15.9,326,322,26.6,19.8,24.7,21.0,15.6,0.133,0.159,0.237,0.328,0,0.0,0.0,0.0,0.0,0.0,0.0,0.0,0.0,0.0,0.0,0.0,0.0,0.0
665,665,41.01933,-7.7032776,723.0,2018-08-07T06:00,14.7,91,13.3,14.3,0.0,0.0,0.0,0.0,1,1016.0,933.1,45,50,0,0,0.02,0.15,10.0,17.1,322,319,26.3,19.4,24.4,21.0,15.6,0.133,0.159,0.237,0.328,1,0.0,5.0,1.0,4.0,14.0,5.0,36.8,12.7,2.5,10.2,29.1,4.9,93.5
664,664,41.01933,-7.7032776,723.0,2018-08-07T07:00,16.0,84,13.2,15.5,0.0,0.0,0.0,0.0,0,1016.1,933.5,6,7,0,0,0.05,0.3,10.4,14.5,316,316,28.4,19.6,24.1,21.0,15.6,0.133,0.159,0.237,0.328,1,3553.13,88.0,40.0,48.0,241.3,88.0,218.8,138.6,63.0,75.6,243.1,137.5,344.5
663,663,41.01933,-7.7032776,723.0,2018-08-07T08:00,17.6,74,13.0,16.5,0.0,0.0,0.0,0.0,1,1016.1,934.0,29,32,0,0,0.16,0.52,13.9,18.0,335,334,32.4,20.5,23.9,21.0,15.6,0.133,0.159,0.237,0.328,1,3600.0,286.0,203.0,83.0,576.9,286.0,467.9,359.9,255.5,104.5,576.9,359.9,588.9
662,662,41.01933,-7.7032776,723.0,2018-08-07T09:00,19.2,65,12.4,17.8,0.0,0.0,0.0,0.0,2,1015.9,934.2,58,64,0,0,0.26,0.79,14.8,19.7,337,336,35.6,21.7,23.7,21.0,15.6,0.133,0.159,0.237,0.328,1,3600.0,416.0,273.0,143.0,517.2,416.0,702.0,480.0,315.0,165.0,517.2,480.0,809.9
661,661,41.01933,-7.7032776,723.0,2018-08-07T10:00,21.0,57,12.2,19.8,0.0,0.0,0.0,0.0,0,1015.6,934.4,20,22,0,0,0.38,1.07,14.0,17.7,334,333,36.0,23.3,23.6,21.0,15.6,0.133,0.159,0.237,0.328,1,3600.0,586.0,398.0,188.0,584.9,586.0,904.9,642.7,436.5,206.2,584.9,642.7,992.5
660,660,41.01933,-7.7032776,723.0,2018-08-07T11:00,22.2,54,12.5,22.1,0.0,0.0,0.0,0.0,0,1015.5,934.6,8,9,0,0,0.48,1.23,13.7,17.5,325,323,34.9,25.1,23.6,21.0,15.7,0.132,0.159,0.237,0.328,1,3600.0,752.0,592.0,160.0,740.6,752.0,1063.0,795.3,626.1,169.2,740.6,795.3,1124.3
659,659,41.01933,-7.7032776,723.0,2018-08-07T12:00,22.4,53,12.3,22.9,0.0,0.0,0.0,0.0,0,1015.9,935.1,1,1,0,0,0.55,1.28,13.2,17.1,315,314,34.9,26.9,23.8,21.0,15.7,0.134,0.161,0.237,0.328,1,3600.0,865.0,717.0,148.0,818.2,865.0,1165.4,887.8,735.9,151.9,818.2,887.8,1196.2
658,658,41.01933,-7.7032776,723.0,2018-08-07T13:00,23.3,49,11.9,23.9,0.0,0.0,0.0,0.0,0,1015.6,935.0,0,0,0,0,0.6,1.47,13.7,17.6,315,313,35.6,28.3,23.9,21.0,15.7,0.134,0.16,0.237,0.328,1,3600.0,919.0,790.0,129.0,871.8,919.0,1205.2,917.6,788.8,128.8,871.8,917.6,1203.3
657,657,41.01933,-7.7032776,723.0,2018-08-07T14:00,23.8,46,11.4,23.9,0.0,0.0,0.0,0.0,0,1015.2,934.8,0,0,0,0,0.6,1.61,14.8,18.9,313,312,36.7,29.2,24.1,21.0,15.7,0.133,0.16,0.237,0.327,1,3600.0,898.0,772.0,126.0,870.5,898.0,1179.5,871.8,749.5,122.3,870.5,871.8,1145.1
656,656,41.01933,-7.7032776,723.0,2018-08-07T15:00,23.8,45,11.1,23.3,0.0,0.0,0.0,0.0,0,1014.9,934.5,0,0,0,0,0.56,1.63,15.8,20.4,311,311,38.5,29.7,24.3,21.0,15.7,0.133,0.16,0.236,0.327,1,3600.0,821.0,701.0,120.0,855.3,821.0,1090.1,772.4,659.5,112.9,855.3,772.4,1025.5
655,655,41.01933,-7.7032776,723.0,2018-08-07T16:00,23.4,44,10.5,21.9,0.0,0.0,0.0,0.0,0,1014.8,934.3,0,0,0,0,0.48,1.61,16.6,22.0,304,305,39.6,29.7,24.5,21.0,15.7,0.133,0.16,0.236,0.327,1,3600.0,692.0,581.0,111.0,819.4,692.0,943.1,625.7,525.4,100.4,819.4,625.7,852.8
654,654,41.01933,-7.7032776,723.0,2018-08-07T17:00,22.8,47,11.0,20.6,0.0,0.0,0.0,0.0,0,1014.6,934.0,0,0,0,0,0.38,1.46,17.1,22.8,300,301,39.6,29.1,24.6,21.0,15.7,0.133,0.159,0.236,0.327,1,3600.0,525.0,426.0,99.0,757.0,525.0,748.5,447.9,363.4,84.5,757.0,447.9,638.5
653,653,41.01933,-7.7032776,723.0,2018-08-07T18:00,21.3,59,12.9,19.8,0.0,0.0,0.0,0.0,0,1014.5,933.5,0,0,0,0,0.24,1.05,16.7,23.0,303,302,39.2,28.1,24.7,21.0,15.7,0.133,0.159,0.236,0.327,1,3600.0,333.0,251.0,82.0,642.6,333.0,519.5,254.8,192.0,62.7,642.6,254.8,397.4
652,652,41.01933,-7.7032776,723.0,2018-08-07T19:00,19.6,69,13.7,18.7,0.0,0.0,0.0,0.0,0,1014.9,933.4,0,0,0,0,0.11,0.72,14.3,21.2,311,310,37.4,26.6,24.8,21.0,15.7,0.133,0.159,0.236,0.327,1,3600.0,144.0,90.0,54.0,440.5,144.0,271.7,77.3,48.3,29.0,440.5,77.3,145.9
651,651,41.01933,-7.7032776,723.0,2018-08-07T20:00,18.0,76,13.8,17.6,0.0,0.0,0.0,0.0,0,1015.3,933.4,2,2,0,0,0.04,0.49,11.1,19.3,306,307,31.7,24.9,24.8,21.1,15.7,0.133,0.159,0.236,0.327,0,34.6,16.0,6.0,10.0,65.9,16.0,62.7,0.0,0.0,0.0,0.0,0.0,0.0
650,650,41.01933,-7.7032776,723.0,2018-08-07T21:00,16.9,82,13.8,16.8,0.0,0.0,0.0,0.0,0,1016.0,933.7,3,3,0,0,0.01,0.34,9.0,17.4,307,308,25.2,23.4,24.7,21.1,15.7,0.133,0.159,0.236,0.327,0,0.0,0.0,0.0,0.0,0.0,0.0,0.0,0.0,0.0,0.0,0.0,0.0,0.0
649,649,41.01933,-7.7032776,723.0,2018-08-07T22:00,16.1,87,13.9,16.2,0.0,0.0,0.0,0.0,0,1016.0,933.5,7,8,0,0,0.0,0.24,7.4,16.3,309,315,20.5,22.2,24.5,21.1,15.7,0.133,0.159,0.236,0.327,0,0.0,0.0,0.0,0.0,0.0,0.0,0.0,0.0,0.0,0.0,0.0,0.0,0.0
648,648,41.01933,-7.7032776,723.0,2018-08-07T23:00,15.3,91,13.9,15.8,0.0,0.0,0.0,0.0,0,1015.8,933.1,7,8,0,0,0.0,0.16,5.4,13.8,307,317,17.3,21.2,24.3,21.1,15.7,0.133,0.159,0.236,0.327,0,0.0,0.0,0.0,0.0,0.0,0.0,0.0,0.0,0.0,0.0,0.0,0.0,0.0
647,647,41.01933,-7.7032776,723.0,2018-08-08T00:00,14.8,95,14.1,15.5,0.0,0.0,0.0,0.0,0,1016.1,933.2,11,12,0,0,0.0,0.08,4.6,9.2,288,312,13.3,19.9,24.2,21.1,15.7,0.133,0.16,0.236,0.327,0,0.0,0.0,0.0,0.0,0.0,0.0,0.0,0.0,0.0,0.0,0.0,0.0,0.0
646,646,41.01933,-7.7032776,723.0,2018-08-08T01:00,14.0,97,13.5,14.4,0.0,0.0,0.0,0.0,0,1015.7,932.6,11,12,0,0,0.0,0.05,5.0,8.8,300,325,11.5,19.2,24.0,21.1,15.7,0.133,0.16,0.236,0.327,0,0.0,0.0,0.0,0.0,0.0,0.0,0.0,0.0,0.0,0.0,0.0,0.0,0.0
645,645,41.01933,-7.7032776,723.0,2018-08-08T02:00,13.5,99,13.3,13.9,0.0,0.0,0.0,0.0,0,1015.5,932.3,19,21,0,0,0.0,0.02,4.9,9.4,306,328,10.1,18.6,23.7,21.1,15.7,0.133,0.16,0.236,0.327,0,0.0,0.0,0.0,0.0,0.0,0.0,0.0,0.0,0.0,0.0,0.0,0.0,0.0
644,644,41.01933,-7.7032776,723.0,2018-08-08T03:00,13.4,100,13.3,13.8,0.0,0.0,0.0,0.0,1,1015.3,932.1,28,31,0,0,0.0,0.0,4.1,7.9,285,321,10.1,18.2,23.4,21.1,15.7,0.133,0.16,0.236,0.327,0,0.0,0.0,0.0,0.0,0.0,0.0,0.0,0.0,0.0,0.0,0.0,0.0,0.0
643,643,41.01933,-7.7032776,723.0,2018-08-08T04:00,13.0,100,13.0,13.4,0.0,0.0,0.0,0.0,3,1014.8,931.5,90,100,0,0,0.0,0.0,4.0,6.4,265,317,9.0,17.8,23.1,21.1,15.7,0.133,0.16,0.236,0.327,0,0.0,0.0,0.0,0.0,0.0,0.0,0.0,0.0,0.0,0.0,0.0,0.0,0.0
642,642,41.01933,-7.7032776,723.0,2018-08-08T05:00,12.6,99,12.5,12.7,0.0,0.0,0.0,0.0,0,1014.6,931.2,4,5,0,0,0.0,0.01,4.7,6.4,270,322,8.6,17.3,22.8,21.1,15.7,0.133,0.16,0.236,0.327,0,0.0,0.0,0.0,0.0,0.0,0.0,0.0,0.0,0.0,0.0,0.0,0.0,0.0
641,641,41.01933,-7.7032776,723.0,2018-08-08T06:00,12.9,98,12.5,12.8,0.0,0.0,0.0,0.0,0,1014.8,931.5,4,4,0,0,0.01,0.03,5.6,7.1,297,345,9.4,16.9,22.6,21.1,15.7,0.133,0.16,0.236,0.327,1,0.0,5.0,1.0,4.0,14.3,5.0,35.0,12.8,2.6,10.3,29.4,4.8,89.7
640,640,41.01933,-7.7032776,723.0,2018-08-08T07:00,15.4,86,13.0,15.7,0.0,0.0,0.0,0.0,0,1015.0,932.4,4,5,0,0,0.05,0.25,4.2,6.4,340,344,11.5,17.5,22.3,21.1,15.7,0.133,0.16,0.236,0.327,1,3497.88,105.0,60.0,45.0,364.8,105.0,215.2,166.5,95.1,71.3,370.8,163.7,341.2
639,639,41.01933,-7.7032776,723.0,2018-08-08T08:00,17.3,75,12.8,17.3,0.0,0.0,0.0,0.0,0,1015.0,932.9,3,3,0,0,0.15,0.5,5.8,6.8,7,3,16.9,18.8,22.1,21.1,15.7,0.133,0.16,0.236,0.327,1,3600.0,278.0,198.0,80.0,566.7,278.0,464.8,350.5,249.6,100.9,566.7,350.5,585.9
638,638,41.01933,-7.7032776,723.0,2018-08-08T09:00,19.1,66,12.6,19.2,0.0,0.0,0.0,0.0,0,1014.7,933.1,0,0,0,0,0.28,0.75,4.9,5.2,17,16,18.0,20.6,22.0,21.1,15.7,0.133,0.16,0.236,0.327,1,3600.0,476.0,378.0,98.0,719.2,476.0,699.1,549.6,436.5,113.2,719.2,549.6,807.3
637,637,41.01933,-7.7032776,723.0,2018-08-08T10:00,21.2,57,12.3,22.0,0.0,0.0,0.0,0.0,0,1014.1,933.1,0,0,0,0,0.41,1.09,4.0,4.0,360,350,18.0,22.8,22.0,21.1,15.7,0.132,0.159,0.236,0.327,1,3600.0,657.0,546.0,111.0,804.9,657.0,902.4,720.9,599.1,121.8,804.9,720.9,990.1
636,636,41.01933,-7.7032776,723.0,2018-08-08T11:00,23.1,50,12.1,24.4,0.0,0.0,0.0,0.0,0,1014.0,933.5,0,0,0,0,0.52,1.42,6.4,7.6,322,315,21.6,24.9,22.0,21.1,15.7,0.132,0.159,0.236,0.327,1,3600.0,797.0,678.0,119.0,850.3,797.0,1060.7,843.1,717.2,125.9,850.3,843.1,1122.0
635,635,41.01933,-7.7032776,723.0,2018-08-08T12:00,23.7,53,13.5,25.4,0.0,0.0,0.0,0.0,1,1014.2,933.8,34,38,0,0,0.58,1.38,9.6,11.3,304,301,29.5,26.6,22.1,21.0,15.8,0.134,0.16,0.237,0.327,1,3600.0,884.0,759.0,125.0,868.1,884.0,1163.1,907.3,779.0,128.3,868.1,907.3,1193.9
634,634,41.01933,-7.7032776,723.0,2018-08-08T13:00,23.6,51,12.7,23.9,0.0,0.0,0.0,0.0,1,1014.0,933.6,32,36,0,0,0.54,1.44,12.8,15.8,302,300,32.0,27.7,22.3,21.0,15.8,0.134,0.16,0.236,0.327,1,3600.0,796.0,580.0,216.0,641.5,796.0,1202.8,794.7,579.1,215.6,641.5,794.7,1200.8
633,633,41.01933,-7.7032776,723.0,2018-08-08T14:00,23.5,45,10.9,23.3,0.0,0.0,0.0,0.0,0,1014.0,933.6,6,7,0,0,0.58,1.59,15.4,19.5,303,300,37.8,28.6,22.5,21.0,15.8,0.134,0.16,0.236,0.327,1,3600.0,872.0,733.0,139.0,828.6,872.0,1176.9,846.4,711.5,134.9,828.6,846.4,1142.4
632,632,41.01933,-7.7032776,723.0,2018-08-08T15:00,23.1,44,10.1,21.9,0.0,0.0,0.0,0.0,0,1013.7,933.2,2,2,0,0,0.54,1.59,17.2,22.4,299,298,40.7,28.9,22.8,21.0,15.8,0.133,0.16,0.236,0.327,1,3600.0,804.0,675.0,129.0,825.9,804.0,1087.2,756.1,634.8,121.3,825.9,756.1,1022.5
631,631,41.01933,-7.7032776,723.0,2018-08-08T16:00,22.1,48,10.5,20.1,0.0,0.0,0.0,0.0,0,1013.6,932.9,0,0,0,0,0.46,1.39,19.3,25.6,297,296,44.6,28.7,23.0,21.0,15.8,0.133,0.16,0.236,0.327,1,3600.0,684.0,571.0,113.0,808.2,684.0,939.9,618.1,516.0,102.1,808.2,618.1,849.3
630,630,41.01933,-7.7032776,723.0,2018-08-08T17:00,20.6,56,11.5,18.6,0.0,0.0,0.0,0.0,0,1013.7,932.6,0,0,0,0,0.33,1.07,16.9,22.7,297,295,44.6,28.0,23.2,21.0,15.8,0.133,0.159,0.236,0.327,1,3600.0,519.0,419.0,100.0,748.4,519.0,744.8,442.2,357.0,85.2,748.4,442.2,634.7
629,629,41.01933,-7.7032776,723.0,2018-08-08T18:00,19.8,61,12.0,17.4,0.0,0.0,0.0,0.0,1,1013.8,932.4,22,25,0,0,0.23,0.9,20.3,28.3,295,296,44.6,26.8,23.4,21.0,15.8,0.133,0.159,0.236,0.327,1,3600.0,326.0,244.0,82.0,629.9,326.0,515.4,248.7,186.1,62.5,629.9,248.7,393.1
628,628,41.01933,-7.7032776,723.0,2018-08-08T19:00,17.5,74,12.8,15.6,0.0,0.0,0.0,0.0,0,1014.4,932.4,10,11,0,0,0.1,0.52,18.8,28.0,296,296,47.2,25.2,23.5,21.0,15.8,0.133,0.159,0.236,0.327,1,3600.0,125.0,69.0,56.0,343.6,125.0,267.2,66.0,36.4,29.6,343.6,66.0,141.1
627,627,41.01933,-7.7032776,723.0,2018-08-08T20:00,16.3,79,12.7,15.1,0.0,0.0,0.0,0.0,1,1014.9,932.5,20,11,17,0,0.04,0.38,13.9,22.1,295,294,42.1,23.5,23.5,21.0,15.8,0.133,0.159,0.236,0.327,0,0.0,14.0,4.0,10.0,44.8,14.0,60.3,0.0,0.0,0.0,0.0,0.0,0.0
626,626,41.01933,-7.7032776,723.0,2018-08-08T21:00,15.9,82,12.9,15.0,0.0,0.0,0.0,0.0,1,1016.0,933.4,24,27,0,0,0.01,0.32,12.3,21.2,308,305,31.7,22.1,23.4,21.0,15.8,0.133,0.159,0.236,0.327,0,0.0,0.0,0.0,0.0,0.0,0.0,0.0,0.0,0.0,0.0,0.0,0.0,0.0
625,625,41.01933,-7.7032776,723.0,2018-08-08T22:00,15.6,85,13.1,15.1,0.0,0.0,0.0,0.0,1,1016.1,933.4,25,28,0,0,0.0,0.26,9.7,18.0,312,307,29.2,21.1,23.3,21.0,15.8,0.133,0.159,0.236,0.327,0,0.0,0.0,0.0,0.0,0.0,0.0,0.0,0.0,0.0,0.0,0.0,0.0,0.0
624,624,41.01933,-7.7032776,723.0,2018-08-08T23:00,15.2,88,13.3,14.9,0.0,0.0,0.0,0.0,1,1016.2,933.4,29,32,0,0,0.0,0.2,8.8,16.4,305,303,24.1,20.2,23.1,21.0,15.8,0.133,0.159,0.236,0.327,0,0.0,0.0,0.0,0.0,0.0,0.0,0.0,0.0,0.0,0.0,0.0,0.0,0.0
623,623,41.01933,-7.7032776,723.0,2018-08-09T00:00,14.2,91,12.7,13.5,0.0,0.0,0.0,0.0,1,1017.5,934.3,28,31,0,0,0.0,0.15,10.8,19.3,307,303,24.5,18.6,23.0,21.0,15.8,0.133,0.16,0.236,0.327,0,0.0,0.0,0.0,0.0,0.0,0.0,0.0,0.0,0.0,0.0,0.0,0.0,0.0
622,622,41.01933,-7.7032776,723.0,2018-08-09T01:00,13.8,92,12.5,13.0,0.0,0.0,0.0,0.0,1,1017.7,934.4,21,23,0,0,0.0,0.13,10.5,20.1,311,306,25.9,18.1,22.7,21.0,15.8,0.133,0.16,0.236,0.327,0,0.0,0.0,0.0,0.0,0.0,0.0,0.0,0.0,0.0,0.0,0.0,0.0,0.0
621,621,41.01933,-7.7032776,723.0,2018-08-09T02:00,13.2,95,12.5,12.8,0.0,0.0,0.0,0.0,0,1017.6,934.2,15,17,0,0,0.0,0.07,8.4,18.3,317,313,25.6,17.7,22.5,21.0,15.8,0.133,0.16,0.236,0.327,0,0.0,0.0,0.0,0.0,0.0,0.0,0.0,0.0,0.0,0.0,0.0,0.0,0.0
620,620,41.01933,-7.7032776,723.0,2018-08-09T03:00,12.6,98,12.3,12.5,0.0,0.0,0.0,0.0,1,1017.6,934.0,35,39,0,0,0.0,0.03,5.5,14.8,328,321,21.2,17.2,22.2,21.0,15.8,0.133,0.16,0.236,0.327,0,0.0,0.0,0.0,0.0,0.0,0.0,0.0,0.0,0.0,0.0,0.0,0.0,0.0
619,619,41.01933,-7.7032776,723.0,2018-08-09T04:00,12.6,99,12.5,12.6,0.0,0.0,0.0,0.0,3,1018.0,934.4,86,95,0,0,0.0,0.01,5.6,12.9,333,330,16.2,16.9,22.0,21.0,15.8,0.133,0.16,0.236,0.327,0,0.0,0.0,0.0,0.0,0.0,0.0,0.0,0.0,0.0,0.0,0.0,0.0,0.0
618,618,41.01933,-7.7032776,723.0,2018-08-09T05:00,12.7,100,12.6,12.4,0.0,0.0,0.0,0.0,3,1018.1,934.5,90,100,0,0,0.0,0.0,7.2,12.6,333,333,17.3,16.7,21.7,21.0,15.8,0.133,0.16,0.236,0.327,0,0.0,0.0,0.0,0.0,0.0,0.0,0.0,0.0,0.0,0.0,0.0,0.0,0.0
617,617,41.01933,-7.7032776,723.0,2018-08-09T06:00,12.7,99,12.5,12.3,0.0,0.0,0.0,0.0,3,1018.7,935.0,90,100,0,0,0.01,0.02,8.0,13.6,333,338,19.1,16.7,21.5,21.0,15.8,0.133,0.16,0.236,0.327,1,0.0,3.0,0.0,3.0,0.0,3.0,33.1,7.8,0.0,7.8,0.0,2.8,85.9
616,616,41.01933,-7.7032776,723.0,2018-08-09T07:00,13.7,91,12.2,12.9,0.0,0.0,0.0,0.0,0,1019.5,936.0,18,20,0,0,0.04,0.14,10.2,14.4,350,356,24.1,17.0,21.3,21.0,15.8,0.133,0.16,0.236,0.327,1,1794.89,71.0,20.0,51.0,122.6,71.0,211.6,113.3,31.9,81.4,125.8,110.5,337.8
615,615,41.01933,-7.7032776,723.0,2018-08-09T08:00,15.1,77,11.0,13.9,0.0,0.0,0.0,0.0,0,1019.9,936.8,11,12,0,0,0.14,0.4,10.1,13.4,6,8,25.9,17.9,21.1,21.0,15.8,0.133,0.16,0.236,0.327,1,3600.0,261.0,176.0,85.0,507.4,261.0,461.6,329.6,222.3,107.3,507.4,329.6,582.9
614,614,41.01933,-7.7032776,723.0,2018-08-09T09:00,16.8,65,10.3,15.2,0.0,0.0,0.0,0.0,0,1020.2,937.5,10,11,0,0,0.26,0.66,11.8,15.1,12,12,29.9,19.3,21.0,21.0,15.8,0.133,0.16,0.236,0.327,1,3600.0,469.0,357.0,112.0,682.2,469.0,696.3,541.9,412.5,129.4,682.2,541.9,804.6
613,613,41.01933,-7.7032776,723.0,2018-08-09T10:00,18.7,54,9.1,17.3,0.0,0.0,0.0,0.0,0,1020.4,938.2,12,13,0,0,0.38,1.0,11.4,14.3,11,12,29.9,21.1,21.0,21.0,15.8,0.133,0.16,0.236,0.327,1,3600.0,642.0,508.0,134.0,751.2,642.0,899.9,704.6,557.6,147.1,751.2,704.6,987.7
612,612,41.01933,-7.7032776,723.0,2018-08-09T11:00,20.4,44,7.8,19.2,0.0,0.0,0.0,0.0,0,1020.6,938.9,5,6,0,0,0.49,1.33,12.4,15.7,10,9,32.0,23.0,21.0,21.0,15.8,0.133,0.159,0.235,0.327,1,3600.0,775.0,631.0,144.0,793.4,775.0,1058.3,819.9,667.6,152.3,793.4,819.9,1119.6
611,611,41.01933,-7.7032776,723.0,2018-08-09T12:00,21.1,40,6.9,20.2,0.0,0.0,0.0,0.0,0,1020.7,939.1,7,8,0,0,0.56,1.51,13.6,16.9,12,12,33.8,24.2,21.1,20.9,15.8,0.133,0.161,0.237,0.327,1,3600.0,886.0,747.0,139.0,856.3,886.0,1160.8,909.4,766.8,142.7,856.3,909.4,1191.5
610,610,41.01933,-7.7032776,723.0,2018-08-09T13:00,22.1,37,6.6,21.3,0.0,0.0,0.0,0.0,0,1020.5,939.2,5,6,0,0,0.6,1.68,13.3,16.9,358,359,34.2,25.8,21.3,20.9,15.9,0.133,0.161,0.237,0.327,1,3600.0,924.0,788.0,136.0,873.6,924.0,1200.4,922.4,786.7,135.8,873.6,922.4,1198.3
609,609,41.01933,-7.7032776,723.0,2018-08-09T14:00,22.6,35,6.2,21.7,0.0,0.0,0.0,0.0,0,1020.5,939.4,0,0,0,0,0.6,1.79,13.1,16.4,352,351,34.2,26.9,21.5,20.9,15.9,0.133,0.16,0.236,0.327,1,3600.0,902.0,769.0,133.0,871.5,902.0,1174.3,875.4,746.3,129.1,871.5,875.4,1139.6
608,608,41.01933,-7.7032776,723.0,2018-08-09T15:00,23.0,33,5.8,21.6,0.0,0.0,0.0,0.0,0,1020.1,939.1,0,0,0,0,0.56,1.89,12.7,16.0,352,352,33.5,27.6,21.8,20.9,15.9,0.133,0.16,0.236,0.327,1,3600.0,824.0,703.0,121.0,862.8,824.0,1084.3,774.7,660.9,113.8,862.8,774.7,1019.4
607,607,41.01933,-7.7032776,723.0,2018-08-09T16:00,23.1,31,5.2,20.9,0.0,0.0,0.0,0.0,0,1019.9,938.9,0,0,0,0,0.49,1.94,12.3,15.6,353,353,32.0,27.9,22.0,20.9,15.9,0.133,0.16,0.236,0.327,1,3600.0,693.0,581.0,112.0,825.5,693.0,936.6,625.9,524.7,101.2,825.5,625.9,845.8
606,606,41.01933,-7.7032776,723.0,2018-08-09T17:00,22.8,31,4.8,19.7,0.0,0.0,0.0,0.0,0,1019.6,938.6,0,0,0,0,0.39,1.92,12.9,16.6,347,347,31.0,27.5,22.3,20.9,15.9,0.132,0.16,0.236,0.327,1,3600.0,523.0,424.0,99.0,761.4,523.0,741.1,445.1,360.9,84.3,761.4,445.1,630.7
605,605,41.01933,-7.7032776,723.0,2018-08-09T18:00,22.1,32,4.4,18.9,0.0,0.0,0.0,0.0,0,1019.7,938.5,0,0,0,0,0.27,1.82,12.4,16.9,343,344,30.2,26.6,22.4,20.9,15.9,0.132,0.16,0.236,0.327,1,3600.0,331.0,250.0,81.0,650.8,331.0,511.2,251.7,190.1,61.6,650.8,251.7,388.7
604,604,41.01933,-7.7032776,723.0,2018-08-09T19:00,20.7,35,4.7,18.0,0.0,0.0,0.0,0.0,0,1019.5,937.9,0,0,0,0,0.14,1.59,9.7,18.3,345,345,28.4,25.2,22.6,20.9,15.9,0.132,0.16,0.236,0.327,1,3600.0,141.0,88.0,53.0,446.1,141.0,262.5,73.2,45.7,27.5,446.1,73.2,136.2
603,603,41.01933,-7.7032776,723.0,2018-08-09T20:00,18.2,41,4.9,15.9,0.0,0.0,0.0,0.0,0,1020.0,937.7,5,0,0,17,0.06,1.22,6.6,17.4,338,342,22.7,23.4,22.6,20.9,15.9,0.132,0.16,0.236,0.327,0,0.0,14.0,5.0,9.0,57.2,14.0,57.9,0.0,0.0,0.0,0.0,0.0,0.0
602,602,41.01933,-7.7032776,723.0,2018-08-09T21:00,16.8,51,6.6,15.0,0.0,0.0,0.0,0.0,0,1021.0,938.3,9,0,0,29,0.03,0.93,6.2,16.4,324,334,17.3,21.8,22.6,20.9,15.9,0.132,0.16,0.236,0.327,0,0.0,0.0,0.0,0.0,0.0,0.0,0.0,0.0,0.0,0.0,0.0,0.0,0.0
601,601,41.01933,-7.7032776,723.0,2018-08-09T22:00,15.5,65,8.8,14.2,0.0,0.0,0.0,0.0,0,1021.6,938.5,8,0,0,28,0.01,0.62,6.2,16.9,324,344,17.3,20.5,22.5,20.9,15.9,0.132,0.16,0.236,0.327,0,0.0,0.0,0.0,0.0,0.0,0.0,0.0,0.0,0.0,0.0,0.0,0.0,0.0
600,600,41.01933,-7.7032776,723.0,2018-08-09T23:00,14.4,73,9.7,13.2,0.0,0.0,0.0,0.0,0,1022.2,938.7,0,0,0,0,0.01,0.44,7.4,10.9,313,351,15.5,19.3,22.3,20.9,15.9,0.132,0.16,0.236,0.327,0,0.0,0.0,0.0,0.0,0.0,0.0,0.0,0.0,0.0,0.0,0.0,0.0,0.0
599,599,41.01933,-7.7032776,723.0,2018-08-10T00:00,13.9,63,6.9,11.6,0.0,0.0,0.0,0.0,0,1022.8,939.1,0,0,0,0,0.03,0.59,10.3,13.4,36,36,15.5,17.8,22.2,20.9,15.9,0.133,0.161,0.236,0.327,0,0.0,0.0,0.0,0.0,0.0,0.0,0.0,0.0,0.0,0.0,0.0,0.0,0.0
598,598,41.01933,-7.7032776,723.0,2018-08-10T01:00,12.9,66,6.7,10.9,0.0,0.0,0.0,0.0,0,1022.8,938.8,0,0,0,0,0.02,0.5,7.9,12.0,39,41,20.2,17.1,22.0,20.9,15.9,0.133,0.161,0.236,0.327,0,0.0,0.0,0.0,0.0,0.0,0.0,0.0,0.0,0.0,0.0,0.0,0.0,0.0
597,597,41.01933,-7.7032776,723.0,2018-08-10T02:00,13.0,66,6.7,11.1,0.0,0.0,0.0,0.0,0,1022.7,938.8,0,0,0,0,0.02,0.52,7.2,12.5,53,46,17.6,16.4,21.7,20.9,15.9,0.133,0.161,0.236,0.327,0,0.0,0.0,0.0,0.0,0.0,0.0,0.0,0.0,0.0,0.0,0.0,0.0,0.0
596,596,41.01933,-7.7032776,723.0,2018-08-10T03:00,11.8,73,7.1,9.7,0.0,0.0,0.0,0.0,0,1022.5,938.3,0,0,0,0,0.01,0.37,9.2,15.3,45,51,19.1,15.9,21.5,20.9,15.9,0.133,0.161,0.236,0.327,0,0.0,0.0,0.0,0.0,0.0,0.0,0.0,0.0,0.0,0.0,0.0,0.0,0.0
595,595,41.01933,-7.7032776,723.0,2018-08-10T04:00,11.6,75,7.2,9.6,0.0,0.0,0.0,0.0,0,1022.5,938.2,0,0,0,0,0.01,0.35,8.5,16.4,36,52,19.8,15.4,21.2,20.9,15.9,0.133,0.161,0.236,0.327,0,0.0,0.0,0.0,0.0,0.0,0.0,0.0,0.0,0.0,0.0,0.0,0.0,0.0
594,594,41.01933,-7.7032776,723.0,2018-08-10T05:00,11.7,77,7.7,10.1,0.0,0.0,0.0,0.0,0,1022.8,938.5,0,0,0,0,0.0,0.32,6.9,17.7,39,52,19.1,15.0,20.9,20.9,15.9,0.133,0.161,0.236,0.327,0,0.0,0.0,0.0,0.0,0.0,0.0,0.0,0.0,0.0,0.0,0.0,0.0,0.0
593,593,41.01933,-7.7032776,723.0,2018-08-10T06:00,12.1,78,8.3,10.7,0.0,0.0,0.0,0.0,0,1023.2,939.0,0,0,0,0,0.03,0.32,6.4,18.6,43,54,18.4,14.7,20.6,20.9,15.9,0.133,0.161,0.236,0.327,1,0.0,4.0,1.0,3.0,14.9,4.0,31.2,10.5,2.6,7.9,30.2,3.7,82.1
592,592,41.01933,-7.7032776,723.0,2018-08-10T07:00,14.1,71,8.8,12.3,0.0,0.0,0.0,0.0,0,1023.6,939.9,0,0,0,0,0.06,0.47,9.9,15.9,46,57,23.4,15.3,20.4,20.8,15.9,0.133,0.161,0.236,0.327,1,3387.4,102.0,58.0,44.0,358.3,102.0,208.0,164.0,93.2,70.7,371.1,158.3,334.4
591,591,41.01933,-7.7032776,723.0,2018-08-10T08:00,15.6,66,9.3,13.6,0.0,0.0,0.0,0.0,0,1023.4,940.1,0,0,0,0,0.16,0.6,12.3,16.2,50,53,29.5,16.6,20.2,20.8,15.9,0.133,0.161,0.236,0.327,1,3600.0,284.0,207.0,77.0,601.1,284.0,458.4,359.3,261.9,97.4,601.1,359.3,579.9
590,590,41.01933,-7.7032776,723.0,2018-08-10T09:00,17.4,61,9.9,15.6,0.0,0.0,0.0,0.0,0,1023.5,940.7,0,0,0,0,0.27,0.77,12.2,16.1,47,50,31.0,18.3,20.1,20.8,15.9,0.133,0.161,0.236,0.327,1,3600.0,478.0,382.0,96.0,733.2,478.0,693.5,552.7,441.7,111.0,733.2,552.7,801.9
589,589,41.01933,-7.7032776,723.0,2018-08-10T10:00,19.5,55,10.2,18.3,0.0,0.0,0.0,0.0,0,1023.1,940.9,11,0,0,38,0.39,1.02,12.5,15.9,49,51,32.0,20.4,20.1,20.8,15.9,0.133,0.161,0.236,0.327,1,3600.0,654.0,544.0,110.0,807.0,654.0,897.3,718.1,597.3,120.8,807.0,718.1,985.2
588,588,41.01933,-7.7032776,723.0,2018-08-10T11:00,21.6,48,10.3,21.3,0.0,0.0,0.0,0.0,0,1022.9,941.3,7,0,0,22,0.5,1.33,12.3,15.6,50,52,32.4,22.5,20.2,20.8,15.9,0.133,0.16,0.236,0.327,1,3600.0,792.0,671.0,121.0,845.9,792.0,1055.9,838.0,710.0,128.0,845.9,838.0,1117.2
587,587,41.01933,-7.7032776,723.0,2018-08-10T12:00,23.2,43,10.1,23.7,0.0,0.0,0.0,0.0,0,1022.5,941.4,0,0,0,0,0.58,1.61,9.8,12.0,54,57,32.0,24.5,20.3,20.8,15.9,0.134,0.161,0.237,0.327,1,3600.0,883.0,758.0,125.0,871.0,883.0,1158.4,906.4,778.1,128.3,871.0,906.4,1189.1
586,586,41.01933,-7.7032776,723.0,2018-08-10T13:00,24.8,38,9.4,25.9,0.0,0.0,0.0,0.0,0,1021.9,941.2,0,0,0,0,0.63,1.95,6.5,7.9,56,60,26.6,26.4,20.6,20.8,15.9,0.134,0.161,0.237,0.327,1,3600.0,919.0,793.0,126.0,881.2,919.0,1197.9,917.4,791.6,125.8,881.2,917.4,1195.8
585,585,41.01933,-7.7032776,723.0,2018-08-10T14:00,25.8,33,8.4,26.7,0.0,0.0,0.0,0.0,0,1021.2,940.8,0,0,0,0,0.62,2.21,5.6,6.6,40,45,22.3,27.9,20.9,20.8,15.9,0.133,0.161,0.236,0.326,1,3600.0,896.0,772.0,124.0,877.1,896.0,1171.6,869.4,749.1,120.3,877.1,869.4,1136.8
584,584,41.01933,-7.7032776,723.0,2018-08-10T15:00,26.5,30,7.7,26.5,0.0,0.0,0.0,0.0,0,1020.7,940.5,11,0,0,38,0.58,2.41,6.8,7.8,32,34,21.2,28.9,21.2,20.7,16.0,0.133,0.16,0.236,0.326,1,3600.0,814.0,695.0,119.0,855.6,814.0,1081.3,765.0,653.2,111.8,855.6,765.0,1016.3
583,583,41.01933,-7.7032776,723.0,2018-08-10T16:00,26.5,29,7.2,25.5,0.0,0.0,0.0,0.0,0,1020.3,940.2,10,0,0,35,0.49,2.45,7.3,8.4,20,20,21.2,29.2,21.6,20.7,16.0,0.133,0.16,0.236,0.326,1,3600.0,682.0,569.0,113.0,811.7,682.0,933.2,615.5,513.6,102.0,811.7,615.5,842.3
582,582,41.01933,-7.7032776,723.0,2018-08-10T17:00,26.3,29,6.8,24.3,0.0,0.0,0.0,0.0,0,1020.2,940.0,0,0,0,0,0.38,2.44,7.8,9.2,13,11,20.9,29.0,21.9,20.7,16.0,0.133,0.16,0.236,0.326,1,3600.0,512.0,414.0,98.0,747.5,512.0,737.3,435.2,351.9,83.3,747.5,435.2,626.7
581,581,41.01933,-7.7032776,723.0,2018-08-10T18:00,25.8,27,5.4,23.2,0.0,0.0,0.0,0.0,0,1020.0,939.7,0,0,0,0,0.28,2.42,9.9,12.8,10,11,21.6,28.1,22.2,20.7,16.0,0.132,0.16,0.236,0.326,1,3600.0,321.0,242.0,79.0,635.5,321.0,506.9,243.3,183.4,59.9,635.5,243.3,384.2
580,580,41.01933,-7.7032776,723.0,2018-08-10T19:00,23.8,31,5.5,21.5,0.0,0.0,0.0,0.0,0,1020.0,939.2,0,0,0,0,0.14,2.04,7.6,17.8,352,352,22.0,26.7,22.4,20.7,16.0,0.132,0.16,0.236,0.326,1,3600.0,134.0,83.0,51.0,428.6,134.0,257.8,68.2,42.3,26.0,428.6,68.2,131.3
579,579,41.01933,-7.7032776,723.0,2018-08-10T20:00,21.3,42,7.8,19.5,0.0,0.0,0.0,0.0,0,1020.6,939.1,0,0,0,0,0.08,1.47,8.1,20.2,302,311,19.1,24.8,22.5,20.7,16.0,0.132,0.16,0.236,0.326,0,0.0,12.0,4.0,8.0,46.8,12.0,55.5,0.0,0.0,0.0,0.0,0.0,0.0
578,578,41.01933,-7.7032776,723.0,2018-08-10T21:00,19.4,61,11.6,18.9,0.0,0.0,0.0,0.0,0,1021.6,939.5,0,0,0,0,0.02,0.88,6.6,14.2,283,306,19.8,23.3,22.5,20.7,16.0,0.132,0.16,0.236,0.326,0,0.0,0.0,0.0,0.0,0.0,0.0,0.0,0.0,0.0,0.0,0.0,0.0,0.0
577,577,41.01933,-7.7032776,723.0,2018-08-10T22:00,17.9,71,12.5,17.5,0.0,0.0,0.0,0.0,0,1022.0,939.5,0,0,0,0,0.02,0.6,8.0,9.7,275,309,14.0,21.9,22.5,20.7,16.0,0.132,0.16,0.236,0.326,0,0.0,0.0,0.0,0.0,0.0,0.0,0.0,0.0,0.0,0.0,0.0,0.0,0.0
576,576,41.01933,-7.7032776,723.0,2018-08-10T23:00,20.5,57,11.8,20.2,0.0,0.0,0.0,0.0,0,1022.1,940.3,0,0,0,0,0.02,1.03,5.4,8.4,290,353,13.3,20.8,22.4,20.7,16.0,0.132,0.16,0.236,0.326,0,0.0,0.0,0.0,0.0,0.0,0.0,0.0,0.0,0.0,0.0,0.0,0.0,0.0
575,575,41.01933,-7.7032776,723.0,2018-08-11T00:00,20.3,56,11.3,20.0,0.0,0.0,0.0,0.0,0,1022.4,940.5,0,0,0,0,0.02,1.05,4.8,6.5,312,6,9.7,19.3,22.3,20.7,16.0,0.131,0.159,0.235,0.326,0,0.0,0.0,0.0,0.0,0.0,0.0,0.0,0.0,0.0,0.0,0.0,0.0,0.0
574,574,41.01933,-7.7032776,723.0,2018-08-11T01:00,19.9,57,11.2,19.7,0.0,0.0,0.0,0.0,0,1022.2,940.2,0,0,0,0,0.01,1.0,3.6,5.7,315,35,8.3,18.6,22.1,20.7,16.0,0.132,0.159,0.235,0.326,0,0.0,0.0,0.0,0.0,0.0,0.0,0.0,0.0,0.0,0.0,0.0,0.0,0.0
573,573,41.01933,-7.7032776,723.0,2018-08-11T02:00,19.6,58,11.0,19.6,0.0,0.0,0.0,0.0,0,1022.0,939.9,0,0,0,0,0.0,0.97,1.8,6.1,281,62,6.8,17.9,21.9,20.7,16.0,0.132,0.159,0.235,0.326,0,0.0,0.0,0.0,0.0,0.0,0.0,0.0,0.0,0.0,0.0,0.0,0.0,0.0
572,572,41.01933,-7.7032776,723.0,2018-08-11T03:00,19.2,57,10.6,19.1,0.0,0.0,0.0,0.0,0,1021.7,939.6,0,0,0,0,0.0,0.95,1.8,6.2,281,54,6.8,17.3,21.7,20.7,16.0,0.132,0.159,0.235,0.326,0,0.0,0.0,0.0,0.0,0.0,0.0,0.0,0.0,0.0,0.0,0.0,0.0,0.0
571,571,41.01933,-7.7032776,723.0,2018-08-11T04:00,18.5,59,10.4,18.0,0.0,0.0,0.0,0.0,0,1021.9,939.5,0,0,0,0,0.01,0.87,4.1,8.9,75,50,10.4,16.8,21.5,20.7,16.0,0.132,0.159,0.235,0.326,0,0.0,0.0,0.0,0.0,0.0,0.0,0.0,0.0,0.0,0.0,0.0,0.0,0.0
570,570,41.01933,-7.7032776,723.0,2018-08-11T05:00,17.7,62,10.4,17.2,0.0,0.0,0.0,0.0,0,1022.0,939.4,0,0,0,0,0.01,0.77,4.4,8.9,55,50,10.4,16.3,21.3,20.7,16.0,0.132,0.159,0.235,0.326,0,0.0,0.0,0.0,0.0,0.0,0.0,0.0,0.0,0.0,0.0,0.0,0.0,0.0
569,569,41.01933,-7.7032776,723.0,2018-08-11T06:00,17.3,64,10.5,16.9,0.0,0.0,0.0,0.0,0,1022.1,939.4,0,0,0,0,0.03,0.71,3.6,7.7,53,53,9.7,15.9,21.0,20.7,16.0,0.132,0.159,0.235,0.326,1,0.0,4.0,1.0,3.0,15.2,4.0,29.3,10.7,2.7,8.0,30.7,3.6,78.2
568,568,41.01933,-7.7032776,723.0,2018-08-11T07:00,17.9,65,11.3,17.9,0.0,0.0,0.0,0.0,0,1022.3,939.7,0,0,0,0,0.05,0.71,2.5,5.1,352,51,8.6,16.7,20.8,20.7,16.0,0.132,0.159,0.235,0.326,1,3332.29,99.0,57.0,42.0,355.0,99.0,204.4,160.3,92.3,68.0,371.3,153.3,331.0
567,567,41.01933,-7.7032776,723.0,2018-08-11T08:00,19.5,59,11.1,19.1,0.0,0.0,0.0,0.0,0,1022.4,940.3,0,0,0,0,0.17,0.94,4.7,5.9,32,38,14.4,18.3,20.6,20.7,16.0,0.132,0.159,0.235,0.326,1,3600.0,280.0,205.0,75.0,599.7,280.0,455.2,354.9,259.8,95.1,599.7,354.9,576.9
566,566,41.01933,-7.7032776,723.0,2018-08-11T09:00,21.2,54,11.6,20.8,0.0,0.0,0.0,0.0,0,1022.1,940.5,0,0,0,0,0.3,1.15,6.1,7.6,40,45,18.4,20.3,20.6,20.7,16.0,0.131,0.159,0.234,0.326,1,3600.0,473.0,378.0,95.0,728.8,473.0,690.6,547.4,437.4,109.9,728.8,547.4,799.2
565,565,41.01933,-7.7032776,723.0,2018-08-11T10:00,23.5,48,11.7,23.6,0.0,0.0,0.0,0.0,0,1021.8,940.8,0,0,0,0,0.43,1.51,6.6,7.9,41,43,20.9,22.6,20.6,20.7,16.0,0.131,0.158,0.234,0.326,1,3600.0,648.0,540.0,108.0,803.7,648.0,894.7,711.7,593.1,118.6,803.7,711.7,982.7
564,564,41.01933,-7.7032776,723.0,2018-08-11T11:00,25.9,40,11.4,26.9,0.0,0.0,0.0,0.0,0,1021.2,940.8,0,0,0,0,0.55,1.98,5.9,6.7,47,54,20.9,24.9,20.8,20.7,16.0,0.131,0.158,0.234,0.326,1,3600.0,787.0,670.0,117.0,846.9,787.0,1053.4,832.9,709.1,123.8,846.9,832.9,1114.8
563,563,41.01933,-7.7032776,723.0,2018-08-11T12:00,27.5,38,12.1,29.6,0.0,0.0,0.0,0.0,0,1020.8,940.9,0,0,0,0,0.62,2.26,4.3,4.8,66,77,20.2,27.1,21.0,20.6,16.0,0.13,0.157,0.233,0.326,1,3600.0,877.0,754.0,123.0,868.5,877.0,1156.0,900.3,774.0,126.3,868.5,900.3,1186.6
562,562,41.01933,-7.7032776,723.0,2018-08-11T13:00,29.1,32,10.9,31.3,0.0,0.0,0.0,0.0,0,1020.0,940.6,0,0,0,0,0.65,2.73,2.8,2.5,40,45,18.0,29.1,21.3,20.6,16.0,0.13,0.157,0.233,0.326,1,3600.0,907.0,781.0,126.0,870.0,907.0,1195.4,905.3,779.6,125.8,870.0,905.3,1193.2
561,561,41.01933,-7.7032776,723.0,2018-08-11T14:00,30.0,29,9.9,31.7,0.0,0.0,0.0,0.0,0,1019.1,939.9,0,0,0,0,0.64,3.02,2.6,2.8,326,310,16.2,30.6,21.7,20.6,16.0,0.13,0.156,0.232,0.326,1,3600.0,881.0,758.0,123.0,863.5,881.0,1168.9,854.7,735.4,119.3,863.5,854.7,1134.0
560,560,41.01933,-7.7032776,723.0,2018-08-11T15:00,30.2,30,10.7,30.7,0.0,0.0,0.0,0.0,0,1018.5,939.4,0,0,0,0,0.61,3.0,7.8,9.5,304,299,22.0,31.5,22.1,20.6,16.0,0.13,0.156,0.232,0.326,1,3600.0,801.0,682.0,119.0,842.2,801.0,1078.3,752.5,640.7,111.8,842.2,752.5,1013.0
559,559,41.01933,-7.7032776,723.0,2018-08-11T16:00,29.3,36,12.8,29.1,0.0,0.0,0.0,0.0,0,1018.2,938.9,1,0,1,0,0.53,2.59,11.8,14.8,310,309,28.4,31.6,22.5,20.6,16.0,0.129,0.156,0.232,0.326,1,3600.0,670.0,559.0,111.0,800.6,670.0,929.8,604.3,504.2,100.1,800.6,604.3,838.6
558,558,41.01933,-7.7032776,723.0,2018-08-11T17:00,28.0,38,12.6,26.6,0.0,0.0,0.0,0.0,0,1018.5,938.9,0,0,0,0,0.42,2.33,15.0,19.9,316,315,34.2,31.1,22.8,20.6,16.0,0.129,0.156,0.232,0.326,1,3600.0,497.0,398.0,99.0,722.7,497.0,733.4,421.9,337.9,84.0,722.7,421.9,622.6
557,557,41.01933,-7.7032776,723.0,2018-08-11T18:00,26.6,44,13.5,25.5,0.0,0.0,0.0,0.0,0,1018.2,938.3,0,0,0,0,0.29,1.93,14.8,20.7,309,309,34.9,30.0,23.1,20.6,16.0,0.129,0.156,0.232,0.326,1,3600.0,311.0,231.0,80.0,612.1,311.0,502.6,234.9,174.5,60.4,612.1,234.9,379.6
556,556,41.01933,-7.7032776,723.0,2018-08-11T19:00,24.8,50,13.5,24.4,0.0,0.0,0.0,0.0,0,1018.2,937.8,0,0,0,0,0.14,1.57,10.5,18.9,311,312,33.1,28.5,23.4,20.6,16.1,0.129,0.156,0.232,0.326,1,3600.0,127.0,77.0,50.0,405.3,127.0,253.0,63.4,38.4,25.0,405.3,63.4,126.3
555,555,41.01933,-7.7032776,723.0,2018-08-11T20:00,22.2,57,13.2,22.3,0.0,0.0,0.0,0.0,0,1018.5,937.4,0,0,0,0,0.05,1.16,5.7,14.8,288,304,23.8,26.6,23.5,20.6,16.1,0.129,0.156,0.232,0.326,0,0.0,11.0,4.0,7.0,47.8,11.0,53.0,0.0,0.0,0.0,0.0,0.0,0.0
554,554,41.01933,-7.7032776,723.0,2018-08-11T21:00,20.5,64,13.5,20.5,0.0,0.0,0.0,0.0,0,1019.0,937.4,0,0,0,0,0.03,0.86,7.6,10.6,275,298,14.4,24.9,23.5,20.6,16.1,0.129,0.156,0.232,0.326,0,0.0,0.0,0.0,0.0,0.0,0.0,0.0,0.0,0.0,0.0,0.0,0.0,0.0
553,553,41.01933,-7.7032776,723.0,2018-08-11T22:00,19.3,66,12.9,19.2,0.0,0.0,0.0,0.0,0,1019.0,937.1,0,0,0,0,0.02,0.75,6.4,9.6,254,304,13.3,23.4,23.5,20.6,16.1,0.129,0.156,0.232,0.326,0,0.0,0.0,0.0,0.0,0.0,0.0,0.0,0.0,0.0,0.0,0.0,0.0,0.0
552,552,41.01933,-7.7032776,723.0,2018-08-11T23:00,18.7,67,12.3,18.6,0.0,0.0,0.0,0.0,0,1018.7,936.7,0,0,0,0,0.01,0.72,5.0,6.8,240,295,11.9,22.2,23.4,20.6,16.1,0.129,0.156,0.232,0.326,0,0.0,0.0,0.0,0.0,0.0,0.0,0.0,0.0,0.0,0.0,0.0,0.0,0.0
551,551,41.01933,-7.7032776,723.0,2018-08-12T00:00,18.0,68,12.1,17.9,0.0,0.0,0.0,0.0,0,1018.7,936.5,0,0,0,0,0.01,0.66,5.1,5.1,219,278,10.1,21.0,23.3,20.7,16.1,0.126,0.154,0.23,0.326,0,0.0,0.0,0.0,0.0,0.0,0.0,0.0,0.0,0.0,0.0,0.0,0.0,0.0
550,550,41.01933,-7.7032776,723.0,2018-08-12T01:00,17.1,70,11.6,17.1,0.0,0.0,0.0,0.0,0,1018.3,935.9,0,0,0,0,0.0,0.58,3.4,2.9,212,263,10.8,20.1,23.1,20.7,16.1,0.126,0.154,0.23,0.326,0,0.0,0.0,0.0,0.0,0.0,0.0,0.0,0.0,0.0,0.0,0.0,0.0,0.0
549,549,41.01933,-7.7032776,723.0,2018-08-12T02:00,16.4,72,11.3,16.2,0.0,0.0,0.0,0.0,0,1017.7,935.1,0,0,0,0,0.0,0.53,3.9,4.0,214,270,10.1,19.3,22.9,20.7,16.1,0.126,0.154,0.23,0.326,0,0.0,0.0,0.0,0.0,0.0,0.0,0.0,0.0,0.0,0.0,0.0,0.0,0.0
548,548,41.01933,-7.7032776,723.0,2018-08-12T03:00,15.6,75,11.1,15.3,0.0,0.0,0.0,0.0,0,1017.5,934.7,0,0,0,0,0.0,0.45,4.3,4.7,222,293,10.4,18.6,22.7,20.7,16.1,0.126,0.154,0.23,0.326,0,0.0,0.0,0.0,0.0,0.0,0.0,0.0,0.0,0.0,0.0,0.0,0.0,0.0
547,547,41.01933,-7.7032776,723.0,2018-08-12T04:00,15.9,71,10.7,15.6,0.0,0.0,0.0,0.0,0,1017.1,934.4,0,0,0,0,0.0,0.51,3.1,2.5,216,278,10.4,18.0,22.5,20.7,16.1,0.126,0.154,0.23,0.326,0,0.0,0.0,0.0,0.0,0.0,0.0,0.0,0.0,0.0,0.0,0.0,0.0,0.0
546,546,41.01933,-7.7032776,723.0,2018-08-12T05:00,14.8,76,10.7,14.4,0.0,0.0,0.0,0.0,0,1016.8,933.9,0,0,0,0,0.0,0.4,4.1,3.5,218,246,9.7,17.4,22.3,20.7,16.1,0.126,0.154,0.23,0.326,0,0.0,0.0,0.0,0.0,0.0,0.0,0.0,0.0,0.0,0.0,0.0,0.0,0.0
545,545,41.01933,-7.7032776,723.0,2018-08-12T06:00,15.1,76,10.9,14.7,0.0,0.0,0.0,0.0,0,1017.0,934.1,0,0,0,0,0.02,0.41,4.6,5.4,225,262,11.2,16.9,22.0,20.7,16.1,0.126,0.154,0.23,0.326,1,0.0,4.0,1.0,3.0,15.6,4.0,27.3,10.9,2.7,8.2,31.2,3.5,74.4
544,544,41.01933,-7.7032776,723.0,2018-08-12T07:00,19.0,63,11.8,18.9,0.0,0.0,0.0,0.0,0,1017.1,935.3,0,0,0,0,0.06,0.81,4.2,5.9,239,281,10.8,17.5,21.8,20.6,16.1,0.126,0.154,0.23,0.326,1,3277.29,99.0,57.0,42.0,357.9,99.0,200.8,161.5,93.0,68.5,378.1,152.9,327.6
543,543,41.01933,-7.7032776,723.0,2018-08-12T08:00,21.9,50,11.0,21.5,0.0,0.0,0.0,0.0,0,1017.5,936.4,0,0,0,0,0.18,1.32,4.6,6.1,321,310,13.7,19.2,21.6,20.6,16.1,0.126,0.154,0.23,0.326,1,3600.0,282.0,207.0,75.0,610.0,282.0,452.0,358.1,262.8,95.2,610.0,358.1,573.9
542,542,41.01933,-7.7032776,723.0,2018-08-12T09:00,23.7,43,10.6,22.9,0.0,0.0,0.0,0.0,0,1017.3,936.7,9,0,0,30,0.32,1.66,6.4,7.9,322,313,18.4,21.4,21.5,20.6,16.1,0.126,0.154,0.23,0.326,1,3600.0,475.0,381.0,94.0,737.9,475.0,687.8,550.1,441.2,108.9,737.9,550.1,796.5
541,541,41.01933,-7.7032776,723.0,2018-08-12T10:00,25.3,36,9.2,24.4,0.0,0.0,0.0,0.0,1,1017.2,937.0,24,0,0,79,0.46,2.06,8.2,9.9,319,314,23.0,23.7,21.6,20.6,16.1,0.126,0.153,0.23,0.326,1,3600.0,649.0,541.0,108.0,807.8,649.0,892.1,713.1,594.4,118.7,807.8,713.1,980.1
540,540,41.01933,-7.7032776,723.0,2018-08-12T11:00,26.5,34,9.5,26.3,0.0,0.0,0.0,0.0,1,1017.0,937.1,29,0,0,97,0.56,2.28,9.2,11.2,309,303,25.2,25.9,21.7,20.6,16.1,0.126,0.153,0.23,0.326,1,3600.0,776.0,636.0,140.0,806.1,776.0,1050.9,821.4,673.2,148.2,806.1,821.4,1112.4
539,539,41.01933,-7.7032776,723.0,2018-08-12T12:00,26.6,41,12.2,26.8,0.0,0.0,0.0,0.0,1,1017.1,937.2,29,0,0,96,0.57,2.05,12.1,15.2,307,301,29.9,27.4,21.8,20.6,16.1,0.125,0.153,0.229,0.326,1,3600.0,778.0,478.0,300.0,552.0,778.0,1153.5,798.7,490.7,308.0,552.0,798.7,1184.1
538,538,41.01933,-7.7032776,723.0,2018-08-12T13:00,25.4,51,14.5,25.5,0.0,0.0,0.0,0.0,1,1017.3,937.1,22,0,0,74,0.55,1.59,16.9,22.0,308,305,40.7,28.4,22.1,20.6,16.1,0.125,0.153,0.229,0.326,1,3600.0,772.0,424.0,348.0,473.5,772.0,1192.8,770.5,423.2,347.3,473.5,770.5,1190.5
537,537,41.01933,-7.7032776,723.0,2018-08-12T14:00,25.1,51,14.3,24.7,0.0,0.0,0.0,0.0,0,1017.1,936.9,14,0,3,39,0.5,1.55,16.7,21.8,303,301,41.0,28.9,22.4,20.6,16.1,0.125,0.153,0.229,0.326,1,3600.0,687.0,362.0,325.0,413.5,687.0,1166.1,666.3,351.1,315.2,413.5,666.3,1131.0
536,536,41.01933,-7.7032776,723.0,2018-08-12T15:00,25.3,51,14.3,25.0,0.0,0.0,0.0,0.0,2,1016.6,936.4,52,0,54,65,0.52,1.59,17.5,22.9,302,300,41.0,29.4,22.6,20.6,16.1,0.125,0.153,0.229,0.326,1,3600.0,728.0,522.0,206.0,646.7,728.0,1075.2,683.7,490.2,193.5,646.7,683.7,1009.7
535,535,41.01933,-7.7032776,723.0,2018-08-12T16:00,24.0,55,14.5,23.1,0.0,0.0,0.0,0.0,1,1016.5,936.0,32,0,34,39,0.41,1.33,17.6,23.8,301,299,42.5,29.2,22.9,20.6,16.1,0.125,0.152,0.229,0.326,1,3600.0,585.0,375.0,210.0,539.3,585.0,926.2,527.3,338.0,189.3,539.3,527.3,834.9
534,534,41.01933,-7.7032776,723.0,2018-08-12T17:00,23.0,56,13.7,21.6,0.0,0.0,0.0,0.0,0,1016.7,935.9,11,0,0,38,0.34,1.23,17.6,23.3,298,297,41.4,28.7,23.1,20.6,16.1,0.125,0.152,0.228,0.326,1,3600.0,480.0,361.0,119.0,659.3,480.0,729.4,406.9,306.0,100.9,659.3,406.9,618.3
533,533,41.01933,-7.7032776,723.0,2018-08-12T18:00,21.5,62,13.9,20.4,0.0,0.0,0.0,0.0,0,1016.3,935.2,8,0,0,27,0.22,0.97,16.3,22.2,298,297,40.3,27.6,23.3,20.6,16.1,0.125,0.152,0.228,0.326,1,3600.0,296.0,203.0,93.0,542.9,296.0,498.1,222.8,152.8,70.0,542.9,222.8,374.9
532,532,41.01933,-7.7032776,723.0,2018-08-12T19:00,19.7,73,14.7,19.1,0.0,0.0,0.0,0.0,0,1016.6,935.0,15,5,0,34,0.1,0.62,14.2,21.1,294,293,36.7,26.1,23.4,20.6,16.1,0.125,0.152,0.228,0.326,1,3600.0,121.0,67.0,54.0,359.8,121.0,248.1,59.1,32.7,26.4,359.8,59.1,121.1
531,531,41.01933,-7.7032776,723.0,2018-08-12T20:00,18.5,80,15.0,18.3,0.0,0.0,0.0,0.0,0,1017.0,935.0,20,9,1,37,0.04,0.42,12.4,21.7,296,297,32.4,24.4,23.4,20.6,16.1,0.125,0.152,0.228,0.326,0,0.0,10.0,2.0,8.0,24.5,10.0,50.5,0.0,0.0,0.0,0.0,0.0,0.0
530,530,41.01933,-7.7032776,723.0,2018-08-12T21:00,17.8,86,15.5,18.2,0.0,0.0,0.0,0.0,3,1017.5,935.3,92,60,33,62,0.0,0.28,10.2,17.6,302,301,28.4,23.1,23.4,20.6,16.1,0.125,0.152,0.228,0.326,0,0.0,0.0,0.0,0.0,0.0,0.0,0.0,0.0,0.0,0.0,0.0,0.0,0.0
529,529,41.01933,-7.7032776,723.0,2018-08-12T22:00,17.7,88,15.7,18.5,0.0,0.0,0.0,0.0,3,1017.5,935.3,86,37,39,98,0.0,0.24,7.6,13.4,295,294,24.8,22.2,23.3,20.6,16.1,0.125,0.152,0.228,0.326,0,0.0,0.0,0.0,0.0,0.0,0.0,0.0,0.0,0.0,0.0,0.0,0.0,0.0
528,528,41.01933,-7.7032776,723.0,2018-08-12T23:00,16.8,93,15.7,18.1,0.0,0.0,0.0,0.0,2,1017.4,935.0,75,46,8,97,0.0,0.14,4.5,12.4,284,287,19.1,21.2,23.2,20.6,16.1,0.125,0.152,0.228,0.326,0,0.0,0.0,0.0,0.0,0.0,0.0,0.0,0.0,0.0,0.0,0.0,0.0,0.0
527,527,41.01933,-7.7032776,723.0,2018-08-13T00:00,17.0,89,15.2,17.5,0.0,0.0,0.0,0.0,3,1017.6,935.2,100,75,26,55,0.0,0.2,8.2,14.3,322,313,15.5,20.5,23.0,20.6,16.2,0.128,0.152,0.228,0.326,0,0.0,0.0,0.0,0.0,0.0,0.0,0.0,0.0,0.0,0.0,0.0,0.0,0.0
526,526,41.01933,-7.7032776,723.0,2018-08-13T01:00,16.6,90,14.9,17.2,0.0,0.0,0.0,0.0,1,1017.3,934.8,49,54,0,0,0.0,0.19,6.8,13.7,302,297,19.4,20.1,22.9,20.6,16.2,0.128,0.152,0.228,0.326,0,0.0,0.0,0.0,0.0,0.0,0.0,0.0,0.0,0.0,0.0,0.0,0.0,0.0
525,525,41.01933,-7.7032776,723.0,2018-08-13T02:00,15.9,93,14.7,16.7,0.0,0.0,0.0,0.0,1,1016.8,934.2,45,50,0,0,0.0,0.13,4.8,13.3,283,289,17.3,19.5,22.7,20.7,16.2,0.128,0.152,0.228,0.326,0,0.0,0.0,0.0,0.0,0.0,0.0,0.0,0.0,0.0,0.0,0.0,0.0,0.0
524,524,41.01933,-7.7032776,723.0,2018-08-13T03:00,15.1,95,14.3,15.8,0.0,0.0,0.0,0.0,1,1016.7,933.9,40,44,0,0,0.0,0.09,4.7,12.1,293,297,14.4,18.9,22.5,20.7,16.2,0.128,0.152,0.228,0.326,0,0.0,0.0,0.0,0.0,0.0,0.0,0.0,0.0,0.0,0.0,0.0,0.0,0.0
523,523,41.01933,-7.7032776,723.0,2018-08-13T04:00,15.2,96,14.5,16.0,0.0,0.0,0.0,0.0,1,1016.8,934.0,38,42,0,0,0.0,0.08,4.3,10.5,318,311,13.0,18.6,22.3,20.7,16.2,0.128,0.152,0.228,0.326,0,0.0,0.0,0.0,0.0,0.0,0.0,0.0,0.0,0.0,0.0,0.0,0.0,0.0
522,522,41.01933,-7.7032776,723.0,2018-08-13T05:00,14.6,97,14.2,15.4,0.0,0.0,0.0,0.0,1,1016.8,933.8,40,45,0,0,0.0,0.04,3.8,10.2,319,312,12.2,18.2,22.1,20.6,16.2,0.128,0.152,0.228,0.326,0,0.0,0.0,0.0,0.0,0.0,0.0,0.0,0.0,0.0,0.0,0.0,0.0,0.0
521,521,41.01933,-7.7032776,723.0,2018-08-13T06:00,14.5,96,13.8,14.9,0.0,0.0,0.0,0.0,2,1017.2,934.1,56,62,0,0,0.01,0.07,5.6,10.9,320,314,14.0,17.9,21.9,20.6,16.2,0.128,0.152,0.228,0.326,1,0.0,3.0,0.0,3.0,0.0,3.0,25.4,8.3,0.0,8.3,0.0,2.5,70.5
520,520,41.01933,-7.7032776,723.0,2018-08-13T07:00,15.0,87,12.8,14.8,0.0,0.0,0.0,0.0,1,1017.7,934.7,40,44,0,0,0.04,0.22,7.0,9.7,325,321,18.4,18.1,21.7,20.6,16.2,0.128,0.152,0.228,0.326,1,2639.22,70.0,25.0,45.0,158.3,70.0,197.1,115.1,41.1,74.0,169.0,107.8,324.2
519,519,41.01933,-7.7032776,723.0,2018-08-13T08:00,16.3,75,12.0,15.8,0.0,0.0,0.0,0.0,0,1018.0,935.4,16,18,0,0,0.13,0.46,7.4,9.5,337,331,20.9,19.0,21.6,20.6,16.2,0.128,0.152,0.228,0.326,1,3600.0,242.0,140.0,102.0,415.7,242.0,448.7,307.9,178.1,129.8,415.7,307.9,570.8
518,518,41.01933,-7.7032776,723.0,2018-08-13T09:00,17.9,66,11.5,17.2,0.0,0.0,0.0,0.0,0,1018.0,935.8,4,4,0,0,0.26,0.69,7.5,9.2,343,339,22.3,20.4,21.5,20.6,16.2,0.128,0.152,0.228,0.326,1,3600.0,451.0,330.0,121.0,642.0,451.0,684.9,522.7,382.4,140.2,642.0,522.7,793.7
517,517,41.01933,-7.7032776,723.0,2018-08-13T10:00,19.8,56,10.6,19.4,0.0,0.0,0.0,0.0,0,1017.9,936.2,2,2,0,0,0.39,1.02,7.6,9.2,341,334,23.8,22.3,21.5,20.6,16.2,0.128,0.152,0.228,0.326,1,3600.0,647.0,528.0,119.0,791.0,647.0,889.4,711.1,580.3,130.8,791.0,711.1,977.6
516,516,41.01933,-7.7032776,723.0,2018-08-13T11:00,21.6,46,9.4,21.7,0.0,0.0,0.0,0.0,0,1017.7,936.5,0,0,0,0,0.51,1.4,8.5,10.1,332,325,25.6,24.3,21.6,20.6,16.2,0.128,0.152,0.228,0.326,1,3600.0,792.0,670.0,122.0,851.6,792.0,1048.4,838.4,709.3,129.2,851.6,838.4,1109.9
515,515,41.01933,-7.7032776,723.0,2018-08-13T12:00,23.1,45,10.6,23.7,0.0,0.0,0.0,0.0,0,1017.5,936.7,0,0,0,0,0.58,1.54,10.2,12.0,321,316,28.8,26.3,21.7,20.6,16.2,0.128,0.153,0.228,0.325,1,3600.0,885.0,760.0,125.0,879.9,885.0,1151.0,908.5,780.2,128.3,879.9,908.5,1181.6
514,514,41.01933,-7.7032776,723.0,2018-08-13T13:00,23.8,42,10.2,24.0,0.0,0.0,0.0,0.0,0,1017.1,936.5,0,0,0,0,0.61,1.7,12.8,15.8,320,317,33.1,27.8,21.9,20.6,16.2,0.128,0.152,0.228,0.325,1,3600.0,917.0,791.0,126.0,885.6,917.0,1190.1,915.2,789.4,125.7,885.6,915.2,1187.7
513,513,41.01933,-7.7032776,723.0,2018-08-13T14:00,23.9,41,9.9,23.6,0.0,0.0,0.0,0.0,0,1016.9,936.4,0,0,0,0,0.6,1.74,14.1,17.6,320,317,35.3,28.7,22.2,20.6,16.2,0.128,0.152,0.228,0.325,1,3600.0,890.0,766.0,124.0,877.5,890.0,1163.2,863.1,742.8,120.2,877.5,863.1,1128.0
512,512,41.01933,-7.7032776,723.0,2018-08-13T15:00,23.8,42,10.2,23.2,0.0,0.0,0.0,0.0,0,1016.6,936.1,0,0,0,0,0.55,1.7,14.3,18.1,319,317,35.6,29.2,22.4,20.6,16.2,0.128,0.152,0.228,0.325,1,3600.0,808.0,688.0,120.0,855.3,808.0,1071.9,758.5,645.9,112.7,855.3,758.5,1006.3
511,511,41.01933,-7.7032776,723.0,2018-08-13T16:00,23.5,45,10.9,22.3,0.0,0.0,0.0,0.0,0,1016.3,935.7,0,0,0,0,0.47,1.6,14.8,19.1,317,316,35.6,29.2,22.7,20.6,16.2,0.127,0.152,0.228,0.325,1,3600.0,674.0,563.0,111.0,813.2,674.0,922.6,607.1,507.1,100.0,813.2,607.1,831.0
510,510,41.01933,-7.7032776,723.0,2018-08-13T17:00,22.8,49,11.5,21.1,0.0,0.0,0.0,0.0,0,1016.3,935.5,0,0,0,0,0.36,1.42,15.0,19.6,316,316,35.6,28.6,22.9,20.6,16.2,0.127,0.152,0.227,0.325,1,3600.0,501.0,403.0,98.0,740.4,501.0,725.3,424.1,341.2,83.0,740.4,424.1,614.0
509,509,41.01933,-7.7032776,723.0,2018-08-13T18:00,22.0,54,12.3,20.6,0.0,0.0,0.0,0.0,0,1016.1,935.1,0,0,0,0,0.23,1.21,14.0,18.8,314,313,34.9,27.6,23.1,20.6,16.2,0.127,0.152,0.227,0.325,1,3600.0,308.0,229.0,79.0,618.4,308.0,493.5,231.0,171.7,59.2,618.4,231.0,370.1
508,508,41.01933,-7.7032776,723.0,2018-08-13T19:00,20.5,62,13.0,19.9,0.0,0.0,0.0,0.0,0,1016.1,934.7,0,0,0,0,0.1,0.91,10.4,16.3,316,315,31.3,26.1,23.2,20.6,16.2,0.127,0.152,0.227,0.325,1,3600.0,122.0,73.0,49.0,400.4,122.0,243.0,58.2,34.8,23.4,399.3,58.2,115.8
507,507,41.01933,-7.7032776,723.0,2018-08-13T20:00,18.6,72,13.5,18.6,0.0,0.0,0.0,0.0,0,1016.5,934.6,0,0,0,0,0.04,0.59,7.4,16.3,317,317,23.0,24.4,23.3,20.6,16.2,0.127,0.152,0.227,0.325,0,0.0,9.0,3.0,6.0,37.6,9.0,47.8,0.0,0.0,0.0,0.0,0.0,0.0
506,506,41.01933,-7.7032776,723.0,2018-08-13T21:00,17.3,80,13.9,17.7,0.0,0.0,0.0,0.0,0,1017.1,934.8,0,0,0,0,0.0,0.39,5.4,14.1,312,320,18.0,22.9,23.3,20.6,16.2,0.127,0.152,0.227,0.325,0,0.0,0.0,0.0,0.0,0.0,0.0,0.0,0.0,0.0,0.0,0.0,0.0,0.0
505,505,41.01933,-7.7032776,723.0,2018-08-13T22:00,16.3,86,13.9,16.9,0.0,0.0,0.0,0.0,0,1017.6,935.0,0,0,0,0,0.0,0.27,4.9,12.9,306,333,13.7,21.6,23.2,20.6,16.2,0.127,0.152,0.227,0.325,0,0.0,0.0,0.0,0.0,0.0,0.0,0.0,0.0,0.0,0.0,0.0,0.0,0.0
504,504,41.01933,-7.7032776,723.0,2018-08-13T23:00,15.3,90,13.8,15.6,0.0,0.0,0.0,0.0,0,1017.5,934.6,0,0,0,0,0.0,0.17,6.0,11.2,303,345,12.2,20.5,23.0,20.6,16.2,0.127,0.152,0.227,0.325,0,0.0,0.0,0.0,0.0,0.0,0.0,0.0,0.0,0.0,0.0,0.0,0.0,0.0
503,503,41.01933,-7.7032776,723.0,2018-08-14T00:00,16.1,85,13.6,16.5,0.0,0.0,0.0,0.0,0,1018.0,935.3,0,0,0,0,0.0,0.27,5.1,7.7,266,349,12.6,19.4,22.9,20.6,16.2,0.126,0.151,0.227,0.325,0,0.0,0.0,0.0,0.0,0.0,0.0,0.0,0.0,0.0,0.0,0.0,0.0,0.0
502,502,41.01933,-7.7032776,723.0,2018-08-14T01:00,16.9,79,13.2,17.3,0.0,0.0,0.0,0.0,0,1017.9,935.4,0,0,0,0,0.0,0.41,4.5,7.3,284,9,9.7,18.6,22.7,20.6,16.2,0.127,0.151,0.227,0.325,0,0.0,0.0,0.0,0.0,0.0,0.0,0.0,0.0,0.0,0.0,0.0,0.0,0.0
501,501,41.01933,-7.7032776,723.0,2018-08-14T02:00,17.0,76,12.8,17.4,0.0,0.0,0.0,0.0,0,1018.0,935.6,0,0,0,0,0.0,0.46,3.1,7.3,315,33,9.4,17.9,22.5,20.6,16.2,0.127,0.151,0.227,0.325,0,0.0,0.0,0.0,0.0,0.0,0.0,0.0,0.0,0.0,0.0,0.0,0.0,0.0
500,500,41.01933,-7.7032776,723.0,2018-08-14T03:00,16.7,76,12.4,17.0,0.0,0.0,0.0,0.0,0,1018.1,935.6,0,0,0,0,0.0,0.47,3.1,7.9,36,47,9.7,17.2,22.2,20.6,16.2,0.127,0.151,0.227,0.325,0,0.0,0.0,0.0,0.0,0.0,0.0,0.0,0.0,0.0,0.0,0.0,0.0,0.0
499,499,41.01933,-7.7032776,723.0,2018-08-14T04:00,16.1,77,12.0,15.9,0.0,0.0,0.0,0.0,0,1018.1,935.4,0,0,0,0,0.0,0.43,5.4,10.5,20,52,13.3,16.7,22.0,20.6,16.2,0.127,0.151,0.227,0.325,0,0.0,0.0,0.0,0.0,0.0,0.0,0.0,0.0,0.0,0.0,0.0,0.0,0.0
498,498,41.01933,-7.7032776,723.0,2018-08-14T05:00,15.4,79,11.8,15.0,0.0,0.0,0.0,0.0,0,1018.4,935.5,0,0,0,0,0.0,0.36,6.5,12.5,34,49,15.1,16.3,21.7,20.6,16.2,0.127,0.151,0.227,0.325,0,0.0,0.0,0.0,0.0,0.0,0.0,0.0,0.0,0.0,0.0,0.0,0.0,0.0
497,497,41.01933,-7.7032776,723.0,2018-08-14T06:00,15.1,81,11.9,14.6,0.0,0.0,0.0,0.0,0,1018.7,935.7,0,0,0,0,0.03,0.32,7.4,13.7,47,55,16.9,15.9,21.5,20.6,16.3,0.127,0.151,0.227,0.325,1,0.0,3.0,0.0,3.0,0.0,3.0,23.5,8.5,0.0,8.5,0.0,2.4,66.6
496,496,41.01933,-7.7032776,723.0,2018-08-14T07:00,16.4,77,12.4,16.0,0.0,0.0,0.0,0.0,0,1019.2,936.5,0,0,0,0,0.05,0.42,7.4,14.8,39,56,19.1,16.5,21.2,20.6,16.3,0.127,0.151,0.227,0.325,1,3166.72,92.0,51.0,41.0,325.7,92.0,193.4,152.5,84.6,68.0,351.4,141.3,320.7
495,495,41.01933,-7.7032776,723.0,2018-08-14T08:00,18.3,69,12.5,17.2,0.0,0.0,0.0,0.0,0,1019.3,937.1,0,0,0,0,0.16,0.65,12.3,16.3,50,55,29.2,18.0,21.0,20.6,16.3,0.127,0.151,0.227,0.325,1,3600.0,271.0,195.0,76.0,583.5,271.0,445.5,345.4,248.5,96.9,583.5,345.4,567.7
494,494,41.01933,-7.7032776,723.0,2018-08-14T09:00,20.1,62,12.6,19.0,0.0,0.0,0.0,0.0,0,1019.3,937.6,0,0,0,0,0.29,0.89,13.5,17.5,56,58,33.1,19.8,21.0,20.6,16.3,0.126,0.151,0.227,0.325,1,3600.0,464.0,368.0,96.0,719.3,464.0,681.9,538.2,426.8,111.3,719.3,538.2,790.9
493,493,41.01933,-7.7032776,723.0,2018-08-14T10:00,22.2,55,12.6,21.4,0.0,0.0,0.0,0.0,0,1019.3,938.1,0,0,0,0,0.42,1.21,14.1,18.4,58,59,34.9,21.9,20.9,20.6,16.3,0.126,0.151,0.227,0.325,1,3600.0,641.0,531.0,110.0,798.2,641.0,886.7,704.8,583.8,120.9,798.2,704.8,974.9
492,492,41.01933,-7.7032776,723.0,2018-08-14T11:00,24.3,48,12.5,24.2,0.0,0.0,0.0,0.0,0,1019.1,938.5,0,0,0,0,0.53,1.59,14.4,18.5,58,61,36.0,24.1,21.0,20.6,16.3,0.126,0.151,0.226,0.325,1,3600.0,782.0,663.0,119.0,845.0,782.0,1045.8,828.0,702.0,126.0,845.0,828.0,1107.3
491,491,41.01933,-7.7032776,723.0,2018-08-14T12:00,26.1,42,12.0,26.4,0.0,0.0,0.0,0.0,0,1019.0,938.9,0,0,0,0,0.62,1.97,13.7,17.4,60,63,36.0,26.2,21.2,20.6,16.3,0.127,0.152,0.227,0.325,1,3600.0,873.0,750.0,123.0,870.6,873.0,1148.4,896.2,769.9,126.3,870.6,896.2,1178.9
490,490,41.01933,-7.7032776,723.0,2018-08-14T13:00,27.6,36,11.2,28.2,0.0,0.0,0.0,0.0,0,1018.3,938.6,0,0,0,0,0.67,2.37,12.1,15.5,63,65,34.2,28.0,21.5,20.6,16.3,0.127,0.152,0.227,0.325,1,3600.0,908.0,782.0,126.0,877.9,908.0,1187.4,906.1,780.3,125.7,877.9,906.1,1184.9
489,489,41.01933,-7.7032776,723.0,2018-08-14T14:00,28.8,31,10.2,29.2,0.0,0.0,0.0,0.0,0,1017.7,938.3,0,0,0,0,0.67,2.71,10.6,13.4,66,70,31.7,29.5,21.8,20.6,16.3,0.127,0.151,0.227,0.325,1,3600.0,884.0,760.0,124.0,873.2,884.0,1160.2,857.0,736.8,120.2,873.2,857.0,1124.8
488,488,41.01933,-7.7032776,723.0,2018-08-14T15:00,29.4,28,9.3,29.3,0.0,0.0,0.0,0.0,0,1017.2,938.0,0,0,0,0,0.62,2.93,9.7,12.1,63,67,28.4,30.5,22.1,20.6,16.3,0.126,0.151,0.226,0.325,1,3600.0,802.0,683.0,119.0,852.0,802.0,1068.6,752.6,640.9,111.7,852.0,752.6,1002.8
487,487,41.01933,-7.7032776,723.0,2018-08-14T16:00,29.7,27,8.7,28.8,0.0,0.0,0.0,0.0,0,1016.7,937.6,0,0,0,0,0.52,3.04,8.7,10.8,48,53,25.9,30.9,22.5,20.6,16.3,0.126,0.151,0.226,0.325,1,3600.0,669.0,559.0,110.0,811.0,669.0,918.8,602.1,503.1,99.0,811.0,602.1,827.0
486,486,41.01933,-7.7032776,723.0,2018-08-14T17:00,29.4,27,8.5,27.8,0.0,0.0,0.0,0.0,0,1016.3,937.2,0,0,0,0,0.4,2.99,8.1,10.3,32,36,23.0,30.8,22.8,20.6,16.3,0.126,0.151,0.226,0.325,1,3600.0,497.0,401.0,96.0,741.4,497.0,721.1,420.1,339.0,81.1,741.4,420.1,609.5
485,485,41.01933,-7.7032776,723.0,2018-08-14T18:00,28.5,29,8.8,26.8,0.0,0.0,0.0,0.0,0,1016.1,936.8,0,0,0,0,0.28,2.76,9.6,13.1,13,16,20.9,29.9,23.1,20.6,16.3,0.126,0.151,0.226,0.325,1,3600.0,305.0,227.0,78.0,619.1,305.0,488.8,227.8,169.6,58.3,619.1,227.8,365.1
484,484,41.01933,-7.7032776,723.0,2018-08-14T19:00,25.6,38,10.3,24.7,0.0,0.0,0.0,0.0,0,1015.8,935.8,0,0,0,0,0.12,2.04,6.5,17.3,360,4,20.9,28.5,23.3,20.6,16.3,0.126,0.151,0.226,0.325,1,3600.0,120.0,72.0,48.0,403.7,120.0,237.8,55.7,33.4,22.3,383.6,55.7,110.4
483,483,41.01933,-7.7032776,723.0,2018-08-14T20:00,23.3,43,10.0,21.9,0.0,0.0,0.0,0.0,0,1016.0,935.4,0,0,0,0,0.1,1.63,9.6,15.2,347,4,18.7,26.4,23.4,20.6,16.3,0.126,0.151,0.226,0.325,0,0.0,8.0,2.0,6.0,25.8,8.0,45.1,0.0,0.0,0.0,0.0,0.0,0.0
482,482,41.01933,-7.7032776,723.0,2018-08-14T21:00,22.4,44,9.4,21.0,0.0,0.0,0.0,0.0,0,1016.8,935.9,0,0,0,0,0.06,1.52,8.4,17.3,317,343,19.4,24.8,23.5,20.6,16.3,0.126,0.151,0.226,0.325,0,0.0,0.0,0.0,0.0,0.0,0.0,0.0,0.0,0.0,0.0,0.0,0.0,0.0
481,481,41.01933,-7.7032776,723.0,2018-08-14T22:00,21.5,53,11.4,20.8,0.0,0.0,0.0,0.0,0,1017.1,935.9,0,0,0,0,0.04,1.22,7.6,11.5,289,356,18.0,23.4,23.5,20.6,16.3,0.126,0.151,0.226,0.325,0,0.0,0.0,0.0,0.0,0.0,0.0,0.0,0.0,0.0,0.0,0.0,0.0,0.0
480,480,41.01933,-7.7032776,723.0,2018-08-14T23:00,24.2,39,9.3,23.6,0.0,0.0,0.0,0.0,0,1017.3,936.8,0,0,0,0,0.02,1.85,2.9,8.6,240,57,15.5,22.1,23.4,20.6,16.3,0.126,0.151,0.226,0.325,0,0.0,0.0,0.0,0.0,0.0,0.0,0.0,0.0,0.0,0.0,0.0,0.0,0.0
479,479,41.01933,-7.7032776,723.0,2018-08-15T00:00,20.8,38,6.0,18.2,0.0,0.0,0.0,0.0,0,1018.3,936.8,0,0,0,0,0.09,1.51,10.7,15.8,110,91,19.1,20.7,23.3,20.6,16.3,0.125,0.15,0.225,0.325,0,0.0,0.0,0.0,0.0,0.0,0.0,0.0,0.0,0.0,0.0,0.0,0.0,0.0
478,478,41.01933,-7.7032776,723.0,2018-08-15T01:00,19.5,42,6.2,17.1,0.0,0.0,0.0,0.0,0,1018.2,936.4,0,0,0,0,0.07,1.31,9.4,16.0,92,81,21.6,19.9,23.1,20.6,16.3,0.125,0.15,0.225,0.325,0,0.0,0.0,0.0,0.0,0.0,0.0,0.0,0.0,0.0,0.0,0.0,0.0,0.0
477,477,41.01933,-7.7032776,723.0,2018-08-15T02:00,17.4,50,6.8,15.0,0.0,0.0,0.0,0.0,0,1018.4,936.0,0,0,0,0,0.06,1.0,10.2,18.3,58,58,22.7,19.2,22.9,20.6,16.3,0.125,0.15,0.225,0.325,0,0.0,0.0,0.0,0.0,0.0,0.0,0.0,0.0,0.0,0.0,0.0,0.0,0.0
476,476,41.01933,-7.7032776,723.0,2018-08-15T03:00,16.7,53,7.0,14.7,0.0,0.0,0.0,0.0,0,1018.5,935.9,0,0,0,0,0.04,0.89,8.5,18.7,54,60,21.6,18.5,22.7,20.6,16.3,0.125,0.15,0.225,0.325,0,0.0,0.0,0.0,0.0,0.0,0.0,0.0,0.0,0.0,0.0,0.0,0.0,0.0
475,475,41.01933,-7.7032776,723.0,2018-08-15T04:00,16.1,60,8.4,14.5,0.0,0.0,0.0,0.0,0,1018.6,935.9,0,0,0,0,0.03,0.73,7.5,19.8,55,63,20.9,18.0,22.5,20.6,16.3,0.125,0.15,0.225,0.325,0,0.0,0.0,0.0,0.0,0.0,0.0,0.0,0.0,0.0,0.0,0.0,0.0,0.0
474,474,41.01933,-7.7032776,723.0,2018-08-15T05:00,15.2,70,9.7,14.1,0.0,0.0,0.0,0.0,0,1018.6,935.6,0,0,0,0,0.01,0.52,6.9,19.0,51,61,20.2,17.5,22.2,20.6,16.3,0.125,0.15,0.225,0.325,0,0.0,0.0,0.0,0.0,0.0,0.0,0.0,0.0,0.0,0.0,0.0,0.0,0.0
473,473,41.01933,-7.7032776,723.0,2018-08-15T06:00,14.9,75,10.6,14.1,0.0,0.0,0.0,0.0,0,1018.9,935.8,0,0,0,0,0.03,0.42,6.9,18.6,47,58,19.4,17.1,22.0,20.6,16.3,0.125,0.15,0.225,0.325,1,0.0,2.0,0.0,2.0,0.0,2.0,21.5,5.8,0.0,5.8,0.0,1.6,62.7
472,472,41.01933,-7.7032776,723.0,2018-08-15T07:00,16.8,70,11.4,15.7,0.0,0.0,0.0,0.0,0,1019.1,936.5,0,0,0,0,0.07,0.56,9.9,16.1,44,56,23.0,17.5,21.8,20.6,16.3,0.125,0.15,0.225,0.325,1,3111.08,90.0,51.0,39.0,328.5,90.0,189.7,150.5,85.3,65.2,358.4,137.9,317.2
471,471,41.01933,-7.7032776,723.0,2018-08-15T08:00,18.1,65,11.4,16.9,0.0,0.0,0.0,0.0,0,1019.1,936.9,0,0,0,0,0.17,0.73,11.2,15.0,50,55,27.7,18.7,21.6,20.6,16.3,0.125,0.15,0.225,0.325,1,3600.0,270.0,195.0,75.0,588.1,270.0,442.2,344.8,249.0,95.8,588.1,344.8,564.6
470,470,41.01933,-7.7032776,723.0,2018-08-15T09:00,20.1,55,10.8,18.5,0.0,0.0,0.0,0.0,0,1018.7,937.0,0,0,0,0,0.3,1.05,12.1,15.6,53,56,30.2,20.4,21.5,20.6,16.3,0.125,0.15,0.225,0.325,1,3600.0,464.0,369.0,95.0,724.7,464.0,678.9,538.6,428.3,110.3,724.7,538.6,788.1
469,469,41.01933,-7.7032776,723.0,2018-08-15T10:00,22.4,45,9.8,21.1,0.0,0.0,0.0,0.0,0,1018.3,937.3,0,0,0,0,0.43,1.49,12.0,15.5,57,59,31.0,22.4,21.5,20.6,16.3,0.125,0.15,0.225,0.325,1,3600.0,642.0,533.0,109.0,804.0,642.0,883.9,706.1,586.3,119.9,804.0,706.1,972.3
468,468,41.01933,-7.7032776,723.0,2018-08-15T11:00,24.6,37,9.0,23.9,0.0,0.0,0.0,0.0,0,1017.8,937.4,0,0,0,0,0.55,1.94,11.8,15.0,59,60,31.0,24.6,21.6,20.6,16.3,0.125,0.15,0.224,0.325,1,3600.0,783.0,665.0,118.0,850.1,783.0,1043.2,829.2,704.2,125.0,850.1,829.2,1104.7
467,467,41.01933,-7.7032776,723.0,2018-08-15T12:00,26.1,34,8.9,26.3,0.0,0.0,0.0,0.0,0,1017.3,937.3,0,0,0,0,0.62,2.24,9.3,11.5,54,58,30.6,26.6,21.7,20.6,16.4,0.126,0.151,0.226,0.325,1,3600.0,876.0,753.0,123.0,876.4,876.0,1145.7,899.3,773.0,126.3,876.4,899.3,1176.2
466,466,41.01933,-7.7032776,723.0,2018-08-15T13:00,27.7,30,8.6,28.6,0.0,0.0,0.0,0.0,0,1016.8,937.3,0,0,0,0,0.65,2.6,6.4,7.4,43,47,25.9,28.6,22.0,20.6,16.4,0.126,0.151,0.226,0.325,1,3600.0,905.0,781.0,124.0,879.2,905.0,1184.6,903.0,779.3,123.7,879.2,903.0,1182.0
465,465,41.01933,-7.7032776,723.0,2018-08-15T14:00,28.7,29,8.7,29.4,0.0,0.0,0.0,0.0,0,1016.2,936.9,0,0,0,0,0.64,2.81,6.2,6.9,10,9,21.6,30.1,22.3,20.6,16.4,0.126,0.151,0.225,0.325,1,3600.0,879.0,757.0,122.0,872.4,879.0,1157.1,852.0,733.7,118.3,872.4,852.0,1121.6
464,464,41.01933,-7.7032776,723.0,2018-08-15T15:00,29.3,28,8.8,29.2,0.0,0.0,0.0,0.0,0,1015.5,936.4,0,0,0,0,0.6,2.94,8.3,9.5,355,351,23.0,31.0,22.6,20.6,16.4,0.126,0.15,0.225,0.325,1,3600.0,796.0,678.0,118.0,848.8,796.0,1065.2,746.6,636.0,110.7,848.8,746.6,999.1
463,463,41.01933,-7.7032776,723.0,2018-08-15T16:00,29.3,27,8.4,28.0,0.0,0.0,0.0,0.0,0,1014.9,935.9,0,0,0,0,0.53,2.97,10.2,12.5,350,348,25.6,31.3,22.9,20.6,16.4,0.125,0.15,0.225,0.325,1,3600.0,663.0,553.0,110.0,806.0,663.0,914.9,596.3,497.4,98.9,806.0,596.3,822.9
462,462,41.01933,-7.7032776,723.0,2018-08-15T17:00,28.8,26,7.4,26.3,0.0,0.0,0.0,0.0,0,1014.7,935.6,0,0,0,0,0.42,2.92,12.0,15.4,339,339,28.1,31.0,23.2,20.6,16.4,0.125,0.15,0.225,0.325,1,3600.0,492.0,395.0,97.0,735.0,492.0,716.7,415.3,333.4,81.9,735.0,415.3,604.9
461,461,41.01933,-7.7032776,723.0,2018-08-15T18:00,27.3,35,10.4,25.5,0.0,0.0,0.0,0.0,0,1014.6,935.1,0,0,0,0,0.29,2.37,13.1,18.0,323,323,28.8,30.0,23.5,20.6,16.4,0.125,0.15,0.225,0.325,1,3600.0,300.0,223.0,77.0,614.5,300.0,483.9,223.2,165.9,57.3,614.5,223.2,360.0
460,460,41.01933,-7.7032776,723.0,2018-08-15T19:00,24.7,50,13.7,24.5,0.0,0.0,0.0,0.0,0,1015.0,934.8,0,0,0,1,0.12,1.55,9.2,18.4,312,310,28.8,28.5,23.7,20.6,16.4,0.125,0.15,0.224,0.325,1,3600.0,116.0,69.0,47.0,395.9,116.0,232.5,52.3,31.1,21.2,357.2,52.3,104.9
459,459,41.01933,-7.7032776,723.0,2018-08-15T20:00,21.8,61,13.9,22.1,0.0,0.0,0.0,0.0,0,1015.5,934.5,0,0,0,1,0.05,1.02,6.0,16.2,287,302,20.9,26.5,23.8,20.6,16.4,0.125,0.15,0.224,0.325,0,0.0,7.0,2.0,5.0,26.5,7.0,42.4,0.0,0.0,0.0,0.0,0.0,0.0
458,458,41.01933,-7.7032776,723.0,2018-08-15T21:00,20.3,66,13.9,20.6,0.0,0.0,0.0,0.0,0,1016.0,934.6,0,0,0,0,0.02,0.8,6.8,13.9,273,295,15.1,24.8,23.8,20.6,16.4,0.125,0.15,0.224,0.325,0,0.0,0.0,0.0,0.0,0.0,0.0,0.0,0.0,0.0,0.0,0.0,0.0,0.0
457,457,41.01933,-7.7032776,723.0,2018-08-15T22:00,19.5,70,13.8,19.7,0.0,0.0,0.0,0.0,0,1016.1,934.5,0,0,0,0,0.02,0.69,6.8,12.8,267,302,14.8,23.4,23.8,20.6,16.4,0.125,0.15,0.224,0.325,0,0.0,0.0,0.0,0.0,0.0,0.0,0.0,0.0,0.0,0.0,0.0,0.0,0.0
456,456,41.01933,-7.7032776,723.0,2018-08-15T23:00,19.1,72,13.9,19.6,0.0,0.0,0.0,0.0,0,1016.2,934.5,0,0,0,0,0.01,0.62,5.4,11.0,250,302,14.4,22.4,23.7,20.6,16.4,0.125,0.15,0.224,0.325,0,0.0,0.0,0.0,0.0,0.0,0.0,0.0,0.0,0.0,0.0,0.0,0.0,0.0
455,455,41.01933,-7.7032776,723.0,2018-08-16T00:00,18.8,75,14.4,19.3,0.0,0.0,0.0,0.0,0,1016.5,934.7,0,0,0,0,0.01,0.54,6.4,10.0,243,296,12.2,21.0,23.6,20.6,16.4,0.124,0.149,0.224,0.325,0,0.0,0.0,0.0,0.0,0.0,0.0,0.0,0.0,0.0,0.0,0.0,0.0,0.0
454,454,41.01933,-7.7032776,723.0,2018-08-16T01:00,18.1,78,14.2,18.6,0.0,0.0,0.0,0.0,0,1016.3,934.3,0,0,0,0,0.0,0.46,5.7,9.8,252,298,14.4,20.4,23.4,20.6,16.4,0.124,0.149,0.224,0.325,0,0.0,0.0,0.0,0.0,0.0,0.0,0.0,0.0,0.0,0.0,0.0,0.0,0.0
453,453,41.01933,-7.7032776,723.0,2018-08-16T02:00,17.4,80,14.0,17.8,0.0,0.0,0.0,0.0,0,1016.0,933.8,0,0,0,0,0.0,0.39,6.0,7.8,253,304,12.2,19.8,23.2,20.6,16.4,0.124,0.149,0.224,0.324,0,0.0,0.0,0.0,0.0,0.0,0.0,0.0,0.0,0.0,0.0,0.0,0.0,0.0
452,452,41.01933,-7.7032776,723.0,2018-08-16T03:00,17.2,79,13.6,17.4,0.0,0.0,0.0,0.0,0,1015.7,933.5,0,0,0,0,0.0,0.4,6.4,8.2,254,308,12.2,19.3,23.0,20.6,16.4,0.124,0.149,0.224,0.324,0,0.0,0.0,0.0,0.0,0.0,0.0,0.0,0.0,0.0,0.0,0.0,0.0,0.0
451,451,41.01933,-7.7032776,723.0,2018-08-16T04:00,17.4,76,13.2,17.4,0.0,0.0,0.0,0.0,0,1015.6,933.5,0,0,0,0,0.01,0.47,6.6,9.4,261,310,13.0,18.8,22.8,20.6,16.4,0.124,0.149,0.224,0.324,0,0.0,0.0,0.0,0.0,0.0,0.0,0.0,0.0,0.0,0.0,0.0,0.0,0.0
450,450,41.01933,-7.7032776,723.0,2018-08-16T05:00,17.9,71,12.6,17.7,0.0,0.0,0.0,0.0,0,1015.5,933.5,0,0,0,0,0.01,0.59,6.8,9.9,267,314,13.7,18.3,22.6,20.6,16.4,0.124,0.149,0.224,0.324,0,0.0,0.0,0.0,0.0,0.0,0.0,0.0,0.0,0.0,0.0,0.0,0.0,0.0
449,449,41.01933,-7.7032776,723.0,2018-08-16T06:00,18.6,65,11.9,18.3,0.0,0.0,0.0,0.0,0,1015.8,934.0,0,0,0,0,0.04,0.75,5.5,8.9,259,317,13.7,17.8,22.4,20.6,16.4,0.124,0.149,0.224,0.324,1,0.0,2.0,0.0,2.0,0.0,2.0,19.5,6.0,0.0,6.0,0.0,1.5,58.7
448,448,41.01933,-7.7032776,723.0,2018-08-16T07:00,20.2,60,12.2,20.5,0.0,0.0,0.0,0.0,0,1016.2,934.8,0,0,0,0,0.05,0.94,2.4,5.4,243,323,11.9,18.4,22.2,20.6,16.4,0.124,0.149,0.224,0.324,1,3055.23,87.0,48.0,39.0,311.9,87.0,186.0,146.7,81.0,65.8,344.3,132.9,313.7
447,447,41.01933,-7.7032776,723.0,2018-08-16T08:00,22.7,50,11.7,23.0,0.0,0.0,0.0,0.0,0,1016.4,935.6,0,0,0,0,0.15,1.39,1.4,2.1,360,329,9.0,20.0,22.0,20.6,16.4,0.124,0.149,0.224,0.324,1,3600.0,264.0,190.0,74.0,577.5,264.0,438.8,337.8,243.1,94.7,577.5,337.8,561.5
446,446,41.01933,-7.7032776,723.0,2018-08-16T09:00,24.8,41,10.6,24.5,0.0,0.0,0.0,0.0,0,1016.2,936.0,0,0,0,0,0.3,1.84,3.3,3.5,354,336,13.3,22.2,22.0,20.6,16.4,0.124,0.149,0.224,0.324,1,3600.0,458.0,364.0,94.0,718.3,458.0,675.9,532.0,422.8,109.2,718.3,532.0,785.2
445,445,41.01933,-7.7032776,723.0,2018-08-16T10:00,26.4,36,10.3,26.0,0.0,0.0,0.0,0.0,0,1016.5,936.6,0,0,0,0,0.46,2.18,6.8,8.4,342,335,20.9,24.5,22.0,20.6,16.4,0.124,0.149,0.224,0.324,1,3600.0,635.0,528.0,107.0,799.3,635.0,881.2,698.7,581.0,117.7,799.3,698.7,969.5
444,444,41.01933,-7.7032776,723.0,2018-08-16T11:00,27.6,33,9.8,28.1,0.0,0.0,0.0,0.0,0,1016.3,936.8,0,0,0,0,0.56,2.48,5.7,6.8,342,335,21.6,26.8,22.2,20.6,16.4,0.124,0.149,0.223,0.324,1,3600.0,775.0,657.0,118.0,842.3,775.0,1040.5,820.8,695.8,125.0,842.3,820.8,1102.0
443,443,41.01933,-7.7032776,723.0,2018-08-16T12:00,28.9,29,9.1,29.4,0.0,0.0,0.0,0.0,0,1015.8,936.6,0,0,0,0,0.65,2.82,7.9,9.5,313,307,21.2,28.6,22.3,20.6,16.4,0.126,0.15,0.225,0.324,1,3600.0,866.0,744.0,122.0,868.3,866.0,1143.0,889.0,763.8,125.2,868.3,889.0,1173.4
442,442,41.01933,-7.7032776,723.0,2018-08-16T13:00,29.2,30,10.0,29.4,0.0,0.0,0.0,0.0,0,1015.7,936.6,0,0,0,0,0.69,2.81,12.0,15.2,309,306,31.0,30.2,22.6,20.6,16.4,0.126,0.15,0.225,0.324,1,3600.0,903.0,779.0,124.0,879.4,903.0,1181.7,900.9,777.2,123.7,879.4,900.9,1179.0
441,441,41.01933,-7.7032776,723.0,2018-08-16T14:00,28.8,33,11.1,28.8,0.0,0.0,0.0,0.0,0,1015.6,936.4,0,0,0,0,0.67,2.63,14.1,18.0,310,307,34.9,31.2,22.9,20.6,16.4,0.126,0.15,0.225,0.324,1,3600.0,875.0,752.0,123.0,869.3,875.0,1153.9,847.9,728.7,119.2,869.3,847.9,1118.2
440,440,41.01933,-7.7032776,723.0,2018-08-16T15:00,28.0,37,12.1,27.6,0.0,0.0,0.0,0.0,0,1015.4,936.0,0,0,0,1,0.61,2.37,16.1,21.3,310,309,38.5,31.6,23.2,20.6,16.4,0.126,0.15,0.224,0.324,1,3600.0,793.0,675.0,118.0,848.2,793.0,1061.6,743.5,632.9,110.6,848.2,743.5,995.3
439,439,41.01933,-7.7032776,723.0,2018-08-16T16:00,27.1,43,13.4,26.4,0.0,0.0,0.0,0.0,0,1015.5,935.9,3,0,1,8,0.51,2.05,16.1,21.5,309,308,39.6,31.5,23.6,20.6,16.4,0.125,0.15,0.224,0.324,1,3600.0,661.0,551.0,110.0,806.9,661.0,910.9,594.0,495.2,98.9,806.9,594.0,818.6
438,438,41.01933,-7.7032776,723.0,2018-08-16T17:00,26.5,47,14.3,25.6,0.0,0.0,0.0,0.0,0,1015.3,935.6,3,0,0,11,0.39,1.83,15.6,21.0,310,309,38.2,30.9,23.8,20.7,16.4,0.125,0.15,0.224,0.324,1,3600.0,485.0,383.0,102.0,717.4,485.0,712.2,408.7,322.7,86.0,717.4,408.7,600.2
437,437,41.01933,-7.7032776,723.0,2018-08-16T18:00,25.4,52,14.7,24.6,0.0,0.0,0.0,0.0,0,1015.3,935.3,0,0,0,0,0.25,1.57,15.6,21.7,310,310,36.0,29.7,24.1,20.7,16.4,0.125,0.149,0.224,0.324,1,3600.0,286.0,201.0,85.0,559.9,286.0,478.9,211.9,148.9,63.0,559.9,211.9,354.8
436,436,41.01933,-7.7032776,723.0,2018-08-16T19:00,23.2,61,15.2,23.0,0.0,0.0,0.0,0.0,0,1015.5,934.9,0,0,0,0,0.12,1.11,12.8,22.4,292,296,34.9,28.2,24.2,20.7,16.4,0.125,0.149,0.224,0.324,1,3600.0,112.0,65.0,47.0,382.0,112.0,227.0,48.9,28.4,20.5,325.9,48.9,99.2
435,435,41.01933,-7.7032776,723.0,2018-08-16T20:00,21.5,67,15.2,21.9,0.0,0.0,0.0,0.0,0,1016.1,935.0,0,0,0,0,0.06,0.84,9.4,21.9,310,319,29.9,26.4,24.3,20.7,16.5,0.125,0.149,0.224,0.324,0,0.0,6.0,2.0,4.0,27.2,6.0,39.6,0.0,0.0,0.0,0.0,0.0,0.0
434,434,41.01933,-7.7032776,723.0,2018-08-16T21:00,20.7,72,15.5,21.4,0.0,0.0,0.0,0.0,0,1017.2,935.8,0,0,0,0,0.02,0.68,7.8,19.5,347,358,23.0,25.0,24.3,20.7,16.5,0.125,0.149,0.224,0.324,0,0.0,0.0,0.0,0.0,0.0,0.0,0.0,0.0,0.0,0.0,0.0,0.0,0.0
433,433,41.01933,-7.7032776,723.0,2018-08-16T22:00,19.6,73,14.6,20.2,0.0,0.0,0.0,0.0,0,1017.6,935.9,0,0,0,0,0.01,0.62,6.1,15.8,28,27,19.1,23.7,24.2,20.7,16.5,0.125,0.149,0.224,0.324,0,0.0,0.0,0.0,0.0,0.0,0.0,0.0,0.0,0.0,0.0,0.0,0.0,0.0
432,432,41.01933,-7.7032776,723.0,2018-08-16T23:00,18.7,69,12.8,18.5,0.0,0.0,0.0,0.0,0,1018.1,936.1,0,0,0,0,0.02,0.67,7.2,18.3,37,36,18.4,22.6,24.1,20.7,16.5,0.125,0.15,0.224,0.324,0,0.0,0.0,0.0,0.0,0.0,0.0,0.0,0.0,0.0,0.0,0.0,0.0,0.0
431,431,41.01933,-7.7032776,723.0,2018-08-17T00:00,17.1,77,12.9,16.8,0.0,0.0,0.0,0.0,0,1018.1,935.7,0,0,0,0,0.01,0.46,8.4,14.5,25,23,18.4,21.2,24.0,20.7,16.5,0.125,0.149,0.224,0.324,0,0.0,0.0,0.0,0.0,0.0,0.0,0.0,0.0,0.0,0.0,0.0,0.0,0.0
430,430,41.01933,-7.7032776,723.0,2018-08-17T01:00,16.1,74,11.4,15.5,0.0,0.0,0.0,0.0,0,1018.2,935.5,9,0,0,30,0.01,0.48,6.7,14.9,36,37,19.8,20.3,23.8,20.7,16.5,0.125,0.149,0.224,0.324,0,0.0,0.0,0.0,0.0,0.0,0.0,0.0,0.0,0.0,0.0,0.0,0.0,0.0
429,429,41.01933,-7.7032776,723.0,2018-08-17T02:00,15.6,73,10.7,14.8,0.0,0.0,0.0,0.0,0,1018.3,935.5,0,0,0,0,0.01,0.49,7.1,15.0,30,42,18.0,19.5,23.6,20.7,16.5,0.125,0.149,0.224,0.324,0,0.0,0.0,0.0,0.0,0.0,0.0,0.0,0.0,0.0,0.0,0.0,0.0,0.0
428,428,41.01933,-7.7032776,723.0,2018-08-17T03:00,15.4,75,10.9,14.6,0.0,0.0,0.0,0.0,0,1018.7,935.8,0,0,0,0,0.01,0.44,6.8,16.1,32,42,19.1,19.0,23.4,20.7,16.5,0.125,0.149,0.224,0.324,0,0.0,0.0,0.0,0.0,0.0,0.0,0.0,0.0,0.0,0.0,0.0,0.0,0.0
427,427,41.01933,-7.7032776,723.0,2018-08-17T04:00,15.2,77,11.2,14.6,0.0,0.0,0.0,0.0,0,1018.5,935.5,10,0,0,35,0.0,0.39,6.7,16.4,36,50,19.1,18.5,23.1,20.7,16.5,0.125,0.149,0.224,0.324,0,0.0,0.0,0.0,0.0,0.0,0.0,0.0,0.0,0.0,0.0,0.0,0.0,0.0
426,426,41.01933,-7.7032776,723.0,2018-08-17T05:00,15.5,76,11.3,14.8,0.0,0.0,0.0,0.0,0,1018.7,935.8,5,0,0,16,0.01,0.42,7.3,18.6,33,47,20.5,18.1,22.9,20.7,16.5,0.125,0.149,0.224,0.324,0,0.0,0.0,0.0,0.0,0.0,0.0,0.0,0.0,0.0,0.0,0.0,0.0,0.0
425,425,41.01933,-7.7032776,723.0,2018-08-17T06:00,15.1,79,11.4,14.6,0.0,0.0,0.0,0.0,1,1019.2,936.2,29,0,0,97,0.03,0.37,6.3,17.8,31,47,21.6,17.8,22.6,20.7,16.5,0.125,0.149,0.224,0.324,1,0.0,2.0,0.0,2.0,0.0,2.0,17.6,6.2,0.0,6.2,0.0,1.4,54.7
424,424,41.01933,-7.7032776,723.0,2018-08-17T07:00,16.8,71,11.5,15.9,0.0,0.0,0.0,0.0,1,1019.6,937.0,30,0,0,99,0.06,0.56,9.7,16.7,39,53,24.1,18.2,22.4,20.7,16.5,0.125,0.149,0.224,0.324,1,2999.2,79.0,35.0,44.0,229.5,79.0,182.2,134.5,59.6,74.9,256.3,120.4,310.1
423,423,41.01933,-7.7032776,723.0,2018-08-17T08:00,18.2,65,11.4,16.7,0.0,0.0,0.0,0.0,1,1019.6,937.3,30,0,0,100,0.15,0.74,13.0,18.1,51,55,31.3,19.1,22.2,20.7,16.5,0.125,0.149,0.224,0.324,1,3600.0,219.0,95.0,124.0,291.1,219.0,435.5,280.8,121.8,159.0,291.1,280.8,558.3
422,422,41.01933,-7.7032776,723.0,2018-08-17T09:00,19.5,59,11.3,17.7,0.0,0.0,0.0,0.0,1,1019.9,938.0,29,0,0,97,0.24,0.93,15.3,20.3,51,53,36.4,20.4,22.1,20.7,16.5,0.125,0.149,0.224,0.324,1,3600.0,346.0,149.0,197.0,295.5,346.0,672.9,402.2,173.2,229.0,295.5,402.2,782.3
421,421,41.01933,-7.7032776,723.0,2018-08-17T10:00,20.6,55,11.4,18.6,0.0,0.0,0.0,0.0,1,1019.9,938.3,25,0,0,82,0.31,1.08,16.8,22.6,55,56,39.6,21.7,22.0,20.7,16.5,0.125,0.149,0.224,0.324,1,3600.0,435.0,129.0,306.0,196.0,435.0,878.3,478.8,142.0,336.8,196.0,478.8,966.8
420,420,41.01933,-7.7032776,723.0,2018-08-17T11:00,22.9,49,11.6,21.5,0.0,0.0,0.0,0.0,0,1019.8,938.8,7,0,0,24,0.46,1.42,16.9,22.6,61,61,41.0,23.6,22.0,20.7,16.5,0.125,0.149,0.223,0.324,1,3600.0,671.0,424.0,247.0,545.2,671.0,1037.7,710.8,449.1,261.6,545.2,710.8,1099.2
419,419,41.01933,-7.7032776,723.0,2018-08-17T12:00,24.3,46,11.9,24.2,0.0,0.0,0.0,0.0,1,1019.2,938.6,22,0,0,73,0.58,1.64,15.3,20.0,56,56,41.0,25.5,22.1,20.7,16.5,0.127,0.151,0.225,0.324,1,3600.0,848.0,712.0,136.0,833.3,848.0,1140.2,870.6,731.0,139.6,833.3,870.6,1170.5
418,418,41.01933,-7.7032776,723.0,2018-08-17T13:00,25.7,42,11.9,25.6,0.0,0.0,0.0,0.0,1,1018.5,938.3,25,0,9,65,0.6,1.9,14.9,19.1,53,54,37.4,27.2,22.3,20.7,16.5,0.126,0.151,0.225,0.324,1,3600.0,840.0,616.0,224.0,697.4,840.0,1178.7,838.0,614.5,223.5,697.4,838.0,1175.9
417,417,41.01933,-7.7032776,723.0,2018-08-17T14:00,26.7,40,11.8,26.8,0.0,0.0,0.0,0.0,1,1017.9,938.0,23,0,0,76,0.6,2.12,13.1,16.7,53,53,36.7,28.5,22.5,20.7,16.5,0.126,0.15,0.224,0.324,1,3600.0,822.0,619.0,203.0,717.9,822.0,1150.7,796.4,599.7,196.7,717.9,796.4,1114.8
416,416,41.01933,-7.7032776,723.0,2018-08-17T15:00,27.3,38,11.6,27.3,0.0,0.0,0.0,0.0,1,1017.1,937.4,26,0,0,87,0.58,2.25,11.8,15.2,52,54,33.1,29.6,22.8,20.7,16.5,0.126,0.15,0.224,0.324,1,3600.0,774.0,641.0,133.0,808.6,774.0,1058.0,725.4,600.7,124.6,808.6,725.4,991.5
415,415,41.01933,-7.7032776,723.0,2018-08-17T16:00,27.4,37,11.3,26.8,0.0,0.0,0.0,0.0,1,1016.5,936.9,25,0,0,84,0.49,2.31,10.4,13.2,46,47,30.6,30.0,23.0,20.7,16.5,0.126,0.15,0.224,0.324,1,3600.0,644.0,527.0,117.0,775.6,644.0,906.8,578.3,473.2,105.1,775.6,578.3,814.3
414,414,41.01933,-7.7032776,723.0,2018-08-17T17:00,27.3,36,10.9,26.1,0.0,0.0,0.0,0.0,1,1016.3,936.7,21,0,0,71,0.37,2.32,9.6,12.4,34,36,26.6,29.9,23.3,20.7,16.5,0.126,0.15,0.224,0.324,1,3600.0,475.0,374.0,101.0,705.4,475.0,707.6,399.6,314.6,85.0,705.4,399.6,595.3
413,413,41.01933,-7.7032776,723.0,2018-08-17T18:00,26.6,36,10.4,25.4,0.0,0.0,0.0,0.0,0,1015.9,936.1,16,0,0,55,0.25,2.22,9.3,12.4,28,30,23.8,29.1,23.5,20.7,16.5,0.126,0.15,0.224,0.324,1,3600.0,284.0,201.0,83.0,566.2,284.0,473.8,209.4,148.2,61.2,566.2,209.4,349.4
412,412,41.01933,-7.7032776,723.0,2018-08-17T19:00,24.5,45,11.7,24.2,0.0,0.0,0.0,0.0,0,1015.9,935.6,10,0,0,35,0.09,1.69,5.5,13.0,11,19,20.9,27.7,23.7,20.7,16.5,0.126,0.15,0.224,0.324,1,3549.46,106.0,58.0,48.0,346.8,106.0,221.4,44.7,24.5,20.2,280.7,44.4,93.4
411,411,41.01933,-7.7032776,723.0,2018-08-17T20:00,22.0,51,11.5,21.1,0.0,0.0,0.0,0.0,0,1016.4,935.4,4,0,0,15,0.08,1.28,9.1,13.6,351,11,16.6,25.9,23.8,20.7,16.5,0.126,0.15,0.224,0.324,0,0.0,5.0,1.0,4.0,14.0,5.0,36.7,0.0,0.0,0.0,0.0,0.0,0.0
410,410,41.01933,-7.7032776,723.0,2018-08-17T21:00,22.7,43,9.6,21.2,0.0,0.0,0.0,0.0,0,1017.7,936.8,8,0,0,27,0.07,1.56,9.8,22.2,36,42,27.4,24.7,23.8,20.7,16.5,0.126,0.15,0.224,0.324,0,0.0,0.0,0.0,0.0,0.0,0.0,0.0,0.0,0.0,0.0,0.0,0.0,0.0
409,409,41.01933,-7.7032776,723.0,2018-08-17T22:00,20.0,56,10.8,19.2,0.0,0.0,0.0,0.0,0,1018.4,936.7,11,0,0,36,0.03,1.04,6.9,16.9,43,50,25.2,23.5,23.7,20.7,16.5,0.126,0.15,0.224,0.324,0,0.0,0.0,0.0,0.0,0.0,0.0,0.0,0.0,0.0,0.0,0.0,0.0,0.0
408,408,41.01933,-7.7032776,723.0,2018-08-17T23:00,20.6,52,10.3,19.2,0.0,0.0,0.0,0.0,1,1019.0,937.4,25,0,0,83,0.06,1.17,9.8,23.9,66,69,25.2,22.5,23.7,20.8,16.5,0.126,0.15,0.224,0.324,0,0.0,0.0,0.0,0.0,0.0,0.0,0.0,0.0,0.0,0.0,0.0,0.0,0.0
407,407,41.01933,-7.7032776,723.0,2018-08-18T00:00,20.2,51,9.7,18.0,0.0,0.0,0.0,0.0,1,1019.8,938.1,24,0,0,79,0.08,1.16,14.2,27.7,66,69,34.6,21.5,23.6,20.8,16.5,0.128,0.151,0.225,0.324,0,0.0,0.0,0.0,0.0,0.0,0.0,0.0,0.0,0.0,0.0,0.0,0.0,0.0
406,406,41.01933,-7.7032776,723.0,2018-08-18T01:00,18.5,57,9.9,16.3,0.0,0.0,0.0,0.0,1,1020.3,938.1,22,0,0,75,0.07,0.91,14.8,27.2,56,62,34.9,21.0,23.5,20.8,16.5,0.128,0.151,0.225,0.324,0,0.0,0.0,0.0,0.0,0.0,0.0,0.0,0.0,0.0,0.0,0.0,0.0,0.0
405,405,41.01933,-7.7032776,723.0,2018-08-18T02:00,17.0,63,9.9,14.9,0.0,0.0,0.0,0.0,0,1020.5,937.9,14,0,0,48,0.05,0.72,14.1,25.9,50,58,34.2,20.4,23.3,20.8,16.6,0.128,0.151,0.225,0.324,0,0.0,0.0,0.0,0.0,0.0,0.0,0.0,0.0,0.0,0.0,0.0,0.0,0.0
404,404,41.01933,-7.7032776,723.0,2018-08-18T03:00,15.7,67,9.6,13.7,0.0,0.0,0.0,0.0,0,1020.9,937.9,0,0,0,0,0.04,0.59,13.0,24.4,46,56,32.8,19.8,23.1,20.8,16.6,0.128,0.151,0.225,0.324,0,0.0,0.0,0.0,0.0,0.0,0.0,0.0,0.0,0.0,0.0,0.0,0.0,0.0
403,403,41.01933,-7.7032776,723.0,2018-08-18T04:00,14.7,69,9.1,12.6,0.0,0.0,0.0,0.0,0,1021.0,937.7,0,0,0,1,0.03,0.51,12.3,23.6,50,59,31.0,19.1,22.9,20.8,16.6,0.128,0.151,0.225,0.324,0,0.0,0.0,0.0,0.0,0.0,0.0,0.0,0.0,0.0,0.0,0.0,0.0,0.0
402,402,41.01933,-7.7032776,723.0,2018-08-18T05:00,13.8,72,8.8,11.8,0.0,0.0,0.0,0.0,0,1021.0,937.4,1,0,0,2,0.02,0.44,11.2,22.6,50,61,29.5,18.5,22.7,20.8,16.6,0.128,0.151,0.225,0.324,0,0.0,0.0,0.0,0.0,0.0,0.0,0.0,0.0,0.0,0.0,0.0,0.0,0.0
401,401,41.01933,-7.7032776,723.0,2018-08-18T06:00,13.3,72,8.3,11.4,0.0,0.0,0.0,0.0,0,1021.3,937.6,0,0,0,0,0.05,0.43,10.3,21.1,54,65,27.0,17.9,22.5,20.8,16.6,0.128,0.151,0.225,0.324,1,0.0,1.0,0.0,1.0,0.0,1.0,15.5,3.3,0.0,3.3,0.0,0.7,50.7
400,400,41.01933,-7.7032776,723.0,2018-08-18T07:00,14.2,65,7.6,11.7,0.0,0.0,0.0,0.0,0,1021.5,938.0,0,0,0,0,0.07,0.58,13.0,19.3,56,63,30.2,17.9,22.3,20.8,16.6,0.128,0.151,0.225,0.324,1,2942.99,81.0,44.0,37.0,291.1,81.0,178.4,139.2,75.6,63.6,329.2,123.1,306.5
399,399,41.01933,-7.7032776,723.0,2018-08-18T08:00,15.6,57,7.2,12.8,0.0,0.0,0.0,0.0,0,1021.5,938.4,0,0,0,0,0.16,0.75,14.2,19.0,60,63,33.5,18.6,22.1,20.8,16.6,0.128,0.151,0.225,0.324,1,3600.0,257.0,182.0,75.0,562.3,257.0,432.1,330.2,233.8,96.4,562.3,330.2,555.1
398,398,41.01933,-7.7032776,723.0,2018-08-18T09:00,17.5,51,7.2,14.7,0.0,0.0,0.0,0.0,0,1021.3,938.7,0,0,0,0,0.28,0.98,14.2,19.0,60,63,34.6,19.9,21.9,20.8,16.6,0.128,0.151,0.225,0.324,1,3600.0,449.0,355.0,94.0,707.5,449.0,669.8,522.4,413.0,109.4,707.5,522.4,779.3
397,397,41.01933,-7.7032776,723.0,2018-08-18T10:00,19.6,45,7.3,17.1,0.0,0.0,0.0,0.0,0,1021.1,939.1,0,0,0,0,0.4,1.25,14.7,19.0,59,61,36.0,21.7,21.9,20.8,16.6,0.128,0.151,0.224,0.324,1,3600.0,624.0,516.0,108.0,786.8,624.0,875.4,687.1,568.2,118.9,786.8,687.1,964.0
396,396,41.01933,-7.7032776,723.0,2018-08-18T11:00,21.7,39,7.3,20.0,0.0,0.0,0.0,0.0,0,1020.7,939.3,0,0,0,0,0.5,1.57,14.4,18.7,58,60,36.4,23.5,21.9,20.8,16.6,0.128,0.151,0.224,0.324,1,3600.0,764.0,646.0,118.0,833.3,764.0,1034.9,809.4,684.4,125.0,833.3,809.4,1096.4
395,395,41.01933,-7.7032776,723.0,2018-08-18T12:00,23.1,37,7.4,21.9,0.0,0.0,0.0,0.0,0,1020.0,939.0,0,0,0,0,0.58,1.79,14.5,18.4,60,62,36.4,25.1,22.0,20.8,16.6,0.131,0.154,0.227,0.324,1,3600.0,854.0,731.0,123.0,858.0,854.0,1137.3,876.7,750.5,126.3,858.0,876.7,1167.6
394,394,41.01933,-7.7032776,723.0,2018-08-18T13:00,24.7,32,6.9,23.9,0.0,0.0,0.0,0.0,0,1019.5,939.0,0,0,0,0,0.63,2.12,13.0,16.8,56,59,35.3,26.8,22.1,20.8,16.6,0.131,0.153,0.226,0.324,1,3600.0,890.0,765.0,125.0,868.7,890.0,1175.7,887.7,763.1,124.7,868.7,887.7,1172.7
393,393,41.01933,-7.7032776,723.0,2018-08-18T14:00,25.9,28,6.3,24.9,0.0,0.0,0.0,0.0,0,1018.6,938.5,12,0,0,40,0.63,2.39,12.4,15.6,54,56,33.5,28.1,22.3,20.8,16.6,0.131,0.153,0.226,0.324,1,3600.0,865.0,742.0,123.0,863.4,865.0,1147.3,837.8,718.7,119.1,863.4,837.8,1111.3
392,392,41.01933,-7.7032776,723.0,2018-08-18T15:00,26.8,26,5.4,25.3,0.0,0.0,0.0,0.0,0,1017.9,938.0,19,0,0,64,0.59,2.62,11.0,13.9,52,53,31.7,29.1,22.6,20.8,16.6,0.13,0.153,0.226,0.324,1,3600.0,784.0,666.0,118.0,843.4,784.0,1054.2,734.4,623.9,110.5,843.4,734.4,987.5
391,391,41.01933,-7.7032776,723.0,2018-08-18T16:00,27.1,23,4.0,24.7,0.0,0.0,0.0,0.0,0,1017.5,937.7,18,0,0,61,0.5,2.77,10.5,13.8,49,51,28.4,29.5,22.9,20.8,16.6,0.13,0.153,0.226,0.324,1,3600.0,647.0,524.0,123.0,775.1,647.0,902.6,580.5,470.1,110.4,775.1,580.5,809.8
390,390,41.01933,-7.7032776,723.0,2018-08-18T17:00,27.0,19,1.8,23.6,0.0,0.0,0.0,0.0,0,1017.5,937.7,9,0,0,29,0.4,2.87,10.7,14.3,45,47,27.0,29.2,23.1,20.8,16.6,0.13,0.153,0.225,0.324,1,3600.0,473.0,357.0,116.0,678.1,473.0,702.9,397.3,299.8,97.4,678.1,397.3,590.3
389,389,41.01933,-7.7032776,723.0,2018-08-18T18:00,26.3,20,1.3,23.1,0.0,0.0,0.0,0.0,0,1017.1,937.2,13,0,0,44,0.26,2.75,8.7,13.5,38,42,25.6,28.4,23.3,20.8,16.6,0.13,0.153,0.225,0.323,1,3600.0,292.0,211.0,81.0,601.2,292.0,468.6,214.3,154.9,59.5,601.2,214.3,344.0
388,388,41.01933,-7.7032776,723.0,2018-08-18T19:00,22.7,34,6.0,20.5,0.0,0.0,0.0,0.0,1,1017.1,936.2,27,0,0,91,0.12,1.82,8.0,13.8,27,39,19.8,26.8,23.5,20.8,16.6,0.13,0.152,0.225,0.323,1,3465.72,109.0,64.0,45.0,387.5,109.0,215.7,44.2,26.0,18.2,297.8,43.2,87.5
387,387,41.01933,-7.7032776,723.0,2018-08-18T20:00,22.7,25,1.7,19.6,0.0,0.0,0.0,0.0,1,1017.6,936.7,26,0,0,88,0.12,2.07,8.9,13.5,58,61,18.7,24.8,23.5,20.8,16.6,0.13,0.152,0.225,0.323,0,0.0,5.0,1.0,4.0,14.5,5.0,33.7,0.0,0.0,0.0,0.0,0.0,0.0
386,386,41.01933,-7.7032776,723.0,2018-08-18T21:00,20.8,28,1.8,17.5,0.0,0.0,0.0,0.0,0,1018.2,936.8,19,0,0,63,0.09,1.75,9.7,15.1,90,78,20.2,23.3,23.5,20.8,16.6,0.13,0.152,0.225,0.323,0,0.0,0.0,0.0,0.0,0.0,0.0,0.0,0.0,0.0,0.0,0.0,0.0,0.0
385,385,41.01933,-7.7032776,723.0,2018-08-18T22:00,20.2,28,1.0,16.8,0.0,0.0,0.0,0.0,0,1018.7,937.1,1,0,0,2,0.09,1.7,9.2,15.7,111,79,20.9,21.9,23.4,20.8,16.6,0.13,0.153,0.225,0.323,0,0.0,0.0,0.0,0.0,0.0,0.0,0.0,0.0,0.0,0.0,0.0,0.0,0.0
384,384,41.01933,-7.7032776,723.0,2018-08-18T23:00,18.4,32,1.4,14.8,0.0,0.0,0.0,0.0,0,1018.8,936.7,0,0,0,0,0.1,1.44,11.4,17.7,101,78,23.8,20.8,23.3,20.8,16.6,0.13,0.153,0.225,0.323,0,0.0,0.0,0.0,0.0,0.0,0.0,0.0,0.0,0.0,0.0,0.0,0.0,0.0
383,383,41.01933,-7.7032776,723.0,2018-08-19T00:00,18.8,29,0.4,14.8,0.0,0.0,0.0,0.0,0,1019.1,937.0,2,0,0,5,0.12,1.54,13.1,20.2,82,74,24.8,18.8,23.1,20.8,16.6,0.131,0.154,0.226,0.323,0,0.0,0.0,0.0,0.0,0.0,0.0,0.0,0.0,0.0,0.0,0.0,0.0,0.0
382,382,41.01933,-7.7032776,723.0,2018-08-19T01:00,17.6,30,-0.0,14.1,0.0,0.0,0.0,0.0,0,1019.5,937.1,0,0,0,0,0.08,1.4,9.2,21.7,64,69,28.4,18.3,22.9,20.8,16.6,0.131,0.154,0.226,0.323,0,0.0,0.0,0.0,0.0,0.0,0.0,0.0,0.0,0.0,0.0,0.0,0.0,0.0
381,381,41.01933,-7.7032776,723.0,2018-08-19T02:00,16.9,36,1.8,13.9,0.0,0.0,0.0,0.0,0,1019.8,937.2,0,0,0,0,0.06,1.23,8.0,21.6,54,64,24.1,17.9,22.7,20.8,16.6,0.131,0.154,0.226,0.323,0,0.0,0.0,0.0,0.0,0.0,0.0,0.0,0.0,0.0,0.0,0.0,0.0,0.0
380,380,41.01933,-7.7032776,723.0,2018-08-19T03:00,16.4,44,4.3,13.8,0.0,0.0,0.0,0.0,0,1020.2,937.4,0,0,0,0,0.05,1.04,8.3,22.2,56,63,24.1,17.6,22.4,20.8,16.6,0.131,0.154,0.226,0.323,0,0.0,0.0,0.0,0.0,0.0,0.0,0.0,0.0,0.0,0.0,0.0,0.0,0.0
379,379,41.01933,-7.7032776,723.0,2018-08-19T04:00,15.6,54,6.4,13.5,0.0,0.0,0.0,0.0,0,1020.3,937.3,0,0,0,0,0.04,0.81,8.1,21.7,58,66,24.5,17.3,22.2,20.8,16.6,0.131,0.154,0.226,0.323,0,0.0,0.0,0.0,0.0,0.0,0.0,0.0,0.0,0.0,0.0,0.0,0.0,0.0
378,378,41.01933,-7.7032776,723.0,2018-08-19T05:00,14.4,63,7.5,12.7,0.0,0.0,0.0,0.0,0,1020.7,937.3,0,0,0,0,0.02,0.6,7.4,20.3,61,67,23.8,16.9,21.9,20.8,16.6,0.131,0.154,0.226,0.323,0,0.0,0.0,0.0,0.0,0.0,0.0,0.0,0.0,0.0,0.0,0.0,0.0,0.0
377,377,41.01933,-7.7032776,723.0,2018-08-19T06:00,13.7,69,8.2,12.2,0.0,0.0,0.0,0.0,0,1020.8,937.2,0,0,0,0,0.04,0.48,6.6,19.4,61,68,22.0,16.5,21.7,20.8,16.6,0.131,0.154,0.226,0.323,1,0.0,1.0,0.0,1.0,0.0,1.0,13.5,3.4,0.0,3.4,0.0,0.6,46.6
376,376,41.01933,-7.7032776,723.0,2018-08-19T07:00,15.5,64,8.7,13.6,0.0,0.0,0.0,0.0,0,1021.2,938.1,0,0,0,0,0.07,0.63,10.2,18.8,58,70,24.8,16.8,21.5,20.8,16.6,0.131,0.154,0.226,0.323,1,2886.64,81.0,45.0,36.0,300.5,81.0,174.6,140.5,78.1,62.5,344.2,122.7,302.9
375,375,41.01933,-7.7032776,723.0,2018-08-19T08:00,16.9,60,9.2,14.9,0.0,0.0,0.0,0.0,0,1021.4,938.7,0,0,0,0,0.16,0.77,12.3,17.4,58,63,30.2,17.9,21.3,20.8,16.6,0.131,0.154,0.226,0.323,1,3600.0,259.0,186.0,73.0,579.5,259.0,428.6,333.4,239.5,94.0,579.5,333.4,551.8
374,374,41.01933,-7.7032776,723.0,2018-08-19T09:00,18.9,54,9.5,16.9,0.0,0.0,0.0,0.0,0,1021.2,939.0,0,0,0,0,0.28,0.99,12.8,17.4,58,60,31.7,19.6,21.1,20.8,16.6,0.131,0.154,0.226,0.323,1,3600.0,452.0,358.0,94.0,717.1,452.0,666.7,526.3,416.9,109.5,717.1,526.3,776.3
373,373,41.01933,-7.7032776,723.0,2018-08-19T10:00,21.1,48,9.6,19.4,0.0,0.0,0.0,0.0,0,1021.2,939.6,0,0,0,0,0.41,1.31,13.8,18.1,57,59,34.2,21.5,21.1,20.8,16.7,0.13,0.154,0.226,0.323,1,3600.0,627.0,520.0,107.0,795.9,627.0,872.5,690.6,572.8,117.9,795.9,690.6,961.1
372,372,41.01933,-7.7032776,723.0,2018-08-19T11:00,23.4,42,9.9,22.5,0.0,0.0,0.0,0.0,0,1020.7,939.7,0,0,0,0,0.52,1.66,14.2,18.4,60,62,35.3,23.6,21.2,20.8,16.7,0.13,0.154,0.226,0.323,1,3600.0,767.0,649.0,118.0,839.8,767.0,1032.0,812.7,687.7,125.0,839.8,812.7,1093.5
371,371,41.01933,-7.7032776,723.0,2018-08-19T12:00,25.6,39,10.6,25.4,0.0,0.0,0.0,0.0,0,1020.1,939.7,0,0,0,0,0.61,2.0,13.7,17.1,63,65,35.3,25.7,21.4,20.8,16.7,0.132,0.153,0.226,0.323,1,3600.0,856.0,733.0,123.0,863.0,856.0,1134.4,878.8,752.5,126.3,863.0,878.8,1164.6
370,370,41.01933,-7.7032776,723.0,2018-08-19T13:00,27.2,36,10.9,27.7,0.0,0.0,0.0,0.0,0,1019.4,939.5,0,0,0,0,0.65,2.31,11.6,14.8,60,64,33.5,27.6,21.6,20.7,16.7,0.132,0.153,0.226,0.323,1,3600.0,889.0,764.0,125.0,870.2,889.0,1172.5,886.6,762.0,124.7,870.2,886.6,1169.4
369,369,41.01933,-7.7032776,723.0,2018-08-19T14:00,28.4,33,10.7,28.8,0.0,0.0,0.0,0.0,0,1018.9,939.4,0,0,0,0,0.65,2.58,10.8,13.4,60,63,30.6,29.1,21.9,20.7,16.7,0.131,0.152,0.225,0.323,1,3600.0,863.0,741.0,122.0,865.2,863.0,1143.9,835.6,717.5,118.1,865.2,835.6,1107.6
368,368,41.01933,-7.7032776,723.0,2018-08-19T15:00,29.1,30,9.8,28.9,0.0,0.0,0.0,0.0,0,1018.3,939.0,0,0,0,0,0.6,2.82,10.5,13.0,59,62,28.4,30.0,22.2,20.7,16.7,0.131,0.152,0.225,0.323,1,3600.0,780.0,663.0,117.0,843.0,780.0,1050.4,730.3,620.8,109.5,843.0,730.3,983.4
367,367,41.01933,-7.7032776,723.0,2018-08-19T16:00,29.4,28,9.0,28.2,0.0,0.0,0.0,0.0,0,1017.9,938.7,0,0,0,0,0.51,2.94,10.0,12.7,52,55,27.4,30.5,22.5,20.7,16.7,0.131,0.152,0.225,0.323,1,3600.0,647.0,539.0,108.0,801.4,647.0,898.3,580.0,483.2,96.8,801.4,580.0,805.3
366,366,41.01933,-7.7032776,723.0,2018-08-19T17:00,29.1,27,8.2,27.2,0.0,0.0,0.0,0.0,0,1017.8,938.5,0,0,0,0,0.4,2.95,9.7,13.0,42,44,25.6,30.3,22.8,20.7,16.7,0.131,0.152,0.225,0.323,1,3600.0,476.0,381.0,95.0,729.0,476.0,698.1,399.1,319.4,79.6,729.0,399.1,585.2
365,365,41.01933,-7.7032776,723.0,2018-08-19T18:00,28.4,27,7.7,26.4,0.0,0.0,0.0,0.0,0,1017.7,938.2,0,0,0,0,0.26,2.81,8.9,13.8,32,33,23.8,29.4,23.1,20.7,16.7,0.131,0.152,0.225,0.323,1,3600.0,284.0,209.0,75.0,602.6,284.0,463.3,207.4,152.7,54.8,602.6,207.4,338.4
364,364,41.01933,-7.7032776,723.0,2018-08-19T19:00,25.2,33,8.0,23.6,0.0,0.0,0.0,0.0,0,1017.6,937.4,0,0,0,0,0.12,2.14,7.1,16.9,15,20,20.2,27.9,23.3,20.7,16.7,0.131,0.152,0.225,0.323,1,3380.76,102.0,59.0,43.0,361.9,102.0,209.9,39.6,22.9,16.7,262.7,38.2,81.5
363,363,41.01933,-7.7032776,723.0,2018-08-19T20:00,22.7,33,5.7,20.0,0.0,0.0,0.0,0.0,0,1018.0,937.1,0,0,0,0,0.13,1.84,11.1,16.3,13,22,20.5,26.0,23.4,20.8,16.7,0.13,0.152,0.225,0.323,0,0.0,4.0,1.0,3.0,15.0,4.0,30.7,0.0,0.0,0.0,0.0,0.0,0.0
362,362,41.01933,-7.7032776,723.0,2018-08-19T21:00,25.0,23,2.4,21.9,0.0,0.0,0.0,0.0,0,1018.7,938.3,0,0,0,0,0.11,2.44,9.0,14.7,37,36,21.2,24.3,23.5,20.8,16.7,0.13,0.152,0.225,0.323,0,0.0,0.0,0.0,0.0,0.0,0.0,0.0,0.0,0.0,0.0,0.0,0.0,0.0
361,361,41.01933,-7.7032776,723.0,2018-08-19T22:00,25.8,20,1.1,22.9,0.0,0.0,0.0,0.0,0,1018.9,938.7,0,0,0,0,0.08,2.65,6.5,12.5,84,51,19.1,22.9,23.4,20.8,16.7,0.13,0.152,0.225,0.323,0,0.0,0.0,0.0,0.0,0.0,0.0,0.0,0.0,0.0,0.0,0.0,0.0,0.0
360,360,41.01933,-7.7032776,723.0,2018-08-19T23:00,24.0,24,2.1,21.1,0.0,0.0,0.0,0.0,0,1019.0,938.3,0,0,0,0,0.09,2.28,8.0,13.8,108,70,18.7,21.7,23.3,20.8,16.7,0.13,0.152,0.225,0.323,0,0.0,0.0,0.0,0.0,0.0,0.0,0.0,0.0,0.0,0.0,0.0,0.0,0.0
359,359,41.01933,-7.7032776,723.0,2018-08-20T00:00,22.4,26,1.7,18.9,0.0,0.0,0.0,0.0,0,1019.5,938.4,0,0,0,0,0.11,2.01,10.9,17.4,82,68,25.6,19.9,23.1,20.8,16.7,0.129,0.15,0.223,0.323,0,0.0,0.0,0.0,0.0,0.0,0.0,0.0,0.0,0.0,0.0,0.0,0.0,0.0
358,358,41.01933,-7.7032776,723.0,2018-08-20T01:00,18.6,35,2.9,15.3,0.0,0.0,0.0,0.0,0,1019.9,937.7,0,0,0,0,0.09,1.39,11.7,20.8,56,60,26.3,19.3,23.0,20.8,16.7,0.129,0.15,0.223,0.323,0,0.0,0.0,0.0,0.0,0.0,0.0,0.0,0.0,0.0,0.0,0.0,0.0,0.0
357,357,41.01933,-7.7032776,723.0,2018-08-20T02:00,17.9,41,4.6,15.0,0.0,0.0,0.0,0.0,0,1020.0,937.6,0,0,0,0,0.07,1.2,10.4,19.7,46,55,25.2,18.8,22.8,20.8,16.7,0.129,0.15,0.223,0.323,0,0.0,0.0,0.0,0.0,0.0,0.0,0.0,0.0,0.0,0.0,0.0,0.0,0.0
356,356,41.01933,-7.7032776,723.0,2018-08-20T03:00,17.3,50,6.7,15.1,0.0,0.0,0.0,0.0,0,1020.1,937.6,0,0,0,0,0.05,1.0,9.2,20.0,45,52,23.4,18.3,22.5,20.8,16.7,0.129,0.15,0.223,0.323,0,0.0,0.0,0.0,0.0,0.0,0.0,0.0,0.0,0.0,0.0,0.0,0.0,0.0
355,355,41.01933,-7.7032776,723.0,2018-08-20T04:00,16.9,63,9.9,15.7,0.0,0.0,0.0,0.0,0,1020.3,937.6,0,0,0,0,0.02,0.7,7.7,20.3,49,57,21.6,18.0,22.3,20.8,16.7,0.129,0.15,0.223,0.323,0,0.0,0.0,0.0,0.0,0.0,0.0,0.0,0.0,0.0,0.0,0.0,0.0,0.0
354,354,41.01933,-7.7032776,723.0,2018-08-20T05:00,15.5,77,11.5,14.7,0.0,0.0,0.0,0.0,0,1020.4,937.4,0,0,0,0,0.01,0.4,8.8,18.7,55,62,21.2,17.6,22.1,20.8,16.7,0.129,0.15,0.223,0.323,0,0.0,0.0,0.0,0.0,0.0,0.0,0.0,0.0,0.0,0.0,0.0,0.0,0.0
353,353,41.01933,-7.7032776,723.0,2018-08-20T06:00,14.7,81,11.4,13.7,0.0,0.0,0.0,0.0,0,1020.7,937.4,0,0,0,0,0.03,0.32,9.9,17.3,57,67,22.7,17.1,21.9,20.8,16.7,0.129,0.15,0.223,0.323,1,0.0,1.0,0.0,1.0,0.0,1.0,11.5,3.7,0.0,3.7,0.0,0.6,42.5
352,352,41.01933,-7.7032776,723.0,2018-08-20T07:00,18.1,63,10.9,17.1,0.0,0.0,0.0,0.0,0,1020.7,938.3,0,0,0,0,0.07,0.78,8.5,16.8,54,67,22.3,17.5,21.7,20.8,16.7,0.129,0.15,0.223,0.323,1,2830.16,79.0,43.0,36.0,289.8,79.0,170.7,138.5,75.4,63.1,336.5,119.3,299.3
351,351,41.01933,-7.7032776,723.0,2018-08-20T08:00,19.6,55,10.4,18.0,0.0,0.0,0.0,0.0,0,1020.9,938.9,0,0,0,0,0.18,1.02,11.6,16.4,60,64,28.1,18.8,21.5,20.8,16.7,0.129,0.15,0.223,0.323,1,3600.0,255.0,183.0,72.0,575.0,255.0,425.2,329.0,236.1,92.9,575.0,329.0,548.5
350,350,41.01933,-7.7032776,723.0,2018-08-20T09:00,21.6,50,10.8,20.0,0.0,0.0,0.0,0.0,0,1020.5,939.1,0,0,0,0,0.31,1.28,12.6,16.8,59,62,31.3,20.6,21.4,20.8,16.7,0.129,0.15,0.223,0.323,1,3600.0,449.0,356.0,93.0,716.8,449.0,663.5,523.2,414.9,108.4,716.8,523.2,773.3
349,349,41.01933,-7.7032776,723.0,2018-08-20T10:00,23.7,45,11.0,22.4,0.0,0.0,0.0,0.0,0,1020.4,939.5,0,0,0,0,0.44,1.61,13.6,17.6,58,59,33.5,22.7,21.4,20.7,16.7,0.128,0.15,0.223,0.323,1,3600.0,625.0,519.0,106.0,797.4,625.0,869.5,688.7,571.9,116.8,797.4,688.7,958.2
348,348,41.01933,-7.7032776,723.0,2018-08-20T11:00,25.6,40,11.1,25.2,0.0,0.0,0.0,0.0,0,1019.9,939.6,0,0,0,0,0.55,1.96,13.4,17.2,59,61,33.8,24.9,21.5,20.7,16.7,0.128,0.149,0.223,0.323,1,3600.0,765.0,649.0,116.0,842.5,765.0,1029.1,810.7,687.8,122.9,842.5,810.7,1090.6
347,347,41.01933,-7.7032776,723.0,2018-08-20T12:00,27.4,36,11.2,27.7,0.0,0.0,0.0,0.0,0,1019.4,939.6,0,0,0,0,0.63,2.31,12.1,15.3,60,63,33.5,26.9,21.7,20.7,16.7,0.129,0.15,0.223,0.323,1,3600.0,855.0,734.0,121.0,866.8,855.0,1131.4,877.8,753.5,124.2,866.8,877.8,1161.5
346,346,41.01933,-7.7032776,723.0,2018-08-20T13:00,28.9,31,10.3,29.3,0.0,0.0,0.0,0.0,0,1018.6,939.2,0,0,0,0,0.67,2.73,11.3,13.8,59,62,31.0,28.8,22.0,20.7,16.7,0.129,0.15,0.223,0.323,1,3600.0,887.0,764.0,123.0,872.9,887.0,1169.3,884.5,761.9,122.7,872.9,884.5,1166.1
345,345,41.01933,-7.7032776,723.0,2018-08-20T14:00,30.0,27,9.2,30.1,0.0,0.0,0.0,0.0,0,1018.0,938.9,0,0,0,0,0.67,3.07,9.8,12.2,54,56,29.5,30.2,22.3,20.7,16.7,0.129,0.15,0.223,0.323,1,3600.0,862.0,741.0,121.0,868.2,862.0,1140.4,834.4,717.3,117.1,868.2,834.4,1103.9
344,344,41.01933,-7.7032776,723.0,2018-08-20T15:00,30.4,25,8.0,30.1,0.0,0.0,0.0,0.0,0,1017.2,938.3,0,0,0,0,0.6,3.27,8.1,10.2,45,48,26.3,31.2,22.6,20.7,16.7,0.128,0.15,0.222,0.323,1,3600.0,779.0,664.0,115.0,847.8,779.0,1046.4,729.0,621.4,107.6,847.8,729.0,979.3
343,343,41.01933,-7.7032776,723.0,2018-08-20T16:00,30.5,23,7.3,29.3,0.0,0.0,0.0,0.0,0,1016.5,937.7,0,0,0,0,0.5,3.34,7.1,8.9,41,43,23.0,31.5,23.0,20.7,16.7,0.128,0.149,0.222,0.323,1,3600.0,646.0,539.0,107.0,805.7,646.0,893.9,578.6,482.7,95.8,805.7,578.6,800.6
342,342,41.01933,-7.7032776,723.0,2018-08-20T17:00,30.2,24,7.3,28.5,0.0,0.0,0.0,0.0,0,1016.2,937.3,0,0,0,0,0.38,3.27,7.0,8.5,21,28,20.2,31.3,23.3,20.7,16.7,0.128,0.149,0.222,0.323,1,3600.0,474.0,380.0,94.0,732.5,474.0,693.1,396.7,318.0,78.7,732.5,396.7,580.1
341,341,41.01933,-7.7032776,723.0,2018-08-20T18:00,29.4,27,8.5,28.0,0.0,0.0,0.0,0.0,0,1015.7,936.7,0,0,0,0,0.24,2.98,6.5,10.8,354,358,17.6,30.4,23.6,20.8,16.8,0.128,0.149,0.222,0.323,1,3600.0,280.0,206.0,74.0,601.2,280.0,457.8,203.5,149.7,53.8,601.2,203.5,332.7
340,340,41.01933,-7.7032776,723.0,2018-08-20T19:00,25.8,37,9.9,24.6,0.0,0.0,0.0,0.0,0,1015.8,935.8,0,0,0,0,0.12,2.1,7.4,15.1,321,332,15.1,28.8,23.8,20.8,16.8,0.128,0.149,0.222,0.323,1,3294.68,98.0,57.0,41.0,354.4,98.0,204.0,36.2,21.0,15.1,241.5,34.4,75.3
339,339,41.01933,-7.7032776,723.0,2018-08-20T20:00,26.2,31,7.7,24.5,0.0,0.0,0.0,0.0,0,1016.1,936.2,0,0,0,0,0.11,2.36,7.2,11.8,297,340,16.6,26.8,23.9,20.8,16.8,0.128,0.149,0.222,0.323,0,0.0,3.0,1.0,2.0,15.5,3.0,27.7,0.0,0.0,0.0,0.0,0.0,0.0
338,338,41.01933,-7.7032776,723.0,2018-08-20T21:00,28.3,23,5.3,26.3,0.0,0.0,0.0,0.0,0,1016.5,937.1,0,0,0,0,0.08,2.96,6.1,11.6,320,5,13.7,25.1,24.0,20.8,16.8,0.128,0.149,0.222,0.323,0,0.0,0.0,0.0,0.0,0.0,0.0,0.0,0.0,0.0,0.0,0.0,0.0,0.0
337,337,41.01933,-7.7032776,723.0,2018-08-20T22:00,28.1,22,4.4,25.9,0.0,0.0,0.0,0.0,0,1016.5,937.1,0,0,0,0,0.07,2.97,5.6,11.8,345,12,12.6,23.8,23.9,20.8,16.8,0.128,0.149,0.222,0.323,0,0.0,0.0,0.0,0.0,0.0,0.0,0.0,0.0,0.0,0.0,0.0,0.0,0.0
336,336,41.01933,-7.7032776,723.0,2018-08-20T23:00,27.4,23,4.4,25.4,0.0,0.0,0.0,0.0,0,1016.5,936.9,0,0,0,0,0.04,2.81,4.0,9.9,27,19,12.2,22.6,23.8,20.8,16.8,0.128,0.149,0.222,0.323,0,0.0,0.0,0.0,0.0,0.0,0.0,0.0,0.0,0.0,0.0,0.0,0.0,0.0
335,335,41.01933,-7.7032776,723.0,2018-08-21T00:00,26.4,23,3.8,24.5,0.0,0.0,0.0,0.0,0,1016.6,936.7,0,0,0,0,0.03,2.64,3.3,8.0,103,54,10.1,21.1,23.7,20.8,16.8,0.128,0.149,0.222,0.323,0,0.0,0.0,0.0,0.0,0.0,0.0,0.0,0.0,0.0,0.0,0.0,0.0,0.0
334,334,41.01933,-7.7032776,723.0,2018-08-21T01:00,25.2,25,3.8,22.7,0.0,0.0,0.0,0.0,0,1016.7,936.5,0,0,0,0,0.07,2.4,6.6,11.5,77,58,14.4,20.3,23.5,20.8,16.8,0.128,0.149,0.222,0.323,0,0.0,0.0,0.0,0.0,0.0,0.0,0.0,0.0,0.0,0.0,0.0,0.0,0.0
333,333,41.01933,-7.7032776,723.0,2018-08-21T02:00,19.1,40,5.2,16.3,0.0,0.0,0.0,0.0,0,1017.1,935.3,0,0,0,0,0.08,1.33,11.0,17.1,67,60,21.2,19.6,23.3,20.8,16.8,0.128,0.149,0.222,0.323,0,0.0,0.0,0.0,0.0,0.0,0.0,0.0,0.0,0.0,0.0,0.0,0.0,0.0
332,332,41.01933,-7.7032776,723.0,2018-08-21T03:00,18.5,42,5.2,15.7,0.0,0.0,0.0,0.0,0,1017.4,935.4,0,0,0,0,0.08,1.24,10.7,16.4,57,64,22.3,19.0,23.1,20.8,16.8,0.128,0.149,0.222,0.323,0,0.0,0.0,0.0,0.0,0.0,0.0,0.0,0.0,0.0,0.0,0.0,0.0,0.0
331,331,41.01933,-7.7032776,723.0,2018-08-21T04:00,18.3,43,5.5,15.7,0.0,0.0,0.0,0.0,0,1017.6,935.5,0,0,0,0,0.07,1.2,9.7,14.7,48,62,21.6,18.5,22.9,20.8,16.8,0.128,0.149,0.222,0.323,0,0.0,0.0,0.0,0.0,0.0,0.0,0.0,0.0,0.0,0.0,0.0,0.0,0.0
330,330,41.01933,-7.7032776,723.0,2018-08-21T05:00,17.2,50,6.6,14.9,0.0,0.0,0.0,0.0,0,1017.8,935.4,0,0,0,0,0.05,0.99,9.2,13.6,45,58,19.4,18.0,22.7,20.8,16.8,0.128,0.149,0.222,0.323,0,0.0,0.0,0.0,0.0,0.0,0.0,0.0,0.0,0.0,0.0,0.0,0.0,0.0
329,329,41.01933,-7.7032776,723.0,2018-08-21T06:00,17.1,57,8.5,15.5,0.0,0.0,0.0,0.0,0,1018.0,935.6,0,0,0,0,0.06,0.83,8.2,13.2,52,64,18.0,17.6,22.4,20.8,16.8,0.128,0.149,0.222,0.323,1,0.0,1.0,0.0,1.0,0.0,1.0,9.4,4.1,0.0,4.1,0.0,0.6,38.4
328,328,41.01933,-7.7032776,723.0,2018-08-21T07:00,19.2,59,10.9,18.7,0.0,0.0,0.0,0.0,0,1018.3,936.4,0,0,0,0,0.06,0.92,5.4,12.6,53,66,17.3,18.0,22.2,20.8,16.8,0.128,0.149,0.222,0.323,1,2773.57,76.0,41.0,35.0,279.0,76.0,166.8,134.7,72.6,62.0,328.4,114.4,295.6
327,327,41.01933,-7.7032776,723.0,2018-08-21T08:00,20.7,57,12.0,20.1,0.0,0.0,0.0,0.0,0,1018.2,936.7,0,0,0,0,0.17,1.04,8.2,11.4,49,55,20.9,19.5,22.0,20.8,16.8,0.128,0.149,0.222,0.323,1,3600.0,250.0,178.0,72.0,564.1,250.0,421.7,323.2,230.1,93.1,564.1,323.2,545.2
326,326,41.01933,-7.7032776,723.0,2018-08-21T09:00,22.6,50,11.7,21.7,0.0,0.0,0.0,0.0,0,1018.1,937.1,0,0,0,0,0.3,1.37,9.4,12.5,47,49,25.2,21.4,21.9,20.8,16.8,0.128,0.149,0.222,0.323,1,3600.0,442.0,350.0,92.0,708.4,442.0,660.4,515.5,408.2,107.3,708.4,515.5,770.2
325,325,41.01933,-7.7032776,723.0,2018-08-21T10:00,24.9,42,11.2,24.1,0.0,0.0,0.0,0.0,0,1017.7,937.4,0,0,0,0,0.44,1.81,10.0,12.6,52,53,26.6,23.5,22.0,20.8,16.8,0.127,0.149,0.221,0.323,1,3600.0,618.0,512.0,106.0,789.7,618.0,866.5,681.2,564.4,116.8,789.7,681.2,955.2
324,324,41.01933,-7.7032776,723.0,2018-08-21T11:00,27.1,35,10.3,26.9,0.0,0.0,0.0,0.0,0,1017.1,937.4,0,0,0,0,0.56,2.33,10.1,12.5,55,57,27.4,25.8,22.1,20.8,16.8,0.127,0.149,0.221,0.323,1,3600.0,758.0,643.0,115.0,837.5,758.0,1026.2,803.4,681.5,121.9,837.5,803.4,1087.6
323,323,41.01933,-7.7032776,723.0,2018-08-21T12:00,28.5,31,9.6,28.8,0.0,0.0,0.0,0.0,0,1016.4,937.1,0,0,0,0,0.64,2.7,9.2,11.1,51,54,27.4,27.7,22.2,20.8,16.8,0.131,0.151,0.223,0.323,1,3600.0,849.0,729.0,120.0,863.5,849.0,1128.3,871.6,748.4,123.2,863.5,871.6,1158.4
322,322,41.01933,-7.7032776,723.0,2018-08-21T13:00,30.0,25,8.0,30.3,0.0,0.0,0.0,0.0,0,1015.8,936.9,0,0,0,0,0.68,3.17,8.1,9.7,45,48,25.2,29.6,22.4,20.8,16.8,0.131,0.15,0.223,0.323,1,3600.0,886.0,765.0,121.0,876.9,886.0,1166.1,883.4,762.8,120.6,876.9,883.4,1162.6
321,321,41.01933,-7.7032776,723.0,2018-08-21T14:00,30.9,22,6.6,30.9,0.0,0.0,0.0,0.0,0,1015.1,936.5,0,0,0,0,0.66,3.49,7.1,8.1,24,21,23.8,31.0,22.8,20.8,16.8,0.131,0.15,0.222,0.322,1,3600.0,860.0,740.0,120.0,870.1,860.0,1136.8,832.3,716.1,116.1,870.1,832.3,1100.1
320,320,41.01933,-7.7032776,723.0,2018-08-21T15:00,31.2,21,5.9,30.3,0.0,0.0,0.0,0.0,0,1014.3,935.8,0,0,0,0,0.6,3.6,7.9,9.7,357,356,22.3,31.9,23.1,20.8,16.8,0.13,0.15,0.222,0.322,1,3600.0,770.0,650.0,120.0,833.5,770.0,1042.4,720.2,608.0,112.2,833.5,720.2,975.0
319,319,41.01933,-7.7032776,723.0,2018-08-21T16:00,31.2,20,5.5,29.4,0.0,0.0,0.0,0.0,0,1013.9,935.4,0,0,0,0,0.51,3.63,8.0,10.0,350,345,23.0,32.1,23.5,20.8,16.8,0.13,0.15,0.222,0.322,1,3600.0,632.0,521.0,111.0,783.0,632.0,889.4,565.5,466.2,99.3,783.0,565.5,795.8
318,318,41.01933,-7.7032776,723.0,2018-08-21T17:00,30.8,20,5.6,28.6,0.0,0.0,0.0,0.0,0,1014.0,935.4,0,0,0,0,0.38,3.54,7.6,9.7,3,360,21.2,31.7,23.8,20.8,16.8,0.13,0.15,0.222,0.322,1,3600.0,468.0,372.0,96.0,722.7,468.0,688.1,390.9,310.7,80.2,722.7,390.9,574.8
317,317,41.01933,-7.7032776,723.0,2018-08-21T18:00,29.8,26,8.1,28.3,0.0,0.0,0.0,0.0,0,1013.8,935.0,0,0,0,0,0.24,3.11,6.6,11.8,9,12,19.1,30.8,24.1,20.8,16.8,0.13,0.15,0.222,0.322,1,3600.0,277.0,201.0,76.0,594.1,277.0,452.3,200.2,145.3,54.9,594.1,200.2,326.9
316,316,41.01933,-7.7032776,723.0,2018-08-21T19:00,26.1,36,9.9,25.1,0.0,0.0,0.0,0.0,0,1014.3,934.5,1,0,2,0,0.11,2.15,6.6,13.4,311,324,15.5,29.1,24.3,20.8,16.8,0.13,0.15,0.222,0.322,1,3207.58,94.0,54.0,40.0,340.4,94.0,198.0,32.8,18.8,14.0,216.3,30.6,69.1
315,315,41.01933,-7.7032776,723.0,2018-08-21T20:00,24.1,45,11.4,23.5,0.0,0.0,0.0,0.0,0,1014.8,934.5,2,0,3,0,0.08,1.65,6.6,16.9,279,297,17.6,27.3,24.4,20.8,16.8,0.13,0.15,0.222,0.322,0,0.0,3.0,0.0,3.0,0.0,3.0,24.6,0.0,0.0,0.0,0.0,0.0,0.0
314,314,41.01933,-7.7032776,723.0,2018-08-21T21:00,22.2,54,12.5,22.1,0.0,0.0,0.0,0.0,0,1015.2,934.4,1,0,2,0,0.03,1.22,5.8,12.2,248,294,15.8,25.7,24.4,20.8,16.8,0.13,0.15,0.222,0.322,0,0.0,0.0,0.0,0.0,0.0,0.0,0.0,0.0,0.0,0.0,0.0,0.0,0.0
313,313,41.01933,-7.7032776,723.0,2018-08-21T22:00,21.3,55,11.9,21.1,0.0,0.0,0.0,0.0,0,1015.5,934.4,3,0,1,7,0.02,1.14,5.2,11.4,245,288,13.0,24.4,24.4,20.8,16.8,0.13,0.15,0.222,0.322,0,0.0,0.0,0.0,0.0,0.0,0.0,0.0,0.0,0.0,0.0,0.0,0.0,0.0
312,312,41.01933,-7.7032776,723.0,2018-08-21T23:00,20.7,53,10.7,20.2,0.0,0.0,0.0,0.0,0,1015.2,934.0,6,0,1,17,0.02,1.15,4.6,10.9,225,276,13.0,23.3,24.3,20.9,16.8,0.129,0.15,0.222,0.322,0,0.0,0.0,0.0,0.0,0.0,0.0,0.0,0.0,0.0,0.0,0.0,0.0,0.0
311,311,41.01933,-7.7032776,723.0,2018-08-22T00:00,19.5,57,10.8,18.9,0.0,0.0,0.0,0.0,0,1015.5,933.9,0,0,0,0,0.02,0.98,5.5,8.0,212,260,12.6,21.3,24.2,20.9,16.8,0.128,0.147,0.22,0.322,0,0.0,0.0,0.0,0.0,0.0,0.0,0.0,0.0,0.0,0.0,0.0,0.0,0.0
310,310,41.01933,-7.7032776,723.0,2018-08-22T01:00,18.7,59,10.6,18.4,0.0,0.0,0.0,0.0,0,1015.5,933.7,0,0,0,0,0.01,0.88,3.4,6.1,212,298,13.3,20.8,24.0,20.9,16.8,0.128,0.147,0.22,0.322,0,0.0,0.0,0.0,0.0,0.0,0.0,0.0,0.0,0.0,0.0,0.0,0.0,0.0
309,309,41.01933,-7.7032776,723.0,2018-08-22T02:00,18.5,59,10.3,18.0,0.0,0.0,0.0,0.0,0,1015.2,933.4,0,0,0,0,0.01,0.87,3.6,4.4,217,305,9.4,20.3,23.8,20.9,16.8,0.128,0.147,0.22,0.322,0,0.0,0.0,0.0,0.0,0.0,0.0,0.0,0.0,0.0,0.0,0.0,0.0,0.0
308,308,41.01933,-7.7032776,723.0,2018-08-22T03:00,19.8,53,9.9,19.1,0.0,0.0,0.0,0.0,0,1015.2,933.7,0,0,0,0,0.02,1.09,4.6,3.8,231,319,8.3,19.8,23.6,20.9,16.9,0.128,0.147,0.22,0.322,0,0.0,0.0,0.0,0.0,0.0,0.0,0.0,0.0,0.0,0.0,0.0,0.0,0.0
307,307,41.01933,-7.7032776,723.0,2018-08-22T04:00,22.5,44,9.6,21.6,0.0,0.0,0.0,0.0,0,1015.1,934.3,0,0,0,0,0.03,1.53,4.8,5.0,257,339,7.9,19.3,23.4,20.9,16.9,0.128,0.147,0.22,0.322,0,0.0,0.0,0.0,0.0,0.0,0.0,0.0,0.0,0.0,0.0,0.0,0.0,0.0
306,306,41.01933,-7.7032776,723.0,2018-08-22T05:00,22.3,45,9.8,21.6,0.0,0.0,0.0,0.0,0,1015.3,934.5,0,0,0,0,0.02,1.47,4.3,5.9,270,349,8.3,18.9,23.2,20.9,16.9,0.128,0.147,0.22,0.322,0,0.0,0.0,0.0,0.0,0.0,0.0,0.0,0.0,0.0,0.0,0.0,0.0,0.0
305,305,41.01933,-7.7032776,723.0,2018-08-22T06:00,21.8,47,10.1,21.6,0.0,0.0,0.0,0.0,0,1015.7,934.7,0,0,0,0,0.02,1.38,1.6,4.3,243,5,7.6,18.5,22.9,20.9,16.9,0.128,0.147,0.22,0.322,1,0.0,1.0,0.0,1.0,0.0,1.0,7.4,4.6,0.0,4.6,0.0,0.5,34.3
304,304,41.01933,-7.7032776,723.0,2018-08-22T07:00,21.8,73,16.6,24.0,0.0,0.0,0.0,0.0,0,1016.2,935.2,0,0,0,0,0.03,0.72,0.5,3.9,225,34,4.0,19.0,22.7,20.9,16.9,0.128,0.147,0.22,0.322,1,2716.88,73.0,39.0,34.0,268.0,73.0,162.9,130.8,69.9,60.9,320.0,109.5,291.9
303,303,41.01933,-7.7032776,723.0,2018-08-22T08:00,24.0,49,12.5,24.5,0.0,0.0,0.0,0.0,0,1016.4,935.9,0,0,0,0,0.15,1.54,2.0,3.3,45,49,9.0,20.7,22.6,20.9,16.9,0.128,0.147,0.22,0.322,1,3600.0,246.0,176.0,70.0,562.7,246.0,418.2,318.8,228.1,90.7,562.7,318.8,541.9
302,302,41.01933,-7.7032776,723.0,2018-08-22T09:00,25.8,44,12.6,25.9,0.0,0.0,0.0,0.0,0,1016.6,936.6,0,0,0,0,0.3,1.87,4.7,4.9,32,36,15.5,22.9,22.5,20.9,16.9,0.128,0.147,0.219,0.322,1,3600.0,438.0,346.0,92.0,704.0,438.0,657.1,511.3,403.9,107.4,704.0,511.3,767.1
301,301,41.01933,-7.7032776,723.0,2018-08-22T10:00,27.8,38,12.2,28.1,0.0,0.0,0.0,0.0,0,1016.7,937.2,0,0,0,0,0.44,2.31,4.8,5.5,27,23,18.0,25.2,22.6,20.9,16.9,0.127,0.147,0.219,0.322,1,3600.0,613.0,507.0,106.0,785.1,613.0,863.5,676.0,559.1,116.9,785.1,676.0,952.2
300,300,41.01933,-7.7032776,723.0,2018-08-22T11:00,29.5,34,11.9,30.7,0.0,0.0,0.0,0.0,0,1016.4,937.3,0,0,0,0,0.55,2.72,4.5,4.7,14,9,18.0,27.6,22.7,20.9,16.9,0.127,0.147,0.219,0.322,1,3600.0,751.0,636.0,115.0,831.2,751.0,1023.1,796.1,674.2,121.9,831.2,796.1,1084.6
299,299,41.01933,-7.7032776,723.0,2018-08-22T12:00,30.1,33,12.1,31.7,0.0,0.0,0.0,0.0,0,1016.0,937.1,1,0,0,3,0.63,2.86,5.9,6.5,11,6,20.5,29.5,23.0,20.9,16.9,0.128,0.148,0.22,0.322,1,3600.0,838.0,717.0,121.0,852.0,838.0,1125.2,860.3,736.1,124.2,852.0,860.3,1155.2
298,298,41.01933,-7.7032776,723.0,2018-08-22T13:00,31.0,30,11.5,32.6,0.0,0.0,0.0,0.0,0,1015.7,937.1,13,0,20,3,0.66,3.14,5.9,6.7,349,344,22.7,31.3,23.3,20.9,16.9,0.128,0.148,0.22,0.322,1,3600.0,864.0,734.0,130.0,844.1,864.0,1162.7,861.3,731.7,129.6,844.1,861.3,1159.1
297,297,41.01933,-7.7032776,723.0,2018-08-22T14:00,28.7,38,13.0,28.8,0.0,0.0,0.0,0.0,1,1016.4,937.1,34,0,32,50,0.58,2.44,12.8,16.6,292,297,33.1,32.0,23.6,20.9,16.9,0.128,0.148,0.22,0.322,1,3600.0,733.0,566.0,167.0,668.0,733.0,1133.1,709.2,547.6,161.6,668.0,709.2,1096.2
296,296,41.01933,-7.7032776,723.0,2018-08-22T15:00,28.0,44,14.5,28.3,0.0,0.0,0.0,0.0,1,1016.3,936.9,25,0,24,36,0.42,2.14,8.3,11.0,236,232,32.4,31.8,23.9,20.9,16.9,0.128,0.148,0.22,0.322,1,3600.0,529.0,338.0,191.0,435.3,529.0,1038.3,494.5,316.0,178.6,435.3,494.5,970.6
295,295,41.01933,-7.7032776,723.0,2018-08-22T16:00,28.2,43,14.5,28.9,0.0,0.0,0.0,0.0,1,1016.4,937.0,28,0,27,40,0.36,2.18,5.4,7.0,307,305,23.0,31.6,24.2,20.9,16.9,0.128,0.148,0.219,0.322,1,3600.0,457.0,272.0,185.0,411.1,457.0,884.7,408.6,243.2,165.4,411.1,408.6,791.0
294,294,41.01933,-7.7032776,723.0,2018-08-22T17:00,27.2,46,14.7,27.6,0.3,0.3,0.0,0.0,51,1016.6,936.9,18,0,12,37,0.28,1.94,7.7,10.2,311,312,21.2,30.9,24.4,20.9,16.9,0.13,0.148,0.219,0.322,1,3600.0,347.0,205.0,142.0,401.4,347.0,683.0,289.3,170.9,118.4,401.4,289.3,569.4
293,293,41.01933,-7.7032776,723.0,2018-08-22T18:00,27.0,49,15.3,28.0,0.0,0.0,0.0,0.0,0,1016.5,936.8,13,0,10,24,0.17,1.83,5.5,7.4,302,299,19.1,29.8,24.6,20.9,16.9,0.13,0.147,0.219,0.322,1,3600.0,213.0,122.0,91.0,365.3,213.0,446.6,153.1,87.7,65.4,365.3,153.1,321.0
292,292,41.01933,-7.7032776,723.0,2018-08-22T19:00,24.9,61,16.9,26.7,0.0,0.0,0.0,0.0,0,1016.6,936.4,7,0,6,12,0.07,1.23,4.4,7.9,279,286,14.0,28.5,24.8,20.9,16.9,0.13,0.147,0.219,0.322,1,3119.54,81.0,41.0,40.0,262.2,81.0,191.9,26.5,13.4,13.1,154.0,24.3,62.8
291,291,41.01933,-7.7032776,723.0,2018-08-22T20:00,22.8,70,16.9,24.3,0.0,0.0,0.0,0.0,0,1017.3,936.4,3,0,4,1,0.04,0.84,5.9,6.8,259,267,11.5,26.8,24.8,20.9,16.9,0.13,0.147,0.219,0.322,0,0.0,2.0,0.0,2.0,0.0,2.0,21.4,0.0,0.0,0.0,0.0,0.0,0.0
290,290,41.01933,-7.7032776,723.0,2018-08-22T21:00,21.6,74,16.8,23.2,0.0,0.0,0.0,0.0,0,1017.8,936.6,2,0,3,0,0.0,0.66,4.9,5.8,253,263,10.1,25.4,24.8,21.0,16.9,0.13,0.147,0.219,0.322,0,0.0,0.0,0.0,0.0,0.0,0.0,0.0,0.0,0.0,0.0,0.0,0.0,0.0
289,289,41.01933,-7.7032776,723.0,2018-08-22T22:00,20.6,77,16.5,22.2,0.0,0.0,0.0,0.0,0,1017.9,936.4,1,0,1,0,0.0,0.55,4.6,6.3,252,283,9.7,24.2,24.8,21.0,16.9,0.13,0.148,0.219,0.322,0,0.0,0.0,0.0,0.0,0.0,0.0,0.0,0.0,0.0,0.0,0.0,0.0,0.0
288,288,41.01933,-7.7032776,723.0,2018-08-22T23:00,20.0,79,16.2,21.5,0.0,0.0,0.0,0.0,0,1017.7,936.1,1,0,1,0,0.0,0.49,3.8,5.8,229,270,9.7,23.2,24.7,21.0,16.9,0.13,0.148,0.219,0.322,0,0.0,0.0,0.0,0.0,0.0,0.0,0.0,0.0,0.0,0.0,0.0,0.0,0.0
287,287,41.01933,-7.7032776,723.0,2018-08-23T00:00,19.3,79,15.5,20.5,0.0,0.0,0.0,0.0,0,1018.2,936.4,0,0,0,0,0.0,0.47,4.3,7.7,222,281,9.4,21.7,24.5,21.0,16.9,0.13,0.149,0.22,0.322,0,0.0,0.0,0.0,0.0,0.0,0.0,0.0,0.0,0.0,0.0,0.0,0.0,0.0
286,286,41.01933,-7.7032776,723.0,2018-08-23T01:00,18.6,76,14.3,19.2,0.0,0.0,0.0,0.0,0,1017.9,935.9,0,0,0,0,0.0,0.51,5.5,7.6,238,295,11.9,21.0,24.3,21.0,16.9,0.13,0.149,0.22,0.322,0,0.0,0.0,0.0,0.0,0.0,0.0,0.0,0.0,0.0,0.0,0.0,0.0,0.0
285,285,41.01933,-7.7032776,723.0,2018-08-23T02:00,19.4,68,13.3,19.6,0.0,0.0,0.0,0.0,0,1017.6,935.8,0,0,0,0,0.01,0.72,5.2,7.0,245,305,11.2,20.5,24.1,21.0,16.9,0.13,0.149,0.22,0.322,0,0.0,0.0,0.0,0.0,0.0,0.0,0.0,0.0,0.0,0.0,0.0,0.0,0.0
284,284,41.01933,-7.7032776,723.0,2018-08-23T03:00,20.2,62,12.7,20.3,0.0,0.0,0.0,0.0,0,1017.7,936.1,0,0,0,1,0.01,0.89,4.7,6.6,247,311,10.4,20.0,23.9,21.0,16.9,0.13,0.149,0.22,0.322,0,0.0,0.0,0.0,0.0,0.0,0.0,0.0,0.0,0.0,0.0,0.0,0.0,0.0
283,283,41.01933,-7.7032776,723.0,2018-08-23T04:00,20.6,60,12.6,20.8,0.0,0.0,0.0,0.0,0,1017.7,936.2,6,0,0,20,0.01,0.97,3.7,5.4,241,312,9.7,19.5,23.7,21.0,16.9,0.13,0.149,0.22,0.322,0,0.0,0.0,0.0,0.0,0.0,0.0,0.0,0.0,0.0,0.0,0.0,0.0,0.0
282,282,41.01933,-7.7032776,723.0,2018-08-23T05:00,21.1,58,12.6,21.5,0.0,0.0,0.0,0.0,0,1017.4,936.1,8,0,0,27,0.0,1.04,2.9,4.8,240,318,7.9,19.0,23.4,21.0,16.9,0.13,0.149,0.22,0.322,0,0.0,0.0,0.0,0.0,0.0,0.0,0.0,0.0,0.0,0.0,0.0,0.0,0.0
281,281,41.01933,-7.7032776,723.0,2018-08-23T06:00,20.9,59,12.7,21.2,0.0,0.0,0.0,0.0,0,1017.5,936.1,7,0,0,23,0.03,1.0,3.1,5.5,249,328,6.8,18.6,23.2,21.0,16.9,0.13,0.149,0.22,0.322,1,0.0,0.0,0.0,0.0,0.0,0.0,5.3,0.0,0.0,0.0,0.0,0.0,30.2
280,280,41.01933,-7.7032776,723.0,2018-08-23T07:00,20.9,73,15.8,22.6,0.0,0.0,0.0,0.0,0,1017.9,936.5,9,0,0,30,0.03,0.68,1.3,4.9,236,324,6.8,19.0,23.0,21.0,16.9,0.13,0.149,0.22,0.322,1,2660.11,71.0,38.0,33.0,263.7,71.0,159.0,128.7,68.9,59.8,319.6,106.2,288.2
279,279,41.01933,-7.7032776,723.0,2018-08-23T08:00,23.8,48,12.0,24.4,0.0,0.0,0.0,0.0,1,1017.9,937.3,22,0,0,72,0.14,1.55,0.4,2.0,360,315,6.8,20.6,22.8,21.0,16.9,0.13,0.149,0.22,0.322,1,3600.0,244.0,170.0,74.0,548.4,244.0,414.6,316.9,220.8,96.1,548.4,316.9,538.5
278,278,41.01933,-7.7032776,723.0,2018-08-23T09:00,25.9,38,10.4,25.6,0.0,0.0,0.0,0.0,1,1018.1,938.0,21,0,0,69,0.28,2.09,3.0,2.9,14,7,12.6,22.8,22.7,21.0,16.9,0.13,0.149,0.22,0.322,1,3600.0,422.0,305.0,117.0,623.9,422.0,653.9,493.0,356.3,136.7,623.9,493.0,763.9
277,277,41.01933,-7.7032776,723.0,2018-08-23T10:00,27.4,35,10.6,27.1,0.0,0.0,0.0,0.0,1,1018.5,938.7,21,0,0,70,0.44,2.37,5.8,6.8,4,360,18.7,25.1,22.8,21.0,16.9,0.13,0.149,0.22,0.322,1,3600.0,601.0,465.0,136.0,722.9,601.0,860.4,663.0,513.0,150.0,722.9,663.0,949.1
276,276,41.01933,-7.7032776,723.0,2018-08-23T11:00,28.8,30,9.5,28.7,0.0,0.0,0.0,0.0,1,1018.2,938.8,24,0,0,80,0.56,2.77,7.6,9.3,352,347,22.7,27.3,22.9,21.0,16.9,0.129,0.148,0.22,0.322,1,3600.0,747.0,614.0,133.0,805.2,747.0,1020.1,792.0,651.0,141.0,805.2,792.0,1081.5
275,275,41.01933,-7.7032776,723.0,2018-08-23T12:00,29.3,27,8.6,29.3,0.0,0.0,0.0,0.0,1,1018.4,939.1,27,0,0,89,0.64,2.96,8.9,10.5,333,329,24.5,29.0,23.0,21.0,17.0,0.129,0.148,0.22,0.322,1,3600.0,836.0,693.0,143.0,826.2,836.0,1122.0,858.2,711.4,146.8,826.2,858.2,1151.9
274,274,41.01933,-7.7032776,723.0,2018-08-23T13:00,30.1,26,8.6,29.7,0.0,0.0,0.0,0.0,1,1018.0,938.9,26,0,0,86,0.68,3.14,11.6,14.3,324,321,29.5,30.5,23.3,21.0,17.0,0.129,0.148,0.219,0.322,1,3600.0,857.0,680.0,177.0,784.7,857.0,1159.3,854.2,677.8,176.4,784.7,854.2,1155.6
273,273,41.01933,-7.7032776,723.0,2018-08-23T14:00,30.1,26,8.6,29.3,0.0,0.0,0.0,0.0,1,1017.8,938.8,23,0,0,77,0.67,3.16,13.2,16.5,317,316,32.8,31.6,23.6,21.0,17.0,0.129,0.148,0.219,0.322,1,3600.0,832.0,684.0,148.0,810.2,832.0,1129.3,804.7,661.6,143.1,810.2,804.7,1092.2
272,272,41.01933,-7.7032776,723.0,2018-08-23T15:00,29.8,28,9.2,28.6,0.0,0.0,0.0,0.0,0,1017.5,938.4,11,0,0,36,0.63,3.02,14.8,18.6,313,311,34.9,32.1,23.9,21.0,17.0,0.129,0.148,0.219,0.322,1,3600.0,768.0,648.0,120.0,838.3,768.0,1034.1,717.6,605.5,112.1,838.3,717.6,966.2
271,271,41.01933,-7.7032776,723.0,2018-08-23T16:00,29.0,33,11.0,27.7,0.0,0.0,0.0,0.0,0,1017.3,938.0,16,0,0,54,0.52,2.69,14.3,18.7,311,310,35.6,32.1,24.2,21.0,17.0,0.129,0.148,0.219,0.322,1,3600.0,632.0,525.0,107.0,798.1,632.0,880.1,564.5,468.9,95.6,798.1,564.5,786.0
270,270,41.01933,-7.7032776,723.0,2018-08-23T17:00,27.8,39,12.6,26.6,0.0,0.0,0.0,0.0,1,1017.6,938.0,22,0,0,72,0.39,2.28,13.5,17.9,312,310,33.8,31.5,24.5,21.0,17.0,0.128,0.148,0.219,0.322,1,3600.0,461.0,368.0,93.0,726.4,461.0,677.7,383.6,306.2,77.4,726.4,383.6,563.9
269,269,41.01933,-7.7032776,723.0,2018-08-23T18:00,26.2,47,14.0,25.6,0.0,0.0,0.0,0.0,1,1017.8,937.8,24,0,0,79,0.24,1.81,12.8,17.5,308,307,31.7,30.4,24.7,21.0,17.0,0.128,0.148,0.219,0.322,1,3600.0,265.0,188.0,77.0,570.4,265.0,440.9,189.4,134.3,55.0,570.4,189.4,315.1
268,268,41.01933,-7.7032776,723.0,2018-08-23T19:00,24.0,58,15.2,24.5,0.0,0.0,0.0,0.0,0,1018.1,937.5,12,0,0,40,0.09,1.25,8.0,16.3,306,305,28.1,28.7,24.9,21.1,17.0,0.128,0.148,0.219,0.322,1,3030.66,87.0,47.0,40.0,305.0,87.0,185.7,26.4,14.3,12.2,163.8,23.8,56.4
267,267,41.01933,-7.7032776,723.0,2018-08-23T20:00,21.8,68,15.6,22.9,0.0,0.0,0.0,0.0,0,1018.7,937.5,1,0,0,2,0.04,0.83,5.0,14.1,291,310,19.1,26.9,24.9,21.1,17.0,0.128,0.148,0.219,0.322,0,0.0,2.0,0.0,2.0,0.0,2.0,18.3,0.0,0.0,0.0,0.0,0.0,0.0
266,266,41.01933,-7.7032776,723.0,2018-08-23T21:00,21.1,72,15.9,22.2,0.0,0.0,0.0,0.0,0,1019.4,937.9,4,0,0,13,0.01,0.7,6.1,15.7,310,328,15.5,25.4,24.9,21.1,17.0,0.128,0.148,0.219,0.322,0,0.0,0.0,0.0,0.0,0.0,0.0,0.0,0.0,0.0,0.0,0.0,0.0,0.0
265,265,41.01933,-7.7032776,723.0,2018-08-23T22:00,20.1,79,16.3,21.5,0.0,0.0,0.0,0.0,0,1019.8,938.1,0,0,0,0,0.0,0.51,5.5,14.3,302,332,15.8,24.1,24.8,21.1,17.0,0.128,0.148,0.219,0.322,0,0.0,0.0,0.0,0.0,0.0,0.0,0.0,0.0,0.0,0.0,0.0,0.0,0.0
264,264,41.01933,-7.7032776,723.0,2018-08-23T23:00,19.0,84,16.1,20.0,0.0,0.0,0.0,0.0,0,1019.7,937.7,5,0,0,18,0.0,0.36,7.6,11.5,289,340,15.1,23.0,24.7,21.1,17.0,0.128,0.148,0.219,0.322,0,0.0,0.0,0.0,0.0,0.0,0.0,0.0,0.0,0.0,0.0,0.0,0.0,0.0
263,263,41.01933,-7.7032776,723.0,2018-08-24T00:00,21.4,56,12.1,21.2,0.0,0.0,0.0,0.0,0,1020.3,938.8,0,0,0,0,0.02,1.13,5.4,10.5,318,22,15.5,21.8,24.6,21.1,17.0,0.127,0.147,0.218,0.322,0,0.0,0.0,0.0,0.0,0.0,0.0,0.0,0.0,0.0,0.0,0.0,0.0,0.0
262,262,41.01933,-7.7032776,723.0,2018-08-24T01:00,21.1,51,10.5,20.7,0.0,0.0,0.0,0.0,0,1020.2,938.7,0,0,0,0,0.01,1.24,3.6,9.6,323,34,14.0,20.8,24.4,21.1,17.0,0.127,0.147,0.218,0.322,0,0.0,0.0,0.0,0.0,0.0,0.0,0.0,0.0,0.0,0.0,0.0,0.0,0.0
261,261,41.01933,-7.7032776,723.0,2018-08-24T02:00,20.2,50,9.5,19.5,0.0,0.0,0.0,0.0,0,1020.2,938.4,0,0,0,0,0.02,1.18,3.9,9.0,304,23,13.0,19.8,24.1,21.1,17.0,0.127,0.147,0.218,0.322,0,0.0,0.0,0.0,0.0,0.0,0.0,0.0,0.0,0.0,0.0,0.0,0.0,0.0
260,260,41.01933,-7.7032776,723.0,2018-08-24T03:00,19.5,52,9.4,19.0,0.0,0.0,0.0,0.0,0,1020.0,938.1,0,0,0,0,0.0,1.09,2.3,7.1,252,30,11.9,19.1,23.9,21.1,17.0,0.127,0.147,0.218,0.322,0,0.0,0.0,0.0,0.0,0.0,0.0,0.0,0.0,0.0,0.0,0.0,0.0,0.0
259,259,41.01933,-7.7032776,723.0,2018-08-24T04:00,19.5,53,9.5,18.9,0.0,0.0,0.0,0.0,0,1019.9,938.0,0,0,0,0,0.01,1.07,2.9,7.1,277,41,9.4,18.4,23.6,21.1,17.0,0.127,0.147,0.218,0.322,0,0.0,0.0,0.0,0.0,0.0,0.0,0.0,0.0,0.0,0.0,0.0,0.0,0.0
258,258,41.01933,-7.7032776,723.0,2018-08-24T05:00,19.2,53,9.4,18.5,0.0,0.0,0.0,0.0,0,1019.8,937.8,0,0,0,0,0.01,1.04,3.7,7.4,299,39,10.8,17.8,23.3,21.1,17.0,0.127,0.147,0.218,0.322,0,0.0,0.0,0.0,0.0,0.0,0.0,0.0,0.0,0.0,0.0,0.0,0.0,0.0
257,257,41.01933,-7.7032776,723.0,2018-08-24T06:00,18.8,55,9.5,18.1,0.0,0.0,0.0,0.0,0,1020.0,937.9,0,0,0,0,0.04,0.98,3.7,6.8,299,32,10.1,17.3,23.1,21.1,17.0,0.127,0.147,0.218,0.322,1,0.0,0.0,0.0,0.0,0.0,0.0,3.3,0.0,0.0,0.0,0.0,0.0,26.0
256,256,41.01933,-7.7032776,723.0,2018-08-24T07:00,18.7,74,13.9,19.7,0.0,0.0,0.0,0.0,0,1020.7,938.5,0,0,0,0,0.03,0.57,2.1,6.7,329,36,10.4,17.8,22.8,21.1,17.0,0.127,0.147,0.218,0.322,1,2603.28,72.0,39.0,33.0,273.4,72.0,155.1,132.1,71.5,60.5,336.5,107.3,284.5
255,255,41.01933,-7.7032776,723.0,2018-08-24T08:00,21.0,54,11.3,20.8,0.0,0.0,0.0,0.0,0,1020.9,939.3,0,0,0,0,0.15,1.14,3.8,4.8,17,27,13.0,19.3,22.6,21.1,17.0,0.127,0.147,0.218,0.321,1,3600.0,249.0,178.0,71.0,579.4,249.0,411.1,324.1,231.7,92.4,579.4,324.1,535.1
254,254,41.01933,-7.7032776,723.0,2018-08-24T09:00,22.7,48,11.0,22.1,0.0,0.0,0.0,0.0,0,1020.7,939.6,0,0,0,0,0.29,1.45,6.0,7.4,25,29,18.7,21.4,22.5,21.1,17.0,0.127,0.147,0.218,0.321,1,3600.0,445.0,354.0,91.0,728.2,445.0,650.6,520.3,413.9,106.4,728.2,520.3,760.7
253,253,41.01933,-7.7032776,723.0,2018-08-24T10:00,24.8,37,9.2,24.1,0.0,0.0,0.0,0.0,0,1020.5,939.9,0,0,0,0,0.43,1.96,6.5,7.8,19,22,20.5,23.7,22.5,21.1,17.0,0.127,0.147,0.218,0.321,1,3600.0,624.0,519.0,105.0,810.2,624.0,857.2,688.6,572.7,115.9,810.2,688.6,946.0
252,252,41.01933,-7.7032776,723.0,2018-08-24T11:00,26.8,28,6.7,26.4,0.0,0.0,0.0,0.0,0,1020.0,940.0,0,0,0,0,0.55,2.55,6.2,7.2,10,6,20.9,26.1,22.6,21.1,17.0,0.127,0.147,0.218,0.321,1,3600.0,765.0,652.0,113.0,858.0,765.0,1016.9,811.2,691.3,119.8,858.0,811.2,1078.3
251,251,41.01933,-7.7032776,723.0,2018-08-24T12:00,27.8,23,5.0,27.2,0.0,0.0,0.0,0.0,0,1019.8,940.0,0,0,0,0,0.63,2.86,7.9,9.8,357,352,23.4,28.1,22.6,21.1,17.0,0.128,0.148,0.219,0.321,1,3600.0,858.0,740.0,118.0,885.2,858.0,1118.8,880.8,759.7,121.1,885.2,880.8,1148.5
250,250,41.01933,-7.7032776,723.0,2018-08-24T13:00,28.7,22,4.7,28.1,0.0,0.0,0.0,0.0,0,1019.2,939.7,0,0,0,0,0.67,3.09,9.1,11.3,342,338,25.9,29.8,22.9,21.1,17.0,0.128,0.148,0.219,0.321,1,3600.0,892.0,772.0,120.0,893.9,892.0,1155.8,889.0,769.4,119.6,893.9,889.0,1151.9
249,249,41.01933,-7.7032776,723.0,2018-08-24T14:00,29.4,21,5.1,28.5,0.0,0.0,0.0,0.0,0,1018.7,939.4,0,0,0,0,0.67,3.21,10.3,13.0,324,321,27.7,31.0,23.2,21.1,17.0,0.128,0.148,0.219,0.321,1,3600.0,863.0,744.0,119.0,884.7,863.0,1125.5,834.4,719.4,115.1,884.7,834.4,1088.2
248,248,41.01933,-7.7032776,723.0,2018-08-24T15:00,29.5,20,4.2,27.4,0.0,0.0,0.0,0.0,0,1018.0,938.8,13,0,0,44,0.63,3.3,13.5,17.3,314,312,32.8,31.6,23.5,21.1,17.0,0.128,0.148,0.218,0.321,1,3600.0,775.0,661.0,114.0,859.1,775.0,1029.8,723.7,617.3,106.5,859.1,723.7,961.7
247,247,41.01933,-7.7032776,723.0,2018-08-24T16:00,28.8,22,4.9,25.9,0.0,0.0,0.0,0.0,0,1017.7,938.3,0,0,0,0,0.54,3.09,14.1,18.8,308,306,34.6,31.6,23.8,21.1,17.0,0.127,0.148,0.218,0.321,1,3600.0,640.0,535.0,105.0,818.1,640.0,875.3,571.0,477.4,93.7,818.1,571.0,781.0
246,246,41.01933,-7.7032776,723.0,2018-08-24T17:00,27.7,27,6.8,24.8,0.0,0.0,0.0,0.0,0,1017.6,938.0,0,0,0,0,0.41,2.72,14.0,19.0,305,303,33.8,31.0,24.1,21.1,17.0,0.127,0.148,0.218,0.321,1,3600.0,465.0,374.0,91.0,744.4,465.0,672.4,386.1,310.5,75.6,744.4,386.1,558.4
245,245,41.01933,-7.7032776,723.0,2018-08-24T18:00,25.9,37,9.9,24.0,0.0,0.0,0.0,0.0,0,1017.4,937.3,0,0,0,0,0.25,2.11,12.4,18.0,300,299,32.8,29.9,24.3,21.1,17.0,0.127,0.148,0.218,0.321,1,3600.0,269.0,197.0,72.0,606.0,269.0,435.1,191.0,139.9,51.1,606.0,191.0,309.0
244,244,41.01933,-7.7032776,723.0,2018-08-24T19:00,23.3,50,12.1,22.8,0.0,0.0,0.0,0.0,0,1017.4,936.7,0,0,0,0,0.09,1.44,7.9,18.0,286,290,28.4,28.1,24.5,21.1,17.0,0.127,0.148,0.218,0.321,1,2941.02,86.0,49.0,37.0,322.8,86.0,179.4,23.9,13.6,10.3,156.5,21.1,49.9
243,243,41.01933,-7.7032776,723.0,2018-08-24T20:00,21.0,61,13.3,21.2,0.0,0.0,0.0,0.0,0,1017.7,936.4,0,0,0,0,0.05,0.96,6.2,17.2,277,296,21.2,26.2,24.5,21.1,17.1,0.127,0.148,0.218,0.321,0,0.0,2.0,0.0,2.0,0.0,2.0,15.0,0.0,0.0,0.0,0.0,0.0,0.0
242,242,41.01933,-7.7032776,723.0,2018-08-24T21:00,19.4,71,13.9,19.8,0.0,0.0,0.0,0.0,0,1018.2,936.4,0,0,0,0,0.01,0.66,5.9,13.6,259,292,17.6,24.5,24.5,21.2,17.1,0.127,0.148,0.218,0.321,0,0.0,0.0,0.0,0.0,0.0,0.0,0.0,0.0,0.0,0.0,0.0,0.0,0.0
241,241,41.01933,-7.7032776,723.0,2018-08-24T22:00,17.9,77,13.8,18.1,0.0,0.0,0.0,0.0,0,1018.5,936.3,0,0,0,0,0.01,0.47,6.9,11.8,261,301,15.8,23.0,24.4,21.2,17.1,0.127,0.148,0.218,0.321,0,0.0,0.0,0.0,0.0,0.0,0.0,0.0,0.0,0.0,0.0,0.0,0.0,0.0
240,240,41.01933,-7.7032776,723.0,2018-08-24T23:00,17.9,75,13.5,18.2,0.0,0.0,0.0,0.0,0,1018.6,936.4,0,0,0,0,0.0,0.5,5.8,9.3,266,324,15.1,21.8,24.3,21.2,17.1,0.127,0.148,0.218,0.321,0,0.0,0.0,0.0,0.0,0.0,0.0,0.0,0.0,0.0,0.0,0.0,0.0,0.0
239,239,41.01933,-7.7032776,723.0,2018-08-25T00:00,18.2,71,12.9,18.5,0.0,0.0,0.0,0.0,0,1018.7,936.5,0,0,0,0,0.0,0.61,4.3,6.6,246,319,12.2,20.3,24.1,21.2,17.1,0.126,0.146,0.216,0.321,0,0.0,0.0,0.0,0.0,0.0,0.0,0.0,0.0,0.0,0.0,0.0,0.0,0.0
238,238,41.01933,-7.7032776,723.0,2018-08-25T01:00,19.0,66,12.6,19.3,0.0,0.0,0.0,0.0,0,1018.5,936.6,0,0,0,0,0.0,0.74,3.3,5.3,264,332,9.7,19.5,23.9,21.2,17.1,0.126,0.146,0.217,0.321,0,0.0,0.0,0.0,0.0,0.0,0.0,0.0,0.0,0.0,0.0,0.0,0.0,0.0
237,237,41.01933,-7.7032776,723.0,2018-08-25T02:00,18.4,69,12.6,18.6,0.0,0.0,0.0,0.0,0,1018.4,936.3,0,0,0,0,0.0,0.66,4.0,5.8,360,7,7.9,18.7,23.7,21.2,17.1,0.126,0.146,0.217,0.321,0,0.0,0.0,0.0,0.0,0.0,0.0,0.0,0.0,0.0,0.0,0.0,0.0,0.0
236,236,41.01933,-7.7032776,723.0,2018-08-25T03:00,15.8,79,12.2,15.7,0.0,0.0,0.0,0.0,0,1018.3,935.5,0,0,0,0,0.0,0.37,5.6,9.2,50,48,10.8,18.1,23.4,21.2,17.1,0.126,0.146,0.217,0.321,0,0.0,0.0,0.0,0.0,0.0,0.0,0.0,0.0,0.0,0.0,0.0,0.0,0.0
235,235,41.01933,-7.7032776,723.0,2018-08-25T04:00,16.4,67,10.2,15.6,0.0,0.0,0.0,0.0,0,1018.5,935.9,0,0,0,0,0.01,0.62,5.9,9.7,47,39,12.6,17.4,23.1,21.2,17.1,0.126,0.146,0.217,0.321,0,0.0,0.0,0.0,0.0,0.0,0.0,0.0,0.0,0.0,0.0,0.0,0.0,0.0
234,234,41.01933,-7.7032776,723.0,2018-08-25T05:00,15.4,62,8.1,14.1,0.0,0.0,0.0,0.0,0,1018.3,935.4,0,0,0,0,0.01,0.67,5.2,9.2,12,39,11.9,16.7,22.8,21.2,17.1,0.126,0.146,0.217,0.321,0,0.0,0.0,0.0,0.0,0.0,0.0,0.0,0.0,0.0,0.0,0.0,0.0,0.0
233,233,41.01933,-7.7032776,723.0,2018-08-25T06:00,14.9,59,6.9,13.2,0.0,0.0,0.0,0.0,0,1018.5,935.4,0,0,0,0,0.05,0.69,6.1,10.3,3,36,12.6,16.0,22.5,21.2,17.1,0.126,0.146,0.217,0.321,1,0.0,0.0,0.0,0.0,0.0,0.0,1.2,0.0,0.0,0.0,0.0,0.0,21.8
232,232,41.01933,-7.7032776,723.0,2018-08-25T07:00,15.3,61,7.8,13.9,0.0,0.0,0.0,0.0,0,1018.9,935.9,0,0,0,0,0.04,0.68,5.6,11.5,15,41,14.4,16.3,22.2,21.2,17.1,0.126,0.146,0.217,0.321,1,2546.38,71.0,39.0,32.0,276.2,71.0,151.1,131.9,72.4,59.4,345.5,105.4,280.7
231,231,41.01933,-7.7032776,723.0,2018-08-25T08:00,17.0,63,9.9,15.7,0.0,0.0,0.0,0.0,0,1018.9,936.4,0,0,0,0,0.15,0.72,8.8,12.0,35,39,22.3,17.7,22.0,21.2,17.1,0.126,0.146,0.217,0.321,1,3600.0,250.0,179.0,71.0,588.1,250.0,407.5,326.2,233.5,92.6,588.1,326.2,531.6
230,230,41.01933,-7.7032776,723.0,2018-08-25T09:00,19.0,59,10.7,17.8,0.0,0.0,0.0,0.0,0,1018.6,936.6,0,0,0,0,0.27,0.9,9.4,11.7,43,45,24.5,19.5,21.8,21.2,17.1,0.126,0.146,0.216,0.321,1,3600.0,445.0,354.0,91.0,732.2,445.0,647.3,520.8,414.3,106.5,732.2,520.8,757.5
229,229,41.01933,-7.7032776,723.0,2018-08-25T10:00,20.9,52,10.7,20.0,0.0,0.0,0.0,0.0,0,1018.6,937.2,0,0,0,0,0.39,1.19,10.3,12.8,36,38,28.1,21.7,21.8,21.2,17.1,0.126,0.146,0.216,0.321,1,3600.0,625.0,519.0,106.0,813.6,625.0,854.1,690.0,573.0,117.0,813.6,690.0,942.9
228,228,41.01933,-7.7032776,723.0,2018-08-25T11:00,22.9,44,10.0,22.8,0.0,0.0,0.0,0.0,0,1017.9,937.0,0,0,0,0,0.51,1.57,9.7,12.0,31,33,27.7,24.0,21.8,21.2,17.1,0.126,0.146,0.216,0.321,1,3600.0,766.0,652.0,114.0,861.1,766.0,1013.8,812.3,691.4,120.9,861.1,812.3,1075.1
227,227,41.01933,-7.7032776,723.0,2018-08-25T12:00,24.0,39,9.3,23.9,0.0,0.0,0.0,0.0,0,1017.7,937.1,0,0,0,0,0.58,1.81,10.9,13.6,17,17,28.8,25.9,22.0,21.2,17.1,0.127,0.149,0.218,0.321,1,3600.0,855.0,736.0,119.0,883.4,855.0,1115.5,877.7,755.6,122.2,883.4,877.7,1145.1
226,226,41.01933,-7.7032776,723.0,2018-08-25T13:00,25.1,34,7.9,24.9,0.0,0.0,0.0,0.0,0,1016.9,936.7,1,0,0,2,0.61,2.11,10.2,12.5,18,18,29.9,27.6,22.2,21.2,17.1,0.127,0.148,0.218,0.321,1,3600.0,875.0,752.0,123.0,873.8,875.0,1152.3,871.9,749.4,122.6,873.8,871.9,1148.2
225,225,41.01933,-7.7032776,723.0,2018-08-25T14:00,25.9,30,7.0,25.4,0.0,0.0,0.0,0.0,1,1016.4,936.4,24,0,0,80,0.61,2.34,10.1,12.4,17,17,28.1,28.9,22.4,21.2,17.1,0.127,0.148,0.218,0.321,1,3600.0,845.0,724.0,121.0,864.3,845.0,1121.5,816.8,699.8,117.0,864.3,816.8,1084.1
224,224,41.01933,-7.7032776,723.0,2018-08-25T15:00,26.5,28,6.7,25.5,0.0,0.0,0.0,0.0,1,1015.7,935.9,25,0,0,83,0.56,2.47,9.4,11.6,18,16,27.7,29.7,22.7,21.1,17.1,0.127,0.148,0.217,0.321,1,3600.0,757.0,635.0,122.0,829.1,757.0,1025.4,706.5,592.7,113.9,829.1,706.5,957.1
223,223,41.01933,-7.7032776,723.0,2018-08-25T16:00,26.6,30,7.5,25.3,0.0,0.0,0.0,0.0,1,1015.0,935.3,25,0,0,84,0.45,2.44,7.0,8.8,12,9,25.6,30.0,23.0,21.1,17.1,0.127,0.148,0.217,0.321,1,3600.0,617.0,501.0,116.0,770.7,617.0,870.4,550.0,446.6,103.4,770.7,550.0,775.8
222,222,41.01933,-7.7032776,723.0,2018-08-25T17:00,26.4,32,8.4,24.9,0.0,0.0,0.0,0.0,1,1014.8,935.1,22,0,0,72,0.33,2.33,7.2,9.0,3,360,20.5,29.7,23.2,21.2,17.1,0.127,0.148,0.217,0.321,1,3600.0,441.0,339.0,102.0,680.5,441.0,667.1,365.4,280.9,84.5,680.5,365.4,552.7
221,221,41.01933,-7.7032776,723.0,2018-08-25T18:00,25.7,35,9.2,24.6,0.0,0.0,0.0,0.0,0,1014.4,934.5,4,0,0,15,0.2,2.14,6.4,8.3,344,342,19.1,28.8,23.5,21.2,17.1,0.126,0.148,0.217,0.321,1,3600.0,255.0,181.0,74.0,564.6,255.0,429.2,180.0,127.7,52.2,564.6,180.0,302.9
220,220,41.01933,-7.7032776,723.0,2018-08-25T19:00,23.0,45,10.4,22.3,0.0,0.0,0.0,0.0,0,1014.3,933.8,6,0,0,19,0.08,1.55,6.0,12.2,327,326,14.8,27.2,23.6,21.2,17.1,0.126,0.148,0.217,0.321,1,2850.71,80.0,44.0,36.0,294.4,80.0,173.1,20.1,11.0,9.0,126.6,17.4,43.4
219,219,41.01933,-7.7032776,723.0,2018-08-25T20:00,21.7,44,8.9,20.5,0.0,0.0,0.0,0.0,0,1014.7,933.8,13,0,0,43,0.07,1.45,6.0,14.8,303,313,15.5,25.5,23.7,21.2,17.1,0.126,0.148,0.217,0.321,0,0.0,1.0,0.0,1.0,0.0,1.0,11.8,0.0,0.0,0.0,0.0,0.0,0.0
218,218,41.01933,-7.7032776,723.0,2018-08-25T21:00,19.9,53,10.0,18.8,0.0,0.0,0.0,0.0,0,1015.4,934.0,20,0,0,66,0.04,1.1,7.7,11.7,323,351,14.8,23.9,23.7,21.2,17.1,0.126,0.148,0.217,0.321,0,0.0,0.0,0.0,0.0,0.0,0.0,0.0,0.0,0.0,0.0,0.0,0.0,0.0
217,217,41.01933,-7.7032776,723.0,2018-08-25T22:00,19.3,54,9.7,18.0,0.0,0.0,0.0,0.0,1,1015.7,934.1,21,0,0,71,0.04,1.03,8.2,10.3,23,29,14.8,22.6,23.6,21.2,17.1,0.126,0.148,0.217,0.321,0,0.0,0.0,0.0,0.0,0.0,0.0,0.0,0.0,0.0,0.0,0.0,0.0,0.0
216,216,41.01933,-7.7032776,723.0,2018-08-25T23:00,20.6,47,8.9,19.5,0.0,0.0,0.0,0.0,1,1016.0,934.7,20,0,0,68,0.03,1.28,4.9,6.6,54,45,14.0,21.5,23.5,21.2,17.1,0.126,0.148,0.217,0.321,0,0.0,0.0,0.0,0.0,0.0,0.0,0.0,0.0,0.0,0.0,0.0,0.0,0.0
215,215,41.01933,-7.7032776,723.0,2018-08-26T00:00,20.3,46,8.5,19.6,0.0,0.0,0.0,0.0,0,1016.1,934.7,18,0,0,61,0.0,1.28,2.1,2.1,121,59,9.4,20.2,23.4,21.2,17.1,0.126,0.147,0.217,0.321,0,0.0,0.0,0.0,0.0,0.0,0.0,0.0,0.0,0.0,0.0,0.0,0.0,0.0
214,214,41.01933,-7.7032776,723.0,2018-08-26T01:00,19.8,48,8.6,18.9,0.0,0.0,0.0,0.0,0,1015.9,934.4,6,0,0,20,0.02,1.19,3.9,5.6,56,45,7.2,19.5,23.2,21.2,17.1,0.126,0.147,0.217,0.321,0,0.0,0.0,0.0,0.0,0.0,0.0,0.0,0.0,0.0,0.0,0.0,0.0,0.0
213,213,41.01933,-7.7032776,723.0,2018-08-26T02:00,17.4,59,9.3,16.2,0.0,0.0,0.0,0.0,0,1016.0,933.8,0,0,0,0,0.02,0.81,6.6,9.7,68,59,12.2,18.9,23.0,21.2,17.1,0.126,0.147,0.217,0.321,0,0.0,0.0,0.0,0.0,0.0,0.0,0.0,0.0,0.0,0.0,0.0,0.0,0.0
212,212,41.01933,-7.7032776,723.0,2018-08-26T03:00,17.9,57,9.2,16.8,0.0,0.0,0.0,0.0,0,1016.0,934.0,0,0,0,0,0.02,0.89,5.9,10.2,47,45,13.3,18.3,22.8,21.2,17.1,0.126,0.147,0.217,0.321,0,0.0,0.0,0.0,0.0,0.0,0.0,0.0,0.0,0.0,0.0,0.0,0.0,0.0
211,211,41.01933,-7.7032776,723.0,2018-08-26T04:00,16.9,61,9.4,15.8,0.0,0.0,0.0,0.0,0,1015.9,933.6,0,0,0,0,0.02,0.74,6.3,11.2,31,45,12.2,17.7,22.6,21.2,17.1,0.126,0.147,0.217,0.321,0,0.0,0.0,0.0,0.0,0.0,0.0,0.0,0.0,0.0,0.0,0.0,0.0,0.0
210,210,41.01933,-7.7032776,723.0,2018-08-26T05:00,15.1,70,9.8,14.0,0.0,0.0,0.0,0.0,0,1016.2,933.4,1,0,0,3,0.01,0.51,7.3,11.0,33,52,13.7,17.2,22.3,21.2,17.2,0.126,0.147,0.217,0.321,0,0.0,0.0,0.0,0.0,0.0,0.0,0.0,0.0,0.0,0.0,0.0,0.0,0.0
209,209,41.01933,-7.7032776,723.0,2018-08-26T06:00,14.6,74,10.0,13.6,0.0,0.0,0.0,0.0,0,1016.4,933.4,6,0,0,19,0.01,0.43,6.8,9.2,32,48,13.3,16.8,22.1,21.2,17.2,0.126,0.147,0.217,0.321,1,0.0,0.0,0.0,0.0,0.0,0.0,0.0,0.0,0.0,0.0,0.0,0.0,17.7
208,208,41.01933,-7.7032776,723.0,2018-08-26T07:00,16.5,66,10.1,15.9,0.0,0.0,0.0,0.0,0,1016.6,934.1,0,0,0,0,0.04,0.64,4.4,7.5,35,55,12.2,17.1,21.8,21.2,17.2,0.126,0.147,0.217,0.321,1,2489.45,65.0,35.0,30.0,250.4,65.0,147.1,122.3,65.9,56.5,318.6,96.2,276.9
207,207,41.01933,-7.7032776,723.0,2018-08-26T08:00,17.7,61,10.2,17.0,0.0,0.0,0.0,0.0,0,1016.7,934.6,1,0,0,2,0.14,0.78,5.4,6.6,37,41,15.8,18.4,21.7,21.2,17.2,0.126,0.147,0.217,0.321,1,3600.0,237.0,167.0,70.0,553.8,237.0,403.9,309.9,218.4,91.5,553.8,309.9,528.2
206,206,41.01933,-7.7032776,723.0,2018-08-26T09:00,19.6,56,10.6,18.7,0.0,0.0,0.0,0.0,0,1016.6,935.0,9,0,0,29,0.26,1.0,7.2,8.7,37,38,20.2,20.2,21.6,21.2,17.2,0.126,0.147,0.217,0.321,1,3600.0,429.0,338.0,91.0,703.1,429.0,643.9,502.5,395.9,106.6,703.1,502.5,754.2
205,205,41.01933,-7.7032776,723.0,2018-08-26T10:00,21.9,49,10.6,21.3,0.0,0.0,0.0,0.0,0,1016.3,935.3,0,0,0,0,0.39,1.35,7.1,8.9,45,47,22.3,22.4,21.5,21.1,17.2,0.126,0.147,0.216,0.321,1,3600.0,605.0,499.0,106.0,785.5,605.0,850.8,668.2,551.1,117.1,785.5,668.2,939.7
204,204,41.01933,-7.7032776,723.0,2018-08-26T11:00,24.4,42,10.6,25.0,0.0,0.0,0.0,0.0,0,1016.0,935.7,6,0,0,21,0.5,1.78,5.4,5.9,48,52,22.3,24.7,21.6,21.1,17.2,0.126,0.147,0.216,0.321,1,3600.0,745.0,629.0,116.0,833.7,745.0,1010.5,790.2,667.1,123.0,833.7,790.2,1071.8
203,203,41.01933,-7.7032776,723.0,2018-08-26T12:00,26.0,40,11.5,27.8,0.0,0.0,0.0,0.0,0,1015.8,935.9,6,0,0,21,0.58,2.0,3.4,3.4,32,32,19.8,26.8,21.7,21.1,17.2,0.127,0.146,0.216,0.321,1,3600.0,834.0,713.0,121.0,858.7,834.0,1112.1,856.1,731.9,124.2,858.7,856.1,1141.7
202,202,41.01933,-7.7032776,723.0,2018-08-26T13:00,27.8,37,11.8,29.9,0.0,0.0,0.0,0.0,0,1015.2,935.8,14,0,0,46,0.61,2.36,3.2,3.3,360,347,17.6,28.9,22.0,21.1,17.2,0.127,0.146,0.216,0.321,1,3600.0,864.0,740.0,124.0,862.9,864.0,1148.6,860.8,737.3,123.5,862.9,860.8,1144.4
201,201,41.01933,-7.7032776,723.0,2018-08-26T14:00,28.8,35,11.8,30.4,0.0,0.0,0.0,0.0,0,1014.6,935.5,19,0,0,64,0.61,2.57,5.0,5.9,330,322,19.1,30.4,22.3,21.1,17.2,0.127,0.146,0.216,0.321,1,3600.0,835.0,713.0,122.0,854.6,835.0,1117.6,806.8,689.0,117.9,854.6,806.8,1079.9
200,200,41.01933,-7.7032776,723.0,2018-08-26T15:00,29.0,36,12.3,29.9,0.0,0.0,0.0,0.0,0,1014.0,935.0,9,0,0,29,0.56,2.58,7.4,9.2,317,312,22.3,31.3,22.6,21.1,17.2,0.126,0.146,0.215,0.321,1,3600.0,749.0,631.0,118.0,827.9,749.0,1021.0,698.7,588.6,110.1,827.9,698.7,952.4
199,199,41.01933,-7.7032776,723.0,2018-08-26T16:00,28.5,38,12.8,28.3,0.0,0.0,0.0,0.0,0,1014.1,935.0,2,0,0,7,0.47,2.41,9.7,12.0,315,311,25.2,31.5,23.0,21.1,17.2,0.126,0.146,0.215,0.321,1,3600.0,613.0,507.0,106.0,784.7,613.0,865.5,545.8,451.5,94.4,784.7,545.8,770.7
198,198,41.01933,-7.7032776,723.0,2018-08-26T17:00,27.5,41,13.0,26.8,0.0,0.0,0.0,0.0,0,1014.1,934.7,0,0,0,0,0.36,2.17,11.2,14.3,315,313,26.6,31.0,23.3,21.1,17.2,0.126,0.146,0.215,0.321,1,3600.0,440.0,348.0,92.0,704.6,440.0,661.6,363.8,287.7,76.1,704.6,363.8,547.0
197,197,41.01933,-7.7032776,723.0,2018-08-26T18:00,25.9,46,13.5,25.2,0.0,0.0,0.0,0.0,0,1014.1,934.3,0,0,0,0,0.23,1.79,12.5,16.9,311,310,27.7,29.8,23.6,21.1,17.2,0.126,0.146,0.215,0.32,1,3600.0,250.0,179.0,71.0,566.5,250.0,423.3,175.3,125.5,49.8,566.5,175.3,296.7
196,196,41.01933,-7.7032776,723.0,2018-08-26T19:00,23.7,55,14.1,23.9,0.0,0.0,0.0,0.0,0,1014.3,933.9,0,0,0,0,0.08,1.32,7.6,15.8,315,313,27.4,28.2,23.8,21.1,17.2,0.126,0.146,0.215,0.32,1,2759.82,76.0,42.0,34.0,285.5,76.0,166.7,16.8,9.3,7.5,106.4,14.2,36.8
195,195,41.01933,-7.7032776,723.0,2018-08-26T20:00,21.3,66,14.6,21.9,0.0,0.0,0.0,0.0,0,1014.6,933.6,0,0,0,0,0.04,0.87,5.8,11.4,292,305,18.0,26.3,23.9,21.1,17.2,0.126,0.146,0.215,0.32,0,0.0,1.0,0.0,1.0,0.0,1.0,8.5,0.0,0.0,0.0,0.0,0.0,0.0
194,194,41.01933,-7.7032776,723.0,2018-08-26T21:00,20.0,72,14.8,20.7,0.0,0.0,0.0,0.0,0,1015.1,933.7,0,0,0,0,0.01,0.66,6.2,7.9,277,294,12.2,24.6,23.9,21.1,17.2,0.126,0.146,0.215,0.32,0,0.0,0.0,0.0,0.0,0.0,0.0,0.0,0.0,0.0,0.0,0.0,0.0,0.0
193,193,41.01933,-7.7032776,723.0,2018-08-26T22:00,19.0,75,14.5,19.8,0.0,0.0,0.0,0.0,0,1015.1,933.4,0,0,0,0,0.0,0.55,4.8,5.8,243,292,11.2,23.2,23.9,21.1,17.2,0.126,0.146,0.215,0.32,0,0.0,0.0,0.0,0.0,0.0,0.0,0.0,0.0,0.0,0.0,0.0,0.0,0.0
192,192,41.01933,-7.7032776,723.0,2018-08-26T23:00,18.5,76,14.1,19.3,0.0,0.0,0.0,0.0,0,1015.0,933.2,0,0,0,0,0.0,0.52,3.3,3.9,229,304,9.4,22.1,23.8,21.2,17.2,0.126,0.146,0.215,0.32,0,0.0,0.0,0.0,0.0,0.0,0.0,0.0,0.0,0.0,0.0,0.0,0.0,0.0
191,191,41.01933,-7.7032776,723.0,2018-08-27T00:00,20.0,66,13.4,20.8,0.0,0.0,0.0,0.0,0,1015.2,933.8,0,0,0,0,0.0,0.8,1.5,2.3,225,321,7.6,20.5,23.6,21.2,17.2,0.124,0.145,0.214,0.32,0,0.0,0.0,0.0,0.0,0.0,0.0,0.0,0.0,0.0,0.0,0.0,0.0,0.0
190,190,41.01933,-7.7032776,723.0,2018-08-27T01:00,20.5,61,12.8,21.1,0.0,0.0,0.0,0.0,0,1014.9,933.7,0,0,0,0,0.0,0.93,1.8,1.9,191,68,5.4,19.7,23.4,21.2,17.2,0.124,0.145,0.214,0.32,0,0.0,0.0,0.0,0.0,0.0,0.0,0.0,0.0,0.0,0.0,0.0,0.0,0.0
189,189,41.01933,-7.7032776,723.0,2018-08-27T02:00,20.6,61,12.7,21.0,0.0,0.0,0.0,0.0,0,1014.7,933.5,0,0,0,0,0.0,0.96,3.0,5.0,166,90,6.8,19.1,23.2,21.2,17.2,0.124,0.145,0.214,0.32,0,0.0,0.0,0.0,0.0,0.0,0.0,0.0,0.0,0.0,0.0,0.0,0.0,0.0
188,188,41.01933,-7.7032776,723.0,2018-08-27T03:00,20.4,61,12.6,20.8,0.0,0.0,0.0,0.0,0,1014.5,933.2,0,0,0,0,0.0,0.94,2.6,6.2,146,80,6.8,18.5,23.0,21.2,17.2,0.124,0.145,0.214,0.32,0,0.0,0.0,0.0,0.0,0.0,0.0,0.0,0.0,0.0,0.0,0.0,0.0,0.0
187,187,41.01933,-7.7032776,723.0,2018-08-27T04:00,19.8,63,12.6,20.2,0.0,0.0,0.0,0.0,0,1014.4,933.0,0,0,0,0,0.0,0.85,3.1,6.8,126,72,7.6,18.0,22.7,21.2,17.2,0.124,0.145,0.214,0.32,0,0.0,0.0,0.0,0.0,0.0,0.0,0.0,0.0,0.0,0.0,0.0,0.0,0.0
186,186,41.01933,-7.7032776,723.0,2018-08-27T05:00,19.5,64,12.5,19.8,0.0,0.0,0.0,0.0,0,1014.4,932.9,0,0,0,0,0.0,0.82,2.7,6.6,157,77,7.9,17.6,22.5,21.2,17.2,0.124,0.145,0.214,0.32,0,0.0,0.0,0.0,0.0,0.0,0.0,0.0,0.0,0.0,0.0,0.0,0.0,0.0
185,185,41.01933,-7.7032776,723.0,2018-08-27T06:00,19.3,64,12.3,19.5,0.0,0.0,0.0,0.0,0,1014.7,933.1,0,0,0,0,0.0,0.81,3.3,7.4,139,76,8.6,17.2,22.3,21.2,17.2,0.124,0.145,0.214,0.32,1,0.0,0.0,0.0,0.0,0.0,0.0,0.0,0.0,0.0,0.0,0.0,0.0,13.4
184,184,41.01933,-7.7032776,723.0,2018-08-27T07:00,19.5,69,13.6,20.4,0.0,0.0,0.0,0.0,0,1015.1,933.6,0,0,0,0,0.03,0.7,1.5,6.9,135,81,9.4,17.7,22.1,21.2,17.2,0.124,0.145,0.214,0.32,1,2432.5,63.0,34.0,29.0,245.8,63.0,143.1,120.2,64.9,55.3,318.3,92.8,273.1
183,183,41.01933,-7.7032776,723.0,2018-08-27T08:00,21.7,55,12.2,21.8,0.0,0.0,0.0,0.0,0,1015.3,934.3,0,0,0,0,0.14,1.17,3.4,5.8,58,83,11.5,19.3,21.9,21.1,17.2,0.124,0.145,0.214,0.32,1,3600.0,235.0,166.0,69.0,555.7,235.0,400.2,308.1,217.6,90.5,555.7,308.1,524.7
182,182,41.01933,-7.7032776,723.0,2018-08-27T09:00,23.9,48,12.4,23.9,0.0,0.0,0.0,0.0,0,1015.4,935.0,0,0,0,0,0.29,1.53,5.2,6.6,65,81,16.9,21.5,21.8,21.1,17.2,0.124,0.145,0.214,0.32,1,3600.0,427.0,337.0,90.0,705.0,427.0,640.5,500.6,395.1,105.5,705.0,500.6,750.9
181,181,41.01933,-7.7032776,723.0,2018-08-27T10:00,26.4,42,12.6,26.7,0.0,0.0,0.0,0.0,0,1015.1,935.4,0,0,0,0,0.43,1.99,5.9,7.2,79,90,19.8,23.9,21.9,21.1,17.2,0.124,0.145,0.214,0.32,1,3600.0,603.0,500.0,103.0,790.5,603.0,847.6,666.2,552.4,113.8,790.5,666.2,936.4
180,180,41.01933,-7.7032776,723.0,2018-08-27T11:00,28.6,35,11.8,29.6,0.0,0.0,0.0,0.0,0,1014.6,935.5,2,0,0,8,0.54,2.54,5.2,6.1,74,87,19.4,26.4,22.0,21.1,17.2,0.124,0.145,0.214,0.32,1,3600.0,744.0,631.0,113.0,839.4,744.0,1007.3,789.2,669.4,119.9,839.4,789.2,1068.5
179,179,41.01933,-7.7032776,723.0,2018-08-27T12:00,30.3,26,8.7,30.8,0.0,0.0,0.0,0.0,1,1013.9,935.2,28,0,0,93,0.62,3.19,6.0,7.1,107,120,19.8,28.4,22.2,21.1,17.2,0.125,0.147,0.216,0.32,1,3600.0,828.0,703.0,125.0,849.7,828.0,1108.7,850.0,721.7,128.3,849.7,850.0,1138.1
178,178,41.01933,-7.7032776,723.0,2018-08-27T13:00,31.6,21,6.3,30.4,0.0,0.0,0.0,0.0,1,1013.5,935.2,30,0,0,99,0.6,3.68,8.8,11.6,171,175,23.4,29.9,22.4,21.1,17.2,0.125,0.147,0.216,0.32,1,3600.0,721.0,400.0,321.0,468.2,721.0,1145.0,718.2,398.5,319.8,468.2,718.2,1140.6
177,177,41.01933,-7.7032776,723.0,2018-08-27T14:00,31.4,23,7.7,28.8,0.0,0.0,0.0,0.0,3,1013.6,935.2,89,0,98,100,0.54,3.53,13.4,17.4,194,193,32.8,30.5,22.8,21.1,17.2,0.125,0.147,0.216,0.32,1,3600.0,557.0,191.0,366.0,229.9,557.0,1113.5,538.0,184.5,353.5,229.9,538.0,1075.6
176,176,41.01933,-7.7032776,723.0,2018-08-27T15:00,29.9,27,8.9,28.3,0.0,0.0,0.0,0.0,1,1013.2,934.5,34,0,7,100,0.29,3.08,9.0,12.6,182,182,31.7,29.8,23.0,21.1,17.3,0.125,0.147,0.216,0.32,1,0.0,232.0,6.0,226.0,7.9,232.0,1016.5,216.3,5.6,210.7,7.9,216.3,947.6
175,175,41.01933,-7.7032776,723.0,2018-08-27T16:00,29.8,26,8.0,27.6,0.0,0.0,0.0,0.0,2,1013.0,934.3,68,0,65,95,0.34,3.12,11.8,15.6,142,146,25.2,29.6,23.3,21.1,17.3,0.125,0.147,0.216,0.32,1,162.39,281.0,42.0,239.0,65.4,281.0,860.5,249.9,37.4,212.6,65.4,249.9,765.4
174,174,41.01933,-7.7032776,723.0,2018-08-27T17:00,28.1,29,8.4,24.7,0.0,0.0,0.0,0.0,2,1013.4,934.2,64,0,66,82,0.34,2.7,20.4,31.6,154,156,43.6,29.0,23.5,21.1,17.3,0.125,0.147,0.216,0.32,1,0.0,198.0,23.0,175.0,47.0,198.0,656.1,163.3,19.0,144.4,47.0,163.3,541.2
173,173,41.01933,-7.7032776,723.0,2018-08-27T18:00,26.1,38,10.7,24.5,0.0,0.0,0.0,0.0,1,1013.0,933.3,33,0,14,83,0.19,2.09,11.9,20.4,166,171,48.6,28.0,23.7,21.1,17.3,0.125,0.147,0.215,0.32,1,2343.3,118.0,43.0,75.0,138.1,118.0,417.3,82.1,29.9,52.2,138.1,82.1,290.5
172,172,41.01933,-7.7032776,723.0,2018-08-27T19:00,25.2,38,10.0,23.5,0.0,0.0,0.0,0.0,1,1013.0,933.1,20,0,13,41,0.14,1.98,11.7,25.5,189,189,32.8,26.8,23.8,21.1,17.3,0.125,0.147,0.215,0.32,1,1278.25,48.0,17.0,31.0,117.5,48.0,160.2,9.0,3.2,5.8,36.7,7.5,30.2
171,171,41.01933,-7.7032776,723.0,2018-08-27T20:00,23.5,41,9.6,22.0,0.0,0.0,0.0,0.0,1,1013.2,932.9,23,0,21,35,0.11,1.7,9.4,21.5,182,189,34.9,25.6,23.9,21.1,17.3,0.125,0.147,0.215,0.32,0,0.0,0.0,0.0,0.0,0.0,0.0,5.2,0.0,0.0,0.0,0.0,0.0,0.0
170,170,41.01933,-7.7032776,723.0,2018-08-27T21:00,21.5,51,11.0,20.9,0.0,0.0,0.0,0.0,0,1013.8,932.9,19,0,16,32,0.03,1.24,6.3,8.3,193,214,32.4,24.5,23.9,21.2,17.3,0.124,0.147,0.215,0.32,0,0.0,0.0,0.0,0.0,0.0,0.0,0.0,0.0,0.0,0.0,0.0,0.0,0.0
169,169,41.01933,-7.7032776,723.0,2018-08-27T22:00,20.7,55,11.4,20.5,0.0,0.0,0.0,0.0,0,1013.6,932.5,8,0,13,2,0.01,1.09,3.7,6.6,281,9,23.8,23.5,23.8,21.2,17.3,0.125,0.147,0.215,0.32,0,0.0,0.0,0.0,0.0,0.0,0.0,0.0,0.0,0.0,0.0,0.0,0.0,0.0
168,168,41.01933,-7.7032776,723.0,2018-08-27T23:00,19.8,54,10.1,18.9,0.0,0.0,0.0,0.0,1,1014.3,932.9,37,0,37,50,0.03,1.07,6.0,15.4,253,281,23.8,22.6,23.8,21.2,17.3,0.125,0.147,0.215,0.32,0,0.0,0.0,0.0,0.0,0.0,0.0,0.0,0.0,0.0,0.0,0.0,0.0,0.0
167,167,41.01933,-7.7032776,723.0,2018-08-28T00:00,20.3,57,11.6,19.5,0.0,0.0,0.0,0.0,1,1013.5,932.3,21,0,35,1,0.04,1.02,8.7,13.8,300,327,14.8,21.8,23.9,21.2,17.3,0.128,0.149,0.217,0.32,0,0.0,0.0,0.0,0.0,0.0,0.0,0.0,0.0,0.0,0.0,0.0,0.0,0.0
166,166,41.01933,-7.7032776,723.0,2018-08-28T01:00,19.4,58,10.9,18.6,0.0,0.0,0.0,0.0,1,1013.1,931.7,27,0,33,23,0.03,0.95,7.3,13.8,281,311,26.6,21.2,23.7,21.2,17.3,0.128,0.149,0.217,0.32,0,0.0,0.0,0.0,0.0,0.0,0.0,0.0,0.0,0.0,0.0,0.0,0.0,0.0
165,165,41.01933,-7.7032776,723.0,2018-08-28T02:00,21.9,47,10.2,21.3,0.0,0.0,0.0,0.0,1,1012.7,932.0,29,0,31,36,0.03,1.38,4.7,8.9,266,333,23.8,20.7,23.6,21.2,17.3,0.128,0.149,0.217,0.32,0,0.0,0.0,0.0,0.0,0.0,0.0,0.0,0.0,0.0,0.0,0.0,0.0,0.0
164,164,41.01933,-7.7032776,723.0,2018-08-28T03:00,19.3,60,11.3,18.7,0.0,0.0,0.0,0.0,1,1013.3,931.9,26,0,13,61,0.03,0.9,6.9,7.4,276,317,19.1,20.3,23.4,21.2,17.3,0.128,0.149,0.217,0.32,0,0.0,0.0,0.0,0.0,0.0,0.0,0.0,0.0,0.0,0.0,0.0,0.0,0.0
163,163,41.01933,-7.7032776,723.0,2018-08-28T04:00,19.0,59,10.9,18.4,0.0,0.0,0.0,0.0,0,1013.3,931.8,17,0,28,0,0.02,0.9,6.3,8.9,329,21,13.0,19.8,23.2,21.2,17.3,0.128,0.149,0.217,0.32,0,0.0,0.0,0.0,0.0,0.0,0.0,0.0,0.0,0.0,0.0,0.0,0.0,0.0
162,162,41.01933,-7.7032776,723.0,2018-08-28T05:00,17.5,67,11.2,16.8,0.0,0.0,0.0,0.0,0,1013.4,931.5,1,0,2,0,0.02,0.66,7.2,10.3,297,331,13.0,19.4,23.0,21.2,17.3,0.128,0.149,0.217,0.32,0,0.0,0.0,0.0,0.0,0.0,0.0,0.0,0.0,0.0,0.0,0.0,0.0,0.0
161,161,41.01933,-7.7032776,723.0,2018-08-28T06:00,18.7,59,10.5,18.2,0.0,0.0,0.0,0.0,0,1013.7,932.1,1,0,1,0,0.01,0.88,4.1,9.3,128,54,11.2,18.8,22.8,21.2,17.3,0.128,0.149,0.217,0.32,1,0.0,0.0,0.0,0.0,0.0,0.0,0.0,0.0,0.0,0.0,0.0,0.0,9.2
160,160,41.01933,-7.7032776,723.0,2018-08-28T07:00,19.2,60,11.3,19.1,0.0,0.0,0.0,0.0,0,1014.1,932.6,1,0,1,0,0.04,0.89,3.3,4.3,186,95,10.1,19.0,22.6,21.2,17.3,0.128,0.149,0.217,0.32,1,2375.52,61.0,32.0,29.0,233.8,61.0,139.1,118.1,61.9,56.1,308.3,89.6,269.3
159,159,41.01933,-7.7032776,723.0,2018-08-28T08:00,21.7,51,11.1,21.7,0.0,0.0,0.0,0.0,0,1014.2,933.3,1,0,1,0,0.13,1.27,2.2,3.3,180,174,11.2,20.3,22.5,21.2,17.3,0.128,0.149,0.217,0.32,1,3600.0,230.0,160.0,70.0,540.9,230.0,396.6,302.3,210.3,92.0,540.9,302.3,521.2
158,158,41.01933,-7.7032776,723.0,2018-08-28T09:00,23.6,45,11.0,23.0,0.0,0.0,0.0,0.0,0,1014.3,933.9,0,0,0,0,0.29,1.6,6.1,8.2,208,209,18.4,22.2,22.4,21.2,17.3,0.128,0.149,0.217,0.32,1,3600.0,419.0,327.0,92.0,688.1,419.0,637.1,491.7,383.7,108.0,688.1,491.7,747.6
157,157,41.01933,-7.7032776,723.0,2018-08-28T10:00,24.8,45,12.1,24.1,0.0,0.0,0.0,0.0,0,1014.7,934.6,0,0,0,0,0.42,1.71,10.7,13.9,230,233,27.7,24.3,22.4,21.2,17.3,0.128,0.149,0.217,0.32,1,3600.0,594.0,488.0,106.0,774.9,594.0,844.3,656.5,539.4,117.2,774.9,656.5,933.1
156,156,41.01933,-7.7032776,723.0,2018-08-28T11:00,25.8,44,12.7,25.7,0.0,0.0,0.0,0.0,0,1014.8,934.9,0,0,0,0,0.53,1.85,13.0,16.9,228,230,32.8,26.2,22.5,21.2,17.3,0.128,0.149,0.217,0.32,1,3600.0,732.0,616.0,116.0,822.6,732.0,1004.0,776.6,653.5,123.1,822.6,776.6,1065.1
155,155,41.01933,-7.7032776,723.0,2018-08-28T12:00,26.2,46,13.7,27.0,0.0,0.0,0.0,0.0,0,1015.2,935.4,4,1,2,7,0.57,1.83,11.8,14.7,250,248,42.1,28.0,22.7,21.2,17.3,0.129,0.15,0.217,0.32,1,3600.0,807.0,678.0,129.0,822.4,807.0,1105.2,828.4,696.0,132.4,822.4,828.4,1134.6
154,154,41.01933,-7.7032776,723.0,2018-08-28T13:00,26.6,44,13.4,27.2,0.0,0.0,0.0,0.0,1,1015.2,935.5,21,10,20,0,0.58,1.94,12.6,16.3,250,248,33.1,29.3,23.0,21.2,17.3,0.129,0.149,0.217,0.32,1,3600.0,803.0,646.0,157.0,758.9,803.0,1141.2,799.8,643.4,156.4,758.9,799.8,1136.7
153,153,41.01933,-7.7032776,723.0,2018-08-28T14:00,26.1,46,13.6,26.0,0.2,0.2,0.0,0.0,51,1015.4,935.6,29,8,31,12,0.52,1.82,13.8,17.9,263,261,33.8,29.8,23.2,21.2,17.3,0.13,0.149,0.217,0.32,1,3600.0,695.0,540.0,155.0,652.6,695.0,1109.4,671.1,521.4,149.7,652.6,671.1,1071.3
152,152,41.01933,-7.7032776,723.0,2018-08-28T15:00,24.9,54,14.8,24.5,0.1,0.1,0.0,0.0,51,1015.6,935.4,34,17,29,3,0.4,1.46,13.3,17.3,289,287,34.2,29.6,23.5,21.2,17.3,0.131,0.149,0.217,0.32,1,3600.0,544.0,384.0,160.0,508.8,544.0,1011.9,506.9,357.8,149.1,508.8,506.9,942.8
151,151,41.01933,-7.7032776,723.0,2018-08-28T16:00,23.6,63,16.2,23.7,0.2,0.2,0.0,0.0,51,1015.9,935.4,28,23,12,0,0.34,1.07,13.5,17.5,304,302,34.9,29.2,23.7,21.2,17.3,0.132,0.149,0.217,0.32,1,3600.0,501.0,354.0,147.0,554.9,501.0,855.4,445.2,314.5,130.6,554.9,445.2,760.1
150,150,41.01933,-7.7032776,723.0,2018-08-28T17:00,22.6,64,15.4,22.3,0.0,0.0,0.0,0.0,0,1016.4,935.6,10,11,1,0,0.27,0.99,13.9,17.9,301,300,34.2,28.6,23.9,21.2,17.3,0.132,0.149,0.217,0.32,1,3600.0,390.0,284.0,106.0,585.4,390.0,650.5,321.0,233.7,87.2,585.4,321.0,535.4
149,149,41.01933,-7.7032776,723.0,2018-08-28T18:00,20.6,69,14.7,20.1,0.0,0.0,0.0,0.0,0,1016.7,935.3,7,8,0,0,0.16,0.76,13.9,19.0,301,299,33.8,27.4,24.0,21.2,17.3,0.132,0.149,0.217,0.32,1,3600.0,232.0,157.0,75.0,511.9,232.0,411.2,160.3,108.5,51.8,511.9,160.3,284.2
148,148,41.01933,-7.7032776,723.0,2018-08-28T19:00,19.0,77,14.8,19.1,0.0,0.0,0.0,0.0,0,1017.1,935.3,4,4,0,0,0.05,0.51,9.8,14.5,298,297,31.3,25.7,24.1,21.2,17.3,0.132,0.149,0.217,0.32,1,2576.66,68.0,36.0,32.0,253.0,68.0,153.7,10.4,5.5,4.9,63.0,8.4,23.5
147,147,41.01933,-7.7032776,723.0,2018-08-28T20:00,17.8,84,15.0,18.4,0.0,0.0,0.0,0.0,0,1017.9,935.7,4,4,0,0,0.03,0.33,7.6,13.0,301,298,21.6,24.1,24.1,21.2,17.3,0.132,0.149,0.217,0.32,0,0.0,0.0,0.0,0.0,0.0,0.0,1.8,0.0,0.0,0.0,0.0,0.0,0.0
146,146,41.01933,-7.7032776,723.0,2018-08-28T21:00,16.9,89,15.0,17.8,0.0,0.0,0.0,0.0,0,1018.9,936.4,8,9,0,0,0.0,0.22,5.3,12.2,298,294,17.3,22.8,24.0,21.2,17.3,0.132,0.149,0.217,0.32,0,0.0,0.0,0.0,0.0,0.0,0.0,0.0,0.0,0.0,0.0,0.0,0.0,0.0
145,145,41.01933,-7.7032776,723.0,2018-08-28T22:00,16.4,91,15.0,17.3,0.0,0.0,0.0,0.0,1,1019.2,936.5,26,29,0,0,0.0,0.17,5.0,12.2,300,298,13.3,21.7,23.9,21.2,17.3,0.132,0.149,0.217,0.32,0,0.0,0.0,0.0,0.0,0.0,0.0,0.0,0.0,0.0,0.0,0.0,0.0,0.0
144,144,41.01933,-7.7032776,723.0,2018-08-28T23:00,16.0,94,15.0,17.0,0.0,0.0,0.0,0.0,1,1019.1,936.3,42,47,0,0,0.0,0.11,4.4,11.8,305,301,13.0,20.9,23.7,21.2,17.3,0.132,0.149,0.217,0.32,0,0.0,0.0,0.0,0.0,0.0,0.0,0.0,0.0,0.0,0.0,0.0,0.0,0.0
143,143,41.01933,-7.7032776,723.0,2018-08-29T00:00,15.7,95,14.9,16.0,0.0,0.0,0.0,0.0,2,1019.6,936.7,75,83,0,0,0.0,0.09,9.2,16.8,321,312,12.6,19.8,23.6,21.2,17.3,0.132,0.149,0.217,0.32,0,0.0,0.0,0.0,0.0,0.0,0.0,0.0,0.0,0.0,0.0,0.0,0.0,0.0
142,142,41.01933,-7.7032776,723.0,2018-08-29T01:00,15.7,95,14.9,16.0,0.0,0.0,0.0,0.0,2,1019.5,936.6,70,78,0,0,0.0,0.09,8.7,16.1,322,312,21.2,19.6,23.3,21.2,17.4,0.132,0.149,0.217,0.32,0,0.0,0.0,0.0,0.0,0.0,0.0,0.0,0.0,0.0,0.0,0.0,0.0,0.0
141,141,41.01933,-7.7032776,723.0,2018-08-29T02:00,15.4,96,14.7,15.6,0.0,0.0,0.0,0.0,2,1019.5,936.5,66,73,0,0,0.0,0.07,8.9,15.8,320,313,19.8,19.3,23.1,21.2,17.4,0.132,0.149,0.217,0.32,0,0.0,0.0,0.0,0.0,0.0,0.0,0.0,0.0,0.0,0.0,0.0,0.0,0.0
140,140,41.01933,-7.7032776,723.0,2018-08-29T03:00,15.0,97,14.6,15.3,0.0,0.0,0.0,0.0,2,1019.5,936.4,79,88,0,0,0.0,0.04,7.7,14.3,323,319,19.8,18.9,22.9,21.2,17.4,0.132,0.149,0.217,0.32,0,0.0,0.0,0.0,0.0,0.0,0.0,0.0,0.0,0.0,0.0,0.0,0.0,0.0
139,139,41.01933,-7.7032776,723.0,2018-08-29T04:00,15.1,97,14.7,15.3,0.0,0.0,0.0,0.0,3,1019.6,936.5,90,100,0,0,0.0,0.04,8.8,14.6,325,322,19.1,18.8,22.7,21.2,17.4,0.132,0.149,0.217,0.32,0,0.0,0.0,0.0,0.0,0.0,0.0,0.0,0.0,0.0,0.0,0.0,0.0,0.0
138,138,41.01933,-7.7032776,723.0,2018-08-29T05:00,15.0,98,14.7,15.3,0.0,0.0,0.0,0.0,3,1019.7,936.6,90,100,0,0,0.0,0.04,8.6,14.0,327,325,19.1,18.7,22.5,21.2,17.4,0.132,0.149,0.217,0.32,0,0.0,0.0,0.0,0.0,0.0,0.0,0.0,0.0,0.0,0.0,0.0,0.0,0.0
137,137,41.01933,-7.7032776,723.0,2018-08-29T06:00,14.8,97,14.4,15.1,0.0,0.0,0.0,0.0,3,1020.1,936.9,90,100,0,0,0.0,0.04,7.4,11.4,331,332,19.1,18.6,22.4,21.2,17.4,0.132,0.149,0.217,0.32,1,0.0,0.0,0.0,0.0,0.0,0.0,0.0,0.0,0.0,0.0,0.0,0.0,5.0
136,136,41.01933,-7.7032776,723.0,2018-08-29T07:00,15.3,93,14.2,15.6,0.0,0.0,0.0,0.0,3,1020.7,937.6,81,90,0,0,0.02,0.12,7.4,11.6,331,334,18.0,18.7,22.2,21.2,17.4,0.132,0.149,0.217,0.32,1,0.0,36.0,8.0,28.0,59.1,36.0,135.1,70.7,15.7,55.0,79.4,52.6,265.5
135,135,41.01933,-7.7032776,723.0,2018-08-29T08:00,16.5,84,13.7,16.4,0.0,0.0,0.0,0.0,1,1020.7,937.9,21,23,0,0,0.09,0.3,8.7,10.9,355,354,22.3,19.3,22.0,21.2,17.4,0.132,0.149,0.217,0.32,1,3600.0,168.0,68.0,100.0,232.1,168.0,392.9,221.3,89.6,131.7,232.1,221.3,517.6
134,134,41.01933,-7.7032776,723.0,2018-08-29T09:00,18.3,71,12.9,18.0,0.0,0.0,0.0,0.0,0,1020.6,938.3,4,4,0,0,0.22,0.62,8.2,10.4,15,14,23.0,20.6,21.9,21.2,17.4,0.132,0.149,0.217,0.32,1,3600.0,388.0,270.0,118.0,571.5,388.0,633.6,455.7,317.1,138.6,571.5,455.7,744.2
133,133,41.01933,-7.7032776,723.0,2018-08-29T10:00,20.4,59,12.0,19.9,0.0,0.0,0.0,0.0,0,1020.7,938.9,0,0,0,0,0.37,0.99,9.4,11.7,18,18,25.9,22.4,21.9,21.2,17.4,0.132,0.149,0.216,0.32,1,3600.0,595.0,484.0,111.0,771.9,595.0,840.9,657.9,535.1,122.7,771.9,657.9,929.8
132,132,41.01933,-7.7032776,723.0,2018-08-29T11:00,22.1,52,11.7,22.4,0.0,0.0,0.0,0.0,0,1020.3,939.0,0,0,0,0,0.48,1.29,9.1,10.9,9,9,26.6,24.4,22.0,21.2,17.4,0.132,0.149,0.216,0.32,1,3600.0,740.0,625.0,115.0,837.8,740.0,1000.6,785.2,663.2,122.0,837.8,785.2,1061.7
131,131,41.01933,-7.7032776,723.0,2018-08-29T12:00,22.6,49,11.4,23.4,0.0,0.0,0.0,0.0,0,1020.2,939.1,2,2,0,0,0.54,1.39,8.3,9.7,360,360,26.3,26.0,22.0,21.2,17.4,0.135,0.151,0.218,0.32,1,3600.0,828.0,709.0,119.0,863.2,828.0,1101.7,849.9,727.8,122.2,863.2,849.9,1130.9
130,130,41.01933,-7.7032776,723.0,2018-08-29T13:00,24.0,43,10.7,24.6,0.0,0.0,0.0,0.0,0,1019.9,939.2,1,1,0,0,0.58,1.69,9.6,11.9,347,346,27.7,27.6,22.2,21.2,17.4,0.135,0.151,0.218,0.32,1,3600.0,864.0,741.0,123.0,873.8,864.0,1137.4,860.4,737.9,122.5,873.8,860.4,1132.7
129,129,41.01933,-7.7032776,723.0,2018-08-29T14:00,24.9,41,10.8,25.2,0.0,0.0,0.0,0.0,0,1019.5,939.0,0,0,0,0,0.58,1.85,10.4,13.2,340,338,28.8,28.7,22.5,21.2,17.4,0.135,0.151,0.218,0.32,1,3600.0,835.0,715.0,120.0,867.7,835.0,1105.2,806.0,690.2,115.8,867.7,806.0,1066.9
128,128,41.01933,-7.7032776,723.0,2018-08-29T15:00,25.3,41,11.3,25.2,0.0,0.0,0.0,0.0,0,1019.0,938.7,0,0,0,0,0.53,1.89,11.2,13.9,339,339,29.2,29.3,22.8,21.2,17.4,0.134,0.151,0.218,0.32,1,3600.0,748.0,634.0,114.0,844.3,748.0,1007.3,696.5,590.4,106.2,844.3,696.5,937.9
127,127,41.01933,-7.7032776,723.0,2018-08-29T16:00,25.3,41,11.0,24.2,0.0,0.0,0.0,0.0,0,1018.7,938.4,11,0,0,38,0.45,1.91,11.9,15.1,331,332,29.2,29.4,23.0,21.2,17.4,0.134,0.151,0.218,0.32,1,3600.0,610.0,506.0,104.0,798.3,610.0,850.3,541.4,449.1,92.3,798.3,541.4,754.7
126,126,41.01933,-7.7032776,723.0,2018-08-29T17:00,24.5,46,12.1,23.2,0.0,0.0,0.0,0.0,0,1018.9,938.4,13,0,0,44,0.33,1.67,13.5,17.8,318,318,31.7,28.9,23.3,21.2,17.4,0.134,0.151,0.218,0.32,1,3600.0,434.0,342.0,92.0,711.4,434.0,644.9,356.4,280.8,75.5,711.4,356.4,529.5
125,125,41.01933,-7.7032776,723.0,2018-08-29T18:00,23.0,50,12.1,21.6,0.0,0.0,0.0,0.0,0,1019.1,938.2,0,0,0,0,0.21,1.4,14.3,20.4,313,312,32.4,27.8,23.5,21.2,17.4,0.134,0.151,0.218,0.32,1,3600.0,240.0,169.0,71.0,559.7,240.0,405.1,164.6,115.9,48.7,559.7,164.6,277.8
124,124,41.01933,-7.7032776,723.0,2018-08-29T19:00,21.0,55,11.7,20.0,0.0,0.0,0.0,0.0,0,1019.2,937.7,0,0,0,0,0.09,1.12,10.3,20.3,306,307,32.0,26.2,23.6,21.2,17.4,0.134,0.151,0.218,0.32,1,2484.56,67.0,37.0,30.0,264.5,67.0,147.2,7.6,4.2,3.4,48.2,6.0,16.7
123,123,41.01933,-7.7032776,723.0,2018-08-29T20:00,19.1,67,12.7,18.8,0.0,0.0,0.0,0.0,0,1019.8,937.8,0,0,0,0,0.02,0.74,7.8,18.2,292,300,24.5,24.5,23.6,21.2,17.4,0.134,0.151,0.218,0.32,0,0.0,0.0,0.0,0.0,0.0,0.0,0.0,0.0,0.0,0.0,0.0,0.0,0.0
122,122,41.01933,-7.7032776,723.0,2018-08-29T21:00,17.5,76,13.3,17.8,0.0,0.0,0.0,0.0,0,1020.4,937.9,0,0,0,0,0.0,0.48,5.1,13.6,278,307,19.1,23.0,23.6,21.2,17.4,0.134,0.151,0.218,0.319,0,0.0,0.0,0.0,0.0,0.0,0.0,0.0,0.0,0.0,0.0,0.0,0.0,0.0
121,121,41.01933,-7.7032776,723.0,2018-08-29T22:00,16.3,81,13.1,16.4,0.0,0.0,0.0,0.0,0,1020.4,937.6,0,0,0,0,0.0,0.35,5.8,10.3,277,335,13.3,21.7,23.5,21.2,17.4,0.134,0.151,0.218,0.319,0,0.0,0.0,0.0,0.0,0.0,0.0,0.0,0.0,0.0,0.0,0.0,0.0,0.0
120,120,41.01933,-7.7032776,723.0,2018-08-29T23:00,16.4,77,12.4,16.2,0.0,0.0,0.0,0.0,0,1020.2,937.4,0,0,0,0,0.0,0.43,6.6,10.4,299,358,12.2,20.6,23.3,21.2,17.4,0.134,0.151,0.218,0.319,0,0.0,0.0,0.0,0.0,0.0,0.0,0.0,0.0,0.0,0.0,0.0,0.0,0.0
119,119,41.01933,-7.7032776,723.0,2018-08-30T00:00,17.8,70,12.3,17.7,0.0,0.0,0.0,0.0,0,1020.6,938.2,0,0,0,0,0.01,0.61,5.3,9.4,332,23,11.9,19.8,23.3,21.2,17.4,0.137,0.151,0.218,0.319,0,0.0,0.0,0.0,0.0,0.0,0.0,0.0,0.0,0.0,0.0,0.0,0.0,0.0
118,118,41.01933,-7.7032776,723.0,2018-08-30T01:00,17.6,70,12.1,17.6,0.0,0.0,0.0,0.0,0,1020.4,937.9,0,0,0,0,0.0,0.61,4.1,8.7,345,42,10.8,19.0,23.0,21.2,17.4,0.137,0.151,0.218,0.319,0,0.0,0.0,0.0,0.0,0.0,0.0,0.0,0.0,0.0,0.0,0.0,0.0,0.0
117,117,41.01933,-7.7032776,723.0,2018-08-30T02:00,16.1,75,11.6,15.5,0.0,0.0,0.0,0.0,0,1020.5,937.6,0,0,0,0,0.01,0.46,6.9,12.0,28,41,15.8,18.2,22.8,21.2,17.4,0.137,0.151,0.218,0.319,0,0.0,0.0,0.0,0.0,0.0,0.0,0.0,0.0,0.0,0.0,0.0,0.0,0.0
116,116,41.01933,-7.7032776,723.0,2018-08-30T03:00,16.4,72,11.3,15.8,0.0,0.0,0.0,0.0,0,1020.2,937.4,0,0,0,0,0.01,0.52,6.8,12.8,25,40,15.8,17.7,22.6,21.2,17.4,0.137,0.151,0.218,0.319,0,0.0,0.0,0.0,0.0,0.0,0.0,0.0,0.0,0.0,0.0,0.0,0.0,0.0
115,115,41.01933,-7.7032776,723.0,2018-08-30T04:00,14.9,80,11.5,14.1,0.0,0.0,0.0,0.0,0,1019.9,936.7,0,0,0,0,0.01,0.34,8.2,14.1,38,50,16.2,17.2,22.3,21.2,17.4,0.137,0.151,0.218,0.319,0,0.0,0.0,0.0,0.0,0.0,0.0,0.0,0.0,0.0,0.0,0.0,0.0,0.0
114,114,41.01933,-7.7032776,723.0,2018-08-30T05:00,14.8,82,11.7,14.1,0.0,0.0,0.0,0.0,0,1019.9,936.7,0,0,0,0,0.0,0.3,7.9,13.2,39,55,16.2,16.7,22.1,21.2,17.4,0.137,0.151,0.218,0.319,0,0.0,0.0,0.0,0.0,0.0,0.0,0.0,0.0,0.0,0.0,0.0,0.0,0.0
113,113,41.01933,-7.7032776,723.0,2018-08-30T06:00,14.0,87,11.8,13.3,0.0,0.0,0.0,0.0,0,1020.2,936.8,0,0,0,0,0.0,0.21,8.3,12.7,34,55,15.5,16.4,21.8,21.2,17.4,0.137,0.151,0.218,0.319,1,0.0,0.0,0.0,0.0,0.0,0.0,0.0,0.0,0.0,0.0,0.0,0.0,0.8
112,112,41.01933,-7.7032776,723.0,2018-08-30T07:00,16.2,79,12.6,16.0,0.0,0.0,0.0,0.0,0,1020.7,937.8,0,0,0,0,0.03,0.38,6.8,12.5,32,51,15.8,16.7,21.6,21.2,17.4,0.137,0.151,0.218,0.319,1,2261.58,58.0,31.0,27.0,231.5,58.0,131.1,115.8,61.9,53.9,317.4,84.5,261.6
111,111,41.01933,-7.7032776,723.0,2018-08-30T08:00,17.8,73,13.0,17.4,0.0,0.0,0.0,0.0,0,1020.9,938.4,0,0,0,0,0.13,0.54,9.2,11.7,42,45,22.0,18.0,21.4,21.2,17.4,0.137,0.151,0.218,0.319,1,3600.0,227.0,159.0,68.0,548.2,227.0,389.2,299.8,210.0,89.8,548.2,299.8,514.0
110,110,41.01933,-7.7032776,723.0,2018-08-30T09:00,19.7,67,13.4,19.3,0.0,0.0,0.0,0.0,0,1020.6,938.7,0,0,0,0,0.25,0.75,10.2,12.8,48,50,25.9,19.8,21.3,21.2,17.4,0.137,0.151,0.218,0.319,1,3600.0,419.0,329.0,90.0,700.5,419.0,630.2,492.6,386.8,105.8,700.5,492.6,740.8
109,109,41.01933,-7.7032776,723.0,2018-08-30T10:00,22.0,60,13.8,22.1,0.0,0.0,0.0,0.0,0,1020.4,939.1,4,0,0,13,0.38,1.06,9.4,11.6,58,60,25.9,21.9,21.3,21.2,17.4,0.137,0.151,0.218,0.319,1,3600.0,595.0,491.0,104.0,786.6,595.0,837.5,658.1,543.1,115.0,786.6,658.1,926.4
108,108,41.01933,-7.7032776,723.0,2018-08-30T11:00,24.2,52,13.8,25.5,0.0,0.0,0.0,0.0,1,1019.7,939.0,22,0,0,73,0.49,1.44,7.4,9.2,61,64,25.6,24.2,21.3,21.2,17.4,0.136,0.151,0.218,0.319,1,3600.0,735.0,621.0,114.0,835.7,735.0,997.2,780.0,659.0,121.0,835.7,780.0,1058.2
107,107,41.01933,-7.7032776,723.0,2018-08-30T12:00,25.8,48,13.9,27.7,0.0,0.0,0.0,0.0,1,1019.5,939.2,23,0,0,77,0.57,1.72,6.8,7.5,32,35,23.0,26.4,21.5,21.2,17.4,0.137,0.153,0.219,0.319,1,3600.0,818.0,689.0,129.0,841.9,818.0,1098.1,839.7,707.2,132.4,841.9,839.7,1127.2
106,106,41.01933,-7.7032776,723.0,2018-08-30T13:00,27.0,45,14.1,28.8,0.0,0.0,0.0,0.0,0,1019.1,939.2,12,0,0,39,0.61,1.95,8.8,10.0,19,21,25.6,28.1,21.8,21.2,17.5,0.136,0.153,0.219,0.319,1,3600.0,848.0,720.0,128.0,852.3,848.0,1133.6,844.3,716.9,127.4,852.3,844.3,1128.6
105,105,41.01933,-7.7032776,723.0,2018-08-30T14:00,27.8,43,14.0,29.5,0.0,0.0,0.0,0.0,0,1018.5,938.8,0,0,0,0,0.6,2.13,8.1,9.2,21,21,25.6,29.5,22.1,21.2,17.5,0.136,0.153,0.219,0.319,1,3600.0,820.0,700.0,120.0,853.2,820.0,1101.0,791.3,675.5,115.8,853.2,791.3,1062.4
104,104,41.01933,-7.7032776,723.0,2018-08-30T15:00,28.3,41,13.9,29.5,0.0,0.0,0.0,0.0,0,1017.9,938.4,14,0,0,46,0.54,2.26,8.1,9.2,13,11,24.1,30.3,22.4,21.2,17.5,0.136,0.152,0.219,0.319,1,3600.0,733.0,619.0,114.0,828.5,733.0,1002.6,682.1,576.0,106.1,828.5,682.1,933.0
103,103,41.01933,-7.7032776,723.0,2018-08-30T16:00,28.4,40,13.3,28.3,0.0,0.0,0.0,0.0,1,1017.5,938.1,25,0,0,83,0.46,2.33,9.7,11.9,2,360,25.2,30.5,22.8,21.2,17.5,0.135,0.152,0.218,0.319,1,3600.0,595.0,491.0,104.0,779.7,595.0,845.1,527.5,435.3,92.2,779.7,527.5,749.2
102,102,41.01933,-7.7032776,723.0,2018-08-30T17:00,27.9,34,10.4,26.1,0.0,0.0,0.0,0.0,0,1017.5,937.9,0,0,0,0,0.37,2.49,12.8,16.2,350,348,28.8,30.1,23.1,21.2,17.5,0.135,0.152,0.218,0.319,1,3600.0,421.0,331.0,90.0,695.0,421.0,639.2,344.9,271.1,73.7,695.0,344.9,523.6
101,101,41.01933,-7.7032776,723.0,2018-08-30T18:00,26.5,35,9.6,24.8,0.0,0.0,0.0,0.0,0,1017.4,937.5,0,0,0,0,0.23,2.26,10.8,16.3,330,329,29.2,29.0,23.3,21.2,17.5,0.135,0.152,0.218,0.319,1,3600.0,233.0,165.0,68.0,555.1,233.0,398.9,158.5,112.3,46.3,555.1,158.5,271.4
100,100,41.01933,-7.7032776,723.0,2018-08-30T19:00,23.6,47,11.5,23.0,0.0,0.0,0.0,0.0,0,1017.4,936.7,9,0,0,29,0.08,1.55,6.9,17.4,309,310,24.1,27.3,23.5,21.2,17.5,0.135,0.152,0.218,0.319,1,2392.23,63.0,35.0,28.0,254.6,63.0,140.6,4.5,2.5,2.0,28.4,3.4,9.9
99,99,41.01933,-7.7032776,723.0,2018-08-30T20:00,21.6,58,13.1,21.7,0.0,0.0,0.0,0.0,0,1018.1,936.9,16,0,0,54,0.03,1.07,6.0,15.5,287,312,17.3,25.6,23.6,21.2,17.5,0.135,0.152,0.218,0.319,0,0.0,0.0,0.0,0.0,0.0,0.0,0.0,0.0,0.0,0.0,0.0,0.0,0.0
98,98,41.01933,-7.7032776,723.0,2018-08-30T21:00,20.0,69,14.2,20.5,0.0,0.0,0.0,0.0,0,1018.6,936.9,20,0,0,65,0.01,0.72,6.4,7.3,254,303,14.4,24.0,23.6,21.2,17.5,0.135,0.152,0.218,0.319,0,0.0,0.0,0.0,0.0,0.0,0.0,0.0,0.0,0.0,0.0,0.0,0.0,0.0
97,97,41.01933,-7.7032776,723.0,2018-08-30T22:00,22.1,59,13.7,22.6,0.0,0.0,0.0,0.0,1,1018.8,937.7,23,0,0,76,0.01,1.1,4.5,7.2,284,3,11.2,22.8,23.5,21.2,17.5,0.135,0.152,0.218,0.319,0,0.0,0.0,0.0,0.0,0.0,0.0,0.0,0.0,0.0,0.0,0.0,0.0,0.0
96,96,41.01933,-7.7032776,723.0,2018-08-30T23:00,22.2,57,13.1,22.5,0.0,0.0,0.0,0.0,1,1018.7,937.6,24,0,0,80,0.02,1.16,4.6,7.2,315,18,9.7,21.8,23.4,21.2,17.5,0.135,0.152,0.218,0.319,0,0.0,0.0,0.0,0.0,0.0,0.0,0.0,0.0,0.0,0.0,0.0,0.0,0.0
95,95,41.01933,-7.7032776,723.0,2018-08-31T00:00,21.8,58,13.0,22.2,0.0,0.0,0.0,0.0,0,1018.8,937.6,19,0,0,64,0.01,1.11,3.4,6.4,18,47,8.3,20.2,23.4,21.2,17.5,0.135,0.152,0.218,0.319,0,0.0,0.0,0.0,0.0,0.0,0.0,0.0,0.0,0.0,0.0,0.0,0.0,0.0
94,94,41.01933,-7.7032776,723.0,2018-08-31T01:00,21.2,59,12.8,21.5,0.0,0.0,0.0,0.0,0,1018.9,937.5,0,0,0,1,0.01,1.04,3.9,6.8,68,58,9.0,19.5,23.2,21.2,17.5,0.135,0.152,0.218,0.319,0,0.0,0.0,0.0,0.0,0.0,0.0,0.0,0.0,0.0,0.0,0.0,0.0,0.0
93,93,41.01933,-7.7032776,723.0,2018-08-31T02:00,20.5,59,12.1,20.4,0.0,0.0,0.0,0.0,0,1018.6,937.0,1,0,0,2,0.02,0.99,4.7,8.9,86,58,10.8,19.0,23.0,21.2,17.5,0.135,0.152,0.218,0.319,0,0.0,0.0,0.0,0.0,0.0,0.0,0.0,0.0,0.0,0.0,0.0,0.0,0.0
92,92,41.01933,-7.7032776,723.0,2018-08-31T03:00,19.6,58,11.1,18.9,0.0,0.0,0.0,0.0,0,1018.7,936.9,0,0,0,0,0.03,0.96,7.2,12.3,63,52,14.4,18.4,22.8,21.2,17.5,0.135,0.152,0.218,0.319,0,0.0,0.0,0.0,0.0,0.0,0.0,0.0,0.0,0.0,0.0,0.0,0.0,0.0
91,91,41.01933,-7.7032776,723.0,2018-08-31T04:00,16.9,68,10.9,15.8,0.0,0.0,0.0,0.0,0,1018.7,936.2,0,0,0,0,0.03,0.62,9.4,14.3,43,51,17.3,18.0,22.5,21.2,17.5,0.135,0.152,0.218,0.319,0,0.0,0.0,0.0,0.0,0.0,0.0,0.0,0.0,0.0,0.0,0.0,0.0,0.0
90,90,41.01933,-7.7032776,723.0,2018-08-31T05:00,16.1,73,11.3,15.2,0.0,0.0,0.0,0.0,0,1019.0,936.2,0,0,0,0,0.02,0.5,8.9,12.9,43,54,17.6,17.5,22.3,21.2,17.5,0.135,0.152,0.218,0.319,0,0.0,0.0,0.0,0.0,0.0,0.0,0.0,0.0,0.0,0.0,0.0,0.0,0.0
89,89,41.01933,-7.7032776,723.0,2018-08-31T06:00,15.1,80,11.7,14.3,0.0,0.0,0.0,0.0,0,1019.2,936.2,0,0,0,0,0.01,0.35,9.2,13.3,45,57,17.3,17.1,22.1,21.2,17.5,0.135,0.152,0.218,0.319,1,0.0,0.0,0.0,0.0,0.0,0.0,0.0,0.0,0.0,0.0,0.0,0.0,0.0
88,88,41.01933,-7.7032776,723.0,2018-08-31T07:00,17.7,72,12.5,17.5,0.0,0.0,0.0,0.0,0,1019.7,937.3,0,0,0,0,0.04,0.57,6.6,12.9,41,60,17.3,17.4,21.8,21.2,17.5,0.135,0.152,0.218,0.319,1,2204.62,55.0,30.0,25.0,226.6,55.0,127.0,111.6,60.9,50.7,317.1,79.8,257.7
87,87,41.01933,-7.7032776,723.0,2018-08-31T08:00,19.0,70,13.3,18.7,0.0,0.0,0.0,0.0,0,1020.1,938.0,0,0,0,0,0.14,0.67,9.2,12.5,51,57,22.7,18.7,21.7,21.2,17.5,0.135,0.152,0.218,0.319,1,3600.0,224.0,157.0,67.0,546.8,224.0,385.5,296.6,207.9,88.7,546.8,296.6,510.4
86,86,41.01933,-7.7032776,723.0,2018-08-31T09:00,20.8,63,13.6,20.5,0.0,0.0,0.0,0.0,0,1020.0,938.4,0,0,0,0,0.26,0.9,9.8,12.7,54,55,25.6,20.5,21.6,21.2,17.5,0.135,0.152,0.218,0.319,1,3600.0,416.0,327.0,89.0,700.5,416.0,626.6,489.5,384.8,104.7,700.5,489.5,737.3
85,85,41.01933,-7.7032776,723.0,2018-08-31T10:00,23.0,55,13.5,22.9,0.0,0.0,0.0,0.0,0,1019.8,938.8,0,0,0,0,0.39,1.26,10.0,12.8,49,52,27.0,22.6,21.6,21.2,17.5,0.134,0.152,0.218,0.319,1,3600.0,591.0,488.0,103.0,785.4,591.0,834.1,654.0,540.0,114.0,785.4,654.0,923.0
84,84,41.01933,-7.7032776,723.0,2018-08-31T11:00,25.1,47,13.1,25.7,0.0,0.0,0.0,0.0,0,1019.2,938.8,0,0,0,0,0.51,1.68,10.0,12.5,49,51,27.7,24.7,21.7,21.2,17.5,0.134,0.152,0.218,0.319,1,3600.0,729.0,618.0,111.0,834.9,729.0,993.7,773.7,655.9,117.8,834.9,773.7,1054.7
83,83,41.01933,-7.7032776,723.0,2018-08-31T12:00,26.8,43,13.1,28.1,0.0,0.0,0.0,0.0,0,1018.6,938.7,0,0,0,0,0.59,2.02,8.5,10.1,54,55,27.4,26.8,21.8,21.2,17.5,0.138,0.153,0.219,0.319,1,3600.0,818.0,703.0,115.0,862.3,818.0,1094.5,839.6,721.6,118.0,862.3,839.6,1123.5
82,82,41.01933,-7.7032776,723.0,2018-08-31T13:00,28.5,37,12.3,29.9,0.0,0.0,0.0,0.0,0,1017.8,938.4,0,0,0,0,0.62,2.46,7.1,8.4,45,47,24.1,28.7,22.1,21.2,17.5,0.137,0.153,0.219,0.319,1,3600.0,849.0,732.0,117.0,870.0,849.0,1129.6,845.2,728.7,116.5,870.0,845.2,1124.6
81,81,41.01933,-7.7032776,723.0,2018-08-31T14:00,29.4,33,11.3,30.4,0.0,0.0,0.0,0.0,0,1017.4,938.2,0,0,0,0,0.61,2.77,7.1,8.1,30,32,22.7,30.0,22.4,21.2,17.5,0.137,0.153,0.218,0.319,1,3600.0,820.0,705.0,115.0,863.1,820.0,1096.7,791.0,680.1,110.9,863.1,791.0,1057.9
80,80,41.01933,-7.7032776,723.0,2018-08-31T15:00,29.8,31,10.7,29.9,0.0,0.0,0.0,0.0,0,1016.8,937.8,0,0,0,0,0.56,2.91,8.2,9.3,29,28,22.7,30.9,22.7,21.2,17.5,0.136,0.153,0.218,0.319,1,3600.0,733.0,623.0,110.0,838.3,733.0,997.8,681.7,579.4,102.3,838.3,681.7,928.0
79,79,41.01933,-7.7032776,723.0,2018-08-31T16:00,29.7,30,10.1,28.6,0.0,0.0,0.0,0.0,0,1016.5,937.5,0,0,0,0,0.48,2.94,10.0,11.8,26,27,24.5,31.1,23.1,21.2,17.5,0.136,0.152,0.218,0.319,1,3600.0,595.0,494.0,101.0,789.7,595.0,839.8,526.9,437.5,89.4,789.7,526.9,743.7
78,78,41.01933,-7.7032776,723.0,2018-08-31T17:00,29.0,29,9.2,27.2,0.0,0.0,0.0,0.0,0,1016.2,937.0,0,0,0,0,0.37,2.84,11.3,14.7,27,28,26.3,30.6,23.4,21.2,17.5,0.136,0.152,0.218,0.319,1,3600.0,421.0,333.0,88.0,705.8,421.0,633.4,344.0,272.1,71.9,705.8,344.0,517.6
77,77,41.01933,-7.7032776,723.0,2018-08-31T18:00,28.0,31,9.3,26.7,0.0,0.0,0.0,0.0,0,1016.1,936.7,0,0,0,0,0.2,2.6,7.2,12.8,18,16,25.6,29.6,23.6,21.2,17.5,0.136,0.152,0.218,0.319,1,3600.0,229.0,162.0,67.0,553.9,229.0,392.7,154.5,109.3,45.2,553.9,154.5,265.0
76,76,41.01933,-7.7032776,723.0,2018-08-31T19:00,24.4,39,9.7,23.0,0.0,0.0,0.0,0.0,0,1016.0,935.7,0,0,0,0,0.1,1.85,8.4,13.0,350,5,16.2,27.9,23.8,21.2,17.5,0.136,0.152,0.218,0.319,1,2299.75,59.0,32.0,27.0,237.0,59.0,134.0,1.4,0.7,0.6,8.6,1.0,3.1
75,75,41.01933,-7.7032776,723.0,2018-08-31T20:00,23.7,39,8.9,22.1,0.0,0.0,0.0,0.0,0,1016.6,936.0,0,0,0,0,0.08,1.79,8.9,12.1,317,348,17.6,26.0,23.9,21.2,17.5,0.136,0.152,0.218,0.319,0,0.0,0.0,0.0,0.0,0.0,0.0,0.0,0.0,0.0,0.0,0.0,0.0,0.0
74,74,41.01933,-7.7032776,723.0,2018-08-31T21:00,26.0,32,8.1,24.7,0.0,0.0,0.0,0.0,0,1017.2,937.2,0,0,0,0,0.05,2.28,5.2,7.7,258,323,15.5,24.5,23.9,21.2,17.5,0.136,0.152,0.218,0.319,0,0.0,0.0,0.0,0.0,0.0,0.0,0.0,0.0,0.0,0.0,0.0,0.0,0.0
73,73,41.01933,-7.7032776,723.0,2018-08-31T22:00,25.5,36,9.2,24.9,0.0,0.0,0.0,0.0,0,1017.4,937.2,0,0,0,0,0.02,2.09,2.6,5.4,236,340,9.0,23.3,23.9,21.2,17.5,0.136,0.152,0.218,0.319,0,0.0,0.0,0.0,0.0,0.0,0.0,0.0,0.0,0.0,0.0,0.0,0.0,0.0
72,72,41.01933,-7.7032776,723.0,2018-08-31T23:00,25.1,38,9.6,24.7,0.0,0.0,0.0,0.0,0,1017.3,937.0,0,0,0,0,0.0,1.99,1.5,4.9,166,36,6.1,22.2,23.8,21.2,17.5,0.135,0.152,0.218,0.319,0,0.0,0.0,0.0,0.0,0.0,0.0,0.0,0.0,0.0,0.0,0.0,0.0,0.0
71,71,41.01933,-7.7032776,723.0,2018-09-01T00:00,25.0,34,7.8,23.4,0.0,0.0,0.0,0.0,0,1017.5,937.2,0,0,0,0,0.07,2.1,6.9,11.4,96,66,13.0,21.2,23.7,21.2,17.6,0.134,0.151,0.217,0.319,0,0.0,0.0,0.0,0.0,0.0,0.0,0.0,0.0,0.0,0.0,0.0,0.0,0.0
70,70,41.01933,-7.7032776,723.0,2018-09-01T01:00,23.1,37,7.8,21.4,0.0,0.0,0.0,0.0,0,1017.5,936.7,0,0,0,0,0.06,1.76,7.2,11.6,93,68,15.8,20.5,23.5,21.2,17.6,0.134,0.151,0.217,0.319,0,0.0,0.0,0.0,0.0,0.0,0.0,0.0,0.0,0.0,0.0,0.0,0.0,0.0
69,69,41.01933,-7.7032776,723.0,2018-09-01T02:00,19.1,49,8.2,17.1,0.0,0.0,0.0,0.0,0,1017.7,935.9,0,0,0,0,0.06,1.12,10.5,15.9,63,57,20.2,19.9,23.3,21.2,17.6,0.134,0.151,0.217,0.319,0,0.0,0.0,0.0,0.0,0.0,0.0,0.0,0.0,0.0,0.0,0.0,0.0,0.0
68,68,41.01933,-7.7032776,723.0,2018-09-01T03:00,17.8,53,8.0,15.9,0.0,0.0,0.0,0.0,0,1018.2,936.0,0,0,0,0,0.05,0.97,9.7,17.7,48,57,22.0,19.3,23.1,21.2,17.6,0.134,0.151,0.217,0.319,0,0.0,0.0,0.0,0.0,0.0,0.0,0.0,0.0,0.0,0.0,0.0,0.0,0.0
67,67,41.01933,-7.7032776,723.0,2018-09-01T04:00,16.9,57,8.3,15.0,0.0,0.0,0.0,0.0,0,1018.6,936.1,0,0,0,0,0.04,0.82,9.7,16.5,45,58,21.2,18.8,22.9,21.2,17.6,0.134,0.151,0.217,0.319,0,0.0,0.0,0.0,0.0,0.0,0.0,0.0,0.0,0.0,0.0,0.0,0.0,0.0
66,66,41.01933,-7.7032776,723.0,2018-09-01T05:00,16.4,62,9.0,14.8,0.0,0.0,0.0,0.0,0,1018.9,936.2,0,0,0,0,0.03,0.72,8.7,16.2,42,58,20.5,18.3,22.7,21.2,17.6,0.134,0.151,0.217,0.319,0,0.0,0.0,0.0,0.0,0.0,0.0,0.0,0.0,0.0,0.0,0.0,0.0,0.0
65,65,41.01933,-7.7032776,723.0,2018-09-01T06:00,15.8,70,10.3,14.7,0.0,0.0,0.0,0.0,0,1019.2,936.3,0,0,0,0,0.02,0.54,8.2,16.3,41,62,19.4,17.9,22.5,21.2,17.6,0.134,0.151,0.217,0.319,1,0.0,0.0,0.0,0.0,0.0,0.0,0.0,0.0,0.0,0.0,0.0,0.0,0.0
64,64,41.01933,-7.7032776,723.0,2018-09-01T07:00,18.2,66,11.9,17.6,0.0,0.0,0.0,0.0,0,1019.4,937.2,0,0,0,0,0.05,0.7,8.2,15.6,41,64,19.1,18.2,22.3,21.2,17.6,0.134,0.151,0.217,0.319,1,2147.7,53.0,28.0,25.0,213.9,53.0,122.9,109.4,57.8,51.6,305.9,76.5,253.8
63,63,41.01933,-7.7032776,723.0,2018-09-01T08:00,19.7,65,12.9,19.0,0.0,0.0,0.0,0.0,0,1019.6,937.7,0,0,0,0,0.15,0.81,10.5,14.9,52,58,25.9,19.4,22.1,21.2,17.6,0.134,0.151,0.217,0.319,1,3600.0,220.0,153.0,67.0,538.3,220.0,381.7,292.1,203.1,89.0,538.3,292.1,506.8
62,62,41.01933,-7.7032776,723.0,2018-09-01T09:00,21.7,57,12.9,20.8,0.0,0.0,0.0,0.0,0,1019.5,938.2,0,0,0,0,0.28,1.11,12.2,16.1,62,66,30.2,21.0,22.0,21.2,17.6,0.134,0.151,0.216,0.319,1,3600.0,410.0,322.0,88.0,694.1,410.0,623.1,482.9,379.2,103.6,694.1,482.9,733.9
61,61,41.01933,-7.7032776,723.0,2018-09-01T10:00,24.0,49,12.6,23.1,0.0,0.0,0.0,0.0,0,1019.0,938.3,0,0,0,0,0.41,1.52,12.6,16.3,59,62,31.7,23.1,22.0,21.2,17.6,0.134,0.151,0.216,0.319,1,3600.0,585.0,483.0,102.0,781.0,585.0,830.7,647.6,534.7,112.9,781.0,647.6,919.5
60,60,41.01933,-7.7032776,723.0,2018-09-01T11:00,26.1,42,12.3,26.0,0.0,0.0,0.0,0.0,0,1018.4,938.3,0,0,0,0,0.53,1.95,12.2,15.9,62,65,32.0,25.2,22.1,21.2,17.6,0.134,0.15,0.216,0.319,1,3600.0,723.0,612.0,111.0,830.1,723.0,990.2,767.5,649.7,117.8,830.1,767.5,1051.1
59,59,41.01933,-7.7032776,723.0,2018-09-01T12:00,28.5,36,12.1,28.8,0.0,0.0,0.0,0.0,0,1017.3,937.9,0,0,0,0,0.62,2.47,11.9,15.0,65,69,31.7,27.4,22.2,21.2,17.6,0.134,0.15,0.216,0.319,1,3600.0,812.0,696.0,116.0,857.0,812.0,1090.8,833.5,714.4,119.1,857.0,833.5,1119.7
58,58,41.01933,-7.7032776,723.0,2018-09-01T13:00,30.2,31,11.3,30.8,0.0,0.0,0.0,0.0,0,1016.5,937.6,0,0,0,0,0.66,2.96,10.4,13.1,70,74,30.2,29.2,22.5,21.2,17.6,0.134,0.15,0.216,0.319,1,3600.0,843.0,725.0,118.0,865.1,843.0,1125.7,839.1,721.6,117.4,865.1,839.1,1120.4
57,57,41.01933,-7.7032776,723.0,2018-09-01T14:00,31.4,28,10.5,31.7,0.0,0.0,0.0,0.0,0,1015.7,937.2,0,0,0,0,0.65,3.33,9.3,11.4,74,77,27.7,30.7,22.8,21.2,17.6,0.134,0.15,0.216,0.319,1,3600.0,814.0,699.0,115.0,859.5,814.0,1092.3,785.0,674.1,110.9,859.5,785.0,1053.3
56,56,41.01933,-7.7032776,723.0,2018-09-01T15:00,31.9,26,10.0,31.8,0.0,0.0,0.0,0.0,0,1015.0,936.6,0,0,0,0,0.58,3.51,7.8,9.3,68,74,25.6,31.6,23.2,21.2,17.6,0.133,0.149,0.215,0.319,1,3600.0,726.0,616.0,110.0,833.2,726.0,993.0,674.8,572.5,102.2,833.2,674.8,923.0
55,55,41.01933,-7.7032776,723.0,2018-09-01T16:00,32.1,25,9.5,31.1,0.0,0.0,0.0,0.0,0,1014.4,936.1,0,0,0,0,0.48,3.58,7.4,9.2,61,69,22.3,32.0,23.5,21.2,17.6,0.133,0.149,0.215,0.319,1,3600.0,588.0,488.0,100.0,785.5,588.0,834.5,520.1,431.7,88.5,785.5,520.1,738.2
54,54,41.01933,-7.7032776,723.0,2018-09-01T17:00,31.7,25,9.3,30.6,0.0,0.0,0.0,0.0,1,1014.2,935.8,20,0,33,1,0.33,3.5,6.1,7.7,50,53,20.5,31.7,23.8,21.2,17.6,0.133,0.149,0.215,0.318,1,3600.0,412.0,325.0,87.0,695.6,412.0,627.6,335.8,264.9,70.9,695.6,335.8,511.6
53,53,41.01933,-7.7032776,723.0,2018-09-01T18:00,29.8,32,11.2,29.3,0.0,0.0,0.0,0.0,1,1014.3,935.5,41,0,64,8,0.18,2.87,5.9,12.2,11,14,15.8,30.7,24.1,21.2,17.6,0.133,0.149,0.215,0.318,1,3600.0,189.0,112.0,77.0,389.4,189.0,386.4,126.4,74.9,51.5,389.4,126.4,258.5
52,52,41.01933,-7.7032776,723.0,2018-09-01T19:00,26.1,38,10.9,25.1,0.0,0.0,0.0,0.0,0,1014.2,934.5,19,0,27,10,0.11,2.08,8.7,16.0,355,9,16.2,29.0,24.3,21.2,17.6,0.133,0.149,0.215,0.318,1,1949.29,48.0,22.0,26.0,166.0,48.0,127.3,0.0,0.0,0.0,0.0,0.0,0.0
51,51,41.01933,-7.7032776,723.0,2018-09-01T20:00,28.5,29,8.5,27.4,0.0,0.0,0.0,0.0,0,1014.2,935.0,12,0,12,15,0.05,2.77,4.8,9.6,312,20,18.4,27.2,24.4,21.2,17.6,0.133,0.149,0.215,0.318,0,0.0,0.0,0.0,0.0,0.0,0.0,0.0,0.0,0.0,0.0,0.0,0.0,0.0
50,50,41.01933,-7.7032776,723.0,2018-09-01T21:00,28.0,29,8.5,26.7,0.0,0.0,0.0,0.0,0,1014.9,935.6,8,0,8,9,0.07,2.68,6.0,11.5,17,39,13.7,25.8,24.5,21.2,17.6,0.133,0.149,0.215,0.318,0,0.0,0.0,0.0,0.0,0.0,0.0,0.0,0.0,0.0,0.0,0.0,0.0,0.0
49,49,41.01933,-7.7032776,723.0,2018-09-01T22:00,27.2,31,8.5,25.8,0.0,0.0,0.0,0.0,0,1015.1,935.5,5,0,8,1,0.07,2.49,6.3,11.4,77,55,15.1,24.6,24.4,21.2,17.6,0.133,0.149,0.215,0.318,0,0.0,0.0,0.0,0.0,0.0,0.0,0.0,0.0,0.0,0.0,0.0,0.0,0.0
48,48,41.01933,-7.7032776,723.0,2018-09-01T23:00,26.4,32,8.3,25.3,0.0,0.0,0.0,0.0,0,1015.0,935.3,4,0,6,0,0.05,2.35,4.8,10.0,132,69,15.5,23.5,24.4,21.2,17.6,0.133,0.149,0.215,0.318,0,0.0,0.0,0.0,0.0,0.0,0.0,0.0,0.0,0.0,0.0,0.0,0.0,0.0
47,47,41.01933,-7.7032776,723.0,2018-09-02T00:00,25.5,32,7.7,24.0,0.0,0.0,0.0,0.0,0,1015.2,935.2,5,0,8,0,0.06,2.22,6.4,11.7,137,79,14.0,21.9,24.3,21.2,17.6,0.131,0.147,0.213,0.318,0,0.0,0.0,0.0,0.0,0.0,0.0,0.0,0.0,0.0,0.0,0.0,0.0,0.0
46,46,41.01933,-7.7032776,723.0,2018-09-02T01:00,25.3,31,7.0,23.5,0.0,0.0,0.0,0.0,0,1015.6,935.5,2,0,4,0,0.07,2.21,6.5,11.3,124,83,16.6,21.2,24.1,21.2,17.6,0.131,0.147,0.213,0.318,0,0.0,0.0,0.0,0.0,0.0,0.0,0.0,0.0,0.0,0.0,0.0,0.0,0.0
45,45,41.01933,-7.7032776,723.0,2018-09-02T02:00,22.2,39,7.5,20.2,0.0,0.0,0.0,0.0,0,1015.3,934.5,8,0,13,0,0.07,1.63,9.0,14.8,90,77,20.2,20.6,23.9,21.3,17.6,0.131,0.147,0.213,0.318,0,0.0,0.0,0.0,0.0,0.0,0.0,0.0,0.0,0.0,0.0,0.0,0.0,0.0
44,44,41.01933,-7.7032776,723.0,2018-09-02T03:00,22.2,38,7.4,20.3,0.0,0.0,0.0,0.0,0,1015.2,934.4,19,0,31,0,0.07,1.65,8.6,14.5,68,71,21.6,20.2,23.7,21.3,17.6,0.131,0.147,0.213,0.318,0,0.0,0.0,0.0,0.0,0.0,0.0,0.0,0.0,0.0,0.0,0.0,0.0,0.0
43,43,41.01933,-7.7032776,723.0,2018-09-02T04:00,21.1,42,7.8,19.4,0.0,0.0,0.0,0.0,1,1015.4,934.3,23,0,39,0,0.05,1.44,7.6,12.6,25,53,19.8,19.9,23.5,21.3,17.6,0.131,0.147,0.213,0.318,0,0.0,0.0,0.0,0.0,0.0,0.0,0.0,0.0,0.0,0.0,0.0,0.0,0.0
42,42,41.01933,-7.7032776,723.0,2018-09-02T05:00,18.6,51,8.4,16.9,0.0,0.0,0.0,0.0,0,1015.3,933.5,1,0,2,0,0.05,1.04,8.7,15.2,42,59,19.4,19.6,23.3,21.3,17.6,0.131,0.147,0.213,0.318,0,0.0,0.0,0.0,0.0,0.0,0.0,0.0,0.0,0.0,0.0,0.0,0.0,0.0
41,41,41.01933,-7.7032776,723.0,2018-09-02T06:00,19.9,45,7.7,18.1,0.0,0.0,0.0,0.0,0,1015.6,934.1,1,0,1,0,0.05,1.28,8.2,14.3,52,65,20.9,19.1,23.1,21.3,17.6,0.131,0.147,0.213,0.318,1,0.0,0.0,0.0,0.0,0.0,0.0,0.0,0.0,0.0,0.0,0.0,0.0,0.0
40,40,41.01933,-7.7032776,723.0,2018-09-02T07:00,20.1,66,13.7,20.6,0.0,0.0,0.0,0.0,0,1016.2,934.7,2,0,3,0,0.04,0.79,4.6,11.8,51,78,18.4,19.2,22.9,21.3,17.6,0.131,0.147,0.213,0.318,1,2090.69,52.0,28.0,24.0,216.4,52.0,118.9,109.3,58.9,50.5,316.5,74.7,249.9
39,39,41.01933,-7.7032776,723.0,2018-09-02T08:00,21.8,48,10.3,21.1,0.0,0.0,0.0,0.0,1,1016.5,935.5,20,0,34,0,0.14,1.36,5.0,7.1,60,75,13.7,20.5,22.8,21.3,17.6,0.131,0.147,0.213,0.318,1,3600.0,210.0,146.0,64.0,519.1,210.0,377.9,279.6,194.4,85.2,519.1,279.6,503.2
38,38,41.01933,-7.7032776,723.0,2018-09-02T09:00,23.8,45,11.2,23.4,0.0,0.0,0.0,0.0,0,1016.5,936.0,10,0,17,0,0.25,1.62,5.1,6.5,86,93,16.2,22.2,22.7,21.3,17.6,0.131,0.147,0.213,0.318,1,3600.0,349.0,242.0,107.0,524.9,349.0,619.5,411.4,285.3,126.1,524.9,411.4,730.4
37,37,41.01933,-7.7032776,723.0,2018-09-02T10:00,26.6,39,11.4,26.3,0.0,0.0,0.0,0.0,0,1016.0,936.2,2,0,3,0,0.39,2.14,5.1,6.2,86,97,18.4,24.4,22.7,21.3,17.6,0.13,0.147,0.213,0.318,1,3600.0,551.0,427.0,124.0,693.7,551.0,827.2,610.2,472.9,137.3,693.7,610.2,916.0
36,36,41.01933,-7.7032776,723.0,2018-09-02T11:00,29.0,34,11.5,30.3,0.0,0.0,0.0,0.0,0,1015.2,936.1,0,0,0,0,0.52,2.65,2.6,2.6,74,106,17.6,26.9,22.8,21.3,17.6,0.13,0.146,0.213,0.318,1,3600.0,733.0,622.0,111.0,847.1,733.0,986.6,778.2,660.4,117.8,847.1,778.2,1047.5
35,35,41.01933,-7.7032776,723.0,2018-09-02T12:00,29.7,34,12.0,31.0,0.0,0.0,0.0,0.0,1,1014.4,935.5,26,0,4,78,0.61,2.76,6.4,7.6,52,59,15.8,29.0,23.1,21.3,17.6,0.134,0.148,0.214,0.318,1,3600.0,821.0,708.0,113.0,875.2,821.0,1087.1,842.7,726.7,116.0,875.2,842.7,1115.8
34,34,41.01933,-7.7032776,723.0,2018-09-02T13:00,31.3,27,10.3,32.5,0.0,0.0,0.0,0.0,1,1013.5,935.1,29,0,5,87,0.63,3.32,5.1,6.1,86,93,21.2,30.8,23.3,21.3,17.7,0.133,0.148,0.214,0.318,1,3600.0,836.0,709.0,127.0,849.5,836.0,1121.6,831.9,705.6,126.4,849.5,831.9,1116.2
33,33,41.01933,-7.7032776,723.0,2018-09-02T14:00,32.1,23,8.5,32.2,0.0,0.0,0.0,0.0,0,1012.7,934.6,19,0,2,58,0.59,3.67,5.7,7.3,145,147,24.1,32.0,23.7,21.3,17.7,0.133,0.147,0.214,0.318,1,3600.0,762.0,618.0,144.0,763.4,762.0,1087.9,734.5,595.7,138.8,763.4,734.5,1048.7
32,32,41.01933,-7.7032776,723.0,2018-09-02T15:00,32.5,22,7.8,31.9,0.0,0.0,0.0,0.0,1,1011.8,933.8,34,0,18,78,0.56,3.84,6.4,8.1,196,193,21.6,32.9,24.0,21.3,17.7,0.133,0.147,0.213,0.318,1,3600.0,703.0,557.0,146.0,757.6,703.0,988.1,653.0,517.4,135.6,757.6,653.0,917.8
31,31,41.01933,-7.7032776,723.0,2018-09-02T16:00,32.1,23,8.2,30.3,0.0,0.0,0.0,0.0,1,1011.3,933.3,28,0,13,69,0.45,3.7,8.9,11.2,230,228,22.3,32.8,24.4,21.3,17.7,0.132,0.147,0.213,0.318,1,3600.0,519.0,355.0,164.0,575.4,519.0,829.1,458.5,313.6,144.9,575.4,458.5,732.5
30,30,41.01933,-7.7032776,723.0,2018-09-02T17:00,30.9,24,8.2,29.2,0.0,0.0,0.0,0.0,1,1011.6,933.3,40,0,23,86,0.33,3.38,8.6,10.9,248,243,23.8,32.2,24.7,21.3,17.7,0.132,0.147,0.213,0.318,1,3600.0,358.0,243.0,115.0,525.3,358.0,621.7,291.0,197.5,93.5,525.3,291.0,505.4
29,29,41.01933,-7.7032776,723.0,2018-09-02T18:00,28.4,35,11.6,27.9,0.0,0.0,0.0,0.0,1,1012.1,933.1,44,0,26,94,0.17,2.51,6.8,11.9,295,284,19.8,30.9,24.9,21.3,17.7,0.132,0.147,0.213,0.318,1,3600.0,164.0,84.0,80.0,297.1,164.0,380.0,108.7,55.7,53.0,297.1,108.7,251.9
28,28,41.01933,-7.7032776,723.0,2018-09-02T19:00,25.2,51,14.4,25.5,0.0,0.0,0.0,0.0,0,1012.6,932.7,19,0,4,56,0.08,1.57,7.7,15.4,311,307,21.2,29.3,25.1,21.3,17.7,0.132,0.147,0.213,0.318,1,1110.06,48.0,16.0,32.0,123.1,48.0,120.5,0.0,0.0,0.0,0.0,0.0,0.0
27,27,41.01933,-7.7032776,723.0,2018-09-02T20:00,24.1,52,13.7,25.0,0.0,0.0,0.0,0.0,1,1013.0,932.8,42,0,44,53,0.0,1.43,2.0,4.1,225,308,16.9,27.5,25.2,21.3,17.7,0.132,0.147,0.213,0.318,0,0.0,0.0,0.0,0.0,0.0,0.0,0.0,0.0,0.0,0.0,0.0,0.0,0.0
26,26,41.01933,-7.7032776,723.0,2018-09-02T21:00,22.9,59,14.4,23.8,0.0,0.0,0.0,0.0,0,1013.3,932.8,3,0,0,9,0.01,1.14,3.4,7.1,198,156,7.9,26.3,25.2,21.3,17.7,0.132,0.147,0.213,0.318,0,0.0,0.0,0.0,0.0,0.0,0.0,0.0,0.0,0.0,0.0,0.0,0.0,0.0
25,25,41.01933,-7.7032776,723.0,2018-09-02T22:00,21.7,63,14.3,22.2,0.0,0.0,0.0,0.0,1,1013.3,932.5,31,0,1,100,0.02,0.96,5.7,11.3,215,202,13.7,25.0,25.1,21.3,17.7,0.132,0.147,0.213,0.318,0,0.0,0.0,0.0,0.0,0.0,0.0,0.0,0.0,0.0,0.0,0.0,0.0,0.0
24,24,41.01933,-7.7032776,723.0,2018-09-02T23:00,20.7,70,15.0,21.8,0.0,0.0,0.0,0.0,0,1012.8,931.8,16,0,4,46,0.0,0.74,3.6,2.9,217,240,13.7,24.1,25.0,21.3,17.7,0.132,0.147,0.213,0.318,0,0.0,0.0,0.0,0.0,0.0,0.0,0.0,0.0,0.0,0.0,0.0,0.0,0.0
23,23,41.01933,-7.7032776,723.0,2018-09-03T00:00,20.5,60,12.5,20.2,0.0,0.0,0.0,0.0,1,1012.0,931.0,31,0,22,59,0.03,0.97,7.2,10.5,273,308,7.6,22.4,24.9,21.4,17.7,0.131,0.146,0.212,0.318,0,0.0,0.0,0.0,0.0,0.0,0.0,0.0,0.0,0.0,0.0,0.0,0.0,0.0
22,22,41.01933,-7.7032776,723.0,2018-09-03T01:00,22.2,50,11.3,22.0,0.0,0.0,0.0,0.0,0,1011.6,931.0,20,0,2,62,0.01,1.33,3.4,6.5,252,354,13.3,21.8,24.8,21.4,17.7,0.131,0.146,0.212,0.318,0,0.0,0.0,0.0,0.0,0.0,0.0,0.0,0.0,0.0,0.0,0.0,0.0,0.0
21,21,41.01933,-7.7032776,723.0,2018-09-03T02:00,21.0,55,11.6,20.5,0.0,0.0,0.0,0.0,1,1011.9,931.0,43,0,45,52,0.03,1.12,6.5,10.9,34,46,14.4,21.2,24.6,21.4,17.7,0.131,0.146,0.212,0.318,0,0.0,0.0,0.0,0.0,0.0,0.0,0.0,0.0,0.0,0.0,0.0,0.0,0.0
20,20,41.01933,-7.7032776,723.0,2018-09-03T03:00,20.4,58,12.0,20.8,0.0,0.0,0.0,0.0,1,1011.5,930.5,34,0,20,75,0.0,1.0,1.3,6.2,236,100,14.0,21.0,24.4,21.4,17.7,0.131,0.146,0.212,0.318,0,0.0,0.0,0.0,0.0,0.0,0.0,0.0,0.0,0.0,0.0,0.0,0.0,0.0
19,19,41.01933,-7.7032776,723.0,2018-09-03T04:00,20.5,58,11.9,20.5,0.0,0.0,0.0,0.0,1,1011.4,930.4,35,0,16,84,0.01,1.01,3.9,7.0,202,125,9.7,20.6,24.2,21.4,17.7,0.131,0.146,0.212,0.318,0,0.0,0.0,0.0,0.0,0.0,0.0,0.0,0.0,0.0,0.0,0.0,0.0,0.0
18,18,41.01933,-7.7032776,723.0,2018-09-03T05:00,18.5,68,12.4,18.0,0.1,0.1,0.0,0.0,51,1011.7,930.2,35,0,12,93,0.02,0.68,8.5,13.3,144,131,17.3,20.2,24.0,21.4,17.7,0.132,0.146,0.212,0.318,0,0.0,0.0,0.0,0.0,0.0,0.0,0.0,0.0,0.0,0.0,0.0,0.0,0.0
17,17,41.01933,-7.7032776,723.0,2018-09-03T06:00,18.8,66,12.3,18.8,0.0,0.0,0.0,0.0,1,1011.2,929.8,38,0,18,89,0.01,0.74,4.8,12.0,167,134,17.6,19.9,23.8,21.4,17.7,0.132,0.146,0.212,0.318,1,0.0,0.0,0.0,0.0,0.0,0.0,0.0,0.0,0.0,0.0,0.0,0.0,0.0
16,16,41.01933,-7.7032776,723.0,2018-09-03T07:00,20.5,71,15.0,22.0,0.0,0.0,0.0,0.0,1,1011.7,930.7,28,0,17,60,0.02,0.7,0.8,2.5,297,98,14.4,20.1,23.6,21.4,17.7,0.132,0.146,0.212,0.318,1,0.0,35.0,7.0,28.0,54.7,35.0,114.8,75.0,15.0,60.0,82.0,50.1,246.0
15,15,41.01933,-7.7032776,723.0,2018-09-03T08:00,19.6,67,13.2,19.5,0.3,0.3,0.0,0.0,51,1013.2,931.8,36,0,21,79,0.11,0.76,7.2,11.3,63,59,19.1,20.8,23.4,21.4,17.7,0.134,0.146,0.212,0.318,1,3600.0,157.0,81.0,76.0,291.1,157.0,374.1,209.6,108.1,101.5,291.1,209.6,499.5
14,14,41.01933,-7.7032776,723.0,2018-09-03T09:00,20.5,64,13.6,20.9,0.0,0.0,0.0,0.0,1,1012.5,931.4,37,0,14,94,0.16,0.86,5.4,8.0,70,72,19.4,21.5,23.3,21.4,17.7,0.134,0.146,0.212,0.318,1,3569.51,226.0,82.0,144.0,179.0,226.0,615.9,266.7,96.8,169.9,179.0,266.7,726.8
13,13,41.01933,-7.7032776,723.0,2018-09-03T10:00,23.2,55,13.6,24.1,0.0,0.0,0.0,0.0,1,1012.2,931.9,28,0,6,82,0.3,1.28,1.5,2.2,76,99,17.6,23.3,23.2,21.4,17.7,0.134,0.146,0.212,0.318,1,3600.0,448.0,226.0,222.0,368.9,448.0,823.6,496.3,250.4,246.0,368.9,496.3,912.5
12,12,41.01933,-7.7032776,723.0,2018-09-03T11:00,25.5,48,13.5,26.6,0.0,0.0,0.0,0.0,1,1011.9,932.2,33,0,17,75,0.44,1.71,3.8,3.9,17,22,16.6,25.6,23.2,21.4,17.7,0.134,0.146,0.212,0.318,1,3600.0,632.0,445.0,187.0,608.6,632.0,983.0,671.1,472.5,198.6,608.6,671.1,1043.8
11,11,41.01933,-7.7032776,723.0,2018-09-03T12:00,25.7,55,15.8,28.6,0.0,0.0,0.0,0.0,3,1011.7,932.0,100,96,6,58,0.52,1.5,2.6,3.3,124,131,22.7,27.6,23.4,21.4,17.7,0.124,0.151,0.217,0.318,1,3600.0,754.0,581.0,173.0,721.1,754.0,1083.2,773.9,596.3,177.6,721.1,773.9,1111.8
10,10,41.01933,-7.7032776,723.0,2018-09-03T13:00,26.8,52,16.2,29.2,0.0,0.0,0.0,0.0,3,1011.2,931.9,100,100,12,40,0.48,1.68,2.9,3.3,97,103,20.5,29.2,23.6,21.4,17.7,0.124,0.151,0.217,0.318,1,3600.0,663.0,365.0,298.0,439.2,663.0,1117.5,659.7,363.2,296.5,439.2,659.7,1111.8
9,9,41.01933,-7.7032776,723.0,2018-09-03T14:00,23.7,60,15.4,24.1,0.8,0.8,0.0,0.0,53,1011.9,931.7,100,100,90,80,0.32,1.18,9.8,11.6,294,296,20.5,29.2,23.8,21.4,17.7,0.131,0.151,0.217,0.318,1,2444.62,423.0,114.0,309.0,141.5,423.0,1083.3,407.6,109.9,297.8,141.5,407.6,1043.9
8,8,41.01933,-7.7032776,723.0,2018-09-03T15:00,20.3,74,15.4,21.5,1.2,1.2,0.0,0.0,55,1012.5,931.4,63,11,39,100,0.17,0.63,3.9,6.0,236,237,37.4,27.3,24.0,21.4,17.7,0.143,0.151,0.217,0.318,1,0.0,235.0,36.0,199.0,49.2,235.0,983.1,218.1,33.4,184.7,49.2,218.1,912.5
7,7,41.01933,-7.7032776,723.0,2018-09-03T16:00,21.0,72,15.8,21.9,0.2,0.2,0.0,0.0,51,1012.3,931.4,100,80,43,100,0.15,0.69,7.3,9.8,290,287,18.7,26.2,24.0,21.4,17.7,0.145,0.151,0.217,0.318,1,0.0,198.0,14.0,184.0,22.9,198.0,823.6,174.7,12.4,162.4,22.9,174.7,726.7
6,6,41.01933,-7.7032776,723.0,2018-09-03T17:00,21.6,71,16.2,22.9,0.0,0.0,0.0,0.0,1,1012.1,931.4,39,7,6,96,0.15,0.74,5.6,7.0,315,305,19.4,25.7,24.1,21.4,17.7,0.145,0.151,0.217,0.318,1,1279.39,206.0,47.0,159.0,102.6,206.0,615.7,167.0,38.1,128.9,102.6,167.0,499.1
5,5,41.01933,-7.7032776,723.0,2018-09-03T18:00,21.3,75,16.6,22.3,0.0,0.0,0.0,0.0,2,1012.0,931.2,52,26,4,87,0.11,0.64,8.8,11.2,341,339,19.8,25.1,24.1,21.4,17.7,0.144,0.151,0.217,0.318,1,3168.03,158.0,46.0,112.0,165.6,158.0,373.5,103.7,30.2,73.5,165.6,103.7,245.2
4,4,41.01933,-7.7032776,723.0,2018-09-03T19:00,20.1,81,16.7,21.7,0.0,0.0,0.0,0.0,0,1012.1,931.0,17,5,6,30,0.03,0.45,5.0,9.3,339,332,20.2,24.2,24.1,21.4,17.7,0.144,0.151,0.217,0.318,1,969.39,38.0,15.0,23.0,117.7,38.0,113.6,0.0,0.0,0.0,0.0,0.0,0.0
3,3,41.01933,-7.7032776,723.0,2018-09-03T20:00,19.2,85,16.7,21.1,0.0,0.0,0.0,0.0,0,1012.7,931.3,13,8,7,5,0.0,0.32,2.4,4.1,297,315,10.8,23.2,24.0,21.4,17.7,0.144,0.151,0.217,0.318,0,0.0,0.0,0.0,0.0,0.0,0.0,0.0,0.0,0.0,0.0,0.0,0.0,0.0
2,2,41.01933,-7.7032776,723.0,2018-09-03T21:00,18.2,91,16.7,20.3,0.0,0.0,0.0,0.0,0,1012.9,931.2,16,8,9,10,0.0,0.2,1.8,3.1,217,306,3.6,22.3,23.9,21.4,17.7,0.144,0.151,0.217,0.318,0,0.0,0.0,0.0,0.0,0.0,0.0,0.0,0.0,0.0,0.0,0.0,0.0,0.0
1,1,41.01933,-7.7032776,723.0,2018-09-03T22:00,18.4,88,16.4,20.1,0.0,0.0,0.0,0.0,0,1013.1,931.4,12,8,7,1,0.0,0.26,3.6,4.9,270,324,5.0,21.5,23.8,21.4,17.7,0.144,0.151,0.217,0.318,0,0.0,0.0,0.0,0.0,0.0,0.0,0.0,0.0,0.0,0.0,0.0,0.0,0.0
0,0,41.01933,-7.7032776,723.0,2018-09-03T23:00,18.1,89,16.3,20.1,0.0,0.0,0.0,0.0,0,1012.9,931.2,19,15,9,0,0.0,0.22,1.3,1.4,214,360,5.8,20.9,23.6,21.4,17.7,0.144,0.151,0.217,0.318,0,0.0,0.0,0.0,0.0,0.0,0.0,0.0,0.0,0.0,0.0,0.0,0.0,0.0
