latitude,longitude,elevation,hourly.time,hourly.temperature_2m,hourly.relative_humidity_2m,hourly.dew_point_2m,hourly.apparent_temperature,hourly.precipitation,hourly.rain,hourly.snowfall,hourly.snow_depth,hourly.weather_code,hourly.pressure_msl,hourly.surface_pressure,hourly.cloud_cover,hourly.cloud_cover_low,hourly.cloud_cover_mid,hourly.cloud_cover_high,hourly.et0_fao_evapotranspiration,hourly.vapour_pressure_deficit,hourly.wind_speed_10m,hourly.wind_speed_100m,hourly.wind_direction_10m,hourly.wind_direction_100m,hourly.wind_gusts_10m,hourly.soil_temperature_0_to_7cm,hourly.soil_temperature_7_to_28cm,hourly.soil_temperature_28_to_100cm,hourly.soil_temperature_100_to_255cm,hourly.soil_moisture_0_to_7cm,hourly.soil_moisture_7_to_28cm,hourly.soil_moisture_28_to_100cm,hourly.soil_moisture_100_to_255cm,hourly.is_day,hourly.sunshine_duration,hourly.shortwave_radiation,hourly.direct_radiation,hourly.diffuse_radiation,hourly.direct_normal_irradiance,hourly.global_tilted_irradiance,hourly.terrestrial_radiation,hourly.shortwave_radiation_instant,hourly.direct_radiation_instant,hourly.diffuse_radiation_instant,hourly.direct_normal_irradiance_instant,hourly.global_tilted_irradiance_instant,hourly.terrestrial_radiation_instant,fwix,ffmc,dmc,dc,isi,bui
39.050964,-7.0370483,212.0,2019-04-23 00:00:00,11.6,92,10.4,9.1,0.7,0.7,0.0,0.0,53,999.6,974.6,100,100,100,99,0.0,0.11,17.9,30.6,251,255,40.0,15.6,16.6,14.7,13.4,0.3,0.254,0.225,0.26,0,0.0,0.0,0.0,0.0,0.0,0.0,0.0,0.0,0.0,0.0,0.0,0.0,0.0,,,,,,
39.050964,-7.0370483,212.0,2019-04-23 01:00:00,10.2,90,8.6,7.9,0.8,0.8,0.0,0.0,53,999.9,974.7,92,6,95,97,0.0,0.12,13.0,23.1,268,272,38.2,14.8,16.5,14.7,13.4,0.309,0.254,0.225,0.26,0,0.0,0.0,0.0,0.0,0.0,0.0,0.0,0.0,0.0,0.0,0.0,0.0,0.0,,,,,,
39.050964,-7.0370483,212.0,2019-04-23 02:00:00,10.0,89,8.3,7.7,0.3,0.3,0.0,0.0,51,999.5,974.3,100,37,65,95,0.0,0.13,12.6,22.0,265,270,27.0,14.1,16.3,14.7,13.4,0.312,0.255,0.225,0.26,0,0.0,0.0,0.0,0.0,0.0,0.0,0.0,0.0,0.0,0.0,0.0,0.0,0.0,,,,,,
39.050964,-7.0370483,212.0,2019-04-23 03:00:00,9.6,89,7.9,7.0,0.1,0.1,0.0,0.0,51,999.9,974.7,86,11,87,79,0.0,0.13,14.1,24.2,264,267,29.2,13.6,16.1,14.7,13.4,0.312,0.255,0.225,0.26,0,0.0,0.0,0.0,0.0,0.0,0.0,0.0,0.0,0.0,0.0,0.0,0.0,0.0,,,,,,
39.050964,-7.0370483,212.0,2019-04-23 04:00:00,9.1,88,7.2,6.4,0.0,0.0,0.0,0.0,0,999.9,974.6,18,10,10,9,0.0,0.14,13.4,23.4,265,268,28.8,13.1,15.9,14.7,13.4,0.311,0.255,0.225,0.26,0,0.0,0.0,0.0,0.0,0.0,0.0,0.0,0.0,0.0,0.0,0.0,0.0,0.0,,,,,,
39.050964,-7.0370483,212.0,2019-04-23 05:00:00,8.2,90,6.6,5.6,0.0,0.0,0.0,0.0,1,1000.0,974.6,24,25,2,0,0.0,0.11,11.7,22.1,259,263,27.0,12.5,15.7,14.7,13.4,0.311,0.255,0.225,0.26,0,0.0,0.0,0.0,0.0,0.0,0.0,0.0,0.0,0.0,0.0,0.0,0.0,0.0,,,,,,
39.050964,-7.0370483,212.0,2019-04-23 06:00:00,7.8,88,6.0,5.1,0.0,0.0,0.0,0.0,1,1000.3,974.9,23,25,1,0,0.02,0.12,11.5,21.7,250,255,23.4,12.0,15.5,14.7,13.4,0.31,0.255,0.225,0.26,1,0.0,2.0,0.0,2.0,0.0,2.0,22.6,5.8,0.0,5.8,0.0,1.6,65.2,,,,,,
39.050964,-7.0370483,212.0,2019-04-23 07:00:00,8.6,84,6.1,5.5,0.0,0.0,0.0,0.0,0,1000.8,975.5,17,16,4,0,0.04,0.18,13.9,21.6,249,252,27.7,11.9,15.2,14.7,13.4,0.31,0.256,0.225,0.26,1,3156.36,86.0,43.0,43.0,269.5,86.0,199.5,143.7,71.9,71.9,291.8,132.7,333.4,,,,,,
39.050964,-7.0370483,212.0,2019-04-23 08:00:00,9.5,78,5.8,5.9,0.1,0.1,0.0,0.0,51,1000.9,975.6,37,26,22,0,0.11,0.27,17.4,25.0,257,258,40.3,12.3,15.0,14.7,13.4,0.31,0.256,0.225,0.26,1,3600.0,254.0,169.0,85.0,493.0,254.0,464.2,323.7,215.4,108.3,493.0,323.7,591.5,,,,,,
39.050964,-7.0370483,212.0,2019-04-23 09:00:00,10.6,70,5.4,7.2,0.1,0.1,0.0,0.0,51,1001.2,976.0,38,25,25,0,0.18,0.38,15.7,22.6,259,261,44.6,12.9,14.8,14.7,13.4,0.309,0.256,0.225,0.26,1,3600.0,392.0,277.0,115.0,528.5,392.0,709.7,453.9,320.7,133.2,528.5,453.9,821.7,,,,,,
39.050964,-7.0370483,212.0,2019-04-23 10:00:00,11.8,67,5.9,8.4,0.1,0.1,0.0,0.0,51,1001.5,976.4,41,34,13,10,0.24,0.46,16.5,23.3,260,261,44.6,13.9,14.8,14.7,13.4,0.309,0.256,0.225,0.26,1,3600.0,535.0,345.0,190.0,508.1,535.0,919.4,586.8,378.4,208.4,508.1,586.8,1008.5,,,,,,
39.050964,-7.0370483,212.0,2019-04-23 11:00:00,12.6,64,6.0,9.5,0.1,0.1,0.0,0.0,51,1001.4,976.4,47,23,23,41,0.29,0.52,16.7,23.6,256,258,49.0,14.8,14.7,14.7,13.4,0.308,0.256,0.225,0.26,1,3600.0,618.0,426.0,192.0,534.6,618.0,1079.0,652.4,449.7,202.7,534.6,652.4,1139.1,,,,,,
39.050964,-7.0370483,212.0,2019-04-23 12:00:00,10.2,74,5.8,6.6,0.0,0.0,0.0,0.0,3,1002.4,977.2,95,14,90,95,0.28,0.32,24.8,36.4,269,268,50.4,15.0,14.6,14.7,13.4,0.307,0.256,0.226,0.26,1,3600.0,779.0,503.0,276.0,578.3,779.0,1177.6,796.9,514.5,282.3,578.3,796.9,1204.7,,,,,,
39.050964,-7.0370483,212.0,2019-04-23 13:00:00,11.4,65,5.0,7.0,0.1,0.1,0.0,0.0,51,1002.2,977.1,74,30,39,80,0.19,0.47,21.3,31.4,272,274,54.7,14.5,14.6,14.7,13.4,0.307,0.257,0.226,0.26,1,518.83,363.0,69.0,294.0,77.3,363.0,1208.6,360.6,68.5,292.1,77.3,360.6,1200.7,,,,,,
39.050964,-7.0370483,212.0,2019-04-23 14:00:00,13.7,61,6.3,10.6,0.0,0.0,0.0,0.0,3,1002.3,977.4,96,49,47,79,0.32,0.61,18.7,25.9,268,268,54.7,15.4,14.7,14.7,13.4,0.306,0.257,0.225,0.26,1,3600.0,664.0,322.0,342.0,372.7,664.0,1169.8,640.0,310.4,329.6,372.7,640.0,1127.6,,,,,,
39.050964,-7.0370483,212.0,2019-04-23 15:00:00,12.5,53,3.3,8.6,0.6,0.6,0.0,0.0,53,1002.6,977.6,49,0,54,54,0.32,0.68,19.8,28.2,272,275,58.3,15.5,14.7,14.7,13.4,0.31,0.257,0.225,0.26,1,3600.0,666.0,405.0,261.0,515.3,666.0,1064.0,619.8,376.9,242.9,515.3,619.8,990.2,,,,,,
39.050964,-7.0370483,212.0,2019-04-23 16:00:00,12.2,58,4.1,7.9,0.0,0.0,0.0,0.0,3,1002.6,977.5,88,33,63,69,0.24,0.6,19.8,28.5,260,261,50.4,15.5,14.8,14.7,13.4,0.309,0.257,0.225,0.26,1,3600.0,484.0,258.0,226.0,388.8,484.0,898.3,430.0,229.2,200.8,388.8,430.0,798.1,,,,,,
39.050964,-7.0370483,212.0,2019-04-23 17:00:00,11.8,58,3.8,7.4,0.0,0.0,0.0,0.0,1,1003.2,978.1,46,12,36,45,0.19,0.59,20.1,29.1,261,261,48.2,15.2,14.8,14.7,13.4,0.308,0.257,0.225,0.26,1,3600.0,341.0,160.0,181.0,316.7,341.0,684.0,281.3,132.0,149.3,316.7,281.3,564.2,,,,,,
39.050964,-7.0370483,212.0,2019-04-23 18:00:00,10.8,64,4.3,6.5,0.0,0.0,0.0,0.0,2,1003.8,978.6,69,22,61,41,0.13,0.47,20.4,30.9,262,263,48.2,14.7,14.8,14.7,13.4,0.308,0.257,0.225,0.26,1,3600.0,225.0,131.0,94.0,406.8,225.0,435.9,157.2,91.5,65.7,406.8,157.2,304.6,,,,,,
39.050964,-7.0370483,212.0,2019-04-23 19:00:00,9.5,73,4.8,5.9,0.0,0.0,0.0,0.0,2,1004.3,979.0,52,0,81,11,0.05,0.32,15.9,26.1,257,258,43.2,13.8,14.8,14.7,13.4,0.307,0.257,0.225,0.26,1,2026.19,63.0,22.0,41.0,147.7,63.0,170.8,13.7,4.8,8.9,54.7,11.6,37.0,,,,,,
39.050964,-7.0370483,212.0,2019-04-23 20:00:00,8.8,77,4.9,5.7,0.0,0.0,0.0,0.0,0,1005.1,979.7,5,3,4,0,0.04,0.27,12.5,22.3,252,256,33.5,13.0,14.7,14.7,13.4,0.306,0.257,0.225,0.26,0,0.0,1.0,0.0,1.0,0.0,1.0,8.7,0.0,0.0,0.0,0.0,0.0,0.0,,,,,,
39.050964,-7.0370483,212.0,2019-04-23 21:00:00,8.0,81,5.0,5.3,0.0,0.0,0.0,0.0,2,1006.1,980.6,66,14,63,52,0.01,0.2,10.5,20.8,243,252,25.9,12.1,14.5,14.7,13.4,0.306,0.257,0.225,0.26,0,0.0,0.0,0.0,0.0,0.0,0.0,0.0,0.0,0.0,0.0,0.0,0.0,0.0,,,,,,
39.050964,-7.0370483,212.0,2019-04-23 22:00:00,7.9,82,5.1,5.3,0.0,0.0,0.0,0.0,2,1006.2,980.7,58,15,73,1,0.0,0.19,9.7,19.7,222,230,21.2,11.6,14.4,14.6,13.4,0.305,0.257,0.225,0.26,0,0.0,0.0,0.0,0.0,0.0,0.0,0.0,0.0,0.0,0.0,0.0,0.0,0.0,,,,,,
39.050964,-7.0370483,212.0,2019-04-23 23:00:00,8.0,81,4.9,5.1,0.0,0.0,0.0,0.0,3,1006.4,980.9,100,16,96,94,0.01,0.21,11.2,21.7,213,220,21.6,11.2,14.2,14.6,13.4,0.305,0.258,0.225,0.26,0,0.0,0.0,0.0,0.0,0.0,0.0,0.0,0.0,0.0,0.0,0.0,0.0,0.0,,,,,,
39.050964,-7.0370483,212.0,2019-04-24 00:00:00,8.4,81,5.4,5.3,0.0,0.0,0.0,0.0,3,1006.4,980.9,91,24,99,32,0.01,0.21,13.4,24.8,200,210,23.8,11.5,14.1,14.6,13.4,0.308,0.258,0.225,0.26,0,0.0,0.0,0.0,0.0,0.0,0.0,0.0,0.0,0.0,0.0,0.0,0.0,0.0,,,,,,
39.050964,-7.0370483,212.0,2019-04-24 01:00:00,8.7,81,5.7,5.5,0.1,0.1,0.0,0.0,51,1006.1,980.6,100,20,100,79,0.01,0.21,14.7,25.6,202,206,31.3,11.4,14.0,14.6,13.4,0.309,0.258,0.225,0.26,0,0.0,0.0,0.0,0.0,0.0,0.0,0.0,0.0,0.0,0.0,0.0,0.0,0.0,,,,,,
39.050964,-7.0370483,212.0,2019-04-24 02:00:00,8.2,91,6.8,5.3,0.6,0.6,0.0,0.0,53,1005.2,979.7,100,92,100,5,0.0,0.1,13.8,25.3,189,195,30.6,11.2,13.8,14.6,13.4,0.313,0.258,0.225,0.26,0,0.0,0.0,0.0,0.0,0.0,0.0,0.0,0.0,0.0,0.0,0.0,0.0,0.0,,,,,,
39.050964,-7.0370483,212.0,2019-04-24 03:00:00,8.5,92,7.3,5.6,0.8,0.8,0.0,0.0,53,1004.5,979.1,100,100,100,74,0.0,0.09,14.6,26.4,189,194,30.2,11.0,13.6,14.6,13.4,0.323,0.258,0.225,0.26,0,0.0,0.0,0.0,0.0,0.0,0.0,0.0,0.0,0.0,0.0,0.0,0.0,0.0,,,,,,
39.050964,-7.0370483,212.0,2019-04-24 04:00:00,9.1,93,7.9,6.0,1.5,1.5,0.0,0.0,61,1003.9,978.5,100,100,100,95,0.0,0.09,17.4,30.4,187,191,35.6,11.0,13.5,14.6,13.4,0.342,0.259,0.225,0.26,0,0.0,0.0,0.0,0.0,0.0,0.0,0.0,0.0,0.0,0.0,0.0,0.0,0.0,,,,,,
39.050964,-7.0370483,212.0,2019-04-24 05:00:00,9.5,91,8.1,5.8,1.6,1.6,0.0,0.0,61,1002.9,977.6,100,100,95,20,0.01,0.11,22.0,37.6,198,202,45.4,11.0,13.3,14.6,13.4,0.361,0.26,0.225,0.26,0,0.0,0.0,0.0,0.0,0.0,0.0,0.0,0.0,0.0,0.0,0.0,0.0,0.0,,,,,,
39.050964,-7.0370483,212.0,2019-04-24 06:00:00,10.0,91,8.6,6.0,1.1,1.1,0.0,0.0,55,1002.6,977.3,100,98,85,11,0.03,0.11,25.0,42.4,205,208,68.0,11.0,13.2,14.6,13.4,0.373,0.261,0.225,0.26,1,0.0,1.0,0.0,1.0,0.0,1.0,25.5,2.8,0.0,2.8,0.0,0.8,71.0,,,,,,
39.050964,-7.0370483,212.0,2019-04-24 07:00:00,10.7,91,9.3,7.0,2.0,2.0,0.0,0.0,61,1003.3,978.1,100,89,100,0,0.03,0.11,23.9,40.3,211,212,70.2,11.2,13.1,14.6,13.4,0.394,0.262,0.225,0.26,1,0.0,26.0,1.0,25.0,6.2,26.0,205.1,42.9,1.7,41.3,6.6,40.3,338.7,,,,,,
39.050964,-7.0370483,212.0,2019-04-24 08:00:00,11.7,91,10.2,8.2,1.8,1.8,0.0,0.0,61,1003.4,978.3,100,95,93,0,0.05,0.13,24.3,40.8,220,222,69.5,11.5,13.0,14.6,13.4,0.407,0.265,0.225,0.26,1,17.12,84.0,21.0,63.0,60.6,84.0,469.2,106.7,26.7,80.1,60.6,106.7,596.2,,,,,,
39.050964,-7.0370483,212.0,2019-04-24 09:00:00,12.1,92,10.8,8.8,1.1,1.1,0.0,0.0,55,1004.1,979.0,100,48,99,0,0.06,0.12,24.5,40.9,206,209,55.8,11.9,12.9,14.6,13.4,0.41,0.269,0.225,0.26,1,0.0,125.0,11.0,114.0,20.8,125.0,714.2,144.6,12.7,131.8,20.8,144.6,825.9,,,,,,
39.050964,-7.0370483,212.0,2019-04-24 10:00:00,12.1,93,11.0,10.1,3.3,3.3,0.0,0.0,63,1005.0,979.9,100,100,99,0,0.05,0.1,15.8,26.6,215,218,54.4,12.1,12.9,14.6,13.4,0.432,0.277,0.225,0.26,1,0.0,83.0,2.0,81.0,2.9,83.0,923.4,91.0,2.2,88.8,2.9,91.0,1012.2,,,,,,
39.050964,-7.0370483,212.0,2019-04-24 11:00:00,13.0,93,11.8,10.8,1.5,1.5,0.0,0.0,61,1005.0,979.9,89,65,51,0,0.07,0.11,18.5,32.7,207,212,45.4,12.4,12.9,14.5,13.4,0.42,0.287,0.225,0.26,1,0.0,127.0,0.0,127.0,0.0,127.0,1082.5,134.0,0.0,134.0,0.0,134.0,1142.4,,,,,,
39.050964,-7.0370483,212.0,2019-04-24 12:00:00,15.4,84,12.8,13.4,0.4,0.4,0.0,0.0,51,1004.6,979.8,100,80,92,0,0.24,0.27,19.3,29.1,204,207,55.4,13.9,13.0,14.5,13.4,0.394,0.274,0.226,0.26,1,3600.0,511.0,297.0,214.0,340.4,511.0,1180.7,522.6,303.8,218.9,340.4,522.6,1207.6,0.2314453125,44.96767807006836,4.572265625,235.3341064453125,0.3819580078125,8.69041919708252
39.050964,-7.0370483,212.0,2019-04-24 13:00:00,16.0,82,12.9,13.6,0.4,0.4,0.0,0.0,51,1004.0,979.2,76,18,100,0,0.17,0.34,22.5,34.3,207,210,58.3,14.4,13.1,14.5,13.4,0.39,0.276,0.226,0.26,1,1383.45,321.0,95.0,226.0,106.1,321.0,1211.4,318.9,94.4,224.5,106.1,318.9,1203.4,0.023975608233476015,36.896929564750884,2.3886681982992815,196.32050456406986,0.057561047169929026,4.636309296566663
39.050964,-7.0370483,212.0,2019-04-24 14:00:00,14.7,82,11.6,10.7,1.1,1.1,0.0,0.0,55,1004.3,979.4,100,75,95,4,0.13,0.31,30.6,48.6,240,242,64.1,14.5,13.2,14.5,13.4,0.395,0.277,0.226,0.26,1,0.0,222.0,18.0,204.0,20.8,222.0,1172.5,214.0,17.4,196.6,20.8,214.0,1130.2,0.02799465057673867,36.86923810881438,1.2011620907289502,158.4532242500037,0.08606114701595262,2.3576436117923363
39.050964,-7.0370483,212.0,2019-04-24 15:00:00,13.9,85,11.5,10.8,0.4,0.4,0.0,0.0,51,1004.8,979.8,100,100,100,0,0.08,0.24,24.5,39.9,250,250,62.3,14.1,13.3,14.5,13.4,0.392,0.279,0.226,0.26,1,0.0,114.0,8.0,106.0,10.1,114.0,1066.6,106.1,7.4,98.7,10.1,106.1,992.9,0.003654178119911456,30.536478938296813,0.545472,123.13334692202625,0.013708071894927272,1.0789943289861552
39.050964,-7.0370483,212.0,2019-04-24 16:00:00,14.2,83,11.3,11.2,0.1,0.1,0.0,0.0,51,1005.2,980.2,84,65,43,0,0.1,0.28,23.0,37.0,243,245,56.2,14.0,13.4,14.5,13.4,0.387,0.281,0.226,0.26,1,0.0,157.0,13.0,144.0,19.5,157.0,901.1,139.6,11.6,128.0,19.5,139.6,801.0,0.004426721070839103,31.43321094799287,0.6305656319999999,92.02094292886952,0.01612683892393744,1.2398906526747313
39.050964,-7.0370483,212.0,2019-04-24 17:00:00,15.3,70,9.9,11.5,0.1,0.1,0.0,0.0,51,1005.6,980.7,53,29,41,7,0.18,0.52,26.3,41.3,240,241,68.4,14.4,13.5,14.5,13.4,0.383,0.283,0.226,0.26,1,3600.0,313.0,168.0,145.0,330.8,313.0,687.1,258.5,138.7,119.7,330.8,258.5,567.4,0.09151857285754617,44.45858175771689,1.19276544,63.4064776789918,0.2843346126635432,2.2783819216166243
39.050964,-7.0370483,212.0,2019-04-24 18:00:00,14.2,79,10.6,10.7,0.2,0.2,0.0,0.0,51,1006.0,981.0,98,43,98,0,0.1,0.34,25.6,40.4,242,243,56.5,14.4,13.5,14.5,13.4,0.381,0.284,0.226,0.26,1,3600.0,162.0,94.0,68.0,289.5,162.0,439.3,113.7,66.0,47.7,289.5,113.7,308.3,0.027350572936886614,38.58849461514605,0.7789340159999999,36.38853568004236,0.09566335988171772,1.4787335047431716
39.050964,-7.0370483,212.0,2019-04-24 19:00:00,13.5,84,10.9,10.6,0.6,0.6,0.0,0.0,53,1006.4,981.3,100,91,99,1,0.05,0.24,21.8,35.9,231,232,56.9,13.9,13.6,14.5,13.4,0.381,0.285,0.226,0.26,1,0.0,13.0,1.0,12.0,6.7,13.0,174.7,3.1,0.2,2.8,2.7,2.6,41.2,0.0030950061032018364,30.484957663061294,0.5663211519999999,10.170603115550533,0.011799126219518976,0.9942388822116682
39.050964,-7.0370483,212.0,2019-04-24 20:00:00,13.0,91,11.6,10.3,1.5,1.5,0.0,0.0,61,1007.1,982.0,75,19,97,0,0.03,0.13,21.5,35.6,247,247,53.3,13.6,13.6,14.5,13.4,0.397,0.287,0.226,0.26,0,0.0,0.0,0.0,0.0,0.0,0.0,10.8,0.0,0.0,0.0,0.0,0.0,0.0,7.386280934985693e-05,19.467366901640766,0.307646208,3.294,0.00031342613875713697,0.49882244507387274
39.050964,-7.0370483,212.0,2019-04-24 21:00:00,12.6,90,11.0,10.5,0.5,0.5,0.0,0.0,53,1008.2,983.0,100,83,91,0,0.0,0.15,16.4,28.8,255,257,43.6,13.3,13.6,14.5,13.4,0.397,0.289,0.226,0.26,0,0.0,0.0,0.0,0.0,0.0,0.0,0.0,0.0,0.0,0.0,0.0,0.0,0.0,2.7552983639573896e-05,17.64973397625522,0.33213183999999996,3.222,0.0001160859808866764,0.5281548610853372
39.050964,-7.0370483,212.0,2019-04-24 22:00:00,12.3,91,10.8,9.9,0.1,0.1,0.0,0.0,51,1008.9,983.7,97,41,100,0,0.0,0.13,17.9,30.7,255,256,38.5,13.0,13.6,14.4,13.4,0.392,0.291,0.226,0.26,0,0.0,0.0,0.0,0.0,0.0,0.0,0.0,0.0,0.0,0.0,0.0,0.0,0.0,1.785722761103904e-05,16.48465750237166,0.292372992,3.168,7.621993155804848e-05,0.4751237131739198
39.050964,-7.0370483,212.0,2019-04-24 23:00:00,11.9,90,10.2,9.5,0.0,0.0,0.0,0.0,1,1009.3,984.0,43,21,40,0,0.0,0.14,16.7,28.8,251,254,37.1,12.8,13.6,14.4,13.4,0.387,0.292,0.226,0.26,0,0.0,0.0,0.0,0.0,0.0,0.0,0.0,0.0,0.0,0.0,0.0,0.0,0.0,2.1974604835710836e-05,17.092093197316554,0.3151616,3.096,9.316309160344297e-05,0.5024533632139209
39.050964,-7.0370483,212.0,2019-04-25 00:00:00,11.3,89,9.6,8.8,0.0,0.0,0.0,0.0,1,1010.0,984.7,35,26,20,0,0.01,0.15,16.7,29.9,245,248,34.6,12.8,13.6,14.4,13.4,0.392,0.303,0.226,0.26,0,0.0,0.0,0.0,0.0,0.0,0.0,0.0,0.0,0.0,0.0,0.0,0.0,0.0,3.2309041317880146e-05,18.002788689013734,0.3306772479999999,2.9880000000000004,0.00013645778195128038,0.5180304606122549
39.050964,-7.0370483,212.0,2019-04-25 01:00:00,11.0,88,9.1,8.5,0.0,0.0,0.0,0.0,1,1010.1,984.7,22,16,13,0,0.01,0.16,15.5,28.0,242,246,34.6,12.4,13.5,14.4,13.4,0.387,0.305,0.226,0.26,0,0.0,0.0,0.0,0.0,0.0,0.0,0.0,0.0,0.0,0.0,0.0,0.0,0.0,3.8787691767415465e-05,18.584115762386542,0.35201126399999993,2.934,0.00016289408926797055,0.5415801904178914
39.050964,-7.0370483,212.0,2019-04-25 02:00:00,10.5,86,8.3,7.8,0.0,0.0,0.0,0.0,1,1010.1,984.7,27,23,11,0,0.01,0.17,15.5,28.0,239,244,32.4,12.1,13.4,14.4,13.4,0.384,0.306,0.226,0.26,0,0.0,0.0,0.0,0.0,0.0,0.0,0.0,0.0,0.0,0.0,0.0,0.0,0.0,7.894937047921562e-05,20.36779175376632,0.39370956800000007,2.8440000000000003,0.0003281788963284171,0.5849685967048044
39.050964,-7.0370483,212.0,2019-04-25 03:00:00,10.1,86,7.9,7.3,0.0,0.0,0.0,0.0,1,1010.6,985.1,22,18,10,0,0.01,0.17,14.8,27.4,241,245,31.7,11.7,13.4,14.4,13.4,0.381,0.307,0.226,0.26,0,0.0,0.0,0.0,0.0,0.0,0.0,0.0,0.0,0.0,0.0,0.0,0.0,0.0,6.532230452080255e-05,19.977235740609018,0.38013337599999997,2.772,0.0002727332067134441,0.5661662154973414
39.050964,-7.0370483,212.0,2019-04-25 04:00:00,9.8,86,7.6,7.1,0.0,0.0,0.0,0.0,1,1011.1,985.6,25,18,15,0,0.01,0.17,14.5,26.9,240,245,30.2,11.5,13.2,14.4,13.4,0.378,0.308,0.226,0.26,0,0.0,0.0,0.0,0.0,0.0,0.0,0.0,0.0,0.0,0.0,0.0,0.0,0.0,5.814916608622312e-05,19.724820186370312,0.369951232,2.7180000000000004,0.00024359640020704364,0.5520511126059975
39.050964,-7.0370483,212.0,2019-04-25 05:00:00,9.5,85,7.2,6.7,0.0,0.0,0.0,0.0,2,1011.7,986.2,51,26,44,3,0.01,0.18,14.4,26.4,257,259,29.9,11.2,13.1,14.4,13.4,0.375,0.309,0.226,0.26,0,0.0,0.0,0.0,0.0,0.0,0.0,0.0,0.0,0.0,0.0,0.0,0.0,0.0,8.06502891985342e-05,20.5815665378108,0.38546688,2.664,0.0003367325761089445,0.5661400077272799
39.050964,-7.0370483,212.0,2019-04-25 06:00:00,9.5,86,7.2,6.7,0.1,0.1,0.0,0.0,51,1012.5,986.9,43,15,49,0,0.03,0.17,14.2,25.4,254,258,30.2,11.1,13.0,14.4,13.4,0.373,0.309,0.226,0.26,1,0.0,3.0,0.0,3.0,0.0,3.0,28.4,8.1,0.0,8.1,0.0,2.6,76.7,6.126650944314685e-05,19.906983027152766,0.359769088,2.664,0.0002575221835425933,0.5379237467689493
39.050964,-7.0370483,212.0,2019-04-25 07:00:00,10.3,82,7.4,7.9,0.0,0.0,0.0,0.0,2,1013.3,987.8,53,24,53,0,0.04,0.22,11.8,21.8,247,254,29.2,11.2,12.9,14.4,13.4,0.372,0.31,0.226,0.26,1,3236.86,69.0,29.0,40.0,177.3,69.0,210.5,112.7,47.4,65.3,186.3,107.3,343.9,0.00016795889755743214,22.87949717690038,0.497470464,2.8080000000000003,0.0006818135340244951,0.68954033232113
39.050964,-7.0370483,212.0,2019-04-25 08:00:00,11.5,75,7.2,8.4,0.0,0.0,0.0,0.0,1,1013.9,988.5,45,25,38,0,0.1,0.34,16.2,24.5,257,260,46.1,11.7,12.8,14.4,13.4,0.369,0.31,0.226,0.26,1,3600.0,193.0,95.0,98.0,271.0,193.0,474.1,244.6,120.4,124.2,271.0,244.6,600.9,0.003393100339489642,31.94855931433222,0.7636607999999999,3.024,0.013083050039542701,0.9362412750306499
39.050964,-7.0370483,212.0,2019-04-25 09:00:00,12.7,67,6.7,9.1,0.0,0.0,0.0,0.0,1,1014.3,989.0,28,15,25,0,0.18,0.48,19.0,27.3,260,261,55.8,12.5,12.8,14.4,13.4,0.367,0.311,0.226,0.26,1,3600.0,358.0,230.0,128.0,432.9,358.0,718.5,413.5,265.7,147.9,432.9,413.5,830.0,0.03143350925925686,41.31547833463837,1.1040353279999997,3.24,0.1154903916592437,1.192340602986324
39.050964,-7.0370483,212.0,2019-04-25 10:00:00,13.4,67,7.3,9.7,0.4,0.4,0.0,0.0,51,1015.1,989.8,26,8,32,0,0.26,0.52,20.9,29.9,267,267,56.5,13.4,12.9,14.3,13.4,0.368,0.311,0.226,0.26,1,3600.0,543.0,378.0,165.0,551.4,543.0,927.2,594.9,414.1,180.8,551.4,594.9,1015.8,0.06695521398087348,45.21310562824327,1.16003712,3.366,0.24364633145875772,1.2462901749300617
39.050964,-7.0370483,212.0,2019-04-25 11:00:00,14.4,58,6.2,10.4,0.2,0.2,0.0,0.0,51,1015.2,990.0,36,19,31,0,0.32,0.69,23.0,33.1,269,269,51.1,14.1,13.0,14.3,13.4,0.368,0.311,0.226,0.26,1,3600.0,630.0,444.0,186.0,553.0,630.0,1085.8,664.6,468.4,196.2,553.0,664.6,1145.5,0.2356252527596557,54.099681260982386,1.5782323199999997,3.546,0.8173937515707294,1.5291043593041014
39.050964,-7.0370483,212.0,2019-04-25 12:00:00,15.6,59,7.6,13.6,0.4,0.4,0.0,0.0,51,1014.8,989.7,78,54,49,0,0.37,0.73,14.9,20.5,255,255,64.1,14.9,13.1,14.3,13.4,0.368,0.312,0.226,0.26,1,3600.0,694.0,499.0,195.0,570.1,694.0,1183.7,709.7,510.3,199.4,570.1,709.7,1210.4,0.84814453125,59.00389862060547,3.8681640625,223.92222595214844,1.39727783203125,7.4345703125
39.050964,-7.0370483,212.0,2019-04-25 13:00:00,13.6,64,6.9,9.6,0.5,0.5,0.0,0.0,53,1015.9,990.6,57,16,71,0,0.32,0.56,26.4,38.4,264,264,62.6,15.5,13.3,14.3,13.4,0.369,0.313,0.226,0.26,1,3600.0,706.0,437.0,269.0,486.8,706.0,1214.1,701.3,434.1,267.2,486.8,701.3,1206.1,0.508590474482089,55.867526727246776,2.8070999220561133,213.08202719938961,1.1397172260125472,5.435194438481005
39.050964,-7.0370483,212.0,2019-04-25 14:00:00,13.9,65,7.4,9.7,0.1,0.1,0.0,0.0,51,1016.3,991.0,100,61,95,0,0.23,0.55,24.3,35.8,276,275,58.7,15.3,13.5,14.3,13.4,0.367,0.313,0.226,0.26,1,3600.0,420.0,232.0,188.0,267.0,420.0,1175.1,404.9,223.6,181.2,267.0,404.9,1132.8,0.3760714492133265,54.84128846164416,2.1824613109366036,203.47745120727888,0.935861600898683,4.250935755435794
39.050964,-7.0370483,212.0,2019-04-25 15:00:00,13.9,59,6.0,9.8,0.3,0.3,0.0,0.0,51,1016.6,991.3,79,24,96,0,0.21,0.65,21.3,31.7,266,267,59.0,15.0,13.6,14.3,13.4,0.367,0.313,0.226,0.26,1,1387.34,318.0,84.0,234.0,106.2,318.0,1069.2,296.1,78.2,217.9,106.2,296.1,995.6,0.38283786504328127,57.08004052042247,2.0645323437605403,196.28902295955197,0.9740077902922893,4.023274508510921
39.050964,-7.0370483,212.0,2019-04-25 16:00:00,14.3,52,4.4,9.7,0.0,0.0,0.0,0.0,1,1016.9,991.7,33,15,33,0,0.22,0.79,22.0,33.1,269,269,53.3,15.0,13.7,14.3,13.4,0.365,0.314,0.226,0.26,1,2329.76,290.0,92.0,198.0,137.7,290.0,903.8,257.9,81.8,176.1,137.7,257.9,803.8,0.5499718934634471,61.27211426305214,2.314727034145108,190.40108625227666,1.3378365956958074,4.492902294766086
39.050964,-7.0370483,212.0,2019-04-25 17:00:00,14.1,53,4.8,9.5,0.0,0.0,0.0,0.0,2,1017.6,992.3,68,52,35,0,0.24,0.75,22.9,34.9,278,278,51.8,15.2,13.8,14.3,13.4,0.363,0.314,0.226,0.26,1,3600.0,418.0,295.0,123.0,578.1,418.0,690.1,345.6,243.9,101.7,578.1,345.6,570.6,0.611504137207242,62.07997824102872,2.415249471179736,184.87019316783767,1.4626204622106165,4.677718013157048
39.050964,-7.0370483,212.0,2019-04-25 18:00:00,13.6,54,4.4,9.4,0.0,0.0,0.0,0.0,0,1018.2,992.9,20,15,10,0,0.15,0.72,19.6,31.4,283,283,49.0,14.9,13.9,14.3,13.4,0.361,0.314,0.226,0.26,1,3600.0,186.0,99.0,87.0,302.4,186.0,442.7,131.0,69.7,61.3,302.4,131.0,311.9,0.4714426083165989,60.486970398972524,2.392146385045094,179.62558607830192,1.1324813170429753,4.630139191916604
39.050964,-7.0370483,212.0,2019-04-25 19:00:00,12.5,59,4.7,8.9,0.0,0.0,0.0,0.0,0,1019.1,993.6,16,12,8,0,0.08,0.59,15.5,28.3,283,285,40.3,14.3,14.0,14.3,13.4,0.359,0.314,0.226,0.26,1,2881.9,78.0,39.0,39.0,257.0,78.0,178.6,19.8,9.9,9.9,113.5,17.2,45.3,0.26875698471288184,56.24531697530342,2.1052061915249762,174.79592049812283,0.6794726417769058,4.087344536269975
39.050964,-7.0370483,212.0,2019-04-25 20:00:00,11.4,65,5.1,8.4,0.0,0.0,0.0,0.0,0,1020.5,994.9,9,9,1,0,0.06,0.47,12.0,23.5,279,281,32.4,13.5,14.0,14.3,13.4,0.358,0.315,0.226,0.26,0,0.0,1.0,0.0,1.0,0.0,1.0,12.8,0.0,0.0,0.0,0.0,0.0,0.0,0.13773159239594485,52.00295424791515,1.6827501143024723,171.35423877257134,0.3785436275402091,3.284854581008854
39.050964,-7.0370483,212.0,2019-04-25 21:00:00,10.4,71,5.4,7.9,0.0,0.0,0.0,0.0,0,1021.7,996.0,1,1,0,0,0.02,0.37,9.7,20.8,272,279,24.5,12.8,13.9,14.3,13.4,0.357,0.315,0.226,0.26,0,0.0,0.0,0.0,0.0,0.0,0.0,0.0,0.0,0.0,0.0,0.0,0.0,0.0,0.1189314171227287,52.34501364647904,1.3786778640068311,174.18023877257133,0.3498246738942133,2.703851661485829
39.050964,-7.0370483,212.0,2019-04-25 22:00:00,9.5,76,5.5,7.0,0.0,0.0,0.0,0.0,0,1022.6,996.8,1,1,0,0,0.01,0.28,9.4,20.5,263,271,19.1,12.1,13.8,14.3,13.4,0.356,0.315,0.226,0.26,0,0.0,0.0,0.0,0.0,0.0,0.0,0.0,0.0,0.0,0.0,0.0,0.0,0.0,0.11299338146783891,52.587581373432585,1.1304446689126122,176.84423877257132,0.35358136048984307,2.225326843893729
39.050964,-7.0370483,212.0,2019-04-25 23:00:00,9.0,79,5.6,6.4,0.0,0.0,0.0,0.0,0,1023.0,997.1,0,0,0,0,0.01,0.24,10.1,22.0,264,267,19.8,11.6,13.7,14.3,13.4,0.355,0.316,0.227,0.26,0,0.0,0.0,0.0,0.0,0.0,0.0,0.0,0.0,0.0,0.0,0.0,0.0,0.0,0.10247742292776908,52.017362481811666,0.8745764454340713,179.41823877257133,0.3445238680752,1.7280938531994114
39.050964,-7.0370483,212.0,2019-04-26 00:00:00,8.8,82,6.0,6.2,0.0,0.0,0.0,0.0,0,1023.6,997.7,0,0,0,0,0.01,0.2,11.2,23.2,274,276,21.2,12.1,13.8,14.3,13.4,0.35,0.315,0.226,0.26,0,0.0,0.0,0.0,0.0,0.0,0.0,0.0,0.0,0.0,0.0,0.0,0.0,0.0,0.08321291845336917,50.53646045323568,0.5830795340330661,181.95623877257134,0.30770221578562923,1.1568909135451961
39.050964,-7.0370483,212.0,2019-04-26 01:00:00,8.6,85,6.1,5.9,0.0,0.0,0.0,0.0,0,1023.8,997.9,0,0,0,0,0.0,0.17,11.6,24.0,277,278,22.3,11.5,13.7,14.3,13.4,0.349,0.315,0.226,0.26,0,0.0,0.0,0.0,0.0,0.0,0.0,0.0,0.0,0.0,0.0,0.0,0.0,0.0,0.05698316753383607,48.09417730096823,0.3527385599999999,184.45823877257135,0.23067848950555905,0.7021204664300227
39.050964,-7.0370483,212.0,2019-04-26 02:00:00,8.4,87,6.3,5.6,0.0,0.0,0.0,0.0,0,1023.8,997.9,0,0,0,0,0.0,0.15,12.5,25.1,282,282,24.1,11.1,13.6,14.3,13.4,0.348,0.315,0.226,0.26,0,0.0,0.0,0.0,0.0,0.0,0.0,0.0,0.0,0.0,0.0,0.0,0.0,0.0,0.04129965865382956,45.67759388916982,0.29940352,186.92423877257136,0.17121917351813615,0.5964187745499583
39.050964,-7.0370483,212.0,2019-04-26 03:00:00,8.2,89,6.5,5.5,0.0,0.0,0.0,0.0,0,1024.2,998.2,0,0,0,0,0.0,0.12,12.8,25.3,292,290,24.8,10.8,13.4,14.3,13.4,0.348,0.315,0.226,0.26,0,0.0,0.0,0.0,0.0,0.0,0.0,0.0,0.0,0.0,0.0,0.0,0.0,0.0,0.026118595414284178,42.86928465975967,0.24800793599999996,189.35423877257136,0.11095108765705605,0.4943970227735788
39.050964,-7.0370483,212.0,2019-04-26 04:00:00,8.0,92,6.7,5.4,0.0,0.0,0.0,0.0,0,1024.5,998.5,1,0,2,0,0.0,0.09,12.1,24.7,293,293,24.8,10.5,13.2,14.3,13.4,0.347,0.315,0.226,0.26,0,0.0,0.0,0.0,0.0,0.0,0.0,0.0,0.0,0.0,0.0,0.0,0.0,0.0,0.010691422608012988,38.45018929385228,0.17649049599999997,191.74823877257137,0.047117665911134324,0.35217062252484976
39.050964,-7.0370483,212.0,2019-04-26 05:00:00,8.0,93,6.9,5.5,0.0,0.0,0.0,0.0,0,1024.8,998.8,2,0,4,0,0.0,0.08,12.0,24.2,291,295,23.8,10.3,13.0,14.2,13.4,0.346,0.315,0.226,0.26,0,0.0,0.0,0.0,0.0,0.0,0.0,0.0,0.0,0.0,0.0,0.0,0.0,0.0,0.0047928795722985635,34.8292002441651,0.154429184,194.14223877257137,0.02138153919188777,0.3082453885149446
39.050964,-7.0370483,212.0,2019-04-26 06:00:00,8.2,93,7.2,5.9,0.0,0.0,0.0,0.0,0,1025.3,999.3,3,0,5,0,0.01,0.08,11.0,22.5,293,297,23.0,10.1,12.9,14.2,13.5,0.346,0.315,0.226,0.26,1,0.0,4.0,1.0,3.0,15.0,4.0,31.1,10.6,2.6,7.9,30.3,3.6,82.2,0.0025621410840135665,32.43993513753854,0.15782323199999998,196.57223877257138,0.011408182864298549,0.3150141703099734
39.050964,-7.0370483,212.0,2019-04-26 07:00:00,9.9,87,7.8,8.0,0.0,0.0,0.0,0.0,0,1026.2,1000.3,3,1,4,0,0.04,0.16,9.2,17.3,301,301,21.2,10.5,12.7,14.2,13.5,0.345,0.316,0.227,0.26,1,3386.58,103.0,54.0,49.0,326.3,103.0,215.8,166.5,87.3,79.2,338.3,160.7,349.0,0.007268353794590779,36.90498219803323,0.34667775999999995,199.30823877257137,0.02949991276683611,0.6903535090245545
39.050964,-7.0370483,212.0,2019-04-26 08:00:00,11.9,77,7.9,10.0,0.0,0.0,0.0,0.0,0,1026.4,1000.7,4,2,4,0,0.13,0.32,8.9,13.0,310,312,23.0,11.6,12.6,14.2,13.5,0.344,0.316,0.227,0.26,1,3600.0,294.0,206.0,88.0,581.5,294.0,478.9,371.7,260.4,111.2,581.5,371.7,605.4,0.048518099501490816,46.90589438997899,0.7248716800000001,202.40423877257138,0.17087933936423472,1.4368786021690065
39.050964,-7.0370483,212.0,2019-04-26 09:00:00,13.8,62,6.7,11.3,0.0,0.0,0.0,0.0,1,1026.8,1001.3,26,27,2,0,0.24,0.59,11.1,15.0,324,325,27.0,12.9,12.6,14.2,13.5,0.343,0.315,0.227,0.26,1,3600.0,492.0,379.0,113.0,708.8,492.0,722.8,567.7,437.3,130.4,708.8,567.7,834.0,0.25419268581654914,60.41185274943001,1.4497096602990012,205.84223877257136,0.734590421076756,2.849252397259434
39.050964,-7.0370483,212.0,2019-04-26 10:00:00,15.1,54,5.8,12.8,0.0,0.0,0.0,0.0,1,1026.9,1001.5,41,45,1,0,0.33,0.8,11.4,15.6,325,326,29.2,14.3,12.7,14.2,13.5,0.341,0.315,0.227,0.26,1,3600.0,620.0,451.0,169.0,654.9,620.0,930.9,678.9,493.8,185.0,654.9,678.9,1019.3,0.4541635240529841,68.80964358616704,2.496294184452705,209.51423877257136,1.0698904842117092,4.848177222013785
39.050964,-7.0370483,212.0,2019-04-26 11:00:00,16.1,49,5.4,14.0,0.0,0.0,0.0,0.0,2,1026.7,1001.4,52,56,3,0,0.39,0.93,11.6,15.6,324,326,29.9,15.5,12.9,14.2,13.5,0.339,0.315,0.227,0.26,1,3600.0,694.0,464.0,230.0,575.9,694.0,1089.1,731.9,489.3,242.6,575.9,731.9,1148.6,0.7690663017696928,75.504699775678,4.310818597078902,213.36623877257136,1.4145578374072214,8.207099748725776
39.050964,-7.0370483,212.0,2019-04-26 12:00:00,16.6,50,6.1,14.7,0.0,0.0,0.0,0.0,2,1026.4,1001.1,71,77,3,0,0.38,0.95,10.0,13.4,322,324,29.9,16.7,13.2,14.2,13.5,0.338,0.315,0.226,0.26,1,3600.0,656.0,393.0,263.0,447.7,656.0,1186.6,670.7,401.8,268.9,447.7,670.7,1213.2,1.6812536716461182,77.70437622070312,5.968435764312744,227.8802947998047,1.8841511011123657,11.1875
39.050964,-7.0370483,212.0,2019-04-26 13:00:00,17.2,47,5.9,15.2,0.0,0.0,0.0,0.0,2,1026.2,1001.0,73,79,3,0,0.37,1.03,9.4,12.3,328,328,26.3,17.3,13.4,14.2,13.5,0.336,0.314,0.226,0.26,1,3600.0,618.0,279.0,339.0,309.9,618.0,1216.8,613.9,277.1,336.7,309.9,613.9,1208.6,3.036746380355739,82.10794882783969,8.319783732312743,231.9302947998047,2.3193780383096447,15.270144192906358
39.050964,-7.0370483,212.0,2019-04-26 14:00:00,18.1,44,5.8,16.9,0.0,0.0,0.0,0.0,2,1025.9,1000.8,68,75,1,0,0.45,1.16,9.3,12.6,332,333,25.9,18.1,13.8,14.2,13.5,0.334,0.314,0.226,0.26,1,3600.0,751.0,428.0,323.0,491.3,751.0,1177.6,724.0,412.6,311.4,491.3,724.0,1135.3,6.682076303608167,86.5744227842914,10.926412596312744,236.1422947998047,4.195707818461163,19.587068518585472
39.050964,-7.0370483,212.0,2019-04-26 15:00:00,18.6,43,5.7,17.1,0.0,0.0,0.0,0.0,1,1025.1,1000.0,24,26,1,0,0.44,1.23,10.1,13.7,333,333,27.0,18.7,14.1,14.2,13.5,0.332,0.314,0.226,0.26,1,3600.0,736.0,481.0,255.0,606.6,736.0,1071.7,685.5,448.0,237.5,606.6,685.5,998.1,9.256346968444898,87.9711040874082,13.648681524312744,240.44429479980468,5.330862254057558,23.904981830725234
39.050964,-7.0370483,212.0,2019-04-26 16:00:00,18.8,42,5.7,16.8,0.0,0.0,0.0,0.0,0,1024.7,999.6,1,1,0,0,0.39,1.25,10.3,13.9,335,335,27.4,19.0,14.4,14.2,13.5,0.331,0.313,0.226,0.26,1,3600.0,647.0,507.0,140.0,756.0,647.0,906.5,575.7,451.1,124.6,756.0,575.7,806.6,10.851887383590308,88.47508716024151,16.446831668312747,244.78229479980467,5.788449122641583,28.163008138449996
39.050964,-7.0370483,212.0,2019-04-26 17:00:00,18.5,43,5.7,16.1,0.0,0.0,0.0,0.0,0,1024.9,999.8,2,2,0,0,0.29,1.21,9.4,13.1,337,339,25.9,18.8,14.7,14.2,13.5,0.33,0.313,0.226,0.26,1,3600.0,471.0,365.0,106.0,711.8,471.0,693.1,389.9,302.2,87.8,711.8,389.9,573.8,11.306977707921805,88.5239411863763,19.155281972312746,249.06629479980467,5.570720680326448,32.13243181038095
39.050964,-7.0370483,212.0,2019-04-26 18:00:00,17.6,47,6.1,15.3,0.0,0.0,0.0,0.0,0,1024.9,999.7,0,0,0,0,0.18,1.07,8.9,14.7,333,335,23.0,18.2,15.0,14.2,13.5,0.329,0.313,0.226,0.26,1,3600.0,269.0,186.0,83.0,563.5,269.0,446.1,190.2,131.5,58.7,563.5,190.2,315.5,11.781437433786449,88.5728113416847,21.558025524312747,253.18829479980468,5.470354190877657,35.54891249364654
39.050964,-7.0370483,212.0,2019-04-26 19:00:00,15.3,56,6.7,13.1,0.0,0.0,0.0,0.0,0,1025.2,999.8,0,0,0,0,0.07,0.76,9.2,20.0,321,326,20.5,17.1,15.1,14.2,13.5,0.328,0.313,0.226,0.26,1,2936.62,85.0,44.0,41.0,287.4,85.0,182.4,23.0,11.9,11.1,136.7,20.3,49.4,11.009495082530115,87.56431677720913,23.30741483631275,256.8962947998047,4.8063574841557,37.996552324019504
39.050964,-7.0370483,212.0,2019-04-26 20:00:00,13.7,61,6.4,11.2,0.0,0.0,0.0,0.0,0,1025.8,1000.3,0,0,0,0,0.06,0.61,10.3,23.5,331,337,20.2,15.9,15.2,14.2,13.5,0.328,0.313,0.226,0.26,0,0.0,1.0,0.0,1.0,0.0,1.0,14.9,0.0,0.0,0.0,0.0,0.0,0.0,10.453688637013846,86.48921852904795,24.706732340312747,260.3162947998047,4.359655594561177,39.93729883519595
39.050964,-7.0370483,212.0,2019-04-26 21:00:00,12.6,65,6.1,10.1,0.0,0.0,0.0,0.0,0,1026.7,1001.1,0,0,0,0,0.03,0.52,10.3,23.1,331,339,20.2,14.9,15.2,14.2,13.5,0.327,0.313,0.226,0.26,0,0.0,0.0,0.0,0.0,0.0,0.0,0.0,0.0,0.0,0.0,0.0,0.0,0.0,9.60683514891117,85.57378724183955,25.86919378031275,263.5382947998047,3.8336878492069846,41.54350351563764
39.050964,-7.0370483,212.0,2019-04-26 22:00:00,11.8,68,6.1,9.2,0.0,0.0,0.0,0.0,0,1027.0,1001.3,0,0,0,0,0.03,0.44,10.6,23.3,332,340,20.9,14.1,15.1,14.2,13.5,0.327,0.313,0.226,0.26,0,0.0,0.0,0.0,0.0,0.0,0.0,0.0,0.0,0.0,0.0,0.0,0.0,0.0,9.107574698423775,84.84397314380188,26.869953076312747,266.6162947998047,3.5188091926894502,42.924845315021265
39.050964,-7.0370483,212.0,2019-04-26 23:00:00,11.3,72,6.3,8.7,0.0,0.0,0.0,0.0,0,1026.8,1001.0,0,0,0,0,0.02,0.38,11.5,24.6,340,348,21.6,13.5,15.0,14.2,13.5,0.327,0.313,0.227,0.26,0,0.0,0.0,0.0,0.0,0.0,0.0,0.0,0.0,0.0,0.0,0.0,0.0,0.0,8.766395526734069,84.0409260709017,27.711676980312745,269.6042947998047,3.3030156453044324,44.09295472383196
39.050964,-7.0370483,212.0,2019-04-27 00:00:00,11.4,72,6.6,8.6,0.0,0.0,0.0,0.0,0,1026.7,1001.0,0,0,0,0,0.03,0.37,12.7,25.9,353,359,25.6,13.4,14.9,14.2,13.5,0.325,0.312,0.225,0.26,0,0.0,0.0,0.0,0.0,0.0,0.0,0.0,0.0,0.0,0.0,0.0,0.0,0.0,9.144582843205491,83.81684485359521,28.560188980312745,272.61029479980465,3.4058811319881936,45.26487121137001
39.050964,-7.0370483,212.0,2019-04-27 01:00:00,11.2,72,6.4,8.4,0.0,0.0,0.0,0.0,0,1026.5,1000.7,0,0,0,0,0.03,0.37,13.0,27.1,360,5,25.9,13.0,14.8,14.2,13.5,0.325,0.312,0.225,0.26,0,0.0,0.0,0.0,0.0,0.0,0.0,0.0,0.0,0.0,0.0,0.0,0.0,0.0,9.313984073689555,83.73137296429103,29.395124788312746,275.5802947998047,3.418901525829608,46.413390382663636
39.050964,-7.0370483,212.0,2019-04-27 02:00:00,10.8,74,6.3,8.1,0.0,0.0,0.0,0.0,0,1026.1,1000.3,0,0,0,0,0.02,0.34,11.9,25.2,3,10,25.2,12.7,14.6,14.2,13.5,0.325,0.312,0.225,0.26,0,0.0,0.0,0.0,0.0,0.0,0.0,0.0,0.0,0.0,0.0,0.0,0.0,0.0,8.65553621225777,83.3835087335446,30.145209396312747,278.4782947998047,3.090363818513756,47.449441741985254
39.050964,-7.0370483,212.0,2019-04-27 03:00:00,10.3,75,6.1,7.7,0.0,0.0,0.0,0.0,0,1026.1,1000.3,0,0,0,0,0.02,0.31,10.9,23.7,8,14,22.7,12.3,14.5,14.2,13.5,0.325,0.312,0.225,0.26,0,0.0,0.0,0.0,0.0,0.0,0.0,0.0,0.0,0.0,0.0,0.0,0.0,0.0,8.109874992323855,83.08727410723786,30.83614059631275,281.2862947998047,2.8280720193641886,48.40596519913628
39.050964,-7.0370483,212.0,2019-04-27 04:00:00,9.9,76,5.9,7.3,0.0,0.0,0.0,0.0,0,1026.2,1000.3,0,0,0,0,0.01,0.29,10.9,23.8,8,15,21.2,12.0,14.3,14.2,13.5,0.324,0.311,0.225,0.26,0,0.0,0.0,0.0,0.0,0.0,0.0,0.0,0.0,0.0,0.0,0.0,0.0,0.0,7.949970520958087,82.8091658026239,31.47616107631275,284.0222947998047,2.7294809996794056,49.29483617327543
39.050964,-7.0370483,212.0,2019-04-27 05:00:00,9.6,77,5.8,6.9,0.0,0.0,0.0,0.0,0,1026.2,1000.3,0,0,0,0,0.01,0.27,10.9,23.9,9,16,21.2,11.7,14.1,14.2,13.5,0.324,0.311,0.226,0.26,0,0.0,0.0,0.0,0.0,0.0,0.0,0.0,0.0,0.0,0.0,0.0,0.0,0.0,7.798384483997937,82.54218756928033,32.07278622831275,286.7042947998047,2.6392868330482653,50.1267370904822
39.050964,-7.0370483,212.0,2019-04-27 06:00:00,9.5,77,5.7,6.9,0.0,0.0,0.0,0.0,0,1026.4,1000.5,0,0,0,0,0.03,0.27,10.4,22.8,14,18,20.9,11.4,14.0,14.2,13.5,0.324,0.311,0.226,0.26,1,0.0,5.0,1.0,4.0,14.5,5.0,33.8,13.0,2.6,10.4,29.7,4.7,87.7,7.625935058528892,82.4502029607697,32.66383544431275,289.3682947998047,2.5442743556421057,50.949692930127156
39.050964,-7.0370483,212.0,2019-04-27 07:00:00,11.2,72,6.3,9.1,0.0,0.0,0.0,0.0,0,1026.8,1001.0,0,0,0,0,0.05,0.38,8.0,16.4,36,29,19.8,11.8,13.8,14.2,13.5,0.323,0.311,0.226,0.26,1,3460.45,108.0,60.0,48.0,358.5,108.0,221.0,172.9,96.1,76.9,366.8,169.0,353.9,6.96851616295097,82.49706786930511,33.49877125231275,292.3382947998047,2.2676527506561803,52.078481517989886
39.050964,-7.0370483,212.0,2019-04-27 08:00:00,13.3,64,6.7,11.3,0.0,0.0,0.0,0.0,0,1026.7,1001.1,0,0,0,0,0.15,0.54,7.7,11.2,49,45,20.2,12.8,13.7,14.2,13.5,0.323,0.311,0.226,0.26,1,3600.0,300.0,215.0,85.0,600.8,300.0,483.5,378.3,271.1,107.2,600.8,378.3,609.8,7.750795510915464,83.36359853023903,34.75553874031275,295.6862947998047,2.4944310844929,53.72401578187271
39.050964,-7.0370483,212.0,2019-04-27 09:00:00,15.7,57,7.1,13.8,0.0,0.0,0.0,0.0,0,1026.6,1001.2,0,0,0,0,0.27,0.77,7.3,10.1,57,55,20.9,14.3,13.7,14.2,13.5,0.322,0.311,0.226,0.26,1,3600.0,502.0,394.0,108.0,732.3,502.0,726.9,578.6,454.1,124.5,732.3,578.6,837.9,9.204123749345875,84.77085688695388,36.50686750831275,299.4662947998047,2.950090607932944,55.95925287564632
39.050964,-7.0370483,212.0,2019-04-27 10:00:00,18.0,49,7.2,17.3,0.0,0.0,0.0,0.0,0,1026.3,1001.1,0,0,0,0,0.39,1.05,5.8,7.8,68,68,20.5,16.0,13.8,14.2,13.5,0.321,0.311,0.226,0.26,1,3600.0,682.0,559.0,123.0,808.2,682.0,934.5,746.3,611.7,134.6,808.2,746.3,1022.7,10.900362841170802,86.50061390465213,38.86839762031275,303.6602947998047,3.4807579470720604,58.891555664856256
39.050964,-7.0370483,212.0,2019-04-27 11:00:00,19.9,43,7.0,19.9,0.0,0.0,0.0,0.0,0,1026.0,1001.0,0,0,0,0,0.5,1.32,5.8,7.6,90,87,19.1,17.8,14.0,14.2,13.5,0.319,0.31,0.226,0.26,1,3600.0,821.0,688.0,133.0,851.0,821.0,1092.3,865.6,725.4,140.2,851.0,865.6,1151.6,13.493282802424853,88.07587115004775,41.77030866031275,308.1962947998047,4.357288395542059,62.398283603643584
39.050964,-7.0370483,212.0,2019-04-27 12:00:00,21.6,39,7.2,22.1,0.0,0.0,0.0,0.0,0,1025.3,1000.5,0,0,0,0,0.57,1.57,6.9,9.1,81,81,19.4,19.5,14.3,14.2,13.5,0.316,0.309,0.225,0.26,1,3600.0,908.0,769.0,139.0,873.5,908.0,1189.4,928.2,786.1,142.1,873.5,928.2,1215.8,6.921990394592285,86.58438873291016,9.068707466125488,232.82241821289062,4.833122253417969,16.537599563598633
39.050964,-7.0370483,212.0,2019-04-27 13:00:00,22.8,37,7.5,23.5,0.0,0.0,0.0,0.0,0,1024.5,999.8,0,0,0,0,0.61,1.73,6.6,8.8,77,78,22.0,20.8,14.7,14.2,13.5,0.314,0.309,0.225,0.26,1,3600.0,936.0,796.0,140.0,881.9,936.0,1219.3,929.7,790.6,139.1,881.9,929.7,1211.1,9.258014448843838,89.4868416867041,12.71900609012549,237.88041821289062,5.554715365869138,22.43863596399636
39.050964,-7.0370483,212.0,2019-04-27 14:00:00,23.7,36,7.7,24.3,0.0,0.0,0.0,0.0,0,1023.6,999.0,0,0,0,0,0.6,1.88,6.4,8.7,63,66,20.9,21.8,15.2,14.2,13.5,0.312,0.308,0.225,0.26,1,3600.0,901.0,764.0,137.0,874.7,901.0,1180.0,868.7,736.6,132.1,874.7,868.7,1137.7,11.565780859588427,90.36635049115284,16.56688679412549,243.10041821289062,6.2375109661688315,28.310491933703094
39.050964,-7.0370483,212.0,2019-04-27 15:00:00,24.2,35,7.8,24.2,0.0,0.0,0.0,0.0,0,1022.9,998.3,15,0,0,50,0.54,1.95,6.4,8.4,52,50,20.5,22.5,15.6,14.2,13.5,0.31,0.308,0.225,0.26,1,3600.0,806.0,677.0,129.0,851.4,806.0,1074.2,750.8,630.7,120.2,851.4,750.8,1000.7,13.36440566853154,90.76315688912648,20.55368103412549,248.41041821289062,6.601332396235302,34.06164185272834
39.050964,-7.0370483,212.0,2019-04-27 16:00:00,24.3,35,8.0,23.4,0.0,0.0,0.0,0.0,1,1022.4,997.9,24,0,0,80,0.45,1.97,6.9,9.2,39,39,19.4,22.7,16.1,14.2,13.5,0.309,0.307,0.225,0.26,1,3600.0,660.0,541.0,119.0,803.9,660.0,909.1,587.6,481.7,105.9,803.9,587.6,809.4,14.900958999223434,90.84921385012906,24.55623335412549,253.73841821289062,6.853394247461526,39.54481991147801
39.050964,-7.0370483,212.0,2019-04-27 17:00:00,24.0,37,8.4,22.5,0.0,0.0,0.0,0.0,0,1022.2,997.6,7,0,0,24,0.33,1.88,7.5,10.5,35,38,19.1,22.5,16.5,14.2,13.5,0.308,0.307,0.225,0.26,1,3600.0,476.0,371.0,105.0,720.1,476.0,696.0,394.5,307.5,87.0,720.1,394.5,576.9,16.335837949283082,90.8988516950105,28.389810570125487,259.0124182128906,7.1139436934874185,44.567299451414435
39.050964,-7.0370483,212.0,2019-04-27 18:00:00,22.9,43,9.5,21.8,0.0,0.0,0.0,0.0,0,1022.1,997.5,0,0,0,1,0.19,1.6,6.4,13.0,27,28,18.4,21.8,16.8,14.2,13.5,0.307,0.307,0.225,0.26,1,3600.0,273.0,192.0,81.0,577.1,273.0,449.4,193.8,136.3,57.5,577.1,193.8,319.0,16.130239314285014,90.72207801158996,31.706280330125487,264.08841821289064,6.562742772795142,48.77332733477795
39.050964,-7.0370483,212.0,2019-04-27 19:00:00,20.0,51,9.4,18.7,0.0,0.0,0.0,0.0,0,1022.3,997.4,0,0,0,0,0.08,1.15,7.6,17.4,25,34,14.4,20.4,17.0,14.2,13.5,0.307,0.306,0.225,0.26,1,2991.14,88.0,46.0,42.0,297.8,88.0,186.2,25.3,13.2,12.1,151.5,22.5,53.4,14.917143137353776,89.27242360433766,34.21278477812549,268.6424182128906,5.664776030289768,51.901016852135506
39.050964,-7.0370483,212.0,2019-04-27 20:00:00,17.8,56,8.8,16.2,0.0,0.0,0.0,0.0,0,1022.4,997.3,0,0,0,0,0.07,0.9,8.7,20.5,17,31,16.2,18.9,17.2,14.2,13.5,0.307,0.306,0.225,0.26,0,0.0,2.0,0.0,2.0,0.0,2.0,16.9,0.0,0.0,0.0,0.0,0.0,0.0,13.888802799673924,88.00672755955563,36.22884929012549,272.80041821289063,4.993172043224013,54.39731466004994
39.050964,-7.0370483,212.0,2019-04-27 21:00:00,16.4,60,8.5,14.8,0.0,0.0,0.0,0.0,0,1023.2,998.0,0,0,0,0,0.04,0.76,8.7,20.5,7,28,16.6,17.8,17.2,14.3,13.5,0.307,0.306,0.225,0.26,0,0.0,0.0,0.0,0.0,0.0,0.0,0.0,0.0,0.0,0.0,0.0,0.0,0.0,12.701102076540213,87.01925399845949,37.92587329012549,276.70641821289064,4.336143887224493,56.493870819620724
39.050964,-7.0370483,212.0,2019-04-27 22:00:00,15.2,63,8.3,13.5,0.0,0.0,0.0,0.0,0,1023.1,997.8,4,0,0,14,0.03,0.64,8.4,18.6,10,36,15.8,16.8,17.1,14.3,13.5,0.306,0.306,0.225,0.26,0,0.0,0.0,0.0,0.0,0.0,0.0,0.0,0.0,0.0,0.0,0.0,0.0,0.0,11.712743421085742,86.25038955115939,39.38798068212549,280.39641821289064,3.830233379646061,58.301552108153174
39.050964,-7.0370483,212.0,2019-04-27 23:00:00,14.2,67,8.2,12.6,0.0,0.0,0.0,0.0,0,1023.0,997.6,7,0,0,24,0.02,0.53,7.6,16.9,5,40,14.8,15.9,17.0,14.3,13.5,0.306,0.306,0.225,0.26,0,0.0,0.0,0.0,0.0,0.0,0.0,0.0,0.0,0.0,0.0,0.0,0.0,0.0,10.476016133503336,85.42880891043431,40.612019850125485,283.9064182128906,3.2792374226962897,59.828345546586554
39.050964,-7.0370483,212.0,2019-04-28 00:00:00,13.8,68,8.0,12.0,0.0,0.0,0.0,0.0,0,1022.7,997.3,2,0,0,6,0.02,0.51,8.6,18.0,2,37,14.0,16.3,16.9,14.3,13.5,0.303,0.303,0.222,0.26,0,0.0,0.0,0.0,0.0,0.0,0.0,0.0,0.0,0.0,0.0,0.0,0.0,0.0,10.568733529667993,85.0163768862469,41.767935626125485,287.3444182128906,3.257626832138857,61.270434652846056
39.050964,-7.0370483,212.0,2019-04-28 01:00:00,13.5,68,7.8,11.8,0.0,0.0,0.0,0.0,0,1022.3,996.9,3,0,0,10,0.02,0.49,7.9,17.5,360,32,16.2,15.5,16.8,14.3,13.5,0.303,0.303,0.222,0.26,0,0.0,0.0,0.0,0.0,0.0,0.0,0.0,0.0,0.0,0.0,0.0,0.0,0.0,10.23115781321588,84.86771138310802,42.900577930125486,290.72841821289063,3.0812041441039835,62.67863437526201
39.050964,-7.0370483,212.0,2019-04-28 02:00:00,13.1,70,7.7,11.5,0.0,0.0,0.0,0.0,0,1021.9,996.4,4,0,0,15,0.01,0.46,6.2,15.9,10,33,14.0,14.8,16.6,14.3,13.5,0.302,0.302,0.222,0.26,0,0.0,0.0,0.0,0.0,0.0,0.0,0.0,0.0,0.0,0.0,0.0,0.0,0.0,9.271911082587488,84.52919054328042,43.93333825012549,294.04041821289064,2.7006762942111004,63.97136090142477
39.050964,-7.0370483,212.0,2019-04-28 03:00:00,12.5,73,7.7,11.2,0.0,0.0,0.0,0.0,0,1021.7,996.2,1,0,0,4,0.0,0.4,5.2,14.5,34,46,10.4,14.1,16.4,14.3,13.5,0.302,0.302,0.222,0.26,0,0.0,0.0,0.0,0.0,0.0,0.0,0.0,0.0,0.0,0.0,0.0,0.0,0.0,8.414528332476506,83.97185367985561,44.82354855412549,297.24441821289065,2.3825400175763165,65.10355499603949
39.050964,-7.0370483,212.0,2019-04-28 04:00:00,12.1,74,7.6,10.6,0.0,0.0,0.0,0.0,0,1021.7,996.1,11,0,0,37,0.0,0.37,5.9,14.1,38,52,10.1,13.5,16.2,14.3,13.5,0.302,0.302,0.222,0.26,0,0.0,0.0,0.0,0.0,0.0,0.0,0.0,0.0,0.0,0.0,0.0,0.0,0.0,8.411404202491289,83.61254874519791,45.65557517812549,300.37641821289066,2.3534945127244224,66.16815488119406
39.050964,-7.0370483,212.0,2019-04-28 05:00:00,11.7,76,7.6,9.9,0.0,0.0,0.0,0.0,0,1021.3,995.7,2,0,0,8,0.01,0.33,7.5,15.3,17,41,12.6,13.1,16.0,14.3,13.5,0.302,0.302,0.222,0.26,0,0.0,0.0,0.0,0.0,0.0,0.0,0.0,0.0,0.0,0.0,0.0,0.0,0.0,8.653484791269289,83.1622762241671,46.40032628212549,303.43641821289066,2.4058877163526584,67.13542657828658
39.050964,-7.0370483,212.0,2019-04-28 06:00:00,11.4,80,8.1,9.8,0.0,0.0,0.0,0.0,0,1021.4,995.8,2,0,0,5,0.03,0.27,7.6,16.0,19,44,13.3,12.8,15.7,14.4,13.5,0.302,0.302,0.222,0.26,1,0.0,5.0,1.0,4.0,14.1,5.0,36.5,12.7,2.5,10.2,29.2,4.9,93.0,8.005071343491068,82.3479101509163,47.00640628212549,306.44241821289063,2.1816201523353276,67.9536278095192
39.050964,-7.0370483,212.0,2019-04-28 07:00:00,13.6,73,8.8,12.3,0.0,0.0,0.0,0.0,0,1021.7,996.3,5,0,0,16,0.06,0.42,6.4,13.5,52,61,14.0,13.3,15.5,14.4,13.5,0.302,0.302,0.222,0.26,1,3532.71,111.0,61.0,50.0,360.5,111.0,226.0,176.1,96.8,79.3,364.5,174.2,358.7,7.713877033277694,82.39474128744521,47.96861889012549,309.8444182128906,2.0655541569084255,69.1669885833429
39.050964,-7.0370483,212.0,2019-04-28 08:00:00,16.4,62,9.2,15.5,0.0,0.0,0.0,0.0,0,1021.5,996.3,16,0,0,55,0.16,0.7,4.2,6.5,70,71,14.0,14.6,15.4,14.4,13.5,0.302,0.302,0.222,0.26,1,3600.0,303.0,216.0,87.0,597.7,303.0,488.0,381.2,271.8,109.5,597.7,381.2,614.0,8.37236701771916,83.82389609947288,49.58079169012549,313.7504182128906,2.2213667603854006,71.08023268389482
39.050964,-7.0370483,212.0,2019-04-28 09:00:00,19.2,53,9.5,18.2,0.0,0.0,0.0,0.0,0,1021.5,996.6,8,0,0,26,0.3,1.04,5.8,8.0,86,82,17.3,16.4,15.4,14.4,13.5,0.301,0.302,0.222,0.26,1,3600.0,504.0,394.0,110.0,728.0,504.0,730.9,580.3,453.7,126.7,728.0,580.3,841.6,11.589709389788409,85.87068289339953,51.89383540212549,318.16041821289065,3.1853026873952635,73.72515489818296
39.050964,-7.0370483,212.0,2019-04-28 10:00:00,21.7,46,9.6,21.4,0.0,0.0,0.0,0.0,0,1021.0,996.3,14,0,0,45,0.43,1.39,6.5,8.6,90,88,19.4,18.3,15.5,14.4,13.5,0.3,0.301,0.222,0.26,1,3600.0,684.0,560.0,124.0,806.2,684.0,938.0,748.1,612.5,135.6,806.2,748.1,1025.9,15.130143508984007,87.78489602926567,54.87865818612549,323.02041821289066,4.329454354947455,77.03724401944233
39.050964,-7.0370483,212.0,2019-04-28 11:00:00,23.8,39,9.2,24.1,0.0,0.0,0.0,0.0,1,1020.6,996.1,20,0,0,68,0.55,1.79,7.6,10.1,93,90,21.6,20.2,15.7,14.4,13.5,0.298,0.301,0.222,0.26,1,3600.0,822.0,687.0,135.0,847.0,822.0,1095.3,866.4,724.1,142.3,847.0,866.4,1154.4,19.66718448308084,89.59879429883587,58.56095783412549,328.25841821289066,5.936367775613777,80.9973221692277
39.050964,-7.0370483,212.0,2019-04-28 12:00:00,25.3,36,9.0,26.0,0.0,0.0,0.0,0.0,1,1019.7,995.3,29,0,0,97,0.62,2.07,7.6,10.2,85,82,22.3,21.8,15.9,14.4,13.5,0.296,0.3,0.222,0.26,1,3600.0,905.0,756.0,149.0,856.3,905.0,1192.1,925.0,772.7,152.3,856.3,925.0,1218.4,11.290281295776367,90.18162536621094,13.2216796875,238.50128173828125,6.911549091339111,23.193359375
39.050964,-7.0370483,212.0,2019-04-28 13:00:00,26.1,33,8.7,27.1,0.0,0.0,0.0,0.0,1,1018.8,994.5,29,0,0,96,0.64,2.26,6.6,8.9,77,76,22.3,23.2,16.3,14.4,13.5,0.295,0.299,0.222,0.26,1,3600.0,924.0,747.0,177.0,825.5,924.0,1221.8,917.7,741.9,175.8,825.5,917.7,1213.5,13.418209436443997,91.35109736363616,17.6397604555,244.15328173828124,7.2506497762735185,29.88215312552542
39.050964,-7.0370483,212.0,2019-04-28 14:00:00,26.8,31,8.5,27.6,0.0,0.0,0.0,0.0,1,1018.2,994.0,29,0,0,97,0.61,2.42,5.2,6.7,78,74,20.2,24.2,16.8,14.4,13.5,0.293,0.299,0.222,0.259,1,3600.0,863.0,621.0,242.0,709.1,863.0,1182.4,832.1,598.8,233.3,709.1,832.1,1140.1,15.112611221312754,91.97572503523003,22.3068188875,249.93128173828123,7.38250516768598,36.47499059008738
39.050964,-7.0370483,212.0,2019-04-28 15:00:00,27.1,30,8.2,27.3,0.0,0.0,0.0,0.0,1,1017.4,993.2,29,0,0,96,0.53,2.5,4.3,6.0,66,65,16.9,24.8,17.3,14.4,13.5,0.291,0.298,0.222,0.259,1,3600.0,747.0,503.0,244.0,630.8,747.0,1076.6,696.0,468.7,227.3,630.8,696.0,1003.2,16.43557457550834,92.28855474341582,27.092426567500002,255.76328173828122,7.373881756102539,42.83999376578653
39.050964,-7.0370483,212.0,2019-04-28 16:00:00,27.2,30,8.3,26.4,0.0,0.0,0.0,0.0,1,1017.0,992.8,29,0,0,98,0.43,2.51,4.7,6.5,58,56,15.1,25.0,17.7,14.4,13.5,0.29,0.298,0.222,0.259,1,3600.0,610.0,407.0,203.0,602.7,610.0,911.7,543.4,362.5,180.8,602.7,543.4,812.1,18.00655242341341,92.35244240914413,31.895004487500003,261.6132817382812,7.592098810932842,48.8890429856563
39.050964,-7.0370483,212.0,2019-04-28 17:00:00,26.6,34,9.5,25.7,0.0,0.0,0.0,0.0,1,1016.8,992.6,29,0,0,98,0.29,2.3,5.2,8.0,34,36,14.4,24.6,18.1,14.4,13.5,0.289,0.297,0.222,0.259,1,3600.0,382.0,170.0,212.0,328.4,382.0,698.9,317.0,141.1,175.9,328.4,317.0,580.0,19.468055678336263,92.40257654545354,36.3271463115,267.35528173828123,7.841012666329113,54.23217515990378
39.050964,-7.0370483,212.0,2019-04-28 18:00:00,25.1,44,11.9,24.9,0.0,0.0,0.0,0.0,1,1016.6,992.3,29,0,0,97,0.15,1.79,5.1,11.3,8,22,13.7,23.7,18.4,14.5,13.5,0.289,0.297,0.222,0.259,1,1062.98,177.0,32.0,145.0,95.4,177.0,452.7,126.1,22.8,103.3,95.4,126.1,322.6,17.8616679131923,91.23120767566593,39.884108615500004,272.8272817382812,6.6091657938002335,58.41812640042443
39.050964,-7.0370483,212.0,2019-04-28 19:00:00,22.5,49,11.1,21.8,0.0,0.0,0.0,0.0,1,1016.6,992.1,29,0,0,97,0.09,1.4,7.1,15.8,15,30,12.2,22.3,18.7,14.5,13.5,0.289,0.297,0.222,0.259,1,2222.75,75.0,23.0,52.0,147.6,75.0,190.0,22.7,7.0,15.7,79.8,20.5,57.5,17.294744393247353,89.93565391909333,42.802020167500004,277.83128173828123,6.075088076452573,61.80154590638757
39.050964,-7.0370483,212.0,2019-04-28 20:00:00,20.3,51,9.9,19.0,0.0,0.0,0.0,0.0,1,1016.8,992.1,30,0,0,99,0.08,1.16,8.4,19.6,20,41,15.5,20.9,18.8,14.5,13.5,0.289,0.297,0.222,0.259,0,0.0,2.0,0.0,2.0,0.0,2.0,18.9,0.0,0.0,0.0,0.0,0.0,0.0,17.024057120386782,89.09784555188287,45.344162119500005,282.43928173828124,5.751839842261861,64.71441488965874
39.050964,-7.0370483,212.0,2019-04-28 21:00:00,18.9,54,9.5,17.5,0.0,0.0,0.0,0.0,1,1017.4,992.5,30,0,0,100,0.05,1.0,8.8,21.2,12,35,16.6,19.8,18.8,14.5,13.5,0.289,0.297,0.222,0.259,0,0.0,0.0,0.0,0.0,0.0,0.0,0.0,0.0,0.0,0.0,0.0,0.0,0.0,16.264573898309443,88.33744990259386,47.57453651950001,286.79528173828123,5.262103945063696,67.25703312227574
39.050964,-7.0370483,212.0,2019-04-28 22:00:00,17.8,58,9.4,16.5,0.0,0.0,0.0,0.0,1,1017.3,992.3,29,0,0,98,0.03,0.86,7.7,19.8,11,37,16.6,18.9,18.7,14.6,13.5,0.289,0.297,0.222,0.259,0,0.0,0.0,0.0,0.0,0.0,0.0,0.0,0.0,0.0,0.0,0.0,0.0,0.0,14.516474604096091,87.51797638528203,49.49896173550001,290.95328173828125,4.427038363965071,69.45677132015243
39.050964,-7.0370483,212.0,2019-04-28 23:00:00,16.8,60,9.1,15.4,0.0,0.0,0.0,0.0,1,1017.3,992.3,24,0,0,79,0.03,0.76,7.9,17.0,357,36,13.7,18.0,18.6,14.6,13.5,0.289,0.297,0.222,0.259,0,0.0,0.0,0.0,0.0,0.0,0.0,0.0,0.0,0.0,0.0,0.0,0.0,0.0,13.944584894531562,86.937938522675,51.234774855500014,294.93128173828126,4.116919466865611,71.44249180481505
39.050964,-7.0370483,212.0,2019-04-29 00:00:00,16.1,63,9.1,14.6,0.0,0.0,0.0,0.0,1,1017.3,992.2,21,0,0,70,0.03,0.67,8.2,13.8,345,20,16.2,17.8,18.5,14.6,13.5,0.283,0.293,0.22,0.259,0,0.0,0.0,0.0,0.0,0.0,0.0,0.0,0.0,0.0,0.0,0.0,0.0,0.0,13.370661806132262,86.32362690874372,52.77761210350001,298.78328173828123,3.8311985340057473,73.2206558877439
39.050964,-7.0370483,212.0,2019-04-29 01:00:00,15.1,71,9.8,14.2,0.0,0.0,0.0,0.0,0,1017.3,992.1,6,0,0,19,0.01,0.5,5.4,14.7,360,22,14.8,17.0,18.3,14.6,13.5,0.283,0.293,0.22,0.259,0,0.0,0.0,0.0,0.0,0.0,0.0,0.0,0.0,0.0,0.0,0.0,0.0,0.0,10.428893241487328,85.0252145421008,53.91655763950001,302.45528173828126,2.775876276393409,74.59106510070421
39.050964,-7.0370483,212.0,2019-04-29 02:00:00,15.1,68,9.3,14.2,0.0,0.0,0.0,0.0,0,1017.2,992.0,2,0,0,8,0.01,0.55,5.2,8.1,56,45,9.4,16.1,18.1,14.6,13.5,0.283,0.293,0.22,0.259,0,0.0,0.0,0.0,0.0,0.0,0.0,0.0,0.0,0.0,0.0,0.0,0.0,0.0,10.496289212507216,85.04971264625395,55.173325127500014,306.1272817382813,2.7573202876810115,76.07096983055892
39.050964,-7.0370483,212.0,2019-04-29 03:00:00,13.9,75,9.6,12.9,0.0,0.0,0.0,0.0,0,1016.8,991.5,1,0,0,4,0.0,0.39,6.1,7.6,40,65,8.3,15.4,17.9,14.6,13.5,0.283,0.293,0.22,0.259,0,0.0,0.0,0.0,0.0,0.0,0.0,0.0,0.0,0.0,0.0,0.0,0.0,0.0,9.724613359222577,83.95934577965537,56.082445127500016,309.5832817382813,2.4889289907520094,77.20140857290528
39.050964,-7.0370483,212.0,2019-04-29 04:00:00,13.2,79,9.6,12.3,0.0,0.0,0.0,0.0,0,1016.8,991.5,0,0,0,1,0.0,0.32,5.4,8.0,360,36,8.6,14.8,17.7,14.7,13.5,0.283,0.293,0.22,0.259,0,0.0,0.0,0.0,0.0,0.0,0.0,0.0,0.0,0.0,0.0,0.0,0.0,0.0,8.490471326359916,82.94546524790108,56.81046842350001,312.9132817382813,2.1049619350686166,78.14996040546691
39.050964,-7.0370483,212.0,2019-04-29 05:00:00,13.1,77,9.2,12.3,0.0,0.0,0.0,0.0,0,1016.6,991.3,9,0,0,30,0.0,0.34,4.3,8.2,360,23,7.9,14.4,17.4,14.7,13.5,0.283,0.293,0.22,0.259,0,0.0,0.0,0.0,0.0,0.0,0.0,0.0,0.0,0.0,0.0,0.0,0.0,0.0,8.166529168663086,82.95724925941653,57.602251335500014,316.2252817382813,1.9944576910440803,79.15716984015259
39.050964,-7.0370483,212.0,2019-04-29 06:00:00,13.1,76,9.0,11.8,0.0,0.0,0.0,0.0,1,1017.0,991.6,21,0,0,70,0.03,0.36,7.0,10.6,348,10,12.6,14.1,17.2,14.7,13.5,0.283,0.293,0.22,0.259,1,0.0,6.0,1.0,5.0,13.7,6.0,39.0,15.1,2.5,12.6,28.8,6.0,98.1,9.305463869898869,83.00428156946256,58.428459591500015,319.5372817382813,2.298911149452507,80.19644801221165
39.050964,-7.0370483,212.0,2019-04-29 07:00:00,15.3,70,9.9,14.8,0.0,0.0,0.0,0.0,0,1017.2,992.0,12,0,0,41,0.05,0.51,3.1,7.2,339,18,12.2,14.7,16.9,14.7,13.5,0.283,0.293,0.22,0.259,1,3600.0,111.0,56.0,55.0,327.3,111.0,230.9,174.6,88.1,86.5,327.3,174.6,363.3,8.033111233104028,83.11172925557608,59.62122503150002,323.24528173828134,1.914958475970864,81.61061716512025
39.050964,-7.0370483,212.0,2019-04-29 08:00:00,18.2,61,10.5,18.1,0.0,0.0,0.0,0.0,0,1017.3,992.4,4,0,0,13,0.16,0.82,1.6,1.5,153,135,8.6,16.2,16.8,14.7,13.5,0.283,0.292,0.22,0.259,1,3600.0,301.0,211.0,90.0,578.4,301.0,492.4,377.8,264.9,113.0,578.4,377.8,618.1,8.797271822751396,84.33392749877677,61.446010695500014,327.47528173828135,2.086098127671835,83.65186040808803
39.050964,-7.0370483,212.0,2019-04-29 09:00:00,20.9,52,10.8,20.8,0.0,0.0,0.0,0.0,0,1017.2,992.5,13,0,0,42,0.3,1.17,1.8,2.1,143,149,11.2,18.0,16.8,14.7,13.5,0.282,0.292,0.22,0.259,1,3600.0,503.0,392.0,111.0,720.1,503.0,734.7,578.6,450.9,127.7,720.1,578.6,845.2,11.272735548011156,86.22919661782453,64.00609261550001,332.19128173828136,2.738374891305055,86.39571144006757
39.050964,-7.0370483,212.0,2019-04-29 10:00:00,23.3,46,11.1,24.2,0.0,0.0,0.0,0.0,0,1017.0,992.5,19,0,0,64,0.43,1.54,1.4,1.5,180,194,11.5,20.0,16.9,14.7,13.5,0.281,0.292,0.22,0.259,1,3600.0,678.0,546.0,132.0,782.8,678.0,941.3,741.2,596.9,144.3,782.8,741.2,1029.0,13.76934933918581,87.94141453902837,67.20037664750001,337.3392817382814,3.4241952267377567,89.7190674441657
39.050964,-7.0370483,212.0,2019-04-29 11:00:00,25.6,39,10.8,27.3,0.0,0.0,0.0,0.0,1,1016.6,992.3,23,0,0,76,0.54,1.98,1.8,2.5,270,278,11.9,22.0,17.1,14.7,13.5,0.28,0.291,0.22,0.259,1,3600.0,811.0,656.0,155.0,806.2,811.0,1098.2,854.5,691.2,163.3,806.2,854.5,1157.1,17.481670033125784,89.7684867008724,71.14886663150001,342.9012817382814,4.541102650555634,93.69539726347648
39.050964,-7.0370483,212.0,2019-04-29 12:00:00,26.9,32,8.9,28.6,0.0,0.0,0.0,0.0,0,1015.7,991.5,17,0,0,58,0.61,2.4,1.8,2.6,323,326,14.8,23.9,17.5,14.7,13.5,0.277,0.29,0.219,0.259,1,3600.0,889.0,708.0,181.0,799.8,889.0,1194.7,908.5,723.5,185.0,799.8,908.5,1220.8,14.249492645263672,90.82849884033203,17.572265625,244.22303771972656,7.887062072753906,29.650390625
39.050964,-7.0370483,212.0,2019-04-29 13:00:00,27.7,31,9.1,29.4,0.0,0.0,0.0,0.0,0,1015.0,990.9,18,0,5,49,0.65,2.56,3.2,4.0,297,297,14.4,25.3,17.9,14.8,13.5,0.276,0.29,0.219,0.259,1,3600.0,922.0,760.0,162.0,837.8,922.0,1224.2,915.7,754.8,160.9,837.8,915.7,1215.8,14.059288905050098,92.00932874610247,22.389874329,250.16303771972656,6.706551422415523,36.59215147677142
39.050964,-7.0370483,212.0,2019-04-29 14:00:00,28.2,31,9.2,29.3,0.0,0.0,0.0,0.0,1,1014.5,990.5,22,0,15,45,0.62,2.65,4.7,5.8,293,292,16.6,26.2,18.3,14.8,13.5,0.274,0.289,0.219,0.259,1,3600.0,864.0,674.0,190.0,767.8,864.0,1184.7,833.1,649.9,183.2,767.8,833.1,1142.4,16.728802356926327,92.28220144456529,27.291122073,256.19303771972653,7.517278683102575,43.10324456415353
39.050964,-7.0370483,212.0,2019-04-29 15:00:00,28.2,31,9.6,27.9,0.0,0.0,0.0,0.0,1,1014.2,990.2,29,0,22,53,0.53,2.63,7.3,9.7,303,301,19.4,26.5,18.8,14.8,13.5,0.273,0.288,0.219,0.259,1,3600.0,697.0,525.0,172.0,656.6,697.0,1079.0,649.6,489.3,160.3,656.6,649.6,1005.6,19.857045789398768,92.33231239079598,32.192369817,262.2230377197265,8.630344517992654,49.264566123407334
39.050964,-7.0370483,212.0,2019-04-29 16:00:00,26.7,32,8.8,25.1,0.0,0.0,0.0,0.0,1,1014.6,990.4,26,0,8,70,0.4,2.37,8.8,12.1,341,337,25.6,26.1,19.2,14.8,13.5,0.272,0.288,0.219,0.259,1,3600.0,496.0,294.0,202.0,434.0,496.0,914.2,442.0,262.0,180.0,434.0,442.0,814.8,22.248363285873687,92.38243988117287,36.775304345,267.9830377197265,9.373951482665023,54.7628484908296
39.050964,-7.0370483,212.0,2019-04-29 17:00:00,26.6,35,9.8,25.8,0.0,0.0,0.0,0.0,0,1014.2,990.0,9,0,2,27,0.29,2.28,5.2,8.2,344,345,20.9,25.6,19.6,14.8,13.5,0.271,0.288,0.219,0.259,1,3600.0,376.0,189.0,187.0,363.4,376.0,701.7,312.4,157.0,155.4,363.4,312.4,583.0,20.552685041887873,92.43258392115803,41.140292505000005,273.7250377197265,7.8742273223174815,59.80803357670741
39.050964,-7.0370483,212.0,2019-04-29 18:00:00,25.7,38,10.4,24.4,0.0,0.0,0.0,0.0,0,1014.1,989.9,3,0,2,6,0.24,2.04,10.1,18.9,305,305,21.2,24.9,19.8,14.9,13.5,0.271,0.288,0.219,0.259,1,3600.0,265.0,176.0,89.0,520.8,265.0,456.0,189.5,125.9,63.6,520.8,189.5,326.1,24.657988029474048,92.12648916462413,45.16854261700001,279.3050377197265,9.653614554548868,64.32918173758522
39.050964,-7.0370483,212.0,2019-04-29 19:00:00,22.9,49,11.7,21.5,0.0,0.0,0.0,0.0,0,1014.6,990.1,2,0,2,2,0.13,1.41,12.7,26.2,315,313,28.8,23.7,20.0,14.9,13.5,0.27,0.287,0.219,0.259,1,3099.64,88.0,45.0,43.0,286.3,88.0,193.7,27.9,14.3,13.6,163.8,25.5,61.5,22.602075075792204,90.07875377744595,48.13591029700001,284.3810377197265,8.222538518786827,67.64633627186635
39.050964,-7.0370483,212.0,2019-04-29 20:00:00,21.0,60,13.0,20.3,0.0,0.0,0.0,0.0,0,1015.1,990.5,1,0,2,0,0.08,0.99,11.5,26.4,321,322,25.9,22.4,20.1,14.9,13.5,0.27,0.287,0.219,0.259,0,0.0,2.0,0.0,2.0,0.0,2.0,20.9,0.0,0.0,0.0,0.0,0.0,0.0,17.601949602410045,87.9150837547426,50.279009177000006,289.1150377197265,5.674790392076574,70.08668016953104
39.050964,-7.0370483,212.0,2019-04-29 21:00:00,19.9,71,14.5,19.6,0.0,0.0,0.0,0.0,0,1015.8,991.1,1,0,1,0,0.04,0.67,12.2,25.9,313,321,24.5,21.4,20.1,14.9,13.5,0.27,0.287,0.219,0.259,0,0.0,0.0,0.0,0.0,0.0,0.0,0.0,0.0,0.0,0.0,0.0,0.0,0.0,14.505706127283934,85.73373270504341,51.75542005700001,293.6510377197265,4.3140733653060455,71.85158667612934
39.050964,-7.0370483,212.0,2019-04-29 22:00:00,18.7,79,15.0,18.6,0.0,0.0,0.0,0.0,0,1015.8,991.0,1,0,1,0,0.02,0.46,12.1,23.4,307,316,24.1,20.5,20.1,15.0,13.5,0.27,0.287,0.219,0.259,0,0.0,0.0,0.0,0.0,0.0,0.0,0.0,0.0,0.0,0.0,0.0,0.0,0.0,11.84990220459252,83.79123736778871,52.76345231300001,297.9710377197265,3.2932664158069658,73.14596056221015
39.050964,-7.0370483,212.0,2019-04-29 23:00:00,17.7,79,14.1,17.6,0.0,0.0,0.0,0.0,0,1015.8,990.9,1,0,1,0,0.01,0.42,10.2,21.2,309,320,23.0,19.7,20.0,15.0,13.5,0.27,0.287,0.219,0.259,0,0.0,0.0,0.0,0.0,0.0,0.0,0.0,0.0,0.0,0.0,0.0,0.0,0.0,10.530714202793197,83.32350261231893,53.72057384900001,302.1110377197265,2.814617299481695,74.37724327774785
39.050964,-7.0370483,212.0,2019-04-30 00:00:00,17.0,74,12.3,16.0,0.0,0.0,0.0,0.0,0,1015.9,990.9,0,0,0,0,0.03,0.51,11.2,20.9,303,324,19.1,19.6,19.7,15.0,13.5,0.266,0.285,0.217,0.259,0,0.0,0.0,0.0,0.0,0.0,0.0,0.0,0.0,0.0,0.0,0.0,0.0,0.0,11.155725720867018,83.37065584103594,54.86145884100001,306.1250377197265,2.978272760651698,75.77384941843363
39.050964,-7.0370483,212.0,2019-04-30 01:00:00,16.2,75,11.8,15.2,0.0,0.0,0.0,0.0,0,1015.7,990.6,0,0,0,0,0.02,0.46,10.1,18.9,297,320,20.9,18.8,19.6,15.0,13.5,0.266,0.285,0.217,0.259,0,0.0,0.0,0.0,0.0,0.0,0.0,0.0,0.0,0.0,0.0,0.0,0.0,0.0,10.825073548027737,83.41782463740769,55.90997724100001,309.9950377197265,2.8350404514205856,77.06968558483373
39.050964,-7.0370483,212.0,2019-04-30 02:00:00,15.1,81,11.8,14.4,0.0,0.0,0.0,0.0,0,1015.5,990.4,0,0,0,0,0.01,0.33,8.6,15.3,292,315,19.4,18.0,19.4,15.1,13.5,0.266,0.285,0.217,0.259,0,0.0,0.0,0.0,0.0,0.0,0.0,0.0,0.0,0.0,0.0,0.0,0.0,0.0,9.362678507226315,82.5758019678572,56.656182937000004,313.6670377197265,2.360366318888363,78.06230849736806
39.050964,-7.0370483,212.0,2019-04-30 03:00:00,13.9,86,11.7,13.2,0.0,0.0,0.0,0.0,0,1015.4,990.2,0,0,0,0,0.0,0.22,8.7,13.8,294,319,16.2,17.4,19.2,15.1,13.5,0.266,0.285,0.217,0.259,0,0.0,0.0,0.0,0.0,0.0,0.0,0.0,0.0,0.0,0.0,0.0,0.0,0.0,8.149315104814361,81.13676320885709,57.16529013700001,317.12303771972654,1.9961052853148562,78.81304982221731
39.050964,-7.0370483,212.0,2019-04-30 04:00:00,13.1,89,11.2,12.1,0.0,0.0,0.0,0.0,0,1015.7,990.4,0,0,0,0,0.0,0.17,9.0,13.3,299,327,16.6,16.7,19.0,15.1,13.5,0.266,0.285,0.217,0.259,0,0.0,0.0,0.0,0.0,0.0,0.0,0.0,0.0,0.0,0.0,0.0,0.0,0.0,7.348352638517294,79.87830111128541,57.54396892100001,320.43503771972655,1.7673346047552965,79.42840409407286
39.050964,-7.0370483,212.0,2019-04-30 05:00:00,12.6,88,10.7,11.5,0.0,0.0,0.0,0.0,0,1015.5,990.1,0,0,0,0,0.0,0.17,8.9,13.0,297,326,16.9,16.2,18.8,15.1,13.5,0.266,0.285,0.217,0.259,0,0.0,0.0,0.0,0.0,0.0,0.0,0.0,0.0,0.0,0.0,0.0,0.0,0.0,7.28516287479926,79.78546327568164,57.942527129000005,323.65703771972653,1.7418055375500214,80.05537714869604
39.050964,-7.0370483,212.0,2019-04-30 06:00:00,12.4,87,10.3,11.2,0.0,0.0,0.0,0.0,0,1015.7,990.3,0,0,0,0,0.02,0.18,8.6,11.8,292,322,15.8,15.7,18.5,15.1,13.5,0.266,0.285,0.217,0.259,1,0.0,7.0,1.0,6.0,13.4,7.0,41.5,17.4,2.5,14.9,28.5,7.2,103.1,7.256490484305407,79.83144841948965,58.36799528900001,326.8430377197265,1.7237566804248787,80.70501219018237
39.050964,-7.0370483,212.0,2019-04-30 07:00:00,14.6,78,10.8,14.0,0.0,0.0,0.0,0.0,0,1016.1,990.9,0,0,0,0,0.06,0.37,5.8,10.1,300,325,15.5,16.0,18.3,15.2,13.5,0.266,0.285,0.217,0.259,1,3600.0,116.0,65.0,51.0,372.0,116.0,235.7,181.0,101.4,79.6,372.0,181.0,367.8,6.941079984042102,80.60908479925878,59.20535541700001,330.4250377197265,1.6257066680690582,81.778263295891
39.050964,-7.0370483,212.0,2019-04-30 08:00:00,18.4,68,12.3,18.5,0.0,0.0,0.0,0.0,0,1016.1,991.2,0,0,0,0,0.17,0.68,3.6,5.4,307,323,14.0,17.2,18.1,15.2,13.5,0.266,0.284,0.217,0.259,1,3600.0,308.0,220.0,88.0,597.5,308.0,496.7,385.8,275.6,110.2,597.5,385.8,622.1,7.861112157919219,82.58266829542909,60.718131097000004,334.6910377197265,1.8362523246922655,83.54525737200841
39.050964,-7.0370483,212.0,2019-04-30 09:00:00,21.6,59,13.3,22.3,0.0,0.0,0.0,0.0,0,1015.9,991.3,0,0,0,0,0.31,1.06,2.3,3.2,321,333,12.6,19.0,18.1,15.2,13.5,0.265,0.284,0.217,0.259,1,3600.0,508.0,399.0,109.0,728.9,508.0,738.5,583.8,458.5,125.3,728.9,583.8,848.7,9.81590839750544,84.86626281476603,62.974445721,339.5330377197265,2.323182568235517,86.04922364843635
39.050964,-7.0370483,212.0,2019-04-30 10:00:00,23.8,51,13.2,25.5,0.0,0.0,0.0,0.0,0,1015.6,991.2,0,0,0,0,0.45,1.43,1.8,2.3,281,288,11.9,21.0,18.2,15.2,13.5,0.264,0.284,0.217,0.259,1,3600.0,687.0,564.0,123.0,805.4,687.0,944.6,750.6,616.2,134.4,805.4,750.6,1032.1,12.493615895083225,86.96449392235291,65.932358553,344.7710377197265,3.0389224996582054,89.21303533776201
39.050964,-7.0370483,212.0,2019-04-30 11:00:00,25.7,44,12.5,27.7,0.0,0.0,0.0,0.0,0,1015.3,991.0,0,0,0,0,0.56,1.85,3.8,4.6,253,252,15.5,22.9,18.4,15.2,13.5,0.263,0.283,0.217,0.259,1,3600.0,826.0,692.0,134.0,847.8,826.0,1101.1,870.1,728.9,141.2,847.8,870.1,1159.8,17.082186909018517,88.88835851428902,69.570778009,350.3510377197265,4.426686902236766,92.98194878576855
39.050964,-7.0370483,212.0,2019-04-30 12:00:00,27.0,35,10.4,29.0,0.0,0.0,0.0,0.0,0,1014.7,990.6,1,1,0,0,0.63,2.3,3.4,4.1,252,255,17.3,24.7,18.6,15.2,13.5,0.262,0.283,0.217,0.259,1,3600.0,912.0,773.0,139.0,870.9,912.0,1197.2,931.8,789.8,142.0,870.9,931.8,1223.2,16.21971893310547,90.87732696533203,21.224609375,249.63226318359375,8.333036422729492,35.0546875
39.050964,-7.0370483,212.0,2019-04-30 13:00:00,27.8,32,9.8,29.5,0.0,0.0,0.0,0.0,0,1014.1,990.0,4,2,2,2,0.66,2.53,4.7,6.1,266,267,17.3,26.1,19.0,15.2,13.5,0.26,0.282,0.217,0.259,1,3600.0,934.0,793.0,141.0,872.1,934.0,1226.5,927.6,787.6,140.0,872.1,927.6,1218.1,15.695901207554504,91.87877149711814,25.988883039,255.59026318359375,7.10074940327918,41.44281418595436
39.050964,-7.0370483,212.0,2019-04-30 14:00:00,28.3,30,9.1,29.2,0.0,0.0,0.0,0.0,0,1013.6,989.6,7,0,8,6,0.64,2.69,6.5,8.3,273,272,19.8,27.0,19.4,15.2,13.5,0.259,0.282,0.217,0.259,1,3600.0,884.0,733.0,151.0,833.0,884.0,1186.9,852.5,706.9,145.6,833.0,852.5,1144.6,19.242038054153888,92.46318342082633,30.978133599000003,261.6382631835937,8.443621621840743,47.8057041914831
39.050964,-7.0370483,212.0,2019-04-30 15:00:00,28.2,30,9.0,27.8,0.0,0.0,0.0,0.0,0,1013.1,989.1,11,0,9,19,0.57,2.67,9.2,12.2,301,298,24.5,27.3,19.8,15.3,13.5,0.258,0.281,0.217,0.259,1,3600.0,758.0,613.0,145.0,764.6,758.0,1081.3,706.6,571.4,135.2,764.6,706.6,1008.0,22.68982029642764,92.52383189746504,35.950413919,267.6682631835937,9.757162476024407,53.82709168495177
39.050964,-7.0370483,212.0,2019-04-30 16:00:00,27.5,33,10.0,26.0,0.0,0.0,0.0,0.0,0,1012.8,988.7,6,0,10,1,0.46,2.44,11.2,15.3,310,309,27.0,27.1,20.2,15.3,13.5,0.257,0.281,0.217,0.259,1,3600.0,580.0,442.0,138.0,650.3,580.0,916.8,517.2,394.1,123.0,650.3,517.2,817.4,25.681232033867232,92.57402261807323,40.595895903,273.5722631835937,10.868221911010174,59.22173417227527
39.050964,-7.0370483,212.0,2019-04-30 17:00:00,26.9,36,10.5,25.7,0.0,0.0,0.0,0.0,0,1012.2,988.1,5,0,7,2,0.35,2.28,9.4,14.0,313,314,27.4,26.6,20.5,15.3,13.5,0.256,0.28,0.217,0.259,1,3600.0,444.0,330.0,114.0,631.7,444.0,704.6,369.3,274.5,94.8,631.7,369.3,586.0,25.1922229491759,92.61329952266045,44.940277343,279.3682631835937,9.980814778282218,64.10150450293989
39.050964,-7.0370483,212.0,2019-04-30 18:00:00,25.9,41,11.7,25.1,0.0,0.0,0.0,0.0,0,1012.0,987.8,5,0,6,6,0.22,1.96,8.8,15.7,305,307,23.0,25.8,20.8,15.3,13.5,0.255,0.28,0.217,0.259,1,3600.0,265.0,180.0,85.0,528.6,265.0,459.2,190.2,129.2,61.0,528.6,190.2,329.5,23.41252222641823,91.75452736797695,48.802219103,284.98426318359367,8.578027075826027,68.34502525079544
39.050964,-7.0370483,212.0,2019-04-30 19:00:00,23.1,53,13.0,22.7,0.0,0.0,0.0,0.0,0,1012.1,987.7,6,0,5,9,0.1,1.33,9.2,20.9,296,299,19.4,24.5,20.9,15.4,13.5,0.255,0.28,0.217,0.259,1,3153.96,88.0,46.0,42.0,290.1,88.0,197.5,29.2,15.2,13.9,175.0,26.9,65.5,19.304172166683482,89.50273342596877,51.559640671,290.0962631835937,6.346739410468735,71.39582126262711
39.050964,-7.0370483,212.0,2019-04-30 20:00:00,21.3,59,12.9,20.5,0.0,0.0,0.0,0.0,1,1012.5,988.0,21,0,3,64,0.09,1.05,12.1,25.9,297,302,23.0,23.1,21.0,15.4,13.5,0.255,0.28,0.217,0.259,0,0.0,2.0,0.0,2.0,0.0,2.0,22.9,0.0,0.0,0.0,0.0,0.0,0.0,18.641115198515816,87.97594074958357,53.786136158999994,294.8842631835937,5.900198442795715,73.88237929393343
39.050964,-7.0370483,212.0,2019-04-30 21:00:00,20.1,69,14.1,19.7,0.0,0.0,0.0,0.0,1,1013.0,988.3,29,0,1,93,0.04,0.74,11.4,24.3,298,308,24.8,22.0,21.0,15.4,13.5,0.255,0.28,0.217,0.259,0,0.0,0.0,0.0,0.0,0.0,0.0,0.0,0.0,0.0,0.0,0.0,0.0,0.0,15.062123476781471,86.09399763244117,55.379399262999996,299.4562631835937,4.358272700931555,75.74116303217276
39.050964,-7.0370483,212.0,2019-04-30 22:00:00,18.9,76,14.6,18.7,0.0,0.0,0.0,0.0,1,1013.1,988.3,29,0,1,96,0.03,0.52,11.6,22.2,286,299,22.3,21.1,20.9,15.5,13.5,0.255,0.28,0.217,0.259,0,0.0,0.0,0.0,0.0,0.0,0.0,0.0,0.0,0.0,0.0,0.0,0.0,0.0,12.86615892913292,84.45463318572152,56.543072863,303.8122631835937,3.5096070824376344,77.1771729589721
39.050964,-7.0370483,212.0,2019-04-30 23:00:00,17.8,80,14.4,17.4,0.0,0.0,0.0,0.0,1,1012.9,988.1,23,0,1,76,0.02,0.4,12.9,24.1,293,297,25.2,20.4,20.8,15.5,13.5,0.255,0.28,0.217,0.259,0,0.0,0.0,0.0,0.0,0.0,0.0,0.0,0.0,0.0,0.0,0.0,0.0,0.0,12.045915414850334,83.2507011972878,57.459465823,307.9702631835937,3.1945429587345413,78.36609904907597
39.050964,-7.0370483,212.0,2019-05-01 00:00:00,17.2,82,14.2,16.6,0.0,0.0,0.0,0.0,0,1012.8,987.9,6,0,3,15,0.02,0.35,13.4,24.7,294,299,25.2,20.1,20.6,15.5,13.5,0.251,0.277,0.215,0.259,0,0.0,0.0,0.0,0.0,0.0,0.0,0.0,0.0,0.0,0.0,0.0,0.0,0.0,11.520284345886907,82.52502838385783,58.326664027,313.4702631835937,2.9872107087870474,79.6176585814484
39.050964,-7.0370483,212.0,2019-05-01 01:00:00,16.4,84,13.6,15.7,0.0,0.0,0.0,0.0,0,1012.4,987.4,16,0,0,54,0.01,0.31,12.1,23.4,300,307,25.6,19.4,20.5,15.5,13.5,0.251,0.277,0.215,0.259,0,0.0,0.0,0.0,0.0,0.0,0.0,0.0,0.0,0.0,0.0,0.0,0.0,0.0,10.267449125070721,81.83529527674878,59.063808827,318.8262631835937,2.5712042865806963,80.73597975795305
39.050964,-7.0370483,212.0,2019-05-01 02:00:00,15.4,85,12.9,14.7,0.0,0.0,0.0,0.0,1,1012.0,987.0,29,0,0,96,0.01,0.26,11.1,21.5,299,308,23.4,18.7,20.3,15.6,13.5,0.252,0.277,0.215,0.259,0,0.0,0.0,0.0,0.0,0.0,0.0,0.0,0.0,0.0,0.0,0.0,0.0,0.0,9.44476725318299,81.33917067525572,59.715392177000005,324.0022631835937,2.3058398444240997,81.75914054017079
39.050964,-7.0370483,212.0,2019-05-01 03:00:00,14.4,87,12.3,13.8,0.0,0.0,0.0,0.0,1,1011.8,986.7,28,0,0,93,0.0,0.21,9.2,16.7,291,307,21.6,18.0,20.1,15.6,13.5,0.252,0.276,0.215,0.259,0,0.0,0.0,0.0,0.0,0.0,0.0,0.0,0.0,0.0,0.0,0.0,0.0,0.0,8.158532215869034,80.6135678125927,60.245873167000006,328.9982631835937,1.93046433271729,82.653263624557
39.050964,-7.0370483,212.0,2019-05-01 04:00:00,13.7,89,11.9,12.9,0.0,0.0,0.0,0.0,1,1011.7,986.5,35,10,0,87,0.0,0.17,8.9,14.5,291,316,17.3,17.4,19.8,15.6,13.5,0.252,0.276,0.215,0.259,0,0.0,0.0,0.0,0.0,0.0,0.0,0.0,0.0,0.0,0.0,0.0,0.0,0.0,7.5031731954323915,79.80128545879042,60.67447021500001,333.8682631835937,1.7446209891449636,83.43978913516918
39.050964,-7.0370483,212.0,2019-05-01 05:00:00,13.3,89,11.6,12.5,0.0,0.0,0.0,0.0,1,1011.6,986.4,36,10,0,90,0.0,0.17,8.7,13.3,294,327,16.2,16.9,19.6,15.6,13.6,0.252,0.276,0.215,0.259,0,0.0,0.0,0.0,0.0,0.0,0.0,0.0,0.0,0.0,0.0,0.0,0.0,0.0,7.315265285014777,79.55502333075275,61.091483559000004,338.6662631835937,1.6847183144312934,84.20771731402299
39.050964,-7.0370483,212.0,2019-05-01 06:00:00,13.2,89,11.5,12.4,0.0,0.0,0.0,0.0,1,1011.8,986.6,33,7,0,89,0.02,0.16,8.1,11.1,291,335,16.2,16.5,19.3,15.6,13.6,0.252,0.276,0.215,0.259,1,0.0,7.0,1.0,6.0,13.1,7.0,44.0,17.2,2.5,14.7,28.2,7.3,108.1,7.112758387631973,79.48102909276399,61.505600977,343.44626318359366,1.6225692907399676,84.96956028778845
39.050964,-7.0370483,212.0,2019-05-01 07:00:00,15.4,80,12.0,15.3,0.0,0.0,0.0,0.0,1,1012.1,987.1,30,7,15,50,0.05,0.35,5.0,7.9,291,330,14.8,16.8,19.1,15.6,13.6,0.252,0.276,0.215,0.259,1,3600.0,111.0,51.0,60.0,286.0,111.0,240.4,171.9,79.0,92.9,286.0,171.9,372.3,6.66658434180114,80.21443495030961,62.374378777,348.62226318359365,1.4963669383373779,86.19460215888333
39.050964,-7.0370483,212.0,2019-05-01 08:00:00,18.5,69,12.8,19.1,0.0,0.0,0.0,0.0,0,1012.1,987.3,11,0,16,6,0.16,0.66,2.3,2.8,288,310,13.0,18.0,18.9,15.7,13.6,0.252,0.276,0.215,0.259,1,3600.0,299.0,201.0,98.0,541.1,299.0,500.9,373.7,251.2,122.5,541.1,373.7,626.0,7.355376236899236,82.19039716310256,63.973982993,354.3562631835936,1.638219015335101,88.15853992222279
39.050964,-7.0370483,212.0,2019-05-01 09:00:00,21.4,59,13.1,22.1,0.0,0.0,0.0,0.0,0,1012.0,987.5,4,0,0,14,0.31,1.04,1.8,2.3,281,288,11.5,19.7,18.9,15.7,13.6,0.251,0.276,0.215,0.259,1,3600.0,502.0,384.0,118.0,697.6,502.0,742.1,576.4,440.9,135.5,697.6,576.4,852.1,9.69417876431218,84.64380397208289,66.402611843,360.61226318359365,2.1975936795907316,90.940910069288
39.050964,-7.0370483,212.0,2019-05-01 10:00:00,23.7,49,12.5,25.1,0.0,0.0,0.0,0.0,0,1011.7,987.4,8,0,0,27,0.44,1.49,2.2,2.5,270,270,13.0,21.6,18.9,15.7,13.6,0.25,0.275,0.215,0.259,1,3600.0,683.0,555.0,128.0,789.5,683.0,947.8,745.9,606.1,139.8,789.5,745.9,1035.0,13.45341180874269,87.1834844574844,69.732400211,367.28226318359367,3.199012862922789,94.57476573314428
39.050964,-7.0370483,212.0,2019-05-01 11:00:00,25.8,42,12.0,27.7,0.0,0.0,0.0,0.0,0,1011.5,987.3,10,0,0,32,0.56,1.92,2.9,3.4,240,238,14.4,23.5,19.1,15.7,13.6,0.249,0.275,0.215,0.259,1,3600.0,823.0,686.0,137.0,837.9,823.0,1103.8,866.7,722.4,144.3,837.9,866.7,1162.4,17.683365205006666,89.22110401581011,73.839876343,374.3302631835937,4.437398360841745,98.90506008875315
39.050964,-7.0370483,212.0,2019-05-01 12:00:00,26.9,35,10.1,28.8,0.0,0.0,0.0,0.0,0,1011.0,986.9,1,0,0,2,0.63,2.31,3.2,3.7,243,241,23.0,25.0,19.2,15.7,13.6,0.248,0.274,0.214,0.259,1,3600.0,908.0,764.0,144.0,858.6,908.0,1199.6,927.6,780.5,147.1,858.6,927.6,1225.6,16.672273635864258,90.67724609375,25.0751953125,256.5729064941406,7.863824844360352,40.064453125
39.050964,-7.0370483,212.0,2019-05-01 13:00:00,28.0,30,8.8,29.3,0.0,0.0,0.0,0.0,0,1010.4,986.4,3,0,1,9,0.66,2.65,5.0,6.6,249,248,18.4,26.4,19.6,15.7,13.6,0.247,0.274,0.214,0.259,1,3600.0,923.0,772.0,151.0,847.0,923.0,1228.7,916.6,766.7,150.0,847.0,916.6,1220.3,17.673419098943715,92.2374286012183,30.4379237325,264.01690649414064,7.583728473915422,47.255805019577096
39.050964,-7.0370483,212.0,2019-05-01 14:00:00,28.4,28,8.1,29.0,0.0,0.0,0.0,0.0,0,1009.8,985.9,8,0,9,9,0.64,2.79,6.1,8.0,267,265,19.4,27.4,20.0,15.7,13.6,0.246,0.273,0.214,0.259,1,3600.0,879.0,721.0,158.0,817.4,879.0,1189.1,847.7,695.4,152.4,817.4,847.7,1146.8,21.1098137196357,92.88837375733924,36.0296935725,271.53290649414066,8.784624340758866,54.10981323170377
39.050964,-7.0370483,212.0,2019-05-01 15:00:00,28.6,27,7.7,28.1,0.0,0.0,0.0,0.0,0,1009.2,985.3,10,0,11,12,0.58,2.85,8.4,10.9,290,287,23.0,27.8,20.4,15.8,13.6,0.244,0.273,0.214,0.259,1,3600.0,775.0,616.0,159.0,766.4,775.0,1083.6,722.6,574.4,148.3,766.4,722.6,1010.3,25.045946504444444,93.19075653154735,41.7375637185,279.0849064941407,10.290664483366612,60.758730632486454
39.050964,-7.0370483,212.0,2019-05-01 16:00:00,27.8,28,7.8,25.8,0.0,0.0,0.0,0.0,0,1009.0,985.1,11,0,1,35,0.49,2.68,11.6,15.6,300,299,27.4,27.7,20.7,15.8,13.6,0.243,0.272,0.214,0.259,1,3600.0,603.0,454.0,149.0,665.8,603.0,919.2,537.9,405.0,132.9,665.8,537.9,820.1,29.498685686193042,93.24116743755383,47.2156026465,286.4929064941407,12.176775045360388,66.87697457568412
39.050964,-7.0370483,212.0,2019-05-01 17:00:00,26.9,31,8.4,24.9,0.0,0.0,0.0,0.0,0,1009.3,985.3,13,0,1,41,0.36,2.43,10.7,15.8,318,319,28.4,27.1,21.1,15.8,13.6,0.243,0.272,0.214,0.259,1,3600.0,431.0,300.0,131.0,571.7,431.0,707.4,358.9,249.8,109.1,571.7,358.9,589.0,29.895046868697882,93.2915949867383,52.3019017665,293.7389064941407,11.71913995276762,72.38319365951041
39.050964,-7.0370483,212.0,2019-05-01 18:00:00,26.1,37,10.3,25.4,0.0,0.0,0.0,0.0,0,1009.1,985.0,17,0,4,48,0.2,2.13,5.4,11.8,307,310,24.8,26.2,21.3,15.8,13.6,0.242,0.272,0.214,0.259,1,3600.0,255.0,157.0,98.0,457.6,255.0,462.5,183.6,113.1,70.6,457.6,183.6,333.0,23.940243193500077,92.55863577792384,56.813227942500006,300.84090649414065,8.096376771974047,77.18558284200193
39.050964,-7.0370483,212.0,2019-05-01 19:00:00,23.2,44,10.3,22.2,0.0,0.0,0.0,0.0,1,1009.3,985.0,26,0,11,66,0.1,1.58,7.5,17.4,305,304,12.2,24.7,21.5,15.9,13.6,0.242,0.272,0.214,0.259,1,3208.39,83.0,36.0,47.0,225.2,83.0,201.2,28.6,12.4,16.2,142.6,26.7,69.4,22.669620526209215,91.01789830714593,60.395751670500005,307.42090649414064,7.235680892407253,81.00567246124243
39.050964,-7.0370483,212.0,2019-05-01 20:00:00,21.8,51,11.1,20.2,0.0,0.0,0.0,0.0,1,1009.8,985.4,20,0,1,65,0.11,1.29,13.0,27.5,309,313,25.6,23.4,21.5,15.9,13.6,0.242,0.272,0.214,0.259,0,0.0,3.0,0.0,3.0,0.0,3.0,24.9,0.0,0.0,0.0,0.0,0.0,0.0,24.02026449973734,89.45228175562389,63.349859456500006,313.7489064941406,7.630737749419429,84.19808295874817
39.050964,-7.0370483,212.0,2019-05-01 21:00:00,20.2,66,13.6,20.4,0.0,0.0,0.0,0.0,0,1010.4,985.8,13,0,3,36,0.02,0.81,6.1,18.7,310,320,25.9,22.3,21.5,15.9,13.6,0.242,0.271,0.214,0.259,0,0.0,0.0,0.0,0.0,0.0,0.0,0.0,0.0,0.0,0.0,0.0,0.0,0.0,14.51872080173718,86.95531052507162,65.25643182850001,319.78890649414063,3.769241511090389,86.4236372902295
39.050964,-7.0370483,212.0,2019-05-01 22:00:00,20.3,61,12.6,20.6,0.0,0.0,0.0,0.0,0,1011.0,986.4,1,0,0,2,0.01,0.92,3.6,7.6,323,341,10.8,21.0,21.4,15.9,13.6,0.242,0.271,0.214,0.259,0,0.0,0.0,0.0,0.0,0.0,0.0,0.0,0.0,0.0,0.0,0.0,0.0,0.0,13.452221017300356,87.0036627964254,67.45364986450001,325.8469064941406,3.3460403060807833,88.89951992184372
39.050964,-7.0370483,212.0,2019-05-01 23:00:00,19.1,65,12.5,19.7,0.0,0.0,0.0,0.0,0,1010.9,986.2,0,0,0,0,0.0,0.77,1.1,3.9,288,68,6.1,19.9,21.2,16.0,13.6,0.242,0.271,0.214,0.259,0,0.0,0.0,0.0,0.0,0.0,0.0,0.0,0.0,0.0,0.0,0.0,0.0,0.0,11.635856787044556,86.48191211441626,69.31494048450001,331.6889064941406,2.7394895677527,91.0577337535876
39.050964,-7.0370483,212.0,2019-05-02 00:00:00,18.3,75,13.9,18.0,0.0,0.0,0.0,0.0,0,1010.4,985.7,0,0,0,0,0.02,0.52,10.7,21.2,303,325,13.7,19.7,21.1,16.0,13.6,0.239,0.269,0.211,0.259,0,0.0,0.0,0.0,0.0,0.0,0.0,0.0,0.0,0.0,0.0,0.0,0.0,0.0,14.098514109552342,84.65562466336722,70.59178058450001,337.3869064941406,3.4467903873523156,92.69625110342466
39.050964,-7.0370483,212.0,2019-05-02 01:00:00,17.5,75,13.1,17.1,0.0,0.0,0.0,0.0,0,1010.1,985.3,0,0,0,0,0.02,0.49,9.5,20.5,323,345,19.8,19.2,20.9,16.0,13.6,0.239,0.268,0.211,0.259,0,0.0,0.0,0.0,0.0,0.0,0.0,0.0,0.0,0.0,0.0,0.0,0.0,0.0,12.938193138244237,84.20070355284523,71.81596748450002,342.94090649414056,3.0509401442868733,94.27573913437486
39.050964,-7.0370483,212.0,2019-05-02 02:00:00,17.4,70,11.9,16.6,0.0,0.0,0.0,0.0,0,1009.5,984.7,0,0,0,0,0.03,0.59,9.4,22.3,342,1,19.8,18.7,20.7,16.0,13.6,0.239,0.268,0.211,0.259,0,0.0,0.0,0.0,0.0,0.0,0.0,0.0,0.0,0.0,0.0,0.0,0.0,0.0,13.089582462262696,84.2481463897557,73.27709378450002,348.47690649414056,3.055018599108931,96.05729946519973
39.050964,-7.0370483,212.0,2019-05-02 03:00:00,16.7,71,11.4,16.3,0.0,0.0,0.0,0.0,0,1009.5,984.6,0,0,0,0,0.01,0.55,5.9,17.6,14,23,18.0,18.2,20.5,16.1,13.6,0.239,0.268,0.211,0.259,0,0.0,0.0,0.0,0.0,0.0,0.0,0.0,0.0,0.0,0.0,0.0,0.0,0.0,11.541827035148755,84.29560488993519,74.63607287650002,353.8869064941406,2.577468433816242,97.73857022276319
39.050964,-7.0370483,212.0,2019-05-02 04:00:00,16.0,70,10.6,15.0,0.0,0.0,0.0,0.0,0,1009.8,984.9,0,0,0,0,0.02,0.54,8.2,19.0,29,33,14.8,17.6,20.3,16.1,13.6,0.239,0.268,0.211,0.259,0,0.0,0.0,0.0,0.0,0.0,0.0,0.0,0.0,0.0,0.0,0.0,0.0,0.0,12.849208671605185,84.34307905855489,75.98662745650002,359.1709064941406,2.9127675851911112,99.40019430746277
39.050964,-7.0370483,212.0,2019-05-02 05:00:00,15.4,70,10.0,13.9,0.0,0.0,0.0,0.0,0,1009.8,984.8,0,0,0,0,0.03,0.52,10.4,23.2,14,24,19.1,17.3,20.0,16.1,13.6,0.239,0.268,0.211,0.259,0,0.0,0.0,0.0,0.0,0.0,0.0,0.0,0.0,0.0,0.0,0.0,0.0,0.0,14.207614190971542,84.39056890078777,77.28979415650002,364.34690649414057,3.2751790960739013,101.01055331862528
39.050964,-7.0370483,212.0,2019-05-02 06:00:00,15.4,68,9.6,13.8,0.0,0.0,0.0,0.0,0,1010.4,985.4,0,0,0,0,0.05,0.55,10.3,22.6,25,31,20.5,17.1,19.8,16.1,13.6,0.239,0.268,0.211,0.259,1,0.0,8.0,2.0,6.0,25.6,8.0,46.4,19.5,4.9,14.6,55.8,8.6,113.0,14.348862069406652,84.43807442180845,78.67983863650002,369.52290649414056,3.279713781161013,102.69462092030237
39.050964,-7.0370483,212.0,2019-05-02 07:00:00,17.1,62,9.8,15.6,0.0,0.0,0.0,0.0,0,1010.9,986.0,0,0,0,0,0.09,0.73,9.8,18.8,24,29,21.2,17.5,19.5,16.1,13.6,0.239,0.268,0.211,0.259,1,3600.0,122.0,69.0,53.0,379.5,122.0,245.0,187.5,106.1,81.5,379.5,187.5,376.6,14.692604688507886,84.74894976389076,80.50058629250002,375.0049064941406,3.336154111818975,104.77320960030967
39.050964,-7.0370483,212.0,2019-05-02 08:00:00,19.6,55,10.4,18.3,0.0,0.0,0.0,0.0,0,1010.9,986.3,0,0,0,0,0.2,1.02,9.5,14.1,37,38,23.0,18.6,19.4,16.1,13.6,0.239,0.268,0.211,0.259,1,3600.0,313.0,224.0,89.0,597.8,313.0,505.0,390.4,279.4,111.0,597.8,390.4,629.9,16.81398191389009,86.01957440206573,82.95290908250001,380.9369064941406,3.9191527044453793,107.42408436701282
39.050964,-7.0370483,212.0,2019-05-02 09:00:00,22.3,49,11.0,21.2,0.0,0.0,0.0,0.0,0,1011.1,986.7,0,0,0,0,0.34,1.37,9.4,13.3,58,57,24.8,20.1,19.3,16.1,13.6,0.238,0.267,0.211,0.259,1,3600.0,511.0,401.0,110.0,724.7,511.0,745.7,586.2,460.0,126.2,724.7,586.2,855.4,19.919006353626344,87.5385372520321,86.09472552650001,387.3549064941406,4.837182618909185,110.68593620495874
39.050964,-7.0370483,212.0,2019-05-02 10:00:00,24.7,43,11.3,24.5,0.0,0.0,0.0,0.0,0,1010.5,986.3,0,0,0,0,0.47,1.76,9.2,12.1,59,60,24.8,22.0,19.4,16.2,13.6,0.238,0.267,0.211,0.259,1,3600.0,688.0,563.0,125.0,797.9,688.0,950.9,751.0,614.5,136.4,797.9,751.0,1037.9,23.562806406659305,89.09619947642207,89.96631532250001,394.20490649414063,5.987030061199411,114.56623310181139
39.050964,-7.0370483,212.0,2019-05-02 11:00:00,26.8,37,11.0,27.4,0.0,0.0,0.0,0.0,0,1010.5,986.4,9,0,15,0,0.59,2.2,8.9,11.6,63,64,24.8,23.8,19.6,16.2,13.6,0.236,0.267,0.211,0.259,1,3600.0,825.0,690.0,135.0,840.3,825.0,1106.5,868.6,726.4,142.1,840.3,868.6,1164.9,27.65104116191385,90.6455787338764,94.59374180450001,401.43290649414064,7.362957252946396,119.05318457409118
39.050964,-7.0370483,212.0,2019-05-02 12:00:00,27.5,36,11.1,28.5,0.0,0.0,0.0,0.0,0,1010.2,986.2,13,0,20,4,0.6,2.35,7.3,9.5,79,79,24.8,25.3,19.7,16.2,13.6,0.237,0.267,0.212,0.259,1,3600.0,833.0,684.0,149.0,766.8,833.0,1202.0,850.9,698.7,152.2,766.8,850.9,1227.9,19.005859375,92.078369140625,30.3798828125,264.2291564941406,8.386962890625,47.125
39.050964,-7.0370483,212.0,2019-05-02 13:00:00,27.9,34,10.6,28.5,0.0,0.0,0.0,0.0,0,1009.4,985.5,20,0,22,21,0.58,2.47,6.6,8.4,68,70,22.3,26.4,20.0,16.2,13.6,0.236,0.266,0.212,0.259,1,3600.0,783.0,608.0,175.0,665.6,783.0,1230.9,777.6,603.8,173.8,665.6,777.6,1222.4,19.768940251704862,92.12841279155015,35.4187940525,271.6551564941406,8.09493943491269,53.42388025650423
39.050964,-7.0370483,212.0,2019-05-02 14:00:00,28.4,31,9.8,28.6,0.0,0.0,0.0,0.0,0,1009.1,985.2,17,0,17,24,0.56,2.65,6.4,8.1,43,45,20.5,27.1,20.4,16.2,13.6,0.235,0.266,0.212,0.259,1,3600.0,744.0,568.0,176.0,642.4,744.0,1191.3,717.6,547.8,169.8,642.4,717.6,1149.0,21.234033247943735,92.33126124003164,40.777573482499996,279.17115649414063,8.246470034035054,59.74007663747268
39.050964,-7.0370483,212.0,2019-05-02 15:00:00,28.7,30,9.2,28.4,0.0,0.0,0.0,0.0,0,1008.7,984.8,18,0,16,27,0.51,2.76,6.0,7.7,25,28,19.4,27.6,20.8,16.2,13.6,0.234,0.266,0.212,0.259,1,3600.0,676.0,495.0,181.0,614.3,676.0,1085.8,630.5,461.7,168.8,614.3,630.5,1012.7,22.589929311849293,92.58110931843343,46.2693022425,286.7411564941406,8.371322578024524,65.93855903889236
39.050964,-7.0370483,212.0,2019-05-02 16:00:00,28.5,29,8.9,27.3,0.0,0.0,0.0,0.0,1,1008.3,984.4,20,0,13,42,0.44,2.74,7.0,9.2,12,11,18.7,27.7,21.1,16.3,13.6,0.233,0.265,0.212,0.259,1,3600.0,569.0,397.0,172.0,580.3,569.0,921.7,507.9,354.4,153.5,580.3,507.9,822.7,24.928069939180574,92.76512086755584,51.802100498499996,294.2751564941406,9.034585258816696,71.94325623595067
39.050964,-7.0370483,212.0,2019-05-02 17:00:00,27.9,31,9.3,26.8,0.0,0.0,0.0,0.0,1,1008.4,984.5,34,0,31,51,0.31,2.58,6.4,9.2,47,45,18.7,27.3,21.4,16.3,13.6,0.232,0.265,0.212,0.259,1,3600.0,378.0,234.0,144.0,443.9,378.0,710.2,315.1,195.1,120.0,443.9,315.1,592.0,25.482210621610058,92.81539124980081,57.070053158499995,301.7011564941406,8.827590889042424,77.49333819192678
39.050964,-7.0370483,212.0,2019-05-02 18:00:00,26.6,41,12.1,26.6,0.0,0.0,0.0,0.0,1,1008.2,984.2,47,0,36,85,0.15,2.07,4.4,10.3,35,36,16.2,26.4,21.6,16.3,13.6,0.232,0.265,0.212,0.259,1,3600.0,174.0,70.0,104.0,202.5,174.0,465.7,125.7,50.6,75.1,202.5,125.7,336.5,22.411736331092666,91.93935173672713,61.372609396499996,308.8931564941406,7.0544315094964265,82.00980765018166
39.050964,-7.0370483,212.0,2019-05-02 19:00:00,24.5,44,11.5,24.0,0.0,0.0,0.0,0.0,1,1008.5,984.3,39,0,22,86,0.09,1.71,6.3,14.5,13,23,10.4,25.2,21.8,16.3,13.6,0.232,0.265,0.212,0.259,1,1235.67,71.0,17.0,54.0,105.4,71.0,204.9,25.4,6.1,19.3,69.9,24.0,73.4,22.446798895148277,91.03375839208191,65.1467907725,315.70715649414063,6.826526647103833,85.95244344818367
39.050964,-7.0370483,212.0,2019-05-02 20:00:00,22.7,43,9.5,21.1,0.0,0.0,0.0,0.0,1,1008.9,984.6,35,0,12,93,0.1,1.57,9.5,23.2,37,43,18.7,23.9,21.9,16.4,13.6,0.232,0.264,0.212,0.259,0,0.0,3.0,0.0,3.0,0.0,3.0,26.8,0.0,0.0,0.0,0.0,0.0,0.0,24.900258324155292,90.71950597235792,68.7182573285,322.19715649414064,7.669492797968114,89.64028268731674
39.050964,-7.0370483,212.0,2019-05-02 21:00:00,21.3,48,9.8,20.0,0.0,0.0,0.0,0.0,1,1009.7,985.2,23,0,2,73,0.05,1.32,8.0,19.8,54,61,18.7,22.8,21.8,16.4,13.6,0.232,0.264,0.212,0.259,0,0.0,0.0,0.0,0.0,0.0,0.0,0.0,0.0,0.0,0.0,0.0,0.0,0.0,21.92423363059936,89.80678557357474,71.7847796965,328.43515649414064,6.240612419008065,92.84024298339115
39.050964,-7.0370483,212.0,2019-05-02 22:00:00,19.7,54,10.0,18.6,0.0,0.0,0.0,0.0,0,1009.8,985.2,5,0,2,14,0.04,1.06,7.1,18.8,45,61,14.8,21.6,21.8,16.4,13.6,0.232,0.264,0.212,0.259,0,0.0,0.0,0.0,0.0,0.0,0.0,0.0,0.0,0.0,0.0,0.0,0.0,0.0,19.04606712513483,88.6205252489846,74.3037087845,334.38515649414063,5.030351436139735,95.5352241829539
39.050964,-7.0370483,212.0,2019-05-02 23:00:00,19.0,54,9.6,18.1,0.0,0.0,0.0,0.0,0,1009.7,985.0,6,0,9,1,0.03,1.0,5.9,13.5,14,61,12.2,20.5,21.6,16.4,13.6,0.232,0.264,0.212,0.259,0,0.0,0.0,0.0,0.0,0.0,0.0,0.0,0.0,0.0,0.0,0.0,0.0,0.0,17.756629111899286,88.24501113209324,76.73786622050001,340.20915649414064,4.486803225046032,98.13640521431789
39.050964,-7.0370483,212.0,2019-05-03 00:00:00,19.4,52,9.3,17.6,0.0,0.0,0.0,0.0,0,1009.7,985.1,1,0,1,0,0.07,1.08,11.0,24.2,349,356,13.0,20.7,21.5,16.5,13.6,0.228,0.262,0.21,0.259,0,0.0,0.0,0.0,0.0,0.0,0.0,0.0,0.0,0.0,0.0,0.0,0.0,0.0,21.813867142094807,88.29378919854787,79.32840366050002,346.10515649414066,5.842307245917025,100.86204997439827
39.050964,-7.0370483,212.0,2019-05-03 01:00:00,18.8,49,7.8,16.4,0.0,0.0,0.0,0.0,0,1009.5,984.8,0,0,0,0,0.08,1.11,12.2,26.0,358,5,24.5,20.1,21.4,16.5,13.6,0.228,0.262,0.21,0.259,0,0.0,0.0,0.0,0.0,0.0,0.0,0.0,0.0,0.0,0.0,0.0,0.0,0.0,23.18802342725202,88.342583369098,82.00029029450002,351.89315649414067,6.250074484071521,103.6295851180847
39.050964,-7.0370483,212.0,2019-05-03 02:00:00,19.0,42,5.8,17.2,0.0,0.0,0.0,0.0,0,1009.6,984.9,0,0,0,0,0.03,1.27,4.7,11.0,94,23,23.8,19.4,21.2,16.5,13.6,0.228,0.262,0.21,0.259,0,0.0,0.0,0.0,0.0,0.0,0.0,0.0,0.0,0.0,0.0,0.0,0.0,0.0,18.349076332576196,88.57531184862938,85.06944532250002,357.7171564941407,4.428514753122612,106.7015866892369
39.050964,-7.0370483,212.0,2019-05-03 03:00:00,15.9,70,10.4,15.5,0.0,0.0,0.0,0.0,0,1009.8,984.9,1,0,1,0,0.0,0.54,3.5,3.4,204,148,7.2,18.5,21.0,16.5,13.6,0.228,0.262,0.21,0.259,0,0.0,0.0,0.0,0.0,0.0,0.0,0.0,0.0,0.0,0.0,0.0,0.0,0.0,13.277650519965281,85.93800128114106,86.41210192250001,362.9831564941407,2.8636195795311066,108.34338860883409
39.050964,-7.0370483,212.0,2019-05-03 04:00:00,15.4,70,10.0,14.7,0.0,0.0,0.0,0.0,0,1009.7,984.7,2,0,3,0,0.01,0.53,4.9,6.3,343,31,6.5,17.7,20.7,16.5,13.6,0.229,0.262,0.21,0.259,0,0.0,0.0,0.0,0.0,0.0,0.0,0.0,0.0,0.0,0.0,0.0,0.0,0.0,12.885959775228812,85.08833231734853,87.71526862250002,368.1591564941407,2.7304335053848114,109.94408439950038
39.050964,-7.0370483,212.0,2019-05-03 05:00:00,15.4,59,7.3,14.0,0.0,0.0,0.0,0.0,0,1009.8,984.8,1,0,2,0,0.01,0.72,4.7,10.7,351,20,8.6,17.1,20.4,16.5,13.6,0.229,0.262,0.21,0.259,0,0.0,0.0,0.0,0.0,0.0,0.0,0.0,0.0,0.0,0.0,0.0,0.0,0.0,12.967603800957026,85.13606820520219,89.49626311250002,373.3351564941407,2.720900369923642,111.91912516267237
39.050964,-7.0370483,212.0,2019-05-03 06:00:00,15.1,60,7.5,13.8,0.0,0.0,0.0,0.0,0,1010.0,985.0,0,0,0,0,0.03,0.68,4.2,10.8,329,2,8.3,16.6,20.1,16.6,13.6,0.229,0.262,0.21,0.259,1,0.0,9.0,2.0,7.0,25.0,9.0,48.8,21.7,4.8,16.9,55.2,9.8,117.8,12.887362633840745,85.1838198530757,91.20222679250001,378.4571564941407,2.6707467524951016,113.82772289787373
39.050964,-7.0370483,212.0,2019-05-03 07:00:00,17.5,48,6.4,16.1,0.0,0.0,0.0,0.0,0,1010.4,985.6,0,0,0,0,0.07,1.04,3.1,9.0,339,2,8.3,17.2,19.9,16.6,13.6,0.229,0.261,0.21,0.259,1,3600.0,126.0,73.0,53.0,394.0,126.0,249.6,192.3,111.4,80.9,394.0,192.3,380.9,14.578368846685553,86.60757252008277,93.74853554450002,384.01115649414066,3.084345060223125,116.43435519107204
39.050964,-7.0370483,212.0,2019-05-03 08:00:00,19.5,42,6.4,18.0,0.0,0.0,0.0,0.0,0,1010.3,985.7,0,0,0,0,0.19,1.31,4.3,6.5,355,357,13.7,18.5,19.7,16.6,13.6,0.228,0.261,0.21,0.259,1,3600.0,320.0,232.0,88.0,614.0,320.0,509.0,398.4,288.8,109.6,614.0,398.4,633.6,18.223492418495386,88.1488737196276,96.89403771250002,389.92515649414065,4.082585184684571,119.5311561334458
39.050964,-7.0370483,212.0,2019-05-03 09:00:00,21.5,42,7.9,20.4,0.0,0.0,0.0,0.0,0,1010.0,985.5,0,0,0,0,0.32,1.49,3.6,5.1,354,352,14.8,20.2,19.6,16.6,13.6,0.228,0.261,0.21,0.259,1,3600.0,521.0,412.0,109.0,740.7,521.0,749.2,597.1,472.2,124.9,740.7,597.1,858.6,19.31840787463132,88.83588542916416,100.34492844050003,396.19915649414065,4.349410067119326,122.88345816639978
39.050964,-7.0370483,212.0,2019-05-03 10:00:00,23.6,39,8.9,23.7,0.0,0.0,0.0,0.0,0,1009.7,985.4,0,0,0,0,0.46,1.77,3.5,4.8,336,333,15.1,22.1,19.7,16.6,13.6,0.227,0.261,0.21,0.259,1,3600.0,702.0,578.0,124.0,816.1,702.0,953.9,765.9,630.6,135.3,816.1,765.9,1040.7,21.364727178560436,89.72283074124881,104.31155726250003,402.85115649414064,4.914975813264276,126.64294361305879
39.050964,-7.0370483,212.0,2019-05-03 11:00:00,25.6,34,8.7,26.2,0.0,0.0,0.0,0.0,0,1009.4,985.3,15,0,0,50,0.58,2.15,5.8,7.9,330,330,19.4,23.9,19.8,16.6,13.7,0.226,0.26,0.21,0.259,1,3600.0,844.0,712.0,132.0,864.6,844.0,1109.1,888.3,749.4,138.9,864.6,888.3,1167.4,26.73357785563611,91.01933483740738,108.95083071450003,409.86315649414064,6.64301637810084,130.9067662708518
39.050964,-7.0370483,212.0,2019-05-03 12:00:00,27.4,27,6.8,27.3,0.0,0.0,0.0,0.0,1,1009.0,985.0,24,0,0,80,0.68,2.65,10.2,13.2,312,313,23.4,25.6,20.0,16.6,13.7,0.226,0.26,0.21,0.259,1,3600.0,930.0,791.0,139.0,884.6,930.0,1204.3,949.9,807.9,142.0,884.6,949.9,1230.1,29.014001846313477,93.7705078125,36.3876953125,271.78912353515625,13.823974609375,54.33984375
39.050964,-7.0370483,212.0,2019-05-03 13:00:00,28.0,25,5.9,27.7,0.0,0.0,0.0,0.0,1,1008.3,984.4,25,0,0,82,0.71,2.86,10.9,14.8,314,315,29.2,26.8,20.3,16.6,13.7,0.225,0.259,0.21,0.259,1,3600.0,954.0,810.0,144.0,884.7,954.0,1233.1,947.4,804.4,143.0,884.7,947.4,1224.5,29.115235282031485,93.8211101235921,42.1334757625,279.23312353515627,12.74371331151194,61.18604958430584
39.050964,-7.0370483,212.0,2019-05-03 14:00:00,28.5,21,4.3,27.4,0.0,0.0,0.0,0.0,1,1007.9,984.0,25,0,0,84,0.7,3.05,12.2,16.5,315,316,31.3,27.7,20.7,16.7,13.7,0.223,0.259,0.21,0.259,1,3600.0,917.0,778.0,139.0,878.0,917.0,1193.4,884.5,750.5,134.1,878.0,884.5,1151.1,34.01331911953628,94.46889636736186,48.2896879065,286.76712353515626,14.882202568838817,67.96657217385182
39.050964,-7.0370483,212.0,2019-05-03 15:00:00,28.5,21,4.3,26.6,0.0,0.0,0.0,0.0,0,1007.4,983.6,0,0,0,0,0.65,3.06,14.0,18.6,312,313,33.5,28.1,21.0,16.7,13.7,0.222,0.259,0.21,0.259,1,3600.0,825.0,692.0,133.0,856.5,825.0,1088.0,769.6,645.5,124.1,856.5,769.6,1015.0,37.928365884850045,94.52738179491402,54.4459000505,294.30112353515625,16.427009947141045,74.45584857472107
39.050964,-7.0370483,212.0,2019-05-03 16:00:00,28.4,22,4.6,25.7,0.0,0.0,0.0,0.0,0,1007.2,983.3,0,0,0,0,0.56,3.01,14.1,19.6,310,311,33.5,28.1,21.4,16.7,13.7,0.221,0.258,0.21,0.259,1,3600.0,678.0,558.0,120.0,813.1,678.0,924.1,605.5,498.3,107.2,813.1,605.5,825.3,39.692892202237374,94.57823398821286,60.5036507105,301.81712353515627,16.626013872003412,80.60911516888308
39.050964,-7.0370483,212.0,2019-05-03 17:00:00,27.8,23,4.9,24.5,0.0,0.0,0.0,0.0,0,1007.1,983.2,1,0,2,0,0.43,2.86,13.5,19.9,314,315,33.5,27.7,21.7,16.7,13.7,0.221,0.258,0.21,0.259,1,3600.0,491.0,386.0,105.0,729.1,491.0,713.0,409.8,322.1,87.6,729.1,409.8,595.0,40.42889698406647,94.62910297038086,66.3621090085,309.2251235351563,16.24419121541569,86.37978763947883
39.050964,-7.0370483,212.0,2019-05-03 18:00:00,26.6,28,6.9,24.7,0.0,0.0,0.0,0.0,0,1007.2,983.2,11,0,18,0,0.24,2.49,7.9,15.3,330,330,31.3,26.9,21.9,16.7,13.7,0.22,0.258,0.21,0.259,1,3600.0,287.0,204.0,83.0,585.9,287.0,468.9,208.1,147.9,60.2,585.9,208.1,339.9,33.43440485053847,94.2667793187276,71.6126861125,316.4171235351563,11.653386988346272,91.47051470531346
39.050964,-7.0370483,212.0,2019-05-03 19:00:00,23.4,51,12.7,23.4,0.0,0.0,0.0,0.0,0,1007.6,983.3,7,0,11,0,0.08,1.41,5.8,11.2,360,6,18.4,25.4,22.1,16.8,13.7,0.22,0.258,0.21,0.259,1,3317.32,94.0,48.0,46.0,295.3,94.0,208.6,34.9,17.8,17.1,204.3,33.2,77.4,21.87729791571561,90.45863550574694,74.7731944425,323.0331235351563,6.132132281286142,94.72872059849988
39.050964,-7.0370483,212.0,2019-05-03 20:00:00,21.1,48,9.8,20.2,0.0,0.0,0.0,0.0,0,1008.6,984.1,2,0,4,0,0.06,1.29,5.5,13.8,23,41,9.4,23.5,22.1,16.8,13.7,0.22,0.258,0.21,0.259,0,0.0,4.0,0.0,4.0,0.0,4.0,28.8,0.0,0.0,0.0,0.0,0.0,0.0,20.448652449083653,89.74660627879832,77.8123371465,329.2351235351563,5.454690153884432,97.82443333996042
39.050964,-7.0370483,212.0,2019-05-03 21:00:00,19.8,43,6.8,18.0,0.0,0.0,0.0,0.0,0,1009.9,985.3,0,0,0,0,0.05,1.32,6.8,16.7,32,53,11.5,21.9,22.1,16.8,13.7,0.22,0.257,0.21,0.259,0,0.0,0.0,0.0,0.0,0.0,0.0,0.0,0.0,0.0,0.0,0.0,0.0,0.0,21.884454375106742,89.79588009740927,80.9486250045,335.2031235351563,5.865261097074727,100.95055683124963
39.050964,-7.0370483,212.0,2019-05-03 22:00:00,18.3,46,6.5,16.3,0.0,0.0,0.0,0.0,0,1010.6,985.9,0,0,0,0,0.05,1.14,7.8,19.9,34,45,15.8,20.9,21.9,16.8,13.7,0.22,0.257,0.21,0.259,0,0.0,0.0,0.0,0.0,0.0,0.0,0.0,0.0,0.0,0.0,0.0,0.0,0.0,22.271287272988996,89.48569290721363,83.7065996205,340.9011235351563,5.8999882638682175,103.73447177347948
39.050964,-7.0370483,212.0,2019-05-03 23:00:00,17.4,45,5.2,14.8,0.0,0.0,0.0,0.0,0,1011.1,986.3,0,0,0,0,0.06,1.1,9.4,21.8,43,59,18.0,20.0,21.7,16.8,13.7,0.22,0.257,0.21,0.259,0,0.0,0.0,0.0,0.0,0.0,0.0,0.0,0.0,0.0,0.0,0.0,0.0,0.0,23.687492603339972,89.41101705989415,86.3853311705,346.4371235351563,6.327210279954734,106.42625043622884
39.050964,-7.0370483,212.0,2019-05-04 00:00:00,16.1,45,4.1,13.4,0.0,0.0,0.0,0.0,0,1011.9,986.9,0,0,0,0,0.06,1.01,9.0,19.7,37,59,18.0,18.9,21.6,16.9,13.7,0.219,0.256,0.21,0.259,0,0.0,0.0,0.0,0.0,0.0,0.0,0.0,0.0,0.0,0.0,0.0,0.0,0.0,23.209303779404244,89.24209450161841,88.87582753049999,351.7391235351563,6.052431896286523,108.93724636911682
39.050964,-7.0370483,212.0,2019-05-04 01:00:00,15.1,49,4.6,12.6,0.0,0.0,0.0,0.0,0,1011.9,986.9,0,0,0,0,0.05,0.87,8.4,19.1,40,68,16.2,18.3,21.3,16.9,13.7,0.219,0.256,0.21,0.259,0,0.0,0.0,0.0,0.0,0.0,0.0,0.0,0.0,0.0,0.0,0.0,0.0,0.0,21.49295797679424,88.6069378223176,91.05093122249998,356.8611235351563,5.360442727656328,111.18282158189804
39.050964,-7.0370483,212.0,2019-05-04 02:00:00,14.6,52,4.7,12.0,0.0,0.0,0.0,0.0,0,1011.9,986.8,0,0,0,0,0.04,0.8,8.9,20.9,43,63,16.9,17.7,21.0,16.9,13.7,0.219,0.256,0.21,0.259,0,0.0,0.0,0.0,0.0,0.0,0.0,0.0,0.0,0.0,0.0,0.0,0.0,0.0,20.724188974310994,87.99452186964811,93.03490379849998,361.8931235351563,5.034933811370336,113.27099394515506
39.050964,-7.0370483,212.0,2019-05-04 03:00:00,14.3,51,4.3,11.6,0.0,0.0,0.0,0.0,0,1012.1,987.0,0,0,0,0,0.04,0.79,8.7,21.8,52,74,16.9,17.2,20.7,16.9,13.7,0.219,0.256,0.21,0.259,0,0.0,0.0,0.0,0.0,0.0,0.0,0.0,0.0,0.0,0.0,0.0,0.0,0.0,20.516640997920703,87.88764229413859,95.02150903449999,366.8711235351563,4.908709974309584,115.35146220214868
39.050964,-7.0370483,212.0,2019-05-04 04:00:00,14.0,50,3.8,11.4,0.0,0.0,0.0,0.0,0,1012.2,987.1,0,0,0,0,0.04,0.8,8.0,21.0,54,78,16.6,16.7,20.4,16.9,13.7,0.219,0.256,0.21,0.259,0,0.0,0.0,0.0,0.0,0.0,0.0,0.0,0.0,0.0,0.0,0.0,0.0,0.0,20.25741655173549,87.93441473677369,97.00916733449999,371.7951235351563,4.770436059267592,117.42300533222173
39.050964,-7.0370483,212.0,2019-05-04 05:00:00,13.6,52,3.8,11.0,0.0,0.0,0.0,0.0,0,1012.5,987.3,0,0,0,0,0.04,0.75,7.5,19.4,55,79,15.5,16.2,20.1,16.9,13.7,0.219,0.256,0.21,0.259,0,0.0,0.0,0.0,0.0,0.0,0.0,0.0,0.0,0.0,0.0,0.0,0.0,0.0,19.520264519824703,87.68336445678612,98.86677223049999,376.64712353515625,4.487526939121917,119.387773098081
39.050964,-7.0370483,212.0,2019-05-04 06:00:00,13.6,52,3.9,11.0,0.0,0.0,0.0,0.0,0,1012.9,987.7,0,0,0,0,0.06,0.75,7.7,19.2,62,82,14.8,15.9,19.8,16.9,13.7,0.219,0.256,0.21,0.259,1,0.0,10.0,3.0,7.0,36.7,10.0,51.1,24.0,7.2,16.8,79.0,11.1,122.5,19.627699754289807,87.59802098889767,100.72437712649999,381.49912353515623,4.477985710847068,121.35054733541097
39.050964,-7.0370483,212.0,2019-05-04 07:00:00,15.7,47,4.4,13.2,0.0,0.0,0.0,0.0,0,1013.4,988.4,0,0,0,0,0.1,0.95,8.0,16.0,72,82,16.9,16.4,19.5,17.0,13.7,0.219,0.256,0.21,0.259,1,3600.0,133.0,78.0,55.0,413.4,133.0,254.0,201.6,118.3,83.4,413.4,201.6,385.1,20.106859326300228,87.64658545133307,103.06849759049999,386.72912353515625,4.577878024196819,123.71063626543909
39.050964,-7.0370483,212.0,2019-05-04 08:00:00,17.8,41,4.3,15.1,0.0,0.0,0.0,0.0,0,1013.5,988.6,0,0,0,0,0.21,1.21,9.0,13.0,85,87,22.3,17.6,19.3,17.0,13.7,0.219,0.256,0.21,0.259,1,3600.0,331.0,242.0,89.0,635.2,331.0,512.9,411.3,300.7,110.6,635.2,411.3,637.3,22.71431071917909,88.39431443890219,106.00417675649999,392.33712353515625,5.358945504053763,126.53693716619887
39.050964,-7.0370483,212.0,2019-05-04 09:00:00,20.2,35,4.2,17.4,0.0,0.0,0.0,0.0,0,1013.5,988.8,0,0,0,0,0.35,1.54,10.1,13.7,86,87,25.6,19.1,19.3,17.0,13.7,0.219,0.255,0.21,0.259,1,3600.0,534.0,425.0,109.0,760.2,534.0,752.6,611.5,486.7,124.8,760.2,611.5,861.8,27.491475469183136,89.81674440646108,109.6490945265,398.3771235351563,6.947104071921615,129.90840142436105
39.050964,-7.0370483,212.0,2019-05-04 10:00:00,22.4,30,3.9,20.5,0.0,0.0,0.0,0.0,0,1013.3,988.8,0,0,0,0,0.48,1.91,9.8,13.4,96,96,27.0,20.9,19.3,17.0,13.7,0.218,0.255,0.209,0.259,1,3600.0,716.0,592.0,124.0,832.9,716.0,956.8,780.8,645.6,135.2,832.9,780.8,1043.4,31.613385875237384,91.25677592704643,113.9798202265,404.81312353515625,8.405847232351523,133.78667410780088
39.050964,-7.0370483,212.0,2019-05-04 11:00:00,24.0,26,3.6,23.3,0.0,0.0,0.0,0.0,0,1013.1,988.8,0,0,0,0,0.58,2.2,7.2,9.8,96,96,26.6,22.8,19.4,17.0,13.7,0.217,0.255,0.209,0.259,1,3600.0,856.0,723.0,133.0,875.5,856.0,1111.7,900.7,760.8,139.9,875.5,900.7,1169.7,32.740390191233104,92.44129667722599,118.8697229105,411.53712353515624,8.719851303607191,138.05140347743605
39.050964,-7.0370483,212.0,2019-05-04 12:00:00,24.9,26,4.0,25.1,0.0,0.0,0.0,0.0,0,1013.1,988.8,0,0,0,0,0.64,2.33,5.8,7.2,94,96,22.7,24.3,19.6,17.0,13.7,0.219,0.255,0.21,0.259,1,3600.0,943.0,804.0,139.0,897.0,943.0,1206.6,963.0,821.1,142.0,897.0,963.0,1232.2,23.611724853515625,93.8212890625,42.04847717285156,279.08599853515625,9.446044921875,60.908203125
39.050964,-7.0370483,212.0,2019-05-04 13:00:00,25.9,24,3.9,26.6,0.0,0.0,0.0,0.0,0,1012.6,988.4,0,0,0,0,0.66,2.53,3.8,4.5,73,76,19.4,25.8,19.8,17.0,13.7,0.218,0.254,0.21,0.259,1,3600.0,966.0,826.0,140.0,900.2,966.0,1235.2,959.3,820.3,139.0,900.2,959.3,1226.6,23.93768972711533,93.87190813903932,47.450695492851565,286.1519985351562,8.973901695580285,67.08905432548276
39.050964,-7.0370483,212.0,2019-05-04 14:00:00,26.6,23,3.6,27.1,0.0,0.0,0.0,0.0,0,1012.4,988.3,0,0,0,0,0.63,2.68,2.9,3.4,30,32,16.6,26.9,20.2,17.0,13.7,0.217,0.254,0.21,0.259,1,3600.0,928.0,790.0,138.0,889.5,928.0,1195.4,895.2,762.1,133.1,889.5,895.2,1153.2,24.35114962678333,93.92254392748427,53.06589600685157,293.34399853515623,8.636475412527279,73.08095215793371
39.050964,-7.0370483,212.0,2019-05-04 15:00:00,27.0,22,3.4,26.8,0.0,0.0,0.0,0.0,0,1012.2,988.1,0,0,0,0,0.57,2.79,3.6,4.3,360,355,15.5,27.6,20.6,17.0,13.7,0.216,0.254,0.21,0.259,1,3600.0,831.0,700.0,131.0,864.3,831.0,1090.2,775.4,653.2,122.2,864.3,775.4,1017.2,26.272621927531418,94.04062059175304,58.836160194851566,300.60799853515624,9.094170961277273,79.01131831739147
39.050964,-7.0370483,212.0,2019-05-04 16:00:00,27.0,21,3.1,25.7,0.0,0.0,0.0,0.0,0,1011.9,987.8,0,0,0,0,0.47,2.81,4.0,4.9,350,343,15.5,27.7,20.9,17.0,13.7,0.215,0.253,0.21,0.259,1,3600.0,683.0,562.0,121.0,816.4,683.0,926.5,610.2,502.1,108.1,816.4,610.2,827.8,28.174425997490182,94.25344696357983,64.68040212885157,307.87199853515625,9.556616375320134,84.8144356932378
39.050964,-7.0370483,212.0,2019-05-04 17:00:00,26.8,22,3.2,24.4,0.0,0.0,0.0,0.0,0,1011.7,987.6,0,0,0,0,0.36,2.76,5.7,7.4,342,337,15.5,27.4,21.2,17.1,13.7,0.215,0.253,0.21,0.259,1,3600.0,499.0,393.0,106.0,739.1,499.0,715.7,416.9,328.3,88.6,739.1,416.9,598.0,30.966007680945594,94.30420871719946,70.40959682085158,315.09999853515626,10.484615639559525,90.3481168923604
39.050964,-7.0370483,212.0,2019-05-04 18:00:00,25.8,27,5.2,23.7,0.0,0.0,0.0,0.0,0,1011.5,987.3,0,0,0,0,0.23,2.43,6.2,11.6,324,324,16.6,26.5,21.5,17.1,13.7,0.214,0.253,0.21,0.259,1,3600.0,295.0,211.0,84.0,601.6,295.0,472.1,214.6,153.5,61.1,601.6,214.6,343.3,32.09556517048541,94.2298741244215,75.57935126285157,322.14799853515626,10.642271776208784,95.27649911152537
39.050964,-7.0370483,212.0,2019-05-04 19:00:00,22.9,34,6.4,20.8,0.0,0.0,0.0,0.0,0,1011.5,987.1,0,0,0,0,0.12,1.84,7.9,19.1,317,317,15.1,25.0,21.7,17.1,13.7,0.214,0.253,0.21,0.259,1,3371.75,104.0,57.0,47.0,347.8,104.0,212.3,39.8,21.8,18.0,250.5,38.3,81.3,30.51226632243957,92.86439852301888,79.74948470285157,328.6739985351563,9.586372813257972,99.27732478527692
39.050964,-7.0370483,212.0,2019-05-04 20:00:00,20.9,39,6.6,18.7,0.0,0.0,0.0,0.0,0,1011.9,987.3,0,0,0,0,0.1,1.49,9.2,22.4,318,318,17.6,23.4,21.7,17.1,13.7,0.214,0.252,0.21,0.259,0,0.0,4.0,1.0,3.0,15.0,4.0,30.8,0.0,0.0,0.0,0.0,0.0,0.0,28.558709623219205,91.54181171078834,83.28251442285158,334.83999853515627,8.49258820000478,102.7032788863976
39.050964,-7.0370483,212.0,2019-05-04 21:00:00,20.0,42,6.8,17.7,0.0,0.0,0.0,0.0,0,1012.7,988.0,0,0,0,0,0.08,1.35,10.5,25.8,344,337,20.9,22.2,21.7,17.1,13.7,0.214,0.252,0.21,0.259,0,0.0,0.0,0.0,0.0,0.0,0.0,0.0,0.0,0.0,0.0,0.0,0.0,0.0,27.799046546058175,90.66064365038737,86.50436373085158,340.8439985351563,7.99836293695809,105.84898035775872
39.050964,-7.0370483,212.0,2019-05-04 22:00:00,18.8,47,7.1,16.6,0.0,0.0,0.0,0.0,0,1013.0,988.2,0,0,0,0,0.07,1.16,9.9,22.9,341,353,20.5,21.1,21.6,17.1,13.7,0.214,0.252,0.21,0.259,0,0.0,0.0,0.0,0.0,0.0,0.0,0.0,0.0,0.0,0.0,0.0,0.0,0.0,24.890441380416927,89.63422145535526,89.28103023285158,346.6319985351563,6.6997872650028825,108.61981124550476
39.050964,-7.0370483,212.0,2019-05-04 23:00:00,18.2,51,7.9,16.1,0.0,0.0,0.0,0.0,0,1013.2,988.4,0,0,0,0,0.06,1.03,10.6,25.4,350,353,23.4,20.4,21.5,17.2,13.7,0.214,0.252,0.21,0.259,0,0.0,0.0,0.0,0.0,0.0,0.0,0.0,0.0,0.0,0.0,0.0,0.0,0.0,23.64168266672514,88.77162861673324,91.77073679485157,352.3119985351563,6.132150495066098,111.15617330350625
39.050964,-7.0370483,212.0,2019-05-05 00:00:00,15.6,67,9.4,14.5,0.0,0.0,0.0,0.0,0,1014.0,988.9,0,0,0,0,0.01,0.59,5.9,3.7,166,169,20.2,18.3,21.3,17.2,13.7,0.213,0.251,0.209,0.259,0,0.0,0.0,0.0,0.0,0.0,0.0,0.0,0.0,0.0,0.0,0.0,0.0,0.0,15.464476590013133,86.29246300744687,93.22159572085157,357.5239985351563,3.396969542438956,112.86894648409886
39.050964,-7.0370483,212.0,2019-05-05 01:00:00,15.4,68,9.6,14.6,0.0,0.0,0.0,0.0,0,1013.6,988.5,0,0,0,0,0.0,0.55,4.3,3.1,246,216,7.6,17.5,21.0,17.2,13.7,0.213,0.251,0.209,0.259,0,0.0,0.0,0.0,0.0,0.0,0.0,0.0,0.0,0.0,0.0,0.0,0.0,0.0,13.384610372161097,85.46671291715127,94.61164020085157,362.6999985351563,2.7915291965383116,114.53262806291858
39.050964,-7.0370483,212.0,2019-05-05 02:00:00,14.3,74,9.7,13.6,0.0,0.0,0.0,0.0,0,1013.6,988.4,0,0,0,0,0.0,0.42,3.9,4.4,304,279,6.1,16.9,20.7,17.2,13.7,0.213,0.251,0.209,0.259,0,0.0,0.0,0.0,0.0,0.0,0.0,0.0,0.0,0.0,0.0,0.0,0.0,0.0,11.675883059349387,84.30527816759265,95.66575726485156,367.6779985351563,2.3334100651184815,115.92530331017764
39.050964,-7.0370483,212.0,2019-05-05 03:00:00,13.4,81,10.2,12.8,0.0,0.0,0.0,0.0,0,1013.8,988.6,0,0,0,0,0.0,0.29,4.6,5.2,309,304,6.5,16.3,20.4,17.2,13.8,0.213,0.251,0.209,0.259,0,0.0,0.0,0.0,0.0,0.0,0.0,0.0,0.0,0.0,0.0,0.0,0.0,0.0,10.193732270655884,82.72292925372805,96.39105509485157,372.49399853515627,1.9655062584638574,117.05541841666363
39.050964,-7.0370483,212.0,2019-05-05 04:00:00,13.1,83,10.2,12.3,0.0,0.0,0.0,0.0,0,1014.1,988.8,0,0,0,0,0.0,0.26,5.4,8.2,270,285,7.6,15.8,20.1,17.2,13.8,0.213,0.251,0.209,0.259,0,0.0,0.0,0.0,0.0,0.0,0.0,0.0,0.0,0.0,0.0,0.0,0.0,0.0,9.658960340333824,81.82875327916649,97.02657921885157,377.25599853515627,1.8330421515324629,118.11078875730554
39.050964,-7.0370483,212.0,2019-05-05 05:00:00,12.6,88,10.6,12.0,0.0,0.0,0.0,0.0,0,1014.3,989.0,0,0,0,0,0.0,0.18,5.1,10.0,266,283,11.2,15.4,19.8,17.2,13.8,0.213,0.251,0.209,0.259,0,0.0,0.0,0.0,0.0,0.0,0.0,0.0,0.0,0.0,0.0,0.0,0.0,0.0,8.296867929045405,80.36851589436783,97.45938852285157,381.9279985351563,1.528882343021287,119.00213959894329
39.050964,-7.0370483,212.0,2019-05-05 06:00:00,12.7,93,11.5,12.6,0.0,0.0,0.0,0.0,0,1014.8,989.5,0,0,0,0,0.01,0.11,4.0,7.7,270,281,8.6,15.1,19.4,17.2,13.8,0.213,0.251,0.209,0.259,1,0.0,11.0,3.0,8.0,35.9,11.0,53.4,26.2,7.1,19.0,75.6,12.4,127.1,6.662712686246374,78.41420470124105,97.71370347885157,386.6179985351563,1.194256091160345,119.75825426328217
39.050964,-7.0370483,212.0,2019-05-05 07:00:00,14.7,80,11.2,15.0,0.0,0.0,0.0,0.0,0,1015.5,990.3,0,0,0,0,0.05,0.34,0.0,1.3,180,326,6.1,15.9,19.2,17.2,13.8,0.213,0.251,0.209,0.259,1,3600.0,132.0,76.0,56.0,395.9,132.0,258.3,198.9,114.5,84.4,395.9,198.9,389.2,5.876885037414997,79.10110078760783,98.54562403885157,391.6679985351563,1.039723249568835,120.98817546702476
39.050964,-7.0370483,212.0,2019-05-05 08:00:00,17.9,66,11.4,18.0,0.0,0.0,0.0,0.0,0,1015.5,990.6,0,0,0,0,0.17,0.7,2.2,2.9,261,270,11.2,17.3,19.0,17.2,13.8,0.213,0.251,0.209,0.259,1,3600.0,325.0,235.0,90.0,612.0,325.0,516.7,403.1,291.5,111.6,612.0,403.1,640.8,8.703369112001253,81.9579106949251,100.24632239885158,397.2939985351563,1.584510318679863,122.94076115435463
39.050964,-7.0370483,212.0,2019-05-05 09:00:00,21.0,54,11.3,21.3,0.0,0.0,0.0,0.0,0,1015.5,990.9,0,0,0,0,0.31,1.15,0.7,1.1,360,360,11.5,19.3,18.9,17.2,13.8,0.213,0.25,0.209,0.259,1,3600.0,525.0,414.0,111.0,737.0,525.0,755.9,600.7,473.7,127.0,737.0,600.7,864.9,11.453412508524421,84.96429768576755,102.92268455485157,403.4779985351563,2.1722439248046475,125.69007165114564
39.050964,-7.0370483,212.0,2019-05-05 10:00:00,23.4,45,10.9,24.6,0.0,0.0,0.0,0.0,0,1015.7,991.3,0,0,0,0,0.45,1.58,1.0,1.5,225,256,11.2,21.4,19.0,17.2,13.8,0.212,0.25,0.209,0.259,1,3600.0,704.0,578.0,126.0,810.4,704.0,959.6,767.4,630.0,137.3,810.4,767.4,1046.0,15.804100407818936,87.67143076615855,106.47019390485157,410.0939985351563,3.228635278636518,129.12836856209296
39.050964,-7.0370483,212.0,2019-05-05 11:00:00,25.4,35,8.8,26.2,0.0,0.0,0.0,0.0,0,1015.7,991.4,0,0,0,0,0.57,2.12,5.0,6.8,270,270,17.6,23.5,19.2,17.3,13.8,0.211,0.25,0.209,0.259,1,3600.0,841.0,706.0,135.0,852.6,841.0,1114.1,884.7,742.7,142.0,852.6,884.7,1172.0,24.699587247239567,90.43561826319225,111.00495075485156,417.0699985351563,5.870501188766952,133.30840599165492
39.050964,-7.0370483,212.0,2019-05-05 12:00:00,26.0,31,7.6,26.1,0.0,0.0,0.0,0.0,0,1015.9,991.7,0,0,0,0,0.65,2.31,9.8,13.0,276,276,25.6,24.9,19.6,17.3,13.8,0.214,0.251,0.21,0.259,1,3600.0,926.0,786.0,140.0,874.9,926.0,1208.8,945.5,802.6,143.0,874.9,945.5,1234.3,28.53585433959961,93.8720703125,47.40625,286.2926025390625,11.602669715881348,66.923828125
39.050964,-7.0370483,212.0,2019-05-05 13:00:00,26.8,27,6.3,26.5,0.0,0.0,0.0,0.0,0,1015.5,991.3,0,0,0,0,0.69,2.56,10.9,14.5,276,276,29.5,26.2,19.9,17.3,13.8,0.213,0.25,0.21,0.259,1,3600.0,951.0,808.0,143.0,878.7,951.0,1237.2,944.4,802.4,142.0,878.7,944.4,1228.6,32.024054219815234,93.92270615448656,52.768188622,293.5206025390625,12.924659317070743,72.8117309886253
39.050964,-7.0370483,212.0,2019-05-05 14:00:00,27.2,26,6.0,26.6,0.0,0.0,0.0,0.0,0,1015.3,991.2,11,0,0,37,0.68,2.68,11.6,15.2,275,275,30.2,27.0,20.2,17.3,13.8,0.212,0.25,0.21,0.259,1,3600.0,920.0,782.0,138.0,878.6,920.0,1197.4,887.6,754.5,133.1,878.6,887.6,1155.3,34.18415001626727,93.97335871391384,58.281505194,300.8206025390625,13.48305113322638,78.52775285293046
39.050964,-7.0370483,212.0,2019-05-05 15:00:00,27.3,26,6.3,26.1,0.0,0.0,0.0,0.0,1,1014.8,990.7,26,0,0,87,0.62,2.68,12.4,16.3,278,278,31.0,27.5,20.6,17.3,13.8,0.211,0.249,0.21,0.259,1,3600.0,821.0,679.0,142.0,836.3,821.0,1092.3,766.2,633.7,132.5,836.3,766.2,1019.4,36.45601261067183,94.02402799630111,63.81430345,308.1386025390625,14.13659934482379,84.09120499205031
39.050964,-7.0370483,212.0,2019-05-05 16:00:00,27.1,28,6.8,25.0,0.0,0.0,0.0,0.0,0,1014.6,990.5,20,0,0,66,0.52,2.6,12.8,17.5,280,279,31.3,27.5,20.9,17.3,13.8,0.211,0.249,0.21,0.259,1,3600.0,659.0,499.0,160.0,722.7,659.0,928.9,589.1,446.1,143.0,722.7,589.1,830.3,38.214400812540724,94.07471400716946,69.159656314,315.4206025390625,14.52604387969962,89.34465896243616
39.050964,-7.0370483,212.0,2019-05-05 17:00:00,26.6,29,7.0,23.9,0.0,0.0,0.0,0.0,1,1014.6,990.4,20,0,0,68,0.4,2.47,13.1,18.6,279,280,31.0,27.1,21.3,17.3,13.8,0.21,0.249,0.21,0.259,1,3600.0,472.0,329.0,143.0,616.1,472.0,718.4,394.8,275.2,119.6,616.1,394.8,600.9,39.18091932464196,93.95760426323412,74.337308736,322.6126025390625,14.509946436933152,94.33326998673495
39.050964,-7.0370483,212.0,2019-05-05 18:00:00,25.5,32,7.4,23.1,0.0,0.0,0.0,0.0,0,1014.6,990.3,9,0,0,30,0.27,2.23,11.9,19.3,284,284,30.2,26.2,21.5,17.3,13.8,0.21,0.249,0.21,0.259,1,3600.0,285.0,189.0,96.0,535.0,285.0,475.2,207.9,137.9,70.0,535.0,207.9,346.7,36.371423899931436,93.3318785708769,79.099264144,329.60660253906246,12.51985410028581,98.87704275019104
39.050964,-7.0370483,212.0,2019-05-05 19:00:00,23.2,39,8.6,21.5,0.0,0.0,0.0,0.0,1,1014.3,989.9,21,0,0,69,0.12,1.72,8.7,20.5,277,280,26.3,25.0,21.7,17.3,13.8,0.209,0.249,0.21,0.259,1,3426.09,103.0,52.0,51.0,314.8,103.0,215.9,40.6,20.5,20.1,235.4,39.5,85.2,29.070850331974107,91.90653979017071,83.00165606200001,336.18660253906245,8.720620130075599,102.64675325657073
39.050964,-7.0370483,212.0,2019-05-05 20:00:00,21.7,45,9.4,19.0,0.0,0.0,0.0,0.0,0,1015.1,990.5,10,0,0,35,0.15,1.42,17.3,32.8,268,271,32.4,23.6,21.7,17.4,13.8,0.209,0.248,0.21,0.259,0,0.0,4.0,0.0,4.0,0.0,4.0,32.7,0.0,0.0,0.0,0.0,0.0,0.0,34.287703064971005,90.4419475543579,86.303011702,342.49660253906245,10.920501343238683,105.89617385125936
39.050964,-7.0370483,212.0,2019-05-05 21:00:00,19.7,63,12.4,17.9,0.0,0.0,0.0,0.0,0,1016.4,991.6,0,0,0,0,0.07,0.85,17.3,31.4,291,292,41.4,22.5,21.7,17.4,13.8,0.209,0.248,0.21,0.259,0,0.0,0.0,0.0,0.0,0.0,0.0,0.0,0.0,0.0,0.0,0.0,0.0,0.0,25.560193735578725,87.32007550459787,88.329106838,348.44660253906244,6.981140813832532,108.13150618940082
39.050964,-7.0370483,212.0,2019-05-05 22:00:00,18.2,67,11.9,16.4,0.0,0.0,0.0,0.0,0,1016.6,991.7,1,0,0,3,0.06,0.7,16.3,30.4,295,296,35.6,21.5,21.7,17.4,13.8,0.209,0.248,0.21,0.259,0,0.0,0.0,0.0,0.0,0.0,0.0,0.0,0.0,0.0,0.0,0.0,0.0,0.0,21.863009632512057,86.026160709215,90.005847992,354.12660253906245,5.525935697852603,110.07147797014272
39.050964,-7.0370483,212.0,2019-05-05 23:00:00,17.0,70,11.5,15.1,0.0,0.0,0.0,0.0,0,1016.8,991.8,0,0,0,0,0.05,0.58,16.1,30.2,290,292,32.8,20.6,21.6,17.4,13.8,0.209,0.248,0.21,0.259,0,0.0,0.0,0.0,0.0,0.0,0.0,0.0,0.0,0.0,0.0,0.0,0.0,0.0,20.110221414594946,85.19155653460842,91.435382372,359.59060253906244,4.869871629542571,111.80032259603635
39.050964,-7.0370483,212.0,2019-05-06 00:00:00,15.5,79,11.9,14.1,0.0,0.0,0.0,0.0,0,1017.9,992.7,2,2,0,0,0.02,0.37,13.3,24.3,272,277,32.4,19.8,21.5,17.4,13.8,0.21,0.249,0.21,0.259,0,0.0,0.0,0.0,0.0,0.0,0.0,0.0,0.0,0.0,0.0,0.0,0.0,0.0,15.167793232765534,83.3625058357348,92.35312764800001,364.78460253906246,3.3072022660248543,113.11345135674482
39.050964,-7.0370483,212.0,2019-05-06 01:00:00,14.2,85,11.8,12.7,0.0,0.0,0.0,0.0,0,1018.3,993.0,4,4,0,0,0.01,0.23,13.8,24.6,277,281,28.1,18.9,21.3,17.4,13.8,0.211,0.249,0.21,0.259,0,0.0,0.0,0.0,0.0,0.0,0.0,0.0,0.0,0.0,0.0,0.0,0.0,0.0,13.030636438394911,81.53631402117962,92.957323118,369.74460253906244,2.703442384669296,114.16145005814892
39.050964,-7.0370483,212.0,2019-05-06 02:00:00,13.2,90,11.5,11.8,0.0,0.0,0.0,0.0,0,1018.3,992.9,14,15,0,0,0.0,0.16,12.8,23.3,280,283,27.4,18.1,21.1,17.5,13.8,0.211,0.249,0.21,0.259,0,0.0,0.0,0.0,0.0,0.0,0.0,0.0,0.0,0.0,0.0,0.0,0.0,0.0,10.613323420392257,79.62598337426206,93.333793498,374.5246025390624,2.0861079186595437,115.01284656939707
39.050964,-7.0370483,212.0,2019-05-06 03:00:00,12.6,91,11.2,11.3,0.0,0.0,0.0,0.0,1,1018.4,993.0,46,35,0,49,0.0,0.13,11.6,20.5,277,281,25.2,17.5,20.8,17.5,13.8,0.211,0.249,0.21,0.259,0,0.0,0.0,0.0,0.0,0.0,0.0,0.0,0.0,0.0,0.0,0.0,0.0,0.0,9.47068750992217,78.79442367917135,93.65840047600001,379.19660253906244,1.8125929061532358,115.80786021976866
39.050964,-7.0370483,212.0,2019-05-06 04:00:00,12.4,92,11.1,11.1,0.0,0.0,0.0,0.0,3,1018.8,993.3,89,73,0,78,0.0,0.12,10.8,19.2,272,275,22.7,16.9,20.5,17.5,13.8,0.211,0.249,0.21,0.259,0,0.0,0.0,0.0,0.0,0.0,0.0,0.0,0.0,0.0,0.0,0.0,0.0,0.0,8.788746691886274,78.22138490537961,93.94272775600001,383.83260253906246,1.6542787206713514,116.56343362643902
39.050964,-7.0370483,212.0,2019-05-06 05:00:00,12.3,91,10.8,11.0,0.0,0.0,0.0,0.0,3,1019.0,993.5,100,93,0,90,0.0,0.13,10.4,18.1,272,275,22.0,16.6,20.2,17.5,13.8,0.211,0.249,0.21,0.259,0,0.0,0.0,0.0,0.0,0.0,0.0,0.0,0.0,0.0,0.0,0.0,0.0,0.0,8.696802930213902,78.26685366817344,94.260226552,388.45060253906246,1.6276520782365886,117.33816125680568
39.050964,-7.0370483,212.0,2019-05-06 06:00:00,12.4,87,10.3,11.2,0.0,0.0,0.0,0.0,3,1019.1,993.6,100,82,0,93,0.02,0.19,9.4,15.1,268,270,20.9,16.4,20.0,17.5,13.8,0.211,0.248,0.21,0.259,1,0.0,9.0,1.0,8.0,11.7,9.0,55.6,21.3,2.4,18.9,24.2,10.3,131.6,8.422439649361598,78.36929019905088,94.722258382,393.0866025390625,1.5615508154541333,118.22355592159218
39.050964,-7.0370483,212.0,2019-05-06 07:00:00,13.1,80,9.8,11.6,0.0,0.0,0.0,0.0,3,1019.5,994.1,91,69,0,95,0.06,0.3,9.4,13.0,263,264,22.3,16.5,19.7,17.5,13.8,0.211,0.248,0.21,0.259,1,1426.92,98.0,21.0,77.0,107.6,98.0,262.6,146.7,31.4,115.3,107.6,146.7,393.1,9.282651317328337,79.51438757158847,95.469933822,397.8486025390625,1.7381586689232866,119.34385300557781
39.050964,-7.0370483,212.0,2019-05-06 08:00:00,14.2,75,9.8,13.1,0.0,0.0,0.0,0.0,2,1019.6,994.3,53,28,0,94,0.13,0.41,7.3,9.5,259,259,22.3,17.1,19.5,17.5,13.8,0.211,0.248,0.21,0.259,1,3600.0,248.0,86.0,162.0,222.3,248.0,520.4,307.0,106.5,200.6,222.3,307.0,644.3,9.607818150524713,80.83692566933617,96.476926272,402.80860253906246,1.798149091586015,120.6884485704082
39.050964,-7.0370483,212.0,2019-05-06 09:00:00,16.1,67,10.0,15.1,0.0,0.0,0.0,0.0,1,1019.5,994.3,36,9,0,93,0.26,0.6,6.7,8.7,254,253,20.9,18.3,19.4,17.5,13.8,0.211,0.248,0.21,0.259,1,3600.0,490.0,313.0,177.0,554.5,490.0,759.1,560.2,357.8,202.4,554.5,560.2,867.8,11.28242995299461,82.64817944092303,97.971224088,408.1106025390625,2.1644266958960445,122.45245978275221
39.050964,-7.0370483,212.0,2019-05-06 10:00:00,18.0,60,10.0,17.4,0.0,0.0,0.0,0.0,1,1019.4,994.4,29,0,0,97,0.37,0.83,7.7,10.3,259,258,23.8,19.7,19.3,17.5,13.8,0.211,0.248,0.21,0.259,1,3600.0,647.0,404.0,243.0,564.5,647.0,962.4,704.9,440.2,264.8,564.5,704.9,1048.6,14.322927267224411,84.48429425965023,99.982576328,413.7546025390625,2.895043243434347,124.65741392536454
39.050964,-7.0370483,212.0,2019-05-06 11:00:00,19.8,53,9.9,19.7,0.0,0.0,0.0,0.0,1,1019.1,994.3,29,0,0,97,0.47,1.08,9.4,12.4,263,262,26.6,21.2,19.4,17.5,13.8,0.21,0.247,0.21,0.259,1,3600.0,784.0,514.0,270.0,619.1,784.0,1116.5,824.6,540.6,284.0,619.1,824.6,1174.3,18.51501005309854,86.24012872114973,102.56863824599999,419.7226025390625,4.022362331339299,127.3408125102022
39.050964,-7.0370483,212.0,2019-05-06 12:00:00,20.8,49,9.7,20.8,0.0,0.0,0.0,0.0,2,1019.4,994.6,74,50,0,97,0.52,1.26,11.2,14.7,255,253,29.2,22.4,19.4,17.5,13.8,0.213,0.25,0.211,0.259,1,3600.0,851.0,549.0,302.0,609.7,851.0,1210.9,868.9,560.5,308.3,609.7,868.9,1236.3,21.07300567626953,90.5,50.26272964477539,292.44232177734375,7.248340129852295,70.181640625
39.050964,-7.0370483,212.0,2019-05-06 13:00:00,21.5,48,9.9,21.1,0.0,0.0,0.0,0.0,1,1018.9,994.2,21,8,0,45,0.51,1.34,12.0,16.2,261,258,31.7,23.3,19.6,17.5,13.8,0.212,0.25,0.211,0.259,1,3600.0,805.0,433.0,372.0,469.9,805.0,1239.1,799.4,430.0,369.4,469.9,799.4,1230.5,22.293703560928893,89.74581862117215,53.35663167677539,298.71632177734375,7.567765800759963,73.77091102089287
39.050964,-7.0370483,212.0,2019-05-06 14:00:00,22.1,46,10.0,22.1,0.0,0.0,0.0,0.0,0,1018.7,994.1,1,1,0,0,0.57,1.43,13.0,17.3,268,266,33.8,24.2,19.8,17.5,13.8,0.212,0.25,0.211,0.259,1,3600.0,898.0,728.0,170.0,816.2,898.0,1199.4,866.5,702.4,164.0,816.2,866.5,1157.3,23.803473694365,89.79509217973767,56.65482812477539,305.09832177734376,8.015298653333787,77.38492757698623
39.050964,-7.0370483,212.0,2019-05-06 15:00:00,22.0,45,9.7,21.5,0.0,0.0,0.0,0.0,0,1018.3,993.7,0,0,0,0,0.52,1.45,13.0,17.3,272,270,34.2,24.6,20.1,17.5,13.8,0.211,0.249,0.211,0.259,1,3600.0,806.0,661.0,145.0,812.2,806.0,1094.4,752.4,617.1,135.4,812.2,752.4,1021.6,24.48204690810884,89.84438200598555,59.99962265477539,311.46232177734373,8.072130241879847,80.993221326721
39.050964,-7.0370483,212.0,2019-05-06 16:00:00,21.9,44,9.2,20.5,0.0,0.0,0.0,0.0,0,1017.9,993.3,0,0,0,0,0.44,1.46,12.3,16.2,275,273,33.5,24.6,20.3,17.5,13.8,0.21,0.249,0.211,0.259,1,3600.0,671.0,545.0,126.0,787.0,671.0,931.2,600.1,487.4,112.7,787.0,600.1,832.8,24.556736712142516,89.8936881052866,63.390488734775396,317.80832177734374,7.847625022814675,84.59659298858033
39.050964,-7.0370483,212.0,2019-05-06 17:00:00,21.3,45,8.9,19.0,0.0,0.0,0.0,0.0,0,1018.0,993.3,0,0,0,0,0.33,1.39,13.1,17.8,279,278,31.3,24.2,20.5,17.5,13.9,0.21,0.249,0.211,0.259,1,3600.0,490.0,380.0,110.0,708.6,490.0,721.1,410.3,318.2,92.1,708.6,410.3,603.8,25.90457645601897,89.94301048301337,66.6339258547754,324.04632177734373,8.228391573341495,88.01919395752257
39.050964,-7.0370483,212.0,2019-05-06 18:00:00,20.3,48,8.9,18.0,0.0,0.0,0.0,0.0,0,1018.2,993.4,0,0,0,0,0.22,1.24,13.6,19.8,282,282,31.3,23.4,20.6,17.6,13.9,0.21,0.248,0.211,0.259,1,3600.0,290.0,203.0,87.0,570.6,290.0,478.3,212.2,148.6,63.7,570.6,212.2,350.1,25.600994744330183,89.47134130247777,69.56354990277539,330.1043217773437,7.886506297651013,91.12153657475972
39.050964,-7.0370483,212.0,2019-05-06 19:00:00,18.9,54,9.3,17.3,0.0,0.0,0.0,0.0,0,1018.3,993.4,2,0,0,5,0.1,1.01,9.8,18.6,278,280,30.6,22.2,20.7,17.6,13.9,0.209,0.248,0.211,0.259,1,3480.28,104.0,55.0,49.0,330.3,104.0,219.5,42.2,22.3,19.9,256.1,41.4,89.1,20.38700106108987,88.41966176520808,71.98559710277539,335.9103217773437,5.599717357134837,93.7464975667851
39.050964,-7.0370483,212.0,2019-05-06 20:00:00,17.2,61,9.6,16.1,0.0,0.0,0.0,0.0,1,1018.6,993.6,20,0,0,68,0.05,0.77,7.0,16.2,258,270,20.5,20.9,20.7,17.6,13.9,0.209,0.248,0.211,0.259,0,0.0,5.0,1.0,4.0,14.4,5.0,34.6,0.0,0.0,0.0,0.0,0.0,0.0,16.17648491319597,87.10132634882017,73.86452654477539,341.4103217773437,4.026944015172782,95.87329917567686
39.050964,-7.0370483,212.0,2019-05-06 21:00:00,16.3,65,9.7,15.0,0.0,0.0,0.0,0.0,1,1019.1,994.0,26,0,0,87,0.02,0.64,8.0,16.6,262,268,14.4,19.7,20.6,17.6,13.9,0.209,0.248,0.211,0.259,0,0.0,0.0,0.0,0.0,0.0,0.0,0.0,0.0,0.0,0.0,0.0,0.0,0.0,15.297819579493241,86.12842867537177,75.46781648477538,346.74832177734373,3.6898765962556563,97.74921803391625
39.050964,-7.0370483,212.0,2019-05-06 22:00:00,15.6,68,9.8,14.2,0.0,0.0,0.0,0.0,0,1019.4,994.2,0,0,0,0,0.02,0.56,9.1,19.2,277,283,16.6,18.8,20.5,17.6,13.9,0.21,0.248,0.211,0.259,0,0.0,0.0,0.0,0.0,0.0,0.0,0.0,0.0,0.0,0.0,0.0,0.0,0.0,14.888145111194717,85.39121197669799,76.87470998877538,351.9603217773437,3.5182974624683854,99.44681438466226
39.050964,-7.0370483,212.0,2019-05-06 23:00:00,14.7,72,9.8,13.2,0.0,0.0,0.0,0.0,0,1019.5,994.2,0,0,0,0,0.02,0.47,9.8,20.2,276,289,19.4,18.1,20.3,17.6,13.9,0.21,0.248,0.211,0.259,0,0.0,0.0,0.0,0.0,0.0,0.0,0.0,0.0,0.0,0.0,0.0,0.0,0.0,14.088152535482276,84.53769479095565,78.03939877277539,357.01032177734373,3.241577793712773,100.92528836004475
39.050964,-7.0370483,212.0,2019-05-07 00:00:00,14.1,77,10.0,12.6,0.0,0.0,0.0,0.0,0,1019.8,994.5,9,0,0,31,0.02,0.38,10.4,20.7,270,277,18.7,17.5,20.2,17.6,13.9,0.211,0.249,0.211,0.259,0,0.0,0.0,0.0,0.0,0.0,0.0,0.0,0.0,0.0,0.0,0.0,0.0,0.0,12.993665657657452,83.47049189977935,78.95977670877538,361.95232177734374,2.898071040878434,102.18855600066001
39.050964,-7.0370483,212.0,2019-05-07 01:00:00,13.4,81,10.2,11.9,0.0,0.0,0.0,0.0,1,1020.0,994.6,27,0,0,91,0.01,0.29,10.8,21.3,274,282,22.0,17.0,20.0,17.6,13.9,0.211,0.249,0.211,0.259,0,0.0,0.0,0.0,0.0,0.0,0.0,0.0,0.0,0.0,0.0,0.0,0.0,0.0,11.917624210106835,82.40348069643834,79.68507453877538,366.7683217773437,2.5810553368164917,103.27541256603982
39.050964,-7.0370483,212.0,2019-05-07 02:00:00,13.0,83,10.2,11.6,0.0,0.0,0.0,0.0,1,1019.4,994.0,21,0,0,70,0.01,0.25,10.1,19.9,266,274,21.2,16.6,19.8,17.6,13.9,0.211,0.249,0.211,0.259,0,0.0,0.0,0.0,0.0,0.0,0.0,0.0,0.0,0.0,0.0,0.0,0.0,0.0,10.851197293488502,81.68952194652779,80.31612314077537,371.5123217773437,2.284605178998314,104.27500360609143
39.050964,-7.0370483,212.0,2019-05-07 03:00:00,12.7,85,10.3,11.2,0.0,0.0,0.0,0.0,1,1019.4,994.0,30,0,0,99,0.0,0.22,10.8,21.4,270,277,21.6,16.2,19.5,17.6,13.9,0.211,0.248,0.211,0.259,0,0.0,0.0,0.0,0.0,0.0,0.0,0.0,0.0,0.0,0.0,0.0,0.0,0.0,10.534459185798717,81.02482035714412,80.86108376077537,376.2023217773437,2.1908123681702496,105.19534131209498
39.050964,-7.0370483,212.0,2019-05-07 04:00:00,12.6,87,10.5,11.4,0.0,0.0,0.0,0.0,1,1018.9,993.5,31,1,0,99,0.0,0.18,9.0,18.2,270,279,21.6,15.9,19.3,17.6,13.9,0.211,0.248,0.211,0.259,0,0.0,0.0,0.0,0.0,0.0,0.0,0.0,0.0,0.0,0.0,0.0,0.0,0.0,9.218996793964788,80.35808791542307,81.32996050677538,380.8743217773437,1.8588112694848766,106.047705393296
39.050964,-7.0370483,212.0,2019-05-07 05:00:00,12.4,90,10.8,11.5,0.0,0.0,0.0,0.0,1,1018.8,993.3,32,4,0,96,0.0,0.14,8.0,15.5,260,274,17.6,15.6,19.1,17.6,13.9,0.211,0.248,0.211,0.259,0,0.0,0.0,0.0,0.0,0.0,0.0,0.0,0.0,0.0,0.0,0.0,0.0,0.0,8.079986507377813,79.31995802569854,81.68536960677538,385.51032177734373,1.5890759892050883,106.79764329040371
39.050964,-7.0370483,212.0,2019-05-07 06:00:00,12.5,92,11.2,11.8,0.0,0.0,0.0,0.0,3,1019.1,993.6,82,59,0,97,0.01,0.12,7.8,14.8,257,267,15.5,15.4,18.8,17.6,13.9,0.212,0.248,0.211,0.259,1,0.0,10.0,1.0,9.0,11.5,10.0,57.8,23.5,2.4,21.2,23.3,11.6,135.9,7.443364030396478,78.38946086735953,81.97180301477538,390.16432177734373,1.443147924026417,107.48716035243983
39.050964,-7.0370483,212.0,2019-05-07 07:00:00,14.3,87,12.2,13.7,0.0,0.0,0.0,0.0,3,1019.1,993.8,100,100,0,97,0.05,0.21,8.6,12.2,270,270,19.4,15.9,18.6,17.6,13.9,0.212,0.248,0.211,0.259,1,0.0,88.0,8.0,80.0,40.3,88.0,266.7,131.0,11.9,119.1,40.3,131.0,397.0,7.8586162114592035,78.55493456851006,82.49886154677537,395.14232177734374,1.5247474286241804,108.41158023477755
39.050964,-7.0370483,212.0,2019-05-07 08:00:00,16.0,80,12.5,15.3,0.0,0.0,0.0,0.0,3,1019.3,994.1,100,97,0,97,0.13,0.37,10.4,14.8,272,273,25.9,16.8,18.5,17.6,13.9,0.212,0.248,0.211,0.259,1,3600.0,233.0,80.0,153.0,205.2,233.0,524.0,288.0,98.9,189.1,205.2,288.0,647.6,9.607678330271549,79.93897673301436,83.39923126677537,400.42632177734373,1.9084277475028553,109.68602151028483
39.050964,-7.0370483,212.0,2019-05-07 09:00:00,17.5,75,12.9,17.1,0.0,0.0,0.0,0.0,3,1019.2,994.2,100,98,0,99,0.21,0.51,9.0,12.2,272,272,26.3,17.9,18.4,17.6,13.9,0.211,0.248,0.211,0.259,1,3437.89,357.0,99.0,258.0,174.6,357.0,762.2,407.8,113.1,294.7,174.6,407.8,870.7,10.506313030340602,81.4627681519996,84.62341816677538,405.9803217773437,2.104391698553258,111.26568500323303
39.050964,-7.0370483,212.0,2019-05-07 10:00:00,19.0,67,12.8,18.5,0.0,0.0,0.0,0.0,3,1019.1,994.2,100,100,1,100,0.25,0.72,9.8,12.8,262,259,24.8,19.0,18.4,17.6,13.9,0.211,0.248,0.211,0.259,1,2378.56,396.0,100.0,296.0,139.3,396.0,965.1,431.3,108.9,322.4,139.3,431.3,1051.1,13.26033543250445,83.37525412923557,86.36966154477538,411.8043217773437,2.777068024830878,113.32097005273789
39.050964,-7.0370483,212.0,2019-05-07 11:00:00,20.4,61,12.5,19.4,0.1,0.1,0.0,0.0,51,1018.9,994.1,100,100,8,94,0.28,0.94,11.7,15.7,261,259,28.4,19.9,18.4,17.6,13.9,0.211,0.248,0.211,0.258,1,795.13,409.0,72.0,337.0,86.5,409.0,1118.8,430.1,75.7,354.4,86.5,430.1,1176.4,17.03577886871495,85.0019643786423,88.57714695477539,417.88032177734374,3.8008559534262636,115.79322414369427
39.050964,-7.0370483,212.0,2019-05-07 12:00:00,19.9,63,12.7,19.2,0.0,0.0,0.0,0.0,3,1018.8,994.0,100,100,29,87,0.26,0.85,10.1,14.2,243,243,29.2,19.9,18.5,17.6,13.9,0.216,0.25,0.213,0.258,1,0.0,372.0,48.0,324.0,53.2,372.0,1212.9,379.8,49.0,330.8,53.2,379.8,1238.2,18.740299224853516,85.61798095703125,52.06402587890625,298.4510498046875,6.0641093254089355,72.38532257080078
39.050964,-7.0370483,212.0,2019-05-07 13:00:00,20.8,59,12.6,20.0,0.1,0.1,0.0,0.0,51,1017.9,993.2,100,100,22,97,0.25,1.0,11.2,15.0,222,224,27.0,20.4,18.6,17.6,13.9,0.216,0.249,0.213,0.258,1,0.0,330.0,24.0,306.0,26.0,330.0,1241.0,327.7,23.8,303.9,26.0,327.7,1232.4,14.585006260785624,85.9016918898907,54.42789129290625,304.5990498046875,4.199638633995427,75.2432883697598
39.050964,-7.0370483,212.0,2019-05-07 14:00:00,21.5,58,12.8,20.7,0.2,0.2,0.0,0.0,51,1017.1,992.5,100,59,58,98,0.28,1.08,11.0,15.1,221,220,27.7,21.0,18.7,17.6,13.9,0.217,0.249,0.213,0.258,1,784.56,373.0,77.0,296.0,86.2,373.0,1201.3,359.9,74.3,285.6,86.2,359.9,1159.2,15.2460656938017,86.18915590095474,56.92681216490625,310.8730498046875,4.3288920672368,78.09973115426976
39.050964,-7.0370483,212.0,2019-05-07 15:00:00,20.9,63,13.5,19.3,0.5,0.5,0.0,0.0,53,1016.9,992.2,100,99,100,82,0.27,0.92,18.3,26.3,260,261,37.4,21.2,18.8,17.6,13.9,0.221,0.249,0.213,0.258,1,3091.3,375.0,133.0,242.0,163.0,375.0,1096.4,350.2,124.2,226.0,163.0,350.2,1023.8,15.248742286447573,83.32341558635554,59.069797404906254,317.0390498046875,4.2332668717560376,80.59774762636526
39.050964,-7.0370483,212.0,2019-05-07 16:00:00,17.8,88,15.8,17.8,0.9,0.9,0.0,0.0,53,1017.2,992.2,100,100,100,99,0.11,0.24,13.3,23.8,272,270,40.3,20.3,18.9,17.6,13.9,0.229,0.249,0.213,0.258,1,0.0,168.0,14.0,154.0,20.2,168.0,933.5,150.3,12.5,137.8,20.2,150.3,835.3,4.577006299661345,66.85874714691063,55.407927868194875,322.6470498046875,1.1043471321428666,77.53030690521605
39.050964,-7.0370483,212.0,2019-05-07 17:00:00,17.9,87,15.7,17.7,0.2,0.2,0.0,0.0,51,1017.2,992.3,100,91,46,100,0.08,0.26,14.4,24.5,270,270,30.6,19.7,18.9,17.6,13.9,0.23,0.249,0.213,0.258,1,0.0,114.0,4.0,110.0,7.4,114.0,723.7,95.6,3.4,92.2,7.4,95.6,606.6,3.1129368555239427,59.5361694719896,50.536894472962814,328.2730498046875,0.8209916961940055,72.98434957054263
39.050964,-7.0370483,212.0,2019-05-07 18:00:00,18.0,85,15.4,17.9,0.0,0.0,0.0,0.0,2,1016.7,991.8,68,10,49,98,0.09,0.32,13.3,22.0,270,269,30.6,19.3,19.0,17.6,13.9,0.231,0.249,0.213,0.258,1,0.0,118.0,7.0,111.0,19.5,118.0,481.4,86.6,5.1,81.5,19.5,86.6,353.4,2.309714792315796,57.74456409081046,46.32945773286462,333.9170498046875,0.685023775460703,68.79606869865229
39.050964,-7.0370483,212.0,2019-05-07 19:00:00,17.3,86,15.0,17.1,0.0,0.0,0.0,0.0,3,1016.6,991.6,92,17,83,90,0.05,0.27,13.0,22.3,270,271,28.8,18.9,18.9,17.6,13.9,0.231,0.249,0.213,0.258,1,0.0,49.0,2.0,47.0,11.9,49.0,223.1,20.4,0.8,19.6,9.6,20.2,92.9,1.5902659569702435,55.72471541879715,42.48623049856641,339.43504980468754,0.5730558600643413,64.72027602914488
39.050964,-7.0370483,212.0,2019-05-07 20:00:00,16.6,88,14.7,16.6,0.0,0.0,0.0,0.0,3,1016.9,991.9,84,12,84,77,0.03,0.22,10.8,20.5,274,273,25.9,18.4,18.9,17.6,13.9,0.231,0.249,0.213,0.258,0,0.0,4.0,0.0,4.0,0.0,4.0,36.5,0.0,0.0,0.0,0.0,0.0,0.0,0.6917387031303671,52.03742441576823,38.8939594052953,344.82704980468753,0.3576749162633748,60.67787253792642
39.050964,-7.0370483,212.0,2019-05-07 21:00:00,16.4,89,14.5,16.3,0.0,0.0,0.0,0.0,1,1017.4,992.3,40,5,12,94,0.0,0.21,11.2,20.9,270,268,22.3,18.0,18.8,17.6,13.9,0.231,0.249,0.213,0.258,0,0.0,0.0,0.0,0.0,0.0,0.0,0.0,0.0,0.0,0.0,0.0,0.0,0.0,0.49225367102907197,49.38075300406513,35.5692399278948,350.1830498046875,0.26721137804500145,56.732272721930634
39.050964,-7.0370483,212.0,2019-05-07 22:00:00,15.8,91,14.2,15.6,0.0,0.0,0.0,0.0,2,1017.5,992.4,54,17,17,96,0.0,0.17,10.2,20.4,252,253,22.3,17.5,18.7,17.6,13.9,0.231,0.249,0.213,0.258,0,0.0,0.0,0.0,0.0,0.0,0.0,0.0,0.0,0.0,0.0,0.0,0.0,0.0,0.257070387818372,45.43330847129635,32.41350497357566,355.4310498046875,0.14695867448801353,52.79127103748632
39.050964,-7.0370483,212.0,2019-05-07 23:00:00,15.5,91,14.0,15.2,0.0,0.0,0.0,0.0,2,1017.1,992.0,76,31,32,97,0.0,0.16,11.0,21.3,238,244,22.3,17.2,18.6,17.6,13.9,0.231,0.249,0.213,0.258,0,0.0,0.0,0.0,0.0,0.0,0.0,0.0,0.0,0.0,0.0,0.0,0.0,0.0,0.18459005311386437,43.42928407114772,29.504865067278605,360.62504980468754,0.11130823114936467,48.98944135024293
39.050964,-7.0370483,212.0,2019-05-08 00:00:00,15.6,92,14.2,15.3,0.0,0.0,0.0,0.0,3,1016.8,991.7,100,73,61,99,0.0,0.15,11.3,20.0,233,240,22.3,18.0,19.0,17.6,13.9,0.221,0.248,0.214,0.258,0,0.0,0.0,0.0,0.0,0.0,0.0,0.0,0.0,0.0,0.0,0.0,0.0,0.0,0.123440866234815,41.33990990724648,26.78947147031747,365.8370498046875,0.07869671596302469,45.28806965084172
39.050964,-7.0370483,212.0,2019-05-08 01:00:00,15.6,91,14.1,15.0,0.3,0.3,0.0,0.0,51,1016.5,991.4,100,70,95,100,0.0,0.16,12.8,22.6,232,239,27.0,17.6,18.9,17.6,13.9,0.224,0.248,0.214,0.258,0,0.0,0.0,0.0,0.0,0.0,0.0,0.0,0.0,0.0,0.0,0.0,0.0,0.0,0.09687056971019727,40.078254341980134,23.22794335529004,371.0490498046875,0.06717748284992765,40.1693150609103
39.050964,-7.0370483,212.0,2019-05-08 02:00:00,15.4,92,14.1,14.8,0.2,0.2,0.0,0.0,51,1015.9,990.8,100,97,90,97,0.0,0.14,13.0,22.2,224,230,35.3,17.3,18.8,17.6,13.9,0.226,0.248,0.214,0.258,0,0.0,0.0,0.0,0.0,0.0,0.0,0.0,0.0,0.0,0.0,0.0,0.0,0.0,0.04834789332882559,37.108527578685774,19.42179618018468,376.2250498046875,0.037314480770217526,34.40356958245893
39.050964,-7.0370483,212.0,2019-05-08 03:00:00,14.9,96,14.2,14.6,0.4,0.4,0.0,0.0,51,1015.4,990.2,100,90,100,96,0.0,0.07,11.4,20.2,215,221,34.6,17.1,18.7,17.6,13.9,0.231,0.248,0.214,0.258,0,0.0,0.0,0.0,0.0,0.0,0.0,0.0,0.0,0.0,0.0,0.0,0.0,0.0,0.003260181640940249,27.44170733597599,15.051416552629878,375.61880930166416,0.0029360864138133795,27.36179750193133
39.050964,-7.0370483,212.0,2019-05-08 04:00:00,15.0,94,14.1,14.4,0.2,0.2,0.0,0.0,51,1015.3,990.2,100,89,96,85,0.0,0.1,13.0,22.1,219,224,25.9,16.8,18.6,17.6,13.9,0.234,0.248,0.214,0.258,0,0.0,0.0,0.0,0.0,0.0,0.0,0.0,0.0,0.0,0.0,0.0,0.0,0.0,0.0015215657318365038,25.3040374403926,11.187253966559153,374.2160361297848,0.0016364522029087734,20.81857087340342
39.050964,-7.0370483,212.0,2019-05-08 05:00:00,15.1,94,14.2,14.8,0.1,0.1,0.0,0.0,51,1014.9,989.8,100,100,85,81,0.0,0.1,11.5,19.6,221,226,27.0,16.7,18.4,17.6,14.0,0.235,0.248,0.214,0.258,0,0.0,0.0,0.0,0.0,0.0,0.0,0.0,0.0,0.0,0.0,0.0,0.0,0.0,0.0006528796386919951,23.58214367169568,7.9443445424475945,372.4443609348872,0.0008564118228386217,15.084307615786155
39.050964,-7.0370483,212.0,2019-05-08 06:00:00,15.3,94,14.4,14.7,0.1,0.1,0.0,0.0,51,1015.0,989.9,100,75,23,79,0.02,0.1,13.5,22.2,224,227,27.0,16.6,18.3,17.6,14.0,0.236,0.248,0.214,0.258,1,0.0,3.0,0.0,3.0,0.0,3.0,59.9,7.0,0.0,7.0,0.0,3.5,140.2,0.0004995681362544967,23.151871514394852,5.312977103104431,370.3315894857862,0.0008167584938104143,10.25803589085132
39.050964,-7.0370483,212.0,2019-05-08 07:00:00,15.8,90,14.2,15.2,0.0,0.0,0.0,0.0,3,1015.5,990.4,100,67,100,91,0.05,0.18,13.2,21.7,225,230,29.2,16.7,18.2,17.6,14.0,0.236,0.248,0.214,0.258,1,731.1,74.0,17.0,57.0,84.4,74.0,270.7,109.6,25.2,84.4,84.4,109.6,400.8,0.002397404531133632,28.833489956504174,3.493062675276007,368.3467762782142,0.004833227897043024,6.824336006097188
39.050964,-7.0370483,212.0,2019-05-08 08:00:00,15.8,89,14.0,14.9,0.1,0.1,0.0,0.0,51,1015.6,990.5,100,40,95,89,0.05,0.2,14.8,25.1,229,232,30.6,16.7,18.1,17.6,14.0,0.237,0.248,0.214,0.258,1,0.0,61.0,0.0,61.0,0.0,61.0,527.5,75.3,0.0,75.3,0.0,75.3,650.9,0.006369408251932397,32.97902721479984,2.1712096299816372,365.99462642725075,0.015808084984548127,4.278958519874444
39.050964,-7.0370483,212.0,2019-05-08 09:00:00,16.8,80,13.4,15.0,0.1,0.1,0.0,0.0,51,1015.9,990.9,100,97,89,83,0.12,0.38,20.1,29.7,234,234,41.8,17.0,18.0,17.6,14.0,0.237,0.248,0.214,0.258,1,0.0,179.0,9.0,170.0,15.8,179.0,765.2,204.3,10.3,194.1,15.8,204.3,873.5,0.10538402116804604,46.619771139769085,1.680628357277602,363.46652120778845,0.2884251552741515,3.322845553293624
39.050964,-7.0370483,212.0,2019-05-08 10:00:00,18.1,73,13.1,16.2,0.1,0.1,0.0,0.0,51,1015.7,990.8,100,100,99,72,0.15,0.56,19.8,30.5,237,237,42.5,17.5,18.0,17.6,14.0,0.238,0.248,0.214,0.258,1,0.0,174.0,11.0,163.0,15.3,174.0,967.6,189.4,12.0,177.5,15.3,189.4,1053.4,0.326081512647575,56.72227587024489,1.75945743213056,360.8248197421565,0.8776517918686512,3.4765340924000023
39.050964,-7.0370483,212.0,2019-05-08 11:00:00,17.7,79,14.0,16.2,0.6,0.6,0.0,0.0,53,1015.9,991.0,100,100,100,54,0.12,0.43,19.0,29.8,245,245,41.4,17.6,17.9,17.6,14.0,0.243,0.248,0.214,0.258,1,0.0,146.0,0.0,146.0,0.0,146.0,1121.0,153.5,0.0,153.5,0.0,153.5,1178.5,0.2142040000339277,53.34683782338644,1.4300014482662442,355.80535496576556,0.6203437558547819,2.8315524805152235
39.050964,-7.0370483,212.0,2019-05-08 12:00:00,18.2,73,13.2,16.3,0.7,0.7,0.0,0.0,53,1015.6,990.7,100,100,100,89,0.13,0.57,19.6,29.8,244,243,39.2,17.8,17.9,17.6,14.0,0.247,0.248,0.214,0.258,1,0.0,109.0,2.0,107.0,2.2,109.0,1214.9,111.3,2.0,109.2,2.2,111.3,1240.1,0.5561169385910034,47.21174621582031,35.85546875,292.9683837890625,0.3122027516365051,54.69804763793945
39.050964,-7.0370483,212.0,2019-05-08 13:00:00,17.9,80,14.4,16.9,0.6,0.6,0.0,0.0,53,1015.7,990.8,100,83,100,100,0.13,0.41,16.1,25.0,246,247,41.8,17.9,17.9,17.6,14.0,0.252,0.248,0.214,0.258,1,0.0,165.0,0.0,165.0,0.0,165.0,1242.9,163.8,0.0,163.8,0.0,163.8,1234.2,0.3112380785867273,46.16511004680975,23.443310019899602,285.6538147016497,0.22069315167271547,38.90449245372084
39.050964,-7.0370483,212.0,2019-05-08 14:00:00,18.3,80,14.8,16.8,0.6,0.6,0.0,0.0,53,1015.6,990.7,100,65,100,92,0.21,0.42,20.9,31.5,255,254,47.5,18.3,17.9,17.6,14.0,0.256,0.248,0.214,0.258,1,0.0,353.0,24.0,329.0,26.8,353.0,1203.1,340.7,23.2,317.5,26.8,340.7,1161.1,0.374960843018306,47.634303266210296,14.946596783198407,277.0289776522135,0.3462917003015099,26.34033137540387
39.050964,-7.0370483,212.0,2019-05-08 15:00:00,17.1,89,15.2,16.2,0.6,0.6,0.0,0.0,53,1015.7,990.7,100,97,99,89,0.09,0.22,17.9,29.3,260,259,46.8,18.0,17.9,17.6,14.0,0.261,0.248,0.214,0.258,1,0.0,123.0,3.0,120.0,3.7,123.0,1098.4,114.9,2.8,112.1,3.7,114.9,1025.9,0.025663268798474508,35.28604153976042,8.902175565722347,267.22902620813113,0.03196881669115834,16.435560412926762
39.050964,-7.0370483,212.0,2019-05-08 16:00:00,16.8,88,14.7,16.3,0.1,0.1,0.0,0.0,51,1015.5,990.5,100,97,99,75,0.07,0.23,14.0,22.0,270,272,36.7,17.7,17.9,17.6,14.0,0.262,0.248,0.214,0.258,1,0.0,90.0,0.0,90.0,0.0,90.0,935.7,80.6,0.0,80.6,0.0,80.6,837.7,0.006660021584434187,31.711120349316722,5.276978213525182,258.96805826446666,0.011015004367945218,10.04237413135733
39.050964,-7.0370483,212.0,2019-05-08 17:00:00,16.9,84,14.1,16.2,0.1,0.1,0.0,0.0,51,1015.4,990.4,100,100,87,77,0.1,0.31,13.7,20.9,265,268,29.9,17.7,17.9,17.6,14.0,0.262,0.248,0.214,0.258,1,0.0,132.0,8.0,124.0,14.8,132.0,726.4,110.8,6.7,104.0,14.8,110.8,609.5,0.015474559907216811,36.256120612523766,3.309952555988551,253.42254566300534,0.03214359664528872,6.4105834910832655
39.050964,-7.0370483,212.0,2019-05-08 18:00:00,16.5,84,13.7,15.6,0.0,0.0,0.0,0.0,3,1015.3,990.3,100,100,92,83,0.07,0.31,13.8,22.8,261,264,30.6,17.6,17.9,17.6,14.0,0.262,0.248,0.214,0.258,1,0.0,72.0,3.0,69.0,8.3,72.0,484.5,53.0,2.2,50.8,8.3,53.0,356.7,0.017723693472111633,37.81310533948601,2.0581301568327905,248.55405138173285,0.04504996373838053,4.032777654064074
39.050964,-7.0370483,212.0,2019-05-08 19:00:00,16.0,84,13.4,15.0,0.1,0.1,0.0,0.0,51,1015.5,990.4,100,100,100,89,0.05,0.29,14.6,23.9,260,264,32.0,17.3,17.8,17.5,14.0,0.263,0.248,0.214,0.258,1,0.0,23.0,1.0,22.0,5.9,23.0,226.7,9.8,0.4,9.4,4.9,9.8,96.7,0.016411332585164,38.10303303065167,1.2447507564903897,243.42147646996898,0.04979341462909489,2.4580776828040696
39.050964,-7.0370483,212.0,2019-05-08 20:00:00,15.5,87,13.4,14.7,0.2,0.2,0.0,0.0,51,1015.9,990.8,100,36,100,90,0.03,0.22,12.8,22.2,259,262,29.9,17.0,17.8,17.5,14.0,0.264,0.248,0.214,0.258,0,0.0,1.0,0.0,1.0,0.0,1.0,38.4,0.0,0.0,0.0,0.0,0.0,0.0,0.004390523766925092,33.49042346769688,0.5875859003316284,237.7451568358813,0.01620252575301245,1.1679553121888633
39.050964,-7.0370483,212.0,2019-05-08 21:00:00,15.3,90,13.6,14.6,0.0,0.0,0.0,0.0,3,1016.5,991.4,87,10,100,60,0.0,0.18,12.6,21.6,265,266,25.9,16.7,17.7,17.5,14.0,0.264,0.248,0.214,0.258,0,0.0,0.0,0.0,0.0,0.0,0.0,0.0,0.0,0.0,0.0,0.0,0.0,0.0,0.0009979881177755738,28.20297660984363,0.43175624000000007,232.1839723843552,0.003907790776442545,0.8595167078308524
39.050964,-7.0370483,212.0,2019-05-08 22:00:00,15.0,91,13.5,14.4,0.0,0.0,0.0,0.0,2,1017.0,991.8,69,6,99,14,0.0,0.16,12.0,20.4,277,278,25.6,16.5,17.6,17.5,14.0,0.264,0.248,0.214,0.258,0,0.0,0.0,0.0,0.0,0.0,0.0,0.0,0.0,0.0,0.0,0.0,0.0,0.0,0.0003189565069360543,24.693386840463035,0.381472434,226.7148464006299,0.0012751989818683175,0.7597489669347754
39.050964,-7.0370483,212.0,2019-05-08 23:00:00,14.6,90,12.9,14.0,0.0,0.0,0.0,0.0,3,1016.8,991.6,82,4,99,62,0.0,0.17,10.1,18.0,270,273,24.5,16.3,17.6,17.5,14.0,0.264,0.248,0.214,0.258,0,0.0,0.0,0.0,0.0,0.0,0.0,0.0,0.0,0.0,0.0,0.0,0.0,0.0,0.00021303245128390374,23.733964176607266,0.4133276199999999,221.31544509464302,0.0008404874302336975,0.8228135338832135
39.050964,-7.0370483,212.0,2019-05-09 00:00:00,14.4,84,11.8,13.6,0.0,0.0,0.0,0.0,2,1016.9,991.7,77,9,98,35,0.0,0.26,9.0,16.2,265,269,20.2,16.5,17.7,17.5,14.0,0.257,0.247,0.214,0.258,0,0.0,0.0,0.0,0.0,0.0,0.0,0.0,0.0,0.0,0.0,0.0,0.0,0.0,0.001082895057796743,28.82909009595498,0.65289968,216.01812188515234,0.003906406838466716,1.2960066362380604
39.050964,-7.0370483,212.0,2019-05-09 01:00:00,14.2,81,11.0,13.4,0.0,0.0,0.0,0.0,2,1016.8,991.5,79,19,100,5,0.0,0.31,7.3,12.6,259,265,18.7,16.2,17.6,17.5,14.0,0.257,0.247,0.214,0.258,0,0.0,0.0,0.0,0.0,0.0,0.0,0.0,0.0,0.0,0.0,0.0,0.0,0.0,0.0021837072015160114,31.577153746734634,0.765314262,210.81851245653394,0.007590435380803905,1.5168622247250434
39.050964,-7.0370483,212.0,2019-05-09 02:00:00,14.0,80,10.6,13.4,0.0,0.0,0.0,0.0,1,1016.3,991.0,37,21,16,29,0.0,0.32,5.5,9.2,247,259,15.5,16.0,17.5,17.5,14.0,0.257,0.247,0.214,0.258,0,0.0,0.0,0.0,0.0,0.0,0.0,0.0,0.0,0.0,0.0,0.0,0.0,0.0,0.0023259041630347248,32.137988632415414,0.7950633199999999,206.5230287661847,0.00800931843828058,1.5749685276820262
39.050964,-7.0370483,212.0,2019-05-09 03:00:00,12.9,87,10.8,12.4,0.0,0.0,0.0,0.0,1,1016.1,990.8,40,5,27,66,0.0,0.19,5.1,11.1,231,245,11.9,15.5,17.4,17.5,14.0,0.257,0.247,0.214,0.258,0,0.0,0.0,0.0,0.0,0.0,0.0,0.0,0.0,0.0,0.0,0.0,0.0,0.0,0.00041356762632477773,26.470525905496874,0.4791441199999999,202.66252980247356,0.001589474844730191,0.9526574480738395
39.050964,-7.0370483,212.0,2019-05-09 04:00:00,12.3,90,10.8,11.9,0.0,0.0,0.0,0.0,1,1016.0,990.6,38,11,22,49,0.0,0.14,4.7,11.2,274,272,10.8,15.1,17.2,17.5,14.0,0.257,0.247,0.214,0.258,0,0.0,0.0,0.0,0.0,0.0,0.0,0.0,0.0,0.0,0.0,0.0,0.0,0.0,8.611732805965152e-05,21.99846522472542,0.35277643999999997,199.83892905750972,0.00034859359754587635,0.7024527734559864
39.050964,-7.0370483,212.0,2019-05-09 05:00:00,11.7,94,10.7,11.3,0.0,0.0,0.0,0.0,1,1016.0,990.6,28,11,1,59,0.0,0.09,4.0,10.1,270,272,9.7,14.6,17.1,17.5,14.0,0.257,0.247,0.214,0.258,0,0.0,0.0,0.0,0.0,0.0,0.0,0.0,0.0,0.0,0.0,0.0,0.0,0.0,7.898853325144034e-06,16.262358787228774,0.202188288,197.488222366789,3.433825064975148e-05,0.4033442172625312
39.050964,-7.0370483,212.0,2019-05-09 06:00:00,12.2,92,10.9,11.9,0.0,0.0,0.0,0.0,2,1016.0,990.6,58,35,2,84,0.01,0.11,4.0,7.9,265,254,7.9,14.3,16.9,17.5,14.0,0.257,0.247,0.214,0.258,1,0.0,13.0,3.0,10.0,33.3,13.0,62.0,30.3,7.0,23.3,65.0,15.5,144.4,8.09762487147007e-06,16.231183492502655,0.280115024,195.53062692183707,3.387258810955769e-05,0.5582307598940022
39.050964,-7.0370483,212.0,2019-05-09 07:00:00,14.1,81,11.0,14.0,0.0,0.0,0.0,0.0,3,1016.4,991.2,100,100,6,65,0.05,0.3,3.1,5.2,306,282,11.2,14.9,16.8,17.5,14.0,0.257,0.247,0.214,0.258,1,3600.0,113.0,44.0,69.0,215.2,113.0,274.6,166.4,64.8,101.6,215.2,166.4,404.5,0.00027852827690390746,25.228950293628966,0.7603122079999999,194.20894537300626,0.0009698794551506447,1.5058858646354127
39.050964,-7.0370483,212.0,2019-05-09 08:00:00,15.0,83,12.0,15.4,0.0,0.0,0.0,0.0,3,1016.5,991.3,100,100,70,42,0.08,0.3,1.3,2.1,236,239,11.2,15.5,16.7,17.5,14.0,0.257,0.247,0.214,0.258,1,1007.72,121.0,37.0,84.0,93.6,121.0,530.9,149.1,45.6,103.5,93.6,149.1,654.0,0.0002678543613559129,25.42908895206836,0.720559042,193.06976573869278,0.0009448043206648516,1.4277963250465668
39.050964,-7.0370483,212.0,2019-05-09 09:00:00,16.2,81,13.0,16.3,0.1,0.1,0.0,0.0,51,1016.6,991.5,100,100,47,65,0.09,0.34,6.0,8.1,197,201,15.1,16.1,16.7,17.4,14.0,0.257,0.247,0.214,0.258,1,0.0,127.0,10.0,117.0,17.5,127.0,768.1,144.9,11.4,133.5,17.5,144.9,876.2,0.003222991531960359,33.25635270413879,0.8653553419999997,192.16420361425145,0.010863300309935486,1.7114432227933987
39.050964,-7.0370483,212.0,2019-05-09 10:00:00,17.7,79,13.9,17.5,0.1,0.1,0.0,0.0,51,1016.5,991.6,100,100,46,33,0.14,0.43,9.9,13.6,199,202,22.7,16.8,16.7,17.4,14.0,0.257,0.247,0.214,0.258,1,0.0,212.0,15.0,197.0,20.8,212.0,970.1,230.7,16.3,214.4,20.8,230.7,1055.7,0.02582615336372746,42.020563493944024,1.039374168,191.54261088582908,0.08279502707208317,2.0509258151662575
39.050964,-7.0370483,212.0,2019-05-09 11:00:00,19.3,73,14.4,19.0,0.1,0.1,0.0,0.0,51,1016.1,991.3,100,100,39,17,0.2,0.6,12.0,16.6,219,221,27.4,17.7,16.7,17.4,14.0,0.257,0.247,0.214,0.258,1,0.0,290.0,18.0,272.0,21.5,290.0,1123.1,304.8,18.9,285.9,21.5,304.8,1180.5,0.13040269083915523,51.96531651365752,1.4500691279999998,191.2185889739489,0.37698903311371906,2.846179626362107
39.050964,-7.0370483,212.0,2019-05-09 12:00:00,18.5,82,15.4,18.1,0.2,0.2,0.0,0.0,51,1016.0,991.1,100,98,59,0,0.12,0.37,15.1,24.5,220,223,33.8,17.7,16.8,17.4,14.0,0.264,0.249,0.216,0.258,1,0.0,160.0,4.0,156.0,4.4,160.0,1216.7,163.3,4.1,159.2,4.4,163.3,1241.9,2.291116237640381,55.89586639404297,28.759780883789062,292.36285400390625,0.8736928105354309,46.12405014038086
39.050964,-7.0370483,212.0,2019-05-09 13:00:00,21.3,65,14.5,19.4,0.1,0.1,0.0,0.0,51,1015.5,990.9,100,100,54,10,0.33,0.88,23.1,32.6,231,232,49.7,18.8,16.9,17.4,14.0,0.264,0.249,0.216,0.258,1,2278.13,500.0,126.0,374.0,135.9,500.0,1244.6,496.5,125.1,371.4,135.9,496.5,1235.9,5.096126582885033,69.06058738548185,24.71417196321904,293.97903043592515,1.9446369539805104,40.844148989751375
39.050964,-7.0370483,212.0,2019-05-09 14:00:00,20.8,69,14.9,19.4,0.1,0.1,0.0,0.0,51,1015.6,990.9,100,78,42,21,0.26,0.76,20.1,29.1,227,228,50.0,19.4,17.0,17.4,14.0,0.264,0.249,0.216,0.258,1,105.65,373.0,57.0,316.0,63.5,373.0,1204.9,360.0,55.0,305.0,63.5,360.0,1162.9,4.388795066886351,70.92864311689044,22.456783363607506,300.1270304359252,1.7755779558895863,37.83594932533269
39.050964,-7.0370483,212.0,2019-05-09 15:00:00,21.7,63,14.5,20.3,0.0,0.0,0.0,0.0,3,1015.0,990.4,100,80,31,33,0.33,0.95,19.5,27.9,236,237,47.2,20.2,17.2,17.4,14.0,0.263,0.249,0.216,0.258,1,3600.0,495.0,204.0,291.0,249.0,495.0,1100.3,462.4,190.6,271.9,249.0,462.4,1027.9,5.550883800266632,76.24467737524564,22.86099814896409,306.4370304359252,2.2064042374078463,38.53497358041404
39.050964,-7.0370483,212.0,2019-05-09 16:00:00,21.0,67,14.6,19.7,0.1,0.1,0.0,0.0,51,1014.7,990.1,100,100,23,64,0.21,0.82,18.8,27.8,238,239,43.6,20.3,17.4,17.4,14.0,0.263,0.249,0.216,0.258,1,3.76,264.0,42.0,222.0,60.1,264.0,938.0,236.5,37.6,198.8,60.1,236.5,840.1,6.5117578019358975,78.24552263839985,24.78099708696409,312.6210304359252,2.4807686011809844,41.364700736656374
39.050964,-7.0370483,212.0,2019-05-09 17:00:00,20.6,69,14.7,19.6,0.1,0.1,0.0,0.0,51,1014.9,990.2,100,95,54,71,0.18,0.75,17.6,25.9,244,245,41.8,20.2,17.6,17.4,14.0,0.264,0.249,0.216,0.258,1,189.35,223.0,36.0,187.0,66.3,223.0,728.9,187.3,30.2,157.1,66.3,187.3,612.3,6.2300357581127965,77.90289153499981,26.55198746896409,318.73303043592523,2.2684390977405853,43.950712905948556
39.050964,-7.0370483,212.0,2019-05-09 18:00:00,19.5,75,15.0,19.0,0.0,0.0,0.0,0.0,3,1014.8,990.0,99,65,33,68,0.11,0.55,14.7,22.9,245,246,37.8,19.8,17.7,17.4,14.1,0.264,0.249,0.216,0.258,1,0.0,110.0,20.0,90.0,55.1,110.0,487.5,81.2,14.8,66.5,55.1,81.2,360.0,4.856091984686518,76.02363823996592,27.90780736896409,324.6470304359252,1.707587308583233,45.94222435411155
39.050964,-7.0370483,212.0,2019-05-09 19:00:00,18.7,79,14.9,18.3,0.0,0.0,0.0,0.0,3,1014.8,990.0,100,99,62,54,0.07,0.46,13.9,22.5,249,250,31.7,19.4,17.8,17.4,14.1,0.263,0.249,0.216,0.258,1,1349.55,68.0,18.0,50.0,105.0,68.0,230.2,29.7,7.9,21.8,90.2,29.7,100.5,4.193312371031922,73.75793651536459,29.00246739696409,330.4170304359252,1.4495905861114868,47.56692678955944
39.050964,-7.0370483,212.0,2019-05-09 20:00:00,17.9,82,14.7,17.6,0.0,0.0,0.0,0.0,3,1015.3,990.4,100,87,42,34,0.04,0.37,12.8,21.9,254,256,29.2,18.8,17.9,17.4,14.1,0.263,0.249,0.216,0.258,0,0.0,3.0,0.0,3.0,0.0,3.0,40.3,0.0,0.0,0.0,0.0,0.0,0.0,3.754817817738863,72.20717307467173,29.90283711696409,336.0430304359252,1.2859922984150887,48.92228329654679
39.050964,-7.0370483,212.0,2019-05-09 21:00:00,17.0,85,14.4,16.7,0.0,0.0,0.0,0.0,1,1016.0,991.0,48,24,37,15,0.01,0.29,11.8,21.8,250,254,26.3,18.3,17.9,17.4,14.1,0.263,0.249,0.216,0.258,0,0.0,0.0,0.0,0.0,0.0,0.0,0.0,0.0,0.0,0.0,0.0,0.0,0.0,3.5517930150055843,71.82738327395981,30.61760430696409,341.5070304359252,1.2057860447810995,50.02320815102457
39.050964,-7.0370483,212.0,2019-05-09 22:00:00,16.0,86,13.7,15.6,0.0,0.0,0.0,0.0,0,1016.2,991.1,5,2,1,8,0.01,0.26,11.1,20.7,245,250,24.5,17.7,17.9,17.3,14.1,0.263,0.249,0.216,0.258,0,0.0,0.0,0.0,0.0,0.0,0.0,0.0,0.0,0.0,0.0,0.0,0.0,0.0,3.3363595534424726,70.90945058951414,31.24786311096409,346.79103043592517,1.1274657502771137,51.005912290590764
39.050964,-7.0370483,212.0,2019-05-09 23:00:00,15.0,90,13.3,14.7,0.0,0.0,0.0,0.0,3,1016.3,991.1,100,99,0,67,0.0,0.18,8.7,17.6,232,244,22.0,17.1,17.9,17.3,14.1,0.263,0.249,0.216,0.258,0,0.0,0.0,0.0,0.0,0.0,0.0,0.0,0.0,0.0,0.0,0.0,0.0,0.0,2.597897411455331,68.21271188962773,31.67172137096409,351.89503043592515,0.9161597330856232,51.70858239649646
39.050964,-7.0370483,212.0,2019-05-10 00:00:00,15.9,87,13.8,15.7,0.0,0.0,0.0,0.0,3,1016.8,991.7,100,100,0,58,0.0,0.23,9.5,16.9,233,243,17.6,17.6,17.8,17.3,14.1,0.262,0.249,0.216,0.258,0,0.0,0.0,0.0,0.0,0.0,0.0,0.0,0.0,0.0,0.0,0.0,0.0,0.0,2.7932964778462175,68.26959259341304,32.25353923096409,357.16103043592517,0.9555935418323904,52.62604873796291
39.050964,-7.0370483,212.0,2019-05-10 01:00:00,16.2,88,14.1,16.0,0.0,0.0,0.0,0.0,3,1016.6,991.5,90,100,0,0,0.0,0.23,10.6,18.7,242,245,21.6,17.4,17.8,17.3,14.1,0.262,0.249,0.216,0.258,0,0.0,0.0,0.0,0.0,0.0,0.0,0.0,0.0,0.0,0.0,0.0,0.0,0.0,3.022717828189263,68.10837687283833,32.800079446964084,362.48103043592516,1.0048223129706733,53.49790190977486
39.050964,-7.0370483,212.0,2019-05-10 02:00:00,16.1,89,14.2,16.3,0.0,0.0,0.0,0.0,3,1016.2,991.1,90,100,0,0,0.0,0.2,7.9,13.9,231,239,22.3,17.2,17.7,17.3,14.1,0.262,0.249,0.216,0.258,0,0.0,0.0,0.0,0.0,0.0,0.0,0.0,0.0,0.0,0.0,0.0,0.0,0.0,2.4476281206430297,67.05908631669702,33.29817871896408,367.7830304359252,0.847060550894028,54.30479757011896
39.050964,-7.0370483,212.0,2019-05-10 03:00:00,16.1,89,14.3,16.3,0.0,0.0,0.0,0.0,3,1016.2,991.1,90,100,0,0,0.0,0.2,7.7,13.3,221,232,16.9,17.1,17.7,17.3,14.1,0.262,0.249,0.216,0.258,0,0.0,0.0,0.0,0.0,0.0,0.0,0.0,0.0,0.0,0.0,0.0,0.0,0.0,2.3696436967506345,66.38708747878093,33.79627799096408,373.0850304359252,0.8191610761294114,55.11168841611961
39.050964,-7.0370483,212.0,2019-05-10 04:00:00,16.0,90,14.3,16.3,0.0,0.0,0.0,0.0,3,1016.1,991.0,83,92,0,0,0.0,0.19,7.0,12.5,215,229,16.2,16.9,17.6,17.3,14.1,0.261,0.249,0.216,0.258,0,0.0,0.0,0.0,0.0,0.0,0.0,0.0,0.0,0.0,0.0,0.0,0.0,0.0,2.1518986764785795,65.31998508902011,34.24646285096408,378.3690304359252,0.7599769916629727,55.854373338202436
39.050964,-7.0370483,212.0,2019-05-10 05:00:00,15.8,91,14.2,16.1,0.0,0.0,0.0,0.0,3,1016.0,990.9,88,98,0,0,0.0,0.17,7.3,13.5,200,214,14.8,16.8,17.6,17.3,14.1,0.261,0.249,0.216,0.258,0,0.0,0.0,0.0,0.0,0.0,0.0,0.0,0.0,0.0,0.0,0.0,0.0,0.0,2.0712701458884673,64.13762153848079,34.64689043696408,383.6170304359252,0.7350356006446376,56.52985523170244
39.050964,-7.0370483,212.0,2019-05-10 06:00:00,15.7,91,14.3,15.9,0.0,0.0,0.0,0.0,2,1016.6,991.5,60,67,0,0,0.02,0.16,8.1,15.0,201,215,16.9,16.7,17.5,17.3,14.1,0.261,0.249,0.216,0.258,1,0.0,7.0,0.0,7.0,0.0,7.0,64.0,16.2,0.0,16.2,0.0,8.5,148.5,2.1380859273345285,63.50135653118188,35.04494862896408,388.8470304359252,0.7438881489362541,57.20161738319031
39.050964,-7.0370483,212.0,2019-05-10 07:00:00,16.6,85,14.0,16.4,0.0,0.0,0.0,0.0,2,1016.8,991.8,53,59,0,0,0.06,0.29,10.2,14.3,225,223,23.0,16.9,17.5,17.3,14.1,0.261,0.249,0.216,0.258,1,658.61,75.0,17.0,58.0,82.0,75.0,278.4,109.9,24.9,85.0,82.0,109.9,408.0,3.0333561143408176,66.94443264104447,35.74391985896408,394.2390304359252,0.9474263344045493,58.278256408308884
39.050964,-7.0370483,212.0,2019-05-10 08:00:00,18.6,72,13.5,18.0,0.1,0.1,0.0,0.0,51,1017.1,992.2,90,100,0,0,0.16,0.59,11.7,15.8,259,258,25.6,17.7,17.5,17.3,14.1,0.261,0.249,0.216,0.258,1,3600.0,247.0,119.0,128.0,299.0,247.0,534.2,303.8,146.4,157.4,299.0,303.8,657.1,4.448768977735824,73.6524033626971,37.19609511496407,399.9910304359252,1.2912518161818962,60.359714951631524
39.050964,-7.0370483,212.0,2019-05-10 09:00:00,19.0,71,13.6,18.2,0.0,0.0,0.0,0.0,3,1017.6,992.7,90,100,0,0,0.17,0.65,13.7,19.4,272,271,31.0,18.2,17.5,17.3,14.1,0.261,0.249,0.216,0.258,1,0.0,233.0,24.0,209.0,41.8,233.0,770.9,265.6,27.4,238.2,41.8,265.6,878.8,6.05515175966446,76.79047384416894,38.73067262896407,405.8150304359252,1.7103538191584604,62.53953349365587
39.050964,-7.0370483,212.0,2019-05-10 10:00:00,20.0,66,13.4,19.4,0.1,0.1,0.0,0.0,51,1017.7,992.9,90,100,0,0,0.2,0.8,11.9,16.2,272,271,31.0,18.8,17.6,17.3,14.1,0.262,0.249,0.216,0.258,1,0.0,267.0,17.0,250.0,23.5,267.0,972.5,290.5,18.5,272.0,23.5,290.5,1057.9,6.791138500004958,78.99655805447354,40.61934291296407,411.81903043592524,1.875166996349388,65.16899520909628
39.050964,-7.0370483,212.0,2019-05-10 11:00:00,21.1,61,13.3,20.4,0.0,0.0,0.0,0.0,3,1017.7,993.0,90,100,0,0,0.28,0.97,11.9,16.6,267,268,29.5,19.7,17.7,17.3,14.1,0.261,0.249,0.216,0.258,1,1063.02,393.0,80.0,313.0,95.4,393.0,1125.2,413.0,84.1,328.9,95.4,413.0,1182.4,8.940880911428522,81.57558641792915,42.89869994096407,418.02103043592524,2.468003555236787,68.27968296033556
39.050964,-7.0370483,212.0,2019-05-10 12:00:00,21.3,61,13.6,20.9,0.0,0.0,0.0,0.0,3,1017.4,992.7,90,100,0,0,0.32,0.97,10.2,13.8,260,261,28.8,20.9,17.8,17.3,14.1,0.262,0.249,0.216,0.258,1,2892.24,469.0,142.0,327.0,156.4,469.0,1218.6,478.7,144.9,333.7,156.4,478.7,1243.7,4.27392578125,72.10133361816406,30.561511993408203,298.4079895019531,1.447509765625,48.5771369934082
39.050964,-7.0370483,212.0,2019-05-10 13:00:00,22.6,56,13.3,21.9,0.1,0.1,0.0,0.0,51,1017.0,992.5,90,100,0,0,0.39,1.22,12.0,16.0,263,262,28.8,21.7,18.0,17.3,14.1,0.262,0.248,0.216,0.258,1,3304.43,557.0,158.0,399.0,170.1,557.0,1246.4,553.1,156.9,396.2,170.1,553.1,1237.6,8.267227656867265,82.38157662875662,33.3068498414082,304.8799895019531,2.734506366507219,52.32341893559611
39.050964,-7.0370483,212.0,2019-05-10 14:00:00,22.9,54,13.1,21.8,0.0,0.0,0.0,0.0,3,1016.9,992.4,90,100,0,0,0.36,1.29,14.3,19.7,280,279,33.5,22.2,18.2,17.3,14.1,0.261,0.248,0.216,0.258,1,2971.72,476.0,143.0,333.0,159.1,476.0,1206.7,459.5,138.0,321.4,159.1,459.5,1164.7,13.751929995672722,85.77168683428098,36.2133064814082,311.4059895019531,4.821122709457888,56.113158284016016
39.050964,-7.0370483,212.0,2019-05-10 15:00:00,23.2,54,13.4,22.2,0.0,0.0,0.0,0.0,3,1016.8,992.3,97,100,11,0,0.37,1.31,14.1,19.6,283,284,34.2,22.6,18.5,17.3,14.1,0.26,0.248,0.216,0.258,1,3600.0,499.0,173.0,326.0,210.7,499.0,1102.2,466.3,161.7,304.6,210.7,466.3,1029.9,16.08700172519642,86.95934977497865,39.156093829408206,317.9859895019531,5.643860443814614,59.87882220992779
39.050964,-7.0370483,212.0,2019-05-10 16:00:00,22.7,57,13.7,22.1,0.0,0.0,0.0,0.0,2,1016.9,992.4,68,74,3,0,0.22,1.18,12.2,18.0,268,270,32.8,22.3,18.7,17.3,14.1,0.26,0.248,0.216,0.258,1,0.0,229.0,33.0,196.0,47.1,229.0,940.1,205.2,29.6,175.6,47.1,205.2,842.4,15.505336747264275,87.00770337989218,41.85035807340821,324.4759895019531,5.163975017218754,63.292364035332724
39.050964,-7.0370483,212.0,2019-05-10 17:00:00,23.4,54,13.7,22.6,0.0,0.0,0.0,0.0,3,1016.6,992.1,92,77,38,0,0.29,1.31,13.4,19.4,278,280,30.2,22.6,18.9,17.3,14.1,0.259,0.248,0.216,0.258,1,3600.0,385.0,177.0,208.0,324.7,385.0,731.5,323.7,148.8,174.9,324.7,323.7,615.0,17.127452140174455,87.22131359281475,44.81736589340821,331.0919895019531,5.655357589893139,66.97127196815228
39.050964,-7.0370483,212.0,2019-05-10 18:00:00,22.1,60,14.0,21.4,0.0,0.0,0.0,0.0,0,1016.6,992.0,8,9,0,0,0.16,1.06,13.6,21.2,292,291,30.6,22.2,19.1,17.3,14.1,0.259,0.248,0.216,0.258,1,1401.02,154.0,39.0,115.0,106.7,154.0,490.5,114.0,28.9,85.2,106.7,114.0,363.2,17.76916542870918,87.26975368517323,47.26047437340821,337.4739895019531,5.7522419940221505,70.0100946674209
39.050964,-7.0370483,212.0,2019-05-10 19:00:00,20.7,64,13.5,20.1,0.0,0.0,0.0,0.0,0,1016.9,992.2,1,1,0,0,0.1,0.89,11.8,21.5,301,301,30.6,21.5,19.2,17.3,14.1,0.258,0.248,0.216,0.258,1,3600.0,104.0,52.0,52.0,298.6,104.0,233.7,46.4,23.2,23.2,266.2,46.4,104.3,16.07172794732739,86.77631725493826,49.326585941408204,343.6039895019531,4.897195482566324,72.59828332590213
39.050964,-7.0370483,212.0,2019-05-10 20:00:00,18.6,68,12.5,17.9,0.0,0.0,0.0,0.0,0,1017.4,992.5,0,0,0,0,0.06,0.69,10.1,21.7,297,299,24.5,20.5,19.3,17.3,14.1,0.258,0.248,0.216,0.258,0,0.0,7.0,1.0,6.0,13.3,7.0,42.2,0.0,0.0,0.0,0.0,0.0,0.0,13.853478602646861,85.86005418599807,50.9862148054082,349.3559895019531,3.950078770209804,74.71281615354872
39.050964,-7.0370483,212.0,2019-05-10 21:00:00,17.1,70,11.6,15.8,0.0,0.0,0.0,0.0,0,1018.6,993.6,6,0,0,19,0.04,0.58,12.1,25.0,300,303,23.8,19.5,19.3,17.3,14.1,0.258,0.248,0.216,0.258,0,0.0,0.0,0.0,0.0,0.0,0.0,0.0,0.0,0.0,0.0,0.0,0.0,0.0,14.129207959080018,85.18805809759559,52.423647165408205,354.83798950195313,3.978975631412727,76.56724552849572
39.050964,-7.0370483,212.0,2019-05-10 22:00:00,15.9,73,11.1,14.5,0.0,0.0,0.0,0.0,0,1019.1,993.9,0,0,0,0,0.03,0.48,11.5,23.4,302,307,24.8,18.6,19.3,17.3,14.1,0.258,0.248,0.216,0.258,0,0.0,0.0,0.0,0.0,0.0,0.0,0.0,0.0,0.0,0.0,0.0,0.0,0.0,12.90695198754628,84.45224396554237,53.632038105408206,360.10398950195315,3.4908375034772257,78.16160609884369
39.050964,-7.0370483,212.0,2019-05-10 23:00:00,14.8,78,11.0,13.6,0.0,0.0,0.0,0.0,0,1019.2,993.9,0,0,0,0,0.02,0.37,10.5,21.1,301,307,22.7,17.8,19.1,17.3,14.1,0.258,0.248,0.216,0.258,0,0.0,0.0,0.0,0.0,0.0,0.0,0.0,0.0,0.0,0.0,0.0,0.0,0.0,11.120194657723802,83.3434253729933,54.55294257340821,365.17198950195314,2.864891831252232,79.43787840402918
39.050964,-7.0370483,212.0,2019-05-11 00:00:00,14.0,84,11.3,13.1,0.0,0.0,0.0,0.0,0,1019.4,994.1,0,0,0,0,0.0,0.25,8.7,17.6,312,319,20.5,18.0,19.2,17.3,14.1,0.256,0.248,0.215,0.258,0,0.0,0.0,0.0,0.0,0.0,0.0,0.0,0.0,0.0,0.0,0.0,0.0,0.0,8.841422228407238,81.8162965509533,55.18899322940821,370.0959895019531,2.161432595868636,80.40343442416713
39.050964,-7.0370483,212.0,2019-05-11 01:00:00,13.5,87,11.4,12.9,0.0,0.0,0.0,0.0,0,1019.6,994.2,0,0,0,0,0.0,0.19,6.9,13.9,313,329,16.2,17.2,19.1,17.3,14.1,0.256,0.248,0.215,0.258,0,0.0,0.0,0.0,0.0,0.0,0.0,0.0,0.0,0.0,0.0,0.0,0.0,0.0,7.313209223658712,80.67235111454615,55.68867209740821,374.9299895019531,1.7303628792149472,81.21865384661734
39.050964,-7.0370483,212.0,2019-05-11 02:00:00,12.7,91,11.4,12.2,0.0,0.0,0.0,0.0,0,1019.5,994.1,0,0,0,0,0.0,0.13,6.6,11.8,292,320,12.2,16.4,18.9,17.3,14.1,0.256,0.248,0.215,0.258,0,0.0,0.0,0.0,0.0,0.0,0.0,0.0,0.0,0.0,0.0,0.0,0.0,0.0,6.258780189079696,79.13163207456931,56.015648469408205,379.6199895019531,1.4541769583551056,81.8408046623533
39.050964,-7.0370483,212.0,2019-05-11 03:00:00,12.1,93,11.1,11.4,0.0,0.0,0.0,0.0,0,1019.4,993.9,0,0,0,0,0.0,0.09,6.8,11.2,288,315,11.5,15.7,18.7,17.3,14.1,0.256,0.248,0.215,0.258,0,0.0,0.0,0.0,0.0,0.0,0.0,0.0,0.0,0.0,0.0,0.0,0.0,0.0,5.7380591520598365,77.95387881554043,56.258906253408206,384.2019895019531,1.321965816284988,82.3656830919351
39.050964,-7.0370483,212.0,2019-05-11 04:00:00,11.4,95,10.6,10.6,0.0,0.0,0.0,0.0,0,1019.4,993.8,0,0,0,0,0.0,0.07,6.8,10.7,295,320,11.9,15.1,18.5,17.3,14.1,0.256,0.248,0.215,0.258,0,0.0,0.0,0.0,0.0,0.0,0.0,0.0,0.0,0.0,0.0,0.0,0.0,0.0,5.263679191613568,76.77185130328368,56.423447503408205,388.6579895019531,1.2064452723090981,82.79681371311823
39.050964,-7.0370483,212.0,2019-05-11 05:00:00,10.9,94,10.1,10.0,0.0,0.0,0.0,0.0,0,1019.8,994.2,4,4,0,0,0.0,0.07,6.5,11.0,304,328,11.5,14.5,18.2,17.3,14.1,0.256,0.248,0.215,0.258,0,0.0,0.0,0.0,0.0,0.0,0.0,0.0,0.0,0.0,0.0,0.0,0.0,0.0,5.209099284385086,76.7809165400915,56.61299902340821,393.0239895019531,1.1891142919034443,83.24757915184716
39.050964,-7.0370483,212.0,2019-05-11 06:00:00,10.9,94,9.9,9.8,0.0,0.0,0.0,0.0,0,1020.3,994.7,13,14,0,0,0.01,0.08,7.4,12.9,309,333,13.7,14.2,18.0,17.3,14.1,0.256,0.248,0.215,0.258,1,0.0,16.0,5.0,11.0,53.7,16.0,65.9,37.0,11.6,25.4,101.7,19.5,152.4,5.472282234569393,76.7832437366387,56.80255054340821,397.3899895019531,1.2444903533283007,83.69639245944819
39.050964,-7.0370483,212.0,2019-05-11 07:00:00,13.3,80,9.9,12.5,0.0,0.0,0.0,0.0,0,1020.9,995.5,0,0,0,0,0.07,0.31,5.5,9.9,328,341,15.8,14.7,17.7,17.3,14.1,0.256,0.248,0.215,0.258,1,3600.0,146.0,84.0,62.0,399.5,146.0,282.1,212.9,122.5,90.4,399.5,212.9,411.4,5.7674702642190185,78.52287880350218,57.56075662340821,402.1879895019531,1.300504119568595,84.78547500504276
39.050964,-7.0370483,212.0,2019-05-11 08:00:00,16.4,65,9.9,15.8,0.0,0.0,0.0,0.0,0,1020.7,995.5,0,0,0,0,0.18,0.65,4.4,6.6,9,9,14.8,16.0,17.6,17.3,14.1,0.255,0.248,0.215,0.258,1,3600.0,342.0,243.0,99.0,606.7,342.0,537.4,420.0,298.5,121.6,606.7,420.0,660.0,7.70196045133569,81.83284233862446,59.17326087340821,407.5439895019531,1.743818458727208,86.82879995750963
39.050964,-7.0370483,212.0,2019-05-11 09:00:00,19.3,56,10.2,18.6,0.0,0.0,0.0,0.0,0,1020.6,995.7,0,0,0,0,0.32,0.99,5.4,7.2,42,37,17.3,17.8,17.5,17.3,14.1,0.255,0.247,0.215,0.258,1,3600.0,550.0,434.0,116.0,752.7,550.0,773.6,626.5,494.4,132.1,752.7,626.5,881.2,11.418962520790863,84.84009017415279,61.536336489408214,413.4219895019531,2.7062477417581112,89.69554598025363
39.050964,-7.0370483,212.0,2019-05-11 10:00:00,21.8,46,9.7,21.9,0.0,0.0,0.0,0.0,0,1020.5,995.8,0,0,0,0,0.46,1.4,6.5,8.6,34,33,20.2,19.8,17.6,17.3,14.1,0.254,0.247,0.215,0.258,1,3600.0,729.0,599.0,130.0,824.4,729.0,974.8,792.8,651.4,141.4,824.4,792.8,1060.0,16.431880019779694,87.54974793623474,64.79188384540821,419.74998950195305,4.18624390009282,93.50181916197256
39.050964,-7.0370483,212.0,2019-05-11 11:00:00,24.1,36,8.2,24.4,0.0,0.0,0.0,0.0,0,1020.3,995.8,0,0,0,0,0.58,1.92,7.6,10.2,25,23,22.7,21.8,17.8,17.3,14.2,0.252,0.247,0.215,0.258,1,3600.0,868.0,727.0,141.0,865.3,868.0,1127.1,912.0,763.8,148.1,865.3,912.0,1184.2,22.896961946373033,90.08911064542332,69.03783789340821,426.49198950195307,6.368558254478527,98.29659220844732
39.050964,-7.0370483,212.0,2019-05-11 12:00:00,26.5,30,7.3,27.0,0.0,0.0,0.0,0.0,0,1019.8,995.5,0,0,0,0,0.67,2.44,8.6,11.3,22,22,24.5,23.6,18.0,17.3,14.2,0.252,0.247,0.215,0.258,1,3600.0,953.0,808.0,145.0,888.3,953.0,1220.3,972.6,824.6,148.0,888.3,972.6,1245.3,19.3408203125,89.08932495117188,35.46484375,305.4200134277344,7.699666500091553,54.927711486816406
39.050964,-7.0370483,212.0,2019-05-11 13:00:00,27.9,23,4.6,27.7,0.0,0.0,0.0,0.0,0,1019.4,995.2,0,0,0,0,0.72,2.91,9.5,12.6,25,24,25.9,25.2,18.4,17.3,14.2,0.25,0.247,0.215,0.258,1,3600.0,978.0,832.0,146.0,894.4,978.0,1248.0,971.2,826.2,145.0,894.4,971.2,1239.3,26.974569795401276,93.44340042582073,41.34357353,312.84601342773436,11.267671383633076,62.152899647599895
39.050964,-7.0370483,212.0,2019-05-11 14:00:00,28.9,19,3.3,28.3,0.0,0.0,0.0,0.0,0,1018.9,994.8,0,0,0,0,0.71,3.21,9.5,12.7,25,25,26.3,26.4,18.8,17.3,14.2,0.248,0.246,0.215,0.258,1,3600.0,944.0,800.0,144.0,888.2,944.0,1208.3,911.3,772.3,139.0,888.2,911.3,1166.5,32.70530707880873,94.90518164804891,47.74093733,320.45201342773436,13.792126692395682,69.57038626575938
39.050964,-7.0370483,212.0,2019-05-11 15:00:00,29.4,18,3.0,28.2,0.0,0.0,0.0,0.0,0,1018.3,994.3,0,0,0,0,0.65,3.35,9.4,12.6,23,24,25.6,27.2,19.3,17.3,14.2,0.247,0.246,0.215,0.258,1,3600.0,851.0,713.0,138.0,866.4,851.0,1104.0,795.4,666.4,129.0,866.4,795.4,1031.9,35.56498737314294,95.33174323710476,54.32521999,328.1480134277344,14.54734470072981,76.84572876870462
39.050964,-7.0370483,212.0,2019-05-11 16:00:00,29.5,19,3.3,27.4,0.0,0.0,0.0,0.0,0,1018.2,994.2,0,0,0,0,0.56,3.35,10.0,14.4,21,22,25.2,27.5,19.8,17.3,14.2,0.246,0.246,0.215,0.258,1,3600.0,705.0,578.0,127.0,822.9,705.0,942.2,632.0,518.2,113.9,822.9,632.0,844.7,37.98694380344819,95.38286099061153,60.850531066,335.8620134277344,15.098794573038631,83.76176298068506
39.050964,-7.0370483,212.0,2019-05-11 17:00:00,29.0,20,3.9,26.1,0.0,0.0,0.0,0.0,0,1018.2,994.1,0,0,0,0,0.43,3.2,10.3,16.3,25,25,25.6,27.3,20.2,17.3,14.2,0.245,0.245,0.215,0.258,1,3600.0,519.0,408.0,111.0,745.7,519.0,734.0,436.8,343.4,93.4,745.7,436.8,617.7,39.942145937017926,95.43399562066229,67.18997634600001,343.4860134277344,15.435998392709017,90.24664316479638
39.050964,-7.0370483,212.0,2019-05-11 18:00:00,27.7,26,6.4,25.7,0.0,0.0,0.0,0.0,0,1017.9,993.7,0,0,0,0,0.26,2.76,7.8,16.3,22,22,25.6,26.6,20.6,17.3,14.2,0.244,0.245,0.215,0.258,1,3600.0,314.0,225.0,89.0,611.6,314.0,493.5,233.2,167.1,66.1,611.6,233.2,366.4,36.16330231659983,94.91981223267871,72.80070133800001,350.8760134277344,12.685265680128083,95.87196709265137
39.050964,-7.0370483,212.0,2019-05-11 19:00:00,24.5,34,7.7,22.7,0.0,0.0,0.0,0.0,0,1018.1,993.7,0,0,0,0,0.13,2.03,8.0,19.5,10,19,18.4,25.2,20.8,17.3,14.2,0.244,0.245,0.215,0.258,1,3600.0,121.0,68.0,53.0,384.7,121.0,237.1,55.1,31.0,24.1,355.2,55.1,107.9,31.770686480982487,93.20529767981829,77.24884367400001,357.6900134277344,10.105842734107103,100.32872842363692
39.050964,-7.0370483,212.0,2019-05-11 20:00:00,21.7,38,6.9,19.6,0.0,0.0,0.0,0.0,0,1018.4,993.7,0,0,0,0,0.1,1.61,9.2,22.4,11,26,18.0,23.5,21.0,17.3,14.2,0.243,0.245,0.215,0.258,0,0.0,8.0,2.0,6.0,26.1,8.0,44.0,0.0,0.0,0.0,0.0,0.0,0.0,29.618642578973834,91.85657674580705,80.97037185000002,364.0000134277344,8.880105703133383,104.06732531283333
39.050964,-7.0370483,212.0,2019-05-11 21:00:00,20.4,41,6.6,18.1,0.0,0.0,0.0,0.0,0,1019.5,994.7,0,0,0,0,0.07,1.42,9.4,24.3,23,40,18.4,22.1,21.0,17.4,14.2,0.243,0.245,0.215,0.258,0,0.0,0.0,0.0,0.0,0.0,0.0,0.0,0.0,0.0,0.0,0.0,0.0,0.0,27.680733500172934,90.93601384215997,84.30990106000002,370.07601342773444,7.8702976906302675,107.4323178996924
39.050964,-7.0370483,212.0,2019-05-11 22:00:00,19.3,43,6.5,17.0,0.0,0.0,0.0,0.0,0,1019.6,994.7,0,0,0,0,0.07,1.27,9.6,24.1,20,38,19.1,21.0,21.0,17.4,14.2,0.243,0.245,0.215,0.258,0,0.0,0.0,0.0,0.0,0.0,0.0,0.0,0.0,0.0,0.0,0.0,0.0,0.0,26.50951738457974,90.29470801362245,87.37115810800002,375.9540134277344,7.254204788781799,110.52670704766001
39.050964,-7.0370483,212.0,2019-05-11 23:00:00,18.7,44,6.3,16.2,0.0,0.0,0.0,0.0,0,1019.5,994.6,0,0,0,0,0.07,1.21,10.6,26.5,18,34,20.2,20.1,20.9,17.4,14.2,0.243,0.245,0.215,0.258,0,0.0,0.0,0.0,0.0,0.0,0.0,0.0,0.0,0.0,0.0,0.0,0.0,0.0,26.743921360499737,89.91420052456938,90.29025151600001,381.7240134277344,7.224567777577039,113.47757834297354
39.050964,-7.0370483,212.0,2019-05-12 00:00:00,19.1,38,4.6,15.9,0.0,0.0,0.0,0.0,0,1019.7,994.8,0,0,0,0,0.1,1.36,13.2,27.9,22,33,22.3,19.4,20.7,17.4,14.2,0.239,0.243,0.213,0.258,0,0.0,0.0,0.0,0.0,0.0,0.0,0.0,0.0,0.0,0.0,0.0,0.0,0.0,29.742426284569362,89.96352967447847,93.5873949,387.5660134277344,8.29430777029895,116.71530223641356
39.050964,-7.0370483,212.0,2019-05-12 01:00:00,17.6,41,4.1,14.6,0.0,0.0,0.0,0.0,0,1019.7,994.7,0,0,0,0,0.08,1.2,10.8,26.6,26,38,24.5,18.9,20.6,17.4,14.2,0.239,0.243,0.213,0.258,0,0.0,0.0,0.0,0.0,0.0,0.0,0.0,0.0,0.0,0.0,0.0,0.0,0.0,27.802531130762343,90.01287511042341,96.492008678,393.1380134277344,7.401647030311693,119.59832306487894
39.050964,-7.0370483,212.0,2019-05-12 02:00:00,17.0,46,5.3,14.5,0.0,0.0,0.0,0.0,0,1020.0,994.9,0,0,0,0,0.05,1.04,8.7,22.8,48,59,21.2,18.4,20.4,17.4,14.2,0.239,0.243,0.213,0.258,0,0.0,0.0,0.0,0.0,0.0,0.0,0.0,0.0,0.0,0.0,0.0,0.0,0.0,24.5404008936555,89.40367393349835,99.065170562,398.6020134277344,6.101488171329208,122.20244055571159
39.050964,-7.0370483,212.0,2019-05-12 03:00:00,16.3,54,7.0,14.3,0.0,0.0,0.0,0.0,0,1020.4,995.2,0,0,0,0,0.04,0.86,8.7,21.5,42,67,16.9,17.9,20.2,17.4,14.2,0.239,0.243,0.213,0.258,0,0.0,0.0,0.0,0.0,0.0,0.0,0.0,0.0,0.0,0.0,0.0,0.0,0.0,21.77880533729305,88.15315641188384,101.17235162600001,403.9400134277344,5.099081643638903,124.4310306374976
39.050964,-7.0370483,212.0,2019-05-12 04:00:00,16.2,55,7.1,13.9,0.0,0.0,0.0,0.0,0,1020.8,995.6,0,0,0,0,0.05,0.83,10.7,24.7,45,67,20.5,17.5,20.0,17.4,14.2,0.239,0.243,0.213,0.258,0,0.0,0.0,0.0,0.0,0.0,0.0,0.0,0.0,0.0,0.0,0.0,0.0,0.0,22.39285354721318,87.6539717806193,103.22187743600001,409.2600134277344,5.250614337489789,126.61068758483287
39.050964,-7.0370483,212.0,2019-05-12 05:00:00,15.8,51,5.8,13.3,0.0,0.0,0.0,0.0,0,1021.2,996.0,0,0,0,1,0.05,0.87,10.0,23.7,49,68,20.9,17.1,19.8,17.4,14.2,0.239,0.242,0.213,0.258,0,0.0,0.0,0.0,0.0,0.0,0.0,0.0,0.0,0.0,0.0,0.0,0.0,0.0,22.099151516805637,87.7025547152279,105.40198318200001,414.5080134277344,5.103988795785937,128.8764920559361
39.050964,-7.0370483,212.0,2019-05-12 06:00:00,15.9,48,4.9,13.2,0.0,0.0,0.0,0.0,0,1021.4,996.2,2,0,0,5,0.08,0.94,10.2,22.9,42,64,20.2,16.9,19.6,17.4,14.2,0.238,0.242,0.213,0.258,1,23.79,18.0,6.0,12.0,63.5,18.0,67.8,41.5,13.8,27.6,118.6,22.2,156.2,22.524184217626782,87.75115368950914,107.72925462200001,419.7740134277344,5.191667177310921,131.24982907675155
39.050964,-7.0370483,212.0,2019-05-12 07:00:00,18.4,43,5.4,15.9,0.0,0.0,0.0,0.0,0,1021.7,996.7,0,0,0,0,0.13,1.21,9.4,20.6,50,65,20.5,17.5,19.4,17.5,14.2,0.238,0.242,0.213,0.258,1,3600.0,152.0,91.0,61.0,427.2,152.0,285.7,220.7,132.1,88.6,427.2,220.7,414.8,23.153784505270416,88.22602376855885,110.65545621200002,425.4900134277344,5.33763331514876,134.11442841451156
39.050964,-7.0370483,212.0,2019-05-12 08:00:00,21.0,34,4.5,17.9,0.0,0.0,0.0,0.0,0,1021.6,996.8,0,0,0,0,0.27,1.65,12.1,18.0,67,70,27.0,18.8,19.3,17.5,14.2,0.238,0.242,0.213,0.258,1,3600.0,349.0,255.0,94.0,632.7,349.0,540.5,428.0,312.7,115.3,632.7,428.0,662.9,30.867972907691005,90.09501364533169,114.49545408800002,431.67401342773445,7.996255779248447,137.6900442651195
39.050964,-7.0370483,212.0,2019-05-12 09:00:00,23.4,28,3.9,19.9,0.0,0.0,0.0,0.0,0,1021.6,997.0,0,0,0,0,0.42,2.07,14.3,20.5,78,80,33.1,20.4,19.3,17.5,14.2,0.237,0.242,0.213,0.258,1,3600.0,549.0,435.0,114.0,751.5,549.0,776.2,625.0,495.2,129.8,751.5,625.0,883.6,39.5805387098467,91.86025786312051,119.13946632800001,438.29001342773444,11.488236474040471,141.869024869156
39.050964,-7.0370483,212.0,2019-05-12 10:00:00,25.7,25,4.3,23.1,0.0,0.0,0.0,0.0,0,1021.3,996.9,0,0,0,0,0.55,2.48,14.9,21.1,82,82,35.3,22.3,19.4,17.5,14.2,0.236,0.242,0.213,0.258,1,3600.0,726.0,597.0,129.0,819.5,726.0,977.0,789.2,649.0,140.2,819.5,789.2,1062.0,45.27119508360535,93.02934099309901,124.431112928,445.3200134277344,13.959890927425453,146.5146122620516
39.050964,-7.0370483,212.0,2019-05-12 11:00:00,27.8,24,5.3,26.0,0.0,0.0,0.0,0.0,0,1020.7,996.5,0,0,0,0,0.67,2.84,15.2,20.9,86,86,36.4,24.1,19.6,17.5,14.2,0.235,0.242,0.213,0.258,1,3600.0,862.0,723.0,139.0,858.8,862.0,1129.0,905.5,759.5,146.0,858.8,905.5,1185.9,48.83734387396914,93.67939367664083,130.21348735200002,452.7280134277344,15.51833130806602,151.4947762199157
39.050964,-7.0370483,212.0,2019-05-12 12:00:00,29.5,24,7.1,28.8,0.0,0.0,0.0,0.0,0,1020.3,996.2,0,0,0,0,0.74,3.12,14.5,19.6,83,83,36.0,25.9,19.9,17.5,14.2,0.234,0.241,0.213,0.258,1,3600.0,946.0,801.0,145.0,879.0,946.0,1222.0,965.3,817.4,148.0,879.0,965.3,1246.9,33.039302825927734,93.68633270263672,41.820255279541016,313.5709228515625,15.120638847351074,62.787681579589844
39.050964,-7.0370483,212.0,2019-05-12 13:00:00,30.5,23,6.7,30.0,0.0,0.0,0.0,0.0,0,1019.5,995.5,0,0,0,0,0.77,3.37,13.4,18.5,82,82,35.3,27.3,20.2,17.5,14.2,0.232,0.241,0.213,0.258,1,3600.0,970.0,823.0,147.0,883.2,970.0,1249.6,963.2,817.3,146.0,883.2,963.2,1240.9,35.595757351185505,94.36203880655633,48.226043591541014,321.4649228515625,15.578562174853571,70.14447103692967
39.050964,-7.0370483,212.0,2019-05-12 14:00:00,31.2,21,6.1,30.5,0.0,0.0,0.0,0.0,0,1019.0,995.1,6,0,0,19,0.75,3.59,12.5,16.9,78,79,33.8,28.5,20.6,17.5,14.2,0.231,0.241,0.213,0.258,1,3600.0,934.0,790.0,144.0,875.5,934.0,1210.0,901.7,762.7,139.0,875.5,901.7,1168.2,38.18867775990392,94.93474839424353,54.94380211354101,329.4849228515625,16.10809465067916,77.55540522505923
39.050964,-7.0370483,212.0,2019-05-12 15:00:00,31.5,20,5.9,30.2,0.0,0.0,0.0,0.0,0,1018.2,994.3,0,0,0,0,0.69,3.69,12.3,16.7,69,71,31.3,29.2,21.1,17.5,14.2,0.23,0.24,0.213,0.258,1,3600.0,840.0,703.0,137.0,852.4,840.0,1105.8,785.3,657.2,128.1,852.4,785.3,1033.8,40.646495806868415,95.23088737278896,61.80977939354101,337.5589228515625,16.606101974494987,84.80043736147603
39.050964,-7.0370483,212.0,2019-05-12 16:00:00,31.5,20,5.7,29.4,0.0,0.0,0.0,0.0,0,1017.6,993.7,0,0,0,0,0.59,3.7,12.2,17.6,62,62,29.9,29.5,21.5,17.5,14.2,0.228,0.24,0.213,0.258,1,3600.0,697.0,571.0,126.0,810.8,697.0,944.3,625.1,512.1,113.0,810.8,625.1,847.0,42.250478791989885,95.2819718286973,68.675756673541,345.6329228515625,16.63830500317613,91.76717045130945
39.050964,-7.0370483,212.0,2019-05-12 17:00:00,30.9,20,5.1,28.0,0.0,0.0,0.0,0.0,0,1017.5,993.6,0,0,0,0,0.46,3.59,12.0,18.8,57,58,29.5,29.3,21.9,17.5,14.2,0.227,0.24,0.213,0.258,1,3600.0,515.0,405.0,110.0,737.4,515.0,736.4,433.9,341.2,92.7,737.4,433.9,620.4,43.53445390658044,95.3330731501564,75.415366273541,353.5989228515625,16.586745886956628,98.37651969451335
39.050964,-7.0370483,212.0,2019-05-12 18:00:00,29.5,21,5.1,26.8,0.0,0.0,0.0,0.0,0,1017.3,993.3,0,0,0,0,0.3,3.25,10.2,20.1,45,47,28.4,28.6,22.3,17.6,14.2,0.227,0.24,0.213,0.258,1,3600.0,314.0,225.0,89.0,607.7,314.0,496.4,233.8,167.5,66.3,607.7,233.8,369.6,42.372710492787874,95.38419134273441,81.779558557541,361.3129228515625,15.254496511764003,104.45388969989285
39.050964,-7.0370483,212.0,2019-05-12 19:00:00,26.2,27,5.6,23.8,0.0,0.0,0.0,0.0,0,1017.4,993.1,0,0,0,0,0.16,2.5,8.8,22.7,35,43,23.4,27.2,22.5,17.6,14.2,0.226,0.24,0.213,0.258,1,3600.0,123.0,69.0,54.0,384.6,123.0,240.5,57.1,32.0,25.1,367.3,57.1,111.6,38.44643990211927,94.57406531424357,87.026186671541,368.4329228515625,12.72193507095756,109.43140081226237
39.050964,-7.0370483,212.0,2019-05-12 20:00:00,23.7,26,3.1,20.5,0.0,0.0,0.0,0.0,0,1017.7,993.2,0,0,0,0,0.15,2.17,11.0,26.7,32,43,20.9,25.5,22.6,17.6,14.2,0.226,0.24,0.213,0.258,0,0.0,8.0,2.0,6.0,25.6,8.0,45.8,0.0,0.0,0.0,0.0,0.0,0.0,40.622225664762716,94.19807636981493,91.857644303541,375.10292285156254,13.49487731665229,113.95201282364422
39.050964,-7.0370483,212.0,2019-05-12 21:00:00,22.2,27,2.1,18.7,0.0,0.0,0.0,0.0,0,1018.3,993.7,0,0,0,0,0.12,1.96,11.6,27.9,26,39,23.4,24.1,22.7,17.6,14.2,0.226,0.24,0.213,0.258,0,0.0,0.0,0.0,0.0,0.0,0.0,0.0,0.0,0.0,0.0,0.0,0.0,0.0,40.43168520170327,93.7676140251952,96.33553569754099,381.5029228515625,13.103518652099533,118.10966475827861
39.050964,-7.0370483,212.0,2019-05-12 22:00:00,21.0,30,2.5,17.7,0.0,0.0,0.0,0.0,0,1018.5,993.8,0,0,0,0,0.11,1.75,10.8,27.0,21,37,23.4,23.0,22.6,17.6,14.2,0.226,0.24,0.213,0.258,0,0.0,0.0,0.0,0.0,0.0,0.0,0.0,0.0,0.0,0.0,0.0,0.0,0.0,37.4534695529585,93.07723133913524,100.408260717541,387.68692285156254,11.430595628860932,121.89293245213695
39.050964,-7.0370483,212.0,2019-05-12 23:00:00,19.9,34,3.5,16.8,0.0,0.0,0.0,0.0,0,1018.3,993.5,0,0,0,0,0.09,1.54,10.2,25.1,18,35,21.2,22.0,22.5,17.7,14.2,0.225,0.24,0.213,0.258,0,0.0,0.0,0.0,0.0,0.0,0.0,0.0,0.0,0.0,0.0,0.0,0.0,0.0,34.18528429659117,92.19183613144416,104.057127477541,393.67292285156253,9.792320601580172,125.30892395094085
39.050964,-7.0370483,212.0,2019-05-13 00:00:00,19.3,36,3.8,16.1,0.0,0.0,0.0,0.0,0,1018.3,993.5,0,0,0,0,0.1,1.44,12.3,25.7,21,37,19.4,21.3,22.4,17.7,14.2,0.22,0.237,0.211,0.258,0,0.0,0.0,0.0,0.0,0.0,0.0,0.0,0.0,0.0,0.0,0.0,0.0,0.0,34.91835865465849,91.57125757399164,107.494328373541,399.5509228515625,9.970011142228888,128.53601691895344
39.050964,-7.0370483,212.0,2019-05-13 01:00:00,17.9,40,4.1,15.0,0.0,0.0,0.0,0.0,0,1018.1,993.1,0,0,0,0,0.07,1.24,10.0,24.9,26,39,22.0,20.4,22.2,17.7,14.2,0.22,0.237,0.211,0.258,0,0.0,0.0,0.0,0.0,0.0,0.0,0.0,0.0,0.0,0.0,0.0,0.0,0.0,30.047012723295275,90.72197278209266,110.495560773541,405.1769228515625,7.8679504331655945,131.40361486931943
39.050964,-7.0370483,212.0,2019-05-13 02:00:00,16.9,43,4.4,14.3,0.0,0.0,0.0,0.0,0,1018.2,993.2,0,0,0,0,0.06,1.09,8.8,23.0,35,40,19.1,19.6,22.0,17.7,14.2,0.22,0.237,0.211,0.258,0,0.0,0.0,0.0,0.0,0.0,0.0,0.0,0.0,0.0,0.0,0.0,0.0,0.0,27.026590440045783,89.98636043367041,113.196669933541,410.6229228515625,6.666695442068708,134.02586283587837
39.050964,-7.0370483,212.0,2019-05-13 03:00:00,16.2,48,5.2,13.6,0.0,0.0,0.0,0.0,0,1018.2,993.1,0,0,0,0,0.05,0.95,9.2,23.2,31,42,16.6,18.8,21.8,17.7,14.2,0.22,0.237,0.211,0.258,0,0.0,0.0,0.0,0.0,0.0,0.0,0.0,0.0,0.0,0.0,0.0,0.0,0.0,25.151752029102745,89.05976849480845,115.565010869541,415.9429228515625,5.955800031615934,136.39235789044767
39.050964,-7.0370483,212.0,2019-05-13 04:00:00,15.7,50,5.4,13.2,0.0,0.0,0.0,0.0,0,1018.2,993.0,0,0,0,0,0.05,0.89,9.3,23.2,28,42,17.6,18.2,21.5,17.7,14.2,0.22,0.237,0.211,0.258,0,0.0,0.0,0.0,0.0,0.0,0.0,0.0,0.0,0.0,0.0,0.0,0.0,0.0,23.95667873394071,88.4836588998388,117.776445269541,421.17292285156253,5.510770685667553,138.63408820974544
39.050964,-7.0370483,212.0,2019-05-13 05:00:00,15.2,51,5.1,12.7,0.0,0.0,0.0,0.0,0,1018.5,993.3,0,0,0,0,0.04,0.84,8.7,21.9,30,44,17.3,17.6,21.2,17.7,14.3,0.22,0.237,0.211,0.258,0,0.0,0.0,0.0,0.0,0.0,0.0,0.0,0.0,0.0,0.0,0.0,0.0,0.0,22.76576734058978,88.13882500056529,119.879150811541,426.3129228515625,5.088614974142817,140.7858703475189
39.050964,-7.0370483,212.0,2019-05-13 06:00:00,15.4,49,4.8,12.8,0.0,0.0,0.0,0.0,0,1018.8,993.6,4,0,0,12,0.06,0.89,8.8,21.7,35,47,16.9,17.3,21.0,17.8,14.3,0.22,0.237,0.211,0.258,1,94.89,19.0,7.0,12.0,73.0,19.0,69.6,43.6,16.1,27.6,134.7,23.6,159.9,23.079347803630622,88.18756800963192,122.094534201541,431.4889228515625,5.1501901330774515,143.0178711838622
39.050964,-7.0370483,212.0,2019-05-13 07:00:00,17.9,42,4.8,15.3,0.0,0.0,0.0,0.0,0,1019.2,994.2,7,0,0,23,0.13,1.19,8.7,18.1,38,49,18.4,17.8,20.7,17.8,14.3,0.219,0.237,0.211,0.258,1,3600.0,160.0,96.0,64.0,445.1,160.0,289.1,231.3,138.8,92.5,445.1,231.3,418.0,23.654445586150505,88.4061255091961,124.99572552154099,437.1149228515625,5.2874964866981955,145.7769159947791
39.050964,-7.0370483,212.0,2019-05-13 08:00:00,20.9,31,3.2,18.2,0.0,0.0,0.0,0.0,0,1019.0,994.3,4,0,0,12,0.25,1.71,7.9,12.1,60,63,20.2,19.2,20.5,17.8,14.3,0.219,0.237,0.211,0.258,1,3600.0,362.0,266.0,96.0,656.1,362.0,543.4,443.4,325.8,117.6,656.1,443.4,665.6,28.66678757301975,90.55155419862979,128.992103401541,443.2809228515625,6.907729601674535,149.34091732148084
39.050964,-7.0370483,212.0,2019-05-13 09:00:00,23.9,24,2.0,20.8,0.0,0.0,0.0,0.0,0,1018.9,994.4,0,0,0,0,0.41,2.26,9.6,13.6,70,73,24.1,21.1,20.5,17.8,14.3,0.218,0.237,0.211,0.258,1,3600.0,565.0,449.0,116.0,772.9,565.0,778.7,642.8,510.8,132.0,772.9,642.8,885.9,37.54288812112744,92.71963662332031,133.99415740154097,449.9869228515625,10.233704961385031,153.62482806822212
39.050964,-7.0370483,212.0,2019-05-13 10:00:00,26.5,20,2.0,24.4,0.0,0.0,0.0,0.0,0,1018.3,994.0,0,0,0,0,0.55,2.75,9.8,13.6,73,73,25.9,23.1,20.5,17.8,14.3,0.217,0.236,0.211,0.258,1,3600.0,743.0,613.0,130.0,839.2,743.0,979.1,807.4,666.2,141.3,839.2,807.4,1064.0,43.6578174853761,94.23877900838447,139.80707068154098,457.1609228515625,12.774726505844978,158.462935521463
39.050964,-7.0370483,212.0,2019-05-13 11:00:00,28.7,18,2.2,27.5,0.0,0.0,0.0,0.0,0,1017.7,993.6,0,0,0,0,0.66,3.22,9.3,12.2,77,76,26.3,25.2,20.7,17.8,14.3,0.216,0.236,0.211,0.258,1,3600.0,879.0,739.0,140.0,876.0,879.0,1130.8,923.2,776.2,147.0,876.0,923.2,1187.6,46.92371961378504,95.16348890894692,146.24023865754097,464.73092285156247,14.145398816110474,163.69934050113352
39.050964,-7.0370483,212.0,2019-05-13 12:00:00,30.9,17,3.1,30.5,0.0,0.0,0.0,0.0,0,1016.4,992.5,0,0,0,0,0.74,3.69,8.4,11.1,65,65,25.2,27.1,20.8,17.8,14.3,0.217,0.236,0.211,0.258,1,3600.0,963.0,817.0,146.0,895.0,963.0,1223.5,982.6,833.6,149.0,895.0,982.6,1248.5,47.09765625,97.49560546875,50.02734375,322.1256103515625,23.623046875,72.05066680908203
39.050964,-7.0370483,212.0,2019-05-13 13:00:00,31.8,16,3.1,31.8,0.0,0.0,0.0,0.0,0,1015.4,991.6,0,0,0,0,0.76,3.94,7.3,9.7,57,59,24.1,28.8,21.2,17.8,14.3,0.215,0.235,0.211,0.258,1,3600.0,988.0,841.0,147.0,901.0,988.0,1251.1,981.1,835.1,146.0,901.0,981.1,1242.4,40.888351364831394,97.4915472281398,57.302962926,330.2536103515625,17.50347246328535,79.93271406191236
39.050964,-7.0370483,212.0,2019-05-13 14:00:00,32.7,15,3.1,32.7,0.0,0.0,0.0,0.0,0,1014.6,990.9,0,0,0,0,0.73,4.19,6.4,8.4,47,50,22.0,30.2,21.7,17.8,14.3,0.214,0.235,0.21,0.258,1,3600.0,950.0,806.0,144.0,891.7,950.0,1211.5,917.3,778.2,139.0,891.7,917.3,1169.8,41.687058480374354,97.54337804168019,64.866595106,338.5436103515625,16.842936471455594,87.71611110302007
39.050964,-7.0370483,212.0,2019-05-13 15:00:00,33.1,15,3.2,32.6,0.0,0.0,0.0,0.0,0,1013.9,990.3,0,0,0,0,0.66,4.3,5.9,7.9,38,39,19.8,31.0,22.1,17.8,14.3,0.213,0.235,0.21,0.258,1,3600.0,854.0,716.0,138.0,866.4,854.0,1107.6,798.6,669.5,129.0,866.4,798.6,1035.7,42.81947537217204,97.59522596718155,72.519737726,346.90561035156253,16.537280118805665,95.25659937913429
39.050964,-7.0370483,212.0,2019-05-13 16:00:00,33.2,15,3.4,31.7,0.0,0.0,0.0,0.0,0,1013.7,990.1,0,0,0,0,0.55,4.3,6.3,8.6,31,33,18.4,31.4,22.6,17.9,14.3,0.212,0.235,0.21,0.258,1,3600.0,707.0,580.0,127.0,821.4,707.0,946.4,634.4,520.4,114.0,821.4,634.4,849.2,45.025486012426526,97.64709101029344,80.195257956,355.2856103515625,16.990457802478197,102.53172590999571
39.050964,-7.0370483,212.0,2019-05-13 17:00:00,32.7,17,4.6,30.5,0.0,0.0,0.0,0.0,0,1013.5,989.8,0,0,0,0,0.41,4.09,6.1,9.7,28,27,17.6,31.1,23.0,17.9,14.3,0.211,0.234,0.21,0.258,1,3600.0,523.0,411.0,112.0,745.5,523.0,738.9,441.0,346.6,94.4,745.5,441.0,623.1,45.40899858433525,97.49924248202392,87.58092232000001,363.57561035156255,16.493287722379026,109.32450241358747
39.050964,-7.0370483,212.0,2019-05-13 18:00:00,31.3,24,8.2,30.0,0.0,0.0,0.0,0.0,0,1013.1,989.3,0,0,0,0,0.26,3.48,5.5,11.8,32,31,16.9,30.4,23.4,17.9,14.3,0.211,0.234,0.21,0.258,1,3600.0,319.0,229.0,90.0,614.7,319.0,499.3,238.1,170.9,67.2,614.7,238.1,372.7,40.835003462328494,96.23531681515898,94.06358430400002,371.61361035156256,13.510904325515584,115.21716646414151
39.050964,-7.0370483,212.0,2019-05-13 19:00:00,27.5,36,10.9,26.8,0.0,0.0,0.0,0.0,0,1013.1,989.0,0,0,0,0,0.13,2.37,6.6,14.5,22,30,13.0,28.6,23.6,17.9,14.3,0.21,0.234,0.21,0.258,1,3600.0,125.0,70.0,55.0,384.7,125.0,243.9,59.0,33.1,26.0,379.3,59.0,115.2,33.7363924265753,93.53315020597624,98.88240516800002,378.96761035156254,9.858301613940194,119.68957937431473
39.050964,-7.0370483,212.0,2019-05-13 20:00:00,24.6,31,6.4,22.4,0.0,0.0,0.0,0.0,0,1013.3,989.0,0,0,0,0,0.11,2.12,8.6,19.7,360,21,14.4,26.5,23.7,17.9,14.3,0.21,0.234,0.21,0.258,0,0.0,9.0,2.0,7.0,25.2,9.0,47.6,0.0,0.0,0.0,0.0,0.0,0.0,35.71844445652245,93.28378434812899,103.55090114600002,385.79961035156254,10.53089815253361,123.93774181487832
39.050964,-7.0370483,212.0,2019-05-13 21:00:00,23.2,32,5.6,20.8,0.0,0.0,0.0,0.0,0,1013.7,989.3,0,0,0,0,0.09,1.94,8.8,22.1,9,30,17.6,25.0,23.7,18.0,14.3,0.21,0.234,0.21,0.258,0,0.0,0.0,0.0,0.0,0.0,0.0,0.0,0.0,0.0,0.0,0.0,0.0,0.0,35.127980615363235,92.90531887785521,107.90110853000002,392.3796103515625,10.088860694188664,127.88438110910685
39.050964,-7.0370483,212.0,2019-05-13 22:00:00,21.5,36,5.7,19.2,0.0,0.0,0.0,0.0,0,1013.9,989.3,0,0,0,0,0.07,1.64,8.0,18.2,5,38,16.6,23.7,23.7,18.0,14.3,0.21,0.234,0.21,0.258,0,0.0,0.0,0.0,0.0,0.0,0.0,0.0,0.0,0.0,0.0,0.0,0.0,0.0,31.88746495277627,92.05392762707562,111.70898795400002,398.6536103515625,8.595693958802908,131.38067011979078
39.050964,-7.0370483,212.0,2019-05-13 23:00:00,19.9,42,6.5,18.0,0.0,0.0,0.0,0.0,0,1013.9,989.2,0,0,0,0,0.05,1.36,6.8,16.1,360,42,14.8,22.5,23.5,18.0,14.3,0.21,0.234,0.21,0.258,0,0.0,0.0,0.0,0.0,0.0,0.0,0.0,0.0,0.0,0.0,0.0,0.0,0.0,27.464490357285968,90.84485604662324,114.91556783400003,404.6396103515625,6.814709788551891,134.40518371439742
39.050964,-7.0370483,212.0,2019-05-14 00:00:00,19.6,41,5.9,17.5,0.0,0.0,0.0,0.0,0,1013.6,988.9,0,0,0,0,0.06,1.36,7.3,15.5,351,31,11.5,21.6,23.3,18.0,14.3,0.203,0.23,0.207,0.258,0,0.0,0.0,0.0,0.0,0.0,0.0,0.0,0.0,0.0,0.0,0.0,0.0,0.0,27.427157024490242,90.5767242415217,118.13083549200003,410.5716103515625,6.726150868699091,137.41679202194405
39.050964,-7.0370483,212.0,2019-05-14 01:00:00,18.7,42,5.5,16.5,0.0,0.0,0.0,0.0,0,1013.7,988.9,0,0,0,0,0.05,1.25,7.3,18.0,9,29,13.3,20.6,23.1,18.1,14.3,0.203,0.23,0.207,0.258,0,0.0,0.0,0.0,0.0,0.0,0.0,0.0,0.0,0.0,0.0,0.0,0.0,0.0,26.790161117528104,90.2682408098999,121.15418223600003,416.3416103515625,6.43593694683158,140.26593191936772
39.050964,-7.0370483,212.0,2019-05-14 02:00:00,17.7,43,5.0,15.6,0.0,0.0,0.0,0.0,0,1013.5,988.6,0,0,0,0,0.04,1.16,6.4,16.7,16,33,11.9,19.8,22.8,18.1,14.3,0.203,0.23,0.207,0.258,0,0.0,0.0,0.0,0.0,0.0,0.0,0.0,0.0,0.0,0.0,0.0,0.0,0.0,25.29589194125637,89.94401023571888,123.97534069200003,421.9316103515625,5.871562643132451,142.94647369672927
39.050964,-7.0370483,212.0,2019-05-14 03:00:00,16.9,38,2.5,14.1,0.0,0.0,0.0,0.0,0,1013.7,988.8,0,0,0,0,0.05,1.2,7.3,16.4,11,33,12.2,19.0,22.6,18.1,14.3,0.203,0.23,0.207,0.258,0,0.0,0.0,0.0,0.0,0.0,0.0,0.0,0.0,0.0,0.0,0.0,0.0,0.0,26.3870870913566,89.99334922731437,126.91338925200003,427.3776103515625,6.1875579198582145,145.6768514517931
39.050964,-7.0370483,212.0,2019-05-14 04:00:00,16.0,40,2.3,13.2,0.0,0.0,0.0,0.0,0,1014.1,989.1,0,0,0,0,0.05,1.1,7.5,17.3,17,43,15.1,18.5,22.3,18.1,14.3,0.203,0.23,0.207,0.258,0,0.0,0.0,0.0,0.0,0.0,0.0,0.0,0.0,0.0,0.0,0.0,0.0,0.0,26.784053541287953,90.02150022415394,129.61449841200002,432.6616103515625,6.27548652498472,148.22089724427127
39.050964,-7.0370483,212.0,2019-05-14 05:00:00,15.2,53,5.7,13.3,0.0,0.0,0.0,0.0,0,1014.7,989.6,0,0,0,0,0.02,0.81,5.6,12.0,27,74,13.0,17.8,22.0,18.1,14.3,0.203,0.23,0.207,0.258,0,0.0,0.0,0.0,0.0,0.0,0.0,0.0,0.0,0.0,0.0,0.0,0.0,0.0,21.429934669571693,88.43321762601529,131.63137923800002,437.8016103515625,4.540436895919952,150.29320209454704
39.050964,-7.0370483,212.0,2019-05-14 06:00:00,15.5,61,8.1,14.4,0.0,0.0,0.0,0.0,0,1015.4,990.3,0,0,0,0,0.03,0.69,4.4,8.4,35,100,8.3,17.4,21.6,18.1,14.3,0.203,0.23,0.207,0.258,1,92.72,20.0,7.0,13.0,71.9,20.0,71.4,45.8,16.0,29.8,131.3,25.1,163.5,17.74565495655867,87.00848242717304,133.33576332200002,442.9956103515625,3.486071642575975,152.16924764449197
39.050964,-7.0370483,212.0,2019-05-14 07:00:00,18.1,45,6.1,17.0,0.0,0.0,0.0,0.0,0,1016.0,991.1,0,0,0,0,0.07,1.14,1.1,2.8,72,140,6.1,18.2,21.4,18.1,14.3,0.203,0.23,0.207,0.258,1,3600.0,158.0,95.0,63.0,435.2,158.0,292.5,227.5,136.8,90.7,435.2,227.5,421.0,16.828399352948416,87.62623708116271,136.11585228200002,448.6576103515625,3.2240369351759464,154.81241289094035
39.050964,-7.0370483,212.0,2019-05-14 08:00:00,20.5,40,6.4,19.4,0.0,0.0,0.0,0.0,0,1016.1,991.4,0,0,0,0,0.2,1.45,1.1,0.8,108,117,9.0,19.7,21.2,18.2,14.3,0.203,0.23,0.207,0.258,1,3600.0,354.0,259.0,95.0,635.3,354.0,546.2,433.0,316.8,116.2,635.3,433.0,668.2,19.081370539502835,88.7582679349741,139.527779642,454.7516103515625,3.792109587884761,157.9212733815666
39.050964,-7.0370483,212.0,2019-05-14 09:00:00,22.9,38,7.7,22.2,0.0,0.0,0.0,0.0,0,1016.3,991.8,0,0,0,0,0.33,1.74,0.4,0.7,270,270,9.4,21.6,21.1,18.2,14.3,0.202,0.23,0.207,0.258,1,3600.0,552.0,436.0,116.0,747.9,552.0,781.1,627.6,495.7,131.9,747.9,627.6,888.1,20.55989156543972,89.66483280546423,143.445177722,461.2776103515625,4.1693534219322,161.40702785331138
39.050964,-7.0370483,212.0,2019-05-14 10:00:00,25.1,35,8.5,25.4,0.0,0.0,0.0,0.0,0,1016.0,991.7,0,0,0,0,0.48,2.07,2.6,3.7,286,281,14.0,23.7,21.1,18.2,14.3,0.201,0.229,0.207,0.258,1,3600.0,727.0,596.0,131.0,813.9,727.0,981.1,789.8,647.5,142.3,813.9,789.8,1065.8,24.899230700499423,90.7203459912817,147.92859770200002,468.1996103515625,5.417743449897206,165.29443333398143
39.050964,-7.0370483,212.0,2019-05-14 11:00:00,27.2,33,9.4,28.6,0.0,0.0,0.0,0.0,0,1015.8,991.7,0,0,0,0,0.6,2.43,3.5,5.0,294,291,16.6,25.7,21.3,18.2,14.3,0.2,0.229,0.207,0.258,1,3600.0,861.0,721.0,140.0,853.0,861.0,1132.5,904.1,757.1,147.0,853.0,904.1,1189.2,28.107894595838594,91.57767887167932,152.920384328,475.4996103515625,6.404884294621196,169.53493762184092
39.050964,-7.0370483,212.0,2019-05-14 12:00:00,28.9,29,8.9,31.0,0.0,0.0,0.0,0.0,0,1014.8,990.8,0,0,0,0,0.66,2.84,1.5,2.4,315,297,16.9,27.6,21.5,18.2,14.3,0.201,0.229,0.207,0.258,1,3600.0,943.0,797.0,146.0,871.6,943.0,1225.1,962.1,813.2,149.0,871.6,962.1,1249.9,39.658203125,96.61279296875,56.83203125,330.27490234375,16.79296875,79.453125
39.050964,-7.0370483,212.0,2019-05-14 13:00:00,30.8,27,9.6,32.9,0.0,0.0,0.0,0.0,0,1014.0,990.2,0,0,0,0,0.71,3.24,3.4,4.3,302,294,15.5,29.3,21.9,18.2,14.3,0.2,0.229,0.207,0.258,1,3600.0,970.0,823.0,147.0,880.3,970.0,1252.5,963.3,817.3,146.0,880.3,963.3,1243.8,31.252207835435026,95.5188046285116,62.962706591999996,338.22290234375,11.029379737644334,85.93282728010794
39.050964,-7.0370483,212.0,2019-05-14 14:00:00,32.0,24,8.8,33.3,0.0,0.0,0.0,0.0,0,1013.4,989.7,0,0,0,0,0.7,3.61,5.2,7.1,304,300,18.4,30.6,22.3,18.2,14.3,0.199,0.228,0.207,0.258,1,3600.0,932.0,788.0,144.0,870.3,932.0,1213.0,900.0,760.9,139.1,870.3,900.0,1171.4,34.60452342629983,95.56998414040135,69.58542608799999,346.38690234374997,12.16094597182635,92.64325370454013
39.050964,-7.0370483,212.0,2019-05-14 15:00:00,32.5,22,8.0,32.6,0.0,0.0,0.0,0.0,0,1012.8,989.1,0,0,0,0,0.65,3.82,7.3,9.4,303,302,20.9,31.4,22.7,18.2,14.3,0.198,0.228,0.207,0.258,1,3600.0,836.0,699.0,137.0,844.2,836.0,1109.3,781.9,653.8,128.1,844.2,781.9,1037.5,38.50566415737993,95.62118054922462,76.48510141599999,354.64090234375,13.61281604691153,99.3846797200904
39.050964,-7.0370483,212.0,2019-05-14 16:00:00,32.5,21,7.4,31.4,0.0,0.0,0.0,0.0,0,1012.5,988.8,0,0,0,0,0.56,3.86,8.5,11.4,298,298,22.7,31.6,23.1,18.2,14.3,0.197,0.228,0.207,0.258,1,3600.0,692.0,566.0,126.0,799.5,692.0,948.4,621.2,508.1,113.1,799.5,621.2,851.4,41.38907187868544,95.67239386055995,83.47323411999999,362.89490234375,14.562368539746686,105.99432378132315
39.050964,-7.0370483,212.0,2019-05-14 17:00:00,32.1,22,7.4,30.2,0.0,0.0,0.0,0.0,0,1012.2,988.5,0,0,0,0,0.43,3.74,8.4,12.1,290,293,22.7,31.3,23.5,18.3,14.4,0.196,0.228,0.207,0.258,1,3600.0,513.0,401.0,112.0,724.7,513.0,741.2,433.0,338.5,94.5,724.7,433.0,625.6,42.45712779646906,95.72362407998773,90.29077045599999,371.07690234375,14.590354433740218,112.28084610705656
39.050964,-7.0370483,212.0,2019-05-14 18:00:00,31.0,26,9.2,29.7,0.0,0.0,0.0,0.0,0,1011.9,988.1,0,0,0,0,0.27,3.32,7.0,13.0,282,284,21.2,30.5,23.8,18.3,14.4,0.196,0.228,0.207,0.258,1,3600.0,314.0,224.0,90.0,597.7,314.0,502.1,235.0,167.6,67.4,597.7,235.0,375.8,40.210951217405274,95.39510530418995,96.54439101999999,379.06090234375,13.002145592230248,117.97199667599183
39.050964,-7.0370483,212.0,2019-05-14 19:00:00,27.9,35,11.2,27.3,0.0,0.0,0.0,0.0,0,1011.9,987.9,0,0,0,0,0.13,2.43,6.8,16.8,267,280,17.6,29.1,24.1,18.3,14.4,0.196,0.228,0.207,0.258,1,3600.0,124.0,69.0,55.0,374.0,124.0,247.2,59.6,33.1,26.4,374.0,59.6,118.7,34.29052349205427,93.53745210837488,101.50695511999999,386.48690234375,9.964124571380134,122.54852253115453
39.050964,-7.0370483,212.0,2019-05-14 20:00:00,25.0,39,9.9,23.7,0.0,0.0,0.0,0.0,0,1012.0,987.8,0,0,0,0,0.1,1.94,8.4,18.5,290,291,14.4,27.1,24.2,18.3,14.4,0.196,0.228,0.207,0.258,0,0.0,9.0,2.0,7.0,24.8,9.0,49.3,0.0,0.0,0.0,0.0,0.0,0.0,32.17655592769284,92.15354728036694,105.69841310599999,393.39090234375,8.895012234005275,126.45516663748755
39.050964,-7.0370483,212.0,2019-05-14 21:00:00,23.8,41,9.7,22.2,0.0,0.0,0.0,0.0,0,1012.9,988.5,0,0,0,0,0.09,1.74,10.2,24.3,312,320,19.8,25.7,24.2,18.3,14.4,0.195,0.227,0.207,0.258,0,0.0,0.0,0.0,0.0,0.0,0.0,0.0,0.0,0.0,0.0,0.0,0.0,0.0,32.127317421080896,91.38821160763374,109.56605391199999,400.07890234375,8.738773023339933,130.07553233056473
39.050964,-7.0370483,212.0,2019-05-14 22:00:00,22.7,51,12.1,21.7,0.0,0.0,0.0,0.0,0,1013.1,988.7,0,0,0,0,0.08,1.34,11.4,25.2,305,316,22.0,24.6,24.2,18.4,14.4,0.195,0.227,0.207,0.258,0,0.0,0.0,0.0,0.0,0.0,0.0,0.0,0.0,0.0,0.0,0.0,0.0,0.0,28.513531904401166,89.64319469750872,112.63626200399999,406.56890234375,7.235125671254788,133.09239381392067
39.050964,-7.0370483,212.0,2019-05-14 23:00:00,21.6,63,14.2,21.2,0.0,0.0,0.0,0.0,0,1013.2,988.7,0,0,0,0,0.06,0.96,12.4,24.6,292,305,23.8,23.7,24.1,18.4,14.4,0.195,0.227,0.207,0.258,0,0.0,0.0,0.0,0.0,0.0,0.0,0.0,0.0,0.0,0.0,0.0,0.0,0.0,23.890168322147364,87.44486532480273,114.84743313799999,412.86090234374996,5.551776346062562,135.47829866594563
39.050964,-7.0370483,212.0,2019-05-15 00:00:00,20.7,65,13.9,20.3,0.0,0.0,0.0,0.0,0,1013.0,988.4,0,0,0,0,0.05,0.86,11.3,21.8,297,309,24.8,22.8,23.8,18.4,14.4,0.19,0.225,0.205,0.258,0,0.0,0.0,0.0,0.0,0.0,0.0,0.0,0.0,0.0,0.0,0.0,0.0,0.0,21.35590143182589,86.66640128641723,116.85615271799999,418.99090234374995,4.701466839012831,137.70077611205437
39.050964,-7.0370483,212.0,2019-05-15 01:00:00,19.3,71,13.9,19.0,0.0,0.0,0.0,0.0,0,1012.8,988.1,0,0,0,0,0.03,0.64,10.8,20.7,291,301,20.9,22.0,23.7,18.4,14.4,0.19,0.225,0.205,0.258,0,0.0,0.0,0.0,0.0,0.0,0.0,0.0,0.0,0.0,0.0,0.0,0.0,0.0,18.623189850270425,85.45472413886294,118.41363437399998,424.86890234374994,3.866921039979433,139.5757034636182
39.050964,-7.0370483,212.0,2019-05-15 02:00:00,18.2,76,14.0,17.9,0.0,0.0,0.0,0.0,0,1012.4,987.6,0,0,0,0,0.02,0.49,10.6,19.8,294,299,20.2,21.3,23.5,18.5,14.4,0.19,0.225,0.205,0.258,0,0.0,0.0,0.0,0.0,0.0,0.0,0.0,0.0,0.0,0.0,0.0,0.0,0.0,16.448003449401487,84.26712802331774,119.63308248599998,430.54890234374994,3.253746341158013,141.1887636011021
39.050964,-7.0370483,212.0,2019-05-15 03:00:00,17.3,80,13.7,17.1,0.0,0.0,0.0,0.0,0,1012.4,987.5,6,0,0,21,0.01,0.4,9.3,18.2,283,297,19.4,20.6,23.2,18.5,14.4,0.19,0.225,0.205,0.258,0,0.0,0.0,0.0,0.0,0.0,0.0,0.0,0.0,0.0,0.0,0.0,0.0,0.0,14.085534105680019,83.18887002613522,120.60190136599998,436.0669023437499,2.643358986290715,142.6044429305991
39.050964,-7.0370483,212.0,2019-05-15 04:00:00,16.4,84,13.6,16.4,0.0,0.0,0.0,0.0,0,1012.6,987.6,13,0,0,43,0.0,0.31,7.9,15.6,270,289,16.6,19.9,23.0,18.5,14.4,0.19,0.225,0.205,0.258,0,0.0,0.0,0.0,0.0,0.0,0.0,0.0,0.0,0.0,0.0,0.0,0.0,0.0,11.893332636070015,82.01012618049536,121.33904616599997,441.4229023437499,2.125100132689553,143.83446349998513
39.050964,-7.0370483,212.0,2019-05-15 05:00:00,15.6,86,13.3,15.5,0.0,0.0,0.0,0.0,0,1012.6,987.6,16,0,0,54,0.0,0.25,8.0,16.1,275,290,14.4,19.2,22.7,18.5,14.4,0.19,0.225,0.205,0.258,0,0.0,0.0,0.0,0.0,0.0,0.0,0.0,0.0,0.0,0.0,0.0,0.0,0.0,11.046900969892635,81.16569990014513,121.95456207399998,446.6349023437499,1.9333158337168255,144.95707141400518
39.050964,-7.0370483,212.0,2019-05-15 06:00:00,15.7,85,13.1,15.6,0.0,0.0,0.0,0.0,1,1013.1,988.1,24,0,0,80,0.02,0.27,7.3,14.0,290,299,14.0,18.7,22.4,18.5,14.4,0.19,0.225,0.205,0.258,1,6.97,20.0,6.0,14.0,60.9,20.0,73.1,45.7,13.7,32.0,109.9,25.3,166.9,10.810349300394018,81.21214072955144,122.61799239399998,451.8649023437499,1.876283923532301,146.11298817867373
39.050964,-7.0370483,212.0,2019-05-15 07:00:00,18.1,71,12.9,18.2,0.0,0.0,0.0,0.0,0,1013.3,988.5,5,0,0,16,0.09,0.59,5.4,10.3,290,295,14.0,19.2,22.2,18.5,14.4,0.19,0.225,0.205,0.258,1,3600.0,155.0,83.0,72.0,376.0,155.0,295.7,222.3,119.0,103.3,376.0,222.3,424.0,11.399614298280474,82.50745796507312,124.08385748199998,457.5269023437499,1.9917767708723293,147.89370972838353
39.050964,-7.0370483,212.0,2019-05-15 08:00:00,21.5,56,12.3,21.5,0.0,0.0,0.0,0.0,0,1013.4,988.8,0,0,0,0,0.22,1.13,4.9,7.2,287,288,15.5,20.6,22.0,18.5,14.4,0.19,0.225,0.205,0.258,1,3600.0,358.0,261.0,97.0,636.7,358.0,549.0,437.4,318.9,118.5,636.7,437.4,670.7,15.194086729016977,85.39373580802979,126.70177458599998,463.8009023437499,2.848206184393104,150.57073972801186
39.050964,-7.0370483,212.0,2019-05-15 09:00:00,24.9,42,11.0,24.6,0.0,0.0,0.0,0.0,0,1013.3,989.0,0,0,0,0,0.37,1.84,4.7,6.6,279,279,16.2,22.6,21.9,18.5,14.4,0.19,0.225,0.205,0.258,1,3600.0,558.0,442.0,116.0,755.6,558.0,783.4,634.1,502.2,131.8,755.6,634.1,890.2,21.60042094600887,88.75258111734526,130.67182586599998,470.6869023437499,4.542648020503364,154.27164167362582
39.050964,-7.0370483,212.0,2019-05-15 10:00:00,28.0,30,8.9,27.7,0.0,0.0,0.0,0.0,0,1012.6,988.6,0,0,0,0,0.54,2.65,7.6,10.1,270,272,21.6,24.8,21.9,18.6,14.4,0.189,0.224,0.205,0.258,1,3600.0,734.0,603.0,131.0,821.5,734.0,982.9,797.2,654.9,142.3,821.5,797.2,1067.5,33.21266643905937,92.0219348637451,136.03455428599997,478.13090234374994,8.386163316458305,158.98545567280857
39.050964,-7.0370483,212.0,2019-05-15 11:00:00,30.3,23,6.9,30.2,0.0,0.0,0.0,0.0,0,1012.0,988.2,13,0,0,42,0.67,3.32,8.6,11.2,272,276,24.5,26.9,22.1,18.6,14.4,0.188,0.224,0.205,0.258,1,3600.0,870.0,730.0,140.0,862.0,870.0,1134.1,913.4,766.5,147.0,862.0,913.4,1190.7,42.07684214695076,94.16495349571957,142.39979963399998,485.98890234374994,11.90303560434323,164.3840276200141
39.050964,-7.0370483,212.0,2019-05-15 12:00:00,31.9,23,8.1,32.2,0.0,0.0,0.0,0.0,1,1011.6,987.9,22,0,0,72,0.76,3.64,10.5,13.8,274,276,28.1,28.8,22.3,18.6,14.4,0.19,0.225,0.206,0.258,1,3600.0,955.0,809.0,146.0,883.3,955.0,1226.5,974.3,825.4,149.0,883.3,974.3,1251.3,50.4936637878418,97.30224609375,64.68359375,338.61865234375,22.888914108276367,87.4609375
39.050964,-7.0370483,212.0,2019-05-15 13:00:00,32.6,20,6.8,32.3,0.0,0.0,0.0,0.0,0,1010.8,987.2,0,0,0,0,0.8,3.94,12.3,16.3,277,278,32.0,30.3,22.7,18.6,14.4,0.189,0.224,0.206,0.258,1,3600.0,973.0,825.0,148.0,881.1,973.0,1253.9,966.3,819.3,147.0,881.1,966.3,1245.2,49.38153532267668,96.89951974799959,71.78124511,346.89065234375,20.809507895938392,94.61589399329806
39.050964,-7.0370483,212.0,2019-05-15 14:00:00,33.2,18,5.3,32.3,0.0,0.0,0.0,0.0,0,1010.3,986.7,0,0,0,0,0.79,4.2,13.2,17.7,281,283,33.5,31.4,23.1,18.6,14.4,0.188,0.224,0.206,0.258,1,3600.0,937.0,792.0,145.0,873.3,937.0,1214.5,904.9,764.9,140.0,873.3,904.9,1172.9,52.66986180499597,96.95115510346292,79.185864626,355.27065234375,21.92591450370174,101.70143906150946
39.050964,-7.0370483,212.0,2019-05-15 15:00:00,33.4,16,4.0,31.6,0.0,0.0,0.0,0.0,0,1009.8,986.3,17,0,0,56,0.73,4.34,13.8,18.7,285,286,33.8,32.0,23.5,18.6,14.4,0.187,0.224,0.206,0.258,1,3600.0,843.0,705.0,138.0,849.8,843.0,1110.9,788.6,659.5,129.1,849.8,788.6,1039.3,55.424693639537644,97.00280750635669,86.815313306,363.68665234375,22.755555644331032,108.73847059911654
39.050964,-7.0370483,212.0,2019-05-15 16:00:00,33.0,17,4.4,30.3,0.0,0.0,0.0,0.0,0,1009.4,985.9,14,0,0,47,0.64,4.2,14.8,20.2,288,289,34.6,32.1,23.9,18.6,14.4,0.187,0.224,0.206,0.258,1,3600.0,699.0,570.0,129.0,803.2,699.0,950.3,627.8,511.9,115.9,803.2,627.8,853.5,58.7758146548233,97.05447696230912,94.26653090399999,372.03065234375,24.097382016610194,115.41949413428014
39.050964,-7.0370483,212.0,2019-05-15 17:00:00,32.2,19,5.6,28.8,0.0,0.0,0.0,0.0,0,1009.4,985.8,8,0,0,27,0.51,3.89,15.5,22.3,288,288,35.3,31.8,24.2,18.7,14.4,0.186,0.224,0.206,0.258,1,3600.0,515.0,399.0,116.0,718.5,515.0,743.6,435.1,337.1,98.0,718.5,435.1,628.2,60.71005511786525,96.94912445334776,101.367604722,380.23065234374997,24.61348966659701,121.65419679263468
39.050964,-7.0370483,212.0,2019-05-15 18:00:00,30.4,25,8.4,27.6,0.0,0.0,0.0,0.0,0,1009.4,985.7,7,0,0,23,0.37,3.24,16.3,26.1,284,285,36.0,30.9,24.5,18.7,14.4,0.186,0.223,0.206,0.258,1,3600.0,315.0,225.0,90.0,596.8,315.0,504.8,236.3,168.8,67.5,596.8,236.3,378.8,56.840620513106394,95.6679952140057,107.58726397199999,388.10665234374994,21.56097576321787,127.09460802646075
39.050964,-7.0370483,212.0,2019-05-15 19:00:00,27.7,36,11.2,25.7,0.0,0.0,0.0,0.0,0,1009.6,985.6,5,0,0,17,0.22,2.39,16.1,29.4,286,287,35.6,29.5,24.8,18.7,14.4,0.185,0.223,0.206,0.258,1,3600.0,124.0,68.0,56.0,363.6,124.0,250.4,60.5,33.2,27.3,363.6,60.5,122.2,46.28161575486931,93.22075786935622,112.43978288399998,395.49665234374993,15.232533418929957,131.4508230034312
39.050964,-7.0370483,212.0,2019-05-15 20:00:00,24.9,44,11.7,23.0,0.0,0.0,0.0,0.0,1,1010.0,985.8,30,0,0,99,0.16,1.78,16.3,31.0,284,288,33.8,27.9,24.9,18.7,14.4,0.185,0.223,0.206,0.258,0,0.0,10.0,2.0,8.0,24.4,10.0,51.0,0.0,0.0,0.0,0.0,0.0,0.0,39.16888161209239,91.20617738958435,116.27293584399997,402.38265234374995,11.5798231962356,135.0124818418921
39.050964,-7.0370483,212.0,2019-05-15 21:00:00,22.5,50,11.5,20.6,0.0,0.0,0.0,0.0,1,1010.5,986.1,20,0,0,68,0.11,1.37,16.2,30.9,283,287,33.1,26.4,24.9,18.8,14.4,0.185,0.223,0.206,0.258,0,0.0,0.0,0.0,0.0,0.0,0.0,0.0,0.0,0.0,0.0,0.0,0.0,0.0,34.0843028077699,89.68114805472607,119.37947464399997,408.83665234374996,9.265174598806052,138.0113571821119
39.050964,-7.0370483,212.0,2019-05-15 22:00:00,20.6,56,11.4,18.7,0.0,0.0,0.0,0.0,0,1010.6,986.0,10,0,0,33,0.09,1.08,15.8,29.7,287,291,32.8,25.1,24.8,18.8,14.4,0.185,0.223,0.206,0.258,0,0.0,0.0,0.0,0.0,0.0,0.0,0.0,0.0,0.0,0.0,0.0,0.0,0.0,29.68869147053064,88.32404699993545,121.89313841199997,414.94865234375,7.473311505288195,140.56049413053643
39.050964,-7.0370483,212.0,2019-05-15 23:00:00,19.2,60,11.3,17.1,0.0,0.0,0.0,0.0,0,1010.7,986.0,10,0,0,33,0.08,0.89,17.0,31.2,287,292,33.5,23.9,24.7,18.8,14.4,0.185,0.223,0.206,0.258,0,0.0,0.0,0.0,0.0,0.0,0.0,0.0,0.0,0.0,0.0,0.0,0.0,0.0,28.239161231225324,87.33537436670669,124.03085833199997,420.80865234375,6.891430496332144,142.82192505078567
39.050964,-7.0370483,212.0,2019-05-16 00:00:00,18.0,63,10.8,15.9,0.0,0.0,0.0,0.0,0,1010.8,986.0,3,0,0,11,0.07,0.77,16.1,29.5,286,290,33.8,23.0,24.5,18.8,14.4,0.185,0.223,0.206,0.258,0,0.0,0.0,0.0,0.0,0.0,0.0,0.0,0.0,0.0,0.0,0.0,0.0,0.0,25.547176377060502,86.58558523137972,125.89135915399997,426.45265234375,5.919753843195413,144.86798873720167
39.050964,-7.0370483,212.0,2019-05-16 01:00:00,17.0,64,10.2,14.7,0.0,0.0,0.0,0.0,0,1010.7,985.8,0,0,0,0,0.06,0.69,16.2,30.1,287,289,31.7,22.0,24.3,18.8,14.5,0.185,0.223,0.206,0.258,0,0.0,0.0,0.0,0.0,0.0,0.0,0.0,0.0,0.0,0.0,0.0,0.0,0.0,24.720290560462303,86.17392798038543,127.60680040999998,431.91665234375,5.613616813421624,146.79193508542758
39.050964,-7.0370483,212.0,2019-05-16 02:00:00,15.9,67,9.8,13.5,0.0,0.0,0.0,0.0,0,1010.4,985.5,0,0,0,0,0.05,0.59,16.3,30.3,288,290,32.4,21.1,24.1,18.9,14.5,0.185,0.223,0.206,0.258,0,0.0,0.0,0.0,0.0,0.0,0.0,0.0,0.0,0.0,0.0,0.0,0.0,0.0,23.384526885645695,85.53606969294668,129.08372267,437.18265234375,5.159891905360654,148.52944180156322
39.050964,-7.0370483,212.0,2019-05-16 03:00:00,15.0,70,9.6,12.5,0.0,0.0,0.0,0.0,0,1010.3,985.3,0,0,0,0,0.04,0.51,16.2,30.0,287,290,32.8,20.3,23.8,18.9,14.5,0.185,0.223,0.206,0.258,0,0.0,0.0,0.0,0.0,0.0,0.0,0.0,0.0,0.0,0.0,0.0,0.0,0.0,21.8821692945418,84.86200052355908,130.35529745,442.28665234375,4.67755347289932,150.1075039733652
39.050964,-7.0370483,212.0,2019-05-16 04:00:00,14.3,72,9.4,11.8,0.0,0.0,0.0,0.0,0,1010.5,985.4,2,1,0,3,0.04,0.45,16.3,30.4,284,287,32.0,19.6,23.5,18.9,14.5,0.185,0.223,0.206,0.258,0,0.0,0.0,0.0,0.0,0.0,0.0,0.0,0.0,0.0,0.0,0.0,0.0,0.0,20.921020512811378,84.33370428487693,131.49050044199998,447.26465234375,4.375401537857773,151.5766556162497
39.050964,-7.0370483,212.0,2019-05-16 05:00:00,13.6,75,9.3,10.9,0.0,0.0,0.0,0.0,0,1010.6,985.5,9,3,0,21,0.03,0.38,17.4,32.1,283,286,33.8,18.9,23.2,18.9,14.5,0.185,0.223,0.206,0.258,0,0.0,0.0,0.0,0.0,0.0,0.0,0.0,0.0,0.0,0.0,0.0,0.0,0.0,20.464237062833924,83.66113399843763,132.458002992,452.11665234375,4.2281985189579006,152.91561418276785
39.050964,-7.0370483,212.0,2019-05-16 06:00:00,13.4,78,9.6,10.7,0.0,0.0,0.0,0.0,0,1011.0,985.8,17,8,0,33,0.05,0.34,17.7,35.0,283,285,36.7,18.4,22.8,18.9,14.5,0.185,0.223,0.206,0.258,1,86.84,21.0,7.0,14.0,70.1,21.0,74.7,47.8,15.9,31.9,125.4,26.7,170.2,19.438107768807697,82.97274372626852,133.297821532,456.93265234374996,3.9258260028134044,154.16320964051616
39.050964,-7.0370483,212.0,2019-05-16 07:00:00,14.9,69,9.4,12.2,0.0,0.0,0.0,0.0,1,1011.1,986.1,21,9,0,44,0.11,0.52,17.8,28.7,284,285,38.5,18.5,22.5,18.9,14.5,0.185,0.223,0.206,0.258,1,3600.0,157.0,90.0,67.0,403.3,157.0,298.7,224.3,128.6,95.7,403.3,224.3,426.8,19.989347115140873,83.20186721672701,134.603620892,462.01865234375,4.063493435682976,155.7601149438071
39.050964,-7.0370483,212.0,2019-05-16 08:00:00,17.5,57,8.9,14.5,0.0,0.0,0.0,0.0,0,1011.1,986.3,18,5,0,45,0.23,0.86,18.9,28.0,284,286,41.8,19.4,22.3,18.9,14.5,0.185,0.223,0.206,0.258,1,3600.0,355.0,254.0,101.0,616.5,355.0,551.6,433.2,309.9,123.2,616.5,433.2,673.0,25.160521612261487,85.16717734600718,136.70922236,467.57265234374995,5.5889609873791875,157.9584423507328
39.050964,-7.0370483,212.0,2019-05-16 09:00:00,19.7,50,8.9,16.5,0.0,0.0,0.0,0.0,0,1011.3,986.7,15,2,0,45,0.35,1.16,20.0,28.9,288,289,45.7,20.6,22.1,19.0,14.5,0.185,0.223,0.206,0.258,1,3600.0,550.0,423.0,127.0,720.8,550.0,785.5,624.6,480.4,144.2,720.8,624.6,892.1,31.08892266055722,86.93225308005826,139.44718876000002,473.52265234374994,7.5686574952415215,160.63286677812346
39.050964,-7.0370483,212.0,2019-05-16 10:00:00,21.8,47,9.9,19.7,0.0,0.0,0.0,0.0,0,1011.0,986.5,9,0,0,30,0.47,1.39,20.2,28.4,289,290,46.1,22.1,22.0,19.0,14.5,0.184,0.223,0.206,0.258,1,3600.0,726.0,590.0,136.0,802.0,726.0,984.7,788.2,640.6,147.7,802.0,788.2,1069.2,34.847439067721695,88.01496653811373,142.64244820200003,479.8506523437499,8.923935407135101,163.65955550464776
39.050964,-7.0370483,212.0,2019-05-16 11:00:00,23.2,44,10.4,21.7,0.0,0.0,0.0,0.0,0,1011.1,986.7,19,0,0,64,0.56,1.59,21.6,30.4,288,291,50.0,23.6,22.0,19.0,14.5,0.184,0.222,0.206,0.258,1,3600.0,859.0,716.0,143.0,844.0,859.0,1135.6,901.8,751.6,150.1,844.0,901.8,1192.1,39.667685619669044,88.85728715870935,146.22497193000004,486.4306523437499,10.806336868704868,166.9692160030201
39.050964,-7.0370483,212.0,2019-05-16 12:00:00,24.6,43,11.0,23.6,0.0,0.0,0.0,0.0,0,1010.2,986.0,1,0,0,2,0.63,1.77,21.8,30.4,286,287,50.0,24.9,22.0,19.0,14.5,0.187,0.223,0.207,0.258,1,3600.0,935.0,783.0,152.0,853.6,935.0,1227.9,953.9,798.8,155.1,853.6,953.9,1252.6,47.22331237792969,92.39013671875,68.533203125,345.1243896484375,19.907978057861328,91.55859375
39.050964,-7.0370483,212.0,2019-05-16 13:00:00,25.0,38,9.7,23.6,0.0,0.0,0.0,0.0,1,1009.8,985.6,20,0,0,67,0.67,1.97,22.9,32.4,286,287,54.0,26.1,22.2,19.0,14.5,0.186,0.223,0.207,0.258,1,3600.0,961.0,812.0,149.0,865.9,961.0,1255.2,954.4,806.4,148.0,865.9,954.4,1246.6,45.43300188502596,91.99098727310475,72.793373537,352.0283896484375,18.050518507577117,95.97290897339907
39.050964,-7.0370483,212.0,2019-05-16 14:00:00,24.6,35,8.1,21.8,0.0,0.0,0.0,0.0,0,1009.6,985.4,3,0,5,0,0.62,2.01,25.2,35.8,287,287,56.2,26.6,22.4,19.0,14.5,0.186,0.223,0.207,0.258,1,3600.0,850.0,599.0,251.0,659.4,850.0,1215.9,821.0,578.6,242.4,659.4,821.0,1174.4,50.08944101938693,92.04100207487615,77.19123206699999,358.8603896484375,20.412398186591457,100.39486963004246
39.050964,-7.0370483,212.0,2019-05-16 15:00:00,23.6,37,8.3,20.4,0.0,0.0,0.0,0.0,0,1009.7,985.4,0,0,0,0,0.57,1.82,26.4,37.8,287,288,59.0,26.7,22.5,19.0,14.5,0.185,0.223,0.207,0.258,1,3600.0,801.0,647.0,154.0,778.4,801.0,1112.5,749.5,605.4,144.1,778.4,749.5,1041.0,52.22190987491711,91.89152480590325,81.28791429299999,365.5123896484375,21.23112802972546,104.48411779365516
39.050964,-7.0370483,212.0,2019-05-16 16:00:00,22.8,38,7.8,18.8,0.0,0.0,0.0,0.0,0,1009.9,985.5,1,1,0,0,0.5,1.72,27.3,39.6,291,292,60.1,26.4,22.7,19.0,14.5,0.185,0.223,0.207,0.258,1,3600.0,682.0,552.0,130.0,775.9,682.0,952.2,612.8,496.0,116.8,775.9,612.8,855.6,53.138965876937725,91.59757305652664,85.18898988099998,372.02038964843746,21.3097671847171,108.3501804571563
39.050964,-7.0370483,212.0,2019-05-16 17:00:00,22.0,40,7.8,17.4,0.0,0.0,0.0,0.0,0,1010.2,985.8,0,0,0,0,0.4,1.59,27.4,40.2,297,297,60.8,25.8,22.8,19.0,14.5,0.184,0.222,0.207,0.258,1,3600.0,507.0,392.0,115.0,703.4,507.0,745.9,428.7,331.5,97.2,703.4,428.7,630.7,51.828461687462365,91.1298954173487,88.83785664099999,378.38438964843743,20.040117543498685,111.96013986617518
39.050964,-7.0370483,212.0,2019-05-16 18:00:00,19.7,49,8.7,15.3,0.0,0.0,0.0,0.0,0,1010.6,986.0,0,0,0,0,0.27,1.17,27.7,41.5,296,297,61.2,24.8,22.9,19.0,14.5,0.184,0.222,0.207,0.258,1,3600.0,313.0,221.0,92.0,582.8,313.0,507.6,235.4,166.2,69.2,582.8,235.4,381.7,45.24091615537371,89.40216472619046,91.63058236899998,384.3343896484374,15.890574496932468,114.82282780684177
39.050964,-7.0370483,212.0,2019-05-16 19:00:00,17.7,55,8.6,13.8,0.0,0.0,0.0,0.0,0,1011.2,986.4,4,0,0,13,0.16,0.91,24.0,37.6,298,299,59.4,23.4,22.9,19.0,14.5,0.184,0.222,0.207,0.258,1,3600.0,125.0,68.0,57.0,358.9,125.0,253.6,61.9,33.7,28.2,358.9,61.9,125.6,35.58420534843252,88.02552167205175,93.85781272899997,389.9243896484374,10.823629433876427,117.19267188607819
39.050964,-7.0370483,212.0,2019-05-16 20:00:00,15.8,61,8.2,12.1,0.0,0.0,0.0,0.0,0,1012.3,987.3,4,1,0,11,0.1,0.71,22.4,36.4,300,302,50.4,22.0,22.8,19.1,14.5,0.184,0.222,0.207,0.258,0,0.0,11.0,3.0,8.0,36.0,11.0,52.7,0.0,0.0,0.0,0.0,0.0,0.0,29.97458312325415,86.71847867283948,95.59299893499997,395.1723896484374,8.286179021468401,119.13718430003098
39.050964,-7.0370483,212.0,2019-05-16 21:00:00,14.3,61,6.9,10.7,0.0,0.0,0.0,0.0,0,1013.4,988.2,2,1,0,5,0.07,0.63,19.3,31.9,299,302,47.2,20.6,22.7,19.1,14.5,0.184,0.222,0.207,0.258,0,0.0,0.0,0.0,0.0,0.0,0.0,0.0,0.0,0.0,0.0,0.0,0.0,0.0,25.975593437217782,86.28020505514844,97.17417453099996,400.1503896484374,6.661740477356255,120.9303089314236
39.050964,-7.0370483,212.0,2019-05-16 22:00:00,13.2,57,4.9,9.1,0.0,0.0,0.0,0.0,0,1013.8,988.5,1,1,0,0,0.08,0.65,19.3,31.9,299,302,40.3,19.4,22.4,19.1,14.5,0.184,0.222,0.207,0.258,0,0.0,0.0,0.0,0.0,0.0,0.0,0.0,0.0,0.0,0.0,0.0,0.0,0.0,26.254160577640597,86.32833444019815,98.79299716499996,404.93038964843737,6.707129431725918,122.72893482150515
39.050964,-7.0370483,212.0,2019-05-16 23:00:00,12.4,56,3.8,8.2,0.0,0.0,0.0,0.0,0,1014.1,988.8,3,2,0,3,0.07,0.63,18.3,31.0,302,306,40.0,18.4,22.2,19.1,14.5,0.184,0.222,0.207,0.258,0,0.0,0.0,0.0,0.0,0.0,0.0,0.0,0.0,0.0,0.0,0.0,0.0,0.0,25.616416984304855,86.37647971518096,100.35679720499996,409.5663896484374,6.421028617153277,124.46740684048022
39.050964,-7.0370483,212.0,2019-05-17 00:00:00,11.9,60,4.4,7.8,0.0,0.0,0.0,0.0,0,1014.5,989.1,3,3,0,0,0.06,0.55,18.6,31.0,306,308,38.5,17.5,21.9,19.1,14.5,0.185,0.222,0.207,0.258,0,0.0,0.0,0.0,0.0,0.0,0.0,0.0,0.0,0.0,0.0,0.0,0.0,0.0,25.200295527033056,86.0514096139781,101.72578040499997,414.1123896484374,6.227014312255544,126.04492653440676
39.050964,-7.0370483,212.0,2019-05-17 01:00:00,11.4,63,4.5,7.4,0.0,0.0,0.0,0.0,0,1014.5,989.1,3,3,0,0,0.06,0.51,18.7,31.7,304,306,38.9,16.9,21.6,19.1,14.5,0.185,0.222,0.207,0.258,0,0.0,0.0,0.0,0.0,0.0,0.0,0.0,0.0,0.0,0.0,0.0,0.0,0.0,24.150271846313395,85.53420115308981,102.94338565499997,418.5683896484374,5.821695669827834,127.495591918641
39.050964,-7.0370483,212.0,2019-05-17 02:00:00,11.1,68,5.4,7.4,0.0,0.0,0.0,0.0,0,1014.5,989.0,3,3,0,0,0.05,0.43,17.8,30.4,302,304,38.9,16.3,21.3,19.1,14.5,0.185,0.222,0.207,0.258,0,0.0,0.0,0.0,0.0,0.0,0.0,0.0,0.0,0.0,0.0,0.0,0.0,0.0,21.68758282810731,84.72008537870028,103.97117611899998,422.9703896484374,4.972879316548645,128.7943664432192
39.050964,-7.0370483,212.0,2019-05-17 03:00:00,10.9,72,5.9,7.3,0.0,0.0,0.0,0.0,0,1014.6,989.1,9,1,0,28,0.04,0.37,17.5,29.8,302,305,37.1,15.9,21.0,19.1,14.5,0.185,0.222,0.207,0.258,0,0.0,0.0,0.0,0.0,0.0,0.0,0.0,0.0,0.0,0.0,0.0,0.0,0.0,19.94528401375252,83.93196214215929,104.85574987899997,427.3363896484374,4.4046221973732935,129.9789779548774
39.050964,-7.0370483,212.0,2019-05-17 04:00:00,10.7,73,6.1,7.3,0.0,0.0,0.0,0.0,0,1014.7,989.2,0,0,0,0,0.03,0.34,16.5,28.8,302,304,36.0,15.5,20.6,19.1,14.5,0.185,0.222,0.207,0.258,0,0.0,0.0,0.0,0.0,0.0,0.0,0.0,0.0,0.0,0.0,0.0,0.0,0.0,18.613224127806703,83.56074969406248,105.69451535499998,431.66638964843736,3.987787330229708,131.12399560726521
39.050964,-7.0370483,212.0,2019-05-17 05:00:00,10.6,73,5.9,7.1,0.0,0.0,0.0,0.0,0,1015.0,989.5,1,0,0,2,0.03,0.35,16.4,28.6,303,306,34.2,15.1,20.3,19.1,14.5,0.185,0.222,0.207,0.258,0,0.0,0.0,0.0,0.0,0.0,0.0,0.0,0.0,0.0,0.0,0.0,0.0,0.0,18.408465927354545,83.44949531989643,106.52617264899997,435.97838964843737,3.9104163301631663,132.26119268107638
39.050964,-7.0370483,212.0,2019-05-17 06:00:00,11.0,72,6.1,7.6,0.0,0.0,0.0,0.0,1,1015.5,990.0,26,0,0,88,0.05,0.37,16.6,28.5,304,307,34.6,14.9,20.0,19.1,14.5,0.185,0.222,0.207,0.258,1,172.35,22.0,8.0,14.0,79.2,22.0,76.3,50.0,18.2,31.8,140.3,28.2,173.4,18.69331080095182,83.49669014514936,107.41811785699997,440.3623896484374,3.9744541600641448,133.45291670341885
39.050964,-7.0370483,212.0,2019-05-17 07:00:00,12.3,67,6.3,8.8,0.0,0.0,0.0,0.0,1,1016.0,990.6,29,0,0,98,0.1,0.48,17.5,26.4,307,309,37.8,15.3,19.7,19.1,14.6,0.185,0.222,0.207,0.258,1,3600.0,153.0,76.0,77.0,337.1,153.0,301.7,217.9,108.2,109.6,337.1,217.9,429.5,19.488092526371403,83.54390055179013,108.58228010899997,444.9803896484374,4.184629292683107,134.8814946414847
39.050964,-7.0370483,212.0,2019-05-17 08:00:00,14.0,56,5.4,10.0,0.0,0.0,0.0,0.0,1,1015.9,990.7,32,3,0,98,0.19,0.7,19.1,28.1,319,320,42.8,16.1,19.5,19.1,14.6,0.185,0.222,0.207,0.258,1,3600.0,318.0,169.0,149.0,408.2,318.0,554.0,387.6,206.0,181.6,408.2,387.6,675.3,23.59991951948748,84.88380891935167,110.33141941299996,449.90438964843736,5.429755678739962,136.79574757753596
39.050964,-7.0370483,212.0,2019-05-17 09:00:00,15.3,48,4.3,11.1,0.0,0.0,0.0,0.0,1,1016.0,990.9,30,0,0,99,0.26,0.91,19.4,27.4,320,321,43.9,17.0,19.3,19.1,14.6,0.184,0.222,0.207,0.258,1,3600.0,411.0,143.0,268.0,242.9,411.0,787.6,466.5,162.3,304.2,242.9,466.5,894.0,27.97165411441257,86.47355613853857,112.57655186099997,455.0623896484374,6.88074434625446,139.1149830960755
39.050964,-7.0370483,212.0,2019-05-17 10:00:00,16.1,44,3.8,11.9,0.0,0.0,0.0,0.0,1,1015.8,990.7,37,2,9,100,0.31,1.03,18.8,26.8,317,318,43.9,17.9,19.2,19.1,14.6,0.184,0.222,0.207,0.258,1,2309.97,465.0,101.0,364.0,137.0,465.0,986.4,504.7,109.6,395.1,137.0,504.7,1070.7,30.483480653194384,87.51579885311492,115.11232997299997,460.3643896484374,7.742685749729851,141.66666175553436
39.050964,-7.0370483,212.0,2019-05-17 11:00:00,17.0,40,3.1,12.5,0.0,0.0,0.0,0.0,2,1015.6,990.6,73,2,68,100,0.36,1.17,19.6,27.5,314,315,45.0,18.8,19.2,19.1,14.6,0.184,0.221,0.207,0.258,1,2189.17,539.0,113.0,426.0,133.0,539.0,1137.0,565.8,118.6,447.1,133.0,565.8,1193.5,34.46488371956243,88.45469630665576,117.97139873299997,465.8283896484374,9.221754448245933,144.47303119547664
39.050964,-7.0370483,212.0,2019-05-17 12:00:00,17.6,37,2.9,13.0,0.0,0.0,0.0,0.0,1,1016.0,991.1,33,0,6,98,0.39,1.26,20.9,29.6,319,320,45.4,19.7,19.2,19.1,14.6,0.187,0.222,0.207,0.258,1,2314.72,568.0,126.0,442.0,137.2,568.0,1229.1,579.4,128.5,450.9,137.2,579.4,1253.9,46.498878479003906,92.09274291992188,72.23684692382812,351.02239990234375,18.86060333251953,95.36310577392578
39.050964,-7.0370483,212.0,2019-05-17 13:00:00,19.7,31,2.0,16.7,0.0,0.0,0.0,0.0,0,1014.8,990.1,4,0,6,0,0.55,1.59,19.3,27.0,315,316,49.0,21.0,19.2,19.0,14.6,0.186,0.222,0.207,0.258,1,3600.0,872.0,565.0,307.0,601.6,872.0,1256.5,866.0,561.1,304.9,601.6,866.0,1247.9,41.63979898489752,92.14279131635521,76.01524055582813,356.97239990234374,15.38238147339274,99.21324284005681
39.050964,-7.0370483,212.0,2019-05-17 14:00:00,20.8,29,2.2,17.8,0.0,0.0,0.0,0.0,0,1013.9,989.3,4,0,7,0,0.59,1.74,21.1,29.5,313,314,49.0,22.2,19.4,19.0,14.6,0.186,0.222,0.207,0.258,1,3600.0,922.0,764.0,158.0,839.8,922.0,1217.2,890.6,738.0,152.6,839.8,890.6,1175.8,45.117734782477946,92.19285623628392,80.10876358982813,363.12039990234376,16.962303884958043,103.26419374949576
39.050964,-7.0370483,212.0,2019-05-17 15:00:00,21.2,27,1.7,17.6,0.0,0.0,0.0,0.0,0,1013.2,988.6,0,0,0,0,0.56,1.83,21.7,30.3,313,314,49.7,22.9,19.5,19.0,14.6,0.185,0.221,0.207,0.258,1,3600.0,833.0,675.0,158.0,810.6,833.0,1114.1,779.6,631.8,147.9,810.6,779.6,1042.7,46.982600832438074,92.24293768516323,84.39447080382813,369.3403999023438,17.606977684678363,107.42326419754437
39.050964,-7.0370483,212.0,2019-05-17 16:00:00,21.2,27,1.5,16.9,0.0,0.0,0.0,0.0,0,1012.7,988.1,20,0,0,66,0.5,1.84,21.8,30.7,309,309,49.7,23.2,19.7,19.0,14.6,0.185,0.221,0.207,0.258,1,3600.0,698.0,567.0,131.0,795.1,698.0,954.1,627.4,509.7,117.8,795.1,627.4,857.6,48.079664042229325,92.29303566845019,88.68017801782813,375.5603999023438,17.8214221054173,111.5250175917585
39.050964,-7.0370483,212.0,2019-05-17 17:00:00,19.8,31,2.3,14.7,0.0,0.0,0.0,0.0,1,1013.0,988.3,28,0,1,90,0.39,1.59,23.2,33.4,306,307,51.8,22.9,19.9,19.0,14.6,0.184,0.221,0.207,0.258,1,3600.0,513.0,387.0,126.0,692.1,513.0,748.1,434.2,327.5,106.6,692.1,434.2,633.1,51.125555785491684,92.34315019160364,92.47673700382812,381.52839990234384,19.259669644555874,115.16675655556685
39.050964,-7.0370483,212.0,2019-05-17 18:00:00,18.1,39,3.8,13.3,0.0,0.0,0.0,0.0,0,1013.4,988.6,11,0,2,34,0.27,1.28,23.0,34.0,305,306,50.8,22.1,20.0,19.0,14.6,0.184,0.221,0.207,0.258,1,3600.0,306.0,193.0,113.0,506.0,306.0,510.2,230.7,145.5,85.2,506.0,230.7,384.6,45.381482413341814,90.9669354910096,95.56010839582812,387.1903999023438,15.686607966771088,118.19360455182232
39.050964,-7.0370483,212.0,2019-05-17 19:00:00,16.3,45,4.4,12.1,0.0,0.0,0.0,0.0,0,1013.8,988.8,11,1,1,31,0.16,1.02,19.5,30.9,309,310,49.0,20.9,20.1,19.0,14.6,0.184,0.221,0.207,0.258,1,3600.0,128.0,70.0,58.0,364.8,128.0,256.7,64.3,35.2,29.1,364.8,64.3,129.0,36.08057773189803,89.62763512406417,98.07956401582813,392.52839990234384,10.857706815828926,120.73817045645767
39.050964,-7.0370483,212.0,2019-05-17 20:00:00,14.7,51,4.7,10.8,0.0,0.0,0.0,0.0,0,1014.2,989.1,1,0,1,0,0.1,0.82,18.1,30.2,301,303,41.4,19.6,20.1,19.0,14.6,0.184,0.221,0.207,0.258,0,0.0,11.0,3.0,8.0,35.5,11.0,54.4,0.0,0.0,0.0,0.0,0.0,0.0,30.650684159386472,88.33919120649311,100.11776938782812,397.57839990234385,8.409884514098158,122.87801284158677
39.050964,-7.0370483,212.0,2019-05-17 21:00:00,13.6,56,5.1,9.8,0.0,0.0,0.0,0.0,1,1014.7,989.5,29,0,0,97,0.07,0.68,17.7,30.5,303,305,37.1,18.5,20.0,19.0,14.6,0.184,0.221,0.207,0.258,0,0.0,0.0,0.0,0.0,0.0,0.0,0.0,0.0,0.0,0.0,0.0,0.0,0.0,27.36770681029379,87.25563093829514,101.82057387582812,402.4303999023438,7.058088507845466,124.73920009854704
39.050964,-7.0370483,212.0,2019-05-17 22:00:00,12.7,59,5.0,8.8,0.0,0.0,0.0,0.0,1,1015.1,989.8,29,0,0,98,0.07,0.6,18.3,31.1,302,305,37.8,17.5,19.9,19.0,14.6,0.184,0.221,0.207,0.258,0,0.0,0.0,0.0,0.0,0.0,0.0,0.0,0.0,0.0,0.0,0.0,0.0,0.0,26.078385323541212,86.49694334849976,103.31013290382812,407.1203999023438,6.5312986713727845,126.4199951662335
39.050964,-7.0370483,212.0,2019-05-17 23:00:00,12.2,60,4.7,8.4,0.0,0.0,0.0,0.0,1,1015.2,989.8,30,0,0,100,0.06,0.57,17.6,29.6,305,307,37.8,16.8,19.7,19.0,14.6,0.184,0.221,0.207,0.258,0,0.0,0.0,0.0,0.0,0.0,0.0,0.0,0.0,0.0,0.0,0.0,0.0,0.0,24.641096139463585,86.11949931615686,104.71070802382812,411.72039990234384,5.977968039947784,128.0229123577936
39.050964,-7.0370483,212.0,2019-05-18 00:00:00,12.0,65,5.6,8.2,0.0,0.0,0.0,0.0,2,1015.3,989.9,52,0,38,99,0.06,0.5,18.7,30.5,304,305,36.7,16.4,19.5,19.0,14.6,0.185,0.221,0.207,0.258,0,0.0,0.0,0.0,0.0,0.0,0.0,0.0,0.0,0.0,0.0,0.0,0.0,0.0,23.8795100291866,85.35797581582638,105.91778263382812,416.28439990234386,5.6809097863345706,129.476697632757
39.050964,-7.0370483,212.0,2019-05-18 01:00:00,11.7,65,5.4,8.2,0.0,0.0,0.0,0.0,2,1014.8,989.4,62,0,67,74,0.05,0.48,16.4,27.8,308,310,38.9,15.9,19.3,19.0,14.6,0.185,0.221,0.207,0.258,0,0.0,0.0,0.0,0.0,0.0,0.0,0.0,0.0,0.0,0.0,0.0,0.0,0.0,21.606574169316517,85.13251755306712,107.09721431382812,420.79439990234386,4.903926041434702,130.90329063499752
39.050964,-7.0370483,212.0,2019-05-18 02:00:00,11.3,65,5.0,7.8,0.0,0.0,0.0,0.0,1,1014.4,989.0,21,0,1,68,0.05,0.47,16.1,27.5,310,313,34.6,15.5,19.1,19.0,14.6,0.185,0.221,0.207,0.258,0,0.0,0.0,0.0,0.0,0.0,0.0,0.0,0.0,0.0,0.0,0.0,0.0,0.0,21.235908125619535,85.02633443736995,108.23978875382812,425.23239990234384,4.760218257109436,132.293638744987
39.050964,-7.0370483,212.0,2019-05-18 03:00:00,10.8,67,4.9,7.3,0.0,0.0,0.0,0.0,0,1014.1,988.6,7,0,0,24,0.04,0.43,15.0,26.5,312,315,33.5,15.0,18.9,19.0,14.6,0.185,0.221,0.207,0.258,0,0.0,0.0,0.0,0.0,0.0,0.0,0.0,0.0,0.0,0.0,0.0,0.0,0.0,19.811546914548526,84.69122179013637,109.27363433582812,429.58039990234386,4.301529524919641,133.5918717839325
39.050964,-7.0370483,212.0,2019-05-18 04:00:00,10.3,69,4.8,7.0,0.0,0.0,0.0,0.0,0,1014.0,988.5,0,0,0,0,0.03,0.39,13.8,25.0,313,319,31.0,14.5,18.7,19.0,14.6,0.185,0.221,0.207,0.258,0,0.0,0.0,0.0,0.0,0.0,0.0,0.0,0.0,0.0,0.0,0.0,0.0,0.0,18.27492987195534,84.28867519745575,110.20401637982812,433.83839990234384,3.8341795192857635,134.8018304561762
39.050964,-7.0370483,212.0,2019-05-18 05:00:00,9.8,70,4.7,6.9,0.0,0.0,0.0,0.0,0,1014.2,988.6,0,0,0,1,0.02,0.36,11.5,21.7,311,320,28.1,14.0,18.4,19.0,14.6,0.185,0.221,0.207,0.258,0,0.0,0.0,0.0,0.0,0.0,0.0,0.0,0.0,0.0,0.0,0.0,0.0,0.0,16.330364621457814,83.99424608782098,111.06489619982811,438.00639990234384,3.2825087479016464,135.94876900766351
39.050964,-7.0370483,212.0,2019-05-18 06:00:00,10.1,69,4.7,7.3,0.0,0.0,0.0,0.0,0,1014.8,989.2,11,0,0,36,0.04,0.39,10.7,19.6,310,319,23.0,13.7,18.2,18.9,14.6,0.185,0.221,0.207,0.258,1,171.29,23.0,8.0,15.0,78.3,23.0,77.8,52.2,18.1,34.0,137.6,29.7,176.4,15.969127576476605,84.04162076272809,111.97895575182811,442.2283999023438,3.1728068712989437,137.14188473171092
39.050964,-7.0370483,212.0,2019-05-18 07:00:00,11.6,61,4.3,8.5,0.0,0.0,0.0,0.0,0,1015.0,989.6,0,0,0,0,0.1,0.54,12.0,17.6,314,317,26.6,14.1,17.9,18.9,14.6,0.185,0.221,0.207,0.258,1,3600.0,156.0,81.0,75.0,355.9,156.0,304.4,221.4,115.0,106.4,355.9,221.4,432.1,17.018745823371805,84.14499387839565,113.28291224982812,446.72039990234384,3.4347771132530918,138.65973085392366
39.050964,-7.0370483,212.0,2019-05-18 08:00:00,13.4,50,3.2,9.8,0.0,0.0,0.0,0.0,0,1015.1,989.8,0,0,0,0,0.2,0.77,13.6,19.1,323,324,32.4,15.1,17.8,18.9,14.6,0.185,0.221,0.207,0.258,1,3600.0,361.0,262.0,99.0,629.8,361.0,556.4,439.5,319.0,120.5,629.8,439.5,677.4,21.141932000450737,85.67024879727569,115.19159074982811,451.5363999023438,4.588546647788185,140.66832906949026
39.050964,-7.0370483,212.0,2019-05-18 09:00:00,15.0,40,1.5,10.9,0.0,0.0,0.0,0.0,0,1015.1,990.0,1,1,0,0,0.32,1.02,15.3,21.3,326,326,36.7,16.4,17.7,18.9,14.6,0.185,0.221,0.207,0.258,1,3600.0,562.0,442.0,120.0,748.8,562.0,789.5,637.6,501.5,136.1,748.8,637.6,895.7,27.606216016227535,87.69486756969746,117.73474030982811,456.6403999023438,6.65913433503052,143.17994013538558
39.050964,-7.0370483,212.0,2019-05-18 10:00:00,16.5,37,1.6,13.3,0.0,0.0,0.0,0.0,0,1014.8,989.8,2,2,0,0,0.42,1.19,15.5,21.7,324,324,38.5,17.9,17.7,18.9,14.6,0.184,0.221,0.207,0.258,1,3600.0,737.0,599.0,138.0,810.8,737.0,988.0,799.8,650.0,149.8,810.8,799.8,1072.2,31.28019504313078,88.84807703740974,120.6538337178281,462.0143999023438,7.936175441639553,145.99327632101048
39.050964,-7.0370483,212.0,2019-05-18 11:00:00,18.5,28,-0.2,15.0,0.0,0.0,0.0,0.0,1,1014.1,989.3,40,0,66,0,0.52,1.53,19.2,26.4,320,321,45.7,19.3,17.8,18.9,14.6,0.184,0.221,0.207,0.258,1,3600.0,841.0,660.0,181.0,775.4,841.0,1138.4,882.6,692.7,190.0,775.4,882.6,1194.7,43.13602755050561,90.90128245525639,124.3690435098281,467.7483999023438,12.832311749796643,149.4172004630119
39.050964,-7.0370483,212.0,2019-05-18 12:00:00,19.6,25,-0.9,16.1,0.0,0.0,0.0,0.0,1,1014.1,989.4,45,0,75,0,0.59,1.71,21.5,29.6,310,311,48.2,20.7,17.9,18.9,14.6,0.185,0.221,0.208,0.258,1,3600.0,941.0,771.0,170.0,838.1,941.0,1230.4,959.9,786.5,173.4,838.1,959.9,1255.1,42.35910415649414,91.41038513183594,75.58714294433594,356.7815856933594,15.91970157623291,98.76683044433594
39.050964,-7.0370483,212.0,2019-05-18 13:00:00,20.0,25,-0.4,15.7,0.0,0.0,0.0,0.0,0,1013.6,988.9,16,0,27,0,0.53,1.75,21.8,30.5,308,308,50.8,21.4,18.1,18.8,14.6,0.185,0.221,0.208,0.257,1,3600.0,779.0,407.0,372.0,432.8,779.0,1257.7,773.7,404.2,369.5,432.8,773.7,1249.1,45.73600786046697,92.11035332587335,79.75332739433594,362.7855856933594,17.367769951437893,102.93474923517111
39.050964,-7.0370483,212.0,2019-05-18 14:00:00,20.9,26,0.6,17.5,0.0,0.0,0.0,0.0,1,1013.3,988.7,49,0,81,0,0.61,1.84,22.6,31.4,304,304,52.6,22.3,18.3,18.8,14.6,0.184,0.22,0.207,0.257,1,3600.0,942.0,782.0,160.0,858.3,942.0,1218.5,910.1,755.5,154.6,858.3,910.1,1177.2,47.93074477570728,92.16040753638829,84.03929787433594,368.9515856933594,18.210482513768646,107.09417595714622
39.050964,-7.0370483,212.0,2019-05-18 15:00:00,20.4,28,1.3,16.4,0.0,0.0,0.0,0.0,2,1013.2,988.6,64,0,79,57,0.55,1.73,23.7,32.9,300,300,53.6,22.7,18.6,18.8,14.7,0.184,0.22,0.207,0.257,1,3600.0,835.0,676.0,159.0,810.4,835.0,1115.6,781.7,632.8,148.8,810.4,781.7,1044.4,50.59215244790494,92.21047827231814,88.11465555433594,375.0275856933594,19.38490681600509,111.01843420624759
39.050964,-7.0370483,212.0,2019-05-18 16:00:00,19.4,31,1.8,14.3,0.0,0.0,0.0,0.0,2,1013.4,988.7,62,0,98,9,0.41,1.56,22.6,32.0,307,308,54.7,22.3,18.8,18.8,14.7,0.183,0.22,0.207,0.257,1,3600.0,544.0,267.0,277.0,373.6,544.0,955.9,489.2,240.1,249.1,373.6,489.2,859.6,49.70777279422657,92.26056553911874,91.83855312433595,380.9235856933594,18.469731876320655,114.60221701420566
39.050964,-7.0370483,212.0,2019-05-18 17:00:00,19.3,31,1.7,14.4,0.0,0.0,0.0,0.0,1,1013.4,988.7,29,0,0,98,0.35,1.55,21.1,29.8,287,290,50.0,21.9,19.0,18.8,14.7,0.183,0.22,0.207,0.257,1,3600.0,433.0,258.0,175.0,459.9,433.0,750.3,366.8,218.5,148.2,459.9,366.8,635.5,48.01774165442581,92.2735448087221,95.54428534033595,386.8015856933594,17.156535498569568,118.13619305506525
39.050964,-7.0370483,212.0,2019-05-18 18:00:00,17.7,37,2.8,12.7,0.0,0.0,0.0,0.0,1,1013.5,988.6,30,0,0,100,0.27,1.28,22.8,34.0,291,293,50.4,21.2,19.1,18.8,14.7,0.183,0.22,0.207,0.257,1,3600.0,310.0,197.0,113.0,513.7,310.0,512.9,234.2,148.8,85.4,513.7,234.2,387.4,46.49588646727291,91.20238291720307,98.66240784433595,392.3915856933594,16.0588368706127,121.16248724204247
39.050964,-7.0370483,212.0,2019-05-18 19:00:00,16.5,40,2.8,12.0,0.0,0.0,0.0,0.0,1,1014.1,989.1,30,0,0,99,0.17,1.12,19.3,31.3,291,293,48.6,20.2,19.2,18.8,14.7,0.183,0.22,0.207,0.257,1,3600.0,117.0,40.0,77.0,205.9,117.0,259.8,59.6,20.4,39.2,205.9,59.6,132.3,38.90068767967106,90.39762877674276,101.44249680433595,397.7655856933594,12.002143026016057,123.89339679546995
39.050964,-7.0370483,212.0,2019-05-18 20:00:00,14.8,46,3.3,10.3,0.0,0.0,0.0,0.0,1,1014.5,989.4,30,0,0,100,0.12,0.9,19.6,33.1,290,292,41.4,19.0,19.2,18.8,14.7,0.183,0.22,0.207,0.257,0,0.0,10.0,0.0,10.0,0.0,10.0,56.0,0.0,0.0,0.0,0.0,0.0,0.0,35.33530015535459,89.19435073601998,103.70289868033595,402.8335856933594,10.254750494849313,126.19117643158256
39.050964,-7.0370483,212.0,2019-05-18 21:00:00,13.9,50,3.5,9.9,0.0,0.0,0.0,0.0,1,1015.2,990.0,30,0,0,100,0.08,0.8,16.9,29.0,294,297,40.7,18.0,19.2,18.8,14.7,0.183,0.22,0.207,0.257,0,0.0,0.0,0.0,0.0,0.0,0.0,0.0,0.0,0.0,0.0,0.0,0.0,0.0,29.741890280619444,88.28207819744465,105.67739368033595,407.7395856933594,7.851832750194239,128.253418820892
39.050964,-7.0370483,212.0,2019-05-18 22:00:00,13.3,54,4.1,9.8,0.0,0.0,0.0,0.0,1,1015.4,990.1,30,0,0,100,0.06,0.71,14.3,24.7,295,299,34.9,17.3,19.1,18.8,14.7,0.183,0.22,0.207,0.257,0,0.0,0.0,0.0,0.0,0.0,0.0,0.0,0.0,0.0,0.0,0.0,0.0,0.0,25.272332723326606,87.48455240689896,107.42126766433596,412.5375856933594,6.144323441341394,130.13041242602637
39.050964,-7.0370483,212.0,2019-05-18 23:00:00,12.7,57,4.5,9.4,0.0,0.0,0.0,0.0,1,1015.3,990.0,28,0,0,92,0.06,0.63,13.9,24.3,295,297,29.5,16.6,18.9,18.8,14.7,0.183,0.22,0.207,0.257,0,0.0,0.0,0.0,0.0,0.0,0.0,0.0,0.0,0.0,0.0,0.0,0.0,0.0,23.460484936229484,86.83089700546452,108.98348810833596,417.2275856933594,5.486178643655955,131.8597084809809
39.050964,-7.0370483,212.0,2019-05-19 00:00:00,12.4,63,5.4,9.1,0.0,0.0,0.0,0.0,1,1015.4,990.0,32,0,5,95,0.05,0.54,14.5,24.8,297,300,28.8,16.3,18.8,18.8,14.7,0.183,0.22,0.208,0.257,0,0.0,0.0,0.0,0.0,0.0,0.0,0.0,0.0,0.0,0.0,0.0,0.0,0.0,21.864890282218457,85.86963745071104,110.29850177833596,421.8635856933594,4.937177780243144,133.40098943423598
39.050964,-7.0370483,212.0,2019-05-19 01:00:00,11.8,67,5.8,8.8,0.0,0.0,0.0,0.0,2,1015.1,989.7,61,0,54,96,0.04,0.46,13.4,23.2,297,300,29.5,15.7,18.7,18.8,14.7,0.183,0.219,0.208,0.257,0,0.0,0.0,0.0,0.0,0.0,0.0,0.0,0.0,0.0,0.0,0.0,0.0,0.0,19.40624466121261,85.03909527899812,111.41922514033597,426.39158569335945,4.162001722407381,134.78663083407068
39.050964,-7.0370483,212.0,2019-05-19 02:00:00,11.4,69,5.8,8.6,0.0,0.0,0.0,0.0,2,1014.6,989.2,76,0,79,96,0.03,0.42,11.9,21.8,299,304,27.4,15.2,18.5,18.7,14.7,0.183,0.219,0.208,0.257,0,0.0,0.0,0.0,0.0,0.0,0.0,0.0,0.0,0.0,0.0,0.0,0.0,0.0,17.46811567255151,84.51015033478684,112.43938089033597,430.84758569335946,3.589965810685891,136.08962818318366
39.050964,-7.0370483,212.0,2019-05-19 03:00:00,11.2,69,5.7,8.5,0.0,0.0,0.0,0.0,1,1014.6,989.1,29,0,2,94,0.03,0.42,11.4,20.9,298,302,24.5,14.8,18.3,18.7,14.7,0.183,0.219,0.208,0.257,0,0.0,0.0,0.0,0.0,0.0,0.0,0.0,0.0,0.0,0.0,0.0,0.0,0.0,16.90266397833988,84.3355323802822,113.44321414833597,435.2675856933595,3.4189511561055195,137.37607032088022
39.050964,-7.0370483,212.0,2019-05-19 04:00:00,10.7,70,5.6,8.0,0.0,0.0,0.0,0.0,0,1014.7,989.2,1,0,0,2,0.02,0.38,10.9,21.2,297,302,23.0,14.4,18.1,18.7,14.7,0.183,0.219,0.208,0.257,0,0.0,0.0,0.0,0.0,0.0,0.0,0.0,0.0,0.0,0.0,0.0,0.0,0.0,16.253340168966353,84.10241678093318,114.37517578833597,439.59758569335946,3.2310960765361347,138.59845423400097
39.050964,-7.0370483,212.0,2019-05-19 05:00:00,9.9,74,5.5,7.3,0.0,0.0,0.0,0.0,0,1014.6,989.0,0,0,0,0,0.02,0.32,10.5,21.4,297,303,22.0,13.9,17.9,18.7,14.7,0.183,0.219,0.208,0.257,0,0.0,0.0,0.0,0.0,0.0,0.0,0.0,0.0,0.0,0.0,0.0,0.0,0.0,14.979635689350557,83.41370197095628,115.12811654833597,443.78358569335944,2.8912094662435326,139.67112525692679
39.050964,-7.0370483,212.0,2019-05-19 06:00:00,10.3,73,5.6,7.7,0.0,0.0,0.0,0.0,0,1014.8,989.3,0,0,0,0,0.03,0.34,10.1,19.1,297,306,20.2,13.6,17.7,18.7,14.7,0.183,0.219,0.208,0.257,1,169.85,24.0,8.0,16.0,77.4,24.0,79.2,54.3,18.1,36.2,135.1,31.2,179.3,14.743243039295635,83.38001613702745,115.93844929633596,448.0415856933594,2.82111531387571,140.79444890222914
39.050964,-7.0370483,212.0,2019-05-19 07:00:00,12.2,63,5.3,9.7,0.0,0.0,0.0,0.0,0,1014.7,989.3,0,0,0,0,0.09,0.53,9.0,13.0,307,309,21.6,14.1,17.5,18.7,14.7,0.183,0.219,0.208,0.257,1,3600.0,164.0,98.0,66.0,426.6,164.0,307.1,232.0,138.7,93.4,426.6,232.0,434.5,14.689414277900287,83.7282457827247,117.23398128233596,452.64158569335945,2.793643130795678,142.31751833081813
39.050964,-7.0370483,212.0,2019-05-19 08:00:00,14.4,53,4.9,12.0,0.0,0.0,0.0,0.0,0,1014.4,989.2,0,0,0,0,0.2,0.78,8.2,11.0,319,322,22.0,15.3,17.4,18.7,14.7,0.183,0.219,0.207,0.257,1,3600.0,360.0,261.0,99.0,624.7,360.0,558.6,437.9,317.5,120.4,624.7,437.9,679.4,16.684240011172793,85.21788907679671,119.15187409233596,457.6375856933594,3.28256346265041,144.34713298811292
39.050964,-7.0370483,212.0,2019-05-19 09:00:00,16.5,44,4.3,14.2,0.0,0.0,0.0,0.0,0,1014.3,989.3,0,0,0,0,0.31,1.05,6.9,9.4,317,320,22.3,16.9,17.3,18.7,14.7,0.183,0.219,0.207,0.257,1,3600.0,558.0,439.0,119.0,741.7,558.0,791.3,632.8,497.8,134.9,741.7,632.8,897.4,19.433816190769424,87.09646779469206,121.74662378833595,463.01158569335945,4.003931575419661,146.9160874290694
39.050964,-7.0370483,212.0,2019-05-19 10:00:00,18.2,37,3.3,16.6,0.0,0.0,0.0,0.0,0,1014.0,989.2,0,0,0,0,0.43,1.32,7.7,10.2,307,309,23.8,18.7,17.4,18.6,14.7,0.182,0.219,0.207,0.257,1,3600.0,734.0,600.0,134.0,810.6,734.0,989.5,796.3,650.9,145.4,810.6,796.3,1073.6,24.13385627421438,88.8715363996906,124.94767508233595,468.69158569335946,5.374993575701587,149.95484591595988
39.050964,-7.0370483,212.0,2019-05-19 11:00:00,19.9,33,3.0,18.7,0.0,0.0,0.0,0.0,0,1013.6,988.9,0,0,0,0,0.54,1.57,9.8,12.9,298,300,28.1,20.4,17.5,18.6,14.7,0.182,0.219,0.207,0.257,1,3600.0,870.0,726.0,144.0,851.6,870.0,1139.7,913.0,761.8,151.1,851.6,913.0,1195.9,29.747404905488153,90.18653732846093,128.65182770233594,474.67758569335945,7.215125858692447,153.37835052525364
39.050964,-7.0370483,212.0,2019-05-19 12:00:00,21.0,33,4.2,20.0,0.0,0.0,0.0,0.0,0,1013.8,989.2,0,0,0,0,0.6,1.66,12.6,16.6,290,292,34.6,21.9,17.7,18.6,14.7,0.183,0.219,0.208,0.257,1,3600.0,955.0,806.0,149.0,875.0,955.0,1231.5,974.1,822.2,152.0,875.0,974.1,1256.2,35.98250198364258,91.46063232421875,79.64183044433594,363.17352294921875,12.050002098083496,102.77332305908203
39.050964,-7.0370483,212.0,2019-05-19 13:00:00,21.9,33,4.9,20.4,0.0,0.0,0.0,0.0,0,1013.6,989.1,19,0,7,50,0.63,1.76,16.9,22.7,290,290,41.4,23.1,18.0,18.6,14.7,0.182,0.219,0.208,0.257,1,3600.0,979.0,830.0,149.0,881.4,979.0,1258.8,972.3,824.4,148.0,881.4,972.3,1250.3,37.55065544849691,91.51047202912059,83.69875950433594,369.51952294921875,12.462798538831859,106.87671061531485
39.050964,-7.0370483,212.0,2019-05-19 14:00:00,23.4,26,2.9,21.3,0.0,0.0,0.0,0.0,2,1012.6,988.2,64,0,60,93,0.64,2.13,16.6,22.4,300,300,41.4,24.0,18.3,18.6,14.7,0.182,0.218,0.208,0.257,1,3600.0,932.0,773.0,159.0,847.2,932.0,1219.8,900.5,746.9,153.6,847.2,900.5,1178.5,41.20288580003502,92.43660537406708,88.47177208433594,376.13552294921874,13.993703306919542,111.4232151166946
39.050964,-7.0370483,212.0,2019-05-19 15:00:00,23.5,26,2.8,20.0,0.0,0.0,0.0,0.0,2,1012.0,987.6,68,0,66,96,0.59,2.15,21.2,28.9,288,289,48.2,24.4,18.6,18.6,14.7,0.181,0.218,0.208,0.257,1,3600.0,797.0,567.0,230.0,678.6,797.0,1117.0,746.3,530.9,215.4,678.6,746.3,1045.9,49.085116919522434,92.56831155731795,93.26426634833594,382.76952294921875,17.97424274868355,115.91806794451716
39.050964,-7.0370483,212.0,2019-05-19 16:00:00,22.7,28,3.1,18.7,0.0,0.0,0.0,0.0,1,1011.9,987.5,29,0,0,98,0.48,2.0,19.0,26.8,295,292,49.0,24.3,18.9,18.6,14.7,0.181,0.218,0.207,0.257,1,3600.0,613.0,361.0,252.0,503.9,613.0,957.6,551.5,324.8,226.7,503.9,551.5,861.5,46.60700999904273,92.61851696290118,97.77559252433593,389.25952294921876,16.202123499774448,120.12046816030049
39.050964,-7.0370483,212.0,2019-05-19 17:00:00,22.8,25,2.0,19.1,0.0,0.0,0.0,0.0,1,1011.4,987.0,29,0,0,97,0.37,2.07,13.5,19.0,304,303,43.6,23.9,19.2,18.6,14.7,0.18,0.218,0.207,0.257,1,3600.0,455.0,254.0,201.0,451.3,455.0,752.4,385.7,215.3,170.4,451.3,385.7,637.9,39.76704566879718,92.6796701688288,102.49463557433593,395.76752294921874,12.386322702273336,124.42881048574989
39.050964,-7.0370483,212.0,2019-05-19 18:00:00,22.2,28,3.0,18.6,0.0,0.0,0.0,0.0,1,1010.9,986.5,29,0,0,96,0.27,1.92,13.6,20.3,307,307,31.0,23.4,19.4,18.6,14.7,0.18,0.218,0.207,0.257,1,3600.0,275.0,119.0,156.0,308.6,275.0,515.4,208.2,90.1,118.1,308.6,208.2,390.2,40.54169675445258,92.7299123394961,106.91118599033592,402.1675229492187,12.537071128955358,128.4531978206711
39.050964,-7.0370483,212.0,2019-05-19 19:00:00,20.4,37,5.1,17.2,0.0,0.0,0.0,0.0,1,1011.4,986.8,29,0,0,98,0.16,1.52,13.6,24.0,307,310,31.7,22.4,19.6,18.6,14.7,0.18,0.218,0.207,0.257,1,2014.85,107.0,25.0,82.0,127.2,107.0,262.8,55.2,12.9,42.3,127.2,55.2,135.5,37.16349531668222,91.68366860619984,110.47712396033592,408.24352294921874,10.816068809138331,131.79186471021436
39.050964,-7.0370483,212.0,2019-05-19 20:00:00,18.6,45,6.3,16.0,0.0,0.0,0.0,0.0,1,1011.9,987.1,29,0,0,97,0.1,1.19,11.8,23.0,293,299,28.4,21.2,19.7,18.6,14.7,0.18,0.218,0.207,0.257,0,0.0,11.0,1.0,10.0,11.5,11.0,57.6,0.0,0.0,0.0,0.0,0.0,0.0,30.408103116479552,90.12506205025174,113.32961107033591,413.99552294921875,7.910246409860705,134.56657441667681
39.050964,-7.0370483,212.0,2019-05-19 21:00:00,17.4,53,7.7,15.1,0.0,0.0,0.0,0.0,1,1012.7,987.8,26,0,0,86,0.06,0.93,11.6,22.6,292,301,24.1,20.1,19.7,18.6,14.7,0.18,0.218,0.207,0.257,0,0.0,0.0,0.0,0.0,0.0,0.0,0.0,0.0,0.0,0.0,0.0,0.0,0.0,26.000703148190254,88.53740152326972,115.61870894033592,419.53152294921875,6.235845829637067,136.90990357705238
39.050964,-7.0370483,212.0,2019-05-19 22:00:00,16.0,58,7.7,13.9,0.0,0.0,0.0,0.0,1,1013.2,988.2,23,0,0,77,0.05,0.77,10.7,20.8,290,300,23.4,19.2,19.7,18.6,14.7,0.18,0.218,0.207,0.257,0,0.0,0.0,0.0,0.0,0.0,0.0,0.0,0.0,0.0,0.0,0.0,0.0,0.0,22.478839774237006,87.35354381819121,117.50948535233591,424.81552294921875,5.029975097392843,138.93849489422973
39.050964,-7.0370483,212.0,2019-05-19 23:00:00,14.3,63,7.3,12.0,0.0,0.0,0.0,0.0,0,1013.5,988.3,20,0,0,66,0.04,0.61,10.9,20.6,278,289,21.2,18.2,19.6,18.6,14.7,0.18,0.217,0.207,0.257,0,0.0,0.0,0.0,0.0,0.0,0.0,0.0,0.0,0.0,0.0,0.0,0.0,0.0,20.279342990786795,86.22813717097142,119.00957502033592,429.79352294921875,4.330852209138108,140.65259612360262
39.050964,-7.0370483,212.0,2019-05-20 00:00:00,13.0,69,7.3,10.3,0.0,0.0,0.0,0.0,0,1013.9,988.6,18,0,0,60,0.04,0.47,13.3,24.5,283,284,21.6,17.1,19.5,18.6,14.8,0.18,0.218,0.208,0.257,0,0.0,0.0,0.0,0.0,0.0,0.0,0.0,0.0,0.0,0.0,0.0,0.0,0.0,19.58996740119032,84.98338782713246,120.16031070633592,434.5375229492188,4.10948268942544,142.09128519056242
39.050964,-7.0370483,212.0,2019-05-20 01:00:00,11.9,70,6.6,9.1,0.0,0.0,0.0,0.0,0,1013.7,988.3,0,0,0,0,0.03,0.42,13.2,24.2,287,288,25.9,16.3,19.3,18.6,14.8,0.18,0.218,0.208,0.257,0,0.0,0.0,0.0,0.0,0.0,0.0,0.0,0.0,0.0,0.0,0.0,0.0,0.0,18.483027822650513,84.40550168900161,121.18704810633592,439.0835229492188,3.7790867904674963,143.4166270206121
39.050964,-7.0370483,212.0,2019-05-20 02:00:00,10.9,73,6.3,8.0,0.0,0.0,0.0,0.0,0,1013.5,988.0,0,0,0,0,0.03,0.35,13.4,25.3,290,290,26.6,15.6,19.1,18.6,14.8,0.18,0.218,0.208,0.257,0,0.0,0.0,0.0,0.0,0.0,0.0,0.0,0.0,0.0,0.0,0.0,0.0,0.0,17.456593253645774,83.72381036793183,122.04002994633592,443.44952294921876,3.4850317148081977,144.59587773042105
39.050964,-7.0370483,212.0,2019-05-20 03:00:00,10.3,77,6.4,7.6,0.0,0.0,0.0,0.0,0,1013.3,987.8,2,0,0,6,0.02,0.29,12.2,23.4,289,293,26.3,15.0,18.9,18.5,14.8,0.18,0.218,0.208,0.257,0,0.0,0.0,0.0,0.0,0.0,0.0,0.0,0.0,0.0,0.0,0.0,0.0,0.0,15.393818791253873,82.87586451952576,122.73031339833592,447.70752294921874,2.9390456691823363,145.64574985094123
39.050964,-7.0370483,212.0,2019-05-20 04:00:00,9.8,80,6.6,7.4,0.0,0.0,0.0,0.0,1,1013.2,987.7,24,0,0,79,0.01,0.24,10.4,20.3,290,297,23.4,14.4,18.6,18.5,14.8,0.18,0.218,0.208,0.257,0,0.0,0.0,0.0,0.0,0.0,0.0,0.0,0.0,0.0,0.0,0.0,0.0,0.0,13.340293293437089,82.09351120120614,123.30423327833593,451.87552294921875,2.434956918312398,146.60049547460298
39.050964,-7.0370483,212.0,2019-05-20 05:00:00,9.6,82,6.7,7.7,0.0,0.0,0.0,0.0,1,1013.5,987.9,25,0,0,84,0.0,0.22,7.1,14.8,285,304,19.4,13.9,18.4,18.5,14.8,0.18,0.218,0.208,0.257,0,0.0,0.0,0.0,0.0,0.0,0.0,0.0,0.0,0.0,0.0,0.0,0.0,0.0,11.054394758677391,81.49799152220767,123.81128359433593,456.00752294921875,1.9201666849084458,147.50161067545272
39.050964,-7.0370483,212.0,2019-05-20 06:00:00,9.9,82,6.9,8.2,0.0,0.0,0.0,0.0,1,1013.7,988.2,27,0,0,89,0.02,0.22,6.5,11.0,273,302,12.6,13.6,18.1,18.5,14.8,0.18,0.218,0.208,0.257,1,0.0,24.0,6.0,18.0,57.5,24.0,80.5,54.3,13.6,40.7,99.6,31.3,182.1,10.638877319800242,81.33417573928419,124.33255027433593,460.19352294921873,1.8277242653918202,148.41812353738132
39.050964,-7.0370483,212.0,2019-05-20 07:00:00,12.1,69,6.7,10.3,0.0,0.0,0.0,0.0,1,1014.1,988.7,27,0,1,88,0.07,0.43,6.4,9.6,286,290,16.2,14.1,17.9,18.5,14.8,0.18,0.217,0.208,0.257,1,3600.0,145.0,55.0,90.0,237.4,145.0,309.6,204.6,77.6,127.0,237.4,204.6,436.8,11.523253923436734,82.16375978004842,125.40983474633593,464.7755229492187,2.0076137208348745,149.7813524427069
39.050964,-7.0370483,212.0,2019-05-20 08:00:00,14.4,58,6.4,12.8,0.0,0.0,0.0,0.0,1,1014.2,989.0,24,0,0,79,0.15,0.68,4.5,6.5,284,289,16.6,15.2,17.7,18.5,14.8,0.18,0.217,0.208,0.257,1,3600.0,279.0,113.0,166.0,269.3,279.0,560.7,339.0,137.3,201.7,269.3,339.0,681.3,12.852107851088308,83.93690644457996,127.12369640633594,469.7715229492187,2.289291017752407,151.65198338030518
39.050964,-7.0370483,212.0,2019-05-20 09:00:00,16.8,50,6.4,15.4,0.0,0.0,0.0,0.0,0,1014.0,989.0,9,0,2,25,0.26,0.95,3.6,4.8,276,283,15.5,16.9,17.7,18.5,14.8,0.18,0.217,0.208,0.257,1,3600.0,461.0,246.0,215.0,414.5,461.0,793.1,522.5,278.8,243.7,414.5,522.5,898.9,15.273471314013982,85.84647941732702,129.47992710633594,475.1995229492187,2.8414073453553357,154.03392256490991
39.050964,-7.0370483,212.0,2019-05-20 10:00:00,19.4,41,5.9,18.6,0.0,0.0,0.0,0.0,1,1013.7,989.0,30,0,50,0,0.43,1.33,4.9,6.5,287,289,18.7,19.0,17.7,18.5,14.8,0.18,0.217,0.208,0.257,1,3600.0,704.0,539.0,165.0,726.9,704.0,990.9,763.6,584.6,179.0,726.9,763.6,1074.8,20.39848673108613,88.07855552217465,132.66412937633592,481.0955229492187,4.165697426747698,157.05606790130824
39.050964,-7.0370483,212.0,2019-05-20 11:00:00,21.5,34,5.1,21.0,0.0,0.0,0.0,0.0,0,1013.4,988.8,5,0,9,0,0.54,1.68,7.3,9.8,281,287,23.8,21.0,17.9,18.5,14.8,0.179,0.217,0.208,0.257,1,3600.0,848.0,691.0,157.0,809.4,848.0,1140.8,889.8,725.0,164.7,809.4,889.8,1197.0,27.333667852889462,90.07677261521535,136.59100503233591,487.3695229492187,6.261935167486153,160.63348267679163
39.050964,-7.0370483,212.0,2019-05-20 12:00:00,22.7,28,3.4,21.7,0.0,0.0,0.0,0.0,0,1013.6,989.1,6,0,10,0,0.6,1.98,10.4,13.5,304,304,30.2,22.6,18.1,18.5,14.8,0.179,0.217,0.208,0.257,1,3600.0,907.0,723.0,184.0,783.9,907.0,1232.6,925.2,737.5,187.7,783.9,925.2,1257.2,31.92984962463379,91.55299377441406,84.04285430908203,369.8363037109375,9.770073890686035,107.12488555908203
39.050964,-7.0370483,212.0,2019-05-20 13:00:00,23.7,27,3.7,22.6,0.0,0.0,0.0,0.0,0,1013.0,988.6,13,0,21,0,0.64,2.13,12.2,16.1,298,299,32.4,24.0,18.4,18.5,14.8,0.178,0.216,0.208,0.257,1,3600.0,940.0,760.0,180.0,806.1,940.0,1259.9,933.6,754.9,178.8,806.1,933.6,1251.4,35.206604934537694,92.2844590234893,88.80902197308203,376.5063037109375,10.973108634187978,111.73114250511571
39.050964,-7.0370483,212.0,2019-05-20 14:00:00,23.9,27,4.0,22.1,0.0,0.0,0.0,0.0,0,1012.7,988.4,18,0,30,0,0.6,2.16,13.6,18.4,292,293,34.9,24.8,18.7,18.4,14.8,0.177,0.216,0.207,0.257,1,3600.0,850.0,649.0,201.0,710.3,850.0,1221.0,821.4,627.1,194.2,710.3,821.4,1179.8,37.93962593150811,92.41643003716877,93.61362647308202,383.21230371093753,11.996268573878844,116.23849149786459
39.050964,-7.0370483,212.0,2019-05-20 15:00:00,24.1,28,4.5,21.6,0.0,0.0,0.0,0.0,0,1012.6,988.3,16,0,26,0,0.53,2.16,13.7,18.7,284,286,35.6,25.1,19.1,18.4,14.8,0.177,0.216,0.207,0.257,1,3600.0,708.0,508.0,200.0,606.9,708.0,1118.5,663.1,475.8,187.3,606.9,663.1,1047.5,38.80604887674764,92.46658529901565,98.39032477708201,389.95430371093755,12.142337600911963,120.66649981155128
39.050964,-7.0370483,212.0,2019-05-20 16:00:00,24.5,28,4.6,21.2,0.0,0.0,0.0,0.0,2,1011.7,987.4,60,0,100,0,0.47,2.23,14.8,20.8,284,284,34.9,25.2,19.4,18.4,14.8,0.177,0.216,0.207,0.257,1,3600.0,589.0,394.0,195.0,548.8,589.0,959.4,530.1,354.6,175.5,548.8,530.1,863.5,40.95750543858265,92.51675711963958,103.24284368908201,396.7683037109376,12.925343353194185,125.10314832956269
39.050964,-7.0370483,212.0,2019-05-20 17:00:00,23.0,31,4.9,18.8,0.0,0.0,0.0,0.0,2,1011.9,987.5,55,0,92,0,0.3,1.94,19.6,29.0,296,295,41.8,24.3,19.7,18.4,14.8,0.176,0.216,0.207,0.257,1,0.0,214.0,19.0,195.0,33.6,214.0,754.6,181.6,16.1,165.5,33.6,181.6,640.2,48.52773877237703,92.5669455045074,107.62069400308201,403.31230371093756,16.57878083904036,129.11086115810554
39.050964,-7.0370483,212.0,2019-05-20 18:00:00,22.6,32,5.0,19.1,0.0,0.0,0.0,0.0,1,1011.8,987.4,43,0,71,0,0.25,1.87,15.5,23.8,301,299,42.8,23.6,19.9,18.4,14.8,0.176,0.216,0.207,0.257,1,1063.33,180.0,37.0,143.0,95.4,180.0,518.0,136.6,28.1,108.5,95.4,136.6,393.0,43.18513465571419,92.61715045908782,111.86348885908201,409.78430371093754,13.57982429356196,132.97662076052026
39.050964,-7.0370483,212.0,2019-05-20 19:00:00,21.4,37,6.1,18.4,0.0,0.0,0.0,0.0,0,1012.1,987.6,4,0,6,0,0.16,1.6,13.2,23.7,313,313,33.8,22.8,20.0,18.4,14.8,0.176,0.216,0.207,0.257,1,3600.0,104.0,49.0,55.0,246.3,104.0,265.8,54.3,25.6,28.7,246.3,54.3,138.7,37.40260144663803,91.7703460842342,115.59528440908201,416.04030371093756,10.731262275312753,136.42653092201752
39.050964,-7.0370483,212.0,2019-05-20 20:00:00,19.2,44,6.7,16.2,0.0,0.0,0.0,0.0,0,1012.6,987.9,4,0,6,0,0.12,1.24,15.0,28.6,287,291,27.7,21.6,20.1,18.4,14.8,0.176,0.216,0.207,0.257,0,0.0,13.0,4.0,9.0,45.3,13.0,59.2,0.0,0.0,0.0,0.0,0.0,0.0,34.845389398489836,90.30504248702624,118.58809229708201,421.9003037109376,9.536874052837435,139.2939987291983
39.050964,-7.0370483,212.0,2019-05-20 21:00:00,17.5,56,8.5,14.7,0.0,0.0,0.0,0.0,0,1013.7,988.8,0,0,0,0,0.08,0.89,16.3,29.9,301,306,37.1,20.5,20.1,18.4,14.8,0.176,0.216,0.207,0.257,0,0.0,0.0,0.0,0.0,0.0,0.0,0.0,0.0,0.0,0.0,0.0,0.0,0.0,29.65616191625387,88.11439291328213,120.74266124108202,427.45430371093755,7.4369957877095265,141.53625338224688
39.050964,-7.0370483,212.0,2019-05-20 22:00:00,16.4,60,8.6,14.1,0.0,0.0,0.0,0.0,0,1014.4,989.4,0,0,0,0,0.06,0.74,13.2,25.1,299,308,33.1,19.6,20.1,18.4,14.8,0.176,0.216,0.207,0.257,0,0.0,0.0,0.0,0.0,0.0,0.0,0.0,0.0,0.0,0.0,0.0,0.0,0.0,23.975427389269594,87.00340921485649,122.58552324108202,432.81030371093755,5.427537673274422,143.53614362168116
39.050964,-7.0370483,212.0,2019-05-20 23:00:00,15.2,64,8.5,13.2,0.0,0.0,0.0,0.0,0,1014.7,989.6,0,0,0,0,0.04,0.62,11.0,21.5,293,305,26.6,18.7,20.0,18.4,14.8,0.176,0.216,0.207,0.257,0,0.0,0.0,0.0,0.0,0.0,0.0,0.0,0.0,0.0,0.0,0.0,0.0,0.0,20.297023095973273,86.0949027940326,124.13036812908202,437.95030371093753,4.271850468479239,145.30177673916788
39.050964,-7.0370483,212.0,2019-05-21 00:00:00,14.0,71,8.8,11.5,0.0,0.0,0.0,0.0,0,1015.3,990.1,0,0,0,0,0.04,0.47,15.1,27.2,288,290,21.6,17.9,19.9,18.4,14.8,0.172,0.214,0.206,0.257,0,0.0,0.0,0.0,0.0,0.0,0.0,0.0,0.0,0.0,0.0,0.0,0.0,0.0,20.644142735523456,84.74333225680547,125.28320994308201,442.8743037109375,4.354103363297594,146.76897547718934
39.050964,-7.0370483,212.0,2019-05-21 01:00:00,13.1,75,8.8,10.6,0.0,0.0,0.0,0.0,0,1015.0,989.7,0,0,0,0,0.03,0.38,14.9,27.1,290,292,29.5,17.2,19.8,18.4,14.8,0.172,0.214,0.206,0.257,0,0.0,0.0,0.0,0.0,0.0,0.0,0.0,0.0,0.0,0.0,0.0,0.0,0.0,18.590065306619465,83.7174406779572,126.21780424308201,447.6363037109375,3.7555008418878764,148.06365750775865
39.050964,-7.0370483,212.0,2019-05-21 02:00:00,12.4,81,9.2,10.1,0.0,0.0,0.0,0.0,0,1014.9,989.5,0,0,0,0,0.02,0.28,14.6,26.9,290,293,29.9,16.6,19.6,18.4,14.8,0.172,0.214,0.206,0.257,0,0.0,0.0,0.0,0.0,0.0,0.0,0.0,0.0,0.0,0.0,0.0,0.0,0.0,16.15580427392122,82.337352330977,126.89308153308201,452.27230371093754,3.100280502724451,149.1614109000894
39.050964,-7.0370483,212.0,2019-05-21 03:00:00,12.0,85,9.6,10.0,0.0,0.0,0.0,0.0,0,1015.3,989.9,0,0,0,0,0.01,0.21,12.8,23.5,292,295,28.8,16.0,19.4,18.4,14.8,0.172,0.214,0.206,0.257,0,0.0,0.0,0.0,0.0,0.0,0.0,0.0,0.0,0.0,0.0,0.0,0.0,0.0,13.496622392251446,81.1088234568495,127.41039922308201,456.83630371093756,2.446371898821549,150.13805985314843
39.050964,-7.0370483,212.0,2019-05-21 04:00:00,11.7,88,9.8,10.0,0.0,0.0,0.0,0.0,0,1015.3,989.9,4,4,0,0,0.0,0.16,11.4,21.6,288,296,24.5,15.5,19.2,18.4,14.8,0.172,0.214,0.206,0.257,0,0.0,0.0,0.0,0.0,0.0,0.0,0.0,0.0,0.0,0.0,0.0,0.0,0.0,11.622632811035384,80.01074268818812,127.81477579908201,461.34630371093755,2.022068379207231,151.02609740286988
39.050964,-7.0370483,212.0,2019-05-21 05:00:00,11.5,90,9.9,9.9,0.0,0.0,0.0,0.0,0,1015.4,989.9,1,1,0,0,0.0,0.14,10.4,20.0,290,298,21.6,15.1,18.9,18.4,14.8,0.172,0.214,0.206,0.257,0,0.0,0.0,0.0,0.0,0.0,0.0,0.0,0.0,0.0,0.0,0.0,0.0,0.0,10.393434388112128,79.12488444371486,128.146490959082,465.82030371093754,1.7599366290138556,151.8551513566989
39.050964,-7.0370483,212.0,2019-05-21 06:00:00,12.0,87,10.0,10.6,0.0,0.0,0.0,0.0,0,1015.8,990.4,3,3,0,0,0.02,0.18,9.6,17.4,290,300,19.4,14.9,18.7,18.4,14.8,0.172,0.214,0.206,0.257,1,265.09,25.0,9.0,16.0,85.4,25.0,81.8,56.4,20.3,36.1,146.9,32.8,184.7,10.107998033002218,79.17065149719333,128.594832957082,470.38430371093756,1.6978194031998852,152.77478646873183
39.050964,-7.0370483,212.0,2019-05-21 07:00:00,14.2,74,9.6,13.1,0.0,0.0,0.0,0.0,0,1015.9,990.7,2,2,0,0,0.08,0.42,6.6,10.0,292,296,18.7,15.5,18.5,18.4,14.8,0.172,0.214,0.206,0.257,1,3600.0,161.0,93.0,68.0,398.1,161.0,312.0,226.5,130.8,95.7,398.1,226.5,439.0,10.26967394440603,80.7767819875204,129.64210510508198,475.34430371093754,1.7242291221481154,154.16766427085707
39.050964,-7.0370483,212.0,2019-05-21 08:00:00,16.8,58,8.5,15.7,0.0,0.0,0.0,0.0,0,1015.8,990.8,0,0,0,0,0.2,0.8,4.8,6.6,297,299,17.6,16.8,18.4,18.4,14.8,0.172,0.214,0.206,0.257,1,3600.0,356.0,255.0,101.0,605.4,356.0,562.7,432.2,309.6,122.6,605.4,432.2,683.1,12.882382044502709,83.75551318296925,131.62133889308197,480.77230371093754,2.2689324978827363,156.28029130321738
39.050964,-7.0370483,212.0,2019-05-21 09:00:00,19.2,48,8.0,18.3,0.0,0.0,0.0,0.0,0,1015.7,990.9,0,0,0,0,0.32,1.15,2.6,3.3,304,311,16.6,18.7,18.4,18.4,14.8,0.172,0.213,0.206,0.257,1,3600.0,554.0,434.0,120.0,729.5,554.0,794.7,627.7,491.7,136.0,729.5,627.7,900.4,15.640491753608899,86.34031611467765,134.40037478908198,486.63230371093755,2.8960542799189306,159.0102630641847
39.050964,-7.0370483,212.0,2019-05-21 10:00:00,21.1,42,7.8,21.5,0.0,0.0,0.0,0.0,0,1015.7,991.1,0,0,0,0,0.45,1.45,1.4,1.8,270,281,14.4,20.8,18.4,18.4,14.8,0.171,0.213,0.206,0.257,1,3600.0,726.0,593.0,133.0,798.3,726.0,992.3,787.3,643.1,144.2,798.3,787.3,1076.0,18.29638822279796,88.186160628444,137.79018780508198,492.83430371093755,3.5464454547831137,162.20455902162027
39.050964,-7.0370483,212.0,2019-05-21 11:00:00,22.8,38,7.7,23.8,0.0,0.0,0.0,0.0,0,1015.5,991.0,0,0,0,0,0.55,1.72,2.9,3.6,270,276,16.2,22.8,18.6,18.4,14.8,0.171,0.213,0.206,0.257,1,3600.0,859.0,715.0,144.0,836.4,859.0,1142.0,901.2,750.1,151.1,836.4,901.2,1198.1,22.466344912578148,89.58660703126398,141.69126339308198,499.34230371093753,4.67634272035901,165.77996782265356
39.050964,-7.0370483,212.0,2019-05-21 12:00:00,23.5,37,8.1,24.6,0.0,0.0,0.0,0.0,0,1015.1,990.7,6,4,4,0,0.62,1.81,5.8,7.2,274,276,19.1,24.5,18.9,18.4,14.9,0.172,0.213,0.206,0.257,1,3600.0,941.0,791.0,150.0,856.5,941.0,1233.6,959.8,806.8,153.0,856.5,959.8,1258.3,25.030738830566406,90.84760284423828,87.59363555908203,376.22406005859375,6.705818176269531,110.67825317382812
39.050964,-7.0370483,212.0,2019-05-21 13:00:00,25.1,31,6.8,25.6,0.0,0.0,0.0,0.0,2,1014.4,990.1,53,0,89,0,0.63,2.19,6.3,7.9,283,286,22.0,25.8,19.3,18.4,14.9,0.171,0.213,0.206,0.257,1,3600.0,917.0,736.0,181.0,779.7,917.0,1260.9,910.8,731.1,179.8,779.7,910.8,1252.5,27.48899081943105,91.64514235627854,92.35295830708203,383.1460600585938,7.446342699441121,115.25417681985718
39.050964,-7.0370483,212.0,2019-05-21 14:00:00,24.9,31,6.6,23.1,0.0,0.0,0.0,0.0,2,1014.0,989.7,56,0,93,0,0.44,2.17,7.2,9.4,276,277,22.0,26.0,19.6,18.4,14.9,0.171,0.213,0.206,0.257,1,3600.0,585.0,316.0,269.0,345.4,585.0,1222.1,565.4,305.4,260.0,345.4,565.4,1181.1,29.09217568031453,91.74883134822032,97.07595034708203,390.0320600585938,7.907192912986628,119.68206172775562
39.050964,-7.0370483,212.0,2019-05-21 15:00:00,25.2,30,6.6,23.0,0.0,0.0,0.0,0.0,0,1013.8,989.5,1,0,2,0,0.44,2.24,9.5,12.0,279,277,24.8,26.2,19.9,18.4,14.9,0.17,0.212,0.206,0.257,1,3600.0,559.0,199.0,360.0,237.4,559.0,1119.9,523.7,186.4,337.2,237.4,523.7,1049.1,32.63616267127837,91.98491532798403,101.92267740708203,396.9720600585938,9.180574221479466,124.15395560217644
39.050964,-7.0370483,212.0,2019-05-21 16:00:00,25.1,34,8.0,22.6,0.0,0.0,0.0,0.0,0,1013.4,989.1,1,0,2,0,0.42,2.11,13.3,17.8,289,288,32.0,26.1,20.2,18.4,14.9,0.17,0.212,0.206,0.257,1,3600.0,521.0,310.0,211.0,430.8,521.0,961.1,469.1,279.1,190.0,430.8,469.1,865.4,37.663501441025275,92.03492812510065,106.47507307908204,403.8940600585938,11.196966614994441,128.35642822934284
39.050964,-7.0370483,212.0,2019-05-21 17:00:00,25.3,33,8.0,23.0,0.0,0.0,0.0,0.0,0,1013.3,989.1,1,0,1,0,0.4,2.14,12.1,16.3,287,288,33.1,26.1,20.5,18.4,14.9,0.17,0.212,0.206,0.257,1,3600.0,514.0,395.0,119.0,697.2,514.0,756.7,436.5,335.4,101.1,697.2,436.5,642.6,36.78600740324172,92.0849574339595,111.13172208708204,410.85206005859385,10.614758040089534,132.597451476035
39.050964,-7.0370483,212.0,2019-05-21 18:00:00,24.4,36,8.2,21.8,0.0,0.0,0.0,0.0,0,1013.3,989.0,1,0,1,0,0.29,1.96,14.3,20.6,288,286,31.7,25.5,20.8,18.4,14.9,0.169,0.212,0.206,0.257,1,3600.0,321.0,230.0,91.0,590.2,321.0,520.5,244.1,174.9,69.2,590.2,244.1,395.8,40.10582657712558,92.13500326001196,115.42822320708204,417.64806005859384,11.943329407940483,136.5253542302953
39.050964,-7.0370483,212.0,2019-05-21 19:00:00,22.8,41,8.9,20.8,0.0,0.0,0.0,0.0,0,1013.5,989.1,1,0,1,0,0.16,1.63,11.7,21.7,288,289,31.7,24.5,21.0,18.4,14.9,0.169,0.212,0.206,0.257,1,3600.0,135.0,76.0,59.0,377.7,135.0,268.8,71.3,40.1,31.1,377.7,71.3,141.9,34.188987689716235,91.25243793488507,119.14053707308204,424.1560600585938,9.244710260337332,139.9824450727692
39.050964,-7.0370483,212.0,2019-05-21 20:00:00,20.9,48,9.5,18.7,0.0,0.0,0.0,0.0,0,1014.5,989.9,1,0,1,0,0.11,1.28,14.0,26.8,293,294,28.1,23.2,21.1,18.4,14.9,0.169,0.212,0.206,0.257,0,0.0,14.0,4.0,10.0,44.7,14.0,60.7,0.0,0.0,0.0,0.0,0.0,0.0,32.428577819151386,89.8172717484708,122.15230011308205,430.3220600585938,8.456382520647487,142.89691078160158
39.050964,-7.0370483,212.0,2019-05-21 21:00:00,19.7,54,10.1,17.7,0.0,0.0,0.0,0.0,0,1015.2,990.5,1,0,1,0,0.08,1.05,13.7,26.9,300,300,28.8,22.1,21.1,18.4,14.9,0.169,0.212,0.206,0.257,0,0.0,0.0,0.0,0.0,0.0,0.0,0.0,0.0,0.0,0.0,0.0,0.0,0.0,28.538251414261975,88.547024635522,124.67122920108204,436.2720600585938,6.941475373320684,145.43903821763354
39.050964,-7.0370483,212.0,2019-05-21 22:00:00,18.4,62,10.9,16.9,0.0,0.0,0.0,0.0,0,1015.5,990.6,0,0,0,0,0.05,0.81,12.0,24.7,309,316,27.7,21.1,21.1,18.4,14.9,0.169,0.212,0.206,0.257,0,0.0,0.0,0.0,0.0,0.0,0.0,0.0,0.0,0.0,0.0,0.0,0.0,0.0,23.28300171634648,87.0493398494835,126.62203026108205,441.9880600585938,5.14258028484616,147.5602978419849
39.050964,-7.0370483,212.0,2019-05-21 23:00:00,17.3,73,12.4,16.5,0.0,0.0,0.0,0.0,0,1015.6,990.6,0,0,0,0,0.03,0.54,10.9,21.8,297,308,23.8,20.2,21.0,18.4,14.9,0.169,0.212,0.206,0.257,0,0.0,0.0,0.0,0.0,0.0,0.0,0.0,0.0,0.0,0.0,0.0,0.0,0.0,18.26259494536047,85.00809306847599,127.92993574908205,447.5060600585938,3.6537603787658828,149.21703675181254
39.050964,-7.0370483,212.0,2019-05-22 00:00:00,16.3,82,13.3,15.8,0.0,0.0,0.0,0.0,0,1016.0,991.0,0,0,0,0,0.01,0.33,10.8,20.6,291,303,20.9,19.5,21.0,18.4,14.9,0.169,0.212,0.206,0.257,0,0.0,0.0,0.0,0.0,0.0,0.0,0.0,0.0,0.0,0.0,0.0,0.0,0.0,14.654404206031645,82.81368449309558,128.75448486108206,452.8440600585938,2.7173174929766355,150.51871797606208
39.050964,-7.0370483,212.0,2019-05-22 01:00:00,15.5,87,13.4,15.2,0.0,0.0,0.0,0.0,0,1016.0,990.9,0,0,0,0,0.0,0.23,9.4,17.3,274,291,20.2,18.8,20.9,18.5,14.9,0.169,0.211,0.206,0.257,0,0.0,0.0,0.0,0.0,0.0,0.0,0.0,0.0,0.0,0.0,0.0,0.0,0.0,11.764857314669007,81.0587145369919,129.32261288908205,458.0380600585938,2.0494551189926136,151.62241938982547
39.050964,-7.0370483,212.0,2019-05-22 02:00:00,14.7,91,13.2,14.3,0.0,0.0,0.0,0.0,0,1016.0,990.8,0,0,0,0,0.0,0.15,9.4,16.9,274,286,16.9,18.1,20.7,18.5,14.9,0.169,0.211,0.206,0.257,0,0.0,0.0,0.0,0.0,0.0,0.0,0.0,0.0,0.0,0.0,0.0,0.0,0.0,10.161491155674117,79.34579128752011,129.69697714108204,463.08806005859384,1.7095299284678096,152.56901978937807
39.050964,-7.0370483,212.0,2019-05-22 03:00:00,14.1,92,12.9,13.8,0.0,0.0,0.0,0.0,0,1015.8,990.6,11,0,0,36,0.0,0.12,8.8,15.3,305,315,16.6,17.5,20.5,18.5,14.9,0.169,0.211,0.206,0.257,0,0.0,0.0,0.0,0.0,0.0,0.0,0.0,0.0,0.0,0.0,0.0,0.0,0.0,9.310532535102185,78.53380428881313,130.01710859708206,468.03006005859385,1.537280906464319,153.45857965227975
39.050964,-7.0370483,212.0,2019-05-22 04:00:00,13.7,94,12.7,13.4,0.0,0.0,0.0,0.0,0,1015.8,990.5,11,0,1,35,0.0,0.1,7.4,12.2,313,332,16.2,17.0,20.3,18.5,14.9,0.169,0.211,0.206,0.257,0,0.0,0.0,0.0,0.0,0.0,0.0,0.0,0.0,0.0,0.0,0.0,0.0,0.0,8.155838686538587,77.52914670048845,130.25088880508207,472.90006005859385,1.3163379090888332,154.27313385921053
39.050964,-7.0370483,212.0,2019-05-22 05:00:00,13.3,94,12.3,13.1,0.0,0.0,0.0,0.0,0,1015.8,990.5,1,0,0,2,0.0,0.1,5.8,8.5,292,332,13.3,16.5,20.1,18.5,14.9,0.17,0.211,0.206,0.257,0,0.0,0.0,0.0,0.0,0.0,0.0,0.0,0.0,0.0,0.0,0.0,0.0,0.0,7.452116012244833,77.23586926752802,130.47835062908206,477.69806005859385,1.1870703136247387,155.06835450543878
39.050964,-7.0370483,212.0,2019-05-22 06:00:00,13.6,92,12.2,13.6,0.0,0.0,0.0,0.0,0,1016.2,990.9,0,0,0,0,0.01,0.13,4.2,4.5,290,346,10.1,16.3,19.8,18.5,14.9,0.17,0.211,0.206,0.257,1,265.04,26.0,9.0,17.0,84.6,26.0,83.1,58.6,20.3,38.3,144.7,34.3,187.2,6.960347164279034,77.28101266199363,130.78795144508206,482.55006005859383,1.098897807026894,155.923852668417
39.050964,-7.0370483,212.0,2019-05-22 07:00:00,16.6,75,12.2,17.0,0.0,0.0,0.0,0.0,0,1016.6,991.6,0,0,0,1,0.08,0.47,1.4,3.7,90,61,9.4,17.0,19.6,18.5,14.9,0.17,0.211,0.206,0.257,1,3600.0,167.0,100.0,67.0,424.8,167.0,314.3,234.3,140.3,94.0,424.8,234.3,441.1,7.343817807899655,79.51148450792265,131.95290349508207,487.9420600585938,1.1611582028102678,157.45526290259428
39.050964,-7.0370483,212.0,2019-05-22 08:00:00,19.5,61,11.7,19.6,0.0,0.0,0.0,0.0,0,1016.8,992.0,5,0,0,17,0.2,0.89,2.5,2.5,135,135,12.2,18.6,19.5,18.5,14.9,0.17,0.211,0.206,0.257,1,3600.0,358.0,260.0,98.0,615.0,358.0,564.6,434.3,315.4,118.9,615.0,434.3,684.8,11.032496264654435,83.10216025676948,134.06798253908207,493.8560600585938,1.8556439996341605,159.7302963392316
39.050964,-7.0370483,212.0,2019-05-22 09:00:00,22.2,51,11.5,22.5,0.0,0.0,0.0,0.0,0,1016.9,992.3,11,0,0,36,0.34,1.32,1.4,1.8,180,191,12.6,20.5,19.5,18.5,14.9,0.169,0.211,0.206,0.257,1,3600.0,552.0,432.0,120.0,724.5,552.0,796.2,625.2,489.3,135.9,724.5,625.2,901.8,14.641562996592182,86.09815988706974,137.07369046108207,500.2560600585938,2.634678451879505,162.69703904165593
39.050964,-7.0370483,212.0,2019-05-22 10:00:00,24.9,41,10.6,26.0,0.0,0.0,0.0,0.0,0,1016.9,992.5,0,0,0,0,0.47,1.87,1.6,2.0,207,225,13.3,22.8,19.6,18.5,14.9,0.169,0.211,0.206,0.257,1,3600.0,719.0,581.0,138.0,780.9,719.0,993.5,779.5,629.9,149.6,780.9,779.5,1077.2,19.959561404097542,88.88436335996752,141.11219090108207,507.1420600585938,3.9599043313554465,166.44272963635467
39.050964,-7.0370483,212.0,2019-05-22 11:00:00,26.8,32,8.9,28.1,0.0,0.0,0.0,0.0,0,1016.5,992.3,5,0,8,1,0.59,2.37,2.9,3.7,187,191,15.8,25.0,19.8,18.5,14.9,0.168,0.211,0.206,0.257,1,3600.0,858.0,717.0,141.0,837.6,858.0,1143.0,900.1,752.2,147.9,837.6,900.1,1199.1,26.94102447272804,91.33786073599971,146.10687345308207,514.3700600585938,6.006045455880659,170.8727132963676
39.050964,-7.0370483,212.0,2019-05-22 12:00:00,27.6,29,7.9,28.3,0.0,0.0,0.0,0.0,1,1016.5,992.4,29,0,24,50,0.68,2.62,7.2,9.1,186,187,21.2,26.7,20.1,18.5,14.9,0.169,0.211,0.206,0.257,1,3600.0,943.0,792.0,151.0,856.6,943.0,1234.6,961.8,807.8,154.0,856.6,961.8,1259.2,26.593263626098633,91.9794921875,92.74597930908203,383.58966064453125,7.10888671875,115.52981567382812
39.050964,-7.0370483,212.0,2019-05-22 13:00:00,28.4,27,7.5,28.1,0.0,0.0,0.0,0.0,1,1016.1,992.0,46,0,29,94,0.61,2.83,8.1,10.2,212,212,24.1,27.8,20.5,18.5,14.9,0.169,0.211,0.206,0.257,1,3600.0,803.0,543.0,260.0,574.5,803.0,1261.9,797.6,539.4,258.3,574.5,797.6,1253.5,34.06126711266833,93.0552760213024,98.41541261908203,391.10566064453127,9.945969646988619,120.82296422589671
39.050964,-7.0370483,212.0,2019-05-22 14:00:00,28.5,25,6.4,27.4,0.0,0.0,0.0,0.0,1,1015.5,991.5,26,0,29,30,0.52,2.92,6.5,8.6,214,213,24.1,28.4,20.8,18.5,14.9,0.168,0.21,0.206,0.257,1,3600.0,673.0,374.0,299.0,408.2,673.0,1223.3,650.5,361.5,289.0,408.2,650.5,1182.4,34.4259995841855,93.57242157774984,104.25991781908203,398.63966064453126,9.86254091948816,126.08161083391462
39.050964,-7.0370483,212.0,2019-05-22 15:00:00,28.7,22,5.1,27.1,0.0,0.0,0.0,0.0,0,1015.2,991.2,0,0,0,0,0.38,3.06,2.8,3.8,230,229,20.5,28.5,21.2,18.5,14.9,0.168,0.21,0.206,0.257,1,3600.0,503.0,274.0,229.0,326.3,503.0,1121.2,471.3,256.7,214.6,326.3,471.3,1050.6,32.81136660679641,94.2313308242478,110.37927272308204,406.20966064453125,8.968418175983214,131.4567512816442
39.050964,-7.0370483,212.0,2019-05-22 16:00:00,28.7,22,4.7,27.2,0.0,0.0,0.0,0.0,0,1014.7,990.7,18,0,30,0,0.3,3.09,1.5,1.8,14,349,12.2,28.5,21.5,18.5,14.9,0.168,0.21,0.206,0.257,1,3600.0,413.0,288.0,125.0,399.4,413.0,962.8,372.0,259.4,112.6,399.4,372.0,867.3,32.11202299930159,94.32583020007965,116.49862762708204,413.77966064453125,8.510124587137488,136.74601191721018
39.050964,-7.0370483,212.0,2019-05-22 17:00:00,29.3,22,5.4,27.8,0.0,0.0,0.0,0.0,1,1014.2,990.3,37,0,61,0,0.33,3.18,2.6,3.7,236,241,11.2,28.7,21.9,18.5,14.9,0.167,0.21,0.206,0.257,1,3600.0,470.0,322.0,148.0,566.6,470.0,758.8,399.4,273.7,125.8,566.6,399.4,644.9,34.03870392839291,94.42585871426049,122.74119101908204,421.45766064453124,9.120168404980973,142.05536077305456
39.050964,-7.0370483,212.0,2019-05-22 18:00:00,28.2,26,7.1,25.8,0.0,0.0,0.0,0.0,1,1014.1,990.1,25,0,41,0,0.29,2.82,11.1,16.3,257,262,24.1,28.2,22.2,18.5,14.9,0.167,0.21,0.206,0.257,1,3600.0,265.0,111.0,154.0,283.3,265.0,523.1,201.9,84.6,117.3,283.3,201.9,398.5,45.58291020605358,94.47667738967917,128.44932443108203,428.93766064453126,14.094850615801281,146.91273059129992
39.050964,-7.0370483,212.0,2019-05-22 19:00:00,26.1,31,7.7,23.4,0.0,0.0,0.0,0.0,0,1014.3,990.1,4,0,7,0,0.21,2.33,13.8,25.8,277,285,29.5,27.1,22.4,18.5,14.9,0.167,0.21,0.206,0.257,1,3600.0,138.0,79.0,59.0,388.2,138.0,271.7,73.7,42.2,31.5,388.2,73.7,145.1,46.62269980733638,93.66377438810605,133.39030071908203,436.03966064453124,14.429917366069601,151.16906177155107
39.050964,-7.0370483,212.0,2019-05-22 20:00:00,23.8,36,7.7,21.0,0.0,0.0,0.0,0.0,0,1015.1,990.7,1,0,2,0,0.16,1.9,15.0,29.6,287,291,28.4,25.6,22.5,18.5,14.9,0.167,0.21,0.206,0.257,0,0.0,15.0,4.0,11.0,44.1,15.0,62.3,0.0,0.0,0.0,0.0,0.0,0.0,43.63724889322457,92.41901725814296,137.58570769508202,442.7276606445312,12.877815530299145,154.85858235531745
39.050964,-7.0370483,212.0,2019-05-22 21:00:00,21.2,59,12.9,19.7,0.0,0.0,0.0,0.0,0,1016.5,991.9,0,0,0,0,0.08,1.03,16.5,29.7,302,306,39.6,24.3,22.6,18.5,14.9,0.167,0.21,0.206,0.257,0,0.0,0.0,0.0,0.0,0.0,0.0,0.0,0.0,0.0,0.0,0.0,0.0,0.0,31.63005249792362,88.3990754311662,139.992748733082,448.94766064453125,7.825403695258849,157.33406889100223
39.050964,-7.0370483,212.0,2019-05-22 22:00:00,20.1,62,12.6,18.6,0.0,0.0,0.0,0.0,0,1017.2,992.4,0,0,0,1,0.07,0.89,15.4,27.9,303,308,33.8,23.2,22.6,18.6,14.9,0.167,0.21,0.206,0.257,0,0.0,0.0,0.0,0.0,0.0,0.0,0.0,0.0,0.0,0.0,0.0,0.0,0.0,27.154894138372182,87.17851475396994,142.11361962908202,454.96966064453125,6.216965434435138,159.59787538195582
39.050964,-7.0370483,212.0,2019-05-22 23:00:00,19.0,65,12.3,17.8,0.0,0.0,0.0,0.0,0,1017.2,992.3,12,0,0,41,0.05,0.77,13.0,24.8,304,310,31.0,22.2,22.5,18.6,14.9,0.167,0.21,0.206,0.257,0,0.0,0.0,0.0,0.0,0.0,0.0,0.0,0.0,0.0,0.0,0.0,0.0,0.0,23.19629765924704,86.4037190386415,143.96569593908202,460.79366064453126,4.935031752436564,161.66160944525888
39.050964,-7.0370483,212.0,2019-05-23 00:00:00,18.1,67,11.9,17.3,0.0,0.0,0.0,0.0,0,1017.3,992.4,0,0,0,0,0.03,0.68,9.3,18.6,306,313,25.2,21.6,22.6,18.6,14.9,0.169,0.21,0.206,0.257,0,0.0,0.0,0.0,0.0,0.0,0.0,0.0,0.0,0.0,0.0,0.0,0.0,0.0,19.286016006123354,85.8703063810735,145.633749315082,466.45566064453124,3.799462371538933,163.5843763660143
39.050964,-7.0370483,212.0,2019-05-23 01:00:00,16.9,71,11.6,16.1,0.0,0.0,0.0,0.0,0,1017.6,992.6,0,0,0,1,0.02,0.55,8.4,15.1,250,273,17.3,20.6,22.4,18.6,15.0,0.169,0.21,0.206,0.257,0,0.0,0.0,0.0,0.0,0.0,0.0,0.0,0.0,0.0,0.0,0.0,0.0,0.0,17.182190328255444,85.04363715062944,147.00799783508202,471.90166064453126,3.2370782356115293,165.2883693766749
39.050964,-7.0370483,212.0,2019-05-23 02:00:00,15.8,73,11.0,14.7,0.0,0.0,0.0,0.0,0,1017.4,992.3,15,0,0,50,0.02,0.48,9.7,17.9,274,285,18.4,19.8,22.2,18.6,15.0,0.169,0.21,0.206,0.257,0,0.0,0.0,0.0,0.0,0.0,0.0,0.0,0.0,0.0,0.0,0.0,0.0,0.0,16.968622579629077,84.41781706944873,148.209280593082,477.14966064453125,3.173332366376997,166.8521220837299
39.050964,-7.0370483,212.0,2019-05-23 03:00:00,14.8,77,10.8,13.6,0.0,0.0,0.0,0.0,1,1017.4,992.2,29,0,0,96,0.01,0.38,9.5,16.1,279,290,18.7,19.1,22.0,18.6,15.0,0.169,0.209,0.206,0.257,0,0.0,0.0,0.0,0.0,0.0,0.0,0.0,0.0,0.0,0.0,0.0,0.0,0.0,15.416173586237303,83.51782768457726,149.17204435508202,482.21766064453124,2.7867715458669755,168.2361731086105
39.050964,-7.0370483,212.0,2019-05-23 04:00:00,14.1,80,10.7,12.9,0.0,0.0,0.0,0.0,1,1017.3,992.0,28,0,0,92,0.01,0.33,10.0,17.3,285,291,19.1,18.4,21.8,18.6,15.0,0.169,0.209,0.206,0.257,0,0.0,0.0,0.0,0.0,0.0,0.0,0.0,0.0,0.0,0.0,0.0,0.0,0.0,14.50326640435728,82.68301761494168,149.97237299508203,487.15966064453124,2.567224128995868,169.49608525222
39.050964,-7.0370483,212.0,2019-05-23 05:00:00,13.5,82,10.5,12.0,0.0,0.0,0.0,0.0,1,1017.5,992.2,30,0,0,99,0.01,0.27,10.9,20.5,287,288,21.2,17.9,21.5,18.6,15.0,0.169,0.209,0.206,0.257,0,0.0,0.0,0.0,0.0,0.0,0.0,0.0,0.0,0.0,0.0,0.0,0.0,0.0,14.114991028053705,82.01486497850348,150.664236043082,491.99366064453125,2.4733253411955096,170.66824678485418
39.050964,-7.0370483,212.0,2019-05-23 06:00:00,13.6,80,10.3,12.1,0.0,0.0,0.0,0.0,0,1017.6,992.3,7,0,0,23,0.03,0.31,11.0,20.9,289,289,23.0,17.5,21.3,18.7,15.0,0.169,0.209,0.206,0.257,1,0.0,23.0,3.0,20.0,28.0,23.0,84.2,51.8,6.8,45.0,47.5,30.5,189.6,14.25681399255959,82.06158616005368,151.438238083082,496.8456606445312,2.499964859672072,171.89373003442853
39.050964,-7.0370483,212.0,2019-05-23 07:00:00,15.4,71,10.2,14.3,0.0,0.0,0.0,0.0,0,1018.1,992.9,0,0,0,0,0.09,0.5,7.7,12.2,281,284,22.7,17.9,21.0,18.7,15.0,0.169,0.209,0.206,0.257,1,3600.0,157.0,83.0,74.0,350.0,157.0,316.5,219.8,116.2,103.6,350.0,219.8,443.1,13.242911500832237,82.61894925890547,152.697965893082,502.0216606445312,2.267945732896151,173.47948779793046
39.050964,-7.0370483,212.0,2019-05-23 08:00:00,18.0,60,10.0,17.1,0.0,0.0,0.0,0.0,0,1018.2,993.2,7,0,0,22,0.21,0.84,6.1,8.3,267,270,19.8,19.0,20.9,18.7,15.0,0.169,0.209,0.206,0.257,1,3600.0,365.0,269.0,96.0,634.0,365.0,566.3,442.4,326.0,116.4,634.0,442.4,686.4,14.982781631928242,84.42587235756281,154.709318133082,507.6656606445312,2.6497560081709417,175.6198288838728
39.050964,-7.0370483,212.0,2019-05-23 09:00:00,20.9,48,9.6,19.8,0.0,0.0,0.0,0.0,1,1018.4,993.7,27,0,0,91,0.35,1.27,6.8,9.0,267,270,20.9,20.7,20.8,18.7,15.0,0.169,0.209,0.206,0.257,1,3600.0,560.0,443.0,117.0,741.3,560.0,797.6,634.0,501.5,132.5,741.3,634.0,903.0,20.19351915318372,87.01900733440239,157.721081173082,513.8316606445312,3.940112760217235,178.48038419905706
39.050964,-7.0370483,212.0,2019-05-23 10:00:00,23.4,39,8.7,22.8,0.0,0.0,0.0,0.0,1,1018.3,993.8,28,0,0,93,0.47,1.75,8.3,11.2,268,268,24.5,22.6,20.8,18.7,15.0,0.168,0.209,0.206,0.257,1,3600.0,700.0,498.0,202.0,668.3,700.0,994.6,758.8,539.8,219.0,668.3,758.8,1078.2,27.183211654389485,89.40019918603507,161.655591543082,520.4476606445312,5.976756807566264,181.99111009001643
39.050964,-7.0370483,212.0,2019-05-23 11:00:00,25.0,34,7.9,24.0,0.0,0.0,0.0,0.0,1,1018.1,993.7,24,0,0,79,0.53,2.11,10.4,13.7,268,272,28.4,24.2,20.9,18.7,15.0,0.168,0.209,0.206,0.257,1,3600.0,736.0,411.0,325.0,479.5,736.0,1144.0,772.0,431.1,340.9,479.5,772.0,1200.0,33.93472688937191,90.92048941739489,166.190611659082,527.3516606445312,8.258745974697469,185.91063778281816
39.050964,-7.0370483,212.0,2019-05-23 12:00:00,27.0,27,6.5,26.0,0.0,0.0,0.0,0.0,1,1017.2,993.0,23,0,0,78,0.66,2.59,13.0,17.1,276,277,30.6,25.9,21.0,18.7,15.0,0.169,0.209,0.206,0.257,1,3600.0,879.0,582.0,297.0,628.8,879.0,1235.5,896.6,593.6,302.9,628.8,896.6,1260.1,42.564453125,92.39794921875,97.89441680908203,390.8370666503906,14.085208892822266,120.23426055908203
39.050964,-7.0370483,212.0,2019-05-23 13:00:00,28.1,26,7.0,27.4,0.0,0.0,0.0,0.0,1,1016.5,992.4,26,0,0,85,0.73,2.79,14.6,19.4,279,280,36.7,27.4,21.3,18.7,15.0,0.168,0.209,0.206,0.257,1,3600.0,970.0,817.0,153.0,863.5,970.0,1262.9,963.6,811.6,152.0,863.5,963.6,1254.5,43.60319598463753,93.27030316272007,103.58306853708203,398.2990666503906,14.221724856247233,125.5431466403213
39.050964,-7.0370483,212.0,2019-05-23 14:00:00,28.6,25,6.6,27.5,0.0,0.0,0.0,0.0,0,1015.9,991.9,16,0,0,54,0.72,2.93,15.3,20.5,279,281,37.8,28.4,21.6,18.7,15.0,0.168,0.208,0.206,0.257,1,3600.0,930.0,778.0,152.0,848.1,930.0,1224.4,899.0,752.1,146.9,848.1,899.0,1183.6,46.671832566759946,93.6253508436844,109.44731868708203,405.85106665039064,15.479910641649234,130.74706065036742
39.050964,-7.0370483,212.0,2019-05-23 15:00:00,28.6,23,5.5,26.3,0.0,0.0,0.0,0.0,1,1015.7,991.7,30,0,0,100,0.68,3.0,17.9,24.6,280,281,42.1,29.0,21.9,18.7,15.0,0.167,0.208,0.206,0.257,1,3600.0,839.0,696.0,143.0,827.5,839.0,1122.6,786.3,652.3,134.0,827.5,786.3,1052.1,53.300336077369415,94.06229058820041,115.46794884108203,413.40306665039066,18.750340059225362,135.98246425937538
39.050964,-7.0370483,212.0,2019-05-23 16:00:00,27.8,24,5.5,24.5,0.0,0.0,0.0,0.0,1,1015.4,991.3,30,0,0,99,0.57,2.83,18.9,26.2,288,288,43.9,28.9,22.2,18.7,15.0,0.167,0.208,0.206,0.257,1,3600.0,667.0,471.0,196.0,651.8,667.0,964.5,601.1,424.4,176.6,651.8,601.1,869.2,55.828266953089155,94.11298923147669,121.25032326508203,420.81106665039067,19.858272107488517,140.96112420867348
39.050964,-7.0370483,212.0,2019-05-23 17:00:00,26.7,28,6.7,23.2,0.0,0.0,0.0,0.0,1,1015.2,991.0,30,0,0,99,0.44,2.52,18.1,25.5,291,292,43.2,28.3,22.5,18.7,15.0,0.167,0.208,0.206,0.257,1,3600.0,461.0,252.0,209.0,442.0,461.0,760.9,392.1,214.3,177.8,442.0,392.1,647.2,55.04089980396773,94.13311447980563,126.51985552108204,428.02106665039065,19.126861240687308,145.51029714972606
39.050964,-7.0370483,212.0,2019-05-23 18:00:00,25.1,41,11.0,22.5,0.0,0.0,0.0,0.0,1,1015.2,990.9,30,0,0,99,0.29,1.87,19.8,29.3,295,296,41.8,27.4,22.7,18.7,15.0,0.166,0.208,0.206,0.257,1,3600.0,246.0,78.0,168.0,198.1,246.0,525.6,187.8,59.5,128.3,198.1,187.8,401.2,47.707952515578775,91.80912577974325,130.58942134908204,434.9430666503907,15.047748567448632,149.19286472088535
39.050964,-7.0370483,212.0,2019-05-23 19:00:00,22.4,53,12.3,20.1,0.0,0.0,0.0,0.0,1,1015.7,991.2,29,0,0,97,0.17,1.28,20.6,32.6,299,301,44.6,26.0,22.9,18.7,15.0,0.166,0.208,0.206,0.257,1,0.0,91.0,12.0,79.0,58.3,91.0,274.6,49.1,6.5,42.6,58.3,49.1,148.2,39.030647395679146,89.27401768139966,133.49719431908204,441.37906665039066,10.908760198150093,152.0350681364414
39.050964,-7.0370483,212.0,2019-05-23 20:00:00,20.8,54,11.1,18.4,0.0,0.0,0.0,0.0,1,1016.1,991.4,27,0,0,90,0.13,1.13,18.3,30.5,302,303,42.5,24.6,22.9,18.8,15.0,0.166,0.208,0.206,0.257,0,0.0,10.0,1.0,9.0,10.9,10.0,63.8,0.0,0.0,0.0,0.0,0.0,0.0,33.93000531357532,88.54653088049142,136.14933600308206,447.5270666503907,8.75160819560105,154.66551978643193
39.050964,-7.0370483,212.0,2019-05-23 21:00:00,19.1,57,10.3,16.9,0.0,0.0,0.0,0.0,1,1016.8,992.0,30,0,0,100,0.08,0.96,15.6,26.9,304,308,37.8,23.3,22.9,18.8,15.0,0.166,0.208,0.206,0.257,0,0.0,0.0,0.0,0.0,0.0,0.0,0.0,0.0,0.0,0.0,0.0,0.0,0.0,28.910948730879912,87.79215194833156,138.43606447908206,453.36906665039066,6.855348813944638,157.0127084843911
39.050964,-7.0370483,212.0,2019-05-23 22:00:00,17.7,58,9.3,15.5,0.0,0.0,0.0,0.0,1,1017.1,992.1,29,0,0,95,0.07,0.86,14.0,25.2,299,304,31.7,22.1,22.8,18.8,15.0,0.166,0.208,0.206,0.257,0,0.0,0.0,0.0,0.0,0.0,0.0,0.0,0.0,0.0,0.0,0.0,0.0,0.0,26.254920044631334,87.33681228187695,140.51481281508205,458.95906665039064,5.925789367757314,159.18755411370404
39.050964,-7.0370483,212.0,2019-05-23 23:00:00,16.5,58,8.1,13.9,0.0,0.0,0.0,0.0,1,1017.1,992.0,29,0,0,96,0.06,0.79,14.2,25.8,291,298,28.8,21.1,22.7,18.8,15.0,0.166,0.208,0.206,0.257,0,0.0,0.0,0.0,0.0,0.0,0.0,0.0,0.0,0.0,0.0,0.0,0.0,0.0,25.881499977741175,87.08826672593898,142.46087508708206,464.33306665039066,5.777411585926106,161.2443237820978
39.050964,-7.0370483,212.0,2019-05-24 00:00:00,15.2,63,8.2,12.7,0.0,0.0,0.0,0.0,1,1016.9,991.7,27,0,0,90,0.05,0.64,14.3,25.1,282,291,28.4,20.3,22.6,18.8,15.0,0.168,0.208,0.206,0.257,0,0.0,0.0,0.0,0.0,0.0,0.0,0.0,0.0,0.0,0.0,0.0,0.0,0.0,23.91343358581129,86.2249578648182,144.04863233308205,469.47306665039065,5.137889088638287,163.03613668043738
39.050964,-7.0370483,212.0,2019-05-24 01:00:00,14.4,66,8.1,11.8,0.0,0.0,0.0,0.0,1,1016.6,991.4,27,0,0,89,0.05,0.56,14.8,26.3,283,292,29.2,19.4,22.4,18.8,15.0,0.168,0.207,0.206,0.257,0,0.0,0.0,0.0,0.0,0.0,0.0,0.0,0.0,0.0,0.0,0.0,0.0,0.0,22.772284062465776,85.52538264489077,145.43604415308207,474.46906665039063,4.7771463383753,164.67787960017242
39.050964,-7.0370483,212.0,2019-05-24 02:00:00,14.2,68,8.5,12.0,0.0,0.0,0.0,0.0,1,1016.1,990.9,28,0,0,93,0.04,0.51,12.6,23.0,283,302,29.2,18.7,22.1,18.8,15.0,0.168,0.207,0.206,0.257,0,0.0,0.0,0.0,0.0,0.0,0.0,0.0,0.0,0.0,0.0,0.0,0.0,0.0,20.150019387775824,85.06837801288067,146.72499448908206,479.4290666503906,4.013705816831817,166.2509408179187
39.050964,-7.0370483,212.0,2019-05-24 03:00:00,14.5,69,8.9,12.5,0.0,0.0,0.0,0.0,1,1015.7,990.5,29,0,0,96,0.03,0.51,11.4,21.4,288,312,24.5,18.2,21.9,18.8,15.0,0.168,0.207,0.206,0.257,0,0.0,0.0,0.0,0.0,0.0,0.0,0.0,0.0,0.0,0.0,0.0,0.0,0.0,18.913346024035505,84.85253544232597,147.99814886508207,484.4430666503906,3.6678547784917246,167.82175014124027
39.050964,-7.0370483,212.0,2019-05-24 04:00:00,14.7,68,8.9,12.7,0.0,0.0,0.0,0.0,1,1015.4,990.2,28,0,0,94,0.03,0.53,11.4,22.4,298,318,22.3,17.8,21.6,18.9,15.0,0.168,0.207,0.206,0.257,0,0.0,0.0,0.0,0.0,0.0,0.0,0.0,0.0,0.0,0.0,0.0,0.0,0.0,19.046508131129297,84.9001934817599,149.32922176108207,489.49306665039063,3.691884751186716,169.43498601100003
39.050964,-7.0370483,212.0,2019-05-24 05:00:00,15.1,63,8.2,12.8,0.0,0.0,0.0,0.0,1,1015.3,990.2,27,0,0,91,0.05,0.63,12.7,24.6,315,328,24.8,17.6,21.4,18.9,15.0,0.168,0.207,0.206,0.257,0,0.0,0.0,0.0,0.0,0.0,0.0,0.0,0.0,0.0,0.0,0.0,0.0,0.0,20.11903468134093,84.94786725551201,150.90723816508208,494.61506665039065,3.9676923507621944,171.21788081428022
39.050964,-7.0370483,212.0,2019-05-24 06:00:00,15.6,58,7.2,12.7,0.0,0.0,0.0,0.0,1,1015.6,990.5,28,0,0,92,0.08,0.75,15.0,27.6,330,338,30.2,17.5,21.1,18.9,15.0,0.168,0.207,0.206,0.257,1,0.0,23.0,3.0,20.0,27.7,23.0,85.3,51.7,6.7,45.0,46.9,30.6,191.9,22.521408200707523,85.2242500887939,152.75378588908208,499.82706665039063,4.628143577900128,173.1869755673504
39.050964,-7.0370483,212.0,2019-05-24 07:00:00,17.0,52,7.0,13.9,0.0,0.0,0.0,0.0,1,1015.5,990.5,24,0,0,79,0.15,0.94,16.1,25.5,333,337,34.2,18.0,20.9,18.9,15.0,0.168,0.207,0.206,0.257,1,3600.0,144.0,47.0,97.0,196.9,144.0,318.6,201.1,65.6,135.5,196.9,201.1,444.9,25.929878983715213,86.23962949278098,155.04104089708207,505.29106665039063,5.637338231930568,175.47633197263272
39.050964,-7.0370483,212.0,2019-05-24 08:00:00,19.1,47,7.5,15.7,0.0,0.0,0.0,0.0,1,1015.5,990.7,22,0,0,74,0.26,1.17,18.5,26.6,339,341,41.0,19.0,20.7,18.9,15.0,0.167,0.207,0.206,0.257,1,3600.0,354.0,240.0,114.0,563.8,354.0,568.0,428.7,290.7,138.1,563.8,428.7,687.9,31.818130325473295,87.47419087397213,157.85956669308206,511.1330666503906,7.581311713171466,178.16040924675943
39.050964,-7.0370483,212.0,2019-05-24 09:00:00,21.1,41,7.5,17.9,0.0,0.0,0.0,0.0,1,1015.5,990.9,24,0,0,80,0.38,1.47,17.9,25.2,341,343,43.2,20.5,20.7,18.9,15.0,0.167,0.207,0.206,0.257,1,3600.0,551.0,420.0,131.0,701.4,551.0,798.9,623.6,475.3,148.3,701.4,623.6,904.2,35.84057421896672,88.90392582209714,161.30782476108206,517.3350666503907,9.028491820546884,181.29431828984318
39.050964,-7.0370483,212.0,2019-05-24 10:00:00,23.5,35,7.3,21.1,0.0,0.0,0.0,0.0,1,1014.7,990.3,22,0,0,73,0.51,1.87,17.8,25.0,342,345,42.1,22.2,20.7,18.9,15.0,0.167,0.207,0.206,0.257,1,3600.0,724.0,572.0,152.0,766.5,724.0,995.7,784.7,619.9,164.7,766.5,784.7,1079.2,41.54752714605346,90.48858763659995,165.51744810108207,523.9690666503907,11.274052709909835,184.96368859009704
39.050964,-7.0370483,212.0,2019-05-24 11:00:00,25.4,29,6.2,23.2,0.0,0.0,0.0,0.0,0,1014.1,989.9,4,0,0,13,0.64,2.3,19.1,26.7,3,4,45.4,23.9,20.8,18.9,15.0,0.167,0.207,0.206,0.257,1,3600.0,865.0,717.0,148.0,835.6,865.0,1144.9,907.3,752.1,155.2,835.6,907.3,1200.9,50.16896466818854,92.0805480176632,170.47079789108207,530.9450666503907,15.094829445672492,189.130797001807
39.050964,-7.0370483,212.0,2019-05-24 12:00:00,26.0,29,6.6,24.5,0.0,0.0,0.0,0.0,1,1013.6,989.4,23,0,0,76,0.69,2.38,18.1,24.6,5,6,45.7,25.4,20.9,18.9,15.0,0.168,0.207,0.206,0.257,1,3600.0,951.0,802.0,149.0,865.5,951.0,1236.3,970.0,818.0,152.0,865.5,970.0,1261.0,58.607421875,93.89111328125,103.54676055908203,397.9904479980469,22.93359375,125.38660430908203
39.050964,-7.0370483,212.0,2019-05-24 13:00:00,27.3,26,5.9,25.7,0.0,0.0,0.0,0.0,1,1013.1,989.0,26,0,0,88,0.73,2.69,18.1,24.6,6,6,43.6,26.8,21.1,18.9,15.1,0.168,0.207,0.206,0.257,1,3600.0,969.0,801.0,168.0,845.6,969.0,1263.8,962.6,795.7,166.9,845.6,962.6,1255.5,52.372578727858794,93.94175541027927,109.07955881508204,405.30844799804686,18.626528934980648,130.41412313703265
39.050964,-7.0370483,212.0,2019-05-24 14:00:00,28.2,23,4.9,26.5,0.0,0.0,0.0,0.0,0,1012.6,988.6,19,0,0,62,0.72,2.96,16.7,22.9,7,8,43.6,27.8,21.4,18.9,15.1,0.167,0.207,0.206,0.257,1,3600.0,930.0,759.0,171.0,826.3,930.0,1225.5,899.1,733.8,165.3,826.3,899.1,1184.8,51.11540240973294,94.02405762030457,115.01910304108203,412.7884479980469,17.55692109743772,135.58789808311664
39.050964,-7.0370483,212.0,2019-05-24 15:00:00,29.1,19,3.2,26.5,0.0,0.0,0.0,0.0,1,1012.1,988.2,27,0,0,90,0.69,3.25,17.1,23.6,7,8,40.3,28.6,21.8,18.9,15.1,0.167,0.206,0.206,0.257,1,3600.0,844.0,693.0,151.0,822.6,844.0,1123.9,791.2,649.6,141.6,822.6,791.2,1053.6,57.0046915467023,95.01546456020878,121.45911593308203,420.4304479980469,20.53592960195636,141.0485990524369
39.050964,-7.0370483,212.0,2019-05-24 16:00:00,29.0,18,1.9,25.2,0.0,0.0,0.0,0.0,1,1011.7,987.8,28,0,0,94,0.61,3.31,18.2,25.9,9,10,42.8,28.8,22.1,18.9,15.1,0.166,0.206,0.206,0.257,1,3600.0,689.0,524.0,165.0,723.6,689.0,966.2,621.1,472.4,148.8,723.6,621.1,871.0,60.97599265456621,95.28915446447772,127.95704734508203,428.0544479980469,22.53406402551129,146.46112200229146
39.050964,-7.0370483,212.0,2019-05-24 17:00:00,28.8,17,1.2,24.2,0.0,0.0,0.0,0.0,1,1011.7,987.8,28,0,0,94,0.5,3.29,17.7,25.4,12,12,42.1,28.7,22.4,18.9,15.1,0.166,0.206,0.206,0.257,1,3600.0,510.0,358.0,152.0,626.0,510.0,762.9,434.1,304.7,129.4,626.0,434.1,649.4,61.67279807045666,95.49932757021794,134.49051966708203,435.6424479980469,22.61215988274751,151.8128034991303
39.050964,-7.0370483,212.0,2019-05-24 18:00:00,28.0,17,0.8,23.6,0.0,0.0,0.0,0.0,1,1011.5,987.5,28,0,0,93,0.37,3.12,16.5,25.5,16,16,39.6,28.1,22.6,18.9,15.1,0.166,0.206,0.206,0.257,1,3600.0,313.0,188.0,125.0,475.0,313.0,528.0,239.4,143.8,95.6,475.0,239.4,403.9,60.1732122982501,95.55050065175017,140.849183365082,443.08644799804694,21.434154411909557,156.96083033611353
39.050964,-7.0370483,212.0,2019-05-24 19:00:00,26.2,20,1.8,22.6,0.0,0.0,0.0,0.0,1,1011.7,987.6,26,0,0,86,0.21,2.7,11.5,22.8,20,21,35.6,27.0,22.8,18.9,15.1,0.166,0.206,0.206,0.257,1,3600.0,133.0,55.0,78.0,264.4,133.0,277.5,72.5,30.0,42.5,264.4,72.5,151.3,52.07920299954059,95.60169062809295,146.59891280508202,450.20644799804694,16.776841658582942,161.62476890728166
39.050964,-7.0370483,212.0,2019-05-24 20:00:00,23.7,24,1.7,20.1,0.0,0.0,0.0,0.0,1,1012.5,988.2,27,0,0,89,0.15,2.24,11.8,26.6,20,25,23.4,25.6,23.0,19.0,15.1,0.166,0.206,0.206,0.257,0,0.0,16.0,3.0,13.0,32.2,16.0,65.4,0.0,0.0,0.0,0.0,0.0,0.0,49.38497867412156,94.80645126676413,151.56095037308202,456.87644799804696,15.278510567106496,165.70084495799384
39.050964,-7.0370483,212.0,2019-05-24 21:00:00,22.7,25,1.9,19.2,0.0,0.0,0.0,0.0,1,1013.3,988.9,26,0,0,85,0.13,2.06,11.6,26.8,16,24,24.5,24.3,23.0,19.0,15.1,0.165,0.206,0.206,0.257,0,0.0,0.0,0.0,0.0,0.0,0.0,0.0,0.0,0.0,0.0,0.0,0.0,0.0,47.210807124902935,94.30583203010507,156.26024847308202,463.36644799804697,14.117768544058483,169.56512676666335
39.050964,-7.0370483,212.0,2019-05-24 22:00:00,21.5,28,2.2,18.0,0.0,0.0,0.0,0.0,0,1014.0,989.4,9,0,0,30,0.12,1.84,11.5,26.7,4,14,23.8,23.3,23.0,19.0,15.1,0.165,0.206,0.206,0.257,0,0.0,0.0,0.0,0.0,0.0,0.0,0.0,0.0,0.0,0.0,0.0,0.0,0.0,44.326629991512505,93.57943411590385,160.544112825082,469.64044799804697,12.700865713127504,173.129611648802
39.050964,-7.0370483,212.0,2019-05-24 23:00:00,20.9,28,1.5,16.9,0.0,0.0,0.0,0.0,0,1014.2,989.6,0,0,0,0,0.14,1.79,13.9,29.7,10,17,27.0,22.4,22.9,19.0,15.1,0.165,0.206,0.206,0.257,0,0.0,0.0,0.0,0.0,0.0,0.0,0.0,0.0,0.0,0.0,0.0,0.0,0.0,46.78056931870049,93.27964187076931,164.714246265082,475.80644799804696,13.746745019677698,176.59486527364666
39.050964,-7.0370483,212.0,2019-05-25 00:00:00,20.3,30,2.2,16.1,0.0,0.0,0.0,0.0,0,1014.9,990.2,0,0,0,0,0.15,1.67,16.8,32.1,10,16,29.5,21.4,22.8,19.0,15.1,0.169,0.206,0.206,0.257,0,0.0,0.0,0.0,0.0,0.0,0.0,0.0,0.0,0.0,0.0,0.0,0.0,0.0,49.41316928408316,92.82023678185027,168.657970945082,481.86444799804696,14.918739319121574,179.89914058716457
39.050964,-7.0370483,212.0,2019-05-25 01:00:00,19.3,34,2.9,15.4,0.0,0.0,0.0,0.0,0,1015.5,990.7,0,0,0,0,0.13,1.48,15.4,30.8,16,21,33.1,20.9,22.6,19.0,15.1,0.169,0.206,0.206,0.257,0,0.0,0.0,0.0,0.0,0.0,0.0,0.0,0.0,0.0,0.0,0.0,0.0,0.0,44.071908137567455,92.00602872358178,172.20258436908202,487.74244799804694,12.396030297646119,182.93625886358652
39.050964,-7.0370483,212.0,2019-05-25 02:00:00,18.6,38,3.9,15.0,0.0,0.0,0.0,0.0,0,1016.0,991.1,0,0,0,0,0.11,1.33,14.7,29.1,28,31,30.6,20.5,22.5,19.0,15.1,0.169,0.206,0.206,0.257,0,0.0,0.0,0.0,0.0,0.0,0.0,0.0,0.0,0.0,0.0,0.0,0.0,0.0,39.94024527617894,91.14747259198425,175.41811529308202,493.49444799804695,10.593974325493834,185.76003277608115
39.050964,-7.0370483,212.0,2019-05-25 03:00:00,17.7,41,4.4,14.5,0.0,0.0,0.0,0.0,0,1016.5,991.6,0,0,0,0,0.09,1.19,12.6,25.9,27,32,29.2,20.0,22.3,19.0,15.1,0.169,0.206,0.206,0.257,0,0.0,0.0,0.0,0.0,0.0,0.0,0.0,0.0,0.0,0.0,0.0,0.0,0.0,34.90923705588167,90.42164927770784,178.33826176508202,499.0844479980469,8.59264692217793,188.38610962415328
39.050964,-7.0370483,212.0,2019-05-25 04:00:00,16.6,45,4.5,13.3,0.0,0.0,0.0,0.0,0,1016.8,991.8,4,0,0,14,0.08,1.04,13.1,26.3,16,23,25.6,19.4,22.1,19.0,15.1,0.168,0.206,0.206,0.257,0,0.0,0.0,0.0,0.0,0.0,0.0,0.0,0.0,0.0,0.0,0.0,0.0,0.0,32.80480467857988,89.57123130454336,180.90115627508203,504.4764479980469,7.801287491117375,190.77573785237172
39.050964,-7.0370483,212.0,2019-05-25 05:00:00,15.8,48,4.7,12.5,0.0,0.0,0.0,0.0,0,1017.4,992.3,19,0,0,62,0.08,0.94,13.6,26.8,17,24,26.6,18.9,21.9,19.1,15.1,0.168,0.206,0.206,0.257,0,0.0,0.0,0.0,0.0,0.0,0.0,0.0,0.0,0.0,0.0,0.0,0.0,0.0,31.217043363739954,88.86134069621049,183.21473788308202,509.7244479980469,7.225342575075237,193.00013719593102
39.050964,-7.0370483,212.0,2019-05-25 06:00:00,15.8,50,5.3,12.7,0.0,0.0,0.0,0.0,0,1018.1,993.0,10,0,0,32,0.09,0.91,13.4,25.5,24,31,26.6,18.5,21.7,19.1,15.1,0.168,0.206,0.206,0.257,1,370.28,29.0,10.0,19.0,91.8,29.0,86.4,65.1,22.5,42.7,154.4,38.7,194.0,29.743124980896667,88.41530048714668,185.43933558308203,514.972447998047,6.709298109069136,195.1747382474624
39.050964,-7.0370483,212.0,2019-05-25 07:00:00,17.6,46,6.0,14.7,0.0,0.0,0.0,0.0,0,1018.7,993.7,14,0,0,47,0.15,1.08,13.4,20.3,31,33,29.2,18.9,21.5,19.1,15.1,0.168,0.206,0.206,0.257,1,3600.0,172.0,104.0,68.0,432.8,172.0,320.5,239.7,144.9,94.8,432.8,239.7,446.7,29.93662512370519,88.46413477469069,188.09779565108204,520.544447998047,6.756477777047614,197.64706596519997
39.050964,-7.0370483,212.0,2019-05-25 08:00:00,19.6,42,6.3,16.7,0.0,0.0,0.0,0.0,0,1018.8,994.0,9,0,0,30,0.26,1.32,13.2,18.6,45,47,31.3,19.9,21.3,19.1,15.1,0.168,0.206,0.206,0.257,1,3600.0,360.0,257.0,103.0,601.9,360.0,569.6,435.7,311.0,124.7,601.9,435.7,689.3,30.47267230928273,88.69817978441199,191.25856724708203,526.476447998047,6.917231707910733,200.45956453839574
39.050964,-7.0370483,212.0,2019-05-25 09:00:00,21.3,37,6.2,18.6,0.0,0.0,0.0,0.0,0,1018.6,993.9,9,0,0,29,0.38,1.59,12.6,17.3,53,54,32.0,21.3,21.2,19.1,15.1,0.168,0.206,0.206,0.257,1,3600.0,560.0,441.0,119.0,735.1,560.0,800.2,633.6,498.9,134.6,735.1,633.6,905.3,33.09031612151124,89.74558494893799,194.97377703908202,532.714447998047,7.799802259295579,203.62782132481277
39.050964,-7.0370483,212.0,2019-05-25 10:00:00,23.1,32,5.6,21.2,0.0,0.0,0.0,0.0,0,1018.3,993.8,8,0,0,26,0.5,1.91,12.3,16.5,52,54,32.0,23.0,21.3,19.1,15.1,0.168,0.206,0.206,0.257,1,3600.0,732.0,600.0,132.0,802.9,732.0,996.7,793.2,650.2,143.0,802.9,793.2,1080.1,37.05094978904388,91.02829676029512,199.306082335082,539.276447998047,9.229251278401163,207.18411785920281
39.050964,-7.0370483,212.0,2019-05-25 11:00:00,24.7,28,4.9,23.5,0.0,0.0,0.0,0.0,0,1017.9,993.5,3,0,0,11,0.6,2.24,11.5,15.4,51,53,32.0,24.7,21.4,19.1,15.1,0.167,0.206,0.206,0.257,1,3600.0,865.0,723.0,142.0,841.6,865.0,1145.7,907.2,758.3,148.9,841.6,907.2,1201.7,40.21260471019706,92.17865332684136,204.196511551082,546.1264479980471,10.435823722544571,211.08318119311264
39.050964,-7.0370483,212.0,2019-05-25 12:00:00,25.7,26,4.7,24.9,0.0,0.0,0.0,0.0,0,1017.7,993.4,0,0,0,0,0.67,2.45,11.8,15.4,52,53,31.3,26.2,21.6,19.1,15.1,0.17,0.206,0.206,0.257,1,3600.0,947.0,800.0,147.0,862.5,947.0,1237.1,965.9,816.0,149.9,862.5,965.9,1261.8,50.0029296875,94.3349609375,109.59886169433594,405.3940734863281,17.34375,130.6912841796875
39.050964,-7.0370483,212.0,2019-05-25 13:00:00,27.0,24,4.9,26.6,0.0,0.0,0.0,0.0,0,1017.2,993.0,0,0,0,0,0.7,2.69,10.7,14.0,48,48,31.7,27.6,21.8,19.1,15.1,0.169,0.206,0.206,0.257,1,3600.0,972.0,824.0,148.0,869.0,972.0,1264.7,965.7,818.6,147.0,869.0,965.7,1256.4,43.598699915990935,94.38574960298627,115.22117039033594,412.65807348632814,13.641472725930111,135.71057464378535
39.050964,-7.0370483,212.0,2019-05-25 14:00:00,27.7,23,4.6,27.1,0.0,0.0,0.0,0.0,0,1016.6,992.5,0,0,0,0,0.69,2.87,10.3,13.6,36,37,29.9,28.7,22.1,19.1,15.1,0.169,0.205,0.206,0.257,1,3600.0,936.0,791.0,145.0,860.1,936.0,1226.5,905.0,764.8,140.2,860.1,905.0,1185.9,43.7248489428705,94.436555036368,121.05935720633595,420.0480734863281,13.463284162120667,140.72505437346595
39.050964,-7.0370483,212.0,2019-05-25 15:00:00,28.3,21,3.9,26.8,0.0,0.0,0.0,0.0,0,1016.2,992.1,0,0,0,0,0.65,3.04,11.8,15.6,27,29,30.6,29.3,22.4,19.1,15.1,0.168,0.205,0.206,0.257,1,3600.0,845.0,706.0,139.0,836.8,845.0,1125.2,792.3,662.0,130.3,836.8,792.3,1055.1,46.59347181148564,94.4944581855924,127.17397332233594,427.5460734863281,14.636712882318012,145.87288595745082
39.050964,-7.0370483,212.0,2019-05-25 16:00:00,28.4,20,3.5,26.0,0.0,0.0,0.0,0.0,0,1015.9,991.8,0,0,0,0,0.56,3.09,11.9,15.9,25,25,31.0,29.5,22.7,19.1,15.1,0.168,0.205,0.206,0.257,1,3600.0,705.0,577.0,128.0,795.1,705.0,967.8,635.8,520.4,115.4,795.1,635.8,872.8,48.1296358479721,94.72363168627618,133.38705092233593,435.06207348632813,15.18198919513611,151.01991996062443
39.050964,-7.0370483,212.0,2019-05-25 17:00:00,28.3,20,3.3,24.9,0.0,0.0,0.0,0.0,0,1016.0,991.9,0,0,0,0,0.45,3.07,12.0,16.3,21,22,30.6,29.3,23.0,19.1,15.1,0.167,0.205,0.206,0.257,1,3600.0,529.0,416.0,113.0,725.3,529.0,764.9,450.7,354.4,96.3,725.3,450.7,651.7,48.89820764822643,94.77454867154441,139.57906724233592,442.5600734863281,15.365800889709654,156.08722191816543
39.050964,-7.0370483,212.0,2019-05-25 18:00:00,27.5,21,3.2,24.3,0.0,0.0,0.0,0.0,0,1015.7,991.6,0,0,0,0,0.32,2.9,11.4,16.9,24,24,28.4,28.6,23.3,19.1,15.1,0.167,0.205,0.206,0.257,1,3600.0,333.0,241.0,92.0,605.9,333.0,530.5,255.2,184.7,70.5,605.9,255.2,406.6,48.53372938622464,94.82548246707293,145.52729924633593,449.9140734863281,15.0128117908016,160.9246143214976
39.050964,-7.0370483,212.0,2019-05-25 19:00:00,25.7,27,5.4,23.6,0.0,0.0,0.0,0.0,0,1015.9,991.6,0,0,0,0,0.14,2.41,6.5,15.5,19,22,25.9,27.4,23.5,19.2,15.1,0.167,0.205,0.206,0.257,1,3600.0,144.0,84.0,60.0,399.5,144.0,280.4,79.3,46.2,33.0,399.5,79.3,154.3,40.10919071200374,94.38095012984893,150.67783527033592,456.9440734863281,11.032157391914147,165.1827032475882
39.050964,-7.0370483,212.0,2019-05-25 20:00:00,23.2,30,4.6,20.7,0.0,0.0,0.0,0.0,0,1016.3,991.8,0,0,0,0,0.1,1.99,8.1,18.2,13,27,14.4,25.7,23.6,19.2,15.1,0.167,0.205,0.206,0.257,0,0.0,17.0,5.0,12.0,53.1,17.0,66.9,0.0,0.0,0.0,0.0,0.0,0.0,39.313940080349155,93.52324817698656,155.15598993033592,463.52407348632806,10.61766986812472,168.93904116541975
39.050964,-7.0370483,212.0,2019-05-25 21:00:00,21.8,32,4.2,19.2,0.0,0.0,0.0,0.0,0,1017.0,992.4,0,0,0,0,0.08,1.78,8.1,19.7,21,35,15.5,24.3,23.5,19.2,15.1,0.167,0.205,0.206,0.257,0,0.0,0.0,0.0,0.0,0.0,0.0,0.0,0.0,0.0,0.0,0.0,0.0,0.0,37.05781142177372,92.82910554804606,159.2555680823359,469.85207348632804,9.635647686891273,172.41321493311665
39.050964,-7.0370483,212.0,2019-05-25 22:00:00,20.8,33,4.0,18.1,0.0,0.0,0.0,0.0,0,1017.2,992.5,0,0,0,0,0.08,1.64,8.1,19.6,13,32,15.1,23.0,23.5,19.2,15.1,0.167,0.205,0.206,0.257,0,0.0,0.0,0.0,0.0,0.0,0.0,0.0,0.0,0.0,0.0,0.0,0.0,0.0,35.643848370288445,92.3678995449625,163.1184701003359,476.00007348632806,9.030544374972063,175.7065700735464
39.050964,-7.0370483,212.0,2019-05-25 23:00:00,19.8,35,4.0,17.1,0.0,0.0,0.0,0.0,0,1017.1,992.3,0,0,0,0,0.08,1.5,9.1,18.9,351,18,16.9,22.1,23.3,19.2,15.2,0.166,0.205,0.206,0.257,0,0.0,0.0,0.0,0.0,0.0,0.0,0.0,0.0,0.0,0.0,0.0,0.0,0.0,35.187177775552044,91.8381238577751,166.69493871033592,481.9680734863281,8.812417801476295,178.7941558129361
39.050964,-7.0370483,212.0,2019-05-26 00:00:00,20.3,33,3.6,16.9,0.0,0.0,0.0,0.0,0,1017.7,992.9,0,0,0,0,0.11,1.59,12.6,26.3,355,4,17.3,21.2,23.2,19.2,15.2,0.165,0.204,0.206,0.257,0,0.0,0.0,0.0,0.0,0.0,0.0,0.0,0.0,0.0,0.0,0.0,0.0,0.0,39.78985622672833,91.88808819163714,170.46964661833593,488.0260734863281,10.586716079823224,182.00309559073943
39.050964,-7.0370483,212.0,2019-05-26 01:00:00,19.5,35,3.7,16.0,0.0,0.0,0.0,0.0,0,1017.5,992.7,0,0,0,0,0.12,1.47,14.1,29.6,354,4,27.7,20.9,23.0,19.2,15.2,0.165,0.204,0.206,0.257,0,0.0,0.0,0.0,0.0,0.0,0.0,0.0,0.0,0.0,0.0,0.0,0.0,0.0,40.95022741993632,91.63915542331046,173.99477835833594,493.94007348632806,11.022249612581165,185.03712738534563
39.050964,-7.0370483,212.0,2019-05-26 02:00:00,18.8,37,3.8,15.6,0.0,0.0,0.0,0.0,0,1017.4,992.5,0,0,0,0,0.1,1.37,12.3,26.4,357,5,28.1,20.5,22.8,19.2,15.2,0.165,0.204,0.206,0.257,0,0.0,0.0,0.0,0.0,0.0,0.0,0.0,0.0,0.0,0.0,0.0,0.0,0.0,37.239038354779474,91.22115549174887,177.29534420033593,499.72807348632807,9.486173546097154,187.91646786556768
39.050964,-7.0370483,212.0,2019-05-26 03:00:00,18.4,38,4.0,15.3,0.0,0.0,0.0,0.0,0,1017.6,992.7,0,0,0,0,0.09,1.3,10.9,25.2,9,10,24.1,20.1,22.6,19.3,15.2,0.165,0.204,0.206,0.257,0,0.0,0.0,0.0,0.0,0.0,0.0,0.0,0.0,0.0,0.0,0.0,0.0,0.0,34.66285916697803,90.92680551829316,180.47823014033594,505.4440734863281,8.477098170110086,190.71267206751838
39.050964,-7.0370483,212.0,2019-05-26 04:00:00,17.8,41,4.4,15.0,0.0,0.0,0.0,0.0,0,1017.8,992.8,0,0,0,0,0.08,1.21,10.4,24.1,20,17,21.6,19.7,22.4,19.3,15.2,0.165,0.204,0.206,0.257,0,0.0,0.0,0.0,0.0,0.0,0.0,0.0,0.0,0.0,0.0,0.0,0.0,0.0,32.443666308764904,90.38458109690646,183.41390930633594,511.0520734863281,7.6503270677648,193.3484534597761
39.050964,-7.0370483,212.0,2019-05-26 05:00:00,17.2,43,4.4,14.3,0.0,0.0,0.0,0.0,0,1018.1,993.1,0,0,0,0,0.07,1.13,10.6,24.1,18,17,20.5,19.3,22.2,19.3,15.2,0.165,0.204,0.206,0.257,0,0.0,0.0,0.0,0.0,0.0,0.0,0.0,0.0,0.0,0.0,0.0,0.0,0.0,31.23965459014839,89.90077259977443,186.16003695233593,516.552073486328,7.210679469897884,195.85751003074554
39.050964,-7.0370483,212.0,2019-05-26 06:00:00,17.8,42,4.7,14.9,0.0,0.0,0.0,0.0,0,1018.4,993.4,0,0,0,0,0.1,1.18,11.5,24.4,20,19,23.0,19.1,22.0,19.3,15.2,0.165,0.204,0.206,0.257,1,588.36,30.0,12.0,18.0,109.3,30.0,87.4,67.3,26.9,40.4,183.1,40.2,196.1,32.41382437509592,89.95009731644949,189.04595884433593,522.160073486328,7.598736318808333,198.46147054382436
39.050964,-7.0370483,212.0,2019-05-26 07:00:00,19.6,39,5.1,16.4,0.0,0.0,0.0,0.0,0,1018.9,994.1,0,0,0,0,0.18,1.4,13.4,20.9,24,24,28.1,19.7,21.8,19.3,15.2,0.165,0.204,0.206,0.257,1,3600.0,174.0,107.0,67.0,442.6,174.0,322.3,242.0,148.8,93.2,442.6,242.0,448.3,34.76913954463201,89.9994383176968,192.37021862633594,528.092073486328,8.42153205566953,201.36256416641697
39.050964,-7.0370483,212.0,2019-05-26 08:00:00,21.4,35,5.5,18.4,0.0,0.0,0.0,0.0,0,1018.7,994.0,0,0,0,0,0.29,1.65,13.3,19.2,41,40,32.0,20.8,21.7,19.3,15.2,0.165,0.204,0.206,0.257,1,3600.0,367.0,270.0,97.0,630.5,367.0,571.0,443.8,326.5,117.3,630.5,443.8,690.6,35.765709146304744,90.31368378600898,196.22048387633595,534.348073486328,8.76475852633103,204.60554370345957
39.050964,-7.0370483,212.0,2019-05-26 09:00:00,23.4,32,5.6,20.8,0.0,0.0,0.0,0.0,0,1018.7,994.2,0,0,0,0,0.4,1.96,10.2,14.1,58,58,31.7,22.4,21.7,19.3,15.2,0.165,0.204,0.206,0.257,1,3600.0,562.0,446.0,116.0,742.1,562.0,801.3,635.6,504.4,131.2,742.1,635.6,906.3,34.982339608735884,91.15164457354818,200.60649543633593,540.964073486328,8.44964346082532,208.19751832593587
39.050964,-7.0370483,212.0,2019-05-26 10:00:00,25.2,29,5.7,24.1,0.0,0.0,0.0,0.0,0,1018.2,993.8,0,0,0,0,0.52,2.29,7.9,10.7,51,50,27.4,24.2,21.7,19.3,15.2,0.164,0.204,0.206,0.257,1,3600.0,736.0,605.0,131.0,808.6,736.0,997.6,797.4,655.5,141.9,808.6,797.4,1080.9,35.38751263725588,92.0705349101476,205.52246145433594,547.904073486328,8.572585290176086,212.12302744600046
39.050964,-7.0370483,212.0,2019-05-26 11:00:00,27.0,26,5.9,26.7,0.0,0.0,0.0,0.0,0,1017.5,993.3,0,0,0,0,0.62,2.64,8.1,11.0,32,32,24.8,26.2,21.9,19.3,15.2,0.164,0.203,0.206,0.257,1,3600.0,870.0,729.0,141.0,847.7,870.0,1146.5,912.4,764.6,147.9,847.7,912.4,1202.4,38.99925361845866,93.03390991483617,210.99681465833595,555.168073486328,9.91626205873557,216.3905255386573
39.050964,-7.0370483,212.0,2019-05-26 12:00:00,28.7,24,6.1,28.5,0.0,0.0,0.0,0.0,0,1017.0,992.9,0,0,0,0,0.71,2.99,10.5,13.9,22,21,28.8,28.0,22.2,19.3,15.2,0.162,0.203,0.205,0.257,1,3600.0,952.0,806.0,146.0,868.1,952.0,1237.9,971.0,822.1,148.9,868.1,971.0,1262.6,56.5556640625,95.197265625,116.40354919433594,413.4380798339844,20.69140625,136.54808044433594
39.050964,-7.0370483,212.0,2019-05-26 13:00:00,30.1,22,6.0,29.7,0.0,0.0,0.0,0.0,0,1016.1,992.2,0,0,0,0,0.76,3.33,12.2,16.7,19,19,32.8,29.5,22.5,19.3,15.2,0.162,0.203,0.205,0.257,1,3600.0,977.0,830.0,147.0,874.4,977.0,1265.5,970.7,824.7,146.1,874.4,970.7,1257.3,49.985414257680844,95.2483389806767,122.81039057033594,421.2600798339844,16.56206728989553,142.07361102529595
39.050964,-7.0370483,212.0,2019-05-26 14:00:00,31.0,20,5.4,29.8,0.0,0.0,0.0,0.0,0,1015.5,991.7,0,0,0,0,0.77,3.6,14.7,19.6,17,17,36.4,30.5,22.8,19.3,15.2,0.161,0.203,0.205,0.257,1,3600.0,942.0,798.0,144.0,866.7,942.0,1227.5,911.0,771.7,139.3,866.7,911.0,1187.0,54.88720840169344,95.29942919823941,129.57106145033595,429.24407983398436,18.917088217478813,147.68905569483604
39.050964,-7.0370483,212.0,2019-05-26 15:00:00,31.5,19,5.0,29.3,0.0,0.0,0.0,0.0,0,1014.8,991.0,0,0,0,0,0.73,3.75,17.1,23.5,15,15,40.7,31.1,23.2,19.3,15.2,0.161,0.203,0.205,0.257,1,3600.0,850.0,712.0,138.0,842.6,850.0,1126.5,797.2,667.8,129.4,842.6,797.2,1056.5,60.54453002256826,95.46889978178606,136.52286344633595,437.31807983398437,21.848009833725385,153.35725981514352
39.050964,-7.0370483,212.0,2019-05-26 16:00:00,31.7,18,4.9,28.9,0.0,0.0,0.0,0.0,0,1014.3,990.5,0,0,0,0,0.64,3.81,16.2,22.5,17,16,40.7,31.3,23.5,19.4,15.2,0.161,0.203,0.205,0.257,1,3600.0,710.0,582.0,128.0,800.4,710.0,969.4,640.6,525.1,115.5,800.4,640.6,874.6,60.67255607231069,95.72523551116187,143.60366578233595,445.4280798339844,21.620057598375144,159.0306902386575
39.050964,-7.0370483,212.0,2019-05-26 17:00:00,31.6,18,4.7,28.2,0.0,0.0,0.0,0.0,0,1013.7,989.9,0,0,0,0,0.51,3.8,14.6,20.9,16,15,37.8,31.2,23.9,19.4,15.2,0.16,0.202,0.205,0.257,1,3600.0,533.0,420.0,113.0,730.1,533.0,766.9,454.4,358.1,96.3,730.1,454.4,653.9,58.4344334845261,95.77648317627882,150.66288030633595,453.52007983398437,20.08461919118623,164.61216923493333
39.050964,-7.0370483,212.0,2019-05-26 18:00:00,31.2,19,4.6,27.9,0.0,0.0,0.0,0.0,0,1013.4,989.6,0,0,0,0,0.37,3.69,13.2,20.2,17,16,33.5,30.6,24.2,19.4,15.2,0.16,0.202,0.205,0.257,1,3600.0,336.0,244.0,92.0,610.4,336.0,532.9,258.0,187.4,70.6,610.4,258.0,409.2,56.55999505071363,95.8277477608301,157.55070866433596,461.54007983398435,18.847175777891273,170.0129393704805
39.050964,-7.0370483,212.0,2019-05-26 19:00:00,28.6,27,8.0,27.2,0.0,0.0,0.0,0.0,0,1013.3,989.3,0,0,0,0,0.15,2.84,6.2,16.0,21,23,28.8,29.5,24.4,19.4,15.2,0.16,0.202,0.205,0.257,1,3600.0,147.0,86.0,61.0,404.8,147.0,283.2,81.7,47.8,33.9,404.8,81.7,157.3,42.4160328666186,94.99589720840429,163.25857881033596,469.09207983398437,11.825341115791046,174.60087294391792
39.050964,-7.0370483,212.0,2019-05-26 20:00:00,26.0,30,7.2,24.2,0.0,0.0,0.0,0.0,0,1013.6,989.4,0,0,0,0,0.1,2.34,7.1,16.9,15,34,12.6,27.6,24.5,19.4,15.2,0.16,0.202,0.205,0.257,0,21.48,18.0,6.0,12.0,62.9,18.0,68.3,0.0,0.0,0.0,0.0,0.0,0.0,40.18258969298534,94.00963179909564,168.25273483033595,476.1760798339844,10.801721552790458,178.67355134179144
39.050964,-7.0370483,212.0,2019-05-26 21:00:00,23.9,34,7.0,21.9,0.0,0.0,0.0,0.0,0,1014.3,989.9,0,0,0,0,0.09,1.97,8.7,18.1,336,354,14.4,26.0,24.5,19.4,15.2,0.16,0.202,0.205,0.257,0,0.0,0.0,0.0,0.0,0.0,0.0,0.0,0.0,0.0,0.0,0.0,0.0,0.0,38.402521492010116,92.89182203488802,172.59662383033594,482.8820798339844,10.019172336073453,182.29706784047298
39.050964,-7.0370483,212.0,2019-05-26 22:00:00,23.5,46,11.2,21.8,0.0,0.0,0.0,0.0,0,1015.0,990.6,0,0,0,0,0.11,1.57,14.1,30.2,347,348,27.0,25.0,24.5,19.5,15.2,0.16,0.202,0.205,0.257,0,0.0,0.0,0.0,0.0,0.0,0.0,0.0,0.0,0.0,0.0,0.0,0.0,0.0,37.60622094824586,90.71262699959556,176.09384937433595,489.5160798339844,9.660665562733303,185.4277077187316
39.050964,-7.0370483,212.0,2019-05-26 23:00:00,23.2,57,14.2,22.4,0.0,0.0,0.0,0.0,0,1014.9,990.5,0,0,0,0,0.09,1.22,14.8,29.4,347,352,30.2,24.3,24.4,19.5,15.2,0.16,0.202,0.205,0.257,0,0.0,0.0,0.0,0.0,0.0,0.0,0.0,0.0,0.0,0.0,0.0,0.0,0.0,31.76030087478799,88.65941795620803,178.84471580833593,496.0960798339844,7.456420857009047,188.13278661940728
39.050964,-7.0370483,212.0,2019-05-27 00:00:00,22.4,59,14.0,21.7,0.0,0.0,0.0,0.0,0,1015.0,990.5,0,0,0,0,0.07,1.12,13.8,28.4,354,359,29.2,23.4,24.3,19.5,15.2,0.156,0.201,0.205,0.257,0,0.0,0.0,0.0,0.0,0.0,0.0,0.0,0.0,0.0,0.0,0.0,0.0,0.0,28.71155354624588,87.94729746430856,181.38128371833594,502.53207983398437,6.40158269840497,190.69313050392572
39.050964,-7.0370483,212.0,2019-05-27 01:00:00,21.8,60,13.7,21.1,0.0,0.0,0.0,0.0,0,1014.5,989.9,0,0,0,0,0.07,1.04,12.8,27.0,349,358,26.3,22.9,24.2,19.5,15.2,0.156,0.201,0.205,0.257,0,0.0,0.0,0.0,0.0,0.0,0.0,0.0,0.0,0.0,0.0,0.0,0.0,0.0,26.88273769436613,87.60782290760143,183.79280027833593,508.86007983398434,5.798295170607492,193.164834830629
39.050964,-7.0370483,212.0,2019-05-27 02:00:00,21.0,62,13.4,20.4,0.0,0.0,0.0,0.0,0,1014.1,989.5,0,0,0,1,0.05,0.94,11.6,24.1,334,350,24.8,22.4,24.0,19.5,15.2,0.156,0.201,0.205,0.257,0,0.0,0.0,0.0,0.0,0.0,0.0,0.0,0.0,0.0,0.0,0.0,0.0,0.0,24.71327421648175,87.16324944179279,186.00370814633592,515.0440798339844,5.122405942918678,195.49978312589977
39.050964,-7.0370483,212.0,2019-05-27 03:00:00,20.2,63,12.9,19.7,0.0,0.0,0.0,0.0,0,1014.0,989.3,9,0,0,31,0.04,0.87,9.7,20.8,315,334,22.0,21.9,23.8,19.5,15.2,0.156,0.201,0.205,0.257,0,0.0,0.0,0.0,0.0,0.0,0.0,0.0,0.0,0.0,0.0,0.0,0.0,0.0,22.406646483765282,86.84166934544591,188.07850749233592,521.0840798339843,4.446530697543664,197.73360009624773
39.050964,-7.0370483,212.0,2019-05-27 04:00:00,19.3,65,12.6,19.1,0.0,0.0,0.0,0.0,0,1013.9,989.2,19,0,0,64,0.02,0.79,7.2,16.1,307,336,18.0,21.3,23.6,19.5,15.2,0.156,0.201,0.205,0.257,0,0.0,0.0,0.0,0.0,0.0,0.0,0.0,0.0,0.0,0.0,0.0,0.0,0.0,19.59199356265887,86.39757054094294,189.9582267323359,526.9620798339844,3.681161956976563,199.8303502971345
39.050964,-7.0370483,212.0,2019-05-27 05:00:00,18.8,66,12.3,18.5,0.0,0.0,0.0,0.0,0,1014.2,989.4,0,0,0,0,0.02,0.74,6.9,15.2,309,338,12.2,20.6,23.4,19.6,15.2,0.156,0.201,0.205,0.257,0,0.0,0.0,0.0,0.0,0.0,0.0,0.0,0.0,0.0,0.0,0.0,0.0,0.0,18.81808587693345,86.09958165829892,191.7394844883359,532.7500798339844,3.4767783269361776,201.85623492747493
39.050964,-7.0370483,212.0,2019-05-27 06:00:00,18.6,68,12.7,18.5,0.0,0.0,0.0,0.0,0,1014.5,989.7,0,0,0,0,0.04,0.68,6.7,11.1,286,324,13.3,20.3,23.2,19.6,15.2,0.156,0.201,0.205,0.257,1,592.12,30.0,12.0,18.0,108.6,30.0,88.3,67.2,26.9,40.3,181.1,40.3,198.0,18.00291822875962,85.72955424843143,193.39911335233592,538.5020798339843,3.267920071615878,203.80790355622577
39.050964,-7.0370483,212.0,2019-05-27 07:00:00,21.0,60,12.8,21.3,0.0,0.0,0.0,0.0,0,1014.8,990.2,0,0,0,0,0.11,1.0,4.0,7.3,297,327,12.2,21.0,23.0,19.6,15.2,0.156,0.201,0.205,0.257,1,3600.0,174.0,107.0,67.0,440.1,174.0,324.1,241.5,148.5,93.0,440.1,241.5,449.8,16.448391775279976,85.82112729734345,195.72638479233592,544.6860798339843,2.888988256158701,206.20740180648065
39.050964,-7.0370483,212.0,2019-05-27 08:00:00,23.5,48,11.9,23.2,0.0,0.0,0.0,0.0,0,1014.6,990.2,0,0,0,0,0.25,1.51,5.9,8.1,322,328,17.3,22.4,22.9,19.6,15.3,0.156,0.201,0.205,0.257,1,3600.0,365.0,269.0,96.0,626.4,365.0,572.4,441.1,325.1,116.0,626.4,441.1,691.8,21.611637388425287,87.75622796116974,199.0940834643359,551.3200798339843,4.183315497677644,209.26364357310646
39.050964,-7.0370483,212.0,2019-05-27 09:00:00,26.1,40,11.6,25.7,0.0,0.0,0.0,0.0,0,1014.2,990.0,0,0,0,0,0.4,2.02,6.7,9.4,324,328,21.2,24.2,22.9,19.6,15.3,0.156,0.201,0.205,0.257,1,3600.0,557.0,441.0,116.0,732.5,557.0,802.4,629.8,498.6,131.2,732.5,629.8,907.3,27.336607104044845,89.79589610088614,203.3905845843359,558.4220798339843,5.835793773739871,212.91207901436053
39.050964,-7.0370483,212.0,2019-05-27 10:00:00,28.5,32,10.3,28.8,0.0,0.0,0.0,0.0,0,1013.5,989.5,0,0,0,0,0.53,2.63,6.0,8.0,327,324,20.9,26.3,22.9,19.6,15.3,0.156,0.201,0.205,0.257,1,3600.0,725.0,594.0,131.0,792.9,725.0,998.4,785.4,643.5,141.9,792.9,785.4,1081.7,32.62227766164265,91.85488453713972,208.6896026323359,565.9560798339843,7.555878646022262,217.17626512261768
39.050964,-7.0370483,212.0,2019-05-27 11:00:00,30.4,25,8.3,30.8,0.0,0.0,0.0,0.0,1,1012.9,989.1,22,0,0,75,0.65,3.25,6.8,8.9,328,328,22.3,28.4,23.1,19.6,15.3,0.156,0.201,0.205,0.257,1,3600.0,856.0,715.0,141.0,830.7,856.0,1147.2,897.7,749.8,147.9,830.7,897.7,1203.1,39.95831078615378,93.7470231188575,214.9092618823359,573.8320798339843,10.258921083168476,221.98046573437708
39.050964,-7.0370483,212.0,2019-05-27 12:00:00,31.7,21,6.5,31.3,0.0,0.0,0.0,0.0,0,1012.7,989.0,0,0,0,0,0.75,3.7,11.0,14.6,319,320,27.4,30.2,23.4,19.6,15.3,0.157,0.201,0.205,0.256,1,3600.0,934.0,773.0,161.0,831.8,934.0,1238.5,952.7,788.4,164.2,831.8,952.7,1263.3,60.7802734375,94.15809631347656,121.99729919433594,421.1383361816406,22.86328125,141.39964294433594
39.050964,-7.0370483,212.0,2019-05-27 13:00:00,32.6,21,7.3,32.5,0.0,0.0,0.0,0.0,0,1011.9,988.3,1,0,0,2,0.78,3.88,11.8,15.5,310,312,31.7,31.7,23.7,19.6,15.3,0.157,0.201,0.205,0.256,1,3600.0,965.0,817.0,148.0,859.9,965.0,1266.3,958.9,811.8,147.1,859.9,958.9,1258.2,49.42068483866991,95.14355268541537,129.00622991233593,429.4103361816406,16.000795626555508,147.34592264621767
39.050964,-7.0370483,212.0,2019-05-27 14:00:00,32.8,21,7.9,32.1,0.0,0.0,0.0,0.0,0,1011.2,987.6,5,0,7,4,0.78,3.9,14.7,19.4,301,301,36.4,32.6,24.1,19.6,15.3,0.156,0.2,0.205,0.256,1,3600.0,926.0,778.0,148.0,844.0,926.0,1228.5,895.6,752.5,143.1,844.0,895.6,1188.1,55.10640708652808,95.2365218936561,136.05675665833593,437.7183361816406,18.755291111090255,153.12400613948242
39.050964,-7.0370483,212.0,2019-05-27 15:00:00,32.4,21,7.6,30.5,0.0,0.0,0.0,0.0,0,1010.8,987.2,14,0,9,30,0.71,3.82,17.2,23.7,296,296,41.4,32.8,24.5,19.7,15.3,0.156,0.2,0.205,0.256,1,3600.0,789.0,641.0,148.0,757.5,789.0,1127.8,740.1,601.3,138.8,757.5,740.1,1057.9,60.309688777317554,95.28760820980344,143.02409134833593,445.9543361816406,21.42218436740027,158.75807739901555
39.050964,-7.0370483,212.0,2019-05-27 16:00:00,32.3,24,9.4,30.2,0.0,0.0,0.0,0.0,0,1010.5,986.9,2,0,2,3,0.6,3.66,16.5,22.9,293,294,41.4,32.7,24.8,19.7,15.3,0.156,0.2,0.205,0.256,1,3600.0,629.0,494.0,135.0,678.0,629.0,971.0,567.7,445.9,121.8,678.0,567.7,876.4,59.70783531477844,95.33871139211568,149.70683549233593,454.1723361816406,20.82445853490072,164.14646906766365
39.050964,-7.0370483,212.0,2019-05-27 17:00:00,31.1,29,11.0,28.5,0.0,0.0,0.0,0.0,0,1010.3,986.6,16,0,6,41,0.51,3.19,20.0,28.4,298,299,44.3,32.3,25.1,19.7,15.3,0.155,0.2,0.205,0.256,1,3600.0,499.0,382.0,117.0,662.1,499.0,768.9,425.7,325.9,99.8,662.1,425.7,656.0,63.85984625663597,94.78617296846058,155.72562278433594,462.1743361816406,23.031452945288088,169.05077489360403
39.050964,-7.0370483,212.0,2019-05-27 18:00:00,29.5,34,12.0,27.2,0.0,0.0,0.0,0.0,0,1010.3,986.5,0,0,0,0,0.38,2.72,20.0,29.6,293,294,44.6,31.3,25.4,19.7,15.3,0.155,0.2,0.205,0.256,1,3600.0,328.0,235.0,93.0,585.1,328.0,535.2,252.3,180.8,71.5,585.1,252.3,411.7,58.18674910677376,93.62528263666678,161.04254292033593,469.8883361816406,19.61641281962254,173.46125566737692
39.050964,-7.0370483,212.0,2019-05-27 19:00:00,27.5,39,12.4,25.4,0.0,0.0,0.0,0.0,0,1010.6,986.6,0,0,0,0,0.25,2.23,19.1,30.8,290,293,43.6,30.0,25.6,19.7,15.3,0.155,0.2,0.205,0.256,1,3600.0,145.0,85.0,60.0,396.1,145.0,285.9,81.3,47.6,33.6,396.1,81.3,160.3,50.93345598562698,92.36782649587316,165.63548155633595,477.2423361816406,15.719348714200358,177.37128096894017
39.050964,-7.0370483,212.0,2019-05-27 20:00:00,24.9,45,12.2,23.1,0.0,0.0,0.0,0.0,1,1011.0,986.8,20,0,0,67,0.15,1.72,17.1,30.2,288,293,39.6,28.5,25.6,19.8,15.3,0.155,0.2,0.205,0.256,0,16.96,19.0,6.0,13.0,62.2,19.0,69.8,0.0,0.0,0.0,0.0,0.0,0.0,42.05176562104543,90.90884265717688,169.40018535633595,484.12833618164063,11.556236791536833,180.71579465978647
39.050964,-7.0370483,212.0,2019-05-27 21:00:00,22.9,52,12.5,21.3,0.0,0.0,0.0,0.0,1,1011.8,987.4,22,0,0,73,0.11,1.34,16.4,29.3,289,295,34.6,27.0,25.6,19.8,15.3,0.155,0.2,0.205,0.256,0,0.0,0.0,0.0,0.0,0.0,0.0,0.0,0.0,0.0,0.0,0.0,0.0,0.0,35.75393025243952,89.38238201906283,172.43300967633596,490.65433618164064,8.966364373667975,183.5773473664828
39.050964,-7.0370483,212.0,2019-05-27 22:00:00,21.3,60,13.2,20.3,0.0,0.0,0.0,0.0,0,1012.4,987.9,20,0,0,66,0.07,1.02,14.1,25.8,289,300,32.8,25.6,25.6,19.8,15.3,0.155,0.2,0.205,0.256,0,0.0,0.0,0.0,0.0,0.0,0.0,0.0,0.0,0.0,0.0,0.0,0.0,0.0,28.453867976665606,87.79003227216727,174.79187303633594,496.89233618164064,6.3543572755696465,186.00566328725102
39.050964,-7.0370483,212.0,2019-05-27 23:00:00,20.4,65,13.6,19.7,0.0,0.0,0.0,0.0,0,1012.2,987.6,17,0,0,56,0.05,0.84,12.6,22.7,283,303,27.7,24.5,25.4,19.8,15.3,0.155,0.2,0.205,0.256,0,0.0,0.0,0.0,0.0,0.0,0.0,0.0,0.0,0.0,0.0,0.0,0.0,0.0,24.27031098243342,86.68611953548294,176.77294968633595,502.96833618164067,5.033811091918319,188.19161718749478
39.050964,-7.0370483,212.0,2019-05-28 00:00:00,19.1,72,13.9,18.6,0.0,0.0,0.0,0.0,0,1012.5,987.8,17,0,0,56,0.03,0.62,11.9,21.1,284,307,24.5,23.1,25.3,19.8,15.3,0.157,0.2,0.205,0.256,0,0.0,0.0,0.0,0.0,0.0,0.0,0.0,0.0,0.0,0.0,0.0,0.0,0.0,20.581580167411072,85.26669751893303,178.26198218233594,508.81033618164065,3.9821304072384662,190.0572810290303
39.050964,-7.0370483,212.0,2019-05-28 01:00:00,18.7,73,13.7,18.4,0.0,0.0,0.0,0.0,0,1012.4,987.6,17,0,0,57,0.02,0.58,10.0,17.8,283,313,22.3,22.4,25.1,19.9,15.3,0.157,0.2,0.205,0.256,0,0.0,0.0,0.0,0.0,0.0,0.0,0.0,0.0,0.0,0.0,0.0,0.0,0.0,18.336272365959783,84.79451113529964,179.66940221833593,514.5803361816406,3.3909894921289525,191.86297868207907
39.050964,-7.0370483,212.0,2019-05-28 02:00:00,18.3,72,13.1,17.9,0.0,0.0,0.0,0.0,0,1012.3,987.5,2,0,0,8,0.03,0.6,9.7,18.4,292,321,18.7,21.7,24.9,19.9,15.3,0.157,0.2,0.205,0.256,0,0.0,0.0,0.0,0.0,0.0,0.0,0.0,0.0,0.0,0.0,0.0,0.0,0.0,18.180805236167352,84.8056641330512,181.09946313033592,520.2783361816406,3.3452111021052344,193.66806458838116
39.050964,-7.0370483,212.0,2019-05-28 03:00:00,18.1,68,12.0,17.3,0.0,0.0,0.0,0.0,0,1012.4,987.6,1,0,0,3,0.03,0.67,9.8,18.7,298,326,18.7,21.2,24.6,19.9,15.3,0.157,0.2,0.205,0.256,0,0.0,0.0,0.0,0.0,0.0,0.0,0.0,0.0,0.0,0.0,0.0,0.0,0.0,18.36421228457264,84.85330669790619,182.7169694343359,525.9403361816406,3.3841019681406395,195.57346262298722
39.050964,-7.0370483,212.0,2019-05-28 04:00:00,17.7,65,11.1,16.6,0.0,0.0,0.0,0.0,0,1012.5,987.7,1,0,0,4,0.03,0.7,9.8,18.4,306,332,18.4,20.7,24.3,19.9,15.3,0.157,0.2,0.205,0.256,0,0.0,0.0,0.0,0.0,0.0,0.0,0.0,0.0,0.0,0.0,0.0,0.0,0.0,18.480278355811176,84.90096499197041,184.4492597143359,531.5303361816407,3.406273510122162,197.53192520800863
39.050964,-7.0370483,212.0,2019-05-28 05:00:00,17.3,63,10.3,16.0,0.0,0.0,0.0,0.0,0,1012.6,987.7,1,0,0,2,0.04,0.72,9.5,19.0,307,335,18.0,20.3,24.1,19.9,15.3,0.157,0.2,0.205,0.256,0,0.0,0.0,0.0,0.0,0.0,0.0,0.0,0.0,0.0,0.0,0.0,0.0,0.0,18.390689121052283,84.94863902043689,186.2415746423359,537.0483361816407,3.3771852711851373,199.51229454942944
39.050964,-7.0370483,212.0,2019-05-28 06:00:00,18.3,57,9.7,16.8,0.0,0.0,0.0,0.0,0,1013.2,988.4,0,0,0,0,0.06,0.89,9.3,19.4,324,349,17.6,20.1,23.8,19.9,15.3,0.157,0.2,0.205,0.256,1,595.48,31.0,12.0,19.0,107.9,31.0,89.2,69.4,26.9,42.5,179.2,41.8,199.8,19.626255830826263,85.6482015763634,188.4377396143359,542.7463361816407,3.683303822031751,201.75535321329485
39.050964,-7.0370483,212.0,2019-05-28 07:00:00,21.0,46,8.9,18.8,0.0,0.0,0.0,0.0,0,1013.4,988.8,1,0,0,3,0.17,1.34,12.6,19.7,5,8,26.3,20.8,23.5,19.9,15.3,0.157,0.2,0.205,0.256,1,3600.0,176.0,109.0,67.0,445.9,176.0,325.7,243.9,151.0,92.8,445.9,243.9,451.3,27.245557014198205,87.73537240951327,191.5795560583359,548.9303361816407,5.845852058329334,204.62293121415178
39.050964,-7.0370483,212.0,2019-05-28 08:00:00,23.0,41,8.9,20.7,0.0,0.0,0.0,0.0,0,1013.5,989.1,5,0,0,17,0.29,1.67,13.8,19.7,20,21,32.4,22.1,23.4,20.0,15.3,0.157,0.2,0.205,0.256,1,3600.0,369.0,272.0,97.0,631.8,369.0,573.6,445.7,328.5,117.2,631.8,445.7,692.9,32.83364136139541,89.2174332106455,195.3229353123359,555.4743361816406,7.681327212683815,207.89190017067952
39.050964,-7.0370483,212.0,2019-05-28 09:00:00,25.5,34,8.6,23.3,0.0,0.0,0.0,0.0,0,1013.5,989.3,14,0,0,48,0.43,2.14,13.0,17.9,34,34,32.8,23.8,23.3,20.0,15.3,0.157,0.2,0.205,0.256,1,3600.0,563.0,446.0,117.0,739.7,563.0,803.3,636.4,504.2,132.3,739.7,636.4,908.1,37.90226494410758,90.99993677396198,199.9448332083359,562.4683361816407,9.522050915438314,211.72816974823527
39.050964,-7.0370483,212.0,2019-05-28 10:00:00,27.7,30,8.4,26.5,0.0,0.0,0.0,0.0,0,1013.5,989.4,0,0,0,0,0.56,2.61,12.2,16.8,34,35,32.4,25.7,23.3,20.0,15.3,0.157,0.199,0.205,0.256,1,3600.0,732.0,601.0,131.0,801.4,732.0,999.2,792.9,651.0,141.9,801.4,792.9,1082.3,41.658207286328796,92.2920935140418,205.2522757683359,569.8583361816407,10.98493018179394,216.00351915250522
39.050964,-7.0370483,212.0,2019-05-28 11:00:00,29.4,27,8.3,28.9,0.0,0.0,0.0,0.0,0,1013.5,989.6,0,0,0,0,0.67,3.01,12.4,16.8,30,31,32.8,27.7,23.5,20.0,15.3,0.156,0.199,0.205,0.256,1,3600.0,862.0,722.0,140.0,838.0,862.0,1147.9,904.0,757.1,146.8,838.0,904.0,1203.7,45.8483924440748,93.26858491142633,211.11389325833588,577.5543361816407,12.726325341173,220.61962317811754
39.050964,-7.0370483,212.0,2019-05-28 12:00:00,30.1,27,8.8,30.1,0.0,0.0,0.0,0.0,0,1013.8,989.9,0,0,0,0,0.73,3.13,12.2,16.1,34,34,33.1,29.3,23.7,20.0,15.3,0.163,0.2,0.205,0.256,1,3600.0,942.0,797.0,145.0,856.9,942.0,1239.2,960.8,812.9,147.9,856.9,960.8,1264.0,56.42578125,94.7509765625,128.65097045898438,429.2982177734375,19.89892578125,146.95565795898438
39.050964,-7.0370483,212.0,2019-05-28 13:00:00,31.2,24,8.2,31.4,0.0,0.0,0.0,0.0,0,1013.3,989.5,0,0,0,0,0.76,3.46,11.8,15.5,27,28,32.8,30.8,24.0,20.0,15.3,0.162,0.2,0.205,0.256,1,3600.0,965.0,819.0,146.0,861.2,965.0,1267.0,958.9,813.8,145.1,861.2,958.9,1259.0,48.42137653757547,94.80190257568856,135.11362422698437,437.3182177734375,15.268971461077893,152.46413536631965
39.050964,-7.0370483,212.0,2019-05-28 14:00:00,31.9,22,7.5,31.5,0.0,0.0,0.0,0.0,0,1013.1,989.4,0,0,0,0,0.76,3.68,12.5,16.6,12,13,32.8,31.8,24.3,20.0,15.4,0.162,0.2,0.205,0.256,1,3600.0,932.0,788.0,144.0,853.9,932.0,1229.4,901.5,762.2,139.3,853.9,901.5,1189.2,50.21374781076408,94.86605485797655,141.89009106698438,445.4642177734375,15.957052327693718,157.979985332422
39.050964,-7.0370483,212.0,2019-05-28 15:00:00,32.2,20,6.6,30.7,0.0,0.0,0.0,0.0,0,1012.8,989.1,0,0,0,0,0.72,3.83,14.5,19.6,6,6,36.0,32.4,24.6,20.0,15.4,0.161,0.2,0.205,0.256,1,3600.0,842.0,705.0,137.0,831.9,842.0,1129.0,790.0,661.5,128.5,831.9,790.0,1059.3,56.0806174379608,95.33792933906291,148.90349730698438,453.6642177734375,18.8260489084522,163.57987806602978
39.050964,-7.0370483,212.0,2019-05-28 16:00:00,32.3,16,3.5,29.5,0.0,0.0,0.0,0.0,0,1012.7,989.0,0,0,0,0,0.63,4.06,14.6,20.0,9,8,36.4,32.6,25.0,20.0,15.4,0.161,0.199,0.205,0.256,1,3600.0,706.0,579.0,127.0,793.1,706.0,972.5,637.5,522.8,114.7,793.1,637.5,878.1,61.0898532324348,96.24511447285212,156.28968820298437,461.8822177734375,21.399512314748176,169.33352731387822
39.050964,-7.0370483,212.0,2019-05-28 17:00:00,32.0,14,1.6,28.2,0.0,0.0,0.0,0.0,0,1012.5,988.8,0,0,0,0,0.51,4.07,13.3,18.4,13,11,35.3,32.4,25.3,20.1,15.4,0.161,0.199,0.205,0.256,1,3600.0,535.0,423.0,112.0,731.0,535.0,770.8,456.8,361.2,95.6,731.0,456.8,658.1,61.27127717268275,96.69315687443745,163.78381815898436,470.0462177734375,21.288059079608573,175.06642362538736
39.050964,-7.0370483,212.0,2019-05-28 18:00:00,31.3,15,1.4,27.6,0.0,0.0,0.0,0.0,0,1012.2,988.5,0,0,0,0,0.37,3.9,12.3,18.2,15,14,31.0,31.7,25.5,20.1,15.4,0.16,0.199,0.205,0.256,1,3600.0,343.0,251.0,92.0,622.0,343.0,537.6,264.3,193.4,70.9,622.0,264.3,414.3,59.98092172722496,96.74472409912678,171.03416379898437,478.0842177734375,20.382430108177434,180.5707775776238
39.050964,-7.0370483,212.0,2019-05-28 19:00:00,29.1,18,2.4,26.0,0.0,0.0,0.0,0.0,0,1012.7,988.8,6,0,0,21,0.2,3.31,9.3,19.6,13,14,27.4,30.5,25.7,20.1,15.4,0.16,0.199,0.205,0.256,1,3600.0,153.0,92.0,61.0,424.6,153.0,288.6,86.5,52.0,34.5,424.6,86.5,163.1,54.547057166128965,96.66878079125114,177.55368302298436,485.7262177734375,17.34518736894972,185.5454210849661
39.050964,-7.0370483,212.0,2019-05-28 20:00:00,26.3,20,1.7,22.8,0.0,0.0,0.0,0.0,0,1013.3,989.1,7,0,0,23,0.16,2.73,11.4,26.0,13,17,21.2,28.8,25.8,20.1,15.4,0.16,0.199,0.205,0.256,0,94.69,20.0,7.0,13.0,71.8,20.0,71.2,0.0,0.0,0.0,0.0,0.0,0.0,55.43041419107604,96.0348427360661,183.32447374298437,492.8642177734375,17.702608371190188,189.9840411088107
39.050964,-7.0370483,212.0,2019-05-28 21:00:00,25.1,21,1.5,21.4,0.0,0.0,0.0,0.0,0,1014.2,989.9,2,0,0,5,0.15,2.51,12.4,27.9,22,27,24.5,27.4,25.9,20.1,15.4,0.16,0.199,0.205,0.256,0,0.0,0.0,0.0,0.0,0.0,0.0,0.0,0.0,0.0,0.0,0.0,0.0,0.0,55.06135575740539,95.54830379657972,188.77355341098436,499.7862177734375,17.42816710178756,194.18435442185626
39.050964,-7.0370483,212.0,2019-05-28 22:00:00,24.0,23,1.8,20.3,0.0,0.0,0.0,0.0,0,1015.0,990.6,0,0,0,0,0.15,2.29,13.1,27.9,21,27,25.9,26.2,25.8,20.2,15.4,0.16,0.199,0.205,0.256,0,0.0,0.0,0.0,0.0,0.0,0.0,0.0,0.0,0.0,0.0,0.0,0.0,0.0,53.711124140983806,94.96606637612422,193.86169539298436,506.5102177734375,16.673964803864546,198.1365028410117
39.050964,-7.0370483,212.0,2019-05-28 23:00:00,23.6,23,1.2,19.3,0.0,0.0,0.0,0.0,0,1015.3,990.9,0,0,0,0,0.18,2.24,15.7,31.6,16,21,32.0,25.3,25.7,20.2,15.4,0.16,0.199,0.205,0.256,0,0.0,0.0,0.0,0.0,0.0,0.0,0.0,0.0,0.0,0.0,0.0,0.0,0.0,57.25565016781246,94.73828243080763,198.86875144698436,513.1622177734375,18.423096216811675,202.01620415052307
39.050964,-7.0370483,212.0,2019-05-29 00:00:00,22.7,25,1.7,18.4,0.0,0.0,0.0,0.0,0,1016.4,991.9,0,0,0,0,0.18,2.07,16.9,31.7,24,26,32.4,24.0,25.6,20.2,15.4,0.163,0.199,0.205,0.256,0,0.0,0.0,0.0,0.0,0.0,0.0,0.0,0.0,0.0,0.0,0.0,0.0,0.0,57.15566507828639,94.25523756635852,203.56804954698435,519.6522177734375,18.311186430716173,205.69207265702585
39.050964,-7.0370483,212.0,2019-05-29 01:00:00,21.6,27,2.1,17.6,0.0,0.0,0.0,0.0,0,1016.5,991.9,0,0,0,0,0.15,1.87,15.3,31.0,27,31,33.1,23.5,25.4,20.2,15.4,0.163,0.199,0.205,0.256,0,0.0,0.0,0.0,0.0,0.0,0.0,0.0,0.0,0.0,0.0,0.0,0.0,0.0,51.91832104293416,93.69648291076551,207.93063043298434,525.9442177734376,15.633833058109099,209.1470012678187
39.050964,-7.0370483,212.0,2019-05-29 02:00:00,20.8,30,2.5,16.9,0.0,0.0,0.0,0.0,0,1016.8,992.1,0,0,0,0,0.14,1.72,14.5,29.8,27,32,31.0,23.0,25.2,20.2,15.4,0.163,0.199,0.205,0.256,0,0.0,0.0,0.0,0.0,0.0,0.0,0.0,0.0,0.0,0.0,0.0,0.0,0.0,47.723822788168995,93.00461209655039,211.96649821298433,532.0922177734376,13.63403356026459,212.40080098180857
39.050964,-7.0370483,212.0,2019-05-29 03:00:00,20.0,32,2.9,16.3,0.0,0.0,0.0,0.0,0,1017.4,992.6,0,0,0,0,0.13,1.58,14.0,28.6,35,40,29.5,22.4,25.0,20.2,15.4,0.163,0.199,0.205,0.256,0,0.0,0.0,0.0,0.0,0.0,0.0,0.0,0.0,0.0,0.0,0.0,0.0,0.0,44.70270799207837,92.43222559828897,215.74383878098433,538.0962177734376,12.267783431640975,215.73734541041702
39.050964,-7.0370483,212.0,2019-05-29 04:00:00,19.1,36,3.6,15.9,0.0,0.0,0.0,0.0,0,1018.0,993.1,0,0,0,0,0.1,1.42,12.0,26.0,41,47,27.7,21.9,24.8,20.3,15.4,0.162,0.199,0.205,0.256,0,0.0,0.0,0.0,0.0,0.0,0.0,0.0,0.0,0.0,0.0,0.0,0.0,0.0,38.97675693599926,91.6209254143377,219.14734162898432,543.9382177734376,9.889872569631708,219.126959223726
39.050964,-7.0370483,212.0,2019-05-29 05:00:00,18.2,39,4.1,15.2,0.0,0.0,0.0,0.0,0,1018.7,993.7,0,0,0,0,0.08,1.27,10.8,23.7,37,47,23.8,21.3,24.5,20.3,15.4,0.162,0.199,0.205,0.256,0,0.0,0.0,0.0,0.0,0.0,0.0,0.0,0.0,0.0,0.0,0.0,0.0,0.0,35.050728654968275,90.89234146251384,222.24677224698434,549.6182177734376,8.393146489562428,222.21541790387388
39.050964,-7.0370483,212.0,2019-05-29 06:00:00,18.3,40,4.6,15.3,0.0,0.0,0.0,0.0,0,1019.3,994.3,0,0,0,0,0.1,1.26,11.8,23.4,38,45,23.4,20.9,24.3,20.3,15.4,0.162,0.199,0.205,0.256,1,711.64,33.0,13.0,20.0,116.2,33.0,90.0,73.8,29.1,44.8,192.3,44.6,201.5,35.13700437261864,90.55328053447141,225.31118848698435,555.3162177734375,8.409892345265764,225.26925640459055
39.050964,-7.0370483,212.0,2019-05-29 07:00:00,20.0,37,4.9,16.8,0.0,0.0,0.0,0.0,0,1020.0,995.2,0,0,0,0,0.18,1.47,13.0,19.9,46,49,28.4,21.3,24.0,20.3,15.4,0.162,0.199,0.205,0.256,1,3600.0,182.0,114.0,68.0,464.1,182.0,327.2,251.8,157.7,94.1,464.1,251.8,452.6,36.776427597192516,90.6028206768665,228.81078342498435,561.3202177734375,8.997564170868076,228.75388156996135
39.050964,-7.0370483,212.0,2019-05-29 08:00:00,21.7,33,4.7,18.2,0.0,0.0,0.0,0.0,0,1020.2,995.5,0,0,0,0,0.3,1.74,14.8,21.1,64,65,34.6,22.3,23.9,20.3,15.4,0.162,0.199,0.205,0.256,1,3600.0,376.0,280.0,96.0,648.8,376.0,574.8,453.9,338.0,115.9,648.8,453.9,693.9,39.74449517047935,90.78879902638486,232.83243484098435,567.6302177734375,10.116891824498886,232.75479926054084
39.050964,-7.0370483,212.0,2019-05-29 09:00:00,23.5,30,4.7,20.2,0.0,0.0,0.0,0.0,0,1020.4,995.8,0,0,0,0,0.43,2.03,14.6,20.3,70,70,35.6,23.7,23.8,20.3,15.4,0.162,0.199,0.205,0.256,1,3600.0,571.0,456.0,115.0,755.2,571.0,804.2,645.3,515.3,130.0,755.2,645.3,908.9,42.618219604116405,91.60740313511738,237.36587536098435,574.2642177734375,11.252688522891056,237.26170178213584
39.050964,-7.0370483,212.0,2019-05-29 10:00:00,25.3,26,4.7,23.0,0.0,0.0,0.0,0.0,0,1020.2,995.8,0,0,0,0,0.55,2.38,14.0,19.2,72,73,35.6,25.3,23.7,20.3,15.4,0.162,0.198,0.205,0.256,1,3600.0,744.0,614.0,130.0,817.9,744.0,999.9,805.8,665.0,140.8,817.9,805.8,1083.0,46.337774188284975,92.73782195404374,242.50903993698435,581.2222177734375,12.806550313422026,242.37079356950508
39.050964,-7.0370483,212.0,2019-05-29 11:00:00,27.0,24,4.7,25.5,0.0,0.0,0.0,0.0,0,1020.0,995.7,0,0,0,0,0.66,2.7,13.6,18.1,73,73,35.6,26.9,23.8,20.3,15.4,0.161,0.198,0.205,0.256,1,3600.0,878.0,738.0,140.0,855.9,878.0,1148.4,920.7,773.9,146.8,855.9,920.7,1204.3,49.089546839331845,93.52198342804569,248.13134863298436,588.4862177734375,14.006036227597269,247.9528236201247
39.050964,-7.0370483,212.0,2019-05-29 12:00:00,28.3,22,4.8,27.4,0.0,0.0,0.0,0.0,0,1019.6,995.4,0,0,0,0,0.73,2.98,12.5,16.6,72,72,34.9,28.7,24.1,20.3,15.4,0.163,0.199,0.205,0.256,1,3600.0,961.0,816.0,145.0,876.6,961.0,1239.8,980.2,832.3,147.9,876.6,980.2,1264.6,60.80120086669922,95.96240234375,135.90234375,437.4450988769531,22.115114212036133,152.7590789794922
39.050964,-7.0370483,212.0,2019-05-29 13:00:00,29.7,20,4.7,29.3,0.0,0.0,0.0,0.0,0,1018.8,994.8,0,0,0,0,0.76,3.32,11.2,15.0,69,69,33.1,30.1,24.3,20.3,15.4,0.163,0.198,0.205,0.256,1,3600.0,985.0,838.0,147.0,880.4,985.0,1267.7,978.9,832.8,146.1,880.4,978.9,1259.8,53.16219495134711,96.01372830957864,142.38921799,445.1950988769531,17.475105434707537,158.24638677541833
39.050964,-7.0370483,212.0,2019-05-29 14:00:00,30.9,19,4.4,30.1,0.0,0.0,0.0,0.0,0,1018.3,994.4,0,0,0,0,0.75,3.62,11.3,15.0,68,66,31.0,31.3,24.6,20.4,15.4,0.162,0.198,0.205,0.256,1,3600.0,951.0,806.0,145.0,872.5,951.0,1230.3,920.0,779.7,140.3,872.5,920.0,1190.2,53.96312087999974,96.06507122069262,149.21307271,453.16109887695313,17.685789423963104,163.68450496616663
39.050964,-7.0370483,212.0,2019-05-29 15:00:00,31.7,17,3.9,30.2,0.0,0.0,0.0,0.0,0,1017.8,994.0,0,0,0,0,0.7,3.86,12.1,16.1,60,61,31.3,32.1,24.9,20.4,15.4,0.162,0.198,0.205,0.256,1,3600.0,859.0,722.0,137.0,850.8,859.0,1130.1,806.2,677.6,128.6,850.8,806.2,1060.6,55.946324040274604,96.11643108268646,156.380226294,461.27109887695315,18.541593341087374,169.28384203446652
39.050964,-7.0370483,212.0,2019-05-29 16:00:00,31.8,17,3.6,29.2,0.0,0.0,0.0,0.0,0,1017.5,993.7,0,0,0,0,0.63,3.92,13.9,18.9,53,55,33.5,32.3,25.2,20.4,15.4,0.161,0.198,0.205,0.256,1,3600.0,720.0,592.0,128.0,809.4,720.0,974.1,650.4,534.7,115.6,809.4,650.4,879.8,59.76158480976881,96.16780790115648,163.569230956,469.39909887695313,20.4433864210776,174.8316316936684
39.050964,-7.0370483,212.0,2019-05-29 17:00:00,31.6,17,3.4,27.9,0.0,0.0,0.0,0.0,0,1017.3,993.5,0,0,0,0,0.52,3.86,14.6,20.1,52,54,33.8,32.1,25.5,20.4,15.4,0.161,0.198,0.205,0.256,1,3600.0,543.0,430.0,113.0,741.1,543.0,772.7,463.9,367.4,96.5,741.1,463.9,660.2,61.641734842300416,96.21920168170085,170.71453346200002,477.4910988769531,21.324811322002397,180.28686163005932
39.050964,-7.0370483,212.0,2019-05-29 18:00:00,30.7,18,3.3,27.1,0.0,0.0,0.0,0.0,0,1017.2,993.3,0,0,0,0,0.38,3.63,13.9,20.4,53,54,33.5,31.5,25.7,20.4,15.5,0.161,0.198,0.205,0.256,1,3600.0,346.0,253.0,93.0,624.1,346.0,539.8,267.1,195.3,71.8,624.1,267.1,416.7,60.85658700764111,96.27061242991961,177.579457678,485.4210988769531,20.72902609359645,185.50381293692357
39.050964,-7.0370483,212.0,2019-05-29 19:00:00,28.7,21,3.9,25.7,0.0,0.0,0.0,0.0,0,1017.6,993.5,0,0,0,0,0.21,3.12,10.4,20.9,46,49,30.6,30.3,25.9,20.4,15.5,0.16,0.198,0.205,0.256,1,3600.0,155.0,93.0,62.0,425.2,155.0,291.3,88.3,53.0,35.3,425.2,88.3,166.0,53.68740657593394,96.02337720907376,183.77726585000002,492.9910988769531,16.806586445285546,190.25051851215275
39.050964,-7.0370483,212.0,2019-05-29 20:00:00,26.1,25,4.5,23.1,0.0,0.0,0.0,0.0,0,1018.0,993.7,0,0,0,0,0.16,2.54,11.6,25.7,36,43,22.7,28.7,26.0,20.5,15.5,0.16,0.198,0.205,0.256,0,92.34,21.0,7.0,14.0,71.0,21.0,72.6,0.0,0.0,0.0,0.0,0.0,0.0,51.354372560008336,95.01953733807125,189.14789225,500.0930988769531,15.573781156203577,194.4402246687403
39.050964,-7.0370483,212.0,2019-05-29 21:00:00,25.0,29,5.5,22.1,0.0,0.0,0.0,0.0,0,1018.8,994.4,0,0,0,0,0.13,2.26,11.7,26.5,34,43,23.4,27.3,26.0,20.5,15.5,0.16,0.198,0.205,0.256,0,0.0,0.0,0.0,0.0,0.0,0.0,0.0,0.0,0.0,0.0,0.0,0.0,0.0,47.28126247988017,93.99804817857766,194.02647449600002,506.9970988769531,13.5976144356175,198.31569447345956
39.050964,-7.0370483,212.0,2019-05-29 22:00:00,24.2,32,6.5,21.6,0.0,0.0,0.0,0.0,0,1019.2,994.7,0,0,0,0,0.12,2.05,11.5,26.5,44,53,23.0,26.1,25.9,20.5,15.5,0.16,0.198,0.205,0.256,0,0.0,0.0,0.0,0.0,0.0,0.0,0.0,0.0,0.0,0.0,0.0,0.0,0.0,43.8396207823466,93.18986244729025,198.55570276000003,513.7570988769531,12.029008824292577,201.9695487333453
39.050964,-7.0370483,212.0,2019-05-29 23:00:00,23.1,35,6.9,20.7,0.0,0.0,0.0,0.0,0,1019.5,994.9,0,0,0,0,0.11,1.84,11.0,25.4,38,51,22.0,25.2,25.8,20.5,15.5,0.16,0.198,0.205,0.256,0,0.0,0.0,0.0,0.0,0.0,0.0,0.0,0.0,0.0,0.0,0.0,0.0,0.0,40.31551057640769,92.4178517093463,202.69687694000004,520.3190988769531,10.525300368676763,205.37636313525144
39.050964,-7.0370483,212.0,2019-05-30 00:00:00,22.5,34,6.1,19.7,0.0,0.0,0.0,0.0,0,1020.0,995.4,0,0,0,0,0.12,1.79,12.8,26.8,38,54,22.7,23.8,25.7,20.5,15.5,0.158,0.197,0.204,0.256,0,0.0,0.0,0.0,0.0,0.0,0.0,0.0,0.0,0.0,0.0,0.0,0.0,0.0,42.317582013607165,92.28886536537861,206.79750815600005,526.7730988769531,11.316966651551072,208.73504882919764
39.050964,-7.0370483,212.0,2019-05-30 01:00:00,21.6,35,5.4,19.0,0.0,0.0,0.0,0.0,0,1020.0,995.3,0,0,0,0,0.09,1.69,10.2,25.0,51,63,24.1,23.2,25.5,20.5,15.5,0.158,0.197,0.204,0.256,0,0.0,0.0,0.0,0.0,0.0,0.0,0.0,0.0,0.0,0.0,0.0,0.0,0.0,37.96603001243798,92.01082965112006,210.68199798600006,533.0650988769531,9.545091857843065,211.94638486326238
39.050964,-7.0370483,212.0,2019-05-30 02:00:00,20.9,34,4.6,18.1,0.0,0.0,0.0,0.0,0,1020.0,995.2,0,0,0,0,0.09,1.62,9.7,23.4,45,59,19.8,22.7,25.3,20.6,15.5,0.158,0.197,0.204,0.256,0,0.0,0.0,0.0,0.0,0.0,0.0,0.0,0.0,0.0,0.0,0.0,0.0,0.0,37.31606234617454,91.98601112965953,214.50462030600005,539.2310988769532,9.275001022995188,215.09689008157406
39.050964,-7.0370483,212.0,2019-05-30 03:00:00,20.1,35,4.1,17.2,0.0,0.0,0.0,0.0,0,1020.3,995.5,0,0,0,0,0.09,1.53,9.7,22.8,45,59,18.4,22.1,25.0,20.6,15.5,0.158,0.197,0.204,0.256,0,0.0,0.0,0.0,0.0,0.0,0.0,0.0,0.0,0.0,0.0,0.0,0.0,0.0,36.56102528399523,91.75112168690342,218.13242578600006,545.2530988769532,8.971674858389378,218.13202365383182
39.050964,-7.0370483,212.0,2019-05-30 04:00:00,19.5,36,3.9,16.7,0.0,0.0,0.0,0.0,0,1020.7,995.8,0,0,0,0,0.08,1.46,9.7,23.7,48,64,18.7,21.6,24.8,20.6,15.5,0.158,0.197,0.204,0.256,0,0.0,0.0,0.0,0.0,0.0,0.0,0.0,0.0,0.0,0.0,0.0,0.0,0.0,35.695356389521876,91.47882053414666,221.60332473000005,551.1670988769532,8.631739208479363,221.58853473995543
39.050964,-7.0370483,212.0,2019-05-30 05:00:00,19.1,37,4.1,16.3,0.0,0.0,0.0,0.0,0,1021.2,996.3,0,0,0,0,0.08,1.39,9.8,23.3,54,70,19.1,21.1,24.6,20.6,15.5,0.158,0.197,0.204,0.256,0,0.0,0.0,0.0,0.0,0.0,0.0,0.0,0.0,0.0,0.0,0.0,0.0,0.0,34.99645514307193,91.21878331096484,224.95364784600005,557.0090988769532,8.360538326486333,224.9254238482202
39.050964,-7.0370483,212.0,2019-05-30 06:00:00,19.7,38,4.8,17.0,0.0,0.0,0.0,0.0,0,1022.0,997.1,0,0,0,0,0.09,1.43,9.8,21.8,62,74,19.1,20.9,24.3,20.6,15.5,0.158,0.197,0.204,0.256,1,830.1,34.0,14.0,20.0,124.5,34.0,90.8,76.0,31.3,44.7,205.3,46.1,203.0,34.58068567559667,91.07903481832999,228.34872618200006,562.9590988769532,8.195867458266937,228.30681351621124
39.050964,-7.0370483,212.0,2019-05-30 07:00:00,22.0,33,5.2,19.3,0.0,0.0,0.0,0.0,0,1022.3,997.6,0,0,0,0,0.18,1.76,10.2,17.4,72,77,22.3,21.6,24.1,20.6,15.5,0.158,0.197,0.204,0.256,1,3600.0,182.0,114.0,68.0,462.0,182.0,328.6,251.4,157.5,93.9,462.0,251.4,453.8,35.25422735793938,91.12874853868347,232.42329406400006,569.3230988769533,8.422147679633046,232.36044524932885
39.050964,-7.0370483,212.0,2019-05-30 08:00:00,24.1,28,4.5,20.7,0.0,0.0,0.0,0.0,0,1022.4,997.8,0,0,0,0,0.33,2.16,14.2,20.3,83,84,32.8,22.9,23.9,20.6,15.5,0.158,0.197,0.204,0.256,1,3600.0,376.0,281.0,95.0,649.7,376.0,575.8,453.7,339.0,114.6,649.7,453.7,694.8,44.03114202876735,92.11061455770924,237.19999236800007,576.0650988769532,11.842432892436292,237.1080737026277
39.050964,-7.0370483,212.0,2019-05-30 09:00:00,26.3,24,4.0,23.0,0.0,0.0,0.0,0.0,0,1022.2,997.8,0,0,0,0,0.47,2.61,14.1,19.9,84,84,34.6,24.6,23.9,20.6,15.5,0.158,0.196,0.204,0.256,1,3600.0,574.0,459.0,115.0,759.1,574.0,805.0,648.5,518.6,129.9,759.1,648.5,909.6,49.0585532684398,93.34762025598987,242.68224355200007,583.2030988769533,14.018401879345047,242.5526674657605
39.050964,-7.0370483,212.0,2019-05-30 10:00:00,28.3,20,3.1,25.5,0.0,0.0,0.0,0.0,0,1021.7,997.5,0,0,0,0,0.61,3.07,15.1,20.9,87,86,37.1,26.4,23.9,20.6,15.5,0.157,0.196,0.204,0.256,1,3600.0,749.0,619.0,130.0,823.7,749.0,1000.5,811.2,670.4,140.8,823.7,811.2,1083.5,56.542271320971246,94.6157825631039,248.87425987200007,590.7010988769533,17.575863510299797,248.69755773367635
39.050964,-7.0370483,212.0,2019-05-30 11:00:00,29.9,18,2.9,27.9,0.0,0.0,0.0,0.0,0,1021.3,997.2,0,0,0,0,0.71,3.46,14.4,19.5,87,87,37.1,28.2,24.0,20.6,15.5,0.157,0.196,0.204,0.256,1,3600.0,883.0,743.0,140.0,861.0,883.0,1149.0,925.9,779.1,146.8,861.0,925.9,1204.8,59.14296126634959,95.39340943944333,255.56648159200006,598.4870988769533,18.87369545242959,255.33519980936182
39.050964,-7.0370483,212.0,2019-05-30 12:00:00,31.0,17,3.3,29.6,0.0,0.0,0.0,0.0,0,1020.7,996.7,0,0,0,0,0.78,3.72,14.1,18.8,86,85,36.4,29.9,24.2,20.6,15.5,0.159,0.196,0.205,0.256,1,3600.0,965.0,820.0,145.0,880.2,965.0,1240.3,984.3,836.4,147.9,880.2,984.3,1265.2,63.37890625,96.88916015625,143.70703125,445.84197998046875,23.3154296875,159.06370544433594
39.050964,-7.0370483,212.0,2019-05-30 13:00:00,32.2,16,3.1,31.1,0.0,0.0,0.0,0.0,0,1020.0,996.1,0,0,0,0,0.81,4.05,13.0,17.7,85,84,36.0,31.4,24.5,20.7,15.5,0.158,0.196,0.204,0.256,1,3600.0,990.0,843.0,147.0,884.9,990.0,1268.3,983.9,837.8,146.1,884.9,983.9,1260.5,61.247851284266694,96.94079209149054,151.071107802,454.04197998046874,21.675988914190967,164.94167644016326
39.050964,-7.0370483,212.0,2019-05-30 14:00:00,33.0,15,2.9,31.9,0.0,0.0,0.0,0.0,0,1019.4,995.6,0,0,0,0,0.79,4.28,11.9,16.3,87,85,34.2,32.5,24.8,20.7,15.5,0.158,0.196,0.204,0.256,1,3600.0,955.0,811.0,144.0,877.0,955.0,1231.1,924.0,784.7,139.3,877.0,924.0,1191.2,59.873817620676306,96.99244107303234,158.701872812,462.38597998046873,20.64932552218936,170.82539386086736
39.050964,-7.0370483,212.0,2019-05-30 15:00:00,33.5,15,2.9,32.1,0.0,0.0,0.0,0.0,0,1018.8,995.1,0,0,0,0,0.72,4.43,10.8,14.4,90,89,32.0,33.3,25.2,20.7,15.5,0.157,0.196,0.204,0.256,1,3600.0,864.0,727.0,137.0,855.6,864.0,1131.3,811.0,682.4,128.6,855.6,811.0,1061.9,58.478949774713186,97.04410710650325,166.444525872,470.81997998046876,19.671246096260973,176.71133899703736
39.050964,-7.0370483,212.0,2019-05-30 16:00:00,33.7,14,2.9,31.7,0.0,0.0,0.0,0.0,0,1018.2,994.5,0,0,0,0,0.61,4.48,9.7,13.3,88,87,29.2,33.7,25.5,20.7,15.5,0.157,0.196,0.204,0.256,1,3600.0,724.0,597.0,127.0,814.7,724.0,975.5,654.2,539.5,114.8,814.7,654.2,881.5,57.07105946357345,97.09579019753295,174.32355072000001,479.28997998046873,18.739453512689725,182.60656871251442
39.050964,-7.0370483,212.0,2019-05-30 17:00:00,33.6,15,3.0,30.7,0.0,0.0,0.0,0.0,0,1017.7,994.0,0,0,0,0,0.47,4.44,8.6,11.5,92,90,26.3,33.6,25.9,20.7,15.5,0.157,0.196,0.204,0.256,1,3600.0,547.0,434.0,113.0,745.9,547.0,774.6,467.7,371.1,96.6,745.9,467.7,662.3,55.65050595669489,97.14749035175298,182.08858139,487.7419799804687,17.85175917094589,188.36837584155904
39.050964,-7.0370483,212.0,2019-05-30 18:00:00,32.9,16,4.0,30.6,0.0,0.0,0.0,0.0,0,1017.2,993.5,0,0,0,0,0.29,4.18,5.8,9.0,97,95,22.0,33.0,26.2,20.7,15.5,0.156,0.196,0.204,0.256,1,3600.0,349.0,257.0,92.0,631.2,349.0,542.1,269.9,198.7,71.1,631.2,269.9,419.1,51.410378851225445,97.19920757479679,189.60745835,496.06797998046875,15.609938612653353,193.91709223899537
39.050964,-7.0370483,212.0,2019-05-30 19:00:00,30.2,38,14.5,30.9,0.0,0.0,0.0,0.0,0,1017.3,993.4,0,0,0,0,0.13,2.64,4.7,8.7,94,97,14.8,31.6,26.4,20.7,15.5,0.156,0.195,0.204,0.256,1,3600.0,157.0,95.0,62.0,430.4,157.0,293.9,90.1,54.5,35.6,430.4,90.1,168.7,36.82165868043784,93.7387284320061,194.716398346,503.9079799804687,9.218164531131327,198.0806467996389
39.050964,-7.0370483,212.0,2019-05-30 20:00:00,27.9,34,10.5,27.1,0.0,0.0,0.0,0.0,0,1017.7,993.6,0,0,0,0,0.09,2.49,6.6,8.8,81,99,9.4,29.4,26.5,20.8,15.5,0.156,0.195,0.204,0.256,0,177.59,22.0,8.0,14.0,80.3,22.0,73.9,0.0,0.0,0.0,0.0,0.0,0.0,37.800073155976875,93.31164834543912,199.755309586,511.3339799804687,9.55843973873463,202.11621357720873
39.050964,-7.0370483,212.0,2019-05-30 21:00:00,25.9,29,6.5,24.3,0.0,0.0,0.0,0.0,0,1018.6,994.3,0,0,0,0,0.05,2.38,4.8,10.3,27,65,9.0,27.4,26.5,20.8,15.6,0.156,0.195,0.204,0.256,0,0.0,0.0,0.0,0.0,0.0,0.0,0.0,0.0,0.0,0.0,0.0,0.0,0.0,35.86654280487342,93.36209916391971,204.802118806,518.3999799804687,8.791316595523211,206.0731183337192
39.050964,-7.0370483,212.0,2019-05-30 22:00:00,23.9,30,5.5,21.9,0.0,0.0,0.0,0.0,0,1018.9,994.4,0,0,0,0,0.07,2.06,6.4,15.6,27,61,15.5,26.1,26.4,20.8,15.6,0.156,0.195,0.204,0.256,0,0.0,0.0,0.0,0.0,0.0,0.0,0.0,0.0,0.0,0.0,0.0,0.0,0.0,37.66476760302208,93.29838547299939,209.40927380600002,525.1059799804688,9.44508631593624,209.72535508642744
39.050964,-7.0370483,212.0,2019-05-30 23:00:00,23.3,27,3.3,20.4,0.0,0.0,0.0,0.0,0,1018.7,994.2,0,0,0,0,0.09,2.08,8.6,19.6,22,58,15.8,24.9,26.3,20.8,15.6,0.156,0.195,0.204,0.256,0,0.0,0.0,0.0,0.0,0.0,0.0,0.0,0.0,0.0,0.0,0.0,0.0,0.0,40.74403504486511,93.34883191273804,214.098567798,531.7039799804687,10.626968736872312,214.0803797398724
39.050964,-7.0370483,212.0,2019-05-31 00:00:00,23.4,29,4.4,20.4,0.0,0.0,0.0,0.0,0,1018.9,994.4,0,0,0,0,0.11,2.04,10.7,24.7,40,56,18.4,24.2,26.1,20.8,15.6,0.153,0.195,0.204,0.256,0,0.0,0.0,0.0,0.0,0.0,0.0,0.0,0.0,0.0,0.0,0.0,0.0,0.0,43.77332543170281,93.3695774207008,218.678079868,538.3199799804687,11.847406553211762,218.63450572758651
39.050964,-7.0370483,212.0,2019-05-31 01:00:00,21.5,33,4.5,18.4,0.0,0.0,0.0,0.0,0,1019.7,995.0,0,0,0,0,0.11,1.72,12.0,23.8,187,198,23.0,23.4,25.9,20.8,15.6,0.153,0.195,0.204,0.256,0,0.0,0.0,0.0,0.0,0.0,0.0,0.0,0.0,0.0,0.0,0.0,0.0,0.0,42.55238627492943,92.56913532633551,222.66445364,544.5939799804687,11.307516157558325,222.60098239693875
39.050964,-7.0370483,212.0,2019-05-31 02:00:00,20.0,44,7.3,18.3,0.0,0.0,0.0,0.0,0,1019.2,994.4,0,0,0,0,0.05,1.32,7.2,15.5,270,248,22.3,22.6,25.7,20.9,15.6,0.153,0.195,0.204,0.256,0,0.0,0.0,0.0,0.0,0.0,0.0,0.0,0.0,0.0,0.0,0.0,0.0,0.0,30.59685756269154,90.72145979785695,225.775204696,550.5979799804687,6.832101938462424,225.70186475736512
39.050964,-7.0370483,212.0,2019-05-31 03:00:00,18.8,52,8.7,17.8,0.0,0.0,0.0,0.0,0,1019.9,995.0,0,0,0,0,0.02,1.04,4.3,8.9,180,212,11.2,21.6,25.4,20.9,15.6,0.153,0.195,0.204,0.256,0,0.0,0.0,0.0,0.0,0.0,0.0,0.0,0.0,0.0,0.0,0.0,0.0,0.0,23.624752535146456,89.10960614537474,228.289921528,556.3859799804687,4.686139297359786,228.21354606184593
39.050964,-7.0370483,212.0,2019-05-31 04:00:00,17.9,59,9.7,16.7,0.0,0.0,0.0,0.0,0,1020.1,995.1,0,0,0,0,0.04,0.85,8.1,15.8,193,204,14.8,21.0,25.1,20.9,15.6,0.153,0.195,0.204,0.256,0,0.0,0.0,0.0,0.0,0.0,0.0,0.0,0.0,0.0,0.0,0.0,0.0,0.0,23.207025815401675,87.59053677155077,230.340763668,562.0119799804687,4.564272750797623,230.2667949569044
39.050964,-7.0370483,212.0,2019-05-31 05:00:00,17.1,67,10.9,16.7,0.0,0.0,0.0,0.0,0,1020.4,995.3,0,0,0,0,0.01,0.65,4.6,13.0,219,226,13.7,20.4,24.8,20.9,15.6,0.153,0.195,0.204,0.256,0,0.0,0.0,0.0,0.0,0.0,0.0,0.0,0.0,0.0,0.0,0.0,0.0,0.0,17.57912550876065,86.12313865634626,231.921939264,567.4939799804687,3.106580877236382,231.85603597910514
39.050964,-7.0370483,212.0,2019-05-31 06:00:00,17.7,63,10.6,17.5,0.0,0.0,0.0,0.0,0,1021.0,995.9,0,0,0,0,0.02,0.74,2.2,3.5,99,204,7.9,20.1,24.5,20.9,15.6,0.153,0.194,0.204,0.256,1,834.94,34.0,14.0,20.0,123.9,34.0,91.5,76.0,31.3,44.7,203.6,46.2,204.5,16.150015970911657,86.17121618587015,233.75321756,573.0839799804687,2.7714021827216095,233.69257595654727
39.050964,-7.0370483,212.0,2019-05-31 07:00:00,20.1,53,10.4,19.7,0.0,0.0,0.0,0.0,0,1021.3,996.4,0,0,0,0,0.11,1.1,3.3,5.1,131,141,11.2,20.9,24.3,20.9,15.6,0.153,0.194,0.204,0.256,1,3600.0,182.0,114.0,68.0,460.0,182.0,329.8,251.0,157.2,93.8,460.0,251.0,454.9,17.7676215046541,86.67449869013821,236.376399984,579.1059799804688,3.1452789717770835,236.31253964327828
39.050964,-7.0370483,212.0,2019-05-31 08:00:00,22.6,46,10.4,22.3,0.0,0.0,0.0,0.0,0,1021.1,996.5,0,0,0,0,0.23,1.48,2.3,3.1,129,135,12.6,22.4,24.1,20.9,15.6,0.153,0.194,0.204,0.256,1,3600.0,375.0,279.0,96.0,643.8,375.0,576.8,452.2,336.5,115.8,643.8,452.2,695.6,19.717650528444242,88.01313915493017,239.74567825199998,585.5779799804687,3.620072921903662,239.67069648666663
39.050964,-7.0370483,212.0,2019-05-31 09:00:00,25.3,39,10.3,25.2,0.0,0.0,0.0,0.0,0,1020.9,996.5,0,0,0,0,0.37,1.98,1.9,2.7,112,113,13.7,24.4,24.0,20.9,15.6,0.153,0.194,0.204,0.256,1,3600.0,568.0,452.0,116.0,746.7,568.0,805.7,641.6,510.6,131.0,746.7,641.6,910.2,23.240151066118777,89.7428397221256,243.98531391599997,592.5359799804687,4.547291482572475,243.88949063431193
39.050964,-7.0370483,212.0,2019-05-31 10:00:00,28.1,32,10.0,28.7,0.0,0.0,0.0,0.0,0,1020.6,996.4,0,0,0,0,0.52,2.57,4.0,5.1,95,94,17.3,26.6,24.0,20.9,15.6,0.153,0.194,0.204,0.256,1,3600.0,738.0,609.0,129.0,809.7,738.0,1001.0,799.2,659.5,139.7,809.7,799.2,1084.0,30.463442311622902,91.74004046548359,249.21272361199996,599.9979799804687,6.721283514455185,249.08426548813625
39.050964,-7.0370483,212.0,2019-05-31 11:00:00,30.4,27,9.1,31.2,0.0,0.0,0.0,0.0,0,1019.9,995.9,0,0,0,0,0.65,3.19,6.5,8.3,90,90,22.0,28.8,24.2,20.9,15.6,0.152,0.194,0.204,0.256,1,3600.0,871.0,732.0,139.0,847.6,871.0,1149.4,913.3,767.6,145.8,847.6,913.3,1205.3,38.49483376329988,93.3436155453461,255.26652528199998,607.8739799804687,9.552930407273626,255.09473248690023
39.050964,-7.0370483,212.0,2019-05-31 12:00:00,31.9,22,7.3,32.4,0.0,0.0,0.0,0.0,0,1019.6,995.7,0,0,0,0,0.74,3.71,8.4,10.9,83,82,24.5,30.8,24.4,20.9,15.6,0.154,0.194,0.204,0.256,1,3600.0,955.0,811.0,144.0,869.9,955.0,1240.8,974.2,827.3,146.9,869.9,974.2,1265.7,50.521484375,96.93994140625,151.359375,454.4419860839844,15.9345703125,165.01953125
39.050964,-7.0370483,212.0,2019-05-31 13:00:00,33.5,17,5.1,33.5,0.0,0.0,0.0,0.0,0,1018.8,995.1,0,0,0,0,0.79,4.3,9.0,11.9,88,87,26.6,32.5,24.8,21.0,15.6,0.153,0.194,0.204,0.256,1,3600.0,982.0,836.0,146.0,876.8,982.0,1268.9,976.0,830.9,145.1,876.8,976.0,1261.2,54.73750762881063,96.99159010693776,158.919847988,462.8759860839844,17.839906772044824,171.03526495762026
39.050964,-7.0370483,212.0,2019-05-31 14:00:00,34.2,15,4.1,34.0,0.0,0.0,0.0,0.0,0,1018.0,994.3,0,0,0,0,0.76,4.57,8.3,11.2,92,92,26.6,33.7,25.1,21.0,15.6,0.153,0.194,0.204,0.256,1,3600.0,949.0,806.0,143.0,870.7,949.0,1232.0,918.3,780.0,138.4,870.7,918.3,1192.1,54.123477329153324,97.0432558594619,166.81914431799999,471.4359860839844,17.34092407356981,177.03090061907358
39.050964,-7.0370483,212.0,2019-05-31 15:00:00,34.5,14,3.6,33.7,0.0,0.0,0.0,0.0,0,1017.4,993.8,0,0,0,0,0.69,4.68,7.8,10.2,103,100,25.6,34.5,25.5,21.0,15.6,0.153,0.194,0.204,0.256,1,3600.0,860.0,722.0,138.0,848.6,860.0,1132.4,807.5,677.9,129.6,848.6,807.5,1063.2,53.811166966072115,97.09493866945208,174.879296174,480.0499860839844,17.026593270504723,183.04925813441875
39.050964,-7.0370483,212.0,2019-05-31 16:00:00,34.6,14,3.4,32.9,0.0,0.0,0.0,0.0,0,1016.9,993.3,0,0,0,0,0.6,4.73,8.3,11.1,108,103,24.1,34.8,25.9,21.0,15.6,0.152,0.194,0.204,0.256,1,3600.0,721.0,593.0,128.0,807.8,721.0,977.0,651.7,536.0,115.7,807.8,651.7,883.1,55.156453894788726,97.14663854253982,182.962088906,488.6819860839844,17.581925418518964,189.01064552112138
39.050964,-7.0370483,212.0,2019-05-31 17:00:00,34.4,14,3.4,31.8,0.0,0.0,0.0,0.0,0,1016.3,992.7,0,0,0,0,0.46,4.67,7.2,9.3,108,106,23.8,34.7,26.3,21.0,15.6,0.152,0.193,0.204,0.256,1,3600.0,544.0,432.0,112.0,740.5,544.0,776.4,465.4,369.6,95.8,740.5,465.4,664.2,53.74780219873066,97.19835548435852,190.999599886,497.2779860839844,16.749027406245666,194.87513094352715
39.050964,-7.0370483,212.0,2019-05-31 18:00:00,33.8,15,3.9,31.5,0.0,0.0,0.0,0.0,0,1015.7,992.1,0,0,0,0,0.29,4.44,5.6,7.5,130,125,19.4,34.0,26.6,21.0,15.6,0.152,0.193,0.203,0.256,1,3600.0,348.0,256.0,92.0,626.0,348.0,544.2,269.5,198.3,71.3,626.0,269.5,421.5,51.52239150339096,97.25008950054342,198.809385776,505.7659860839844,15.558572520637622,200.54264628972572
39.050964,-7.0370483,212.0,2019-05-31 19:00:00,31.2,26,9.3,30.3,0.0,0.0,0.0,0.0,0,1015.7,991.9,0,0,0,0,0.14,3.37,4.7,10.5,157,149,13.7,32.5,26.9,21.0,15.6,0.152,0.193,0.203,0.256,1,3600.0,158.0,95.0,63.0,426.6,158.0,296.4,91.4,54.9,36.4,426.6,91.4,171.4,44.60949280156971,95.8544381635247,205.10196970799998,513.7859860839844,12.325462954497823,205.30797495027133
39.050964,-7.0370483,212.0,2019-05-31 20:00:00,27.7,34,10.5,26.6,0.0,0.0,0.0,0.0,0,1016.0,991.9,0,0,0,0,0.11,2.44,8.6,14.7,165,155,11.2,30.3,27.0,21.1,15.6,0.152,0.193,0.203,0.256,0,177.13,22.0,8.0,14.0,79.5,22.0,75.2,0.0,0.0,0.0,0.0,0.0,0.0,42.08800288549378,93.73206328422683,210.10612983599998,521.1759860839844,11.209600455662846,210.08528329424072
39.050964,-7.0370483,212.0,2019-05-31 21:00:00,30.3,15,1.2,28.0,0.0,0.0,0.0,0.0,0,1016.5,992.6,0,0,0,0,0.03,3.66,2.7,7.0,293,145,12.6,28.3,27.0,21.1,15.6,0.152,0.193,0.203,0.256,0,0.0,0.0,0.0,0.0,0.0,0.0,0.0,0.0,0.0,0.0,0.0,0.0,0.0,42.31292107847578,95.92242646077771,217.13269937599998,529.0339860839844,11.24699646394186,217.0607613808261
39.050964,-7.0370483,212.0,2019-05-31 22:00:00,26.2,26,5.0,24.4,0.0,0.0,0.0,0.0,0,1016.9,992.6,0,0,0,0,0.05,2.53,4.2,3.6,340,6,7.6,26.7,26.9,21.1,15.6,0.152,0.193,0.203,0.256,0,0.0,0.0,0.0,0.0,0.0,0.0,0.0,0.0,0.0,0.0,0.0,0.0,0.0,40.98646871256679,94.97994659418703,222.45119910799997,536.1539860839844,10.66832944468343,222.34542104461264
39.050964,-7.0370483,212.0,2019-05-31 23:00:00,23.2,42,9.6,22.7,0.0,0.0,0.0,0.0,0,1016.5,992.0,0,0,0,0,0.02,1.65,3.1,1.8,324,53,10.8,25.5,26.8,21.1,15.7,0.152,0.193,0.203,0.256,0,0.0,0.0,0.0,0.0,0.0,0.0,0.0,0.0,0.0,0.0,0.0,0.0,0.0,30.472079213278874,92.13204978628171,226.16167011199997,542.7339860839844,6.789571181347143,226.04049319445926
39.050964,-7.0370483,212.0,2019-06-01 00:00:00,21.9,48,10.2,21.1,0.0,0.0,0.0,0.0,0,1016.5,991.9,0,0,0,0,0.04,1.38,5.9,3.2,313,360,13.3,24.5,26.7,21.1,15.7,0.151,0.193,0.203,0.256,0,0.0,0.0,0.0,0.0,0.0,0.0,0.0,0.0,0.0,0.0,0.0,0.0,0.0,28.018518977329485,90.2596029412522,229.31033147199997,550.0799860839844,5.9901440031337945,229.1855674117438
39.050964,-7.0370483,212.0,2019-06-01 01:00:00,22.1,35,5.8,19.3,0.0,0.0,0.0,0.0,0,1017.5,992.9,0,0,0,0,0.11,1.74,12.0,23.8,196,209,21.6,23.7,26.4,21.1,15.7,0.151,0.193,0.203,0.256,0,0.0,0.0,0.0,0.0,0.0,0.0,0.0,0.0,0.0,0.0,0.0,0.0,0.0,35.139933739612296,90.45596288187124,233.28038275199998,557.4619860839844,8.377742424100015,233.14061806294868
39.050964,-7.0370483,212.0,2019-06-01 02:00:00,20.7,45,8.3,19.2,0.0,0.0,0.0,0.0,0,1017.7,993.0,0,0,0,0,0.05,1.34,6.6,19.0,209,217,22.7,23.1,26.2,21.2,15.7,0.151,0.192,0.203,0.256,0,0.0,0.0,0.0,0.0,0.0,0.0,0.0,0.0,0.0,0.0,0.0,0.0,0.0,28.26440161646739,90.07950497181919,236.43694209199998,564.5919860839844,6.047273797373044,236.2921183524551
39.050964,-7.0370483,212.0,2019-06-01 03:00:00,20.4,46,8.4,18.7,0.0,0.0,0.0,0.0,0,1017.8,993.1,0,0,0,0,0.06,1.3,9.0,17.6,217,221,15.8,22.4,25.9,21.2,15.7,0.151,0.192,0.203,0.256,0,0.0,0.0,0.0,0.0,0.0,0.0,0.0,0.0,0.0,0.0,0.0,0.0,0.0,29.89277660286217,89.80194003238303,239.49346035199997,571.6679860839844,6.558577336910568,239.34465264277347
39.050964,-7.0370483,212.0,2019-06-01 04:00:00,19.6,51,9.1,18.0,0.0,0.0,0.0,0.0,0,1017.9,993.1,0,0,0,0,0.06,1.12,9.2,20.8,206,214,16.9,21.9,25.7,21.2,15.7,0.151,0.192,0.203,0.256,0,0.0,0.0,0.0,0.0,0.0,0.0,0.0,0.0,0.0,0.0,0.0,0.0,0.0,27.79605049623124,88.97966927122235,242.16376738999998,578.5999860839844,5.8877055902632645,242.01568634055437
39.050964,-7.0370483,212.0,2019-06-01 05:00:00,18.6,56,9.7,17.8,0.0,0.0,0.0,0.0,0,1018.4,993.5,0,0,0,0,0.02,0.94,5.4,14.5,200,215,16.6,21.3,25.4,21.2,15.7,0.151,0.192,0.203,0.256,0,0.0,0.0,0.0,0.0,0.0,0.0,0.0,0.0,0.0,0.0,0.0,0.0,0.0,22.186651047788935,88.05632761530613,244.44575707799999,585.3519860839843,4.258396623310331,244.30299589614853
39.050964,-7.0370483,212.0,2019-06-01 06:00:00,19.1,52,9.2,18.1,0.0,0.0,0.0,0.0,0,1018.7,993.8,0,0,0,0,0.04,1.05,5.4,11.1,184,216,9.0,21.0,25.1,21.2,15.7,0.151,0.192,0.203,0.256,1,839.38,34.0,14.0,20.0,123.3,34.0,92.2,75.9,31.3,44.7,202.1,46.3,205.9,22.3111125486963,88.10504338783252,246.998384214,592.1939860839843,4.288236864544296,246.85757921036563
39.050964,-7.0370483,212.0,2019-06-01 07:00:00,21.3,43,8.3,20.2,0.0,0.0,0.0,0.0,0,1019.1,994.4,0,0,0,0,0.12,1.43,4.4,5.8,171,184,12.6,21.8,24.8,21.2,15.7,0.151,0.192,0.203,0.256,1,3600.0,181.0,114.0,67.0,458.2,181.0,331.0,249.3,157.0,92.3,458.2,249.3,455.9,22.816509359127966,88.66885421184521,250.359764502,599.4319860839844,4.421035931425594,250.21143580065691
39.050964,-7.0370483,212.0,2019-06-01 08:00:00,23.5,37,7.9,22.4,0.0,0.0,0.0,0.0,0,1019.2,994.7,0,0,0,0,0.24,1.83,4.1,5.1,165,172,15.1,23.3,24.7,21.2,15.7,0.151,0.192,0.203,0.256,1,3600.0,374.0,277.0,97.0,638.0,374.0,577.7,450.8,333.9,116.9,638.0,450.8,696.4,25.78387042816604,89.98252826823594,254.43986096999998,607.0659860839844,5.257955739993565,254.27561493060242
39.050964,-7.0370483,212.0,2019-06-01 09:00:00,26.2,31,7.8,25.3,0.0,0.0,0.0,0.0,0,1019.3,995.0,0,0,0,0,0.38,2.34,3.2,4.2,153,160,15.5,25.2,24.6,21.2,15.7,0.15,0.192,0.203,0.256,1,3600.0,567.0,452.0,115.0,745.8,567.0,806.4,640.4,510.5,129.9,745.8,640.4,910.7,29.368575486376947,91.62226769087438,259.399002612,615.1859860839844,6.348824362338841,259.20824074222514
39.050964,-7.0370483,212.0,2019-06-01 10:00:00,28.9,26,7.6,29.0,0.0,0.0,0.0,0.0,0,1018.8,994.7,0,0,0,0,0.52,2.94,3.7,4.7,151,157,17.3,27.4,24.6,21.2,15.7,0.15,0.192,0.203,0.256,1,3600.0,738.0,610.0,128.0,810.4,738.0,1001.5,799.1,660.5,138.6,810.4,799.1,1084.4,34.79787430752534,93.23311861857565,265.243507812,623.7919860839844,8.168822827468468,265.0149683107584
39.050964,-7.0370483,212.0,2019-06-01 11:00:00,31.3,22,6.8,32.0,0.0,0.0,0.0,0.0,0,1018.4,994.5,0,0,0,0,0.64,3.58,4.1,5.2,165,164,18.7,29.7,24.8,21.2,15.7,0.15,0.192,0.203,0.256,1,3600.0,871.0,733.0,138.0,848.2,871.0,1149.8,913.3,768.6,144.7,848.2,913.3,1205.7,39.96868515523778,94.60621294708274,271.89676616400004,632.8299860839844,10.083694056019953,271.6193250016153
39.050964,-7.0370483,212.0,2019-06-01 12:00:00,32.7,18,5.5,33.4,0.0,0.0,0.0,0.0,0,1017.9,994.1,3,0,0,9,0.73,4.05,5.4,6.9,132,129,19.1,31.7,25.1,21.3,15.7,0.153,0.192,0.203,0.256,1,3600.0,954.0,811.0,143.0,869.3,954.0,1241.2,973.2,827.3,145.9,869.3,973.2,1266.2,45.337890625,96.99072265625,159.109375,464.1044616699219,13.279550552368164,171.22265625
39.050964,-7.0370483,212.0,2019-06-01 13:00:00,34.4,15,4.2,35.0,0.0,0.0,0.0,0.0,0,1016.9,993.3,13,0,0,42,0.76,4.62,5.1,6.4,129,128,20.9,33.5,25.4,21.3,15.7,0.152,0.192,0.203,0.256,1,3600.0,982.0,836.0,146.0,876.2,982.0,1269.5,976.1,831.0,145.1,876.2,976.1,1261.9,48.96571510261629,97.042388122385,167.05342655,473.7004616699219,14.756819841859645,177.56145909485954
39.050964,-7.0370483,212.0,2019-06-01 14:00:00,35.1,13,2.9,35.3,0.0,0.0,0.0,0.0,0,1016.2,992.7,13,0,0,43,0.74,4.89,4.8,6.3,117,114,20.2,34.8,25.8,21.3,15.7,0.152,0.192,0.203,0.256,1,3600.0,951.0,806.0,145.0,869.9,951.0,1232.7,920.4,780.1,140.3,869.9,920.4,1193.0,50.202277544169455,97.38421879374857,175.344725954,483.42246166992186,15.213100161830944,183.91630496958254
39.050964,-7.0370483,212.0,2019-06-01 15:00:00,35.4,12,2.1,35.0,0.0,0.0,0.0,0.0,0,1015.6,992.1,0,0,0,0,0.66,5.02,4.3,5.4,95,98,19.4,35.7,26.2,21.3,15.7,0.152,0.192,0.203,0.256,1,3600.0,863.0,724.0,139.0,849.9,863.0,1133.4,810.4,679.9,130.5,849.9,810.4,1064.4,50.80578622493832,97.65638488173954,183.80082987400002,493.19846166992187,15.380554463854127,190.30174349296408
39.050964,-7.0370483,212.0,2019-06-01 16:00:00,35.4,12,1.4,34.1,0.0,0.0,0.0,0.0,0,1014.9,991.4,2,0,0,6,0.55,5.08,4.0,5.1,85,86,18.0,36.0,26.6,21.3,15.7,0.151,0.192,0.203,0.256,1,3600.0,725.0,597.0,128.0,811.9,725.0,978.3,655.6,539.8,115.7,811.9,655.6,884.7,50.76730895110719,97.70827011648821,192.25693379400002,502.9744616699219,15.25432461341095,196.62195309262785
39.050964,-7.0370483,212.0,2019-06-01 17:00:00,35.1,12,1.0,32.7,0.0,0.0,0.0,0.0,0,1014.6,991.1,5,0,0,18,0.39,4.98,2.5,3.3,98,103,16.2,35.8,27.0,21.3,15.7,0.151,0.192,0.203,0.256,1,3600.0,549.0,436.0,113.0,745.5,549.0,778.1,470.0,373.3,96.7,745.5,470.0,666.2,48.811235293445165,97.76017248116503,200.64353549,512.6964616699219,14.241380574872235,202.83681976740937
39.050964,-7.0370483,212.0,2019-06-01 18:00:00,34.5,13,1.7,32.3,0.0,0.0,0.0,0.0,0,1014.2,990.7,12,0,0,40,0.24,4.78,2.2,2.9,99,97,11.5,35.1,27.3,21.3,15.7,0.151,0.192,0.203,0.256,1,3600.0,353.0,259.0,94.0,630.7,353.0,546.3,273.8,200.9,72.9,630.7,273.8,423.8,48.714802484893205,97.81209198142547,208.797410042,522.3104616699219,14.124437252983245,208.86077811752335
39.050964,-7.0370483,212.0,2019-06-01 19:00:00,32.1,40,16.9,34.1,0.0,0.0,0.0,0.0,0,1014.2,990.5,0,0,0,0,0.12,2.86,2.9,2.9,173,150,7.2,33.5,27.6,21.4,15.7,0.151,0.192,0.203,0.256,1,3600.0,161.0,98.0,63.0,436.3,161.0,298.8,93.7,57.1,36.7,436.3,93.7,174.0,35.23305858389421,93.81135240653146,214.041668762,531.4924616699219,8.504225140150277,214.0231258671006
39.050964,-7.0370483,212.0,2019-06-01 20:00:00,28.2,38,12.6,27.9,0.0,0.0,0.0,0.0,0,1014.3,990.3,0,0,0,0,0.1,2.37,7.8,7.7,202,191,10.4,31.1,27.7,21.4,15.7,0.151,0.192,0.203,0.256,0,269.13,23.0,9.0,14.0,88.5,23.0,76.5,0.0,0.0,0.0,0.0,0.0,0.0,37.651336026329695,92.74522715665535,218.824158918,539.9724616699219,9.379990051632463,218.78731564180748
39.050964,-7.0370483,212.0,2019-06-01 21:00:00,29.9,18,3.2,28.2,0.0,0.0,0.0,0.0,0,1014.7,990.8,2,0,0,5,0.0,3.45,1.0,2.7,315,157,10.1,29.1,27.7,21.4,15.7,0.151,0.192,0.203,0.256,0,0.0,0.0,0.0,0.0,0.0,0.0,0.0,0.0,0.0,0.0,0.0,0.0,0.0,37.13913839176543,95.03590184942381,225.516380638,548.7584616699219,9.14946807730518,225.43667499635924
39.050964,-7.0370483,212.0,2019-06-01 22:00:00,26.1,25,4.5,22.8,0.0,0.0,0.0,0.0,0,1015.6,991.4,0,0,0,0,0.16,2.53,13.2,27.9,343,349,24.5,27.8,27.6,21.4,15.7,0.151,0.192,0.203,0.256,0,0.0,0.0,0.0,0.0,0.0,0.0,0.0,0.0,0.0,0.0,0.0,0.0,0.0,53.6606927290134,94.74855540784431,230.88700703799998,556.8604616699218,16.265423726571207,230.77746994228843
39.050964,-7.0370483,212.0,2019-06-01 23:00:00,26.4,26,5.3,22.9,0.0,0.0,0.0,0.0,0,1015.3,991.1,0,0,0,0,0.19,2.55,16.1,33.5,350,351,29.5,27.0,27.5,21.4,15.8,0.151,0.192,0.203,0.256,0,0.0,0.0,0.0,0.0,0.0,0.0,0.0,0.0,0.0,0.0,0.0,0.0,0.0,57.83342832191913,94.55064901743079,236.24447013799997,565.0164616699218,18.319214330078644,236.1047542503461
39.050964,-7.0370483,212.0,2019-06-02 00:00:00,25.1,43,11.6,24.1,0.0,0.0,0.0,0.0,0,1015.5,991.2,0,0,0,0,0.09,1.81,9.9,21.6,350,360,32.0,26.4,27.4,21.5,15.8,0.149,0.19,0.202,0.256,0,0.0,0.0,0.0,0.0,0.0,0.0,0.0,0.0,0.0,0.0,0.0,0.0,0.0,37.00612666899453,91.73183221041175,240.17608458199996,572.9384616699218,9.037810196808312,240.02463595179717
39.050964,-7.0370483,212.0,2019-06-02 01:00:00,23.6,32,5.8,21.5,0.0,0.0,0.0,0.0,0,1016.1,991.7,0,0,0,0,0.07,1.99,7.3,10.3,200,192,14.8,25.2,27.3,21.5,15.8,0.149,0.19,0.202,0.256,0,0.0,0.0,0.0,0.0,0.0,0.0,0.0,0.0,0.0,0.0,0.0,0.0,0.0,34.14339276519336,91.7817614520497,244.59790031799997,580.5904616699219,7.98430208237643,244.42585956965053
39.050964,-7.0370483,212.0,2019-06-02 02:00:00,22.0,39,7.4,20.7,0.0,0.0,0.0,0.0,0,1015.8,991.2,3,0,0,11,0.03,1.61,3.8,5.1,287,309,13.7,24.2,27.0,21.5,15.8,0.149,0.19,0.202,0.256,0,0.0,0.0,0.0,0.0,0.0,0.0,0.0,0.0,0.0,0.0,0.0,0.0,0.0,29.315916148151917,91.41326410157235,248.30758152399997,587.9544616699219,6.352404769573315,248.1233991158012
39.050964,-7.0370483,212.0,2019-06-02 03:00:00,21.8,41,8.0,20.2,0.0,0.0,0.0,0.0,0,1015.9,991.3,13,0,0,42,0.06,1.53,7.1,10.2,319,342,12.6,23.5,26.8,21.5,15.8,0.149,0.19,0.202,0.256,0,0.0,0.0,0.0,0.0,0.0,0.0,0.0,0.0,0.0,0.0,0.0,0.0,0.0,31.52125264963394,90.99232411152668,251.86456844999998,595.2824616699219,7.065505001284057,251.6701319555642
39.050964,-7.0370483,212.0,2019-06-02 04:00:00,20.8,43,7.8,19.0,0.0,0.0,0.0,0.0,1,1016.1,991.4,22,0,0,75,0.06,1.4,8.2,12.4,331,350,14.4,22.8,26.5,21.5,15.8,0.149,0.19,0.202,0.256,0,0.0,0.0,0.0,0.0,0.0,0.0,0.0,0.0,0.0,0.0,0.0,0.0,0.0,31.19576883564163,90.48893078732861,255.15091792799998,602.4304616699219,6.950467411316751,254.94909922978528
39.050964,-7.0370483,212.0,2019-06-02 05:00:00,20.6,42,7.2,19.8,0.0,0.0,0.0,0.0,1,1016.5,991.8,29,0,0,95,0.0,1.41,0.7,4.7,180,23,14.4,22.2,26.2,21.5,15.8,0.149,0.19,0.202,0.256,0,0.0,0.0,0.0,0.0,0.0,0.0,0.0,0.0,0.0,0.0,0.0,0.0,0.0,24.049155146586536,90.47406909468444,258.46438380399997,609.5424616699219,4.752922450146108,258.2544783785128
39.050964,-7.0370483,212.0,2019-06-02 06:00:00,19.8,48,8.4,18.1,0.0,0.0,0.0,0.0,1,1017.1,992.3,29,0,0,96,0.08,1.2,8.5,14.0,216,215,15.1,21.9,25.9,21.6,15.8,0.149,0.19,0.202,0.256,1,0.0,28.0,3.0,25.0,26.3,28.0,92.8,62.5,6.7,55.8,43.0,38.2,207.1,28.87889756417678,89.57506098216784,261.32555869199996,616.5104616699218,6.190675040343036,261.1135017494205
39.050964,-7.0370483,212.0,2019-06-02 07:00:00,22.2,42,8.5,21.0,0.0,0.0,0.0,0.0,1,1017.2,992.6,26,0,0,86,0.12,1.56,5.0,10.8,240,240,15.8,22.6,25.7,21.6,15.8,0.149,0.19,0.202,0.256,1,3600.0,161.0,67.0,94.0,268.4,161.0,332.1,221.5,92.2,129.3,268.4,221.5,456.9,25.723711119557546,89.62427816503987,264.88333541599997,623.9104616699218,5.2264833748787405,264.66103398659715
39.050964,-7.0370483,212.0,2019-06-02 08:00:00,25.4,33,8.1,24.3,0.0,0.0,0.0,0.0,0,1017.5,993.2,15,0,0,49,0.25,2.17,4.1,5.6,225,230,14.4,24.1,25.5,21.6,15.8,0.149,0.19,0.202,0.256,1,3600.0,358.0,237.0,121.0,545.0,358.0,578.5,431.4,285.6,145.8,545.0,431.4,697.0,28.87251838884562,91.11056256542086,269.557623246,631.8864616699218,6.177394735907507,269.31110437387264
39.050964,-7.0370483,212.0,2019-06-02 09:00:00,28.6,25,6.5,27.3,0.0,0.0,0.0,0.0,0,1017.3,993.2,2,0,0,8,0.39,2.94,3.1,4.1,216,218,15.5,26.3,25.4,21.6,15.8,0.148,0.19,0.202,0.256,1,3600.0,565.0,443.0,122.0,730.3,565.0,806.9,638.0,500.2,137.8,730.3,638.0,911.2,34.313531226631056,93.28337634980362,275.42187339599997,640.4384616699218,7.981382454563105,275.1353410774696
39.050964,-7.0370483,212.0,2019-06-02 10:00:00,31.2,19,5.0,30.9,0.0,0.0,0.0,0.0,0,1017.1,993.2,10,0,0,34,0.52,3.68,2.1,2.6,211,214,15.1,28.7,25.5,21.6,15.8,0.148,0.19,0.202,0.256,1,3600.0,738.0,608.0,130.0,807.2,738.0,1001.9,799.0,658.3,140.8,807.2,799.0,1084.8,39.39114280988915,95.16416812262982,282.30970175399995,649.4584616699218,9.842150747502465,281.96837002146634
39.050964,-7.0370483,212.0,2019-06-02 11:00:00,33.3,16,4.0,33.6,0.0,0.0,0.0,0.0,0,1016.7,993.0,19,0,0,62,0.63,4.29,2.2,2.9,261,270,15.1,31.1,25.6,21.6,15.8,0.148,0.19,0.202,0.256,1,3600.0,868.0,725.0,143.0,838.4,868.0,1150.2,910.1,760.2,149.9,838.4,910.1,1206.0,43.76258120432123,96.32440810537805,289.91703608999995,658.8564616699218,11.57937746470453,289.5095299440734
39.050964,-7.0370483,212.0,2019-06-02 12:00:00,33.8,17,5.1,34.7,0.0,0.0,0.0,0.0,0,1016.2,992.6,7,0,0,22,0.71,4.39,3.3,4.1,283,285,18.0,33.2,25.8,21.6,15.8,0.15,0.19,0.203,0.256,1,3600.0,946.0,783.0,163.0,838.8,946.0,1241.6,965.1,798.8,166.3,838.8,965.1,1266.6,63.810546875,97.7373046875,167.7109375,473.9544677734375,22.7255859375,177.7265625
39.050964,-7.0370483,212.0,2019-06-02 13:00:00,35.3,15,4.8,35.9,0.0,0.0,0.0,0.0,0,1015.2,991.7,10,0,0,32,0.77,4.84,5.4,7.2,270,273,20.5,34.9,26.2,21.6,15.8,0.15,0.19,0.202,0.256,1,3600.0,976.0,827.0,149.0,866.1,976.0,1270.0,970.2,822.1,148.1,866.1,970.2,1262.5,52.91684280307703,97.78921663795047,175.85638754,483.7124677734375,16.545719384660185,184.24998232910937
39.050964,-7.0370483,212.0,2019-06-02 14:00:00,35.8,14,4.2,35.7,0.0,0.0,0.0,0.0,1,1014.6,991.1,28,0,0,92,0.77,5.05,7.6,9.7,273,274,24.1,36.0,26.6,21.6,15.8,0.149,0.19,0.202,0.256,1,3600.0,939.0,782.0,157.0,843.2,939.0,1233.5,908.9,756.9,152.0,843.2,908.9,1193.9,57.19542390221664,97.84114572714932,184.21087078399998,493.5604677734375,18.612916218846223,190.58878721462784
39.050964,-7.0370483,212.0,2019-06-02 15:00:00,36.1,13,3.8,34.8,0.0,0.0,0.0,0.0,1,1014.0,990.6,29,0,0,98,0.73,5.16,10.5,13.8,278,277,28.4,36.5,27.0,21.6,15.8,0.149,0.19,0.202,0.256,1,3600.0,848.0,692.0,156.0,811.3,848.0,1134.4,796.5,650.0,146.5,811.3,796.5,1065.6,63.070234837028785,97.8930919607549,192.73121160799997,503.4624677734375,21.690076958734984,196.96309206049486
39.050964,-7.0370483,212.0,2019-06-02 16:00:00,35.6,13,3.1,32.8,0.0,0.0,0.0,0.0,1,1013.7,990.3,24,0,0,81,0.66,5.05,13.8,18.5,276,277,33.5,36.5,27.4,21.7,15.8,0.149,0.19,0.202,0.256,1,3600.0,694.0,518.0,176.0,703.2,694.0,979.7,627.8,468.6,159.2,703.2,627.8,886.2,70.26186395775669,97.94505534442744,201.13703172199996,513.2744677734374,25.79053999877941,203.20198977759935
39.050964,-7.0370483,212.0,2019-06-02 17:00:00,34.9,13,2.9,31.1,0.0,0.0,0.0,0.0,1,1013.6,990.1,27,0,0,91,0.55,4.84,15.0,20.6,291,289,34.9,36.0,27.7,21.7,15.8,0.148,0.189,0.202,0.256,1,3600.0,527.0,390.0,137.0,665.2,527.0,779.8,451.5,334.1,117.4,665.2,451.5,668.0,73.3695900627833,97.99703588382906,209.38252284199996,522.9604677734375,27.586855622275138,209.38000733600092
39.050964,-7.0370483,212.0,2019-06-02 18:00:00,33.4,16,4.5,29.5,0.0,0.0,0.0,0.0,1,1013.6,990.0,29,0,0,97,0.44,4.29,17.3,25.5,306,306,38.2,35.0,28.0,21.7,15.8,0.148,0.189,0.202,0.256,1,3600.0,330.0,218.0,112.0,528.7,330.0,548.4,256.3,169.3,87.0,528.7,256.3,426.0,77.58460854549338,97.79142182915368,217.01197152199995,532.3764677734375,30.14624176614431,216.95922540124033
39.050964,-7.0370483,212.0,2019-06-02 19:00:00,31.3,20,5.3,27.5,0.0,0.0,0.0,0.0,1,1013.8,990.0,30,0,0,99,0.31,3.67,17.7,29.6,309,310,37.8,33.5,28.2,21.7,15.8,0.148,0.189,0.202,0.256,1,3600.0,139.0,52.0,87.0,229.6,139.0,301.2,81.5,30.5,51.0,229.6,81.5,176.5,72.85923156323159,96.81356636836358,223.83582624199994,541.4144677734375,27.004579391918995,223.73948577055316
39.050964,-7.0370483,212.0,2019-06-02 20:00:00,28.6,26,7.2,25.4,0.0,0.0,0.0,0.0,1,1014.2,990.2,29,0,0,96,0.23,2.9,17.2,31.2,307,310,37.1,31.9,28.3,21.7,15.8,0.148,0.189,0.202,0.256,0,0.0,21.0,3.0,18.0,29.2,21.0,77.7,0.0,0.0,0.0,0.0,0.0,0.0,63.266705930670796,95.24147357081884,229.62188638999993,549.9664677734376,21.287653840488325,229.4921453592782
39.050964,-7.0370483,212.0,2019-06-02 21:00:00,27.1,30,8.0,24.5,0.0,0.0,0.0,0.0,1,1014.9,990.8,29,0,0,98,0.16,2.52,14.3,26.8,309,311,35.3,30.4,28.4,21.8,15.8,0.148,0.189,0.202,0.256,0,0.0,0.0,0.0,0.0,0.0,0.0,0.0,0.0,0.0,0.0,0.0,0.0,0.0,52.608597902955246,94.10240316455742,234.81875722999993,558.2484677734376,15.726724119291024,234.66152186157376
39.050964,-7.0370483,212.0,2019-06-02 22:00:00,25.7,34,8.8,23.6,0.0,0.0,0.0,0.0,1,1015.5,991.2,29,0,0,97,0.12,2.17,12.1,22.9,307,312,29.5,29.2,28.3,21.8,15.8,0.148,0.189,0.202,0.256,0,0.0,0.0,0.0,0.0,0.0,0.0,0.0,0.0,0.0,0.0,0.0,0.0,0.0,44.904014988937384,93.0758970837241,239.47540623799992,566.2784677734376,12.202170500448435,239.29640336273647
39.050964,-7.0370483,212.0,2019-06-02 23:00:00,24.1,39,9.3,22.8,0.0,0.0,0.0,0.0,1,1016.0,991.6,29,0,0,98,0.07,1.82,7.4,16.5,293,306,24.8,27.9,28.2,21.8,15.9,0.148,0.189,0.202,0.256,0,0.0,0.0,0.0,0.0,0.0,0.0,0.0,0.0,0.0,0.0,0.0,0.0,0.0,34.82822055612926,91.96105702242188,243.52233118999993,574.0204677734375,8.230908734458003,243.32842385287915
39.050964,-7.0370483,212.0,2019-06-03 00:00:00,22.9,42,9.2,22.0,0.0,0.0,0.0,0.0,1,1016.9,992.4,29,0,0,96,0.04,1.63,5.0,10.4,240,284,14.8,26.7,28.1,21.8,15.9,0.148,0.189,0.202,0.256,0,0.0,0.0,0.0,0.0,0.0,0.0,0.0,0.0,0.0,0.0,0.0,0.0,0.0,29.78537954959815,91.15555755579597,247.18699390999993,581.5464677734375,6.505534199943421,246.98236306686778
39.050964,-7.0370483,212.0,2019-06-03 01:00:00,21.7,44,8.9,20.3,0.0,0.0,0.0,0.0,1,1017.0,992.4,26,0,0,86,0.06,1.46,7.8,12.3,257,285,14.0,25.6,27.9,21.8,15.9,0.148,0.189,0.202,0.256,0,0.0,0.0,0.0,0.0,0.0,0.0,0.0,0.0,0.0,0.0,0.0,0.0,0.0,30.791171960715587,90.50369745870215,250.54837419799992,588.8564677734374,6.8261675228730585,250.33615247202448
39.050964,-7.0370483,212.0,2019-06-03 02:00:00,20.5,47,8.7,19.1,0.0,0.0,0.0,0.0,0,1016.6,991.9,7,0,0,23,0.05,1.29,7.6,10.5,265,292,14.8,24.7,27.6,21.9,15.9,0.148,0.189,0.202,0.256,0,0.0,0.0,0.0,0.0,0.0,0.0,0.0,0.0,0.0,0.0,0.0,0.0,0.0,28.58462565377023,89.80084814433602,253.56224336599993,595.9504677734375,6.110882424000821,253.34630891346092
39.050964,-7.0370483,212.0,2019-06-03 03:00:00,19.5,49,8.6,17.8,0.0,0.0,0.0,0.0,1,1016.3,991.5,31,0,2,98,0.06,1.15,9.1,11.9,279,295,16.6,23.9,27.4,21.9,15.9,0.148,0.189,0.202,0.256,0,0.0,0.0,0.0,0.0,0.0,0.0,0.0,0.0,0.0,0.0,0.0,0.0,0.0,28.48208030873695,89.23178277508215,256.3281159619999,602.8644677734375,6.074010254089488,256.11112644657567
39.050964,-7.0370483,212.0,2019-06-03 04:00:00,19.5,47,8.0,17.6,0.0,0.0,0.0,0.0,1,1016.2,991.4,29,0,0,95,0.06,1.19,9.2,16.3,291,295,18.0,23.3,27.1,21.9,15.9,0.148,0.189,0.202,0.256,0,0.0,0.0,0.0,0.0,0.0,0.0,0.0,0.0,0.0,0.0,0.0,0.0,0.0,28.732455403167073,89.28088662453553,259.20245414999994,609.7784677734375,6.147872219347856,258.9827599898972
39.050964,-7.0370483,212.0,2019-06-03 05:00:00,18.9,48,7.6,16.8,0.0,0.0,0.0,0.0,1,1016.4,991.6,22,0,0,75,0.06,1.14,9.9,19.2,289,293,19.4,22.8,26.8,21.9,15.9,0.148,0.189,0.202,0.256,0,0.0,0.0,0.0,0.0,0.0,0.0,0.0,0.0,0.0,0.0,0.0,0.0,0.0,29.0780383288257,89.15288065150887,261.94042054999994,616.5844677734375,6.252648871794135,261.71944184243944
39.050964,-7.0370483,212.0,2019-06-03 06:00:00,18.9,48,7.6,16.8,0.0,0.0,0.0,0.0,1,1016.6,991.8,30,0,3,95,0.08,1.13,9.8,17.2,276,281,19.4,22.5,26.5,21.9,15.9,0.148,0.189,0.202,0.256,1,15.63,31.0,7.0,24.0,61.1,31.0,93.3,69.2,15.6,53.6,99.8,42.4,208.2,28.896666711049694,89.11942685920073,264.67838694999995,623.3904677734375,6.191416300812608,264.45611920980247
39.050964,-7.0370483,212.0,2019-06-03 07:00:00,20.9,43,7.7,19.2,0.0,0.0,0.0,0.0,1,1016.8,992.1,49,0,41,82,0.14,1.42,7.6,13.2,278,281,20.2,22.9,26.2,21.9,15.9,0.148,0.189,0.202,0.256,1,3600.0,166.0,80.0,86.0,319.4,166.0,333.1,228.1,109.9,118.2,319.4,228.1,457.7,26.92877445623,89.1684936143097,267.97974258999994,630.5564677734376,5.580896361652872,267.74965864327544
39.050964,-7.0370483,212.0,2019-06-03 08:00:00,23.0,37,7.5,21.5,0.0,0.0,0.0,0.0,0,1017.0,992.5,9,0,11,9,0.2,1.77,5.8,8.3,274,275,18.7,23.8,26.0,21.9,15.9,0.148,0.189,0.202,0.256,1,3600.0,250.0,96.0,154.0,220.4,250.0,579.1,301.1,115.6,185.5,220.4,301.1,697.6,27.57990335054945,90.03793611291782,271.9769102679999,638.1004677734376,5.7738678276465585,271.73037250126504
39.050964,-7.0370483,212.0,2019-06-03 09:00:00,26.5,28,6.4,25.0,0.0,0.0,0.0,0.0,0,1016.6,992.4,1,0,1,0,0.39,2.5,4.5,5.8,241,240,18.4,25.7,25.9,21.9,15.9,0.148,0.189,0.202,0.256,1,3600.0,562.0,434.0,128.0,714.8,562.0,807.4,634.5,490.0,144.5,714.8,634.5,911.6,32.63180620727985,92.24005146600705,277.20853221999994,646.2744677734376,7.397780684853617,276.92959760101974
39.050964,-7.0370483,212.0,2019-06-03 10:00:00,29.0,21,4.3,27.9,0.0,0.0,0.0,0.0,0,1016.3,992.3,5,0,0,17,0.54,3.17,5.9,7.4,232,231,20.5,27.9,25.9,22.0,15.9,0.147,0.189,0.202,0.256,1,3600.0,739.0,608.0,131.0,806.6,739.0,1002.3,800.1,658.3,141.8,806.6,800.1,1085.1,41.44442133300917,94.3417876202149,283.46873443399994,654.8984677734376,10.645907756828093,283.14279477268855
39.050964,-7.0370483,212.0,2019-06-03 11:00:00,30.8,17,2.8,29.9,0.0,0.0,0.0,0.0,0,1016.0,992.1,0,0,0,0,0.67,3.7,8.2,11.0,247,247,25.6,30.0,26.0,22.0,15.9,0.147,0.189,0.202,0.256,1,3600.0,873.0,733.0,140.0,847.2,873.0,1150.5,915.4,768.6,146.8,847.2,915.4,1206.3,50.24631780596112,95.70484439665151,290.43922831599997,663.8464677734376,14.4072591493368,290.05518907057177
39.050964,-7.0370483,212.0,2019-06-03 12:00:00,31.2,18,3.9,30.3,0.0,0.0,0.0,0.0,0,1015.7,991.9,0,0,0,0,0.76,3.73,11.7,15.4,261,259,30.2,31.4,26.0,22.0,15.9,0.151,0.189,0.203,0.256,1,3600.0,956.0,812.0,144.0,869.3,956.0,1242.0,975.3,828.4,146.9,869.3,975.3,1267.0,52.9658203125,96.0205078125,173.95703125,482.8047180175781,16.6708984375,182.92578125
39.050964,-7.0370483,212.0,2019-06-03 13:00:00,32.2,18,4.7,31.4,0.0,0.0,0.0,0.0,0,1015.0,991.3,0,0,0,0,0.8,3.96,13.0,17.1,265,263,34.2,32.8,26.3,22.0,15.9,0.151,0.189,0.202,0.256,1,3600.0,980.0,834.0,146.0,872.8,980.0,1270.5,974.3,829.1,145.1,872.8,974.3,1263.1,58.371441643387,96.07185296186923,181.145772646,492.0047180175781,19.285268132795448,188.6495602601239
39.050964,-7.0370483,212.0,2019-06-03 14:00:00,32.6,19,5.8,31.4,0.0,0.0,0.0,0.0,0,1014.3,990.6,0,0,0,0,0.8,4.0,15.6,20.7,263,262,38.5,33.7,26.6,22.0,15.9,0.151,0.189,0.202,0.256,1,3600.0,945.0,802.0,143.0,864.1,945.0,1234.2,914.8,776.4,138.4,864.1,914.8,1194.7,63.74504366770696,96.12321506285726,188.33214464800002,501.2767180175781,22.138059017092708,194.23070018491785
39.050964,-7.0370483,212.0,2019-06-03 15:00:00,32.5,20,6.7,30.8,0.0,0.0,0.0,0.0,0,1013.8,990.1,0,0,0,0,0.74,3.9,16.3,21.8,264,262,40.0,34.1,26.9,22.0,15.9,0.15,0.189,0.202,0.256,1,3600.0,854.0,718.0,136.0,840.8,854.0,1135.4,802.3,674.5,127.8,840.8,802.3,1066.7,65.61771631388267,96.17459412106066,195.408734728,510.5307180175781,23.092592769264808,199.71354092340258
39.050964,-7.0370483,212.0,2019-06-03 16:00:00,32.2,20,6.7,29.8,0.0,0.0,0.0,0.0,0,1013.4,989.7,0,0,0,0,0.65,3.82,16.6,22.8,266,265,40.0,34.1,27.2,22.0,15.9,0.15,0.189,0.202,0.256,1,3600.0,717.0,590.0,127.0,799.7,717.0,981.0,648.8,533.9,114.9,799.7,648.8,887.6,66.69489397314241,96.22599014207788,202.422140968,519.7307180175782,23.607570514823614,205.12075119732498
39.050964,-7.0370483,212.0,2019-06-03 17:00:00,31.6,22,7.4,28.5,0.0,0.0,0.0,0.0,0,1013.0,989.3,0,0,0,0,0.53,3.62,16.9,23.4,270,268,39.6,33.7,27.4,22.0,15.9,0.15,0.188,0.202,0.256,1,3600.0,542.0,430.0,112.0,731.7,542.0,781.4,464.6,368.6,96.0,731.7,464.6,669.8,67.35570609901065,96.20397785210524,209.137003564,528.8227180175782,23.896052864005284,210.32624419060025
39.050964,-7.0370483,212.0,2019-06-03 18:00:00,30.5,26,8.7,27.6,0.0,0.0,0.0,0.0,0,1012.7,988.9,0,0,0,0,0.4,3.24,17.3,24.8,271,271,38.9,32.9,27.6,22.0,15.9,0.15,0.188,0.202,0.256,1,3600.0,348.0,256.0,92.0,618.5,348.0,550.3,270.7,199.1,71.6,618.5,270.7,428.1,63.80034813034818,95.36715944840824,215.293215708,537.7167180175782,21.765381174612727,215.29056612766817
39.050964,-7.0370483,212.0,2019-06-03 19:00:00,28.9,32,10.6,27.0,0.0,0.0,0.0,0.0,0,1012.6,988.7,0,0,0,0,0.24,2.71,14.4,23.8,273,272,38.2,31.6,27.8,22.1,15.9,0.15,0.188,0.202,0.256,1,3600.0,160.0,97.0,63.0,425.0,160.0,303.5,94.3,57.2,37.1,425.0,94.3,178.9,52.13220590033879,94.0133452027973,220.66384210799998,546.3227180175782,15.612424681765962,220.63604789036603
39.050964,-7.0370483,212.0,2019-06-03 20:00:00,25.6,51,14.8,24.2,0.0,0.0,0.0,0.0,0,1013.2,989.0,0,0,0,0,0.16,1.6,20.1,32.7,297,297,41.4,30.1,27.8,22.1,15.9,0.15,0.188,0.202,0.256,0,271.06,24.0,9.0,15.0,86.9,24.0,78.9,0.0,0.0,0.0,0.0,0.0,0.0,44.71824710663746,90.23656953930988,224.108151186,554.3347180175781,12.211246782366102,224.07701788215317
39.050964,-7.0370483,212.0,2019-06-03 21:00:00,23.7,57,14.6,22.4,0.0,0.0,0.0,0.0,0,1013.9,989.5,0,0,0,0,0.11,1.27,18.7,31.1,295,297,41.4,28.6,27.8,22.1,15.9,0.15,0.188,0.202,0.256,0,0.0,0.0,0.0,0.0,0.0,0.0,0.0,0.0,0.0,0.0,0.0,0.0,0.0,36.81243702289542,88.61635110618174,226.91561980999998,562.004718017578,9.019732775452972,226.88777025787297
39.050964,-7.0370483,212.0,2019-06-03 22:00:00,21.9,61,14.0,20.7,0.0,0.0,0.0,0.0,0,1014.2,989.7,0,0,0,0,0.08,1.03,16.7,27.7,295,298,38.5,27.2,27.7,22.1,16.0,0.15,0.188,0.202,0.256,0,0.0,0.0,0.0,0.0,0.0,0.0,0.0,0.0,0.0,0.0,0.0,0.0,0.0,31.20070423930376,87.57099595718228,229.27711582999999,569.3507180175781,7.020394263585361,229.25680167685064
39.050964,-7.0370483,212.0,2019-06-03 23:00:00,20.3,67,13.9,19.8,0.0,0.0,0.0,0.0,0,1014.4,989.7,0,0,0,0,0.05,0.79,12.5,21.8,282,286,33.8,25.9,27.5,22.1,16.0,0.15,0.188,0.202,0.256,0,0.0,0.0,0.0,0.0,0.0,0.0,0.0,0.0,0.0,0.0,0.0,0.0,0.0,23.937209043349487,86.33782522132556,231.13630032199998,576.408718017578,4.767674282594974,231.12871770446048
39.050964,-7.0370483,212.0,2019-06-04 00:00:00,18.9,71,13.5,18.1,0.0,0.0,0.0,0.0,0,1014.7,989.9,0,0,0,0,0.04,0.64,13.0,22.1,284,286,25.2,24.5,27.3,22.1,16.0,0.149,0.188,0.202,0.256,0,0.0,0.0,0.0,0.0,0.0,0.0,0.0,0.0,0.0,0.0,0.0,0.0,0.0,22.07032760258751,85.33075207093896,232.66324312199998,583.2147180175781,4.246584651122797,232.97414914736763
39.050964,-7.0370483,212.0,2019-06-04 01:00:00,17.8,77,13.6,17.2,0.0,0.0,0.0,0.0,0,1014.3,989.4,0,0,0,0,0.02,0.47,11.6,20.3,277,282,26.6,23.5,27.1,22.2,16.0,0.149,0.188,0.202,0.256,0,0.0,0.0,0.0,0.0,0.0,0.0,0.0,0.0,0.0,0.0,0.0,0.0,0.0,18.427735430082382,84.01153860670033,233.80766042399998,589.822718017578,3.3067072243964626,234.86358341789557
39.050964,-7.0370483,212.0,2019-06-04 02:00:00,17.0,81,13.7,16.4,0.0,0.0,0.0,0.0,0,1013.9,989.0,1,1,0,0,0.02,0.37,12.0,20.5,277,280,24.1,22.7,26.8,22.2,16.0,0.149,0.188,0.202,0.256,0,0.0,0.0,0.0,0.0,0.0,0.0,0.0,0.0,0.0,0.0,0.0,0.0,0.0,16.770053801694946,82.87735690672802,234.71303219799998,596.2867180175781,2.9101268841137617,236.5985894845898
39.050964,-7.0370483,212.0,2019-06-04 03:00:00,16.4,84,13.6,15.7,0.0,0.0,0.0,0.0,0,1013.9,988.9,4,4,0,0,0.01,0.31,12.4,21.1,280,284,25.2,22.0,26.5,22.2,16.0,0.149,0.188,0.202,0.256,0,0.0,0.0,0.0,0.0,0.0,0.0,0.0,0.0,0.0,0.0,0.0,0.0,0.0,15.556254689492107,81.90552814355618,235.450176998,602.6427180175781,2.6324976864958667,238.22064473332557
39.050964,-7.0370483,212.0,2019-06-04 04:00:00,16.0,85,13.4,15.4,0.0,0.0,0.0,0.0,0,1013.8,988.8,10,11,0,0,0.01,0.28,11.4,19.4,283,288,25.2,21.3,26.2,22.2,16.0,0.149,0.188,0.202,0.256,0,0.0,0.0,0.0,0.0,0.0,0.0,0.0,0.0,0.0,0.0,0.0,0.0,0.0,14.32678912485971,81.4191622687572,236.125454288,608.9267180175781,2.362848085264238,239.79029303322562
39.050964,-7.0370483,212.0,2019-06-04 05:00:00,15.7,86,13.4,15.3,0.0,0.0,0.0,0.0,0,1013.9,988.9,9,8,0,7,0.0,0.24,9.8,17.3,278,287,23.0,20.8,25.9,22.2,16.0,0.149,0.188,0.202,0.256,0,0.0,0.0,0.0,0.0,0.0,0.0,0.0,0.0,0.0,0.0,0.0,0.0,0.0,12.996790371003273,81.02997134371273,236.74465591999999,615.1567180175781,2.0843697008355075,241.3137540132732
39.050964,-7.0370483,212.0,2019-06-04 06:00:00,16.2,83,13.4,15.9,0.0,0.0,0.0,0.0,0,1014.2,989.2,19,20,0,4,0.03,0.3,9.5,14.8,279,284,20.2,20.5,25.5,22.2,16.0,0.149,0.188,0.202,0.256,1,730.66,34.0,13.0,21.0,113.2,34.0,93.8,75.8,29.0,46.8,184.2,46.6,209.2,12.902350646434297,81.07636736228923,237.51892122599997,621.4767180175782,2.063948151422519,242.92871742475907
39.050964,-7.0370483,212.0,2019-06-04 07:00:00,17.6,73,12.7,16.8,0.0,0.0,0.0,0.0,1,1014.5,989.6,25,28,0,0,0.11,0.54,11.3,15.6,287,289,26.3,20.9,25.2,22.2,16.0,0.149,0.188,0.202,0.256,1,3600.0,169.0,96.0,73.0,382.2,169.0,333.9,232.0,131.8,100.2,382.2,232.0,458.4,15.443667539124995,82.26149844364447,238.84815125999998,628.0487180175782,2.600883391279726,244.87766736681303
39.050964,-7.0370483,212.0,2019-06-04 08:00:00,19.3,62,11.9,17.9,0.0,0.0,0.0,0.0,1,1014.4,989.6,44,49,0,0,0.22,0.84,13.6,18.6,292,292,32.8,21.8,25.0,22.2,16.0,0.149,0.188,0.202,0.256,1,3600.0,337.0,214.0,123.0,490.7,337.0,579.7,405.8,257.7,148.1,490.7,405.8,698.1,20.733935750708756,84.432058480142,240.888989292,634.9267180175782,3.8699024190303732,247.25692981863395
39.050964,-7.0370483,212.0,2019-06-04 09:00:00,20.6,55,11.2,18.9,0.0,0.0,0.0,0.0,1,1014.3,989.7,30,33,0,0,0.29,1.09,13.6,18.4,287,287,33.5,22.8,24.8,22.2,16.0,0.149,0.188,0.202,0.256,1,3600.0,428.0,240.0,188.0,395.0,428.0,807.8,483.2,270.9,212.2,395.0,483.2,911.9,24.531284845001395,86.14056092755708,243.459781782,642.0387180175782,4.901220345323192,249.95935777521998
39.050964,-7.0370483,212.0,2019-06-04 10:00:00,23.2,43,10.1,21.6,0.0,0.0,0.0,0.0,1,1013.9,989.5,31,34,0,0,0.44,1.6,13.8,18.3,277,280,34.6,24.3,24.7,22.2,16.0,0.149,0.188,0.202,0.256,1,3600.0,630.0,385.0,245.0,510.5,630.0,1002.5,682.0,416.8,265.2,510.5,682.0,1085.3,31.634051763904075,88.66901407655058,247.106279148,649.6187180175782,7.0997742661855385,253.316771552376
39.050964,-7.0370483,212.0,2019-06-04 11:00:00,24.8,37,9.0,23.1,0.0,0.0,0.0,0.0,3,1013.4,989.1,92,60,63,0,0.55,1.99,16.7,22.1,277,277,40.0,25.9,24.7,22.2,16.0,0.149,0.188,0.202,0.256,1,3600.0,748.0,480.0,268.0,554.5,748.0,1150.7,784.3,503.3,281.0,554.5,784.3,1206.6,40.725698168922364,90.32215101457744,251.40199047,657.4867180175783,10.41530355282329,257.06770947846263
39.050964,-7.0370483,212.0,2019-06-04 12:00:00,23.0,46,10.7,22.6,0.0,0.0,0.0,0.0,3,1013.6,989.2,100,100,79,0,0.52,1.52,12.8,17.6,259,259,41.8,26.2,24.7,22.2,16.0,0.154,0.189,0.203,0.256,1,3600.0,775.0,437.0,338.0,467.6,775.0,1242.3,790.7,445.8,344.8,467.6,790.7,1267.4,38.7392578125,90.6298828125,177.19921875,490.3951416015625,10.135972023010254,185.97265625
39.050964,-7.0370483,212.0,2019-06-04 13:00:00,23.9,43,10.5,22.0,0.0,0.0,0.0,0.0,3,1012.9,988.6,100,81,86,0,0.37,1.69,13.7,18.8,256,258,33.5,26.5,24.8,22.2,16.0,0.154,0.189,0.203,0.256,1,2059.35,434.0,123.0,311.0,128.6,434.0,1270.9,431.5,122.3,309.2,128.6,431.5,1263.6,37.129019975766084,90.67944824516361,180.95075925,498.1011416015625,9.423154240901011,189.65568059210284
39.050964,-7.0370483,212.0,2019-06-04 14:00:00,24.6,40,10.2,22.4,0.0,0.0,0.0,0.0,3,1012.4,988.1,87,39,86,0,0.41,1.84,15.2,20.6,265,265,36.0,26.9,24.8,22.2,16.0,0.154,0.189,0.203,0.256,1,2236.86,479.0,125.0,354.0,134.6,479.0,1234.8,463.8,121.0,342.7,134.6,463.8,1195.5,39.29082084250322,90.72903004187195,185.01032097,505.9331416015625,10.235201788267709,193.3026763693108
39.050964,-7.0370483,212.0,2019-06-04 15:00:00,23.2,49,11.9,20.9,0.0,0.0,0.0,0.0,3,1012.2,987.8,100,90,100,0,0.33,1.45,19.6,27.2,276,277,43.2,26.8,24.9,22.2,16.0,0.154,0.189,0.203,0.256,1,1814.63,370.0,103.0,267.0,120.5,370.0,1136.3,347.7,96.8,250.9,120.5,347.7,1067.8,41.766525560288336,89.8170476767256,188.272976508,513.5131416015626,11.212994900031841,196.46633113962488
39.050964,-7.0370483,212.0,2019-06-04 16:00:00,21.2,61,13.5,19.3,0.0,0.0,0.0,0.0,2,1012.4,987.9,69,0,73,84,0.27,0.98,20.6,29.7,286,287,47.9,26.3,24.9,22.2,16.0,0.154,0.189,0.203,0.255,1,1650.93,355.0,85.0,270.0,115.0,355.0,982.2,321.3,76.9,244.4,115.0,321.3,889.0,35.28474335776853,87.64087143352695,190.56260091,520.7331416015626,8.630757713630263,199.03383132546114
39.050964,-7.0370483,212.0,2019-06-04 17:00:00,20.4,65,13.5,18.6,0.1,0.1,0.0,0.0,51,1012.2,987.6,64,12,72,34,0.24,0.85,19.9,28.6,292,293,46.1,25.7,24.9,22.2,16.0,0.155,0.189,0.203,0.255,1,3600.0,323.0,112.0,211.0,190.1,323.0,783.0,277.0,96.1,181.0,190.1,277.0,671.6,31.339385881041938,86.62105488973685,192.54367756,527.8091416015626,7.205189440171474,201.40606794453728
39.050964,-7.0370483,212.0,2019-06-04 18:00:00,18.9,69,13.1,17.1,0.1,0.1,0.0,0.0,51,1012.0,987.3,100,100,100,0,0.16,0.68,18.9,27.8,288,289,43.9,24.8,24.9,22.2,16.0,0.156,0.189,0.203,0.255,1,3600.0,211.0,79.0,132.0,190.2,211.0,552.2,164.4,61.5,102.8,190.2,164.4,430.2,27.681850820881017,85.66465926699327,194.17592675999998,534.6151416015626,5.988556001297866,203.53685792166664
39.050964,-7.0370483,212.0,2019-06-04 19:00:00,18.7,65,12.0,17.0,0.0,0.0,0.0,0.0,2,1011.8,987.1,60,0,100,0,0.1,0.75,15.8,23.9,287,288,41.4,23.7,24.8,22.2,16.0,0.156,0.188,0.203,0.255,1,0.0,38.0,0.0,38.0,0.0,38.0,305.7,22.5,0.0,22.5,0.0,22.5,181.3,24.998824102164285,85.71258542938843,196.00036013999997,541.3851416015626,5.15688249951283,205.76520994519046
39.050964,-7.0370483,212.0,2019-06-04 20:00:00,18.7,53,9.1,15.5,0.0,0.0,0.0,0.0,0,1011.7,987.0,5,5,1,0,0.13,1.01,20.6,32.0,295,296,42.1,23.0,24.7,22.2,16.1,0.156,0.188,0.203,0.255,0,0.0,10.0,1.0,9.0,9.6,10.0,80.1,0.0,0.0,0.0,0.0,0.0,0.0,31.778779920601227,86.47616862471227,198.45031353599998,548.1551416015626,7.312347101664204,208.33773186310668
39.050964,-7.0370483,212.0,2019-06-04 21:00:00,16.7,56,8.0,13.4,0.0,0.0,0.0,0.0,0,1012.8,987.9,0,0,0,0,0.09,0.83,19.0,31.4,297,300,43.6,22.0,24.5,22.2,16.1,0.156,0.188,0.203,0.255,0,0.0,0.0,0.0,0.0,0.0,0.0,0.0,0.0,0.0,0.0,0.0,0.0,0.0,30.27638652443844,86.52436270720216,200.512212848,554.5651416015626,6.79208796451019,210.63131947864116
39.050964,-7.0370483,212.0,2019-06-04 22:00:00,15.4,60,7.6,12.2,0.0,0.0,0.0,0.0,0,1013.8,988.7,1,1,0,0,0.07,0.71,17.6,29.8,296,298,39.6,21.0,24.3,22.2,16.1,0.156,0.188,0.203,0.255,0,0.0,0.0,0.0,0.0,0.0,0.0,0.0,0.0,0.0,0.0,0.0,0.0,0.0,28.8272595340866,86.5006179540983,202.249768448,560.7411416015626,6.308214316288779,212.70335429576414
39.050964,-7.0370483,212.0,2019-06-04 23:00:00,14.5,65,7.9,11.5,0.0,0.0,0.0,0.0,0,1014.2,989.0,1,0,1,0,0.05,0.58,16.3,27.5,295,297,36.7,20.1,24.1,22.2,16.1,0.156,0.188,0.203,0.255,0,0.0,0.0,0.0,0.0,0.0,0.0,0.0,0.0,0.0,0.0,0.0,0.0,0.0,25.604453925302053,85.73010449580588,203.687200808,566.7551416015626,5.30141941850953,214.5792746235428
39.050964,-7.0370483,212.0,2019-06-05 00:00:00,13.7,69,8.1,10.6,0.0,0.0,0.0,0.0,0,1015.0,989.8,1,0,1,0,0.05,0.49,17.7,29.5,287,290,33.8,19.6,24.1,22.2,16.1,0.157,0.189,0.203,0.255,0,0.0,0.0,0.0,0.0,0.0,0.0,0.0,0.0,0.0,0.0,0.0,0.0,0.0,24.849480837093832,84.90152013479492,204.895065216,572.6251416015626,5.0722068446246,216.30028282062537
39.050964,-7.0370483,212.0,2019-06-05 01:00:00,13.2,74,8.6,10.3,0.0,0.0,0.0,0.0,0,1015.1,989.8,3,0,5,0,0.04,0.4,17.2,28.9,286,289,36.7,18.9,23.8,22.2,16.1,0.157,0.189,0.203,0.255,0,0.0,0.0,0.0,0.0,0.0,0.0,0.0,0.0,0.0,0.0,0.0,0.0,0.0,22.231973150249495,83.91034232886759,205.873888204,578.4051416015626,4.326085360534514,217.8750706344865
39.050964,-7.0370483,212.0,2019-06-05 02:00:00,12.9,74,8.4,10.0,0.0,0.0,0.0,0.0,0,1014.9,989.6,1,0,1,0,0.03,0.38,16.5,27.8,286,289,35.6,18.3,23.5,22.2,16.1,0.157,0.189,0.203,0.255,0,0.0,0.0,0.0,0.0,0.0,0.0,0.0,0.0,0.0,0.0,0.0,0.0,0.0,21.160496738739177,83.64654057793088,206.832176444,584.1311416015626,4.032975511360726,219.4257983532577
39.050964,-7.0370483,212.0,2019-06-05 03:00:00,12.5,76,8.4,9.6,0.0,0.0,0.0,0.0,0,1015.2,989.8,0,0,0,0,0.03,0.35,17.2,29.3,286,289,36.4,17.8,23.2,22.2,16.1,0.157,0.189,0.203,0.255,0,0.0,0.0,0.0,0.0,0.0,0.0,0.0,0.0,0.0,0.0,0.0,0.0,0.0,20.862313580618213,83.21753998099923,207.691476668,589.7851416015626,3.950465082689444,220.9049937902429
39.050964,-7.0370483,212.0,2019-06-05 04:00:00,12.2,79,8.6,9.5,0.0,0.0,0.0,0.0,0,1015.4,990.0,0,0,0,0,0.02,0.3,15.7,27.8,286,289,35.3,17.3,22.9,22.2,16.1,0.157,0.189,0.203,0.255,0,0.0,0.0,0.0,0.0,0.0,0.0,0.0,0.0,0.0,0.0,0.0,0.0,0.0,18.60890478699616,82.56857399272171,208.426778606,595.3851416015626,3.372589975204513,222.3009986988978
39.050964,-7.0370483,212.0,2019-06-05 05:00:00,11.8,80,8.4,9.2,0.0,0.0,0.0,0.0,0,1015.7,990.3,1,1,0,0,0.02,0.28,14.7,25.6,292,294,32.8,16.9,22.6,22.2,16.1,0.157,0.188,0.203,0.255,0,0.0,0.0,0.0,0.0,0.0,0.0,0.0,0.0,0.0,0.0,0.0,0.0,0.0,17.31855540078807,82.18425616190571,209.106004886,600.9131416015626,3.057792468731846,223.6486415563272
39.050964,-7.0370483,212.0,2019-06-05 06:00:00,12.1,78,8.4,9.6,0.0,0.0,0.0,0.0,0,1016.0,990.6,0,0,0,0,0.03,0.31,13.7,23.2,293,296,30.6,16.6,22.3,22.2,16.1,0.157,0.188,0.203,0.255,1,973.66,37.0,15.0,22.0,130.2,37.0,94.2,82.5,33.4,49.1,211.5,50.8,210.1,16.760507352362588,82.23103326801362,209.87052935,606.4951416015626,2.9242602241323055,225.0506848115382
39.050964,-7.0370483,212.0,2019-06-05 07:00:00,13.5,70,8.1,10.6,0.0,0.0,0.0,0.0,0,1016.5,991.2,5,3,0,8,0.11,0.47,16.3,23.7,295,296,36.4,17.0,22.0,22.2,16.1,0.157,0.188,0.203,0.255,1,3600.0,188.0,117.0,71.0,464.6,188.0,334.7,257.8,160.5,97.4,464.6,257.8,459.0,19.22865791612546,82.66464952107413,211.02363443,612.3291416015626,3.5182738688053434,226.7168267744023
39.050964,-7.0370483,212.0,2019-06-05 08:00:00,15.4,58,7.1,12.1,0.0,0.0,0.0,0.0,0,1016.8,991.7,6,5,0,5,0.22,0.74,17.2,24.3,299,299,40.0,17.9,21.8,22.2,16.1,0.157,0.188,0.203,0.255,1,3600.0,380.0,278.0,102.0,636.7,380.0,580.2,457.4,334.6,122.8,636.7,457.4,698.5,23.735697107692314,84.5525179180075,212.84806780999997,618.5051416015626,4.715987247224073,228.8279651897255
39.050964,-7.0370483,212.0,2019-06-05 09:00:00,17.5,44,5.1,13.5,0.0,0.0,0.0,0.0,1,1016.7,991.7,41,42,0,10,0.35,1.13,19.8,27.6,303,303,45.4,19.2,21.6,22.1,16.1,0.157,0.188,0.203,0.255,1,3600.0,567.0,438.0,129.0,720.3,567.0,808.1,640.0,494.4,145.6,720.3,640.0,912.2,33.845485644322984,87.32287276040279,215.59024646599997,625.0591416015626,7.921547097250875,231.53372954647045
39.050964,-7.0370483,212.0,2019-06-05 10:00:00,19.2,36,3.9,15.3,0.0,0.0,0.0,0.0,2,1016.5,991.7,75,13,92,26,0.44,1.41,20.9,29.0,302,302,47.5,20.7,21.5,22.1,16.1,0.157,0.188,0.203,0.255,1,3600.0,676.0,466.0,210.0,617.6,676.0,1002.7,731.8,504.5,227.3,617.6,731.8,1085.5,42.63129794233502,89.39606064700898,219.01059833799997,631.9191416015626,11.270607157195903,234.68142135489302
39.050964,-7.0370483,212.0,2019-06-05 11:00:00,19.7,36,4.1,16.3,0.0,0.0,0.0,0.0,2,1016.7,991.9,77,13,71,76,0.48,1.48,19.8,27.4,299,300,50.8,21.8,21.5,22.1,16.1,0.156,0.188,0.203,0.255,1,3600.0,737.0,440.0,297.0,508.1,737.0,1150.9,772.8,461.4,311.4,508.1,772.8,1206.8,42.79918182616001,89.81571277152989,222.51519532999995,638.8691416015627,11.324403655510045,237.89021254889914
39.050964,-7.0370483,212.0,2019-06-05 12:00:00,20.3,33,3.5,16.8,0.0,0.0,0.0,0.0,3,1016.7,992.0,85,2,100,78,0.48,1.59,18.4,25.5,301,301,46.8,22.6,21.6,22.1,16.1,0.16,0.189,0.204,0.255,1,3600.0,700.0,308.0,392.0,329.4,700.0,1242.5,714.2,314.2,399.9,329.4,714.2,1267.7,45.504791259765625,91.07495880126953,181.25,497.6478576660156,12.966906547546387,189.5703125
39.050964,-7.0370483,212.0,2019-06-05 13:00:00,19.8,34,3.6,15.5,0.0,0.0,0.0,0.0,1,1016.6,991.8,41,0,53,31,0.35,1.51,18.8,26.7,290,291,46.1,22.6,21.6,22.1,16.1,0.16,0.189,0.204,0.255,1,0.0,398.0,51.0,347.0,53.3,398.0,1271.3,395.7,50.7,345.0,53.3,395.7,1264.1,45.75369829562685,91.12467117592459,184.881491204,504.61585766601564,12.982968385629116,192.9918128111682
39.050964,-7.0370483,212.0,2019-06-05 14:00:00,21.9,27,2.0,18.8,0.0,0.0,0.0,0.0,2,1015.8,991.2,59,0,98,0,0.53,1.92,16.4,22.2,299,299,43.9,23.7,21.7,22.1,16.1,0.159,0.189,0.204,0.255,1,3600.0,750.0,435.0,315.0,467.9,750.0,1235.4,726.2,421.2,305.0,467.9,726.2,1196.3,45.817218962552886,91.9637447324842,189.30172734400003,511.96185766601565,12.95894895911091,196.7390839670109
39.050964,-7.0370483,212.0,2019-06-05 15:00:00,22.2,25,1.3,17.9,0.0,0.0,0.0,0.0,1,1014.9,990.4,41,0,68,0,0.5,2.0,19.1,26.1,290,290,43.9,24.3,21.9,22.1,16.1,0.159,0.189,0.204,0.255,1,3600.0,637.0,283.0,354.0,330.7,637.0,1137.2,598.7,266.0,332.7,330.7,598.7,1068.8,52.503539450334394,92.50954471645301,193.90230069400002,519.3618576660157,16.036251928827955,200.58498755782972
39.050964,-7.0370483,212.0,2019-06-05 16:00:00,21.7,28,2.5,17.2,0.0,0.0,0.0,0.0,1,1014.9,990.3,45,0,75,0,0.46,1.87,20.4,28.1,291,291,46.8,24.6,22.0,22.0,16.1,0.159,0.189,0.204,0.255,1,3600.0,583.0,323.0,260.0,436.5,583.0,983.4,527.9,292.5,235.4,436.5,527.9,890.4,55.0346906337944,92.55973072014345,198.22407535000002,526.6718576660156,17.24324866474182,204.25703225219357
39.050964,-7.0370483,212.0,2019-06-05 17:00:00,20.6,28,1.4,16.0,0.0,0.0,0.0,0.0,1,1015.2,990.5,34,0,57,0,0.36,1.75,18.5,26.2,291,291,46.8,24.2,22.1,22.0,16.1,0.159,0.189,0.204,0.255,1,3600.0,422.0,219.0,203.0,371.0,422.0,784.5,362.2,187.9,174.2,371.0,362.2,673.2,52.184451114675994,92.60993329276032,202.33734333400002,533.7838576660156,15.779954117400557,207.77526023252952
39.050964,-7.0370483,212.0,2019-06-05 18:00:00,20.9,24,-0.2,16.4,0.0,0.0,0.0,0.0,0,1014.6,990.0,1,0,1,0,0.29,1.87,16.1,22.7,280,281,41.4,23.8,22.2,22.0,16.1,0.159,0.189,0.204,0.255,1,3600.0,298.0,156.0,142.0,374.1,298.0,554.0,232.4,121.7,110.8,374.1,232.4,432.1,48.68260131602105,92.6601524397739,206.73915085400003,540.9498576660156,14.081530515870144,211.44971396540538
39.050964,-7.0370483,212.0,2019-06-05 19:00:00,19.2,30,1.1,14.7,0.0,0.0,0.0,0.0,0,1014.7,989.9,0,0,0,0,0.21,1.56,17.2,27.0,296,297,37.8,23.0,22.3,22.0,16.2,0.158,0.188,0.204,0.255,1,3600.0,157.0,90.0,67.0,388.6,157.0,307.8,93.6,53.7,39.9,388.6,93.6,183.5,49.850769106360936,92.51790723999297,210.48016071400002,547.8098576660157,14.589292185014719,214.71509395300203
39.050964,-7.0370483,212.0,2019-06-05 20:00:00,16.9,40,3.2,13.0,0.0,0.0,0.0,0.0,0,1015.4,990.4,0,0,0,0,0.12,1.15,15.5,26.8,301,303,37.8,21.7,22.3,22.0,16.2,0.158,0.188,0.204,0.255,0,372.9,26.0,10.0,16.0,95.0,26.0,81.2,0.0,0.0,0.0,0.0,0.0,0.0,40.576979185316006,90.82575800894465,213.32343351400002,554.2558576660157,10.535518879431416,217.43219637599145
39.050964,-7.0370483,212.0,2019-06-05 21:00:00,15.8,42,2.9,11.9,0.0,0.0,0.0,0.0,0,1016.2,991.1,0,0,0,0,0.1,1.04,16.0,28.0,306,307,32.4,20.6,22.2,22.0,16.2,0.158,0.188,0.204,0.255,0,0.0,0.0,0.0,0.0,0.0,0.0,0.0,0.0,0.0,0.0,0.0,0.0,0.0,38.14626377239211,89.97192918448906,215.903966846,560.5038576660157,9.56264967731713,219.9745353366088
39.050964,-7.0370483,212.0,2019-06-05 22:00:00,14.9,46,3.4,11.1,0.0,0.0,0.0,0.0,0,1016.7,991.5,0,0,0,0,0.09,0.91,15.3,26.9,304,308,33.1,19.6,22.1,22.0,16.2,0.158,0.188,0.204,0.255,0,0.0,0.0,0.0,0.0,0.0,0.0,0.0,0.0,0.0,0.0,0.0,0.0,0.0,34.43959133146507,89.12233801017156,218.178585086,566.5898576660157,8.1721069923638,222.3268632580174
39.050964,-7.0370483,212.0,2019-06-05 23:00:00,13.9,53,4.4,10.6,0.0,0.0,0.0,0.0,0,1016.7,991.4,0,0,0,0,0.07,0.76,13.6,24.5,307,311,31.0,18.7,21.9,22.0,16.2,0.158,0.188,0.204,0.255,0,0.0,0.0,0.0,0.0,0.0,0.0,0.0,0.0,0.0,0.0,0.0,0.0,0.0,28.9655270830028,87.91188556910262,220.034610386,572.4958576660157,6.305325055753114,224.42700834426367
39.050964,-7.0370483,212.0,2019-06-06 00:00:00,13.1,58,5.0,10.0,0.0,0.0,0.0,0.0,0,1017.0,991.7,0,0,0,0,0.05,0.64,12.7,23.5,299,302,27.4,17.7,21.9,22.0,16.2,0.16,0.189,0.204,0.255,0,0.0,0.0,0.0,0.0,0.0,0.0,0.0,0.0,0.0,0.0,0.0,0.0,0.0,25.3901917213894,86.87945437162576,221.60472880999998,578.2578576660156,5.200022673334391,226.3500966753756
39.050964,-7.0370483,212.0,2019-06-06 01:00:00,12.3,63,5.6,9.5,0.0,0.0,0.0,0.0,0,1016.9,991.5,0,0,0,0,0.04,0.52,11.4,21.8,298,301,25.2,17.1,21.7,22.0,16.2,0.16,0.189,0.204,0.255,0,0.0,0.0,0.0,0.0,0.0,0.0,0.0,0.0,0.0,0.0,0.0,0.0,0.0,22.01162222805371,85.89934256665887,222.91000163799998,583.8758576660157,4.240779924479321,228.1061562497897
39.050964,-7.0370483,212.0,2019-06-06 02:00:00,11.7,69,6.2,9.1,0.0,0.0,0.0,0.0,0,1016.6,991.1,0,0,0,0,0.03,0.43,10.6,20.8,294,300,22.7,16.5,21.4,21.9,16.2,0.16,0.188,0.204,0.255,0,0.0,0.0,0.0,0.0,0.0,0.0,0.0,0.0,0.0,0.0,0.0,0.0,0.0,19.166927041483024,84.79946099068974,223.95464112599998,589.3858576660157,3.497444431292686,229.70305611097106
39.050964,-7.0370483,212.0,2019-06-06 03:00:00,11.2,74,6.6,9.0,0.0,0.0,0.0,0.0,0,1016.3,990.8,13,0,0,42,0.01,0.35,9.0,18.2,299,304,20.5,15.9,21.2,21.9,16.2,0.16,0.188,0.204,0.255,0,0.0,0.0,0.0,0.0,0.0,0.0,0.0,0.0,0.0,0.0,0.0,0.0,0.0,16.279961984315783,83.75712383286601,224.79656579399997,594.8058576660156,2.8043177314157726,231.17328737963982
39.050964,-7.0370483,212.0,2019-06-06 04:00:00,10.8,77,6.9,9.0,0.0,0.0,0.0,0.0,1,1015.9,990.4,20,0,0,67,0.0,0.3,6.9,14.6,298,310,16.9,15.4,20.9,21.9,16.2,0.16,0.188,0.204,0.255,0,0.0,0.0,0.0,0.0,0.0,0.0,0.0,0.0,0.0,0.0,0.0,0.0,0.0,13.898219826017115,82.97610945227329,225.51712483599997,600.1538576660156,2.279132215168967,232.56215418949495
39.050964,-7.0370483,212.0,2019-06-06 05:00:00,10.6,79,7.2,9.2,0.0,0.0,0.0,0.0,1,1015.6,990.1,24,0,0,81,0.0,0.27,4.7,10.5,279,308,12.2,14.9,20.6,21.9,16.2,0.16,0.188,0.204,0.255,0,0.0,0.0,0.0,0.0,0.0,0.0,0.0,0.0,0.0,0.0,0.0,0.0,0.0,12.045050615554679,82.4122372322562,226.16396939799998,605.4658576660156,1.9000986853314095,233.90109165795394
39.050964,-7.0370483,212.0,2019-06-06 06:00:00,11.3,78,7.6,10.0,0.0,0.0,0.0,0.0,1,1015.7,990.2,24,0,0,79,0.02,0.29,4.6,7.9,252,286,11.2,14.8,20.3,21.9,16.2,0.16,0.188,0.204,0.255,1,492.53,35.0,11.0,24.0,95.2,35.0,94.6,78.0,24.5,53.5,154.4,48.1,210.9,12.041484800060292,82.44483196067476,226.88215904599997,610.9038576660156,1.8982181330378072,235.29767816607932
39.050964,-7.0370483,212.0,2019-06-06 07:00:00,13.0,68,7.3,11.8,0.0,0.0,0.0,0.0,1,1015.6,990.3,25,0,0,83,0.08,0.48,3.5,4.8,246,257,12.2,15.5,20.1,21.9,16.2,0.16,0.188,0.204,0.255,1,3600.0,160.0,63.0,97.0,249.6,160.0,335.3,219.3,86.3,132.9,249.6,219.3,459.6,11.992359118162495,82.8396226153036,228.07001523799997,616.6478576660156,1.8871883226988682,237.00062881612615
39.050964,-7.0370483,212.0,2019-06-06 08:00:00,14.7,61,7.2,13.4,0.0,0.0,0.0,0.0,0,1015.1,989.9,19,0,0,64,0.16,0.66,3.9,5.2,236,245,15.1,16.7,19.9,21.8,16.2,0.16,0.188,0.204,0.255,1,3600.0,305.0,133.0,172.0,304.3,305.0,580.7,367.0,160.1,207.0,304.3,367.0,698.8,13.610098313794893,83.90772295529344,229.69226032999995,622.6978576660156,2.2125107555646144,238.9931853328053
39.050964,-7.0370483,212.0,2019-06-06 09:00:00,16.3,53,6.6,14.7,0.0,0.0,0.0,0.0,0,1014.6,989.6,11,3,0,29,0.26,0.87,4.9,6.4,216,218,18.0,18.2,19.8,21.8,16.2,0.16,0.188,0.204,0.255,1,3600.0,460.0,238.0,222.0,391.2,460.0,808.4,519.2,268.6,250.6,391.2,519.2,912.3,16.631410946652323,85.45514207669842,231.84524967799996,629.0358576660155,2.8725945982999805,241.3256084532283
39.050964,-7.0370483,212.0,2019-06-06 10:00:00,18.4,44,5.9,17.4,0.0,0.0,0.0,0.0,0,1013.7,988.9,9,8,0,7,0.43,1.18,6.9,9.2,208,211,23.0,20.1,19.8,21.8,16.2,0.16,0.188,0.204,0.255,1,3600.0,726.0,568.0,158.0,752.4,726.0,1002.9,785.9,614.9,171.0,752.4,785.9,1085.7,22.017610413467846,87.45354411416837,234.72011439799996,635.7518576660156,4.213158708695909,244.11841987082454
39.050964,-7.0370483,212.0,2019-06-06 11:00:00,21.5,34,4.9,20.0,0.0,0.0,0.0,0.0,2,1012.7,988.2,76,30,81,0,0.55,1.69,13.0,17.1,228,229,32.8,21.9,19.9,21.8,16.2,0.159,0.188,0.204,0.255,1,3600.0,849.0,693.0,156.0,799.9,849.0,1151.1,890.2,726.7,163.6,799.9,890.2,1207.0,35.10067269664355,90.05240431849225,238.64699005399996,643.0258576660156,8.316341191139472,247.58118952190395
39.050964,-7.0370483,212.0,2019-06-06 12:00:00,20.6,38,5.6,17.9,0.0,0.0,0.0,0.0,3,1012.8,988.2,100,78,100,0,0.47,1.51,15.9,21.6,232,233,42.8,22.3,20.0,21.8,16.2,0.164,0.189,0.205,0.255,1,3600.0,695.0,353.0,342.0,377.4,695.0,1242.7,709.1,360.2,348.9,377.4,709.1,1268.0,46.50454330444336,89.9833984375,184.1484375,504.65093994140625,13.360638618469238,192.375
39.050964,-7.0370483,212.0,2019-06-06 13:00:00,21.3,36,5.7,17.6,0.0,0.0,0.0,0.0,3,1012.3,987.8,100,85,100,0,0.38,1.61,17.6,24.5,229,230,40.3,22.6,20.2,21.7,16.2,0.164,0.189,0.205,0.255,1,80.44,460.0,60.0,400.0,62.7,460.0,1271.7,457.4,59.7,397.8,62.7,457.4,1264.6,40.30249303437119,90.13755784605122,187.922618876,511.88893994140625,10.614383353892178,195.97830779183803
39.050964,-7.0370483,212.0,2019-06-06 14:00:00,22.1,35,6.0,18.3,0.0,0.0,0.0,0.0,2,1011.7,987.2,73,14,100,0,0.41,1.73,19.1,26.6,229,229,43.2,23.1,20.3,21.7,16.2,0.164,0.189,0.205,0.255,1,1102.14,488.0,90.0,398.0,96.7,488.0,1236.0,472.6,87.2,385.4,96.7,472.6,1196.9,43.615164696117574,90.44396560541676,191.892670156,519.2709399414063,11.960773072487891,199.4875402137294
39.050964,-7.0370483,212.0,2019-06-06 15:00:00,22.9,34,6.3,18.8,0.0,0.0,0.0,0.0,2,1010.6,986.2,60,0,100,0,0.44,1.84,21.7,30.8,227,227,48.6,23.6,20.5,21.7,16.2,0.164,0.188,0.205,0.255,1,3600.0,508.0,171.0,337.0,199.6,508.0,1138.0,477.5,160.7,316.8,199.6,477.5,1069.8,48.94646136567608,90.77755528792565,196.062803596,526.7969399414062,14.300480547294042,203.12676907196388
39.050964,-7.0370483,212.0,2019-06-06 16:00:00,23.2,34,6.4,19.0,0.0,0.0,0.0,0.0,2,1009.8,985.5,56,0,93,0,0.41,1.89,22.9,32.7,233,234,49.7,23.8,20.7,21.7,16.2,0.163,0.188,0.205,0.255,1,3600.0,442.0,140.0,302.0,188.9,442.0,984.5,400.3,126.8,273.5,188.9,400.3,891.7,51.32774311180064,90.86326160527601,200.285063704,534.3769399414062,15.378763699896655,206.79894675917393
39.050964,-7.0370483,212.0,2019-06-06 17:00:00,22.1,40,7.9,17.9,0.0,0.0,0.0,0.0,3,1009.4,985.0,87,30,100,0,0.31,1.6,25.0,37.2,243,244,53.3,23.5,20.9,21.7,16.2,0.163,0.188,0.205,0.255,1,532.62,260.0,46.0,214.0,77.8,260.0,785.9,223.2,39.5,183.7,77.8,223.2,674.8,55.14680639414251,90.91290408802867,203.949726424,541.7589399414062,17.21679442117076,210.1333082769271
39.050964,-7.0370483,212.0,2019-06-06 18:00:00,21.0,44,8.4,16.9,0.0,0.0,0.0,0.0,3,1009.6,985.1,100,84,86,0,0.26,1.39,25.2,37.8,239,239,54.7,23.1,21.0,21.7,16.2,0.163,0.188,0.205,0.255,1,3004.31,209.0,67.0,142.0,160.1,209.0,555.8,163.2,52.3,110.9,160.1,163.2,434.0,52.55341669538578,90.28243012940887,207.20790644000002,548.9429399414062,15.893475065447387,213.21329545301515
39.050964,-7.0370483,212.0,2019-06-06 19:00:00,19.8,50,9.1,16.1,0.0,0.0,0.0,0.0,2,1009.8,985.2,61,7,91,0,0.18,1.16,23.8,36.7,243,243,54.0,22.3,21.1,21.6,16.3,0.163,0.188,0.205,0.255,1,1.07,67.0,14.0,53.0,60.0,67.0,309.8,40.1,8.4,31.8,60.0,40.1,185.6,45.441858450331225,89.14718986498276,209.95903614000002,555.9109399414061,12.586304580308148,215.98372303429096
39.050964,-7.0370483,212.0,2019-06-06 20:00:00,18.2,58,9.8,15.0,0.0,0.0,0.0,0.0,3,1010.1,985.4,100,100,100,0,0.12,0.87,21.2,33.9,235,235,49.7,21.4,21.2,21.6,16.3,0.163,0.188,0.205,0.255,0,0.0,16.0,3.0,13.0,28.3,16.0,82.2,0.0,0.0,0.0,0.0,0.0,0.0,36.31925689480542,87.62853619914652,212.093070336,562.5909399414061,8.880004738019867,218.37309895626655
39.050964,-7.0370483,212.0,2019-06-06 21:00:00,17.1,67,10.9,14.7,0.0,0.0,0.0,0.0,3,1011.0,986.1,100,100,100,0,0.06,0.64,17.9,29.3,242,242,45.4,20.7,21.2,21.6,16.3,0.163,0.188,0.205,0.255,0,0.0,0.0,0.0,0.0,0.0,0.0,0.0,0.0,0.0,0.0,0.0,0.0,0.0,27.72874445463134,85.95281150359837,213.67424593200002,569.072939941406,5.928551290169359,220.43106902983567
39.050964,-7.0370483,212.0,2019-06-06 22:00:00,15.0,78,11.1,12.8,0.2,0.2,0.0,0.0,51,1012.4,987.3,100,100,100,0,0.03,0.38,17.7,26.6,287,289,44.6,19.8,21.1,21.6,16.3,0.164,0.188,0.205,0.255,0,0.0,0.0,0.0,0.0,0.0,0.0,0.0,0.0,0.0,0.0,0.0,0.0,0.0,22.05114334392481,83.61323014540923,214.60673410400003,575.1769399414061,4.265642353776284,222.06986737943123
39.050964,-7.0370483,212.0,2019-06-06 23:00:00,14.1,77,10.2,12.0,0.0,0.0,0.0,0.0,2,1013.1,987.9,65,22,76,0,0.03,0.37,15.2,23.6,284,286,37.1,19.0,21.0,21.6,16.3,0.164,0.188,0.205,0.255,0,0.0,0.0,0.0,0.0,0.0,0.0,0.0,0.0,0.0,0.0,0.0,0.0,0.0,19.42981814219582,83.22424300663761,215.52711204000002,581.1189399414061,3.5748367007036133,223.66779236006633
39.050964,-7.0370483,212.0,2019-06-07 00:00:00,13.7,80,10.4,11.7,0.0,0.0,0.0,0.0,1,1014.3,989.1,34,11,41,0,0.02,0.31,14.6,23.1,286,288,32.4,17.9,21.2,21.6,16.3,0.167,0.189,0.205,0.255,0,0.0,0.0,0.0,0.0,0.0,0.0,0.0,0.0,0.0,0.0,0.0,0.0,0.0,17.847203060520094,82.54541459139993,216.30637940000003,586.9889399414061,3.181507393147321,225.17207178245178
39.050964,-7.0370483,212.0,2019-06-07 01:00:00,12.9,82,9.9,10.7,0.0,0.0,0.0,0.0,0,1014.8,989.5,8,8,1,0,0.02,0.27,14.8,24.5,288,290,32.4,17.3,21.0,21.6,16.3,0.167,0.189,0.205,0.255,0,0.0,0.0,0.0,0.0,0.0,0.0,0.0,0.0,0.0,0.0,0.0,0.0,0.0,16.963413070658653,81.90077186188711,216.96980972000003,592.7149399414061,2.969210894864879,226.58228665009037
39.050964,-7.0370483,212.0,2019-06-07 02:00:00,11.9,86,9.6,10.0,0.0,0.0,0.0,0.0,0,1015.4,990.0,1,1,0,0,0.01,0.2,12.3,21.9,285,287,31.0,16.7,20.8,21.6,16.3,0.167,0.189,0.205,0.255,0,0.0,0.0,0.0,0.0,0.0,0.0,0.0,0.0,0.0,0.0,0.0,0.0,0.0,13.930282433806864,80.75038724300077,217.44895384000003,598.2609399414061,2.2911884551310604,227.8537793094404
39.050964,-7.0370483,212.0,2019-06-07 03:00:00,11.4,88,9.5,9.7,0.0,0.0,0.0,0.0,0,1016.0,990.5,0,0,0,0,0.0,0.16,10.9,19.6,278,283,24.8,16.0,20.6,21.5,16.3,0.167,0.189,0.205,0.255,0,0.0,0.0,0.0,0.0,0.0,0.0,0.0,0.0,0.0,0.0,0.0,0.0,0.0,12.263552566987874,79.89259695900996,217.84385284000004,603.7169399414062,1.947770832205326,229.05683352395445
39.050964,-7.0370483,212.0,2019-06-07 04:00:00,11.1,89,9.4,9.6,0.0,0.0,0.0,0.0,0,1016.2,990.7,1,1,0,0,0.0,0.14,9.0,17.7,275,282,21.2,15.5,20.3,21.5,16.3,0.167,0.189,0.205,0.255,0,0.0,0.0,0.0,0.0,0.0,0.0,0.0,0.0,0.0,0.0,0.0,0.0,0.0,10.874243422976454,79.36081913972592,218.19715581200003,609.1189399414062,1.6778803395938333,230.2211303469531
39.050964,-7.0370483,212.0,2019-06-07 05:00:00,10.6,92,9.4,9.2,0.0,0.0,0.0,0.0,0,1016.8,991.2,1,1,0,0,0.0,0.1,8.3,16.7,268,277,17.6,15.0,20.1,21.5,16.3,0.167,0.189,0.205,0.255,0,0.0,0.0,0.0,0.0,0.0,0.0,0.0,0.0,0.0,0.0,0.0,0.0,0.0,9.692957914181754,78.23624518132966,218.44357278800004,614.4309399414062,1.4603439333118033,231.30353898351171
39.050964,-7.0370483,212.0,2019-06-07 06:00:00,11.3,88,9.4,9.9,0.0,0.0,0.0,0.0,0,1017.6,992.1,2,2,0,0,0.02,0.16,8.7,16.8,275,280,17.6,14.8,19.8,21.5,16.3,0.167,0.189,0.205,0.255,1,979.92,38.0,15.0,23.0,129.5,38.0,95.0,84.7,33.4,51.3,209.8,52.3,211.6,9.89590400195629,78.28171885024874,218.83531259600005,619.8689399414062,1.4959550413964895,232.48360908078456
39.050964,-7.0370483,212.0,2019-06-07 07:00:00,12.9,75,8.5,10.9,0.0,0.0,0.0,0.0,0,1018.1,992.7,4,4,0,0,0.09,0.38,10.9,15.6,287,289,25.2,15.4,19.6,21.5,16.3,0.167,0.189,0.205,0.255,1,3600.0,188.0,116.0,72.0,458.7,188.0,335.9,257.5,158.9,98.6,458.7,257.5,460.0,12.616973842641809,80.21133545320413,219.75674359600006,625.5949399414062,2.0137775438516874,234.00893854584393
39.050964,-7.0370483,212.0,2019-06-07 08:00:00,14.5,61,7.0,12.0,0.0,0.0,0.0,0.0,1,1018.4,993.1,21,23,0,0,0.2,0.64,11.4,15.8,305,305,29.2,16.5,19.5,21.5,16.3,0.167,0.189,0.205,0.255,1,3600.0,381.0,278.0,103.0,635.5,381.0,581.0,458.4,334.5,123.9,635.5,458.4,699.0,16.748491616077878,83.10251695106282,221.35845394000006,631.6089399414062,2.9059159742205583,235.96857332399662
39.050964,-7.0370483,212.0,2019-06-07 09:00:00,16.2,50,5.7,13.4,0.0,0.0,0.0,0.0,1,1018.7,993.6,29,32,0,0,0.3,0.92,11.7,15.8,315,315,30.6,17.8,19.4,21.4,16.3,0.167,0.189,0.205,0.255,1,3600.0,537.0,390.0,147.0,640.7,537.0,808.5,606.0,440.1,165.9,640.7,606.0,912.5,21.990574814122237,85.74806583572534,223.63570484000007,637.9289399414063,4.215172883637767,238.36511070312952
39.050964,-7.0370483,212.0,2019-06-07 10:00:00,17.7,40,3.9,15.1,0.0,0.0,0.0,0.0,2,1018.9,993.9,64,58,19,0,0.4,1.22,12.0,16.1,319,320,32.0,19.3,19.4,21.4,16.3,0.167,0.189,0.205,0.255,1,3600.0,663.0,473.0,190.0,626.4,663.0,1003.0,717.7,512.0,205.7,626.4,717.7,1085.7,28.061858563345105,88.09555863713526,226.60534532000008,644.5189399414063,5.972048549374024,241.20155434299588
39.050964,-7.0370483,212.0,2019-06-07 11:00:00,18.8,35,3.0,16.8,0.0,0.0,0.0,0.0,0,1018.8,993.9,7,0,12,0,0.46,1.41,10.5,13.8,311,313,32.0,20.7,19.4,21.4,16.3,0.167,0.189,0.205,0.255,1,3600.0,746.0,447.0,299.0,515.8,746.0,1151.1,782.2,468.7,313.5,515.8,782.2,1207.1,30.71956420546146,89.54361974740321,230.0106910300001,651.3069399414063,6.816280010149522,244.31777956802028
39.050964,-7.0370483,212.0,2019-06-07 12:00:00,19.3,34,2.9,18.6,0.0,0.0,0.0,0.0,0,1019.3,994.4,16,0,27,0,0.57,1.48,9.2,12.1,321,323,29.2,22.4,19.6,21.4,16.3,0.169,0.189,0.205,0.255,1,3600.0,947.0,778.0,169.0,831.4,947.0,1242.9,966.3,793.8,172.4,831.4,966.3,1268.2,23.254491806030273,85.95381927490234,155.421875,511.79541015625,4.839696407318115,176.125
39.050964,-7.0370483,212.0,2019-06-07 13:00:00,21.1,30,2.6,20.7,0.0,0.0,0.0,0.0,0,1019.0,994.3,1,0,1,0,0.59,1.76,6.6,9.1,299,304,27.0,23.9,19.9,21.4,16.3,0.168,0.189,0.205,0.255,1,3600.0,930.0,699.0,231.0,729.9,930.0,1272.0,924.8,695.1,229.7,729.9,924.8,1265.0,27.682973451716343,90.19912395613312,159.51302864,518.99741015625,6.151729266627782,180.40674321948066
39.050964,-7.0370483,212.0,2019-06-07 14:00:00,22.4,26,2.1,22.2,0.0,0.0,0.0,0.0,0,1018.5,993.9,0,0,0,0,0.62,2.0,6.6,8.9,292,297,23.8,25.1,20.1,21.3,16.3,0.168,0.189,0.205,0.255,1,3600.0,960.0,808.0,152.0,867.9,960.0,1236.5,929.8,782.6,147.2,867.9,929.8,1197.6,33.029274531735624,91.99594193851283,164.09122438,526.43341015625,7.944803244093609,184.44892950503126
39.050964,-7.0370483,212.0,2019-06-07 15:00:00,23.2,25,2.0,22.1,0.0,0.0,0.0,0.0,0,1018.0,993.5,1,0,1,0,0.58,2.13,8.2,10.6,293,298,24.8,26.0,20.4,21.3,16.3,0.167,0.189,0.205,0.255,1,3600.0,873.0,731.0,142.0,852.5,873.0,1138.8,820.8,687.3,133.5,852.5,820.8,1070.7,37.095768906857884,92.6335821775643,168.88924723,534.0134101562501,9.422008809717925,188.6335026728942
39.050964,-7.0370483,212.0,2019-06-07 16:00:00,23.4,24,1.8,21.3,0.0,0.0,0.0,0.0,0,1017.8,993.3,0,0,0,0,0.5,2.18,9.2,12.3,301,302,26.3,26.3,20.7,21.3,16.3,0.167,0.189,0.205,0.255,1,3600.0,734.0,605.0,129.0,815.3,734.0,985.6,665.0,548.1,116.9,815.3,665.0,892.9,39.603960651071546,92.9551075132296,173.79126015,541.6294101562501,10.366367486524311,192.86902700379673
39.050964,-7.0370483,212.0,2019-06-07 17:00:00,23.2,24,1.5,19.7,0.0,0.0,0.0,0.0,0,1017.6,993.1,0,0,0,0,0.41,2.16,10.9,14.5,304,305,27.4,26.1,21.0,21.3,16.3,0.167,0.189,0.205,0.255,1,3600.0,559.0,444.0,115.0,749.0,559.0,787.3,480.2,381.4,98.8,749.0,480.2,676.4,42.16587493234728,93.00544061963129,178.653256638,549.2094101562501,11.373444164971408,197.05534680779115
39.050964,-7.0370483,212.0,2019-06-07 18:00:00,22.4,25,1.5,18.9,0.0,0.0,0.0,0.0,0,1017.8,993.2,0,0,0,0,0.29,2.03,11.3,15.6,307,308,27.7,25.4,21.3,21.3,16.3,0.166,0.189,0.205,0.255,1,3600.0,364.0,269.0,95.0,640.9,364.0,557.4,284.6,210.3,74.3,640.9,284.6,435.8,43.016099356671305,93.05579034352542,183.29331988799998,556.6454101562501,11.687120321972191,201.06715065566314
39.050964,-7.0370483,212.0,2019-06-07 19:00:00,21.3,28,2.2,17.9,0.0,0.0,0.0,0.0,0,1018.0,993.3,0,0,0,0,0.18,1.81,10.7,18.2,303,304,26.6,24.3,21.5,21.3,16.3,0.166,0.189,0.205,0.255,1,3600.0,171.0,106.0,65.0,451.6,171.0,311.7,102.9,63.8,39.1,451.6,102.9,187.7,42.473485494004564,93.1061566903983,187.53927393599997,563.8834101562502,11.419270645428078,204.79723064082845
39.050964,-7.0370483,212.0,2019-06-07 20:00:00,19.0,35,3.0,15.5,0.0,0.0,0.0,0.0,0,1018.6,993.7,0,0,0,0,0.12,1.44,12.3,23.9,302,307,24.5,22.8,21.6,21.3,16.3,0.166,0.189,0.205,0.255,0,480.79,28.0,11.0,17.0,102.9,28.0,83.2,0.0,0.0,0.0,0.0,0.0,0.0,40.33187365307757,91.9430091986585,190.97884422599998,570.7074101562501,10.509235330123763,207.97132374691228
39.050964,-7.0370483,212.0,2019-06-07 21:00:00,17.6,39,3.6,14.0,0.0,0.0,0.0,0.0,0,1019.6,994.6,0,0,0,0,0.1,1.22,14.0,26.4,316,321,28.8,21.5,21.6,21.3,16.3,0.166,0.189,0.205,0.255,0,0.0,0.0,0.0,0.0,0.0,0.0,0.0,0.0,0.0,0.0,0.0,0.0,0.0,38.76040674886787,90.89238722467682,193.981919488,577.2794101562502,9.86181278340669,210.84195392554088
39.050964,-7.0370483,212.0,2019-06-07 22:00:00,16.3,45,4.3,12.9,0.0,0.0,0.0,0.0,0,1020.2,995.0,0,0,0,0,0.09,1.02,14.0,26.5,318,323,28.8,20.4,21.5,21.3,16.4,0.166,0.189,0.205,0.255,0,0.0,0.0,0.0,0.0,0.0,0.0,0.0,0.0,0.0,0.0,0.0,0.0,0.0,34.57771733911814,89.66143038118926,196.501375108,583.6174101562501,8.269524588659877,213.38679684899486
39.050964,-7.0370483,212.0,2019-06-07 23:00:00,15.2,51,5.1,11.9,0.0,0.0,0.0,0.0,0,1020.4,995.1,0,0,0,0,0.07,0.85,14.0,26.4,325,332,28.4,19.4,21.4,21.3,16.4,0.166,0.189,0.205,0.255,0,0.0,0.0,0.0,0.0,0.0,0.0,0.0,0.0,0.0,0.0,0.0,0.0,0.0,30.781802345848906,88.43601098663343,198.60408065,589.7574101562501,6.935825380070388,215.6526199994887
39.050964,-7.0370483,212.0,2019-06-08 00:00:00,14.7,54,5.5,11.7,0.0,0.0,0.0,0.0,0,1020.5,995.2,0,0,0,0,0.06,0.76,12.7,24.5,325,336,28.1,18.5,21.3,21.2,16.4,0.165,0.188,0.205,0.255,0,0.0,0.0,0.0,0.0,0.0,0.0,0.0,0.0,0.0,0.0,0.0,0.0,0.0,27.384762137948208,87.68267899138695,200.517497938,595.8074101562501,5.831251784199527,217.79178810055097
39.050964,-7.0370483,212.0,2019-06-08 01:00:00,14.2,55,5.4,11.3,0.0,0.0,0.0,0.0,0,1020.5,995.2,0,0,0,0,0.05,0.72,11.8,24.5,340,350,24.5,17.8,21.1,21.2,16.4,0.165,0.188,0.205,0.255,0,0.0,0.0,0.0,0.0,0.0,0.0,0.0,0.0,0.0,0.0,0.0,0.0,0.0,25.57935383954314,87.29923234890867,202.33008434799999,601.7674101562501,5.275604105530923,219.85637777539142
39.050964,-7.0370483,212.0,2019-06-08 02:00:00,13.7,57,5.3,10.9,0.0,0.0,0.0,0.0,0,1020.2,994.8,0,0,0,0,0.05,0.68,11.3,23.9,343,354,23.0,17.2,21.0,21.2,16.4,0.165,0.188,0.205,0.255,0,0.0,0.0,0.0,0.0,0.0,0.0,0.0,0.0,0.0,0.0,0.0,0.0,0.0,24.16477479520286,86.8949880143785,204.005509172,607.6374101562501,4.856532813305972,221.82480746555967
39.050964,-7.0370483,212.0,2019-06-08 03:00:00,13.1,58,5.1,10.3,0.0,0.0,0.0,0.0,0,1019.9,994.5,0,0,0,0,0.04,0.63,10.5,22.7,352,1,22.0,16.7,20.8,21.2,16.4,0.165,0.188,0.205,0.255,0,0.0,0.0,0.0,0.0,0.0,0.0,0.0,0.0,0.0,0.0,0.0,0.0,0.0,22.811760814058726,86.59477811643688,205.57562759599998,613.39941015625,4.47010957473854,223.7127021609068
39.050964,-7.0370483,212.0,2019-06-08 04:00:00,12.7,58,4.7,9.9,0.0,0.0,0.0,0.0,0,1019.7,994.3,0,0,0,0,0.04,0.62,10.4,22.6,360,9,19.8,16.2,20.5,21.2,16.4,0.165,0.188,0.205,0.255,0,0.0,0.0,0.0,0.0,0.0,0.0,0.0,0.0,0.0,0.0,0.0,0.0,0.0,22.442058192812553,86.46022502729713,207.101517332,619.0894101562501,4.363749677029931,225.56207542843092
39.050964,-7.0370483,212.0,2019-06-08 05:00:00,12.5,58,4.3,9.6,0.0,0.0,0.0,0.0,0,1019.7,994.2,0,0,0,0,0.04,0.61,10.1,22.5,6,12,19.8,15.7,20.3,21.2,16.4,0.165,0.188,0.205,0.255,0,0.0,0.0,0.0,0.0,0.0,0.0,0.0,0.0,0.0,0.0,0.0,0.0,0.0,22.076942320184305,86.39700171239377,208.60529272399998,624.7434101562501,4.26004230765386,227.39197694764027
39.050964,-7.0370483,212.0,2019-06-08 06:00:00,13.2,55,4.4,10.6,0.0,0.0,0.0,0.0,0,1020.0,994.6,0,0,0,0,0.05,0.68,8.5,18.3,12,15,18.7,15.6,20.1,21.2,16.4,0.165,0.188,0.205,0.255,1,1104.75,38.0,16.0,22.0,137.8,38.0,95.2,84.7,35.7,49.0,223.1,52.3,212.2,20.95676918252876,86.44516965790021,210.29940943399998,630.5234101562501,3.9569050285638614,229.3555640689693
39.050964,-7.0370483,212.0,2019-06-08 07:00:00,15.3,47,4.2,12.7,0.0,0.0,0.0,0.0,0,1019.9,994.7,20,0,0,65,0.12,0.92,8.1,12.5,21,18,19.8,16.3,19.9,21.2,16.4,0.165,0.188,0.205,0.255,1,3600.0,191.0,122.0,69.0,481.6,191.0,336.4,261.4,167.0,94.4,481.6,261.4,460.4,21.749224235298914,86.94462490936907,212.587717506,636.6814101562501,4.162575747460331,231.73490767804762
39.050964,-7.0370483,212.0,2019-06-08 08:00:00,17.8,40,3.8,15.3,0.0,0.0,0.0,0.0,1,1019.4,994.4,21,0,0,69,0.23,1.23,7.2,10.2,18,18,20.9,17.7,19.8,21.1,16.4,0.165,0.188,0.205,0.255,1,3600.0,382.0,276.0,106.0,630.5,382.0,581.3,459.5,332.0,127.5,630.5,459.5,699.2,24.253252928604176,88.33085350676025,215.573153946,643.28941015625,4.849912360039241,234.60211777676238
39.050964,-7.0370483,212.0,2019-06-08 09:00:00,20.4,32,3.3,18.1,0.0,0.0,0.0,0.0,1,1019.0,994.2,23,0,0,77,0.35,1.62,5.7,7.5,18,17,20.5,19.6,19.7,21.1,16.4,0.164,0.188,0.204,0.255,1,3600.0,554.0,388.0,166.0,637.1,554.0,808.6,625.2,437.8,187.3,637.1,625.2,912.5,27.862726331192594,90.24484109517861,219.422102866,650.36541015625,5.917565236837756,238.05502702132566
39.050964,-7.0370483,212.0,2019-06-08 10:00:00,22.7,26,2.4,21.6,0.0,0.0,0.0,0.0,1,1018.6,994.0,22,0,0,72,0.47,2.03,3.5,4.7,24,23,19.4,21.7,19.8,21.1,16.4,0.164,0.188,0.204,0.255,1,3600.0,733.0,554.0,179.0,733.4,733.0,1003.0,793.5,599.7,193.8,733.4,793.5,1085.8,30.622871730721187,91.99001850301605,224.058743658,657.8554101562501,6.790139023897963,242.03281130631703
39.050964,-7.0370483,212.0,2019-06-08 11:00:00,24.2,23,1.8,24.2,0.0,0.0,0.0,0.0,1,1018.1,993.7,27,0,0,91,0.53,2.32,0.4,0.8,90,63,16.9,23.9,20.0,21.1,16.4,0.164,0.188,0.204,0.255,1,3600.0,830.0,584.0,246.0,673.6,830.0,1151.2,870.3,612.4,258.0,673.6,870.3,1207.1,30.465536511206192,93.034754391118,229.187428604,665.61541015625,6.728089903526251,246.33078830501813
39.050964,-7.0370483,212.0,2019-06-08 12:00:00,24.6,21,0.8,25.0,0.0,0.0,0.0,0.0,1,1018.0,993.6,21,0,0,71,0.61,2.45,1.1,1.3,198,214,15.1,25.6,20.2,21.1,16.4,0.166,0.188,0.205,0.255,1,3600.0,929.0,685.0,244.0,731.7,929.0,1243.0,948.0,699.0,249.0,731.7,948.0,1268.4,36.168601989746094,92.12422180175781,160.625,519.65185546875,9.199069023132324,180.6328125
39.050964,-7.0370483,212.0,2019-06-08 13:00:00,26.3,19,0.8,26.4,0.0,0.0,0.0,0.0,1,1017.4,993.1,27,0,0,91,0.65,2.77,3.1,3.9,234,236,16.9,27.3,20.5,21.1,16.4,0.165,0.188,0.204,0.255,1,3600.0,948.0,689.0,259.0,719.1,948.0,1272.3,942.8,685.2,257.6,719.1,942.8,1265.3,36.20043547183782,94.2319713747511,166.467925604,527.78985546875,9.105829823370692,186.15219534375592
39.050964,-7.0370483,212.0,2019-06-08 14:00:00,26.7,18,0.7,25.5,0.0,0.0,0.0,0.0,1,1016.8,992.6,24,0,0,81,0.57,2.85,4.8,6.0,243,245,18.7,28.1,20.9,21.1,16.4,0.165,0.188,0.204,0.255,1,3600.0,801.0,402.0,399.0,431.5,801.0,1237.0,775.9,389.4,386.5,431.5,775.9,1198.2,40.60784283358958,94.84669038073815,172.46933733999998,535.9998554687501,10.796702286233112,191.16232749198664
39.050964,-7.0370483,212.0,2019-06-08 15:00:00,27.0,19,1.0,25.3,0.0,0.0,0.0,0.0,1,1016.2,992.0,22,0,0,75,0.54,2.9,6.2,8.3,263,265,20.5,28.6,21.3,21.1,16.4,0.164,0.187,0.204,0.255,1,3600.0,741.0,395.0,346.0,460.3,741.0,1139.5,696.8,371.4,325.4,460.3,696.8,1071.6,42.83465191933331,94.89764799387687,178.46153476599997,544.2638554687501,11.667155856507373,196.13979780760866
39.050964,-7.0370483,212.0,2019-06-08 16:00:00,27.1,19,1.7,24.6,0.0,0.0,0.0,0.0,1,1015.9,991.7,24,0,0,80,0.51,2.89,9.1,12.0,277,277,24.5,28.8,21.7,21.0,16.4,0.164,0.187,0.204,0.255,1,3600.0,665.0,421.0,244.0,566.6,665.0,986.6,602.6,381.5,221.1,566.6,602.6,894.1,47.361958733232235,94.94862243068914,184.47505673799998,552.5458554687501,13.597660506851978,201.10004909189033
39.050964,-7.0370483,212.0,2019-06-08 17:00:00,26.4,21,2.2,22.8,0.0,0.0,0.0,0.0,0,1015.9,991.7,16,0,0,53,0.42,2.73,12.9,17.4,283,283,30.2,28.3,22.0,21.0,16.4,0.164,0.187,0.204,0.255,1,3600.0,480.0,281.0,199.0,473.1,480.0,788.6,412.6,241.5,171.0,473.1,412.6,677.8,53.76513354923247,94.99961369672936,190.19451058799999,560.7018554687501,16.58281460323684,205.8360093106454
39.050964,-7.0370483,212.0,2019-06-08 18:00:00,25.0,25,3.4,20.9,0.0,0.0,0.0,0.0,1,1015.9,991.6,25,0,0,84,0.34,2.38,17.3,24.8,293,294,37.1,27.4,22.3,21.0,16.4,0.163,0.187,0.204,0.255,1,3600.0,313.0,167.0,146.0,396.6,313.0,559.0,245.0,130.7,114.3,396.6,245.0,437.5,59.666991784495146,94.59125294522048,195.34794253799998,568.6058554687501,19.570213482956145,210.1769846542178
39.050964,-7.0370483,212.0,2019-06-08 19:00:00,23.1,30,4.6,19.6,0.0,0.0,0.0,0.0,0,1016.3,991.8,16,0,0,54,0.22,1.98,15.5,26.1,298,298,37.8,26.1,22.5,21.0,16.4,0.163,0.187,0.204,0.255,1,3600.0,141.0,49.0,92.0,207.5,141.0,313.5,85.3,29.6,55.6,207.5,85.3,189.6,51.40500250561054,93.48340460517308,199.80766857799998,576.1678554687501,15.330648803131927,214.0450763659302
39.050964,-7.0370483,212.0,2019-06-08 20:00:00,20.6,45,8.4,17.5,0.0,0.0,0.0,0.0,0,1016.8,992.1,12,0,6,29,0.14,1.33,18.7,32.3,300,303,38.2,24.7,22.6,21.0,16.4,0.163,0.187,0.204,0.255,0,57.63,26.0,7.0,19.0,65.0,26.0,84.1,0.0,0.0,0.0,0.0,0.0,0.0,44.109040039537646,90.6092474402831,202.94974828799997,583.27985546875,12.002258806738546,217.07429725460477
39.050964,-7.0370483,212.0,2019-06-08 21:00:00,18.2,55,9.0,15.4,0.0,0.0,0.0,0.0,0,1017.8,992.9,0,0,0,0,0.09,0.94,16.8,29.4,298,301,39.2,23.2,22.7,21.0,16.4,0.163,0.187,0.204,0.255,0,0.0,0.0,0.0,0.0,0.0,0.0,0.0,0.0,0.0,0.0,0.0,0.0,0.0,33.69794958797553,88.37864983520238,205.23621349799996,589.95985546875,7.921350647441912,219.53870473413227
39.050964,-7.0370483,212.0,2019-06-08 22:00:00,16.7,56,7.7,13.8,0.0,0.0,0.0,0.0,0,1018.5,993.4,0,0,0,0,0.07,0.84,15.5,27.2,295,298,34.2,21.8,22.6,21.0,16.4,0.163,0.187,0.204,0.255,0,0.0,0.0,0.0,0.0,0.0,0.0,0.0,0.0,0.0,0.0,0.0,0.0,0.0,29.990785940508896,87.6118472015656,207.29811280999996,596.36985546875,6.647178052044487,221.82786042799015
39.050964,-7.0370483,212.0,2019-06-08 23:00:00,15.4,56,6.7,12.4,0.0,0.0,0.0,0.0,0,1018.8,993.6,0,0,0,0,0.07,0.77,14.8,26.6,296,298,31.0,20.6,22.5,21.0,16.4,0.163,0.187,0.204,0.255,0,0.0,0.0,0.0,0.0,0.0,0.0,0.0,0.0,0.0,0.0,0.0,0.0,0.0,28.380001966616113,87.28094805465092,209.20942396999996,602.54585546875,6.120566082231406,223.9902215076268
39.050964,-7.0370483,212.0,2019-06-09 00:00:00,14.3,58,6.2,11.5,0.0,0.0,0.0,0.0,0,1019.0,993.7,0,0,0,0,0.05,0.68,12.2,22.7,289,293,29.5,20.1,22.4,21.0,16.4,0.158,0.186,0.203,0.255,0,0.0,0.0,0.0,0.0,0.0,0.0,0.0,0.0,0.0,0.0,0.0,0.0,0.0,24.820570120059713,86.82873622141052,210.91222845799996,608.52385546875,5.034237307973564,225.9986304321984
39.050964,-7.0370483,212.0,2019-06-09 01:00:00,13.3,61,5.9,10.8,0.0,0.0,0.0,0.0,0,1019.3,993.9,8,0,0,27,0.04,0.6,10.1,18.9,274,284,24.1,19.0,22.3,21.0,16.4,0.158,0.186,0.203,0.255,0,0.0,0.0,0.0,0.0,0.0,0.0,0.0,0.0,0.0,0.0,0.0,0.0,0.0,21.73112289308186,86.2383705043229,212.39073031399997,614.32185546875,4.1657426202435985,227.84670875204
39.050964,-7.0370483,212.0,2019-06-09 02:00:00,12.1,66,6.0,9.4,0.0,0.0,0.0,0.0,0,1019.2,993.7,0,0,0,0,0.03,0.48,11.5,20.7,270,278,21.6,18.0,22.0,21.0,16.5,0.158,0.186,0.203,0.255,0,0.0,0.0,0.0,0.0,0.0,0.0,0.0,0.0,0.0,0.0,0.0,0.0,0.0,20.853034737872722,85.31605330930138,213.57226812199997,619.90385546875,3.9294272977467517,229.48571822506545
39.050964,-7.0370483,212.0,2019-06-09 03:00:00,11.1,74,6.6,8.3,0.0,0.0,0.0,0.0,0,1019.3,993.7,0,0,0,0,0.03,0.35,13.4,24.3,278,282,25.9,17.1,21.8,21.0,16.5,0.158,0.186,0.203,0.255,0,0.0,0.0,0.0,0.0,0.0,0.0,0.0,0.0,0.0,0.0,0.0,0.0,0.0,19.35578881387594,83.84788213166684,214.40734787399998,625.30585546875,3.5427016805841625,230.89188562029287
39.050964,-7.0370483,212.0,2019-06-09 04:00:00,10.6,80,7.3,7.8,0.0,0.0,0.0,0.0,0,1019.1,993.5,0,0,0,0,0.02,0.25,14.0,25.8,282,285,27.7,16.4,21.5,21.0,16.5,0.158,0.186,0.203,0.255,0,0.0,0.0,0.0,0.0,0.0,0.0,0.0,0.0,0.0,0.0,0.0,0.0,0.0,17.277132591141825,82.40853893181621,215.02339031399998,630.61785546875,3.034582626591964,232.15260512923422
39.050964,-7.0370483,212.0,2019-06-09 05:00:00,10.4,84,7.8,7.8,0.0,0.0,0.0,0.0,0,1019.2,993.6,0,0,0,0,0.01,0.2,13.7,25.3,284,287,27.7,15.8,21.2,21.0,16.5,0.158,0.186,0.203,0.255,0,0.0,0.0,0.0,0.0,0.0,0.0,0.0,0.0,0.0,0.0,0.0,0.0,0.0,15.332617371441833,81.2055224602595,215.507799754,635.89385546875,2.5883705861270934,233.3265698685568
39.050964,-7.0370483,212.0,2019-06-09 06:00:00,11.3,80,7.9,8.9,0.0,0.0,0.0,0.0,0,1019.5,993.9,0,0,0,0,0.03,0.27,12.6,24.0,283,289,26.6,15.5,20.9,21.0,16.5,0.158,0.186,0.203,0.255,1,1107.35,38.0,16.0,22.0,137.6,38.0,95.5,84.7,35.6,49.0,222.5,52.4,212.7,14.762779703263657,81.25197643709778,216.16069943399998,641.33185546875,2.461931326969596,234.6226627928311
39.050964,-7.0370483,212.0,2019-06-09 07:00:00,13.4,66,7.2,10.9,0.0,0.0,0.0,0.0,0,1019.7,994.3,0,0,0,0,0.11,0.53,12.1,17.7,287,290,28.4,16.1,20.7,21.0,16.5,0.158,0.186,0.203,0.255,1,3600.0,190.0,121.0,69.0,477.1,190.0,336.7,259.9,165.5,94.4,477.1,259.9,460.6,16.58961391721652,82.7244687769179,217.458600814,647.14785546875,2.8687290869433104,236.35964729463691
39.050964,-7.0370483,212.0,2019-06-09 08:00:00,16.0,52,6.3,13.5,0.0,0.0,0.0,0.0,0,1019.6,994.4,0,0,0,0,0.22,0.87,10.8,15.0,291,294,28.1,17.3,20.5,21.0,16.5,0.158,0.186,0.203,0.255,1,3600.0,384.0,287.0,97.0,655.3,384.0,581.4,461.9,345.2,116.7,655.3,461.9,699.3,20.39003913358953,85.31582988572255,219.619488142,653.43185546875,3.7931231949803967,238.68388815414548
39.050964,-7.0370483,212.0,2019-06-09 09:00:00,18.7,41,5.0,16.3,0.0,0.0,0.0,0.0,0,1019.4,994.5,0,0,0,0,0.35,1.29,9.6,13.0,290,294,27.4,19.1,20.4,21.0,16.5,0.158,0.186,0.203,0.255,1,3600.0,578.0,462.0,116.0,758.5,578.0,808.7,652.2,521.3,130.9,758.5,652.2,912.5,25.477889510022823,87.95985627202823,222.694961554,660.20185546875,5.189858820762897,241.628537647095
39.050964,-7.0370483,212.0,2019-06-09 10:00:00,21.1,33,4.0,19.2,0.0,0.0,0.0,0.0,0,1019.2,994.5,0,0,0,0,0.48,1.68,10.9,14.7,287,292,29.9,21.1,20.4,21.0,16.5,0.158,0.186,0.203,0.255,1,3600.0,750.0,620.0,130.0,820.6,750.0,1003.0,811.9,671.1,140.7,820.6,811.9,1085.7,33.206635060805304,90.2124858135306,226.610780038,667.40385546875,7.654721620443307,245.13677364436026
39.050964,-7.0370483,212.0,2019-06-09 11:00:00,22.9,29,4.0,21.4,0.0,0.0,0.0,0.0,0,1018.7,994.1,0,0,0,0,0.59,1.97,13.1,17.2,286,290,34.2,23.0,20.5,20.9,16.5,0.158,0.186,0.203,0.255,1,3600.0,882.0,742.0,140.0,855.7,882.0,1151.2,924.9,778.1,146.8,855.7,924.9,1207.1,40.69661679002837,91.6039114313466,231.096832678,674.9298554687499,10.428336208598115,249.026336826542
39.050964,-7.0370483,212.0,2019-06-09 12:00:00,23.9,29,4.9,22.9,0.0,0.0,0.0,0.0,0,1018.5,994.0,0,0,0,0,0.66,2.1,13.8,18.5,290,291,37.8,24.7,20.6,20.9,16.5,0.158,0.186,0.203,0.255,1,3600.0,963.0,817.0,146.0,872.5,963.0,1243.1,982.7,833.7,149.0,872.5,982.7,1268.5,48.1298828125,92.19353485107422,165.375,527.5519409179688,14.247657775878906,184.8359375
39.050964,-7.0370483,212.0,2019-06-09 13:00:00,25.2,28,5.6,24.2,0.0,0.0,0.0,0.0,0,1017.9,993.5,0,0,0,0,0.7,2.3,15.3,20.4,289,291,38.5,26.1,20.9,20.9,16.5,0.158,0.186,0.203,0.255,1,3600.0,988.0,841.0,147.0,877.3,988.0,1272.5,982.7,836.5,146.2,877.3,982.7,1265.7,45.82131531409652,92.41248236982439,170.360204976,535.4919409179688,13.06193838356904,189.7799727866464
39.050964,-7.0370483,212.0,2019-06-09 14:00:00,25.8,28,5.7,24.3,0.0,0.0,0.0,0.0,0,1017.3,993.0,0,0,0,0,0.69,2.4,16.9,22.7,282,285,41.4,27.1,21.2,20.9,16.5,0.157,0.185,0.203,0.255,1,3600.0,954.0,809.0,145.0,867.9,954.0,1237.4,924.2,783.7,140.5,867.9,924.2,1198.8,48.86766879894419,92.52803141156852,175.459140864,543.5399409179688,14.390893344960741,194.1971825161249
39.050964,-7.0370483,212.0,2019-06-09 15:00:00,25.5,29,6.0,23.1,0.0,0.0,0.0,0.0,0,1017.1,992.8,7,0,11,0,0.63,2.32,19.4,26.8,281,282,46.1,27.5,21.5,20.9,16.5,0.157,0.185,0.203,0.255,1,3600.0,852.0,710.0,142.0,826.6,852.0,1140.3,801.3,667.8,133.6,826.6,801.3,1072.4,53.25163725497836,92.57822351864772,180.43118254,551.5339409179688,16.438596150602567,198.509356296175
39.050964,-7.0370483,212.0,2019-06-09 16:00:00,25.0,29,5.6,21.5,0.0,0.0,0.0,0.0,0,1016.9,992.5,15,0,25,0,0.54,2.25,20.1,28.3,285,285,46.4,27.4,21.8,20.9,16.5,0.157,0.185,0.203,0.255,1,3600.0,674.0,507.0,167.0,681.5,674.0,987.6,610.9,459.6,151.4,681.5,610.9,895.2,54.80334072841829,92.62843219666841,185.30976478600002,559.4379409179688,17.14943656968778,202.73405899837817
39.050964,-7.0370483,212.0,2019-06-09 17:00:00,23.8,33,6.3,19.6,0.0,0.0,0.0,0.0,0,1017.1,992.6,8,0,13,0,0.41,1.99,21.9,31.1,293,294,48.6,26.8,22.0,20.9,16.5,0.157,0.185,0.203,0.255,1,3600.0,462.0,298.0,164.0,500.8,462.0,789.9,397.3,256.3,141.0,500.8,397.3,679.2,58.18412442944418,92.65047211691949,189.701831464,567.1259409179688,18.83591624698884,206.6196316145474
39.050964,-7.0370483,212.0,2019-06-09 18:00:00,23.1,32,5.6,19.2,0.0,0.0,0.0,0.0,0,1017.3,992.8,1,0,2,0,0.32,1.92,19.3,28.2,297,298,48.2,26.0,22.2,20.9,16.5,0.157,0.185,0.203,0.255,1,3600.0,328.0,224.0,104.0,530.4,328.0,560.6,257.0,175.5,81.5,530.4,257.0,439.2,54.003863549910164,92.70070464783984,194.03413676,574.6879409179688,16.640013223177917,210.43949744778237
39.050964,-7.0370483,212.0,2019-06-09 19:00:00,21.7,38,6.7,17.9,0.0,0.0,0.0,0.0,0,1017.6,993.0,1,0,1,0,0.22,1.61,20.0,31.1,304,305,42.5,25.0,22.4,20.9,16.5,0.156,0.185,0.203,0.255,1,3600.0,167.0,102.0,65.0,429.4,167.0,315.3,101.4,61.9,39.5,429.4,101.4,191.5,50.30681580778643,91.6265912968406,197.755664936,581.9979409179688,14.811959428456184,213.8512983837419
39.050964,-7.0370483,212.0,2019-06-09 20:00:00,19.4,48,8.2,16.4,0.0,0.0,0.0,0.0,0,1018.2,993.4,1,0,1,0,0.12,1.17,17.6,30.1,305,307,41.8,23.6,22.4,20.9,16.5,0.156,0.185,0.203,0.255,0,485.86,29.0,11.0,18.0,101.5,29.0,85.1,0.0,0.0,0.0,0.0,0.0,0.0,39.11428771215563,89.6931980565435,200.562080496,588.8939409179687,9.959597909708823,216.65575880070517
39.050964,-7.0370483,212.0,2019-06-09 21:00:00,17.8,57,9.2,15.3,0.0,0.0,0.0,0.0,0,1019.1,994.1,0,0,0,0,0.08,0.88,15.8,27.9,305,308,36.7,22.3,22.4,20.9,16.5,0.156,0.185,0.203,0.255,0,0.0,0.0,0.0,0.0,0.0,0.0,0.0,0.0,0.0,0.0,0.0,0.0,0.0,31.06082873131609,87.88152389714992,202.701643278,595.5019409179687,7.013970193752158,219.02210851362616
39.050964,-7.0370483,212.0,2019-06-09 22:00:00,16.7,62,9.3,14.4,0.0,0.0,0.0,0.0,0,1019.6,994.5,0,0,0,0,0.06,0.72,14.4,26.1,302,305,32.4,21.1,22.4,20.9,16.5,0.156,0.185,0.203,0.255,0,0.0,0.0,0.0,0.0,0.0,0.0,0.0,0.0,0.0,0.0,0.0,0.0,0.0,26.42360615600836,86.7026374041092,204.482374502,601.9119409179686,5.524661176439709,221.14528109566632
39.050964,-7.0370483,212.0,2019-06-09 23:00:00,15.7,66,9.4,13.5,0.0,0.0,0.0,0.0,0,1019.7,994.5,0,0,0,0,0.05,0.61,14.2,25.9,300,305,29.5,20.2,22.3,20.9,16.5,0.156,0.185,0.203,0.255,0,0.0,0.0,0.0,0.0,0.0,0.0,0.0,0.0,0.0,0.0,0.0,0.0,0.0,23.992320046381508,85.78178401140914,205.986149894,608.1419409179687,4.80366834779305,223.07541808847745
39.050964,-7.0370483,212.0,2019-06-10 00:00:00,15.2,70,9.8,13.3,0.0,0.0,0.0,0.0,0,1019.9,994.7,0,0,0,0,0.03,0.52,12.7,23.8,299,305,28.4,19.7,22.1,20.9,16.5,0.155,0.185,0.203,0.255,0,0.0,0.0,0.0,0.0,0.0,0.0,0.0,0.0,0.0,0.0,0.0,0.0,0.0,20.982192504687095,84.9575594008385,207.273520634,614.2819409179687,3.9729756831308,224.8622201578347
39.050964,-7.0370483,212.0,2019-06-10 01:00:00,14.7,73,9.8,12.9,0.0,0.0,0.0,0.0,0,1019.7,994.4,0,0,0,0,0.03,0.46,12.0,22.5,303,309,25.2,18.9,22.0,20.9,16.5,0.155,0.185,0.203,0.255,0,0.0,0.0,0.0,0.0,0.0,0.0,0.0,0.0,0.0,0.0,0.0,0.0,0.0,19.118411092278844,84.26593545873142,208.39661339,620.3319409179686,3.491015207749543,226.53538381606893
39.050964,-7.0370483,212.0,2019-06-10 02:00:00,14.1,75,9.7,12.3,0.0,0.0,0.0,0.0,0,1019.4,994.1,0,0,0,0,0.02,0.41,12.0,23.1,303,309,23.8,18.2,21.8,20.9,16.5,0.155,0.185,0.203,0.255,0,0.0,0.0,0.0,0.0,0.0,0.0,0.0,0.0,0.0,0.0,0.0,0.0,0.0,18.13748379785013,83.72147951370422,209.39702419,626.2739409179686,3.2466495645914843,228.11570766253405
39.050964,-7.0370483,212.0,2019-06-10 03:00:00,13.5,76,9.4,11.5,0.0,0.0,0.0,0.0,0,1018.7,993.3,0,0,0,0,0.02,0.37,12.4,23.7,300,303,24.1,17.6,21.6,20.9,16.5,0.155,0.185,0.203,0.255,0,0.0,0.0,0.0,0.0,0.0,0.0,0.0,0.0,0.0,0.0,0.0,0.0,0.0,17.784858359091853,83.35900954313708,210.319508254,632.1079409179686,3.15913105854929,229.62926109826608
39.050964,-7.0370483,212.0,2019-06-10 04:00:00,13.1,76,9.0,10.9,0.0,0.0,0.0,0.0,0,1018.5,993.1,0,0,0,0,0.02,0.35,13.0,24.7,304,307,25.6,17.1,21.3,20.9,16.5,0.155,0.185,0.203,0.255,0,0.0,0.0,0.0,0.0,0.0,0.0,0.0,0.0,0.0,0.0,0.0,0.0,0.0,17.959850684918568,83.22225998959668,211.216718782,637.8699409179685,3.1988943011842053,231.1131993167065
39.050964,-7.0370483,212.0,2019-06-10 05:00:00,12.7,76,8.6,10.6,0.0,0.0,0.0,0.0,0,1018.7,993.3,2,0,0,8,0.02,0.35,11.6,22.2,306,313,25.2,16.6,21.1,20.9,16.5,0.155,0.185,0.203,0.255,0,0.0,0.0,0.0,0.0,0.0,0.0,0.0,0.0,0.0,0.0,0.0,0.0,0.0,16.922846132666336,83.14359191782442,212.088655774,643.5599409179686,2.950902113762967,232.5675663409922
39.050964,-7.0370483,212.0,2019-06-10 06:00:00,13.6,71,8.3,11.7,0.0,0.0,0.0,0.0,0,1018.8,993.4,2,0,0,6,0.04,0.46,9.5,18.0,307,323,22.0,16.5,20.9,20.9,16.5,0.155,0.185,0.203,0.255,1,1109.44,38.0,16.0,22.0,137.5,38.0,95.6,84.7,35.6,49.0,222.1,52.4,213.0,15.707042731740453,83.1906857489635,213.210958732,649.4119409179685,2.670759144579699,234.19677968231042
39.050964,-7.0370483,212.0,2019-06-10 07:00:00,16.3,57,7.8,14.6,0.0,0.0,0.0,0.0,0,1018.7,993.6,7,0,0,24,0.12,0.79,7.7,12.1,332,337,19.4,17.2,20.7,20.9,16.5,0.155,0.185,0.203,0.255,1,3600.0,189.0,117.0,72.0,460.9,189.0,336.9,258.4,160.0,98.5,460.9,258.4,460.7,17.249857780673143,84.800496720565,215.180714944,655.7499409179685,3.022375653472796,236.41540892258172
39.050964,-7.0370483,212.0,2019-06-10 08:00:00,18.9,48,7.6,17.1,0.0,0.0,0.0,0.0,0,1018.5,993.6,0,0,0,0,0.24,1.14,8.5,11.8,348,348,22.7,18.6,20.5,20.8,16.5,0.155,0.185,0.203,0.255,1,3600.0,384.0,285.0,99.0,650.6,384.0,581.4,461.8,342.7,119.1,650.6,461.8,699.2,21.88970391308221,86.84347104978708,217.918681344,662.5559409179685,4.1866970294216355,239.1733975085999
39.050964,-7.0370483,212.0,2019-06-10 09:00:00,21.2,40,7.0,19.3,0.0,0.0,0.0,0.0,0,1018.3,993.6,17,0,0,58,0.37,1.51,8.9,11.9,346,346,24.8,20.5,20.5,20.8,16.5,0.155,0.185,0.203,0.255,1,3600.0,578.0,461.0,117.0,756.7,578.0,808.6,652.2,520.2,132.0,756.7,652.2,912.4,27.181703506113884,88.85677289602522,221.44118042399998,669.7759409179686,5.697946689301388,242.46940330427284
39.050964,-7.0370483,212.0,2019-06-10 10:00:00,22.9,33,5.7,21.5,0.0,0.0,0.0,0.0,1,1017.9,993.4,24,0,0,80,0.5,1.87,9.7,13.1,345,344,28.1,22.4,20.6,20.8,16.6,0.154,0.185,0.203,0.255,1,3600.0,744.0,605.0,139.0,800.7,744.0,1002.9,805.4,654.9,150.5,800.7,805.4,1085.6,33.27708504520753,90.655063562186,225.67449770399998,677.3019409179685,7.67622650530784,246.23637523976222
39.050964,-7.0370483,212.0,2019-06-10 11:00:00,24.3,28,4.7,23.4,0.0,0.0,0.0,0.0,1,1017.4,993.0,22,0,0,75,0.59,2.18,9.7,12.9,329,330,28.4,24.3,20.7,20.8,16.6,0.154,0.184,0.203,0.255,1,3600.0,858.0,660.0,198.0,761.0,858.0,1151.1,899.8,692.1,207.6,761.0,899.8,1207.1,37.948087913218096,92.04930506033166,230.489106312,685.0799409179685,9.358369184797363,250.38154995773252
39.050964,-7.0370483,212.0,2019-06-10 12:00:00,24.7,27,4.5,24.0,0.0,0.0,0.0,0.0,0,1017.3,992.9,17,0,0,56,0.66,2.26,10.9,14.0,316,316,30.2,25.7,20.8,20.8,16.6,0.156,0.185,0.203,0.255,1,3600.0,951.0,771.0,180.0,823.1,951.0,1243.1,970.5,786.8,183.7,823.1,970.5,1268.6,54.3759765625,93.5054931640625,170.7265625,535.5614013671875,17.2197265625,189.4921875
39.050964,-7.0370483,212.0,2019-06-10 13:00:00,26.0,25,4.2,25.5,0.0,0.0,0.0,0.0,0,1016.4,992.1,16,0,0,55,0.7,2.53,11.1,14.4,306,307,31.3,27.1,21.1,20.8,16.6,0.156,0.184,0.203,0.255,1,3600.0,989.0,841.0,148.0,877.0,989.0,1272.7,983.8,836.5,147.2,877.0,983.8,1266.0,44.50269865924059,93.55600798047689,176.07744395,543.6454013671874,12.406894908213962,194.59218753085676
39.050964,-7.0370483,212.0,2019-06-10 14:00:00,26.7,23,3.7,25.6,0.0,0.0,0.0,0.0,0,1015.7,991.5,16,0,0,54,0.7,2.7,12.4,16.3,300,301,32.8,28.1,21.4,20.8,16.6,0.155,0.184,0.203,0.255,1,3600.0,956.0,810.0,146.0,868.4,956.0,1237.9,926.2,784.8,141.5,868.4,926.2,1199.3,47.37417371106894,93.75900984568028,181.712915946,551.8554013671875,13.626239611514759,199.3350513291531
39.050964,-7.0370483,212.0,2019-06-10 15:00:00,27.1,21,3.0,25.1,0.0,0.0,0.0,0.0,0,1015.2,991.1,10,0,0,34,0.66,2.82,14.0,18.7,299,300,35.6,28.7,21.8,20.8,16.6,0.155,0.184,0.203,0.255,1,3600.0,868.0,729.0,139.0,848.0,868.0,1141.0,816.5,685.7,130.8,848.0,816.5,1073.2,52.15520478757343,94.2514355165927,187.577955894,560.1374013671875,15.813369955473298,204.20024652392104
39.050964,-7.0370483,212.0,2019-06-10 16:00:00,27.1,20,1.9,23.9,0.0,0.0,0.0,0.0,1,1014.6,990.5,28,0,0,92,0.59,2.88,15.5,21.1,295,295,37.4,28.9,22.1,20.8,16.6,0.155,0.184,0.203,0.255,1,3600.0,732.0,603.0,129.0,809.5,732.0,988.6,663.7,546.7,117.0,809.5,663.7,896.3,56.015652094942794,94.50933620364376,193.517236854,568.4194013671876,17.672786179344524,209.081250424355
39.050964,-7.0370483,212.0,2019-06-10 17:00:00,26.4,20,1.6,21.9,0.0,0.0,0.0,0.0,1,1014.2,990.0,25,0,0,82,0.49,2.75,17.9,24.8,292,294,40.7,28.5,22.4,20.8,16.6,0.154,0.184,0.203,0.255,1,3600.0,557.0,439.0,118.0,736.4,557.0,791.2,479.2,377.7,101.5,736.4,479.2,680.6,60.72031852442631,94.56018243918439,199.309088854,576.5754013671875,20.084838763881763,213.82875475967577
39.050964,-7.0370483,212.0,2019-06-10 18:00:00,24.8,26,3.8,20.4,0.0,0.0,0.0,0.0,1,1014.1,989.8,26,0,0,87,0.37,2.33,20.3,29.8,293,293,44.3,27.6,22.7,20.8,16.6,0.154,0.184,0.203,0.255,1,3600.0,356.0,246.0,110.0,580.8,356.0,562.1,279.2,192.9,86.3,580.8,279.2,440.8,64.02383988772976,94.29432829139874,204.35484501000002,584.4434013671876,21.850819635674107,218.07817674887605
39.050964,-7.0370483,212.0,2019-06-10 19:00:00,22.4,32,4.8,18.1,0.0,0.0,0.0,0.0,1,1014.3,989.8,27,0,0,89,0.25,1.85,21.2,33.4,291,292,45.0,26.3,22.9,20.8,16.6,0.154,0.184,0.203,0.255,1,3600.0,166.0,91.0,75.0,380.9,166.0,317.1,101.2,55.5,45.7,380.9,101.2,193.3,58.89586311970999,92.96695380925468,208.56183569,591.8794013671876,19.008887293471098,221.76453717002767
39.050964,-7.0370483,212.0,2019-06-10 20:00:00,19.7,37,4.5,15.3,0.0,0.0,0.0,0.0,1,1014.8,990.1,24,0,0,80,0.17,1.45,20.8,34.6,293,295,46.8,24.7,23.0,20.8,16.6,0.154,0.184,0.203,0.255,0,159.43,28.0,8.0,20.0,73.3,28.0,86.0,0.0,0.0,0.0,0.0,0.0,0.0,51.68475919785944,91.59835479768087,212.011673354,598.8294013671876,15.359611397486297,224.93308754931803
39.050964,-7.0370483,212.0,2019-06-10 21:00:00,17.9,43,5.2,14.2,0.0,0.0,0.0,0.0,0,1015.5,990.6,18,0,0,60,0.11,1.16,17.3,29.3,293,298,42.8,23.1,23.0,20.8,16.6,0.154,0.184,0.203,0.255,0,0.0,0.0,0.0,0.0,0.0,0.0,0.0,0.0,0.0,0.0,0.0,0.0,0.0,40.93832737578707,90.24518440813604,214.862844134,605.4554013671876,10.61744300532803,227.70601267134256
39.050964,-7.0370483,212.0,2019-06-10 22:00:00,16.5,48,5.5,13.1,0.0,0.0,0.0,0.0,0,1015.6,990.6,0,0,0,0,0.09,0.97,15.2,26.7,292,296,35.3,21.8,22.9,20.8,16.6,0.154,0.184,0.203,0.255,0,0.0,0.0,0.0,0.0,0.0,0.0,0.0,0.0,0.0,0.0,0.0,0.0,0.0,34.35102494246464,89.10092796816849,217.272254566,611.8294013671876,8.106078993848701,230.1859708510752
39.050964,-7.0370483,212.0,2019-06-10 23:00:00,15.3,51,5.3,11.8,0.0,0.0,0.0,0.0,0,1015.5,990.4,0,0,0,0,0.08,0.84,16.1,28.5,294,296,33.1,20.6,22.8,20.8,16.6,0.154,0.184,0.203,0.255,0,0.0,0.0,0.0,0.0,0.0,0.0,0.0,0.0,0.0,0.0,0.0,0.0,0.0,32.76601646388565,88.28189301629217,219.387860142,617.9874013671877,7.541404320456505,232.46279557483976
39.050964,-7.0370483,212.0,2019-06-11 00:00:00,14.1,57,5.6,10.9,0.0,0.0,0.0,0.0,0,1015.7,990.5,0,0,0,0,0.06,0.69,14.5,25.7,289,292,33.1,20.0,22.6,20.8,16.6,0.152,0.183,0.202,0.255,0,0.0,0.0,0.0,0.0,0.0,0.0,0.0,0.0,0.0,0.0,0.0,0.0,0.0,27.936981760886,87.18844854484072,221.108566718,623.9294013671877,5.9497361784177984,234.47954406113752
39.050964,-7.0370483,212.0,2019-06-11 01:00:00,13.8,56,5.1,10.6,0.0,0.0,0.0,0.0,0,1015.3,990.1,0,0,0,0,0.06,0.69,13.8,25.3,290,296,29.2,19.1,22.4,20.8,16.6,0.152,0.183,0.202,0.255,0,0.0,0.0,0.0,0.0,0.0,0.0,0.0,0.0,0.0,0.0,0.0,0.0,0.0,26.75533841429265,86.98785911969749,222.834538614,629.8174013671877,5.581775761367655,236.48938726966009
39.050964,-7.0370483,212.0,2019-06-11 02:00:00,13.7,53,4.2,10.3,0.0,0.0,0.0,0.0,0,1014.8,989.6,0,0,0,0,0.06,0.74,13.4,24.3,294,302,28.1,18.4,22.2,20.8,16.6,0.152,0.183,0.202,0.255,0,0.0,0.0,0.0,0.0,0.0,0.0,0.0,0.0,0.0,0.0,0.0,0.0,0.0,26.52736937452679,87.03622213698102,224.66581691,635.6874013671877,5.5081762938204495,238.55513842174588
39.050964,-7.0370483,212.0,2019-06-11 03:00:00,13.5,51,3.5,10.1,0.0,0.0,0.0,0.0,0,1014.5,989.2,0,0,0,0,0.06,0.77,12.7,23.9,295,304,26.3,17.8,22.0,20.8,16.6,0.152,0.183,0.202,0.255,0,0.0,0.0,0.0,0.0,0.0,0.0,0.0,0.0,0.0,0.0,0.0,0.0,0.0,26.02710820236366,87.08460112133142,226.54922187399998,641.5214013671877,5.3540255988964605,240.64383037283366
39.050964,-7.0370483,212.0,2019-06-11 04:00:00,13.2,52,3.6,9.9,0.0,0.0,0.0,0.0,0,1014.4,989.1,0,0,0,0,0.06,0.73,12.2,23.4,294,304,25.2,17.3,21.7,20.8,16.6,0.152,0.183,0.202,0.255,0,0.0,0.0,0.0,0.0,0.0,0.0,0.0,0.0,0.0,0.0,0.0,0.0,0.0,25.71296828277523,87.1329960780202,228.35627969799998,647.3014013671876,5.256930409770286,242.67985284953016
39.050964,-7.0370483,212.0,2019-06-11 05:00:00,13.0,55,4.1,9.7,0.0,0.0,0.0,0.0,0,1014.3,989.0,0,0,0,0,0.06,0.68,13.4,24.6,297,308,26.3,16.9,21.5,20.8,16.6,0.152,0.183,0.202,0.255,0,0.0,0.0,0.0,0.0,0.0,0.0,0.0,0.0,0.0,0.0,0.0,0.0,0.0,26.48311232013728,87.0029957856964,230.02670246799997,653.0454013671877,5.482190422493622,244.63218496204337
39.050964,-7.0370483,212.0,2019-06-11 06:00:00,13.9,54,4.9,10.7,0.0,0.0,0.0,0.0,0,1014.4,989.2,2,2,0,0,0.08,0.73,13.6,23.7,302,313,27.4,16.8,21.2,20.8,16.6,0.152,0.183,0.202,0.255,1,987.75,37.0,15.0,22.0,128.8,37.0,95.7,82.4,33.4,49.0,208.0,51.0,213.2,26.807775882777623,87.05136380035543,231.84323786799996,658.9514013671876,5.57597446693386,246.69533757470427
39.050964,-7.0370483,212.0,2019-06-11 07:00:00,16.1,52,6.1,13.1,0.0,0.0,0.0,0.0,0,1014.2,989.2,6,4,4,0,0.14,0.88,13.5,20.2,316,321,30.2,17.4,21.0,20.8,16.6,0.152,0.183,0.202,0.255,1,3600.0,180.0,111.0,69.0,437.1,180.0,337.0,246.1,151.7,94.3,437.0,246.1,460.7,26.856175101986217,87.09974778373122,234.01676196399995,665.2534013671876,5.5863042908099585,249.02988292746974
39.050964,-7.0370483,212.0,2019-06-11 08:00:00,18.2,47,6.8,15.1,0.0,0.0,0.0,0.0,0,1013.9,989.1,11,9,5,0,0.25,1.1,15.5,21.9,338,340,36.0,18.6,20.9,20.8,16.6,0.152,0.183,0.202,0.255,1,3600.0,366.0,264.0,102.0,602.6,366.0,581.4,440.1,317.5,122.7,602.6,440.1,699.1,29.973284287645534,87.5156350104675,236.70970987799996,671.9334013671876,6.5563772934410744,251.72460927132585
39.050964,-7.0370483,212.0,2019-06-11 09:00:00,20.0,40,5.9,16.8,0.0,0.0,0.0,0.0,0,1013.5,988.8,12,10,5,0,0.37,1.41,15.4,21.2,344,345,37.1,20.1,20.8,20.8,16.6,0.152,0.183,0.202,0.255,1,3600.0,551.0,424.0,127.0,696.0,551.0,808.4,621.7,478.4,143.3,696.0,621.7,912.2,34.06566077722071,88.8783297934225,240.04265743799996,678.9374013671876,7.930655268497968,254.83710072399847
39.050964,-7.0370483,212.0,2019-06-11 10:00:00,21.6,36,5.9,19.1,0.0,0.0,0.0,0.0,0,1013.4,988.9,1,1,0,0,0.49,1.64,16.6,22.9,347,347,40.7,21.8,20.8,20.8,16.6,0.152,0.183,0.202,0.255,1,3600.0,729.0,578.0,151.0,764.9,729.0,1002.7,789.2,625.7,163.5,764.9,789.2,1085.4,39.43242344194213,90.00649679599374,243.86738588599997,686.2294013671876,9.90511098374668,258.27493756968215
39.050964,-7.0370483,212.0,2019-06-11 11:00:00,23.1,30,4.8,21.1,0.0,0.0,0.0,0.0,0,1013.1,988.7,0,0,0,0,0.6,1.97,16.7,22.5,346,347,41.0,23.4,20.9,20.7,16.6,0.152,0.183,0.202,0.255,1,3600.0,878.0,737.0,141.0,849.7,878.0,1150.9,920.8,772.9,147.9,849.7,920.8,1207.0,45.17051797178354,91.44799898438326,248.32711192599996,693.7914013671876,12.228859998251693,262.1116867990734
39.050964,-7.0370483,212.0,2019-06-11 12:00:00,24.0,26,3.1,22.2,0.0,0.0,0.0,0.0,0,1013.4,989.1,1,0,2,0,0.67,2.21,16.2,21.8,343,344,41.8,24.8,21.0,20.7,16.6,0.155,0.184,0.203,0.255,1,3600.0,967.0,822.0,145.0,877.4,967.0,1243.1,986.9,838.9,148.0,877.4,986.9,1268.7,61.642578125,93.55615234375,175.828125,543.4646606445312,21.02099609375,193.9453125
39.050964,-7.0370483,212.0,2019-06-11 13:00:00,25.2,22,2.2,23.3,0.0,0.0,0.0,0.0,0,1012.7,988.5,1,0,2,0,0.72,2.49,16.9,23.1,344,345,41.8,26.1,21.2,20.7,16.6,0.155,0.184,0.203,0.255,1,3600.0,996.0,864.0,132.0,900.6,996.0,1272.9,990.8,859.5,131.3,900.6,990.8,1266.2,54.48750103887048,93.7405086674262,181.228763724,551.4046606445313,17.050531149109663,198.97006649897986
39.050964,-7.0370483,212.0,2019-06-11 14:00:00,25.9,19,0.9,23.6,0.0,0.0,0.0,0.0,0,1012.3,988.1,0,0,0,0,0.71,2.69,17.0,23.1,355,356,42.5,27.2,21.5,20.7,16.6,0.154,0.184,0.203,0.255,1,3600.0,963.0,833.0,130.0,892.6,963.0,1238.3,933.1,807.2,126.0,892.6,933.1,1199.9,58.46236774758209,94.49777139352688,186.986391144,559.4706606445313,19.03001560452084,203.73876218344475
39.050964,-7.0370483,212.0,2019-06-11 15:00:00,25.9,19,0.3,23.0,0.0,0.0,0.0,0.0,0,1011.9,987.7,0,0,0,0,0.67,2.72,17.3,23.8,360,1,42.5,27.8,21.8,20.7,16.6,0.154,0.184,0.203,0.255,1,3600.0,880.0,758.0,122.0,881.0,880.0,1141.6,827.9,713.1,114.8,881.0,827.9,1074.1,59.51080239761879,94.56977165915816,192.74401856400002,567.5366606445314,19.512426999656487,208.48035050930605
39.050964,-7.0370483,212.0,2019-06-11 16:00:00,25.9,18,-0.3,22.5,0.0,0.0,0.0,0.0,0,1011.7,987.5,0,0,0,0,0.58,2.75,15.5,21.6,3,3,42.5,27.9,22.1,20.7,16.6,0.154,0.184,0.203,0.255,1,3600.0,745.0,630.0,115.0,844.7,745.0,989.5,675.6,571.4,104.3,844.7,675.6,897.4,57.49146673615026,94.79372996633845,198.572727804,575.6026606445314,18.377802733899372,213.23752653729716
39.050964,-7.0370483,212.0,2019-06-11 17:00:00,25.8,17,-1.5,21.4,0.0,0.0,0.0,0.0,0,1011.5,987.3,0,0,0,0,0.47,2.77,14.7,20.1,11,10,37.8,27.8,22.3,20.7,16.6,0.154,0.184,0.203,0.255,1,3600.0,570.0,468.0,102.0,783.6,570.0,792.4,490.6,402.8,87.8,783.6,490.6,682.0,57.28599144300077,95.02158927700795,204.450667786,583.6506606445314,18.211965433110286,217.99458947615565
39.050964,-7.0370483,212.0,2019-06-11 18:00:00,25.2,16,-2.2,20.7,0.0,0.0,0.0,0.0,0,1011.4,987.2,0,0,0,0,0.36,2.69,14.2,20.1,9,10,34.6,27.2,22.6,20.7,16.7,0.153,0.184,0.203,0.255,1,3600.0,376.0,289.0,87.0,680.4,376.0,563.6,295.2,226.9,68.3,680.4,295.2,442.4,57.28571672247904,95.18472493255601,210.266740258,591.5906606445315,18.15967291830981,222.6735350156296
39.050964,-7.0370483,212.0,2019-06-11 19:00:00,24.1,17,-2.1,20.0,0.0,0.0,0.0,0.0,0,1011.5,987.2,0,0,0,0,0.22,2.47,11.5,20.1,20,21,31.7,26.2,22.7,20.7,16.7,0.153,0.184,0.203,0.255,1,3600.0,181.0,119.0,62.0,495.3,181.0,318.7,110.8,72.8,37.9,495.3,110.8,195.1,52.97353755421074,95.23579414791875,215.773211914,599.3326606445314,15.960684768223084,227.12298812489811
39.050964,-7.0370483,212.0,2019-06-11 20:00:00,21.3,20,-2.5,17.2,0.0,0.0,0.0,0.0,0,1011.8,987.3,0,0,0,0,0.14,2.03,11.1,23.0,36,40,24.1,24.6,22.8,20.7,16.7,0.153,0.184,0.203,0.255,0,822.54,32.0,14.0,18.0,127.6,32.0,86.8,0.0,0.0,0.0,0.0,0.0,0.0,51.546167334089475,95.04797038096842,220.490938634,606.5706606445315,15.245541753718857,231.03051392079973
39.050964,-7.0370483,212.0,2019-06-11 21:00:00,19.2,27,-0.5,16.2,0.0,0.0,0.0,0.0,0,1012.4,987.7,0,0,0,0,0.05,1.64,5.4,14.5,4,35,20.9,22.9,22.8,20.7,16.7,0.153,0.184,0.203,0.255,0,0.0,0.0,0.0,0.0,0.0,0.0,0.0,0.0,0.0,0.0,0.0,0.0,0.0,38.85065667279917,93.8966427395699,224.392277488,613.4306606445315,9.760822084012592,234.4137810170886
39.050964,-7.0370483,212.0,2019-06-11 22:00:00,18.1,26,-1.7,14.0,0.0,0.0,0.0,0.0,0,1012.7,987.9,0,0,0,0,0.12,1.54,12.1,23.0,333,346,20.9,21.5,22.8,20.7,16.7,0.153,0.184,0.203,0.255,0,0.0,0.0,0.0,0.0,0.0,0.0,0.0,0.0,0.0,0.0,0.0,0.0,0.0,46.141246736793974,93.38707542278603,228.132760816,620.0926606445315,12.744455403502812,237.66890413544752
39.050964,-7.0370483,212.0,2019-06-11 23:00:00,18.7,25,-1.9,13.9,0.0,0.0,0.0,0.0,0,1012.9,988.1,0,0,0,0,0.16,1.63,16.6,32.8,347,351,32.8,20.7,22.6,20.7,16.7,0.153,0.184,0.203,0.255,0,0.0,0.0,0.0,0.0,0.0,0.0,0.0,0.0,0.0,0.0,0.0,0.0,0.0,53.28730282451507,93.39784914000535,232.042260916,626.8626606445315,16.012252802486568,241.03139660082581
39.050964,-7.0370483,212.0,2019-06-12 00:00:00,17.6,29,-0.6,13.2,0.0,0.0,0.0,0.0,0,1013.6,988.7,0,0,0,0,0.13,1.43,15.2,29.6,353,357,34.2,19.7,22.5,20.7,16.7,0.153,0.184,0.203,0.255,0,0.0,0.0,0.0,0.0,0.0,0.0,0.0,0.0,0.0,0.0,0.0,0.0,0.0,48.082634260989536,92.71947214805083,235.53764359800002,633.4346606445315,13.569811439125212,244.13040796824512
39.050964,-7.0370483,212.0,2019-06-12 01:00:00,16.5,33,0.1,12.2,0.0,0.0,0.0,0.0,0,1013.4,988.4,0,0,0,0,0.12,1.27,15.0,30.1,350,353,29.2,19.2,22.3,20.7,16.7,0.153,0.184,0.203,0.255,0,0.0,0.0,0.0,0.0,0.0,0.0,0.0,0.0,0.0,0.0,0.0,0.0,0.0,44.16138406410174,91.83205694523502,238.64207627000002,639.8086606445315,11.853270002882736,246.9808422621428
39.050964,-7.0370483,212.0,2019-06-12 02:00:00,15.8,37,1.2,11.8,0.0,0.0,0.0,0.0,0,1013.1,988.1,0,0,0,0,0.1,1.13,14.2,28.6,351,355,28.8,18.7,22.1,20.7,16.7,0.153,0.184,0.203,0.255,0,0.0,0.0,0.0,0.0,0.0,0.0,0.0,0.0,0.0,0.0,0.0,0.0,0.0,39.719238229644226,90.9482834978257,241.445069372,646.0566606445316,10.041403225840424,249.64555181804337
39.050964,-7.0370483,212.0,2019-06-12 03:00:00,15.0,43,2.4,11.2,0.0,0.0,0.0,0.0,0,1013.0,987.9,0,0,0,0,0.09,0.97,14.0,28.4,359,360,28.1,18.1,21.9,20.7,16.7,0.153,0.184,0.203,0.255,0,0.0,0.0,0.0,0.0,0.0,0.0,0.0,0.0,0.0,0.0,0.0,0.0,0.0,35.51057820954672,89.81378968121297,243.861061454,652.1606606445316,8.452162668493145,252.0762606378486
39.050964,-7.0370483,212.0,2019-06-12 04:00:00,14.3,47,3.1,10.7,0.0,0.0,0.0,0.0,0,1013.0,987.9,0,0,0,0,0.08,0.86,13.5,27.6,9,7,27.7,17.7,21.7,20.7,16.7,0.153,0.184,0.203,0.255,0,0.0,0.0,0.0,0.0,0.0,0.0,0.0,0.0,0.0,0.0,0.0,0.0,0.0,32.035318549556685,88.90336584247521,246.009838546,658.1386606445316,7.232530259123145,254.3406507447297
39.050964,-7.0370483,212.0,2019-06-12 05:00:00,13.6,50,3.4,10.5,0.0,0.0,0.0,0.0,0,1013.2,988.0,0,0,0,0,0.06,0.78,11.0,23.7,11,14,25.9,17.1,21.5,20.7,16.7,0.153,0.184,0.203,0.255,0,0.0,0.0,0.0,0.0,0.0,0.0,0.0,0.0,0.0,0.0,0.0,0.0,0.0,27.508560270542535,88.2096435644627,247.944843646,663.9906606445315,5.772223029507195,256.4671968838744
39.050964,-7.0370483,212.0,2019-06-12 06:00:00,14.1,50,3.8,11.3,0.0,0.0,0.0,0.0,0,1013.3,988.1,0,0,0,0,0.06,0.81,9.4,19.0,360,10,20.9,16.9,21.2,20.7,16.7,0.153,0.184,0.203,0.255,1,1359.16,40.0,18.0,22.0,154.5,40.0,95.7,89.1,40.1,49.0,249.4,55.2,213.3,25.621537008014762,88.04933287810027,249.945665246,669.9326606445316,5.204117754857497,258.6456214012435
39.050964,-7.0370483,212.0,2019-06-12 07:00:00,16.4,44,4.0,13.6,0.0,0.0,0.0,0.0,0,1013.5,988.5,0,0,0,0,0.14,1.05,9.1,13.5,7,9,21.6,17.5,21.0,20.7,16.7,0.153,0.184,0.203,0.255,1,3600.0,196.0,131.0,65.0,515.7,196.0,337.0,267.9,179.1,88.8,515.7,267.9,460.6,25.488636878169398,88.09804634131177,252.525672046,676.2886606445315,5.161956221221593,261.21119227173057
39.050964,-7.0370483,212.0,2019-06-12 08:00:00,18.7,37,3.5,16.0,0.0,0.0,0.0,0.0,0,1013.3,988.5,0,0,0,0,0.25,1.37,7.6,10.2,19,18,22.3,18.9,20.9,20.7,16.7,0.153,0.184,0.203,0.255,1,3600.0,392.0,304.0,88.0,693.9,392.0,581.2,471.4,365.6,105.8,693.9,471.4,698.9,26.980943374630908,89.19344135594696,255.80965213000002,683.0586606445315,5.600918073034012,264.2299590723869
39.050964,-7.0370483,212.0,2019-06-12 09:00:00,21.1,29,2.4,18.8,0.0,0.0,0.0,0.0,0,1013.0,988.4,0,0,0,0,0.37,1.77,5.2,6.6,25,22,21.6,20.7,20.8,20.7,16.7,0.153,0.183,0.203,0.255,1,3600.0,588.0,484.0,104.0,794.5,588.0,808.1,663.5,546.2,117.4,794.5,663.5,911.9,29.74936619509123,91.0331102981194,259.959250822,690.2606606445315,6.4578385595216865,267.7886320039297
39.050964,-7.0370483,212.0,2019-06-12 10:00:00,23.1,23,1.1,22.2,0.0,0.0,0.0,0.0,0,1012.5,988.1,0,0,0,0,0.48,2.16,2.2,3.0,351,346,18.7,22.9,20.9,20.7,16.7,0.152,0.183,0.203,0.255,1,3600.0,760.0,646.0,114.0,854.9,760.0,1002.4,822.8,699.4,123.4,854.9,822.8,1085.2,31.578953384059176,92.72155185576221,264.864949466,697.8226606445315,7.050296648103305,271.80999655879543
39.050964,-7.0370483,212.0,2019-06-12 11:00:00,24.6,20,0.1,24.1,0.0,0.0,0.0,0.0,0,1012.1,987.8,0,0,0,0,0.6,2.48,4.0,5.1,280,278,18.4,25.0,21.0,20.7,16.7,0.152,0.183,0.203,0.255,1,3600.0,895.0,772.0,123.0,890.0,895.0,1150.7,938.7,809.7,129.0,890.0,938.7,1206.9,37.37370697463743,93.88948418262109,270.277698426,705.6546606445315,9.086932850589491,276.1398175887347
39.050964,-7.0370483,212.0,2019-06-12 12:00:00,25.7,16,-2.1,25.0,0.0,0.0,0.0,0.0,0,1011.8,987.6,0,0,0,0,0.68,2.78,6.2,7.6,277,275,23.4,26.8,21.3,20.7,16.7,0.152,0.183,0.203,0.255,1,3600.0,978.0,851.0,127.0,908.2,978.0,1243.0,998.2,868.6,129.6,908.2,998.2,1268.7,55.7451171875,95.480712890625,181.875,551.55224609375,17.73779296875,198.8984375
39.050964,-7.0370483,212.0,2019-06-12 13:00:00,27.1,14,-3.0,26.2,0.0,0.0,0.0,0.0,0,1011.0,987.0,0,0,0,0,0.72,3.1,7.9,10.5,267,266,25.6,28.4,21.6,20.7,16.7,0.152,0.183,0.203,0.255,1,3600.0,1009.0,881.0,128.0,918.1,1009.0,1273.0,1003.8,876.5,127.3,918.1,1003.8,1266.5,49.73427827270192,95.939746544081,188.259727032,559.83424609375,14.650509543016543,204.55298088799523
39.050964,-7.0370483,212.0,2019-06-12 14:00:00,27.7,13,-3.7,26.1,0.0,0.0,0.0,0.0,0,1010.2,986.2,0,0,0,0,0.72,3.25,10.1,13.3,270,267,28.8,29.4,22.0,20.7,16.7,0.151,0.183,0.203,0.255,1,3600.0,978.0,852.0,126.0,912.5,978.0,1238.6,947.8,825.7,122.1,912.5,947.8,1200.4,55.08401236286083,96.30194469429176,194.856119928,568.22424609375,17.189149645291145,209.8269688356386
39.050964,-7.0370483,212.0,2019-06-12 15:00:00,27.9,12,-4.0,25.3,0.0,0.0,0.0,0.0,0,1009.6,985.7,0,0,0,0,0.68,3.3,12.3,16.2,273,273,32.8,29.9,22.3,20.7,16.7,0.151,0.183,0.203,0.255,1,3600.0,890.0,768.0,122.0,891.9,890.0,1142.3,837.5,722.7,114.8,891.9,837.5,1074.8,60.57604854518722,96.59927338317102,201.574668248,576.6502460937501,19.988395024168543,215.13879217596886
39.050964,-7.0370483,212.0,2019-06-12 16:00:00,27.6,12,-4.5,23.8,0.0,0.0,0.0,0.0,0,1009.2,985.2,0,0,0,0,0.61,3.25,14.5,19.1,276,274,35.6,29.9,22.7,20.7,16.7,0.151,0.183,0.203,0.255,1,3600.0,753.0,639.0,114.0,855.8,753.0,990.5,683.1,579.7,103.4,855.8,683.1,898.5,65.20170188381645,96.6508096121933,208.223714344,585.02224609375,22.486851185431593,220.3645801503967
39.050964,-7.0370483,212.0,2019-06-12 17:00:00,27.0,12,-4.4,22.3,0.0,0.0,0.0,0.0,0,1008.7,984.7,0,0,0,0,0.5,3.13,14.6,20.1,280,279,35.6,29.5,23.0,20.7,16.7,0.151,0.183,0.203,0.255,1,3600.0,578.0,475.0,103.0,794.0,578.0,793.6,497.7,409.0,88.7,794.0,497.7,683.3,65.79136736310129,96.70236285591939,214.733755992,593.28624609375,22.757356967075317,225.46014989109733
39.050964,-7.0370483,212.0,2019-06-12 18:00:00,25.8,14,-3.9,20.8,0.0,0.0,0.0,0.0,0,1008.5,984.4,0,0,0,0,0.38,2.87,16.1,22.7,286,285,36.0,28.6,23.3,20.7,16.7,0.15,0.183,0.203,0.255,1,3600.0,381.0,294.0,87.0,690.2,381.0,565.0,299.4,231.0,68.4,690.2,299.4,444.0,69.2428406569651,96.7539331199667,220.824151636,601.33424609375,24.71449814964477,230.2579218663709
39.050964,-7.0370483,212.0,2019-06-12 19:00:00,24.0,17,-2.2,19.1,0.0,0.0,0.0,0.0,0,1008.7,984.5,0,0,0,0,0.26,2.46,16.3,26.3,288,289,36.4,27.3,23.5,20.7,16.7,0.15,0.183,0.203,0.255,1,3600.0,184.0,122.0,62.0,505.1,184.0,320.4,113.0,74.9,38.1,505.1,113.0,196.8,67.14724304052328,96.28338801855622,226.30877221400002,609.0582460937501,23.434142323035523,234.64706069402436
39.050964,-7.0370483,212.0,2019-06-12 20:00:00,20.6,38,5.7,16.6,0.0,0.0,0.0,0.0,0,1009.2,984.7,0,0,0,0,0.17,1.51,20.1,34.1,294,298,41.0,25.6,23.6,20.7,16.7,0.15,0.183,0.203,0.255,0,940.43,33.0,15.0,18.0,135.9,33.0,87.7,0.0,0.0,0.0,0.0,0.0,0.0,53.723927660292716,92.24359797803088,229.850752978,616.17024609375,16.244663360633275,237.8695608731967
39.050964,-7.0370483,212.0,2019-06-12 21:00:00,18.4,46,6.6,15.0,0.0,0.0,0.0,0.0,0,1010.2,985.5,0,0,0,0,0.11,1.14,17.5,30.0,302,305,41.4,23.9,23.6,20.7,16.7,0.15,0.183,0.203,0.255,0,0.0,0.0,0.0,0.0,0.0,0.0,0.0,0.0,0.0,0.0,0.0,0.0,0.0,40.48973390202964,90.01490475310416,232.622943958,622.8862460937501,10.377150052868554,240.60509200565895
39.050964,-7.0370483,212.0,2019-06-12 22:00:00,16.9,46,5.3,13.5,0.0,0.0,0.0,0.0,0,1010.7,985.8,0,0,0,0,0.1,1.04,15.8,27.4,300,303,35.6,22.5,23.5,20.7,16.7,0.15,0.183,0.203,0.255,0,0.0,0.0,0.0,0.0,0.0,0.0,0.0,0.0,0.0,0.0,0.0,0.0,0.0,35.99875153173487,89.34673902727694,235.18188947800002,629.3322460937501,8.654948230741194,243.17609638333238
39.050964,-7.0370483,212.0,2019-06-12 23:00:00,15.4,50,5.0,12.2,0.0,0.0,0.0,0.0,0,1010.8,985.8,0,0,0,0,0.07,0.88,13.9,24.8,295,298,31.3,21.2,23.4,20.7,16.7,0.15,0.183,0.203,0.255,0,0.0,0.0,0.0,0.0,0.0,0.0,0.0,0.0,0.0,0.0,0.0,0.0,0.0,31.17770435992497,88.50043372521574,237.353833978,635.5082460937501,6.965057083370526,245.48978548029234
39.050964,-7.0370483,212.0,2019-06-13 00:00:00,13.8,56,5.2,10.6,0.0,0.0,0.0,0.0,0,1011.4,986.3,0,0,0,0,0.06,0.69,14.0,25.3,288,290,27.4,19.8,23.1,20.7,16.7,0.152,0.183,0.203,0.255,0,0.0,0.0,0.0,0.0,0.0,0.0,0.0,0.0,0.0,0.0,0.0,0.0,0.0,27.988529156400997,87.34869971065586,239.07980587400002,641.3962460937502,5.935852107693018,247.51095897226145
39.050964,-7.0370483,212.0,2019-06-13 01:00:00,12.6,65,6.2,9.6,0.0,0.0,0.0,0.0,0,1011.4,986.1,0,0,0,0,0.04,0.51,13.9,24.8,287,289,27.7,18.7,22.9,20.7,16.7,0.152,0.183,0.203,0.255,0,0.0,0.0,0.0,0.0,0.0,0.0,0.0,0.0,0.0,0.0,0.0,0.0,0.0,23.914776190327597,85.7754401231208,240.34216634400002,647.0682460937502,4.727401446876862,249.2424637499151
39.050964,-7.0370483,212.0,2019-06-13 02:00:00,11.6,73,6.9,9.0,0.0,0.0,0.0,0.0,0,1011.3,986.0,0,0,0,0,0.02,0.37,12.4,22.8,287,291,27.0,17.8,22.6,20.7,16.7,0.152,0.183,0.203,0.255,0,0.0,0.0,0.0,0.0,0.0,0.0,0.0,0.0,0.0,0.0,0.0,0.0,0.0,19.373116305452097,84.1768863919942,241.24490545800003,652.5602460937502,3.5197300309580304,250.7450527961141
39.050964,-7.0370483,212.0,2019-06-13 03:00:00,11.0,77,7.1,8.5,0.0,0.0,0.0,0.0,0,1011.3,985.9,0,0,0,0,0.02,0.3,11.9,21.7,284,289,24.1,17.0,22.3,20.7,16.7,0.152,0.183,0.203,0.255,0,0.0,0.0,0.0,0.0,0.0,0.0,0.0,0.0,0.0,0.0,0.0,0.0,0.0,17.08994136254508,83.07108009970754,241.97757473600004,657.9442460937502,2.9680527268349453,252.13277807608327
39.050964,-7.0370483,212.0,2019-06-13 04:00:00,10.5,80,7.3,8.1,0.0,0.0,0.0,0.0,0,1011.3,985.9,0,0,0,0,0.01,0.25,11.4,21.5,283,288,22.7,16.3,22.0,20.7,16.8,0.152,0.183,0.203,0.255,0,0.0,0.0,0.0,0.0,0.0,0.0,0.0,0.0,0.0,0.0,0.0,0.0,0.0,15.456775410898246,82.20724905584613,242.58835185600003,663.2382460937501,2.596657135908549,253.4342232356065
39.050964,-7.0370483,212.0,2019-06-13 05:00:00,10.1,84,7.4,7.8,0.0,0.0,0.0,0.0,0,1011.4,985.9,0,0,0,0,0.01,0.2,11.1,20.8,283,288,22.0,15.7,21.7,20.7,16.8,0.152,0.183,0.203,0.255,0,0.0,0.0,0.0,0.0,0.0,0.0,0.0,0.0,0.0,0.0,0.0,0.0,0.0,13.87161679034439,81.1464339903872,243.06012452800002,668.4602460937501,2.2552028179342294,254.64256167090898
39.050964,-7.0370483,212.0,2019-06-13 06:00:00,10.7,81,7.7,8.7,0.0,0.0,0.0,0.0,0,1011.5,986.1,0,0,0,0,0.02,0.24,9.8,18.3,287,290,21.2,15.4,21.4,20.7,16.8,0.152,0.183,0.203,0.255,1,1360.05,40.0,18.0,22.0,154.5,40.0,95.7,89.1,40.1,49.0,249.4,55.2,213.2,13.237783095531029,81.19286845914674,243.65036690000002,673.7902460937502,2.123475815914887,255.9313622590868
39.050964,-7.0370483,212.0,2019-06-13 07:00:00,12.6,72,7.6,10.9,0.0,0.0,0.0,0.0,0,1011.8,986.5,0,0,0,0,0.09,0.42,7.4,10.6,284,288,21.6,16.0,21.1,20.7,16.8,0.152,0.183,0.203,0.255,1,3600.0,196.0,130.0,66.0,511.9,196.0,336.8,267.9,177.7,90.2,511.9,267.9,460.4,12.777108488585052,81.83671388230096,244.66025527600002,679.4622460937502,2.0293418407043733,257.51025894520774
39.050964,-7.0370483,212.0,2019-06-13 08:00:00,15.1,60,7.3,13.7,0.0,0.0,0.0,0.0,0,1011.9,986.8,0,0,0,0,0.2,0.69,4.7,6.6,279,283,19.8,17.3,20.9,20.7,16.8,0.152,0.183,0.203,0.255,1,3600.0,391.0,302.0,89.0,689.5,391.0,580.9,470.2,363.2,107.0,689.5,470.2,698.6,13.784583354634266,83.67646871207339,246.366218956,685.5842460937502,2.234108685709807,259.5540918739698
39.050964,-7.0370483,212.0,2019-06-13 09:00:00,17.5,49,6.8,16.3,0.0,0.0,0.0,0.0,0,1011.5,986.7,0,0,0,0,0.33,1.02,4.0,5.2,275,282,17.6,19.2,20.7,20.7,16.8,0.152,0.183,0.203,0.255,1,3600.0,585.0,480.0,105.0,788.1,585.0,807.8,660.1,541.7,118.5,788.1,660.1,911.6,17.10413836066914,86.00261750786392,248.863560232,692.1382460937501,2.9634354126516445,262.1142236084915
39.050964,-7.0370483,212.0,2019-06-13 10:00:00,19.8,39,5.4,19.3,0.0,0.0,0.0,0.0,0,1011.1,986.5,0,0,0,0,0.46,1.42,4.7,6.1,266,270,19.4,21.2,20.7,20.7,16.8,0.151,0.183,0.203,0.255,1,3600.0,757.0,642.0,115.0,849.7,757.0,1002.1,819.6,695.1,124.5,849.7,819.6,1084.9,22.656071143471795,88.46642750110338,252.219938466,699.1062460937501,4.359850303372193,265.2242717459734
39.050964,-7.0370483,212.0,2019-06-13 11:00:00,21.8,31,4.0,21.7,0.0,0.0,0.0,0.0,0,1010.6,986.1,0,0,0,0,0.57,1.79,5.6,7.3,255,259,22.0,23.2,20.8,20.7,16.8,0.151,0.182,0.203,0.255,1,3600.0,891.0,768.0,123.0,885.4,891.0,1150.5,934.5,805.5,129.0,885.4,934.5,1206.7,29.10241269219681,90.66296974176217,256.379804532,706.4342460937501,6.250478567811622,268.84022154835264
39.050964,-7.0370483,212.0,2019-06-13 12:00:00,22.7,29,3.5,23.0,0.0,0.0,0.0,0.0,0,1010.5,986.1,2,0,0,5,0.64,1.98,5.7,7.2,252,252,25.2,25.0,20.9,20.7,16.8,0.15,0.182,0.203,0.255,1,3600.0,976.0,848.0,128.0,904.9,976.0,1242.9,996.2,865.6,130.7,904.9,996.2,1268.7,51.0322265625,94.361328125,186.578125,559.061767578125,15.313217163085938,202.89315795898438
39.050964,-7.0370483,212.0,2019-06-13 13:00:00,24.6,23,2.2,24.2,0.0,0.0,0.0,0.0,0,1010.0,985.8,6,0,0,19,0.69,2.38,8.8,11.0,251,251,26.6,26.6,21.2,20.7,16.8,0.15,0.182,0.203,0.255,1,3600.0,1002.0,873.0,129.0,909.5,1002.0,1273.1,997.0,868.6,128.4,909.5,997.0,1266.7,44.935099856450556,94.41212549562233,191.78789587400001,566.893767578125,12.441183214207157,207.81183998335433
39.050964,-7.0370483,212.0,2019-06-13 14:00:00,25.4,20,1.0,24.1,0.0,0.0,0.0,0.0,1,1009.5,985.4,24,0,0,79,0.69,2.59,11.7,15.0,261,260,31.7,27.7,21.5,20.7,16.8,0.15,0.182,0.203,0.255,1,3600.0,972.0,845.0,127.0,904.5,972.0,1239.0,942.1,819.0,123.1,904.5,942.1,1200.8,49.60836017627508,94.46293963701414,197.369135074,574.869767578125,14.500018689601324,212.41661366576602
39.050964,-7.0370483,212.0,2019-06-13 15:00:00,25.6,20,1.0,23.4,0.0,0.0,0.0,0.0,1,1009.1,985.0,29,0,0,96,0.64,2.62,13.7,18.0,268,270,35.3,28.2,21.8,20.7,16.8,0.149,0.182,0.203,0.255,1,3600.0,879.0,736.0,143.0,854.1,879.0,1142.9,827.2,692.7,134.6,854.1,827.2,1075.6,53.166327543489125,94.51377055471228,202.992496834,582.8817675781249,16.15023951944161,217.0297860641014
39.050964,-7.0370483,212.0,2019-06-13 16:00:00,25.5,20,1.0,22.3,0.0,0.0,0.0,0.0,1,1008.8,984.7,29,0,0,95,0.55,2.6,14.0,19.1,270,272,35.3,28.2,22.1,20.7,16.8,0.149,0.182,0.202,0.255,1,3600.0,717.0,527.0,190.0,705.0,717.0,991.4,650.6,478.2,172.4,705.0,650.6,899.5,53.997074577121076,94.56461825425542,208.594797314,590.875767578125,16.51146535320225,221.60686299867848
39.050964,-7.0370483,212.0,2019-06-13 17:00:00,24.8,21,1.3,20.7,0.0,0.0,0.0,0.0,1,1008.8,984.6,28,0,0,94,0.44,2.46,14.8,20.3,276,277,35.6,27.8,22.3,20.7,16.8,0.149,0.182,0.202,0.255,1,3600.0,517.0,321.0,196.0,535.7,517.0,794.7,445.3,276.5,168.8,535.7,445.3,684.6,55.686621127596005,94.61548274118414,213.98148294,598.743767578125,17.311453116436077,226.02163649623114
39.050964,-7.0370483,212.0,2019-06-13 18:00:00,23.7,24,2.2,19.6,0.0,0.0,0.0,0.0,1,1008.9,984.6,29,0,0,96,0.33,2.22,16.1,22.8,280,282,36.0,26.9,22.6,20.7,16.8,0.149,0.181,0.202,0.255,1,3600.0,325.0,170.0,155.0,398.0,325.0,566.4,255.6,133.7,121.9,398.0,255.6,445.5,57.47063625368267,94.49616560153841,218.943520508,606.413767578125,18.182238868599615,230.14997711486026
39.050964,-7.0370483,212.0,2019-06-13 19:00:00,22.3,29,3.4,18.5,0.0,0.0,0.0,0.0,1,1009.5,985.1,28,0,0,93,0.22,1.91,15.3,23.6,285,286,35.6,25.7,22.7,20.7,16.8,0.149,0.181,0.202,0.255,1,3600.0,160.0,70.0,90.0,288.4,160.0,321.9,98.6,43.1,55.5,288.4,98.6,198.4,51.655645674032556,93.53059356645204,223.317421832,613.831767578125,15.277035999536372,233.8987566990447
39.050964,-7.0370483,212.0,2019-06-13 20:00:00,19.7,39,5.3,15.7,0.0,0.0,0.0,0.0,0,1010.1,985.5,13,0,0,44,0.16,1.41,19.6,32.4,287,289,39.6,24.3,22.8,20.7,16.8,0.149,0.181,0.202,0.255,0,38.41,30.0,7.0,23.0,63.0,30.0,88.5,0.0,0.0,0.0,0.0,0.0,0.0,49.21698090876217,91.43234883121963,226.65774084,620.781767578125,14.121616375905637,236.99157473824243
39.050964,-7.0370483,212.0,2019-06-13 21:00:00,17.7,45,5.6,14.0,0.0,0.0,0.0,0.0,0,1011.3,986.5,0,0,0,1,0.11,1.12,17.7,30.5,297,299,40.7,22.8,22.8,20.7,16.8,0.149,0.181,0.202,0.255,0,0.0,0.0,0.0,0.0,0.0,0.0,0.0,0.0,0.0,0.0,0.0,0.0,0.0,40.31483209994811,89.90031231882733,229.37991128000002,627.3717675781251,10.311566505288365,239.68004387095937
39.050964,-7.0370483,212.0,2019-06-13 22:00:00,16.4,49,5.7,13.0,0.0,0.0,0.0,0.0,0,1012.0,987.1,0,0,0,0,0.09,0.95,16.3,28.4,298,299,36.0,21.5,22.7,20.7,16.8,0.149,0.181,0.202,0.255,0,0.0,0.0,0.0,0.0,0.0,0.0,0.0,0.0,0.0,0.0,0.0,0.0,0.0,34.95266013450634,88.86201543810128,231.72956033000003,633.727767578125,8.279184856723832,242.1223444556338
39.050964,-7.0370483,212.0,2019-06-13 23:00:00,15.1,55,6.2,12.0,0.0,0.0,0.0,0.0,0,1012.2,987.1,0,0,0,0,0.07,0.77,14.7,26.1,298,300,32.4,20.4,22.6,20.7,16.8,0.149,0.181,0.202,0.255,0,0.0,0.0,0.0,0.0,0.0,0.0,0.0,0.0,0.0,0.0,0.0,0.0,0.0,29.62598586752399,87.6942227464291,233.64876947000002,639.849767578125,6.460219135883379,244.28687674505514
39.050964,-7.0370483,212.0,2019-06-14 00:00:00,13.5,65,7.1,10.7,0.0,0.0,0.0,0.0,0,1013.0,987.8,0,0,0,0,0.04,0.54,13.9,24.9,291,292,29.2,19.1,22.4,20.7,16.8,0.149,0.181,0.202,0.255,0,0.0,0.0,0.0,0.0,0.0,0.0,0.0,0.0,0.0,0.0,0.0,0.0,0.0,24.298763839779276,85.9451270615156,234.99405873,645.683767578125,4.841099658700984,246.08445351982036
39.050964,-7.0370483,212.0,2019-06-14 01:00:00,12.7,71,7.5,10.2,0.0,0.0,0.0,0.0,0,1013.2,987.9,0,0,0,0,0.03,0.43,12.7,23.1,285,288,27.4,18.2,22.1,20.7,16.8,0.149,0.181,0.202,0.255,0,0.0,0.0,0.0,0.0,0.0,0.0,0.0,0.0,0.0,0.0,0.0,0.0,0.0,20.412910289588464,84.60576130270978,236.047649262,651.373767578125,3.78648396742091,247.69412338229884
39.050964,-7.0370483,212.0,2019-06-14 02:00:00,11.9,77,8.0,9.6,0.0,0.0,0.0,0.0,0,1013.5,988.1,0,0,0,0,0.02,0.32,12.2,21.8,284,286,24.8,17.4,21.9,20.7,16.8,0.149,0.181,0.202,0.255,0,0.0,0.0,0.0,0.0,0.0,0.0,0.0,0.0,0.0,0.0,0.0,0.0,0.0,17.596716675889684,83.26565404794735,236.834814602,656.9197675781251,3.0898003906105758,249.12830074927243
39.050964,-7.0370483,212.0,2019-06-14 03:00:00,11.2,82,8.3,8.9,0.0,0.0,0.0,0.0,0,1013.5,988.1,0,0,0,0,0.01,0.24,12.5,22.7,282,285,24.1,16.7,21.6,20.7,16.8,0.149,0.181,0.202,0.255,0,0.0,0.0,0.0,0.0,0.0,0.0,0.0,0.0,0.0,0.0,0.0,0.0,0.0,15.710788532306063,81.93547668651712,237.41768552599999,662.339767578125,2.6553675375160237,250.42309159129795
39.050964,-7.0370483,212.0,2019-06-14 04:00:00,10.7,87,8.7,8.5,0.0,0.0,0.0,0.0,0,1013.8,988.3,0,0,0,0,0.0,0.17,13.0,23.5,276,281,25.2,16.1,21.4,20.7,16.8,0.149,0.181,0.202,0.255,0,0.0,0.0,0.0,0.0,0.0,0.0,0.0,0.0,0.0,0.0,0.0,0.0,0.0,13.994918172361151,80.39543682007614,237.82153556999998,667.6697675781251,2.2830586447622174,251.59765442669462
39.050964,-7.0370483,212.0,2019-06-14 05:00:00,10.5,90,9.0,8.2,0.0,0.0,0.0,0.0,1,1014.1,988.6,35,39,0,0,0.0,0.12,13.8,24.5,277,280,27.0,15.6,21.1,20.7,16.8,0.149,0.181,0.202,0.255,0,0.0,0.0,0.0,0.0,0.0,0.0,0.0,0.0,0.0,0.0,0.0,0.0,0.0,13.04517684060697,79.1116813220457,238.12692413,672.963767578125,2.086200520539651,252.70548432254628
39.050964,-7.0370483,212.0,2019-06-14 06:00:00,11.3,84,8.8,8.6,0.0,0.0,0.0,0.0,1,1014.3,988.9,46,51,0,0,0.03,0.21,16.6,25.6,283,284,32.8,15.4,20.8,20.7,16.8,0.149,0.181,0.202,0.255,1,1113.22,38.0,16.0,22.0,137.3,38.0,95.6,84.7,35.6,49.0,221.9,52.4,213.1,14.68859637260046,79.22634339795862,238.64924387399998,678.401767578125,2.428883573415264,253.95593727210635
39.050964,-7.0370483,212.0,2019-06-14 07:00:00,12.8,74,8.2,10.0,0.0,0.0,0.0,0.0,0,1014.6,989.3,4,4,0,0,0.1,0.39,15.8,22.9,282,283,35.3,15.8,20.5,20.7,16.8,0.149,0.181,0.202,0.255,1,3600.0,177.0,98.0,79.0,386.1,177.0,336.6,241.9,133.9,108.0,386.1,241.9,460.1,16.24764438900245,80.87681056216258,239.60068719799997,684.109767578125,2.771910235130244,255.49326348266302
39.050964,-7.0370483,212.0,2019-06-14 08:00:00,14.7,60,7.1,11.8,0.0,0.0,0.0,0.0,0,1015.0,989.8,5,6,0,0,0.21,0.66,14.6,20.5,280,281,36.0,16.8,20.3,20.6,16.8,0.149,0.181,0.202,0.255,1,3600.0,380.0,284.0,96.0,648.7,380.0,580.5,457.0,341.5,115.5,648.7,457.0,698.2,19.86370611149015,83.58628995989143,241.26452831799998,690.159767578125,3.635861025624999,257.4937844680967
39.050964,-7.0370483,212.0,2019-06-14 09:00:00,16.5,51,6.3,13.5,0.0,0.0,0.0,0.0,0,1015.2,990.2,5,6,0,0,0.32,0.93,15.2,20.7,275,278,37.1,18.3,20.2,20.6,16.8,0.149,0.181,0.202,0.255,1,3600.0,576.0,458.0,118.0,752.2,576.0,807.4,650.0,516.9,133.2,752.2,650.0,911.2,25.313723220629104,85.86723416189615,243.53493430199998,696.533767578125,5.112713152297236,259.895909895861
39.050964,-7.0370483,212.0,2019-06-14 10:00:00,18.3,43,5.4,15.9,0.0,0.0,0.0,0.0,0,1015.6,990.7,14,15,0,0,0.44,1.21,15.9,21.8,276,278,39.6,19.9,20.1,20.6,16.8,0.149,0.181,0.202,0.255,1,3600.0,743.0,610.0,133.0,807.5,743.0,1001.7,804.5,660.5,144.0,807.5,804.5,1084.5,31.388554517074102,87.83293878733606,246.44612973,703.231767578125,7.0005276796206415,262.7189592282684
39.050964,-7.0370483,212.0,2019-06-14 11:00:00,20.1,34,3.9,17.9,0.0,0.0,0.0,0.0,1,1015.8,991.1,29,28,6,0,0.53,1.54,15.5,21.3,273,274,39.6,21.5,20.2,20.6,16.8,0.149,0.181,0.202,0.255,1,3600.0,844.0,674.0,170.0,777.0,844.0,1150.2,885.3,707.0,178.3,777.0,885.3,1206.5,37.75557214701402,89.91403274089717,250.129747602,710.253767578125,9.247695322924933,266.0354954180233
39.050964,-7.0370483,212.0,2019-06-14 12:00:00,20.1,35,4.1,17.7,0.0,0.0,0.0,0.0,2,1016.5,991.8,50,16,60,0,0.57,1.53,19.8,27.0,268,268,41.8,22.9,20.3,20.6,16.8,0.15,0.181,0.202,0.254,1,3600.0,926.0,745.0,181.0,794.9,926.0,1242.8,945.3,760.5,184.8,794.9,945.3,1268.7,44.91015625,91.93627166748047,190.03125,565.968017578125,12.46337890625,206.0
39.050964,-7.0370483,212.0,2019-06-14 13:00:00,20.0,37,5.1,16.9,0.0,0.0,0.0,0.0,3,1016.7,991.9,100,100,100,0,0.47,1.46,18.4,25.2,271,272,46.8,23.3,20.4,20.6,16.8,0.15,0.181,0.202,0.254,1,3600.0,695.0,380.0,315.0,395.8,695.0,1273.2,691.6,378.1,313.4,395.8,691.6,1266.9,46.82700272868366,91.41262283690823,193.530844938,572.972017578125,13.255815179445003,209.85588566067702
39.050964,-7.0370483,212.0,2019-06-14 14:00:00,19.9,38,5.3,16.1,0.0,0.0,0.0,0.0,2,1016.7,991.9,59,0,98,0,0.38,1.43,17.6,24.1,271,272,44.3,23.3,20.6,20.6,16.8,0.15,0.181,0.202,0.254,1,2148.08,505.0,123.0,382.0,131.6,505.0,1239.3,489.5,119.2,370.3,131.6,489.5,1201.3,44.587265898744896,91.13612516439127,196.958568258,579.958017578125,12.241123059755603,213.04094377826993
39.050964,-7.0370483,212.0,2019-06-14 15:00:00,19.8,40,5.7,16.2,0.0,0.0,0.0,0.0,3,1016.6,991.8,100,97,100,0,0.33,1.4,17.7,24.6,275,275,41.4,23.1,20.7,20.6,16.8,0.15,0.181,0.201,0.254,1,983.04,405.0,80.0,325.0,92.8,405.0,1143.5,381.2,75.3,305.9,92.8,381.2,1076.3,43.347026941893034,90.77533739167663,200.259923898,586.926017578125,11.686293530037519,216.14632591320068
39.050964,-7.0370483,212.0,2019-06-14 16:00:00,19.2,44,6.7,15.7,0.0,0.0,0.0,0.0,3,1016.8,992.0,98,54,82,0,0.25,1.25,18.3,26.1,280,281,41.4,22.6,20.8,20.6,16.9,0.15,0.181,0.201,0.254,1,0.0,247.0,19.0,228.0,25.4,247.0,992.2,224.2,17.2,206.9,25.4,224.2,900.5,41.41902576046092,90.05445742452181,203.252731786,593.786017578125,10.865400163612788,219.05195653730146
39.050964,-7.0370483,212.0,2019-06-14 17:00:00,19.5,43,6.4,16.1,0.0,0.0,0.0,0.0,2,1017.0,992.2,70,26,78,0,0.25,1.3,16.9,24.1,270,271,41.0,22.2,20.9,20.6,16.9,0.15,0.181,0.201,0.254,1,899.08,245.0,54.0,191.0,90.0,245.0,795.8,211.1,46.5,164.6,90.0,211.1,685.8,39.691604466370556,90.07357506274978,206.344001158,600.700017578125,10.153062217493606,222.02271772229315
39.050964,-7.0370483,212.0,2019-06-14 18:00:00,19.2,43,6.4,15.7,0.0,0.0,0.0,0.0,3,1017.0,992.2,100,63,91,0,0.21,1.26,17.4,25.0,276,277,38.9,21.9,20.9,20.6,16.9,0.15,0.181,0.201,0.254,1,3384.8,185.0,74.0,111.0,172.8,185.0,567.7,145.6,58.2,87.4,172.8,145.6,446.9,40.25780879886878,90.03885172915113,209.390252044,607.560017578125,10.360467203195965,224.95691532371555
39.050964,-7.0370483,212.0,2019-06-14 19:00:00,18.6,46,6.6,15.7,0.0,0.0,0.0,0.0,1,1017.5,992.6,48,19,52,0,0.15,1.17,14.1,20.7,276,278,37.8,21.3,21.0,20.6,16.9,0.15,0.181,0.201,0.254,1,2750.47,114.0,37.0,77.0,151.7,114.0,323.4,70.5,22.9,47.6,151.7,70.5,200.0,34.55160014247558,89.55712244873085,212.19087575199998,614.3120175781249,8.187878940676706,227.72996845636482
39.050964,-7.0370483,212.0,2019-06-14 20:00:00,17.7,49,6.8,15.2,0.0,0.0,0.0,0.0,0,1017.8,992.8,15,1,23,0,0.09,1.03,11.6,20.5,265,269,29.9,20.6,20.9,20.6,16.9,0.15,0.181,0.201,0.254,0,149.45,25.0,8.0,17.0,71.7,25.0,89.2,0.0,0.0,0.0,0.0,0.0,0.0,29.988368433992996,88.94966249099583,214.71507015999998,620.902017578125,6.61602336731157,230.31563824986344
39.050964,-7.0370483,212.0,2019-06-14 21:00:00,16.8,53,7.1,14.3,0.0,0.0,0.0,0.0,0,1018.7,993.6,3,0,5,0,0.06,0.91,11.9,22.6,273,278,24.1,19.7,20.9,20.6,16.9,0.15,0.181,0.201,0.254,0,0.0,0.0,0.0,0.0,0.0,0.0,0.0,0.0,0.0,0.0,0.0,0.0,0.0,28.11564620887108,88.17530385980159,216.92992701799997,627.330017578125,6.010356389962717,232.6954086674604
39.050964,-7.0370483,212.0,2019-06-14 22:00:00,16.0,57,7.4,13.4,0.0,0.0,0.0,0.0,0,1019.3,994.1,1,0,1,0,0.06,0.78,13.0,24.2,284,288,25.6,19.0,20.8,20.5,16.9,0.15,0.181,0.201,0.254,0,0.0,0.0,0.0,0.0,0.0,0.0,0.0,0.0,0.0,0.0,0.0,0.0,0.0,27.003938330416673,87.36983543254084,218.86572191599998,633.614017578125,5.661210112505275,234.88979556333524
39.050964,-7.0370483,212.0,2019-06-14 23:00:00,15.0,62,7.7,12.7,0.0,0.0,0.0,0.0,0,1019.6,994.4,0,0,0,0,0.04,0.65,11.5,22.0,284,291,25.6,18.3,20.7,20.5,16.9,0.15,0.181,0.201,0.254,0,0.0,0.0,0.0,0.0,0.0,0.0,0.0,0.0,0.0,0.0,0.0,0.0,0.0,23.348505358095604,86.42563602073362,220.476383304,639.718017578125,4.589959174742034,236.86565087943552
39.050964,-7.0370483,212.0,2019-06-15 00:00:00,14.1,64,7.4,11.9,0.0,0.0,0.0,0.0,0,1020.1,994.8,0,0,0,0,0.03,0.57,10.1,20.7,287,293,22.3,17.5,20.9,20.5,16.9,0.148,0.181,0.202,0.254,0,0.0,0.0,0.0,0.0,0.0,0.0,0.0,0.0,0.0,0.0,0.0,0.0,0.0,20.937905718609212,85.83328459475564,221.916974856,645.660017578125,3.9352998749856387,238.71485675799326
39.050964,-7.0370483,212.0,2019-06-15 01:00:00,13.3,70,7.9,11.3,0.0,0.0,0.0,0.0,0,1020.3,994.9,0,0,0,0,0.02,0.47,9.9,19.6,289,296,19.8,16.9,20.7,20.5,16.9,0.148,0.181,0.202,0.254,0,0.0,0.0,0.0,0.0,0.0,0.0,0.0,0.0,0.0,0.0,0.0,0.0,0.0,18.745559233928716,84.80085785878757,223.054283976,651.458017578125,3.3768743881805636,240.36267552158782
39.050964,-7.0370483,212.0,2019-06-15 02:00:00,12.7,76,8.5,10.8,0.0,0.0,0.0,0.0,0,1020.3,994.8,0,0,0,0,0.01,0.35,9.9,19.2,289,298,18.7,16.4,20.5,20.5,16.9,0.148,0.181,0.202,0.254,0,0.0,0.0,0.0,0.0,0.0,0.0,0.0,0.0,0.0,0.0,0.0,0.0,0.0,16.6042803257349,83.5773962025929,223.926220968,657.1480175781251,2.86579516568213,241.83578838454318
39.050964,-7.0370483,212.0,2019-06-15 03:00:00,12.1,82,9.1,10.5,0.0,0.0,0.0,0.0,0,1020.2,994.7,0,0,0,0,0.01,0.26,9.1,17.4,288,300,18.7,15.9,20.3,20.5,16.9,0.148,0.181,0.202,0.254,0,0.0,0.0,0.0,0.0,0.0,0.0,0.0,0.0,0.0,0.0,0.0,0.0,0.0,14.00922904964017,82.13637951420002,224.551740984,662.7300175781251,2.2925214593981953,243.14359957050237
39.050964,-7.0370483,212.0,2019-06-15 04:00:00,11.4,88,9.5,10.1,0.0,0.0,0.0,0.0,0,1020.2,994.6,0,0,0,0,0.0,0.16,8.3,15.5,288,301,16.9,15.4,20.0,20.5,16.9,0.148,0.181,0.202,0.254,0,0.0,0.0,0.0,0.0,0.0,0.0,0.0,0.0,0.0,0.0,0.0,0.0,0.0,11.488721142270894,80.30568474283105,224.946639984,668.1860175781251,1.7843374131011966,244.29056896274065
39.050964,-7.0370483,212.0,2019-06-15 05:00:00,10.9,92,9.7,9.7,0.0,0.0,0.0,0.0,0,1020.3,994.7,0,0,0,0,0.0,0.1,7.5,13.9,287,301,15.1,14.9,19.8,20.5,16.9,0.148,0.181,0.202,0.254,0,0.0,0.0,0.0,0.0,0.0,0.0,0.0,0.0,0.0,0.0,0.0,0.0,0.0,9.632857533385033,78.54531612308794,225.199375344,673.5520175781251,1.4412894589264518,245.3332864694276
39.050964,-7.0370483,212.0,2019-06-15 06:00:00,11.6,88,9.8,10.6,0.0,0.0,0.0,0.0,0,1020.6,995.0,0,0,0,0,0.01,0.16,6.8,12.1,295,307,14.4,14.7,19.6,20.5,16.9,0.148,0.181,0.202,0.254,1,1236.54,38.0,17.0,21.0,146.0,38.0,95.5,84.7,37.9,46.8,236.0,52.4,212.8,9.385020826042073,78.5908918318852,225.600592728,679.044017578125,1.397040687131474,246.47968707211837
39.050964,-7.0370483,212.0,2019-06-15 07:00:00,13.9,74,9.3,13.1,0.0,0.0,0.0,0.0,0,1020.9,995.5,0,0,0,0,0.09,0.42,4.4,6.4,305,308,14.4,15.5,19.4,20.5,16.9,0.148,0.181,0.202,0.254,1,3600.0,189.0,124.0,65.0,488.9,189.0,336.3,258.4,169.5,88.9,488.9,258.4,459.7,9.811512455278356,80.34219525052427,226.627330128,684.950017578125,1.471727645308678,248.0641129004897
39.050964,-7.0370483,212.0,2019-06-15 08:00:00,16.3,58,8.0,15.2,0.0,0.0,0.0,0.0,0,1020.9,995.7,0,0,0,0,0.2,0.78,3.6,5.2,323,326,15.1,17.0,19.2,20.5,16.9,0.148,0.181,0.202,0.254,1,3600.0,381.0,292.0,89.0,667.4,381.0,580.1,458.2,351.2,107.0,667.4,458.2,697.7,12.815566587534288,83.4107265632115,228.551278056,691.2880175781249,2.0413190671637125,250.25578150565354
39.050964,-7.0370483,212.0,2019-06-15 09:00:00,18.5,46,6.7,17.3,0.0,0.0,0.0,0.0,0,1020.8,995.8,0,0,0,0,0.33,1.14,3.5,4.7,336,337,16.6,18.9,19.2,20.5,16.9,0.148,0.181,0.202,0.254,1,3600.0,574.0,468.0,106.0,768.9,574.0,806.9,647.8,528.2,119.6,768.9,647.8,910.7,17.53907541799789,86.43794954447114,231.3376854,698.022017578125,3.072499898635315,253.02894102480784
39.050964,-7.0370483,212.0,2019-06-15 10:00:00,20.3,39,5.9,20.2,0.0,0.0,0.0,0.0,0,1020.5,995.7,1,1,0,0,0.45,1.45,2.4,3.5,333,336,16.9,21.0,19.3,20.4,16.9,0.148,0.18,0.202,0.254,1,3600.0,745.0,628.0,117.0,831.6,745.0,1001.2,806.7,680.0,126.7,831.6,806.7,1084.1,21.04140875906538,88.56711738931149,234.774359764,705.080017578125,3.939253079090415,256.24252384626874
39.050964,-7.0370483,212.0,2019-06-15 11:00:00,21.9,34,5.3,22.7,0.0,0.0,0.0,0.0,0,1020.4,995.7,4,5,0,0,0.55,1.74,1.8,2.8,307,310,16.6,23.1,19.4,20.4,16.9,0.148,0.18,0.202,0.254,1,3600.0,876.0,751.0,125.0,865.9,876.0,1149.8,918.9,787.8,131.1,865.9,918.9,1206.2,24.111571837345984,90.10965529513052,238.770737644,712.426017578125,4.7686009526314015,259.83291549779943
39.050964,-7.0370483,212.0,2019-06-15 12:00:00,22.4,33,5.3,23.4,0.0,0.0,0.0,0.0,0,1020.3,995.7,5,6,0,0,0.61,1.81,3.3,4.0,276,280,18.4,24.9,19.7,20.4,16.9,0.147,0.18,0.202,0.254,1,3600.0,957.0,818.0,139.0,872.7,957.0,1242.6,977.0,835.1,141.9,872.7,977.0,1268.6,35.04189682006836,91.83760833740234,194.6328125,573.6151123046875,8.475235939025879,210.05722045898438
39.050964,-7.0370483,212.0,2019-06-15 13:00:00,24.3,28,4.9,25.2,0.0,0.0,0.0,0.0,0,1019.8,995.3,0,0,0,0,0.66,2.18,4.4,5.9,279,281,20.5,26.5,20.0,20.4,16.9,0.147,0.18,0.202,0.254,1,3600.0,985.0,846.0,139.0,880.9,985.0,1273.2,980.2,841.9,138.3,880.9,980.2,1267.1,31.929193787165403,92.2095949004026,199.44742110800001,581.3931123046875,7.329029368107256,214.73352677372205
39.050964,-7.0370483,212.0,2019-06-15 14:00:00,25.2,26,4.4,25.6,0.0,0.0,0.0,0.0,0,1019.0,994.6,0,0,0,0,0.65,2.37,5.5,7.3,281,281,22.0,27.6,20.4,20.4,16.9,0.147,0.18,0.202,0.254,1,3600.0,957.0,828.0,129.0,885.5,957.0,1239.6,927.8,802.7,125.1,885.5,927.8,1201.7,34.96318414542276,92.76567594857215,204.57110400000002,589.3331123046876,8.377528573563842,219.0494383316981
39.050964,-7.0370483,212.0,2019-06-15 15:00:00,25.8,25,4.2,25.4,0.0,0.0,0.0,0.0,0,1018.4,994.1,0,0,0,0,0.61,2.5,6.8,8.9,288,291,23.4,28.3,20.7,20.4,16.9,0.147,0.18,0.202,0.254,1,3600.0,872.0,750.0,122.0,869.1,872.0,1144.0,820.9,706.1,114.9,869.1,820.9,1077.0,37.80624191186616,93.12951162242251,209.88249555000002,597.3811123046876,9.412595074404962,223.4760752148693
39.050964,-7.0370483,212.0,2019-06-15 16:00:00,26.1,24,4.1,24.7,0.0,0.0,0.0,0.0,0,1017.9,993.6,0,0,0,0,0.53,2.57,7.9,10.2,286,288,24.1,28.6,21.1,20.4,16.9,0.147,0.18,0.202,0.254,1,3600.0,738.0,624.0,114.0,833.0,738.0,993.0,669.9,566.5,103.5,833.0,669.9,901.5,40.29064278071354,93.4171264820788,215.324730302,605.4831123046876,10.356868988402999,227.9700381968624
39.050964,-7.0370483,212.0,2019-06-15 17:00:00,25.9,24,4.0,23.3,0.0,0.0,0.0,0.0,0,1017.5,993.2,0,0,0,0,0.42,2.52,8.6,10.8,285,285,24.5,28.4,21.5,20.4,16.9,0.147,0.18,0.202,0.254,1,3600.0,566.0,463.0,103.0,770.2,566.0,796.9,487.9,399.1,88.8,770.2,487.9,687.0,41.46328791634315,93.46761212420262,220.726948622,613.5491123046876,10.80449150396363,232.4192865753571
39.050964,-7.0370483,212.0,2019-06-15 18:00:00,25.4,25,4.1,22.6,0.0,0.0,0.0,0.0,0,1017.4,993.1,0,0,0,0,0.3,2.42,9.0,11.9,275,275,23.8,27.7,21.8,20.4,16.9,0.146,0.18,0.202,0.254,1,3600.0,372.0,285.0,87.0,664.0,372.0,569.0,293.1,224.5,68.5,664.0,293.1,448.2,42.24629476076921,93.51811443417863,225.95936037200002,621.5251123046876,11.102334592267336,236.74415630655528
39.050964,-7.0370483,212.0,2019-06-15 19:00:00,24.1,28,4.3,21.2,0.0,0.0,0.0,0.0,0,1017.5,993.1,0,0,0,0,0.2,2.17,10.9,17.4,276,277,23.8,26.5,22.0,20.4,16.9,0.146,0.18,0.202,0.254,1,3600.0,181.0,118.0,63.0,481.5,181.0,324.9,112.3,73.2,39.1,481.5,112.3,201.5,45.158699865608114,93.56863341750972,230.73605867600003,629.2671123046875,12.30409823663818,240.76567364105554
39.050964,-7.0370483,212.0,2019-06-15 20:00:00,21.6,34,4.9,18.6,0.0,0.0,0.0,0.0,0,1017.5,992.9,0,0,0,0,0.12,1.72,12.0,23.5,286,288,22.7,24.9,22.2,20.4,16.9,0.146,0.18,0.202,0.254,0,958.21,34.0,15.0,19.0,133.7,34.0,90.0,0.0,0.0,0.0,0.0,0.0,0.0,42.50687607615549,92.48637029374024,234.68030988800004,636.5591123046876,11.176583667090235,244.24554638352066
39.050964,-7.0370483,212.0,2019-06-15 21:00:00,20.3,39,5.9,17.5,0.0,0.0,0.0,0.0,0,1017.9,993.1,0,0,0,0,0.1,1.45,12.1,25.0,297,298,24.1,23.5,22.2,20.4,16.9,0.146,0.18,0.202,0.254,0,0.0,0.0,0.0,0.0,0.0,0.0,0.0,0.0,0.0,0.0,0.0,0.0,0.0,38.42977820156518,91.33956237869752,238.11698425200004,643.6171123046876,9.550527916838591,247.40492630458078
39.050964,-7.0370483,212.0,2019-06-15 22:00:00,18.9,46,7.2,16.5,0.0,0.0,0.0,0.0,1,1018.3,993.4,29,0,0,97,0.08,1.17,11.8,23.2,310,316,24.1,22.3,22.2,20.4,16.9,0.146,0.18,0.202,0.254,0,0.0,0.0,0.0,0.0,0.0,0.0,0.0,0.0,0.0,0.0,0.0,0.0,0.0,33.3529048928475,89.93025664544548,240.96025705200003,650.4231123046876,7.692579241254497,250.19659743228587
39.050964,-7.0370483,212.0,2019-06-15 23:00:00,17.6,54,8.3,15.6,0.0,0.0,0.0,0.0,1,1018.3,993.3,30,0,0,99,0.06,0.92,10.7,21.2,315,325,22.3,21.2,22.2,20.4,16.9,0.146,0.18,0.202,0.254,0,0.0,0.0,0.0,0.0,0.0,0.0,0.0,0.0,0.0,0.0,0.0,0.0,0.0,27.68655304201504,88.38820553302219,243.22487118400002,656.9951123046876,5.83312997675497,252.63290886279287
39.050964,-7.0370483,212.0,2019-06-16 00:00:00,16.2,64,9.4,14.7,0.0,0.0,0.0,0.0,1,1018.3,993.2,28,0,0,94,0.03,0.66,9.6,18.8,304,315,20.2,19.8,22.1,20.4,16.9,0.146,0.18,0.202,0.254,0,0.0,0.0,0.0,0.0,0.0,0.0,0.0,0.0,0.0,0.0,0.0,0.0,0.0,22.207322775322712,86.55832340490936,244.86449183200003,663.3151123046877,4.249917101924103,254.68495583222276
39.050964,-7.0370483,212.0,2019-06-16 01:00:00,15.5,67,9.5,14.1,0.0,0.0,0.0,0.0,1,1017.9,992.7,29,0,0,97,0.02,0.57,8.6,17.1,303,318,18.0,19.1,21.9,20.4,16.9,0.146,0.18,0.202,0.254,0,0.0,0.0,0.0,0.0,0.0,0.0,0.0,0.0,0.0,0.0,0.0,0.0,0.0,19.509590362758107,85.63237268187675,246.30666298000003,669.5091123046876,3.54780597410497,256.6057171029435
39.050964,-7.0370483,212.0,2019-06-16 02:00:00,15.0,69,9.5,13.7,0.0,0.0,0.0,0.0,1,1017.6,992.4,28,0,0,94,0.02,0.52,8.2,15.5,293,316,16.2,18.4,21.8,20.4,16.9,0.146,0.18,0.202,0.254,0,0.0,0.0,0.0,0.0,0.0,0.0,0.0,0.0,0.0,0.0,0.0,0.0,0.0,18.158512099987327,85.06765076593392,247.62062358600002,675.6131123046877,3.2152297463352233,258.438719900647
39.050964,-7.0370483,212.0,2019-06-16 03:00:00,14.8,70,9.4,13.4,0.0,0.0,0.0,0.0,1,1017.4,992.2,27,0,0,91,0.02,0.5,8.3,14.5,288,314,15.8,17.9,21.6,20.4,16.9,0.146,0.18,0.202,0.254,0,0.0,0.0,0.0,0.0,0.0,0.0,0.0,0.0,0.0,0.0,0.0,0.0,0.0,17.666781458791196,84.75692448589118,248.876402406,681.6811123046876,3.096655639745785,260.23156785827473
39.050964,-7.0370483,212.0,2019-06-16 04:00:00,14.2,73,9.4,13.1,0.0,0.0,0.0,0.0,0,1017.3,992.0,4,0,0,12,0.01,0.44,6.7,11.7,286,315,14.8,17.4,21.3,20.4,16.9,0.146,0.18,0.202,0.254,0,0.0,0.0,0.0,0.0,0.0,0.0,0.0,0.0,0.0,0.0,0.0,0.0,0.0,15.711727420468721,84.19445979683657,249.963954252,687.6411123046877,2.6472452367944572,261.9105723257792
39.050964,-7.0370483,212.0,2019-06-16 05:00:00,13.5,77,9.6,12.7,0.0,0.0,0.0,0.0,1,1017.6,992.3,27,0,0,91,0.0,0.36,4.7,8.6,293,327,11.2,16.7,21.1,20.4,16.9,0.146,0.18,0.202,0.254,0,0.0,0.0,0.0,0.0,0.0,0.0,0.0,0.0,0.0,0.0,0.0,0.0,0.0,13.383486853154544,83.38064833869304,250.84800148,693.4751123046876,2.1492277165288884,263.4522025555211
39.050964,-7.0370483,212.0,2019-06-16 06:00:00,14.1,75,9.7,13.3,0.0,0.0,0.0,0.0,1,1017.9,992.6,29,0,0,97,0.02,0.41,5.3,6.8,298,342,10.8,16.5,20.9,20.4,17.0,0.146,0.18,0.202,0.254,1,865.93,37.0,14.0,23.0,120.4,37.0,95.3,82.5,31.2,51.3,194.7,51.0,212.4,13.773367683288683,83.42782043409134,251.84841228,699.4171123046876,2.228853455922532,265.07454309349606
39.050964,-7.0370483,212.0,2019-06-16 07:00:00,16.8,61,9.2,16.0,0.0,0.0,0.0,0.0,1,1017.9,992.8,30,0,0,100,0.09,0.74,3.6,5.5,315,337,11.5,17.3,20.7,20.4,17.0,0.146,0.18,0.202,0.254,1,3600.0,164.0,80.0,84.0,315.8,164.0,335.8,224.2,109.4,114.9,315.8,224.2,459.2,14.229722044235094,84.38519915384946,253.686272226,705.8451123046876,2.3233153196913365,267.2464059276918
39.050964,-7.0370483,212.0,2019-06-16 08:00:00,19.7,49,8.5,19.0,0.0,0.0,0.0,0.0,1,1018.1,993.3,29,0,0,97,0.2,1.18,2.1,3.1,329,339,11.9,18.9,20.5,20.4,17.0,0.146,0.18,0.202,0.254,1,3600.0,340.0,193.0,147.0,441.4,340.0,579.6,409.0,232.2,176.8,441.4,409.0,697.1,16.746368348350344,86.4690713956863,256.478997954,712.7951123046877,2.875842336232626,270.041321022964
39.050964,-7.0370483,212.0,2019-06-16 09:00:00,22.3,39,7.6,21.4,0.0,0.0,0.0,0.0,1,1017.8,993.2,30,0,0,99,0.3,1.65,1.8,2.5,11,8,12.6,20.8,20.5,20.4,17.0,0.146,0.18,0.202,0.254,1,3600.0,469.0,229.0,240.0,376.4,469.0,806.3,529.4,258.5,270.9,376.4,529.4,910.1,21.277638699158757,88.85915519884132,260.236856838,720.2131123046877,3.9855642311583406,273.45386370256404
39.050964,-7.0370483,212.0,2019-06-16 10:00:00,24.8,31,6.4,24.4,0.0,0.0,0.0,0.0,1,1017.4,993.0,30,0,0,99,0.43,2.17,1.1,1.5,108,104,13.3,23.0,20.6,20.4,17.0,0.146,0.179,0.202,0.254,1,3600.0,650.0,382.0,268.0,506.0,650.0,1000.7,703.9,413.7,290.2,506.0,703.9,1083.7,25.948144769629327,91.06879966891287,264.941683524,728.0811123046877,5.27922529738931,277.465672378614
39.050964,-7.0370483,212.0,2019-06-16 11:00:00,26.4,26,5.4,26.0,0.0,0.0,0.0,0.0,1,1017.0,992.8,29,0,0,98,0.51,2.55,3.0,3.7,166,169,16.2,25.1,20.8,20.4,17.0,0.146,0.179,0.202,0.254,1,3600.0,731.0,396.0,335.0,456.7,731.0,1149.4,766.9,415.4,351.4,456.7,766.9,1205.9,32.492646372863504,92.72581778194406,270.299146624,736.2371123046877,7.344713966583447,281.8787255497368
39.050964,-7.0370483,212.0,2019-06-16 12:00:00,26.9,25,5.3,26.3,0.0,0.0,0.0,0.0,1,1016.9,992.7,31,0,2,99,0.56,2.66,5.4,6.5,172,174,19.8,26.5,20.9,20.4,17.0,0.146,0.179,0.202,0.254,1,3600.0,763.0,339.0,424.0,361.7,763.0,1242.4,779.0,346.1,432.9,361.7,779.0,1268.5,35.241058349609375,92.491455078125,199.78125,581.712158203125,8.52294635772705,214.51292419433594
39.050964,-7.0370483,212.0,2019-06-16 13:00:00,28.3,21,4.1,27.3,0.0,0.0,0.0,0.0,1,1016.5,992.4,30,0,0,99,0.6,3.02,7.0,8.6,192,195,22.7,27.9,21.2,20.4,17.0,0.146,0.179,0.202,0.254,1,3600.0,794.0,357.0,437.0,371.7,794.0,1273.2,790.2,355.3,434.9,371.7,790.2,1267.2,42.10778907233193,94.26990823292601,205.895866116,590.210158203125,11.141514193715883,219.95900470760142
39.050964,-7.0370483,212.0,2019-06-16 14:00:00,29.0,19,3.4,27.6,0.0,0.0,0.0,0.0,1,1016.0,992.0,30,0,0,99,0.6,3.22,7.6,9.7,199,202,24.5,28.9,21.6,20.4,17.0,0.146,0.179,0.202,0.254,1,3600.0,772.0,345.0,427.0,368.8,772.0,1239.8,748.5,334.5,414.0,368.8,748.5,1202.1,45.830808641829485,94.99356027643715,212.31455446200002,598.8341582031251,12.68563991617172,225.104276175798
39.050964,-7.0370483,212.0,2019-06-16 15:00:00,29.1,19,3.1,27.0,0.0,0.0,0.0,0.0,1,1015.4,991.4,29,0,0,98,0.49,3.27,6.2,7.9,201,204,24.1,29.4,21.9,20.4,17.0,0.145,0.179,0.202,0.254,1,3600.0,610.0,180.0,430.0,208.5,610.0,1144.6,574.4,169.5,404.9,208.5,574.4,1077.7,44.236268998283826,95.08249289870199,218.75456735400002,607.4761582031251,11.966385159171079,230.2364731163821
39.050964,-7.0370483,212.0,2019-06-16 16:00:00,29.6,18,2.9,27.5,0.0,0.0,0.0,0.0,0,1015.1,991.2,5,0,0,16,0.45,3.4,5.2,6.9,214,219,20.2,29.8,22.3,20.4,17.0,0.145,0.179,0.202,0.254,1,3600.0,588.0,317.0,271.0,422.8,588.0,993.8,533.9,287.8,246.1,422.8,533.9,902.4,43.99785390912151,95.3716079787172,225.38202563800002,616.2081582031251,11.83674145165365,235.46083371137445
39.050964,-7.0370483,212.0,2019-06-16 17:00:00,29.9,18,3.2,27.6,0.0,0.0,0.0,0.0,0,1014.8,990.9,0,0,0,0,0.42,3.46,5.6,7.7,243,242,18.7,30.1,22.6,20.4,17.0,0.145,0.179,0.202,0.254,1,3600.0,565.0,462.0,103.0,767.4,565.0,797.9,487.2,398.4,88.8,767.4,487.2,688.1,44.91803031791209,95.44633739490685,232.074247358,624.994158203125,12.201404475362585,240.70275934692066
39.050964,-7.0370483,212.0,2019-06-16 18:00:00,29.1,22,5.0,26.6,0.0,0.0,0.0,0.0,0,1014.7,990.7,3,0,0,10,0.33,3.16,9.1,12.3,277,277,21.6,29.7,23.0,20.4,17.0,0.145,0.179,0.201,0.254,1,3600.0,372.0,286.0,86.0,664.8,372.0,570.2,293.3,225.5,67.8,664.8,293.3,449.5,50.48155964616093,95.4974929817144,238.275741254,633.6361582031251,14.65650111677429,245.6308339633236
39.050964,-7.0370483,212.0,2019-06-16 19:00:00,27.0,28,6.7,24.2,0.0,0.0,0.0,0.0,0,1014.9,990.8,0,0,0,0,0.24,2.58,13.4,22.2,294,295,27.7,28.6,23.2,20.4,17.0,0.145,0.179,0.201,0.254,1,3600.0,180.0,117.0,63.0,475.4,180.0,326.2,112.0,72.8,39.2,475.4,112.0,202.9,53.0332111820681,94.48269332181542,243.60213896599998,641.9001582031251,15.839956766923073,250.0080954774069
39.050964,-7.0370483,212.0,2019-06-16 20:00:00,24.6,31,6.3,22.0,0.0,0.0,0.0,0.0,0,1015.0,990.7,0,0,0,0,0.14,2.14,11.6,23.6,275,278,28.1,27.1,23.4,20.4,17.0,0.145,0.179,0.201,0.254,0,963.16,34.0,15.0,19.0,133.0,34.0,90.6,0.0,0.0,0.0,0.0,0.0,0.0,46.06175827563289,93.50775568095357,248.270634944,649.7321582031251,12.638228533041016,253.94884288067908
39.050964,-7.0370483,212.0,2019-06-16 21:00:00,22.7,40,8.3,19.9,0.0,0.0,0.0,0.0,0,1015.9,991.4,0,0,0,0,0.14,1.67,16.3,29.7,288,293,32.0,25.6,23.5,20.4,17.0,0.145,0.179,0.201,0.254,0,0.0,0.0,0.0,0.0,0.0,0.0,0.0,0.0,0.0,0.0,0.0,0.0,0.0,45.296231451969646,91.62927713145677,252.030073424,657.2221582031251,12.297215773413988,257.3449713815888
39.050964,-7.0370483,212.0,2019-06-16 22:00:00,20.4,54,10.8,18.4,0.0,0.0,0.0,0.0,0,1016.4,991.7,0,0,0,0,0.09,1.11,15.4,28.2,291,297,32.0,24.3,23.5,20.4,17.0,0.145,0.179,0.201,0.254,0,0.0,0.0,0.0,0.0,0.0,0.0,0.0,0.0,0.0,0.0,0.0,0.0,0.0,34.34654188972693,88.95505319867654,254.633774164,664.2981582031251,8.018492221780708,260.05843728548
39.050964,-7.0370483,212.0,2019-06-16 23:00:00,18.9,59,10.7,17.4,0.0,0.0,0.0,0.0,0,1016.7,991.9,0,0,0,0,0.06,0.9,12.0,22.2,291,297,30.6,23.1,23.5,20.4,17.0,0.145,0.179,0.201,0.254,0,0.0,0.0,0.0,0.0,0.0,0.0,0.0,0.0,0.0,0.0,0.0,0.0,0.0,26.859770105549014,87.60461275668747,256.792555364,671.1041582031252,5.566646999812907,262.4879272259047
39.050964,-7.0370483,212.0,2019-06-17 00:00:00,17.0,62,9.7,15.5,0.0,0.0,0.0,0.0,0,1017.7,992.7,0,0,0,0,0.04,0.74,10.1,19.4,268,280,22.7,21.9,23.4,20.4,17.0,0.146,0.179,0.202,0.254,0,0.0,0.0,0.0,0.0,0.0,0.0,0.0,0.0,0.0,0.0,0.0,0.0,0.0,22.985292168107144,86.70546370946927,258.603298912,677.5681582031252,4.450185543959,264.66956170119477
39.050964,-7.0370483,212.0,2019-06-17 01:00:00,16.1,64,9.2,14.4,0.0,0.0,0.0,0.0,0,1017.7,992.6,0,0,0,0,0.04,0.67,10.1,19.3,276,284,19.8,20.9,23.2,20.4,17.0,0.146,0.179,0.202,0.254,0,0.0,0.0,0.0,0.0,0.0,0.0,0.0,0.0,0.0,0.0,0.0,0.0,0.0,21.683206421489324,86.12132459111844,260.233441984,683.8701582031252,4.097645359119362,266.7246929822433
39.050964,-7.0370483,212.0,2019-06-17 02:00:00,15.3,67,9.1,13.7,0.0,0.0,0.0,0.0,0,1017.4,992.2,0,0,0,0,0.03,0.58,9.1,17.1,279,288,19.1,20.0,23.0,20.4,17.0,0.146,0.179,0.202,0.254,0,0.0,0.0,0.0,0.0,0.0,0.0,0.0,0.0,0.0,0.0,0.0,0.0,0.0,19.632752064057367,85.49314776749178,261.65823757600003,690.0281582031253,3.568468162381464,268.6431742404955
39.050964,-7.0370483,212.0,2019-06-17 03:00:00,14.6,70,9.2,13.2,0.0,0.0,0.0,0.0,0,1017.3,992.1,0,0,0,1,0.02,0.5,8.3,16.3,275,288,16.6,19.2,22.8,20.4,17.0,0.146,0.179,0.202,0.254,0,0.0,0.0,0.0,0.0,0.0,0.0,0.0,0.0,0.0,0.0,0.0,0.0,0.0,17.8651800629306,84.85061157181224,262.89822043600003,696.0601582031253,3.1365846826050925,270.43849095055594
39.050964,-7.0370483,212.0,2019-06-17 04:00:00,14.0,73,9.3,12.9,0.0,0.0,0.0,0.0,0,1017.2,991.9,0,0,0,0,0.01,0.43,6.1,12.4,267,287,15.1,18.5,22.6,20.5,17.0,0.146,0.179,0.202,0.254,0,0.0,0.0,0.0,0.0,0.0,0.0,0.0,0.0,0.0,0.0,0.0,0.0,0.0,15.398818253109127,84.20627275810843,263.97155591800004,701.9841582031253,2.5724830464804813,272.12288000771326
39.050964,-7.0370483,212.0,2019-06-17 05:00:00,13.4,77,9.5,12.6,0.0,0.0,0.0,0.0,0,1017.1,991.8,0,0,0,0,0.0,0.35,4.5,8.1,256,283,10.4,17.7,22.3,20.5,17.0,0.146,0.179,0.202,0.254,0,0.0,0.0,0.0,0.0,0.0,0.0,0.0,0.0,0.0,0.0,0.0,0.0,0.0,13.296334459889708,83.37787935428342,264.849548028,707.8001582031253,2.1269100951286317,273.6802160197896
39.050964,-7.0370483,212.0,2019-06-17 06:00:00,13.7,77,9.7,13.1,0.0,0.0,0.0,0.0,0,1017.4,992.1,0,0,0,1,0.01,0.37,3.6,4.3,276,275,9.7,17.4,22.1,20.5,17.0,0.146,0.179,0.202,0.254,1,1234.59,38.0,17.0,21.0,146.4,38.0,95.1,84.7,37.9,46.8,237.0,52.3,211.9,12.545523595568934,83.1575304539411,265.745705492,713.6701582031253,1.9754305517304553,275.25405267341074
39.050964,-7.0370483,212.0,2019-06-17 07:00:00,16.2,64,9.3,15.8,0.0,0.0,0.0,0.0,0,1017.6,992.5,3,0,0,11,0.09,0.66,1.3,1.8,214,217,9.4,18.1,21.8,20.5,17.0,0.146,0.179,0.202,0.254,1,3600.0,189.0,124.0,65.0,490.2,189.0,335.3,258.5,169.6,88.9,490.2,258.5,458.6,12.254563703644223,83.81624159618023,267.38532614,719.9901582031254,1.9174147384462983,277.30825257842804
39.050964,-7.0370483,212.0,2019-06-17 08:00:00,19.2,51,8.7,18.3,0.0,0.0,0.0,0.0,0,1017.3,992.5,3,0,0,11,0.22,1.09,3.3,4.4,167,171,14.0,19.6,21.7,20.5,17.0,0.146,0.179,0.202,0.254,1,3600.0,378.0,288.0,90.0,659.3,378.0,578.9,454.8,346.5,108.3,659.3,454.8,696.5,16.73080288401541,86.01869792716265,270.004033042,726.8501582031254,2.8671955234822013,279.98864425875524
39.050964,-7.0370483,212.0,2019-06-17 09:00:00,22.0,43,8.8,21.1,0.0,0.0,0.0,0.0,0,1017.1,992.5,0,0,0,0,0.36,1.51,4.7,5.8,157,158,17.6,21.6,21.6,20.5,17.0,0.146,0.179,0.201,0.254,1,3600.0,571.0,466.0,105.0,766.5,571.0,805.7,644.6,526.0,118.5,766.5,644.6,909.5,22.209091408451982,88.24793284256755,273.470456464,734.2141582031254,4.22530526122112,283.21779347291863
39.050964,-7.0370483,212.0,2019-06-17 10:00:00,24.3,37,8.7,24.1,0.0,0.0,0.0,0.0,0,1016.3,991.9,13,0,0,44,0.5,1.92,7.3,9.5,169,169,23.4,23.7,21.6,20.5,17.0,0.146,0.179,0.201,0.254,1,3600.0,742.0,628.0,114.0,832.1,742.0,1000.2,803.6,680.1,123.5,832.1,803.6,1083.1,29.20799334559,90.08006786046326,277.683238996,741.9921582031254,6.2648908548195665,286.9220848314636
39.050964,-7.0370483,212.0,2019-06-17 11:00:00,26.4,29,7.1,26.2,0.0,0.0,0.0,0.0,0,1015.9,991.7,13,0,0,44,0.62,2.42,9.0,11.9,178,180,27.4,25.7,21.8,20.5,17.0,0.146,0.179,0.201,0.254,1,3600.0,867.0,723.0,144.0,833.9,867.0,1149.0,909.7,758.6,151.1,833.9,909.7,1205.5,37.53875363901171,92.12278341327395,282.823507646,750.1481582031254,9.12830470728483,291.18655611616856
39.050964,-7.0370483,212.0,2019-06-17 12:00:00,27.9,25,5.9,27.8,0.0,0.0,0.0,0.0,0,1015.4,991.3,4,0,1,12,0.7,2.82,9.4,12.3,184,187,29.9,27.4,21.9,20.5,17.0,0.147,0.179,0.201,0.254,1,3600.0,948.0,792.0,156.0,845.0,948.0,1242.1,968.0,808.7,159.3,845.0,968.0,1268.3,48.148502349853516,94.11328125,205.6796875,589.9593505859375,13.776838302612305,219.26028442382812
39.050964,-7.0370483,212.0,2019-06-17 13:00:00,29.8,17,2.5,28.9,0.0,0.0,0.0,0.0,0,1014.5,990.6,16,0,0,54,0.76,3.47,11.3,15.0,197,197,31.3,29.1,22.2,20.5,17.0,0.147,0.179,0.201,0.254,1,3600.0,978.0,840.0,138.0,874.3,978.0,1273.2,973.5,836.1,137.4,874.3,973.5,1267.3,54.013261068262295,95.54721106232681,212.431670602,598.7273505859375,16.48597453304221,225.15120645933868
39.050964,-7.0370483,212.0,2019-06-17 14:00:00,30.4,15,0.8,28.4,0.0,0.0,0.0,0.0,2,1013.6,989.8,54,0,61,59,0.72,3.7,12.7,16.9,205,204,33.5,30.2,22.6,20.5,17.0,0.146,0.179,0.201,0.254,1,3600.0,881.0,733.0,148.0,783.3,881.0,1240.1,854.3,710.8,143.5,783.3,854.3,1202.5,59.640202688322894,96.19336449231332,219.480617752,607.6033505859375,19.31037362971466,230.66089111162165
39.050964,-7.0370483,212.0,2019-06-17 15:00:00,30.6,14,0.2,27.6,0.0,0.0,0.0,0.0,2,1013.1,989.3,60,0,85,29,0.6,3.78,11.7,15.6,214,214,33.5,30.6,22.9,20.5,17.0,0.146,0.179,0.201,0.254,1,3600.0,686.0,358.0,328.0,414.3,686.0,1145.0,646.0,337.1,308.9,414.3,646.0,1078.3,59.35735534592302,96.49079911266229,226.657775444,616.5153505859375,19.112377118545748,236.21153992370003
39.050964,-7.0370483,212.0,2019-06-17 16:00:00,30.4,14,0.2,26.8,0.0,0.0,0.0,0.0,1,1012.6,988.8,28,0,44,5,0.46,3.71,10.2,13.8,219,221,29.9,30.6,23.3,20.5,17.0,0.146,0.179,0.201,0.254,1,3600.0,487.0,196.0,291.0,261.2,487.0,994.6,442.3,178.0,264.3,261.2,442.3,903.2,56.98597557277901,96.5422995288667,233.789651384,625.3913505859375,17.8441650620339,241.69633461622854
39.050964,-7.0370483,212.0,2019-06-17 17:00:00,30.4,15,0.8,26.5,0.0,0.0,0.0,0.0,1,1012.1,988.3,28,0,38,17,0.45,3.69,12.5,17.1,224,222,29.5,30.5,23.6,20.5,17.0,0.146,0.178,0.201,0.254,1,3600.0,465.0,318.0,147.0,527.5,465.0,798.9,401.1,274.3,126.8,527.5,401.1,689.2,61.50789064638032,96.59381694795132,240.838598534,634.2673505859375,20.176061795398294,247.10534878776477
39.050964,-7.0370483,212.0,2019-06-17 18:00:00,29.9,16,1.4,26.2,0.0,0.0,0.0,0.0,1,1012.0,988.2,37,0,50,22,0.36,3.54,12.2,17.3,223,222,30.2,30.0,23.9,20.5,17.0,0.146,0.178,0.201,0.254,1,3600.0,327.0,201.0,126.0,466.2,327.0,571.4,258.0,158.6,99.4,466.2,258.0,450.8,61.263564088189455,96.64535137552966,247.694045174,643.0533505859374,20.011376980633862,252.36780699878955
39.050964,-7.0370483,212.0,2019-06-17 19:00:00,28.5,19,2.5,25.5,0.0,0.0,0.0,0.0,2,1012.0,988.0,59,0,71,53,0.2,3.15,8.7,16.6,222,219,27.4,29.1,24.1,20.5,17.0,0.146,0.178,0.201,0.254,1,3600.0,149.0,69.0,80.0,279.2,149.0,327.5,92.9,43.0,49.9,279.2,92.9,204.2,54.03483245227826,96.42704312662894,254.00611079,651.5873505859374,16.290571877821428,257.2778342230694
39.050964,-7.0370483,212.0,2019-06-17 20:00:00,24.6,31,6.4,20.7,0.0,0.0,0.0,0.0,1,1012.7,988.4,29,0,36,24,0.22,2.13,20.4,32.6,261,264,38.2,27.8,24.2,20.5,17.0,0.146,0.178,0.201,0.254,0,0.0,24.0,5.0,19.0,44.2,24.0,91.3,0.0,0.0,0.0,0.0,0.0,0.0,62.31739821971595,93.80815566615955,258.674606768,659.4193505859374,20.531169252170923,261.1963477872545
39.050964,-7.0370483,212.0,2019-06-17 21:00:00,21.0,42,7.5,17.9,0.0,0.0,0.0,0.0,0,1013.6,989.0,8,0,13,0,0.13,1.45,16.6,29.0,274,276,41.8,26.1,24.3,20.5,17.0,0.146,0.178,0.201,0.254,0,0.0,0.0,0.0,0.0,0.0,0.0,0.0,0.0,0.0,0.0,0.0,0.0,0.0,44.05966837178138,91.20469306289307,262.049150356,666.6033505859374,11.753722492539584,264.32530148282996
39.050964,-7.0370483,212.0,2019-06-17 22:00:00,20.0,42,6.7,17.1,0.0,0.0,0.0,0.0,0,1014.2,989.5,8,0,14,0,0.11,1.36,14.4,26.7,267,273,32.8,24.6,24.3,20.5,17.1,0.146,0.178,0.201,0.254,0,0.0,0.0,0.0,0.0,0.0,0.0,0.0,0.0,0.0,0.0,0.0,0.0,0.0,38.63911091126285,90.54761421068788,265.270999664,673.6073505859374,9.579381882319764,267.34069480950626
39.050964,-7.0370483,212.0,2019-06-17 23:00:00,18.8,45,6.5,16.0,0.0,0.0,0.0,0.0,0,1014.0,989.2,5,0,8,0,0.09,1.2,13.0,24.2,268,273,28.4,23.4,24.2,20.5,17.1,0.146,0.178,0.201,0.254,0,0.0,0.0,0.0,0.0,0.0,0.0,0.0,0.0,0.0,0.0,0.0,0.0,0.0,34.554096410970715,89.84571373448557,268.152446034,680.3953505859374,8.07367118393962,270.14044465033885
39.050964,-7.0370483,212.0,2019-06-18 00:00:00,17.9,48,6.7,15.3,0.0,0.0,0.0,0.0,0,1014.4,989.5,8,0,13,0,0.08,1.07,12.0,22.4,261,265,25.6,22.8,24.1,20.6,17.1,0.144,0.179,0.201,0.254,0,0.0,0.0,0.0,0.0,0.0,0.0,0.0,0.0,0.0,0.0,0.0,0.0,0.0,31.347383431968744,89.1744469307789,270.753514114,687.0213505859374,6.972124460885102,272.7659571773779
39.050964,-7.0370483,212.0,2019-06-18 01:00:00,16.7,51,6.6,14.1,0.0,0.0,0.0,0.0,0,1014.5,989.5,0,0,0,0,0.07,0.93,11.9,21.6,265,267,24.1,21.7,23.9,20.6,17.1,0.144,0.179,0.201,0.254,0,0.0,0.0,0.0,0.0,0.0,0.0,0.0,0.0,0.0,0.0,0.0,0.0,0.0,29.214851294669383,88.47953261525335,273.049720166,693.4313505859374,6.278470131346665,275.19415525686856
39.050964,-7.0370483,212.0,2019-06-18 02:00:00,15.3,61,7.8,13.3,0.0,0.0,0.0,0.0,0,1014.5,989.4,1,0,1,0,0.04,0.68,10.1,18.4,268,268,23.8,20.7,23.7,20.6,17.1,0.144,0.179,0.201,0.254,0,0.0,0.0,0.0,0.0,0.0,0.0,0.0,0.0,0.0,0.0,0.0,0.0,0.0,23.458552598929803,86.89155835444812,274.73356950199997,699.5893505859374,4.569342328817501,277.2611842706217
39.050964,-7.0370483,212.0,2019-06-18 03:00:00,14.3,71,9.1,12.9,0.0,0.0,0.0,0.0,0,1014.5,989.3,0,0,0,0,0.02,0.47,8.3,15.9,268,267,19.1,19.7,23.5,20.6,17.1,0.144,0.179,0.201,0.254,0,0.0,0.0,0.0,0.0,0.0,0.0,0.0,0.0,0.0,0.0,0.0,0.0,0.0,18.266534552821472,85.05855730127976,275.909315458,705.5673505859373,3.227428827744574,279.0323727931803
39.050964,-7.0370483,212.0,2019-06-18 04:00:00,13.7,78,9.9,13.0,0.0,0.0,0.0,0.0,0,1014.6,989.4,0,0,0,0,0.0,0.35,5.0,10.8,240,249,15.5,18.8,23.3,20.6,17.1,0.144,0.178,0.201,0.254,0,0.0,0.0,0.0,0.0,0.0,0.0,0.0,0.0,0.0,0.0,0.0,0.0,0.0,13.72592442005468,83.4873729599145,276.766509554,711.4373505859373,2.212549019518769,280.6164160686827
39.050964,-7.0370483,212.0,2019-06-18 05:00:00,13.4,80,10.0,12.9,0.0,0.0,0.0,0.0,0,1015.0,989.7,0,0,0,0,0.0,0.31,3.7,8.7,209,222,9.4,18.0,23.0,20.6,17.1,0.144,0.178,0.201,0.254,0,0.0,0.0,0.0,0.0,0.0,0.0,0.0,0.0,0.0,0.0,0.0,0.0,0.0,12.00139931447289,82.67318630086999,277.529980954,717.2533505859374,1.8666224382340328,282.1378633746985
39.050964,-7.0370483,212.0,2019-06-18 06:00:00,14.1,76,10.0,13.5,0.0,0.0,0.0,0.0,0,1015.3,990.1,2,0,3,0,0.02,0.38,4.0,7.9,180,204,10.1,17.7,22.7,20.6,17.1,0.144,0.178,0.201,0.254,1,1232.89,37.0,17.0,20.0,146.7,37.0,94.8,82.5,37.9,44.6,237.7,50.9,211.4,12.207635474174433,82.72012482743214,278.490375322,723.1953505859374,1.9062958830662036,283.7817724618868
39.050964,-7.0370483,212.0,2019-06-18 07:00:00,15.8,73,10.9,15.3,0.0,0.0,0.0,0.0,0,1015.4,990.3,8,7,2,0,0.09,0.49,5.0,6.9,180,189,15.5,18.4,22.4,20.6,17.1,0.144,0.178,0.201,0.254,1,3600.0,180.0,116.0,64.0,459.3,180.0,334.6,246.3,158.7,87.6,459.3,246.3,457.9,12.769639676880281,82.76707885076506,279.69165807999997,729.4433505859374,2.0167405801585443,285.6067024494331
39.050964,-7.0370483,212.0,2019-06-18 08:00:00,17.9,68,11.8,17.5,0.0,0.0,0.0,0.0,1,1015.3,990.4,21,12,17,0,0.2,0.67,6.8,9.4,180,184,20.9,19.6,22.2,20.6,17.1,0.144,0.178,0.201,0.254,1,3600.0,356.0,261.0,95.0,598.1,356.0,578.2,428.4,314.1,114.3,598.1,428.4,695.8,14.774175510366396,83.51328285773654,281.29231536,736.0693505859374,2.430837833599627,287.7101811964361
39.050964,-7.0370483,212.0,2019-06-18 09:00:00,20.2,62,12.6,19.6,0.0,0.0,0.0,0.0,2,1015.2,990.5,52,32,39,0,0.3,0.91,10.0,13.6,195,197,26.6,21.1,22.1,20.6,17.1,0.144,0.178,0.201,0.254,1,3600.0,490.0,359.0,131.0,590.9,490.0,805.0,553.2,405.3,147.9,590.9,553.2,908.9,19.073872773014482,84.85228574662193,283.423190364,743.1093505859374,3.41790151494881,290.1689926999621
39.050964,-7.0370483,212.0,2019-06-18 10:00:00,23.1,51,12.4,21.9,0.0,0.0,0.0,0.0,3,1014.8,990.3,100,93,41,0,0.42,1.39,15.6,20.9,209,209,37.4,22.7,22.1,20.6,17.1,0.144,0.178,0.201,0.254,1,3600.0,611.0,418.0,193.0,554.1,611.0,999.5,661.8,452.7,209.0,554.1,661.8,1082.6,29.411149342424242,87.2277454672933,286.544998592,750.6713505859374,6.324167902121584,293.24629629630385
39.050964,-7.0370483,212.0,2019-06-18 11:00:00,24.1,50,13.1,22.6,0.0,0.0,0.0,0.0,3,1014.5,990.1,100,98,34,0,0.43,1.49,18.2,25.2,218,217,42.8,24.0,22.1,20.6,17.1,0.144,0.178,0.201,0.254,1,3600.0,586.0,234.0,352.0,270.0,586.0,1148.5,614.9,245.5,369.4,270.0,614.9,1205.1,34.411901209886985,87.94860233666647,289.862150192,758.4133505859373,7.992057166622966,296.46006374674914
39.050964,-7.0370483,212.0,2019-06-18 12:00:00,24.0,47,12.1,22.1,0.0,0.0,0.0,0.0,3,1015.0,990.6,90,67,50,0,0.4,1.58,17.8,24.9,212,211,42.8,24.8,22.1,20.6,17.1,0.144,0.178,0.201,0.254,1,2681.3,482.0,140.0,342.0,149.4,482.0,1241.8,492.2,143.0,349.2,149.4,492.2,1268.2,55.6318359375,90.208984375,209.328125,597.7694091796875,17.4130859375,222.8125
39.050964,-7.0370483,212.0,2019-06-18 13:00:00,24.5,47,12.5,22.6,0.0,0.0,0.0,0.0,3,1014.5,990.2,100,78,63,0,0.39,1.63,18.8,26.0,216,217,42.1,25.2,22.3,20.6,17.1,0.144,0.178,0.201,0.254,1,3600.0,457.0,214.0,243.0,222.7,457.0,1273.1,454.9,213.0,241.9,222.7,454.9,1267.4,42.84420219998364,90.21593446068687,212.900118088,605.5834091796875,11.40323671589111,226.62148049922806
39.050964,-7.0370483,212.0,2019-06-18 14:00:00,24.8,47,12.6,22.6,0.0,0.0,0.0,0.0,3,1014.3,990.0,100,84,73,0,0.44,1.67,20.6,29.2,213,213,47.2,25.8,22.4,20.6,17.1,0.144,0.178,0.201,0.254,1,3600.0,535.0,228.0,307.0,243.6,535.0,1240.3,518.8,221.1,297.7,243.6,518.8,1202.8,45.629047324840634,90.26024935443041,216.51397047,613.4514091796875,12.565323897910561,230.04524275424944
39.050964,-7.0370483,212.0,2019-06-18 15:00:00,25.1,46,12.8,23.0,0.0,0.0,0.0,0.0,3,1014.0,989.7,100,62,96,0,0.42,1.71,20.5,29.0,214,215,48.2,26.1,22.5,20.6,17.1,0.144,0.178,0.201,0.254,1,3600.0,501.0,168.0,333.0,194.3,501.0,1145.5,471.9,158.2,313.6,194.3,471.9,1078.9,45.73599957158722,90.30969275248019,220.238657838,621.3734091796875,12.590921353611908,233.53915095899953
39.050964,-7.0370483,212.0,2019-06-18 16:00:00,25.4,45,12.4,23.1,0.0,0.0,0.0,0.0,3,1013.9,989.7,99,55,83,0,0.37,1.8,20.7,29.6,220,221,46.4,26.2,22.7,20.6,17.1,0.144,0.178,0.201,0.254,1,3392.04,373.0,130.0,243.0,173.1,373.0,995.3,338.8,118.1,220.7,173.1,338.8,904.0,46.281637844981624,90.35915247428491,224.075759788,629.3494091796875,12.808752887302573,237.10356653962276
39.050964,-7.0370483,212.0,2019-06-18 17:00:00,25.2,45,12.4,23.3,0.0,0.0,0.0,0.0,2,1013.7,989.4,56,25,56,0,0.3,1.77,18.3,26.5,227,227,45.7,26.0,22.8,20.6,17.1,0.144,0.178,0.201,0.254,1,3468.03,266.0,106.0,160.0,175.6,266.0,799.8,229.5,91.5,138.1,175.6,229.5,690.2,43.085317714067834,90.40862852523388,227.883902478,637.2894091796876,11.430304157102725,240.64307869953362
39.050964,-7.0370483,212.0,2019-06-18 18:00:00,25.2,44,12.2,23.4,0.0,0.0,0.0,0.0,1,1013.6,989.3,39,22,31,2,0.28,1.79,17.0,24.3,234,235,40.7,25.9,22.9,20.6,17.1,0.144,0.178,0.201,0.254,1,3600.0,255.0,124.0,131.0,287.0,255.0,572.5,201.3,97.9,103.4,287.0,201.3,451.9,41.53569842488535,90.45812091071814,231.76128412600002,645.2294091796877,10.781556808223637,244.21886865801127
39.050964,-7.0370483,212.0,2019-06-18 19:00:00,24.5,45,11.8,22.9,0.0,0.0,0.0,0.0,1,1013.6,989.3,30,13,20,22,0.19,1.7,14.9,22.9,255,254,37.1,25.5,23.0,20.6,17.1,0.144,0.178,0.201,0.254,1,3600.0,143.0,76.0,67.0,306.4,143.0,328.7,89.4,47.5,41.9,306.4,89.4,205.4,38.99811677145547,90.50762963613057,235.468069406,653.0434091796876,9.767830249168206,247.67526576322027
39.050964,-7.0370483,212.0,2019-06-18 20:00:00,22.2,52,11.9,20.8,0.0,0.0,0.0,0.0,1,1014.1,989.6,34,18,16,29,0.11,1.28,13.6,23.7,282,280,31.7,24.6,23.1,20.6,17.1,0.144,0.178,0.201,0.254,0,615.13,31.0,12.0,19.0,105.5,31.0,91.9,0.0,0.0,0.0,0.0,0.0,0.0,33.21254682878471,89.25272009032638,238.41243635,660.4434091796876,7.642916648991459,250.63448919492748
39.050964,-7.0370483,212.0,2019-06-18 21:00:00,20.6,58,12.1,19.3,0.0,0.0,0.0,0.0,0,1015.0,990.3,9,1,1,26,0.07,1.01,13.4,23.2,284,282,27.7,23.6,23.1,20.6,17.1,0.144,0.178,0.201,0.254,0,0.0,0.0,0.0,0.0,0.0,0.0,0.0,0.0,0.0,0.0,0.0,0.0,0.0,29.192944098401323,87.97989324313475,240.81184267400002,667.5554091796876,6.3032117167745065,253.24061982894406
39.050964,-7.0370483,212.0,2019-06-18 22:00:00,19.1,64,12.2,18.0,0.0,0.0,0.0,0.0,0,1015.4,990.6,20,1,1,60,0.05,0.8,12.0,22.1,277,276,26.6,22.6,23.0,20.6,17.1,0.144,0.178,0.201,0.254,0,0.0,0.0,0.0,0.0,0.0,0.0,0.0,0.0,0.0,0.0,0.0,0.0,0.0,24.592981144477427,86.72483915627323,242.726313026,674.3974091796875,4.910792232354171,255.5296771828622
39.050964,-7.0370483,212.0,2019-06-18 23:00:00,18.1,70,12.5,17.4,0.0,0.0,0.0,0.0,0,1015.6,990.7,2,1,1,0,0.03,0.63,10.5,19.8,264,268,23.8,21.7,23.0,20.6,17.1,0.144,0.178,0.201,0.254,0,0.0,0.0,0.0,0.0,0.0,0.0,0.0,0.0,0.0,0.0,0.0,0.0,0.0,20.62412146586932,85.49389847296658,244.242725186,681.0594091796876,3.8297012896371423,257.5646916514021
39.050964,-7.0370483,212.0,2019-06-19 00:00:00,17.3,75,12.8,16.9,0.0,0.0,0.0,0.0,0,1016.1,991.1,3,2,2,0,0.02,0.5,9.0,18.3,241,250,20.5,21.8,23.0,20.7,17.1,0.143,0.177,0.201,0.254,0,0.0,0.0,0.0,0.0,0.0,0.0,0.0,0.0,0.0,0.0,0.0,0.0,0.0,17.433524849798385,84.36688974934052,245.453748786,687.5774091796876,3.0423455768936982,259.4019745429182
39.050964,-7.0370483,212.0,2019-06-19 01:00:00,16.9,79,13.3,16.7,0.0,0.0,0.0,0.0,0,1016.1,991.1,2,2,1,0,0.01,0.4,8.4,16.7,239,245,18.4,20.9,22.9,20.7,17.1,0.143,0.177,0.201,0.254,0,0.0,0.0,0.0,0.0,0.0,0.0,0.0,0.0,0.0,0.0,0.0,0.0,0.0,15.435206796675164,83.3713949745216,246.448894266,694.0234091796876,2.5866087798233526,261.10272924248807
39.050964,-7.0370483,212.0,2019-06-19 02:00:00,16.4,84,13.7,16.6,0.0,0.0,0.0,0.0,0,1015.9,990.9,9,8,3,0,0.0,0.29,6.9,14.3,231,242,15.5,20.1,22.7,20.7,17.1,0.143,0.177,0.201,0.254,0,0.0,0.0,0.0,0.0,0.0,0.0,0.0,0.0,0.0,0.0,0.0,0.0,0.0,12.813717168503182,82.0646190384585,247.186039066,700.3794091796876,2.0340859686044785,262.63850017908527
39.050964,-7.0370483,212.0,2019-06-19 03:00:00,16.2,87,14.1,16.8,0.0,0.0,0.0,0.0,1,1016.0,990.9,46,49,4,0,0.0,0.23,4.8,11.4,222,242,12.2,19.5,22.6,20.7,17.1,0.143,0.177,0.201,0.254,0,0.0,0.0,0.0,0.0,0.0,0.0,0.0,0.0,0.0,0.0,0.0,0.0,0.0,10.646813662529631,81.00968609076088,247.7781243,706.6994091796877,1.6164261091457348,264.0807619544649
39.050964,-7.0370483,212.0,2019-06-19 04:00:00,16.5,88,14.5,17.3,0.0,0.0,0.0,0.0,3,1016.0,991.0,90,97,5,0,0.0,0.23,4.1,8.3,195,236,10.4,19.2,22.4,20.7,17.1,0.143,0.177,0.201,0.254,0,0.0,0.0,0.0,0.0,0.0,0.0,0.0,0.0,0.0,0.0,0.0,0.0,0.0,9.870412041306054,80.5044035740615,248.334142092,713.0734091796877,1.4752735751742938,265.5061246195817
39.050964,-7.0370483,212.0,2019-06-19 05:00:00,16.9,87,14.7,17.8,0.0,0.0,0.0,0.0,3,1016.1,991.1,93,100,5,0,0.0,0.25,4.0,6.9,170,208,9.7,19.2,22.2,20.7,17.1,0.143,0.177,0.201,0.254,0,0.0,0.0,0.0,0.0,0.0,0.0,0.0,0.0,0.0,0.0,0.0,0.0,0.0,9.87303363740742,80.55062607625733,248.950184532,719.5194091796877,1.4752712998941038,266.97246353077213
39.050964,-7.0370483,212.0,2019-06-19 06:00:00,17.2,86,14.7,18.0,0.0,0.0,0.0,0.0,3,1016.2,991.2,94,100,7,0,0.02,0.28,4.7,6.8,171,183,11.5,19.2,22.0,20.7,17.1,0.143,0.177,0.201,0.254,1,0.0,14.0,0.0,14.0,0.0,14.0,94.4,31.2,0.0,31.2,0.0,19.2,210.7,10.214132725553945,80.59686383882824,249.624672024,726.0194091796877,1.535987322881071,268.476254269439
39.050964,-7.0370483,212.0,2019-06-19 07:00:00,18.3,79,14.7,18.9,0.0,0.0,0.0,0.0,3,1016.3,991.4,95,100,8,0,0.06,0.44,6.6,9.4,221,220,15.8,19.5,21.9,20.7,17.1,0.144,0.177,0.201,0.254,1,0.0,57.0,1.0,56.0,4.0,57.0,333.9,78.0,1.4,76.7,4.0,78.0,457.1,11.695495100857638,81.2128845675644,250.697217708,732.7174091796877,1.8114102669791037,270.2398813903564
39.050964,-7.0370483,212.0,2019-06-19 08:00:00,19.8,71,14.3,20.2,0.2,0.2,0.0,0.0,51,1016.2,991.4,99,100,9,11,0.11,0.67,6.4,8.9,218,220,18.4,20.1,21.7,20.7,17.1,0.145,0.177,0.201,0.254,1,0.0,137.0,14.0,123.0,32.1,137.0,577.5,164.9,16.8,148.0,32.1,164.9,695.0,13.452994083701062,82.74991910221074,252.292872934,739.6854091796877,2.159463049057082,272.35108204214066
39.050964,-7.0370483,212.0,2019-06-19 09:00:00,20.3,70,14.6,20.7,0.3,0.3,0.0,0.0,51,1016.3,991.6,100,100,14,20,0.15,0.73,7.6,10.5,205,207,19.4,20.5,21.7,20.7,17.1,0.147,0.177,0.201,0.254,1,0.0,188.0,18.0,170.0,29.7,188.0,804.3,212.3,20.3,192.0,29.7,212.3,908.2,15.257198741621135,83.54198880815893,253.983040654,746.7434091796877,2.540362139314203,274.5314075437529
39.050964,-7.0370483,212.0,2019-06-19 10:00:00,21.1,65,14.2,21.1,0.2,0.2,0.0,0.0,51,1016.5,991.8,100,98,41,0,0.2,0.88,9.3,12.6,208,211,23.0,21.1,21.6,20.7,17.1,0.148,0.177,0.201,0.254,1,30.31,255.0,46.0,209.0,61.0,255.0,998.9,276.2,49.8,226.4,61.0,276.2,1082.0,15.696986568191617,83.16704386266517,256.028617474,753.9454091796877,2.6359284484963137,276.9429745692361
39.050964,-7.0370483,212.0,2019-06-19 11:00:00,22.8,56,13.7,22.6,0.1,0.1,0.0,0.0,51,1016.6,992.1,100,99,93,0,0.34,1.21,9.8,13.4,216,216,27.0,22.4,21.6,20.7,17.1,0.149,0.177,0.201,0.254,1,1938.98,470.0,108.0,362.0,124.6,470.0,1148.0,493.2,113.3,379.9,124.6,493.2,1204.7,17.9116592495953,84.30786996826832,258.79712273,761.4534091796877,3.1423814852561227,279.8288626848023
39.050964,-7.0370483,212.0,2019-06-19 12:00:00,23.5,52,13.1,22.9,0.0,0.0,0.0,0.0,3,1016.8,992.3,100,68,99,0,0.28,1.39,10.9,14.5,224,224,26.6,23.5,21.7,20.7,17.2,0.163,0.183,0.202,0.254,1,0.0,329.0,50.0,279.0,53.4,329.0,1241.5,336.0,51.1,284.9,53.4,336.0,1267.9,21.3193359375,84.0859375,184.5390625,605.4107055664062,4.126220703125,207.875
39.050964,-7.0370483,212.0,2019-06-19 13:00:00,24.4,49,12.9,23.7,0.0,0.0,0.0,0.0,3,1016.4,992.0,100,95,92,0,0.39,1.57,11.2,15.3,220,219,29.2,24.5,21.8,20.7,17.2,0.163,0.183,0.202,0.254,1,2133.65,511.0,126.0,385.0,131.1,511.0,1273.0,508.7,125.4,383.3,131.1,508.7,1267.4,22.35593193138671,86.1930856156184,187.96283683,613.2067055664063,4.375160067042443,212.83095496046886
39.050964,-7.0370483,212.0,2019-06-19 14:00:00,24.8,47,12.9,24.1,0.0,0.0,0.0,0.0,3,1015.8,991.5,100,80,100,0,0.39,1.65,10.8,14.6,233,232,29.5,25.3,22.0,20.7,17.2,0.163,0.182,0.202,0.254,1,3358.45,504.0,161.0,343.0,171.9,504.0,1240.4,488.8,156.2,332.7,171.9,488.8,1203.1,23.877992944567573,86.9768429991423,191.576689212,621.0747055664064,4.791146343608141,216.3302888076858
39.050964,-7.0370483,212.0,2019-06-19 15:00:00,24.5,49,13.1,23.8,0.0,0.0,0.0,0.0,3,1015.6,991.2,100,77,100,2,0.31,1.57,11.5,15.8,250,249,28.4,25.5,22.1,20.7,17.2,0.163,0.182,0.201,0.254,1,0.0,363.0,50.0,313.0,57.8,363.0,1145.9,341.9,47.1,294.8,57.8,341.9,1079.4,23.95441776524781,86.74530163884732,195.013890108,628.8887055664063,4.802533779102701,219.70522927059693
39.050964,-7.0370483,212.0,2019-06-19 16:00:00,24.5,50,13.5,24.2,0.0,0.0,0.0,0.0,3,1015.1,990.8,100,54,88,31,0.24,1.52,9.4,13.0,247,251,28.4,25.4,22.3,20.7,17.2,0.163,0.182,0.201,0.254,1,0.0,260.0,35.0,225.0,46.6,260.0,995.9,236.2,31.8,204.4,46.6,236.2,904.8,21.542936606803497,86.42067003754252,198.383694908,636.7027055664063,4.126172900265801,223.034659347476
39.050964,-7.0370483,212.0,2019-06-19 17:00:00,24.7,50,13.7,24.3,0.0,0.0,0.0,0.0,3,1014.8,990.5,100,84,66,75,0.26,1.54,10.4,14.1,256,255,25.6,25.6,22.4,20.7,17.2,0.163,0.182,0.201,0.254,1,2617.73,307.0,89.0,218.0,147.3,307.0,800.7,265.0,76.8,188.2,147.3,265.0,691.1,22.468600773041548,86.46886576904028,201.779826308,644.5527055664063,4.369084714586067,226.38377002383226
39.050964,-7.0370483,212.0,2019-06-19 18:00:00,24.2,52,13.8,23.9,0.0,0.0,0.0,0.0,3,1014.5,990.1,100,88,69,77,0.19,1.44,10.1,14.1,266,267,25.2,25.3,22.5,20.7,17.2,0.163,0.182,0.201,0.254,1,972.1,185.0,40.0,145.0,92.4,185.0,573.5,146.1,31.6,114.5,92.4,146.1,453.0,21.263942299423373,86.01611230993092,204.976928612,652.3127055664063,4.037490124431239,229.59171975399215
39.050964,-7.0370483,212.0,2019-06-19 19:00:00,23.5,55,13.9,23.5,0.0,0.0,0.0,0.0,3,1014.5,990.1,100,75,39,95,0.12,1.31,8.6,13.3,268,270,23.4,24.8,22.6,20.7,17.2,0.163,0.182,0.201,0.254,1,1333.12,97.0,26.0,71.0,104.4,97.0,329.8,60.8,16.3,44.5,104.4,60.8,206.6,18.524256215091423,85.1838888481687,207.891283232,659.9467055664063,3.333702817625948,232.6016530449919
39.050964,-7.0370483,212.0,2019-06-19 20:00:00,22.3,59,13.9,22.4,0.0,0.0,0.0,0.0,3,1014.4,989.9,87,39,40,92,0.06,1.1,7.9,16.8,254,260,19.1,24.0,22.7,20.7,17.2,0.163,0.182,0.201,0.254,0,0.0,25.0,5.0,20.0,43.8,25.0,92.5,0.0,0.0,0.0,0.0,0.0,0.0,16.072967164848414,84.03234515042568,210.417057236,667.3647055664063,2.7518853830091974,235.33442727087234
39.050964,-7.0370483,212.0,2019-06-19 21:00:00,21.7,58,13.2,21.2,0.0,0.0,0.0,0.0,1,1014.7,990.1,34,6,3,89,0.05,1.08,10.1,21.2,266,269,19.8,23.3,22.7,20.7,17.2,0.162,0.182,0.201,0.254,0,0.0,0.0,0.0,0.0,0.0,0.0,0.0,0.0,0.0,0.0,0.0,0.0,0.0,17.315335076253945,83.93706728321774,212.938092452,674.6747055664063,3.0357167765581514,238.04734364559238
39.050964,-7.0370483,212.0,2019-06-19 22:00:00,20.3,63,13.1,19.7,0.0,0.0,0.0,0.0,0,1015.0,990.3,16,0,1,51,0.05,0.88,10.9,21.7,287,297,22.3,22.5,22.7,20.7,17.2,0.162,0.182,0.201,0.254,0,0.0,0.0,0.0,0.0,0.0,0.0,0.0,0.0,0.0,0.0,0.0,0.0,0.0,16.05880632091093,82.84776260940518,215.02263264,681.7327055664063,2.742877026600878,240.44820642744256
39.050964,-7.0370483,212.0,2019-06-19 23:00:00,19.1,71,13.7,18.7,0.0,0.0,0.0,0.0,0,1015.2,990.4,16,1,0,50,0.03,0.64,10.5,20.5,292,304,21.2,21.7,22.6,20.7,17.2,0.162,0.182,0.201,0.254,0,0.0,0.0,0.0,0.0,0.0,0.0,0.0,0.0,0.0,0.0,0.0,0.0,0.0,13.23518859522907,80.91823205116788,216.56484486800002,688.5747055664062,2.132127273039304,242.47589021393097
39.050964,-7.0370483,212.0,2019-06-20 00:00:00,18.1,76,13.8,17.8,0.0,0.0,0.0,0.0,0,1015.7,990.8,8,7,2,0,0.02,0.5,10.8,20.3,300,307,20.5,21.3,22.5,20.7,17.2,0.158,0.183,0.202,0.254,0,0.0,0.0,0.0,0.0,0.0,0.0,0.0,0.0,0.0,0.0,0.0,0.0,0.0,11.558237346671655,79.13611551323042,217.77797459600004,695.2367055664063,1.7976970265640628,244.26794181107746
39.050964,-7.0370483,212.0,2019-06-20 01:00:00,17.4,80,13.8,17.4,0.0,0.0,0.0,0.0,1,1015.6,990.7,20,22,1,0,0.01,0.4,8.2,16.1,299,310,20.5,20.6,22.4,20.7,17.2,0.158,0.183,0.202,0.254,0,0.0,0.0,0.0,0.0,0.0,0.0,0.0,0.0,0.0,0.0,0.0,0.0,0.0,9.026779524084867,77.19006230391194,218.75205879600003,701.7727055664062,1.335027077419807,245.8877562890214
39.050964,-7.0370483,212.0,2019-06-20 02:00:00,16.9,81,13.7,17.0,0.0,0.0,0.0,0.0,2,1015.3,990.3,52,37,1,62,0.01,0.36,7.9,14.4,286,302,15.5,20.0,22.3,20.7,17.2,0.158,0.183,0.202,0.254,0,0.0,0.0,0.0,0.0,0.0,0.0,0.0,0.0,0.0,0.0,0.0,0.0,0.0,8.261696719432704,75.92707951163099,219.65242851600001,708.2187055664062,1.2047574166459396,247.4442059981927
39.050964,-7.0370483,212.0,2019-06-20 03:00:00,16.5,83,13.6,16.4,0.0,0.0,0.0,0.0,2,1015.2,990.2,78,59,0,84,0.0,0.32,8.0,14.9,280,290,15.1,19.5,22.1,20.7,17.2,0.158,0.183,0.202,0.254,0,0.0,0.0,0.0,0.0,0.0,0.0,0.0,0.0,0.0,0.0,0.0,0.0,0.0,7.80825857411204,74.72938117540974,220.44012038800003,714.5927055664063,1.12963734881659,248.914865184434
39.050964,-7.0370483,212.0,2019-06-20 04:00:00,16.4,83,13.4,16.2,0.0,0.0,0.0,0.0,2,1015.3,990.3,80,67,0,64,0.01,0.32,8.9,16.6,284,288,17.3,19.2,22.0,20.7,17.2,0.158,0.183,0.202,0.254,0,0.0,0.0,0.0,0.0,0.0,0.0,0.0,0.0,0.0,0.0,0.0,0.0,0.0,7.948298077260983,74.22369233186262,221.22333673800003,720.9487055664063,1.151948774680506,250.37644585468155
39.050964,-7.0370483,212.0,2019-06-20 05:00:00,15.8,85,13.3,15.5,0.0,0.0,0.0,0.0,3,1015.4,990.3,100,93,0,76,0.0,0.27,9.2,17.3,281,287,18.0,18.9,21.8,20.7,17.2,0.158,0.183,0.202,0.254,0,0.0,0.0,0.0,0.0,0.0,0.0,0.0,0.0,0.0,0.0,0.0,0.0,0.0,7.756336120172844,73.2872201717864,221.89071604800003,727.1967055664063,1.1202201842352804,251.74388058076315
39.050964,-7.0370483,212.0,2019-06-20 06:00:00,16.3,82,13.3,16.0,0.0,0.0,0.0,0.0,3,1015.3,990.3,89,89,0,29,0.03,0.33,9.7,15.4,285,286,21.2,18.9,21.6,20.7,17.2,0.158,0.183,0.202,0.254,1,0.0,21.0,2.0,19.0,17.3,21.0,94.1,46.9,4.5,42.4,28.2,28.8,209.9,8.126136574116002,73.88754085351495,222.71526516000003,733.5347055664063,1.1801612664351877,253.22247701996469
39.050964,-7.0370483,212.0,2019-06-20 07:00:00,17.5,76,13.1,17.2,0.0,0.0,0.0,0.0,1,1015.4,990.5,23,26,0,0,0.09,0.49,8.5,12.2,282,284,22.3,19.3,21.5,20.7,17.2,0.158,0.183,0.202,0.254,1,3600.0,149.0,63.0,86.0,250.5,149.0,333.1,204.1,86.3,117.8,250.5,204.1,456.3,8.483008779665541,75.89090783315058,223.89048458400003,740.0887055664062,1.2389078404533682,254.95755857838301
39.050964,-7.0370483,212.0,2019-06-20 08:00:00,19.4,64,12.3,19.0,0.0,0.0,0.0,0.0,0,1015.2,990.4,15,7,0,29,0.21,0.82,8.0,10.5,275,278,22.0,20.3,21.4,20.7,17.2,0.158,0.183,0.202,0.254,1,3600.0,344.0,232.0,112.0,532.9,344.0,576.6,414.1,279.3,134.8,532.9,414.1,694.2,10.799275773088512,79.68310595670513,225.83338766400004,746.9847055664062,1.6473726485011198,257.2402866155956
39.050964,-7.0370483,212.0,2019-06-20 09:00:00,21.3,54,11.6,20.4,0.0,0.0,0.0,0.0,0,1015.3,990.7,18,9,8,18,0.33,1.16,9.4,12.3,266,267,25.6,21.7,21.4,20.7,17.2,0.158,0.183,0.202,0.254,1,3600.0,520.0,374.0,146.0,616.6,520.0,803.5,587.3,422.4,164.9,616.6,587.3,907.4,17.970506430728687,84.51914901043027,228.54608052800003,754.2227055664061,3.168911140278732,260.07274554473923
39.050964,-7.0370483,212.0,2019-06-20 10:00:00,22.7,49,11.4,22.3,0.0,0.0,0.0,0.0,1,1015.4,990.9,28,18,1,38,0.45,1.41,10.4,13.7,256,256,28.8,23.3,21.4,20.7,17.2,0.158,0.183,0.202,0.254,1,3600.0,678.0,511.0,167.0,678.1,678.0,998.2,734.5,553.6,180.9,678.1,734.5,1081.4,24.64725480304056,87.29981674600064,231.74160323600003,761.7127055664062,4.916665599497087,263.2539034719736
39.050964,-7.0370483,212.0,2019-06-20 11:00:00,23.9,44,11.0,23.6,0.0,0.0,0.0,0.0,1,1015.3,990.9,22,24,0,0,0.5,1.65,10.8,14.2,255,254,30.2,24.7,21.5,20.7,17.2,0.157,0.183,0.202,0.254,1,3600.0,729.0,540.0,189.0,623.4,729.0,1147.5,765.1,566.7,198.4,623.4,765.1,1204.3,28.972998400808585,88.7918866368447,235.42732723600002,769.4187055664062,6.212303209954867,266.7804422595336
39.050964,-7.0370483,212.0,2019-06-20 12:00:00,24.4,39,9.4,24.7,0.0,0.0,0.0,0.0,1,1015.3,990.9,32,25,15,0,0.6,1.88,10.1,13.3,268,267,32.4,26.1,21.6,20.7,17.2,0.159,0.186,0.203,0.254,1,3600.0,877.0,707.0,170.0,754.5,877.0,1241.2,895.7,722.1,173.6,754.5,895.7,1267.7,36.340576171875,89.86438751220703,188.9296875,613.2734375,8.939984321594238,211.8203125
39.050964,-7.0370483,212.0,2019-06-20 13:00:00,26.1,31,7.5,25.5,0.0,0.0,0.0,0.0,0,1014.6,990.4,19,0,32,0,0.6,2.34,10.1,13.7,270,270,29.2,27.2,21.9,20.7,17.2,0.159,0.186,0.203,0.254,1,3600.0,822.0,518.0,304.0,539.0,822.0,1272.9,818.4,515.7,302.7,539.0,818.4,1267.4,36.83787018667812,91.69151420687929,193.870663788,621.3754375,9.077330491760627,217.83145452135312
39.050964,-7.0370483,212.0,2019-06-20 14:00:00,27.5,26,6.2,26.2,0.0,0.0,0.0,0.0,1,1013.9,989.8,33,0,55,0,0.67,2.71,14.0,19.1,271,273,35.3,28.3,22.2,20.7,17.2,0.159,0.186,0.203,0.254,1,3600.0,876.0,653.0,223.0,697.2,876.0,1240.6,849.7,633.4,216.3,697.2,849.7,1203.3,47.58407916086182,93.10363672985362,199.442425412,629.7294375,13.480399560016442,222.61954224374824
39.050964,-7.0370483,212.0,2019-06-20 15:00:00,25.8,33,8.3,23.2,0.0,0.0,0.0,0.0,0,1013.9,989.7,8,0,1,24,0.55,2.23,19.6,26.8,277,277,45.7,28.4,22.5,20.7,17.2,0.158,0.186,0.203,0.254,1,3600.0,687.0,410.0,277.0,473.8,687.0,1146.3,647.2,386.3,261.0,473.8,647.2,1079.9,56.39735386824346,93.01851153224705,204.18726853,637.7774375,17.663578068520202,226.82609346348494
39.050964,-7.0370483,212.0,2019-06-20 16:00:00,25.6,33,8.2,23.4,0.0,0.0,0.0,0.0,1,1013.8,989.6,21,0,1,68,0.55,2.2,18.1,24.6,283,282,47.2,28.4,22.7,20.7,17.2,0.158,0.186,0.203,0.254,1,3600.0,722.0,597.0,125.0,793.5,722.0,996.5,656.1,542.5,113.6,793.5,656.1,905.5,53.6949959778966,92.97601976846025,208.896834004,645.7894375000001,16.2804963323142,230.99268526088792
39.050964,-7.0370483,212.0,2019-06-20 17:00:00,24.7,37,8.8,21.6,0.0,0.0,0.0,0.0,0,1013.7,989.4,14,0,0,46,0.43,1.97,18.5,26.3,294,293,42.8,27.9,23.0,20.7,17.2,0.158,0.185,0.203,0.254,1,3600.0,523.0,368.0,155.0,608.2,523.0,801.5,451.6,317.7,133.8,608.2,451.6,692.0,50.93952952344999,92.21819014297796,213.175959568,653.6394375000001,14.932725526502686,234.86034186462453
39.050964,-7.0370483,212.0,2019-06-20 18:00:00,24.0,38,8.6,21.1,0.0,0.0,0.0,0.0,1,1013.7,989.3,26,0,0,87,0.32,1.86,17.2,24.5,290,290,42.8,27.1,23.2,20.7,17.2,0.158,0.185,0.203,0.254,1,3600.0,361.0,258.0,103.0,594.9,361.0,574.4,285.3,203.9,81.4,594.9,285.3,454.0,47.309007660557484,91.83754920105707,217.27290506,661.3634375000001,13.253205826613012,238.59012629939818
39.050964,-7.0370483,212.0,2019-06-20 19:00:00,22.0,47,10.2,19.4,0.0,0.0,0.0,0.0,0,1014.1,989.6,15,0,0,50,0.2,1.4,18.5,27.9,294,295,40.3,26.0,23.3,20.7,17.2,0.158,0.185,0.203,0.254,1,3600.0,167.0,84.0,83.0,336.3,167.0,330.8,104.8,52.7,52.1,336.3,104.8,207.6,42.38456476984735,90.15635324112391,220.496070698,668.7274375000002,11.136765308030071,241.73063385448268
39.050964,-7.0370483,212.0,2019-06-20 20:00:00,20.5,54,10.7,18.5,0.0,0.0,0.0,0.0,1,1014.7,990.0,24,0,0,80,0.1,1.12,15.2,26.3,292,295,38.9,24.6,23.3,20.7,17.2,0.158,0.185,0.203,0.254,0,617.12,34.0,12.0,22.0,104.8,34.0,93.0,0.0,0.0,0.0,0.0,0.0,0.0,33.165766998659066,88.6906197569894,223.11188167400002,675.8214375000002,7.642390252086941,244.4611754984177
39.050964,-7.0370483,212.0,2019-06-20 21:00:00,19.2,62,11.6,17.0,0.0,0.0,0.0,0.0,1,1015.6,990.8,26,0,0,85,0.08,0.85,18.4,30.4,301,301,37.8,23.4,23.3,20.7,17.2,0.157,0.185,0.203,0.254,0,0.0,0.0,0.0,0.0,0.0,0.0,0.0,0.0,0.0,0.0,0.0,0.0,0.0,31.75834406086476,87.10486091138114,225.14271559800002,682.6814375000002,7.156043391302349,246.8021445790823
39.050964,-7.0370483,212.0,2019-06-20 22:00:00,17.7,71,12.4,15.9,0.0,0.0,0.0,0.0,1,1016.1,991.2,23,0,0,76,0.05,0.59,17.2,28.6,299,301,37.4,22.3,23.3,20.7,17.2,0.157,0.185,0.203,0.254,0,0.0,0.0,0.0,0.0,0.0,0.0,0.0,0.0,0.0,0.0,0.0,0.0,0.0,25.6625334761823,85.30812649972152,226.57804183000002,689.2714375000003,5.231085426463815,248.74048778561286
39.050964,-7.0370483,212.0,2019-06-20 23:00:00,16.5,78,12.6,14.9,0.0,0.0,0.0,0.0,0,1016.6,991.6,9,0,0,31,0.03,0.42,16.1,27.2,297,299,35.3,21.3,23.1,20.7,17.2,0.157,0.185,0.203,0.254,0,0.0,0.0,0.0,0.0,0.0,0.0,0.0,0.0,0.0,0.0,0.0,0.0,0.0,21.06666146718448,83.64667444632268,227.597407782,695.6454375000003,3.9525702226711337,250.39098699220148
39.050964,-7.0370483,212.0,2019-06-21 00:00:00,15.8,81,12.6,14.2,0.0,0.0,0.0,0.0,0,1016.7,991.6,0,0,0,0,0.02,0.34,15.9,27.2,295,298,32.8,20.7,23.1,20.7,17.2,0.156,0.185,0.202,0.254,0,0.0,0.0,0.0,0.0,0.0,0.0,0.0,0.0,0.0,0.0,0.0,0.0,0.0,19.06732070455628,82.65205097162226,228.442754908,701.8934375000003,3.442610923060666,251.91269380597547
39.050964,-7.0370483,212.0,2019-06-21 01:00:00,14.9,86,12.5,13.7,0.0,0.0,0.0,0.0,0,1016.6,991.4,1,1,0,0,0.01,0.25,13.4,24.1,290,297,32.4,19.8,22.9,20.7,17.3,0.156,0.185,0.202,0.254,0,0.0,0.0,0.0,0.0,0.0,0.0,0.0,0.0,0.0,0.0,0.0,0.0,0.0,15.226992192554302,81.19433802174458,229.032470748,707.9794375000004,2.5462634950745766,253.24889425742288
39.050964,-7.0370483,212.0,2019-06-21 02:00:00,14.5,88,12.5,13.4,0.0,0.0,0.0,0.0,0,1016.5,991.3,1,1,0,0,0.0,0.2,12.8,23.4,286,295,26.6,19.1,22.7,20.7,17.3,0.156,0.185,0.202,0.254,0,0.0,0.0,0.0,0.0,0.0,0.0,0.0,0.0,0.0,0.0,0.0,0.0,0.0,13.769548892376676,80.28686918611896,229.52530470000002,713.9934375000004,2.233995189225596,254.50956481501308
39.050964,-7.0370483,212.0,2019-06-21 03:00:00,14.2,89,12.4,13.2,0.0,0.0,0.0,0.0,0,1016.3,991.1,2,2,0,0,0.0,0.18,11.8,21.5,282,293,25.2,18.5,22.5,20.7,17.3,0.157,0.185,0.202,0.254,0,0.0,0.0,0.0,0.0,0.0,0.0,0.0,0.0,0.0,0.0,0.0,0.0,0.0,12.67577491857043,79.75688693799174,229.96838137800003,719.9534375000004,2.0100154183755774,255.72600376870778
39.050964,-7.0370483,212.0,2019-06-21 04:00:00,14.0,90,12.3,13.1,0.0,0.0,0.0,0.0,0,1016.4,991.1,0,0,0,0,0.0,0.16,11.1,19.9,283,292,22.7,18.1,22.2,20.7,17.3,0.157,0.185,0.202,0.254,0,0.0,0.0,0.0,0.0,0.0,0.0,0.0,0.0,0.0,0.0,0.0,0.0,0.0,11.887337093780664,79.2996953145185,230.36591303800003,725.8774375000004,1.8540825529675347,256.9033922036628
39.050964,-7.0370483,212.0,2019-06-21 05:00:00,13.7,90,12.2,12.8,0.0,0.0,0.0,0.0,0,1016.6,991.3,0,0,0,0,0.0,0.15,10.7,19.3,284,294,21.2,17.6,22.0,20.7,17.3,0.157,0.185,0.202,0.254,0,0.0,0.0,0.0,0.0,0.0,0.0,0.0,0.0,0.0,0.0,0.0,0.0,0.0,11.572077588332819,79.16000680259968,230.75554671800003,731.7474375000004,1.7927546891617634,258.0621971828529
39.050964,-7.0370483,212.0,2019-06-21 06:00:00,14.5,86,12.1,13.6,0.0,0.0,0.0,0.0,0,1016.9,991.7,0,0,0,0,0.02,0.24,10.7,19.7,284,294,21.6,17.5,21.7,20.7,17.3,0.157,0.185,0.202,0.254,1,1103.48,36.0,16.0,20.0,139.0,36.0,93.7,80.4,35.7,44.6,226.3,49.4,209.1,11.616407599658285,79.20578545173706,231.33051966200003,737.7614375000004,1.8006534315542069,259.35464934462476
39.050964,-7.0370483,212.0,2019-06-21 07:00:00,16.7,74,12.0,15.8,0.0,0.0,0.0,0.0,0,1017.2,992.2,0,0,0,0,0.1,0.5,10.2,15.0,288,294,24.5,18.1,21.5,20.7,17.3,0.157,0.185,0.202,0.254,1,3600.0,182.0,117.0,65.0,466.4,182.0,332.2,249.5,160.4,89.1,466.4,249.5,455.4,13.517270057851395,81.2377266964172,232.54891471000002,744.1714375000004,2.17791536263519,261.1098479508218
39.050964,-7.0370483,212.0,2019-06-21 08:00:00,19.3,63,12.0,18.5,0.0,0.0,0.0,0.0,0,1016.9,992.1,0,0,0,0,0.22,0.84,9.8,13.3,298,303,25.6,19.5,21.4,20.7,17.3,0.156,0.185,0.202,0.254,1,3600.0,372.0,282.0,90.0,648.7,372.0,575.7,448.0,339.6,108.4,648.7,448.0,693.3,17.150426304731475,83.89445133056475,234.53604647800003,751.0494375000004,2.9732800869268723,263.42087882188963
39.050964,-7.0370483,212.0,2019-06-21 09:00:00,22.0,53,12.0,21.4,0.0,0.0,0.0,0.0,0,1016.8,992.2,9,0,0,29,0.36,1.25,8.7,11.6,300,306,25.6,21.3,21.3,20.7,17.3,0.156,0.185,0.202,0.254,1,3600.0,564.0,461.0,103.0,760.7,564.0,802.6,637.1,520.7,116.3,760.7,637.1,906.6,21.2448454761201,86.41972895208576,237.39432544000005,758.4134375000004,3.982637652921043,266.3557158618862
39.050964,-7.0370483,212.0,2019-06-21 10:00:00,24.3,44,11.3,24.7,0.0,0.0,0.0,0.0,0,1016.2,991.8,0,0,0,0,0.49,1.7,7.4,9.9,309,314,24.8,23.4,21.4,20.7,17.3,0.156,0.185,0.202,0.254,1,3600.0,732.0,617.0,115.0,819.3,732.0,997.4,793.1,668.5,124.6,819.3,793.1,1080.7,25.38080027531996,88.63924132958284,241.13902102400004,766.1914375000005,5.120711167190128,269.90999452488063
39.050964,-7.0370483,212.0,2019-06-21 11:00:00,26.2,36,9.8,26.9,0.0,0.0,0.0,0.0,0,1015.8,991.6,6,7,0,0,0.61,2.2,7.9,10.6,321,325,24.8,25.5,21.5,20.7,17.3,0.156,0.185,0.202,0.254,1,3600.0,864.0,742.0,122.0,856.9,864.0,1146.9,906.9,778.8,128.1,856.9,906.9,1203.8,31.405685769528016,90.63423881833286,245.73880457600004,774.3114375000005,6.989801907096807,274.04631738786276
39.050964,-7.0370483,212.0,2019-06-21 12:00:00,27.2,31,8.7,27.9,0.0,0.0,0.0,0.0,0,1015.7,991.6,0,0,0,0,0.67,2.48,8.8,11.2,325,327,27.4,27.4,21.8,20.7,17.3,0.159,0.187,0.203,0.254,1,3600.0,940.0,800.0,140.0,853.9,940.0,1240.8,960.2,817.2,143.0,853.9,960.2,1267.4,42.55054473876953,91.85452270507812,194.03125,621.4173583984375,11.372261047363281,216.4296875
39.050964,-7.0370483,212.0,2019-06-21 13:00:00,28.5,28,8.1,29.1,0.0,0.0,0.0,0.0,0,1015.2,991.2,0,0,0,0,0.72,2.81,9.7,12.7,315,317,28.4,28.9,22.1,20.7,17.3,0.159,0.187,0.203,0.254,1,3600.0,977.0,846.0,131.0,880.3,977.0,1272.8,972.8,842.4,130.4,880.3,972.8,1267.4,40.61081016557054,92.87655584601094,199.641974992,629.9513583984375,10.51444132159823,222.77849882004122
39.050964,-7.0370483,212.0,2019-06-21 14:00:00,29.1,27,8.0,29.4,0.0,0.0,0.0,0.0,0,1014.7,990.7,19,0,0,62,0.72,2.96,10.5,14.1,308,310,29.9,29.9,22.4,20.7,17.3,0.158,0.187,0.203,0.254,1,3600.0,950.0,824.0,126.0,879.6,950.0,1240.7,921.6,799.4,122.2,879.6,921.6,1203.6,43.252783159998344,93.27012973980695,205.445937228,638.5933583984375,11.566899079457894,227.7303891024889
39.050964,-7.0370483,212.0,2019-06-21 15:00:00,29.6,26,7.8,29.2,0.0,0.0,0.0,0.0,0,1014.0,990.1,0,0,0,0,0.67,3.08,10.9,14.1,304,308,30.2,30.6,22.8,20.7,17.3,0.158,0.187,0.203,0.254,1,3600.0,866.0,743.0,123.0,858.2,866.0,1146.6,816.0,700.1,115.9,858.2,816.0,1080.3,45.10678290149884,93.57994506295736,211.426814216,647.3253583984375,12.323491160369992,232.77969819843455
39.050964,-7.0370483,212.0,2019-06-21 16:00:00,29.7,25,7.5,28.5,0.0,0.0,0.0,0.0,1,1013.7,989.8,22,0,0,73,0.58,3.14,11.1,14.6,306,308,29.9,30.9,23.2,20.7,17.3,0.158,0.187,0.202,0.254,1,3600.0,734.0,622.0,112.0,826.2,734.0,997.1,667.1,565.3,101.8,826.2,667.1,906.1,46.434075172806885,93.8203079332857,217.508258816,656.0753583984375,12.87136001612714,237.86687326626122
39.050964,-7.0370483,212.0,2019-06-21 17:00:00,29.4,26,7.8,26.9,0.0,0.0,0.0,0.0,1,1013.4,989.5,27,0,0,89,0.48,3.03,13.2,17.9,296,298,31.7,30.7,23.5,20.7,17.3,0.157,0.186,0.202,0.254,1,3600.0,558.0,447.0,111.0,738.0,558.0,802.2,481.9,386.1,95.9,738.0,481.9,692.8,49.914856704518954,93.87092668590489,223.450172436,664.7713583984375,14.408961670348596,242.83744397720398
39.050964,-7.0370483,212.0,2019-06-21 18:00:00,28.3,30,8.8,25.8,0.0,0.0,0.0,0.0,1,1013.6,989.6,21,0,0,69,0.34,2.7,14.8,21.1,288,290,32.8,29.8,23.8,20.7,17.3,0.157,0.186,0.202,0.254,1,3600.0,320.0,173.0,147.0,398.3,320.0,575.2,253.0,136.8,116.2,398.3,253.0,454.9,52.77464807960746,93.92156215032273,228.868186716,673.2693583984376,15.728893808711158,247.44661943788574
39.050964,-7.0370483,212.0,2019-06-21 19:00:00,26.6,36,10.1,24.4,0.0,0.0,0.0,0.0,0,1013.8,989.7,13,0,0,42,0.24,2.25,15.7,25.4,281,282,33.5,28.7,24.0,20.7,17.3,0.157,0.186,0.202,0.254,1,3600.0,178.0,109.0,69.0,435.2,178.0,331.7,111.9,68.5,43.4,435.2,111.9,208.6,49.29438374075805,92.80452623635385,233.535366364,681.4613583984376,14.08322525530843,251.5535547036207
39.050964,-7.0370483,212.0,2019-06-21 20:00:00,24.2,42,10.5,21.9,0.0,0.0,0.0,0.0,0,1014.1,989.8,1,0,0,2,0.15,1.75,16.6,30.0,292,293,34.9,27.2,24.2,20.8,17.3,0.157,0.186,0.202,0.254,0,980.92,36.0,15.0,21.0,130.5,36.0,93.4,0.0,0.0,0.0,0.0,0.0,0.0,44.62028378822253,91.36055784880848,237.398531648,689.2213583984376,12.017161568116169,255.1148082798651
39.050964,-7.0370483,212.0,2019-06-21 21:00:00,22.6,49,11.2,20.7,0.0,0.0,0.0,0.0,0,1014.6,990.1,6,0,0,21,0.11,1.41,15.5,28.9,292,293,34.2,25.9,24.2,20.8,17.3,0.157,0.186,0.202,0.254,0,0.0,0.0,0.0,0.0,0.0,0.0,0.0,0.0,0.0,0.0,0.0,0.0,0.0,37.56617271843543,89.87324745805142,240.58062779,696.6933583984376,9.1938018547463,258.23145311701404
39.050964,-7.0370483,212.0,2019-06-21 22:00:00,20.9,58,12.3,19.4,0.0,0.0,0.0,0.0,0,1015.1,990.5,5,0,0,16,0.08,1.05,15.5,28.8,288,290,31.0,24.6,24.2,20.8,17.3,0.157,0.186,0.202,0.254,0,0.0,0.0,0.0,0.0,0.0,0.0,0.0,0.0,0.0,0.0,0.0,0.0,0.0,31.78497081123674,88.10735992349157,243.01320563,703.8593583984376,7.135959694270712,260.86337329302097
39.050964,-7.0370483,212.0,2019-06-21 23:00:00,19.4,66,12.9,18.1,0.0,0.0,0.0,0.0,0,1015.1,990.3,12,0,0,40,0.06,0.76,15.1,27.3,288,291,31.0,23.5,24.2,20.8,17.3,0.157,0.186,0.202,0.254,0,0.0,0.0,0.0,0.0,0.0,0.0,0.0,0.0,0.0,0.0,0.0,0.0,0.0,26.743279094668434,86.46144134521404,244.84816965,710.7553583984376,5.530823330529107,263.10429274141455
39.050964,-7.0370483,212.0,2019-06-22 00:00:00,18.0,71,12.7,16.7,0.0,0.0,0.0,0.0,1,1015.3,990.4,28,0,0,92,0.04,0.6,15.0,27.1,287,287,29.5,22.6,24.1,20.8,17.3,0.156,0.188,0.202,0.254,0,0.0,0.0,0.0,0.0,0.0,0.0,0.0,0.0,0.0,0.0,0.0,0.0,0.0,23.66573126322662,85.23925587531336,246.306400024,717.3993583984376,4.637754669834407,265.0834755427007
39.050964,-7.0370483,212.0,2019-06-22 01:00:00,17.3,72,12.1,15.8,0.0,0.0,0.0,0.0,1,1015.1,990.2,28,0,0,94,0.04,0.56,14.4,26.3,292,292,29.2,21.7,23.9,20.8,17.3,0.156,0.188,0.202,0.254,0,0.0,0.0,0.0,0.0,0.0,0.0,0.0,0.0,0.0,0.0,0.0,0.0,0.0,22.132184269807734,84.76722609456579,247.662746456,723.9173583984376,4.216936190624596,266.9805702655691
39.050964,-7.0370483,212.0,2019-06-22 02:00:00,16.8,72,11.7,15.6,0.0,0.0,0.0,0.0,1,1014.7,989.7,27,0,0,89,0.03,0.53,11.6,21.7,292,294,28.4,21.0,23.7,20.8,17.3,0.156,0.188,0.202,0.254,0,0.0,0.0,0.0,0.0,0.0,0.0,0.0,0.0,0.0,0.0,0.0,0.0,0.0,19.706401982576697,84.6148737644001,248.982235648,730.3453583984376,3.586756088188489,268.8392855767193
39.050964,-7.0370483,212.0,2019-06-22 03:00:00,16.1,74,11.4,15.2,0.0,0.0,0.0,0.0,1,1014.8,989.8,29,0,0,96,0.02,0.48,9.4,17.3,277,287,22.3,20.4,23.5,20.8,17.3,0.156,0.188,0.202,0.254,0,0.0,0.0,0.0,0.0,0.0,0.0,0.0,0.0,0.0,0.0,0.0,0.0,0.0,17.426656300415925,84.19462868622007,250.1595612,736.6473583984376,3.033130447034183,270.5919544126046
39.050964,-7.0370483,212.0,2019-06-22 04:00:00,15.3,77,11.3,14.5,0.0,0.0,0.0,0.0,1,1014.8,989.7,25,0,0,84,0.01,0.4,8.5,15.0,282,291,17.6,19.8,23.3,20.8,17.3,0.156,0.188,0.202,0.254,0,0.0,0.0,0.0,0.0,0.0,0.0,0.0,0.0,0.0,0.0,0.0,0.0,0.0,15.755028547529244,83.52132231407958,251.15260055200002,742.8053583984376,2.6510378294520507,272.21023698422823
39.050964,-7.0370483,212.0,2019-06-22 05:00:00,14.7,80,11.3,14.2,0.0,0.0,0.0,0.0,0,1014.8,989.6,4,0,0,15,0.0,0.33,6.5,8.9,267,291,15.8,19.2,23.1,20.8,17.3,0.156,0.188,0.202,0.254,0,0.0,0.0,0.0,0.0,0.0,0.0,0.0,0.0,0.0,0.0,0.0,0.0,0.0,13.538188638396782,82.77188033637121,251.984521112,748.8553583984376,2.1764059952774804,273.71290785956796
39.050964,-7.0370483,212.0,2019-06-22 06:00:00,14.9,80,11.6,14.7,0.0,0.0,0.0,0.0,0,1015.1,990.0,0,0,0,1,0.02,0.33,4.7,4.7,261,293,12.6,18.9,22.8,20.8,17.3,0.156,0.188,0.202,0.254,1,1100.42,36.0,16.0,20.0,139.4,36.0,93.2,80.4,35.7,44.7,227.4,49.3,208.1,12.389986831172873,82.59829439637576,252.826972312,754.9413583984376,1.9447117720338412,275.2246985111646
39.050964,-7.0370483,212.0,2019-06-22 07:00:00,17.7,68,11.7,17.9,0.0,0.0,0.0,0.0,1,1015.1,990.2,22,0,0,73,0.09,0.65,2.3,2.5,231,225,11.9,19.5,22.6,20.8,17.3,0.156,0.188,0.202,0.254,1,3600.0,182.0,119.0,63.0,475.7,182.0,331.3,249.7,163.2,86.4,475.7,249.7,454.4,12.120718782966732,83.32741299976847,254.410780568,761.5313583984376,1.8912783047391852,277.2575368856355
39.050964,-7.0370483,212.0,2019-06-22 08:00:00,21.0,56,11.8,21.2,0.0,0.0,0.0,0.0,1,1014.9,990.3,24,0,0,81,0.22,1.1,2.3,3.1,219,225,12.6,20.9,22.4,20.8,17.3,0.156,0.188,0.202,0.254,1,3600.0,369.0,280.0,89.0,645.1,369.0,574.8,444.5,337.3,107.2,645.1,444.5,692.4,15.124918146361201,85.42479113695367,256.97077915200003,768.7153583984376,2.509255270415799,279.9680566798607
39.050964,-7.0370483,212.0,2019-06-22 09:00:00,24.1,46,11.7,24.1,0.0,0.0,0.0,0.0,1,1014.7,990.3,29,0,0,97,0.36,1.62,3.4,4.2,198,200,15.5,22.9,22.4,20.8,17.3,0.156,0.188,0.202,0.254,1,3600.0,550.0,428.0,122.0,707.0,550.0,801.7,621.4,483.5,137.8,707.0,621.4,905.7,20.56774746843689,87.95667093621279,260.55330288000005,776.4573583984376,3.7955606651026734,283.3769078510225
39.050964,-7.0370483,212.0,2019-06-22 10:00:00,26.8,36,10.4,27.0,0.0,0.0,0.0,0.0,1,1014.3,990.2,29,0,0,96,0.5,2.27,5.6,7.5,195,197,19.8,25.0,22.5,20.8,17.3,0.155,0.188,0.202,0.254,1,3600.0,699.0,520.0,179.0,690.9,699.0,996.6,757.5,563.5,194.0,690.9,757.5,1080.0,28.934541257844877,90.58160961413788,265.25418057600007,784.6853583984375,6.17826789046939,287.52324919986324
39.050964,-7.0370483,212.0,2019-06-22 11:00:00,28.8,29,8.8,28.6,0.0,0.0,0.0,0.0,1,1013.8,989.8,28,0,0,92,0.6,2.83,8.9,12.0,194,196,25.6,27.0,22.6,20.8,17.3,0.155,0.188,0.202,0.254,1,3600.0,791.0,523.0,268.0,604.2,791.0,1146.3,830.3,549.0,281.3,604.2,830.3,1203.3,39.06420353316439,92.59174523179323,270.84305449000004,793.2733583984375,9.703035237095149,292.24069165719425
39.050964,-7.0370483,212.0,2019-06-22 12:00:00,30.0,22,5.7,29.5,0.0,0.0,0.0,0.0,1,1013.5,989.6,29,0,0,96,0.71,3.33,10.5,14.0,202,203,31.3,28.7,22.7,20.8,17.3,0.157,0.188,0.203,0.254,1,3600.0,920.0,730.0,190.0,779.3,920.0,1240.4,939.8,745.8,194.1,779.3,939.8,1267.1,48.661861419677734,95.376953125,200.734375,630.1644897460938,13.992183685302734,221.9296875
39.050964,-7.0370483,212.0,2019-06-22 13:00:00,31.4,17,3.5,30.5,0.0,0.0,0.0,0.0,1,1012.7,989.0,29,0,0,97,0.78,3.81,11.8,15.9,211,213,32.0,30.3,23.1,20.8,17.3,0.156,0.188,0.202,0.254,1,3600.0,970.0,814.0,156.0,847.0,970.0,1272.6,966.0,810.6,155.4,847.0,966.0,1267.3,56.526064012331624,95.88762562133634,207.83597535,639.2204897460938,17.706553638251293,229.29205800381555
39.050964,-7.0370483,212.0,2019-06-22 14:00:00,32.0,15,2.4,30.5,0.0,0.0,0.0,0.0,1,1012.2,988.5,29,0,0,97,0.74,4.02,11.7,15.3,227,227,32.4,31.4,23.4,20.8,17.3,0.156,0.188,0.202,0.254,1,3600.0,906.0,670.0,236.0,715.1,906.0,1240.7,879.0,650.0,229.0,715.1,879.0,1203.7,59.132197314057755,96.44775278033312,215.24296426,648.3844897460938,19.00199857372866,235.24846567695334
39.050964,-7.0370483,212.0,2019-06-22 15:00:00,32.2,14,1.4,30.1,0.0,0.0,0.0,0.0,1,1011.6,987.9,29,0,0,97,0.67,4.12,10.7,14.0,237,235,31.0,32.1,23.8,20.9,17.4,0.155,0.188,0.202,0.254,1,3600.0,797.0,522.0,275.0,602.7,797.0,1146.9,751.0,491.9,259.1,602.7,751.0,1080.7,58.77825759908885,96.73157856448782,222.782375968,657.5844897460938,18.77049855323726,241.24060664759523
39.050964,-7.0370483,212.0,2019-06-22 16:00:00,31.9,14,0.9,29.0,0.0,0.0,0.0,0.0,1,1011.2,987.5,29,0,0,98,0.58,4.08,10.7,14.1,256,255,28.4,32.3,24.2,20.9,17.4,0.155,0.188,0.202,0.254,1,3600.0,665.0,416.0,249.0,552.2,665.0,997.5,604.5,378.1,226.3,552.2,604.5,906.7,59.10415120052169,96.7831584741114,230.253865048,666.7304897460938,18.900752721341085,247.13711893320448
39.050964,-7.0370483,212.0,2019-06-22 17:00:00,31.5,14,0.7,27.8,0.0,0.0,0.0,0.0,1,1010.7,987.0,26,0,0,87,0.5,3.98,11.5,15.5,274,271,28.4,32.1,24.5,20.9,17.4,0.155,0.188,0.202,0.254,1,3600.0,551.0,416.0,135.0,686.2,551.0,802.8,476.0,359.4,116.6,686.2,476.0,693.5,60.90205958869188,96.83475541285996,237.634790624,675.8044897460937,19.814756004330267,252.92658890088566
39.050964,-7.0370483,212.0,2019-06-22 18:00:00,30.3,15,0.8,26.2,0.0,0.0,0.0,0.0,1,1010.8,987.0,28,0,0,92,0.4,3.67,14.2,19.8,291,289,31.7,31.4,24.8,20.9,17.4,0.154,0.188,0.202,0.254,1,3600.0,373.0,281.0,92.0,646.0,373.0,576.0,295.1,222.3,72.8,646.0,295.1,455.7,66.47780026007553,96.8863693863557,244.661360164,684.6624897460937,22.86005130700116,258.4407971337596
39.050964,-7.0370483,212.0,2019-06-22 19:00:00,28.6,17,0.8,24.7,0.0,0.0,0.0,0.0,1,1011.0,987.1,28,0,0,93,0.26,3.26,13.0,22.6,294,295,32.0,30.2,25.1,20.9,17.4,0.154,0.188,0.202,0.254,1,3600.0,181.0,111.0,70.0,442.0,181.0,332.6,114.0,69.9,44.1,442.0,114.0,209.4,63.70555891314959,96.80236133030712,251.15113033,693.2144897460937,21.277967423631384,263.5721979589344
39.050964,-7.0370483,212.0,2019-06-22 20:00:00,26.2,19,1.1,22.4,0.0,0.0,0.0,0.0,1,1010.9,986.8,23,0,0,78,0.17,2.73,12.4,25.5,292,293,27.4,28.6,25.2,20.9,17.4,0.154,0.188,0.202,0.254,0,496.81,34.0,11.0,23.0,95.5,34.0,93.8,0.0,0.0,0.0,0.0,0.0,0.0,59.65717298515234,96.21769491573849,256.972731388,701.3344897460937,19.083228792396607,268.2368757179711
39.050964,-7.0370483,212.0,2019-06-22 21:00:00,24.9,25,3.3,20.9,0.0,0.0,0.0,0.0,1,1011.8,987.6,25,0,0,84,0.19,2.38,17.2,32.0,280,282,33.1,27.3,25.3,20.9,17.4,0.154,0.188,0.202,0.254,0,0.0,0.0,0.0,0.0,0.0,0.0,0.0,0.0,0.0,0.0,0.0,0.0,0.0,61.88125837707568,94.87512463693317,262.106418388,709.2204897460937,20.246424395368788,272.47061447502614
39.050964,-7.0370483,212.0,2019-06-22 22:00:00,22.9,42,9.1,20.0,0.0,0.0,0.0,0.0,1,1012.5,988.1,27,0,0,90,0.14,1.63,17.9,31.7,289,291,38.2,26.1,25.3,20.9,17.4,0.154,0.188,0.202,0.254,0,0.0,0.0,0.0,0.0,0.0,0.0,0.0,0.0,0.0,0.0,0.0,0.0,0.0,47.517554013351045,91.5658091379599,265.77108110800003,716.7464897460936,13.210243398969993,275.83847206580896
39.050964,-7.0370483,212.0,2019-06-22 23:00:00,21.2,48,9.6,19.0,0.0,0.0,0.0,0.0,1,1012.9,988.3,25,0,0,84,0.1,1.32,14.0,26.1,293,294,36.0,25.0,25.2,21.0,17.4,0.154,0.188,0.202,0.254,0,0.0,0.0,0.0,0.0,0.0,0.0,0.0,0.0,0.0,0.0,0.0,0.0,0.0,35.99078722547646,89.91442480576387,268.823913644,723.9664897460937,8.574953306682811,278.81925829816527
39.050964,-7.0370483,212.0,2019-06-23 00:00:00,20.3,48,9.0,18.5,0.0,0.0,0.0,0.0,1,1013.3,988.7,27,0,0,91,0.07,1.23,10.7,21.0,282,286,28.1,23.7,25.2,21.0,17.4,0.156,0.188,0.202,0.254,0,0.0,0.0,0.0,0.0,0.0,0.0,0.0,0.0,0.0,0.0,0.0,0.0,0.0,30.916557517967476,89.47689174151847,271.753537692,731.0244897460936,6.819721284999301,281.7035130074002
39.050964,-7.0370483,212.0,2019-06-23 01:00:00,19.1,52,9.1,17.5,0.0,0.0,0.0,0.0,1,1013.3,988.6,29,0,0,97,0.05,1.06,9.3,19.9,286,290,20.2,22.8,25.0,21.0,17.4,0.156,0.188,0.202,0.254,0,0.0,0.0,0.0,0.0,0.0,0.0,0.0,0.0,0.0,0.0,0.0,0.0,0.0,27.355843162020626,88.71111102837965,274.306164828,737.8664897460936,5.693646647118517,284.3450286540379
39.050964,-7.0370483,212.0,2019-06-23 02:00:00,18.3,56,9.3,17.0,0.0,0.0,0.0,0.0,1,1013.3,988.5,29,0,0,97,0.04,0.94,7.6,16.1,275,290,18.0,22.1,24.8,21.0,17.4,0.156,0.188,0.202,0.254,0,0.0,0.0,0.0,0.0,0.0,0.0,0.0,0.0,0.0,0.0,0.0,0.0,0.0,23.843717477573033,87.92601073481256,276.553403404,744.5644897460936,4.669620690015282,286.7956833299218
39.050964,-7.0370483,212.0,2019-06-23 03:00:00,17.4,60,9.6,16.4,0.0,0.0,0.0,0.0,1,1013.3,988.4,29,0,0,95,0.02,0.8,6.1,10.9,242,276,14.0,21.3,24.6,21.0,17.4,0.156,0.188,0.202,0.254,0,0.0,0.0,0.0,0.0,0.0,0.0,0.0,0.0,0.0,0.0,0.0,0.0,0.0,20.84325061942084,87.12851857148935,278.501571804,751.1004897460936,3.863333307669686,289.0552088610836
39.050964,-7.0370483,212.0,2019-06-23 04:00:00,16.6,64,9.8,15.6,0.0,0.0,0.0,0.0,1,1013.3,988.3,30,0,0,99,0.02,0.67,6.6,8.6,241,255,11.5,20.5,24.3,21.0,17.4,0.156,0.188,0.202,0.254,0,0.0,0.0,0.0,0.0,0.0,0.0,0.0,0.0,0.0,0.0,0.0,0.0,0.0,19.52499219493218,86.31231074036529,280.17910275599996,757.4924897460936,3.52879636112011,291.1416522195003
39.050964,-7.0370483,212.0,2019-06-23 05:00:00,16.0,68,10.1,15.0,0.0,0.0,0.0,0.0,1,1013.2,988.2,25,0,0,84,0.02,0.58,6.8,9.2,245,244,11.5,19.9,24.1,21.0,17.4,0.156,0.188,0.202,0.254,0,0.0,0.0,0.0,0.0,0.0,0.0,0.0,0.0,0.0,0.0,0.0,0.0,0.0,18.09945170738338,85.50062334033109,281.61969430799996,763.7764897460936,3.18126532038187,293.07907311176746
39.050964,-7.0370483,212.0,2019-06-23 06:00:00,16.6,67,10.5,15.7,0.0,0.0,0.0,0.0,1,1013.6,988.6,21,0,0,70,0.04,0.62,7.2,12.1,267,260,13.7,19.6,23.8,21.0,17.4,0.156,0.188,0.202,0.254,1,496.67,34.0,11.0,23.0,96.2,34.0,92.7,76.0,24.6,51.4,157.1,46.5,207.1,18.33977830912614,85.48269231563405,283.15743101399994,770.1684897460937,3.237954143985447,295.0876500140402
39.050964,-7.0370483,212.0,2019-06-23 07:00:00,19.0,58,10.6,18.5,0.0,0.0,0.0,0.0,1,1014.0,989.2,21,0,0,71,0.11,0.92,4.8,7.4,257,256,14.0,20.3,23.6,21.0,17.4,0.156,0.188,0.202,0.254,1,3600.0,172.0,97.0,75.0,388.9,172.0,330.2,236.2,133.2,103.0,388.9,236.2,453.4,17.242579690563307,85.75073161798278,285.37992258599996,776.9924897460936,2.9783582023721085,297.54665059805643
39.050964,-7.0370483,212.0,2019-06-23 08:00:00,21.4,51,10.7,21.0,0.0,0.0,0.0,0.0,1,1014.0,989.4,25,0,0,84,0.23,1.26,4.3,5.6,228,230,15.5,21.7,23.4,21.1,17.4,0.156,0.188,0.202,0.254,1,3600.0,363.0,267.0,96.0,616.2,363.0,573.7,437.4,321.7,115.7,616.2,437.4,691.4,19.236878400789852,86.97890140531457,288.282430236,784.2484897460936,3.453981205923687,300.45433362624635
39.050964,-7.0370483,212.0,2019-06-23 09:00:00,23.7,41,9.7,22.9,0.0,0.0,0.0,0.0,0,1014.0,989.6,18,0,0,59,0.36,1.72,4.6,5.9,225,223,17.6,23.5,23.3,21.1,17.4,0.155,0.188,0.202,0.254,1,3600.0,543.0,412.0,131.0,681.3,543.0,800.8,613.6,465.5,148.0,681.3,613.6,904.8,24.028583344606336,89.04294221201471,292.134538348,791.9184897460935,4.712205073467601,303.95271146251775
39.050964,-7.0370483,212.0,2019-06-23 10:00:00,25.8,34,8.7,25.7,0.0,0.0,0.0,0.0,0,1013.7,989.5,8,0,0,28,0.49,2.19,5.1,6.6,219,221,19.4,25.5,23.3,21.1,17.4,0.155,0.188,0.202,0.254,1,3600.0,715.0,579.0,136.0,769.9,715.0,995.8,774.9,627.5,147.4,769.9,774.9,1079.2,29.44124163083088,90.92201986731642,296.80856291199996,799.9664897460935,6.32445550447595,307.9620853798145
39.050964,-7.0370483,212.0,2019-06-23 11:00:00,27.6,28,7.4,27.9,0.0,0.0,0.0,0.0,0,1013.3,989.2,16,0,0,55,0.61,2.66,6.3,8.4,211,211,22.3,27.5,23.5,21.1,17.4,0.155,0.187,0.202,0.254,1,3600.0,857.0,732.0,125.0,846.0,857.0,1145.6,899.7,768.5,131.2,846.0,899.7,1202.7,35.89368032573079,92.58813109571479,302.24869153599997,808.3384897460935,8.507230624447415,312.43665656000024
39.050964,-7.0370483,212.0,2019-06-23 12:00:00,28.6,24,6.0,28.7,0.0,0.0,0.0,0.0,1,1012.7,988.7,29,0,1,94,0.69,2.97,8.0,10.2,188,190,23.8,29.0,23.6,21.1,17.4,0.157,0.189,0.203,0.254,1,3600.0,939.0,815.0,124.0,870.3,939.0,1239.9,959.4,832.7,126.7,870.3,959.4,1266.8,36.18359375,90.5789794921875,204.2265625,638.2728881835938,8.808837890625,225.328125
39.050964,-7.0370483,212.0,2019-06-23 13:00:00,30.1,22,5.9,30.0,0.0,0.0,0.0,0.0,1,1012.1,988.3,28,0,0,94,0.69,3.33,8.0,10.3,207,209,25.2,30.4,23.9,21.1,17.4,0.156,0.189,0.203,0.254,1,3600.0,905.0,619.0,286.0,644.1,905.0,1272.4,901.3,616.5,284.8,644.1,901.3,1267.2,43.35193756942899,94.18617057865781,210.633403876,647.0948881835938,11.582482807394623,232.26089732214632
39.050964,-7.0370483,212.0,2019-06-23 14:00:00,30.4,23,7.2,29.8,0.0,0.0,0.0,0.0,1,1011.6,987.8,30,0,0,100,0.59,3.32,7.4,9.7,227,228,24.8,31.1,24.2,21.1,17.4,0.156,0.189,0.203,0.254,1,3600.0,749.0,423.0,326.0,451.4,749.0,1240.7,726.7,410.4,316.3,451.4,726.7,1203.9,43.31893085047126,94.37948308732827,217.018920706,655.9708881835937,11.541658679362268,237.55683536895785
39.050964,-7.0370483,212.0,2019-06-23 15:00:00,29.9,26,8.4,28.3,0.0,0.0,0.0,0.0,1,1011.3,987.5,31,0,1,100,0.39,3.11,7.4,10.0,219,221,22.7,30.9,24.5,21.1,17.4,0.156,0.189,0.203,0.254,1,69.84,414.0,54.0,360.0,62.3,414.0,1147.1,390.2,50.9,339.3,62.3,390.2,1081.1,43.56854570057387,94.43028645181768,223.058242746,664.7568881835937,11.622825439236461,242.60340425047497
39.050964,-7.0370483,212.0,2019-06-23 16:00:00,29.1,33,11.0,27.7,0.0,0.0,0.0,0.0,1,1010.8,986.9,31,0,1,100,0.33,2.72,11.5,15.6,256,255,25.6,30.3,24.8,21.1,17.4,0.156,0.189,0.203,0.254,1,0.0,289.0,7.0,282.0,9.3,289.0,998.0,262.7,6.4,256.4,9.3,262.7,907.2,46.770673793506575,93.73242463837938,228.38516699,673.3988881835937,12.97405791645829,247.18585355051601
39.050964,-7.0370483,212.0,2019-06-23 17:00:00,26.9,47,14.6,26.3,0.0,0.0,0.0,0.0,1,1011.0,986.9,32,0,3,100,0.26,1.89,14.5,21.1,297,297,33.5,29.4,25.0,21.1,17.4,0.155,0.188,0.203,0.254,1,0.0,210.0,7.0,203.0,11.5,210.0,803.4,181.4,6.0,175.4,11.5,181.4,694.2,40.55416321889107,91.0653659844049,232.29203443,681.6448881835937,10.365845477686536,250.86156025545742
39.050964,-7.0370483,212.0,2019-06-23 18:00:00,27.4,44,14.2,27.0,0.0,0.0,0.0,0.0,1,1010.5,986.5,47,0,29,100,0.23,2.04,11.8,17.0,290,291,32.0,28.7,25.1,21.1,17.4,0.155,0.188,0.203,0.254,1,0.0,180.0,25.0,155.0,57.4,180.0,576.7,142.5,19.8,122.7,57.4,142.5,456.4,37.32308890432497,91.11507519198814,236.49375979,689.9808881835937,9.111543614875744,254.7209294200419
39.050964,-7.0370483,212.0,2019-06-23 19:00:00,26.3,50,14.9,25.8,0.0,0.0,0.0,0.0,1,1010.8,986.7,36,0,10,100,0.18,1.72,14.3,22.6,298,299,30.2,28.0,25.2,21.1,17.4,0.155,0.188,0.203,0.254,1,0.0,106.0,9.0,97.0,35.8,106.0,333.3,66.8,5.7,61.2,35.8,66.8,210.1,37.090434863301624,90.1593011457003,240.10050399000002,698.1188881835938,9.016316125181794,258.19863023736895
39.050964,-7.0370483,212.0,2019-06-23 20:00:00,24.2,61,16.2,24.0,0.0,0.0,0.0,0.0,1,1011.1,986.8,31,0,2,98,0.11,1.18,16.3,27.4,292,293,34.2,27.0,25.2,21.2,17.4,0.155,0.188,0.203,0.254,0,0.0,14.0,0.0,14.0,0.0,14.0,94.2,0.0,0.0,0.0,0.0,0.0,0.0,32.55352572887389,88.07512970245087,242.698149612,705.8788881835937,7.395255594606433,261.0274774647692
39.050964,-7.0370483,212.0,2019-06-23 21:00:00,22.4,73,17.3,22.9,0.0,0.0,0.0,0.0,1,1012.0,987.6,29,0,0,97,0.05,0.73,14.5,24.2,300,300,34.2,25.9,25.2,21.2,17.4,0.155,0.188,0.203,0.254,0,0.0,0.0,0.0,0.0,0.0,0.0,0.0,0.0,0.0,0.0,0.0,0.0,0.0,24.198727059839605,85.65203704060231,244.368572382,713.3148881835938,4.789246953097633,263.2637972014532
39.050964,-7.0370483,212.0,2019-06-23 22:00:00,21.5,76,17.1,22.5,0.0,0.0,0.0,0.0,1,1012.9,988.4,27,0,4,82,0.03,0.62,10.5,19.0,292,295,29.2,25.0,25.2,21.2,17.4,0.155,0.188,0.203,0.254,0,0.0,0.0,0.0,0.0,0.0,0.0,0.0,0.0,0.0,0.0,0.0,0.0,0.0,19.03201868839589,84.67658570847146,245.796527166,720.5888881835938,3.4219852481575295,265.329746364102
39.050964,-7.0370483,212.0,2019-06-23 23:00:00,20.6,78,16.7,21.6,0.0,0.0,0.0,0.0,1,1013.2,988.6,43,0,25,93,0.02,0.53,9.7,18.3,285,290,20.9,24.1,25.1,21.2,17.4,0.155,0.188,0.203,0.254,0,0.0,0.0,0.0,0.0,0.0,0.0,0.0,0.0,0.0,0.0,0.0,0.0,0.0,17.326477916406308,84.02886187091137,247.05335905,727.7008881835937,3.011756091563119,267.2658397334616
39.050964,-7.0370483,212.0,2019-06-24 00:00:00,20.6,81,17.2,22.4,0.0,0.0,0.0,0.0,2,1013.4,988.8,65,0,62,94,0.0,0.46,5.5,13.4,293,297,19.1,24.3,25.0,21.2,17.4,0.152,0.198,0.204,0.254,0,0.0,0.0,0.0,0.0,0.0,0.0,0.0,0.0,0.0,0.0,0.0,0.0,0.0,13.745973245277236,83.32414007975993,248.138804768,734.8128881835937,2.221263221256758,269.0982691976948
39.050964,-7.0370483,212.0,2019-06-24 01:00:00,20.4,84,17.6,22.7,0.2,0.2,0.0,0.0,51,1013.3,988.7,70,0,69,95,0.0,0.39,2.6,8.2,254,285,19.1,23.2,24.9,21.2,17.4,0.154,0.198,0.204,0.254,0,0.0,0.0,0.0,0.0,0.0,0.0,0.0,0.0,0.0,0.0,0.0,0.0,0.0,11.272731459435017,82.51242129177818,249.044439808,741.8888881835937,1.7307491670788036,270.8146635727177
39.050964,-7.0370483,212.0,2019-06-24 02:00:00,19.8,89,17.9,22.0,0.0,0.0,0.0,0.0,1,1012.9,988.2,44,0,29,88,0.0,0.26,4.6,9.3,231,254,9.0,22.4,24.7,21.2,17.4,0.154,0.198,0.204,0.254,0,0.0,0.0,0.0,0.0,0.0,0.0,0.0,0.0,0.0,0.0,0.0,0.0,0.0,10.431084727145526,80.86395777630867,249.649688342,748.8568881835937,1.574170897426832,272.3298776903113
39.050964,-7.0370483,212.0,2019-06-24 03:00:00,19.2,92,17.8,21.2,0.0,0.0,0.0,0.0,1,1012.9,988.2,48,1,35,86,0.0,0.19,5.8,12.8,270,280,10.8,21.7,24.5,21.2,17.4,0.154,0.198,0.204,0.254,0,0.0,0.0,0.0,0.0,0.0,0.0,0.0,0.0,0.0,0.0,0.0,0.0,0.0,9.637056731673024,79.38608697761107,250.077232326,755.7168881835937,1.431550485267707,273.71456801926064
39.050964,-7.0370483,212.0,2019-06-24 04:00:00,18.6,94,17.6,20.6,0.0,0.0,0.0,0.0,1,1013.1,988.3,44,12,21,69,0.0,0.13,5.1,11.4,266,288,11.2,21.1,24.3,21.3,17.4,0.154,0.198,0.204,0.254,0,0.0,0.0,0.0,0.0,0.0,0.0,0.0,0.0,0.0,0.0,0.0,0.0,0.0,8.51833265522166,78.20220129187979,250.388412738,762.4688881835937,1.2392305298386233,275.00415670915885
39.050964,-7.0370483,212.0,2019-06-24 05:00:00,18.3,94,17.4,20.2,0.0,0.0,0.0,0.0,2,1012.9,988.1,69,19,39,96,0.0,0.12,5.1,10.3,278,299,10.8,20.7,24.1,21.3,17.5,0.154,0.198,0.204,0.254,0,0.0,0.0,0.0,0.0,0.0,0.0,0.0,0.0,0.0,0.0,0.0,0.0,0.0,8.341184377415324,77.91448597917878,250.694854362,769.1668881835936,1.2094657866191114,276.2742676942389
39.050964,-7.0370483,212.0,2019-06-24 06:00:00,19.1,88,17.1,20.6,0.0,0.0,0.0,0.0,3,1013.5,988.8,100,100,35,98,0.02,0.27,7.1,12.1,285,300,14.4,20.6,23.8,21.3,17.5,0.154,0.198,0.204,0.254,1,0.0,27.0,4.0,23.0,35.1,27.0,92.2,60.4,8.9,51.4,57.5,36.9,206.0,9.442018716959193,78.41589726640902,251.333011146,776.0088881835936,1.3963779904101277,277.7624419737166
39.050964,-7.0370483,212.0,2019-06-24 07:00:00,20.4,76,16.0,21.5,0.0,0.0,0.0,0.0,3,1013.8,989.1,100,67,23,98,0.08,0.58,6.4,8.9,308,313,16.6,21.1,23.6,21.3,17.5,0.154,0.198,0.204,0.254,1,1578.9,108.0,28.0,80.0,112.6,108.0,329.1,148.4,38.5,109.9,112.6,148.4,452.3,11.32936149505488,80.94151050398713,252.69146370599998,783.0848881835936,1.7387062034098253,279.72430283553166
39.050964,-7.0370483,212.0,2019-06-24 08:00:00,21.5,68,15.5,22.6,0.0,0.0,0.0,0.0,3,1014.1,989.5,100,86,16,87,0.16,0.81,5.1,6.6,315,319,16.9,21.9,23.5,21.3,17.5,0.154,0.198,0.204,0.254,1,2708.11,233.0,65.0,168.0,150.3,233.0,572.7,280.9,78.4,202.5,150.3,280.9,690.3,13.441984670708711,83.24119488226728,254.595403418,790.3588881835936,2.15366754166197,282.05082119286953
39.050964,-7.0370483,212.0,2019-06-24 09:00:00,22.6,63,15.3,23.8,0.0,0.0,0.0,0.0,3,1014.0,989.5,95,100,4,8,0.23,1.0,4.1,5.4,315,318,16.2,23.1,23.4,21.3,17.5,0.154,0.197,0.204,0.254,1,2719.2,327.0,91.0,236.0,150.6,327.0,799.8,369.6,102.8,266.7,150.6,369.6,903.9,15.227995631353771,84.82633196759039,256.903982972,797.8308881835936,2.529883130613826,284.65694860399134
39.050964,-7.0370483,212.0,2019-06-24 10:00:00,24.6,55,15.1,25.7,0.0,0.0,0.0,0.0,2,1013.7,989.4,58,64,1,0,0.36,1.37,4.1,4.8,255,257,16.6,24.7,23.4,21.3,17.5,0.154,0.197,0.204,0.254,1,3600.0,526.0,257.0,269.0,342.0,526.0,995.0,570.1,278.6,291.6,342.0,570.1,1078.5,18.432249399106006,86.64949214105094,259.948654262,805.6628881835936,3.2630735852336628,287.7719217814794
39.050964,-7.0370483,212.0,2019-06-24 11:00:00,25.5,48,13.7,25.7,0.0,0.0,0.0,0.0,2,1013.7,989.5,63,60,14,1,0.47,1.7,10.4,13.0,256,256,28.4,26.2,23.5,21.3,17.5,0.154,0.197,0.204,0.254,1,3600.0,643.0,379.0,264.0,438.2,643.0,1144.9,675.1,397.9,277.2,438.2,675.1,1202.1,27.35794188335978,88.31924190794547,263.590149574,813.6568881835937,5.689047896849915,291.27698255052496
39.050964,-7.0370483,212.0,2019-06-24 12:00:00,25.4,53,15.2,25.7,0.0,0.0,0.0,0.0,1,1013.9,989.7,39,6,38,35,0.49,1.52,14.3,18.8,295,296,34.2,27.4,23.8,21.3,17.5,0.152,0.197,0.205,0.254,1,3600.0,675.0,413.0,262.0,441.1,675.0,1239.5,689.7,422.0,267.7,441.1,689.7,1266.5,23.146484375,87.609375,208.03125,646.2136840820312,4.56787109375,229.078125
39.050964,-7.0370483,212.0,2019-06-24 13:00:00,25.4,49,13.8,25.6,0.0,0.0,0.0,0.0,1,1014.1,989.8,44,12,32,47,0.58,1.66,16.7,21.9,295,297,41.4,28.3,24.0,21.3,17.5,0.152,0.197,0.205,0.253,1,3600.0,833.0,579.0,254.0,602.6,833.0,1272.1,829.7,576.7,253.0,602.6,829.7,1267.1,33.65107421996488,88.3455330926363,211.58928999,654.1896840820312,7.844177615177071,233.98220095323705
39.050964,-7.0370483,212.0,2019-06-24 14:00:00,25.0,48,13.1,24.7,0.0,0.0,0.0,0.0,1,1014.3,990.0,47,2,48,54,0.54,1.66,16.1,21.5,299,301,41.8,28.6,24.2,21.3,17.5,0.151,0.197,0.205,0.253,1,3600.0,767.0,522.0,245.0,557.0,767.0,1240.7,744.3,506.5,237.7,557.0,744.3,1204.0,33.642029011787876,88.54299166929812,215.162336142,662.0936840820312,7.829287627128101,237.42946711380714
39.050964,-7.0370483,212.0,2019-06-24 15:00:00,24.3,47,12.4,23.4,0.0,0.0,0.0,0.0,1,1014.2,989.9,33,13,31,9,0.5,1.6,16.5,22.3,306,308,42.5,28.7,24.4,21.3,17.5,0.151,0.197,0.205,0.253,1,3600.0,698.0,470.0,228.0,542.3,698.0,1147.3,657.9,443.0,214.9,542.3,657.9,1081.4,34.387049671259184,88.62326260526183,218.70642303399998,669.8716840820313,8.081267766117078,240.836257005478
39.050964,-7.0370483,212.0,2019-06-24 16:00:00,24.5,45,11.9,23.2,0.0,0.0,0.0,0.0,1,1014.2,989.9,31,9,38,0,0.45,1.69,15.0,20.1,316,317,40.3,28.6,24.5,21.3,17.5,0.151,0.197,0.205,0.253,1,3600.0,611.0,446.0,165.0,591.4,611.0,998.3,555.5,405.5,150.0,591.4,555.5,907.7,33.82530702532577,88.96754421278335,222.41320831399997,677.6856840820312,7.8725943701060235,244.34459270259262
39.050964,-7.0370483,212.0,2019-06-24 17:00:00,24.5,45,11.8,23.8,0.0,0.0,0.0,0.0,1,1014.0,989.7,48,4,74,1,0.33,1.7,8.4,11.5,320,321,36.7,28.3,24.7,21.3,17.5,0.151,0.197,0.205,0.253,1,3600.0,449.0,308.0,141.0,507.2,449.0,803.9,388.0,266.2,121.8,507.2,388.0,694.7,27.180387590270808,89.0186479984345,226.11999359399996,685.4996840820312,5.6868145990149035,247.84973666144447
39.050964,-7.0370483,212.0,2019-06-24 18:00:00,23.1,48,11.4,21.5,0.0,0.0,0.0,0.0,1,1014.2,989.8,37,17,36,0,0.21,1.48,13.6,18.7,307,310,30.6,27.4,24.8,21.3,17.5,0.151,0.197,0.205,0.253,1,3600.0,186.0,93.0,93.0,213.3,186.0,577.3,147.2,73.6,73.6,213.3,147.2,457.0,32.63293175724254,89.06768148136779,229.43293293799996,693.0616840820312,7.442579657169957,251.07476579636185
39.050964,-7.0370483,212.0,2019-06-24 19:00:00,21.5,52,11.3,20.0,0.0,0.0,0.0,0.0,1,1014.8,990.2,38,23,28,0,0.15,1.23,12.7,18.3,317,317,33.5,26.3,24.8,21.4,17.5,0.151,0.197,0.205,0.253,1,3600.0,138.0,66.0,72.0,261.7,138.0,333.9,87.1,41.7,45.4,261.7,87.1,210.7,31.15179040252635,88.89436580266339,232.28884250599995,700.3356840820312,6.937800946046417,253.97787148539737
39.050964,-7.0370483,212.0,2019-06-24 20:00:00,20.8,54,11.0,19.7,0.0,0.0,0.0,0.0,0,1014.7,990.1,17,8,16,0,0.08,1.14,9.6,15.3,326,326,28.4,25.1,24.8,21.4,17.5,0.151,0.197,0.205,0.253,0,496.58,29.0,11.0,18.0,95.0,29.0,94.5,0.0,0.0,0.0,0.0,0.0,0.0,26.985756289533626,88.50611781088936,234.94098418999994,707.4836840820312,5.612770965101134,256.73814209667887
39.050964,-7.0370483,212.0,2019-06-24 21:00:00,19.8,56,10.9,18.7,0.0,0.0,0.0,0.0,0,1015.3,990.6,1,0,2,0,0.05,1.01,9.2,15.9,318,321,19.8,24.0,24.7,21.4,17.5,0.151,0.197,0.205,0.253,0,0.0,0.0,0.0,0.0,0.0,0.0,0.0,0.0,0.0,0.0,0.0,0.0,0.0,25.40564555363561,88.03339447173758,237.36197832599993,714.4516840820312,5.1401790760581845,259.33066557211976
39.050964,-7.0370483,212.0,2019-06-24 22:00:00,18.9,59,10.6,17.9,0.0,0.0,0.0,0.0,0,1015.7,990.9,7,6,3,0,0.04,0.9,7.9,15.0,313,316,18.0,23.1,24.6,21.4,17.5,0.151,0.197,0.205,0.253,0,0.0,0.0,0.0,0.0,0.0,0.0,0.0,0.0,0.0,0.0,0.0,0.0,0.0,22.850440999543792,87.43046880139882,239.52075952599992,721.2576840820312,4.416319477770112,261.73998589693565
39.050964,-7.0370483,212.0,2019-06-24 23:00:00,18.2,62,10.7,17.5,0.0,0.0,0.0,0.0,0,1015.6,990.7,8,0,11,4,0.02,0.8,6.1,12.1,320,330,15.1,22.2,24.5,21.4,17.5,0.151,0.197,0.205,0.253,0,0.0,0.0,0.0,0.0,0.0,0.0,0.0,0.0,0.0,0.0,0.0,0.0,0.0,20.14015930642495,86.8247910451467,241.45155236999992,727.9376840820312,3.699962485991891,263.9923357482335
39.050964,-7.0370483,212.0,2019-06-25 00:00:00,17.3,72,12.1,17.4,0.0,0.0,0.0,0.0,0,1015.9,990.9,9,7,3,2,0.0,0.56,3.8,7.7,311,332,10.8,21.1,23.9,21.4,17.5,0.147,0.198,0.206,0.253,0,0.0,0.0,0.0,0.0,0.0,0.0,0.0,0.0,0.0,0.0,0.0,0.0,0.0,15.695707504283192,85.24941843280563,242.80789880199993,734.4556840820312,2.6412907056488546,265.8738837589249
39.050964,-7.0370483,212.0,2019-06-25 01:00:00,17.1,73,12.3,17.2,0.0,0.0,0.0,0.0,0,1015.7,990.7,10,5,2,13,0.0,0.52,4.3,7.6,294,329,9.0,20.5,23.7,21.4,17.5,0.147,0.198,0.206,0.253,0,0.0,0.0,0.0,0.0,0.0,0.0,0.0,0.0,0.0,0.0,0.0,0.0,0.0,15.029331179220637,84.64822224732424,244.10158792599992,740.9376840820312,2.4941288354398523,267.7104535348464
39.050964,-7.0370483,212.0,2019-06-25 02:00:00,16.7,84,14.0,17.8,0.0,0.0,0.0,0.0,0,1015.3,990.3,16,6,18,0,0.0,0.3,1.1,3.4,252,18,6.8,19.9,23.5,21.4,17.5,0.147,0.198,0.206,0.253,0,0.0,0.0,0.0,0.0,0.0,0.0,0.0,0.0,0.0,0.0,0.0,0.0,0.0,10.692669010759156,82.60325824933936,244.85136949399993,747.3476840820312,1.6230906197870916,269.20532532121945
39.050964,-7.0370483,212.0,2019-06-25 03:00:00,16.6,80,13.1,17.5,0.0,0.0,0.0,0.0,1,1015.3,990.3,22,17,10,4,0.0,0.39,0.7,3.1,270,36,2.5,19.5,23.3,21.4,17.5,0.147,0.198,0.206,0.253,0,0.0,0.0,0.0,0.0,0.0,0.0,0.0,0.0,0.0,0.0,0.0,0.0,0.0,10.570400441806635,82.65017368913115,245.78333113399992,753.7396840820312,1.6001000936509828,270.8038584298199
39.050964,-7.0370483,212.0,2019-06-25 04:00:00,16.5,80,13.0,17.2,0.0,0.0,0.0,0.0,1,1015.2,990.2,31,28,10,0,0.0,0.38,1.5,4.1,315,38,2.5,19.2,23.0,21.4,17.5,0.147,0.198,0.206,0.253,0,0.0,0.0,0.0,0.0,0.0,0.0,0.0,0.0,0.0,0.0,0.0,0.0,0.0,10.982479463439024,82.6971046180716,246.7100274539999,760.1136840820312,1.6757898711346346,272.39334695412157
39.050964,-7.0370483,212.0,2019-06-25 05:00:00,16.4,80,12.9,16.6,0.0,0.0,0.0,0.0,1,1015.5,990.5,30,23,16,0,0.0,0.37,4.4,5.4,325,8,7.2,19.0,22.8,21.4,17.5,0.147,0.198,0.206,0.253,0,0.0,0.0,0.0,0.0,0.0,0.0,0.0,0.0,0.0,0.0,0.0,0.0,0.0,12.41772196351548,82.74251985863012,247.63145845399993,766.4696840820312,1.9506153828965596,273.97385077181616
39.050964,-7.0370483,212.0,2019-06-25 06:00:00,17.1,75,12.7,17.3,0.0,0.0,0.0,0.0,1,1015.8,990.8,30,16,26,1,0.03,0.48,4.9,6.7,324,344,10.8,19.1,22.6,21.4,17.5,0.148,0.198,0.206,0.253,1,496.17,28.0,11.0,17.0,96.9,28.0,91.6,62.6,24.6,38.0,159.0,38.2,204.9,12.731804926276084,82.78948127569032,248.82931875399993,772.9516840820312,2.01229967508508,275.74135747241394
39.050964,-7.0370483,212.0,2019-06-25 07:00:00,18.9,67,12.7,19.2,0.0,0.0,0.0,0.0,0,1016.1,991.3,19,4,26,0,0.09,0.72,3.6,5.2,323,326,12.6,19.8,22.4,21.4,17.5,0.148,0.198,0.206,0.253,1,3600.0,148.0,85.0,63.0,343.1,148.0,328.0,203.6,116.9,86.7,343.1,203.6,451.2,13.255699339771164,83.68879123105047,250.56687435399994,779.7576840820312,2.1170781518151682,277.8906803511986
39.050964,-7.0370483,212.0,2019-06-25 08:00:00,20.8,60,12.7,21.4,0.0,0.0,0.0,0.0,1,1016.1,991.4,30,5,42,0,0.18,0.99,1.5,2.3,346,342,12.6,21.0,22.3,21.4,17.5,0.148,0.198,0.206,0.253,1,3600.0,299.0,198.0,101.0,458.6,299.0,571.6,360.6,238.8,121.8,458.6,360.6,689.3,14.007708732128627,84.99500770712382,252.87308451399994,786.9056840820313,2.271162996741031,280.4437950519025
39.050964,-7.0370483,212.0,2019-06-25 09:00:00,22.7,51,12.0,23.2,0.0,0.0,0.0,0.0,1,1016.1,991.6,22,8,25,0,0.27,1.35,0.4,0.4,90,90,11.5,22.6,22.3,21.4,17.5,0.148,0.198,0.206,0.253,1,3600.0,424.0,275.0,149.0,455.8,424.0,798.7,479.3,310.9,168.4,455.8,479.3,902.9,16.132112231115745,86.706677834828,255.94329260599994,794.3956840820313,2.730091160772293,283.52057443233895
39.050964,-7.0370483,212.0,2019-06-25 10:00:00,24.8,44,11.9,25.8,0.0,0.0,0.0,0.0,0,1015.8,991.5,15,6,16,0,0.41,1.74,0.8,1.6,153,153,13.0,24.6,22.3,21.4,17.5,0.148,0.197,0.206,0.253,1,3600.0,623.0,450.0,173.0,599.3,623.0,994.1,675.4,487.8,187.5,599.3,675.4,1077.7,19.869499975301185,88.53353125915879,259.7617026699999,802.2636840820313,3.6166448981415553,287.1143940242671
39.050964,-7.0370483,212.0,2019-06-25 11:00:00,26.7,41,12.4,28.5,0.0,0.0,0.0,0.0,0,1015.4,991.2,15,2,22,0,0.55,2.07,3.6,4.7,180,176,17.6,26.6,22.5,21.4,17.5,0.147,0.197,0.205,0.253,1,3600.0,787.0,607.0,180.0,702.3,787.0,1144.2,826.4,637.4,189.0,702.3,826.4,1201.5,25.049637891130924,89.8186876238595,264.07979160199994,810.4736840820314,5.008159296823513,291.0636121788294
39.050964,-7.0370483,212.0,2019-06-25 12:00:00,27.8,37,11.9,29.8,0.0,0.0,0.0,0.0,1,1014.9,990.8,27,0,45,0,0.64,2.33,5.0,6.5,180,177,21.6,28.5,22.7,21.4,17.5,0.147,0.198,0.206,0.253,1,3600.0,895.0,732.0,163.0,782.1,895.0,1239.0,914.6,748.0,166.6,782.1,914.6,1266.1,24.3221492767334,88.58404541015625,196.8828125,654.569580078125,5.031654357910156,221.4765625
39.050964,-7.0370483,212.0,2019-06-25 13:00:00,30.1,31,10.9,31.5,0.0,0.0,0.0,0.0,1,1014.0,990.1,32,0,54,0,0.67,2.96,6.4,8.2,223,218,22.0,30.1,23.0,21.4,17.5,0.146,0.198,0.205,0.253,1,3600.0,887.0,640.0,247.0,666.1,887.0,1271.9,883.5,637.5,246.0,666.1,883.5,1266.9,34.243526765408376,92.17755627173808,202.550402948,663.391580078125,8.069573225545112,229.73833998985458
39.050964,-7.0370483,212.0,2019-06-25 14:00:00,30.5,29,10.4,31.0,0.0,0.0,0.0,0.0,1,1013.5,989.7,32,0,54,0,0.61,3.11,7.0,9.2,235,231,24.8,31.0,23.4,21.4,17.5,0.146,0.198,0.205,0.253,1,3600.0,775.0,519.0,256.0,553.8,775.0,1240.7,752.1,503.7,248.4,553.8,752.1,1204.0,37.857476080092326,93.03137017956982,208.457038924,672.285580078125,9.378233528382598,234.8573026675113
39.050964,-7.0370483,212.0,2019-06-25 15:00:00,31.2,27,10.2,30.8,0.0,0.0,0.0,0.0,0,1012.7,988.9,8,0,13,0,0.56,3.31,8.2,10.5,218,218,23.8,31.5,23.8,21.4,17.5,0.146,0.198,0.205,0.253,1,3600.0,678.0,381.0,297.0,439.5,678.0,1147.5,639.1,359.1,280.0,439.5,639.1,1081.6,41.55102993932757,93.61211525189671,214.66458793799998,681.305580078125,10.804170538003918,240.15786242585435
39.050964,-7.0370483,212.0,2019-06-25 16:00:00,31.9,26,10.2,30.9,0.0,0.0,0.0,0.0,0,1012.1,988.4,12,0,20,0,0.54,3.48,10.1,13.6,215,217,26.3,31.9,24.1,21.4,17.6,0.146,0.197,0.205,0.253,1,3600.0,634.0,467.0,167.0,619.0,634.0,998.6,576.5,424.6,151.8,619.0,576.5,908.0,45.66039513534964,93.97131964797175,221.093543658,690.451580078125,12.497964233021895,245.58586635173714
39.050964,-7.0370483,212.0,2019-06-25 17:00:00,32.0,27,10.6,29.9,0.0,0.0,0.0,0.0,0,1011.5,987.8,10,0,17,0,0.51,3.48,15.6,21.6,188,191,37.1,31.9,24.5,21.4,17.6,0.146,0.197,0.205,0.253,1,3600.0,523.0,415.0,108.0,683.0,523.0,804.3,452.0,358.7,93.3,683.0,452.0,695.2,54.61800313725531,94.0219882571607,227.454840016,699.6155800781249,16.60547639348846,250.9451820350965
39.050964,-7.0370483,212.0,2019-06-25 18:00:00,30.4,32,12.1,28.9,0.0,0.0,0.0,0.0,0,1011.5,987.7,1,0,1,0,0.36,2.94,14.8,20.6,264,265,36.0,31.3,24.8,21.4,17.6,0.146,0.197,0.205,0.253,1,3600.0,323.0,219.0,104.0,501.8,323.0,577.8,255.8,173.4,82.4,501.8,255.8,457.5,53.20015381877352,93.99653619370937,233.09399773599998,708.4915800781249,15.893239581991509,255.79574961447193
39.050964,-7.0370483,212.0,2019-06-25 19:00:00,28.0,41,13.7,27.3,0.0,0.0,0.0,0.0,0,1011.9,987.9,2,0,4,0,0.22,2.22,13.0,20.4,312,311,35.6,30.2,25.0,21.4,17.6,0.146,0.197,0.205,0.253,1,3600.0,179.0,118.0,61.0,467.2,179.0,334.4,113.1,74.5,38.5,467.2,113.1,211.2,42.96748303180857,92.21484838640308,237.61401168999998,716.9355800781249,11.31284190518099,259.88979172647646
39.050964,-7.0370483,212.0,2019-06-25 20:00:00,26.0,47,13.8,25.6,0.0,0.0,0.0,0.0,0,1012.0,987.8,0,0,0,0,0.11,1.78,11.3,21.9,301,306,27.4,28.7,25.2,21.4,17.6,0.146,0.197,0.205,0.253,0,987.38,35.0,15.0,20.0,129.4,35.0,94.7,0.0,0.0,0.0,0.0,0.0,0.0,35.59150010769797,90.76799638086922,241.39530124799998,725.0195800781248,8.45597351633834,263.47803990336973
39.050964,-7.0370483,212.0,2019-06-25 21:00:00,24.2,55,14.6,23.6,0.0,0.0,0.0,0.0,0,1013.1,988.8,0,0,0,0,0.09,1.36,14.8,26.3,276,283,28.4,27.3,25.3,21.4,17.6,0.146,0.197,0.205,0.253,0,0.0,0.0,0.0,0.0,0.0,0.0,0.0,0.0,0.0,0.0,0.0,0.0,0.0,34.11717265409109,89.08468395487594,244.39258465799998,732.7795800781248,7.925824475110299,266.5442589855891
39.050964,-7.0370483,212.0,2019-06-25 22:00:00,22.9,61,14.9,22.7,0.0,0.0,0.0,0.0,0,1013.9,989.5,0,0,0,0,0.06,1.1,12.5,23.5,288,293,30.2,26.1,25.3,21.5,17.6,0.146,0.197,0.205,0.253,0,0.0,0.0,0.0,0.0,0.0,0.0,0.0,0.0,0.0,0.0,0.0,0.0,0.0,27.872061551504054,87.79492585925757,246.85675441799998,740.3055800781248,5.866259980191419,269.2545197311448
39.050964,-7.0370483,212.0,2019-06-25 23:00:00,21.8,65,14.9,22.0,0.0,0.0,0.0,0.0,0,1014.1,989.6,0,0,0,0,0.04,0.92,9.7,18.7,272,281,24.5,25.1,25.2,21.5,17.6,0.146,0.197,0.205,0.253,0,0.0,0.0,0.0,0.0,0.0,0.0,0.0,0.0,0.0,0.0,0.0,0.0,0.0,23.06840132148907,86.873093831454,248.966831408,747.6335800781247,4.466428398622496,271.7212860971573
39.050964,-7.0370483,212.0,2019-06-26 00:00:00,20.2,72,15.0,20.0,0.0,0.0,0.0,0.0,0,1014.6,989.9,0,0,0,0,0.04,0.66,13.0,23.0,267,270,20.2,24.6,25.1,21.5,17.6,0.142,0.194,0.205,0.253,0,0.0,0.0,0.0,0.0,0.0,0.0,0.0,0.0,0.0,0.0,0.0,0.0,0.0,22.44197478473239,85.41152820839396,250.53694983199998,754.6735800781247,4.2944250982257115,273.81814994074387
39.050964,-7.0370483,212.0,2019-06-26 01:00:00,19.2,78,15.4,19.3,0.0,0.0,0.0,0.0,0,1014.6,989.8,0,0,0,0,0.02,0.48,11.5,20.5,266,269,25.9,23.6,25.0,21.5,17.6,0.142,0.193,0.205,0.253,0,0.0,0.0,0.0,0.0,0.0,0.0,0.0,0.0,0.0,0.0,0.0,0.0,0.0,18.477390700450382,83.98855262404119,251.71269578799996,761.5335800781247,3.2800186152133453,275.647913393463
39.050964,-7.0370483,212.0,2019-06-26 02:00:00,18.5,82,15.4,18.8,0.0,0.0,0.0,0.0,0,1014.5,989.7,0,0,0,0,0.01,0.38,9.9,18.1,260,264,22.7,22.7,24.8,21.5,17.6,0.142,0.193,0.205,0.253,0,0.0,0.0,0.0,0.0,0.0,0.0,0.0,0.0,0.0,0.0,0.0,0.0,0.0,15.547121548366402,82.83140746511893,252.64149823599996,768.2675800781248,2.6026798514277925,277.3058765018221
39.050964,-7.0370483,212.0,2019-06-26 03:00:00,18.0,85,15.3,18.7,0.0,0.0,0.0,0.0,0,1014.6,989.7,0,0,0,0,0.0,0.32,7.4,14.5,256,263,19.1,22.0,24.7,21.5,17.6,0.142,0.193,0.205,0.253,0,0.0,0.0,0.0,0.0,0.0,0.0,0.0,0.0,0.0,0.0,0.0,0.0,0.0,12.843838056591958,81.85433292218428,253.39575532599997,774.9115800781248,2.033637259491668,278.840059828688
39.050964,-7.0370483,212.0,2019-06-26 04:00:00,17.5,87,15.3,18.5,0.0,0.0,0.0,0.0,0,1015.0,990.1,0,0,0,0,0.0,0.27,5.6,10.9,230,243,14.0,21.3,24.4,21.5,17.6,0.142,0.193,0.205,0.253,0,0.0,0.0,0.0,0.0,0.0,0.0,0.0,0.0,0.0,0.0,0.0,0.0,0.0,11.10152248746091,81.07647779657499,254.03233251399996,781.4655800781247,1.6957282517126109,280.28382620463685
39.050964,-7.0370483,212.0,2019-06-26 05:00:00,17.2,88,15.2,18.2,0.0,0.0,0.0,0.0,0,1015.5,990.5,0,0,0,0,0.0,0.23,4.7,9.7,212,222,10.1,20.7,24.2,21.5,17.6,0.142,0.193,0.205,0.253,0,0.0,0.0,0.0,0.0,0.0,0.0,0.0,0.0,0.0,0.0,0.0,0.0,0.0,10.226291625843585,80.58846737299874,254.61046464999995,787.9655800781247,1.5345748346917893,281.6784072500573
39.050964,-7.0370483,212.0,2019-06-26 06:00:00,17.8,83,15.0,18.8,0.0,0.0,0.0,0.0,0,1015.9,991.0,1,1,0,0,0.02,0.34,4.6,9.8,225,216,10.8,20.5,24.0,21.5,17.6,0.142,0.193,0.205,0.253,1,848.66,33.0,14.0,19.0,123.8,33.0,91.0,73.9,31.3,42.5,203.6,44.9,203.7,10.228606263467869,80.63471762888682,255.45633830799994,794.5735800781247,1.53463103335537,283.2498105270194
39.050964,-7.0370483,212.0,2019-06-26 07:00:00,19.7,71,14.4,20.5,0.0,0.0,0.0,0.0,0,1016.2,991.4,5,6,0,0,0.1,0.66,4.8,7.4,207,209,15.1,21.1,23.8,21.5,17.6,0.142,0.193,0.205,0.253,1,3600.0,174.0,112.0,62.0,453.7,174.0,326.8,239.6,154.2,85.4,453.7,239.6,450.0,12.261465488055487,82.44044068582286,257.04435881999996,801.5235800781247,1.9163986663173687,285.3295423429097
39.050964,-7.0370483,212.0,2019-06-26 08:00:00,22.0,62,14.5,22.4,0.0,0.0,0.0,0.0,0,1016.5,991.9,4,5,0,0,0.23,0.99,6.9,9.5,186,189,19.8,22.4,23.7,21.5,17.6,0.142,0.193,0.205,0.253,1,3600.0,352.0,260.0,92.0,603.4,352.0,570.4,424.7,313.7,111.0,603.4,424.7,688.1,16.76864378120926,84.72340156526074,259.35530776799993,808.8875800781248,2.8725509612782605,287.9198023533083
39.050964,-7.0370483,212.0,2019-06-26 09:00:00,23.9,55,14.3,23.8,0.0,0.0,0.0,0.0,0,1016.4,992.0,5,6,0,0,0.36,1.33,9.8,13.1,188,189,26.6,24.0,23.6,21.5,17.6,0.142,0.193,0.205,0.253,1,3600.0,537.0,427.0,110.0,708.6,537.0,797.7,607.2,482.8,124.4,708.6,607.2,901.9,22.701986479412252,86.65712025043462,262.31705026799995,816.5935800781248,4.353472676581826,290.96499051353237
39.050964,-7.0370483,212.0,2019-06-26 10:00:00,26.1,45,13.3,26.4,0.0,0.0,0.0,0.0,2,1016.2,992.0,53,58,1,0,0.51,1.86,11.6,15.5,196,198,31.0,25.7,23.6,21.5,17.6,0.142,0.193,0.205,0.253,1,3600.0,707.0,584.0,123.0,778.3,707.0,993.2,766.6,633.2,133.4,778.3,766.6,1076.8,30.177895072271692,88.899113228347,266.25550962799997,824.6955800781247,6.568184208844391,294.6717846911232
39.050964,-7.0370483,212.0,2019-06-26 11:00:00,27.3,39,12.3,26.3,0.0,0.0,0.0,0.0,3,1016.1,992.0,100,100,94,0,0.48,2.2,13.1,17.3,196,197,32.4,26.9,23.7,21.5,17.6,0.142,0.193,0.204,0.253,1,3600.0,587.0,334.0,253.0,386.6,587.0,1143.5,616.5,350.8,265.7,386.6,616.5,1200.9,36.626732016432655,90.3994349008373,270.816329812,833.0135800781247,8.783943788431511,298.7888115181602
39.050964,-7.0370483,212.0,2019-06-26 12:00:00,26.1,44,13.1,25.3,0.0,0.0,0.0,0.0,3,1016.4,992.2,100,100,91,0,0.45,1.88,12.9,17.1,193,195,34.6,28.1,23.9,21.5,17.6,0.14,0.194,0.203,0.253,1,3600.0,569.0,182.0,387.0,194.5,569.0,1238.5,581.5,186.0,395.5,194.5,581.5,1265.7,30.191242218017578,87.72500610351562,200.328125,662.662353515625,6.915038108825684,224.77337646484375
39.050964,-7.0370483,212.0,2019-06-26 13:00:00,27.4,39,12.3,26.5,0.0,0.0,0.0,0.0,3,1015.9,991.8,100,52,93,0,0.45,2.22,11.2,14.9,195,195,32.8,28.6,24.1,21.6,17.6,0.14,0.193,0.203,0.253,1,1791.3,536.0,115.0,421.0,119.7,536.0,1271.6,534.0,114.6,419.4,119.7,534.0,1266.7,33.54796436327794,90.25050041031074,204.90500441,670.998353515625,7.8137103742397835,232.39325275851104
39.050964,-7.0370483,212.0,2019-06-26 14:00:00,28.8,34,11.5,27.5,0.0,0.0,0.0,0.0,2,1015.0,991.0,61,1,100,0,0.51,2.61,12.9,17.6,203,203,32.4,29.2,24.3,21.6,17.6,0.14,0.193,0.203,0.253,1,3600.0,580.0,198.0,382.0,211.3,580.0,1240.6,562.9,192.2,370.7,211.3,562.9,1204.0,40.55469783221072,91.66802605499254,210.100295654,679.586353515625,10.418072397084293,237.01344300736906
39.050964,-7.0370483,212.0,2019-06-26 15:00:00,29.4,32,11.2,27.3,0.0,0.0,0.0,0.0,2,1014.1,990.2,58,1,95,0,0.49,2.76,16.3,22.0,211,212,37.4,29.6,24.5,21.6,17.6,0.14,0.193,0.203,0.253,1,2871.45,497.0,135.0,362.0,155.7,497.0,1147.6,468.5,127.3,341.2,155.7,468.5,1081.8,47.83205438577777,92.27287345897335,215.560432494,688.282353515625,13.469292729669508,241.79994220988777
39.050964,-7.0370483,212.0,2019-06-26 16:00:00,29.6,32,11.0,27.9,0.0,0.0,0.0,0.0,0,1013.8,989.9,8,0,14,0,0.49,2.82,13.7,18.7,240,236,40.3,30.0,24.7,21.6,17.6,0.14,0.193,0.203,0.253,1,3600.0,554.0,303.0,251.0,401.5,554.0,998.9,503.8,275.5,228.2,401.5,503.8,908.3,44.38685700901919,92.35320192753133,221.05637351,697.014353515625,11.949926555916587,246.5951480214044
39.050964,-7.0370483,212.0,2019-06-26 17:00:00,30.5,27,9.6,28.5,0.0,0.0,0.0,0.0,0,1013.1,989.3,2,0,3,0,0.47,3.17,13.3,18.1,213,211,33.8,30.4,24.9,21.6,17.6,0.14,0.193,0.203,0.253,1,3600.0,524.0,395.0,129.0,649.8,524.0,804.7,452.9,341.4,111.5,649.8,452.9,695.5,48.38705246971335,93.4573422242154,227.12939359799998,705.908353515625,13.67218332620288,251.75242001192277
39.050964,-7.0370483,212.0,2019-06-26 18:00:00,29.8,30,10.4,27.7,0.0,0.0,0.0,0.0,0,1013.2,989.3,2,0,3,0,0.37,2.92,15.2,21.0,216,215,34.9,30.2,25.1,21.6,17.6,0.14,0.193,0.203,0.253,1,3600.0,359.0,271.0,88.0,620.5,359.0,578.1,284.3,214.6,69.7,620.5,284.3,457.9,51.64984800728424,93.50784114358036,232.823837178,714.676353515625,15.152145490763525,256.63465475766566
39.050964,-7.0370483,212.0,2019-06-26 19:00:00,28.6,33,10.6,26.9,0.0,0.0,0.0,0.0,0,1013.4,989.4,1,0,1,0,0.23,2.63,12.3,19.1,212,212,33.8,29.5,25.3,21.6,17.6,0.14,0.193,0.203,0.253,1,3600.0,180.0,118.0,62.0,466.6,180.0,334.7,113.7,74.6,39.2,466.6,113.7,211.5,47.08868509482341,93.49098095007714,238.062567312,723.228353515625,13.061406850347401,261.1886943388491
39.050964,-7.0370483,212.0,2019-06-26 20:00:00,26.5,37,10.7,24.9,0.0,0.0,0.0,0.0,0,1013.8,989.6,0,0,0,0,0.14,2.18,12.5,23.8,213,215,26.3,28.3,25.4,21.6,17.6,0.14,0.193,0.203,0.253,0,1110.91,36.0,16.0,20.0,137.9,36.0,94.9,0.0,0.0,0.0,0.0,0.0,0.0,43.72889097833093,92.57969197000915,242.64023652,731.402353515625,11.613259842582034,265.27242071619014
39.050964,-7.0370483,212.0,2019-06-26 21:00:00,24.4,48,12.5,23.2,0.0,0.0,0.0,0.0,0,1014.8,990.5,0,0,0,0,0.1,1.6,13.5,25.1,261,263,24.5,27.0,25.5,21.6,17.6,0.14,0.193,0.203,0.253,0,0.0,0.0,0.0,0.0,0.0,0.0,0.0,0.0,0.0,0.0,0.0,0.0,0.0,37.22421098113865,90.46265881326137,246.13114368,739.1983535156251,9.04417279657785,268.63966817210786
39.050964,-7.0370483,212.0,2019-06-26 22:00:00,22.0,62,14.5,21.2,0.0,0.0,0.0,0.0,0,1015.5,990.9,0,0,0,0,0.07,0.99,15.2,27.2,275,276,33.1,25.9,25.4,21.6,17.6,0.14,0.193,0.203,0.253,0,0.0,0.0,0.0,0.0,0.0,0.0,0.0,0.0,0.0,0.0,0.0,0.0,0.0,30.39332779967463,87.73217061402904,248.442092628,746.5623535156251,6.661123500470882,271.2318627820582
39.050964,-7.0370483,212.0,2019-06-26 23:00:00,20.9,71,15.4,20.9,0.0,0.0,0.0,0.0,0,1015.8,991.1,0,0,0,0,0.04,0.72,11.9,22.0,284,288,30.2,24.8,25.4,21.6,17.6,0.14,0.193,0.203,0.253,0,0.0,0.0,0.0,0.0,0.0,0.0,0.0,0.0,0.0,0.0,0.0,0.0,0.0,22.442122962465746,85.80979158434585,250.121729708,753.7283535156251,4.294782751431315,273.41460800481144
39.050964,-7.0370483,212.0,2019-06-27 00:00:00,20.2,77,16.1,20.8,0.0,0.0,0.0,0.0,0,1016.4,991.7,0,0,0,0,0.02,0.54,10.2,18.9,280,283,23.0,24.7,25.7,21.7,17.6,0.14,0.193,0.203,0.253,0,0.0,0.0,0.0,0.0,0.0,0.0,0.0,0.0,0.0,0.0,0.0,0.0,0.0,18.28527020988743,84.37136521319546,251.411469842,760.7683535156251,3.2339393163830805,275.3419694928405
39.050964,-7.0370483,212.0,2019-06-27 01:00:00,19.5,82,16.3,20.1,0.0,0.0,0.0,0.0,0,1016.6,991.8,2,0,3,0,0.01,0.41,10.2,18.1,280,283,20.2,23.8,25.5,21.7,17.6,0.14,0.193,0.203,0.253,0,0.0,0.0,0.0,0.0,0.0,0.0,0.0,0.0,0.0,0.0,0.0,0.0,0.0,15.994525904563533,83.00685011240533,252.38766017,767.6823535156251,2.702054011862575,277.0576550509076
39.050964,-7.0370483,212.0,2019-06-27 02:00:00,18.6,86,16.2,19.2,0.0,0.0,0.0,0.0,0,1016.5,991.6,1,0,1,0,0.01,0.31,10.7,18.3,284,285,20.9,23.0,25.3,21.7,17.7,0.141,0.193,0.203,0.253,0,0.0,0.0,0.0,0.0,0.0,0.0,0.0,0.0,0.0,0.0,0.0,0.0,0.0,14.358756033663852,81.65686807743094,253.113747798,774.434353515625,2.3456248432636992,278.59206026266185
39.050964,-7.0370483,212.0,2019-06-27 03:00:00,17.9,88,15.9,18.1,0.0,0.0,0.0,0.0,0,1016.3,991.4,0,0,0,0,0.01,0.25,12.4,21.7,292,291,24.5,22.3,25.2,21.7,17.7,0.141,0.193,0.203,0.253,0,0.0,0.0,0.0,0.0,0.0,0.0,0.0,0.0,0.0,0.0,0.0,0.0,0.0,14.143111533885765,80.73823050931651,253.713994278,781.060353515625,2.2996596704767716,280.0248625867638
39.050964,-7.0370483,212.0,2019-06-27 04:00:00,17.4,88,15.5,17.9,0.0,0.0,0.0,0.0,0,1016.4,991.4,0,0,0,0,0.0,0.23,9.5,17.2,299,299,24.5,21.7,24.9,21.7,17.7,0.141,0.193,0.203,0.253,0,0.0,0.0,0.0,0.0,0.0,0.0,0.0,0.0,0.0,0.0,0.0,0.0,0.0,12.37152797293366,80.51608558415576,254.298444798,787.596353515625,1.9390938054108389,281.42844421598426
39.050964,-7.0370483,212.0,2019-06-27 05:00:00,17.0,89,15.2,17.5,0.0,0.0,0.0,0.0,0,1016.5,991.5,8,3,8,0,0.0,0.21,8.4,14.7,290,301,18.7,21.2,24.7,21.7,17.7,0.141,0.193,0.203,0.253,0,0.0,0.0,0.0,0.0,0.0,0.0,0.0,0.0,0.0,0.0,0.0,0.0,0.0,11.43782284961506,80.12017348369875,254.822607404,794.060353515625,1.758405094011302,282.77848395790625
39.050964,-7.0370483,212.0,2019-06-27 06:00:00,17.6,85,15.0,18.2,0.0,0.0,0.0,0.0,0,1016.8,991.8,4,3,3,0,0.02,0.31,7.3,12.2,290,298,17.3,21.0,24.5,21.7,17.7,0.141,0.193,0.203,0.253,1,611.88,30.0,12.0,18.0,106.5,30.0,90.4,67.2,26.9,40.3,175.7,40.7,202.4,10.97811791279291,80.16626913219754,255.561068534,800.632353515625,1.6716946342922954,284.2729857004709
39.050964,-7.0370483,212.0,2019-06-27 07:00:00,19.4,73,14.5,20.2,0.0,0.0,0.0,0.0,0,1017.0,992.2,7,4,5,0,0.1,0.61,5.0,7.0,300,305,16.6,21.5,24.3,21.7,17.7,0.141,0.192,0.203,0.253,1,3600.0,165.0,102.0,63.0,414.8,165.0,325.5,227.5,140.6,86.9,414.8,227.5,448.7,11.765804180907324,81.93732683518489,257.018245844,807.528353515625,1.8200816740500203,286.2605983585228
39.050964,-7.0370483,212.0,2019-06-27 08:00:00,21.9,61,14.1,22.9,0.0,0.0,0.0,0.0,0,1016.9,992.3,9,6,6,0,0.21,1.02,2.6,3.3,304,311,15.5,22.8,24.1,21.7,17.7,0.141,0.192,0.203,0.253,1,3600.0,343.0,254.0,89.0,590.6,343.0,569.2,414.0,306.6,107.4,590.6,414.0,687.0,13.805415655850231,84.44270629380229,259.379741864,814.874353515625,2.226386531525049,288.8792114630449
39.050964,-7.0370483,212.0,2019-06-27 09:00:00,24.1,54,14.2,25.3,0.0,0.0,0.0,0.0,0,1016.9,992.5,13,9,8,0,0.33,1.38,1.0,1.5,225,225,13.7,24.5,24.1,21.7,17.7,0.141,0.192,0.203,0.253,1,3600.0,518.0,411.0,107.0,682.9,518.0,796.6,585.8,464.8,121.0,682.9,585.8,900.9,16.005056698991456,86.4112217555238,262.431521336,822.616353515625,2.6986163720740235,291.98778413265086
39.050964,-7.0370483,212.0,2019-06-27 10:00:00,25.9,47,13.8,27.4,0.0,0.0,0.0,0.0,0,1016.7,992.4,8,7,2,0,0.46,1.76,3.8,4.8,197,193,18.0,26.4,24.1,21.7,17.7,0.141,0.192,0.203,0.253,1,3600.0,670.0,535.0,135.0,713.6,670.0,992.2,726.6,580.2,146.4,713.6,726.6,1076.0,21.76585066939704,88.35574988503771,266.198857796,830.682353515625,4.100899285449658,295.5884557861
39.050964,-7.0370483,212.0,2019-06-27 11:00:00,27.7,41,13.4,29.1,0.0,0.0,0.0,0.0,0,1016.4,992.3,2,2,0,0,0.59,2.17,8.4,10.9,190,189,25.6,28.2,24.2,21.8,17.7,0.141,0.192,0.203,0.253,1,3600.0,811.0,673.0,138.0,779.5,811.0,1142.8,851.8,706.9,144.9,779.5,851.8,1200.3,30.17729599518284,90.0192020759922,270.672273668,839.072353515625,6.564476944537374,299.67100979036746
39.050964,-7.0370483,212.0,2019-06-27 12:00:00,28.9,41,14.3,30.3,0.0,0.0,0.0,0.0,3,1016.3,992.3,94,85,29,0,0.68,2.34,13.0,16.7,186,186,30.2,29.5,24.3,21.8,17.7,0.141,0.193,0.202,0.253,1,3600.0,903.0,759.0,144.0,811.5,903.0,1237.9,922.9,775.7,147.2,811.5,922.9,1265.2,33.67227554321289,91.1064453125,205.171875,670.9061279296875,7.878344535827637,229.3359375
39.050964,-7.0370483,212.0,2019-06-27 13:00:00,29.4,39,13.9,28.7,0.0,0.0,0.0,0.0,3,1015.9,991.9,100,94,81,0,0.51,2.5,13.8,18.5,208,207,35.3,29.9,24.5,21.8,17.7,0.141,0.193,0.202,0.253,1,3600.0,576.0,213.0,363.0,221.8,576.0,1271.2,573.9,212.2,361.6,221.8,573.9,1266.5,39.843416474170475,91.1561680824376,210.06993893,679.6021279296875,10.136797628209589,236.99652374367045
39.050964,-7.0370483,212.0,2019-06-27 14:00:00,31.0,32,12.6,30.5,0.0,0.0,0.0,0.0,1,1015.0,991.2,50,0,83,0,0.48,3.03,8.6,11.8,213,211,34.2,30.6,24.8,21.8,17.7,0.141,0.193,0.202,0.253,1,3545.68,553.0,167.0,386.0,178.2,553.0,1240.4,536.7,162.1,374.7,178.2,536.7,1203.9,37.947398686206306,92.46234038619014,215.81650917800002,688.5861279296876,9.384990076671302,242.00788011462046
39.050964,-7.0370483,212.0,2019-06-27 15:00:00,32.2,29,12.0,30.6,0.0,0.0,0.0,0.0,0,1014.3,990.6,10,0,16,0,0.58,3.39,16.7,22.1,213,214,38.2,31.3,25.0,21.8,17.7,0.141,0.193,0.202,0.253,1,3600.0,591.0,246.0,345.0,283.7,591.0,1147.6,557.2,231.9,325.2,283.7,557.2,1081.9,53.37050308439854,93.36357231565663,222.04090721600002,697.7861279296876,16.01636563220118,247.32779932618396
39.050964,-7.0370483,212.0,2019-06-27 16:00:00,30.9,31,12.0,29.5,0.0,0.0,0.0,0.0,0,1014.4,990.6,1,0,1,0,0.61,3.07,18.4,24.8,271,269,42.8,31.8,25.3,21.8,17.7,0.141,0.192,0.202,0.253,1,3600.0,686.0,561.0,125.0,743.2,686.0,999.0,623.9,510.2,113.7,743.2,623.9,908.5,56.57415278747726,93.41404027685391,227.85382049600003,706.7521279296876,17.572137537727972,252.33132736423414
39.050964,-7.0370483,212.0,2019-06-27 17:00:00,30.0,32,11.5,28.1,0.0,0.0,0.0,0.0,0,1014.3,990.4,0,0,0,0,0.49,2.89,16.1,22.1,286,286,43.9,31.6,25.6,21.8,17.7,0.141,0.192,0.202,0.253,1,3600.0,542.0,434.0,108.0,713.6,542.0,804.9,468.5,375.2,93.4,713.6,468.5,695.8,52.933993917847594,93.46452490006601,233.421369864,715.5561279296876,15.759708695469095,257.1393478909797
39.050964,-7.0370483,212.0,2019-06-27 18:00:00,29.2,32,10.6,26.9,0.0,0.0,0.0,0.0,0,1014.4,990.4,0,0,0,0,0.38,2.76,16.9,23.7,281,284,38.5,31.1,25.8,21.8,17.7,0.141,0.192,0.202,0.253,1,3600.0,364.0,280.0,84.0,640.7,364.0,578.4,288.3,221.8,66.5,640.7,288.3,458.1,54.55156087688549,93.51502619079389,238.845702528,724.2161279296876,16.52387282972659,261.82083136716466
39.050964,-7.0370483,212.0,2019-06-27 19:00:00,27.9,29,8.4,25.0,0.0,0.0,0.0,0.0,0,1014.7,990.6,0,0,0,0,0.27,2.65,16.5,25.1,293,295,37.8,30.1,26.0,21.8,17.7,0.141,0.192,0.202,0.253,1,3600.0,180.0,119.0,61.0,470.2,180.0,335.0,113.8,75.2,38.6,470.2,113.8,211.7,54.14546148699845,93.56554415454035,244.26634946800002,732.6421279296876,16.30849687066111,266.4464409394372
39.050964,-7.0370483,212.0,2019-06-27 20:00:00,25.8,34,8.6,23.5,0.0,0.0,0.0,0.0,0,1015.2,991.0,0,0,0,0,0.15,2.2,13.2,23.8,299,302,34.6,28.7,26.1,21.8,17.7,0.141,0.192,0.202,0.253,0,1111.18,36.0,16.0,20.0,137.8,36.0,95.0,0.0,0.0,0.0,0.0,0.0,0.0,46.327544366593585,92.96735199242765,248.94037403200002,740.6901279296876,12.703053704147562,270.5533714171249
39.050964,-7.0370483,212.0,2019-06-27 21:00:00,24.4,38,9.3,22.2,0.0,0.0,0.0,0.0,0,1016.1,991.7,0,0,0,0,0.12,1.88,13.3,24.6,303,305,26.3,27.4,26.1,21.8,17.7,0.141,0.192,0.202,0.253,0,0.0,0.0,0.0,0.0,0.0,0.0,0.0,0.0,0.0,0.0,0.0,0.0,0.0,42.846937280300914,92.0549258185862,253.10260949200003,748.4861279296877,11.228660150147805,274.3092126787905
39.050964,-7.0370483,212.0,2019-06-27 22:00:00,22.4,52,12.2,20.9,0.0,0.0,0.0,0.0,0,1016.6,992.0,0,0,0,0,0.09,1.29,14.8,26.6,293,298,30.2,26.3,26.0,21.9,17.7,0.141,0.192,0.202,0.253,0,0.0,0.0,0.0,0.0,0.0,0.0,0.0,0.0,0.0,0.0,0.0,0.0,0.0,35.65789758526237,89.53647653068481,256.072249972,755.9221279296877,8.456760019417928,277.30148043341273
39.050964,-7.0370483,212.0,2019-06-27 23:00:00,20.9,63,13.6,20.1,0.0,0.0,0.0,0.0,0,1017.3,992.6,0,0,0,0,0.06,0.91,13.8,24.4,298,301,29.9,25.2,26.0,21.9,17.7,0.141,0.192,0.202,0.253,0,0.0,0.0,0.0,0.0,0.0,0.0,0.0,0.0,0.0,0.0,0.0,0.0,0.0,27.902070357006785,87.33444500980059,258.215235212,763.0881279296877,5.864387504085164,279.76332998545865
39.050964,-7.0370483,212.0,2019-06-28 00:00:00,19.9,66,13.4,19.1,0.0,0.0,0.0,0.0,0,1017.7,992.9,0,0,0,0,0.05,0.78,12.9,23.0,297,299,27.4,24.8,26.1,21.9,17.7,0.14,0.193,0.202,0.253,0,0.0,0.0,0.0,0.0,0.0,0.0,0.0,0.0,0.0,0.0,0.0,0.0,0.0,24.663609064564746,86.39460635419151,260.09495445199997,770.0741279296877,4.903909283828764,282.0400922555903
39.050964,-7.0370483,212.0,2019-06-28 01:00:00,19.3,68,13.1,18.3,0.0,0.0,0.0,0.0,0,1017.6,992.8,0,0,0,0,0.05,0.72,13.0,23.2,294,300,25.6,23.8,25.9,21.9,17.7,0.14,0.193,0.202,0.253,0,0.0,0.0,0.0,0.0,0.0,0.0,0.0,0.0,0.0,0.0,0.0,0.0,0.0,23.460683019255626,85.84969160865275,261.8135549,776.9521279296878,4.564985214066448,284.20340323737946
39.050964,-7.0370483,212.0,2019-06-28 02:00:00,19.0,66,12.6,18.0,0.0,0.0,0.0,0.0,0,1017.2,992.3,0,0,0,0,0.05,0.74,12.4,22.8,300,305,26.3,23.1,25.7,21.9,17.7,0.14,0.193,0.202,0.253,0,0.0,0.0,0.0,0.0,0.0,0.0,0.0,0.0,0.0,0.0,0.0,0.0,0.0,23.0798603854758,85.8976788595394,263.61271474399996,783.7761279296877,4.458908552854255,286.4045181859192
39.050964,-7.0370483,212.0,2019-06-28 03:00:00,18.7,65,12.0,18.1,0.0,0.0,0.0,0.0,0,1017.0,992.1,0,0,0,0,0.03,0.75,8.7,17.1,308,318,23.8,22.4,25.5,21.9,17.7,0.14,0.193,0.202,0.253,0,0.0,0.0,0.0,0.0,0.0,0.0,0.0,0.0,0.0,0.0,0.0,0.0,0.0,20.303489449860997,85.9456819534335,265.437148124,790.5461279296877,3.7254652125410397,288.6110748864447
39.050964,-7.0370483,212.0,2019-06-28 04:00:00,18.5,64,11.5,17.9,0.0,0.0,0.0,0.0,0,1016.7,991.8,0,0,0,0,0.03,0.77,7.7,14.7,311,332,16.2,21.9,25.3,21.9,17.7,0.14,0.193,0.202,0.253,0,0.0,0.0,0.0,0.0,0.0,0.0,0.0,0.0,0.0,0.0,0.0,0.0,0.0,19.675305653053492,85.99370089556564,267.29475302,797.2801279296878,3.566341615247659,290.8308717794628
39.050964,-7.0370483,212.0,2019-06-28 05:00:00,18.5,61,10.9,17.8,0.0,0.0,0.0,0.0,0,1016.6,991.7,0,0,0,0,0.02,0.82,6.1,12.3,315,339,13.3,21.4,25.1,21.9,17.7,0.14,0.193,0.202,0.253,0,0.0,0.0,0.0,0.0,0.0,0.0,0.0,0.0,0.0,0.0,0.0,0.0,0.0,18.645618784048697,86.04173569116811,269.307158324,804.0141279296878,3.312365691733912,293.14207655077706
39.050964,-7.0370483,212.0,2019-06-28 06:00:00,19.0,58,10.6,18.8,0.0,0.0,0.0,0.0,0,1016.8,992.0,0,0,0,0,0.02,0.92,2.7,6.8,337,18,9.0,21.2,24.8,22.0,17.7,0.14,0.193,0.202,0.253,1,841.63,32.0,14.0,18.0,124.9,32.0,89.7,71.7,31.4,40.3,206.5,43.3,201.0,16.504352126511392,86.08978634547496,271.529649896,810.8381279296877,2.8097362530541723,295.59263196003815
39.050964,-7.0370483,212.0,2019-06-28 07:00:00,21.5,47,9.7,21.0,0.0,0.0,0.0,0.0,0,1016.8,992.2,0,0,0,0,0.1,1.35,2.9,4.5,330,346,10.4,22.0,24.6,22.0,17.7,0.14,0.193,0.202,0.253,1,3600.0,174.0,114.0,60.0,465.4,174.0,324.2,240.2,157.3,82.8,465.4,240.2,447.4,19.438140823322954,87.57482105278262,274.683050044,818.1121279296877,3.504277052639331,298.66903876531853
39.050964,-7.0370483,212.0,2019-06-28 08:00:00,24.3,41,10.3,24.0,0.0,0.0,0.0,0.0,0,1016.5,992.1,0,0,0,0,0.23,1.79,3.0,4.4,346,351,13.7,23.5,24.5,22.0,17.7,0.14,0.193,0.202,0.253,1,3600.0,359.0,275.0,84.0,640.8,359.0,567.9,433.5,332.1,101.4,640.8,433.5,685.8,23.125139229847644,89.22631716648122,278.62835432,825.8901279296878,4.4631533092598925,302.2953036156238
39.050964,-7.0370483,212.0,2019-06-28 09:00:00,27.3,37,11.2,27.2,0.0,0.0,0.0,0.0,0,1015.8,991.7,0,0,0,0,0.37,2.29,2.6,3.7,16,11,14.8,25.5,24.4,22.0,17.7,0.14,0.193,0.202,0.253,1,3600.0,545.0,446.0,99.0,742.0,545.0,795.5,616.5,504.5,112.0,742.0,616.5,899.9,26.299717067287258,90.65030883021717,283.33870959200004,834.2081279296877,5.363839909315515,306.4571046465019
39.050964,-7.0370483,212.0,2019-06-28 10:00:00,30.0,33,12.1,31.5,0.0,0.0,0.0,0.0,0,1015.3,991.4,0,0,0,0,0.5,2.82,1.6,2.3,27,18,14.8,27.9,24.5,22.0,17.8,0.14,0.192,0.202,0.253,1,3600.0,711.0,601.0,110.0,802.4,711.0,991.3,771.2,651.8,119.3,802.4,771.2,1075.1,28.89204629460356,91.96676870735539,288.82438323400004,843.0121279296877,6.149939867546363,311.14516003604575
39.050964,-7.0370483,212.0,2019-06-28 11:00:00,32.3,30,12.6,34.8,0.0,0.0,0.0,0.0,0,1014.5,990.8,0,0,0,0,0.61,3.37,1.4,1.8,90,79,15.1,30.3,24.7,22.0,17.8,0.14,0.192,0.202,0.253,1,3600.0,841.0,723.0,118.0,837.9,841.0,1142.0,883.4,759.5,124.0,837.9,883.4,1199.6,31.832353481986022,93.05604648519554,294.979542314,852.2301279296877,7.096929780862557,316.27826203685913
39.050964,-7.0370483,212.0,2019-06-28 12:00:00,33.0,30,13.3,35.9,0.0,0.0,0.0,0.0,0,1013.8,990.1,0,0,0,0,0.7,3.49,3.5,4.2,114,110,16.9,32.3,24.9,22.0,17.8,0.141,0.193,0.202,0.253,1,3600.0,924.0,803.0,121.0,858.9,924.0,1237.3,944.5,820.8,123.7,858.9,944.5,1264.8,36.876953125,93.482421875,211.5234375,680.1064453125,9.0712890625,235.0390625
39.050964,-7.0370483,212.0,2019-06-28 13:00:00,35.0,27,13.0,37.8,0.0,0.0,0.0,0.0,0,1013.2,989.7,0,0,0,0,0.75,4.12,4.3,5.3,156,152,19.4,34.1,25.3,22.0,17.8,0.141,0.193,0.202,0.253,1,3600.0,954.0,831.0,123.0,865.4,954.0,1270.9,950.5,828.0,122.6,865.4,950.5,1266.2,38.78840006337281,94.25172565205126,218.461286398,689.8104453125,9.699873788884299,243.8532490418479
39.050964,-7.0370483,212.0,2019-06-28 14:00:00,35.8,25,12.5,38.0,0.0,0.0,0.0,0.0,0,1012.6,989.2,0,0,0,0,0.74,4.42,5.8,7.2,180,180,22.0,35.4,25.7,22.0,17.8,0.141,0.193,0.202,0.253,1,3600.0,927.0,806.0,121.0,860.1,927.0,1240.2,899.8,782.4,117.5,860.1,899.8,1203.8,42.96094143027326,94.83851365257475,225.74717294799999,699.6584453124999,11.341953766804307,249.90920893292116
39.050964,-7.0370483,212.0,2019-06-28 15:00:00,36.2,24,12.4,37.8,0.0,0.0,0.0,0.0,0,1012.0,988.6,0,0,0,0,0.69,4.56,6.2,7.7,190,191,22.0,36.3,26.1,22.0,17.8,0.141,0.193,0.202,0.253,1,3600.0,847.0,730.0,117.0,841.9,847.0,1147.6,798.5,688.2,110.3,841.9,798.5,1081.9,44.738024340838805,95.14183649621961,233.21023751599998,709.5784453124999,12.063926956253745,256.04276756316085
39.050964,-7.0370483,212.0,2019-06-28 16:00:00,36.3,23,12.2,37.1,0.0,0.0,0.0,0.0,0,1011.6,988.2,0,0,0,0,0.59,4.61,5.7,7.4,198,203,22.0,36.6,26.6,22.0,17.8,0.141,0.193,0.202,0.253,1,3600.0,719.0,610.0,109.0,808.0,719.0,999.1,653.9,554.8,99.1,808.0,653.9,908.7,44.98275713018559,95.37761614419256,240.791771784,719.5164453124999,12.148706645835215,262.2083700781111
39.050964,-7.0370483,212.0,2019-06-28 17:00:00,36.1,24,12.0,36.0,0.0,0.0,0.0,0.0,0,1011.1,987.7,0,0,0,0,0.44,4.56,4.6,6.1,219,220,20.5,36.5,27.0,22.0,17.8,0.141,0.192,0.202,0.253,1,3600.0,553.0,455.0,98.0,748.0,553.0,805.1,478.1,393.4,84.7,748.0,478.1,696.0,43.652297611680915,95.42874904265547,248.234828136,729.4184453124999,11.574036414210909,268.2464039028187
39.050964,-7.0370483,212.0,2019-06-28 18:00:00,35.8,24,11.9,35.6,0.0,0.0,0.0,0.0,0,1010.7,987.3,0,0,0,0,0.31,4.49,5.4,7.1,222,225,16.6,35.9,27.4,22.1,17.8,0.141,0.192,0.202,0.253,1,3600.0,367.0,285.0,82.0,651.9,367.0,578.6,290.7,225.8,65.0,651.9,290.7,458.3,45.020464038041474,95.47989882266245,255.61785984,739.2664453124999,12.134407050332092,274.20472388245855
39.050964,-7.0370483,212.0,2019-06-28 19:00:00,34.5,26,12.2,33.9,0.0,0.0,0.0,0.0,0,1010.8,987.3,0,0,0,0,0.23,4.04,8.8,14.5,282,284,16.6,34.8,27.7,22.1,17.8,0.141,0.192,0.202,0.253,1,3600.0,182.0,121.0,61.0,477.9,182.0,335.1,115.0,76.5,38.6,477.9,115.0,211.8,50.40870322127544,95.53106548978695,262.553339344,748.8804453124999,14.502739812899026,279.83509227455636
39.050964,-7.0370483,212.0,2019-06-28 20:00:00,30.5,36,14.0,29.4,0.0,0.0,0.0,0.0,0,1011.3,987.5,0,0,0,0,0.19,2.77,16.2,28.0,291,294,32.0,33.2,27.9,22.1,17.8,0.141,0.192,0.202,0.253,0,1234.03,36.0,17.0,19.0,146.3,36.0,95.0,0.0,0.0,0.0,0.0,0.0,0.0,53.642040040965256,93.54305451732968,267.877630928,757.7744453124999,16.013584549246087,284.40672416893847
39.050964,-7.0370483,212.0,2019-06-28 21:00:00,27.9,48,15.9,27.6,0.0,0.0,0.0,0.0,0,1012.4,988.4,0,0,0,0,0.13,1.94,15.8,28.0,291,298,32.0,31.5,28.0,22.1,17.8,0.141,0.192,0.202,0.253,0,0.0,0.0,0.0,0.0,0.0,0.0,0.0,0.0,0.0,0.0,0.0,0.0,0.0,42.18975606873922,90.98250962830878,271.847682208,766.2004453124999,10.937736774330878,288.1269666586807
39.050964,-7.0370483,212.0,2019-06-28 22:00:00,25.6,54,15.6,25.2,0.0,0.0,0.0,0.0,0,1013.1,988.9,0,0,0,0,0.11,1.51,15.9,27.6,288,292,32.8,29.9,28.0,22.1,17.8,0.141,0.192,0.202,0.253,0,0.0,0.0,0.0,0.0,0.0,0.0,0.0,0.0,0.0,0.0,0.0,0.0,0.0,36.663829869581974,89.43130295771796,275.08111521999996,774.2124453125,8.804873066602573,291.35919513461545
39.050964,-7.0370483,212.0,2019-06-28 23:00:00,24.0,56,14.6,23.2,0.0,0.0,0.0,0.0,0,1013.1,988.8,0,0,0,0,0.1,1.31,15.9,27.8,288,291,31.7,28.6,28.0,22.2,17.8,0.141,0.192,0.202,0.253,0,0.0,0.0,0.0,0.0,0.0,0.0,0.0,0.0,0.0,0.0,0.0,0.0,0.0,34.24275067497616,88.7063255995657,277.98862492399996,781.9364453125,7.934639950642457,294.35744960215874
39.050964,-7.0370483,212.0,2019-06-29 00:00:00,22.3,58,13.7,21.5,0.0,0.0,0.0,0.0,0,1014.1,989.6,0,0,0,0,0.08,1.13,13.9,25.2,280,284,31.3,27.3,27.9,22.2,17.8,0.141,0.194,0.204,0.253,0,0.0,0.0,0.0,0.0,0.0,0.0,0.0,0.0,0.0,0.0,0.0,0.0,0.0,30.167530118507145,88.0859865638143,280.57600317199996,789.3544453125,6.563072672124121,297.1220007830365
39.050964,-7.0370483,212.0,2019-06-29 01:00:00,21.1,60,13.0,20.3,0.0,0.0,0.0,0.0,0,1014.6,990.0,0,0,0,0,0.06,1.01,12.0,21.6,277,281,27.0,26.2,27.7,22.2,17.8,0.141,0.194,0.204,0.253,0,0.0,0.0,0.0,0.0,0.0,0.0,0.0,0.0,0.0,0.0,0.0,0.0,0.0,26.81544363121412,87.54638758188794,282.913805252,796.5564453125,5.52050063433146,299.70830861630986
39.050964,-7.0370483,212.0,2019-06-29 02:00:00,20.2,61,12.4,19.7,0.0,0.0,0.0,0.0,0,1014.6,989.9,0,0,0,0,0.04,0.93,8.8,15.8,282,287,23.8,25.2,27.5,22.2,17.8,0.141,0.194,0.204,0.253,0,0.0,0.0,0.0,0.0,0.0,0.0,0.0,0.0,0.0,0.0,0.0,0.0,0.0,23.156499529799692,87.20010737990118,285.100755914,803.5964453125,4.471777084846789,302.18116603618756
39.050964,-7.0370483,212.0,2019-06-29 03:00:00,19.5,62,12.1,18.8,0.0,0.0,0.0,0.0,0,1014.7,990.0,0,0,0,0,0.04,0.85,9.3,16.4,283,285,17.3,24.4,27.3,22.2,17.8,0.141,0.194,0.204,0.253,0,0.0,0.0,0.0,0.0,0.0,0.0,0.0,0.0,0.0,0.0,0.0,0.0,0.0,22.879616041604372,86.90200984748424,287.161602162,810.5104453125,4.395331250026463,304.5606876272499
39.050964,-7.0370483,212.0,2019-06-29 04:00:00,18.8,64,11.9,18.2,0.0,0.0,0.0,0.0,0,1014.5,989.7,0,0,0,0,0.03,0.78,8.5,14.8,282,293,17.6,23.6,27.1,22.3,17.8,0.141,0.194,0.204,0.253,0,0.0,0.0,0.0,0.0,0.0,0.0,0.0,0.0,0.0,0.0,0.0,0.0,0.0,21.315115238328094,86.48319957011124,289.047639786,817.2984453125,3.9782407914810736,306.81926758939414
39.050964,-7.0370483,212.0,2019-06-29 05:00:00,18.3,66,12.0,17.7,0.0,0.0,0.0,0.0,0,1014.7,989.9,0,0,0,0,0.03,0.71,8.3,13.7,270,288,15.5,23.0,26.8,22.3,17.8,0.141,0.194,0.204,0.253,0,0.0,0.0,0.0,0.0,0.0,0.0,0.0,0.0,0.0,0.0,0.0,0.0,0.0,20.26534196025562,86.05561481010317,290.784142322,823.9964453125,3.7079194900848345,308.9771416636893
39.050964,-7.0370483,212.0,2019-06-29 06:00:00,18.8,65,12.0,18.5,0.0,0.0,0.0,0.0,0,1014.9,990.1,0,0,0,0,0.04,0.76,6.2,11.0,291,302,14.4,22.6,26.5,22.3,17.8,0.141,0.193,0.204,0.253,1,837.5,32.0,14.0,18.0,125.5,32.0,89.0,71.7,31.4,40.4,208.2,43.2,199.6,18.858475222603765,86.1036700466059,292.617790012,830.7844453125,3.358210008623508,311.2050288493606
39.050964,-7.0370483,212.0,2019-06-29 07:00:00,21.1,56,12.1,21.2,0.0,0.0,0.0,0.0,0,1015.3,990.7,0,0,0,0,0.11,1.09,3.7,4.9,299,306,14.0,23.1,26.3,22.3,17.8,0.141,0.193,0.204,0.253,1,3600.0,175.0,115.0,60.0,471.6,175.0,322.7,241.9,158.9,82.9,471.6,241.9,446.0,17.76176148237111,86.41878056502917,295.1893723,837.9864453125,3.0952240807125566,313.9225770211108
39.050964,-7.0370483,212.0,2019-06-29 08:00:00,24.5,47,12.5,25.1,0.0,0.0,0.0,0.0,0,1015.2,990.9,0,0,0,0,0.22,1.63,1.1,1.6,288,297,13.0,24.5,26.1,22.3,17.8,0.141,0.193,0.204,0.253,1,3600.0,362.0,279.0,83.0,651.6,362.0,566.6,437.3,337.1,100.3,651.6,437.3,684.5,19.081729929508537,88.02029294008979,298.761365388,845.8004453125,3.4111563407157304,317.31259329088954
39.050964,-7.0370483,212.0,2019-06-29 09:00:00,28.0,39,12.9,28.8,0.0,0.0,0.0,0.0,0,1014.9,990.8,0,0,0,0,0.37,2.29,0.7,0.7,270,270,11.9,26.6,26.0,22.3,17.8,0.141,0.193,0.204,0.253,1,3600.0,550.0,452.0,98.0,753.1,550.0,794.3,622.4,511.5,110.9,753.1,622.4,898.8,23.304233240176785,90.10051044766756,303.434600154,854.2444453124999,4.505570470600472,321.43148342813413
39.050964,-7.0370483,212.0,2019-06-29 10:00:00,31.1,33,12.9,32.8,0.0,0.0,0.0,0.0,0,1014.4,990.6,0,0,0,1,0.52,3.02,2.3,3.0,288,284,14.8,29.0,26.0,22.3,17.8,0.141,0.193,0.204,0.253,1,3600.0,717.0,608.0,109.0,812.5,717.0,990.2,777.8,659.6,118.2,812.5,777.8,1074.2,29.938603108191348,92.08135737366503,309.114300838,863.2464453124999,6.4747799702868685,326.2060756707684
39.050964,-7.0370483,212.0,2019-06-29 11:00:00,33.3,29,12.8,35.7,0.0,0.0,0.0,0.0,0,1014.1,990.5,2,0,0,7,0.63,3.63,2.7,3.5,247,246,16.9,31.4,26.2,22.3,17.8,0.141,0.193,0.204,0.253,1,3600.0,846.0,729.0,117.0,845.4,846.0,1141.2,888.8,765.9,122.9,845.4,888.8,1198.9,34.47962401000499,93.43993430620132,315.544309622,872.6444453124999,7.994888649850368,331.45606264954006
39.050964,-7.0370483,212.0,2019-06-29 12:00:00,33.7,28,12.7,36.5,0.0,0.0,0.0,0.0,0,1013.9,990.3,16,0,5,42,0.71,3.76,3.4,4.2,162,160,18.4,33.3,26.4,22.3,17.8,0.145,0.193,0.203,0.253,1,3600.0,930.0,807.0,123.0,863.5,930.0,1236.7,950.7,825.0,125.7,863.5,950.7,1264.3,41.97265625,93.6318359375,217.5234375,689.3128662109375,11.119129180908203,240.828125
39.050964,-7.0370483,212.0,2019-06-29 13:00:00,35.4,24,11.7,37.7,0.0,0.0,0.0,0.0,0,1013.4,989.9,8,0,0,26,0.72,4.38,4.0,5.5,190,191,20.2,34.9,26.7,22.4,17.8,0.145,0.192,0.203,0.253,1,3600.0,911.0,713.0,198.0,742.7,911.0,1270.5,907.7,710.4,197.3,742.7,907.7,1265.9,40.8055827917127,94.917189724563,224.82643634,699.0888662109375,10.470895466026843,249.25352367715692
39.050964,-7.0370483,212.0,2019-06-29 14:00:00,36.4,21,10.7,37.9,0.0,0.0,0.0,0.0,0,1012.7,989.3,3,0,0,10,0.75,4.78,6.3,8.1,211,212,22.3,36.2,27.1,22.4,17.8,0.144,0.192,0.203,0.253,1,3600.0,918.0,755.0,163.0,805.7,918.0,1240.0,891.1,732.9,158.2,805.7,891.1,1203.7,47.45781115440847,95.7894639777459,232.62569158999997,709.0448662109375,13.243127653182523,255.60342474867687
39.050964,-7.0370483,212.0,2019-06-29 15:00:00,36.8,20,10.2,37.5,0.0,0.0,0.0,0.0,0,1012.2,988.9,0,0,0,0,0.71,4.95,7.6,9.6,211,214,23.8,37.0,27.5,22.4,17.8,0.144,0.192,0.203,0.253,1,3600.0,850.0,728.0,122.0,839.6,850.0,1147.5,801.4,686.4,115.0,839.6,801.4,1081.9,50.86664234785491,96.10928103451262,240.60791670999998,719.0728662109375,14.765526712969768,262.02572497346813
39.050964,-7.0370483,212.0,2019-06-29 16:00:00,36.8,20,10.3,36.8,0.0,0.0,0.0,0.0,0,1011.8,988.5,0,0,0,0,0.61,4.94,7.2,9.0,217,217,24.1,37.4,27.9,22.4,17.8,0.144,0.192,0.203,0.253,1,3600.0,721.0,613.0,108.0,811.9,721.0,999.2,655.8,557.5,98.2,811.9,655.8,908.8,50.49280313049919,96.16065549239175,248.59014183,729.1008662109375,14.571687182309502,268.39993915231236
39.050964,-7.0370483,212.0,2019-06-29 17:00:00,36.6,20,10.0,35.6,0.0,0.0,0.0,0.0,0,1011.5,988.2,0,0,0,0,0.47,4.9,6.6,8.7,241,240,22.0,37.2,28.3,22.4,17.9,0.144,0.192,0.203,0.253,1,3600.0,556.0,458.0,98.0,752.8,556.0,805.2,480.7,396.0,84.7,752.8,480.7,696.1,49.79942333717442,96.2120469115659,256.53024439,739.0928662109375,14.23616451903877,274.6988347801707
39.050964,-7.0370483,212.0,2019-06-29 18:00:00,36.2,20,9.6,34.7,0.0,0.0,0.0,0.0,0,1011.1,987.8,0,0,0,0,0.38,4.8,9.5,12.8,261,260,22.3,36.6,28.6,22.4,17.9,0.144,0.192,0.203,0.253,1,3600.0,370.0,287.0,83.0,656.3,370.0,578.7,293.1,227.3,65.7,656.3,293.1,458.4,54.81403271869123,96.26345529763485,264.38610183000003,749.0128662109374,16.590886168213597,280.89597845339864
39.050964,-7.0370483,212.0,2019-06-29 19:00:00,33.6,27,11.9,32.1,0.0,0.0,0.0,0.0,0,1011.3,987.8,0,0,0,0,0.29,3.82,14.1,23.0,285,287,29.2,35.3,28.9,22.5,17.9,0.144,0.192,0.203,0.253,1,3600.0,183.0,123.0,60.0,485.7,183.0,335.2,115.7,77.7,37.9,485.7,115.7,211.8,60.05139646103619,95.64216357020528,271.05489287600005,758.4648662109374,19.230859944636297,286.3105809676479
39.050964,-7.0370483,212.0,2019-06-29 20:00:00,30.3,39,15.0,29.6,0.0,0.0,0.0,0.0,0,1011.8,988.0,0,0,0,0,0.18,2.61,15.7,27.6,302,306,31.7,33.6,29.0,22.5,17.9,0.144,0.192,0.203,0.253,0,1233.4,37.0,17.0,20.0,146.3,37.0,95.0,0.0,0.0,0.0,0.0,0.0,0.0,50.49988639316027,93.02359943189272,276.09748984000004,767.3228662109374,14.52245811666515,290.6980972166836
39.050964,-7.0370483,212.0,2019-06-29 21:00:00,27.9,48,16.0,27.8,0.0,0.0,0.0,0.0,0,1012.8,988.8,0,0,0,0,0.12,1.94,14.3,25.3,288,296,31.7,31.9,29.1,22.5,17.9,0.144,0.192,0.203,0.253,0,0.0,0.0,0.0,0.0,0.0,0.0,0.0,0.0,0.0,0.0,0.0,0.0,0.0,40.0277649985066,90.93452300682853,280.06754112000004,775.7488662109374,10.072353232350771,294.40947105360294
39.050964,-7.0370483,212.0,2019-06-29 22:00:00,25.8,53,15.5,25.5,0.0,0.0,0.0,0.0,0,1013.5,989.3,0,0,0,0,0.1,1.55,14.5,25.3,276,281,28.4,30.4,29.1,22.5,17.9,0.144,0.192,0.203,0.253,0,0.0,0.0,0.0,0.0,0.0,0.0,0.0,0.0,0.0,0.0,0.0,0.0,0.0,35.623711964285356,89.6125479591836,283.396013158,783.7968662109374,8.421274671074082,297.69732233526145
39.050964,-7.0370483,212.0,2019-06-29 23:00:00,24.3,54,14.5,23.7,0.0,0.0,0.0,0.0,0,1013.4,989.1,0,0,0,0,0.09,1.39,14.6,25.9,280,284,28.4,29.0,29.0,22.6,17.9,0.144,0.192,0.203,0.253,0,0.0,0.0,0.0,0.0,0.0,0.0,0.0,0.0,0.0,0.0,0.0,0.0,0.0,33.96549255575121,89.07239931261563,286.472013102,791.5748662109374,7.832523932526605,300.79696056688664
39.050964,-7.0370483,212.0,2019-06-30 00:00:00,22.5,58,13.7,21.7,0.0,0.0,0.0,0.0,0,1014.8,990.3,0,0,0,0,0.07,1.15,13.1,23.2,286,286,28.8,27.9,29.0,22.6,17.9,0.142,0.193,0.204,0.253,0,0.0,0.0,0.0,0.0,0.0,0.0,0.0,0.0,0.0,0.0,0.0,0.0,0.0,29.629931790175714,88.17727498564513,289.081505694,799.0288662109374,6.386808466016491,303.5808828907591
39.050964,-7.0370483,212.0,2019-06-30 01:00:00,21.4,61,13.5,20.8,0.0,0.0,0.0,0.0,0,1015.0,990.4,0,0,0,0,0.06,1.0,11.3,20.1,279,279,25.9,26.8,28.8,22.6,17.9,0.142,0.193,0.204,0.253,0,0.0,0.0,0.0,0.0,0.0,0.0,0.0,0.0,0.0,0.0,0.0,0.0,0.0,25.965710733710484,87.46260736286135,291.391664844,806.2848662109374,5.265748857658281,306.1639250963694
39.050964,-7.0370483,212.0,2019-06-30 02:00:00,20.4,64,13.3,20.1,0.0,0.0,0.0,0.0,0,1015.2,990.5,14,0,4,37,0.04,0.87,9.1,14.3,277,280,22.0,25.8,28.5,22.6,17.9,0.142,0.193,0.204,0.253,0,0.0,0.0,0.0,0.0,0.0,0.0,0.0,0.0,0.0,0.0,0.0,0.0,0.0,22.46841057163083,86.79034367329143,293.429343684,813.3608662109374,4.2827741769470125,308.56379182583805
39.050964,-7.0370483,212.0,2019-06-30 03:00:00,19.6,67,13.2,19.5,0.0,0.0,0.0,0.0,0,1015.2,990.5,14,0,16,15,0.03,0.76,8.0,12.0,275,279,17.3,25.0,28.3,22.7,17.9,0.142,0.193,0.204,0.253,0,0.0,0.0,0.0,0.0,0.0,0.0,0.0,0.0,0.0,0.0,0.0,0.0,0.0,20.211883931659806,86.13609322637579,295.22771373,820.2928662109374,3.693858242208908,310.80476049446895
39.050964,-7.0370483,212.0,2019-06-30 04:00:00,19.0,70,13.3,19.1,0.0,0.0,0.0,0.0,0,1015.3,990.5,0,0,0,0,0.01,0.66,6.1,8.6,270,270,15.5,24.2,28.0,22.7,17.9,0.142,0.192,0.204,0.253,0,0.0,0.0,0.0,0.0,0.0,0.0,0.0,0.0,0.0,0.0,0.0,0.0,0.0,17.657768937148784,85.50066750144461,296.81520771,827.1168662109374,3.071027385733541,312.90839000742324
39.050964,-7.0370483,212.0,2019-06-30 05:00:00,18.4,73,13.5,18.6,0.0,0.0,0.0,0.0,0,1015.5,990.6,0,0,0,0,0.01,0.57,5.8,7.6,292,262,11.9,23.5,27.7,22.7,17.9,0.142,0.192,0.204,0.253,0,0.0,0.0,0.0,0.0,0.0,0.0,0.0,0.0,0.0,0.0,0.0,0.0,0.0,16.305023036934788,84.83634260309442,298.2013032,833.8328662109374,2.7599321886340205,314.87919961220723
39.050964,-7.0370483,212.0,2019-06-30 06:00:00,19.0,71,13.6,19.2,0.0,0.0,0.0,0.0,0,1016.0,991.2,0,0,0,0,0.03,0.64,6.5,12.4,267,253,15.1,23.1,27.4,22.7,17.9,0.142,0.192,0.204,0.253,1,719.4,31.0,13.0,18.0,117.1,31.0,88.2,69.6,29.2,40.4,194.9,41.8,198.0,16.826613867820196,84.88399529645689,299.73588071399996,840.6568662109373,2.8777412001338316,316.95040259061795
39.050964,-7.0370483,212.0,2019-06-30 07:00:00,21.3,61,13.6,21.5,0.0,0.0,0.0,0.0,0,1016.6,992.0,0,0,0,0,0.12,0.97,6.2,9.1,260,252,17.3,23.6,27.1,22.7,17.9,0.142,0.192,0.204,0.253,1,3600.0,173.0,113.0,60.0,465.5,173.0,321.2,239.4,156.4,83.0,465.5,239.4,444.5,17.69176042092449,85.4797897084783,302.03577248999994,847.8948662109374,3.077594152801004,319.52225772387567
39.050964,-7.0370483,212.0,2019-06-30 08:00:00,23.8,54,13.9,24.2,0.0,0.0,0.0,0.0,0,1016.8,992.4,0,0,0,0,0.24,1.36,5.6,7.9,243,240,18.7,24.9,26.9,22.7,17.9,0.142,0.192,0.204,0.253,1,3600.0,360.0,277.0,83.0,648.6,360.0,565.2,435.2,334.8,100.3,648.6,435.2,683.2,19.989491009742082,86.87724677130115,305.0512212539999,855.5828662109374,3.634895095913255,322.574264085594
39.050964,-7.0370483,212.0,2019-06-30 09:00:00,25.6,49,14.2,25.9,0.0,0.0,0.0,0.0,0,1017.0,992.7,0,0,0,0,0.38,1.66,7.3,9.5,250,245,23.0,26.5,26.8,22.7,17.9,0.142,0.192,0.204,0.253,1,3600.0,550.0,451.0,99.0,752.6,550.0,793.0,622.5,510.5,112.1,752.6,622.5,897.6,24.283131645751208,88.18867198796242,308.6361143759999,863.5948662109374,4.776017015216076,326.0016928991811
39.050964,-7.0370483,212.0,2019-06-30 10:00:00,27.4,45,14.3,28.5,0.0,0.0,0.0,0.0,0,1017.1,992.9,0,0,0,0,0.52,2.02,8.4,10.7,260,256,25.6,28.2,26.8,22.8,17.9,0.142,0.192,0.203,0.253,1,3600.0,720.0,610.0,110.0,816.0,720.0,989.2,781.2,661.8,119.3,816.0,781.2,1073.2,28.203861572258607,89.30943860362702,312.76280892599993,871.9308662109374,5.929215737550803,329.7875188341184
39.050964,-7.0370483,212.0,2019-06-30 11:00:00,29.2,40,14.2,31.1,0.0,0.0,0.0,0.0,0,1016.9,992.9,0,0,0,0,0.63,2.44,8.7,11.4,263,259,27.4,30.0,26.8,22.8,17.9,0.142,0.192,0.203,0.253,1,3600.0,852.0,735.0,117.0,852.9,852.0,1140.3,895.2,772.3,122.9,852.9,895.2,1198.1,32.16439831904546,90.56002605250112,317.5489848059999,880.5908662109374,7.20059340878146,333.99445766421513
39.050964,-7.0370483,212.0,2019-06-30 12:00:00,29.6,39,14.3,32.0,0.0,0.0,0.0,0.0,0,1017.1,993.1,0,0,0,0,0.7,2.52,9.0,11.6,268,265,28.1,31.7,26.9,22.8,17.9,0.143,0.193,0.204,0.253,1,3600.0,940.0,818.0,122.0,875.7,940.0,1236.1,961.0,836.3,124.7,875.7,961.0,1263.7,43.467750549316406,92.68391418457031,222.4140625,698.0098876953125,11.6005859375,245.4269256591797
39.050964,-7.0370483,212.0,2019-06-30 13:00:00,31.4,35,14.0,33.7,0.0,0.0,0.0,0.0,0,1016.6,992.8,0,0,0,0,0.74,2.99,9.4,12.0,266,263,28.4,33.1,27.1,22.8,17.9,0.143,0.193,0.204,0.253,1,3600.0,965.0,841.0,124.0,876.3,965.0,1270.0,961.6,838.1,123.6,876.3,961.6,1265.6,40.023494932805036,92.73415775640086,227.97555675,707.0658876953125,10.151771160121603,252.45596881870787
39.050964,-7.0370483,212.0,2019-06-30 14:00:00,32.3,32,13.7,34.2,0.0,0.0,0.0,0.0,0,1016.3,992.5,0,0,0,0,0.74,3.26,10.5,13.4,266,264,30.2,34.1,27.4,22.8,17.9,0.142,0.193,0.204,0.253,1,3600.0,939.0,817.0,122.0,872.0,939.0,1239.8,911.6,793.1,118.4,872.0,911.6,1203.5,41.830300619364614,92.81700309030309,233.95485414200002,716.2838876953125,10.855885012068265,257.580424865551
39.050964,-7.0370483,212.0,2019-06-30 15:00:00,32.6,32,13.8,33.8,0.0,0.0,0.0,0.0,0,1015.9,992.2,0,0,0,0,0.7,3.35,12.3,15.8,273,271,32.8,34.7,27.7,22.8,17.9,0.142,0.193,0.204,0.253,1,3600.0,860.0,743.0,117.0,856.9,860.0,1147.4,810.9,700.6,110.3,856.9,810.9,1081.8,44.581161589892794,92.87114970132109,239.98785779800002,725.5558876953125,11.977207647005482,262.7253854748448
39.050964,-7.0370483,212.0,2019-06-30 16:00:00,32.3,33,13.8,32.4,0.0,0.0,0.0,0.0,0,1015.6,991.9,0,0,0,0,0.62,3.27,14.1,18.7,283,281,35.3,34.8,27.9,22.8,17.9,0.142,0.192,0.204,0.253,1,3600.0,729.0,619.0,110.0,819.8,729.0,999.2,663.1,563.0,100.1,819.8,663.1,908.8,47.46428442227912,92.92145508902217,245.87922434600003,734.7738876953125,13.207185949520115,267.7575236283525
39.050964,-7.0370483,212.0,2019-06-30 17:00:00,31.7,34,13.8,30.8,0.0,0.0,0.0,0.0,0,1015.5,991.7,0,0,0,1,0.51,3.1,14.9,20.4,285,284,36.0,34.5,28.2,22.8,17.9,0.142,0.192,0.204,0.253,1,3600.0,561.0,462.0,99.0,759.3,561.0,805.2,485.0,399.4,85.6,759.3,485.0,696.1,48.93092981483804,92.97177708506437,251.57840671400004,743.8838876953125,13.847786805505752,272.6413849754344
39.050964,-7.0370483,212.0,2019-06-30 18:00:00,30.4,37,14.1,29.2,0.0,0.0,0.0,0.0,0,1015.3,991.4,4,0,0,12,0.38,2.72,17.0,23.6,291,291,37.8,33.6,28.4,22.9,17.9,0.142,0.192,0.204,0.253,1,3600.0,371.0,287.0,84.0,656.2,371.0,578.7,293.9,227.3,66.5,656.2,293.9,458.4,52.53509465729504,93.02211569493093,256.802920484,752.7598876953125,15.502410219362266,277.19455851995605
39.050964,-7.0370483,212.0,2019-06-30 19:00:00,27.8,44,14.4,26.3,0.0,0.0,0.0,0.0,0,1015.9,991.8,13,0,0,43,0.26,2.1,20.3,30.6,295,297,43.2,32.3,28.5,22.9,17.9,0.142,0.192,0.204,0.253,1,3600.0,184.0,122.0,62.0,481.7,184.0,335.1,116.3,77.1,39.2,481.7,116.3,211.7,51.04972971969374,91.51243715353777,261.06361742800004,761.1678876953125,14.795943779562226,281.0998119181793
39.050964,-7.0370483,212.0,2019-06-30 20:00:00,25.6,50,14.4,24.0,0.0,0.0,0.0,0.0,0,1016.5,992.2,3,0,0,9,0.16,1.64,20.5,33.0,298,299,43.6,30.6,28.6,22.9,17.9,0.142,0.192,0.204,0.253,0,1109.42,37.0,16.0,21.0,137.7,37.0,95.0,0.0,0.0,0.0,0.0,0.0,0.0,45.20480286161263,90.08499192604353,264.57821852800004,769.1798876953126,12.192418304240864,284.502483424763
39.050964,-7.0370483,212.0,2019-06-30 21:00:00,23.6,56,14.4,22.3,0.0,0.0,0.0,0.0,0,1017.4,992.9,2,0,0,6,0.11,1.26,18.8,31.2,296,297,41.8,29.0,28.5,22.9,17.9,0.142,0.192,0.204,0.253,0,0.0,0.0,0.0,0.0,0.0,0.0,0.0,0.0,0.0,0.0,0.0,0.0,0.0,37.769093523133336,88.73321925784103,267.43939341600003,776.8318876953126,9.218659339450594,287.4651771069207
39.050964,-7.0370483,212.0,2019-06-30 22:00:00,21.9,60,13.9,20.6,0.0,0.0,0.0,0.0,0,1018.0,993.4,0,0,0,0,0.09,1.05,17.7,29.6,294,294,38.2,27.7,28.4,22.9,18.0,0.142,0.192,0.204,0.253,0,0.0,0.0,0.0,0.0,0.0,0.0,0.0,0.0,0.0,0.0,0.0,0.0,0.0,33.135021535033125,87.73180041021388,269.86144061600004,784.1778876953126,7.555004461619172,290.1217529703793
39.050964,-7.0370483,212.0,2019-06-30 23:00:00,20.3,65,13.6,19.0,0.0,0.0,0.0,0.0,0,1018.0,993.2,0,0,0,0,0.07,0.82,16.3,27.6,295,294,36.0,26.4,28.3,23.0,18.0,0.142,0.192,0.204,0.253,0,0.0,0.0,0.0,0.0,0.0,0.0,0.0,0.0,0.0,0.0,0.0,0.0,0.0,28.461430474903533,86.6408570428899,271.833302956,791.2358876953126,6.026724589447336,292.46867704739304
39.050964,-7.0370483,212.0,2019-07-01 00:00:00,18.6,71,13.2,17.5,0.0,0.0,0.0,0.0,0,1018.6,993.7,0,0,0,0,0.04,0.63,14.6,25.9,290,291,33.5,24.9,28.1,23.0,18.0,0.143,0.191,0.203,0.253,0,0.0,0.0,0.0,0.0,0.0,0.0,0.0,0.0,0.0,0.0,0.0,0.0,0.0,23.64641353547157,85.34204230571024,273.175035284,798.2878876953126,4.610349421775637,294.4485163606478
39.050964,-7.0370483,212.0,2019-07-01 01:00:00,17.6,76,13.4,16.9,0.0,0.0,0.0,0.0,0,1018.4,993.4,0,0,0,0,0.02,0.47,12.0,21.6,286,288,29.9,23.9,27.8,23.0,18.0,0.143,0.191,0.203,0.253,0,0.0,0.0,0.0,0.0,0.0,0.0,0.0,0.0,0.0,0.0,0.0,0.0,0.0,19.197080329053435,84.16870331173415,274.22906901199997,805.1598876953126,3.445712258693126,296.22784434938495
39.050964,-7.0370483,212.0,2019-07-01 02:00:00,16.7,82,13.7,16.3,0.0,0.0,0.0,0.0,0,1018.2,993.1,1,1,0,0,0.01,0.33,10.7,18.8,282,287,24.1,23.0,27.5,23.0,18.0,0.143,0.191,0.203,0.253,0,0.0,0.0,0.0,0.0,0.0,0.0,0.0,0.0,0.0,0.0,0.0,0.0,0.0,15.825721198519393,82.67581014262552,274.98154763599996,811.8698876953126,2.6569818887098036,297.79990770797815
39.050964,-7.0370483,212.0,2019-07-01 03:00:00,16.0,87,13.9,15.7,0.0,0.0,0.0,0.0,0,1018.2,993.1,1,1,0,0,0.0,0.23,10.2,17.7,280,287,20.9,22.2,27.2,23.0,18.0,0.143,0.191,0.203,0.253,0,0.0,0.0,0.0,0.0,0.0,0.0,0.0,0.0,0.0,0.0,0.0,0.0,0.0,13.371895113011902,81.06282849290207,275.50363252399995,818.4538876953126,2.1347587243561668,299.21056114884556
39.050964,-7.0370483,212.0,2019-07-01 04:00:00,15.5,91,14.0,15.3,0.0,0.0,0.0,0.0,0,1018.2,993.0,2,2,0,0,0.0,0.16,10.5,18.5,276,283,19.8,21.5,26.9,23.0,18.0,0.143,0.191,0.203,0.253,0,0.0,0.0,0.0,0.0,0.0,0.0,0.0,0.0,0.0,0.0,0.0,0.0,0.0,11.764509239984948,79.40121522294467,275.85450738799994,824.9478876953126,1.816798472019984,300.49910697220236
39.050964,-7.0370483,212.0,2019-07-01 05:00:00,15.4,92,14.1,15.2,0.0,0.0,0.0,0.0,0,1018.1,992.9,19,21,0,0,0.0,0.14,10.9,19.1,279,282,20.9,20.9,26.5,23.0,18.0,0.143,0.191,0.203,0.253,0,0.0,0.0,0.0,0.0,0.0,0.0,0.0,0.0,0.0,0.0,0.0,0.0,0.0,11.300895758564046,78.66096505017302,276.164517308,831.4238876953126,1.7285568886477274,301.7538029027209
39.050964,-7.0370483,212.0,2019-07-01 06:00:00,16.3,88,14.3,16.2,0.0,0.0,0.0,0.0,1,1018.2,993.1,36,40,0,0,0.02,0.23,10.5,17.1,286,285,22.3,20.7,26.2,23.0,18.0,0.143,0.191,0.203,0.253,1,603.29,30.0,12.0,18.0,108.7,30.0,87.4,67.4,26.9,40.4,181.6,40.3,196.3,11.155730291236514,78.70657894050349,276.654896636,838.0618876953126,1.7011076207200142,303.13663710227996
39.050964,-7.0370483,212.0,2019-07-01 07:00:00,17.9,80,14.3,17.8,0.0,0.0,0.0,0.0,1,1018.7,993.7,32,36,0,0,0.09,0.41,10.4,14.5,284,284,24.8,21.1,25.9,23.0,18.0,0.143,0.191,0.203,0.253,1,3600.0,152.0,75.0,77.0,310.5,152.0,319.6,210.7,104.0,106.7,310.5,210.7,443.0,12.541444460933898,80.2279718208545,277.547349436,844.9878876953127,1.9671448558365399,304.8031897917155
39.050964,-7.0370483,212.0,2019-07-01 08:00:00,19.6,71,14.1,19.6,0.0,0.0,0.0,0.0,0,1018.7,993.9,10,11,0,0,0.2,0.67,9.1,12.3,277,277,25.2,22.1,25.6,23.0,18.0,0.143,0.191,0.203,0.253,1,3600.0,331.0,233.0,98.0,547.0,331.0,563.7,400.3,281.8,118.5,547.0,400.3,681.7,14.566392179309762,82.445564593199,278.957190004,852.2198876953127,2.3815742289677204,306.8287194286385
39.050964,-7.0370483,212.0,2019-07-01 09:00:00,21.8,61,14.0,21.9,0.0,0.0,0.0,0.0,0,1018.6,994.0,0,0,0,0,0.34,1.02,8.3,10.8,270,272,24.8,23.7,25.4,23.1,18.0,0.143,0.191,0.203,0.253,1,3600.0,544.0,431.0,113.0,720.4,544.0,791.7,615.9,488.0,127.9,720.4,615.9,896.4,17.984308542843443,84.87914407495863,281.05468894,859.8478876953127,3.1488675181253196,309.33332598381725
39.050964,-7.0370483,212.0,2019-07-01 10:00:00,24.2,52,13.7,25.3,0.0,0.0,0.0,0.0,0,1018.3,993.9,0,0,0,0,0.48,1.44,8.0,10.5,265,266,25.2,25.5,25.4,23.1,18.0,0.143,0.191,0.203,0.253,1,3600.0,732.0,621.0,111.0,831.7,732.0,988.0,794.4,673.9,120.5,831.7,794.4,1072.2,22.366029897563543,87.13270637108013,283.90678020400003,867.9078876953126,4.254035271098209,312.36466214993897
39.050964,-7.0370483,212.0,2019-07-01 11:00:00,26.5,43,12.9,28.0,0.0,0.0,0.0,0.0,0,1017.8,993.5,0,0,0,0,0.61,1.97,8.7,11.5,265,266,27.0,27.5,25.4,23.1,18.0,0.143,0.191,0.203,0.253,1,3600.0,866.0,748.0,118.0,868.7,866.0,1139.4,910.0,786.0,124.0,868.7,910.0,1197.3,28.49619684891856,89.31514842298404,287.601534796,876.3818876953127,6.024463496228639,315.97220918885165
39.050964,-7.0370483,212.0,2019-07-01 12:00:00,27.6,35,11.0,29.0,0.0,0.0,0.0,0.0,0,1017.8,993.6,0,0,0,0,0.69,2.39,9.0,11.5,268,268,28.8,29.4,25.5,23.1,18.0,0.141,0.194,0.204,0.253,1,3600.0,953.0,831.0,122.0,890.1,953.0,1235.4,974.4,849.7,124.7,890.1,974.4,1263.1,46.31751251220703,92.61813354492188,226.7109375,706.6976928710938,12.781476974487305,249.6796875
39.050964,-7.0370483,212.0,2019-07-01 13:00:00,29.8,29,9.7,30.8,0.0,0.0,0.0,0.0,0,1017.1,993.1,0,0,0,0,0.75,2.99,10.1,13.0,270,270,29.5,31.0,25.7,23.1,18.0,0.141,0.194,0.204,0.253,1,3600.0,988.0,864.0,124.0,900.5,988.0,1269.5,984.6,861.0,123.6,900.5,984.6,1265.2,41.86809349377971,92.97336950864646,231.863443284,715.7656928710937,10.8751082760132,256.2247720613984
39.050964,-7.0370483,212.0,2019-07-01 14:00:00,31.0,25,8.5,31.2,0.0,0.0,0.0,0.0,0,1016.2,992.3,0,0,0,0,0.76,3.38,11.5,15.1,272,271,31.7,32.2,26.0,23.1,18.0,0.141,0.194,0.204,0.253,1,3600.0,961.0,840.0,121.0,896.8,961.0,1239.5,933.0,815.5,117.5,896.8,933.0,1203.3,47.911918637223245,93.9787354526878,237.517601484,725.0496928710937,13.425282968212832,261.1561392057106
39.050964,-7.0370483,212.0,2019-07-01 15:00:00,31.5,23,7.8,30.7,0.0,0.0,0.0,0.0,0,1015.6,991.8,0,0,0,0,0.72,3.55,13.4,17.7,275,275,34.6,33.0,26.2,23.1,18.0,0.141,0.194,0.204,0.253,1,3600.0,880.0,763.0,117.0,880.0,880.0,1147.2,829.8,719.5,110.3,880.0,829.8,1081.8,53.44731306204694,94.54271076279076,243.412956796,734.4236928710937,15.971473919220548,266.2309581646237
39.050964,-7.0370483,212.0,2019-07-01 16:00:00,31.6,23,8.0,30.1,0.0,0.0,0.0,0.0,0,1015.2,991.4,0,0,0,0,0.63,3.56,13.8,18.5,276,277,34.9,33.3,26.5,23.1,18.0,0.141,0.194,0.204,0.253,1,3600.0,749.0,640.0,109.0,847.6,749.0,999.1,681.3,582.1,99.1,847.6,681.3,908.8,54.40014541205596,94.59580848511634,249.32639602,743.8156928710938,16.416233903305855,271.302155196081
39.050964,-7.0370483,212.0,2019-07-01 17:00:00,31.2,24,8.0,28.7,0.0,0.0,0.0,0.0,0,1014.7,990.9,0,0,0,0,0.52,3.46,14.6,19.7,279,279,34.6,33.1,26.8,23.1,18.0,0.141,0.193,0.204,0.253,1,3600.0,578.0,479.0,99.0,787.2,578.0,805.2,499.7,414.1,85.6,787.2,499.7,696.1,56.04530148436428,94.64668326951055,255.091641108,753.1356928710939,17.21158827661926,276.25779367425054
39.050964,-7.0370483,212.0,2019-07-01 18:00:00,29.8,29,9.7,27.3,0.0,0.0,0.0,0.0,0,1014.5,990.6,0,0,0,0,0.4,2.98,16.3,23.1,284,284,36.7,32.3,27.0,23.1,18.0,0.141,0.193,0.204,0.253,1,3600.0,384.0,301.0,83.0,688.3,384.0,578.7,304.1,238.4,65.7,688.3,304.1,458.3,58.39055239367883,94.50326319489197,260.244146892,762.2036928710938,18.384376722952407,280.7999373887548
39.050964,-7.0370483,212.0,2019-07-01 19:00:00,27.7,37,11.5,25.8,0.0,0.0,0.0,0.0,0,1014.9,990.8,0,0,0,0,0.25,2.35,16.2,24.8,287,287,37.1,31.1,27.2,23.1,18.0,0.141,0.193,0.204,0.253,1,3600.0,190.0,129.0,61.0,509.6,190.0,335.0,120.0,81.5,38.5,509.6,120.0,211.5,50.599221093749634,92.87187630476589,264.505374156,770.8936928710939,14.579674296191426,284.75300739514336
39.050964,-7.0370483,212.0,2019-07-01 20:00:00,25.0,46,12.7,23.3,0.0,0.0,0.0,0.0,0,1015.2,990.9,0,0,0,0,0.15,1.71,17.2,29.5,286,288,35.3,29.5,27.3,23.1,18.0,0.141,0.193,0.204,0.253,0,1353.32,38.0,18.0,20.0,155.0,38.0,94.9,0.0,0.0,0.0,0.0,0.0,0.0,43.577056544897225,90.84218968915557,267.81543462,779.0976928710938,11.504740468503911,288.0700838323531
39.050964,-7.0370483,212.0,2019-07-01 21:00:00,22.7,56,13.3,21.1,0.0,0.0,0.0,0.0,0,1016.0,991.5,0,0,0,0,0.1,1.22,17.8,30.5,288,289,36.4,27.9,27.3,23.1,18.0,0.141,0.193,0.204,0.253,0,0.0,0.0,0.0,0.0,0.0,0.0,0.0,0.0,0.0,0.0,0.0,0.0,0.0,36.58032289962668,88.74054983800707,270.274846652,786.8876928710938,8.774869997116934,290.8240305268596
39.050964,-7.0370483,212.0,2019-07-01 22:00:00,20.8,63,13.6,19.4,0.0,0.0,0.0,0.0,0,1016.3,991.6,0,0,0,0,0.08,0.9,17.4,30.3,288,288,35.6,26.5,27.2,23.1,18.0,0.141,0.193,0.204,0.253,0,0.0,0.0,0.0,0.0,0.0,0.0,0.0,0.0,0.0,0.0,0.0,0.0,0.0,31.053649163971787,87.15602072998442,272.17788482000003,794.3356928710938,6.854162120839802,293.19701835101483
39.050964,-7.0370483,212.0,2019-07-01 23:00:00,19.2,71,13.8,17.9,0.0,0.0,0.0,0.0,0,1016.1,991.3,0,0,0,0,0.05,0.64,16.9,29.7,286,287,34.9,25.2,27.1,23.2,18.0,0.141,0.193,0.204,0.253,0,0.0,0.0,0.0,0.0,0.0,0.0,0.0,0.0,0.0,0.0,0.0,0.0,0.0,25.986160357136335,85.48067329890362,273.56048209200003,801.4956928710938,5.2774551731116,295.21745792895234
39.050964,-7.0370483,212.0,2019-07-02 00:00:00,17.5,80,14.0,16.5,0.0,0.0,0.0,0.0,0,1016.6,991.6,0,0,0,0,0.03,0.4,15.3,26.7,285,286,33.8,23.6,26.9,23.2,18.0,0.139,0.192,0.204,0.253,0,0.0,0.0,0.0,0.0,0.0,0.0,0.0,0.0,0.0,0.0,0.0,0.0,0.0,20.095277055288165,83.38615063237278,274.434146412,808.3496928710938,3.669145051358159,296.8864476835898
39.050964,-7.0370483,212.0,2019-07-02 01:00:00,16.6,86,14.2,15.9,0.0,0.0,0.0,0.0,0,1016.3,991.3,0,0,0,0,0.01,0.27,14.1,24.6,283,285,30.2,22.7,26.6,23.2,18.1,0.139,0.192,0.204,0.253,0,0.0,0.0,0.0,0.0,0.0,0.0,0.0,0.0,0.0,0.0,0.0,0.0,0.0,16.161099368766596,81.49571785160477,275.01611958,815.0416928710938,2.7315666999853607,298.3525756190627
39.050964,-7.0370483,212.0,2019-07-02 02:00:00,16.0,90,14.4,15.7,0.0,0.0,0.0,0.0,1,1016.1,991.0,38,42,0,0,0.0,0.18,11.5,20.4,272,278,27.4,21.8,26.4,23.2,18.1,0.139,0.192,0.204,0.253,0,0.0,0.0,0.0,0.0,0.0,0.0,0.0,0.0,0.0,0.0,0.0,0.0,0.0,12.721608001251866,79.8743973217959,275.41772334,821.6256928710937,2.0038010763209,299.6884822042987
39.050964,-7.0370483,212.0,2019-07-02 03:00:00,15.8,91,14.3,15.6,0.0,0.0,0.0,0.0,2,1015.6,990.5,68,76,0,0,0.0,0.16,10.8,18.0,266,272,22.7,21.2,26.1,23.2,18.1,0.139,0.192,0.204,0.253,0,0.0,0.0,0.0,0.0,0.0,0.0,0.0,0.0,0.0,0.0,0.0,0.0,0.0,11.698325384348689,79.17293617999476,275.77493931600003,828.1736928710937,1.8040459137639684,300.9856197671009
39.050964,-7.0370483,212.0,2019-07-02 04:00:00,16.0,91,14.4,15.8,0.0,0.0,0.0,0.0,2,1015.4,990.3,62,69,0,0,0.0,0.17,10.8,18.1,272,275,22.0,20.8,25.8,23.2,18.1,0.14,0.192,0.204,0.253,0,0.0,0.0,0.0,0.0,0.0,0.0,0.0,0.0,0.0,0.0,0.0,0.0,0.0,11.585175344569409,79.04534628598489,276.1363827,834.7576928710937,1.7822454959377807,302.28466833629443
39.050964,-7.0370483,212.0,2019-07-02 05:00:00,16.1,89,14.3,16.0,0.0,0.0,0.0,0.0,2,1015.5,990.4,76,85,0,0,0.0,0.19,9.8,15.5,262,266,21.6,20.5,25.5,23.2,18.1,0.14,0.192,0.204,0.253,0,0.0,0.0,0.0,0.0,0.0,0.0,0.0,0.0,0.0,0.0,0.0,0.0,0.0,11.161098356541942,79.09108707991314,276.580730252,841.3596928710937,1.7020334841896048,303.6301273185135
39.050964,-7.0370483,212.0,2019-07-02 06:00:00,16.5,87,14.3,16.5,0.0,0.0,0.0,0.0,2,1015.6,990.6,72,80,0,0,0.03,0.25,10.0,14.3,255,258,22.0,20.4,25.2,23.2,18.1,0.14,0.192,0.204,0.253,1,46.15,23.0,7.0,16.0,63.8,23.0,86.6,51.7,15.7,36.0,107.0,30.8,194.6,11.294297475464974,79.13684297518027,277.11808078,848.0336928710936,1.7267895544814313,305.0377237798361
39.050964,-7.0370483,212.0,2019-07-02 07:00:00,17.5,79,13.9,17.6,0.0,0.0,0.0,0.0,2,1015.6,990.7,69,77,0,0,0.08,0.42,8.1,10.9,257,261,22.3,20.8,24.9,23.2,18.1,0.14,0.192,0.204,0.253,1,3600.0,132.0,51.0,81.0,212.3,132.0,317.9,183.3,70.8,112.5,212.3,183.3,441.3,11.680317379259224,80.47858196886096,278.03542831600004,854.8876928710937,1.7996600653181603,306.7002655744707
39.050964,-7.0370483,212.0,2019-07-02 08:00:00,18.8,72,13.7,18.9,0.0,0.0,0.0,0.0,0,1015.5,990.7,19,21,0,0,0.18,0.61,7.2,9.7,252,255,21.2,21.7,24.7,23.2,18.1,0.14,0.192,0.204,0.253,1,3600.0,302.0,165.0,137.0,388.4,302.0,562.1,365.5,199.7,165.8,388.4,365.5,680.2,13.232991167253015,82.22025106770398,279.34404594800003,861.9756928710937,2.104720049691252,308.6358415423814
39.050964,-7.0370483,212.0,2019-07-02 09:00:00,20.9,63,13.5,21.0,0.0,0.0,0.0,0.0,0,1015.3,990.7,2,2,0,0,0.33,0.92,6.8,8.9,245,249,22.7,23.2,24.6,23.2,18.1,0.14,0.192,0.204,0.253,1,3600.0,540.0,416.0,124.0,696.5,540.0,790.3,611.6,471.2,140.4,696.5,611.6,895.1,16.107624993585667,84.34887573299378,281.25577378800006,869.4416928710937,2.7164875075451738,310.99889454411374
39.050964,-7.0370483,212.0,2019-07-02 10:00:00,23.2,52,12.7,24.4,0.0,0.0,0.0,0.0,0,1015.0,990.6,0,0,0,0,0.47,1.38,5.6,7.1,243,246,22.7,25.0,24.5,23.2,18.1,0.14,0.192,0.204,0.253,1,3600.0,731.0,611.0,120.0,819.2,731.0,986.9,793.4,663.2,130.2,819.2,793.4,1071.1,19.76974681566397,86.7739783690869,283.99513417200006,877.3216928710937,3.5819691043859523,313.93384520989366
39.050964,-7.0370483,212.0,2019-07-02 11:00:00,25.7,42,11.8,27.7,0.0,0.0,0.0,0.0,0,1014.6,990.4,0,0,0,0,0.6,1.92,4.4,5.7,235,235,21.2,27.0,24.6,23.2,18.1,0.14,0.191,0.204,0.253,1,3600.0,874.0,757.0,117.0,879.8,874.0,1138.4,918.6,795.6,123.0,879.8,918.6,1196.5,24.18673071718447,89.17089951090458,287.6457358360001,885.6516928710937,4.751435392190505,317.49666647618454
39.050964,-7.0370483,212.0,2019-07-02 12:00:00,26.4,39,11.2,28.6,0.0,0.0,0.0,0.0,0,1014.9,990.7,0,0,0,0,0.67,2.12,5.4,6.9,233,231,22.0,28.7,24.7,23.2,18.1,0.14,0.191,0.204,0.253,1,3600.0,959.0,838.0,121.0,898.1,959.0,1234.7,980.6,856.9,123.7,898.1,980.6,1262.5,36.160709381103516,92.17403411865234,230.7109375,715.20751953125,8.690530776977539,253.7734375
39.050964,-7.0370483,212.0,2019-07-02 13:00:00,29.2,30,9.9,30.9,0.0,0.0,0.0,0.0,0,1014.2,990.2,0,0,0,0,0.72,2.82,6.4,8.4,232,230,23.8,30.4,24.9,23.2,18.1,0.14,0.191,0.204,0.253,1,3600.0,988.0,865.0,123.0,901.9,988.0,1269.0,984.7,862.1,122.6,901.9,984.7,1264.8,35.99990062364935,92.63880427015998,235.69223326,724.16751953125,8.611344065360552,259.90696892927923
39.050964,-7.0370483,212.0,2019-07-02 14:00:00,30.9,25,8.4,31.9,0.0,0.0,0.0,0.0,0,1013.3,989.5,0,0,0,0,0.73,3.37,7.4,9.7,231,231,24.8,31.9,25.2,23.2,18.1,0.14,0.191,0.204,0.253,1,3600.0,961.0,839.0,122.0,895.9,961.0,1239.1,933.0,814.6,118.4,895.9,933.0,1203.1,41.79216199890651,93.91371593108012,241.32877725999998,733.43351953125,10.821393825394699,264.81824000173214
39.050964,-7.0370483,212.0,2019-07-02 15:00:00,32.0,21,6.8,31.8,0.0,0.0,0.0,0.0,0,1012.5,988.8,0,0,0,0,0.69,3.77,8.9,11.7,238,236,26.6,32.9,25.5,23.2,18.1,0.14,0.191,0.204,0.253,1,3600.0,877.0,761.0,116.0,877.8,877.0,1147.0,827.0,717.6,109.4,877.8,827.0,1081.6,48.34722158289305,95.019578654052,247.47002680399999,742.89751953125,13.592816620118436,270.04784157418675
39.050964,-7.0370483,212.0,2019-07-02 16:00:00,32.4,19,6.1,31.2,0.0,0.0,0.0,0.0,0,1012.0,988.3,0,0,0,0,0.61,3.93,9.5,12.4,245,244,27.0,33.4,25.9,23.2,18.1,0.14,0.191,0.203,0.253,1,3600.0,746.0,637.0,109.0,843.7,746.0,999.0,678.6,579.4,99.1,843.7,678.6,908.7,51.73959445220061,95.58392894013417,253.84284436399997,752.43351953125,15.131878515215908,275.4063011576904
39.050964,-7.0370483,212.0,2019-07-02 17:00:00,32.1,20,6.6,29.9,0.0,0.0,0.0,0.0,0,1011.5,987.8,0,0,0,0,0.49,3.8,9.7,13.1,266,262,26.6,33.4,26.2,23.2,18.1,0.14,0.191,0.203,0.253,1,3600.0,576.0,478.0,98.0,785.6,576.0,805.1,498.0,413.2,84.7,785.6,498.0,696.0,52.32012290933021,95.63512995283789,260.080619724,761.91551953125,15.39194255424386,280.6558533558778
39.050964,-7.0370483,212.0,2019-07-02 18:00:00,30.8,26,8.9,28.8,0.0,0.0,0.0,0.0,0,1011.3,987.5,0,0,0,0,0.37,3.31,11.9,16.2,284,282,27.7,32.7,26.5,23.2,18.1,0.14,0.191,0.203,0.253,1,3600.0,383.0,300.0,83.0,686.1,383.0,578.5,303.3,237.6,65.7,686.1,303.3,458.1,54.63042161234516,95.32716580181243,265.62463046,771.16351953125,16.49007876903109,285.44654844192377
39.050964,-7.0370483,212.0,2019-07-02 19:00:00,29.2,30,9.8,27.4,0.0,0.0,0.0,0.0,0,1011.2,987.3,0,0,0,0,0.24,2.85,11.9,18.7,299,298,28.4,31.5,26.7,23.2,18.1,0.14,0.191,0.203,0.253,1,3600.0,189.0,128.0,61.0,505.9,189.0,334.7,119.3,80.8,38.5,505.9,119.3,211.3,50.494178802483376,94.40052753155548,270.60592622,780.12351953125,14.521370363820825,289.85375777163637
39.050964,-7.0370483,212.0,2019-07-02 20:00:00,26.6,34,9.5,24.9,0.0,0.0,0.0,0.0,0,1011.2,987.1,0,0,0,0,0.13,2.3,10.6,20.9,298,297,24.5,29.9,26.8,23.2,18.1,0.14,0.191,0.203,0.253,0,1350.98,38.0,18.0,20.0,155.2,38.0,94.8,0.0,0.0,0.0,0.0,0.0,0.0,43.858854590269736,93.26270869475401,274.899563612,788.61551953125,11.613287153911907,293.7804556860681
39.050964,-7.0370483,212.0,2019-07-02 21:00:00,24.7,46,12.2,22.7,0.0,0.0,0.0,0.0,0,1012.2,987.9,0,0,0,0,0.14,1.69,17.7,31.1,283,286,34.2,28.4,26.9,23.2,18.1,0.14,0.191,0.203,0.253,0,0.0,0.0,0.0,0.0,0.0,0.0,0.0,0.0,0.0,0.0,0.0,0.0,0.0,44.38620472013884,90.86024713568841,278.171577404,796.76551953125,11.828710370060064,297.0625168215739
39.050964,-7.0370483,212.0,2019-07-02 22:00:00,22.6,61,14.7,21.7,0.0,0.0,0.0,0.0,0,1012.7,988.3,0,0,0,0,0.08,1.07,16.2,29.0,291,293,35.3,27.1,26.9,23.2,18.1,0.14,0.19,0.203,0.253,0,0.0,0.0,0.0,0.0,0.0,0.0,0.0,0.0,0.0,0.0,0.0,0.0,0.0,32.32734228775441,87.99368139659397,280.342351412,804.53751953125,7.272695176293495,299.65049709270977
39.050964,-7.0370483,212.0,2019-07-02 23:00:00,21.3,68,15.1,21.0,0.0,0.0,0.0,0.0,0,1012.6,988.1,0,0,0,0,0.05,0.82,13.7,24.8,293,296,31.7,25.9,26.8,23.2,18.1,0.14,0.19,0.203,0.253,0,0.0,0.0,0.0,0.0,0.0,0.0,0.0,0.0,0.0,0.0,0.0,0.0,0.0,25.32215073310989,86.35984497940794,282.02579922,812.07551953125,5.080629955352608,301.9184053795247
39.050964,-7.0370483,212.0,2019-07-03 00:00:00,19.4,78,15.4,19.5,0.0,0.0,0.0,0.0,0,1013.5,988.8,0,0,0,0,0.02,0.5,11.2,21.1,285,290,26.6,24.4,26.7,23.2,18.1,0.141,0.191,0.204,0.253,0,0.0,0.0,0.0,0.0,0.0,0.0,0.0,0.0,0.0,0.0,0.0,0.0,0.0,18.674964258454196,84.18271915775986,283.08499978000003,819.2715195312501,3.3157998212706112,303.76673893548065
39.050964,-7.0370483,212.0,2019-07-03 01:00:00,18.4,83,15.4,18.5,0.0,0.0,0.0,0.0,0,1013.3,988.5,0,0,0,0,0.01,0.37,11.8,21.3,282,286,22.7,23.5,26.5,23.2,18.1,0.141,0.191,0.204,0.253,0,0.0,0.0,0.0,0.0,0.0,0.0,0.0,0.0,0.0,0.0,0.0,0.0,0.0,16.407640093946664,82.60956506841752,283.86354742000003,826.28751953125,2.78513424853756,305.4180905051298
39.050964,-7.0370483,212.0,2019-07-03 02:00:00,17.5,87,15.4,17.8,0.0,0.0,0.0,0.0,0,1013.1,988.2,0,0,0,0,0.0,0.25,10.3,18.7,282,286,22.7,22.6,26.3,23.3,18.1,0.141,0.191,0.204,0.253,0,0.0,0.0,0.0,0.0,0.0,0.0,0.0,0.0,0.0,0.0,0.0,0.0,0.0,13.587661480799992,81.19144296000779,284.431429228,833.1415195312501,2.1773001611811837,306.9143243050033
39.050964,-7.0370483,212.0,2019-07-03 03:00:00,16.8,91,15.3,17.3,0.0,0.0,0.0,0.0,0,1013.3,988.4,0,0,0,0,0.0,0.17,8.6,15.1,272,282,19.4,21.9,26.0,23.3,18.2,0.141,0.191,0.204,0.253,0,0.0,0.0,0.0,0.0,0.0,0.0,0.0,0.0,0.0,0.0,0.0,0.0,0.0,11.038632716408967,79.56849435145742,284.809782244,839.86951953125,1.678505710217905,308.272419124891
39.050964,-7.0370483,212.0,2019-07-03 04:00:00,16.2,95,15.3,17.0,0.0,0.0,0.0,0.0,0,1013.1,988.1,4,4,0,0,0.0,0.1,6.4,10.9,254,276,15.5,21.2,25.8,23.3,18.2,0.141,0.191,0.204,0.253,0,0.0,0.0,0.0,0.0,0.0,0.0,0.0,0.0,0.0,0.0,0.0,0.0,0.0,8.645226293442777,77.5646885338011,285.012932684,846.48951953125,1.2551804670003577,309.5023463023135
39.050964,-7.0370483,212.0,2019-07-03 05:00:00,15.8,96,15.2,16.7,0.0,0.0,0.0,0.0,0,1013.2,988.2,15,17,0,0,0.0,0.07,6.1,9.5,242,259,11.2,20.6,25.5,23.3,18.2,0.141,0.191,0.204,0.253,0,0.0,0.0,0.0,0.0,0.0,0.0,0.0,0.0,0.0,0.0,0.0,0.0,0.0,8.008053941165226,76.59189116856884,285.17169534000004,853.03751953125,1.1499513672176875,310.6862318871802
39.050964,-7.0370483,212.0,2019-07-03 06:00:00,16.2,94,15.2,17.2,0.0,0.0,0.0,0.0,1,1013.3,988.3,29,32,0,0,0.01,0.12,5.1,7.6,262,267,12.6,20.3,25.2,23.3,18.2,0.141,0.191,0.204,0.253,1,706.3,30.0,13.0,17.0,119.2,30.0,85.7,67.5,29.2,38.2,200.8,40.1,192.7,7.679294454378113,76.63682195344266,285.41547586800004,859.65751953125,1.0968769040920636,311.9249316588314
39.050964,-7.0370483,212.0,2019-07-03 07:00:00,18.0,83,15.0,19.2,0.0,0.0,0.0,0.0,0,1013.6,988.8,4,4,0,0,0.08,0.36,3.2,4.3,270,270,13.0,20.9,24.9,23.3,18.2,0.141,0.191,0.204,0.253,1,3600.0,168.0,106.0,62.0,443.8,168.0,316.1,233.7,147.4,86.2,443.8,233.7,439.6,7.921138631568753,78.29964616333112,286.17805330000004,866.60151953125,1.1356188481688545,313.5208881612753
39.050964,-7.0370483,212.0,2019-07-03 08:00:00,20.6,68,14.6,21.8,0.0,0.0,0.0,0.0,0,1013.7,989.1,0,0,0,1,0.21,0.77,2.4,3.2,243,243,13.3,22.2,24.7,23.3,18.2,0.141,0.191,0.204,0.253,1,3600.0,360.0,275.0,85.0,649.2,360.0,560.4,436.0,333.0,102.9,649.2,436.0,678.7,10.436448340913598,81.78153010177382,287.808893364,874.01351953125,1.5669865033672077,315.7116034292553
39.050964,-7.0370483,212.0,2019-07-03 09:00:00,23.4,56,14.1,24.3,0.0,0.0,0.0,0.0,0,1013.5,989.1,9,0,0,29,0.35,1.26,2.6,3.8,196,197,15.5,24.0,24.6,23.3,18.2,0.141,0.191,0.204,0.253,1,3600.0,554.0,456.0,98.0,764.9,554.0,788.8,627.7,516.6,111.0,764.9,627.7,893.7,15.179129141205706,85.32026509072482,290.34064104400005,881.9295195312501,2.5108117776832124,318.5259218808444
39.050964,-7.0370483,212.0,2019-07-03 10:00:00,26.0,45,13.2,27.3,0.0,0.0,0.0,0.0,1,1013.1,988.9,20,0,0,68,0.5,1.85,5.2,7.0,192,192,20.2,26.1,24.6,23.3,18.2,0.141,0.191,0.204,0.253,1,3600.0,721.0,608.0,113.0,816.2,721.0,985.6,782.7,660.1,122.7,816.2,782.7,1070.0,23.239786695530245,88.49235688837018,293.84116972400005,890.3135195312501,4.487760059092654,321.99903815572753
39.050964,-7.0370483,212.0,2019-07-03 11:00:00,28.1,37,12.2,29.3,0.0,0.0,0.0,0.0,1,1012.6,988.6,27,0,0,89,0.61,2.39,8.1,10.7,193,194,25.6,28.1,24.8,23.3,18.2,0.141,0.191,0.204,0.253,1,3600.0,840.0,690.0,150.0,802.6,840.0,1137.4,883.0,725.3,157.7,802.6,883.0,1195.6,32.14898740412823,90.76956544179093,298.16158070000006,899.0755195312502,7.1983297641481165,326.0238668266892
39.050964,-7.0370483,212.0,2019-07-03 12:00:00,27.7,38,12.2,28.4,0.0,0.0,0.0,0.0,1,1013.0,989.0,26,0,0,87,0.67,2.29,13.0,17.1,194,195,29.2,29.5,24.9,23.3,18.2,0.139,0.194,0.204,0.253,1,3600.0,911.0,711.0,200.0,762.4,911.0,1233.9,931.6,727.1,204.5,762.4,931.6,1261.9,40.568359375,92.177734375,234.859375,723.6985473632812,10.359130859375,257.7734375
39.050964,-7.0370483,212.0,2019-07-03 13:00:00,29.2,35,12.1,30.2,0.0,0.0,0.0,0.0,1,1012.5,988.6,27,0,0,91,0.71,2.65,12.4,16.6,197,198,35.3,30.7,25.2,23.3,18.2,0.139,0.194,0.204,0.253,1,3600.0,933.0,714.0,219.0,744.8,933.0,1268.5,929.9,711.7,218.3,744.8,929.9,1264.3,42.216377927328125,92.2278108313916,239.48486392,732.6585473632813,10.996024739997004,263.57892895055494
39.050964,-7.0370483,212.0,2019-07-03 14:00:00,30.3,32,11.9,31.3,0.0,0.0,0.0,0.0,1,1011.7,987.9,28,0,0,93,0.7,2.93,10.8,14.6,201,200,33.8,31.8,25.5,23.3,18.2,0.139,0.194,0.204,0.253,1,3600.0,900.0,667.0,233.0,712.4,900.0,1238.8,873.9,647.6,226.2,712.4,873.9,1202.8,40.95385667870801,92.45782815679148,244.499509232,741.8165473632813,10.478591161922777,268.09316450602495
39.050964,-7.0370483,212.0,2019-07-03 15:00:00,31.2,29,11.0,31.4,0.0,0.0,0.0,0.0,1,1010.9,987.2,30,0,0,99,0.66,3.22,11.2,14.7,213,211,31.0,32.5,25.8,23.3,18.2,0.139,0.194,0.204,0.253,1,3600.0,824.0,630.0,194.0,726.9,824.0,1146.8,777.0,594.1,182.9,726.9,777.0,1081.4,44.319378511161695,93.18579086657776,249.88546188,751.1365473632814,11.84179155693365,272.8467136776115
39.050964,-7.0370483,212.0,2019-07-03 16:00:00,31.4,27,10.0,30.3,0.0,0.0,0.0,0.0,1,1010.4,986.7,29,0,0,98,0.57,3.36,11.8,15.8,211,210,31.0,32.8,26.1,23.3,18.2,0.139,0.194,0.204,0.253,1,3600.0,670.0,445.0,225.0,589.5,670.0,998.8,609.4,404.8,204.7,589.5,609.4,908.5,47.156025541520265,93.6641432342684,255.45742048,760.4925473632813,13.047218247443132,277.70488466873235
39.050964,-7.0370483,212.0,2019-07-03 17:00:00,31.1,25,8.9,29.2,0.0,0.0,0.0,0.0,1,1010.2,986.5,29,0,0,95,0.43,3.38,11.4,15.9,215,213,31.0,32.5,26.3,23.3,18.2,0.139,0.193,0.204,0.253,1,3600.0,449.0,203.0,246.0,333.7,449.0,804.9,388.2,175.5,212.7,333.7,388.2,695.9,48.17465359447923,94.04794955530099,261.12919288,769.7945473632814,13.486521474364075,282.5999605081584
39.050964,-7.0370483,212.0,2019-07-03 18:00:00,30.5,25,8.0,28.2,0.0,0.0,0.0,0.0,1,1009.9,986.1,26,0,0,88,0.32,3.29,12.0,16.7,219,217,28.4,31.8,26.6,23.3,18.2,0.139,0.193,0.204,0.253,1,3600.0,271.0,83.0,188.0,189.9,271.0,578.3,214.6,65.7,148.9,189.9,214.6,457.9,49.3371794675743,94.09864346388031,266.69528008000003,778.9885473632813,13.998413726512352,287.40226210564606
39.050964,-7.0370483,212.0,2019-07-03 19:00:00,29.5,26,7.9,27.4,0.0,0.0,0.0,0.0,0,1009.9,986.1,12,0,0,40,0.22,3.05,10.7,17.6,225,224,27.7,30.8,26.8,23.3,18.2,0.139,0.193,0.204,0.253,1,3600.0,151.0,51.0,100.0,201.8,151.0,334.4,95.2,32.2,63.1,201.8,95.2,210.9,47.57211614563844,94.14935410907106,272.01335934400004,788.0025473632813,13.20313845420509,292.01903496213055
39.050964,-7.0370483,212.0,2019-07-03 20:00:00,26.8,31,8.4,24.9,0.0,0.0,0.0,0.0,1,1010.2,986.2,27,0,0,90,0.13,2.42,10.1,20.0,235,240,21.6,29.4,26.9,23.3,18.2,0.139,0.193,0.204,0.253,0,982.07,37.0,15.0,22.0,129.5,37.0,94.6,0.0,0.0,0.0,0.0,0.0,0.0,44.88406093462018,93.70187028946248,276.5345722,796.5305473632814,12.039084602960802,296.0859235893023
39.050964,-7.0370483,212.0,2019-07-03 21:00:00,24.7,41,10.4,23.0,0.0,0.0,0.0,0.0,1,1011.4,987.2,24,0,0,80,0.11,1.85,12.6,23.4,268,273,23.8,28.0,26.9,23.3,18.2,0.139,0.193,0.204,0.253,0,0.0,0.0,0.0,0.0,0.0,0.0,0.0,0.0,0.0,0.0,0.0,0.0,0.0,40.95492953802846,91.78292686921972,280.109550232,804.6805473632813,10.430241960122187,299.5422356532894
39.050964,-7.0370483,212.0,2019-07-03 22:00:00,22.7,52,12.2,21.2,0.0,0.0,0.0,0.0,0,1012.2,987.8,5,0,0,17,0.1,1.33,14.4,25.8,273,277,28.4,26.8,26.8,23.3,18.2,0.139,0.193,0.204,0.253,0,0.0,0.0,0.0,0.0,0.0,0.0,0.0,0.0,0.0,0.0,0.0,0.0,0.0,35.23130287008115,89.5271495191339,282.792545176,812.4705473632813,8.276929536626962,302.42564757911964
39.050964,-7.0370483,212.0,2019-07-03 23:00:00,21.1,63,13.8,20.6,0.0,0.0,0.0,0.0,0,1012.4,987.8,8,0,0,27,0.05,0.92,12.0,22.1,279,282,28.4,25.6,26.7,23.3,18.2,0.139,0.193,0.204,0.253,0,0.0,0.0,0.0,0.0,0.0,0.0,0.0,0.0,0.0,0.0,0.0,0.0,0.0,26.38281711232435,87.3778486603297,284.72165235999995,819.9725473632813,5.389171540722307,304.8276447710534
39.050964,-7.0370483,212.0,2019-07-04 00:00:00,19.4,73,14.5,19.1,0.0,0.0,0.0,0.0,1,1013.3,988.6,21,0,0,71,0.03,0.61,12.2,22.1,284,286,23.0,24.4,26.7,23.3,18.2,0.141,0.19,0.203,0.253,0,0.0,0.0,0.0,0.0,0.0,0.0,0.0,0.0,0.0,0.0,0.0,0.0,0.0,21.539791771221466,85.2562754743516,286.02158031999994,827.1685473632813,4.0369608168172055,306.81442579084455
39.050964,-7.0370483,212.0,2019-07-04 01:00:00,18.5,78,14.6,18.6,0.0,0.0,0.0,0.0,1,1013.3,988.5,26,0,0,88,0.02,0.46,9.7,17.4,268,277,23.8,23.5,26.5,23.3,18.2,0.141,0.19,0.203,0.253,0,0.0,0.0,0.0,0.0,0.0,0.0,0.0,0.0,0.0,0.0,0.0,0.0,0.0,17.182820367358694,83.90235631247872,287.0342793919999,834.2025473632813,2.9614436437875824,308.6048984979517
39.050964,-7.0370483,212.0,2019-07-04 02:00:00,17.9,81,14.6,18.2,0.0,0.0,0.0,0.0,1,1013.5,988.6,23,0,0,77,0.01,0.38,8.1,14.2,249,261,18.4,22.7,26.3,23.3,18.2,0.141,0.19,0.203,0.253,0,0.0,0.0,0.0,0.0,0.0,0.0,0.0,0.0,0.0,0.0,0.0,0.0,0.0,14.762518968547978,82.9808348638131,287.8821095519999,841.1285473632813,2.422661123488583,310.2775674433676
39.050964,-7.0370483,212.0,2019-07-04 03:00:00,17.6,83,14.7,18.1,0.0,0.0,0.0,0.0,0,1013.7,988.8,11,0,0,36,0.0,0.34,7.0,12.0,235,249,15.1,22.1,26.1,23.3,18.2,0.141,0.19,0.203,0.253,0,0.0,0.0,0.0,0.0,0.0,0.0,0.0,0.0,0.0,0.0,0.0,0.0,0.0,13.263758799234497,82.3240243671473,288.6287167759999,848.0005473632813,2.1104095894826074,311.8777053875133
39.050964,-7.0370483,212.0,2019-07-04 04:00:00,17.0,87,14.8,17.9,0.0,0.0,0.0,0.0,0,1014.1,989.2,1,1,0,0,0.0,0.26,5.1,9.0,225,241,12.2,21.4,25.8,23.3,18.2,0.141,0.19,0.203,0.253,0,0.0,0.0,0.0,0.0,0.0,0.0,0.0,0.0,0.0,0.0,0.0,0.0,0.0,10.976453309241581,81.14382407770013,289.1813329439999,854.7645473632813,1.6662929249276346,313.34112940792954
39.050964,-7.0370483,212.0,2019-07-04 05:00:00,16.6,89,14.8,17.5,0.0,0.0,0.0,0.0,0,1014.4,989.4,1,1,0,0,0.0,0.21,5.0,8.2,210,218,8.3,20.7,25.5,23.3,18.2,0.141,0.19,0.203,0.253,0,0.0,0.0,0.0,0.0,0.0,0.0,0.0,0.0,0.0,0.0,0.0,0.0,0.0,10.072197999562357,80.24701408252768,289.6385975759999,861.4565473632813,1.501555505220713,314.7306457132112
39.050964,-7.0370483,212.0,2019-07-04 06:00:00,16.9,87,14.8,17.8,0.0,0.0,0.0,0.0,1,1014.8,989.8,31,1,0,99,0.01,0.24,5.1,10.1,219,215,11.9,20.5,25.2,23.3,18.3,0.141,0.19,0.203,0.253,1,700.95,29.0,13.0,16.0,120.0,29.0,84.7,65.3,29.3,36.0,203.1,38.6,190.7,10.157078219300494,80.29315160749398,290.1881606159999,868.2025473632813,1.5165825956811085,316.1779214924308
39.050964,-7.0370483,212.0,2019-07-04 07:00:00,18.3,79,14.5,19.0,0.0,0.0,0.0,0.0,2,1015.3,990.4,51,24,0,97,0.08,0.45,5.0,6.8,210,212,14.4,20.9,25.0,23.3,18.3,0.142,0.19,0.203,0.253,1,3600.0,147.0,64.0,83.0,269.5,147.0,314.2,204.8,89.2,115.7,269.5,204.8,437.8,10.824120959782658,81.0356177994822,291.14496395999987,875.2005473632813,1.6376053788394676,317.90421039341084
39.050964,-7.0370483,212.0,2019-07-04 08:00:00,19.6,72,14.4,20.2,0.0,0.0,0.0,0.0,3,1015.4,990.6,100,96,0,76,0.15,0.64,5.4,6.8,176,180,16.6,21.8,24.8,23.3,18.3,0.142,0.19,0.203,0.253,1,3528.27,241.0,75.0,166.0,177.6,241.0,558.7,292.0,90.9,201.2,177.6,292.0,677.1,12.647924009907035,82.4838525390287,292.50618933599986,882.4325473632813,1.9859236876953923,319.9074157168517
39.050964,-7.0370483,212.0,2019-07-04 09:00:00,21.2,62,13.6,21.3,0.0,0.0,0.0,0.0,3,1015.6,991.0,94,74,0,90,0.23,0.97,7.0,9.1,168,171,20.9,22.9,24.6,23.3,18.3,0.142,0.189,0.203,0.253,1,2687.08,338.0,89.0,249.0,149.6,338.0,787.3,383.1,100.9,282.2,149.6,383.1,892.3,16.691507616270474,84.61813935424182,294.4963590799999,889.9525473632813,2.8459542032977923,322.33285129526365
39.050964,-7.0370483,212.0,2019-07-04 10:00:00,22.9,52,12.5,22.5,0.0,0.0,0.0,0.0,2,1015.5,991.0,65,44,0,85,0.36,1.34,7.6,9.7,175,176,23.4,24.3,24.6,23.3,18.3,0.142,0.189,0.203,0.253,1,3600.0,522.0,231.0,291.0,310.5,522.0,984.3,566.8,250.8,316.0,310.5,566.8,1068.9,21.442809367461084,86.8528518399131,297.2019001999999,897.7785473632813,4.00640305864312,325.23672148861164
39.050964,-7.0370483,212.0,2019-07-04 11:00:00,24.0,46,11.8,24.0,0.0,0.0,0.0,0.0,1,1015.5,991.1,33,18,0,56,0.44,1.6,7.6,9.9,188,190,24.5,25.7,24.6,23.3,18.3,0.142,0.189,0.203,0.253,1,3600.0,635.0,279.0,356.0,324.8,635.0,1136.4,667.6,293.3,374.3,324.8,667.6,1194.7,25.024654586510845,88.3826303934824,300.3851384239999,905.8025473632813,4.985555512812962,328.4588447520955
39.050964,-7.0370483,212.0,2019-07-04 12:00:00,24.7,43,11.4,25.7,0.0,0.0,0.0,0.0,1,1015.9,991.5,37,36,1,12,0.57,1.76,7.6,10.0,211,210,25.6,27.4,24.7,23.3,18.3,0.142,0.189,0.203,0.253,1,3600.0,828.0,551.0,277.0,591.2,828.0,1233.1,846.8,563.5,283.3,591.2,846.8,1261.2,40.00390625,91.8310546875,238.71875,732.0113525390625,10.14013671875,261.7265625
39.050964,-7.0370483,212.0,2019-07-04 13:00:00,27.0,35,10.2,28.2,0.0,0.0,0.0,0.0,0,1015.2,991.0,13,2,1,36,0.64,2.32,6.3,8.4,204,205,25.2,29.1,24.9,23.3,18.3,0.142,0.189,0.203,0.252,1,3600.0,895.0,672.0,223.0,701.3,895.0,1267.9,892.1,669.8,222.3,701.3,892.1,1263.8,33.46944493405267,91.88101668747302,243.00839484,740.5753525390625,7.699397834311992,266.99282890534147
39.050964,-7.0370483,212.0,2019-07-04 14:00:00,28.1,32,9.8,29.1,0.0,0.0,0.0,0.0,1,1014.5,990.5,23,1,0,74,0.67,2.59,7.9,10.0,210,210,25.9,30.4,25.1,23.3,18.3,0.142,0.189,0.203,0.252,1,3600.0,923.0,772.0,151.0,824.8,923.0,1238.4,896.2,749.6,146.6,824.8,896.2,1202.4,35.9794417913023,92.0786438041691,247.671695576,749.3373525390625,8.582413757260989,271.22747918050345
39.050964,-7.0370483,212.0,2019-07-04 15:00:00,28.2,31,9.6,27.8,0.0,0.0,0.0,0.0,1,1014.0,990.0,27,0,0,90,0.56,2.62,9.0,11.6,209,210,26.6,30.9,25.4,23.3,18.3,0.142,0.189,0.203,0.252,1,3600.0,725.0,403.0,322.0,465.1,725.0,1146.5,683.7,380.0,303.7,465.1,683.7,1081.2,38.09030944409876,92.29762730607958,252.419779328,758.1173525390625,9.356364138721222,275.50876498675046
39.050964,-7.0370483,212.0,2019-07-04 16:00:00,28.1,31,9.4,26.9,0.0,0.0,0.0,0.0,1,1013.7,989.7,20,0,0,67,0.44,2.62,7.7,10.5,208,207,26.6,30.9,25.6,23.3,18.3,0.142,0.189,0.203,0.252,1,3600.0,559.0,268.0,291.0,355.1,559.0,998.6,508.5,243.8,264.7,355.1,508.5,908.3,36.68037660957589,92.34774334516378,257.151658016,766.8793525390624,8.825239264934325,279.7703256867183
39.050964,-7.0370483,212.0,2019-07-04 17:00:00,28.6,30,9.4,27.4,0.0,0.0,0.0,0.0,0,1013.5,989.5,8,0,0,25,0.4,2.74,7.1,9.5,210,209,23.4,31.0,25.8,23.3,18.3,0.142,0.189,0.203,0.252,1,3600.0,511.0,343.0,168.0,564.0,511.0,804.7,441.7,296.5,145.2,564.0,441.7,695.6,36.720303113657145,92.56955252391222,262.034314256,775.7313525390624,8.834065578919976,284.12887654972195
39.050964,-7.0370483,212.0,2019-07-04 18:00:00,28.3,31,9.3,27.0,0.0,0.0,0.0,0.0,0,1013.2,989.2,0,0,0,0,0.29,2.67,7.4,10.2,231,231,21.2,30.6,26.0,23.3,18.3,0.142,0.189,0.203,0.252,1,3600.0,360.0,261.0,99.0,597.4,360.0,578.0,285.0,206.6,78.4,597.4,285.0,457.6,37.27141620927426,92.619758339201,266.798603072,784.5293525390624,9.032171811602263,288.40179987535805
39.050964,-7.0370483,212.0,2019-07-04 19:00:00,27.6,31,9.2,26.2,0.0,0.0,0.0,0.0,0,1013.3,989.2,0,0,0,0,0.19,2.53,8.2,11.9,241,241,19.8,29.7,26.2,23.3,18.3,0.142,0.189,0.203,0.252,1,3600.0,183.0,122.0,61.0,483.3,183.0,334.0,115.3,76.8,38.4,483.3,115.3,210.4,38.453840313042704,92.66998072995705,271.44945644,793.2013525390624,9.470334914880695,292.58108392607323
39.050964,-7.0370483,212.0,2019-07-04 20:00:00,25.1,40,10.4,23.1,0.0,0.0,0.0,0.0,0,1013.5,989.2,0,0,0,0,0.14,1.92,14.1,25.2,276,279,25.6,28.4,26.3,23.3,18.3,0.142,0.188,0.203,0.252,0,1223.0,36.0,17.0,19.0,147.0,36.0,94.3,0.0,0.0,0.0,0.0,0.0,0.0,42.94952565796567,91.77453034681311,275.14139276000003,801.4233525390624,11.235798555255338,296.1232355313436
39.050964,-7.0370483,212.0,2019-07-04 21:00:00,23.4,49,12.0,21.8,0.0,0.0,0.0,0.0,0,1014.3,989.9,0,0,0,0,0.11,1.47,15.1,27.6,295,299,31.0,27.0,26.3,23.3,18.3,0.142,0.188,0.203,0.252,0,0.0,0.0,0.0,0.0,0.0,0.0,0.0,0.0,0.0,0.0,0.0,0.0,0.0,37.83750104709648,90.04256082899808,278.07591848000004,809.3393525390625,9.231592581489139,299.1737102706558
39.050964,-7.0370483,212.0,2019-07-04 22:00:00,22.4,52,12.2,21.1,0.0,0.0,0.0,0.0,0,1014.9,990.4,0,0,0,0,0.09,1.29,13.6,25.3,292,294,29.9,26.0,26.3,23.4,18.3,0.142,0.188,0.203,0.252,0,0.0,0.0,0.0,0.0,0.0,0.0,0.0,0.0,0.0,0.0,0.0,0.0,0.0,33.22645028921788,89.19184132518384,280.72509416,817.0753525390625,7.576420452275516,302.02824961064005
39.050964,-7.0370483,212.0,2019-07-04 23:00:00,21.1,59,12.8,19.9,0.0,0.0,0.0,0.0,0,1015.5,990.9,0,0,0,0,0.07,1.02,14.1,25.6,274,280,27.7,25.0,26.2,23.4,18.3,0.142,0.188,0.203,0.252,0,0.0,0.0,0.0,0.0,0.0,0.0,0.0,0.0,0.0,0.0,0.0,0.0,0.0,29.783296843984395,87.87823887805722,282.862753472,824.5773525390624,6.435119657830759,304.5465915361233
39.050964,-7.0370483,212.0,2019-07-05 00:00:00,19.6,68,13.6,18.9,0.0,0.0,0.0,0.0,0,1017.0,992.2,0,0,0,0,0.05,0.73,13.0,23.2,272,276,27.7,23.8,26.0,23.4,18.3,0.142,0.188,0.203,0.252,0,0.0,0.0,0.0,0.0,0.0,0.0,0.0,0.0,0.0,0.0,0.0,0.0,0.0,24.23136035607511,86.15940586345594,284.418439616,831.8093525390624,4.76788434893192,306.68060039587175
39.050964,-7.0370483,212.0,2019-07-05 01:00:00,18.7,74,14.1,18.4,0.0,0.0,0.0,0.0,0,1017.0,992.1,0,0,0,0,0.03,0.55,11.2,20.2,268,275,25.6,23.0,25.8,23.4,18.3,0.142,0.188,0.203,0.252,0,0.0,0.0,0.0,0.0,0.0,0.0,0.0,0.0,0.0,0.0,0.0,0.0,0.0,19.85413600132305,84.79894532576445,285.627478304,838.8793525390624,3.604546733520369,308.5833995921051
39.050964,-7.0370483,212.0,2019-07-05 02:00:00,18.0,79,14.3,18.0,0.0,0.0,0.0,0.0,0,1017.0,992.1,0,0,0,0,0.01,0.43,9.1,16.9,263,272,22.0,22.3,25.6,23.4,18.3,0.142,0.188,0.203,0.252,0,0.0,0.0,0.0,0.0,0.0,0.0,0.0,0.0,0.0,0.0,0.0,0.0,0.0,16.259444348224477,83.5720588397249,286.56948572000005,845.8233525390624,2.7506401170316246,310.3058002694977
39.050964,-7.0370483,212.0,2019-07-05 03:00:00,17.4,83,14.4,17.6,0.0,0.0,0.0,0.0,0,1017.0,992.0,0,0,0,0,0.01,0.35,8.4,15.5,263,273,17.3,21.7,25.4,23.4,18.3,0.142,0.188,0.203,0.252,0,0.0,0.0,0.0,0.0,0.0,0.0,0.0,0.0,0.0,0.0,0.0,0.0,0.0,14.144952672244099,82.42027040160497,287.30810784000005,852.6593525390624,2.2918193996997553,311.88659473682225
39.050964,-7.0370483,212.0,2019-07-05 04:00:00,16.9,85,14.5,17.4,0.0,0.0,0.0,0.0,0,1017.0,992.0,0,0,0,0,0.0,0.28,6.9,13.4,264,276,15.1,21.1,25.2,23.4,18.3,0.142,0.188,0.203,0.252,0,0.0,0.0,0.0,0.0,0.0,0.0,0.0,0.0,0.0,0.0,0.0,0.0,0.0,12.391012574986009,81.65390461282621,287.94221904000005,859.4053525390624,1.9361830385866243,313.3859443277055
39.050964,-7.0370483,212.0,2019-07-05 05:00:00,16.4,89,14.5,17.1,0.0,0.0,0.0,0.0,0,1017.1,992.0,0,0,0,0,0.0,0.21,5.4,9.8,250,276,11.9,20.4,24.9,23.4,18.3,0.142,0.188,0.203,0.252,0,0.0,0.0,0.0,0.0,0.0,0.0,0.0,0.0,0.0,0.0,0.0,0.0,0.0,10.334051783117184,80.34687266019647,288.39431684000004,866.0613525390623,1.5485653063250693,314.7570920633654
39.050964,-7.0370483,212.0,2019-07-05 06:00:00,16.7,87,14.6,17.5,0.0,0.0,0.0,0.0,0,1017.3,992.3,0,0,0,0,0.01,0.24,4.7,8.3,247,268,11.2,20.2,24.7,23.4,18.3,0.142,0.188,0.203,0.252,1,588.94,29.0,12.0,17.0,111.6,29.0,83.7,65.4,27.1,38.3,189.7,38.5,188.7,10.077429949902761,80.39304315350668,288.93777362400004,872.7713525390624,1.502335808088638,316.1859641839647
39.050964,-7.0370483,212.0,2019-07-05 07:00:00,18.2,79,14.5,19.1,0.0,0.0,0.0,0.0,0,1017.5,992.6,0,0,0,0,0.09,0.44,3.8,5.5,253,259,13.7,20.7,24.4,23.4,18.3,0.142,0.188,0.203,0.252,1,3600.0,169.0,110.0,59.0,466.2,169.0,312.2,236.0,153.6,82.4,466.2,236.0,435.9,10.30893615903896,81.048075609964,289.88964499200006,879.7513525390624,1.543698582311861,317.8992921100862
39.050964,-7.0370483,212.0,2019-07-05 08:00:00,20.3,67,13.9,21.1,0.0,0.0,0.0,0.0,0,1017.5,992.8,0,0,0,0,0.21,0.79,3.6,4.7,233,238,15.1,22.0,24.3,23.4,18.3,0.142,0.188,0.203,0.252,1,3600.0,358.0,274.0,84.0,650.9,358.0,556.9,434.1,332.3,101.9,650.9,434.1,675.4,12.592525976948982,83.15562709721024,291.5481980640001,887.1093525390623,1.974946151499875,320.0969784205502
39.050964,-7.0370483,212.0,2019-07-05 09:00:00,22.5,55,12.9,22.8,0.0,0.0,0.0,0.0,0,1017.4,992.8,0,0,0,0,0.35,1.23,4.2,5.2,211,214,17.6,23.7,24.2,23.3,18.3,0.142,0.188,0.203,0.252,1,3600.0,549.0,450.0,99.0,757.8,549.0,785.7,622.5,510.2,112.2,757.8,622.5,890.9,17.063797623327286,85.85235965067899,294.0423687840001,894.8633525390624,2.9310388004869417,322.86220855229874
39.050964,-7.0370483,212.0,2019-07-05 10:00:00,24.3,47,12.2,25.2,0.0,0.0,0.0,0.0,0,1017.5,993.1,0,0,0,0,0.48,1.62,5.6,7.2,195,198,20.9,25.5,24.2,23.3,18.4,0.142,0.188,0.203,0.252,1,3600.0,721.0,611.0,110.0,822.4,721.0,983.0,783.1,663.6,119.5,822.4,783.1,1067.7,22.492066312470914,88.02788784591796,297.2040002560001,902.9413525390623,4.284032552292867,326.08227631133155
39.050964,-7.0370483,212.0,2019-07-05 11:00:00,26.1,39,11.1,27.3,0.0,0.0,0.0,0.0,0,1017.3,993.0,3,3,0,0,0.59,2.06,6.7,8.8,196,199,23.8,27.4,24.3,23.3,18.4,0.142,0.188,0.203,0.252,1,3600.0,855.0,738.0,117.0,860.0,855.0,1135.3,899.0,776.0,123.0,860.0,899.0,1193.7,28.472019601286185,90.00349258858601,301.1007310080001,911.3433525390624,6.012012427891362,329.79621951558556
39.050964,-7.0370483,212.0,2019-07-05 12:00:00,26.6,35,9.8,27.9,0.0,0.0,0.0,0.0,0,1017.3,993.1,1,1,0,0,0.66,2.28,7.1,8.9,204,207,25.9,28.9,24.5,23.3,18.4,0.144,0.192,0.203,0.252,1,3600.0,939.0,811.0,128.0,870.8,939.0,1232.3,960.5,829.5,130.9,870.8,960.5,1260.5,37.486328125,91.9003677368164,242.9609375,740.5146484375,9.155660629272461,265.7734375
39.050964,-7.0370483,212.0,2019-07-05 13:00:00,28.7,28,8.2,29.6,0.0,0.0,0.0,0.0,0,1016.8,992.7,0,0,0,0,0.71,2.84,7.8,10.0,214,218,25.6,30.4,24.7,23.3,18.4,0.144,0.191,0.203,0.252,1,3600.0,974.0,850.0,124.0,887.4,974.0,1267.3,971.0,847.3,123.6,887.4,971.0,1263.3,38.68987927899087,92.9036409262811,248.000007836,749.3846484375,9.590822563198483,271.43198404927074
39.050964,-7.0370483,212.0,2019-07-05 14:00:00,29.8,24,7.1,30.1,0.0,0.0,0.0,0.0,0,1016.1,992.2,0,0,0,0,0.72,3.19,8.9,11.5,220,221,27.4,31.5,25.0,23.3,18.4,0.144,0.191,0.203,0.252,1,3600.0,949.0,829.0,120.0,886.0,949.0,1237.9,921.5,805.0,116.5,886.0,921.5,1202.1,44.13462718069695,93.96683467243898,253.51536614,758.4526484375,11.75732016760969,276.21567251493366
39.050964,-7.0370483,212.0,2019-07-05 15:00:00,30.5,23,6.9,30.1,0.0,0.0,0.0,0.0,0,1015.3,991.4,0,0,0,0,0.67,3.36,9.7,12.7,225,227,28.4,32.3,25.3,23.3,18.4,0.144,0.191,0.203,0.252,1,3600.0,868.0,752.0,116.0,868.1,868.0,1146.2,818.6,709.2,109.4,868.1,818.6,1080.9,46.96585832570208,94.37781182101101,259.229882332,767.6466484375,12.956911823037585,281.1244596221679
39.050964,-7.0370483,212.0,2019-07-05 16:00:00,30.7,23,7.0,29.5,0.0,0.0,0.0,0.0,0,1015.0,991.1,0,0,0,0,0.59,3.41,9.7,12.8,231,232,28.1,32.6,25.7,23.3,18.4,0.144,0.191,0.203,0.252,1,3600.0,737.0,629.0,108.0,833.6,737.0,998.3,670.4,572.1,98.2,833.6,670.4,908.0,47.25704209525353,94.44353991921838,264.98056634799997,776.8766484375,13.074913621333245,286.04627310528866
39.050964,-7.0370483,212.0,2019-07-05 17:00:00,30.5,23,6.8,28.4,0.0,0.0,0.0,0.0,0,1014.4,990.5,0,0,0,0,0.47,3.38,9.9,13.0,237,236,27.4,32.5,26.0,23.3,18.4,0.143,0.191,0.203,0.252,1,3600.0,569.0,471.0,98.0,774.7,569.0,804.4,491.8,407.1,84.7,774.7,491.8,695.3,47.7883360423167,94.49436443209298,270.69508254,786.0706484374999,13.300199488943298,290.92732259103263
39.050964,-7.0370483,212.0,2019-07-05 18:00:00,29.9,23,6.6,27.5,0.0,0.0,0.0,0.0,0,1014.1,990.2,0,0,0,0,0.35,3.24,10.4,13.8,250,250,25.9,31.9,26.2,23.3,18.4,0.143,0.191,0.203,0.252,1,3600.0,378.0,296.0,82.0,678.0,378.0,577.7,299.1,234.2,64.9,678.0,299.1,457.1,48.78398777139139,94.54520572469805,276.30109526,795.1566484374999,13.735419438061863,295.71473852940017
39.050964,-7.0370483,212.0,2019-07-05 19:00:00,28.5,26,7.3,26.2,0.0,0.0,0.0,0.0,0,1014.4,990.4,0,0,0,0,0.22,2.86,10.8,16.6,274,275,24.8,30.8,26.4,23.3,18.4,0.143,0.191,0.203,0.252,1,3600.0,187.0,127.0,60.0,503.9,187.0,333.5,117.6,79.9,37.7,503.9,117.6,209.8,49.63751352095529,94.59606380257344,281.445381084,803.9906484374999,14.113557474802887,300.1841853112946
39.050964,-7.0370483,212.0,2019-07-05 20:00:00,25.9,33,8.4,23.6,0.0,0.0,0.0,0.0,0,1014.6,990.4,0,0,0,0,0.15,2.24,12.7,24.0,285,287,24.1,29.2,26.6,23.4,18.4,0.143,0.191,0.203,0.252,0,1219.42,37.0,17.0,20.0,147.3,37.0,94.1,0.0,0.0,0.0,0.0,0.0,0.0,47.327168928761175,93.35609075719775,285.69392612400003,812.3566484374999,13.078988626562428,304.056934440491
39.050964,-7.0370483,212.0,2019-07-05 21:00:00,24.4,36,8.5,21.6,0.0,0.0,0.0,0.0,0,1015.4,991.0,0,0,0,0,0.16,1.95,16.8,30.1,285,287,32.4,27.8,26.6,23.4,18.4,0.143,0.191,0.203,0.252,0,0.0,0.0,0.0,0.0,0.0,0.0,0.0,0.0,0.0,0.0,0.0,0.0,0.0,49.61554331287234,92.4157297021013,289.52677604400003,820.4526484374999,14.093941064432718,307.64448378770123
39.050964,-7.0370483,212.0,2019-07-05 22:00:00,22.4,52,12.2,20.4,0.0,0.0,0.0,0.0,0,1015.9,991.4,0,0,0,0,0.11,1.29,18.0,31.6,290,291,36.0,26.6,26.6,23.4,18.4,0.143,0.191,0.203,0.252,0,0.0,0.0,0.0,0.0,0.0,0.0,0.0,0.0,0.0,0.0,0.0,0.0,0.0,39.766777809593904,89.54997425506953,292.175951724,828.1886484374999,9.955751810336533,310.4996505022784
39.050964,-7.0370483,212.0,2019-07-05 23:00:00,21.2,60,13.2,19.9,0.0,0.0,0.0,0.0,0,1016.1,991.5,0,0,0,0,0.08,1.0,16.1,29.0,294,295,36.0,25.5,26.5,23.4,18.4,0.143,0.191,0.203,0.252,0,0.0,0.0,0.0,0.0,0.0,0.0,0.0,0.0,0.0,0.0,0.0,0.0,0.0,31.61556700027112,87.78848626120302,294.270867244,835.7086484374998,7.0265754398798395,313.00359994254836
39.050964,-7.0370483,212.0,2019-07-06 00:00:00,20.3,67,14.0,19.8,0.0,0.0,0.0,0.0,0,1016.9,992.2,0,0,0,0,0.04,0.78,11.7,22.5,281,286,32.0,24.6,26.4,23.4,18.4,0.142,0.187,0.203,0.252,0,0.0,0.0,0.0,0.0,0.0,0.0,0.0,0.0,0.0,0.0,0.0,0.0,0.0,23.674409209206814,86.38425759908064,295.929420316,843.0666484374998,4.6094238259001,315.2312455805468
39.050964,-7.0370483,212.0,2019-07-06 01:00:00,19.4,72,14.2,19.2,0.0,0.0,0.0,0.0,0,1017.0,992.2,0,0,0,0,0.03,0.63,10.2,18.9,278,283,23.0,23.7,26.2,23.4,18.4,0.142,0.187,0.203,0.252,0,0.0,0.0,0.0,0.0,0.0,0.0,0.0,0.0,0.0,0.0,0.0,0.0,0.0,20.04598767887407,85.25701461064624,297.277493756,850.2626484374998,3.650318334671887,317.25242295408594
39.050964,-7.0370483,212.0,2019-07-06 02:00:00,18.5,77,14.3,18.5,0.0,0.0,0.0,0.0,0,1016.6,991.7,0,0,0,0,0.02,0.5,9.6,18.2,283,288,19.1,22.9,26.0,23.4,18.4,0.142,0.187,0.203,0.252,0,0.0,0.0,0.0,0.0,0.0,0.0,0.0,0.0,0.0,0.0,0.0,0.0,0.0,17.448718955838604,84.0891602043818,298.336224604,857.2966484374998,3.020858033106957,319.0776732939562
39.050964,-7.0370483,212.0,2019-07-06 03:00:00,17.8,80,14.4,17.8,0.0,0.0,0.0,0.0,0,1016.1,991.2,0,0,0,0,0.01,0.4,9.9,18.4,289,293,18.7,22.2,25.8,23.4,18.4,0.142,0.187,0.203,0.252,0,0.0,0.0,0.0,0.0,0.0,0.0,0.0,0.0,0.0,0.0,0.0,0.0,0.0,16.169821738322717,83.20033517705663,299.223980284,864.2046484374998,2.728533424181583,320.77954799992
39.050964,-7.0370483,212.0,2019-07-06 04:00:00,17.2,84,14.5,17.3,0.0,0.0,0.0,0.0,0,1016.0,991.0,0,0,0,0,0.01,0.32,9.4,17.1,288,292,18.7,21.6,25.6,23.4,18.4,0.142,0.187,0.203,0.252,0,0.0,0.0,0.0,0.0,0.0,0.0,0.0,0.0,0.0,0.0,0.0,0.0,0.0,14.243772366152154,82.07781676619878,299.91163865199997,871.0046484374998,2.310878085010768,322.34335047026354
39.050964,-7.0370483,212.0,2019-07-06 05:00:00,16.7,87,14.5,16.7,0.0,0.0,0.0,0.0,0,1015.9,990.9,0,0,0,0,0.0,0.25,9.7,18.0,292,296,18.0,21.1,25.3,23.4,18.4,0.142,0.187,0.203,0.252,0,0.0,0.0,0.0,0.0,0.0,0.0,0.0,0.0,0.0,0.0,0.0,0.0,0.0,13.066122415605035,81.00852943490851,300.45509543599997,877.7146484374998,2.0688597927046466,323.80323786505517
39.050964,-7.0370483,212.0,2019-07-06 06:00:00,16.9,85,14.5,17.1,0.0,0.0,0.0,0.0,0,1015.7,990.7,0,0,0,0,0.02,0.28,8.8,16.1,289,294,18.4,20.7,25.1,23.4,18.4,0.142,0.187,0.203,0.252,1,584.23,28.0,12.0,16.0,112.4,28.0,82.7,63.2,27.1,36.1,192.1,37.0,186.6,12.659443000782229,81.05491837443141,301.089206636,884.4606484374998,1.987561574683597,325.31665277070283
39.050964,-7.0370483,212.0,2019-07-06 07:00:00,18.8,76,14.4,19.1,0.0,0.0,0.0,0.0,0,1016.0,991.2,0,0,0,0,0.1,0.53,7.6,11.2,289,291,19.8,21.2,24.9,23.4,18.4,0.142,0.187,0.203,0.252,1,3600.0,168.0,110.0,58.0,469.3,168.0,310.1,235.1,153.9,81.1,469.3,235.1,433.9,13.06102924293254,81.90763196732337,302.210878892,891.5486484374998,2.067447038131761,327.16854093635146
39.050964,-7.0370483,212.0,2019-07-06 08:00:00,21.2,60,13.2,21.3,0.0,0.0,0.0,0.0,0,1016.1,991.5,0,0,0,0,0.22,0.99,6.2,8.4,277,277,20.5,22.4,24.7,23.4,18.4,0.142,0.187,0.202,0.252,1,3600.0,356.0,272.0,84.0,648.4,356.0,555.1,432.0,330.1,101.9,648.4,432.0,673.6,16.29990100988539,84.67916112009604,304.30579441199995,899.0686484374997,2.7563154751365397,329.6618119163755
39.050964,-7.0370483,212.0,2019-07-06 09:00:00,23.4,49,12.2,23.1,0.0,0.0,0.0,0.0,0,1016.2,991.7,0,0,0,0,0.36,1.45,6.2,8.0,260,260,20.9,24.1,24.6,23.4,18.4,0.142,0.187,0.202,0.252,1,3600.0,547.0,450.0,97.0,759.3,547.0,784.1,620.4,510.4,110.0,759.3,620.4,889.4,21.42432098998656,87.33702352174562,307.24032013199997,906.9846484374998,4.0000307698000075,332.71407610373785
39.050964,-7.0370483,212.0,2019-07-06 10:00:00,25.2,43,11.7,25.8,0.0,0.0,0.0,0.0,0,1016.0,991.7,0,0,0,0,0.49,1.83,6.4,8.2,254,255,22.7,26.0,24.6,23.4,18.4,0.142,0.187,0.202,0.252,1,3600.0,718.0,609.0,109.0,820.8,718.0,981.6,780.0,661.6,118.4,820.8,780.0,1066.4,25.77427552790088,89.09723414315165,310.761046428,915.2246484374998,5.199965573796768,336.16404088603383
39.050964,-7.0370483,212.0,2019-07-06 11:00:00,26.9,38,11.2,28.0,0.0,0.0,0.0,0.0,0,1015.7,991.5,0,0,0,0,0.6,2.22,7.4,9.7,247,248,24.8,27.8,24.7,23.4,18.4,0.142,0.187,0.202,0.252,1,3600.0,852.0,736.0,116.0,858.6,852.0,1134.2,896.0,774.0,122.0,858.6,896.0,1192.8,30.549645775521057,90.47976892885605,314.838146588,923.7706484374999,6.667116094506681,339.9894980580135
39.050964,-7.0370483,212.0,2019-07-06 12:00:00,27.6,35,10.8,28.9,0.0,0.0,0.0,0.0,0,1015.8,991.7,0,0,0,0,0.68,2.39,8.6,10.8,248,249,26.6,29.5,24.9,23.4,18.4,0.146,0.188,0.203,0.252,1,3600.0,940.0,820.0,120.0,881.0,940.0,1231.4,961.6,838.8,122.8,881.0,961.6,1259.7,37.41796875,91.89794921875,246.9609375,749.0118408203125,9.12255859375,269.7734375
39.050964,-7.0370483,212.0,2019-07-06 13:00:00,29.2,30,10.0,30.4,0.0,0.0,0.0,0.0,0,1014.9,990.9,0,0,0,0,0.72,2.82,8.8,11.0,261,259,27.4,31.0,25.1,23.4,18.4,0.145,0.188,0.203,0.252,1,3600.0,973.0,851.0,122.0,888.9,973.0,1266.6,970.0,848.4,121.6,888.9,970.0,1262.8,38.957365239841224,92.61532851665795,251.94223326,757.9718408203125,9.686333885872692,275.2000933634062
39.050964,-7.0370483,212.0,2019-07-06 14:00:00,30.1,27,9.1,31.0,0.0,0.0,0.0,0.0,0,1014.2,990.3,0,0,0,0,0.72,3.11,8.7,11.3,265,263,27.4,32.1,25.4,23.4,18.5,0.145,0.188,0.203,0.252,1,3600.0,949.0,829.0,120.0,886.4,949.0,1237.4,921.6,805.0,116.5,886.4,921.6,1201.7,41.70364550105907,93.39853515491147,257.291313516,767.0938408203125,10.754980201830744,279.88865586183186
39.050964,-7.0370483,212.0,2019-07-06 15:00:00,30.7,25,8.2,30.7,0.0,0.0,0.0,0.0,0,1013.5,989.7,0,0,0,0,0.68,3.33,9.7,12.6,272,272,28.1,32.8,25.8,23.4,18.5,0.145,0.188,0.203,0.252,1,3600.0,869.0,753.0,116.0,869.5,869.0,1145.8,819.5,710.1,109.4,869.5,819.5,1080.6,45.29247831553519,93.95993492068409,262.892629116,776.3238408203125,12.229260724718623,284.7323704700004
39.050964,-7.0370483,212.0,2019-07-06 16:00:00,30.7,24,7.6,29.3,0.0,0.0,0.0,0.0,0,1013.0,989.2,0,0,0,0,0.6,3.36,12.0,15.6,279,277,31.3,33.0,26.1,23.4,18.5,0.145,0.188,0.203,0.252,1,3600.0,739.0,631.0,108.0,836.5,739.0,998.0,672.1,573.9,98.2,836.5,672.1,907.7,49.81999869116059,94.20881481903169,268.568628924,785.5538408203125,14.21339527276786,289.6069708160872
39.050964,-7.0370483,212.0,2019-07-06 17:00:00,30.0,25,7.9,27.6,0.0,0.0,0.0,0.0,0,1012.8,988.9,0,0,0,0,0.5,3.18,13.2,18.0,287,286,33.1,32.7,26.4,23.4,18.5,0.145,0.188,0.203,0.252,1,3600.0,571.0,473.0,98.0,778.3,571.0,804.1,493.5,408.8,84.7,778.3,493.5,694.9,51.98417682416225,94.25956183733338,274.046645124,794.6578408203126,15.20564375242727,294.33311916424515
39.050964,-7.0370483,212.0,2019-07-06 18:00:00,29.1,27,8.1,26.7,0.0,0.0,0.0,0.0,0,1012.6,988.7,0,0,0,0,0.37,2.95,13.2,18.4,287,287,33.1,31.9,26.6,23.4,18.5,0.145,0.188,0.203,0.252,1,3600.0,379.0,296.0,83.0,678.5,379.0,577.2,299.8,234.2,65.7,678.5,299.8,456.6,52.22763359639554,94.31032560978068,279.2242805,803.5998408203126,15.312641428246641,298.8486160175872
39.050964,-7.0370483,212.0,2019-07-06 19:00:00,28.3,28,8.1,26.0,0.0,0.0,0.0,0.0,0,1012.4,988.4,0,0,0,0,0.23,2.76,12.0,18.3,286,286,30.6,30.7,26.8,23.4,18.5,0.145,0.188,0.203,0.252,1,3600.0,187.0,127.0,60.0,504.8,187.0,332.9,117.4,79.8,37.7,504.8,117.4,209.0,50.52753598625005,94.361106141905,284.195712308,812.3978408203126,14.515557893347927,303.2135209184878
39.050964,-7.0370483,212.0,2019-07-06 20:00:00,26.2,36,10.1,24.0,0.0,0.0,0.0,0.0,0,1012.8,988.6,0,0,0,0,0.16,2.16,15.1,27.2,273,277,27.7,29.3,26.9,23.4,18.5,0.145,0.188,0.203,0.252,0,1215.31,37.0,17.0,20.0,147.6,37.0,93.7,0.0,0.0,0.0,0.0,0.0,0.0,48.80027945056235,92.83771685418142,288.29911634,820.8178408203125,13.727590572951813,307.01392574275064
39.050964,-7.0370483,212.0,2019-07-06 21:00:00,23.1,60,14.8,21.9,0.0,0.0,0.0,0.0,0,1014.3,989.9,0,0,0,0,0.1,1.14,19.2,31.4,300,302,45.4,27.9,26.9,23.4,18.5,0.145,0.188,0.203,0.252,0,0.0,0.0,0.0,0.0,0.0,0.0,0.0,0.0,0.0,0.0,0.0,0.0,0.0,37.23628693922596,88.42499699033843,290.57252242,828.6798408203125,8.999307799941937,309.6776614460767
39.050964,-7.0370483,212.0,2019-07-06 22:00:00,22.1,61,14.3,20.8,0.0,0.0,0.0,0.0,0,1014.9,990.4,0,0,0,0,0.09,1.04,18.2,30.8,300,300,39.2,26.6,26.9,23.4,18.5,0.145,0.188,0.203,0.252,0,0.0,0.0,0.0,0.0,0.0,0.0,0.0,0.0,0.0,0.0,0.0,0.0,0.0,33.199227229622046,87.56074069411794,292.69749950799996,836.3618408203125,7.560507325041949,312.2251729948501
39.050964,-7.0370483,212.0,2019-07-06 23:00:00,20.8,64,13.7,19.8,0.0,0.0,0.0,0.0,0,1015.1,990.5,0,0,0,0,0.07,0.89,15.3,26.4,304,305,37.1,25.5,26.8,23.4,18.5,0.145,0.188,0.203,0.252,0,0.0,0.0,0.0,0.0,0.0,0.0,0.0,0.0,0.0,0.0,0.0,0.0,0.0,28.03839742202041,86.826841236499,294.549104212,843.8098408203125,5.883794506592969,314.5755845261246
39.050964,-7.0370483,212.0,2019-07-07 00:00:00,19.3,68,13.3,18.8,0.0,0.0,0.0,0.0,0,1015.9,991.1,0,0,0,0,0.03,0.72,10.3,19.3,295,297,30.6,24.5,26.7,23.4,18.5,0.145,0.187,0.203,0.252,0,0.0,0.0,0.0,0.0,0.0,0.0,0.0,0.0,0.0,0.0,0.0,0.0,0.0,21.561801036285694,85.94815072514919,296.08224418,850.9878408203125,4.039666114560235,316.6961119388962
39.050964,-7.0370483,212.0,2019-07-07 01:00:00,18.6,72,13.4,18.4,0.0,0.0,0.0,0.0,0,1016.2,991.3,0,0,0,0,0.02,0.61,8.7,16.7,277,289,20.5,23.5,26.5,23.4,18.5,0.145,0.187,0.203,0.252,0,0.0,0.0,0.0,0.0,0.0,0.0,0.0,0.0,0.0,0.0,0.0,0.0,0.0,18.65896394659884,85.09143776531222,297.377709876,858.0398408203125,3.308087556440359,318.65682634536137
39.050964,-7.0370483,212.0,2019-07-07 02:00:00,17.8,77,13.7,17.5,0.0,0.0,0.0,0.0,0,1016.1,991.2,0,0,0,0,0.02,0.47,9.8,18.1,276,283,18.0,22.7,26.3,23.4,18.5,0.145,0.187,0.203,0.252,0,0.0,0.0,0.0,0.0,0.0,0.0,0.0,0.0,0.0,0.0,0.0,0.0,0.0,17.389761723501483,83.97891750734306,298.398628908,864.9478408203125,3.00687749941586,320.4322230865787
39.050964,-7.0370483,212.0,2019-07-07 03:00:00,17.0,82,14.0,16.6,0.0,0.0,0.0,0.0,0,1015.7,990.7,0,0,0,0,0.01,0.34,11.9,21.4,295,295,22.3,22.0,26.0,23.5,18.5,0.145,0.187,0.203,0.252,0,0.0,0.0,0.0,0.0,0.0,0.0,0.0,0.0,0.0,0.0,0.0,0.0,0.0,16.55667636343624,82.65551203144454,299.16378975599997,871.7118408203125,2.8154027144760034,322.03159519559676
39.050964,-7.0370483,212.0,2019-07-07 04:00:00,16.4,87,14.1,16.2,0.0,0.0,0.0,0.0,0,1015.5,990.5,0,0,0,0,0.0,0.25,10.5,19.4,297,301,22.7,21.3,25.8,23.5,18.5,0.145,0.187,0.203,0.252,0,0.0,0.0,0.0,0.0,0.0,0.0,0.0,0.0,0.0,0.0,0.0,0.0,0.0,13.58678552403342,81.09228735376998,299.698087156,878.3678408203125,2.1745542009377,323.4738874874642
39.050964,-7.0370483,212.0,2019-07-07 05:00:00,15.7,91,14.3,15.6,0.0,0.0,0.0,0.0,0,1015.6,990.5,0,0,0,0,0.0,0.16,10.2,18.7,288,298,20.2,20.7,25.5,23.5,18.5,0.145,0.187,0.203,0.252,0,0.0,0.0,0.0,0.0,0.0,0.0,0.0,0.0,0.0,0.0,0.0,0.0,0.0,11.664793203536862,79.42884965668428,300.053189428,884.8978408203125,1.7944111714088424,324.7846060382587
39.050964,-7.0370483,212.0,2019-07-07 06:00:00,16.0,89,14.3,16.3,0.0,0.0,0.0,0.0,0,1015.4,990.3,1,1,0,0,0.01,0.19,7.3,14.7,279,292,19.4,20.3,25.2,23.5,18.5,0.145,0.187,0.203,0.252,1,579.02,28.0,12.0,16.0,113.3,28.0,81.6,63.3,27.1,36.2,194.6,36.8,184.4,10.389593868550152,79.4747170643828,300.494953564,891.4818408203124,1.5574877369651472,326.1492168930186
39.050964,-7.0370483,212.0,2019-07-07 07:00:00,17.8,77,13.8,18.2,0.0,0.0,0.0,0.0,0,1015.5,990.6,0,0,0,0,0.09,0.47,5.8,8.5,277,282,16.9,20.8,24.9,23.5,18.5,0.145,0.187,0.203,0.252,1,3600.0,170.0,110.0,60.0,472.5,170.0,308.0,238.4,154.2,84.1,472.5,238.4,431.9,11.049292518870766,80.89585555843063,301.515872596,898.3898408203124,1.6782860725043187,327.9047986353648
39.050964,-7.0370483,212.0,2019-07-07 08:00:00,20.2,62,12.7,20.3,0.0,0.0,0.0,0.0,0,1015.6,990.9,0,0,0,0,0.21,0.9,5.0,6.8,270,273,17.3,22.0,24.7,23.5,18.5,0.145,0.187,0.203,0.252,1,3600.0,361.0,278.0,83.0,664.9,361.0,553.2,438.5,337.6,100.8,664.9,438.5,671.8,14.283620158079804,83.84178119980925,303.41679706,905.7298408203125,2.3182318741649315,330.2509142756156
39.050964,-7.0370483,212.0,2019-07-07 09:00:00,22.7,47,10.8,22.2,0.0,0.0,0.0,0.0,0,1015.2,990.7,0,0,0,0,0.36,1.46,5.0,6.5,270,270,18.7,23.7,24.6,23.4,18.5,0.145,0.187,0.203,0.252,1,3600.0,555.0,459.0,96.0,776.2,555.0,782.4,629.8,520.8,108.9,776.2,629.8,887.8,20.328566577347814,87.24888677050707,306.37927064400003,913.5198408203124,3.7182732546560944,333.30023512753644
39.050964,-7.0370483,212.0,2019-07-07 10:00:00,24.7,38,9.5,24.9,0.0,0.0,0.0,0.0,0,1015.2,990.9,0,0,0,0,0.49,1.93,5.2,6.6,258,257,20.5,25.6,24.6,23.4,18.5,0.145,0.187,0.203,0.252,1,3600.0,726.0,618.0,108.0,834.2,726.0,980.2,788.9,671.5,117.4,834.2,788.9,1065.2,26.372827057638112,89.74971880895447,310.13602722,921.6698408203124,5.375249974986335,336.87843700427794
39.050964,-7.0370483,212.0,2019-07-07 11:00:00,26.5,34,9.3,27.4,0.0,0.0,0.0,0.0,0,1014.8,990.6,0,0,0,0,0.6,2.3,6.0,7.5,253,253,22.3,27.6,24.7,23.4,18.5,0.145,0.187,0.203,0.252,1,3600.0,860.0,744.0,116.0,868.8,860.0,1133.1,904.5,782.5,122.0,868.8,904.5,1191.7,31.12727187803621,91.16917782805614,314.414164116,930.1438408203124,6.855024276265166,340.81567881671845
39.050964,-7.0370483,212.0,2019-07-07 12:00:00,27.2,36,10.7,28.5,0.0,0.0,0.0,0.0,0,1014.2,990.1,6,5,3,0,0.67,2.32,8.4,10.5,263,262,25.6,29.2,24.9,23.4,18.5,0.147,0.189,0.204,0.252,1,3600.0,946.0,826.0,120.0,888.1,946.0,1230.5,967.8,845.1,122.8,888.1,967.8,1258.9,37.5185546875,91.94873046875,251.015625,757.40576171875,9.14802360534668,273.828125
39.050964,-7.0370483,212.0,2019-07-07 13:00:00,28.9,30,9.7,30.0,0.0,0.0,0.0,0.0,0,1013.4,989.4,14,0,24,0,0.7,2.77,8.2,10.5,255,254,27.0,30.6,25.1,23.4,18.5,0.147,0.188,0.204,0.252,1,3600.0,949.0,815.0,134.0,851.8,949.0,1265.9,946.2,812.6,133.6,851.8,946.2,1262.2,38.061408653634075,92.5714324768004,255.947601,766.31176171875,9.340023593373754,278.96222451736827
39.050964,-7.0370483,212.0,2019-07-07 14:00:00,30.2,25,8.1,30.1,0.0,0.0,0.0,0.0,1,1012.6,988.8,50,0,75,16,0.71,3.22,11.1,14.3,241,242,29.2,31.7,25.4,23.4,18.5,0.147,0.188,0.204,0.252,1,3600.0,906.0,744.0,162.0,795.8,906.0,1236.9,879.8,722.5,157.3,795.8,879.8,1201.2,46.751300504816676,93.8130236349105,261.46084559999997,775.4517617187499,12.858347266874958,283.7446273652058
39.050964,-7.0370483,212.0,2019-07-07 15:00:00,29.0,32,10.7,27.7,0.0,0.0,0.0,0.0,1,1012.2,988.3,27,1,5,78,0.64,2.71,18.4,24.9,272,272,43.6,32.0,25.7,23.4,18.5,0.146,0.188,0.204,0.252,1,3600.0,786.0,620.0,166.0,716.2,786.0,1145.4,741.2,584.7,156.5,716.2,741.2,1080.2,58.52046423048497,93.75718786964784,266.26787820799996,784.3757617187499,18.431923880184698,288.0655482185308
39.050964,-7.0370483,212.0,2019-07-07 16:00:00,28.4,33,10.4,26.4,0.0,0.0,0.0,0.0,1,1011.9,987.9,27,0,6,79,0.54,2.61,17.7,24.5,274,274,45.4,31.6,25.9,23.4,18.5,0.146,0.188,0.204,0.252,1,3600.0,627.0,373.0,254.0,494.7,627.0,997.6,570.3,339.2,231.0,494.7,570.3,907.3,56.029984323771316,93.49857191371308,270.90980704799995,793.19176171875,17.164196528540586,292.2656984911209
39.050964,-7.0370483,212.0,2019-07-07 17:00:00,26.4,42,12.4,23.9,0.0,0.0,0.0,0.0,0,1012.2,988.1,2,0,3,0,0.43,2.01,22.6,32.1,278,279,50.4,30.9,26.2,23.4,18.6,0.146,0.188,0.204,0.252,1,3600.0,488.0,298.0,190.0,490.6,488.0,803.6,421.7,257.5,164.2,490.6,421.7,694.4,55.809976963290836,91.6941731170526,274.6557602479999,801.64776171875,17.047986244743974,295.8799632457706
39.050964,-7.0370483,212.0,2019-07-07 18:00:00,25.8,43,12.2,23.7,0.0,0.0,0.0,0.0,0,1012.0,987.8,1,0,2,0,0.34,1.9,19.1,27.3,282,283,50.0,30.0,26.3,23.4,18.6,0.146,0.188,0.204,0.252,1,3600.0,363.0,280.0,83.0,642.4,363.0,576.7,287.0,221.4,65.6,642.4,287.0,456.0,47.980809628125876,91.22621707915135,278.2568072959999,809.9957617187499,13.372594752155466,299.39051421162645
39.050964,-7.0370483,212.0,2019-07-07 19:00:00,24.4,47,12.3,22.5,0.0,0.0,0.0,0.0,0,1012.0,987.7,1,0,1,0,0.22,1.63,18.0,27.0,282,283,42.1,28.8,26.4,23.5,18.6,0.146,0.188,0.204,0.252,1,3600.0,179.0,119.0,60.0,474.0,179.0,332.2,112.2,74.6,37.6,474.0,112.2,208.2,42.82579939897361,90.35819092064908,281.4308861359999,818.0917617187499,11.177895723327142,302.6102166925888
39.050964,-7.0370483,212.0,2019-07-07 20:00:00,22.7,54,12.9,21.3,0.0,0.0,0.0,0.0,0,1012.2,987.8,1,0,1,0,0.11,1.27,15.6,26.3,278,279,38.5,27.4,26.5,23.5,18.6,0.146,0.188,0.204,0.252,0,1090.89,35.0,16.0,19.0,139.3,35.0,93.3,0.0,0.0,0.0,0.0,0.0,0.0,34.82194027542214,88.98052333766032,284.0020896239999,825.8817617187499,8.129382693499458,305.42891278103906
39.050964,-7.0370483,212.0,2019-07-07 21:00:00,21.7,57,12.8,20.7,0.0,0.0,0.0,0.0,0,1012.8,988.3,0,0,0,0,0.07,1.12,13.1,23.7,286,290,31.7,26.1,26.4,23.5,18.6,0.146,0.188,0.204,0.252,0,0.0,0.0,0.0,0.0,0.0,0.0,0.0,0.0,0.0,0.0,0.0,0.0,0.0,29.71620763310922,88.20446900696663,286.3046178479999,833.4917617187499,6.411762699719584,308.06136006549855
39.050964,-7.0370483,212.0,2019-07-07 22:00:00,21.0,59,12.7,20.1,0.0,0.0,0.0,0.0,0,1013.5,988.9,0,0,0,0,0.06,1.02,12.0,21.7,291,294,26.3,25.0,26.3,23.5,18.6,0.146,0.188,0.204,0.252,0,0.0,0.0,0.0,0.0,0.0,0.0,0.0,0.0,0.0,0.0,0.0,0.0,0.0,27.232226768637325,87.69642020893161,288.4326480639999,840.9757617187499,5.640228842042539,310.5710055522235
39.050964,-7.0370483,212.0,2019-07-07 23:00:00,20.1,63,12.8,19.1,0.0,0.0,0.0,0.0,0,1013.6,988.9,0,0,0,0,0.06,0.87,12.7,22.8,285,288,24.8,24.1,26.2,23.5,18.6,0.146,0.188,0.204,0.252,0,0.0,0.0,0.0,0.0,0.0,0.0,0.0,0.0,0.0,0.0,0.0,0.0,0.0,25.859370367491728,86.92231014018486,290.2748585279999,848.2977617187499,5.2317975879308305,312.8867519820806
39.050964,-7.0370483,212.0,2019-07-08 00:00:00,19.0,70,13.5,18.2,0.0,0.0,0.0,0.0,0,1014.0,989.2,0,0,0,0,0.04,0.65,13.1,23.2,286,289,25.9,23.5,26.2,23.5,18.6,0.146,0.187,0.203,0.252,0,0.0,0.0,0.0,0.0,0.0,0.0,0.0,0.0,0.0,0.0,0.0,0.0,0.0,23.04103938561302,85.60776980415561,291.69104020799995,855.42176171875,4.435561678485941,314.919968338975
39.050964,-7.0370483,212.0,2019-07-08 01:00:00,18.0,77,13.9,17.5,0.0,0.0,0.0,0.0,0,1013.9,989.0,0,0,0,0,0.03,0.48,12.4,22.7,280,285,26.3,22.7,26.0,23.5,18.6,0.146,0.187,0.203,0.252,0,0.0,0.0,0.0,0.0,0.0,0.0,0.0,0.0,0.0,0.0,0.0,0.0,0.0,19.336358180893562,84.07884071784267,292.72276261599995,862.3657617187499,3.4738131947041437,316.69604326046704
39.050964,-7.0370483,212.0,2019-07-08 02:00:00,17.0,83,14.1,16.5,0.0,0.0,0.0,0.0,0,1013.6,988.7,0,0,0,0,0.01,0.33,12.5,22.7,282,285,24.8,22.0,25.8,23.5,18.6,0.146,0.187,0.203,0.252,0,0.0,0.0,0.0,0.0,0.0,0.0,0.0,0.0,0.0,0.0,0.0,0.0,0.0,16.598147080373888,82.44225901528488,293.44541452799996,869.1297617187499,2.8254757446825947,318.2570078667884
39.050964,-7.0370483,212.0,2019-07-08 03:00:00,16.1,89,14.3,15.8,0.0,0.0,0.0,0.0,0,1013.5,988.5,1,1,0,0,0.0,0.2,11.7,21.0,279,282,24.8,21.3,25.5,23.5,18.6,0.146,0.187,0.203,0.252,0,0.0,0.0,0.0,0.0,0.0,0.0,0.0,0.0,0.0,0.0,0.0,0.0,0.0,13.4164230730459,80.40398790912026,293.88976207999997,875.7317617187499,2.140267861141752,319.6219858499351
39.050964,-7.0370483,212.0,2019-07-08 04:00:00,15.4,94,14.4,15.3,0.0,0.0,0.0,0.0,0,1013.6,988.5,7,8,0,0,0.0,0.11,10.2,18.8,278,282,22.7,20.6,25.3,23.5,18.6,0.146,0.187,0.203,0.252,0,0.0,0.0,0.0,0.0,0.0,0.0,0.0,0.0,0.0,0.0,0.0,0.0,0.0,10.533682494213126,78.06792689284431,294.12226952,882.2077617187499,1.5841167113003762,320.83436633917256
39.050964,-7.0370483,212.0,2019-07-08 05:00:00,15.0,96,14.3,15.1,0.0,0.0,0.0,0.0,2,1014.0,988.9,74,82,0,0,0.0,0.07,9.0,16.8,272,279,19.4,20.0,25.0,23.5,18.6,0.146,0.187,0.203,0.252,0,0.0,0.0,0.0,0.0,0.0,0.0,0.0,0.0,0.0,0.0,0.0,0.0,0.0,9.107110695728949,76.60616157310038,294.273516784,888.6117617187499,1.332217624144017,321.9794668333129
39.050964,-7.0370483,212.0,2019-07-08 06:00:00,15.6,92,14.2,15.7,0.0,0.0,0.0,0.0,3,1014.5,989.4,88,98,0,0,0.02,0.15,8.3,14.5,270,276,18.4,19.8,24.7,23.5,18.6,0.146,0.187,0.203,0.252,1,70.16,22.0,7.0,15.0,66.6,22.0,80.5,49.8,15.8,33.9,115.1,28.8,182.1,8.879289621942863,76.68715157753523,294.5872844,895.1237617187498,1.2933721059663594,323.23287019762006
39.050964,-7.0370483,212.0,2019-07-08 07:00:00,16.6,84,13.8,16.0,0.0,0.0,0.0,0.0,1,1014.9,989.9,40,45,0,0,0.07,0.31,12.3,17.3,273,275,27.4,20.1,24.5,23.5,18.6,0.146,0.187,0.203,0.252,1,3600.0,123.0,43.0,80.0,186.0,123.0,305.8,172.9,60.4,112.4,186.0,172.9,429.8,11.778335912451526,78.42474580738609,295.25239659199997,901.8157617187499,1.8160985281292084,324.72184162388066
39.050964,-7.0370483,212.0,2019-07-08 08:00:00,18.5,70,12.9,17.8,0.0,0.0,0.0,0.0,1,1015.0,990.2,24,27,0,0,0.18,0.64,11.5,15.8,272,271,30.2,21.0,24.3,23.5,18.6,0.146,0.187,0.203,0.252,1,3600.0,307.0,179.0,128.0,429.7,307.0,551.2,373.2,217.6,155.6,429.7,373.2,670.0,15.165935114843668,81.87558916720063,296.63334987199994,908.8497617187498,2.506729675864399,326.69623919119704
39.050964,-7.0370483,212.0,2019-07-08 09:00:00,20.6,59,12.2,19.8,0.0,0.0,0.0,0.0,0,1015.0,990.3,11,12,0,0,0.32,1.0,10.1,13.4,266,265,29.2,22.3,24.1,23.5,18.6,0.146,0.187,0.203,0.252,1,3600.0,516.0,375.0,141.0,635.5,516.0,780.7,585.7,425.7,160.1,635.5,585.7,886.3,19.207279503878212,84.86151840408813,298.72286370399996,916.2617617187499,3.4395139799077508,329.1605463975769
39.050964,-7.0370483,212.0,2019-07-08 10:00:00,22.7,49,11.5,22.6,0.0,0.0,0.0,0.0,0,1014.8,990.3,0,0,0,0,0.46,1.41,9.8,13.1,262,261,28.4,24.1,24.1,23.5,18.6,0.146,0.187,0.203,0.252,1,3600.0,708.0,587.0,121.0,793.5,708.0,978.8,769.5,638.0,131.5,793.5,769.5,1063.9,24.411575761500035,87.35889609973052,301.573545832,924.0517617187498,4.810629948677537,332.1477394636695
39.050964,-7.0370483,212.0,2019-07-08 11:00:00,24.4,42,10.8,24.7,0.0,0.0,0.0,0.0,0,1014.4,990.1,14,4,16,2,0.57,1.76,11.2,14.8,266,266,31.7,25.8,24.1,23.5,18.6,0.146,0.186,0.203,0.252,1,3600.0,847.0,728.0,119.0,851.0,847.0,1131.9,891.0,765.8,125.2,851.0,891.0,1190.7,30.704446454973414,89.19720571940523,305.047066072,932.1477617187498,6.718566903550872,335.5614120335419
39.050964,-7.0370483,212.0,2019-07-08 12:00:00,24.5,42,10.7,24.6,0.0,0.0,0.0,0.0,0,1014.5,990.2,18,3,25,2,0.56,1.78,10.8,14.1,274,274,31.7,27.4,24.3,23.5,18.6,0.146,0.186,0.203,0.252,1,3600.0,812.0,668.0,144.0,718.8,812.0,1229.6,830.8,683.5,147.3,718.8,830.8,1258.1,41.6812858581543,91.8940658569336,254.8125,765.652587890625,10.75636100769043,277.625
39.050964,-7.0370483,212.0,2019-07-08 13:00:00,26.0,37,10.0,25.7,0.0,0.0,0.0,0.0,1,1013.9,989.7,25,11,23,4,0.58,2.13,10.8,14.4,272,273,30.6,28.4,24.5,23.5,18.6,0.146,0.186,0.203,0.252,1,3600.0,787.0,611.0,176.0,639.0,787.0,1265.2,784.7,609.2,175.5,639.0,784.7,1261.5,39.14002441338947,91.94404866006596,258.822196488,774.036587890625,9.74560560441537,281.9491471169239
39.050964,-7.0370483,212.0,2019-07-08 14:00:00,27.1,32,8.9,26.4,0.0,0.0,0.0,0.0,0,1013.2,989.1,16,0,27,0,0.6,2.44,11.9,16.2,268,270,32.8,29.2,24.7,23.5,18.6,0.146,0.186,0.203,0.252,1,3600.0,787.0,613.0,174.0,656.0,787.0,1236.3,764.3,595.3,169.0,656.0,764.3,1200.7,40.77062442698774,91.99404796503805,263.325795144,782.618587890625,10.374150854002686,286.04196186338237
39.050964,-7.0370483,212.0,2019-07-08 15:00:00,27.5,29,8.0,25.7,0.0,0.0,0.0,0.0,0,1012.7,988.7,17,2,21,8,0.58,2.6,15.0,20.1,280,280,37.1,29.7,24.9,23.5,18.6,0.146,0.186,0.203,0.252,1,3600.0,717.0,558.0,159.0,644.9,717.0,1144.9,676.2,526.2,149.9,644.9,676.2,1079.7,47.40669507927608,92.5585258026611,268.09478107999996,791.272587890625,13.133223677603779,290.29718292418914
39.050964,-7.0370483,212.0,2019-07-08 16:00:00,27.1,30,8.2,24.6,0.0,0.0,0.0,0.0,0,1012.9,988.8,11,0,11,16,0.52,2.5,16.6,23.1,288,288,40.3,29.8,25.1,23.4,18.6,0.146,0.186,0.203,0.252,1,3600.0,628.0,495.0,133.0,656.8,628.0,997.1,571.1,450.2,121.0,656.8,571.1,906.8,50.108871668635786,92.60872797747403,272.73083851999996,799.854587890625,14.336803846440757,294.4559749601573
39.050964,-7.0370483,212.0,2019-07-08 17:00:00,27.5,26,6.4,24.9,0.0,0.0,0.0,0.0,0,1012.7,988.6,5,0,9,0,0.42,2.7,11.2,15.8,266,271,40.3,29.7,25.3,23.4,18.6,0.146,0.186,0.203,0.252,1,3600.0,493.0,370.0,123.0,609.6,493.0,803.1,425.9,319.7,106.3,609.6,425.9,693.9,44.42831233468523,93.18721436579916,277.701330904,808.508587890625,11.844148383905706,298.8150133975623
39.050964,-7.0370483,212.0,2019-07-08 18:00:00,27.7,25,5.8,24.9,0.0,0.0,0.0,0.0,0,1012.3,988.3,17,0,7,42,0.33,2.78,11.6,16.5,277,280,28.1,29.4,25.5,23.4,18.6,0.145,0.186,0.203,0.252,1,3600.0,351.0,267.0,84.0,613.3,351.0,576.0,277.4,211.0,66.4,613.3,277.4,455.3,46.174039371844806,93.47438034408137,282.77422050399997,817.198587890625,12.579585454912035,303.2314384303728
39.050964,-7.0370483,212.0,2019-07-08 19:00:00,26.6,28,6.6,23.8,0.0,0.0,0.0,0.0,1,1012.5,988.4,21,0,17,35,0.23,2.5,13.2,21.7,259,263,29.9,28.6,25.6,23.4,18.6,0.145,0.186,0.203,0.252,1,3600.0,176.0,112.0,64.0,447.2,176.0,331.3,110.1,70.1,40.0,447.2,110.1,207.3,48.81133091810586,93.52488488858751,287.45818856799997,825.690587890625,13.73210580968668,307.38325286354734
39.050964,-7.0370483,212.0,2019-07-08 20:00:00,24.4,41,10.4,21.9,0.0,0.0,0.0,0.0,0,1013.1,988.8,2,1,2,0,0.17,1.8,18.0,30.5,273,277,35.6,27.4,25.7,23.5,18.6,0.145,0.186,0.203,0.252,0,848.42,33.0,14.0,19.0,122.3,33.0,92.9,0.0,0.0,0.0,0.0,0.0,0.0,48.15505811306408,91.64976244161919,290.991597088,833.786587890625,13.436047400187592,310.80540537626445
39.050964,-7.0370483,212.0,2019-07-08 21:00:00,22.6,52,12.4,20.8,0.0,0.0,0.0,0.0,0,1014.0,989.5,8,0,1,24,0.11,1.31,17.2,30.9,280,282,37.1,26.2,25.7,23.5,18.7,0.145,0.186,0.203,0.252,0,0.0,0.0,0.0,0.0,0.0,0.0,0.0,0.0,0.0,0.0,0.0,0.0,0.0,38.4208086475601,89.45947620591242,293.66331894399997,841.5585878906251,9.439045086472824,313.6793040920913
39.050964,-7.0370483,212.0,2019-07-08 22:00:00,21.9,56,12.8,20.6,0.0,0.0,0.0,0.0,0,1014.6,990.1,1,0,1,0,0.08,1.14,14.8,26.9,296,298,34.9,25.2,25.7,23.5,18.7,0.145,0.186,0.203,0.252,0,0.0,0.0,0.0,0.0,0.0,0.0,0.0,0.0,0.0,0.0,0.0,0.0,0.0,32.23836054317401,88.44706814086,296.04006166399995,849.204587890625,7.232600787776741,316.3629628891957
39.050964,-7.0370483,212.0,2019-07-08 23:00:00,20.8,63,13.6,19.8,0.0,0.0,0.0,0.0,0,1014.6,990.0,0,0,0,0,0.06,0.9,14.5,26.5,289,292,29.5,24.3,25.6,23.5,18.7,0.145,0.186,0.203,0.252,0,0.0,0.0,0.0,0.0,0.0,0.0,0.0,0.0,0.0,0.0,0.0,0.0,0.0,28.09560103432768,87.12916717125037,297.943099832,856.652587890625,5.899683870050195,318.7412800823324
39.050964,-7.0370483,212.0,2019-07-09 00:00:00,19.5,69,13.7,18.5,0.0,0.0,0.0,0.0,0,1015.3,990.5,0,0,0,0,0.05,0.69,15.0,27.3,280,282,28.8,23.3,25.6,23.5,18.7,0.147,0.186,0.203,0.252,0,0.0,0.0,0.0,0.0,0.0,0.0,0.0,0.0,0.0,0.0,0.0,0.0,0.0,25.222011205567465,85.8430377778549,299.44289024799997,863.866587890625,5.044323601637522,320.8470186606751
39.050964,-7.0370483,212.0,2019-07-09 01:00:00,18.4,78,14.5,17.7,0.0,0.0,0.0,0.0,0,1015.5,990.6,0,0,0,0,0.03,0.47,14.8,26.8,283,285,29.9,22.6,25.4,23.5,18.7,0.147,0.186,0.203,0.252,0,0.0,0.0,0.0,0.0,0.0,0.0,0.0,0.0,0.0,0.0,0.0,0.0,0.0,20.84972131356495,83.94956512954283,300.45042248799996,870.882587890625,3.853352480704905,322.633350221943
39.050964,-7.0370483,212.0,2019-07-09 02:00:00,17.5,84,14.8,17.1,0.0,0.0,0.0,0.0,0,1015.2,990.3,0,0,0,0,0.02,0.32,14.0,24.4,288,289,29.5,22.0,25.2,23.5,18.7,0.147,0.186,0.203,0.252,0,0.0,0.0,0.0,0.0,0.0,0.0,0.0,0.0,0.0,0.0,0.0,0.0,0.0,17.19775701810291,82.21151570539605,301.149353944,877.7365878906251,2.9616968297969386,324.2097261681566
39.050964,-7.0370483,212.0,2019-07-09 03:00:00,16.9,88,14.9,16.8,0.0,0.0,0.0,0.0,0,1015.3,990.3,0,0,0,0,0.0,0.23,11.9,21.3,284,286,27.4,21.4,25.0,23.5,18.7,0.147,0.186,0.203,0.252,0,0.0,0.0,0.0,0.0,0.0,0.0,0.0,0.0,0.0,0.0,0.0,0.0,0.0,13.923245131738456,80.74293748004567,301.65664290399997,884.482587890625,2.2436143618326523,325.6512981557708
39.050964,-7.0370483,212.0,2019-07-09 04:00:00,16.5,90,14.9,16.4,0.0,0.0,0.0,0.0,0,1015.3,990.3,0,0,0,0,0.0,0.18,11.3,20.2,287,289,23.4,20.8,24.8,23.5,18.7,0.147,0.186,0.203,0.252,0,0.0,0.0,0.0,0.0,0.0,0.0,0.0,0.0,0.0,0.0,0.0,0.0,0.0,12.535659020605204,79.77153593557524,302.06998946399995,891.156587890625,1.9629306378949694,327.01998479741536
39.050964,-7.0370483,212.0,2019-07-09 05:00:00,16.2,92,14.8,16.3,0.0,0.0,0.0,0.0,0,1015.3,990.3,0,0,0,0,0.0,0.15,10.4,19.1,290,292,22.0,20.4,24.6,23.5,18.7,0.147,0.186,0.203,0.252,0,0.0,0.0,0.0,0.0,0.0,0.0,0.0,0.0,0.0,0.0,0.0,0.0,0.0,11.223757764392117,78.82329641785776,302.39503016799995,897.776587890625,1.7107868509896613,328.3215157303142
39.050964,-7.0370483,212.0,2019-07-09 06:00:00,16.7,89,14.8,17.1,0.0,0.0,0.0,0.0,0,1015.3,990.3,3,3,0,0,0.02,0.22,7.8,14.8,283,288,19.8,20.1,24.3,23.5,18.7,0.147,0.186,0.203,0.252,1,369.84,25.0,10.0,15.0,96.0,25.0,79.3,56.7,22.7,34.0,166.8,32.6,179.8,10.110728473328752,78.86896390194535,302.854878216,904.4865878906251,1.5070723058613194,329.71142824889336
39.050964,-7.0370483,212.0,2019-07-09 07:00:00,18.6,78,14.7,19.3,0.0,0.0,0.0,0.0,0,1016.0,991.1,1,1,0,0,0.09,0.47,5.4,8.0,274,278,16.9,20.7,24.1,23.4,18.7,0.147,0.186,0.203,0.252,1,3600.0,159.0,100.0,59.0,435.8,159.0,303.6,224.0,140.9,83.1,435.8,224.0,427.7,10.515194606810311,80.5316153117978,303.87274412,911.5385878906251,1.5798244149077645,331.484374037529
39.050964,-7.0370483,212.0,2019-07-09 08:00:00,21.0,66,14.5,21.6,0.0,0.0,0.0,0.0,0,1016.1,991.4,0,0,0,0,0.21,0.83,5.9,7.6,256,262,18.4,21.9,24.0,23.4,18.7,0.147,0.186,0.202,0.252,1,3600.0,346.0,263.0,83.0,633.7,346.0,549.2,420.9,320.0,101.0,633.7,420.9,668.1,14.065654081284816,83.34376083247365,305.637452104,919.0225878906251,2.272271923206529,333.77103631922574
39.050964,-7.0370483,212.0,2019-07-09 09:00:00,23.2,58,14.5,23.8,0.0,0.0,0.0,0.0,0,1015.7,991.2,0,0,0,0,0.35,1.2,5.9,7.6,259,265,20.9,23.6,23.9,23.4,18.7,0.147,0.186,0.202,0.252,1,3600.0,536.0,438.0,98.0,744.0,536.0,779.0,608.7,497.4,111.3,744.0,608.7,884.7,17.880151818328624,85.68450359525066,308.03439244,926.9025878906251,3.119117155286481,336.4994682100652
39.050964,-7.0370483,212.0,2019-07-09 10:00:00,25.4,49,13.8,26.7,0.0,0.0,0.0,0.0,1,1015.4,991.1,48,53,0,0,0.47,1.66,5.4,6.9,274,279,20.9,25.5,23.9,23.4,18.7,0.147,0.186,0.202,0.252,1,3600.0,698.0,582.0,116.0,787.9,698.0,977.3,758.8,632.7,126.1,787.9,758.8,1062.5,21.989235242985075,87.87172936150054,311.20847127999997,935.1785878906251,4.147248875048189,339.75664072771684
39.050964,-7.0370483,212.0,2019-07-09 11:00:00,27.6,40,12.7,29.1,0.0,0.0,0.0,0.0,3,1015.0,990.9,88,68,42,5,0.54,2.21,4.4,5.4,261,270,20.9,27.4,24.1,23.4,18.7,0.147,0.185,0.202,0.252,1,3600.0,755.0,589.0,166.0,689.3,755.0,1130.7,794.3,619.7,174.7,689.3,794.3,1189.6,26.336661107587805,90.01527221555281,315.2526916,943.8505878906251,5.36314155681725,343.59639287189367
39.050964,-7.0370483,212.0,2019-07-09 12:00:00,27.4,39,12.2,29.1,0.0,0.0,0.0,0.0,1,1015.2,991.1,44,0,74,0,0.55,2.22,2.9,3.8,270,287,19.4,29.3,24.3,23.4,18.7,0.145,0.187,0.203,0.252,1,3600.0,769.0,488.0,281.0,525.5,769.0,1228.6,786.9,499.4,287.5,525.5,786.9,1257.3,35.48872756958008,91.94485473632812,259.0625,774.56787109375,8.399072647094727,281.7265625
39.050964,-7.0370483,212.0,2019-07-09 13:00:00,28.9,34,11.5,29.2,0.0,0.0,0.0,0.0,1,1014.5,990.5,48,0,80,0,0.45,2.62,2.9,3.3,270,276,16.2,30.2,24.6,23.4,18.7,0.145,0.187,0.203,0.252,1,3600.0,600.0,262.0,338.0,274.2,600.0,1264.5,598.3,261.3,337.0,274.2,598.3,1260.9,30.2320315674256,91.99485430742658,263.7126488,783.47387109375,6.592424843370713,286.4130073331794
39.050964,-7.0370483,212.0,2019-07-09 14:00:00,29.9,31,10.8,30.5,0.0,0.0,0.0,0.0,1,1013.8,989.9,44,0,74,0,0.48,2.93,1.9,2.4,292,297,15.5,31.1,24.8,23.4,18.7,0.145,0.186,0.203,0.252,1,3600.0,646.0,345.0,301.0,369.4,646.0,1235.7,627.4,335.1,292.3,369.4,627.4,1200.1,30.732029283502936,92.52033696240326,268.73621864,792.55987109375,6.750811970776554,290.8897596997035
39.050964,-7.0370483,212.0,2019-07-09 15:00:00,30.8,27,9.8,30.7,0.0,0.0,0.0,0.0,2,1013.0,989.2,60,0,100,0,0.45,3.24,2.4,3.2,333,333,14.4,31.8,25.2,23.4,18.7,0.145,0.186,0.203,0.252,1,3600.0,594.0,280.0,314.0,323.7,594.0,1144.4,560.2,264.1,296.1,323.7,560.2,1079.2,34.128072661881056,93.45673946856645,274.205310312,801.80787109375,7.893410745458124,295.64559956132786
39.050964,-7.0370483,212.0,2019-07-09 16:00:00,30.9,26,9.0,30.2,0.0,0.0,0.0,0.0,2,1012.7,988.9,60,0,100,1,0.32,3.33,3.1,4.0,291,297,14.0,31.8,25.5,23.4,18.7,0.145,0.186,0.203,0.252,1,2222.85,388.0,101.0,287.0,134.1,388.0,996.6,352.8,91.8,261.0,134.1,352.8,906.3,36.01736736818033,93.78651312204927,279.766700392,811.07387109375,8.560779619896106,300.44736110779473
39.050964,-7.0370483,212.0,2019-07-09 17:00:00,30.7,26,8.9,29.8,0.0,0.0,0.0,0.0,3,1012.5,988.7,82,0,90,94,0.25,3.28,4.4,6.3,325,329,13.3,31.4,25.7,23.4,18.7,0.144,0.186,0.203,0.252,1,1810.85,268.0,73.0,195.0,120.4,268.0,802.5,231.5,63.1,168.4,120.4,231.5,693.2,37.780061554313576,93.83712071729985,285.29333178400003,820.30387109375,9.204808390663224,305.2123213902384
39.050964,-7.0370483,212.0,2019-07-09 18:00:00,30.6,27,9.7,29.5,0.0,0.0,0.0,0.0,2,1012.1,988.3,69,0,65,99,0.24,3.18,6.5,8.8,341,341,16.9,31.1,26.0,23.4,18.7,0.144,0.186,0.203,0.252,1,3600.0,244.0,81.0,163.0,186.3,244.0,575.3,192.7,64.0,128.8,186.3,192.7,454.4,40.66010997193229,93.88774502066548,290.72813448000005,829.51587109375,10.304401391969067,309.9119593753945
39.050964,-7.0370483,212.0,2019-07-09 19:00:00,29.4,34,12.0,29.6,0.0,0.0,0.0,0.0,2,1012.2,988.3,54,0,42,95,0.1,2.7,3.0,7.6,346,357,16.2,30.2,26.1,23.4,18.7,0.144,0.186,0.203,0.252,1,2.08,104.0,15.0,89.0,60.1,104.0,330.4,64.9,9.4,55.6,60.1,64.9,206.3,35.20322018775867,93.56457349892729,295.45578576,838.51187109375,8.258856145551452,314.16539195400946
39.050964,-7.0370483,212.0,2019-07-09 20:00:00,27.3,43,13.7,28.0,0.0,0.0,0.0,0.0,1,1012.1,988.1,29,0,48,0,0.05,2.07,3.2,4.8,270,318,5.8,28.9,26.3,23.4,18.7,0.144,0.186,0.203,0.252,0,0.0,26.0,6.0,20.0,52.6,26.0,92.4,0.0,0.0,0.0,0.0,0.0,0.0,30.4523602723033,91.9423713227263,299.25763468800005,847.12987109375,6.643342240112444,317.82638995058875
39.050964,-7.0370483,212.0,2019-07-09 21:00:00,26.6,38,11.0,25.8,0.0,0.0,0.0,0.0,0,1012.8,988.7,11,0,18,0,0.08,2.17,7.9,10.4,267,268,13.0,27.6,26.3,23.4,18.7,0.144,0.186,0.203,0.252,0,0.0,0.0,0.0,0.0,0.0,0.0,0.0,0.0,0.0,0.0,0.0,0.0,0.0,35.828285571799,91.99237007392487,303.29105163200006,855.62187109375,8.47838472646442,321.5943705474699
39.050964,-7.0370483,212.0,2019-07-09 22:00:00,25.3,44,12.0,24.6,0.0,0.0,0.0,0.0,0,1012.9,988.7,11,0,0,37,0.07,1.81,8.6,12.7,272,277,14.0,26.5,26.3,23.4,18.7,0.144,0.186,0.203,0.252,0,0.0,0.0,0.0,0.0,0.0,0.0,0.0,0.0,0.0,0.0,0.0,0.0,0.0,33.78032219847844,91.11450758713696,306.7631627360001,863.87987109375,7.754034764902611,325.00430168351744
39.050964,-7.0370483,212.0,2019-07-09 23:00:00,23.9,50,12.9,23.8,0.0,0.0,0.0,0.0,1,1012.6,988.3,29,0,0,97,0.05,1.48,6.8,9.9,302,316,14.4,25.5,26.2,23.4,18.7,0.144,0.186,0.203,0.252,0,0.0,0.0,0.0,0.0,0.0,0.0,0.0,0.0,0.0,0.0,0.0,0.0,0.0,28.36171094709004,89.92921861228206,309.6988627360001,871.88587109375,5.978426409239115,328.0683372865153
39.050964,-7.0370483,212.0,2019-07-10 00:00:00,22.6,53,12.5,22.3,0.0,0.0,0.0,0.0,1,1013.4,988.9,26,0,0,87,0.04,1.3,7.1,11.7,311,317,13.3,24.0,26.0,23.4,18.7,0.146,0.185,0.203,0.252,0,0.0,0.0,0.0,0.0,0.0,0.0,0.0,0.0,0.0,0.0,0.0,0.0,0.0,26.419217633388882,89.10211731373056,312.3149237200001,879.65787109375,5.3904345857076175,330.9115942571425
39.050964,-7.0370483,212.0,2019-07-10 01:00:00,21.5,57,12.7,21.0,0.0,0.0,0.0,0.0,1,1013.4,988.9,28,0,0,92,0.05,1.1,9.4,13.0,310,321,16.2,23.5,25.9,23.4,18.7,0.146,0.185,0.203,0.252,0,0.0,0.0,0.0,0.0,0.0,0.0,0.0,0.0,0.0,0.0,0.0,0.0,0.0,26.246873735857736,88.22771123368625,314.5972543280001,887.23187109375,5.338925206622125,333.5323418666844
39.050964,-7.0370483,212.0,2019-07-10 02:00:00,21.5,56,12.3,20.9,0.0,0.0,0.0,0.0,0,1013.3,988.8,2,0,1,6,0.05,1.13,9.4,18.5,313,336,18.7,23.1,25.7,23.5,18.8,0.146,0.185,0.203,0.252,0,0.0,0.0,0.0,0.0,0.0,0.0,0.0,0.0,0.0,0.0,0.0,0.0,0.0,26.13136567599098,88.18238717105811,316.93266239200005,894.8058710937499,5.304336698750203,336.18267924087047
39.050964,-7.0370483,212.0,2019-07-10 03:00:00,21.0,57,12.1,20.3,0.0,0.0,0.0,0.0,0,1013.3,988.7,2,0,1,5,0.05,1.08,9.0,18.5,323,347,17.3,22.7,25.5,23.5,18.8,0.146,0.185,0.203,0.252,0,0.0,0.0,0.0,0.0,0.0,0.0,0.0,0.0,0.0,0.0,0.0,0.0,0.0,25.245082050687095,87.97515554848005,319.16449896000006,902.28987109375,5.04634632737446,338.75862272040774
39.050964,-7.0370483,212.0,2019-07-10 04:00:00,20.7,55,11.3,19.9,0.0,0.0,0.0,0.0,0,1013.3,988.7,0,0,0,0,0.04,1.1,7.6,16.4,341,9,16.6,22.3,25.4,23.5,18.8,0.146,0.185,0.203,0.252,0,0.0,0.0,0.0,0.0,0.0,0.0,0.0,0.0,0.0,0.0,0.0,0.0,0.0,24.150874597719568,88.02384452202053,321.4684363200001,909.7198710937499,4.735537820578896,341.3654337554219
39.050964,-7.0370483,212.0,2019-07-10 05:00:00,20.4,54,10.6,19.4,0.0,0.0,0.0,0.0,0,1013.5,988.9,0,0,0,0,0.04,1.11,7.8,14.6,22,52,13.3,21.8,25.2,23.5,18.8,0.146,0.185,0.203,0.252,0,0.0,0.0,0.0,0.0,0.0,0.0,0.0,0.0,0.0,0.0,0.0,0.0,0.0,24.442719695372165,88.07254957024244,323.79116216000006,917.0958710937499,4.817012055907562,343.9731819819607
39.050964,-7.0370483,212.0,2019-07-10 06:00:00,20.6,53,10.8,19.6,0.0,0.0,0.0,0.0,0,1013.7,989.1,0,0,0,0,0.07,1.13,8.4,16.1,40,70,15.1,21.6,25.0,23.5,18.8,0.146,0.185,0.203,0.252,1,367.19,25.0,10.0,15.0,96.8,25.0,78.1,56.7,22.7,34.0,169.3,32.5,177.3,25.08752969066134,88.12127069845288,326.18645850400003,924.5078710937499,4.9996703440751675,346.62810515961064
39.050964,-7.0370483,212.0,2019-07-10 07:00:00,23.5,44,10.6,22.5,0.0,0.0,0.0,0.0,0,1014.2,989.8,0,0,0,0,0.15,1.62,8.5,16.3,54,62,19.4,22.4,24.8,23.4,18.8,0.146,0.185,0.203,0.252,1,3600.0,161.0,105.0,56.0,461.1,161.0,301.3,227.4,148.3,79.1,461.1,227.4,425.5,27.105732880804048,88.86485879242747,329.42183476,932.4418710937499,5.590734745841914,349.8488970002738
39.050964,-7.0370483,212.0,2019-07-10 08:00:00,26.5,36,10.2,25.0,0.0,0.0,0.0,0.0,0,1014.0,989.8,18,0,0,59,0.3,2.22,10.7,15.5,70,72,25.6,23.9,24.7,23.4,18.8,0.146,0.185,0.203,0.252,1,3600.0,348.0,268.0,80.0,648.1,348.0,547.1,423.7,326.3,97.4,648.1,423.7,666.2,35.04100360196546,90.75230891535473,333.570331144,940.91587109375,8.185795497262204,353.678436656526
39.050964,-7.0370483,212.0,2019-07-10 09:00:00,29.1,30,9.9,27.2,0.0,0.0,0.0,0.0,1,1013.9,989.9,29,0,0,96,0.46,2.8,12.7,17.4,83,84,31.0,25.9,24.7,23.4,18.8,0.146,0.185,0.203,0.252,1,3600.0,537.0,434.0,103.0,738.9,537.0,777.2,610.1,493.1,117.0,738.9,610.1,883.0,43.95203458204198,92.50408621783087,338.535186984,949.85787109375,11.606759275681755,358.04593808418883
39.050964,-7.0370483,212.0,2019-07-10 10:00:00,30.8,26,9.3,29.5,0.0,0.0,0.0,0.0,1,1013.9,990.1,29,0,0,97,0.55,3.27,11.5,15.8,90,90,31.3,27.8,24.8,23.4,18.8,0.146,0.185,0.202,0.252,1,3600.0,655.0,446.0,209.0,604.8,655.0,975.8,712.3,485.0,227.3,604.8,712.3,1061.2,47.08009723782586,93.70953376494771,344.07919772,959.10587109375,12.932840522639198,362.7853322710947
39.050964,-7.0370483,212.0,2019-07-10 11:00:00,32.3,23,8.5,31.7,0.0,0.0,0.0,0.0,1,1013.6,989.9,26,0,0,87,0.63,3.71,9.7,13.3,90,88,30.2,29.8,25.0,23.4,18.8,0.146,0.185,0.202,0.252,1,3600.0,759.0,491.0,268.0,575.2,759.0,1129.5,798.7,516.7,282.0,575.2,798.7,1188.5,48.24455205908782,94.64470514534219,350.11922432800003,968.62387109375,13.44221044508962,367.8396927151377
39.050964,-7.0370483,212.0,2019-07-10 12:00:00,33.3,23,9.5,33.5,0.0,0.0,0.0,0.0,1,1013.3,989.7,26,0,0,87,0.73,3.92,10.4,13.7,92,92,27.7,31.7,25.3,23.4,18.8,0.144,0.184,0.202,0.252,1,3600.0,886.0,664.0,222.0,715.7,886.0,1227.7,906.7,679.5,227.2,715.7,906.7,1256.4,46.62053298950195,95.0061264038086,265.5625,784.36474609375,12.828880310058594,287.8203125
39.050964,-7.0370483,212.0,2019-07-10 13:00:00,34.5,21,9.1,35.1,0.0,0.0,0.0,0.0,1,1012.5,989.0,27,0,0,91,0.77,4.3,9.4,12.6,90,88,29.2,33.3,25.6,23.4,18.8,0.144,0.184,0.202,0.252,1,3600.0,938.0,764.0,174.0,800.0,938.0,1263.7,935.4,761.9,173.5,800.0,935.4,1260.2,51.271675047830044,95.49505871009904,272.167590144,794.27874609375,14.874815135365507,293.18134704084
39.050964,-7.0370483,212.0,2019-07-10 14:00:00,35.2,20,8.8,35.9,0.0,0.0,0.0,0.0,1,1011.8,988.4,30,0,0,100,0.76,4.54,8.3,11.2,90,90,27.7,34.6,26.0,23.4,18.8,0.144,0.184,0.202,0.252,1,3600.0,929.0,794.0,135.0,850.7,929.0,1235.1,902.2,771.1,131.1,850.7,902.2,1199.5,51.02098155028726,95.8406222655104,278.98780838399995,804.31874609375,14.749335051119848,298.8372317691452
39.050964,-7.0370483,212.0,2019-07-10 15:00:00,35.3,19,8.4,35.2,0.0,0.0,0.0,0.0,1,1011.2,987.8,30,0,0,99,0.65,4.62,7.3,9.8,99,96,25.9,35.4,26.4,23.4,18.8,0.144,0.184,0.202,0.252,1,3600.0,786.0,509.0,277.0,588.9,786.0,1143.8,741.2,480.0,261.2,588.9,741.2,1078.6,50.482608274309776,96.08338509151307,285.91230268799995,814.37674609375,14.493172962200394,304.53413765787144
39.050964,-7.0370483,212.0,2019-07-10 16:00:00,34.9,19,8.2,33.3,0.0,0.0,0.0,0.0,1,1010.9,987.5,30,0,0,99,0.46,4.51,7.9,10.1,129,125,23.4,35.1,26.8,23.5,18.8,0.144,0.184,0.202,0.252,1,3600.0,478.0,147.0,331.0,195.3,478.0,996.0,434.6,133.7,301.0,195.3,434.6,905.7,51.68381385655186,96.13475099983768,292.76070364799995,824.3627460937499,15.04211592571799,310.1542402323904
39.050964,-7.0370483,212.0,2019-07-10 17:00:00,34.6,20,8.2,33.2,0.0,0.0,0.0,0.0,1,1010.8,987.3,29,0,0,95,0.33,4.4,5.8,7.5,150,145,22.0,34.7,27.1,23.5,18.8,0.144,0.184,0.202,0.252,1,1516.99,334.0,67.0,267.0,110.6,334.0,801.8,288.4,57.9,230.6,110.6,288.4,692.5,48.59324366557971,96.18613386663466,299.46819100799996,834.29474609375,13.625937874506732,315.66674321474176
39.050964,-7.0370483,212.0,2019-07-10 18:00:00,34.0,21,8.4,33.1,0.0,0.0,0.0,0.0,0,1010.7,987.2,16,0,0,52,0.21,4.22,3.2,4.4,153,145,16.6,34.0,27.4,23.5,18.8,0.143,0.184,0.202,0.252,1,2829.89,238.0,67.0,171.0,154.3,238.0,574.5,187.9,52.9,135.0,154.3,187.9,453.5,44.93619703941981,96.23753369750288,305.980513032,844.1187460937499,12.035964820937787,321.0349859074567
39.050964,-7.0370483,212.0,2019-07-10 19:00:00,32.9,31,13.3,33.6,0.0,0.0,0.0,0.0,0,1010.6,987.0,2,0,0,8,0.11,3.46,1.8,3.9,233,214,9.4,33.1,27.7,23.5,18.8,0.143,0.184,0.202,0.252,1,3600.0,165.0,92.0,73.0,369.6,165.0,329.4,102.7,57.3,45.5,369.6,102.7,205.1,38.81886858574958,95.07917742502988,311.49023479199997,853.7447460937499,9.582435161673226,325.80457485246626
39.050964,-7.0370483,212.0,2019-07-10 20:00:00,29.3,38,13.4,29.5,0.0,0.0,0.0,0.0,0,1010.6,986.7,3,0,0,9,0.07,2.53,5.4,6.1,323,320,7.9,31.2,27.8,23.5,18.8,0.143,0.184,0.202,0.252,0,958.7,34.0,15.0,19.0,132.0,34.0,91.8,0.0,0.0,0.0,0.0,0.0,0.0,36.82172060207883,93.1812527536402,315.91680068,862.7227460937498,8.835153504672727,329.8592163049406
39.050964,-7.0370483,212.0,2019-07-10 21:00:00,28.9,29,9.3,27.1,0.0,0.0,0.0,0.0,0,1011.0,987.1,3,0,0,9,0.13,2.81,11.0,20.7,19,31,19.4,29.7,27.9,23.5,18.8,0.143,0.184,0.202,0.252,0,0.0,0.0,0.0,0.0,0.0,0.0,0.0,0.0,0.0,0.0,0.0,0.0,0.0,44.3896304339655,93.23166052197111,320.91923348,871.6287460937498,11.798448831482627,334.2110588071586
39.050964,-7.0370483,212.0,2019-07-10 22:00:00,27.9,29,8.4,26.0,0.0,0.0,0.0,0.0,0,1011.3,987.3,0,0,0,0,0.12,2.65,9.9,22.3,19,38,21.2,28.7,27.9,23.5,18.8,0.143,0.184,0.202,0.252,0,0.0,0.0,0.0,0.0,0.0,0.0,0.0,0.0,0.0,0.0,0.0,0.0,0.0,43.044381402486735,93.28208493244414,325.75491852,880.3547460937498,11.241173875119287,338.4348548731352
39.050964,-7.0370483,212.0,2019-07-10 23:00:00,26.5,32,8.2,24.6,0.0,0.0,0.0,0.0,0,1011.3,987.2,0,0,0,0,0.11,2.37,9.8,20.8,6,28,18.4,27.7,27.8,23.5,18.8,0.143,0.184,0.202,0.252,0,0.0,0.0,0.0,0.0,0.0,0.0,0.0,0.0,0.0,0.0,0.0,0.0,0.0,43.01843259003852,93.31030063731995,330.162695928,888.8287460937498,11.228827333735733,342.3778091633571
39.050964,-7.0370483,212.0,2019-07-11 00:00:00,24.8,37,9.1,23.7,0.0,0.0,0.0,0.0,0,1012.0,987.8,0,0,0,0,0.06,1.98,6.1,15.3,3,34,17.6,26.6,27.9,23.6,18.8,0.14,0.183,0.202,0.252,0,0.0,0.0,0.0,0.0,0.0,0.0,0.0,0.0,0.0,0.0,0.0,0.0,0.0,35.10291081849558,92.40686654767407,333.99484128,896.9967460937498,8.209757516758314,345.9527477261674
39.050964,-7.0370483,212.0,2019-07-11 01:00:00,24.2,38,9.1,23.3,0.0,0.0,0.0,0.0,0,1012.0,987.7,0,0,0,0,0.04,1.87,4.8,12.7,13,47,11.5,25.7,27.8,23.6,18.8,0.14,0.183,0.202,0.252,0,0.0,0.0,0.0,0.0,0.0,0.0,0.0,0.0,0.0,0.0,0.0,0.0,0.0,32.257887970696856,91.96830351951851,337.678792496,905.0567460937498,7.227602566165469,349.4272607635104
39.050964,-7.0370483,212.0,2019-07-11 02:00:00,22.7,47,10.8,22.1,0.0,0.0,0.0,0.0,0,1012.0,987.6,0,0,0,0,0.03,1.46,5.2,8.6,12,57,9.0,24.7,27.6,23.6,18.8,0.14,0.183,0.202,0.252,0,0.0,0.0,0.0,0.0,0.0,0.0,0.0,0.0,0.0,0.0,0.0,0.0,0.0,28.2677137749655,90.4516403790449,340.64126608000004,912.8467460937497,5.943561653198501,352.4648326212701
39.050964,-7.0370483,212.0,2019-07-11 03:00:00,22.9,40,8.6,21.5,0.0,0.0,0.0,0.0,0,1012.2,987.8,0,0,0,0,0.06,1.68,7.4,14.0,14,29,14.0,24.1,27.3,23.6,18.8,0.14,0.183,0.202,0.252,0,0.0,0.0,0.0,0.0,0.0,0.0,0.0,0.0,0.0,0.0,0.0,0.0,0.0,30.62355279197189,90.50114696490755,344.02319248000003,920.6727460937498,6.687518525810756,355.73348905126403
39.050964,-7.0370483,212.0,2019-07-11 04:00:00,22.2,41,8.4,20.7,0.0,0.0,0.0,0.0,0,1012.2,987.7,0,0,0,0,0.06,1.57,6.9,14.3,28,49,14.0,23.5,27.1,23.6,18.8,0.14,0.183,0.202,0.252,0,0.0,0.0,0.0,0.0,0.0,0.0,0.0,0.0,0.0,0.0,0.0,0.0,0.0,30.253311847583515,90.55066989538662,347.251757912,928.3727460937498,6.567443685829922,358.89639176477976
39.050964,-7.0370483,212.0,2019-07-11 05:00:00,21.4,42,8.0,19.6,0.0,0.0,0.0,0.0,0,1012.5,988.0,0,0,0,0,0.07,1.47,8.8,14.6,9,40,15.1,23.1,26.9,23.6,18.8,0.14,0.183,0.202,0.252,0,0.0,0.0,0.0,0.0,0.0,0.0,0.0,0.0,0.0,0.0,0.0,0.0,0.0,32.337514172801285,90.5743285387627,350.316628712,935.9287460937499,7.251771565319179,361.9448320047595
39.050964,-7.0370483,212.0,2019-07-11 06:00:00,21.9,41,8.1,20.2,0.0,0.0,0.0,0.0,0,1012.7,988.2,0,0,0,0,0.08,1.54,7.9,14.5,16,42,15.5,22.9,26.6,23.6,18.8,0.14,0.183,0.202,0.252,1,364.11,24.0,10.0,14.0,97.7,24.0,76.9,54.6,22.7,31.8,172.0,31.0,174.9,31.521038041419978,90.62387563016365,353.503624632,943.5747460937498,6.979464351488569,365.0751619158054
39.050964,-7.0370483,212.0,2019-07-11 07:00:00,24.7,36,8.6,23.8,0.0,0.0,0.0,0.0,0,1013.1,988.8,0,0,0,0,0.11,1.99,3.3,9.2,41,51,13.7,23.8,26.4,23.6,18.9,0.14,0.183,0.202,0.252,1,3600.0,163.0,108.0,55.0,478.1,163.0,298.9,230.8,152.9,77.9,478.1,230.8,423.3,27.18020691223765,90.71798292106051,357.381566904,951.7247460937498,5.610361075586839,368.6676935685851
39.050964,-7.0370483,212.0,2019-07-11 08:00:00,28.1,29,8.5,27.2,0.0,0.0,0.0,0.0,0,1013.2,989.2,0,0,0,0,0.24,2.69,2.9,4.4,90,81,12.6,25.5,26.3,23.6,18.9,0.14,0.183,0.202,0.252,1,3600.0,352.0,273.0,79.0,662.8,352.0,545.0,429.0,332.7,96.3,662.8,429.0,664.2,31.526498483149844,92.3997238179239,362.250601496,960.4867460937498,6.9801406978900244,372.90009224509197
39.050964,-7.0370483,212.0,2019-07-11 09:00:00,31.2,24,8.1,30.2,0.0,0.0,0.0,0.0,0,1013.3,989.5,0,0,0,0,0.4,3.47,3.7,5.1,101,98,15.8,27.7,26.2,23.6,18.9,0.14,0.182,0.202,0.252,1,3600.0,544.0,450.0,94.0,768.0,544.0,775.4,618.3,511.5,106.8,768.0,618.3,881.3,37.87110109075267,94.09550140703296,368.015846584,969.8067460937499,9.209836292942487,377.7071594373215
39.050964,-7.0370483,212.0,2019-07-11 10:00:00,34.0,20,7.8,33.7,0.0,0.0,0.0,0.0,0,1013.1,989.5,0,0,0,0,0.56,4.26,5.4,7.2,98,96,19.4,30.2,26.3,23.6,18.9,0.14,0.182,0.202,0.252,1,3600.0,716.0,612.0,104.0,831.2,716.0,974.3,778.8,665.7,113.1,831.2,778.8,1059.8,45.480718780327635,95.544268542287,374.610603064,979.6307460937498,12.241215126938886,383.03752351776177
39.050964,-7.0370483,212.0,2019-07-11 11:00:00,36.2,17,7.3,36.3,0.0,0.0,0.0,0.0,0,1012.7,989.3,0,0,0,0,0.69,4.97,6.9,9.0,96,95,23.0,32.6,26.6,23.6,18.9,0.14,0.182,0.202,0.252,1,3600.0,850.0,739.0,111.0,866.8,850.0,1128.2,894.6,777.8,116.8,866.8,894.6,1187.4,52.282222809152735,96.62452847999057,381.881509968,989.8507460937499,15.278367860199571,388.783850981116
39.050964,-7.0370483,212.0,2019-07-11 12:00:00,36.8,18,8.3,37.3,0.0,0.0,0.0,0.0,0,1012.3,989.0,0,0,0,0,0.79,5.1,8.7,11.6,97,95,23.0,34.5,26.7,23.6,18.9,0.137,0.18,0.201,0.252,1,3600.0,937.0,821.0,116.0,885.7,937.0,1226.6,959.0,840.3,118.7,885.7,959.0,1255.5,52.66048049926758,97.2479019165039,273.46875,795.02099609375,15.562935829162598,294.96875
39.050964,-7.0370483,212.0,2019-07-11 13:00:00,38.3,15,7.6,39.1,0.0,0.0,0.0,0.0,0,1011.5,988.3,0,0,0,0,0.81,5.69,7.3,9.8,99,96,26.6,36.3,27.1,23.6,18.9,0.137,0.18,0.201,0.252,1,3600.0,966.0,849.0,117.0,889.6,966.0,1262.9,963.4,846.7,116.7,889.6,963.4,1259.4,56.50787437870879,97.44126098285058,281.33407744,805.61899609375,17.386899761858466,300.40418533868615
39.050964,-7.0370483,212.0,2019-07-11 14:00:00,39.2,14,6.9,39.6,0.0,0.0,0.0,0.0,0,1011.0,987.9,0,0,0,0,0.8,6.06,7.6,9.9,109,109,24.8,37.7,27.5,23.7,18.9,0.137,0.18,0.201,0.252,1,3600.0,941.0,825.0,116.0,884.4,941.0,1234.4,913.9,801.3,112.7,884.4,913.9,1198.9,58.6780742621552,97.7852165031636,289.47371668799997,816.37899609375,18.475693574520918,306.8968192349454
39.050964,-7.0370483,212.0,2019-07-11 15:00:00,39.6,13,6.3,39.5,0.0,0.0,0.0,0.0,0,1010.6,987.5,0,0,0,0,0.73,6.25,7.1,9.0,114,113,24.8,38.7,28.0,23.7,18.9,0.137,0.18,0.201,0.252,1,3600.0,861.0,749.0,112.0,867.0,861.0,1143.1,811.9,706.3,105.6,867.0,811.9,1078.0,59.0717417665678,98.05456387275713,297.789732792,827.2109960937499,18.668718781830123,313.4659808668811
39.050964,-7.0370483,212.0,2019-07-11 16:00:00,39.7,13,6.2,38.9,0.0,0.0,0.0,0.0,0,1010.1,987.0,0,0,0,0,0.61,6.3,6.1,7.9,118,114,23.4,39.2,28.5,23.7,18.9,0.137,0.18,0.201,0.252,1,3600.0,732.0,627.0,105.0,833.6,732.0,995.4,665.5,570.1,95.5,833.6,665.5,905.0,57.531138707224414,98.10658056643719,306.126181368,838.06099609375,17.873484228060466,320.0151936439452
39.050964,-7.0370483,212.0,2019-07-11 17:00:00,39.5,13,6.5,37.9,0.0,0.0,0.0,0.0,0,1009.8,986.7,0,0,0,0,0.47,6.22,5.6,7.2,105,108,20.9,39.1,28.9,23.7,18.9,0.137,0.18,0.201,0.252,1,3600.0,564.0,469.0,95.0,774.7,564.0,801.1,486.9,404.9,82.0,774.7,486.9,691.6,56.899389324138724,98.15861443344663,314.421765,848.8749960937499,17.548702387307113,326.5031176676154
39.050964,-7.0370483,212.0,2019-07-11 18:00:00,39.1,14,6.8,37.6,0.0,0.0,0.0,0.0,0,1009.4,986.3,0,0,0,0,0.31,6.05,4.3,5.7,66,72,18.0,38.6,29.3,23.7,18.9,0.137,0.18,0.201,0.252,1,3600.0,373.0,293.0,80.0,676.0,373.0,573.5,294.3,231.2,63.1,676.0,294.3,452.5,54.88838711169492,98.21066547945524,322.541206632,859.6169960937499,16.549030125370695,332.8534139896912
39.050964,-7.0370483,212.0,2019-07-11 19:00:00,37.5,16,7.1,35.7,0.0,0.0,0.0,0.0,0,1009.5,986.3,0,0,0,0,0.21,5.42,6.8,10.8,3,15,13.3,37.3,29.6,23.7,18.9,0.137,0.18,0.201,0.252,1,3600.0,183.0,124.0,59.0,499.9,183.0,328.2,113.6,77.0,36.6,499.9,113.6,203.8,59.56990666437631,98.26273371013467,330.156177576,870.0709960937498,18.89986445542536,338.8567943890686
39.050964,-7.0370483,212.0,2019-07-11 20:00:00,33.3,22,8.4,31.7,0.0,0.0,0.0,0.0,0,1009.6,986.1,0,0,0,0,0.12,4.01,7.4,11.5,23,46,12.6,35.1,29.8,23.7,18.9,0.137,0.18,0.201,0.252,0,1069.8,34.0,16.0,18.0,141.4,34.0,91.2,0.0,0.0,0.0,0.0,0.0,0.0,54.43175511966417,96.9283836344203,336.457833768,879.7689960937498,16.319508297500125,344.0093378234412
39.050964,-7.0370483,212.0,2019-07-11 21:00:00,32.2,24,8.9,30.8,0.0,0.0,0.0,0.0,0,1010.3,986.7,0,0,0,0,0.1,3.66,7.4,8.4,23,70,10.4,33.0,29.9,23.8,18.9,0.137,0.18,0.201,0.252,0,0.0,0.0,0.0,0.0,0.0,0.0,0.0,0.0,0.0,0.0,0.0,0.0,0.0,50.99950835325168,96.14805492790819,342.40156941600003,889.2689960937498,14.69425133560481,348.92777681944233
39.050964,-7.0370483,212.0,2019-07-11 22:00:00,31.4,23,7.8,29.8,0.0,0.0,0.0,0.0,0,1010.9,987.2,0,0,0,0,0.09,3.53,6.8,17.3,148,159,11.9,31.4,29.9,23.8,18.9,0.137,0.18,0.201,0.252,0,0.0,0.0,0.0,0.0,0.0,0.0,0.0,0.0,0.0,0.0,0.0,0.0,0.0,49.49155815203308,96.01593262470286,348.278840816,898.6249960937498,14.00423226685943,353.77625396521216
39.050964,-7.0370483,212.0,2019-07-11 23:00:00,28.3,39,13.1,26.8,0.0,0.0,0.0,0.0,0,1011.8,987.8,0,0,0,0,0.17,2.33,16.9,31.5,209,216,33.1,30.5,29.9,23.8,18.9,0.137,0.18,0.201,0.252,0,0.0,0.0,0.0,0.0,0.0,0.0,0.0,0.0,0.0,0.0,0.0,0.0,0.0,51.64048151144141,92.8170490785886,352.49074832,907.4229960937498,14.987399035250526,357.6532409792897
39.050964,-7.0370483,212.0,2019-07-12 00:00:00,26.8,46,14.3,26.2,0.0,0.0,0.0,0.0,0,1013.1,989.0,1,0,0,3,0.11,1.88,13.6,26.6,217,218,33.1,29.2,29.9,23.8,18.9,0.137,0.18,0.201,0.252,0,0.0,0.0,0.0,0.0,0.0,0.0,0.0,0.0,0.0,0.0,0.0,0.0,0.0,39.79174312328131,91.09059924083314,356.029088816,915.9509960937498,9.941907942255202,361.13058235618894
39.050964,-7.0370483,212.0,2019-07-12 01:00:00,25.7,47,13.6,24.8,0.0,0.0,0.0,0.0,0,1013.5,989.3,0,0,0,1,0.11,1.75,13.8,26.7,227,226,27.4,28.4,29.7,23.9,18.9,0.137,0.18,0.201,0.252,0,0.0,0.0,0.0,0.0,0.0,0.0,0.0,0.0,0.0,0.0,0.0,0.0,0.0,38.02267141885767,90.52858578108855,359.36498344,924.2809960937499,9.268857277900532,364.46526320680283
39.050964,-7.0370483,212.0,2019-07-12 02:00:00,24.8,45,12.2,24.0,0.0,0.0,0.0,0.0,0,1013.9,989.6,7,0,0,23,0.09,1.71,10.5,21.4,229,229,26.6,27.7,29.5,23.9,18.9,0.137,0.18,0.201,0.252,0,0.0,0.0,0.0,0.0,0.0,0.0,0.0,0.0,0.0,0.0,0.0,0.0,0.0,34.24876213220488,90.57811777050227,362.71050716,932.4489960937499,7.904641524214105,367.7733825160704
39.050964,-7.0370483,212.0,2019-07-12 03:00:00,23.9,47,11.8,23.6,0.0,0.0,0.0,0.0,0,1014.1,989.7,2,0,0,6,0.04,1.59,5.6,14.5,255,247,19.8,26.8,29.3,23.9,18.9,0.137,0.18,0.201,0.252,0,0.0,0.0,0.0,0.0,0.0,0.0,0.0,0.0,0.0,0.0,0.0,0.0,0.0,28.060838877833998,90.23237270965586,365.82234916000004,940.4549960937499,5.877325399395852,370.92985459098503
39.050964,-7.0370483,212.0,2019-07-12 04:00:00,23.4,48,11.9,23.2,0.0,0.0,0.0,0.0,0,1014.3,989.9,19,0,2,59,0.04,1.49,5.8,12.7,210,225,10.4,26.0,29.1,23.9,18.9,0.137,0.18,0.201,0.252,0,0.0,0.0,0.0,0.0,0.0,0.0,0.0,0.0,0.0,0.0,0.0,0.0,0.0,27.491823825109783,89.95260851036429,368.8144146,948.3709960937499,5.703720926843344,374.0072483184525
39.050964,-7.0370483,212.0,2019-07-12 05:00:00,22.8,51,12.1,22.3,0.0,0.0,0.0,0.0,1,1014.6,990.1,37,0,13,96,0.05,1.37,7.6,16.3,205,208,12.6,25.3,28.8,23.9,18.9,0.137,0.179,0.201,0.252,0,0.0,0.0,0.0,0.0,0.0,0.0,0.0,0.0,0.0,0.0,0.0,0.0,0.0,27.708622127445956,89.399666782192,371.564813216,956.1789960937499,5.769172645476869,376.9393250445826
39.050964,-7.0370483,212.0,2019-07-12 06:00:00,23.6,51,12.9,23.3,0.0,0.0,0.0,0.0,1,1014.8,990.4,34,0,9,96,0.08,1.42,8.2,17.1,218,215,14.4,25.1,28.6,23.9,18.9,0.137,0.179,0.201,0.252,1,0.0,18.0,2.0,16.0,19.7,18.0,75.7,41.0,4.6,36.4,35.0,23.1,172.4,28.235334921673548,89.38053004702262,374.407275384,964.1309960937499,5.9299543701931565,379.94665081573424
39.050964,-7.0370483,212.0,2019-07-12 07:00:00,25.3,48,13.6,25.7,0.0,0.0,0.0,0.0,2,1014.7,990.4,58,0,48,98,0.11,1.67,5.4,10.8,200,210,15.1,25.7,28.3,23.9,18.9,0.137,0.179,0.201,0.252,1,1814.56,111.0,27.0,84.0,120.5,111.0,296.6,157.6,38.3,119.3,120.5,157.6,421.0,25.74899739436312,89.42968300543919,377.631378552,972.3889960937499,5.186078774642439,383.2098463511548
39.050964,-7.0370483,212.0,2019-07-12 08:00:00,27.3,42,13.2,27.9,0.0,0.0,0.0,0.0,2,1014.4,990.3,62,0,58,92,0.17,2.11,2.3,3.2,162,180,14.0,26.7,28.2,24.0,18.9,0.137,0.179,0.201,0.252,1,2514.44,228.0,59.0,169.0,143.8,228.0,542.9,278.1,72.0,206.2,143.8,278.1,662.3,24.251742212088327,89.91906961810936,381.499926584,981.00699609375,4.7585743989358,386.87456176382767
39.050964,-7.0370483,212.0,2019-07-12 09:00:00,29.3,36,12.5,29.3,0.0,0.0,0.0,0.0,2,1014.7,990.7,73,0,75,93,0.3,2.62,5.4,7.2,180,186,17.3,28.2,28.1,24.0,18.9,0.137,0.179,0.201,0.252,1,3383.62,353.0,101.0,252.0,172.8,353.0,773.5,401.4,114.9,286.6,172.8,401.4,879.6,30.906539658798167,91.29908505346226,386.06928492,989.9849960937499,6.774927210525744,390.9686672746956
39.050964,-7.0370483,212.0,2019-07-12 10:00:00,30.4,32,12.0,30.0,0.0,0.0,0.0,0.0,2,1015.2,991.3,78,0,90,81,0.35,2.93,6.6,8.4,151,155,19.8,29.4,28.0,24.0,18.9,0.137,0.179,0.201,0.252,1,2444.54,395.0,104.0,291.0,141.5,395.0,972.8,429.8,113.2,316.6,141.5,429.8,1058.4,35.576277939770776,92.36499728200991,391.09990044,999.16099609375,8.36970484999636,395.3357698626529
39.050964,-7.0370483,212.0,2019-07-12 11:00:00,30.9,31,11.6,31.0,0.0,0.0,0.0,0.0,2,1015.0,991.2,64,0,60,92,0.28,3.09,2.2,2.9,81,83,20.2,30.3,28.1,24.0,19.0,0.137,0.179,0.201,0.252,1,1088.76,340.0,82.0,258.0,96.3,340.0,1126.9,357.9,86.3,271.6,96.3,357.9,1186.3,31.768831620905626,92.7289876749271,396.28552092,1008.42699609375,7.0576637193246015,399.79677047048347
39.050964,-7.0370483,212.0,2019-07-12 12:00:00,30.1,35,13.0,30.7,0.0,0.0,0.0,0.0,1,1014.8,990.9,50,0,38,90,0.36,2.76,1.8,2.1,53,31,24.8,31.5,28.2,24.0,19.0,0.141,0.183,0.205,0.255,1,1892.81,463.0,114.0,349.0,123.1,463.0,1225.6,473.9,116.7,357.2,123.1,473.9,1254.6,47.78303909301758,94.59032440185547,278.6640625,804.56787109375,13.296875,300.015625
39.050964,-7.0370483,212.0,2019-07-12 13:00:00,32.6,29,12.3,33.1,0.0,0.0,0.0,0.0,2,1014.0,990.3,56,0,66,56,0.48,3.48,3.1,3.9,69,68,29.2,32.9,28.3,24.0,19.0,0.141,0.183,0.205,0.255,1,3600.0,598.0,233.0,365.0,244.3,598.0,1262.0,596.4,232.4,364.0,244.3,596.4,1258.6,38.914838117424964,94.6411973756777,284.283462012,814.13987109375,9.634431106107998,303.5665473014354
39.050964,-7.0370483,212.0,2019-07-12 14:00:00,33.8,26,11.3,33.7,0.0,0.0,0.0,0.0,2,1014.0,990.4,64,0,65,82,0.48,3.91,4.1,5.1,128,129,31.0,33.9,28.5,24.0,19.0,0.14,0.183,0.205,0.255,1,3600.0,577.0,287.0,290.0,307.9,577.0,1233.6,560.4,278.7,281.7,307.9,560.4,1198.2,40.40014805950265,94.6920871452298,290.348853068,823.92787109375,10.203510066142188,308.71920480301753
39.050964,-7.0370483,212.0,2019-07-12 15:00:00,34.3,24,11.1,34.0,0.0,0.0,0.0,0.0,2,1013.6,990.1,61,0,57,89,0.42,4.09,4.5,6.0,151,155,16.9,34.5,28.7,24.0,19.0,0.14,0.183,0.205,0.255,1,3600.0,485.0,195.0,290.0,225.9,485.0,1142.5,457.3,183.9,273.5,225.9,457.3,1077.3,41.431496055033705,94.82703050818648,296.667418892,833.80587109375,10.606059081903659,314.01720365293414
39.050964,-7.0370483,212.0,2019-07-12 16:00:00,35.0,24,11.3,34.5,0.0,0.0,0.0,0.0,1,1012.6,989.1,38,0,35,55,0.47,4.29,5.8,7.6,86,87,34.6,35.2,28.9,24.1,19.0,0.14,0.183,0.205,0.255,1,3600.0,549.0,290.0,259.0,385.9,549.0,994.6,499.1,263.6,235.5,385.9,499.1,904.2,43.68168062496204,94.94831113852986,303.110928108,843.8098710937501,11.514050684550886,319.3931551814325
39.050964,-7.0370483,212.0,2019-07-12 17:00:00,35.4,23,10.9,35.1,0.0,0.0,0.0,0.0,0,1011.9,988.5,7,0,7,10,0.35,4.44,3.5,4.6,66,72,19.4,35.4,29.2,24.1,19.0,0.14,0.183,0.205,0.255,1,3600.0,434.0,284.0,150.0,469.7,434.0,800.2,374.6,245.1,129.5,469.7,374.6,690.7,41.5344374992408,95.21805267513678,309.711555988,853.8858710937501,10.639620043315464,324.8544964206597
39.050964,-7.0370483,212.0,2019-07-12 18:00:00,35.5,22,10.5,35.1,0.0,0.0,0.0,0.0,0,1011.1,987.7,0,0,0,0,0.28,4.5,3.5,4.9,24,36,14.4,35.4,29.4,24.1,19.0,0.14,0.183,0.205,0.255,1,3600.0,351.0,264.0,87.0,610.2,351.0,572.5,276.7,208.1,68.6,610.2,276.7,451.4,42.41334297978798,95.4548816257406,316.416225076,863.9798710937501,10.98901547879284,330.36117714647355
39.050964,-7.0370483,212.0,2019-07-12 19:00:00,34.6,24,11.2,34.7,0.0,0.0,0.0,0.0,0,1011.2,987.7,0,0,0,0,0.11,4.16,1.5,0.7,256,270,11.5,34.6,29.6,24.1,19.0,0.14,0.183,0.205,0.255,1,3600.0,176.0,118.0,58.0,477.6,176.0,327.0,109.0,73.1,35.9,477.6,109.0,202.4,39.93285616147106,95.50604003342889,322.788338068,873.9118710937502,10.00498808812703,335.64335900278826
39.050964,-7.0370483,212.0,2019-07-12 20:00:00,31.5,29,11.5,30.5,0.0,0.0,0.0,0.0,0,1011.3,987.6,0,0,0,0,0.14,3.25,9.5,13.7,259,252,13.3,33.0,29.7,24.1,19.0,0.14,0.183,0.205,0.255,0,948.04,33.0,15.0,18.0,133.1,33.0,90.5,0.0,0.0,0.0,0.0,0.0,0.0,49.047756580888034,94.91518753345322,328.224315044,883.2858710937502,13.811063958488571,340.30750190671597
39.050964,-7.0370483,212.0,2019-07-12 21:00:00,30.0,35,12.8,29.6,0.0,0.0,0.0,0.0,0,1011.8,988.0,0,0,0,0,0.1,2.77,9.2,20.1,225,227,17.6,31.6,29.7,24.1,19.0,0.14,0.183,0.205,0.255,0,0.0,0.0,0.0,0.0,0.0,0.0,0.0,0.0,0.0,0.0,0.0,0.0,0.0,43.43482873398988,93.63471769407907,332.97192908399995,892.3898710937502,11.398336616716588,344.5470595454794
39.050964,-7.0370483,212.0,2019-07-12 22:00:00,26.8,47,14.6,25.1,0.0,0.0,0.0,0.0,0,1013.5,989.4,0,0,0,0,0.17,1.86,21.6,34.2,269,269,47.5,30.6,29.7,24.2,19.0,0.14,0.183,0.205,0.255,0,0.0,0.0,0.0,0.0,0.0,0.0,0.0,0.0,0.0,0.0,0.0,0.0,0.0,50.79308759839224,90.95806045577574,336.444744756,900.9178710937503,14.599633512717539,347.99530392295907
39.050964,-7.0370483,212.0,2019-07-12 23:00:00,25.1,51,14.4,24.3,0.0,0.0,0.0,0.0,0,1014.0,989.7,0,0,0,0,0.11,1.54,14.9,26.4,262,264,43.6,29.4,29.6,24.2,19.0,0.14,0.183,0.205,0.255,0,0.0,0.0,0.0,0.0,0.0,0.0,0.0,0.0,0.0,0.0,0.0,0.0,0.0,36.90380682355909,89.82435651016574,339.459826084,909.1398710937502,8.857707948627729,351.1415601364269
39.050964,-7.0370483,212.0,2019-07-13 00:00:00,23.2,62,15.5,23.2,0.0,0.0,0.0,0.0,0,1015.0,990.5,0,0,0,0,0.06,1.08,12.6,22.3,265,269,29.5,27.6,29.5,24.2,19.0,0.145,0.181,0.201,0.252,0,0.0,0.0,0.0,0.0,0.0,0.0,0.0,0.0,0.0,0.0,0.0,0.0,0.0,28.11849533576742,87.79676623407819,341.628486388,917.0198710937502,5.897448191515809,353.770749384614
39.050964,-7.0370483,212.0,2019-07-13 01:00:00,22.4,64,15.4,22.8,0.0,0.0,0.0,0.0,0,1015.1,990.6,0,0,0,0,0.04,0.97,10.0,18.0,244,254,24.8,26.8,29.3,24.2,19.0,0.145,0.181,0.201,0.252,0,0.0,0.0,0.0,0.0,0.0,0.0,0.0,0.0,0.0,0.0,0.0,0.0,0.0,23.9512649924803,87.09145108024774,343.615368148,924.7558710937502,4.677535044213821,356.27463392334874
39.050964,-7.0370483,212.0,2019-07-13 02:00:00,21.5,68,15.3,21.8,0.0,0.0,0.0,0.0,0,1014.8,990.2,0,0,0,0,0.04,0.82,10.0,17.8,240,249,19.8,26.0,29.1,24.2,19.0,0.145,0.181,0.201,0.252,0,0.0,0.0,0.0,0.0,0.0,0.0,0.0,0.0,0.0,0.0,0.0,0.0,0.0,22.034635888954465,86.25872550345639,345.31384674000003,932.3298710937502,4.156714309517561,358.59190976640923
39.050964,-7.0370483,212.0,2019-07-13 03:00:00,20.5,73,15.4,21.0,0.0,0.0,0.0,0.0,0,1015.1,990.4,0,0,0,0,0.02,0.66,8.9,15.2,243,248,19.4,25.3,28.8,24.2,19.0,0.145,0.181,0.201,0.252,0,0.0,0.0,0.0,0.0,0.0,0.0,0.0,0.0,0.0,0.0,0.0,0.0,0.0,19.03726466243061,85.20420621855246,346.683526932,939.7238710937502,3.393992525143945,360.69629171430364
39.050964,-7.0370483,212.0,2019-07-13 04:00:00,19.8,76,15.3,20.2,0.0,0.0,0.0,0.0,0,1014.7,990.0,0,0,0,0,0.02,0.56,9.2,16.7,249,251,18.7,24.6,28.6,24.2,19.0,0.145,0.181,0.201,0.252,0,0.0,0.0,0.0,0.0,0.0,0.0,0.0,0.0,0.0,0.0,0.0,0.0,0.0,17.766509065825144,84.4066849904628,347.861564628,946.9918710937502,3.0897257356218684,362.6706726345266
39.050964,-7.0370483,212.0,2019-07-13 05:00:00,19.3,76,15.0,20.0,0.0,0.0,0.0,0.0,0,1015.2,990.4,0,0,0,0,0.01,0.53,6.4,12.1,254,253,17.6,23.9,28.3,24.3,19.0,0.145,0.181,0.201,0.252,0,0.0,0.0,0.0,0.0,0.0,0.0,0.0,0.0,0.0,0.0,0.0,0.0,0.0,15.651353459376502,84.19872061513121,349.01141960399997,954.1698710937502,2.609019707277314,364.6099187351148
39.050964,-7.0370483,212.0,2019-07-13 06:00:00,19.3,74,14.7,20.0,0.0,0.0,0.0,0.0,0,1015.2,990.4,0,0,0,0,0.03,0.57,6.0,10.3,245,245,13.7,23.5,28.0,24.3,19.0,0.145,0.181,0.201,0.252,1,266.85,22.0,9.0,13.0,89.6,22.0,74.5,50.2,20.5,29.6,160.0,28.1,169.8,15.48881497975415,84.24616279737413,350.257095828,961.3478710937502,2.573309835440949,366.5984044284936
39.050964,-7.0370483,212.0,2019-07-13 07:00:00,20.4,69,14.5,20.9,0.0,0.0,0.0,0.0,0,1015.6,990.9,1,1,0,0,0.1,0.74,6.6,8.8,248,251,18.0,23.8,27.7,24.3,19.0,0.145,0.181,0.201,0.252,1,3600.0,156.0,101.0,55.0,454.5,156.0,294.1,222.1,143.8,78.3,454.5,222.1,418.7,15.925699532440523,84.29362064266988,351.822411068,968.7238710937502,2.669292482253985,368.79562258431895
39.050964,-7.0370483,212.0,2019-07-13 08:00:00,22.2,60,14.1,22.7,0.0,0.0,0.0,0.0,0,1015.5,991.0,1,1,0,0,0.22,1.07,5.5,7.3,212,213,18.0,24.8,27.5,24.3,19.0,0.145,0.181,0.201,0.252,1,3600.0,340.0,258.0,82.0,631.4,340.0,540.7,415.1,315.0,100.1,631.4,415.1,660.2,17.35306674469123,85.5322808991433,354.011268988,976.4238710937502,2.9927010038709985,371.39291863173446
39.050964,-7.0370483,212.0,2019-07-13 09:00:00,24.1,55,14.6,24.2,0.0,0.0,0.0,0.0,0,1015.3,990.9,0,0,0,0,0.36,1.34,9.3,12.3,193,195,25.9,26.2,27.3,24.3,19.0,0.145,0.181,0.201,0.252,1,3600.0,534.0,439.0,95.0,752.9,534.0,771.7,607.5,499.4,108.1,752.9,607.5,877.9,22.822572663898004,86.85506827478599,356.674536028,984.4658710937503,4.366106945928935,374.31281504602543
39.050964,-7.0370483,212.0,2019-07-13 10:00:00,25.8,50,14.4,26.7,0.0,0.0,0.0,0.0,0,1015.2,991.0,6,7,0,0,0.49,1.67,9.4,12.1,203,203,27.7,27.7,27.3,24.3,19.0,0.145,0.18,0.201,0.252,1,3600.0,702.0,593.0,109.0,808.1,702.0,971.2,764.0,645.4,118.6,808.1,764.0,1056.9,25.919177295399532,88.09206214990832,359.833349228,992.8138710937502,5.236088735490468,377.5608334850937
39.050964,-7.0370483,212.0,2019-07-13 11:00:00,27.6,41,13.3,28.5,0.0,0.0,0.0,0.0,0,1014.9,990.8,10,11,0,0,0.61,2.16,11.6,15.3,210,210,31.7,29.3,27.3,24.3,19.0,0.145,0.18,0.201,0.252,1,3600.0,830.0,708.0,122.0,832.4,830.0,1125.6,873.8,745.4,128.4,832.4,873.8,1185.1,33.64503766751402,90.00147266281517,363.810165876,1001.4858710937502,7.693541314023321,381.3172047653909
39.050964,-7.0370483,212.0,2019-07-13 12:00:00,26.6,41,12.3,28.8,0.0,0.0,0.0,0.0,1,1015.6,991.4,25,18,14,0,0.61,2.05,3.8,5.0,253,249,32.0,30.5,27.4,24.3,19.0,0.144,0.182,0.201,0.252,1,3600.0,872.0,713.0,159.0,770.6,872.0,1224.5,892.7,729.9,162.8,770.6,892.7,1253.6,38.3642578125,91.59201049804688,282.26190185546875,813.06787109375,9.44287109375,303.6171875
39.050964,-7.0370483,212.0,2019-07-13 13:00:00,28.9,31,10.2,30.0,0.0,0.0,0.0,0.0,1,1014.5,990.5,37,0,62,0,0.59,2.74,4.1,5.8,285,277,19.1,31.8,27.6,24.3,19.1,0.144,0.182,0.201,0.252,1,3600.0,799.0,544.0,255.0,570.9,799.0,1261.1,796.9,542.6,254.3,570.9,796.9,1257.8,32.53359738228096,92.3250026523941,287.1234210554687,821.97387109375,7.337556382063784,306.54714101043277
39.050964,-7.0370483,212.0,2019-07-13 14:00:00,30.8,26,9.1,30.7,0.0,0.0,0.0,0.0,1,1013.5,989.7,24,0,39,2,0.71,3.29,11.9,15.4,256,254,31.0,33.0,27.8,24.3,19.1,0.144,0.182,0.201,0.252,1,3600.0,886.0,701.0,185.0,752.5,886.0,1232.9,860.5,680.8,179.7,752.5,860.5,1197.4,47.5604581120021,93.69703872372715,292.66743179146874,831.22187109375,13.173254940563774,311.3098172335839
39.050964,-7.0370483,212.0,2019-07-13 15:00:00,30.5,28,10.2,29.2,0.0,0.0,0.0,0.0,2,1013.5,989.7,51,0,84,1,0.7,3.12,18.8,25.7,275,276,44.3,33.5,28.0,24.3,19.1,0.143,0.182,0.201,0.252,1,3600.0,828.0,663.0,165.0,768.6,828.0,1141.7,780.7,625.1,155.6,768.6,780.7,1076.5,59.29774223188749,93.74761677897422,298.01087550346875,840.41587109375,18.78221056000687,315.940793931725
39.050964,-7.0370483,212.0,2019-07-13 16:00:00,28.9,34,11.6,26.9,0.0,0.0,0.0,0.0,0,1013.7,989.7,1,0,1,0,0.54,2.62,19.1,26.5,290,288,48.6,33.0,28.2,24.3,19.1,0.143,0.182,0.201,0.252,1,3600.0,604.0,431.0,173.0,574.0,604.0,993.8,549.0,391.8,157.3,574.0,549.0,903.3,58.121338557296966,93.4021775755538,302.66102430346876,849.3218710937499,18.172927620669835,320.12542960857644
39.050964,-7.0370483,212.0,2019-07-13 17:00:00,30.0,31,11.1,28.1,0.0,0.0,0.0,0.0,0,1013.3,989.4,10,0,16,0,0.48,2.92,14.8,20.8,276,279,44.3,32.8,28.3,24.3,19.1,0.143,0.182,0.201,0.252,1,3600.0,543.0,438.0,105.0,725.2,543.0,799.3,468.5,377.9,90.6,725.2,468.5,689.7,51.05601813482716,93.45265828229097,307.7007992074688,858.42587109375,14.736028067665762,324.5584788099994
39.050964,-7.0370483,212.0,2019-07-13 18:00:00,28.3,43,14.5,26.6,0.0,0.0,0.0,0.0,0,1013.1,989.1,11,4,13,0,0.36,2.19,21.7,31.1,285,286,46.8,32.1,28.5,24.4,19.1,0.143,0.182,0.201,0.252,1,3600.0,345.0,253.0,92.0,586.0,345.0,571.4,271.8,199.3,72.5,586.0,271.8,450.1,54.78202539196652,91.78404543700474,311.6365160554688,867.22387109375,16.500932954427594,328.31942776434033
39.050964,-7.0370483,212.0,2019-07-13 19:00:00,27.0,47,14.7,26.1,0.0,0.0,0.0,0.0,0,1013.6,989.5,11,7,8,0,0.22,1.89,16.9,25.3,281,281,47.2,30.9,28.6,24.4,19.1,0.143,0.182,0.201,0.252,1,3600.0,160.0,98.0,62.0,398.3,160.0,325.6,98.7,60.5,38.3,398.3,98.7,200.9,43.063207719720786,90.79257756773072,315.1342264634688,875.7878710937499,11.252210648614518,331.79471642817555
39.050964,-7.0370483,212.0,2019-07-13 20:00:00,25.8,54,15.8,25.6,0.0,0.0,0.0,0.0,1,1014.2,990.0,27,22,12,0,0.12,1.53,14.7,23.9,292,293,36.0,29.7,28.6,24.4,19.1,0.143,0.182,0.201,0.252,0,714.23,30.0,13.0,17.0,116.0,30.0,89.8,0.0,0.0,0.0,0.0,0.0,0.0,35.34274915422402,89.44003987034783,318.04033460746876,884.1358710937499,8.298634499656977,334.9031938218238
39.050964,-7.0370483,212.0,2019-07-13 21:00:00,24.7,60,16.5,25.7,0.0,0.0,0.0,0.0,0,1014.7,990.4,2,0,3,0,0.05,1.24,9.1,16.7,279,284,30.2,28.5,28.5,24.4,19.1,0.143,0.181,0.201,0.252,0,0.0,0.0,0.0,0.0,0.0,0.0,0.0,0.0,0.0,0.0,0.0,0.0,0.0,26.030197778077415,88.24824167052456,320.4640485274688,892.2858710937498,5.274330766165435,337.70848787118933
39.050964,-7.0370483,212.0,2019-07-13 22:00:00,24.1,62,16.4,24.8,0.0,0.0,0.0,0.0,0,1014.8,990.4,1,0,1,0,0.05,1.14,10.4,19.0,270,280,19.8,27.6,28.4,24.4,19.1,0.143,0.181,0.201,0.252,0,0.0,0.0,0.0,0.0,0.0,0.0,0.0,0.0,0.0,0.0,0.0,0.0,0.0,25.736815155527584,87.67598753615809,322.71302958346877,900.3278710937499,5.18815118237611,340.3968802852433
39.050964,-7.0370483,212.0,2019-07-13 23:00:00,23.4,62,15.7,23.9,0.0,0.0,0.0,0.0,0,1014.9,990.5,6,4,4,0,0.05,1.1,10.0,18.5,291,294,21.2,26.7,28.3,24.4,19.1,0.143,0.181,0.201,0.252,0,0.0,0.0,0.0,0.0,0.0,0.0,0.0,0.0,0.0,0.0,0.0,0.0,0.0,24.91640484399826,87.49033052809794,324.89953894346877,908.2438710937499,4.951434011317617,343.0273337419544
39.050964,-7.0370483,212.0,2019-07-14 00:00:00,22.4,65,15.5,22.4,0.0,0.0,0.0,0.0,0,1015.0,990.5,2,2,0,0,0.05,0.95,12.1,21.3,280,281,20.5,26.0,28.2,24.4,19.1,0.143,0.181,0.201,0.252,0,0.0,0.0,0.0,0.0,0.0,0.0,0.0,0.0,0.0,0.0,0.0,0.0,0.0,25.25036553619767,86.8814207410707,326.8312295434688,915.9798710937499,5.04656818075647,345.48276747302526
39.050964,-7.0370483,212.0,2019-07-14 01:00:00,21.4,68,15.2,21.3,0.0,0.0,0.0,0.0,0,1014.8,990.2,0,0,0,0,0.05,0.81,12.7,22.5,285,286,25.2,25.3,28.0,24.4,19.1,0.143,0.181,0.201,0.252,0,0.0,0.0,0.0,0.0,0.0,0.0,0.0,0.0,0.0,0.0,0.0,0.0,0.0,24.10209493356291,86.1962912740697,328.5221927434688,923.53587109375,4.720806357195618,347.77033331492964
39.050964,-7.0370483,212.0,2019-07-14 02:00:00,20.4,72,15.1,20.3,0.0,0.0,0.0,0.0,0,1014.6,989.9,0,0,0,0,0.04,0.68,12.6,22.6,283,284,25.6,24.7,27.8,24.4,19.1,0.143,0.181,0.201,0.252,0,0.0,0.0,0.0,0.0,0.0,0.0,0.0,0.0,0.0,0.0,0.0,0.0,0.0,22.03051534021056,85.32177168825672,329.9360258634688,930.9118710937499,4.156672316534837,349.86874503563985
39.050964,-7.0370483,212.0,2019-07-14 03:00:00,19.6,77,15.4,19.8,0.0,0.0,0.0,0.0,0,1014.6,989.9,1,1,0,0,0.02,0.53,10.7,19.7,284,285,25.2,24.0,27.5,24.4,19.1,0.143,0.181,0.201,0.252,0,0.0,0.0,0.0,0.0,0.0,0.0,0.0,0.0,0.0,0.0,0.0,0.0,0.0,18.423332526045094,84.21291119196661,331.0541752794688,938.1438710937499,3.2464340021230513,351.77266366642715
39.050964,-7.0370483,212.0,2019-07-14 04:00:00,18.8,82,15.7,19.2,0.0,0.0,0.0,0.0,0,1014.6,989.8,3,3,0,0,0.01,0.38,10.7,18.8,282,287,21.2,23.4,27.3,24.4,19.1,0.143,0.181,0.201,0.252,0,0.0,0.0,0.0,0.0,0.0,0.0,0.0,0.0,0.0,0.0,0.0,0.0,0.0,16.207550089490955,82.89883215652475,331.8954294714688,945.2318710937499,2.7330598205079975,353.4911116190485
39.050964,-7.0370483,212.0,2019-07-14 05:00:00,18.3,87,16.1,18.8,0.0,0.0,0.0,0.0,0,1014.8,989.9,2,2,0,0,0.0,0.27,10.4,18.1,270,277,20.5,22.9,27.0,24.4,19.1,0.143,0.181,0.201,0.252,0,0.0,0.0,0.0,0.0,0.0,0.0,0.0,0.0,0.0,0.0,0.0,0.0,0.0,13.833221759891634,81.325253570904,332.4877363034688,952.2298710937499,2.2223346336108043,355.0476819596738
39.050964,-7.0370483,212.0,2019-07-14 06:00:00,18.4,87,16.2,19.0,0.0,0.0,0.0,0.0,0,1014.8,990.0,15,17,0,0,0.02,0.27,10.4,16.7,272,277,21.2,22.5,26.8,24.4,19.1,0.143,0.181,0.201,0.252,1,177.49,21.0,8.0,13.0,80.5,21.0,73.2,48.0,18.3,29.7,144.7,26.7,167.2,13.485494212364461,81.04050028158211,333.0830962634688,959.2458710937499,2.1509188585799746,356.6036338512072
39.050964,-7.0370483,212.0,2019-07-14 07:00:00,19.7,79,16.1,20.3,0.0,0.0,0.0,0.0,0,1015.1,990.4,14,15,0,0,0.09,0.47,10.1,14.1,272,273,24.1,22.8,26.5,24.4,19.1,0.143,0.181,0.201,0.252,1,3600.0,149.0,91.0,58.0,413.0,149.0,291.7,212.7,129.9,82.8,413.0,212.7,416.4,14.000052487976816,81.58557524646935,334.1089472714688,966.4958710937499,2.2566598115210774,358.4422357936017
39.050964,-7.0370483,212.0,2019-07-14 08:00:00,21.8,69,15.9,22.5,0.0,0.0,0.0,0.0,0,1015.2,990.6,4,4,0,0,0.21,0.81,9.0,12.3,275,275,24.5,23.8,26.3,24.4,19.1,0.143,0.181,0.201,0.252,1,3600.0,331.0,242.0,89.0,594.7,331.0,538.6,404.5,295.8,108.8,594.7,404.5,658.2,16.133487971750547,83.51374084426541,335.77619001546884,974.1238710937499,2.715982911136038,360.7124310052971
39.050964,-7.0370483,212.0,2019-07-14 09:00:00,24.4,59,15.8,25.2,0.0,0.0,0.0,0.0,0,1015.0,990.6,0,0,0,0,0.35,1.25,8.0,10.1,275,276,24.5,25.3,26.2,24.4,19.1,0.143,0.181,0.201,0.252,1,3600.0,520.0,423.0,97.0,727.3,520.0,769.8,591.9,481.5,110.4,727.3,591.9,876.2,19.66103269359324,85.84754317207204,338.23160949546883,982.2198710937499,3.5472208143337265,363.5168057248767
39.050964,-7.0370483,212.0,2019-07-14 10:00:00,27.0,52,16.2,29.0,0.0,0.0,0.0,0.0,0,1014.8,990.7,0,0,0,0,0.49,1.71,6.6,8.6,283,285,23.8,27.2,26.2,24.4,19.1,0.143,0.181,0.201,0.252,1,3600.0,694.0,587.0,107.0,801.3,694.0,969.6,755.5,639.0,116.5,801.3,755.5,1055.5,22.69336478335564,87.753611872238,341.39934722346885,990.7838710937499,4.331884606942225,366.81258394203144
39.050964,-7.0370483,212.0,2019-07-14 11:00:00,29.3,45,16.1,32.0,0.0,0.0,0.0,0.0,0,1014.2,990.3,0,0,0,0,0.61,2.24,7.1,9.0,285,286,23.8,29.3,26.3,24.4,19.1,0.143,0.181,0.201,0.252,1,3600.0,827.0,714.0,113.0,840.5,827.0,1124.3,870.8,751.8,119.0,840.5,870.8,1183.9,27.592242042943816,89.5332610071389,345.32613954346886,999.7618710937498,5.734507255710738,370.6168522809552
39.050964,-7.0370483,212.0,2019-07-14 12:00:00,30.2,39,14.8,32.9,0.0,0.0,0.0,0.0,0,1014.4,990.5,0,0,0,0,0.68,2.6,7.2,9.1,273,277,25.2,31.2,26.5,24.4,19.1,0.143,0.181,0.201,0.252,1,3600.0,914.0,797.0,117.0,862.2,914.0,1223.4,935.8,816.0,119.8,862.2,935.8,1252.6,38.470703125,91.6416015625,286.51190185546875,822.2188720703125,9.46533203125,307.8128356933594
39.050964,-7.0370483,212.0,2019-07-14 13:00:00,32.3,33,14.1,34.8,0.0,0.0,0.0,0.0,0,1013.8,990.1,0,0,0,0,0.74,3.23,8.3,10.5,275,278,26.3,32.9,26.7,24.4,19.1,0.143,0.181,0.201,0.252,1,3600.0,953.0,835.0,118.0,877.0,953.0,1260.2,950.5,832.8,117.7,877.0,950.5,1256.9,38.15738099005359,92.53695927180517,291.76750942346877,831.7368720703125,9.341790013077901,310.8899440476339
39.050964,-7.0370483,212.0,2019-07-14 14:00:00,33.7,29,13.4,35.6,0.0,0.0,0.0,0.0,0,1013.0,989.4,0,0,0,0,0.75,3.68,9.1,11.7,277,281,27.4,34.2,27.0,24.4,19.1,0.143,0.181,0.201,0.252,1,3600.0,926.0,805.0,121.0,864.8,926.0,1232.0,899.4,781.8,117.5,864.8,899.4,1196.6,43.114440615999875,93.59823931821686,297.57033147146876,841.5068720703125,11.28361813449047,315.8853463022242
39.050964,-7.0370483,212.0,2019-07-14 15:00:00,34.5,27,12.9,35.6,0.0,0.0,0.0,0.0,0,1012.3,988.8,0,0,0,0,0.71,3.97,10.2,13.3,280,283,28.8,35.1,27.4,24.4,19.1,0.142,0.181,0.201,0.252,1,3600.0,846.0,733.0,113.0,850.4,846.0,1140.9,797.6,691.1,106.5,850.4,797.6,1075.7,47.0858829990043,94.19538245898532,303.6737691994688,851.4208720703125,12.956863762219658,321.06461612696523
39.050964,-7.0370483,212.0,2019-07-14 16:00:00,34.7,26,12.6,34.5,0.0,0.0,0.0,0.0,0,1012.0,988.5,0,0,0,0,0.64,4.06,12.9,17.2,283,286,32.8,35.5,27.7,24.4,19.2,0.142,0.181,0.201,0.251,1,3600.0,716.0,610.0,106.0,813.1,716.0,992.9,650.7,554.4,96.3,813.1,650.7,902.4,52.493802117686755,94.46388168242952,309.8955743514688,861.3708720703125,15.405857555567483,326.3045302130214
39.050964,-7.0370483,212.0,2019-07-14 17:00:00,34.2,28,13.2,33.0,0.0,0.0,0.0,0.0,0,1011.9,988.4,1,0,2,0,0.54,3.85,14.9,20.6,285,286,36.0,35.3,28.0,24.5,19.2,0.142,0.181,0.201,0.251,1,3600.0,550.0,455.0,95.0,754.4,550.0,798.3,474.4,392.5,81.9,754.4,474.4,688.6,56.126790333912844,94.51471291114427,315.86467444746876,871.2308720703126,17.159169689300576,331.3773120582084
39.050964,-7.0370483,212.0,2019-07-14 18:00:00,33.4,31,13.8,32.4,0.0,0.0,0.0,0.0,0,1011.8,988.2,1,0,2,0,0.4,3.55,14.8,21.0,284,286,35.6,34.7,28.3,24.5,19.2,0.142,0.181,0.201,0.251,1,3600.0,360.0,279.0,81.0,647.7,360.0,570.2,283.4,219.6,63.8,647.7,283.4,448.8,56.20252660303073,94.56556092180674,321.45542152746873,880.9468720703126,17.192905052237677,336.2075247151397
39.050964,-7.0370483,212.0,2019-07-14 19:00:00,32.3,33,14.1,31.7,0.0,0.0,0.0,0.0,0,1011.8,988.1,2,0,4,0,0.25,3.23,13.4,21.3,290,292,33.5,33.7,28.5,24.5,19.2,0.142,0.181,0.201,0.251,1,3600.0,172.0,115.0,57.0,469.6,172.0,324.1,105.8,70.7,35.1,469.6,105.8,199.3,52.1120425253867,94.19156130661426,326.71102909546875,890.4648720703126,15.215966393587712,340.81239675365146
39.050964,-7.0370483,212.0,2019-07-14 20:00:00,29.0,51,18.0,28.9,0.0,0.0,0.0,0.0,0,1012.1,988.2,1,0,2,0,0.17,1.94,20.4,33.8,287,291,42.1,32.3,28.7,24.5,19.2,0.142,0.181,0.201,0.251,0,822.63,31.0,14.0,17.0,125.6,31.0,89.0,0.0,0.0,0.0,0.0,0.0,0.0,47.545191380070186,90.64516525523538,330.17492023946875,899.3888720703126,13.142977772508011,344.33110281550756
39.050964,-7.0370483,212.0,2019-07-14 21:00:00,27.1,57,17.8,27.1,0.0,0.0,0.0,0.0,0,1012.8,988.7,1,0,2,0,0.12,1.55,18.9,32.3,288,289,42.5,30.8,28.8,24.5,19.2,0.142,0.181,0.201,0.251,0,0.0,0.0,0.0,0.0,0.0,0.0,0.0,0.0,0.0,0.0,0.0,0.0,0.0,39.343940157787436,89.10530590471542,333.02278409546875,907.9708720703126,9.773608544936662,347.4520568778443
39.050964,-7.0370483,212.0,2019-07-14 22:00:00,25.5,61,17.4,25.7,0.0,0.0,0.0,0.0,0,1013.1,988.9,0,0,0,0,0.09,1.27,16.1,28.0,290,290,38.2,29.6,28.8,24.5,19.2,0.142,0.18,0.201,0.251,0,0.0,0.0,0.0,0.0,0.0,0.0,0.0,0.0,0.0,0.0,0.0,0.0,0.0,32.63920430868861,88.1080438158697,335.45918023946876,916.2648720703125,7.355724007355951,350.2959906572014
39.050964,-7.0370483,212.0,2019-07-14 23:00:00,24.1,66,17.3,24.6,0.0,0.0,0.0,0.0,0,1013.1,988.8,0,0,0,0,0.07,1.02,14.3,25.3,288,290,32.0,28.4,28.7,24.5,19.2,0.142,0.18,0.201,0.251,0,0.0,0.0,0.0,0.0,0.0,0.0,0.0,0.0,0.0,0.0,0.0,0.0,0.0,27.654406460459857,87.02664176218457,337.4714264474688,924.3068720703126,5.755874163253423,352.86168296983874
39.050964,-7.0370483,212.0,2019-07-15 00:00:00,22.5,71,17.0,22.9,0.0,0.0,0.0,0.0,0,1013.9,989.4,0,0,0,0,0.05,0.79,14.1,25.2,283,287,28.1,27.0,28.6,24.5,19.2,0.143,0.181,0.201,0.251,0,0.0,0.0,0.0,0.0,0.0,0.0,0.0,0.0,0.0,0.0,0.0,0.0,0.0,24.515085896749596,85.86523473911754,339.0787809114688,932.0608720703126,4.835677013253954,355.15176268713606
39.050964,-7.0370483,212.0,2019-07-15 01:00:00,21.4,76,16.9,21.9,0.0,0.0,0.0,0.0,0,1013.9,989.3,0,0,0,0,0.03,0.62,13.3,23.6,283,286,28.1,26.1,28.4,24.5,19.2,0.143,0.181,0.201,0.251,0,0.0,0.0,0.0,0.0,0.0,0.0,0.0,0.0,0.0,0.0,0.0,0.0,0.0,21.217668568014123,84.68076615832929,340.3470033114688,939.6168720703126,3.942766152829965,357.2170639184186
39.050964,-7.0370483,212.0,2019-07-15 02:00:00,20.4,80,16.8,21.0,0.0,0.0,0.0,0.0,0,1013.7,989.1,0,0,0,0,0.02,0.49,12.5,22.5,282,286,26.3,25.3,28.2,24.5,19.2,0.143,0.181,0.201,0.251,0,0.0,0.0,0.0,0.0,0.0,0.0,0.0,0.0,0.0,0.0,0.0,0.0,0.0,18.522453627131803,83.58340603300415,341.35688411146884,946.9928720703126,3.269537245949409,359.1037709154179
39.050964,-7.0370483,212.0,2019-07-15 03:00:00,19.5,84,16.7,20.2,0.0,0.0,0.0,0.0,0,1013.7,989.0,0,0,0,0,0.01,0.37,11.1,19.9,283,287,24.8,24.6,28.0,24.6,19.2,0.143,0.181,0.201,0.251,0,0.0,0.0,0.0,0.0,0.0,0.0,0.0,0.0,0.0,0.0,0.0,0.0,0.0,15.668528918707635,82.38084674076774,342.13096948746886,954.2068720703127,2.613027485861957,360.8262335704204
39.050964,-7.0370483,212.0,2019-07-15 04:00:00,18.7,87,16.6,19.6,0.0,0.0,0.0,0.0,0,1013.4,988.6,4,5,0,0,0.0,0.27,9.4,16.3,274,284,22.3,23.9,27.8,24.6,19.2,0.143,0.181,0.201,0.251,0,0.0,0.0,0.0,0.0,0.0,0.0,0.0,0.0,0.0,0.0,0.0,0.0,0.0,13.244504102797368,81.27839606003585,342.73548883146884,961.2768720703127,2.1017007050545744,362.4232691383056
39.050964,-7.0370483,212.0,2019-07-15 05:00:00,18.2,90,16.5,19.2,0.0,0.0,0.0,0.0,0,1013.7,988.9,18,20,0,0,0.0,0.21,8.7,14.9,265,278,18.4,23.3,27.5,24.6,19.2,0.143,0.181,0.201,0.251,0,0.0,0.0,0.0,0.0,0.0,0.0,0.0,0.0,0.0,0.0,0.0,0.0,0.0,11.58182079457621,80.07112951333153,343.1887609114688,968.2568720703127,1.7760215068661633,363.9137449121421
39.050964,-7.0370483,212.0,2019-07-15 06:00:00,18.5,88,16.4,19.4,0.0,0.0,0.0,0.0,1,1013.8,989.0,30,33,0,0,0.02,0.26,9.0,16.0,272,279,19.4,22.9,27.2,24.6,19.2,0.143,0.181,0.201,0.251,1,177.44,20.0,8.0,12.0,81.3,20.0,71.9,45.8,18.3,27.5,147.3,25.3,164.6,11.7702215255621,80.11720896994657,343.74114222346884,975.2908720703127,1.8118154472068138,365.46343392657707
39.050964,-7.0370483,212.0,2019-07-15 07:00:00,20.3,78,16.3,21.3,0.0,0.0,0.0,0.0,1,1014.1,989.4,23,26,0,0,0.09,0.52,7.7,11.4,281,281,20.9,23.2,27.0,24.6,19.2,0.143,0.181,0.201,0.251,1,3600.0,142.0,82.0,60.0,375.4,142.0,289.2,203.3,117.4,85.9,375.4,203.3,414.0,12.49682249493071,81.38217671992834,344.84684427146885,982.6488720703127,1.9525096498896901,367.3781560687791
39.050964,-7.0370483,212.0,2019-07-15 08:00:00,23.0,65,16.1,24.1,0.0,0.0,0.0,0.0,0,1014.0,989.6,4,4,0,0,0.21,0.97,6.5,8.7,273,275,19.8,24.3,26.8,24.6,19.2,0.143,0.181,0.201,0.251,1,3600.0,329.0,249.0,80.0,614.5,329.0,536.4,402.5,304.6,97.9,614.5,402.5,656.2,15.588128638296752,84.12054304219349,346.8278546314689,990.4928720703127,2.594857853792421,369.8723636468741
39.050964,-7.0370483,212.0,2019-07-15 09:00:00,25.6,55,15.8,26.5,0.0,0.0,0.0,0.0,0,1013.9,989.7,0,0,0,0,0.36,1.49,7.6,10.1,273,274,23.4,26.0,26.7,24.6,19.2,0.143,0.18,0.201,0.251,1,3600.0,525.0,427.0,98.0,736.0,525.0,767.9,597.8,486.2,111.6,736.0,597.8,874.4,21.24915423536854,86.75215647314884,349.6496494714689,998.8048720703127,3.9495253975982645,372.9258014611731
39.050964,-7.0370483,212.0,2019-07-15 10:00:00,28.1,47,15.7,29.8,0.0,0.0,0.0,0.0,0,1013.7,989.7,0,0,0,0,0.51,2.01,7.6,9.7,275,274,24.1,27.9,26.7,24.6,19.2,0.143,0.18,0.201,0.251,1,3600.0,701.0,597.0,104.0,816.4,701.0,968.0,763.3,650.1,113.2,816.4,763.3,1054.0,26.30477902226632,88.87310805852533,353.2842809274689,1007.5668720703127,5.349183925066216,376.51973738976574
39.050964,-7.0370483,212.0,2019-07-15 11:00:00,30.4,40,15.3,32.6,0.0,0.0,0.0,0.0,0,1013.3,989.5,0,0,0,0,0.63,2.6,8.3,10.8,272,272,26.3,30.0,26.8,24.6,19.2,0.143,0.18,0.201,0.251,1,3600.0,836.0,725.0,111.0,854.6,836.0,1123.0,880.4,763.5,116.9,854.6,880.4,1182.7,32.19520717816178,90.70196621293373,357.7230593274689,1016.7428720703127,7.20142331793744,380.6412932216545
39.050964,-7.0370483,212.0,2019-07-15 12:00:00,30.3,41,15.4,33.1,0.0,0.0,0.0,0.0,0,1013.8,989.9,0,0,0,0,0.69,2.56,8.3,10.5,265,264,27.0,31.5,26.9,24.6,19.2,0.158,0.181,0.2,0.251,1,3600.0,924.0,808.0,116.0,875.0,924.0,1222.3,946.1,827.3,118.8,875.0,946.1,1251.6,38.903892517089844,91.69216918945312,290.80877685546875,831.2188720703125,9.633438110351562,312.0078125
39.050964,-7.0370483,212.0,2019-07-15 13:00:00,32.2,35,14.8,34.8,0.0,0.0,0.0,0.0,0,1013.2,989.5,0,0,0,0,0.74,3.13,9.0,11.9,268,267,27.4,33.0,27.1,24.6,19.2,0.157,0.181,0.2,0.251,1,3600.0,952.0,834.0,118.0,876.7,952.0,1259.2,949.6,831.9,117.7,876.7,949.6,1256.0,37.737091715599966,92.16410573271163,295.89223497546874,840.7188720703125,9.181729313184471,314.79929275337366
39.050964,-7.0370483,212.0,2019-07-15 14:00:00,33.4,31,14.1,35.5,0.0,0.0,0.0,0.0,0,1012.4,988.8,0,0,0,0,0.75,3.54,9.7,12.6,266,265,28.1,34.2,27.4,24.6,19.2,0.157,0.181,0.2,0.251,1,3600.0,928.0,812.0,116.0,873.0,928.0,1231.1,901.3,788.6,112.7,873.0,901.3,1195.7,42.200973269884315,93.14021913849092,301.4829820554687,850.4348720703125,10.909973970223195,319.66196131961635
39.050964,-7.0370483,212.0,2019-07-15 15:00:00,34.1,29,13.5,35.2,0.0,0.0,0.0,0.0,0,1011.8,988.3,0,0,0,0,0.71,3.79,11.5,15.2,266,266,31.0,35.0,27.7,24.6,19.2,0.156,0.181,0.2,0.251,1,3600.0,851.0,739.0,112.0,858.1,851.0,1140.0,802.3,696.7,105.6,858.1,802.3,1074.8,47.04151854341672,93.71059948591945,307.3525032074687,860.2768720703125,12.934756783161301,324.69460004826857
39.050964,-7.0370483,212.0,2019-07-15 16:00:00,34.1,28,13.2,34.2,0.0,0.0,0.0,0.0,0,1011.5,988.0,0,0,0,0,0.63,3.82,12.6,16.9,272,272,32.0,35.3,28.1,24.6,19.2,0.156,0.18,0.2,0.251,1,3600.0,723.0,618.0,105.0,824.7,723.0,992.0,657.0,561.6,95.4,824.7,657.0,901.4,49.710080937647426,93.9408813222436,313.3046936714687,870.1188720703125,14.116165687572895,329.7635470519123
39.050964,-7.0370483,212.0,2019-07-15 17:00:00,33.7,29,13.2,32.8,0.0,0.0,0.0,0.0,0,1011.2,987.7,0,0,0,0,0.52,3.72,13.0,17.7,275,276,32.0,35.1,28.4,24.6,19.2,0.156,0.18,0.2,0.251,1,3600.0,556.0,462.0,94.0,767.2,556.0,797.2,479.4,398.4,81.1,767.2,479.4,687.4,50.57082398243533,93.9915398822088,319.1075157194687,879.8888720703125,14.505086984548472,334.72758899624904
39.050964,-7.0370483,212.0,2019-07-15 18:00:00,32.7,31,13.6,31.8,0.0,0.0,0.0,0.0,0,1010.9,987.3,0,0,0,0,0.39,3.39,13.9,19.8,280,280,31.7,34.5,28.6,24.6,19.3,0.155,0.18,0.2,0.251,1,3600.0,367.0,287.0,80.0,667.9,367.0,568.8,288.6,225.7,62.9,667.9,288.6,447.3,52.257383359856675,94.04221516711505,324.58482735146873,889.4788720703125,15.28499340273965,339.47251107673685
39.050964,-7.0370483,212.0,2019-07-15 19:00:00,31.1,36,14.3,30.5,0.0,0.0,0.0,0.0,0,1011.1,987.4,0,0,0,0,0.24,2.88,13.3,21.5,283,284,31.7,33.3,28.8,24.6,19.3,0.155,0.18,0.2,0.251,1,3600.0,177.0,120.0,57.0,492.5,177.0,322.5,108.4,73.5,34.9,492.5,108.4,197.6,48.6982059556973,93.44723521286413,329.42473979946874,898.7808720703125,13.6529325052837,343.81154367324154
39.050964,-7.0370483,212.0,2019-07-15 20:00:00,28.6,45,15.4,28.3,0.0,0.0,0.0,0.0,0,1011.3,987.4,0,0,0,0,0.15,2.17,14.8,27.2,283,285,29.5,31.8,28.9,24.6,19.3,0.155,0.18,0.2,0.251,0,927.76,31.0,15.0,16.0,135.4,31.0,88.1,0.0,0.0,0.0,0.0,0.0,0.0,43.13972457227901,91.55113430340093,333.26111255946876,907.6328720703125,11.27627491615295,347.5197996248739
39.050964,-7.0370483,212.0,2019-07-15 21:00:00,26.3,56,16.8,26.2,0.0,0.0,0.0,0.0,0,1012.3,988.2,0,0,0,0,0.11,1.51,17.4,30.5,288,289,34.2,30.4,29.0,24.6,19.3,0.155,0.18,0.2,0.251,0,0.0,0.0,0.0,0.0,0.0,0.0,0.0,0.0,0.0,0.0,0.0,0.0,0.0,38.03474932907952,89.2684588091859,336.0925364954688,916.0708720703125,9.276833701164017,350.6054717355886
39.050964,-7.0370483,212.0,2019-07-15 22:00:00,23.9,66,17.1,23.8,0.0,0.0,0.0,0.0,0,1012.7,988.4,0,0,0,0,0.08,1.02,18.2,31.5,288,289,37.1,29.0,28.9,24.6,19.3,0.155,0.18,0.2,0.251,0,0.0,0.0,0.0,0.0,0.0,0.0,0.0,0.0,0.0,0.0,0.0,0.0,0.0,31.885995398953945,87.12296442764944,338.0888124954688,924.0768720703124,7.102579905208518,353.156893669559
39.050964,-7.0370483,212.0,2019-07-15 23:00:00,22.0,73,17.0,21.8,0.0,0.0,0.0,0.0,0,1012.9,988.4,0,0,0,0,0.06,0.71,18.4,31.0,287,288,36.7,27.7,28.8,24.7,19.3,0.155,0.18,0.2,0.251,0,0.0,0.0,0.0,0.0,0.0,0.0,0.0,0.0,0.0,0.0,0.0,0.0,0.0,27.35273802208332,85.44558460140797,339.5536093674688,931.7408720703124,5.664127453891186,355.35387257380376
39.050964,-7.0370483,212.0,2019-07-16 00:00:00,20.5,79,16.6,20.3,0.0,0.0,0.0,0.0,0,1013.6,989.0,0,0,0,0,0.04,0.52,16.9,29.4,290,289,36.7,26.1,28.9,24.7,19.3,0.157,0.18,0.199,0.251,0,0.0,0.0,0.0,0.0,0.0,0.0,0.0,0.0,0.0,0.0,0.0,0.0,0.0,22.39463080340414,83.89531730083857,340.6189161834688,939.1348720703124,4.25268170118952,357.27959876800605
39.050964,-7.0370483,212.0,2019-07-16 01:00:00,19.3,83,16.3,19.3,0.0,0.0,0.0,0.0,0,1013.5,988.8,0,0,0,0,0.02,0.38,14.9,26.4,285,287,33.8,25.2,28.6,24.7,19.3,0.157,0.18,0.199,0.251,0,0.0,0.0,0.0,0.0,0.0,0.0,0.0,0.0,0.0,0.0,0.0,0.0,0.0,18.506077925391132,82.63300539868031,341.4333967914688,946.3128720703124,3.2656116779195914,359.0238024722897
39.050964,-7.0370483,212.0,2019-07-16 02:00:00,18.4,86,16.0,18.5,0.0,0.0,0.0,0.0,0,1013.1,988.3,0,0,0,0,0.01,0.29,13.0,23.2,276,282,29.9,24.3,28.4,24.7,19.3,0.157,0.18,0.199,0.251,0,0.0,0.0,0.0,0.0,0.0,0.0,0.0,0.0,0.0,0.0,0.0,0.0,0.0,15.614939722484348,81.55150759094933,342.0745536714688,953.3288720703124,2.601274779337884,360.6378738457048
39.050964,-7.0370483,212.0,2019-07-16 03:00:00,17.7,89,15.8,18.0,0.0,0.0,0.0,0.0,0,1013.0,988.1,7,8,0,0,0.0,0.23,11.2,19.7,274,279,25.6,23.6,28.1,24.7,19.3,0.157,0.18,0.199,0.251,0,0.0,0.0,0.0,0.0,0.0,0.0,0.0,0.0,0.0,0.0,0.0,0.0,0.0,13.15298220567083,80.3872561343252,342.5602358794688,960.2188720703124,2.083257312673248,362.1372667581312
39.050964,-7.0370483,212.0,2019-07-16 04:00:00,17.1,91,15.6,17.6,0.0,0.0,0.0,0.0,1,1013.0,988.1,32,35,0,0,0.0,0.18,9.7,16.7,272,277,22.0,22.9,27.8,24.7,19.3,0.157,0.18,0.199,0.251,0,0.0,0.0,0.0,0.0,0.0,0.0,0.0,0.0,0.0,0.0,0.0,0.0,0.0,11.434546721910367,79.4197079143549,342.94493000746877,967.0008720703124,1.7481916802299802,363.55485236544064
39.050964,-7.0370483,212.0,2019-07-16 05:00:00,17.0,91,15.6,17.6,0.0,0.0,0.0,0.0,1,1013.0,988.1,39,43,0,0,0.0,0.17,8.6,15.1,268,273,20.2,22.4,27.5,24.7,19.3,0.157,0.18,0.199,0.251,0,0.0,0.0,0.0,0.0,0.0,0.0,0.0,0.0,0.0,0.0,0.0,0.0,0.0,10.750738745117397,79.2131809766349,343.3275104314688,973.7648720703124,1.6209992967195062,364.96179594342544
39.050964,-7.0370483,212.0,2019-07-16 06:00:00,17.5,89,15.6,18.2,0.0,0.0,0.0,0.0,1,1013.2,988.3,37,41,0,0,0.02,0.22,8.0,12.2,265,268,18.0,22.2,27.2,24.7,19.3,0.157,0.18,0.199,0.251,1,12.66,18.0,6.0,12.0,61.6,18.0,70.6,41.3,13.8,27.5,112.5,22.6,161.9,10.52465880672716,79.25897718124422,343.8080258074688,980.6188720703125,1.5796941458957168,366.43389449820216
39.050964,-7.0370483,212.0,2019-07-16 07:00:00,19.0,81,15.6,19.8,0.0,0.0,0.0,0.0,1,1013.5,988.7,23,26,0,0,0.08,0.43,7.6,10.5,262,264,19.4,22.5,26.9,24.7,19.3,0.157,0.18,0.199,0.251,1,3600.0,130.0,69.0,61.0,318.7,130.0,286.6,186.7,99.1,87.6,318.7,186.7,411.6,11.355771731381301,80.36340140880404,344.7049408714688,987.7428720703125,1.7331874094326734,368.18479218026334
39.050964,-7.0370483,212.0,2019-07-16 08:00:00,21.1,70,15.5,22.0,0.0,0.0,0.0,0.0,0,1013.6,989.0,8,9,0,0,0.19,0.75,6.9,9.1,261,263,20.2,23.5,26.7,24.7,19.3,0.157,0.18,0.199,0.251,1,3600.0,308.0,213.0,95.0,527.9,308.0,534.1,377.2,260.8,116.3,527.9,377.2,654.1,13.832675655795475,82.77433226119632,346.2690818314688,995.2448720703125,2.221407598615907,370.3791423904307
39.050964,-7.0370483,212.0,2019-07-16 09:00:00,23.7,59,15.2,24.5,0.0,0.0,0.0,0.0,0,1013.3,988.9,1,1,0,0,0.34,1.21,6.3,8.2,257,255,20.5,25.1,26.5,24.7,19.3,0.157,0.18,0.199,0.251,1,3600.0,520.0,419.0,101.0,724.1,520.0,766.0,592.4,477.4,115.1,724.1,592.4,872.7,17.794383012388288,85.4854773287683,348.65709763946876,1003.2148720703125,3.0955880545889185,373.12485234959826
39.050964,-7.0370483,212.0,2019-07-16 10:00:00,26.5,49,14.8,28.2,0.0,0.0,0.0,0.0,0,1013.0,988.9,0,0,0,0,0.49,1.78,6.2,7.8,249,248,21.2,27.0,26.5,24.7,19.3,0.156,0.18,0.199,0.251,1,3600.0,705.0,601.0,104.0,823.3,705.0,966.4,767.9,654.6,113.3,823.3,767.9,1052.6,23.026942118675098,88.03703345918251,351.96293069546874,1011.6888720703125,4.421325067024901,376.4830787776577
39.050964,-7.0370483,212.0,2019-07-16 11:00:00,29.1,41,14.7,31.4,0.0,0.0,0.0,0.0,0,1012.6,988.7,0,0,0,0,0.61,2.35,6.8,8.9,245,243,23.0,29.1,26.5,24.7,19.3,0.156,0.179,0.199,0.251,1,3600.0,839.0,728.0,111.0,859.2,839.0,1121.6,883.7,766.8,116.9,859.2,883.7,1181.4,29.108205497342745,90.18445872883827,356.14759490346876,1020.6308720703125,6.2010095279141,380.42413095698186
39.050964,-7.0370483,212.0,2019-07-16 12:00:00,29.1,41,14.5,31.7,0.0,0.0,0.0,0.0,0,1013.3,989.4,0,0,0,0,0.68,2.37,7.8,10.2,248,247,26.3,30.5,26.6,24.7,19.3,0.156,0.179,0.199,0.251,1,3600.0,926.0,810.0,116.0,878.1,926.0,1221.2,948.2,829.4,118.8,878.1,948.2,1250.5,34.128929138183594,90.55415344238281,294.15252685546875,839.81787109375,7.883056640625,315.4534606933594
39.050964,-7.0370483,212.0,2019-07-16 13:00:00,31.2,34,13.4,33.4,0.0,0.0,0.0,0.0,0,1012.7,988.9,0,0,0,0,0.74,3.0,8.9,11.6,249,248,27.0,32.1,26.8,24.7,19.3,0.155,0.179,0.199,0.251,1,3600.0,962.0,845.0,117.0,889.0,962.0,1258.2,959.6,842.9,116.7,889.0,959.6,1255.1,37.30805820569194,92.07419548435603,299.1591870634687,849.13787109375,9.020291307276132,318.1236000560297
39.050964,-7.0370483,212.0,2019-07-16 14:00:00,32.4,29,12.2,33.9,0.0,0.0,0.0,0.0,0,1012.1,988.4,0,0,0,0,0.74,3.43,9.4,12.3,252,249,27.7,33.4,27.1,24.7,19.3,0.155,0.179,0.199,0.251,1,3600.0,939.0,823.0,116.0,885.6,939.0,1230.2,912.0,799.3,112.7,885.6,912.0,1194.8,42.580572266059214,93.34690676247862,304.74523702346875,858.67387109375,11.061142680120529,322.9506987394452
39.050964,-7.0370483,212.0,2019-07-16 15:00:00,32.9,27,11.5,33.6,0.0,0.0,0.0,0.0,0,1011.5,987.9,0,0,0,0,0.7,3.64,10.2,13.3,260,257,28.4,34.2,27.4,24.7,19.3,0.154,0.179,0.199,0.251,1,3600.0,859.0,747.0,112.0,868.2,859.0,1139.1,809.8,704.2,105.6,868.2,809.8,1073.8,45.96009944556246,93.9164079523462,310.57436294346877,868.29987109375,12.465819897998532,327.9209741063445
39.050964,-7.0370483,212.0,2019-07-16 16:00:00,32.7,28,11.8,32.5,0.0,0.0,0.0,0.0,0,1011.2,987.6,0,0,0,0,0.61,3.55,11.9,15.8,270,269,31.0,34.5,27.7,24.7,19.3,0.154,0.179,0.199,0.251,1,3600.0,729.0,624.0,105.0,833.6,729.0,990.9,662.3,566.9,95.4,833.6,662.3,900.3,48.7368988513926,93.96705843241988,316.28981855946876,877.88987109375,13.676473024158202,332.81221249509986
39.050964,-7.0370483,212.0,2019-07-16 17:00:00,32.2,29,11.7,31.0,0.0,0.0,0.0,0.0,0,1011.0,987.4,0,0,0,0,0.49,3.42,12.0,16.3,277,275,31.3,34.3,28.0,24.7,19.3,0.154,0.179,0.199,0.251,1,3600.0,559.0,465.0,94.0,773.4,559.0,796.0,481.8,400.8,81.0,773.4,481.8,686.1,49.11422429406551,94.01772563476703,321.8425189674688,887.38987109375,13.842422533741473,337.58917039407373
39.050964,-7.0370483,212.0,2019-07-16 18:00:00,31.2,30,11.4,29.6,0.0,0.0,0.0,0.0,0,1010.7,987.0,8,0,0,25,0.37,3.19,13.2,18.3,281,280,30.2,33.6,28.2,24.7,19.3,0.154,0.179,0.199,0.251,1,3600.0,367.0,288.0,79.0,672.0,367.0,567.4,288.3,226.3,62.1,672.0,288.3,445.7,51.23995451665547,94.06840956490855,327.1526131274688,896.70987109375,14.80886840143607,342.1934542260196
39.050964,-7.0370483,212.0,2019-07-16 19:00:00,29.8,33,11.9,28.6,0.0,0.0,0.0,0.0,0,1010.9,987.1,0,0,0,0,0.23,2.81,12.4,20.4,280,279,30.2,32.4,28.4,24.7,19.4,0.153,0.179,0.199,0.251,1,3600.0,172.0,107.0,65.0,441.6,172.0,320.8,104.9,65.3,39.7,441.6,104.9,195.7,48.642656360732154,93.75934102966241,332.01483689546876,905.77787109375,13.62686666795498,346.5020160413537
39.050964,-7.0370483,212.0,2019-07-16 20:00:00,27.6,43,13.8,26.3,0.0,0.0,0.0,0.0,0,1011.0,987.0,0,0,0,0,0.17,2.11,16.8,29.7,280,280,32.4,31.0,28.5,24.7,19.4,0.153,0.179,0.199,0.251,0,810.11,31.0,14.0,17.0,127.2,31.0,87.2,0.0,0.0,0.0,0.0,0.0,0.0,46.90242702400508,91.76729862402613,335.85684619946875,914.4498710937501,12.860150712423225,350.1803235640921
39.050964,-7.0370483,212.0,2019-07-16 21:00:00,25.1,61,17.1,24.9,0.0,0.0,0.0,0.0,0,1012.1,987.9,0,0,0,0,0.1,1.23,18.5,31.2,291,291,39.2,29.5,28.5,24.7,19.4,0.153,0.179,0.199,0.251,0,0.0,0.0,0.0,0.0,0.0,0.0,0.0,0.0,0.0,0.0,0.0,0.0,0.0,36.18715447488533,88.35143240000542,338.25660480746876,922.67187109375,8.596196876385417,352.99156523737554
39.050964,-7.0370483,212.0,2019-07-16 22:00:00,23.1,68,16.8,22.9,0.0,0.0,0.0,0.0,0,1012.7,988.3,0,0,0,0,0.07,0.91,17.5,29.7,289,289,37.4,28.2,28.5,24.8,19.4,0.153,0.179,0.199,0.251,0,0.0,0.0,0.0,0.0,0.0,0.0,0.0,0.0,0.0,0.0,0.0,0.0,0.0,29.598606926479327,86.59286373902233,340.07532967146875,930.53387109375,6.359004005538921,355.4194066012223
39.050964,-7.0370483,212.0,2019-07-16 23:00:00,21.4,75,16.7,21.4,0.0,0.0,0.0,0.0,0,1013.1,988.5,0,0,0,0,0.04,0.65,15.5,26.8,288,287,35.3,27.0,28.4,24.8,19.4,0.153,0.179,0.199,0.251,0,0.0,0.0,0.0,0.0,0.0,0.0,0.0,0.0,0.0,0.0,0.0,0.0,0.0,23.58605292282112,84.95949422998865,341.3963946714687,938.08987109375,4.576218685749043,357.5172155695254
39.050964,-7.0370483,212.0,2019-07-17 00:00:00,19.9,80,16.4,20.2,0.0,0.0,0.0,0.0,0,1013.8,989.1,0,0,0,0,0.02,0.46,13.1,23.0,278,280,31.3,25.0,28.3,24.8,19.4,0.151,0.18,0.2,0.251,0,0.0,0.0,0.0,0.0,0.0,0.0,0.0,0.0,0.0,0.0,0.0,0.0,0.0,18.909548721892055,83.56783598865819,342.38278987146873,945.37587109375,3.3630213167487173,359.3788110641508
39.050964,-7.0370483,212.0,2019-07-17 01:00:00,18.8,85,16.3,19.3,0.0,0.0,0.0,0.0,0,1013.9,989.1,0,0,0,0,0.01,0.32,11.2,20.2,270,275,26.3,24.2,28.1,24.8,19.4,0.151,0.18,0.2,0.251,0,0.0,0.0,0.0,0.0,0.0,0.0,0.0,0.0,0.0,0.0,0.0,0.0,0.0,15.24285168402986,82.04478561386068,343.0838350314687,952.46387109375,2.5201349635056807,361.04270124855157
39.050964,-7.0370483,212.0,2019-07-17 02:00:00,18.1,89,16.2,18.8,0.0,0.0,0.0,0.0,1,1013.7,988.9,44,49,0,0,0.0,0.23,9.9,18.0,260,267,21.6,23.4,27.8,24.8,19.4,0.151,0.18,0.2,0.251,0,0.0,0.0,0.0,0.0,0.0,0.0,0.0,0.0,0.0,0.0,0.0,0.0,0.0,12.646280808415108,80.53274383568017,343.5798509034687,959.42587109375,1.9821690970141599,362.5647156398644
39.050964,-7.0370483,212.0,2019-07-17 03:00:00,18.0,89,16.1,18.6,0.0,0.0,0.0,0.0,3,1013.6,988.8,87,97,0,0,0.0,0.23,10.0,15.6,257,262,20.5,22.9,27.5,24.8,19.4,0.151,0.18,0.2,0.251,0,0.0,0.0,0.0,0.0,0.0,0.0,0.0,0.0,0.0,0.0,0.0,0.0,0.0,12.373623675661456,80.23096578403458,344.0732833594687,966.3698710937499,1.9285052967187766,364.0759835780865
39.050964,-7.0370483,212.0,2019-07-17 04:00:00,17.9,88,16.0,18.5,0.0,0.0,0.0,0.0,3,1013.7,988.8,90,100,0,0,0.0,0.24,9.8,14.8,262,264,20.9,22.6,27.2,24.8,19.4,0.151,0.18,0.2,0.251,0,0.0,0.0,0.0,0.0,0.0,0.0,0.0,0.0,0.0,0.0,0.0,0.0,0.0,12.323092153452881,80.27709801064961,344.6087550394687,973.29587109375,1.918567306501816,365.6017354679397
39.050964,-7.0370483,212.0,2019-07-17 05:00:00,18.0,88,15.9,18.4,0.0,0.0,0.0,0.0,3,1013.9,989.0,90,100,0,0,0.0,0.26,10.4,15.5,268,267,22.3,22.3,26.9,24.8,19.4,0.151,0.18,0.2,0.251,0,0.0,0.0,0.0,0.0,0.0,0.0,0.0,0.0,0.0,0.0,0.0,0.0,0.0,12.67296071964245,80.32324546783516,345.1470449914687,980.2398710937499,1.987237786584451,367.12660320282623
39.050964,-7.0370483,212.0,2019-07-17 06:00:00,18.1,86,15.8,18.4,0.0,0.0,0.0,0.0,3,1014.2,989.4,90,100,0,0,0.03,0.28,11.7,17.1,261,263,25.6,22.2,26.7,24.8,19.4,0.151,0.18,0.2,0.251,1,0.0,11.0,1.0,10.0,10.4,11.0,69.3,25.3,2.3,23.0,19.1,13.7,159.2,13.397088307493753,80.36940816061966,345.7783379194687,987.2018710937499,2.132312178025154,368.7019072234998
39.050964,-7.0370483,212.0,2019-07-17 07:00:00,18.6,84,15.8,19.0,0.0,0.0,0.0,0.0,3,1014.6,989.8,92,100,4,0,0.06,0.35,10.5,15.2,264,265,26.3,22.2,26.4,24.8,19.4,0.152,0.18,0.2,0.251,1,0.0,75.0,9.0,66.0,41.9,75.0,284.1,108.0,13.0,95.1,41.9,108.0,409.3,12.82475999223263,80.4155860940331,346.51860403146867,994.2538710937499,2.0172082920428016,370.35005012569115
39.050964,-7.0370483,212.0,2019-07-17 08:00:00,19.3,80,15.8,19.9,0.0,0.0,0.0,0.0,3,1015.0,990.2,90,100,0,0,0.11,0.44,9.0,12.6,268,268,24.8,22.6,26.2,24.8,19.4,0.152,0.18,0.2,0.251,1,0.0,156.0,24.0,132.0,59.7,156.0,531.9,191.2,29.4,161.8,59.7,191.2,652.0,12.84271235055542,81.11166627214145,347.47681651146866,1001.4318710937499,2.020708981997423,372.1404300737941
39.050964,-7.0370483,212.0,2019-07-17 09:00:00,21.3,70,15.7,21.9,0.0,0.0,0.0,0.0,2,1015.0,990.4,79,88,0,0,0.23,0.75,9.1,11.7,252,252,24.5,23.7,26.0,24.8,19.4,0.152,0.18,0.2,0.251,1,3600.0,353.0,165.0,188.0,285.9,353.0,764.1,402.4,188.1,214.3,285.9,402.4,870.9,15.621943609582766,83.14485655573819,349.05504883146864,1008.9698710937499,2.6020478723808447,374.3459025349841
39.050964,-7.0370483,212.0,2019-07-17 10:00:00,24.1,59,15.5,24.8,0.0,0.0,0.0,0.0,2,1014.9,990.5,70,78,0,0,0.39,1.23,8.2,10.8,255,255,25.6,25.3,25.9,24.8,19.4,0.152,0.18,0.2,0.251,1,3600.0,565.0,318.0,247.0,436.4,565.0,964.8,615.6,346.5,269.1,436.4,615.6,1051.1,19.543769000463605,85.71471577459361,351.48158102346866,1017.01187109375,3.5172020096202763,377.12502677005415
39.050964,-7.0370483,212.0,2019-07-17 11:00:00,26.1,52,15.5,28.1,0.0,0.0,0.0,0.0,0,1014.8,990.6,9,10,0,0,0.55,1.62,8.6,11.2,268,266,26.3,27.2,25.9,24.8,19.4,0.151,0.18,0.2,0.251,1,3600.0,790.0,597.0,193.0,705.5,790.0,1120.3,832.2,628.9,203.3,705.5,832.2,1180.2,24.047862866336406,87.62231613789386,354.54786095946866,1025.41387109375,4.702049774353482,380.33416454004555
39.050964,-7.0370483,212.0,2019-07-17 12:00:00,23.7,58,15.0,26.3,0.0,0.0,0.0,0.0,3,1016.0,991.6,90,100,0,0,0.56,1.22,6.9,9.0,264,265,26.6,28.2,26.0,24.8,19.4,0.151,0.18,0.2,0.251,1,3600.0,864.0,709.0,155.0,769.4,864.0,1220.0,884.8,726.1,158.7,769.4,884.8,1249.4,37.1416015625,90.34182739257812,297.76190185546875,848.4636840820312,8.97509765625,319.0078125
39.050964,-7.0370483,212.0,2019-07-17 13:00:00,26.0,50,14.8,26.8,0.0,0.0,0.0,0.0,2,1015.7,991.5,69,77,0,0,0.44,1.68,6.9,8.8,279,279,22.7,29.0,26.1,24.8,19.4,0.151,0.18,0.2,0.251,1,3381.25,587.0,164.0,423.0,172.7,587.0,1257.2,585.5,163.6,422.0,172.7,585.5,1254.1,28.725922190778828,90.02777437362982,300.94420065546876,856.8476840820313,6.094067177471097,320.4847497765733
39.050964,-7.0370483,212.0,2019-07-17 14:00:00,27.9,44,14.5,29.3,0.0,0.0,0.0,0.0,2,1015.0,990.9,65,72,0,0,0.53,2.1,6.9,9.1,279,279,23.4,30.1,26.3,24.8,19.4,0.151,0.18,0.2,0.251,1,3600.0,717.0,323.0,394.0,347.9,717.0,1229.2,696.3,313.7,382.6,347.9,696.3,1193.8,28.868837299118336,90.07714101998438,304.75826209546875,865.5736840820313,6.13730688239527,324.17290489357794
39.050964,-7.0370483,212.0,2019-07-17 15:00:00,29.3,43,15.3,30.5,0.0,0.0,0.0,0.0,1,1014.1,990.2,22,25,0,0,0.57,2.33,11.2,14.8,272,274,29.9,31.0,26.5,24.8,19.4,0.15,0.18,0.199,0.251,1,3600.0,739.0,504.0,235.0,586.3,739.0,1138.1,696.6,475.1,221.5,586.3,696.6,1072.7,33.73865683665403,90.18277655736972,308.8278468634688,874.5516840820312,7.738340959163758,328.0486088238611
39.050964,-7.0370483,212.0,2019-07-17 16:00:00,29.4,44,16.0,30.0,0.0,0.0,0.0,0.0,0,1013.4,989.5,1,0,1,0,0.53,2.27,14.1,19.1,274,274,35.3,31.5,26.7,24.8,19.4,0.15,0.179,0.199,0.251,1,3600.0,662.0,484.0,178.0,647.4,662.0,989.8,601.3,439.6,161.7,647.4,601.3,899.1,37.32503862843526,90.23219437774878,312.8391873434688,883.5476840820312,9.01952140534409,331.89332804657465
39.050964,-7.0370483,212.0,2019-07-17 17:00:00,29.9,42,15.5,29.8,0.0,0.0,0.0,0.0,0,1012.9,989.0,1,0,1,1,0.46,2.46,13.4,18.4,264,266,35.6,31.6,26.9,24.8,19.4,0.15,0.179,0.199,0.251,1,3600.0,547.0,451.0,96.0,751.4,547.0,794.7,471.3,388.6,82.7,751.4,471.3,684.6,37.25366407530764,90.45704585782028,317.0618982234688,892.6336840820312,8.99149644553311,335.87144528559514
39.050964,-7.0370483,212.0,2019-07-17 18:00:00,30.6,38,14.8,30.4,0.0,0.0,0.0,0.0,0,1012.1,988.3,2,0,3,0,0.34,2.71,12.2,17.4,242,248,32.4,31.4,27.1,24.8,19.4,0.15,0.179,0.199,0.251,1,3600.0,359.0,278.0,81.0,650.5,359.0,565.8,281.7,218.2,63.6,650.5,281.7,444.0,38.63280207753012,91.27083233926182,321.6777580474688,901.8456840820312,9.505426276620431,340.09013187569434
39.050964,-7.0370483,212.0,2019-07-17 19:00:00,29.2,43,15.5,28.4,0.0,0.0,0.0,0.0,0,1012.3,988.4,1,0,2,0,0.25,2.29,18.1,28.5,276,279,35.3,30.8,27.2,24.8,19.4,0.15,0.179,0.199,0.251,1,3600.0,167.0,108.0,59.0,448.4,167.0,318.9,101.4,65.6,35.8,448.4,101.4,193.7,46.95866605402305,91.32060938163306,325.7339560234688,910.8056840820312,12.887296107071052,343.9491750316973
39.050964,-7.0370483,212.0,2019-07-17 20:00:00,25.9,56,16.6,25.8,0.0,0.0,0.0,0.0,0,1013.1,988.9,0,0,0,0,0.12,1.46,16.5,29.0,281,284,42.5,29.5,27.3,24.8,19.5,0.15,0.179,0.199,0.251,0,694.99,29.0,13.0,16.0,118.9,29.0,86.2,0.0,0.0,0.0,0.0,0.0,0.0,36.6836517465013,89.19960926488332,328.5240453034688,919.1716840820312,8.778336140123823,346.9958725732305
39.050964,-7.0370483,212.0,2019-07-17 21:00:00,24.4,61,16.4,24.1,0.0,0.0,0.0,0.0,0,1014.0,989.7,0,0,0,0,0.09,1.19,17.0,29.6,283,286,34.9,28.2,27.4,24.8,19.5,0.15,0.179,0.199,0.251,0,0.0,0.0,0.0,0.0,0.0,0.0,0.0,0.0,0.0,0.0,0.0,0.0,0.0,33.20075871717829,87.97038580694858,330.8596882234688,927.2676840820312,7.546629852944386,349.7406985119186
39.050964,-7.0370483,212.0,2019-07-17 22:00:00,23.1,64,16.0,22.7,0.0,0.0,0.0,0.0,0,1014.4,990.0,0,0,0,0,0.08,1.01,16.7,29.0,289,290,34.9,27.1,27.3,24.8,19.5,0.15,0.179,0.199,0.251,0,0.0,0.0,0.0,0.0,0.0,0.0,0.0,0.0,0.0,0.0,0.0,0.0,0.0,30.468611015907545,87.17872562058247,332.90575369546883,935.1296840820312,6.638054815386217,352.28142705958817
39.050964,-7.0370483,212.0,2019-07-17 23:00:00,21.7,68,15.6,21.5,0.0,0.0,0.0,0.0,0,1014.6,990.0,0,0,0,0,0.06,0.82,14.8,25.8,288,289,33.5,26.1,27.3,24.8,19.5,0.15,0.179,0.199,0.251,0,0.0,0.0,0.0,0.0,0.0,0.0,0.0,0.0,0.0,0.0,0.0,0.0,0.0,26.14211944947562,86.27196018835423,334.6192630714688,942.7396840820312,5.304009543641678,354.5900229876181
39.050964,-7.0370483,212.0,2019-07-18 00:00:00,20.4,73,15.3,20.2,0.0,0.0,0.0,0.0,0,1015.4,990.7,0,0,0,0,0.04,0.66,13.6,24.1,287,287,29.2,24.6,27.5,24.8,19.5,0.149,0.179,0.199,0.251,0,0.0,0.0,0.0,0.0,0.0,0.0,0.0,0.0,0.0,0.0,0.0,0.0,0.0,22.479633973278457,85.16121735290258,335.9826021514688,950.1156840820312,4.275511601540138,356.6586216603657
39.050964,-7.0370483,212.0,2019-07-18 01:00:00,19.3,76,15.0,19.4,0.0,0.0,0.0,0.0,0,1015.2,990.4,0,0,0,0,0.02,0.53,11.1,19.7,283,288,27.0,24.0,27.3,24.8,19.5,0.149,0.179,0.199,0.251,0,0.0,0.0,0.0,0.0,0.0,0.0,0.0,0.0,0.0,0.0,0.0,0.0,0.0,18.917039402491163,84.32948803534482,337.1324571274688,957.2936840820312,3.3649118485800886,358.5693248426982
39.050964,-7.0370483,212.0,2019-07-18 02:00:00,18.5,79,14.9,18.7,0.0,0.0,0.0,0.0,0,1014.8,990.0,0,0,0,0,0.02,0.44,10.1,17.7,272,282,21.2,23.3,27.1,24.8,19.5,0.149,0.179,0.199,0.251,0,0.0,0.0,0.0,0.0,0.0,0.0,0.0,0.0,0.0,0.0,0.0,0.0,0.0,16.835675280272124,83.52346948932343,338.0991244234688,964.3276840820312,2.8744354231871507,360.3478788488956
39.050964,-7.0370483,212.0,2019-07-18 03:00:00,17.9,82,14.8,18.1,0.0,0.0,0.0,0.0,0,1014.7,989.8,0,0,0,0,0.01,0.37,9.4,16.4,277,285,20.9,22.8,26.8,24.8,19.5,0.149,0.179,0.199,0.251,0,0.0,0.0,0.0,0.0,0.0,0.0,0.0,0.0,0.0,0.0,0.0,0.0,0.0,15.100333563446881,82.67825004422666,338.9023319434688,971.2536840820312,2.4892736853070847,362.01090609726504
39.050964,-7.0370483,212.0,2019-07-18 04:00:00,17.6,84,14.9,18.0,0.0,0.0,0.0,0.0,0,1014.6,989.7,0,0,0,0,0.0,0.32,7.9,13.7,273,288,19.4,22.3,26.6,24.8,19.5,0.149,0.179,0.199,0.251,0,0.0,0.0,0.0,0.0,0.0,0.0,0.0,0.0,0.0,0.0,0.0,0.0,0.0,13.373758371261973,82.02065003735649,339.6050210954688,978.1256840820312,2.127814173771645,363.60291398060707
39.050964,-7.0370483,212.0,2019-07-18 05:00:00,17.2,86,14.9,17.6,0.0,0.0,0.0,0.0,0,1014.5,989.6,0,0,0,0,0.0,0.27,7.9,13.4,270,284,16.2,21.9,26.3,24.8,19.5,0.149,0.179,0.199,0.251,0,0.0,0.0,0.0,0.0,0.0,0.0,0.0,0.0,0.0,0.0,0.0,0.0,0.0,12.541048305596657,81.33409801535255,340.20672216746885,984.9256840820311,1.9613021381165732,365.11995388234845
39.050964,-7.0370483,212.0,2019-07-18 06:00:00,17.3,86,14.9,17.8,0.0,0.0,0.0,0.0,0,1014.7,989.8,0,0,0,0,0.02,0.28,7.6,13.0,270,276,16.2,21.6,26.1,24.8,19.5,0.149,0.179,0.199,0.251,1,98.03,18.0,7.0,11.0,73.4,18.0,67.9,41.5,16.1,25.3,136.4,22.3,156.5,12.234798774743737,81.19594256204866,340.8117112234689,991.7436840820311,1.9013215771332317,366.6371825678945
39.050964,-7.0370483,212.0,2019-07-18 07:00:00,19.4,76,15.1,20.4,0.0,0.0,0.0,0.0,0,1014.9,990.1,0,0,0,0,0.08,0.54,4.7,7.9,261,267,16.6,22.0,25.8,24.8,19.5,0.149,0.179,0.199,0.251,1,3600.0,146.0,93.0,53.0,437.4,146.0,281.5,211.0,134.4,76.6,437.4,211.0,406.8,11.712868924271366,81.97407366585476,341.9672027434689,998.9396840820311,1.8007526639997449,368.5337997024315
39.050964,-7.0370483,212.0,2019-07-18 08:00:00,22.7,64,15.4,23.9,0.0,0.0,0.0,0.0,0,1014.9,990.4,0,0,0,0,0.21,1.0,4.0,5.5,243,247,15.5,23.3,25.7,24.8,19.5,0.149,0.179,0.199,0.251,1,3600.0,330.0,252.0,78.0,630.0,330.0,529.6,404.9,309.2,95.7,630.0,404.9,649.9,14.382040141491144,84.27553370844518,343.9794489514689,1006.7296840820311,2.33582296962199,371.02731710662164
39.050964,-7.0370483,212.0,2019-07-18 09:00:00,25.9,54,15.9,27.4,0.0,0.0,0.0,0.0,0,1014.7,990.5,0,0,0,0,0.35,1.53,3.4,4.4,238,235,15.8,25.3,25.6,24.8,19.5,0.149,0.179,0.199,0.251,1,3600.0,520.0,426.0,94.0,740.1,520.0,762.1,593.0,485.8,107.2,740.1,593.0,869.1,18.346549448970507,86.81829639265823,346.8963604714689,1015.0956840820311,3.2263364305626108,374.1445617066219
39.050964,-7.0370483,212.0,2019-07-18 10:00:00,28.9,45,15.9,31.3,0.0,0.0,0.0,0.0,0,1014.4,990.4,0,0,0,0,0.49,2.17,3.4,4.2,238,239,16.6,27.5,25.6,24.8,19.5,0.149,0.179,0.199,0.251,1,3600.0,691.0,586.0,105.0,805.6,691.0,963.1,753.0,638.6,114.4,805.6,753.0,1049.6,23.500974114264196,89.22138112683291,350.7714844714689,1024.001684082031,4.550799928972609,377.91030299926035
39.050964,-7.0370483,212.0,2019-07-18 11:00:00,31.6,37,15.3,34.6,0.0,0.0,0.0,0.0,0,1014.1,990.3,0,0,0,0,0.62,2.9,3.7,4.8,259,257,18.0,29.9,25.8,24.8,19.5,0.149,0.179,0.199,0.251,1,3600.0,826.0,713.0,113.0,843.8,826.0,1118.9,870.3,751.2,119.1,843.8,870.3,1178.9,29.414804691339953,91.38739387045266,355.6097529274689,1033.393684082031,6.297285022980974,382.3152508769863
39.050964,-7.0370483,212.0,2019-07-18 12:00:00,31.8,36,14.9,35.5,0.0,0.0,0.0,0.0,0,1014.0,990.3,0,0,0,0,0.68,3.01,2.4,3.1,243,249,18.7,32.0,26.1,24.8,19.5,0.148,0.179,0.199,0.251,1,3600.0,913.0,796.0,117.0,864.7,913.0,1218.8,935.1,815.2,119.8,864.7,935.1,1248.3,36.2021484375,91.35205078125,302.41302490234375,857.7136840820312,8.647705078125,323.5101318359375
39.050964,-7.0370483,212.0,2019-07-18 13:00:00,34.1,31,14.4,37.5,0.0,0.0,0.0,0.0,0,1013.3,989.7,0,0,0,0,0.73,3.71,3.9,5.0,292,291,18.0,33.9,26.4,24.8,19.5,0.148,0.179,0.199,0.251,1,3600.0,945.0,827.0,118.0,871.8,945.0,1256.1,942.7,825.0,117.7,871.8,942.7,1253.1,34.913496907353206,93.14430067235918,308.11720743034374,867.5556840820312,8.149742057206925,326.41456348915483
39.050964,-7.0370483,212.0,2019-07-18 14:00:00,35.3,27,13.7,38.0,0.0,0.0,0.0,0.0,0,1012.4,989.0,0,0,0,0,0.73,4.14,5.3,6.9,298,298,20.5,35.3,26.8,24.8,19.5,0.148,0.179,0.199,0.251,1,3600.0,921.0,805.0,116.0,867.9,921.0,1228.2,894.4,781.8,112.7,867.9,894.4,1192.8,40.53728217687752,94.2807532315258,314.35780106234375,877.6136840820312,10.242168324011843,331.6902316558534
39.050964,-7.0370483,212.0,2019-07-18 15:00:00,35.8,26,13.1,37.5,0.0,0.0,0.0,0.0,0,1011.8,988.4,0,0,0,0,0.67,4.38,6.3,7.9,301,300,21.2,36.2,27.2,24.8,19.5,0.148,0.179,0.199,0.251,1,3600.0,823.0,709.0,114.0,825.7,823.0,1137.0,775.7,668.2,107.4,825.7,775.7,1071.6,43.242380138384796,94.64282794562834,320.77077899834376,887.7616840820313,11.322767950759024,337.0656600819387
39.050964,-7.0370483,212.0,2019-07-18 16:00:00,35.9,25,12.6,36.6,0.0,0.0,0.0,0.0,0,1011.2,987.8,0,0,0,0,0.58,4.46,6.6,8.4,292,295,21.6,36.6,27.6,24.8,19.5,0.147,0.179,0.199,0.251,1,3600.0,695.0,582.0,113.0,779.5,695.0,988.6,631.1,528.5,102.6,779.5,631.1,897.8,44.58936741680074,94.88116424910638,327.28803299834374,897.9276840820313,11.877819232505384,342.48913901392524
39.050964,-7.0370483,212.0,2019-07-18 17:00:00,35.8,25,12.4,35.2,0.0,0.0,0.0,0.0,0,1010.8,987.4,0,0,0,0,0.48,4.42,8.7,10.9,287,287,23.0,36.4,28.0,24.8,19.5,0.147,0.178,0.199,0.251,1,3600.0,527.0,422.0,105.0,704.4,527.0,793.2,453.8,363.4,90.4,704.4,453.8,683.1,47.89776198792826,94.93213324380463,333.78767279834375,908.0756840820313,13.296241510038477,347.88713359987213
39.050964,-7.0370483,212.0,2019-07-18 18:00:00,34.9,26,12.7,33.9,0.0,0.0,0.0,0.0,0,1010.6,987.2,1,0,0,2,0.39,4.13,12.9,17.7,293,294,28.8,35.8,28.4,24.8,19.5,0.147,0.178,0.199,0.251,1,3600.0,357.0,277.0,80.0,650.2,357.0,564.1,279.8,217.1,62.7,650.2,279.8,442.2,54.90687402166123,94.9831190659341,340.04423663834376,918.0616840820313,16.545384170476982,353.112181256095
39.050964,-7.0370483,212.0,2019-07-18 19:00:00,33.3,28,12.4,32.0,0.0,0.0,0.0,0.0,0,1010.7,987.1,1,0,0,3,0.27,3.68,13.8,23.1,290,293,31.7,34.6,28.6,24.8,19.5,0.147,0.178,0.199,0.251,1,3600.0,171.0,114.0,57.0,476.3,171.0,316.9,103.3,68.9,34.4,476.3,103.3,191.5,56.71371426318357,95.03412172105035,345.86115004634377,927.7596840820313,17.43437786235869,358.0381421192862
39.050964,-7.0370483,212.0,2019-07-18 20:00:00,31.2,31,12.0,29.6,0.0,0.0,0.0,0.0,0,1010.9,987.2,2,0,0,7,0.2,3.13,15.1,28.5,295,296,29.5,33.1,28.8,24.8,19.5,0.147,0.178,0.199,0.251,0,688.8,29.0,13.0,16.0,119.8,29.0,85.2,0.0,0.0,0.0,0.0,0.0,0.0,56.115055167787965,94.4312412532481,351.0953857183438,937.0796840820313,17.134698206202007,362.575559899126
39.050964,-7.0370483,212.0,2019-07-18 21:00:00,29.0,44,15.5,28.5,0.0,0.0,0.0,0.0,0,1011.8,987.9,1,0,0,2,0.15,2.25,16.3,30.1,301,304,32.8,31.7,28.9,24.8,19.5,0.147,0.178,0.199,0.251,0,0.0,0.0,0.0,0.0,0.0,0.0,0.0,0.0,0.0,0.0,0.0,0.0,0.0,46.598236779281144,91.86952261374574,355.0541184543438,946.0036840820313,12.72304780588649,366.356199589948
39.050964,-7.0370483,212.0,2019-07-18 22:00:00,27.4,52,16.6,27.7,0.0,0.0,0.0,0.0,0,1012.1,988.1,0,0,0,1,0.1,1.77,13.4,25.4,294,302,32.4,30.5,29.0,24.8,19.6,0.147,0.178,0.199,0.251,0,0.0,0.0,0.0,0.0,0.0,0.0,0.0,0.0,0.0,0.0,0.0,0.0,0.0,36.06943988762493,90.10525165393656,358.2669485343438,954.6396840820313,8.550129348026447,369.68550226774687
39.050964,-7.0370483,212.0,2019-07-18 23:00:00,26.1,55,16.3,26.3,0.0,0.0,0.0,0.0,0,1012.1,988.0,0,0,0,0,0.09,1.53,13.8,26.0,298,304,27.0,29.3,29.0,24.8,19.6,0.147,0.178,0.199,0.251,0,0.0,0.0,0.0,0.0,0.0,0.0,0.0,0.0,0.0,0.0,0.0,0.0,0.0,33.67966007774576,89.24031292972502,361.1415859743438,963.0416840820313,7.706594874271033,372.79083782830884
39.050964,-7.0370483,212.0,2019-07-19 00:00:00,25.4,57,16.3,25.7,0.0,0.0,0.0,0.0,0,1012.9,988.7,0,0,0,0,0.08,1.39,12.7,24.0,305,319,28.1,27.9,28.9,24.8,19.6,0.147,0.178,0.199,0.251,0,0.0,0.0,0.0,0.0,0.0,0.0,0.0,0.0,0.0,0.0,0.0,0.0,0.0,30.905273705861784,88.7300371270617,363.8177700943438,971.3176840820313,6.776046454341169,375.76665734851116
39.050964,-7.0370483,212.0,2019-07-19 01:00:00,25.0,56,15.7,25.5,0.0,0.0,0.0,0.0,0,1012.7,988.4,0,0,0,0,0.06,1.38,9.8,20.2,294,321,24.1,27.3,28.8,24.8,19.6,0.146,0.178,0.199,0.251,0,0.0,0.0,0.0,0.0,0.0,0.0,0.0,0.0,0.0,0.0,0.0,0.0,0.0,28.035074064285396,88.74643681734693,366.5148563983438,979.5216840820312,5.868605598414161,378.7399284478375
39.050964,-7.0370483,212.0,2019-07-19 02:00:00,23.7,60,15.6,24.3,0.0,0.0,0.0,0.0,0,1012.6,988.3,0,0,0,0,0.05,1.16,9.0,15.9,268,298,18.4,26.6,28.6,24.9,19.6,0.146,0.178,0.199,0.251,0,0.0,0.0,0.0,0.0,0.0,0.0,0.0,0.0,0.0,0.0,0.0,0.0,0.0,25.34567217079032,88.00723673122216,368.8446279183438,987.4916840820313,5.06959712152639,381.47295994394676
39.050964,-7.0370483,212.0,2019-07-19 03:00:00,22.5,65,15.7,22.8,0.0,0.0,0.0,0.0,0,1012.5,988.1,0,0,0,0,0.05,0.95,10.9,17.9,287,308,20.2,25.9,28.5,24.9,19.6,0.146,0.178,0.199,0.251,0,0.0,0.0,0.0,0.0,0.0,0.0,0.0,0.0,0.0,0.0,0.0,0.0,0.0,24.4756608052915,86.98608047450492,370.7845384783438,995.2456840820313,4.821682355510818,383.9562605195244
39.050964,-7.0370483,212.0,2019-07-19 04:00:00,21.8,68,15.7,22.5,0.0,0.0,0.0,0.0,0,1012.5,988.0,0,0,0,0,0.03,0.83,8.6,14.8,285,317,20.5,25.3,28.3,24.9,19.6,0.146,0.178,0.199,0.251,0,0.0,0.0,0.0,0.0,0.0,0.0,0.0,0.0,0.0,0.0,0.0,0.0,0.0,21.01288875526492,86.28435976825882,372.5055632463438,1002.8736840820313,3.887606821432099,386.29726040265143
39.050964,-7.0370483,212.0,2019-07-19 05:00:00,21.1,72,15.9,22.1,0.0,0.0,0.0,0.0,0,1012.5,987.9,0,0,0,0,0.02,0.69,6.9,9.3,279,324,15.5,24.6,28.0,24.9,19.6,0.146,0.178,0.199,0.251,0,0.0,0.0,0.0,0.0,0.0,0.0,0.0,0.0,0.0,0.0,0.0,0.0,0.0,18.14772353943511,85.45761116948185,373.9654281423438,1010.3756840820313,3.1782754356905745,388.4723821101168
39.050964,-7.0370483,212.0,2019-07-19 06:00:00,21.1,73,16.0,21.9,0.0,0.0,0.0,0.0,0,1012.7,988.1,0,0,0,0,0.04,0.68,8.5,10.0,298,334,15.5,24.2,27.8,24.9,19.6,0.146,0.178,0.199,0.251,1,99.06,18.0,7.0,11.0,74.2,18.0,66.6,41.6,16.2,25.4,139.2,22.2,153.7,18.621318117505457,85.12788492734406,375.3731550063438,1017.8776840820312,3.2914105850725273,390.6168716067828
39.050964,-7.0370483,212.0,2019-07-19 07:00:00,24.3,59,15.7,25.4,0.0,0.0,0.0,0.0,0,1012.8,988.5,0,0,0,0,0.11,1.25,5.4,9.8,307,336,15.8,24.8,27.6,24.9,19.6,0.146,0.178,0.199,0.251,1,3600.0,146.0,95.0,51.0,451.1,146.0,278.9,211.7,137.7,73.9,451.1,211.7,404.4,18.49814706603017,86.1829126051374,377.8189453903438,1025.9556840820312,3.26169952067638,393.42795745228494
39.050964,-7.0370483,212.0,2019-07-19 08:00:00,27.9,44,14.5,29.0,0.0,0.0,0.0,0.0,0,1012.7,988.7,0,0,0,0,0.22,2.1,2.3,3.1,309,324,14.0,26.3,27.4,24.9,19.6,0.146,0.178,0.199,0.251,1,3600.0,333.0,257.0,76.0,645.4,333.0,527.4,409.0,315.7,93.4,645.4,409.0,647.8,22.144861072373242,89.02070903061545,381.6330068303438,1034.681684082031,4.18316087961021,397.0995475266605
39.050964,-7.0370483,212.0,2019-07-19 09:00:00,30.7,34,13.2,31.4,0.0,0.0,0.0,0.0,0,1012.5,988.7,0,0,0,0,0.37,2.89,1.8,2.3,143,141,12.2,28.4,27.4,24.9,19.6,0.146,0.178,0.199,0.251,1,3600.0,525.0,433.0,92.0,754.3,525.0,760.2,599.0,494.0,105.0,754.3,599.0,867.3,28.27047113511862,91.64936243341133,386.5621645583438,1043.9116840820311,5.939152658500997,401.4657798157634
39.050964,-7.0370483,212.0,2019-07-19 10:00:00,33.0,29,12.3,34.0,0.0,0.0,0.0,0.0,0,1012.4,988.8,0,0,0,0,0.53,3.59,4.0,5.1,175,176,17.3,30.7,27.5,24.9,19.6,0.146,0.178,0.199,0.251,1,3600.0,696.0,593.0,103.0,816.8,696.0,961.4,758.7,646.4,112.3,816.8,758.7,1048.0,35.7870986611958,93.36236102324246,392.2482631743438,1053.5556840820311,8.444277766915414,406.312253959937
39.050964,-7.0370483,212.0,2019-07-19 11:00:00,35.2,24,11.7,36.7,0.0,0.0,0.0,0.0,0,1012.0,988.6,0,0,0,0,0.66,4.3,5.0,6.6,201,202,19.8,32.9,27.7,24.9,19.6,0.146,0.178,0.199,0.251,1,3600.0,831.0,721.0,110.0,854.4,831.0,1117.5,875.7,759.8,115.9,854.4,875.7,1177.6,42.351066415481604,94.87180456427615,398.72747050234375,1063.595684082031,10.943708507430637,411.65003012470936
39.050964,-7.0370483,212.0,2019-07-19 12:00:00,35.7,23,11.6,38.1,0.0,0.0,0.0,0.0,0,1011.8,988.4,0,0,0,0,0.71,4.46,3.4,4.2,238,239,22.0,34.8,27.9,24.9,19.6,0.146,0.178,0.199,0.251,1,3600.0,919.0,804.0,115.0,874.4,919.0,1217.6,941.3,823.5,117.8,874.4,941.3,1247.2,44.17302703857422,92.7587890625,307.90789794921875,867.4168090820312,11.7138671875,328.5570068359375
39.050964,-7.0370483,212.0,2019-07-19 13:00:00,37.4,21,11.0,39.6,0.0,0.0,0.0,0.0,0,1011.2,987.9,0,0,0,0,0.76,5.09,4.3,5.6,246,243,19.1,36.6,28.3,24.9,19.6,0.145,0.178,0.199,0.251,1,3600.0,952.0,835.0,117.0,881.1,952.0,1255.0,949.7,833.0,116.7,881.1,949.7,1252.0,44.892401678547486,95.81202841217751,315.0510431892188,877.8528090820313,12.010244422280598,332.11851719867303
39.050964,-7.0370483,212.0,2019-07-19 14:00:00,38.0,19,10.4,39.7,0.0,0.0,0.0,0.0,0,1010.4,987.2,1,0,2,0,0.76,5.37,5.4,7.0,250,249,20.5,38.0,28.7,24.9,19.6,0.145,0.178,0.199,0.251,1,3600.0,929.0,814.0,115.0,878.5,929.0,1227.1,902.2,790.5,111.7,878.5,902.2,1191.7,49.330985944719586,96.5045608730711,322.4891675652188,888.3968090820313,13.939550562693208,338.1270059536247
39.050964,-7.0370483,212.0,2019-07-19 15:00:00,38.3,18,10.1,39.0,0.0,0.0,0.0,0.0,0,1009.8,986.6,0,0,0,0,0.72,5.5,7.6,9.4,265,263,23.4,38.8,29.1,24.9,19.6,0.145,0.178,0.199,0.251,1,3600.0,848.0,736.0,112.0,858.1,848.0,1135.8,799.2,693.6,105.5,858.1,799.2,1070.4,54.16151471534745,96.79304345325922,330.0768952132188,898.9948090820312,16.18876562959433,344.20559636044175
39.050964,-7.0370483,212.0,2019-07-19 16:00:00,38.1,19,10.6,37.8,0.0,0.0,0.0,0.0,0,1009.4,986.2,1,0,1,1,0.65,5.37,10.0,12.6,283,283,27.0,39.0,29.5,24.9,19.6,0.144,0.178,0.199,0.251,1,3600.0,721.0,619.0,102.0,830.3,721.0,987.3,654.6,562.0,92.6,830.3,654.6,896.4,58.60836498265693,96.84464365553706,337.5340429252188,909.5568090820312,18.39660746318254,350.1856991228925
39.050964,-7.0370483,212.0,2019-07-19 17:00:00,37.4,21,11.3,36.0,0.0,0.0,0.0,0.0,0,1009.0,985.8,1,0,1,1,0.54,5.08,12.2,16.3,294,295,29.9,38.6,29.9,24.9,19.6,0.144,0.178,0.199,0.251,1,3600.0,545.0,450.0,95.0,752.7,545.0,791.7,469.1,387.3,81.8,752.7,469.1,681.5,62.980285888282516,96.89626089363952,344.6771881652188,919.9928090820313,20.695884069575424,355.95562159841717
39.050964,-7.0370483,212.0,2019-07-19 18:00:00,35.9,25,12.7,34.2,0.0,0.0,0.0,0.0,0,1008.9,985.6,1,0,1,0,0.46,4.44,17.6,25.3,298,298,37.8,37.6,30.2,25.0,19.6,0.144,0.178,0.199,0.251,1,3600.0,355.0,276.0,79.0,650.0,355.0,562.4,277.9,216.1,61.8,650.0,277.9,440.3,71.27225758804929,96.3982027751729,351.1944421652188,930.1588090820313,25.410799567911123,361.3279018311974
39.050964,-7.0370483,212.0,2019-07-19 19:00:00,33.8,31,14.2,32.4,0.0,0.0,0.0,0.0,0,1009.2,985.7,0,0,0,0,0.32,3.63,18.9,29.9,301,301,42.1,36.2,30.4,25.0,19.6,0.144,0.178,0.199,0.251,1,3600.0,169.0,113.0,56.0,475.3,169.0,314.8,101.6,67.9,33.7,475.3,101.6,189.2,65.88737209184464,94.95234593597175,356.8500095012188,939.9468090820313,22.292050099226888,366.1647122564079
39.050964,-7.0370483,212.0,2019-07-19 20:00:00,31.2,36,14.4,29.9,0.0,0.0,0.0,0.0,0,1009.6,985.9,0,0,0,0,0.22,2.91,18.8,32.4,302,305,40.3,34.6,30.6,25.0,19.6,0.144,0.178,0.199,0.251,0,681.96,28.0,13.0,15.0,120.8,28.0,84.1,0.0,0.0,0.0,0.0,0.0,0.0,58.36869459956371,93.54676507593263,361.70495273321876,949.2668090820314,18.2646623268639,370.48729309811097
39.050964,-7.0370483,212.0,2019-07-19 21:00:00,29.4,39,14.2,28.5,0.0,0.0,0.0,0.0,0,1010.6,986.8,0,0,0,0,0.16,2.49,15.8,28.6,300,304,38.5,33.0,30.6,25.0,19.6,0.144,0.178,0.199,0.251,0,0.0,0.0,0.0,0.0,0.0,0.0,0.0,0.0,0.0,0.0,0.0,0.0,0.0,49.10321640821981,92.63582135838382,366.07444861321875,958.2628090820314,13.822906299547576,374.4916914773736
39.050964,-7.0370483,212.0,2019-07-19 22:00:00,27.7,45,14.7,27.4,0.0,0.0,0.0,0.0,0,1010.9,986.9,0,0,0,0,0.11,2.05,12.7,23.8,299,305,32.4,31.7,30.6,25.0,19.6,0.144,0.178,0.199,0.251,0,0.0,0.0,0.0,0.0,0.0,0.0,0.0,0.0,0.0,0.0,0.0,0.0,0.0,39.55623809644672,91.34248539724352,369.79456765321873,966.9528090820314,9.84777894658658,378.09715547984285
39.050964,-7.0370483,212.0,2019-07-19 23:00:00,26.2,50,14.8,26.1,0.0,0.0,0.0,0.0,0,1011.3,987.2,0,0,0,0,0.09,1.71,11.1,20.3,283,297,25.6,30.4,30.6,25.0,19.6,0.144,0.178,0.199,0.251,0,0.0,0.0,0.0,0.0,0.0,0.0,0.0,0.0,0.0,0.0,0.0,0.0,0.0,33.72298258235531,90.20176268867363,373.00035205321876,975.3728090820314,7.720397915197259,381.3820623737541
39.050964,-7.0370483,212.0,2019-07-20 00:00:00,24.6,50,13.5,23.9,0.0,0.0,0.0,0.0,0,1012.0,987.7,0,0,0,0,0.09,1.55,12.4,22.1,278,289,22.7,28.5,30.4,25.1,19.7,0.145,0.178,0.199,0.251,0,0.0,0.0,0.0,0.0,0.0,0.0,0.0,0.0,0.0,0.0,0.0,0.0,0.0,33.89399857096458,89.7973604914454,376.0182516532188,983.5048090820313,7.779119988322731,384.51371116290727
39.050964,-7.0370483,212.0,2019-07-20 01:00:00,23.4,50,12.5,22.4,0.0,0.0,0.0,0.0,0,1012.2,987.8,0,0,0,0,0.09,1.43,12.3,22.4,285,300,24.1,27.6,30.2,25.1,19.7,0.145,0.178,0.199,0.251,0,0.0,0.0,0.0,0.0,0.0,0.0,0.0,0.0,0.0,0.0,0.0,0.0,0.0,33.042418546642956,89.56518445324845,378.89523765321877,991.4208090820314,7.486559732126649,387.5303927354239
39.050964,-7.0370483,212.0,2019-07-20 02:00:00,22.7,51,11.9,21.6,0.0,0.0,0.0,0.0,0,1012.2,987.8,0,0,0,0,0.08,1.37,12.0,21.4,286,303,24.1,26.9,29.9,25.1,19.7,0.145,0.178,0.199,0.251,0,0.0,0.0,0.0,0.0,0.0,0.0,0.0,0.0,0.0,0.0,0.0,0.0,0.0,31.856466731866927,89.28879075520365,381.6341283252188,999.2108090820313,7.087498767222624,390.4507261350495
39.050964,-7.0370483,212.0,2019-07-20 03:00:00,21.9,53,12.0,20.7,0.0,0.0,0.0,0.0,0,1012.3,987.8,0,0,0,0,0.08,1.23,12.2,21.7,289,302,23.0,26.2,29.7,25.1,19.7,0.145,0.178,0.199,0.251,0,0.0,0.0,0.0,0.0,0.0,0.0,0.0,0.0,0.0,0.0,0.0,0.0,0.0,30.75247298265538,88.85248494250574,384.1729216852188,1006.8568090820313,6.724632574994883,393.2387156007023
39.050964,-7.0370483,212.0,2019-07-20 04:00:00,20.9,59,12.7,20.0,0.0,0.0,0.0,0.0,0,1012.4,987.8,0,0,0,0,0.06,1.0,11.9,21.3,284,298,23.0,25.5,29.4,25.1,19.7,0.145,0.178,0.199,0.251,0,0.0,0.0,0.0,0.0,0.0,0.0,0.0,0.0,0.0,0.0,0.0,0.0,0.0,27.496122427156983,87.8092404648388,386.2913228052188,1014.3228090820313,5.70322929761281,395.77170153519273
39.050964,-7.0370483,212.0,2019-07-20 05:00:00,20.1,66,13.6,19.5,0.0,0.0,0.0,0.0,0,1012.7,988.0,0,0,0,0,0.05,0.79,12.0,20.9,279,294,22.7,24.9,29.2,25.1,19.7,0.145,0.178,0.199,0.251,0,0.0,0.0,0.0,0.0,0.0,0.0,0.0,0.0,0.0,0.0,0.0,0.0,0.0,24.277572286283355,86.51238660928891,387.9841648532188,1021.6448090820313,4.765172386420933,398.05279058917654
39.050964,-7.0370483,212.0,2019-07-20 06:00:00,20.0,69,14.2,19.7,0.0,0.0,0.0,0.0,0,1013.4,988.7,0,0,0,0,0.06,0.72,11.3,19.2,277,293,22.7,24.4,28.9,25.1,19.7,0.145,0.178,0.199,0.251,1,99.67,17.0,7.0,10.0,75.1,17.0,65.2,39.4,16.2,23.2,142.3,20.8,150.9,22.090244793554753,85.81263159146877,389.52035794921875,1028.9488090820314,4.16853388612529,400.24622910546697
39.050964,-7.0370483,212.0,2019-07-20 07:00:00,21.9,61,14.2,22.0,0.0,0.0,0.0,0.0,0,1013.9,989.4,0,0,0,0,0.11,1.01,8.9,14.5,284,293,22.0,24.7,28.6,25.1,19.7,0.145,0.178,0.199,0.251,1,3600.0,146.0,94.0,52.0,450.7,146.0,276.2,212.4,136.8,75.7,450.7,212.4,401.9,20.353661977819428,85.86060660697795,391.62701626921876,1036.5948090820314,3.7185912226698323,402.80410279061294
39.050964,-7.0370483,212.0,2019-07-20 08:00:00,25.0,49,13.6,25.1,0.0,0.0,0.0,0.0,0,1014.1,989.8,0,0,0,0,0.24,1.6,7.2,9.5,288,295,21.2,25.8,28.4,25.1,19.7,0.145,0.178,0.199,0.251,1,3600.0,335.0,258.0,77.0,650.9,335.0,525.0,412.0,317.3,94.7,650.9,412.0,645.6,23.512896786121665,87.88938811451486,394.75318448521875,1044.7988090820313,4.55249854194423,406.0061600804679
39.050964,-7.0370483,212.0,2019-07-20 09:00:00,28.1,40,13.3,28.3,0.0,0.0,0.0,0.0,0,1014.1,990.1,0,0,0,0,0.38,2.28,5.6,7.6,297,301,20.2,27.6,28.2,25.1,19.7,0.145,0.178,0.199,0.251,1,3600.0,530.0,437.0,93.0,763.4,530.0,758.1,605.0,498.9,106.2,763.4,605.0,865.5,27.796598587384985,90.13219849998673,398.86786160521876,1053.5608090820313,5.793651193390184,409.83596289429164
39.050964,-7.0370483,212.0,2019-07-20 10:00:00,31.0,33,12.7,32.0,0.0,0.0,0.0,0.0,0,1014.0,990.2,0,0,0,0,0.53,3.03,5.9,7.8,284,292,20.5,29.8,28.2,25.2,19.7,0.145,0.178,0.199,0.251,1,3600.0,704.0,601.0,103.0,829.4,704.0,959.7,767.6,655.3,112.3,829.4,767.6,1046.5,34.05339138385089,92.14429722802205,403.91890959721877,1062.8448090820314,7.831933858988989,414.2568751846842
39.050964,-7.0370483,212.0,2019-07-20 11:00:00,33.6,26,11.2,34.7,0.0,0.0,0.0,0.0,0,1013.6,990.0,0,0,0,0,0.67,3.86,7.0,9.1,282,288,23.0,32.0,28.3,25.2,19.7,0.145,0.178,0.199,0.251,1,3600.0,843.0,732.0,111.0,868.7,843.0,1116.0,888.5,771.5,117.0,868.7,888.5,1176.2,42.29727305137575,94.12563194917281,409.94954196521877,1072.5968090820313,10.921455997863527,419.2769683453039
39.050964,-7.0370483,212.0,2019-07-20 12:00:00,34.3,23,10.2,35.5,0.0,0.0,0.0,0.0,0,1013.7,990.2,0,0,0,0,0.75,4.17,8.0,9.9,275,280,25.2,34.1,28.5,25.2,19.7,0.143,0.177,0.199,0.251,1,3600.0,934.0,818.0,116.0,890.7,934.0,1216.3,956.7,837.9,118.8,890.7,956.7,1246.0,56.642578125,93.287109375,313.40008544921875,876.9168090820312,17.419677734375,333.7967529296875
39.050964,-7.0370483,212.0,2019-07-20 13:00:00,36.3,18,8.4,36.9,0.0,0.0,0.0,0.0,0,1013.3,989.9,0,0,0,0,0.81,4.93,9.4,12.0,277,279,27.7,35.8,28.8,25.2,19.7,0.143,0.177,0.199,0.251,1,3600.0,967.0,850.0,117.0,897.9,967.0,1253.9,964.7,848.0,116.7,897.9,964.7,1250.8,55.126580571215456,96.33269735099404,320.60264925721873,887.1548090820313,16.66233856295889,336.86347856977767
39.050964,-7.0370483,212.0,2019-07-20 14:00:00,37.0,17,7.5,36.9,0.0,0.0,0.0,0.0,0,1012.8,989.5,0,0,0,0,0.82,5.24,11.6,14.9,275,278,31.3,37.0,29.1,25.2,19.7,0.143,0.177,0.198,0.251,1,3600.0,943.0,828.0,115.0,894.5,943.0,1226.0,915.7,804.1,111.7,894.5,915.7,1190.5,61.3069916512114,96.79459413358916,328.02950054521875,897.5188090820313,19.807988732746583,342.8201232972591
39.050964,-7.0370483,212.0,2019-07-20 15:00:00,37.2,16,6.8,36.2,0.0,0.0,0.0,0.0,0,1012.6,989.3,0,0,0,0,0.78,5.36,13.1,16.8,278,280,33.5,37.7,29.4,25.2,19.7,0.143,0.177,0.198,0.251,1,3600.0,861.0,750.0,111.0,875.5,861.0,1134.6,811.3,706.7,104.6,875.5,811.3,1069.1,65.55241127524953,97.05309592364519,335.58528777721875,907.9188090820313,22.114991640601254,348.8320216808151
39.050964,-7.0370483,212.0,2019-07-20 16:00:00,37.2,15,6.3,35.3,0.0,0.0,0.0,0.0,0,1012.4,989.1,0,0,0,0,0.69,5.39,13.2,17.3,281,282,33.8,38.0,29.8,25.2,19.7,0.143,0.177,0.198,0.251,1,3600.0,730.0,626.0,104.0,840.9,730.0,985.9,662.6,568.2,94.4,840.9,662.6,894.9,66.92831333815595,97.27213236037898,343.23102485721876,918.3188090820313,22.88570519349839,354.87069337966955
39.050964,-7.0370483,212.0,2019-07-20 17:00:00,36.7,16,6.9,34.0,0.0,0.0,0.0,0.0,0,1012.2,988.9,0,0,0,0,0.56,5.16,13.5,18.0,286,286,33.1,37.7,30.1,25.2,19.7,0.142,0.177,0.198,0.251,1,3600.0,560.0,466.0,94.0,781.2,560.0,790.1,481.8,400.9,80.9,781.2,481.8,679.7,67.82708345284554,97.32389073402499,350.68817256921875,928.6288090820312,23.394990793844315,360.7713485519274
39.050964,-7.0370483,212.0,2019-07-20 18:00:00,35.5,20,9.4,33.0,0.0,0.0,0.0,0.0,0,1012.4,989.0,0,0,0,0,0.45,4.6,16.1,22.7,286,288,34.9,37.0,30.4,25.2,19.7,0.142,0.177,0.198,0.251,1,3600.0,366.0,287.0,79.0,678.3,366.0,560.5,286.2,224.4,61.8,678.3,286.2,438.2,73.06904406397356,97.27329699809421,357.56475624921876,938.7228090820313,26.490829789022094,366.30779987851867
39.050964,-7.0370483,212.0,2019-07-20 19:00:00,32.8,32,13.8,31.2,0.0,0.0,0.0,0.0,0,1012.7,989.1,0,0,0,0,0.32,3.4,19.3,30.8,284,286,39.6,35.7,30.6,25.2,19.7,0.142,0.177,0.198,0.251,1,3600.0,173.0,116.0,57.0,491.5,173.0,312.6,103.4,69.3,34.1,491.5,103.4,186.8,65.45010903550272,94.72440490726048,362.97865676121876,948.3308090820312,22.04535822603786,370.97534843216863
39.050964,-7.0370483,212.0,2019-07-20 20:00:00,30.0,40,14.8,28.8,0.0,0.0,0.0,0.0,0,1013.4,989.5,0,0,0,0,0.21,2.57,18.9,31.9,291,294,41.0,34.0,30.7,25.3,19.7,0.142,0.177,0.198,0.251,0,572.13,28.0,12.0,16.0,112.4,28.0,82.9,0.0,0.0,0.0,0.0,0.0,0.0,54.30830007123547,92.67386959801883,367.36106972121877,957.4348090820313,16.24660170504494,375.0050617583301
39.050964,-7.0370483,212.0,2019-07-20 21:00:00,27.7,46,15.1,26.7,0.0,0.0,0.0,0.0,0,1014.5,990.4,0,0,0,0,0.15,1.99,18.3,30.9,292,295,38.9,32.4,30.7,25.3,19.7,0.142,0.177,0.198,0.251,0,0.0,0.0,0.0,0.0,0.0,0.0,0.0,0.0,0.0,0.0,0.0,0.0,0.0,46.55977952676829,91.14879160295419,371.0135502332188,966.1248090820313,12.703494817027451,378.5744477488155
39.050964,-7.0370483,212.0,2019-07-20 22:00:00,25.5,51,14.8,24.6,0.0,0.0,0.0,0.0,0,1015.3,991.0,0,0,0,0,0.12,1.59,17.2,29.2,290,292,36.7,30.9,30.7,25.3,19.7,0.142,0.177,0.198,0.251,0,0.0,0.0,0.0,0.0,0.0,0.0,0.0,0.0,0.0,0.0,0.0,0.0,0.0,40.05476127706278,89.88960385798306,374.0746633372188,974.4188090820313,10.039593598927231,381.75989142753707
39.050964,-7.0370483,212.0,2019-07-20 23:00:00,23.8,54,14.0,22.9,0.0,0.0,0.0,0.0,0,1015.7,991.3,0,0,0,0,0.1,1.35,15.0,26.9,291,295,33.8,29.5,30.5,25.3,19.7,0.142,0.177,0.198,0.251,0,0.0,0.0,0.0,0.0,0.0,0.0,0.0,0.0,0.0,0.0,0.0,0.0,0.0,34.42396860547757,89.04747439951586,376.7647039612188,982.4068090820314,7.963452266534773,384.69327954206034
39.050964,-7.0370483,212.0,2019-07-21 00:00:00,22.3,56,13.2,21.0,0.0,0.0,0.0,0.0,0,1016.3,991.7,0,0,0,0,0.09,1.17,15.8,27.7,291,295,31.0,28.0,30.4,25.3,19.7,0.142,0.177,0.198,0.251,0,0.0,0.0,0.0,0.0,0.0,0.0,0.0,0.0,0.0,0.0,0.0,0.0,0.0,33.31822360423729,88.42347157695633,379.1827813372188,990.1248090820313,7.5806790829527655,387.43285887890494
39.050964,-7.0370483,212.0,2019-07-21 01:00:00,21.2,58,12.7,20.1,0.0,0.0,0.0,0.0,0,1016.5,991.9,0,0,0,0,0.07,1.05,13.6,24.5,292,296,31.0,26.9,30.2,25.3,19.8,0.142,0.177,0.198,0.251,0,0.0,0.0,0.0,0.0,0.0,0.0,0.0,0.0,0.0,0.0,0.0,0.0,0.0,29.39942901948513,87.89684827302202,381.3824426332188,997.6448090820313,6.291759068716393,390.02002522084763
39.050964,-7.0370483,212.0,2019-07-21 02:00:00,20.2,63,12.8,19.3,0.0,0.0,0.0,0.0,0,1016.4,991.7,0,0,0,0,0.05,0.88,11.7,20.9,288,297,26.3,26.0,29.9,25.3,19.8,0.142,0.177,0.198,0.251,0,0.0,0.0,0.0,0.0,0.0,0.0,0.0,0.0,0.0,0.0,0.0,0.0,0.0,25.15673273460333,86.97848661255668,383.2333427692188,1004.9848090820313,5.01460436621196,392.38952012611435
39.050964,-7.0370483,212.0,2019-07-21 03:00:00,19.2,69,13.3,18.6,0.0,0.0,0.0,0.0,0,1016.4,991.6,0,0,0,0,0.04,0.69,11.4,20.0,283,293,22.3,25.1,29.6,25.4,19.8,0.142,0.177,0.198,0.251,0,0.0,0.0,0.0,0.0,0.0,0.0,0.0,0.0,0.0,0.0,0.0,0.0,0.0,22.15989167810128,85.80867310328156,384.7112915772188,1012.1448090820313,4.187272066781543,394.52757707788476
39.050964,-7.0370483,212.0,2019-07-21 04:00:00,18.5,74,13.7,18.3,0.0,0.0,0.0,0.0,0,1016.2,991.3,0,0,0,0,0.02,0.56,9.4,16.5,274,293,22.3,24.4,29.3,25.4,19.8,0.142,0.177,0.198,0.251,0,0.0,0.0,0.0,0.0,0.0,0.0,0.0,0.0,0.0,0.0,0.0,0.0,0.0,18.484735324002617,84.72377955071092,385.9081177532188,1019.1788090820313,3.2583699227744214,396.4913970624317
39.050964,-7.0370483,212.0,2019-07-21 05:00:00,17.8,78,13.9,17.8,0.0,0.0,0.0,0.0,0,1016.4,991.5,0,0,0,0,0.01,0.46,8.7,13.4,265,290,18.0,23.7,29.0,25.4,19.8,0.142,0.177,0.198,0.251,0,0.0,0.0,0.0,0.0,0.0,0.0,0.0,0.0,0.0,0.0,0.0,0.0,0.0,16.301167030339318,83.7283477145399,386.8846490012188,1026.0868090820313,2.7517662540859726,398.3118921744242
39.050964,-7.0370483,212.0,2019-07-21 06:00:00,17.7,78,13.9,17.8,0.0,0.0,0.0,0.0,0,1016.7,991.8,0,0,0,0,0.03,0.44,8.3,12.9,272,288,17.3,23.2,28.7,25.4,19.8,0.142,0.177,0.198,0.251,1,31.95,16.0,6.0,10.0,65.1,16.0,63.7,37.1,13.9,23.2,124.7,19.4,148.0,15.700159890098389,83.50337362819856,387.8560134172188,1032.9768090820314,2.6182981264398286,400.12273800495893
39.050964,-7.0370483,212.0,2019-07-21 07:00:00,19.8,69,14.0,20.2,0.0,0.0,0.0,0.0,0,1017.1,992.3,0,0,0,0,0.09,0.72,6.3,10.4,283,290,18.0,23.5,28.4,25.4,19.8,0.142,0.177,0.198,0.251,1,3600.0,144.0,92.0,52.0,445.6,144.0,273.5,210.3,134.3,75.9,445.6,210.3,399.3,15.087327024119032,83.87131504760221,389.37764544121876,1040.2448090820315,2.4848915878961986,402.29458470945485
39.050964,-7.0370483,212.0,2019-07-21 08:00:00,23.3,56,14.0,23.9,0.0,0.0,0.0,0.0,0,1017.1,992.6,0,0,0,0,0.21,1.26,4.7,6.5,274,276,17.3,24.7,28.1,25.4,19.8,0.142,0.177,0.198,0.251,1,3600.0,333.0,256.0,77.0,648.9,333.0,522.6,410.0,315.2,94.8,648.9,410.0,643.4,17.823274515918158,86.07466810580537,391.89905945721875,1048.1428090820314,3.1010632303524237,405.116735464005
39.050964,-7.0370483,212.0,2019-07-21 09:00:00,26.7,45,13.8,27.2,0.0,0.0,0.0,0.0,0,1016.9,992.7,0,0,0,0,0.37,1.93,5.1,6.5,266,267,18.4,26.6,28.0,25.4,19.8,0.142,0.177,0.198,0.251,1,3600.0,527.0,434.0,93.0,760.3,527.0,756.1,601.9,495.7,106.2,760.3,601.9,863.6,23.836408651319935,88.7624677431897,395.49000769721874,1056.6528090820314,4.641721887402595,408.624384023315
39.050964,-7.0370483,212.0,2019-07-21 10:00:00,29.9,37,13.7,31.3,0.0,0.0,0.0,0.0,0,1016.7,992.7,0,0,0,0,0.52,2.65,5.4,7.2,266,267,20.2,28.8,27.9,25.4,19.8,0.142,0.177,0.198,0.251,1,3600.0,702.0,598.0,104.0,826.9,702.0,958.0,765.7,652.2,113.4,826.9,765.7,1044.9,30.237376881107533,91.06940233947145,400.07674537721874,1065.7388090820314,6.557059125915657,412.77020553510994
39.050964,-7.0370483,212.0,2019-07-21 11:00:00,32.8,30,13.2,34.7,0.0,0.0,0.0,0.0,0,1016.5,992.8,0,0,0,0,0.65,3.45,5.8,7.6,270,270,21.6,31.2,28.0,25.4,19.8,0.142,0.177,0.198,0.251,1,3600.0,840.0,729.0,111.0,866.4,840.0,1114.5,885.5,768.5,117.0,866.4,885.5,1174.9,37.10296744727381,93.10662304083623,405.64987825721875,1075.3468090820313,8.921433018072824,417.5355358538948
39.050964,-7.0370483,212.0,2019-07-21 12:00:00,33.6,28,12.8,36.5,0.0,0.0,0.0,0.0,0,1016.8,993.1,0,0,0,0,0.7,3.73,3.3,4.4,264,261,22.0,33.4,28.1,25.4,19.8,0.142,0.176,0.198,0.251,1,3600.0,928.0,813.0,115.0,886.3,928.0,1215.0,950.7,832.9,117.8,886.3,950.7,1244.7,48.3251953125,95.01708984375,319.7933654785156,886.6668090820312,13.49169921875,339.5885009765625
39.050964,-7.0370483,212.0,2019-07-21 13:00:00,36.1,22,10.9,38.3,0.0,0.0,0.0,0.0,0,1016.1,992.6,0,0,0,0,0.75,4.66,4.0,5.4,260,262,19.1,35.4,28.4,25.4,19.8,0.142,0.176,0.198,0.251,1,3600.0,955.0,838.0,117.0,886.2,955.0,1252.6,952.7,836.0,116.7,886.2,952.7,1249.6,43.423124101172554,95.536044676008,326.60794717451563,896.8688090820312,11.39464257817584,341.92414663191187
39.050964,-7.0370483,212.0,2019-07-21 14:00:00,37.3,18,9.1,38.7,0.0,0.0,0.0,0.0,0,1015.4,992.0,0,0,0,0,0.75,5.23,5.4,6.8,266,267,20.9,37.0,28.7,25.4,19.8,0.141,0.176,0.198,0.251,1,3600.0,930.0,815.0,115.0,881.5,930.0,1224.8,903.1,791.4,111.7,881.5,903.1,1189.3,49.67521026220253,96.5843117757662,334.0030929025156,907.2868090820313,14.08979538530575,347.85920886864415
39.050964,-7.0370483,212.0,2019-07-21 15:00:00,37.9,16,7.9,38.2,0.0,0.0,0.0,0.0,0,1014.7,991.4,0,0,0,0,0.7,5.53,6.5,8.3,270,270,22.0,38.0,29.1,25.4,19.8,0.141,0.176,0.198,0.251,1,3600.0,848.0,737.0,111.0,861.4,848.0,1133.3,799.0,694.4,104.6,861.4,799.0,1067.8,53.897121002945305,97.14614434651065,341.69697546251564,917.8128090820312,16.056334974910374,353.9549472899918
39.050964,-7.0370483,212.0,2019-07-21 16:00:00,38.1,15,7.1,37.1,0.0,0.0,0.0,0.0,0,1014.4,991.1,0,0,0,0,0.63,5.66,8.3,10.8,270,270,24.5,38.5,29.5,25.4,19.8,0.141,0.176,0.198,0.251,1,3600.0,718.0,613.0,105.0,824.8,718.0,984.5,651.5,556.2,95.3,824.8,651.5,893.3,58.242736954945165,97.40795878438651,349.52237738251563,928.3748090820312,18.204692138861606,360.10568852803334
39.050964,-7.0370483,212.0,2019-07-21 17:00:00,37.8,15,6.5,35.5,0.0,0.0,0.0,0.0,0,1014.3,991.0,0,0,0,0,0.52,5.59,10.0,13.2,283,281,25.9,38.3,29.8,25.4,19.8,0.141,0.176,0.198,0.251,1,3600.0,550.0,456.0,94.0,766.2,550.0,788.4,472.9,392.1,80.8,766.2,472.9,677.9,61.63732419920819,97.45976200117332,357.2878910225156,938.8828090820313,19.96995754386833,366.19288720567545
39.050964,-7.0370483,212.0,2019-07-21 18:00:00,36.9,15,6.1,34.3,0.0,0.0,0.0,0.0,0,1014.2,990.8,0,0,0,0,0.4,5.3,11.3,15.3,287,289,25.9,37.6,30.2,25.4,19.8,0.141,0.176,0.198,0.251,1,3600.0,359.0,280.0,79.0,664.2,359.0,558.4,280.3,218.6,61.7,664.2,280.3,436.0,64.4112720051082,97.51158232081004,364.87373982251563,949.2288090820313,21.469223835874395,372.13518547424246
39.050964,-7.0370483,212.0,2019-07-21 19:00:00,35.4,17,6.3,33.0,0.0,0.0,0.0,0.0,0,1014.3,990.8,0,0,0,0,0.25,4.78,10.0,18.3,285,286,26.3,36.4,30.4,25.5,19.8,0.141,0.176,0.198,0.251,1,3600.0,169.0,113.0,56.0,482.5,169.0,310.2,100.4,67.1,33.3,482.5,100.4,184.3,62.16426600461941,97.56341974894318,371.98870234251564,959.3048090820313,20.24677829869521,377.7642275396664
39.050964,-7.0370483,212.0,2019-07-21 20:00:00,32.5,23,8.7,30.0,0.0,0.0,0.0,0.0,0,1014.8,991.1,0,0,0,0,0.21,3.76,14.1,27.3,289,293,25.9,34.8,30.6,25.5,19.8,0.141,0.176,0.198,0.251,0,565.86,26.0,12.0,14.0,113.5,26.0,81.6,0.0,0.0,0.0,0.0,0.0,0.0,64.19402662722081,96.4134323176769,378.06489677451566,968.8588090820313,21.345907769135177,382.74553506065104
39.050964,-7.0370483,212.0,2019-07-21 21:00:00,30.1,42,15.8,29.7,0.0,0.0,0.0,0.0,0,1015.8,991.9,0,0,0,0,0.16,2.48,16.1,29.7,294,299,32.0,33.3,30.7,25.5,19.8,0.141,0.176,0.198,0.251,0,0.0,0.0,0.0,0.0,0.0,0.0,0.0,0.0,0.0,0.0,0.0,0.0,0.0,49.29052124372721,92.57007044881156,382.3148509505157,977.9808090820312,13.904300634864667,386.7026443115506
39.050964,-7.0370483,212.0,2019-07-21 22:00:00,28.4,49,16.6,28.6,0.0,0.0,0.0,0.0,0,1016.3,992.2,0,0,0,0,0.12,1.99,14.7,26.6,292,298,31.7,31.9,30.7,25.5,19.8,0.141,0.176,0.198,0.251,0,0.0,0.0,0.0,0.0,0.0,0.0,0.0,0.0,0.0,0.0,0.0,0.0,0.0,40.092149676610816,90.779644949858,385.8482594705157,986.7968090820312,10.052901695905202,390.23308900059686
39.050964,-7.0370483,212.0,2019-07-21 23:00:00,27.0,52,16.5,27.3,0.0,0.0,0.0,0.0,0,1016.6,992.4,0,0,0,0,0.1,1.7,13.3,25.0,289,295,28.4,30.7,30.6,25.5,19.8,0.141,0.176,0.198,0.251,0,0.0,0.0,0.0,0.0,0.0,0.0,0.0,0.0,0.0,0.0,0.0,0.0,0.0,35.30003576396756,89.90906849072385,389.0159971985157,995.3608090820312,8.271410074749689,393.5272319706664
39.050964,-7.0370483,212.0,2019-07-22 00:00:00,25.9,54,16.0,26.3,0.0,0.0,0.0,0.0,0,1016.9,992.6,0,0,0,0,0.08,1.52,11.7,21.7,288,297,25.9,29.0,30.5,25.5,19.8,0.141,0.176,0.198,0.251,0,0.0,0.0,0.0,0.0,0.0,0.0,0.0,0.0,0.0,0.0,0.0,0.0,0.0,31.702981624783675,89.3433826565136,391.9329087185157,1003.7268090820312,7.0360752586081885,396.6542480479886
39.050964,-7.0370483,212.0,2019-07-22 01:00:00,25.1,56,15.8,25.4,0.0,0.0,0.0,0.0,0,1016.7,992.4,0,0,0,0,0.07,1.39,11.1,20.7,295,305,22.3,28.3,30.4,25.5,19.9,0.141,0.176,0.198,0.251,0,0.0,0.0,0.0,0.0,0.0,0.0,0.0,0.0,0.0,0.0,0.0,0.0,0.0,29.637844283329667,88.8573471752404,394.6403286865157,1011.9488090820312,6.366477445408643,399.64562748490596
39.050964,-7.0370483,212.0,2019-07-22 02:00:00,24.4,57,15.4,24.7,0.0,0.0,0.0,0.0,0,1016.2,991.8,0,0,0,0,0.06,1.3,9.9,18.5,289,303,20.9,27.6,30.2,25.5,19.9,0.141,0.176,0.198,0.251,0,0.0,0.0,0.0,0.0,0.0,0.0,0.0,0.0,0.0,0.0,0.0,0.0,0.0,27.58179379253148,88.54331940939375,397.2155247265157,1020.0448090820312,5.728768369680249,402.54426579981885
39.050964,-7.0370483,212.0,2019-07-22 03:00:00,23.6,59,15.2,24.3,0.0,0.0,0.0,0.0,0,1016.2,991.8,0,0,0,0,0.03,1.18,7.0,11.8,258,293,18.4,27.0,30.0,25.6,19.9,0.141,0.176,0.198,0.251,0,0.0,0.0,0.0,0.0,0.0,0.0,0.0,0.0,0.0,0.0,0.0,0.0,0.0,23.87164939192363,88.11004995898597,399.5939114385157,1027.9968090820312,4.651628527992413,405.3132681465604
39.050964,-7.0370483,212.0,2019-07-22 04:00:00,22.4,63,15.1,23.0,0.0,0.0,0.0,0.0,0,1016.2,991.7,0,0,0,0,0.03,0.99,7.3,9.0,261,286,12.6,26.3,29.7,25.6,19.9,0.141,0.176,0.198,0.251,0,0.0,0.0,0.0,0.0,0.0,0.0,0.0,0.0,0.0,0.0,0.0,0.0,0.0,22.259269548375656,87.31235272649548,401.6359843585157,1035.7328090820313,4.213148827023477,407.86638175677723
39.050964,-7.0370483,212.0,2019-07-22 05:00:00,21.3,68,15.2,21.7,0.0,0.0,0.0,0.0,0,1016.6,992.0,0,0,0,0,0.03,0.8,8.6,10.0,270,285,15.1,25.7,29.5,25.6,19.9,0.141,0.176,0.198,0.251,0,0.0,0.0,0.0,0.0,0.0,0.0,0.0,0.0,0.0,0.0,0.0,0.0,0.0,21.0207994694968,86.28627282315179,403.3194321665157,1043.2708090820313,3.888655938014426,410.1946465654368
39.050964,-7.0370483,212.0,2019-07-22 06:00:00,20.8,71,15.4,21.5,0.0,0.0,0.0,0.0,0,1017.0,992.3,2,0,4,0,0.04,0.71,7.6,10.4,278,290,16.6,25.2,29.2,25.6,19.9,0.141,0.176,0.198,0.251,1,34.8,15.0,6.0,9.0,65.9,15.0,62.3,34.9,14.0,21.0,127.6,18.0,145.0,18.855150935022056,85.57626012101741,404.8110026225157,1050.7188090820314,3.3471815987621243,412.4041151877755
39.050964,-7.0370483,212.0,2019-07-22 07:00:00,23.0,61,15.1,23.6,0.0,0.0,0.0,0.0,0,1017.0,992.5,7,0,11,0,0.11,1.09,7.2,11.4,288,294,18.7,25.5,29.0,25.6,19.9,0.141,0.176,0.198,0.251,1,3600.0,139.0,88.0,51.0,430.7,139.0,270.7,203.7,129.0,74.7,430.7,203.7,396.7,19.19079747833357,85.89305342842395,407.0184141665157,1058.5628090820314,3.4288597377374406,415.0596988110554
39.050964,-7.0370483,212.0,2019-07-22 08:00:00,26.7,46,14.0,27.7,0.0,0.0,0.0,0.0,0,1017.5,993.3,2,0,3,0,0.21,1.91,2.2,2.9,270,277,18.4,26.7,28.8,25.6,19.9,0.141,0.176,0.198,0.251,1,3600.0,316.0,232.0,84.0,590.9,316.0,520.2,389.5,285.9,103.5,590.9,389.5,641.1,20.791596453270582,88.44055729137682,410.5440724385157,1067.0728090820314,3.8295619529679192,418.5282439746283
39.050964,-7.0370483,212.0,2019-07-22 09:00:00,30.3,35,13.2,31.1,0.0,0.0,0.0,0.0,0,1017.2,993.3,1,0,1,0,0.35,2.81,1.5,1.8,256,259,12.6,28.8,28.7,25.6,19.9,0.141,0.176,0.198,0.251,1,3600.0,506.0,409.0,97.0,718.7,506.0,754.0,578.2,467.4,110.8,718.7,578.2,861.6,27.021761341009654,91.29036257482228,415.3374833985157,1076.2308090820313,5.559272713938054,422.7791379156475
39.050964,-7.0370483,212.0,2019-07-22 10:00:00,33.2,31,13.6,35.1,0.0,0.0,0.0,0.0,0,1016.8,993.1,0,0,0,0,0.49,3.52,1.0,1.3,315,326,13.0,31.2,28.7,25.6,19.9,0.141,0.176,0.198,0.251,1,3600.0,681.0,576.0,105.0,798.1,681.0,956.2,743.0,628.4,114.6,798.1,743.0,1043.2,31.04996086416588,92.91540829682046,420.8958203505157,1085.9108090820314,6.819624463304563,427.5240220477136
39.050964,-7.0370483,212.0,2019-07-22 11:00:00,35.7,24,12.1,38.0,0.0,0.0,0.0,0.0,0,1016.2,992.7,0,0,0,0,0.61,4.42,1.1,1.5,252,256,14.0,33.7,28.8,25.6,19.9,0.141,0.176,0.198,0.251,1,3600.0,820.0,709.0,111.0,844.0,820.0,1113.0,864.5,747.5,117.0,844.0,864.5,1173.4,37.22361429487069,94.8505964461274,427.4642729585157,1096.0408090820315,8.965050786552757,432.8710350424832
39.050964,-7.0370483,212.0,2019-07-22 12:00:00,35.9,20,9.5,37.7,0.0,0.0,0.0,0.0,0,1016.0,992.5,0,0,0,0,0.69,4.71,2.6,3.1,236,234,15.5,35.7,29.1,25.6,19.9,0.14,0.176,0.198,0.251,1,3600.0,907.0,791.0,116.0,863.5,907.0,1213.7,929.2,810.4,118.8,863.5,929.2,1243.4,50.677734375,95.96743774414062,326.8402404785156,896.7605590820312,14.557861328125,345.9739990234375
39.050964,-7.0370483,212.0,2019-07-22 13:00:00,38.0,18,9.2,40.0,0.0,0.0,0.0,0.0,0,1015.3,992.0,0,0,0,0,0.73,5.46,2.6,3.4,236,238,17.3,37.6,29.4,25.6,19.9,0.14,0.176,0.198,0.251,1,3600.0,942.0,825.0,117.0,873.5,942.0,1251.4,939.8,823.0,116.7,873.5,939.8,1248.4,45.921677966393425,96.70690997245808,334.37019355051564,907.3045590820312,12.438773771184302,348.0614646988132
39.050964,-7.0370483,212.0,2019-07-22 14:00:00,38.9,16,8.9,40.6,0.0,0.0,0.0,0.0,0,1014.5,991.3,0,0,0,0,0.71,5.8,2.5,3.3,225,229,17.6,39.0,29.8,25.6,19.9,0.14,0.176,0.198,0.251,1,3600.0,907.0,779.0,128.0,843.5,907.0,1223.5,880.7,756.4,124.3,843.5,880.7,1188.0,48.11062560967019,97.29451697807977,342.2613551505156,918.0105590820312,13.387492858913122,354.294327888576
39.050964,-7.0370483,212.0,2019-07-22 15:00:00,39.5,16,8.8,40.8,0.0,0.0,0.0,0.0,0,1013.7,990.5,0,0,0,0,0.64,6.04,1.8,2.3,217,219,16.9,40.0,30.2,25.6,19.9,0.14,0.176,0.198,0.251,1,3600.0,833.0,722.0,111.0,845.1,833.0,1132.0,784.7,680.1,104.6,845.1,784.7,1066.3,47.546256660012894,97.41763428669076,350.27088417451563,928.8245590820312,13.136977445904735,360.58728791328537
39.050964,-7.0370483,212.0,2019-07-22 16:00:00,39.7,16,8.8,40.2,0.0,0.0,0.0,0.0,0,1012.8,989.7,0,0,0,1,0.53,6.11,1.5,2.0,225,225,15.1,40.5,30.6,25.7,19.9,0.14,0.175,0.198,0.251,1,3600.0,709.0,605.0,104.0,815.5,709.0,982.9,643.2,548.8,94.3,815.5,643.2,891.7,47.30430553317732,97.46944069784799,358.3198690065156,939.6745590820312,13.029293874290067,366.88509064584235
39.050964,-7.0370483,212.0,2019-07-22 17:00:00,39.5,16,8.7,38.6,0.0,0.0,0.0,0.0,0,1012.7,989.6,2,0,3,2,0.43,6.06,3.6,4.6,217,219,15.5,40.3,31.0,25.7,19.9,0.14,0.175,0.198,0.251,1,3600.0,541.0,446.0,95.0,751.2,541.0,786.6,464.9,383.2,81.6,751.2,464.9,675.9,50.77860244731908,97.52126421290976,366.3293980305156,950.4885590820312,14.583681856916666,373.1336363686963
39.050964,-7.0370483,212.0,2019-07-22 18:00:00,38.9,16,8.9,38.4,0.0,0.0,0.0,0.0,0,1012.3,989.1,4,0,5,4,0.23,5.82,1.1,1.1,252,252,14.8,39.7,31.3,25.7,19.9,0.14,0.175,0.198,0.251,1,3600.0,346.0,264.0,82.0,628.7,346.0,556.3,269.8,205.8,63.9,628.7,269.8,433.7,47.12074348403261,97.57310483752292,374.2205596305156,961.1945590820312,12.946300001268686,379.2798548127557
39.050964,-7.0370483,212.0,2019-07-22 19:00:00,37.0,19,10.0,36.3,0.0,0.0,0.0,0.0,0,1012.9,989.6,20,0,25,16,0.16,5.05,4.5,8.9,241,249,10.8,38.3,31.6,25.7,19.9,0.14,0.175,0.198,0.251,1,3600.0,154.0,98.0,56.0,421.9,154.0,307.7,90.9,57.8,33.1,421.9,90.9,181.6,52.691291156629966,97.6249625773362,381.4684506465156,971.5585590820313,15.471747624089732,385.0126984832488
39.050964,-7.0370483,212.0,2019-07-22 20:00:00,34.5,23,10.3,33.7,0.0,0.0,0.0,0.0,0,1013.3,989.8,11,0,7,24,0.11,4.2,6.2,12.6,234,246,9.4,36.4,31.8,25.7,19.9,0.14,0.175,0.198,0.251,0,167.68,21.0,8.0,13.0,76.4,21.0,80.3,0.0,0.0,0.0,0.0,0.0,0.0,51.748265184859505,96.7644657337495,387.9063233185156,981.4725590820312,15.028390616781152,390.23362618997606
39.050964,-7.0370483,212.0,2019-07-22 21:00:00,32.5,28,11.6,30.8,0.0,0.0,0.0,0.0,0,1014.1,990.4,9,0,2,25,0.2,3.53,15.1,26.9,273,282,27.7,34.9,31.9,25.7,19.9,0.14,0.175,0.198,0.251,0,0.0,0.0,0.0,0.0,0.0,0.0,0.0,0.0,0.0,0.0,0.0,0.0,0.0,60.81961305441448,95.38466812856473,393.5879596705156,991.0265590820312,19.528019366667035,394.9942489642388
39.050964,-7.0370483,212.0,2019-07-22 22:00:00,30.0,43,16.1,29.5,0.0,0.0,0.0,0.0,1,1014.5,990.6,24,0,5,69,0.17,2.41,17.7,31.6,283,287,36.4,33.5,31.9,25.8,19.9,0.14,0.175,0.198,0.251,0,0.0,0.0,0.0,0.0,0.0,0.0,0.0,0.0,0.0,0.0,0.0,0.0,0.0,50.40853246757425,92.25078771641631,397.7512519825156,1000.1305590820313,14.408853438867949,398.8984196530701
39.050964,-7.0370483,212.0,2019-07-22 23:00:00,28.3,48,16.1,27.9,0.0,0.0,0.0,0.0,0,1014.4,990.4,19,0,12,39,0.14,2.01,16.4,29.0,299,298,35.6,32.3,31.8,25.8,19.9,0.14,0.175,0.198,0.251,0,0.0,0.0,0.0,0.0,0.0,0.0,0.0,0.0,0.0,0.0,0.0,0.0,0.0,42.7359627599962,90.87382157760436,401.3417305105156,1008.9285590820313,11.100149301049028,402.45348883078117
39.050964,-7.0370483,212.0,2019-07-23 00:00:00,26.9,49,15.3,27.0,0.0,0.0,0.0,0.0,0,1014.7,990.6,1,0,1,0,0.09,1.81,11.3,21.6,292,298,32.4,30.7,31.7,25.8,19.9,0.14,0.175,0.198,0.251,0,0.0,0.0,0.0,0.0,0.0,0.0,0.0,0.0,0.0,0.0,0.0,0.0,0.0,34.49822703249688,90.36905989426528,404.6954741905156,1017.4745590820313,7.987515093337383,405.839406251376
39.050964,-7.0370483,212.0,2019-07-23 01:00:00,25.6,53,15.4,26.0,0.0,0.0,0.0,0.0,0,1014.6,990.4,0,0,0,0,0.06,1.54,9.4,16.8,266,285,22.0,29.8,31.5,25.8,20.0,0.14,0.175,0.198,0.251,0,0.0,0.0,0.0,0.0,0.0,0.0,0.0,0.0,0.0,0.0,0.0,0.0,0.0,29.87597268459127,89.53593064631359,407.6426821345156,1025.7865590820313,6.441631277907263,408.97428879808166
39.050964,-7.0370483,212.0,2019-07-23 02:00:00,24.4,58,15.6,24.8,0.0,0.0,0.0,0.0,0,1014.3,990.0,0,0,0,0,0.06,1.28,9.7,15.9,268,288,18.4,28.9,31.3,25.8,20.0,0.14,0.175,0.198,0.251,0,0.0,0.0,0.0,0.0,0.0,0.0,0.0,0.0,0.0,0.0,0.0,0.0,0.0,27.316866685756903,88.51494270128993,410.1579898945156,1033.8825590820313,5.6482740157385685,411.8485102236793
39.050964,-7.0370483,212.0,2019-07-23 03:00:00,23.4,63,15.8,24.3,0.0,0.0,0.0,0.0,0,1014.3,989.9,0,0,0,0,0.03,1.08,7.1,9.0,221,233,17.6,28.1,31.1,25.8,20.0,0.14,0.175,0.198,0.251,0,0.0,0.0,0.0,0.0,0.0,0.0,0.0,0.0,0.0,0.0,0.0,0.0,0.0,22.549867438193285,87.51048698786906,412.2869595345156,1041.7985590820313,4.290599694767543,414.49134201387693
39.050964,-7.0370483,212.0,2019-07-23 04:00:00,22.7,67,16.2,23.6,0.0,0.0,0.0,0.0,0,1013.9,989.4,0,0,0,0,0.03,0.91,8.4,7.7,263,259,15.5,27.3,30.9,25.9,20.0,0.14,0.175,0.198,0.251,0,0.0,0.0,0.0,0.0,0.0,0.0,0.0,0.0,0.0,0.0,0.0,0.0,0.0,21.633774382642322,86.64100680114778,414.13151855851555,1049.5885590820312,4.047680099809179,416.96396520673085
39.050964,-7.0370483,212.0,2019-07-23 05:00:00,22.4,68,16.3,23.4,0.0,0.0,0.0,0.0,0,1014.1,989.6,1,0,1,0,0.03,0.85,8.0,14.3,260,252,15.5,26.7,30.6,25.9,20.0,0.14,0.175,0.198,0.251,0,0.0,0.0,0.0,0.0,0.0,0.0,0.0,0.0,0.0,0.0,0.0,0.0,0.0,20.594193695354562,86.29809700477064,415.89763567851554,1057.3245590820313,3.779143827893536,419.38425299340435
39.050964,-7.0370483,212.0,2019-07-23 06:00:00,22.2,70,16.5,23.5,0.0,0.0,0.0,0.0,0,1014.5,990.0,9,0,15,0,0.04,0.8,6.5,10.9,270,264,14.8,26.3,30.3,25.9,20.0,0.14,0.175,0.198,0.251,1,0.0,14.0,5.0,9.0,55.6,14.0,60.8,32.7,11.7,21.0,109.0,16.7,141.9,18.732620194003182,85.90878239203474,417.53927911851554,1065.0245590820314,3.317327147830532,421.7320226573389
39.050964,-7.0370483,212.0,2019-07-23 07:00:00,23.4,65,16.4,24.5,0.0,0.0,0.0,0.0,0,1014.8,990.4,11,0,17,3,0.1,1.01,7.6,11.3,262,263,19.4,26.4,30.0,25.9,20.0,0.14,0.175,0.198,0.251,1,3600.0,123.0,74.0,49.0,366.2,123.0,267.8,181.0,108.9,72.1,366.2,181.0,394.0,19.602814670356064,85.95678915176394,419.55316931851553,1072.9405590820313,3.53008139216185,424.31014247111034
39.050964,-7.0370483,212.0,2019-07-23 08:00:00,25.3,56,15.8,26.2,0.0,0.0,0.0,0.0,0,1015.1,990.8,18,0,30,1,0.21,1.43,7.3,10.0,259,257,20.9,27.3,29.8,25.9,20.0,0.14,0.175,0.198,0.251,1,3600.0,279.0,192.0,87.0,491.5,279.0,517.7,344.3,236.9,107.4,491.5,344.3,638.8,21.474878490612202,86.95831360006905,422.28125661451554,1081.1985590820314,4.005902610976166,427.319502854861
39.050964,-7.0370483,212.0,2019-07-23 09:00:00,27.4,47,15.0,27.9,0.0,0.0,0.0,0.0,0,1015.2,991.1,13,0,21,0,0.33,1.94,7.9,10.5,246,243,23.0,28.6,29.7,25.9,20.0,0.14,0.175,0.198,0.251,1,3600.0,431.0,317.0,114.0,558.7,431.0,751.8,492.8,362.5,130.3,558.7,492.8,859.6,26.388855312082825,88.79625389872281,425.8287564945155,1089.8345590820313,5.371072860860943,430.82204382564885
39.050964,-7.0370483,212.0,2019-07-23 10:00:00,29.6,39,14.0,30.2,0.0,0.0,0.0,0.0,0,1015.1,991.2,11,0,19,0,0.48,2.54,7.9,10.3,246,245,24.8,30.2,29.6,25.9,20.0,0.14,0.175,0.198,0.251,1,3600.0,625.0,485.0,140.0,673.4,625.0,954.4,682.1,529.3,152.8,673.4,682.1,1041.5,31.835556635186947,90.722138887675,430.2269048065155,1098.8665590820312,7.078077353895299,434.83683331457144
39.050964,-7.0370483,212.0,2019-07-23 11:00:00,31.5,33,13.3,32.5,0.0,0.0,0.0,0.0,0,1014.9,991.1,4,0,7,0,0.59,3.1,7.9,10.4,240,236,25.2,32.0,29.6,25.9,20.0,0.14,0.175,0.198,0.251,1,3600.0,741.0,597.0,144.0,711.8,741.0,1111.4,781.4,629.5,151.8,711.8,781.4,1171.9,36.97604706987809,92.31518631744005,435.3566295585155,1108.2405590820313,8.873806204296923,439.29055511705013
39.050964,-7.0370483,212.0,2019-07-23 12:00:00,33.1,33,14.6,35.2,0.0,0.0,0.0,0.0,0,1014.5,990.8,1,0,2,0,0.72,3.4,9.4,12.3,184,187,26.6,34.9,29.9,25.9,20.0,0.14,0.175,0.198,0.251,1,3600.0,890.0,756.0,134.0,826.3,890.0,1212.3,911.9,774.6,137.3,826.3,911.9,1242.1,47.3720703125,95.19918823242188,332.8331298828125,906.3699340820312,13.06884765625,351.5572509765625
39.050964,-7.0370483,212.0,2019-07-23 13:00:00,35.0,29,14.5,36.9,0.0,0.0,0.0,0.0,0,1014.0,990.5,13,0,22,0,0.78,3.97,11.4,14.9,198,200,31.3,36.3,30.1,25.9,20.0,0.139,0.175,0.198,0.251,1,3600.0,923.0,797.0,126.0,844.8,923.0,1250.1,920.8,795.1,125.7,844.8,920.8,1247.1,53.59409630178746,95.25026222284808,338.8527240188125,916.3739340820313,15.911874392777985,352.1574055738452
39.050964,-7.0370483,212.0,2019-07-23 14:00:00,35.7,27,14.0,36.8,0.0,0.0,0.0,0.0,0,1013.4,990.0,15,0,25,0,0.7,4.25,10.9,14.2,214,216,32.4,37.1,30.4,26.0,20.0,0.139,0.175,0.198,0.251,1,3600.0,801.0,682.0,119.0,739.4,801.0,1222.2,777.7,662.2,115.5,739.4,777.7,1186.6,52.99619225227486,95.30135307536985,345.16189560281254,926.5039340820313,15.624594567814844,357.42964587195826
39.050964,-7.0370483,212.0,2019-07-23 15:00:00,36.2,26,13.5,36.8,0.0,0.0,0.0,0.0,0,1012.6,989.2,10,0,15,3,0.66,4.45,10.6,14.2,242,243,30.6,37.7,30.7,26.0,20.0,0.139,0.175,0.198,0.251,1,3600.0,738.0,566.0,172.0,663.4,738.0,1130.5,695.1,533.1,162.0,663.4,695.1,1064.8,52.73306175649745,95.35246079555421,351.64439091481256,936.7239340820313,15.497874132366935,362.8013925641004
39.050964,-7.0370483,212.0,2019-07-23 16:00:00,36.0,26,13.6,35.8,0.0,0.0,0.0,0.0,0,1012.2,988.8,9,0,14,1,0.6,4.39,12.2,16.2,272,271,31.3,37.8,30.9,26.0,20.0,0.139,0.175,0.198,0.251,1,3600.0,633.0,499.0,134.0,673.8,633.0,981.3,574.0,452.5,121.5,673.8,574.0,889.9,55.67775547706704,95.40358538897004,358.0921275388126,946.9079340820313,16.916652315482605,368.1377075359757
39.050964,-7.0370483,212.0,2019-07-23 17:00:00,35.3,27,13.2,34.1,0.0,0.0,0.0,0.0,1,1012.5,989.1,20,0,18,32,0.51,4.19,14.6,19.8,280,280,34.6,37.5,31.2,26.0,20.0,0.139,0.175,0.198,0.251,1,3600.0,492.0,389.0,103.0,656.9,492.0,784.7,422.5,334.0,88.5,656.9,422.5,673.8,60.22991380176412,95.45472686118806,364.3327211708126,956.9659340820313,19.224857364561917,373.33164713025155
39.050964,-7.0370483,212.0,2019-07-23 18:00:00,34.5,26,12.2,33.1,0.0,0.0,0.0,0.0,0,1012.4,988.9,9,0,6,18,0.38,4.05,14.2,20.0,286,288,34.6,36.7,31.4,26.0,20.0,0.139,0.175,0.197,0.251,1,3600.0,300.0,211.0,89.0,504.6,300.0,554.1,233.5,164.3,69.3,504.6,233.5,431.3,59.74978819601712,95.5058852177808,370.5197676348126,966.8799340820312,18.972976904637452,378.4619010419191
39.050964,-7.0370483,212.0,2019-07-23 19:00:00,33.5,27,12.0,32.1,0.0,0.0,0.0,0.0,0,1012.6,989.0,14,0,5,36,0.27,3.78,13.8,21.4,298,299,31.7,35.6,31.5,26.0,20.0,0.139,0.175,0.197,0.251,1,3600.0,157.0,101.0,56.0,438.6,157.0,305.1,92.0,59.2,32.8,438.6,92.0,178.8,59.05976160676049,95.51391537718509,376.4517604828126,976.6139340820313,18.614726005981762,383.4173510417235
39.050964,-7.0370483,212.0,2019-07-23 20:00:00,30.8,37,14.3,29.9,0.0,0.0,0.0,0.0,0,1013.2,989.4,3,0,2,6,0.19,2.8,15.3,26.6,297,300,31.0,34.2,31.6,26.0,20.0,0.139,0.175,0.197,0.251,0,264.96,22.0,9.0,13.0,86.8,22.0,79.0,0.0,0.0,0.0,0.0,0.0,0.0,51.77027885072116,93.41799464830316,381.17166151481257,985.8619340820313,15.03915368476504,387.64633671932086
39.050964,-7.0370483,212.0,2019-07-23 21:00:00,29.1,40,14.3,28.2,0.0,0.0,0.0,0.0,0,1014.1,990.1,2,0,0,5,0.15,2.4,15.6,27.4,289,293,31.0,32.8,31.6,26.0,20.0,0.139,0.175,0.197,0.251,0,0.0,0.0,0.0,0.0,0.0,0.0,0.0,0.0,0.0,0.0,0.0,0.0,0.0,47.857154023736754,92.41528053918151,385.42725223481256,994.8039340820313,13.26612401666509,391.5747714573454
39.050964,-7.0370483,212.0,2019-07-23 22:00:00,27.4,43,13.9,26.4,0.0,0.0,0.0,0.0,0,1014.5,990.4,1,0,0,3,0.14,2.06,15.3,27.1,289,292,30.6,31.6,31.5,26.1,20.0,0.139,0.175,0.197,0.251,0,0.0,0.0,0.0,0.0,0.0,0.0,0.0,0.0,0.0,0.0,0.0,0.0,0.0,43.92484285200297,91.56564937876547,389.24248795481253,1003.4399340820313,11.587835367668841,395.216125533911
39.050964,-7.0370483,212.0,2019-07-23 23:00:00,26.0,47,13.8,25.1,0.0,0.0,0.0,0.0,0,1014.6,990.4,0,0,0,0,0.11,1.77,14.1,24.3,289,291,30.2,30.5,31.4,26.1,20.0,0.139,0.175,0.197,0.251,0,0.0,0.0,0.0,0.0,0.0,0.0,0.0,0.0,0.0,0.0,0.0,0.0,0.0,38.817303914299174,90.6414989088215,392.6157246828125,1011.8239340820313,9.563053034126565,398.580627961542
