latitude,longitude,elevation,hourly.time,hourly.temperature_2m,hourly.relative_humidity_2m,hourly.dew_point_2m,hourly.apparent_temperature,hourly.precipitation,hourly.rain,hourly.snowfall,hourly.snow_depth,hourly.weather_code,hourly.pressure_msl,hourly.surface_pressure,hourly.cloud_cover,hourly.cloud_cover_low,hourly.cloud_cover_mid,hourly.cloud_cover_high,hourly.et0_fao_evapotranspiration,hourly.vapour_pressure_deficit,hourly.wind_speed_10m,hourly.wind_speed_100m,hourly.wind_direction_10m,hourly.wind_direction_100m,hourly.wind_gusts_10m,hourly.soil_temperature_0_to_7cm,hourly.soil_temperature_7_to_28cm,hourly.soil_temperature_28_to_100cm,hourly.soil_temperature_100_to_255cm,hourly.soil_moisture_0_to_7cm,hourly.soil_moisture_7_to_28cm,hourly.soil_moisture_28_to_100cm,hourly.soil_moisture_100_to_255cm,hourly.is_day,hourly.sunshine_duration,hourly.shortwave_radiation,hourly.direct_radiation,hourly.diffuse_radiation,hourly.direct_normal_irradiance,hourly.global_tilted_irradiance,hourly.terrestrial_radiation,hourly.shortwave_radiation_instant,hourly.direct_radiation_instant,hourly.diffuse_radiation_instant,hourly.direct_normal_irradiance_instant,hourly.global_tilted_irradiance_instant,hourly.terrestrial_radiation_instant,fwix,ffmc,dmc,dc,isi,bui
40.808434,-8.4375,361.0,2019-04-22 00:00:00,11.6,83,8.9,10.2,0.0,0.0,0.0,0.0,0,1007.5,965.0,2,0,3,0,0.0,0.23,7.9,10.9,114,153,9.4,15.0,15.5,12.7,11.7,0.366,0.381,0.406,0.396,0,0.0,0.0,0.0,0.0,0.0,0.0,0.0,0.0,0.0,0.0,0.0,0.0,0.0,,,,,,
40.808434,-8.4375,361.0,2019-04-22 01:00:00,11.2,84,8.6,9.8,0.0,0.0,0.0,0.0,0,1006.7,964.1,1,0,1,0,0.0,0.21,7.4,11.6,119,158,14.4,14.1,15.3,12.8,11.7,0.367,0.381,0.406,0.396,0,0.0,0.0,0.0,0.0,0.0,0.0,0.0,0.0,0.0,0.0,0.0,0.0,0.0,,,,,,
40.808434,-8.4375,361.0,2019-04-22 02:00:00,10.9,85,8.4,9.3,0.0,0.0,0.0,0.0,0,1005.9,963.3,3,3,0,0,0.0,0.2,8.2,14.6,142,164,14.0,13.3,15.2,12.8,11.7,0.367,0.381,0.406,0.396,0,0.0,0.0,0.0,0.0,0.0,0.0,0.0,0.0,0.0,0.0,0.0,0.0,0.0,,,,,,
40.808434,-8.4375,361.0,2019-04-22 03:00:00,10.5,86,8.2,8.7,0.0,0.0,0.0,0.0,0,1005.3,962.7,0,0,0,0,0.0,0.18,8.8,15.0,145,163,15.5,12.7,15.0,12.8,11.7,0.367,0.381,0.405,0.396,0,0.0,0.0,0.0,0.0,0.0,0.0,0.0,0.0,0.0,0.0,0.0,0.0,0.0,,,,,,
40.808434,-8.4375,361.0,2019-04-22 04:00:00,10.2,86,8.0,8.5,0.0,0.0,0.0,0.0,0,1004.9,962.3,0,0,0,0,0.0,0.18,8.0,16.9,144,164,15.1,12.2,14.7,12.8,11.7,0.368,0.381,0.405,0.396,0,0.0,0.0,0.0,0.0,0.0,0.0,0.0,0.0,0.0,0.0,0.0,0.0,0.0,,,,,,
40.808434,-8.4375,361.0,2019-04-22 05:00:00,9.7,89,7.9,8.0,0.0,0.0,0.0,0.0,0,1004.7,962.0,1,1,0,0,0.0,0.13,7.8,17.8,167,173,15.1,11.8,14.5,12.8,11.7,0.368,0.38,0.405,0.396,0,0.0,0.0,0.0,0.0,0.0,0.0,0.0,0.0,0.0,0.0,0.0,0.0,0.0,,,,,,
40.808434,-8.4375,361.0,2019-04-22 06:00:00,9.7,91,8.4,8.4,0.0,0.0,0.0,0.0,0,1004.6,961.9,13,14,0,0,0.02,0.11,6.5,18.2,161,171,14.8,11.5,14.3,12.8,11.7,0.368,0.38,0.405,0.396,1,0.0,1.0,0.0,1.0,0.0,1.0,12.4,3.6,0.0,3.6,0.0,0.6,44.7,,,,,,
40.808434,-8.4375,361.0,2019-04-22 07:00:00,11.8,90,10.1,10.4,0.0,0.0,0.0,0.0,3,1004.7,962.3,83,66,0,79,0.03,0.14,10.1,16.6,163,162,19.8,11.9,14.1,12.8,11.7,0.369,0.38,0.405,0.396,1,2861.36,77.0,36.0,41.0,240.7,77.0,175.7,134.4,62.8,71.5,277.5,116.5,306.6,,,,,,
40.808434,-8.4375,361.0,2019-04-22 08:00:00,12.2,90,10.7,10.9,0.0,0.0,0.0,0.0,2,1004.4,962.1,74,62,0,59,0.08,0.14,10.6,13.9,170,170,23.4,12.7,13.9,12.8,11.7,0.369,0.38,0.405,0.396,1,3600.0,189.0,66.0,123.0,205.5,189.0,435.0,243.4,85.0,158.4,205.5,243.4,560.4,,,,,,
40.808434,-8.4375,361.0,2019-04-22 09:00:00,13.4,83,10.5,12.2,0.0,0.0,0.0,0.0,2,1004.0,961.9,67,52,0,67,0.17,0.27,9.8,12.3,197,195,24.5,13.8,13.8,12.8,11.7,0.368,0.38,0.405,0.396,1,3600.0,372.0,185.0,187.0,370.0,372.0,677.4,433.1,215.4,217.7,370.0,433.1,788.5,,,,,,
40.808434,-8.4375,361.0,2019-04-22 10:00:00,14.8,73,10.0,13.5,0.0,0.0,0.0,0.0,2,1003.8,961.9,72,48,0,96,0.29,0.45,10.7,13.2,222,223,26.6,15.2,13.9,12.8,11.7,0.366,0.379,0.405,0.396,1,3600.0,589.0,396.0,193.0,605.4,589.0,886.2,648.5,436.0,212.5,605.4,648.5,975.6,,,,,,
40.808434,-8.4375,361.0,2019-04-22 11:00:00,15.7,67,9.7,14.5,0.0,0.0,0.0,0.0,2,1002.9,961.1,77,54,0,95,0.35,0.58,12.0,15.3,229,229,28.8,16.3,14.0,12.8,11.7,0.364,0.379,0.404,0.396,1,3600.0,670.0,379.0,291.0,490.3,670.0,1047.3,709.4,401.3,308.1,490.3,709.4,1108.9,,,,,,
40.808434,-8.4375,361.0,2019-04-22 12:00:00,15.5,71,10.4,13.9,0.0,0.0,0.0,0.0,3,1002.7,960.9,82,55,5,99,0.32,0.51,14.7,18.4,242,242,33.8,17.1,14.0,12.8,11.7,0.362,0.378,0.404,0.396,1,3600.0,618.0,306.0,312.0,360.5,618.0,1149.7,633.9,313.9,320.0,360.5,633.9,1179.3,,,,,,
40.808434,-8.4375,361.0,2019-04-22 13:00:00,14.3,79,10.8,12.7,0.3,0.3,0.0,0.0,51,1002.4,960.5,75,32,27,100,0.28,0.34,14.8,19.2,247,247,34.9,17.3,14.2,12.8,11.7,0.363,0.378,0.404,0.396,1,3600.0,594.0,233.0,361.0,266.0,594.0,1186.5,591.8,232.1,359.7,266.0,591.8,1182.1,,,,,,
40.808434,-8.4375,361.0,2019-04-22 14:00:00,14.1,83,11.2,12.5,0.2,0.2,0.0,0.0,51,1001.8,959.9,100,31,82,99,0.27,0.28,15.5,20.0,242,242,34.6,17.4,14.4,12.8,11.7,0.364,0.378,0.404,0.396,1,3600.0,587.0,262.0,325.0,307.2,587.0,1155.2,567.6,253.4,314.3,307.2,567.6,1117.1,,,,,,
40.808434,-8.4375,361.0,2019-04-22 15:00:00,13.0,87,11.0,11.1,0.1,0.1,0.0,0.0,51,1001.1,959.0,100,81,98,100,0.13,0.19,15.1,20.3,237,237,35.3,16.7,14.5,12.8,11.7,0.364,0.377,0.404,0.396,1,351.02,268.0,56.0,212.0,71.7,268.0,1057.9,250.5,52.3,198.1,71.7,250.5,988.7,,,,,,
40.808434,-8.4375,361.0,2019-04-22 16:00:00,12.8,89,11.1,11.1,0.3,0.3,0.0,0.0,51,1000.3,958.2,100,50,100,100,0.13,0.16,13.8,18.4,223,222,33.5,16.2,14.6,12.9,11.7,0.366,0.377,0.404,0.396,1,0.0,264.0,23.0,241.0,34.6,264.0,901.4,236.0,20.6,215.4,34.6,236.0,805.8,,,,,,
40.808434,-8.4375,361.0,2019-04-22 17:00:00,11.5,92,10.3,9.3,0.6,0.6,0.0,0.0,53,999.9,957.7,100,37,100,94,0.05,0.1,16.1,23.6,200,201,32.8,15.3,14.7,12.9,11.7,0.372,0.377,0.404,0.396,1,0.0,78.0,3.0,75.0,5.8,78.0,696.2,65.1,2.5,62.6,5.8,65.1,580.7,,,,,,
40.808434,-8.4375,361.0,2019-04-22 18:00:00,11.3,94,10.3,8.9,0.1,0.1,0.0,0.0,51,998.7,956.5,100,21,98,91,0.04,0.09,17.3,25.9,181,182,37.1,14.7,14.7,12.9,11.7,0.373,0.377,0.404,0.396,1,0.0,62.0,4.0,58.0,11.9,62.0,456.5,44.7,2.9,41.8,11.9,44.7,329.0,,,,,,
40.808434,-8.4375,361.0,2019-04-22 19:00:00,10.7,95,9.9,8.1,1.0,1.0,0.0,0.0,55,997.9,955.6,100,100,100,78,0.02,0.06,18.1,29.0,185,187,37.4,14.0,14.6,12.9,11.7,0.384,0.377,0.404,0.396,1,0.0,22.0,1.0,21.0,6.3,22.0,198.5,7.5,0.3,7.2,3.9,7.0,67.7,,,,,,
40.808434,-8.4375,361.0,2019-04-22 20:00:00,9.1,98,8.7,6.1,4.0,4.0,0.0,0.0,63,998.3,955.8,100,100,100,11,0.01,0.03,18.4,31.7,276,282,47.9,13.4,14.5,12.9,11.7,0.428,0.381,0.403,0.396,0,0.0,0.0,0.0,0.0,0.0,0.0,24.0,0.0,0.0,0.0,0.0,0.0,0.0,,,,,,
40.808434,-8.4375,361.0,2019-04-22 21:00:00,8.4,97,8.0,6.6,2.3,2.3,0.0,0.0,61,999.4,956.7,100,91,98,33,0.0,0.03,8.4,14.2,280,286,37.1,12.9,14.4,12.9,11.7,0.429,0.391,0.403,0.396,0,0.0,0.0,0.0,0.0,0.0,0.0,0.0,0.0,0.0,0.0,0.0,0.0,0.0,,,,,,
40.808434,-8.4375,361.0,2019-04-22 22:00:00,7.8,96,7.2,5.4,2.0,2.0,0.0,0.0,61,999.0,956.3,78,21,99,0,0.0,0.05,11.8,18.7,243,251,30.2,12.4,14.2,12.9,11.7,0.428,0.4,0.403,0.396,0,0.0,0.0,0.0,0.0,0.0,0.0,0.0,0.0,0.0,0.0,0.0,0.0,0.0,,,,,,
40.808434,-8.4375,361.0,2019-04-22 23:00:00,7.2,96,6.6,4.1,1.6,1.6,0.0,0.0,61,998.9,956.1,78,54,49,0,0.0,0.04,15.7,26.2,250,257,33.1,11.9,14.0,12.9,11.7,0.429,0.407,0.403,0.396,0,0.0,0.0,0.0,0.0,0.0,0.0,0.0,0.0,0.0,0.0,0.0,0.0,0.0,,,,,,
40.808434,-8.4375,361.0,2019-04-23 00:00:00,8.0,95,7.2,5.9,0.8,0.8,0.0,0.0,53,998.5,955.8,85,73,32,0,0.0,0.06,9.4,16.1,223,241,31.3,11.6,13.9,12.9,11.7,0.426,0.404,0.403,0.396,0,0.0,0.0,0.0,0.0,0.0,0.0,0.0,0.0,0.0,0.0,0.0,0.0,0.0,,,,,,
40.808434,-8.4375,361.0,2019-04-23 01:00:00,7.2,94,6.3,4.9,0.9,0.9,0.0,0.0,53,998.3,955.5,100,100,18,0,0.0,0.06,9.4,16.6,203,229,30.2,11.3,13.7,12.9,11.7,0.424,0.408,0.403,0.397,0,0.0,0.0,0.0,0.0,0.0,0.0,0.0,0.0,0.0,0.0,0.0,0.0,0.0,,,,,,
40.808434,-8.4375,361.0,2019-04-23 02:00:00,7.0,93,5.9,4.5,0.4,0.4,0.0,0.0,51,997.6,954.8,88,93,7,0,0.0,0.07,10.2,16.8,170,208,28.8,11.0,13.5,12.9,11.7,0.422,0.41,0.403,0.397,0,0.0,0.0,0.0,0.0,0.0,0.0,0.0,0.0,0.0,0.0,0.0,0.0,0.0,,,,,,
40.808434,-8.4375,361.0,2019-04-23 03:00:00,6.6,94,5.6,3.9,0.6,0.6,0.0,0.0,53,997.5,954.7,98,99,15,0,0.0,0.06,11.1,17.3,155,192,29.5,10.7,13.3,12.9,11.7,0.423,0.412,0.403,0.397,0,0.0,0.0,0.0,0.0,0.0,0.0,0.0,0.0,0.0,0.0,0.0,0.0,0.0,,,,,,
40.808434,-8.4375,361.0,2019-04-23 04:00:00,6.4,94,5.5,3.2,0.9,0.9,0.0,0.0,53,997.6,954.7,100,98,40,3,0.0,0.05,14.4,23.2,193,206,32.8,10.5,13.1,12.9,11.7,0.427,0.414,0.403,0.397,0,0.0,0.0,0.0,0.0,0.0,0.0,0.0,0.0,0.0,0.0,0.0,0.0,0.0,,,,,,
40.808434,-8.4375,361.0,2019-04-23 05:00:00,6.2,96,5.5,3.2,0.9,0.9,0.0,0.0,53,997.2,954.3,100,100,34,33,0.0,0.04,12.7,20.3,172,192,33.5,10.3,12.9,12.9,11.7,0.428,0.417,0.403,0.397,0,0.0,0.0,0.0,0.0,0.0,0.0,0.0,0.0,0.0,0.0,0.0,0.0,0.0,,,,,,
40.808434,-8.4375,361.0,2019-04-23 06:00:00,6.4,95,5.6,3.5,0.2,0.2,0.0,0.0,51,997.4,954.5,100,100,20,36,0.01,0.05,12.2,17.8,156,187,29.2,10.1,12.7,12.9,11.7,0.424,0.418,0.403,0.397,1,0.0,1.0,0.0,1.0,0.0,1.0,15.5,3.3,0.0,3.3,0.0,0.7,50.8,,,,,,
40.808434,-8.4375,361.0,2019-04-23 07:00:00,6.6,94,5.7,4.0,0.7,0.7,0.0,0.0,53,998.2,955.3,100,98,26,63,0.02,0.06,11.0,17.3,238,249,29.9,10.1,12.5,12.9,11.7,0.429,0.419,0.404,0.397,1,0.0,27.0,4.0,23.0,26.4,27.0,181.6,46.4,6.9,39.5,29.8,41.1,312.3,,,,,,
40.808434,-8.4375,361.0,2019-04-23 08:00:00,7.1,91,5.8,4.8,0.9,0.9,0.0,0.0,53,998.4,955.6,100,98,79,66,0.04,0.09,8.6,12.7,270,278,31.0,10.2,12.3,12.9,11.7,0.428,0.422,0.404,0.397,1,967.04,86.0,30.0,56.0,92.2,86.0,440.4,110.4,38.5,71.9,92.2,110.4,565.5,,,,,,
40.808434,-8.4375,361.0,2019-04-23 09:00:00,7.4,90,5.8,4.8,1.5,1.5,0.0,0.0,61,999.1,956.3,100,72,59,73,0.06,0.11,10.8,15.3,300,304,34.6,10.4,12.2,12.9,11.7,0.427,0.425,0.404,0.397,1,581.76,135.0,40.0,95.0,79.4,135.0,682.2,156.9,46.5,110.4,79.4,156.9,793.1,,,,,,
40.808434,-8.4375,361.0,2019-04-23 10:00:00,9.0,95,8.3,6.4,0.5,0.5,0.0,0.0,53,999.5,956.9,100,100,28,51,0.12,0.05,14.8,20.4,274,279,39.6,11.1,12.1,12.9,11.7,0.427,0.425,0.405,0.397,1,2898.36,325.0,103.0,222.0,156.6,325.0,890.5,357.6,113.3,244.2,156.6,357.6,979.7,,,,,,
40.808434,-8.4375,361.0,2019-04-23 11:00:00,8.7,90,7.2,5.8,1.3,1.3,0.0,0.0,61,1000.4,957.7,100,69,51,55,0.12,0.11,15.0,21.3,291,292,43.2,11.4,12.1,12.9,11.7,0.428,0.426,0.405,0.397,1,0.0,294.0,30.0,264.0,38.6,294.0,1051.1,311.2,31.8,279.4,38.6,311.2,1112.5,,,,,,
40.808434,-8.4375,361.0,2019-04-23 12:00:00,9.5,89,7.7,7.6,0.8,0.8,0.0,0.0,53,1000.8,958.3,100,100,27,72,0.22,0.14,9.5,13.0,261,265,40.3,12.8,12.2,12.9,11.7,0.424,0.42,0.405,0.397,1,3600.0,517.0,211.0,306.0,247.7,517.0,1153.1,530.2,216.4,313.8,247.7,530.2,1182.6,0.884033203125,59.22864532470703,8.529296875,281.5812683105469,1.000390648841858,15.8544921875
40.808434,-8.4375,361.0,2019-04-23 13:00:00,10.1,93,9.0,7.8,0.6,0.6,0.0,0.0,53,1000.7,958.2,100,100,29,70,0.18,0.09,14.5,20.5,256,255,36.4,13.2,12.3,12.9,11.7,0.425,0.42,0.405,0.397,1,1375.16,460.0,93.0,367.0,105.8,460.0,1189.7,458.3,92.6,365.6,105.8,458.3,1185.2,6.638612302548312e-05,18.194604205991723,3.6484453671871204,217.66373759731195,0.00013216577699480403,7.003415364706531
40.808434,-8.4375,361.0,2019-04-23 14:00:00,8.3,85,5.9,6.0,3.8,3.8,0.0,0.0,63,1001.6,958.8,81,34,45,77,0.13,0.17,8.7,11.9,265,268,39.2,12.8,12.4,12.9,11.7,0.428,0.426,0.405,0.397,1,0.0,282.0,8.0,274.0,9.4,282.0,1158.2,272.7,7.7,265.0,9.4,272.7,1120.0,1.4130711422166673e-05,16.115713299875864,1.461953573903429,154.15374946079984,4.0802380667749316e-05,2.856188791521125
40.808434,-8.4375,361.0,2019-04-23 15:00:00,9.1,83,6.5,6.6,0.3,0.3,0.0,0.0,51,1001.5,958.9,87,64,22,54,0.15,0.19,11.0,14.6,251,254,32.8,12.8,12.4,12.9,11.7,0.427,0.425,0.406,0.397,1,3600.0,353.0,153.0,200.0,195.2,353.0,1060.9,330.0,143.0,187.0,195.2,330.0,991.7,4.2285731153469325e-05,19.19506721399792,0.4304646059489036,99.60776230326894,0.00016584082825847675,0.8517271580868413
40.808434,-8.4375,361.0,2019-04-23 16:00:00,9.4,82,6.5,6.9,0.2,0.2,0.0,0.0,51,1001.6,959.0,94,84,15,31,0.18,0.21,11.6,15.4,234,237,38.9,13.0,12.5,12.8,11.7,0.425,0.425,0.406,0.397,1,3600.0,422.0,208.0,214.0,311.3,422.0,904.4,377.4,186.0,191.4,311.3,377.4,808.9,7.762861729618309e-05,20.66422065282289,0.45819648,51.776644289132534,0.00030169609896791915,0.8965577802265475
40.808434,-8.4375,361.0,2019-04-23 17:00:00,7.9,86,5.7,4.9,2.2,2.2,0.0,0.0,61,1002.4,959.5,100,65,64,53,0.11,0.15,13.4,18.4,256,259,43.2,12.7,12.5,12.8,11.7,0.428,0.427,0.407,0.397,1,3193.1,291.0,86.0,205.0,166.4,291.0,699.5,243.0,71.8,171.2,166.4,243.0,584.2,1.958504555261456e-05,17.19053975728167,0.30546432,5.912043283349968,8.226059937835904e-05,0.5410420410524933
40.808434,-8.4375,361.0,2019-04-23 18:00:00,8.4,83,5.8,5.9,0.2,0.2,0.0,0.0,51,1001.9,959.1,80,52,40,29,0.07,0.18,10.2,14.8,247,252,36.7,12.2,12.5,12.8,11.7,0.426,0.426,0.407,0.397,1,3231.34,152.0,57.0,95.0,167.7,152.0,460.1,110.0,41.2,68.7,167.7,110.0,332.8,2.6455145737765314e-05,18.288792345684186,0.39152767999999993,2.466,0.00011060172701460198,0.5605561295524595
40.808434,-8.4375,361.0,2019-04-23 19:00:00,7.3,88,5.5,4.9,2.5,2.5,0.0,0.0,63,1002.3,959.4,100,100,15,3,0.03,0.12,9.4,15.9,212,231,35.6,11.5,12.5,12.8,11.7,0.428,0.428,0.408,0.397,1,2610.91,65.0,25.0,40.0,156.8,65.0,202.5,23.1,8.9,14.2,102.0,21.7,72.0,2.6206014690565336e-06,13.287430373729086,0.244371456,2.268,1.1447541931434628e-05,0.385028273717823
40.808434,-8.4375,361.0,2019-04-23 20:00:00,7.5,90,6.0,5.2,0.8,0.8,0.0,0.0,53,1002.6,959.7,86,77,27,0,0.02,0.11,9.4,15.3,203,225,25.2,11.0,12.4,12.8,11.7,0.43,0.427,0.408,0.397,0,0.0,1.0,0.0,1.0,0.0,1.0,26.1,0.0,0.0,0.0,0.0,0.0,0.0,9.88070468848212e-07,11.364851100967218,0.20849151999999999,2.3040000000000003,4.368948705676193e-06,0.34005349377721195
40.808434,-8.4375,361.0,2019-04-23 21:00:00,6.7,91,5.4,4.0,2.5,2.5,0.0,0.0,63,1003.3,960.2,100,97,91,26,0.0,0.09,10.8,16.6,165,198,29.9,10.5,12.3,12.8,11.7,0.428,0.429,0.409,0.397,0,0.0,0.0,0.0,0.0,0.0,0.0,0.0,0.0,0.0,0.0,0.0,0.0,0.0,6.932548714713538e-07,10.58539813409888,0.170187264,2.16,3.1138804403160303e-06,0.2843620323214501
40.808434,-8.4375,361.0,2019-04-23 22:00:00,6.2,95,5.5,2.9,0.7,0.7,0.0,0.0,53,1003.2,960.1,100,100,84,35,0.0,0.05,15.6,24.5,165,177,36.7,10.2,12.1,12.8,11.7,0.429,0.428,0.41,0.397,0,0.0,0.0,0.0,0.0,0.0,0.0,0.0,0.0,0.0,0.0,0.0,0.0,0.0,1.1872623627867778e-07,7.109214596273911,0.08848768,2.07,5.542627944084131e-07,0.15988823557344492
40.808434,-8.4375,361.0,2019-04-23 23:00:00,6.1,97,5.7,2.7,0.2,0.2,0.0,0.0,51,1003.0,959.9,100,100,100,96,0.0,0.03,16.1,27.9,153,166,37.1,9.9,12.0,12.8,11.7,0.427,0.427,0.411,0.397,0,0.0,0.0,0.0,0.0,0.0,0.0,0.0,0.0,0.0,0.0,0.0,0.0,0.0,2.2660888054066786e-08,4.480130284767217,0.052365312,2.0519999999999996,1.0811704789646987e-07,0.09844973797951333
40.808434,-8.4375,361.0,2019-04-24 00:00:00,6.1,96,5.4,2.4,0.9,0.9,0.0,0.0,53,1002.4,959.3,100,79,100,99,0.0,0.04,17.7,30.1,163,172,38.2,9.8,12.0,12.8,11.7,0.43,0.429,0.41,0.397,0,0.0,0.0,0.0,0.0,0.0,0.0,0.0,0.0,0.0,0.0,0.0,0.0,0.0,6.862554416541579e-08,6.060318951084108,0.06982041599999998,2.0519999999999996,3.2383054031196203e-07,0.1286936531506594
40.808434,-8.4375,361.0,2019-04-24 01:00:00,6.8,94,5.9,3.0,1.9,1.9,0.0,0.0,61,1001.6,958.6,100,100,100,100,0.0,0.06,19.7,31.9,162,166,40.3,9.6,11.9,12.8,11.7,0.43,0.43,0.411,0.397,0,0.0,0.0,0.0,0.0,0.0,0.0,0.0,0.0,0.0,0.0,0.0,0.0,0.0,5.279632482987179e-07,9.306049567582194,0.11491276800000001,2.178,2.4303770501849065e-06,0.20304372224009173
40.808434,-8.4375,361.0,2019-04-24 02:00:00,7.1,92,5.9,2.8,3.2,3.2,0.0,0.0,63,1000.0,957.1,100,100,99,94,0.0,0.08,22.4,36.2,161,165,45.7,9.5,11.7,12.8,11.7,0.43,0.43,0.413,0.397,0,0.0,0.0,0.0,0.0,0.0,0.0,0.0,0.0,0.0,0.0,0.0,0.0,0.0,3.479978802550212e-06,12.595340216367312,0.15903539199999997,2.2319999999999998,1.5696577266272483e-05,0.269979122318029
40.808434,-8.4375,361.0,2019-04-24 03:00:00,7.0,91,5.7,2.5,3.0,3.0,0.0,0.0,63,998.0,955.2,100,100,100,34,0.0,0.09,23.8,38.4,145,151,47.9,9.5,11.6,12.8,11.7,0.43,0.43,0.414,0.397,0,0.0,0.0,0.0,0.0,0.0,0.0,0.0,0.0,0.0,0.0,0.0,0.0,0.0,7.85283888811838e-06,14.11790801518087,0.17673292799999998,2.214,3.516804299204847e-05,0.29466220411987454
40.808434,-8.4375,361.0,2019-04-24 04:00:00,7.6,90,6.1,2.1,3.8,3.8,0.0,0.0,63,997.2,954.5,100,100,51,0,0.01,0.1,31.2,50.4,161,165,74.9,9.4,11.5,12.8,11.7,0.43,0.43,0.416,0.397,0,0.0,0.0,0.0,0.0,0.0,0.0,0.0,0.0,0.0,0.0,0.0,0.0,0.0,4.8676674713891426e-05,17.34149983726113,0.21091583999999997,2.3219999999999996,0.00021501402507727007,0.3437674994356487
40.808434,-8.4375,361.0,2019-04-24 05:00:00,7.2,98,6.9,3.4,2.1,2.1,0.0,0.0,61,997.5,954.8,100,100,41,0,0.0,0.02,20.8,34.2,150,165,67.0,9.4,11.3,12.8,11.7,0.43,0.43,0.418,0.397,0,0.0,0.0,0.0,0.0,0.0,0.0,0.0,0.0,0.0,0.0,0.0,0.0,0.0,1.471410341056542e-08,3.500324440532307,0.040243712,2.25,7.07853430707989e-08,0.07704245258488898
40.808434,-8.4375,361.0,2019-04-24 06:00:00,10.2,96,9.5,6.6,1.2,1.2,0.0,0.0,55,997.6,955.3,100,100,41,0,0.01,0.05,23.8,39.4,232,236,49.7,9.7,11.2,12.7,11.7,0.429,0.43,0.419,0.397,1,0.0,0.0,0.0,0.0,0.0,0.0,18.5,0.0,0.0,0.0,0.0,0.0,56.8,2.9205500130850243e-07,7.908173804932289,0.10957926399999998,2.79,1.3459020240538159e-06,0.19956352431236954
40.808434,-8.4375,361.0,2019-04-24 07:00:00,10.1,99,9.9,7.0,2.2,2.2,0.0,0.0,61,999.0,956.6,100,100,71,0,0.01,0.02,21.3,35.3,233,237,55.4,10.0,11.2,12.7,11.7,0.429,0.429,0.42,0.397,1,0.0,13.0,0.0,13.0,0.0,13.0,187.4,22.0,0.0,22.0,0.0,19.9,317.8,5.219172331927685e-09,2.0098963086410504,0.027152383999999998,2.772,2.5358547567731615e-08,0.053006734794968306
40.808434,-8.4375,361.0,2019-04-24 08:00:00,10.5,97,10.1,7.7,1.4,1.4,0.0,0.0,61,999.6,957.2,100,99,28,0,0.04,0.03,20.2,34.3,230,234,53.3,10.4,11.1,12.7,11.7,0.428,0.429,0.421,0.397,1,0.0,83.0,9.0,74.0,27.3,83.0,445.7,106.2,11.5,94.7,27.3,106.2,570.4,6.487326152330771e-08,5.754777855794993,0.084366336,2.8440000000000003,3.031408259977109e-07,0.15708312251508702
40.808434,-8.4375,361.0,2019-04-24 09:00:00,11.7,83,8.9,8.1,0.3,0.3,0.0,0.0,51,999.9,957.7,97,69,58,0,0.11,0.24,23.1,34.0,236,237,51.8,11.0,11.1,12.7,11.7,0.427,0.428,0.421,0.397,1,1391.55,218.0,54.0,164.0,106.4,218.0,686.9,253.1,62.7,190.4,106.4,253.1,797.6,0.0009217030012296394,26.273374527720975,0.527532032,3.06,0.0037027907161046596,0.7372964871566791
40.808434,-8.4375,361.0,2019-04-24 10:00:00,11.5,80,8.1,7.4,2.0,2.0,0.0,0.0,61,1000.7,958.4,46,24,41,0,0.14,0.28,24.7,36.7,239,241,57.2,11.4,11.2,12.7,11.7,0.43,0.43,0.422,0.397,1,3600.0,291.0,172.0,119.0,260.2,291.0,894.7,319.9,189.1,130.8,260.2,319.9,983.6,0.00283981735386202,29.769894072728885,0.61092864,3.024,0.011229685399165065,0.8118293408929838
40.808434,-8.4375,361.0,2019-04-24 11:00:00,12.5,73,7.8,8.2,1.7,1.7,0.0,0.0,61,1000.9,958.8,54,31,43,0,0.24,0.39,26.6,37.4,237,238,61.9,12.3,11.3,12.7,11.8,0.43,0.43,0.422,0.397,1,3600.0,575.0,366.0,209.0,469.5,575.0,1054.8,608.4,387.2,221.1,469.5,608.4,1116.1,0.01980359769312041,37.14907742847405,0.890210304,3.204,0.0746876230223864,1.0506382841126811
40.808434,-8.4375,361.0,2019-04-24 12:00:00,10.7,84,8.1,6.3,1.5,1.5,0.0,0.0,61,1001.0,958.6,45,23,41,0,0.19,0.21,26.8,40.9,229,230,66.2,12.3,11.3,12.7,11.8,0.429,0.431,0.426,0.398,1,3600.0,518.0,315.0,203.0,368.6,518.0,1156.5,531.1,323.0,208.1,368.6,531.1,1185.8,0.2314453125,44.96767807006836,4.572265625,235.3341064453125,0.3819580078125,8.69041919708252
40.808434,-8.4375,361.0,2019-04-24 13:00:00,12.8,83,10.0,9.2,1.0,1.0,0.0,0.0,55,1001.1,959.0,97,92,24,0,0.23,0.25,26.8,38.7,234,234,70.6,13.0,11.5,12.7,11.8,0.427,0.429,0.427,0.398,1,3600.0,608.0,425.0,183.0,482.2,608.0,1192.7,605.7,423.4,182.3,482.2,605.7,1188.1,0.008149236733375007,31.64730950686217,2.1094295671779677,138.45350600101847,0.020650005865109785,4.064062519083661
40.808434,-8.4375,361.0,2019-04-24 14:00:00,11.8,70,6.4,6.0,0.8,0.8,0.0,0.0,53,1001.7,959.4,89,32,100,0,0.21,0.42,33.6,48.9,249,249,71.6,13.1,11.6,12.7,11.8,0.43,0.429,0.427,0.398,1,3600.0,469.0,192.0,277.0,223.8,469.0,1161.1,453.6,185.7,267.9,223.8,453.6,1122.9,0.07251734480737157,40.849810767580315,1.2686695957303789,60.53968152045235,0.22137432021413667,2.4110255594361134
40.808434,-8.4375,361.0,2019-04-24 15:00:00,9.9,86,7.6,5.5,1.5,1.5,0.0,0.0,61,1002.1,959.6,100,90,98,0,0.08,0.18,26.1,41.3,235,235,68.8,12.4,11.7,12.6,11.8,0.43,0.43,0.427,0.398,1,0.0,147.0,34.0,113.0,43.2,147.0,1063.8,137.4,31.8,105.7,43.2,137.4,994.6,0.0006960336619685901,25.04597551702895,0.37334528,2.7359999999999998,0.002912544347445476,0.5567574701136153
40.808434,-8.4375,361.0,2019-04-24 16:00:00,9.5,92,8.3,4.9,4.4,4.4,0.0,0.0,63,1002.1,959.5,68,39,53,2,0.05,0.1,28.6,48.9,234,235,66.2,12.0,11.8,12.6,11.8,0.43,0.43,0.428,0.398,1,0.0,113.0,30.0,83.0,44.7,113.0,907.4,101.1,26.8,74.3,44.7,101.1,812.0,1.6932681347720072e-05,15.226865568469886,0.20558233599999998,2.664,7.477635167528887e-05,0.3446689448674025
40.808434,-8.4375,361.0,2019-04-24 17:00:00,9.7,99,9.5,5.8,2.9,2.9,0.0,0.0,63,1002.7,960.1,100,100,42,7,0.06,0.01,25.8,40.9,242,245,63.4,11.9,11.8,12.6,11.8,0.43,0.43,0.429,0.398,1,3600.0,207.0,105.0,102.0,202.2,207.0,702.7,173.1,87.8,85.3,202.2,173.1,587.6,7.16083699656467e-09,2.1347178178428856,0.026182656,2.7,3.482091062777455e-08,0.05112585760881791
40.808434,-8.4375,361.0,2019-04-24 18:00:00,9.6,90,8.1,6.2,2.7,2.7,0.0,0.0,63,1003.0,960.4,100,92,32,0,0.05,0.12,20.0,32.6,242,248,60.1,11.6,11.8,12.6,11.8,0.43,0.43,0.429,0.399,1,0.0,87.0,18.0,69.0,52.5,87.0,463.7,63.2,13.1,50.1,52.5,63.2,336.6,1.4949433258612652e-05,15.871927638891947,0.25940224,2.682,6.474486172672118e-05,0.41778449955466224
40.808434,-8.4375,361.0,2019-04-24 19:00:00,8.7,92,7.5,4.7,4.6,4.6,0.0,0.0,63,1004.1,961.3,68,58,27,0,0.03,0.08,23.2,36.8,258,262,52.9,11.3,11.8,12.6,11.8,0.43,0.43,0.43,0.399,1,1083.53,50.0,16.0,34.0,99.5,50.0,206.6,18.5,5.9,12.6,67.8,17.5,76.3,5.850249094212116e-06,13.547503304073654,0.19006668799999996,2.52,2.6013651857471704e-05,0.31982730748290367
40.808434,-8.4375,361.0,2019-04-24 20:00:00,8.3,88,6.5,4.8,2.6,2.6,0.0,0.0,63,1005.0,962.1,100,96,35,0,0.03,0.13,17.8,30.3,252,257,52.6,10.8,11.8,12.6,11.8,0.429,0.43,0.43,0.4,0,0.0,2.0,0.0,2.0,0.0,2.0,28.3,0.0,0.0,0.0,0.0,0.0,0.0,1.9130259896572906e-05,16.683167765012026,0.27346329599999997,2.4480000000000004,8.264347997284837e-05,0.42752950501265424
40.808434,-8.4375,361.0,2019-04-24 21:00:00,8.2,88,6.4,4.7,1.2,1.2,0.0,0.0,55,1006.1,963.1,100,93,45,0,0.01,0.13,17.9,29.6,245,249,44.3,10.4,11.7,12.6,11.8,0.43,0.43,0.429,0.4,0,0.0,0.0,0.0,0.0,0.0,0.0,0.0,0.0,0.0,0.0,0.0,0.0,0.0,1.89592664984702e-05,16.653233061029415,0.27055411199999996,2.43,8.199438001749957e-05,0.42328715397466726
40.808434,-8.4375,361.0,2019-04-24 22:00:00,7.7,91,6.3,4.0,2.1,2.1,0.0,0.0,61,1006.9,963.8,95,74,48,0,0.0,0.1,19.0,31.2,245,249,49.0,10.1,11.6,12.6,11.8,0.43,0.43,0.43,0.4,0,0.0,0.0,0.0,0.0,0.0,0.0,0.0,0.0,0.0,0.0,0.0,0.0,0.0,4.307168407322053e-06,13.351948574589242,0.19200614400000002,2.34,1.9158541096394486e-05,0.31864675868999526
40.808434,-8.4375,361.0,2019-04-24 23:00:00,6.7,95,5.9,2.7,3.3,3.3,0.0,0.0,63,1007.3,964.0,97,86,33,0,0.0,0.05,20.3,32.4,245,247,54.7,9.8,11.5,12.6,11.8,0.43,0.43,0.43,0.401,0,0.0,0.0,0.0,0.0,0.0,0.0,0.0,0.0,0.0,0.0,0.0,0.0,0.0,2.5345094366917706e-07,7.983543730818732,0.09454848,2.16,1.1790620237221132e-06,0.17044497680492907
40.808434,-8.4375,361.0,2019-04-25 00:00:00,8.1,88,6.2,4.0,1.5,1.5,0.0,0.0,61,1006.9,963.9,93,78,38,0,0.01,0.13,22.1,36.6,240,242,51.5,10.3,11.3,12.6,11.8,0.43,0.43,0.429,0.401,0,0.0,0.0,0.0,0.0,0.0,0.0,0.0,0.0,0.0,0.0,0.0,0.0,0.0,3.8988971644896154e-05,17.85922610005429,0.26764492799999995,2.412,0.0001688032396879691,0.41904318914021277
40.808434,-8.4375,361.0,2019-04-25 01:00:00,7.7,93,6.6,4.3,2.0,2.0,0.0,0.0,61,1007.2,964.1,100,100,42,0,0.0,0.07,17.1,29.7,221,231,54.7,10.0,11.3,12.6,11.8,0.427,0.429,0.429,0.401,0,0.0,0.0,0.0,0.0,0.0,0.0,0.0,0.0,0.0,0.0,0.0,0.0,0.0,8.730574406815743e-07,10.437320300031976,0.149338112,2.34,3.952398996367929e-06,0.2575795897822485
40.808434,-8.4375,361.0,2019-04-25 02:00:00,7.6,86,5.4,2.7,3.7,3.7,0.0,0.0,63,1007.6,964.5,65,42,46,0,0.02,0.15,26.0,41.7,251,253,56.9,9.8,11.2,12.5,11.8,0.43,0.43,0.429,0.402,0,0.0,0.0,0.0,0.0,0.0,0.0,0.0,0.0,0.0,0.0,0.0,0.0,0.0,0.00014833045611191276,20.72369775906185,0.29528217599999995,2.3219999999999996,0.0006374337614122572,0.44810404145415805
40.808434,-8.4375,361.0,2019-04-25 03:00:00,7.0,92,5.9,2.8,2.2,2.2,0.0,0.0,61,1007.9,964.7,72,51,43,0,0.0,0.08,22.1,36.6,251,253,58.0,9.5,11.1,12.5,11.8,0.43,0.43,0.43,0.402,0,0.0,0.0,0.0,0.0,0.0,0.0,0.0,0.0,0.0,0.0,0.0,0.0,0.0,3.2432244092368173e-06,12.48588427075714,0.15709593599999996,2.214,1.4642122032505794e-05,0.2668547102145797
40.808434,-8.4375,361.0,2019-04-25 04:00:00,6.4,95,5.6,2.3,2.5,2.5,0.0,0.0,63,1008.8,965.4,100,90,31,0,0.0,0.05,20.7,34.3,247,251,52.2,9.2,11.0,12.5,11.8,0.43,0.43,0.43,0.403,0,0.0,0.0,0.0,0.0,0.0,0.0,0.0,0.0,0.0,0.0,0.0,0.0,0.0,2.5339378475214147e-07,7.952220121114369,0.090912,2.106,1.1812757765564537e-06,0.16411289858053899
40.808434,-8.4375,361.0,2019-04-25 05:00:00,7.2,86,5.0,3.7,1.6,1.6,0.0,0.0,61,1008.8,965.6,83,60,49,0,0.01,0.15,16.1,27.5,236,244,48.2,9.1,10.9,12.5,11.8,0.43,0.43,0.429,0.403,0,0.0,0.0,0.0,0.0,0.0,0.0,0.0,0.0,0.0,0.0,0.0,0.0,0.0,2.3059656756482576e-05,17.320490624480897,0.28170598399999996,2.25,9.957838446574456e-05,0.4291006206836641
40.808434,-8.4375,361.0,2019-04-25 06:00:00,6.7,87,4.7,3.1,2.9,2.9,0.0,0.0,63,1009.5,966.2,100,83,47,1,0.03,0.13,15.9,28.0,252,257,41.4,8.9,10.8,12.5,11.8,0.429,0.43,0.429,0.403,1,0.0,1.0,0.0,1.0,0.0,1.0,21.4,2.9,0.0,2.9,0.0,0.8,62.7,1.3016139477337507e-05,16.04673196804004,0.24582604800000002,2.16,5.689265357743075e-05,0.3827513435186557
40.808434,-8.4375,361.0,2019-04-25 07:00:00,8.1,83,5.4,4.4,1.2,1.2,0.0,0.0,55,1010.3,967.1,88,62,41,25,0.04,0.18,17.2,28.8,244,250,38.9,9.0,10.7,12.5,11.8,0.43,0.429,0.429,0.404,1,440.6,43.0,12.0,31.0,77.0,43.0,193.0,72.0,20.1,51.9,84.1,65.9,323.2,0.00010441337558262844,20.90665295072984,0.37916364799999996,2.412,0.0004382041230925549,0.5443853903857971
40.808434,-8.4375,361.0,2019-04-25 08:00:00,8.3,86,6.1,4.5,2.7,2.7,0.0,0.0,63,1011.0,967.8,65,39,38,25,0.07,0.15,19.3,28.6,246,249,43.9,9.3,10.6,12.5,11.8,0.43,0.43,0.43,0.404,1,3600.0,163.0,77.0,86.0,231.0,163.0,450.8,208.0,98.3,109.8,231.0,208.0,575.3,5.871252756203342e-05,19.177596647297015,0.319040512,2.4480000000000004,0.0002502194718545946,0.4812736414597421
40.808434,-8.4375,361.0,2019-04-25 09:00:00,9.4,79,5.9,5.0,2.0,2.0,0.0,0.0,61,1011.3,968.3,84,39,66,31,0.12,0.25,23.4,33.2,245,247,53.3,9.9,10.6,12.5,11.8,0.43,0.429,0.429,0.404,1,3600.0,299.0,157.0,142.0,307.1,299.0,691.5,346.7,182.1,164.7,307.1,346.7,801.9,0.001382846281871059,27.57151251661387,0.53456256,2.646,0.005587943436821688,0.7103506732813607
40.808434,-8.4375,361.0,2019-04-25 10:00:00,9.9,77,6.1,5.4,1.9,1.9,0.0,0.0,61,1012.2,969.2,99,58,68,21,0.14,0.28,24.4,35.1,254,255,57.6,10.2,10.6,12.4,11.8,0.426,0.429,0.43,0.405,1,3600.0,305.0,164.0,141.0,246.8,305.0,898.8,335.1,180.2,154.9,246.8,335.1,987.5,0.0028983644394627024,29.91800104048635,0.6133529600000001,2.7359999999999998,0.011523117767599476,0.7861248027630413
40.808434,-8.4375,361.0,2019-04-25 11:00:00,10.1,76,6.0,5.3,2.7,2.7,0.0,0.0,63,1012.9,969.9,69,41,32,42,0.16,0.3,26.5,38.5,258,259,61.9,10.6,10.6,12.4,11.8,0.43,0.429,0.429,0.405,1,3600.0,359.0,223.0,136.0,284.9,359.0,1058.5,379.7,235.9,143.8,284.9,379.7,1119.5,0.005416382371096977,31.839812641390544,0.6516572159999999,2.772,0.021378117623839895,0.8208748438005776
40.808434,-8.4375,361.0,2019-04-25 12:00:00,10.9,78,7.3,6.7,3.2,3.2,0.0,0.0,63,1013.3,970.4,100,81,68,4,0.23,0.29,26.2,37.0,249,251,65.5,11.5,10.6,12.4,11.8,0.427,0.429,0.429,0.405,1,3600.0,617.0,372.0,245.0,433.8,617.0,1159.7,632.5,381.4,251.2,433.8,632.5,1188.9,0.84814453125,59.00389862060547,3.8681640625,223.92222595214844,1.39727783203125,7.4345703125
40.808434,-8.4375,361.0,2019-04-25 13:00:00,10.9,71,5.8,5.8,3.8,3.8,0.0,0.0,63,1013.9,971.0,34,12,26,26,0.2,0.38,28.0,40.4,257,259,66.2,11.7,10.7,12.4,11.8,0.43,0.43,0.429,0.406,1,3600.0,437.0,231.0,206.0,261.3,437.0,1195.7,435.3,230.1,205.2,261.3,435.3,1191.0,0.059345270861214446,40.41929164206276,2.023079074361397,85.11946671617856,0.15410595065741833,3.819224369630464
40.808434,-8.4375,361.0,2019-04-25 14:00:00,10.8,75,6.5,6.3,2.8,2.8,0.0,0.0,63,1014.7,971.8,43,18,31,26,0.25,0.33,29.3,41.9,265,266,70.9,12.3,10.9,12.4,11.8,0.43,0.43,0.429,0.406,1,3600.0,694.0,514.0,180.0,597.2,694.0,1163.9,671.2,497.1,174.1,597.2,671.2,1125.7,0.016233705982524285,35.60003495975943,0.9987821189969327,2.898,0.06096632108280903,1.0730285688181738
40.808434,-8.4375,361.0,2019-04-25 15:00:00,11.0,76,7.0,6.5,2.8,2.8,0.0,0.0,63,1015.3,972.4,88,52,63,12,0.23,0.32,28.3,40.9,263,264,73.8,12.6,11.0,12.4,11.8,0.429,0.43,0.429,0.406,1,3600.0,632.0,419.0,213.0,531.3,632.0,1066.6,591.0,391.8,199.2,531.3,591.0,997.5,0.01047248971486172,34.086553173190715,0.7040225279999999,2.934,0.040835679931363174,0.8800925921366022
40.808434,-8.4375,361.0,2019-04-25 16:00:00,10.3,84,7.8,6.9,2.6,2.6,0.0,0.0,63,1016.1,973.0,93,79,35,2,0.13,0.2,19.9,29.5,266,268,72.0,12.2,11.1,12.4,11.8,0.427,0.429,0.43,0.406,1,3600.0,295.0,150.0,145.0,222.8,295.0,910.4,264.1,134.3,129.8,222.8,264.1,815.1,0.0003038697735040187,23.447656392203722,0.44219596799999994,2.8080000000000003,0.0012488020827053506,0.634567255072424
40.808434,-8.4375,361.0,2019-04-25 17:00:00,10.3,81,7.3,6.3,1.8,1.8,0.0,0.0,61,1016.8,973.7,100,99,49,0,0.11,0.23,22.7,34.7,273,275,62.3,11.8,11.2,12.3,11.8,0.428,0.429,0.429,0.407,1,3600.0,223.0,120.0,103.0,229.9,223.0,705.9,186.7,100.5,86.2,229.9,186.7,590.9,0.0009937089255527113,26.595709651485326,0.5251077120000001,2.8080000000000003,0.0040108433448852185,0.7156442669345469
40.808434,-8.4375,361.0,2019-04-25 18:00:00,9.6,91,8.2,6.4,3.0,3.0,0.0,0.0,63,1017.4,974.2,79,68,29,0,0.06,0.11,18.4,29.2,282,283,53.6,11.5,11.3,12.3,11.8,0.43,0.43,0.43,0.407,1,1325.61,127.0,36.0,91.0,104.2,127.0,467.3,92.5,26.2,66.3,104.2,92.5,340.4,6.288164038958497e-06,14.171936382860354,0.23346201599999997,2.682,2.7479862053662597e-05,0.3834729138519174
40.808434,-8.4375,361.0,2019-04-25 19:00:00,8.9,93,7.9,5.8,3.3,3.3,0.0,0.0,63,1018.1,974.7,41,28,27,0,0.03,0.08,18.1,28.9,276,280,45.7,11.1,11.3,12.3,11.8,0.43,0.43,0.43,0.408,1,3353.81,73.0,31.0,42.0,191.0,73.0,210.6,27.9,11.9,16.1,136.0,26.8,80.5,1.3474975407428697e-06,11.144840489994575,0.16970239999999998,2.556,6.040804194855974e-06,0.2910886409758087
40.808434,-8.4375,361.0,2019-04-25 20:00:00,8.6,96,8.0,6.3,1.9,1.9,0.0,0.0,61,1019.1,975.6,100,100,25,0,0.01,0.04,12.0,22.3,286,288,44.6,10.6,11.3,12.3,11.8,0.429,0.43,0.43,0.408,0,0.0,3.0,0.0,3.0,0.0,3.0,30.4,0.0,0.0,0.0,0.0,0.0,0.0,4.3885208819739685e-08,5.782298329656089,0.09406361599999999,2.502,2.0405308064820682e-07,0.17196455433733218
40.808434,-8.4375,361.0,2019-04-25 21:00:00,8.7,96,8.1,6.3,1.7,1.7,0.0,0.0,61,1020.4,976.9,70,66,18,0,0.0,0.05,13.5,22.5,312,311,38.9,10.4,11.3,12.3,11.8,0.43,0.43,0.43,0.409,0,0.0,0.0,0.0,0.0,0.0,0.0,0.0,0.0,0.0,0.0,0.0,0.0,0.0,5.6109941200026634e-08,6.052263197143468,0.09503334399999998,2.52,2.6074617623775797e-07,0.17369123294970853
40.808434,-8.4375,361.0,2019-04-25 22:00:00,8.4,98,8.0,6.2,0.8,0.8,0.0,0.0,53,1021.4,977.8,81,50,24,73,0.0,0.03,11.5,21.7,314,312,33.8,10.2,11.2,12.3,11.8,0.43,0.429,0.429,0.409,0,0.0,0.0,0.0,0.0,0.0,0.0,0.0,0.0,0.0,0.0,0.0,0.0,0.0,6.265852530874157e-09,2.9388525568924173,0.04606208,2.466,3.0014003786472134e-08,0.0880141490755767
40.808434,-8.4375,361.0,2019-04-25 23:00:00,8.3,94,7.3,6.1,0.6,0.6,0.0,0.0,53,1022.1,978.5,100,100,18,37,0.0,0.07,10.2,21.1,315,313,32.4,10.0,11.2,12.3,11.8,0.429,0.429,0.429,0.409,0,0.0,0.0,0.0,0.0,0.0,0.0,0.0,0.0,0.0,0.0,0.0,0.0,0.0,1.3962005888466702e-07,7.79685903018538,0.13673164799999998,2.4480000000000004,6.354197807247342e-07,0.23995668545032606
40.808434,-8.4375,361.0,2019-04-26 00:00:00,8.0,93,7.0,5.9,1.0,1.0,0.0,0.0,55,1023.0,979.3,55,38,34,0,0.0,0.07,9.7,21.9,318,314,33.8,10.8,11.1,12.3,11.8,0.428,0.43,0.429,0.41,0,0.0,0.0,0.0,0.0,0.0,0.0,0.0,0.0,0.0,0.0,0.0,0.0,0.0,2.2794612371996834e-07,8.674954825281239,0.154429184,2.394,1.0293729780437601e-06,0.26596673671183074
40.808434,-8.4375,361.0,2019-04-26 01:00:00,8.0,93,7.0,5.8,0.4,0.4,0.0,0.0,51,1023.3,979.6,96,83,35,0,0.0,0.07,9.6,21.4,326,319,22.0,10.3,11.1,12.3,11.8,0.428,0.429,0.429,0.411,0,0.0,0.0,0.0,0.0,0.0,0.0,0.0,0.0,0.0,0.0,0.0,0.0,0.0,2.2300060532666683e-07,8.64528316563965,0.154429184,2.394,1.0070397051045063e-06,0.26596673671183074
40.808434,-8.4375,361.0,2019-04-26 02:00:00,8.1,94,7.2,5.8,0.5,0.5,0.0,0.0,53,1023.4,979.7,100,89,45,0,0.0,0.06,10.5,20.9,322,319,29.5,10.0,11.1,12.3,11.8,0.429,0.429,0.429,0.411,0,0.0,0.0,0.0,0.0,0.0,0.0,0.0,0.0,0.0,0.0,0.0,0.0,0.0,1.430228785684857e-07,7.814669329994627,0.13382246399999997,2.412,6.518777114697023e-07,0.23504327919367937
40.808434,-8.4375,361.0,2019-04-26 03:00:00,8.2,92,7.0,5.7,0.4,0.4,0.0,0.0,51,1023.7,980.0,78,61,39,0,0.0,0.09,12.0,22.1,319,316,28.4,9.8,11.0,12.3,11.8,0.429,0.429,0.429,0.411,0,0.0,0.0,0.0,0.0,0.0,0.0,0.0,0.0,0.0,0.0,0.0,0.0,0.0,7.145664765392499e-07,10.518023787609797,0.18036940799999998,2.43,3.1913440132116373e-06,0.304275804891898
40.808434,-8.4375,361.0,2019-04-26 04:00:00,7.8,93,6.7,5.9,0.3,0.3,0.0,0.0,51,1024.1,980.3,77,60,38,0,0.0,0.08,7.9,19.3,336,323,25.2,9.6,10.9,12.3,11.8,0.428,0.429,0.429,0.411,0,0.0,0.0,0.0,0.0,0.0,0.0,0.0,0.0,0.0,0.0,0.0,0.0,0.0,1.4540264076853114e-07,8.054123756984884,0.15103513600000001,2.358,6.577032465081157e-07,0.2603761030667544
40.808434,-8.4375,361.0,2019-04-26 05:00:00,7.7,92,6.6,6.0,0.1,0.1,0.0,0.0,51,1024.5,980.7,63,45,37,0,0.0,0.08,6.2,17.2,350,327,18.7,9.4,10.9,12.2,11.8,0.426,0.428,0.428,0.411,0,0.0,0.0,0.0,0.0,0.0,0.0,0.0,0.0,0.0,0.0,0.0,0.0,0.0,1.599710222355234e-07,8.352842691687481,0.17067212800000003,2.34,7.176394985250344e-07,0.28870178938490454
40.808434,-8.4375,361.0,2019-04-26 06:00:00,7.5,92,6.4,5.7,0.0,0.0,0.0,0.0,2,1025.0,981.1,71,52,41,0,0.01,0.08,6.2,17.1,353,332,15.8,9.2,10.8,12.2,11.8,0.424,0.428,0.428,0.411,1,0.0,2.0,0.0,2.0,0.0,2.0,24.3,5.6,0.0,5.6,0.0,1.6,68.4,1.540280407957697e-07,8.290277659932936,0.166793216,2.3040000000000003,6.922249830306394e-07,0.28246524437285725
40.808434,-8.4375,361.0,2019-04-26 07:00:00,8.7,90,7.1,6.8,0.1,0.1,0.0,0.0,51,1026.0,982.3,56,36,40,0,0.03,0.11,7.6,14.5,355,341,17.6,9.4,10.7,12.2,11.8,0.423,0.427,0.428,0.412,1,2951.07,62.0,27.0,35.0,171.1,62.0,198.5,102.6,44.7,57.9,183.9,95.4,328.4,8.062392212867854e-07,11.125083142758616,0.23758335999999994,2.52,3.5223481641706733e-06,0.3845331184899579
40.808434,-8.4375,361.0,2019-04-26 08:00:00,9.5,85,7.1,6.7,0.3,0.3,0.0,0.0,51,1026.5,982.9,38,13,43,0,0.08,0.18,14.0,19.7,337,336,27.7,9.9,10.6,12.2,11.8,0.424,0.426,0.428,0.412,1,3600.0,188.0,106.0,82.0,314.4,188.0,455.8,239.3,134.9,104.4,314.4,239.3,580.0,4.150948870102263e-05,18.926072453845407,0.38546688,2.664,0.00017331118340880683,0.5661400077272799
40.808434,-8.4375,361.0,2019-04-26 09:00:00,10.7,76,6.5,7.5,0.2,0.2,0.0,0.0,51,1027.5,984.0,47,34,28,0,0.16,0.32,15.7,21.5,328,329,34.2,10.6,10.7,12.2,11.8,0.424,0.426,0.428,0.412,1,3600.0,366.0,250.0,116.0,485.6,366.0,696.0,423.9,289.6,134.4,485.6,423.9,806.1,0.0009726630584157064,27.58653591061046,0.6865674239999999,2.88,0.0038079617434000792,0.8603716808244721
40.808434,-8.4375,361.0,2019-04-26 10:00:00,11.7,67,5.7,8.6,0.0,0.0,0.0,0.0,2,1027.7,984.3,72,69,16,2,0.24,0.46,14.0,18.4,316,318,34.2,11.6,10.7,12.2,11.8,0.421,0.425,0.428,0.412,1,3600.0,523.0,380.0,143.0,569.0,523.0,902.7,574.3,417.2,157.0,569.0,574.3,991.2,0.004489918428598672,33.3737780202247,1.0240327679999999,3.06,0.016730400174594675,1.115122631550538
40.808434,-8.4375,361.0,2019-04-26 11:00:00,12.0,66,5.9,9.0,0.2,0.2,0.0,0.0,51,1027.6,984.3,86,84,17,0,0.26,0.48,14.1,18.2,308,309,32.0,12.5,10.9,12.2,11.8,0.42,0.424,0.427,0.412,1,3600.0,542.0,277.0,265.0,352.6,542.0,1062.0,573.0,292.9,280.2,352.6,573.0,1122.8,0.006819844557739,35.086174525946035,1.079792128,3.1140000000000003,0.02521870277888606,1.1567847490681795
40.808434,-8.4375,361.0,2019-04-26 12:00:00,11.6,70,6.2,8.5,0.2,0.2,0.0,0.0,51,1028.2,984.8,91,100,2,0,0.25,0.41,14.7,19.5,306,308,33.1,13.0,11.0,12.2,11.8,0.418,0.424,0.427,0.412,1,3600.0,547.0,262.0,285.0,304.6,547.0,1162.9,560.6,268.5,292.1,304.6,560.6,1191.9,1.6812536716461182,77.70437622070312,5.968435764312744,227.8802947998047,1.8841511011123657,11.1875
40.808434,-8.4375,361.0,2019-04-26 13:00:00,11.7,70,6.4,8.6,0.5,0.5,0.0,0.0,53,1028.2,984.8,91,100,2,0,0.22,0.41,14.8,19.5,304,308,33.5,13.1,11.2,12.2,11.8,0.42,0.423,0.427,0.413,1,2767.49,445.0,135.0,310.0,152.2,445.0,1198.5,443.2,134.5,308.8,152.2,443.2,1193.8,0.03775147667378062,40.521461043886546,3.159572996152477,157.84026752949313,0.0807702948937578,6.01798303517656
40.808434,-8.4375,361.0,2019-04-26 14:00:00,11.4,70,6.2,8.5,0.0,0.0,0.0,0.0,3,1028.4,985.0,90,100,0,0,0.18,0.4,13.2,17.2,305,307,33.1,13.0,11.3,12.1,11.8,0.418,0.422,0.427,0.413,1,3600.0,328.0,168.0,160.0,194.6,328.0,1166.6,317.3,162.5,154.8,194.6,317.3,1128.4,0.00648026706829712,33.73023805976814,1.7895159165966545,106.58819314360264,0.01752023883123245,3.4348615630827766
40.808434,-8.4375,361.0,2019-04-26 15:00:00,12.0,66,6.0,9.3,0.0,0.0,0.0,0.0,3,1028.2,984.9,90,100,0,0,0.24,0.47,12.1,15.3,307,309,30.2,13.5,11.5,12.1,11.8,0.416,0.421,0.427,0.413,1,3600.0,481.0,184.0,297.0,232.6,481.0,1069.3,449.9,172.1,277.8,232.6,449.9,1000.3,0.007161065845190885,34.8992931567194,1.266174526530128,66.92341531622593,0.021840803328016245,2.4179800846515036
40.808434,-8.4375,361.0,2019-04-26 16:00:00,11.9,66,5.6,9.0,0.0,0.0,0.0,0.0,3,1027.9,984.5,90,100,0,0,0.2,0.48,12.1,15.3,307,309,28.4,13.5,11.7,12.1,11.8,0.414,0.421,0.427,0.413,1,3600.0,385.0,187.0,198.0,276.8,385.0,913.3,344.9,167.5,177.4,276.8,344.9,818.1,0.007551777363456024,35.383965516292925,1.07154944,36.02588211608938,0.02440443373185893,1.994768502876989
40.808434,-8.4375,361.0,2019-04-26 17:00:00,11.4,68,5.8,8.4,0.0,0.0,0.0,0.0,3,1028.4,985.0,81,90,0,0,0.15,0.43,13.0,17.3,314,318,28.8,13.3,11.8,12.1,11.8,0.413,0.42,0.426,0.413,1,3117.64,273.0,86.0,187.0,163.9,273.0,709.1,228.8,72.1,156.7,163.9,228.8,594.3,0.006834594614279048,35.00342105899512,0.9697279999999999,11.787167768505096,0.023409466454342207,1.6086066162824086
40.808434,-8.4375,361.0,2019-04-26 18:00:00,11.0,70,5.7,8.2,0.0,0.0,0.0,0.0,1,1028.5,985.0,35,39,0,0,0.11,0.4,12.1,17.2,330,334,28.4,12.9,11.9,12.1,11.8,0.412,0.419,0.426,0.413,1,3600.0,186.0,89.0,97.0,255.5,186.0,470.8,136.0,65.1,70.9,255.5,136.0,344.1,0.004035342883429989,33.41316280760787,0.88002816,2.934,0.01534963031593348,1.005830625711716
40.808434,-8.4375,361.0,2019-04-26 19:00:00,9.9,74,5.4,7.3,0.0,0.0,0.0,0.0,0,1028.8,985.1,14,15,0,0,0.05,0.32,10.4,19.8,340,344,25.6,12.2,11.9,12.1,11.8,0.411,0.418,0.426,0.413,1,3412.83,84.0,41.0,43.0,250.4,84.0,214.6,33.2,16.2,17.0,185.8,32.2,84.8,0.0014388909178423583,29.88947485755993,0.6933555199999999,2.7359999999999998,0.005646476828500214,0.8488949105166236
40.808434,-8.4375,361.0,2019-04-26 20:00:00,8.5,77,4.7,5.8,0.0,0.0,0.0,0.0,0,1029.3,985.4,7,8,0,0,0.03,0.26,9.7,22.0,2,358,22.3,11.3,11.9,12.1,11.8,0.411,0.418,0.426,0.413,0,0.0,4.0,1.0,3.0,14.8,4.0,32.5,0.0,0.0,0.0,0.0,0.0,0.0,0.000686414641573156,27.548506712485516,0.5352898559999999,2.4840000000000004,0.002782624877334624,0.6957518866834577
40.808434,-8.4375,361.0,2019-04-26 21:00:00,7.8,79,4.4,5.1,0.0,0.0,0.0,0.0,0,1029.9,985.8,13,1,0,40,0.01,0.22,9.2,21.8,21,9,21.6,10.5,11.9,12.1,11.8,0.411,0.417,0.426,0.413,0,0.0,0.0,0.0,0.0,0.0,0.0,0.0,0.0,0.0,0.0,0.0,0.0,0.0,0.00047533191400209613,26.485743708856997,0.45310540800000004,2.358,0.0019634833448878997,0.6121426134669816
40.808434,-8.4375,361.0,2019-04-26 22:00:00,7.3,81,4.3,4.5,0.0,0.0,0.0,0.0,0,1029.9,985.8,17,1,0,55,0.01,0.19,10.3,22.6,29,17,21.6,9.9,11.7,12.1,11.8,0.411,0.417,0.425,0.413,0,0.0,0.0,0.0,0.0,0.0,0.0,0.0,0.0,0.0,0.0,0.0,0.0,0.0,0.0006030408384407887,27.134523091520887,0.386921472,2.268,0.0025320080040292636,0.5424763702528227
40.808434,-8.4375,361.0,2019-04-26 23:00:00,7.1,83,4.4,4.1,0.0,0.0,0.0,0.0,0,1029.6,985.5,0,0,0,0,0.01,0.18,11.4,24.5,28,20,23.8,9.5,11.6,12.1,11.8,0.41,0.416,0.425,0.413,0,0.0,0.0,0.0,0.0,0.0,0.0,0.0,0.0,0.0,0.0,0.0,0.0,0.0,0.0007405513251375309,27.676026119508414,0.3379502079999999,2.2319999999999998,0.0031490153466568597,0.4903057399319163
40.808434,-8.4375,361.0,2019-04-27 00:00:00,7.2,81,4.1,4.0,0.0,0.0,0.0,0.0,0,1029.8,985.7,0,0,0,1,0.01,0.2,12.8,26.3,22,17,25.2,9.8,11.5,12.1,11.8,0.408,0.415,0.425,0.414,0,0.0,0.0,0.0,0.0,0.0,0.0,0.0,0.0,0.0,0.0,0.0,0.0,0.0,0.0020691406724734573,31.04107174172603,0.38231526400000004,2.25,0.008699876380814257,0.5366601291583784
40.808434,-8.4375,361.0,2019-04-27 01:00:00,7.3,80,4.2,4.1,0.0,0.0,0.0,0.0,0,1029.3,985.2,0,0,0,0,0.01,0.2,12.9,26.1,27,23,27.0,9.4,11.3,12.1,11.8,0.408,0.414,0.425,0.414,0,0.0,0.0,0.0,0.0,0.0,0.0,0.0,0.0,0.0,0.0,0.0,0.0,0.0,0.0066050817393415884,35.751505386234925,0.40728576000000005,2.268,0.027603434477327757,0.562181276839393
40.808434,-8.4375,361.0,2019-04-27 02:00:00,7.3,80,4.1,4.0,0.0,0.0,0.0,0.0,0,1028.8,984.7,0,0,0,1,0.01,0.2,13.2,27.1,29,25,27.4,9.1,11.2,12.1,11.8,0.408,0.414,0.425,0.414,0,0.0,0.0,0.0,0.0,0.0,0.0,0.0,0.0,0.0,0.0,0.0,0.0,0.0,0.014563300905307606,39.44378428577775,0.40728576000000005,2.4548269786858348,0.060667639254021334,0.5757582261003091
40.808434,-8.4375,361.0,2019-04-27 03:00:00,7.2,80,4.0,3.9,0.0,0.0,0.0,0.0,0,1028.5,984.4,0,0,0,1,0.01,0.2,13.3,27.4,33,30,28.1,8.8,11.1,12.1,11.8,0.407,0.413,0.425,0.414,0,0.0,0.0,0.0,0.0,0.0,0.0,0.0,0.0,0.0,0.0,0.0,0.0,0.0,0.030693429079274092,43.44597022188678,0.40243712,4.704826978685835,0.12533180242171657,0.6630795363181679
40.808434,-8.4375,361.0,2019-04-27 04:00:00,7.2,80,3.9,3.9,0.0,0.0,0.0,0.0,0,1028.4,984.3,0,0,0,0,0.01,0.21,12.9,27.4,36,33,28.1,8.6,10.9,12.1,11.8,0.407,0.413,0.424,0.414,0,0.0,0.0,0.0,0.0,0.0,0.0,0.0,0.0,0.0,0.0,0.0,0.0,0.0,0.05665688759756221,47.56800894951419,0.40243712,6.954826978685835,0.22930561853123427,0.7031550668037656
40.808434,-8.4375,361.0,2019-04-27 05:00:00,7.1,80,3.9,3.9,0.0,0.0,0.0,0.0,0,1028.3,984.2,0,0,0,0,0.01,0.2,12.0,25.7,39,34,27.4,8.4,10.8,12.1,11.8,0.407,0.413,0.424,0.414,0,0.0,0.0,0.0,0.0,0.0,0.0,0.0,0.0,0.0,0.0,0.0,0.0,0.0,0.08804329932121649,51.38056846421346,0.41348456474253614,9.186826978685835,0.3532403565005369,0.7433289733859888
40.808434,-8.4375,361.0,2019-04-27 06:00:00,7.3,79,3.9,4.2,0.0,0.0,0.0,0.0,0,1028.2,984.1,0,0,0,0,0.03,0.21,11.7,24.9,34,31,25.6,8.3,10.6,12.1,11.8,0.407,0.412,0.424,0.414,1,0.0,3.0,1.0,2.0,15.7,3.0,27.1,8.2,2.7,5.5,31.4,2.6,74.0,0.1378312546682737,54.63698738890738,0.8411346127425361,11.454826978685833,0.4866973383981085,1.4213439428198873
40.808434,-8.4375,361.0,2019-04-27 07:00:00,9.3,75,5.1,6.4,0.0,0.0,0.0,0.0,0,1028.3,984.6,0,0,0,0,0.05,0.29,11.8,21.3,27,30,24.8,8.7,10.5,12.1,11.8,0.406,0.412,0.424,0.414,1,3266.57,99.0,55.0,44.0,344.2,99.0,203.9,162.0,90.0,72.0,364.5,153.0,333.6,0.22513900881135307,58.98864395995843,1.4714578127425362,14.082826978685834,0.6943494903275471,2.3333974069647434
40.808434,-8.4375,361.0,2019-04-27 08:00:00,11.4,69,5.8,9.1,0.0,0.0,0.0,0.0,0,1028.3,984.9,0,0,0,0,0.13,0.42,8.7,12.7,30,35,23.4,9.9,10.4,12.0,11.8,0.405,0.412,0.424,0.414,1,3600.0,283.0,204.0,79.0,598.4,283.0,460.6,359.2,258.9,100.3,598.4,359.2,584.6,0.29237047877333233,63.869707943590164,2.410881812742536,17.088826978685834,0.7795639278126777,3.5645514798012456
40.808434,-8.4375,361.0,2019-04-27 09:00:00,13.4,65,6.8,11.6,0.0,0.0,0.0,0.0,0,1028.1,985.0,0,0,0,0,0.24,0.55,6.9,9.3,28,36,20.9,11.4,10.5,12.0,11.8,0.404,0.411,0.424,0.414,1,3600.0,479.0,380.0,99.0,733.1,479.0,700.3,554.1,439.6,114.5,733.1,554.1,810.2,0.3801813437322235,69.8263580276872,3.641224212742536,20.454826978685833,0.8807809504251012,5.039643732028258
40.808434,-8.4375,361.0,2019-04-27 10:00:00,15.2,63,8.1,14.3,0.0,0.0,0.0,0.0,0,1027.9,985.0,0,0,0,0,0.34,0.64,6.9,8.8,9,19,19.8,13.2,10.7,12.0,11.8,0.401,0.41,0.423,0.414,1,3600.0,655.0,542.0,113.0,807.8,655.0,906.6,718.8,594.8,124.0,807.8,718.8,994.8,0.5376613984760109,75.17801075250358,5.103331604742536,24.144826978685835,1.0953044221674646,6.677968607505936
40.808434,-8.4375,361.0,2019-04-27 11:00:00,16.8,61,9.3,16.9,0.0,0.0,0.0,0.0,0,1027.6,985.0,0,0,0,0,0.43,0.74,8.3,10.7,5,12,22.7,14.8,10.9,12.0,11.8,0.399,0.409,0.423,0.414,1,3600.0,793.0,670.0,123.0,849.7,793.0,1065.3,838.1,708.1,130.0,849.7,838.1,1126.0,0.8250883670133582,78.48819504077038,6.7957493967425355,28.122826978685836,1.4929484422911778,8.472904557156134
40.808434,-8.4375,361.0,2019-04-27 12:00:00,18.3,60,10.3,18.6,0.0,0.0,0.0,0.0,0,1027.1,984.7,4,0,0,14,0.49,0.85,11.5,14.9,2,7,25.2,16.4,11.3,12.0,11.8,0.396,0.408,0.423,0.414,1,3600.0,881.0,751.0,130.0,870.2,881.0,1165.9,902.8,769.6,133.2,870.2,902.8,1194.7,6.921990394592285,86.58438873291016,9.068707466125488,232.82241821289062,4.833122253417969,16.537599563598633
40.808434,-8.4375,361.0,2019-04-27 13:00:00,19.0,60,11.0,19.3,0.0,0.0,0.0,0.0,0,1026.6,984.3,0,0,0,0,0.51,0.88,13.4,16.9,355,360,31.0,17.4,11.7,12.0,11.8,0.393,0.407,0.422,0.414,1,3600.0,910.0,778.0,132.0,874.9,910.0,1201.3,906.3,774.9,131.5,874.9,906.3,1196.5,8.150529401603597,86.63261854430614,11.01786074612549,237.19641821289062,5.20128192498539,19.74304254777981
40.808434,-8.4375,361.0,2019-04-27 14:00:00,19.0,62,11.6,19.1,0.0,0.0,0.0,0.0,0,1026.0,983.8,0,0,0,0,0.48,0.83,14.9,19.4,345,350,33.8,18.1,12.2,12.0,11.8,0.39,0.406,0.422,0.414,1,3600.0,880.0,750.0,130.0,866.5,880.0,1169.3,851.2,725.5,125.7,866.5,851.2,1131.1,9.45308379276967,86.68086427879102,12.86955636212549,241.57041821289062,5.648156285698862,22.713926894973948
40.808434,-8.4375,361.0,2019-04-27 15:00:00,18.4,69,12.6,17.9,0.0,0.0,0.0,0.0,0,1025.8,983.5,6,7,0,0,0.41,0.66,18.1,24.0,339,343,38.9,18.3,12.6,12.0,11.8,0.388,0.405,0.422,0.414,1,3600.0,793.0,668.0,125.0,841.8,793.0,1072.0,742.0,625.0,117.0,841.8,742.0,1003.0,10.066665219368618,85.61926551195604,14.33505780212549,245.8364182128906,5.715642818541651,25.022390992917817
40.808434,-8.4375,361.0,2019-04-27 16:00:00,17.2,77,13.0,15.8,0.0,0.0,0.0,0.0,0,1025.6,983.1,0,0,0,0,0.31,0.46,19.5,26.5,337,342,41.4,18.2,13.0,12.0,11.8,0.386,0.404,0.422,0.414,1,3600.0,642.0,521.0,121.0,768.3,642.0,916.1,575.4,466.9,108.4,768.3,575.4,821.0,9.109769055151972,83.93846780745903,15.355454090125491,249.88641821289062,4.875876506346985,26.621238132466278
40.808434,-8.4375,361.0,2019-04-27 17:00:00,16.2,79,12.5,14.5,0.0,0.0,0.0,0.0,0,1025.5,982.9,0,0,0,0,0.23,0.39,17.4,24.1,347,350,41.4,17.7,13.3,12.0,11.8,0.386,0.403,0.421,0.414,1,3600.0,473.0,366.0,107.0,694.2,473.0,712.2,396.9,307.1,89.8,694.2,396.9,597.5,7.81774698440639,83.152981356021,16.23620954612549,253.75641821289062,3.9573803217414856,27.99446361283483
40.808434,-8.4375,361.0,2019-04-27 18:00:00,15.3,82,12.2,13.8,0.0,0.0,0.0,0.0,0,1025.4,982.7,1,1,0,0,0.14,0.32,15.2,22.3,353,357,36.7,16.9,13.6,12.0,11.8,0.386,0.402,0.421,0.414,1,3600.0,290.0,209.0,81.0,595.3,290.0,474.3,212.7,153.3,59.4,595.3,212.7,347.8,6.551742893898275,82.28777595176268,16.95186881012549,257.4644182128906,3.17595436154803,29.111816326631118
40.808434,-8.4375,361.0,2019-04-27 19:00:00,14.1,89,12.3,12.9,0.0,0.0,0.0,0.0,0,1025.3,982.4,1,1,0,0,0.05,0.17,13.3,24.6,2,7,32.0,15.9,13.7,12.0,11.8,0.386,0.402,0.421,0.414,1,3471.59,106.0,60.0,46.0,363.2,106.0,218.5,43.1,24.4,18.7,280.2,42.3,88.9,4.7733483795516864,80.18170187662832,17.357215114125488,260.95641821289064,2.265531388955886,29.76497310617543
40.808434,-8.4375,361.0,2019-04-27 20:00:00,12.8,95,12.0,11.6,0.0,0.0,0.0,0.0,0,1025.1,982.0,8,1,0,22,0.01,0.08,12.7,25.6,15,17,27.7,14.8,13.8,12.0,11.8,0.387,0.401,0.421,0.414,0,0.0,5.0,1.0,4.0,14.4,5.0,34.6,0.0,0.0,0.0,0.0,0.0,0.0,3.50055589734841,77.34710220321159,17.52570535412549,264.2144182128906,1.6950311672538974,30.065668040295904
40.808434,-8.4375,361.0,2019-04-27 21:00:00,12.5,93,11.5,11.3,0.0,0.0,0.0,0.0,0,1025.4,982.3,0,0,0,0,0.0,0.1,11.9,25.1,25,27,26.6,14.0,13.8,12.1,11.8,0.388,0.401,0.421,0.414,0,0.0,0.0,0.0,0.0,0.0,0.0,0.0,0.0,0.0,0.0,0.0,0.0,0.0,3.386884550927891,77.39228232126935,17.75650061812549,267.41841821289063,1.6337639115859452,30.45713952346337
40.808434,-8.4375,361.0,2019-04-27 22:00:00,12.2,92,11.0,11.0,0.0,0.0,0.0,0.0,0,1024.9,981.7,1,0,0,3,0.0,0.11,10.9,23.1,34,34,24.8,13.4,13.8,12.1,11.8,0.388,0.401,0.42,0.414,0,0.0,0.0,0.0,0.0,0.0,0.0,0.0,0.0,0.0,0.0,0.0,0.0,0.0,3.2388129636418204,77.4374773555587,18.014448266125488,270.5684182128906,1.5589552781501996,30.887646861279865
40.808434,-8.4375,361.0,2019-04-27 23:00:00,11.8,92,10.6,10.7,0.0,0.0,0.0,0.0,0,1024.5,981.3,0,0,0,0,0.0,0.11,9.1,18.4,56,48,22.3,12.9,13.7,12.1,11.8,0.389,0.4,0.42,0.414,0,0.0,0.0,0.0,0.0,0.0,0.0,0.0,0.0,0.0,0.0,0.0,0.0,0.0,2.940993231998765,77.4826873110042,18.264638090125487,273.6464182128906,1.4288292268954221,31.305526845381497
40.808434,-8.4375,361.0,2019-04-28 00:00:00,11.5,92,10.2,10.7,0.0,0.0,0.0,0.0,0,1024.1,980.8,0,0,0,1,0.0,0.11,6.3,8.7,77,83,18.4,14.2,13.6,12.1,11.8,0.389,0.4,0.42,0.415,0,0.0,0.0,0.0,0.0,0.0,0.0,0.0,0.0,0.0,0.0,0.0,0.0,0.0,2.4801773839466756,77.52791219253211,18.509009546125487,276.6704182128906,1.2452384021990872,31.713932986916546
40.808434,-8.4375,361.0,2019-04-28 01:00:00,11.5,91,10.0,11.1,0.0,0.0,0.0,0.0,0,1023.6,980.4,1,0,0,3,0.0,0.13,2.9,5.7,90,162,13.7,13.3,13.6,12.1,11.8,0.39,0.4,0.42,0.415,0,0.0,0.0,0.0,0.0,0.0,0.0,0.0,0.0,0.0,0.0,0.0,0.0,0.0,1.9561071547495255,77.57315200507028,18.783927434125488,279.6944182128906,1.0529405660341375,32.16709941947867
40.808434,-8.4375,361.0,2019-04-28 02:00:00,11.1,88,9.2,10.2,0.0,0.0,0.0,0.0,0,1023.2,979.9,14,0,0,47,0.0,0.15,4.6,5.2,108,168,9.0,12.6,13.5,12.1,11.8,0.39,0.4,0.42,0.415,0,0.0,0.0,0.0,0.0,0.0,0.0,0.0,0.0,0.0,0.0,0.0,0.0,0.0,2.309416834755028,77.70202601262069,19.13884788212549,282.6464182128906,1.1590259135932985,32.73605188578888
40.808434,-8.4375,361.0,2019-04-28 03:00:00,11.3,86,9.0,10.5,0.0,0.0,0.0,0.0,0,1022.7,979.5,19,0,0,62,0.0,0.19,4.0,3.6,100,135,8.6,12.0,13.4,12.1,11.8,0.39,0.4,0.42,0.415,0,0.0,0.0,0.0,0.0,0.0,0.0,0.0,0.0,0.0,0.0,0.0,0.0,0.0,2.347327290063203,78.03883890694621,19.55970983412549,285.6344182128906,1.1562159233528886,33.40127741484924
40.808434,-8.4375,361.0,2019-04-28 04:00:00,10.7,88,8.8,9.8,0.0,0.0,0.0,0.0,0,1022.4,979.1,19,0,0,62,0.0,0.15,4.1,2.9,75,97,7.6,11.5,13.2,12.1,11.8,0.391,0.4,0.42,0.415,0,0.0,0.0,0.0,0.0,0.0,0.0,0.0,0.0,0.0,0.0,0.0,0.0,0.0,2.4152147022668737,78.08424740211561,19.90299354612549,288.5144182128906,1.1665259343754852,33.950798563977465
40.808434,-8.4375,361.0,2019-04-28 05:00:00,10.2,88,8.4,9.1,0.0,0.0,0.0,0.0,0,1022.0,978.7,12,0,0,40,0.0,0.15,5.0,3.9,69,56,9.4,11.1,13.1,12.1,11.8,0.391,0.399,0.419,0.415,0,0.0,0.0,0.0,0.0,0.0,0.0,0.0,0.0,0.0,0.0,0.0,0.0,0.0,2.6223432226337478,78.12967088891538,20.23173133812549,291.3044182128906,1.2253691579319825,34.477174105080145
40.808434,-8.4375,361.0,2019-04-28 06:00:00,11.1,84,8.5,10.0,0.0,0.0,0.0,0.0,0,1021.9,978.7,6,0,0,20,0.02,0.21,5.2,6.7,65,54,10.4,10.9,12.9,12.1,11.8,0.391,0.399,0.419,0.415,1,0.0,3.0,1.0,2.0,15.2,3.0,29.8,8.0,2.7,5.3,30.6,2.7,79.5,2.8510684828994894,78.57557300440398,20.704958602125487,294.2564182128906,1.2870525361464682,35.215235116445186
40.808434,-8.4375,361.0,2019-04-28 07:00:00,14.9,77,10.9,14.3,0.0,0.0,0.0,0.0,0,1021.9,979.2,8,0,0,25,0.05,0.39,5.9,9.0,76,61,11.5,11.6,12.8,12.1,11.8,0.391,0.399,0.419,0.415,1,3343.06,93.0,48.0,45.0,296.9,93.0,209.1,150.6,77.7,72.9,310.0,144.2,338.6,3.686035392769522,80.12749619928306,21.597108362125486,297.8924182128906,1.551469993307482,36.56655656648419
40.808434,-8.4375,361.0,2019-04-28 08:00:00,17.3,67,11.1,17.1,0.0,0.0,0.0,0.0,0,1021.9,979.6,2,0,0,5,0.15,0.66,4.2,9.2,59,69,13.7,13.0,12.7,12.1,11.8,0.39,0.399,0.419,0.415,1,3600.0,283.0,197.0,86.0,571.7,283.0,465.4,358.3,249.4,108.9,571.7,358.3,589.1,4.656234794066078,82.38976381401906,23.069155466125487,301.9604182128906,1.8476665220223956,38.73930305753679
40.808434,-8.4375,361.0,2019-04-28 09:00:00,18.9,60,10.8,18.4,0.0,0.0,0.0,0.0,0,1021.8,979.7,6,0,0,20,0.28,0.88,4.8,7.2,63,72,14.4,14.7,12.8,12.1,11.8,0.389,0.398,0.419,0.415,1,3600.0,484.0,381.0,103.0,730.3,484.0,704.5,559.3,440.3,119.0,730.3,559.3,814.1,6.529114051856733,84.42228916779845,25.008611466125487,306.3164182128906,2.480539256361453,41.53882947033652
40.808434,-8.4375,361.0,2019-04-28 10:00:00,20.4,56,11.5,21.2,0.0,0.0,0.0,0.0,0,1021.6,979.7,19,0,0,63,0.4,1.05,3.0,4.4,104,99,14.8,16.5,13.0,12.1,11.8,0.387,0.398,0.418,0.415,1,3600.0,659.0,541.0,118.0,802.6,659.0,910.3,722.7,593.3,129.4,802.6,722.7,998.3,7.466912984411797,85.76062010381762,27.302018186125487,310.9424182128906,2.72386686642092,44.77538153625647
40.808434,-8.4375,361.0,2019-04-28 11:00:00,21.4,54,11.7,23.0,0.0,0.0,0.0,0.0,1,1021.5,979.8,26,0,0,88,0.49,1.18,2.9,3.1,210,201,13.7,18.1,13.3,12.2,11.8,0.384,0.397,0.418,0.415,1,3600.0,772.0,598.0,174.0,755.6,772.0,1068.6,815.7,631.8,183.8,755.6,815.7,1129.0,8.617750389521065,86.57439433021983,29.811189386125488,315.74841821289056,3.039101843093506,48.23676806705351
40.808434,-8.4375,361.0,2019-04-28 12:00:00,21.8,54,12.1,23.5,0.0,0.0,0.0,0.0,1,1021.0,979.3,27,0,0,90,0.51,1.19,3.9,4.3,248,246,16.2,19.1,13.4,12.1,11.8,0.382,0.396,0.418,0.415,1,3600.0,795.0,511.0,284.0,590.3,795.0,1168.8,814.5,523.6,291.0,590.3,814.5,1197.5,11.290281295776367,90.18162536621094,13.2216796875,238.50128173828125,6.911549091339111,23.193359375
40.808434,-8.4375,361.0,2019-04-28 13:00:00,22.1,58,13.4,24.0,0.0,0.0,0.0,0.0,1,1020.6,979.0,29,0,1,94,0.52,1.12,5.4,6.1,266,270,17.6,20.0,13.8,12.2,11.8,0.379,0.395,0.418,0.415,1,3600.0,806.0,490.0,316.0,549.5,806.0,1204.0,802.7,488.0,314.7,549.5,802.7,1199.1,8.55043515650784,88.4455873054735,15.583937095500001,243.43328173828124,4.502893547883993,26.867856337409265
40.808434,-8.4375,361.0,2019-04-28 14:00:00,21.9,66,15.2,23.8,0.0,0.0,0.0,0.0,1,1020.2,978.6,29,0,0,95,0.5,0.9,9.1,10.5,288,292,23.0,20.6,14.2,12.2,11.8,0.376,0.395,0.418,0.415,1,3600.0,813.0,528.0,285.0,608.4,813.0,1171.9,786.5,510.8,275.7,608.4,786.5,1133.6,8.754681047092907,86.86037596839007,17.479755335500002,248.32928173828122,4.3255871632553475,29.728143379077178
40.808434,-8.4375,361.0,2019-04-28 15:00:00,21.5,68,15.3,23.0,0.0,0.0,0.0,0.0,1,1019.8,978.2,37,12,0,86,0.45,0.83,10.7,12.9,303,306,25.9,20.9,14.6,12.2,11.8,0.374,0.394,0.417,0.415,1,3600.0,755.0,551.0,204.0,692.3,755.0,1074.6,706.6,515.6,190.9,692.3,706.6,1005.7,9.105416212254207,86.21392667416822,19.2330235595,253.15328173828124,4.27884867882291,32.32618682784033
40.808434,-8.4375,361.0,2019-04-28 16:00:00,20.7,71,15.1,21.1,0.0,0.0,0.0,0.0,0,1019.6,977.9,16,3,0,44,0.37,0.72,11.7,14.5,313,316,27.0,20.7,15.0,12.2,11.8,0.372,0.393,0.417,0.415,1,3600.0,623.0,458.0,165.0,673.0,623.0,918.9,558.6,410.7,147.9,673.0,558.6,823.9,9.106281864272397,85.52828737753774,20.7656786635,257.83328173828124,4.087929356939478,34.57063221331539
40.808434,-8.4375,361.0,2019-04-28 17:00:00,20.1,72,14.8,20.1,0.0,0.0,0.0,0.0,1,1019.5,977.7,34,17,1,60,0.27,0.67,10.8,14.2,334,339,26.6,20.3,15.3,12.2,11.8,0.371,0.392,0.417,0.415,1,3600.0,465.0,342.0,123.0,645.6,465.0,715.3,390.6,287.3,103.3,645.6,390.6,600.8,8.690464685627163,85.17349247781301,22.2047550155,262.40528173828125,3.719191026817381,36.65511371419193
40.808434,-8.4375,361.0,2019-04-28 18:00:00,19.1,75,14.5,19.3,0.0,0.0,0.0,0.0,0,1019.2,977.3,17,4,1,43,0.15,0.56,9.1,13.6,342,349,23.8,19.5,15.6,12.2,11.8,0.371,0.392,0.417,0.415,1,3600.0,256.0,146.0,110.0,412.6,256.0,477.7,188.4,107.4,80.9,412.6,188.4,351.5,7.643191109128292,84.49523799300279,23.429036615500003,266.79728173828124,3.111263974630848,38.42275389424214
40.808434,-8.4375,361.0,2019-04-28 19:00:00,17.4,83,14.4,17.8,0.0,0.0,0.0,0.0,0,1019.1,976.9,19,0,0,62,0.06,0.34,7.2,15.9,6,18,18.7,18.5,15.8,12.3,11.8,0.372,0.391,0.417,0.415,1,3530.09,104.0,52.0,52.0,312.1,104.0,222.4,43.5,21.8,21.8,249.7,43.0,93.1,5.6755650623663,82.6370391120959,24.1914852555,270.88328173828126,2.2165473291372075,39.552326563973836
40.808434,-8.4375,361.0,2019-04-28 20:00:00,15.7,88,13.7,15.7,0.0,0.0,0.0,0.0,1,1019.0,976.6,27,0,0,91,0.02,0.21,8.4,18.1,20,21,17.3,17.2,15.8,12.3,11.8,0.373,0.391,0.416,0.415,0,0.0,5.0,1.0,4.0,14.1,5.0,36.6,0.0,0.0,0.0,0.0,0.0,0.0,4.89294548169134,80.7664738545775,24.6802281675,274.6632817382812,1.8857697972456071,40.30606986490607
40.808434,-8.4375,361.0,2019-04-28 21:00:00,15.2,88,13.2,14.8,0.0,0.0,0.0,0.0,1,1019.3,976.8,29,0,0,97,0.0,0.21,9.4,19.1,32,22,19.1,16.3,15.8,12.3,11.8,0.373,0.391,0.416,0.415,0,0.0,0.0,0.0,0.0,0.0,0.0,0.0,0.0,0.0,0.0,0.0,0.0,0.0,4.943133697682642,80.28030364598457,25.1544251595,278.3532817382812,1.8809269959589665,41.0375702768653
40.808434,-8.4375,361.0,2019-04-28 22:00:00,15.0,85,12.5,14.5,0.0,0.0,0.0,0.0,1,1019.1,976.6,26,0,0,85,0.0,0.26,9.4,18.0,47,29,19.1,15.6,15.7,12.3,11.8,0.374,0.39,0.416,0.415,0,0.0,0.0,0.0,0.0,0.0,0.0,0.0,0.0,0.0,0.0,0.0,0.0,0.0,5.043385182534688,80.32645216151175,25.7398984395,282.0072817382812,1.8902311825107336,41.91535443339275
40.808434,-8.4375,361.0,2019-04-28 23:00:00,14.5,86,12.2,14.1,0.0,0.0,0.0,0.0,0,1019.0,976.4,12,0,0,41,0.0,0.23,7.1,14.5,60,35,18.7,15.1,15.6,12.3,11.8,0.375,0.39,0.416,0.415,0,0.0,0.0,0.0,0.0,0.0,0.0,0.0,0.0,0.0,0.0,0.0,0.0,0.0,4.559855028275431,80.37261591298727,26.269369927499998,285.57128173828124,1.6917405599424802,42.7153918656148
40.808434,-8.4375,361.0,2019-04-29 00:00:00,13.4,88,11.5,13.1,0.0,0.0,0.0,0.0,0,1018.9,976.2,1,0,0,2,0.0,0.18,5.5,9.8,67,24,14.8,15.6,15.5,12.4,11.8,0.375,0.39,0.416,0.415,0,0.0,0.0,0.0,0.0,0.0,0.0,0.0,0.0,0.0,0.0,0.0,0.0,0.0,4.060930836249251,80.01356352369292,26.6912016075,288.93728173828123,1.5024751079456016,43.367084433806205
40.808434,-8.4375,361.0,2019-04-29 01:00:00,14.6,81,11.4,14.6,0.0,0.0,0.0,0.0,0,1018.8,976.2,6,0,0,21,0.0,0.32,3.3,4.7,84,32,10.4,14.7,15.4,12.4,11.8,0.376,0.39,0.416,0.415,0,0.0,0.0,0.0,0.0,0.0,0.0,0.0,0.0,0.0,0.0,0.0,0.0,0.0,3.78269695882025,80.29920703589735,27.4143762635,292.5192817382812,1.385975993414082,44.421092156832046
40.808434,-8.4375,361.0,2019-04-29 02:00:00,15.1,80,11.7,15.4,0.0,0.0,0.0,0.0,0,1018.4,975.9,11,0,0,38,0.0,0.35,1.6,1.8,117,37,5.8,13.9,15.2,12.4,11.8,0.376,0.39,0.415,0.415,0,0.0,0.0,0.0,0.0,0.0,0.0,0.0,0.0,0.0,0.0,0.0,0.0,0.0,3.628319392208947,80.58797641501882,28.199855943499998,296.19128173828125,1.3125746451108387,45.55635814687034
40.808434,-8.4375,361.0,2019-04-29 03:00:00,14.3,84,11.6,14.6,0.0,0.0,0.0,0.0,1,1018.0,975.4,24,0,0,81,0.0,0.26,1.5,1.1,135,18,2.9,13.2,15.1,12.4,11.8,0.377,0.39,0.415,0.415,0,0.0,0.0,0.0,0.0,0.0,0.0,0.0,0.0,0.0,0.0,0.0,0.0,0.0,3.685272454574285,80.63422650881697,28.797208391499996,299.71928173828127,1.3126224222657705,46.439563888949124
40.808434,-8.4375,361.0,2019-04-29 04:00:00,13.4,89,11.6,13.6,0.0,0.0,0.0,0.0,1,1018.2,975.5,23,0,0,78,0.0,0.17,2.1,3.5,31,336,3.6,12.6,14.9,12.4,11.8,0.377,0.39,0.415,0.415,0,0.0,0.0,0.0,0.0,0.0,0.0,0.0,0.0,0.0,0.0,0.0,0.0,0.0,3.5069856833497592,79.85956554819346,29.183887431499997,303.08528173828125,1.245896505819795,47.043341817800304
40.808434,-8.4375,361.0,2019-04-29 05:00:00,11.7,92,10.5,11.3,0.0,0.0,0.0,0.0,0,1017.9,974.9,20,0,0,65,0.0,0.11,4.2,5.4,59,4,6.8,12.1,14.6,12.4,11.8,0.378,0.39,0.415,0.415,0,0.0,0.0,0.0,0.0,0.0,0.0,0.0,0.0,0.0,0.0,0.0,0.0,0.0,3.444740176487788,78.53491806911879,29.432137799499998,306.14528173828126,1.2193535004086609,47.45800386494499
40.808434,-8.4375,361.0,2019-04-29 06:00:00,11.8,90,10.2,11.2,0.0,0.0,0.0,0.0,1,1018.1,975.1,24,0,0,80,0.01,0.14,4.3,6.9,48,354,7.6,11.8,14.4,12.5,11.8,0.378,0.389,0.415,0.415,1,0.0,4.0,1.0,3.0,14.8,4.0,32.4,10.5,2.6,7.8,30.0,3.7,84.8,3.5120274881101654,78.58049034499493,29.744875079499998,309.22328173828123,1.2305308337382328,47.957019333799906
40.808434,-8.4375,361.0,2019-04-29 07:00:00,14.0,87,12.0,14.2,0.0,0.0,0.0,0.0,1,1018.4,975.8,24,0,0,79,0.04,0.2,2.9,6.7,360,344,7.6,12.5,14.2,12.5,11.8,0.378,0.389,0.415,0.415,1,3417.83,100.0,48.0,52.0,293.5,100.0,214.2,160.3,76.9,83.4,302.5,155.6,343.4,3.2953559176347063,78.64677216641802,30.2207690955,312.6972817382812,1.1535917936897955,48.679828518552256
40.808434,-8.4375,361.0,2019-04-29 08:00:00,15.8,84,13.1,16.4,0.0,0.0,0.0,0.0,0,1018.4,976.0,7,0,1,21,0.14,0.29,3.1,3.9,291,326,11.9,13.9,14.1,12.5,11.8,0.378,0.389,0.415,0.415,1,3600.0,280.0,185.0,95.0,531.3,280.0,469.9,353.6,233.6,120.0,531.3,353.6,593.4,3.591034686140468,79.17317346568824,30.8763052235,316.4952817382812,1.2239112044400573,49.64466000204277
40.808434,-8.4375,361.0,2019-04-29 09:00:00,17.3,83,14.3,18.0,0.0,0.0,0.0,0.0,0,1018.5,976.3,7,0,0,23,0.26,0.34,4.7,4.9,274,287,15.8,15.5,14.1,12.5,11.8,0.377,0.389,0.414,0.415,1,3600.0,483.0,377.0,106.0,718.1,483.0,708.6,557.6,435.2,122.4,718.1,557.6,817.9,4.272310083564686,79.77768809336013,31.634632519500002,320.5632817382812,1.4084523221553047,50.74893077641729
40.808434,-8.4375,361.0,2019-04-29 10:00:00,18.3,83,15.3,19.8,0.0,0.0,0.0,0.0,1,1018.5,976.5,21,1,0,67,0.36,0.36,6.5,7.3,270,279,19.8,17.1,14.2,12.5,11.8,0.375,0.388,0.414,0.415,1,3600.0,661.0,545.0,116.0,804.9,661.0,913.8,724.5,597.4,127.1,804.9,724.5,1001.6,5.0100990116716595,80.21598803534253,32.4341732555,324.8112817382812,1.6141199972041447,51.90968540079007
40.808434,-8.4375,361.0,2019-04-29 11:00:00,19.0,80,15.4,21.0,0.0,0.0,0.0,0.0,3,1018.5,976.6,92,91,0,33,0.44,0.45,8.1,9.9,283,289,23.4,18.5,14.5,12.5,11.8,0.373,0.388,0.414,0.415,1,3600.0,785.0,629.0,156.0,792.1,785.0,1071.8,829.1,664.4,164.8,792.1,829.1,1132.0,6.002287966280448,80.97928566582925,33.4087498955,329.1852817382812,1.902304370701753,53.295265537688856
40.808434,-8.4375,361.0,2019-04-29 12:00:00,20.1,77,16.0,22.4,0.0,0.0,0.0,0.0,2,1017.8,976.1,62,69,0,0,0.47,0.54,9.2,11.2,296,303,25.6,20.1,14.8,12.5,11.8,0.371,0.388,0.411,0.415,1,3600.0,812.0,559.0,253.0,643.9,812.0,1171.6,831.8,572.6,259.2,643.9,831.8,1200.2,14.249492645263672,90.82849884033203,17.572265625,244.22303771972656,7.887062072753906,29.650390625
40.808434,-8.4375,361.0,2019-04-29 13:00:00,19.8,79,16.1,22.1,0.0,0.0,0.0,0.0,2,1017.6,975.8,57,63,0,0,0.48,0.48,11.4,14.1,305,310,28.4,20.8,15.1,12.5,11.8,0.368,0.387,0.41,0.415,1,3600.0,877.0,665.0,212.0,743.8,877.0,1206.6,873.4,662.2,211.1,743.8,873.4,1201.6,7.7411333730076635,84.76527506230586,18.636299673,248.74103771972656,3.624340397876347,31.39257421993997
40.808434,-8.4375,361.0,2019-04-29 14:00:00,19.1,82,15.9,20.6,0.0,0.0,0.0,0.0,0,1017.7,975.8,11,12,0,0,0.41,0.41,12.2,15.5,313,318,30.2,21.1,15.5,12.5,11.8,0.366,0.386,0.41,0.415,1,3600.0,771.0,518.0,253.0,595.2,771.0,1174.4,745.9,501.1,244.8,595.2,745.9,1136.1,6.66976392119759,83.01476196005109,19.517782425,253.13303771972656,2.9915892246451894,32.72703318867993
40.808434,-8.4375,361.0,2019-04-29 15:00:00,18.5,76,14.1,19.1,0.0,0.0,0.0,0.0,0,1017.5,975.5,9,0,5,21,0.4,0.52,13.0,16.9,321,326,31.3,21.1,15.8,12.6,11.8,0.364,0.385,0.41,0.415,1,3600.0,757.0,605.0,152.0,758.0,757.0,1077.2,708.6,566.3,142.3,758.0,708.6,1008.3,7.182927796751783,83.06181325793511,20.658182553,257.4170377197266,3.1334857434451613,34.412251625120675
40.808434,-8.4375,361.0,2019-04-29 16:00:00,18.2,70,12.7,17.8,0.0,0.0,0.0,0.0,0,1017.6,975.6,8,0,0,28,0.35,0.62,12.6,16.6,329,336,31.0,20.8,16.1,12.6,11.8,0.362,0.384,0.41,0.415,1,3600.0,657.0,533.0,124.0,780.5,657.0,921.6,589.4,478.2,111.2,780.5,589.4,826.8,7.647560991275974,83.45017386608103,22.061863833,261.6470377197266,3.22925159557942,36.44185853571089
40.808434,-8.4375,361.0,2019-04-29 17:00:00,16.9,75,12.4,15.7,0.0,0.0,0.0,0.0,0,1017.9,975.7,0,0,0,0,0.25,0.49,13.4,17.8,333,339,30.2,20.1,16.3,12.6,11.8,0.361,0.384,0.409,0.415,1,3600.0,491.0,387.0,104.0,727.1,491.0,718.3,412.9,325.4,87.5,727.1,412.9,604.0,8.179242752055426,83.49736891535622,23.152807833,265.6430377197266,3.382882592587847,38.02105627171692
40.808434,-8.4375,361.0,2019-04-29 18:00:00,15.6,79,12.0,14.4,0.0,0.0,0.0,0.0,0,1017.9,975.5,0,0,0,0,0.15,0.38,12.4,17.2,334,340,29.2,19.2,16.5,12.6,11.8,0.361,0.383,0.409,0.415,1,3600.0,303.0,222.0,81.0,622.7,303.0,481.1,223.7,163.9,59.8,622.7,223.7,355.1,7.546113436030059,83.0140489343949,24.003016857000002,269.4050377197266,3.0216151108770513,39.26100007748265
40.808434,-8.4375,361.0,2019-04-29 19:00:00,13.4,89,11.6,12.3,0.0,0.0,0.0,0.0,0,1018.2,975.5,0,0,0,0,0.05,0.17,11.0,19.4,337,349,27.0,17.8,16.5,12.7,11.8,0.361,0.383,0.409,0.415,1,3588.44,116.0,68.0,48.0,404.8,116.0,226.3,49.8,29.2,20.6,335.2,49.7,97.2,5.2833623451541545,80.33156446658684,24.389695897000003,272.77103771972656,2.0500639470191206,39.86754635200023
40.808434,-8.4375,361.0,2019-04-29 20:00:00,11.6,95,10.8,10.4,0.0,0.0,0.0,0.0,0,1018.6,975.6,0,0,0,1,0.01,0.07,9.7,20.5,356,3,23.4,16.4,16.5,12.7,11.8,0.362,0.383,0.409,0.415,0,0.0,6.0,2.0,4.0,27.6,6.0,38.7,0.0,0.0,0.0,0.0,0.0,0.0,3.7059782887186357,77.37998132260874,24.543640217000004,275.81303771972654,1.4609314628243837,40.15430219021274
40.808434,-8.4375,361.0,2019-04-29 21:00:00,10.9,95,10.2,9.6,0.0,0.0,0.0,0.0,0,1019.0,975.9,1,1,0,0,0.0,0.06,9.6,20.6,20,16,21.2,15.2,16.3,12.7,11.8,0.363,0.382,0.409,0.415,0,0.0,0.0,0.0,0.0,0.0,0.0,0.0,0.0,0.0,0.0,0.0,0.0,0.0,3.4500850222517125,76.53929161028417,24.689099417000005,278.72903771972653,1.3667518640753926,40.426099673136534
40.808434,-8.4375,361.0,2019-04-29 22:00:00,10.4,94,9.5,9.2,0.0,0.0,0.0,0.0,0,1019.0,975.8,0,0,0,0,0.0,0.07,7.4,17.8,29,18,20.9,14.3,16.1,12.7,11.8,0.364,0.382,0.409,0.415,0,0.0,0.0,0.0,0.0,0.0,0.0,0.0,0.0,0.0,0.0,0.0,0.0,0.0,3.048273233565312,76.58420502939566,24.856377497000004,281.55503771972656,1.227146983444482,40.72458615296759
40.808434,-8.4375,361.0,2019-04-29 23:00:00,10.0,94,9.2,8.8,0.0,0.0,0.0,0.0,0,1018.8,975.6,0,0,0,0,0.0,0.07,7.3,17.8,20,7,16.9,13.6,15.9,12.7,11.8,0.364,0.382,0.409,0.415,0,0.0,0.0,0.0,0.0,0.0,0.0,0.0,0.0,0.0,0.0,0.0,0.0,0.0,3.059746105367189,76.62913327668797,25.017837209000003,284.3090377197266,1.2248111774549109,41.01324934958299
40.808434,-8.4375,361.0,2019-04-30 00:00:00,9.6,95,8.9,8.1,0.0,0.0,0.0,0.0,0,1018.8,975.5,0,0,0,0,0.0,0.06,8.0,18.8,27,12,17.6,14.2,15.6,12.7,11.8,0.363,0.381,0.408,0.414,0,0.0,0.0,0.0,0.0,0.0,0.0,0.0,0.0,0.0,0.0,0.0,0.0,0.0,3.103184837167768,76.21697130457584,25.147538329000003,286.9910377197266,1.2337366229622113,41.25719158232804
40.808434,-8.4375,361.0,2019-04-30 01:00:00,9.3,95,8.6,8.1,0.0,0.0,0.0,0.0,0,1018.5,975.2,0,0,0,0,0.0,0.05,5.9,13.8,47,20,18.0,13.3,15.4,12.8,11.8,0.364,0.381,0.408,0.414,0,0.0,0.0,0.0,0.0,0.0,0.0,0.0,0.0,0.0,0.0,0.0,0.0,0.0,2.6911330829097353,76.06700906691793,25.273602969000002,289.6190377197266,1.0990439673013346,41.49463374751421
40.808434,-8.4375,361.0,2019-04-30 02:00:00,8.3,96,7.6,7.1,0.0,0.0,0.0,0.0,0,1018.1,974.6,0,0,0,0,0.0,0.05,4.0,8.4,63,10,13.7,12.6,15.2,12.8,11.8,0.365,0.381,0.408,0.414,0,0.0,0.0,0.0,0.0,0.0,0.0,0.0,0.0,0.0,0.0,0.0,0.0,0.0,2.26007780937334,75.54342323924892,25.364757401000002,292.06703771972656,0.9667272246764333,41.68016107800415
40.808434,-8.4375,361.0,2019-04-30 03:00:00,7.7,95,7.0,6.4,0.0,0.0,0.0,0.0,0,1017.8,974.3,0,0,0,0,0.0,0.05,3.7,5.6,79,15,9.7,11.9,14.9,12.8,11.8,0.365,0.38,0.408,0.414,0,0.0,0.0,0.0,0.0,0.0,0.0,0.0,0.0,0.0,0.0,0.0,0.0,0.0,2.2300517167405753,75.58800787207375,25.471427481000003,294.40703771972653,0.9547726917198921,41.88365785544506
40.808434,-8.4375,361.0,2019-04-30 04:00:00,7.7,95,6.9,6.5,0.0,0.0,0.0,0.0,0,1017.9,974.4,0,0,0,0,0.0,0.06,3.3,2.6,96,56,7.9,11.4,14.6,12.8,11.8,0.366,0.38,0.408,0.414,0,0.0,0.0,0.0,0.0,0.0,0.0,0.0,0.0,0.0,0.0,0.0,0.0,0.0,2.1835368345991504,75.6326072245305,25.578097561000003,296.7470377197265,0.9382438031040363,42.08698144354853
40.808434,-8.4375,361.0,2019-04-30 05:00:00,7.6,94,6.7,6.2,0.0,0.0,0.0,0.0,0,1017.7,974.1,5,6,0,0,0.0,0.06,3.5,1.6,114,117,7.6,11.0,14.3,12.8,11.8,0.366,0.38,0.408,0.414,0,0.0,0.0,0.0,0.0,0.0,0.0,0.0,0.0,0.0,0.0,0.0,0.0,0.0,2.2384441140919518,75.67722130147887,25.704647065000003,299.0690377197265,0.9503203179468066,42.316627836247264
40.808434,-8.4375,361.0,2019-04-30 06:00:00,8.2,93,7.1,7.0,0.0,0.0,0.0,0.0,0,1018.0,974.5,17,19,0,0,0.01,0.08,3.2,1.8,117,90,7.6,10.7,14.1,12.8,11.8,0.367,0.38,0.408,0.414,1,0.0,5.0,1.0,4.0,14.3,5.0,35.0,12.9,2.6,10.3,29.5,4.8,90.1,2.212423616003314,75.72185010778017,25.862470297,301.4990377197265,0.9386214140769967,42.591281625462486
40.808434,-8.4375,361.0,2019-04-30 07:00:00,11.4,85,9.0,11.0,0.0,0.0,0.0,0.0,0,1018.3,975.3,18,20,0,0,0.04,0.2,1.1,2.8,162,50,6.8,11.4,13.8,12.8,11.8,0.367,0.38,0.408,0.414,1,3491.54,107.0,60.0,47.0,362.9,107.0,219.2,169.9,95.3,74.6,369.3,167.0,348.1,2.096754541199469,76.62551560632807,26.317030297000002,304.5050377197265,0.8959377220468254,43.28231137291212
40.808434,-8.4375,361.0,2019-04-30 08:00:00,13.6,79,10.1,13.4,0.0,0.0,0.0,0.0,0,1018.4,975.7,0,0,0,0,0.13,0.32,1.8,2.3,281,342,10.1,12.7,13.7,12.8,11.8,0.367,0.38,0.407,0.414,1,3600.0,281.0,193.0,88.0,548.8,281.0,474.4,354.0,243.1,110.9,548.8,354.0,597.6,2.7231581575602144,78.2950809470892,27.065417881000002,307.9070377197265,1.0578459333476762,44.378516499550194
40.808434,-8.4375,361.0,2019-04-30 09:00:00,15.7,78,11.8,15.6,0.0,0.0,0.0,0.0,0,1018.2,975.8,0,0,0,0,0.26,0.39,4.2,4.9,290,306,15.1,14.4,13.7,12.8,11.8,0.366,0.38,0.407,0.414,1,3600.0,492.0,390.0,102.0,738.3,492.0,712.5,567.4,449.7,117.6,738.3,567.4,821.7,3.8563704730407045,79.84207033872774,27.961446553000002,311.68703771972645,1.382479674467111,45.67837473361315
40.808434,-8.4375,361.0,2019-04-30 10:00:00,17.2,78,13.2,17.9,0.0,0.0,0.0,0.0,0,1018.0,975.8,0,0,0,0,0.36,0.44,7.3,8.7,303,315,20.9,16.1,13.8,12.8,11.8,0.364,0.379,0.407,0.414,1,3600.0,674.0,560.0,114.0,823.5,674.0,917.3,738.4,613.5,124.9,823.5,738.4,1004.9,5.248954007415097,80.90531082995206,28.937477785000002,315.73703771972646,1.8119795092745956,47.08625168551843
40.808434,-8.4375,361.0,2019-04-30 11:00:00,18.5,75,13.9,20.0,0.0,0.0,0.0,0.0,0,1017.8,975.8,0,0,0,0,0.44,0.54,8.4,10.3,313,324,23.4,17.7,14.0,12.8,11.8,0.362,0.378,0.407,0.414,1,3600.0,800.0,664.0,136.0,833.3,800.0,1074.8,844.7,701.1,143.6,833.3,844.7,1134.9,6.3995495895588475,81.9676438960433,30.125394585000002,320.02103771972645,2.168140850212858,48.77266945886109
40.808434,-8.4375,361.0,2019-04-30 12:00:00,19.2,72,14.0,21.3,0.0,0.0,0.0,0.0,0,1017.6,975.7,0,0,0,0,0.51,0.63,9.2,11.5,312,321,26.3,18.9,14.1,12.8,11.8,0.357,0.38,0.406,0.414,1,3600.0,900.0,775.0,125.0,890.2,900.0,1174.4,921.8,793.8,128.0,890.2,921.8,1202.8,16.21971893310547,90.87732696533203,21.224609375,249.63226318359375,8.333036422729492,35.0546875
40.808434,-8.4375,361.0,2019-04-30 13:00:00,19.5,74,14.6,21.6,0.0,0.0,0.0,0.0,0,1017.2,975.4,0,0,0,0,0.52,0.6,10.9,13.6,314,323,28.1,19.9,14.5,12.8,11.8,0.355,0.379,0.406,0.414,1,3600.0,936.0,808.0,128.0,901.3,936.0,1209.2,932.1,804.6,127.5,901.3,932.1,1204.1,9.375366094575169,85.74431017724251,22.523075167,254.09626318359375,4.046505629958479,36.87471899140867
40.808434,-8.4375,361.0,2019-04-30 14:00:00,19.4,76,15.0,21.3,0.0,0.0,0.0,0.0,0,1016.9,975.1,0,0,0,0,0.49,0.54,12.2,15.2,317,324,29.9,20.5,14.9,12.8,11.8,0.352,0.378,0.405,0.414,1,3600.0,904.0,776.0,128.0,889.4,904.0,1176.8,874.6,750.8,123.8,889.4,874.6,1138.6,8.732694945178588,84.43921624694467,23.715840606999997,258.5422631835938,3.609797387367004,38.583589531537946
40.808434,-8.4375,361.0,2019-04-30 15:00:00,18.9,77,14.7,20.0,0.0,0.0,0.0,0.0,0,1016.6,974.7,0,0,0,0,0.43,0.51,13.1,17.1,323,330,31.3,20.8,15.2,12.9,11.8,0.35,0.377,0.405,0.414,1,3600.0,815.0,693.0,122.0,865.7,815.0,1079.7,763.1,648.8,114.2,865.7,763.1,1010.9,8.80087227830698,83.9590822829708,24.831027806999998,262.89826318359377,3.541489538995424,40.175504924565736
40.808434,-8.4375,361.0,2019-04-30 16:00:00,18.0,77,13.8,17.9,0.0,0.0,0.0,0.0,0,1016.2,974.2,0,0,0,1,0.35,0.48,14.2,18.4,330,334,32.0,20.5,15.5,12.9,11.8,0.349,0.376,0.405,0.414,1,3600.0,678.0,563.0,115.0,821.6,678.0,924.3,608.5,505.3,103.2,821.6,608.5,829.6,9.223320582531546,83.75875252192776,25.896031583,267.0922631835938,3.6451717879847947,41.687495789885176
40.808434,-8.4375,361.0,2019-04-30 17:00:00,17.2,76,13.0,16.2,0.0,0.0,0.0,0.0,0,1015.9,973.8,1,0,0,2,0.26,0.46,13.6,18.0,338,344,32.0,20.0,15.8,12.9,11.8,0.348,0.376,0.405,0.414,1,3600.0,504.0,404.0,100.0,755.5,504.0,721.3,424.3,340.1,84.2,755.5,424.3,607.2,9.223022265009035,83.79986857450488,26.960792927,271.1422631835938,3.5558960593457765,43.186144845740046
40.808434,-8.4375,361.0,2019-04-30 18:00:00,15.9,81,12.6,14.9,0.0,0.0,0.0,0.0,0,1015.6,973.3,0,0,0,0,0.15,0.35,12.2,17.0,341,347,29.9,19.0,16.0,12.9,11.8,0.348,0.375,0.405,0.414,1,3600.0,309.0,229.0,80.0,637.5,309.0,484.5,228.8,169.6,59.2,637.5,228.8,358.8,7.798901432368369,82.71720825934172,27.743848287,274.9582631835938,2.880581309344336,44.310218525935895
40.808434,-8.4375,361.0,2019-04-30 19:00:00,14.1,90,12.6,13.6,0.0,0.0,0.0,0.0,0,1015.6,973.1,0,0,0,1,0.05,0.16,9.3,17.6,347,1,26.3,17.8,16.1,12.9,11.8,0.348,0.375,0.404,0.414,1,3600.0,119.0,71.0,48.0,416.1,119.0,230.1,52.4,31.3,21.1,358.7,52.4,101.3,5.103051816323408,80.02788388290115,28.112344927,278.4502631835938,1.822280840136837,44.893554209611644
40.808434,-8.4375,361.0,2019-04-30 20:00:00,12.5,97,12.0,11.8,0.0,0.0,0.0,0.0,0,1015.6,972.9,2,0,0,7,0.01,0.04,8.9,19.6,14,17,19.4,16.4,16.1,12.9,11.8,0.349,0.375,0.404,0.414,0,0.0,7.0,2.0,5.0,27.0,7.0,40.7,0.0,0.0,0.0,0.0,0.0,0.0,3.5866650010525207,76.4156997380962,28.211257182999997,281.6542631835938,1.3082619449362272,45.12332653083995
40.808434,-8.4375,361.0,2019-04-30 21:00:00,12.3,97,11.8,11.6,0.0,0.0,0.0,0.0,0,1015.6,972.8,1,0,0,4,0.0,0.05,8.4,18.9,31,24,19.1,15.4,16.0,13.0,11.8,0.35,0.374,0.404,0.414,0,0.0,0.0,0.0,0.0,0.0,0.0,0.0,0.0,0.0,0.0,0.0,0.0,0.0,3.259785812171158,75.4791555158163,28.308714846999997,284.8222631835938,1.2020803695713684,45.34919649929105
40.808434,-8.4375,361.0,2019-04-30 22:00:00,11.9,98,11.6,11.5,0.0,0.0,0.0,0.0,0,1015.4,972.6,0,0,0,0,0.0,0.03,6.4,16.4,43,29,18.0,14.7,15.9,13.0,11.8,0.351,0.374,0.404,0.414,0,0.0,0.0,0.0,0.0,0.0,0.0,0.0,0.0,0.0,0.0,0.0,0.0,0.0,2.7271791149295717,74.69248966651472,28.371747167,287.9182631835938,1.0401083474235122,45.52764716735948
40.808434,-8.4375,361.0,2019-04-30 23:00:00,11.2,98,11.0,10.9,0.0,0.0,0.0,0.0,0,1015.2,972.3,0,0,0,0,0.0,0.02,4.6,12.1,51,23,14.8,14.1,15.7,13.0,11.8,0.352,0.374,0.404,0.414,0,0.0,0.0,0.0,0.0,0.0,0.0,0.0,0.0,0.0,0.0,0.0,0.0,0.0,2.3695610592911898,74.41038212787777,28.431385439,290.88826318359384,0.9362022893964741,45.69677662806661
40.808434,-8.4375,361.0,2019-05-01 00:00:00,11.6,99,11.5,11.7,0.0,0.0,0.0,0.0,0,1015.1,972.3,2,2,0,0,0.0,0.01,3.0,2.9,104,30,11.2,14.3,15.5,13.0,11.8,0.351,0.372,0.403,0.414,0,0.0,0.0,0.0,0.0,0.0,0.0,0.0,0.0,0.0,0.0,0.0,0.0,0.0,2.0225857294941285,73.848471320468,28.464820221,295.38026318359385,0.8404778014601232,45.877083072085846
40.808434,-8.4375,361.0,2019-05-01 01:00:00,10.5,100,10.5,9.9,0.0,0.0,0.0,0.0,3,1014.6,971.6,86,95,0,0,0.0,0.0,5.4,2.8,138,130,7.6,13.6,15.3,13.0,11.8,0.352,0.372,0.403,0.414,0,0.0,0.0,0.0,0.0,0.0,0.0,0.0,0.0,0.0,0.0,0.0,0.0,0.0,2.30394128218443,72.99827708464338,28.464820221,299.67426318359384,0.9137924913286899,46.00506320668556
40.808434,-8.4375,361.0,2019-05-01 02:00:00,11.3,100,11.2,11.2,0.0,0.0,0.0,0.0,3,1014.0,971.1,92,100,0,6,0.0,0.0,3.1,4.0,144,153,7.9,13.3,15.1,13.0,11.8,0.353,0.372,0.403,0.414,0,0.0,0.0,0.0,0.0,0.0,0.0,0.0,0.0,0.0,0.0,0.0,0.0,0.0,1.9068599588601125,72.80893188281354,28.464820221,304.1122631835938,0.8075142354629238,46.13425743073902
40.808434,-8.4375,361.0,2019-05-01 03:00:00,12.2,99,12.1,12.4,0.0,0.0,0.0,0.0,2,1013.8,971.1,79,88,0,0,0.0,0.01,3.4,4.5,148,119,8.3,13.4,15.0,13.0,11.8,0.353,0.372,0.403,0.414,0,0.0,0.0,0.0,0.0,0.0,0.0,0.0,0.0,0.0,0.0,0.0,0.0,0.0,1.969587734293068,72.85261372237257,28.499834599,308.71226318359385,0.8212668556247859,46.311220175393125
40.808434,-8.4375,361.0,2019-05-01 04:00:00,12.4,100,12.4,12.8,0.0,0.0,0.0,0.0,3,1013.7,971.0,90,100,0,0,0.0,0.0,2.9,3.0,173,104,7.6,13.5,14.8,13.0,11.8,0.354,0.372,0.403,0.414,0,0.0,0.0,0.0,0.0,0.0,0.0,0.0,0.0,0.0,0.0,0.0,0.0,0.0,1.8959754400679891,72.85809509875563,28.499834599,313.3482631835939,0.8010120121745142,46.44006033846188
40.808434,-8.4375,361.0,2019-05-01 05:00:00,12.2,99,12.1,12.7,0.0,0.0,0.0,0.0,3,1013.7,971.0,90,100,0,0,0.0,0.01,1.3,1.5,236,14,5.8,13.5,14.7,13.1,11.8,0.354,0.372,0.403,0.414,0,0.0,0.0,0.0,0.0,0.0,0.0,0.0,0.0,0.0,0.0,0.0,0.0,0.0,1.6541152207662697,72.90179316956738,28.534848977,317.9482631835939,0.7402841393835292,46.61159143106122
40.808434,-8.4375,361.0,2019-05-01 06:00:00,12.2,99,12.1,12.7,0.0,0.0,0.0,0.0,3,1013.9,971.2,90,100,0,0,0.01,0.01,1.3,3.7,304,29,5.8,13.4,14.6,13.1,11.8,0.355,0.372,0.402,0.414,1,0.0,3.0,0.0,3.0,0.0,3.0,37.6,7.6,0.0,7.6,0.0,3.0,95.2,1.6679294598762993,72.94550566731232,28.569863355,322.5482631835939,0.741612445769869,46.78067603123301
40.808434,-8.4375,361.0,2019-05-01 07:00:00,13.5,97,13.1,14.0,0.0,0.0,0.0,0.0,3,1014.0,971.5,90,100,0,0,0.03,0.04,3.1,4.8,21,42,10.8,13.8,14.5,13.1,11.8,0.355,0.372,0.402,0.414,1,0.0,58.0,5.0,53.0,29.9,58.0,224.1,91.3,7.9,83.4,30.1,90.8,352.8,1.9816942450230983,73.03515423483502,28.685173863,327.3822631835939,0.8150399971892943,47.06153915098221
40.808434,-8.4375,361.0,2019-05-01 08:00:00,14.9,92,13.6,15.6,0.0,0.0,0.0,0.0,2,1013.9,971.6,55,61,0,0,0.1,0.14,3.4,4.3,328,355,11.9,14.7,14.4,13.1,11.8,0.355,0.371,0.402,0.414,1,2001.55,189.0,45.0,144.0,126.7,189.0,478.8,237.5,56.6,181.0,126.7,237.5,601.8,2.1864218177168135,73.91886848401724,29.022154343,332.46826318359393,0.8604180703617372,47.64633013952437
40.808434,-8.4375,361.0,2019-05-01 09:00:00,16.1,88,14.0,16.5,0.0,0.0,0.0,0.0,2,1013.9,971.7,55,61,0,0,0.19,0.23,6.4,7.9,308,317,18.4,15.8,14.5,13.1,11.8,0.355,0.371,0.402,0.414,1,3600.0,359.0,181.0,178.0,340.6,359.0,716.4,413.6,208.5,205.1,340.6,413.6,825.3,3.0995433140054565,75.67223167778442,29.565535367,337.77026318359395,1.099516687957991,48.514667548429365
40.808434,-8.4375,361.0,2019-05-01 10:00:00,17.1,83,14.2,17.5,0.0,0.0,0.0,0.0,2,1013.8,971.8,62,69,0,0,0.28,0.33,7.1,8.7,311,322,20.5,16.9,14.6,13.1,11.8,0.354,0.371,0.402,0.414,1,3600.0,517.0,274.0,243.0,401.2,517.0,920.7,566.1,300.0,266.1,401.2,566.1,1008.1,3.983268238653705,77.93161154960265,30.380080371,343.252263183594,1.3396145415907785,49.751765487149754
40.808434,-8.4375,361.0,2019-05-01 11:00:00,18.9,75,14.3,20.3,0.0,0.0,0.0,0.0,0,1013.9,972.1,5,6,0,0,0.4,0.55,6.6,7.9,311,321,20.9,18.3,14.8,13.1,11.8,0.352,0.37,0.402,0.414,1,3600.0,701.0,434.0,267.0,542.9,701.0,1077.8,740.0,458.1,281.8,542.9,740.0,1137.7,5.283200963453706,80.68738354169298,31.696410371,349.05826318359397,1.7072314749493829,51.66431154353805
40.808434,-8.4375,361.0,2019-05-01 12:00:00,19.6,76,15.2,21.8,0.0,0.0,0.0,0.0,0,1013.8,972.1,0,0,0,0,0.47,0.56,8.1,10.1,315,325,24.5,19.5,14.7,13.1,11.9,0.35,0.37,0.403,0.414,1,3600.0,820.0,657.0,163.0,752.5,820.0,1177.0,839.8,672.8,166.9,752.5,839.8,1205.4,16.672273635864258,90.67724609375,25.0751953125,256.5729064941406,7.863824844360352,40.064453125
40.808434,-8.4375,361.0,2019-05-01 13:00:00,20.3,73,15.3,22.7,0.0,0.0,0.0,0.0,0,1013.2,971.7,0,0,0,0,0.52,0.65,10.2,12.3,315,322,26.3,20.5,15.0,13.1,11.9,0.347,0.369,0.402,0.414,1,3600.0,913.0,778.0,135.0,865.7,913.0,1211.6,909.1,774.7,134.4,865.7,909.1,1206.5,10.136320096735824,85.95945754146017,26.5963462605,262.6309064941406,4.025742286724664,42.446432408862364
40.808434,-8.4375,361.0,2019-05-01 14:00:00,20.4,71,15.0,22.1,0.0,0.0,0.0,0.0,0,1012.9,971.4,16,1,0,50,0.5,0.69,12.8,16.2,322,328,30.6,21.1,15.4,13.1,11.9,0.344,0.369,0.402,0.414,1,3600.0,879.0,743.0,136.0,849.4,879.0,1179.3,850.5,718.9,131.6,849.4,850.5,1141.0,10.969764602962774,85.44287334377096,28.2378097705,268.70690649414064,4.269907814504479,44.72539057096611
40.808434,-8.4375,361.0,2019-05-01 15:00:00,20.4,69,14.5,21.2,0.0,0.0,0.0,0.0,0,1012.6,971.1,5,0,0,17,0.45,0.74,14.0,18.5,325,331,32.8,21.3,15.8,13.1,11.9,0.342,0.368,0.402,0.414,1,3600.0,800.0,672.0,128.0,837.1,800.0,1082.1,749.2,629.3,119.9,837.1,749.2,1013.4,11.935672911144017,85.49072628346696,29.9924776605,274.78290649414066,4.566334051872999,47.12559218802368
40.808434,-8.4375,361.0,2019-05-01 16:00:00,20.4,68,14.3,20.6,0.0,0.0,0.0,0.0,0,1012.2,970.7,12,0,0,40,0.38,0.77,13.2,18.0,325,331,32.4,21.2,16.1,13.1,11.9,0.34,0.367,0.402,0.414,1,3600.0,663.0,548.0,115.0,797.0,663.0,926.9,595.4,492.1,103.3,797.0,595.4,832.4,11.958005125769661,85.53859502182752,31.8037477405,280.8589064941407,4.415222001974511,49.573541354925446
40.808434,-8.4375,361.0,2019-05-01 17:00:00,19.8,71,14.4,19.5,0.0,0.0,0.0,0.0,0,1012.2,970.6,0,0,0,0,0.28,0.68,12.5,17.2,327,334,30.2,20.8,16.3,13.2,11.9,0.339,0.367,0.401,0.414,1,3600.0,491.0,390.0,101.0,725.9,491.0,724.2,413.8,328.7,85.1,725.9,413.8,610.3,11.590213405151584,85.2937488138254,33.3994029665,286.8269064941407,4.119760105039899,51.73745614958254
40.808434,-8.4375,361.0,2019-05-01 18:00:00,19.0,75,14.4,18.8,0.0,0.0,0.0,0.0,0,1012.0,970.3,0,0,0,0,0.17,0.55,11.5,17.8,340,346,27.7,20.1,16.6,13.2,11.9,0.338,0.366,0.401,0.414,1,3600.0,301.0,220.0,81.0,607.9,301.0,487.9,223.6,163.4,60.2,607.9,223.6,362.4,10.375255320729178,84.49376513599447,34.7223146165,292.6509064941407,3.5105244637969184,53.55824279607973
40.808434,-8.4375,361.0,2019-05-01 19:00:00,17.4,79,13.7,17.0,0.0,0.0,0.0,0.0,0,1012.0,970.1,0,0,0,0,0.07,0.42,10.5,22.7,354,360,24.1,19.0,16.7,13.2,11.9,0.339,0.366,0.401,0.414,1,3600.0,117.0,69.0,48.0,397.5,117.0,234.0,52.7,31.1,21.6,356.7,52.7,105.4,8.971082719374857,83.43344436349531,35.7451030265,298.1869064941407,2.898660442814647,55.00570730529888
40.808434,-8.4375,361.0,2019-05-01 20:00:00,15.9,76,11.7,14.8,0.0,0.0,0.0,0.0,0,1012.3,970.2,0,0,0,0,0.04,0.43,11.3,24.7,17,16,23.8,17.8,16.7,13.2,11.9,0.339,0.366,0.401,0.414,0,0.0,7.0,2.0,5.0,26.5,7.0,42.7,0.0,0.0,0.0,0.0,0.0,0.0,9.488696340775483,83.48063388951944,36.819228306499994,303.45290649414073,3.0365483335292494,56.49999614095884
40.808434,-8.4375,361.0,2019-05-01 21:00:00,14.7,79,11.1,13.7,0.0,0.0,0.0,0.0,0,1012.6,970.3,0,0,0,0,0.01,0.35,9.3,21.1,36,33,23.8,16.7,16.7,13.2,11.9,0.34,0.366,0.401,0.414,0,0.0,0.0,0.0,0.0,0.0,0.0,0.0,0.0,0.0,0.0,0.0,0.0,0.0,8.290591184684558,82.92530212316235,37.692744894499995,308.50290649414075,2.5554984369587688,57.74679643554674
40.808434,-8.4375,361.0,2019-05-01 22:00:00,13.9,85,11.5,13.1,0.0,0.0,0.0,0.0,0,1012.7,970.3,0,0,0,0,0.0,0.24,8.8,18.6,55,58,19.4,15.9,16.6,13.2,11.9,0.341,0.366,0.401,0.414,0,0.0,0.0,0.0,0.0,0.0,0.0,0.0,0.0,0.0,0.0,0.0,0.0,0.0,6.977797639565589,81.46843714601027,38.285093394499995,313.40890649414075,2.084672808360999,58.65683006340805
40.808434,-8.4375,361.0,2019-05-01 23:00:00,13.2,90,11.5,12.7,0.0,0.0,0.0,0.0,0,1012.5,970.0,0,0,0,0,0.0,0.16,6.4,13.4,74,84,18.7,15.2,16.4,13.3,11.9,0.341,0.365,0.4,0.414,0,0.0,0.0,0.0,0.0,0.0,0.0,0.0,0.0,0.0,0.0,0.0,0.0,0.0,5.208144794692287,79.71018371164236,38.661563774499996,318.1889064941407,1.523935622119456,59.307671379927285
40.808434,-8.4375,361.0,2019-05-02 00:00:00,12.2,92,10.9,11.7,0.0,0.0,0.0,0.0,0,1012.2,969.6,0,0,0,0,0.0,0.12,5.6,7.3,105,123,13.7,14.9,16.1,13.3,11.9,0.341,0.364,0.4,0.414,0,0.0,0.0,0.0,0.0,0.0,0.0,0.0,0.0,0.0,0.0,0.0,0.0,0.0,4.467536167707316,78.50165393376616,38.94167879849999,322.78890649414075,1.3046019287352184,59.836478628293705
40.808434,-8.4375,361.0,2019-05-02 01:00:00,12.5,90,10.8,12.1,0.0,0.0,0.0,0.0,0,1012.0,969.4,0,0,0,0,0.0,0.15,4.4,9.1,99,108,10.4,14.3,16.0,13.3,11.9,0.342,0.364,0.4,0.414,0,0.0,0.0,0.0,0.0,0.0,0.0,0.0,0.0,0.0,0.0,0.0,0.0,0.0,4.240159959958478,78.54721522747651,39.29972055849999,327.44290649414074,1.2330604057094652,60.45877507532953
40.808434,-8.4375,361.0,2019-05-02 02:00:00,12.3,86,10.1,11.7,0.0,0.0,0.0,0.0,0,1011.5,968.9,0,0,0,0,0.0,0.19,4.7,12.6,86,92,13.0,13.8,15.8,13.3,11.9,0.342,0.364,0.4,0.414,0,0.0,0.0,0.0,0.0,0.0,0.0,0.0,0.0,0.0,0.0,0.0,0.0,0.0,4.401816286678316,78.66367820747183,39.793607574499994,332.06090649414074,1.2650543206389968,61.239980475645794
40.808434,-8.4375,361.0,2019-05-02 03:00:00,12.4,77,8.5,10.8,0.0,0.0,0.0,0.0,0,1011.4,968.8,0,0,0,0,0.01,0.33,8.4,18.8,80,83,19.1,13.5,15.6,13.3,11.9,0.343,0.364,0.4,0.414,0,0.0,0.0,0.0,0.0,0.0,0.0,0.0,0.0,0.0,0.0,0.0,0.0,0.0,6.126316007492983,79.98726861444065,40.61104850449999,336.69690649414076,1.7341342334137804,62.404605561380265
40.808434,-8.4375,361.0,2019-05-02 04:00:00,12.6,66,6.4,10.0,0.0,0.0,0.0,0.0,0,1011.3,968.8,0,0,0,0,0.03,0.5,11.8,26.0,78,87,25.6,13.2,15.4,13.3,11.9,0.343,0.364,0.4,0.414,0,0.0,0.0,0.0,0.0,0.0,0.0,0.0,0.0,0.0,0.0,0.0,0.0,0.0,9.039939254906525,82.11384083590094,41.83734153249999,341.3689064941408,2.6194221889122775,64.05011724153863
40.808434,-8.4375,361.0,2019-05-02 05:00:00,12.7,61,5.4,9.6,0.0,0.0,0.0,0.0,0,1011.4,968.9,0,0,0,0,0.05,0.57,13.6,29.5,78,88,29.2,13.0,15.2,13.3,11.9,0.344,0.364,0.399,0.414,0,0.0,0.0,0.0,0.0,0.0,0.0,0.0,0.0,0.0,0.0,0.0,0.0,0.0,11.57319183623833,83.5746976043722,43.25423914449999,346.0589064941408,3.4519345455009502,65.91235497587353
40.808434,-8.4375,361.0,2019-05-02 06:00:00,12.7,61,5.3,9.4,0.0,0.0,0.0,0.0,0,1011.8,969.2,4,0,0,12,0.07,0.57,14.6,30.2,81,89,30.2,12.8,15.0,13.3,11.9,0.344,0.364,0.399,0.414,1,0.0,7.0,2.0,5.0,27.2,7.0,40.1,17.5,5.0,12.5,57.4,7.1,100.3,12.94521904323093,84.09964526732429,44.67113675649999,350.7489064941408,3.891884826069582,67.76577014154225
40.808434,-8.4375,361.0,2019-05-02 07:00:00,14.2,61,6.9,11.3,0.0,0.0,0.0,0.0,0,1012.3,969.9,10,0,0,35,0.09,0.63,14.5,28.1,83,89,31.3,13.2,14.8,13.3,11.9,0.344,0.363,0.399,0.414,1,3600.0,116.0,67.0,49.0,394.5,116.0,228.9,181.1,104.6,76.5,394.5,181.1,357.3,13.602382002704845,84.44473659103286,46.24204497849999,355.70890649414076,4.056398957452849,69.79935496226116
40.808434,-8.4375,361.0,2019-05-02 08:00:00,16.4,57,7.9,14.0,0.0,0.0,0.0,0.0,0,1012.7,970.6,18,0,0,60,0.19,0.81,13.0,23.4,90,88,29.9,14.2,14.7,13.4,11.9,0.343,0.363,0.399,0.414,1,3600.0,302.0,217.0,85.0,605.3,302.0,483.1,378.7,272.1,106.6,605.3,378.7,605.8,14.315498451917021,85.28778950859865,48.22312162849999,361.06490649414076,4.2213920739739645,72.30421871597316
40.808434,-8.4375,361.0,2019-05-02 09:00:00,18.5,52,8.4,16.5,0.0,0.0,0.0,0.0,0,1012.8,971.0,0,0,0,0,0.3,1.02,10.9,16.8,81,80,27.7,15.6,14.7,13.4,11.9,0.342,0.363,0.399,0.414,1,3600.0,500.0,398.0,102.0,744.7,500.0,720.2,575.4,458.0,117.4,744.7,575.4,828.8,15.258010648815794,86.41915054409438,50.699928156499986,366.79890649414074,4.4491834641645385,75.35903627790783
40.808434,-8.4375,361.0,2019-05-02 10:00:00,20.1,49,9.2,19.7,0.0,0.0,0.0,0.0,0,1012.8,971.3,0,0,0,0,0.41,1.19,7.0,10.3,55,61,25.2,17.2,14.8,13.4,11.9,0.339,0.362,0.398,0.414,1,3600.0,679.0,567.0,112.0,826.9,679.0,924.0,743.0,620.5,122.6,826.9,743.0,1011.2,14.798699623317683,87.28932449519263,53.546360148499986,372.82090649414073,4.136324539448728,78.79898295962158
40.808434,-8.4375,361.0,2019-05-02 11:00:00,21.6,48,10.0,22.8,0.0,0.0,0.0,0.0,0,1012.9,971.6,0,0,0,0,0.51,1.35,3.6,5.6,45,50,19.1,18.9,15.0,13.4,11.9,0.337,0.361,0.398,0.414,1,3600.0,817.0,696.0,121.0,867.8,817.0,1080.7,862.2,734.5,127.7,867.8,862.2,1140.5,14.103413398748808,87.81804190395607,56.653952012499985,379.1129064941407,3.7586341816577638,82.4900075145733
40.808434,-8.4375,361.0,2019-05-02 12:00:00,22.4,50,11.3,24.5,0.0,0.0,0.0,0.0,0,1012.7,971.5,0,0,0,0,0.58,1.36,4.2,5.4,340,356,15.1,20.3,15.1,13.4,11.9,0.334,0.36,0.398,0.414,1,3600.0,904.0,778.0,126.0,888.7,904.0,1179.7,925.6,796.6,129.0,888.7,925.6,1207.9,19.005859375,92.078369140625,30.3798828125,264.2291564941406,8.386962890625,47.125
40.808434,-8.4375,361.0,2019-05-02 13:00:00,23.5,49,12.1,26.1,0.0,0.0,0.0,0.0,0,1012.1,971.0,0,0,0,0,0.61,1.48,3.6,4.8,45,48,16.2,21.6,15.5,13.4,11.9,0.331,0.359,0.398,0.414,1,3600.0,932.0,804.0,128.0,892.3,932.0,1214.1,928.0,800.6,127.5,892.3,928.0,1208.9,14.27765805261825,90.33103472123179,33.682818048499996,270.86315649414064,5.389421206237424,51.38946819376837
40.808434,-8.4375,361.0,2019-05-02 14:00:00,24.3,46,11.9,26.8,0.0,0.0,0.0,0.0,0,1011.7,970.8,0,0,0,0,0.6,1.64,2.5,3.7,82,79,15.1,22.5,15.9,13.4,11.9,0.327,0.358,0.397,0.414,1,3600.0,901.0,775.0,126.0,883.8,901.0,1181.6,871.9,749.9,121.9,883.8,871.9,1143.4,14.366862421724393,90.35856077327418,37.29377450449999,277.64115649414066,5.118933566937119,55.83698084058176
40.808434,-8.4375,361.0,2019-05-02 15:00:00,24.4,46,11.9,26.4,0.0,0.0,0.0,0.0,1,1011.4,970.5,26,0,0,88,0.54,1.67,2.9,3.6,353,6,13.3,23.0,16.3,13.4,11.9,0.325,0.358,0.397,0.414,1,3600.0,815.0,694.0,121.0,862.2,815.0,1084.6,763.4,650.1,113.3,862.2,763.4,1015.9,15.244233137119531,90.3782253042688,40.91894732449999,284.43715649414065,5.237867647633732,60.190483534259684
40.808434,-8.4375,361.0,2019-05-02 16:00:00,24.1,47,12.1,24.9,0.0,0.0,0.0,0.0,0,1010.9,970.0,14,0,0,46,0.45,1.59,4.9,6.5,343,357,14.8,23.0,16.7,13.4,11.9,0.322,0.357,0.397,0.414,1,3600.0,677.0,564.0,113.0,817.5,677.0,929.6,608.2,506.7,101.5,817.5,608.2,835.2,16.758401513646202,90.21157629211625,44.43512802049999,291.17915649414067,5.656766784862493,64.32833839274096
40.808434,-8.4375,361.0,2019-05-02 17:00:00,23.3,50,12.2,22.4,0.0,0.0,0.0,0.0,0,1011.0,970.0,10,0,0,35,0.34,1.43,10.8,15.2,345,353,22.3,22.5,17.0,13.4,11.9,0.321,0.356,0.396,0.413,1,3600.0,502.0,399.0,103.0,739.3,502.0,727.2,423.5,336.6,86.9,739.3,423.5,613.5,20.2325772943152,89.63581666434348,47.64697322049999,297.7771564941407,7.01222857255522,68.06603183133024
40.808434,-8.4375,361.0,2019-05-02 18:00:00,21.8,53,11.8,20.7,0.0,0.0,0.0,0.0,0,1010.8,969.6,0,0,0,0,0.22,1.23,10.9,20.9,351,360,24.1,21.5,17.3,13.5,11.9,0.32,0.356,0.396,0.413,1,3600.0,308.0,227.0,81.0,622.6,308.0,491.2,229.4,169.1,60.3,622.6,229.4,366.0,19.31617853056684,88.9150744963419,50.48050517849999,304.10515649414066,6.355088858013721,71.35093149284337
40.808434,-8.4375,361.0,2019-05-02 19:00:00,19.4,58,11.0,18.3,0.0,0.0,0.0,0.0,0,1010.9,969.3,0,0,0,0,0.1,0.94,9.8,23.2,6,12,23.4,20.2,17.4,13.5,11.9,0.32,0.355,0.396,0.413,1,3600.0,122.0,73.0,49.0,413.6,122.0,237.8,56.2,33.6,22.6,385.7,56.2,109.5,16.822244830572714,87.80899506518634,52.74722543849999,310.0011564941407,5.130373303871395,74.01149545762513
40.808434,-8.4375,361.0,2019-05-02 20:00:00,17.7,62,10.3,16.4,0.0,0.0,0.0,0.0,0,1011.2,969.4,0,0,0,0,0.06,0.78,10.1,22.9,35,26,21.6,18.8,17.5,13.5,11.9,0.321,0.355,0.396,0.413,0,0.0,8.0,2.0,6.0,26.0,8.0,44.8,0.0,0.0,0.0,0.0,0.0,0.0,15.56952515222495,86.82932809807093,54.627997742499986,315.59115649414065,4.529117491960647,76.25649816261733
40.808434,-8.4375,361.0,2019-05-02 21:00:00,16.8,64,9.9,15.3,0.0,0.0,0.0,0.0,0,1011.8,969.8,2,0,0,6,0.04,0.69,10.0,21.7,49,40,21.6,17.7,17.4,13.5,11.9,0.321,0.355,0.396,0.413,0,0.0,0.0,0.0,0.0,0.0,0.0,0.0,0.0,0.0,0.0,0.0,0.0,0.0,14.755299919776666,86.22987787393305,56.32448384649999,321.01915649414065,4.139846234109485,78.30250941121245
40.808434,-8.4375,361.0,2019-05-02 22:00:00,16.0,64,9.2,14.5,0.0,0.0,0.0,0.0,0,1011.6,969.5,0,0,0,0,0.03,0.66,9.0,16.9,61,56,20.9,16.8,17.3,13.5,11.9,0.322,0.355,0.396,0.413,0,0.0,0.0,0.0,0.0,0.0,0.0,0.0,0.0,0.0,0.0,0.0,0.0,0.0,14.019532949195156,85.99284841527869,57.94514934249999,326.30315649414064,3.8073280131299243,80.2591185955655
40.808434,-8.4375,361.0,2019-05-02 23:00:00,15.4,60,7.7,13.7,0.0,0.0,0.0,0.0,0,1011.4,969.3,0,0,0,0,0.03,0.7,8.2,13.5,67,61,19.1,16.1,17.2,13.6,11.9,0.323,0.355,0.396,0.413,0,0.0,0.0,0.0,0.0,0.0,0.0,0.0,0.0,0.0,0.0,0.0,0.0,0.0,13.86131548609741,86.0408829294345,59.68270494249999,331.4791564941406,3.681652975425753,82.31392647799214
40.808434,-8.4375,361.0,2019-05-03 00:00:00,15.1,61,7.7,13.5,0.0,0.0,0.0,0.0,0,1011.2,969.0,0,0,0,0,0.02,0.67,7.3,11.3,81,83,17.6,16.1,17.0,13.6,11.9,0.321,0.353,0.395,0.413,0,0.0,0.0,0.0,0.0,0.0,0.0,0.0,0.0,0.0,0.0,0.0,0.0,0.0,13.637532869670833,86.08893330220175,61.34601953049999,336.60115649414064,3.542259034503708,84.28802189235027
40.808434,-8.4375,361.0,2019-05-03 01:00:00,14.8,60,7.0,13.1,0.0,0.0,0.0,0.0,0,1010.8,968.6,0,0,0,0,0.02,0.68,6.6,9.7,81,94,16.6,15.4,16.8,13.6,11.9,0.321,0.352,0.395,0.413,0,0.0,0.0,0.0,0.0,0.0,0.0,0.0,0.0,0.0,0.0,0.0,0.0,0.0,13.51787635132805,86.13699953881616,63.02039129049999,341.6691564941406,3.442689658320178,86.26304284067305
40.808434,-8.4375,361.0,2019-05-03 02:00:00,14.2,60,6.6,11.9,0.0,0.0,0.0,0.0,0,1010.6,968.3,0,0,0,0,0.04,0.65,10.1,16.2,92,103,20.5,14.9,16.7,13.6,11.9,0.322,0.352,0.395,0.413,0,0.0,0.0,0.0,0.0,0.0,0.0,0.0,0.0,0.0,0.0,0.0,0.0,0.0,15.759331250183532,86.1850816445152,64.63157921049999,346.6291564941406,4.134584515828595,88.16541721924067
40.808434,-8.4375,361.0,2019-05-03 03:00:00,14.7,58,6.6,11.9,0.0,0.0,0.0,0.0,0,1010.7,968.5,10,0,0,34,0.06,0.7,13.7,27.4,85,92,26.6,14.6,16.5,13.6,11.9,0.322,0.352,0.395,0.413,0,0.0,0.0,0.0,0.0,0.0,0.0,0.0,0.0,0.0,0.0,0.0,0.0,0.0,18.365744501406876,86.23317962453801,66.3786123865,351.6791564941406,4.990653991254081,90.19635222458756
40.808434,-8.4375,361.0,2019-05-03 04:00:00,15.0,49,4.2,11.0,0.0,0.0,0.0,0.0,0,1010.5,968.3,4,0,0,14,0.1,0.88,18.2,34.9,82,90,36.0,14.4,16.3,13.6,11.9,0.323,0.352,0.395,0.413,0,0.0,0.0,0.0,0.0,0.0,0.0,0.0,0.0,0.0,0.0,0.0,0.0,0.0,22.840762331658755,86.63124803889536,68.5402895125,356.7831564941406,6.623228256222673,92.60538568947959
40.808434,-8.4375,361.0,2019-05-03 05:00:00,14.1,50,3.9,10.2,0.0,0.0,0.0,0.0,0,1010.7,968.4,0,0,0,0,0.08,0.81,17.0,31.0,85,91,36.0,14.2,16.1,13.7,11.9,0.323,0.352,0.394,0.413,0,0.0,0.0,0.0,0.0,0.0,0.0,0.0,0.0,0.0,0.0,0.0,0.0,0.0,22.258708870827288,86.6794933209074,70.54111111249999,361.7251564941406,6.2773867787176645,94.84311781267051
40.808434,-8.4375,361.0,2019-05-03 06:00:00,13.3,57,4.9,10.0,0.0,0.0,0.0,0.0,0,1010.8,968.4,0,0,0,0,0.08,0.66,14.1,21.3,86,84,33.5,13.9,15.9,13.7,11.9,0.323,0.352,0.394,0.413,1,0.0,8.0,2.0,6.0,26.5,8.0,42.6,19.8,4.9,14.8,56.8,8.3,105.3,20.221589098719452,86.66676440533332,72.17125418449999,366.5231564941406,5.414161568092104,96.72684306960684
40.808434,-8.4375,361.0,2019-05-03 07:00:00,14.5,67,8.4,12.8,0.0,0.0,0.0,0.0,0,1011.4,969.1,3,0,0,11,0.07,0.54,9.0,8.7,88,83,27.4,14.1,15.7,13.7,11.9,0.323,0.352,0.394,0.413,1,3600.0,122.0,74.0,48.0,426.7,122.0,233.6,188.9,114.6,74.3,426.7,188.9,361.8,15.010497442691651,85.55882463650318,73.52654755249999,371.5371564941406,3.5831289289723656,98.38001617445968
40.808434,-8.4375,361.0,2019-05-03 08:00:00,17.4,63,10.3,16.9,0.0,0.0,0.0,0.0,0,1011.6,969.7,2,0,0,8,0.17,0.74,4.2,6.0,121,107,16.9,15.2,15.6,13.7,11.9,0.323,0.352,0.394,0.413,1,3600.0,312.0,234.0,78.0,646.8,312.0,487.3,390.4,292.8,97.6,646.8,390.4,609.8,12.641795576611493,85.60671585755851,75.32860332249999,377.0731564941406,2.8321505979982176,100.47634333138991
40.808434,-8.4375,361.0,2019-05-03 09:00:00,19.1,58,10.7,19.2,0.0,0.0,0.0,0.0,0,1011.6,970.0,19,0,0,63,0.29,0.93,1.1,1.1,198,180,12.2,16.9,15.6,13.7,11.9,0.322,0.351,0.394,0.413,1,3600.0,510.0,413.0,97.0,768.4,510.0,723.9,586.4,474.8,111.5,768.4,586.4,832.3,11.536328538143726,85.78597306505334,77.56215206649999,382.9151564941406,2.4839667063534225,102.97734462964247
40.808434,-8.4375,361.0,2019-05-03 10:00:00,20.6,55,11.2,21.4,0.0,0.0,0.0,0.0,1,1011.5,970.1,20,0,0,67,0.42,1.1,2.8,3.9,320,338,13.7,18.5,15.7,13.7,11.9,0.32,0.351,0.394,0.413,1,3600.0,685.0,576.0,109.0,836.6,685.0,927.3,749.2,630.0,119.2,836.6,749.2,1014.2,13.369963012909754,86.36417428381178,80.1329445565,389.0271564941406,2.9352586265261733,105.78904935367491
40.808434,-8.4375,361.0,2019-05-03 11:00:00,21.9,44,9.0,21.7,0.0,0.0,0.0,0.0,1,1011.5,970.3,24,0,0,79,0.52,1.48,10.1,13.5,4,9,23.8,19.9,15.9,13.7,11.9,0.318,0.35,0.393,0.413,1,3600.0,820.0,701.0,119.0,871.3,820.0,1083.6,865.1,739.5,125.5,871.3,865.1,1143.1,21.93774711486296,88.28656271995997,83.52381063649999,395.37315649414063,5.577486498900616,109.31485982065011
40.808434,-8.4375,361.0,2019-05-03 12:00:00,22.6,43,9.3,23.7,0.0,0.0,0.0,0.0,0,1011.1,970.0,0,0,0,0,0.58,1.57,6.2,8.0,339,350,31.3,20.9,16.0,13.7,11.9,0.314,0.348,0.393,0.413,1,3600.0,907.0,782.0,125.0,890.9,907.0,1182.2,928.6,800.6,128.0,890.9,928.6,1210.3,29.014001846313477,93.7705078125,36.3876953125,271.78912353515625,13.823974609375,54.33984375
40.808434,-8.4375,361.0,2019-05-03 13:00:00,23.2,39,8.5,23.7,0.0,0.0,0.0,0.0,0,1010.7,969.7,0,0,0,0,0.61,1.74,9.6,12.3,347,353,23.4,21.8,16.3,13.7,11.9,0.31,0.347,0.393,0.413,1,3600.0,934.0,806.0,128.0,892.4,934.0,1216.4,930.0,802.5,127.5,892.4,930.0,1211.2,22.914463756556355,91.99604325201634,40.2900872305,278.36912353515623,9.24148291175159,59.17005366967905
40.808434,-8.4375,361.0,2019-05-03 14:00:00,23.1,40,8.9,23.1,0.0,0.0,0.0,0.0,0,1010.5,969.5,0,0,0,0,0.59,1.69,12.0,15.7,344,351,27.7,22.3,16.7,13.7,11.9,0.307,0.346,0.392,0.413,1,3600.0,905.0,780.0,125.0,887.3,905.0,1183.9,875.8,754.8,121.0,887.3,875.8,1145.7,24.395178707311388,91.40059366684034,44.1127095505,284.93112353515625,9.585305183802568,63.606648349433264
40.808434,-8.4375,361.0,2019-05-03 15:00:00,22.5,46,10.2,21.8,0.0,0.0,0.0,0.0,0,1010.2,969.1,0,0,0,0,0.53,1.48,15.0,19.7,336,342,32.8,22.5,17.0,13.8,11.9,0.304,0.345,0.392,0.413,1,3600.0,820.0,699.0,121.0,866.0,820.0,1087.0,768.3,654.9,113.4,866.0,768.3,1018.4,25.067333917425863,90.31246777357444,47.4677714545,291.38512353515625,9.547009952272917,67.4612798514984
40.808434,-8.4375,361.0,2019-05-03 16:00:00,21.5,55,12.2,20.5,0.0,0.0,0.0,0.0,0,1010.2,969.0,0,0,0,0,0.43,1.15,16.8,23.1,332,337,36.0,22.3,17.3,13.8,11.9,0.302,0.345,0.392,0.413,1,3600.0,688.0,576.0,112.0,832.1,688.0,932.2,618.4,517.8,100.7,832.1,618.4,837.9,23.18835707255346,88.674918686171,50.1451866745,297.65912353515625,8.265420196690462,70.56923342809938
40.808434,-8.4375,361.0,2019-05-03 17:00:00,20.2,67,13.8,19.0,0.0,0.0,0.0,0.0,0,1010.2,968.8,0,0,0,0,0.3,0.79,16.7,23.8,335,340,36.7,21.8,17.5,13.8,11.9,0.301,0.344,0.391,0.413,1,3600.0,511.0,412.0,99.0,759.9,511.0,730.1,431.5,347.9,83.6,759.9,431.5,616.6,18.74141044990562,86.4754467367757,51.995683388500005,303.6991235351563,6.007094635034782,72.82208123812599
40.808434,-8.4375,361.0,2019-05-03 18:00:00,19.1,74,14.4,18.4,0.0,0.0,0.0,0.0,0,1010.1,968.5,0,0,0,0,0.18,0.57,14.9,23.3,340,347,35.3,21.0,17.7,13.8,11.9,0.3,0.344,0.391,0.413,1,3600.0,312.0,231.0,81.0,629.0,312.0,494.6,233.1,172.6,60.5,629.0,233.1,369.5,15.000333989421216,84.86681477485715,53.378356420500005,309.54112353515626,4.383851397002401,74.5972043189034
40.808434,-8.4375,361.0,2019-05-03 19:00:00,17.7,75,13.2,16.9,0.0,0.0,0.0,0.0,0,1010.1,968.3,0,0,0,0,0.08,0.51,13.0,25.6,2,3,30.6,19.8,17.8,13.8,11.9,0.301,0.344,0.391,0.413,1,3600.0,124.0,74.0,50.0,412.4,124.0,241.6,58.3,34.8,23.5,399.1,58.3,113.6,13.2166895733242,84.25354346670484,54.615706620500006,315.13112353515623,3.6653195542050923,76.21092446060982
40.808434,-8.4375,361.0,2019-05-03 20:00:00,16.6,73,11.6,15.3,0.0,0.0,0.0,0.0,0,1010.5,968.6,0,0,0,0,0.05,0.52,12.4,25.5,30,23,27.0,18.6,17.8,13.9,11.9,0.301,0.343,0.391,0.413,0,0.0,9.0,3.0,6.0,38.2,9.0,46.8,0.0,0.0,0.0,0.0,0.0,0.0,13.130488061367105,84.30100374873112,55.87385483450001,320.52312353515623,3.5789515761686514,77.8294675053805
40.808434,-8.4375,361.0,2019-05-03 21:00:00,16.0,72,10.9,14.5,0.0,0.0,0.0,0.0,0,1011.0,969.0,0,0,0,0,0.03,0.51,12.0,23.6,41,38,25.2,17.6,17.7,13.9,11.9,0.302,0.343,0.391,0.413,0,0.0,0.0,0.0,0.0,0.0,0.0,0.0,0.0,0.0,0.0,0.0,0.0,0.0,13.1450468472305,84.34847969978591,57.13437244250001,325.8071235351562,3.5300578428614764,79.44120949246026
40.808434,-8.4375,361.0,2019-05-03 22:00:00,15.5,74,10.9,14.2,0.0,0.0,0.0,0.0,0,1011.1,969.0,0,0,0,0,0.02,0.46,11.2,19.2,57,52,24.1,16.8,17.6,13.9,11.9,0.303,0.343,0.391,0.413,0,0.0,0.0,0.0,0.0,0.0,0.0,0.0,0.0,0.0,0.0,0.0,0.0,0.0,12.473185855870518,84.05794500505135,58.27062849850001,331.00112353515624,3.26086355576641,80.92530325316808
40.808434,-8.4375,361.0,2019-05-03 23:00:00,14.9,76,10.7,13.8,0.0,0.0,0.0,0.0,0,1011.2,969.0,0,0,0,0,0.02,0.41,9.4,15.4,72,69,22.3,16.2,17.4,13.9,11.9,0.303,0.343,0.39,0.413,0,0.0,0.0,0.0,0.0,0.0,0.0,0.0,0.0,0.0,0.0,0.0,0.0,0.0,11.160224230526714,83.60629663759846,59.28156993850001,336.08712353515625,2.8051160050120623,82.28015936229973
40.808434,-8.4375,361.0,2019-05-04 00:00:00,13.1,73,8.4,11.5,0.0,0.0,0.0,0.0,0,1011.9,969.4,0,0,0,0,0.01,0.41,8.4,13.6,97,122,19.8,15.8,17.2,13.9,11.9,0.303,0.342,0.39,0.413,0,0.0,0.0,0.0,0.0,0.0,0.0,0.0,0.0,0.0,0.0,0.0,0.0,0.0,10.87019018744051,83.65354323086059,60.29093178250001,340.84912353515625,2.6838890850872428,83.609013939251
40.808434,-8.4375,361.0,2019-05-04 01:00:00,13.6,62,6.6,11.8,0.0,0.0,0.0,0.0,0,1012.0,969.6,0,0,0,0,0.02,0.59,6.8,18.8,90,97,16.2,15.0,17.0,13.9,11.9,0.303,0.342,0.39,0.413,0,0.0,0.0,0.0,0.0,0.0,0.0,0.0,0.0,0.0,0.0,0.0,0.0,0.0,10.78601659822318,84.07173768905874,61.76153565850001,345.7011235351562,2.6172373160621434,85.38620434367424
40.808434,-8.4375,361.0,2019-05-04 02:00:00,12.4,65,5.9,10.5,0.0,0.0,0.0,0.0,0,1011.9,969.3,0,0,0,0,0.01,0.51,6.1,17.5,90,99,15.8,14.4,16.8,14.0,11.9,0.304,0.341,0.39,0.413,0,0.0,0.0,0.0,0.0,0.0,0.0,0.0,0.0,0.0,0.0,0.0,0.0,0.0,10.647981843344898,84.11913794784475,63.00546750850001,350.33712353515625,2.5426010768497935,86.92771415663381
40.808434,-8.4375,361.0,2019-05-04 03:00:00,11.7,65,5.4,9.9,0.0,0.0,0.0,0.0,0,1012.2,969.5,0,0,0,0,0.01,0.48,5.1,14.1,82,103,13.7,13.8,16.5,14.0,11.9,0.304,0.341,0.39,0.413,0,0.0,0.0,0.0,0.0,0.0,0.0,0.0,0.0,0.0,0.0,0.0,0.0,0.0,10.372956106615977,84.16655385584258,64.18489918850001,354.84712353515624,2.4330639862132326,88.39671122165909
40.808434,-8.4375,361.0,2019-05-04 04:00:00,11.7,67,5.8,9.8,0.0,0.0,0.0,0.0,0,1012.4,969.7,0,0,0,0,0.01,0.46,6.2,14.9,83,98,14.4,13.4,16.3,14.0,11.9,0.305,0.341,0.39,0.413,0,0.0,0.0,0.0,0.0,0.0,0.0,0.0,0.0,0.0,0.0,0.0,0.0,0.0,11.01915160073991,84.21398541821881,65.29693477250001,359.35712353515623,2.588158075286549,89.80077642853479
40.808434,-8.4375,361.0,2019-05-04 05:00:00,11.3,69,5.8,9.1,0.0,0.0,0.0,0.0,0,1012.6,969.8,0,0,0,0,0.02,0.42,8.5,15.5,78,95,18.0,13.1,16.0,14.0,11.9,0.306,0.341,0.39,0.413,0,0.0,0.0,0.0,0.0,0.0,0.0,0.0,0.0,0.0,0.0,0.0,0.0,0.0,12.263476522113823,84.25835119715315,66.30892927650001,363.7951235351562,2.9235750887686254,91.1040331755551
40.808434,-8.4375,361.0,2019-05-04 06:00:00,11.4,68,5.6,8.8,0.0,0.0,0.0,0.0,0,1012.6,969.8,0,0,0,0,0.04,0.44,10.1,16.8,84,100,20.5,12.8,15.8,14.0,11.9,0.306,0.341,0.389,0.413,1,0.0,9.0,3.0,6.0,38.9,9.0,45.0,22.0,7.3,14.7,84.3,9.5,110.1,13.249661930923,84.30581306645331,67.36199327650002,368.25112353515624,3.1893617272742074,92.44702295090154
40.808434,-8.4375,361.0,2019-05-04 07:00:00,14.3,61,6.9,11.7,0.0,0.0,0.0,0.0,0,1013.0,970.6,0,0,0,0,0.09,0.64,12.3,14.2,83,99,23.4,13.3,15.6,14.0,12.0,0.306,0.341,0.389,0.413,1,3600.0,125.0,76.0,49.0,429.5,125.0,238.2,192.1,116.8,75.3,429.5,192.1,366.2,14.933721887989007,84.51913850947206,68.94316887250001,373.22912353515625,3.667527083448624,94.32628099969448
40.808434,-8.4375,361.0,2019-05-04 08:00:00,17.4,56,8.4,15.8,0.0,0.0,0.0,0.0,0,1013.3,971.4,0,0,0,0,0.19,0.88,8.0,10.4,82,88,23.0,14.5,15.4,14.0,12.0,0.306,0.341,0.389,0.413,1,3600.0,315.0,236.0,79.0,646.5,315.0,491.4,393.3,294.7,98.6,646.5,393.3,613.6,14.237098549627966,85.51100164813569,71.08615411250001,378.76512353515625,3.3844471203442135,96.76872960502303
40.808434,-8.4375,361.0,2019-05-04 09:00:00,19.2,48,7.8,18.3,0.0,0.0,0.0,0.0,0,1013.7,972.0,0,0,0,0,0.29,1.17,2.3,3.3,51,49,17.6,16.2,15.4,14.0,12.0,0.305,0.34,0.389,0.413,1,3600.0,510.0,412.0,98.0,762.4,510.0,727.5,585.8,473.3,112.6,762.4,585.8,835.7,13.512871796273023,86.91925693931215,73.86519000850001,384.62512353515626,3.0964764093631283,99.81029957945674
40.808434,-8.4375,361.0,2019-05-04 10:00:00,20.3,46,8.2,20.3,0.0,0.0,0.0,0.0,0,1013.9,972.3,0,0,0,0,0.41,1.29,3.1,3.7,291,299,13.7,18.0,15.5,14.0,12.0,0.303,0.34,0.389,0.413,1,3600.0,684.0,573.0,111.0,829.0,684.0,930.4,747.8,626.4,121.3,829.0,747.8,1017.1,15.609903041346904,87.79202391068735,76.9074919045,390.68312353515626,3.651492059598181,103.0838447141104
40.808434,-8.4375,361.0,2019-05-04 11:00:00,21.0,48,9.6,21.8,0.0,0.0,0.0,0.0,0,1014.0,972.5,0,0,0,0,0.51,1.29,5.9,7.1,281,285,18.4,19.5,15.7,14.0,12.0,0.301,0.339,0.388,0.413,1,3600.0,820.0,699.0,121.0,866.2,820.0,1086.3,864.8,737.2,127.6,866.2,864.8,1145.7,17.811341314434202,87.88906414401346,79.93294477650001,396.8671235351563,4.263638111366426,106.32741821058059
40.808434,-8.4375,361.0,2019-05-04 12:00:00,20.9,50,10.0,21.9,0.0,0.0,0.0,0.0,0,1014.5,973.0,0,0,0,0,0.56,1.24,7.6,9.3,278,283,23.0,20.6,15.9,14.0,12.0,0.297,0.338,0.388,0.413,1,3600.0,906.0,780.0,126.0,886.3,906.0,1184.7,927.4,798.5,129.0,886.3,927.4,1212.7,23.611724853515625,93.8212890625,42.04847717285156,279.08599853515625,9.446044921875,60.908203125
40.808434,-8.4375,361.0,2019-05-04 13:00:00,21.1,49,9.9,22.1,0.0,0.0,0.0,0.0,0,1014.4,972.9,0,0,0,0,0.58,1.29,9.0,10.7,286,290,23.8,21.5,16.2,14.0,12.0,0.294,0.337,0.388,0.413,1,3600.0,936.0,808.0,128.0,892.5,936.0,1218.7,932.0,804.5,127.4,892.5,932.0,1213.4,19.851898395205183,90.35433016803977,45.029174824851566,285.28799853515625,7.098447145676873,64.57675037729544
40.808434,-8.4375,361.0,2019-05-04 14:00:00,21.2,47,9.6,21.8,0.0,0.0,0.0,0.0,0,1014.5,973.0,0,0,0,0,0.56,1.33,9.8,12.3,298,302,25.2,22.0,16.5,14.0,12.0,0.291,0.336,0.387,0.412,1,3600.0,908.0,781.0,127.0,886.3,908.0,1186.2,878.8,755.9,122.9,886.3,878.8,1148.0,19.91337008066788,89.82805024703617,48.14071567885156,291.5079985351563,6.853973082561989,68.14651050475436
40.808434,-8.4375,361.0,2019-05-04 15:00:00,21.1,47,9.3,21.0,0.0,0.0,0.0,0.0,0,1014.6,973.1,0,0,0,0,0.51,1.33,10.3,13.0,306,309,25.6,22.2,16.8,14.0,12.0,0.289,0.335,0.387,0.412,1,3600.0,822.0,701.0,121.0,866.2,822.0,1089.3,770.3,656.9,113.4,866.2,770.3,1020.8,20.530304555596,89.69022173252975,51.23830343485157,297.7099985351563,6.891321695217078,71.64842177628323
40.808434,-8.4375,361.0,2019-05-04 16:00:00,20.7,47,9.1,19.7,0.0,0.0,0.0,0.0,0,1014.6,973.1,0,0,0,0,0.42,1.28,10.2,13.0,309,312,25.2,22.0,17.1,14.1,12.0,0.287,0.335,0.387,0.412,1,3600.0,682.0,563.0,119.0,810.7,682.0,934.7,613.3,506.3,107.0,810.7,613.3,840.6,20.785555865372,89.60727980718816,54.28007879885157,303.83999853515627,6.7756044414106915,75.04414490583181
40.808434,-8.4375,361.0,2019-05-04 17:00:00,19.9,50,9.0,18.2,0.0,0.0,0.0,0.0,0,1014.6,972.9,0,0,0,0,0.32,1.17,9.7,12.7,312,315,24.1,21.5,17.3,14.1,12.0,0.285,0.334,0.386,0.412,1,3600.0,514.0,415.0,99.0,762.0,514.0,733.0,434.5,350.8,83.7,762.0,434.5,619.7,19.77418453074983,89.09477225861144,57.04437179885157,309.82599853515626,6.13853176794188,78.12726308728152
40.808434,-8.4375,361.0,2019-05-04 18:00:00,18.7,56,9.8,17.5,0.0,0.0,0.0,0.0,0,1014.5,972.7,0,0,0,0,0.19,0.94,8.0,11.4,324,332,21.6,20.6,17.5,14.1,12.0,0.285,0.334,0.386,0.412,1,3600.0,318.0,238.0,80.0,643.4,318.0,497.9,238.3,178.3,59.9,643.4,238.3,373.1,16.937104775264462,88.06256336124692,59.33794519085157,315.59599853515624,4.858843625971016,80.72933262437064
40.808434,-8.4375,361.0,2019-05-04 19:00:00,16.4,68,10.4,15.6,0.0,0.0,0.0,0.0,0,1014.4,972.3,0,0,0,0,0.07,0.61,6.5,14.5,357,7,16.9,19.3,17.6,14.1,12.0,0.285,0.334,0.386,0.412,1,3600.0,128.0,78.0,50.0,427.8,128.0,245.4,61.3,37.4,24.0,427.8,61.3,117.6,12.931109394524206,86.0057068868785,60.81223479085157,320.95199853515624,3.362746335095376,82.53076916298441
40.808434,-8.4375,361.0,2019-05-04 20:00:00,14.9,68,8.9,13.3,0.0,0.0,0.0,0.0,0,1014.3,972.0,0,0,0,0,0.04,0.55,8.8,18.3,35,22,18.0,17.9,17.6,14.1,12.0,0.286,0.333,0.386,0.412,0,0.0,10.0,3.0,7.0,37.5,10.0,48.8,0.0,0.0,0.0,0.0,0.0,0.0,13.248183693041863,85.28852019603319,62.16015671085157,326.03799853515625,3.4165391586301186,84.19176156472186
40.808434,-8.4375,361.0,2019-05-04 21:00:00,14.3,65,7.8,12.3,0.0,0.0,0.0,0.0,0,1014.7,972.3,0,0,0,0,0.03,0.57,9.7,17.7,51,29,19.8,16.8,17.5,14.1,12.0,0.286,0.333,0.386,0.412,0,0.0,0.0,0.0,0.0,0.0,0.0,0.0,0.0,0.0,0.0,0.0,0.0,0.0,13.959916307302112,85.33632217598415,63.57916045085157,331.01599853515626,3.5987980134633415,85.90722417374676
40.808434,-8.4375,361.0,2019-05-04 22:00:00,14.0,64,7.3,11.9,0.0,0.0,0.0,0.0,0,1014.6,972.1,0,0,0,0,0.03,0.58,10.0,16.3,60,35,20.9,15.9,17.3,14.2,12.0,0.287,0.333,0.386,0.412,0,0.0,0.0,0.0,0.0,0.0,0.0,0.0,0.0,0.0,0.0,0.0,0.0,0.0,14.359562409844042,85.38413993777529,65.01027442685157,335.93999853515623,3.67791873891613,87.62710120417584
40.808434,-8.4375,361.0,2019-05-04 23:00:00,14.1,64,7.5,12.2,0.0,0.0,0.0,0.0,0,1014.4,971.9,0,0,0,0,0.03,0.57,8.7,14.2,60,30,20.9,15.4,17.2,14.2,12.0,0.288,0.333,0.386,0.412,0,0.0,0.0,0.0,0.0,0.0,0.0,0.0,0.0,0.0,0.0,0.0,0.0,0.0,13.872938116972445,85.431973486617,66.45086597885157,340.88199853515624,3.4676577354370215,89.35500827512834
40.808434,-8.4375,361.0,2019-05-05 00:00:00,14.2,61,6.8,12.6,0.0,0.0,0.0,0.0,0,1014.6,972.1,0,0,0,0,0.02,0.63,5.7,11.0,55,19,18.4,15.4,16.9,14.2,12.0,0.287,0.331,0.385,0.412,0,0.0,0.0,0.0,0.0,0.0,0.0,0.0,0.0,0.0,0.0,0.0,0.0,0.0,12.529304192596483,85.47982282772139,68.02177420085157,345.8419985351562,3.0010366429584576,91.19964698895143
40.808434,-8.4375,361.0,2019-05-05 01:00:00,14.5,61,7.2,13.0,0.0,0.0,0.0,0.0,0,1014.0,971.6,0,0,0,0,0.01,0.64,5.5,10.3,58,25,13.7,14.9,16.8,14.2,12.0,0.287,0.331,0.385,0.412,0,0.0,0.0,0.0,0.0,0.0,0.0,0.0,0.0,0.0,0.0,0.0,0.0,0.0,12.642863213424157,85.52768796630227,69.62348454485156,350.85599853515623,2.990788783694692,93.07347167413513
40.808434,-8.4375,361.0,2019-05-05 02:00:00,12.6,74,8.1,11.5,0.0,0.0,0.0,0.0,0,1013.9,971.2,0,0,0,0,0.0,0.38,4.3,2.6,85,34,12.6,14.3,16.6,14.2,12.0,0.288,0.331,0.385,0.412,0,0.0,0.0,0.0,0.0,0.0,0.0,0.0,0.0,0.0,0.0,0.0,0.0,0.0,10.444701848073338,84.17644052699798,70.56123803685156,355.52799853515626,2.340034039256228,94.32235127425074
40.808434,-8.4375,361.0,2019-05-05 03:00:00,13.2,70,7.8,12.1,0.0,0.0,0.0,0.0,0,1014.1,971.5,0,0,0,0,0.0,0.46,3.3,1.8,103,127,7.9,13.8,16.4,14.2,12.0,0.288,0.331,0.385,0.412,0,0.0,0.0,0.0,0.0,0.0,0.0,0.0,0.0,0.0,0.0,0.0,0.0,0.0,10.160328083911597,84.22387535346209,71.69064917685157,360.30799853515623,2.2392570194341936,95.75183237684007
40.808434,-8.4375,361.0,2019-05-05 04:00:00,11.2,79,7.7,9.9,0.0,0.0,0.0,0.0,0,1014.4,971.5,0,0,0,0,0.0,0.28,5.1,4.2,82,110,7.6,13.2,16.1,14.2,12.0,0.289,0.331,0.385,0.412,0,0.0,0.0,0.0,0.0,0.0,0.0,0.0,0.0,0.0,0.0,0.0,0.0,0.0,9.505184806118754,82.86871796459145,72.37066525485156,364.72799853515625,2.053216189301619,96.74840057322824
40.808434,-8.4375,361.0,2019-05-05 05:00:00,12.6,75,8.3,10.8,0.0,0.0,0.0,0.0,0,1014.6,971.9,0,0,0,0,0.01,0.36,9.4,19.8,97,109,18.0,13.0,15.9,14.2,12.0,0.29,0.331,0.385,0.412,0,0.0,0.0,0.0,0.0,0.0,0.0,0.0,0.0,0.0,0.0,0.0,0.0,0.0,11.512836713244992,82.91572104599992,73.27235130485155,369.39999853515627,2.5652743689777187,97.96504946590508
40.808434,-8.4375,361.0,2019-05-05 06:00:00,13.5,61,6.0,9.8,0.0,0.0,0.0,0.0,0,1014.7,972.1,0,0,0,0,0.08,0.61,18.4,33.9,91,92,34.6,13.1,15.7,14.2,12.0,0.29,0.331,0.385,0.412,1,0.0,9.0,3.0,6.0,38.0,9.0,47.3,21.8,7.3,14.6,83.5,9.7,114.9,18.39208495468517,84.00294999069547,74.77138790885155,374.2339985351563,4.652754704300238,99.72867771274463
40.808434,-8.4375,361.0,2019-05-05 07:00:00,14.3,60,6.6,10.7,0.0,0.0,0.0,0.0,0,1015.0,972.5,0,0,0,0,0.11,0.66,19.1,32.1,92,94,37.1,13.5,15.5,14.2,12.0,0.29,0.331,0.385,0.412,1,3600.0,125.0,76.0,49.0,421.3,125.0,242.8,190.7,116.0,74.8,421.3,190.7,370.4,20.12516538437355,84.56104161343288,76.39310646885156,379.2119985351563,5.1958316107668905,101.61153476473525
40.808434,-8.4375,361.0,2019-05-05 08:00:00,16.1,57,7.6,13.0,0.0,0.0,0.0,0.0,0,1015.2,973.0,2,0,0,7,0.2,0.79,17.0,27.5,94,95,36.7,14.5,15.4,14.2,12.0,0.29,0.331,0.384,0.412,1,3600.0,315.0,234.0,81.0,635.5,315.0,495.4,392.5,291.6,100.9,635.5,392.5,617.4,20.28942093561946,85.30732319868626,78.34022180485155,384.5139985351563,5.178055220636198,103.80686337285746
40.808434,-8.4375,361.0,2019-05-05 09:00:00,17.9,54,8.4,15.7,0.0,0.0,0.0,0.0,0,1015.7,973.7,3,0,0,11,0.3,0.94,11.9,16.6,90,91,33.8,15.8,15.3,14.2,12.0,0.289,0.33,0.384,0.412,1,3600.0,511.0,411.0,100.0,756.5,511.0,731.0,586.4,471.7,114.8,756.5,586.4,838.9,18.4421177578471,86.09378134245374,80.64116664485155,390.1399985351563,4.469338422237236,106.3345038237253
40.808434,-8.4375,361.0,2019-05-05 10:00:00,19.4,53,9.6,19.5,0.0,0.0,0.0,0.0,0,1016.3,974.5,0,0,0,0,0.41,1.06,4.8,6.2,103,100,26.3,17.5,15.4,14.2,12.0,0.287,0.33,0.384,0.412,1,3600.0,686.0,573.0,113.0,825.9,686.0,933.5,749.6,626.1,123.5,825.9,749.6,1020.0,15.037403629887919,86.58086232240038,83.17773455485155,396.0359985351563,3.3475173688407898,109.08095928176674
40.808434,-8.4375,361.0,2019-05-05 11:00:00,20.7,50,10.0,22.1,0.0,0.0,0.0,0.0,0,1016.6,975.0,0,0,0,0,0.51,1.21,2.9,3.6,150,143,16.2,19.3,15.6,14.2,12.0,0.285,0.329,0.384,0.412,1,3600.0,822.0,699.0,123.0,863.6,822.0,1089.0,866.7,737.0,129.7,863.6,866.7,1148.3,15.210155049455741,87.23433432424396,86.04733395485155,402.1659985351563,3.337977326496037,112.12114128795615
40.808434,-8.4375,361.0,2019-05-05 12:00:00,21.1,51,10.5,23.2,0.0,0.0,0.0,0.0,0,1016.8,975.2,7,0,0,22,0.57,1.24,3.1,3.5,216,204,16.6,20.9,15.9,14.2,12.0,0.283,0.329,0.383,0.412,1,3600.0,907.0,779.0,128.0,883.0,907.0,1187.0,928.3,797.3,131.0,883.0,928.3,1215.0,28.53585433959961,93.8720703125,47.40625,286.2926025390625,11.602669715881348,66.923828125
40.808434,-8.4375,361.0,2019-05-05 13:00:00,21.4,56,12.2,23.3,0.0,0.0,0.0,0.0,1,1016.6,975.1,23,0,0,78,0.58,1.12,7.9,9.4,254,252,22.0,21.9,16.2,14.3,12.0,0.28,0.328,0.383,0.412,1,3600.0,935.0,800.0,135.0,881.6,935.0,1220.9,931.0,796.5,134.4,881.6,931.0,1215.6,18.00158089337293,89.39146410391216,50.0125834,292.5486025390625,5.850157540169053,70.07571839820028
40.808434,-8.4375,361.0,2019-05-05 14:00:00,20.3,67,14.0,21.7,0.0,0.0,0.0,0.0,1,1016.8,975.1,28,0,0,94,0.5,0.79,12.3,14.8,273,273,29.5,22.4,16.5,14.3,12.0,0.277,0.327,0.383,0.412,1,3600.0,879.0,695.0,184.0,786.8,879.0,1188.4,850.8,672.7,178.1,786.8,850.8,1150.2,16.154080224694482,86.66554718120642,51.871767891999994,298.60660253906246,4.94384548402995,72.3313466821204
40.808434,-8.4375,361.0,2019-05-05 15:00:00,19.1,71,13.7,19.7,0.0,0.0,0.0,0.0,1,1016.9,975.0,30,0,0,99,0.43,0.64,12.7,16.0,278,279,31.0,22.4,16.9,14.3,12.0,0.276,0.327,0.382,0.412,1,3600.0,786.0,604.0,182.0,744.4,786.0,1091.6,736.8,566.2,170.6,744.4,736.8,1023.2,14.564724417184262,85.41665140431121,53.41398011999999,304.44860253906245,4.23300393121739,74.25763592341414
40.808434,-8.4375,361.0,2019-05-05 16:00:00,16.8,75,12.3,16.1,0.0,0.0,0.0,0.0,1,1017.2,975.0,29,0,0,96,0.23,0.48,9.4,12.0,277,277,30.6,21.4,17.1,14.3,12.0,0.275,0.326,0.382,0.412,1,1903.36,397.0,86.0,311.0,123.4,397.0,937.3,357.2,77.4,279.8,123.4,357.2,843.3,11.448658671677226,84.29409391799385,54.59209546999999,309.87660253906245,3.073967858241318,75.79950168891364
40.808434,-8.4375,361.0,2019-05-05 17:00:00,16.2,75,11.8,15.9,0.0,0.0,0.0,0.0,0,1017.4,975.1,20,0,0,65,0.17,0.45,6.1,7.2,267,267,22.7,20.4,17.3,14.3,12.0,0.275,0.326,0.382,0.412,1,3600.0,295.0,105.0,190.0,192.0,295.0,735.9,249.6,88.9,160.8,192.0,249.6,622.7,9.757301632994372,83.98257634399619,55.73072091999999,315.19660253906244,2.4966421093378077,77.29473863840505
40.808434,-8.4375,361.0,2019-05-05 18:00:00,15.8,75,11.5,15.3,0.0,0.0,0.0,0.0,0,1017.3,975.0,3,0,0,10,0.15,0.44,6.6,7.8,257,257,17.3,19.8,17.4,14.3,12.0,0.274,0.326,0.382,0.412,1,3600.0,301.0,199.0,102.0,534.2,301.0,501.2,226.2,149.5,76.6,534.2,226.2,376.6,9.940469912255436,83.85533647821748,56.84301976999999,320.44460253906243,2.5173988284100943,78.75885475821077
40.808434,-8.4375,361.0,2019-05-05 19:00:00,14.3,85,11.8,14.2,0.0,0.0,0.0,0.0,0,1017.1,974.6,3,0,0,9,0.05,0.25,4.9,6.8,253,252,16.2,18.6,17.5,14.3,12.0,0.275,0.326,0.382,0.412,1,3600.0,126.0,73.0,53.0,394.1,126.0,249.2,61.5,35.6,25.9,394.1,61.5,121.6,7.435610530449798,81.8209512032888,57.45116422999999,325.42260253906244,1.785764977144724,79.71809798694014
40.808434,-8.4375,361.0,2019-05-05 20:00:00,11.6,97,11.2,11.1,0.0,0.0,0.0,0.0,0,1017.6,974.6,3,2,0,3,0.01,0.04,5.6,5.7,243,235,10.4,17.1,17.4,14.3,12.0,0.276,0.325,0.382,0.412,0,0.0,10.0,3.0,7.0,36.8,10.0,50.8,0.0,0.0,0.0,0.0,0.0,0.0,4.91777286252055,77.01436538187993,57.55146857599999,329.91460253906246,1.155825077571731,80.1491744335292
40.808434,-8.4375,361.0,2019-05-05 21:00:00,10.7,100,10.7,10.0,0.0,0.0,0.0,0.0,3,1018.5,975.4,90,100,0,0,0.0,0.0,6.4,8.7,227,228,10.4,15.9,17.3,14.4,12.0,0.276,0.325,0.382,0.412,0,0.0,0.0,0.0,0.0,0.0,0.0,0.0,0.0,0.0,0.0,0.0,0.0,0.0,4.245985291666193,73.94152266239043,57.55146857599999,334.24460253906244,1.001901362983215,80.46572416203624
40.808434,-8.4375,361.0,2019-05-05 22:00:00,12.0,99,11.9,11.6,0.0,0.0,0.0,0.0,3,1018.9,976.0,90,100,0,0,0.0,0.01,7.0,11.5,235,238,14.0,15.4,17.1,14.4,12.0,0.277,0.325,0.381,0.412,0,0.0,0.0,0.0,0.0,0.0,0.0,0.0,0.0,0.0,0.0,0.0,0.0,0.0,4.352370131628982,73.71434386145035,57.58595642199999,338.80860253906246,1.021829007833656,80.8272106074596
40.808434,-8.4375,361.0,2019-05-05 23:00:00,11.9,97,11.5,11.5,0.0,0.0,0.0,0.0,3,1019.0,976.0,90,100,0,0,0.0,0.04,6.4,8.7,232,232,16.2,15.1,17.0,14.4,12.0,0.278,0.325,0.381,0.412,0,0.0,0.0,0.0,0.0,0.0,0.0,0.0,0.0,0.0,0.0,0.0,0.0,0.0,4.240263683065181,73.75832462308686,57.68863016199999,343.35460253906245,0.9933958917128695,81.24948500896173
40.808434,-8.4375,361.0,2019-05-06 00:00:00,11.6,95,10.9,11.0,0.0,0.0,0.0,0.0,3,1019.4,976.4,92,100,0,6,0.0,0.07,6.6,8.7,225,222,14.4,15.9,16.9,14.4,12.0,0.277,0.324,0.38,0.412,0,0.0,0.0,0.0,0.0,0.0,0.0,0.0,0.0,0.0,0.0,0.0,0.0,0.0,4.343980483101304,73.93086616779993,57.85580407199999,347.8466025390625,1.0115415697212242,81.72796902840216
40.808434,-8.4375,361.0,2019-05-06 01:00:00,11.6,94,10.6,11.0,0.0,0.0,0.0,0.0,3,1019.4,976.4,94,100,0,14,0.0,0.09,5.5,6.5,238,236,14.8,15.4,16.8,14.4,12.0,0.278,0.324,0.38,0.412,0,0.0,0.0,0.0,0.0,0.0,0.0,0.0,0.0,0.0,0.0,0.0,0.0,0.0,4.169938812616443,74.19796060828267,58.056412763999994,352.3386025390625,0.9693470177890855,82.23659392349744
40.808434,-8.4375,361.0,2019-05-06 02:00:00,11.3,94,10.4,10.7,0.0,0.0,0.0,0.0,3,1019.2,976.1,100,100,0,40,0.0,0.08,5.0,6.1,249,242,12.6,15.0,16.7,14.4,12.0,0.279,0.324,0.38,0.412,0,0.0,0.0,0.0,0.0,0.0,0.0,0.0,0.0,0.0,0.0,0.0,0.0,0.0,4.12195596793964,74.40015877660863,58.25228266799999,356.7766025390625,0.9547712166824284,82.73387396832588
40.808434,-8.4375,361.0,2019-05-06 03:00:00,11.1,94,10.2,10.6,0.1,0.1,0.0,0.0,51,1019.0,975.9,98,100,0,28,0.0,0.08,4.2,4.9,239,234,11.9,14.7,16.5,14.4,12.0,0.28,0.324,0.38,0.412,0,0.0,0.0,0.0,0.0,0.0,0.0,0.0,0.0,0.0,0.0,0.0,0.0,0.0,3.996967494752986,74.55379118802978,58.44499337999999,361.17860253906247,0.9242607373045777,83.222755602878
40.808434,-8.4375,361.0,2019-05-06 04:00:00,11.0,94,10.1,10.4,0.1,0.1,0.0,0.0,51,1019.0,975.9,100,100,0,77,0.0,0.08,4.5,5.7,209,198,11.2,14.5,16.3,14.4,12.0,0.281,0.324,0.379,0.411,0,0.0,0.0,0.0,0.0,0.0,0.0,0.0,0.0,0.0,0.0,0.0,0.0,0.0,4.112484713807099,74.67898459676384,58.636124495999994,365.5626025390625,0.9444746155662251,83.70614985042981
40.808434,-8.4375,361.0,2019-05-06 05:00:00,10.9,94,9.9,9.9,0.1,0.1,0.0,0.0,51,1019.1,976.0,100,99,0,93,0.0,0.08,7.1,9.0,210,209,15.1,14.2,16.2,14.4,12.0,0.282,0.324,0.379,0.411,0,0.0,0.0,0.0,0.0,0.0,0.0,0.0,0.0,0.0,0.0,0.0,0.0,0.0,4.7760167617218,74.78633158043306,58.825676015999996,369.92860253906247,1.0828252176380209,84.1841527943027
40.808434,-8.4375,361.0,2019-05-06 06:00:00,10.8,92,9.5,9.6,0.0,0.0,0.0,0.0,3,1019.1,976.0,100,100,0,97,0.02,0.1,7.2,9.6,207,200,16.6,14.0,16.0,14.4,12.0,0.283,0.324,0.379,0.411,1,0.0,4.0,0.0,4.0,0.0,4.0,49.7,9.6,0.0,9.6,0.0,4.4,119.6,4.923510835176341,75.14752160852584,59.076305248,374.2766025390625,1.1100746606779675,84.72130739769031
40.808434,-8.4375,361.0,2019-05-06 07:00:00,11.0,90,9.4,9.7,0.0,0.0,0.0,0.0,3,1019.6,976.5,100,100,0,99,0.04,0.13,7.7,9.9,229,224,18.0,14.0,15.8,14.4,12.0,0.284,0.324,0.379,0.411,1,0.0,64.0,7.0,57.0,38.1,64.0,247.2,97.0,10.6,86.4,38.1,97.0,374.6,5.263054263007846,75.74897527214725,59.394857108,378.6606025390625,1.179487589296957,85.32899013748339
40.808434,-8.4375,361.0,2019-05-06 08:00:00,11.1,88,9.1,9.7,0.0,0.0,0.0,0.0,3,1020.0,976.9,100,100,0,98,0.08,0.16,7.9,9.5,246,245,19.8,14.3,15.7,14.4,12.1,0.284,0.324,0.379,0.411,1,139.17,168.0,24.0,144.0,64.6,168.0,499.4,208.9,29.8,179.1,64.6,208.9,621.1,5.613048219127591,76.50320394106731,59.780278532,383.0626025390625,1.25143024209272,86.00569835011258
40.808434,-8.4375,361.0,2019-05-06 09:00:00,11.3,85,8.9,10.0,0.0,0.0,0.0,0.0,3,1020.5,977.4,100,100,0,95,0.12,0.2,7.2,8.7,252,253,19.8,14.8,15.6,14.4,12.1,0.284,0.323,0.379,0.411,1,0.0,245.0,25.0,220.0,45.8,245.0,734.4,280.9,28.7,252.3,45.8,280.9,842.1,5.849734401743596,77.46838542688302,60.269953292,387.50060253906247,1.2969194473498775,86.79192506242438
40.808434,-8.4375,361.0,2019-05-06 10:00:00,11.8,82,8.9,10.7,0.0,0.0,0.0,0.0,3,1020.6,977.5,100,100,0,93,0.16,0.24,5.6,6.9,243,242,19.4,15.3,15.5,14.4,12.1,0.284,0.323,0.379,0.411,1,9.52,313.0,42.0,271.0,60.3,313.0,936.4,341.9,45.9,296.0,60.3,341.9,1022.8,5.923054136048965,78.49290738423548,60.88125694399999,392.0286025390625,1.303586376833069,87.70967259546576
40.808434,-8.4375,361.0,2019-05-06 11:00:00,12.5,80,9.1,11.6,0.0,0.0,0.0,0.0,3,1020.4,977.5,100,100,0,91,0.21,0.29,4.6,5.2,219,214,18.0,16.0,15.5,14.4,12.1,0.283,0.323,0.379,0.411,1,713.22,389.0,68.0,321.0,83.8,389.0,1091.6,410.1,71.7,338.4,83.8,410.1,1150.7,6.1691873691652095,79.39349687505567,61.59734046399999,396.6826025390625,1.3485326430165148,88.7439996629939
40.808434,-8.4375,361.0,2019-05-06 12:00:00,13.5,78,9.6,12.3,0.0,0.0,0.0,0.0,3,1020.7,977.9,93,98,3,10,0.26,0.35,7.7,9.4,221,220,18.0,16.7,15.4,14.4,12.1,0.277,0.32,0.379,0.411,1,1049.31,497.0,84.0,413.0,95.0,497.0,1189.4,508.6,86.0,422.7,95.0,508.6,1217.2,21.07300567626953,90.5,50.26272964477539,292.44232177734375,7.248340129852295,70.181640625
40.808434,-8.4375,361.0,2019-05-06 13:00:00,14.8,67,8.8,13.5,0.0,0.0,0.0,0.0,2,1020.2,977.6,75,78,8,0,0.3,0.55,6.8,8.2,205,203,21.6,17.5,15.5,14.4,12.1,0.276,0.32,0.379,0.411,1,3600.0,550.0,251.0,299.0,276.0,550.0,1223.1,547.6,249.9,297.7,276.0,547.6,1217.8,13.045661228358773,86.68625809014206,51.64408634677539,297.51032177734373,3.758180825626874,72.02957847161672
40.808434,-8.4375,361.0,2019-05-06 14:00:00,16.3,65,9.7,16.6,0.0,0.0,0.0,0.0,0,1019.7,977.3,14,15,1,0,0.44,0.66,7.9,9.7,227,222,22.7,18.7,15.7,14.4,12.1,0.274,0.32,0.379,0.411,1,3600.0,803.0,542.0,261.0,612.2,803.0,1190.5,777.3,524.7,252.6,612.2,777.3,1152.4,12.852851848624809,86.02086217883453,53.24737628677539,302.84832177734376,3.6162311165384318,73.97755945997442
40.808434,-8.4375,361.0,2019-05-06 15:00:00,16.4,65,9.8,15.9,0.0,0.0,0.0,0.0,2,1019.5,977.2,64,70,1,0,0.41,0.66,12.7,15.7,255,254,29.9,19.5,15.9,14.4,12.1,0.272,0.319,0.378,0.411,1,3600.0,798.0,649.0,149.0,797.8,798.0,1093.8,748.2,608.5,139.7,797.8,748.2,1025.6,15.444469422664117,85.84814863427982,54.85988053677539,308.20432177734375,4.495523886593868,75.93083881985888
40.808434,-8.4375,361.0,2019-05-06 16:00:00,14.7,75,10.3,13.3,0.0,0.0,0.0,0.0,1,1019.8,977.2,36,27,1,38,0.29,0.42,12.2,15.5,272,270,32.8,19.3,16.1,14.5,12.1,0.271,0.319,0.378,0.411,1,3600.0,603.0,394.0,209.0,563.8,603.0,939.7,542.8,354.7,188.1,563.8,542.8,845.9,12.780310158863703,84.15797164775007,55.89978123677539,313.25432177734376,3.4756085277962248,77.30994322897575
40.808434,-8.4375,361.0,2019-05-06 17:00:00,14.3,77,10.3,13.0,0.0,0.0,0.0,0.0,1,1020.3,977.6,35,8,3,86,0.24,0.38,9.7,12.2,270,270,29.2,19.0,16.2,14.5,12.1,0.27,0.318,0.378,0.411,1,3600.0,487.0,359.0,128.0,653.5,487.0,738.7,412.5,304.1,108.4,653.5,412.5,625.7,10.753778012273262,83.40063731457768,56.83226940877539,318.23232177734377,2.7722544566793537,78.58072759415012
40.808434,-8.4375,361.0,2019-05-06 18:00:00,13.6,77,9.5,12.5,0.0,0.0,0.0,0.0,2,1020.0,977.2,69,36,13,97,0.14,0.37,6.8,8.4,267,263,24.1,18.3,16.3,14.5,12.1,0.27,0.318,0.378,0.411,1,3600.0,300.0,202.0,98.0,538.5,300.0,504.4,226.0,152.2,73.8,538.5,226.0,380.1,9.34162780199104,83.14068021312578,57.72237175477539,323.08432177734375,2.316051988232373,79.80137918288045
40.808434,-8.4375,361.0,2019-05-06 19:00:00,12.8,80,9.3,11.9,0.0,0.0,0.0,0.0,2,1019.7,976.8,51,35,7,50,0.05,0.3,5.1,6.2,266,263,17.3,17.2,16.4,14.5,12.1,0.27,0.318,0.378,0.411,1,2187.43,86.0,25.0,61.0,132.9,86.0,252.9,42.7,12.4,30.3,132.9,42.7,125.6,8.14476951281223,82.494426855131,58.454251234775384,327.7923217773438,1.9587078626475936,80.85977936304555
40.808434,-8.4375,361.0,2019-05-06 20:00:00,11.8,90,10.2,11.6,0.0,0.0,0.0,0.0,3,1019.9,976.9,92,81,2,61,0.01,0.14,2.2,2.9,279,270,11.5,16.1,16.4,14.5,12.1,0.271,0.318,0.378,0.411,0,0.0,9.0,1.0,8.0,12.0,9.0,52.7,0.0,0.0,0.0,0.0,0.0,0.0,5.523373774454879,80.08028149291867,58.79386437477538,332.3203217773438,1.281203364421383,81.52803176346643
40.808434,-8.4375,361.0,2019-05-06 21:00:00,11.9,88,9.9,11.7,0.0,0.0,0.0,0.0,1,1020.6,977.6,50,22,4,91,0.0,0.17,1.3,3.5,146,156,5.8,15.4,16.3,14.5,12.1,0.271,0.318,0.377,0.411,0,0.0,0.0,0.0,0.0,0.0,0.0,0.0,0.0,0.0,0.0,0.0,0.0,0.0,5.169366688588367,79.81013179821343,59.20455933477538,336.8663217773438,1.1906238423008364,82.26413096833413
40.808434,-8.4375,361.0,2019-05-06 22:00:00,10.8,92,9.5,10.2,0.0,0.0,0.0,0.0,3,1020.3,977.1,89,64,2,100,0.0,0.11,3.7,8.3,151,180,7.9,14.6,16.2,14.5,12.1,0.272,0.318,0.377,0.411,0,0.0,0.0,0.0,0.0,0.0,0.0,0.0,0.0,0.0,0.0,0.0,0.0,0.0,5.157554904285687,78.46706735969667,59.455188566775384,341.2143217773438,1.1818513854994617,82.82889403524852
40.808434,-8.4375,361.0,2019-05-06 23:00:00,11.3,88,9.4,9.9,0.0,0.0,0.0,0.0,3,1019.8,976.7,100,85,0,100,0.0,0.16,8.2,13.7,128,153,14.8,14.1,16.0,14.5,12.1,0.272,0.318,0.377,0.411,0,0.0,0.0,0.0,0.0,0.0,0.0,0.0,0.0,0.0,0.0,0.0,0.0,0.0,6.491647770802043,78.51261723463766,59.84692837477538,345.6523217773438,1.4886790451787613,83.5352218666762
40.808434,-8.4375,361.0,2019-05-07 00:00:00,11.1,87,9.0,9.5,0.0,0.0,0.0,0.0,3,1020.0,976.9,100,100,2,98,0.0,0.17,9.2,16.7,129,155,19.1,14.2,15.8,14.5,12.1,0.273,0.318,0.377,0.411,0,0.0,0.0,0.0,0.0,0.0,0.0,0.0,0.0,0.0,0.0,0.0,0.0,0.0,6.869850838888462,78.55818214788559,60.26446825077538,350.0543217773438,1.572008189995496,84.26277149724967
40.808434,-8.4375,361.0,2019-05-07 01:00:00,12.1,82,9.1,10.3,0.0,0.0,0.0,0.0,3,1019.7,976.7,100,100,0,83,0.01,0.26,10.8,18.5,150,167,21.2,14.0,15.7,14.5,12.1,0.274,0.318,0.377,0.411,0,0.0,0.0,0.0,0.0,0.0,0.0,0.0,0.0,0.0,0.0,0.0,0.0,0.0,7.894992657468487,79.25452950913716,60.88998826677538,354.63632177734377,1.8182833176050188,85.20595987064286
40.808434,-8.4375,361.0,2019-05-07 02:00:00,12.5,83,9.7,10.4,0.1,0.1,0.0,0.0,51,1018.6,975.7,100,100,0,96,0.01,0.25,13.5,23.5,151,162,26.6,14.0,15.6,14.5,12.1,0.275,0.318,0.377,0.411,0,0.0,0.0,0.0,0.0,0.0,0.0,0.0,0.0,0.0,0.0,0.0,0.0,0.0,9.163877685628764,79.53061412938061,61.49865925877538,359.29032177734376,2.14049823559652,86.13754707471355
40.808434,-8.4375,361.0,2019-05-07 03:00:00,12.7,86,10.4,10.9,0.1,0.1,0.0,0.0,51,1018.4,975.6,100,100,2,100,0.01,0.2,12.9,21.8,157,164,28.1,13.9,15.4,14.5,12.1,0.276,0.318,0.377,0.411,0,0.0,0.0,0.0,0.0,0.0,0.0,0.0,0.0,0.0,0.0,0.0,0.0,0.0,9.019919054009309,79.57651513465495,62.00728917077538,363.98032177734376,2.0862795397065237,86.97301098514393
40.808434,-8.4375,361.0,2019-05-07 04:00:00,12.7,90,11.1,11.1,0.1,0.1,0.0,0.0,51,1018.0,975.2,100,100,4,100,0.0,0.14,13.4,21.3,166,168,28.4,13.9,15.3,14.5,12.1,0.277,0.318,0.377,0.411,0,0.0,0.0,0.0,0.0,0.0,0.0,0.0,0.0,0.0,0.0,0.0,0.0,0.0,8.91180128035178,79.11480202857368,62.37059625077538,368.67032177734376,2.045180347403393,87.66422992100686
40.808434,-8.4375,361.0,2019-05-07 05:00:00,12.5,94,11.6,10.9,0.1,0.1,0.0,0.0,51,1017.9,975.1,100,100,35,100,0.0,0.09,14.5,22.8,173,175,29.5,13.9,15.2,14.5,12.1,0.279,0.318,0.376,0.411,0,0.0,0.0,0.0,0.0,0.0,0.0,0.0,0.0,0.0,0.0,0.0,0.0,0.0,8.307627782845627,77.49667820652854,62.58542130677538,373.32432177734376,1.8777262340215553,88.2038304879979
40.808434,-8.4375,361.0,2019-05-07 06:00:00,12.3,97,11.9,10.7,0.1,0.1,0.0,0.0,51,1018.2,975.3,100,87,8,97,0.02,0.04,15.3,23.2,189,193,29.5,13.8,15.1,14.5,12.1,0.28,0.318,0.376,0.411,1,0.0,2.0,0.0,2.0,0.0,2.0,51.9,4.8,0.0,4.8,0.0,2.2,124.1,7.720540417943711,75.67667885396084,62.69125423877538,377.94232177734375,1.7222175825723105,88.62909051864956
40.808434,-8.4375,361.0,2019-05-07 07:00:00,12.5,92,11.2,10.8,0.0,0.0,0.0,0.0,3,1018.1,975.3,100,68,20,100,0.03,0.12,14.5,21.3,187,191,31.0,13.9,15.0,14.5,12.1,0.281,0.318,0.376,0.411,1,0.0,39.0,6.0,33.0,32.1,39.0,251.5,58.7,9.0,49.7,32.1,58.7,378.7,7.581425127888167,75.91810864696482,62.97768764677538,382.59632177734375,1.6791456905598856,89.23415863482568
40.808434,-8.4375,361.0,2019-05-07 08:00:00,13.6,82,10.5,11.3,0.1,0.1,0.0,0.0,51,1018.0,975.3,100,100,67,99,0.09,0.29,16.6,22.9,202,202,33.8,14.2,15.0,14.5,12.1,0.282,0.318,0.376,0.411,1,0.0,152.0,21.0,131.0,56.1,152.0,503.2,188.7,26.1,162.6,56.1,188.7,624.6,9.052771664922254,77.1906043404161,63.67428948277538,387.4483217773437,2.038610693782713,90.26330066437643
40.808434,-8.4375,361.0,2019-05-07 09:00:00,13.4,84,10.8,11.2,0.2,0.2,0.0,0.0,51,1017.8,975.1,100,100,60,96,0.08,0.24,16.9,23.5,200,201,34.6,14.3,14.9,14.5,12.1,0.284,0.318,0.376,0.411,1,0.0,107.0,3.0,104.0,5.5,107.0,737.8,122.6,3.4,119.1,5.5,122.6,845.2,8.26052242853418,75.25000024094699,64.28506660277537,392.2643217773437,1.8203515136164892,91.20357116338185
40.808434,-8.4375,361.0,2019-05-07 10:00:00,13.7,85,11.3,11.5,0.4,0.4,0.0,0.0,51,1018.1,975.4,100,100,28,99,0.1,0.23,18.0,25.4,200,201,36.7,14.6,14.9,14.5,12.1,0.288,0.318,0.376,0.411,1,0.0,157.0,3.0,154.0,4.3,157.0,939.3,171.4,3.3,168.1,4.3,171.4,1025.4,7.243404406336834,70.2033417085686,64.86951712277538,397.1343217773437,1.5596713146074517,92.12064339787123
40.808434,-8.4375,361.0,2019-05-07 11:00:00,14.7,82,11.6,12.3,0.4,0.4,0.0,0.0,51,1018.1,975.6,100,100,10,99,0.14,0.3,19.6,27.9,206,207,40.3,14.9,14.9,14.5,12.1,0.291,0.318,0.376,0.411,1,0.0,240.0,17.0,223.0,20.9,240.0,1094.1,252.9,17.9,235.0,20.9,252.9,1153.0,6.926108523977645,66.62442065516882,62.94037369070172,402.1843217773437,1.504650160229916,90.48091691659924
40.808434,-8.4375,361.0,2019-05-07 12:00:00,15.9,85,13.3,14.6,0.6,0.6,0.0,0.0,53,1016.8,974.5,100,84,80,99,0.17,0.27,15.9,21.3,176,177,43.2,15.0,14.8,14.5,12.1,0.305,0.318,0.376,0.411,1,331.92,325.0,63.0,262.0,71.1,325.0,1191.6,332.6,64.5,268.1,71.1,332.6,1219.3,18.740299224853516,85.61798095703125,52.06402587890625,298.4510498046875,6.0641093254089355,72.38532257080078
40.808434,-8.4375,361.0,2019-05-07 13:00:00,16.7,81,13.4,15.3,0.3,0.3,0.0,0.0,51,1015.9,973.7,100,76,56,100,0.21,0.36,17.3,24.4,197,196,52.2,15.9,14.8,14.5,12.1,0.307,0.318,0.376,0.411,1,306.35,389.0,64.0,325.0,70.2,389.0,1225.2,387.3,63.7,323.6,70.2,387.3,1219.8,4.826118759655249,66.16398363940094,44.65156451884657,303.8610498046875,1.318167876196209,65.31022426697831
40.808434,-8.4375,361.0,2019-05-07 14:00:00,15.7,89,13.8,13.0,1.1,1.1,0.0,0.0,55,1015.8,973.5,100,61,91,100,0.17,0.2,27.0,39.8,211,212,55.1,16.3,14.9,14.5,12.1,0.316,0.318,0.375,0.411,1,938.67,395.0,81.0,314.0,91.3,395.0,1192.6,382.4,78.4,304.0,91.3,382.4,1154.5,1.4047680493998618,49.85715068594226,33.64141404103988,301.9267059326587,0.6285366147985622,52.62407057586011
40.808434,-8.4375,361.0,2019-05-07 15:00:00,15.0,93,13.9,12.9,0.6,0.6,0.0,0.0,53,1016.0,973.6,100,78,86,98,0.13,0.11,23.3,34.7,215,215,55.4,16.3,15.0,14.5,12.1,0.321,0.318,0.375,0.411,1,0.0,299.0,19.0,280.0,23.3,299.0,1096.1,280.4,17.8,262.6,23.3,280.4,1027.9,0.05852241451769411,35.21959992751032,23.40495711032055,297.8573448476165,0.04133518821484662,39.124188420954845
40.808434,-8.4375,361.0,2019-05-07 16:00:00,14.6,95,13.8,12.9,0.3,0.3,0.0,0.0,51,1016.2,973.7,100,96,99,64,0.09,0.08,20.2,30.1,215,214,48.2,16.1,15.1,14.5,12.1,0.324,0.319,0.375,0.411,1,0.0,184.0,14.0,170.0,20.0,184.0,942.2,165.7,12.6,153.1,20.0,165.7,848.5,0.002059040435140907,24.561439757270787,15.61736922123321,292.80011049471767,0.0018454997643506353,27.559780265871588
40.808434,-8.4375,361.0,2019-05-07 17:00:00,14.2,95,13.4,12.6,0.1,0.1,0.0,0.0,51,1016.3,973.8,100,98,86,49,0.06,0.08,18.4,28.1,211,211,42.1,15.8,15.1,14.5,12.1,0.325,0.319,0.375,0.411,1,0.0,110.0,5.0,105.0,9.1,110.0,741.5,93.3,4.2,89.0,9.1,93.3,628.7,0.00026200928271170827,19.792026857275797,10.009865634339887,287.4648446689739,0.0003043480394291925,18.41651888537777
40.808434,-8.4375,361.0,2019-05-07 18:00:00,13.6,95,12.9,12.0,0.2,0.2,0.0,0.0,51,1015.7,973.1,100,100,69,0,0.04,0.07,17.5,27.9,212,213,38.9,15.4,15.1,14.5,12.1,0.326,0.319,0.375,0.411,1,0.0,60.0,7.0,53.0,18.5,60.0,507.6,45.3,5.3,40.0,18.5,45.3,383.5,7.188669382631068e-05,17.412665244024762,5.982144876678426,281.50318650352096,0.00011109172766907671,11.360730546124124
40.808434,-8.4375,361.0,2019-05-07 19:00:00,13.2,95,12.4,11.3,0.5,0.5,0.0,0.0,53,1015.3,972.7,100,100,77,92,0.03,0.07,18.0,28.4,209,210,51.5,15.0,15.1,14.5,12.1,0.331,0.319,0.375,0.411,1,0.0,34.0,1.0,33.0,5.2,34.0,256.6,17.2,0.5,16.7,5.2,17.2,129.5,2.9010556206784516e-05,15.982494202814769,3.1605144795624365,274.0227374681406,6.147484866956721e-05,6.143873929099467
40.808434,-8.4375,361.0,2019-05-07 20:00:00,12.9,100,12.9,11.3,0.6,0.6,0.0,0.0,53,1015.3,972.6,100,100,98,94,0.01,0.0,17.4,28.7,202,205,36.7,14.7,15.1,14.5,12.1,0.338,0.32,0.375,0.411,0,0.0,2.0,0.0,2.0,0.0,2.0,54.7,0.0,0.0,0.0,0.0,0.0,0.0,6.008377367747293e-08,5.21924609245157,1.1437676684907956,264.82931996179815,1.8705591737706823e-07,2.2631001574570098
40.808434,-8.4375,361.0,2019-05-07 21:00:00,13.1,99,13.0,11.3,0.7,0.7,0.0,0.0,53,1015.4,972.8,100,100,100,93,0.0,0.01,19.0,30.6,199,201,45.4,14.5,15.0,14.5,12.1,0.347,0.32,0.375,0.411,0,0.0,0.0,0.0,0.0,0.0,0.0,0.0,0.0,0.0,0.0,0.0,0.0,0.0,1.0487947920060211e-08,3.1428450163903485,0.03738377199999999,253.8453326842555,5.050087355166212e-08,0.07474002661289042
40.808434,-8.4375,361.0,2019-05-07 22:00:00,12.9,99,12.8,10.9,2.1,2.1,0.0,0.0,61,1014.5,971.9,100,100,100,97,0.0,0.01,19.9,32.3,185,191,45.4,14.4,15.0,14.5,12.1,0.375,0.321,0.375,0.411,0,0.0,0.0,0.0,0.0,0.0,0.0,0.0,0.0,0.0,0.0,0.0,0.0,0.0,5.524270702657707e-09,2.174104272487433,0.03685723999999999,237.06303926024773,2.6611345419719526e-08,0.07368583934102518
40.808434,-8.4375,361.0,2019-05-07 23:00:00,13.0,100,13.0,10.8,2.1,2.1,0.0,0.0,61,1014.1,971.5,100,100,100,98,0.0,0.0,21.2,34.7,198,204,41.8,14.3,14.9,14.5,12.1,0.398,0.323,0.375,0.411,0,0.0,0.0,0.0,0.0,0.0,0.0,0.0,0.0,0.0,0.0,0.0,0.0,0.0,1.109041399368357e-09,1e-09,1e-09,215.30915124972566,5.545206837622615e-09,1.999999999976778e-09
40.808434,-8.4375,361.0,2019-05-08 00:00:00,12.9,97,12.4,10.5,1.1,1.1,0.0,0.0,55,1014.1,971.5,100,100,98,71,0.0,0.05,21.7,34.3,204,207,48.2,14.3,14.7,14.4,12.1,0.406,0.334,0.374,0.411,0,0.0,0.0,0.0,0.0,0.0,0.0,0.0,0.0,0.0,0.0,0.0,0.0,0.0,1.1174463916393492e-07,6.472465264456997,0.11057172000000001,192.01589422471156,5.115427391478091e-07,0.22082553585698342
40.808434,-8.4375,361.0,2019-05-08 01:00:00,13.0,98,12.8,10.0,1.6,1.6,0.0,0.0,61,1013.4,970.8,100,100,98,80,0.0,0.02,26.6,41.6,208,210,49.0,14.2,14.6,14.4,12.1,0.416,0.338,0.374,0.41,0,0.0,0.0,0.0,0.0,0.0,0.0,0.0,0.0,0.0,0.0,0.0,0.0,0.0,4.885669803750813e-08,4.816548970612318,0.07424101199999998,166.33962519620755,2.2897855473069826e-07,0.14831653172180154
40.808434,-8.4375,361.0,2019-05-08 02:00:00,13.2,100,13.1,10.6,3.2,3.2,0.0,0.0,63,1012.9,970.4,100,100,64,82,0.0,0.0,24.7,39.8,217,217,51.8,14.1,14.6,14.4,12.1,0.425,0.351,0.374,0.41,0,0.0,0.0,0.0,0.0,0.0,0.0,0.0,0.0,0.0,0.0,0.0,0.0,0.0,1.3229459603875497e-09,1e-09,1e-09,135.2142935567882,6.61472961200944e-09,1.9999999999630223e-09
40.808434,-8.4375,361.0,2019-05-08 03:00:00,13.2,100,13.2,10.8,2.3,2.3,0.0,0.0,61,1012.5,970.0,100,100,100,96,0.0,0.0,23.3,37.3,218,221,48.2,14.0,14.6,14.4,12.1,0.426,0.361,0.374,0.41,0,0.0,0.0,0.0,0.0,0.0,0.0,0.0,0.0,0.0,0.0,0.0,0.0,0.0,1.2328333267413707e-09,1e-09,1e-09,102.0575568918231,6.164166456715535e-09,1.9999999999510083e-09
40.808434,-8.4375,361.0,2019-05-08 04:00:00,13.0,100,13.0,10.7,2.2,2.2,0.0,0.0,61,1012.4,969.9,100,100,93,99,0.0,0.0,22.5,37.0,231,235,48.2,14.0,14.5,14.4,12.1,0.426,0.371,0.374,0.41,0,0.0,0.0,0.0,0.0,0.0,0.0,0.0,0.0,0.0,0.0,0.0,0.0,0.0,1.1841237363227367e-09,1e-09,1e-09,67.71797279076131,5.920618511615342e-09,1.9999999999261647e-09
40.808434,-8.4375,361.0,2019-05-08 05:00:00,12.6,96,12.0,10.0,1.3,1.3,0.0,0.0,61,1012.4,969.8,100,100,100,100,0.0,0.06,22.6,35.5,245,247,54.4,13.9,14.5,14.4,12.1,0.423,0.378,0.374,0.41,0,0.0,0.0,0.0,0.0,0.0,0.0,0.0,0.0,0.0,0.0,0.0,0.0,0.0,3.936827861634338e-07,8.483552709052729,0.144269768,34.26461808776249,1.7676989532495515e-06,0.2855339634183232
40.808434,-8.4375,361.0,2019-05-08 06:00:00,12.6,93,11.5,10.3,0.5,0.5,0.0,0.0,53,1012.8,970.2,100,96,100,100,0.02,0.1,18.7,28.8,245,250,43.2,13.8,14.4,14.4,12.2,0.417,0.382,0.374,0.41,1,0.0,2.0,0.0,2.0,0.0,2.0,54.1,4.8,0.0,4.8,0.0,2.3,128.6,3.6168286154105043e-06,12.95509211794252,0.252472094,4.672,1.5555787819705363e-05,0.4448461379393415
40.808434,-8.4375,361.0,2019-05-08 07:00:00,12.2,89,10.5,10.1,0.1,0.1,0.0,0.0,51,1013.5,970.8,100,47,97,99,0.04,0.16,15.6,23.9,247,252,37.1,13.6,14.4,14.4,12.2,0.411,0.384,0.374,0.41,1,0.0,25.0,0.0,25.0,0.0,25.0,255.7,37.4,0.0,37.4,0.0,37.4,382.6,2.630165048005695e-05,17.574178667289797,0.38515815800000003,4.6,0.00010803173596234362,0.6369803496188159
40.808434,-8.4375,361.0,2019-05-08 08:00:00,12.2,88,10.3,10.1,0.1,0.1,0.0,0.0,51,1014.1,971.4,100,49,98,99,0.06,0.17,15.3,22.4,243,246,32.4,13.6,14.3,14.4,12.2,0.407,0.385,0.374,0.41,1,0.0,78.0,1.0,77.0,2.7,78.0,506.9,96.7,1.2,95.4,2.7,96.7,628.1,4.8585368292574534e-05,19.088923576161548,0.42017253599999993,4.6,0.00019746408453451392,0.6841225206711387
40.808434,-8.4375,361.0,2019-05-08 09:00:00,12.2,87,10.1,10.1,0.0,0.0,0.0,0.0,3,1014.8,972.0,100,59,74,95,0.07,0.18,14.5,21.1,240,243,32.8,13.7,14.3,14.4,12.2,0.404,0.386,0.374,0.41,1,0.0,123.0,8.0,115.0,14.5,123.0,741.0,140.8,9.2,131.6,14.5,140.8,848.2,6.657210874565473e-05,19.969832298851728,0.4551869139999999,4.6,0.0002678744746549587,0.729826330614919
40.808434,-8.4375,361.0,2019-05-08 10:00:00,13.2,80,9.9,10.8,0.0,0.0,0.0,0.0,3,1015.1,972.5,100,47,81,96,0.18,0.3,16.9,22.9,243,244,37.1,14.3,14.3,14.4,12.2,0.401,0.387,0.374,0.41,1,3600.0,383.0,135.0,248.0,192.5,383.0,942.1,417.9,147.3,270.6,192.5,417.9,1028.0,0.0014731717018270864,28.649847110362046,0.75294076,4.779999999999999,0.005524900048720835,1.0804163114830363
40.808434,-8.4375,361.0,2019-05-08 11:00:00,13.6,77,9.5,10.7,0.0,0.0,0.0,0.0,3,1015.6,973.0,100,65,82,95,0.21,0.37,18.9,25.5,249,248,41.0,14.9,14.3,14.4,12.2,0.398,0.387,0.374,0.41,1,1691.94,418.0,95.0,323.0,116.4,418.0,1096.5,440.4,100.1,340.3,116.4,440.4,1155.3,0.005799170219426444,33.33222980290179,0.8901023459999997,4.851999999999999,0.021199789156655168,1.2204664251719828
40.808434,-8.4375,361.0,2019-05-08 12:00:00,13.1,76,8.9,9.9,0.0,0.0,0.0,0.0,3,1015.6,972.9,100,61,93,79,0.19,0.36,20.1,27.9,246,246,43.6,15.0,14.3,14.4,12.2,0.405,0.404,0.375,0.41,1,799.7,374.0,77.0,297.0,86.7,374.0,1193.8,382.7,78.8,303.9,86.7,382.7,1221.4,0.5561169385910034,47.21174621582031,35.85546875,292.9683837890625,0.3122027516365051,54.69804763793945
40.808434,-8.4375,361.0,2019-05-08 13:00:00,13.2,75,9.0,10.2,0.1,0.1,0.0,0.0,51,1015.7,973.1,100,48,71,82,0.15,0.37,19.2,27.1,247,247,42.8,14.9,14.3,14.4,12.2,0.404,0.404,0.375,0.41,1,0.0,260.0,26.0,234.0,28.5,260.0,1227.2,258.9,25.9,233.0,28.5,258.9,1221.8,0.05968024954355576,37.654054033599,14.329285241142086,236.22227610518993,0.057213703191832,24.8847822066589
40.808434,-8.4375,361.0,2019-05-08 14:00:00,14.4,70,9.0,11.5,0.0,0.0,0.0,0.0,3,1015.6,973.1,88,14,91,70,0.29,0.49,19.5,26.3,254,253,42.8,15.7,14.4,14.4,12.2,0.401,0.403,0.375,0.41,1,3600.0,590.0,267.0,323.0,300.3,590.0,1194.6,571.2,258.5,312.7,300.3,571.2,1156.6,0.07468805578908026,40.702843063191835,7.248009578671707,188.08071629044503,0.10586766859910483,13.22217206076886
40.808434,-8.4375,361.0,2019-05-08 15:00:00,13.4,73,8.7,10.6,0.0,0.0,0.0,0.0,3,1015.8,973.2,86,12,82,85,0.16,0.41,17.1,23.9,255,254,42.8,15.5,14.5,14.4,12.2,0.4,0.403,0.375,0.41,1,1135.85,286.0,80.0,206.0,97.9,286.0,1098.2,268.3,75.0,193.2,97.9,268.3,1030.1,0.024237434093538995,37.21542423381874,3.952714028035871,148.0042946203637,0.04693199362048259,7.410642568394063
40.808434,-8.4375,361.0,2019-05-08 16:00:00,13.6,73,8.8,10.4,0.3,0.3,0.0,0.0,51,1015.5,972.9,100,55,84,73,0.19,0.43,19.8,27.6,258,258,41.4,15.5,14.6,14.4,12.2,0.4,0.402,0.375,0.41,1,2082.6,354.0,91.0,263.0,129.4,354.0,944.6,319.0,82.0,237.0,129.4,319.0,851.1,0.027278239144310414,38.23592216479817,2.351925332813928,112.67419862502089,0.06649323900200547,4.4705581485793555
40.808434,-8.4375,361.0,2019-05-08 17:00:00,12.9,81,9.8,9.9,0.7,0.7,0.0,0.0,53,1015.6,972.9,100,50,81,82,0.13,0.28,20.3,28.6,257,256,42.1,15.3,14.6,14.3,12.2,0.405,0.402,0.375,0.41,1,2098.9,268.0,72.0,196.0,130.0,268.0,744.2,227.5,61.1,166.4,130.0,227.5,631.7,0.00511216253572136,31.89495104027552,1.1857817642557582,79.67405811551534,0.015865442195464364,2.286489490423253
40.808434,-8.4375,361.0,2019-05-08 18:00:00,12.5,84,9.9,9.7,0.8,0.8,0.0,0.0,53,1015.4,972.7,100,71,57,90,0.09,0.23,18.9,27.9,256,255,42.1,14.8,14.6,14.3,12.2,0.41,0.402,0.376,0.41,1,1750.24,161.0,45.0,116.0,118.3,161.0,510.8,122.0,34.1,87.9,118.3,122.0,386.9,0.000979958321188575,26.915107583860905,0.572866816,48.18583132727916,0.003653195967869171,1.1126633349633508
40.808434,-8.4375,361.0,2019-05-08 19:00:00,11.9,92,10.6,9.7,0.4,0.4,0.0,0.0,51,1015.5,972.7,68,41,52,1,0.04,0.12,16.5,25.9,254,254,38.2,14.4,14.6,14.3,12.2,0.412,0.402,0.376,0.41,1,1761.33,80.0,23.0,57.0,118.7,80.0,260.3,41.0,11.8,29.2,118.7,41.0,133.5,1.0166811342502859e-05,15.342875515435374,0.27379664000000004,18.87542917063412,4.283187207484085e-05,0.5284304722988983
40.808434,-8.4375,361.0,2019-05-08 20:00:00,11.2,98,10.9,9.6,0.3,0.3,0.0,0.0,51,1015.9,973.0,79,42,41,55,0.01,0.02,12.8,22.7,248,252,33.8,13.9,14.6,14.3,12.2,0.413,0.402,0.376,0.41,0,0.0,9.0,2.0,7.0,23.2,9.0,56.6,0.0,0.0,0.0,0.0,0.0,0.0,1.5841465401202898e-08,4.177536305321062,0.064763436,4.42,7.485213096294959e-08,0.12494984633466902
40.808434,-8.4375,361.0,2019-05-08 21:00:00,11.0,99,10.8,9.9,0.3,0.3,0.0,0.0,51,1016.4,973.4,40,45,0,0,0.0,0.01,9.5,18.3,245,255,26.6,13.5,14.5,14.3,12.2,0.414,0.403,0.376,0.41,0,0.0,0.0,0.0,0.0,0.0,0.0,0.0,0.0,0.0,0.0,0.0,0.0,0.0,2.0540795729421586e-09,1.5426942781876933,0.031855185999999994,4.384,9.939871570069582e-09,0.06257368385117226
40.808434,-8.4375,361.0,2019-05-08 22:00:00,10.9,100,10.9,10.2,0.0,0.0,0.0,0.0,3,1016.6,973.6,90,100,0,0,0.0,0.0,6.7,13.8,234,255,20.2,13.2,14.4,14.3,12.2,0.412,0.403,0.376,0.41,0,0.0,0.0,0.0,0.0,0.0,0.0,0.0,0.0,0.0,0.0,0.0,0.0,0.0,5.341070660119309e-10,1e-09,1e-09,4.366,2.670535253380746e-09,1.999999998854787e-09
40.808434,-8.4375,361.0,2019-05-08 23:00:00,11.0,99,10.8,10.1,0.1,0.1,0.0,0.0,51,1016.5,973.5,74,81,1,0,0.0,0.01,7.9,12.9,231,247,16.9,13.0,14.3,14.3,12.2,0.411,0.404,0.376,0.41,0,0.0,0.0,0.0,0.0,0.0,0.0,0.0,0.0,0.0,0.0,0.0,0.0,0.0,1.7665238416289657e-09,1.4478076261762711,0.031855185999999994,4.384,8.548364115274858e-09,0.06257368385117226
40.808434,-8.4375,361.0,2019-05-09 00:00:00,11.2,100,11.2,10.2,0.0,0.0,0.0,0.0,3,1016.1,973.2,100,100,71,0,0.0,0.0,9.3,16.0,196,211,16.6,13.0,14.3,14.3,12.2,0.4,0.399,0.376,0.41,0,0.0,0.0,0.0,0.0,0.0,0.0,0.0,0.0,0.0,0.0,0.0,0.0,0.0,6.088733711922049e-10,1e-09,1e-09,4.42,3.044366768548316e-09,1.9999999988687785e-09
40.808434,-8.4375,361.0,2019-05-09 01:00:00,11.4,99,11.3,10.3,0.1,0.1,0.0,0.0,51,1016.1,973.2,100,100,16,0,0.0,0.01,10.8,16.3,206,215,21.6,13.0,14.2,14.3,12.2,0.399,0.398,0.376,0.41,0,0.0,0.0,0.0,0.0,0.0,0.0,0.0,0.0,0.0,0.0,0.0,0.0,0.0,2.355412582303505e-09,1.6383859415847686,0.03290825,4.4559999999999995,1.1388366146685604e-08,0.06462336608672384
40.808434,-8.4375,361.0,2019-05-09 02:00:00,11.1,99,11.0,9.9,0.1,0.1,0.0,0.0,51,1015.7,972.8,100,100,83,0,0.0,0.01,10.4,15.9,194,205,22.0,12.9,14.1,14.3,12.2,0.4,0.398,0.376,0.41,0,0.0,0.0,0.0,0.0,0.0,0.0,0.0,0.0,0.0,0.0,0.0,0.0,0.0,2.2402459309417346e-09,1.59854097418466,0.03211845199999999,4.401999999999999,1.0838437653430462e-08,0.06308616013016524
40.808434,-8.4375,361.0,2019-05-09 03:00:00,11.2,99,11.1,9.9,0.1,0.1,0.0,0.0,51,1015.4,972.5,100,100,27,0,0.0,0.01,11.6,18.2,196,198,23.4,12.8,14.0,14.3,12.2,0.4,0.398,0.376,0.41,0,0.0,0.0,0.0,0.0,0.0,0.0,0.0,0.0,0.0,0.0,0.0,0.0,0.0,2.5057306192260564e-09,1.6682729831688403,0.032381718,4.42,1.212029006585827e-08,0.06359859895444685
40.808434,-8.4375,361.0,2019-05-09 04:00:00,11.1,98,10.8,9.5,0.0,0.0,0.0,0.0,3,1015.1,972.2,100,67,100,0,0.0,0.03,12.6,19.5,175,182,24.8,12.8,13.9,14.3,12.2,0.4,0.398,0.376,0.41,0,0.0,0.0,0.0,0.0,0.0,0.0,0.0,0.0,0.0,0.0,0.0,0.0,0.0,8.995962529287424e-09,3.3601624519477653,0.06423690399999998,4.401999999999999,4.252172764758902e-08,0.12395183934669628
40.808434,-8.4375,361.0,2019-05-09 05:00:00,11.2,98,10.8,9.7,0.0,0.0,0.0,0.0,3,1014.9,972.0,100,70,99,14,0.0,0.03,12.2,20.0,166,172,23.8,12.7,13.9,14.3,12.2,0.399,0.398,0.376,0.41,0,0.0,0.0,0.0,0.0,0.0,0.0,0.0,0.0,0.0,0.0,0.0,0.0,0.0,8.660656444994303e-09,3.3338142133732718,0.064763436,4.42,4.0922261547634456e-08,0.12494984633466902
40.808434,-8.4375,361.0,2019-05-09 06:00:00,11.4,97,11.0,9.9,0.0,0.0,0.0,0.0,3,1014.5,971.6,100,81,94,48,0.01,0.04,12.6,20.9,156,161,23.8,12.7,13.8,14.3,12.2,0.398,0.398,0.376,0.41,1,0.0,3.0,0.0,3.0,0.0,3.0,56.3,7.1,0.0,7.1,0.0,3.5,132.9,3.4699055483147646e-08,5.357435666568819,0.09872474999999999,4.816406518225248,1.6050831298525495e-07,0.18782461765678155
40.808434,-8.4375,361.0,2019-05-09 07:00:00,12.0,93,10.9,10.0,0.0,0.0,0.0,0.0,3,1014.5,971.7,100,61,95,37,0.03,0.1,15.4,23.3,159,160,28.8,12.8,13.7,14.3,12.2,0.398,0.398,0.376,0.41,1,0.0,37.0,4.0,33.0,20.7,37.0,259.8,55.0,6.0,49.1,20.7,55.0,386.5,5.548352204153774e-06,14.196178022411665,0.241414922,6.136113220852954,2.3895124423304742e-05,0.43959231681613303
40.808434,-8.4375,361.0,2019-05-09 08:00:00,12.7,88,10.7,10.3,0.0,0.0,0.0,0.0,3,1014.2,971.6,100,90,18,60,0.06,0.18,18.2,26.4,166,166,36.7,13.0,13.7,14.3,12.2,0.397,0.397,0.376,0.41,1,0.0,104.0,18.0,86.0,47.4,104.0,510.5,128.6,22.3,106.4,47.4,128.6,631.4,0.0009077914943972803,27.006178159725255,0.435968496,7.73574241492793,0.003625894983118111,0.7642575375499232
40.808434,-8.4375,361.0,2019-05-09 09:00:00,13.4,83,10.7,10.9,0.0,0.0,0.0,0.0,3,1014.2,971.7,100,100,59,42,0.11,0.26,18.6,26.8,165,165,39.6,13.4,13.6,14.3,12.2,0.396,0.397,0.377,0.41,1,365.75,190.0,40.0,150.0,72.2,190.0,744.1,217.3,45.8,171.6,72.2,217.3,851.1,0.017805504858189873,38.527225754965635,0.6489506899999999,9.614359239155174,0.06640378607154268,1.1105084398281877
40.808434,-8.4375,361.0,2019-05-09 10:00:00,13.9,78,10.1,11.0,0.2,0.2,0.0,0.0,51,1014.2,971.7,100,100,68,44,0.13,0.35,19.8,28.6,164,165,41.0,13.8,13.7,14.3,12.2,0.397,0.397,0.377,0.41,1,0.0,222.0,14.0,208.0,19.9,222.0,944.8,242.1,15.3,226.9,19.9,242.1,1030.5,0.08834705404963544,47.23881928177441,0.8687778,11.237076937681477,0.31016412817409184,1.4561126664941282
40.808434,-8.4375,361.0,2019-05-09 11:00:00,13.9,83,11.1,11.4,1.1,1.1,0.0,0.0,55,1013.6,971.1,100,85,100,6,0.09,0.27,19.5,32.7,152,159,41.4,13.8,13.7,14.2,12.2,0.408,0.397,0.377,0.41,1,0.0,128.0,5.0,123.0,6.1,128.0,1098.9,134.8,5.3,129.6,6.1,134.8,1157.5,0.04482380560427433,43.23905986963973,0.6713283000000001,11.017416695888024,0.16549893957896508,1.1651632923832538
40.808434,-8.4375,361.0,2019-05-09 12:00:00,14.4,92,13.1,12.2,1.7,1.7,0.0,0.0,61,1013.7,971.3,100,100,100,43,0.15,0.13,21.6,32.1,177,178,43.9,14.1,13.7,14.2,12.2,0.428,0.403,0.376,0.41,1,423.36,347.0,66.0,281.0,74.1,347.0,1195.9,355.0,67.5,287.5,74.1,355.0,1223.4,2.291116237640381,55.89586639404297,28.759780883789062,292.36285400390625,0.8736928105354309,46.12405014038086
40.808434,-8.4375,361.0,2019-05-09 13:00:00,15.2,93,14.1,13.1,2.8,2.8,0.0,0.0,63,1013.7,971.4,100,100,97,37,0.09,0.12,23.2,34.8,208,208,47.5,14.4,13.7,14.2,12.2,0.43,0.413,0.377,0.41,1,0.0,178.0,4.0,174.0,4.4,178.0,1229.2,177.2,4.0,173.2,4.4,177.2,1223.8,0.006933862374224034,28.08892609899771,14.803993622625176,272.60593706927034,0.006447589282643701,26.06879219381666
40.808434,-8.4375,361.0,2019-05-09 14:00:00,15.1,96,14.5,13.5,2.7,2.7,0.0,0.0,63,1013.8,971.5,100,100,86,1,0.08,0.07,21.3,34.0,219,219,48.6,14.6,13.8,14.2,12.2,0.43,0.422,0.377,0.41,1,0.0,158.0,10.0,148.0,11.2,158.0,1196.6,153.0,9.7,143.3,11.2,153.0,1158.6,1.5581643999010354e-05,13.399219216801361,7.132660612020979,246.15920831138334,2.2009687962117848e-05,13.301749086793853
40.808434,-8.4375,361.0,2019-05-09 15:00:00,15.4,99,15.2,13.2,2.6,2.6,0.0,0.0,63,1013.7,971.5,100,100,95,5,0.07,0.02,27.0,40.0,223,224,51.8,14.8,13.9,14.2,12.2,0.43,0.427,0.378,0.41,1,0.0,162.0,8.0,154.0,9.8,162.0,1100.3,152.0,7.5,144.5,9.8,152.0,1032.3,6.617662590825575e-08,4.080570564897706,3.0276692546830715,214.4796531466189,1.434569131593802e-07,5.8489248734738135
40.808434,-8.4375,361.0,2019-05-09 16:00:00,15.2,100,15.1,13.6,1.3,1.3,0.0,0.0,61,1013.3,971.0,100,100,50,6,0.04,0.01,22.9,36.2,217,218,50.4,14.9,13.9,14.2,12.2,0.43,0.428,0.379,0.41,1,0.0,80.0,0.0,80.0,0.0,80.0,946.9,72.1,0.0,72.1,0.0,72.1,853.6,1.7881786335221212e-09,1e-09,0.8582009587734376,182.1341271475628,6.0411652876169796e-09,1.6964184585107311
40.808434,-8.4375,361.0,2019-05-09 17:00:00,15.3,100,15.3,14.0,1.7,1.7,0.0,0.0,61,1013.4,971.2,100,100,72,26,0.05,0.01,21.5,33.4,220,221,45.0,15.0,14.0,14.2,12.2,0.43,0.429,0.38,0.41,1,0.0,105.0,8.0,97.0,14.4,105.0,746.9,89.2,6.8,82.4,14.4,89.2,634.6,1.1259341402867762e-09,1e-09,1e-09,149.30262855586227,5.629670539789511e-09,1.9999999999665113e-09
40.808434,-8.4375,361.0,2019-05-09 18:00:00,14.9,100,14.8,13.6,2.8,2.8,0.0,0.0,63,1013.3,971.0,100,100,58,26,0.02,0.01,20.0,31.7,219,220,41.8,14.9,14.1,14.2,12.2,0.43,0.429,0.382,0.41,1,0.0,40.0,0.0,40.0,0.0,40.0,513.9,30.4,0.0,30.4,0.0,30.4,390.3,1.0439671652236692e-09,1e-09,1e-09,114.72647004804267,5.2198356762415384e-09,1.9999999999564185e-09
40.808434,-8.4375,361.0,2019-05-09 19:00:00,14.5,98,14.2,13.1,2.4,2.4,0.0,0.0,61,1013.3,970.9,100,100,42,25,0.02,0.03,18.7,29.7,214,218,38.5,14.7,14.1,14.2,12.2,0.43,0.429,0.384,0.41,1,0.0,19.0,0.0,19.0,0.0,19.0,263.9,9.9,0.0,9.9,0.0,9.9,137.3,2.5388219888340523e-08,4.419085828682633,0.082138992,80.05134913323629,1.1836534202320691e-07,0.1638576568315838
40.808434,-8.4375,361.0,2019-05-09 20:00:00,14.2,100,14.1,12.9,1.6,1.6,0.0,0.0,61,1013.6,971.2,100,100,53,1,0.01,0.01,18.4,29.4,215,220,36.4,14.5,14.2,14.2,12.2,0.43,0.429,0.385,0.41,0,0.0,1.0,0.0,1.0,0.0,1.0,58.5,0.0,0.0,0.0,0.0,0.0,0.0,9.631019921223948e-10,1e-09,1e-09,46.2920398781133,4.815509822344548e-09,1.9999999998919906e-09
40.808434,-8.4375,361.0,2019-05-09 21:00:00,14.2,99,14.1,12.9,1.1,1.1,0.0,0.0,55,1014.1,971.7,100,100,38,1,0.0,0.01,18.1,28.9,211,216,35.3,14.4,14.2,14.2,12.2,0.43,0.429,0.387,0.41,0,0.0,0.0,0.0,0.0,0.0,0.0,0.0,0.0,0.0,0.0,0.0,0.0,0.0,5.157285577328769e-09,2.2010963195716733,0.040279697999999996,14.190946723469452,2.4781276055032886e-08,0.07999177276242794
40.808434,-8.4375,361.0,2019-05-09 22:00:00,14.2,99,14.1,12.9,0.8,0.8,0.0,0.0,53,1014.2,971.8,100,100,25,3,0.0,0.01,18.2,29.4,210,213,35.3,14.3,14.2,14.2,12.2,0.43,0.428,0.388,0.41,0,0.0,0.0,0.0,0.0,0.0,0.0,0.0,0.0,0.0,0.0,0.0,0.0,0.0,5.198524549636488e-09,2.2057255256745707,0.040279697999999996,4.96,2.498964612761574e-08,0.07895640203372725
40.808434,-8.4375,361.0,2019-05-09 23:00:00,14.1,100,14.1,12.9,1.5,1.5,0.0,0.0,61,1014.3,971.8,100,100,42,0,0.0,0.01,17.6,28.1,211,213,35.3,14.3,14.2,14.2,12.2,0.43,0.429,0.389,0.41,0,0.0,0.0,0.0,0.0,0.0,0.0,0.0,0.0,0.0,0.0,0.0,0.0,0.0,9.250495623656079e-10,1e-09,1e-09,4.942,4.6252476790235984e-09,1.999999998988264e-09
40.808434,-8.4375,361.0,2019-05-10 00:00:00,14.3,99,14.2,12.8,1.4,1.4,0.0,0.0,61,1014.5,972.1,100,100,97,0,0.0,0.01,19.7,32.8,201,207,36.0,14.6,14.2,14.2,12.2,0.43,0.429,0.39,0.41,0,0.0,0.0,0.0,0.0,0.0,0.0,0.0,0.0,0.0,0.0,0.0,0.0,0.0,5.925006562276548e-09,2.2822311568015334,0.040542964,4.978,2.8476137564307362e-08,0.07946787693839405
40.808434,-8.4375,361.0,2019-05-10 01:00:00,14.4,99,14.3,12.9,1.2,1.2,0.0,0.0,55,1014.2,971.8,100,100,41,0,0.0,0.01,19.7,32.0,195,201,39.2,14.5,14.3,14.2,12.2,0.43,0.429,0.392,0.41,0,0.0,0.0,0.0,0.0,0.0,0.0,0.0,0.0,0.0,0.0,0.0,0.0,0.0,5.962752151111458e-09,2.290794455071832,0.04080623,4.9959999999999996,2.865176456709965e-08,0.07997932610474616
40.808434,-8.4375,361.0,2019-05-10 02:00:00,14.4,97,13.9,12.8,2.7,2.7,0.0,0.0,63,1013.7,971.3,100,100,78,0,0.0,0.05,20.3,31.9,205,207,42.5,14.4,14.3,14.2,12.2,0.43,0.429,0.393,0.41,0,0.0,0.0,0.0,0.0,0.0,0.0,0.0,0.0,0.0,0.0,0.0,0.0,0.0,1.1826174977328096e-07,6.674911464252367,0.12241868999999998,4.9959999999999996,5.397340234254218e-07,0.2307047851374791
40.808434,-8.4375,361.0,2019-05-10 03:00:00,14.3,97,13.8,12.7,2.7,2.7,0.0,0.0,63,1013.8,971.4,91,100,1,0,0.0,0.05,19.5,30.8,214,215,41.8,14.3,14.3,14.2,12.2,0.43,0.429,0.395,0.41,0,0.0,0.0,0.0,0.0,0.0,0.0,0.0,0.0,0.0,0.0,0.0,0.0,0.0,1.0510765321721643e-07,6.548959497246607,0.121628892,4.978,4.799131784839628e-07,0.22925420100739516
40.808434,-8.4375,361.0,2019-05-10 04:00:00,14.1,99,14.0,13.3,0.9,0.9,0.0,0.0,53,1013.7,971.3,96,100,10,0,0.0,0.02,15.0,24.4,207,214,40.0,14.3,14.3,14.1,12.2,0.43,0.428,0.396,0.41,0,0.0,0.0,0.0,0.0,0.0,0.0,0.0,0.0,0.0,0.0,0.0,0.0,0.0,3.932900808345263e-09,2.043007448251369,0.040016432,4.942,1.8909536835587666e-08,0.07844490110501043
40.808434,-8.4375,361.0,2019-05-10 05:00:00,14.2,99,14.0,13.0,1.5,1.5,0.0,0.0,61,1013.4,971.0,97,100,12,0,0.0,0.02,17.2,27.3,196,201,32.8,14.3,14.3,14.1,12.2,0.43,0.429,0.398,0.41,0,0.0,0.0,0.0,0.0,0.0,0.0,0.0,0.0,0.0,0.0,0.0,0.0,0.0,4.778815670180811e-09,2.1588459333881933,0.040279697999999996,4.96,2.2972078205396557e-08,0.07895640203372725
40.808434,-8.4375,361.0,2019-05-10 06:00:00,14.2,98,13.9,12.9,2.2,2.2,0.0,0.0,61,1014.4,972.0,100,100,28,0,0.01,0.03,17.8,29.0,223,227,35.6,14.2,14.3,14.1,12.2,0.43,0.429,0.399,0.41,1,0.0,3.0,0.0,3.0,0.0,3.0,58.4,7.1,0.0,7.1,0.0,3.5,137.2,2.217945344703646e-08,4.288655797328427,0.08055939599999999,4.96,1.0371930658738471e-07,0.15483191423183448
40.808434,-8.4375,361.0,2019-05-10 07:00:00,13.8,97,13.3,12.4,1.7,1.7,0.0,0.0,61,1015.3,972.8,100,96,52,0,0.02,0.05,16.5,26.7,247,256,35.3,14.2,14.3,14.1,12.2,0.43,0.429,0.401,0.41,1,0.0,16.0,0.0,16.0,0.0,16.0,263.8,23.7,0.0,23.7,0.0,23.7,390.2,6.561935979424082e-08,6.03627953611972,0.11767990199999998,4.888,3.002823324035931e-07,0.2219981429395903
40.808434,-8.4375,361.0,2019-05-10 08:00:00,13.9,98,13.6,13.0,0.3,0.3,0.0,0.0,51,1016.1,973.5,100,100,67,0,0.05,0.03,14.3,21.9,231,237,31.7,14.4,14.3,14.1,12.2,0.427,0.427,0.402,0.41,1,1020.73,120.0,36.0,84.0,94.0,120.0,513.9,148.2,44.5,103.7,94.0,148.2,634.7,1.4388760721544988e-08,3.9082775123377393,0.0789798,4.906,6.735524539235916e-08,0.15184823472829503
40.808434,-8.4375,361.0,2019-05-10 09:00:00,14.3,96,13.7,13.3,0.1,0.1,0.0,0.0,51,1016.8,974.3,100,100,27,0,0.11,0.06,15.0,20.7,228,229,32.0,14.9,14.3,14.1,12.2,0.425,0.426,0.402,0.41,1,3482.22,263.0,98.0,165.0,176.1,263.0,747.1,300.6,112.0,188.6,176.1,300.6,853.9,1.7697854201371748e-07,7.758789262636454,0.162171856,4.978,7.913890803545218e-07,0.29991717293736186
40.808434,-8.4375,361.0,2019-05-10 10:00:00,14.6,91,13.2,13.4,0.2,0.2,0.0,0.0,51,1017.4,974.9,55,48,19,0,0.2,0.14,15.1,20.2,232,231,33.5,15.6,14.4,14.1,12.2,0.424,0.425,0.403,0.41,1,3600.0,446.0,204.0,242.0,289.0,446.0,947.4,486.3,222.4,263.9,289.0,486.3,1032.9,1.2646313050825048e-05,15.936632873577977,0.371994858,5.032,5.2050488690993615e-05,0.6279376590155329
40.808434,-8.4375,361.0,2019-05-10 11:00:00,15.4,79,11.7,13.6,0.3,0.3,0.0,0.0,51,1017.8,975.4,90,96,6,0,0.28,0.38,17.4,23.2,240,240,38.2,16.3,14.5,14.1,12.2,0.423,0.424,0.403,0.41,1,3600.0,577.0,363.0,214.0,442.5,577.0,1101.1,607.7,382.3,225.4,442.5,607.7,1159.6,0.0031290849937342423,31.16885098306882,0.9122166899999999,5.176,0.011346230697194877,1.266440599831821
40.808434,-8.4375,361.0,2019-05-10 12:00:00,15.6,72,10.6,13.9,0.3,0.3,0.0,0.0,51,1018.0,975.6,82,91,0,0,0.32,0.49,15.5,19.8,242,243,38.9,17.2,14.6,14.1,12.3,0.418,0.422,0.402,0.409,1,3600.0,621.0,333.0,288.0,373.1,621.0,1197.9,635.3,340.6,294.6,373.1,635.3,1225.4,4.27392578125,72.10133361816406,30.561511993408203,298.4079895019531,1.447509765625,48.5771369934082
40.808434,-8.4375,361.0,2019-05-10 13:00:00,15.7,73,10.8,14.1,0.1,0.1,0.0,0.0,51,1018.3,975.9,80,89,0,0,0.31,0.48,14.0,18.0,244,244,35.3,17.6,14.8,14.1,12.3,0.416,0.42,0.402,0.409,1,3600.0,587.0,232.0,355.0,252.9,587.0,1231.1,584.4,231.0,353.4,252.9,584.4,1225.7,0.07804698445221239,41.18638514452764,11.075840448234606,197.26873936194625,0.0876915513396998,19.42508179879595
40.808434,-8.4375,361.0,2019-05-10 14:00:00,16.0,72,10.9,15.1,0.1,0.1,0.0,0.0,51,1018.3,976.0,91,100,1,2,0.33,0.52,11.5,14.9,238,238,32.0,18.0,15.0,14.1,12.3,0.414,0.419,0.402,0.409,1,3600.0,625.0,332.0,293.0,371.8,625.0,1198.5,605.2,321.5,283.7,371.8,605.2,1160.6,0.016299227639022997,35.93044605644223,5.669304732750887,123.49931160596455,0.026771414779760833,10.171310295079024
40.808434,-8.4375,361.0,2019-05-10 15:00:00,15.9,73,11.1,14.5,0.0,0.0,0.0,0.0,3,1018.4,976.0,88,97,1,2,0.27,0.49,12.0,15.6,231,232,28.4,18.0,15.2,14.1,12.3,0.412,0.418,0.402,0.409,1,3600.0,495.0,195.0,300.0,237.4,495.0,1102.4,464.5,183.0,281.5,237.4,464.5,1034.5,0.010003061351123629,34.88763674021874,3.2865367367758855,67.09484943455132,0.021672573567495756,5.85596068200646
40.808434,-8.4375,361.0,2019-05-10 16:00:00,15.5,77,11.5,14.0,0.0,0.0,0.0,0.0,3,1019.2,976.7,81,73,0,50,0.23,0.4,13.8,18.3,255,254,31.3,17.9,15.4,14.1,12.3,0.41,0.417,0.403,0.409,1,3600.0,439.0,147.0,292.0,207.8,439.0,949.2,395.9,132.6,263.3,207.8,395.9,856.1,0.005240562517426193,32.847275449414134,1.9403605695283428,22.619247634495967,0.01454789924481535,3.195431967201888
40.808434,-8.4375,361.0,2019-05-10 17:00:00,14.4,84,11.7,13.3,0.0,0.0,0.0,0.0,2,1019.2,976.6,50,56,0,0,0.15,0.27,11.6,14.8,265,264,31.0,17.5,15.5,14.1,12.3,0.409,0.416,0.403,0.409,1,3463.77,290.0,98.0,192.0,175.5,290.0,749.6,246.6,83.3,163.3,175.5,246.6,637.5,0.00030049914945125565,24.288587220797247,0.9094663091101536,4.9959999999999996,0.001092775596423744,1.2500419750603344
40.808434,-8.4375,361.0,2019-05-10 18:00:00,13.9,83,11.0,12.4,0.0,0.0,0.0,0.0,2,1019.4,976.7,60,67,0,0,0.14,0.28,12.3,16.5,285,286,28.8,17.1,15.6,14.1,12.3,0.408,0.415,0.403,0.409,1,3600.0,308.0,213.0,95.0,552.9,308.0,517.0,234.5,162.2,72.3,552.9,234.5,393.6,0.00029105249999790227,24.22514662619037,0.6713283000000001,4.906,0.0011082598546455977,1.000418043060858
40.808434,-8.4375,361.0,2019-05-10 19:00:00,13.0,88,11.0,12.0,0.0,0.0,0.0,0.0,2,1019.4,976.6,50,56,0,0,0.05,0.19,9.2,13.0,301,304,26.6,16.3,15.7,14.1,12.3,0.408,0.414,0.403,0.409,1,3600.0,91.0,39.0,52.0,195.7,91.0,267.5,48.0,20.6,27.4,195.7,48.0,141.1,1.6841707914483893e-05,17.23687365311799,0.445446072,4.744,6.78902339810339e-05,0.7215209946816616
40.808434,-8.4375,361.0,2019-05-10 20:00:00,11.7,98,11.4,11.2,0.0,0.0,0.0,0.0,1,1020.2,977.2,50,55,0,0,0.01,0.03,6.8,13.4,335,333,19.1,15.3,15.6,14.1,12.3,0.408,0.414,0.403,0.409,0,0.0,11.0,3.0,8.0,33.7,11.0,60.4,0.0,0.0,0.0,0.0,0.0,0.0,8.614238776141066e-09,3.7202872824170496,0.067396096,4.51,4.063105525651984e-08,0.12993781214343197
40.808434,-8.4375,361.0,2019-05-10 21:00:00,11.3,99,11.1,10.7,0.0,0.0,0.0,0.0,1,1021.0,977.9,43,48,0,0,0.0,0.01,6.5,13.7,360,355,14.0,14.6,15.6,14.2,12.3,0.408,0.413,0.403,0.409,0,0.0,0.0,0.0,0.0,0.0,0.0,0.0,0.0,0.0,0.0,0.0,0.0,0.0,1.5569712550845407e-09,1.3718587364645964,0.032644983999999995,4.438000000000001,7.529515707909148e-09,0.06411100078788612
40.808434,-8.4375,361.0,2019-05-10 22:00:00,10.9,99,10.8,10.0,0.0,0.0,0.0,0.0,3,1021.5,978.3,90,100,0,0,0.0,0.01,8.4,17.0,7,5,16.9,14.0,15.4,14.2,12.3,0.407,0.413,0.403,0.409,0,0.0,0.0,0.0,0.0,0.0,0.0,0.0,0.0,0.0,0.0,0.0,0.0,0.0,1.8451770643865146e-09,1.4728918993828637,0.031591919999999996,4.366,8.930879943821394e-09,0.062061169645810314
40.808434,-8.4375,361.0,2019-05-10 23:00:00,10.7,98,10.4,9.5,0.0,0.0,0.0,0.0,1,1021.5,978.2,48,53,0,0,0.0,0.02,9.4,17.9,23,19,19.1,13.6,15.3,14.2,12.3,0.407,0.412,0.403,0.409,0,0.0,0.0,0.0,0.0,0.0,0.0,0.0,0.0,0.0,0.0,0.0,0.0,0.0,5.889377827470187e-09,2.984521845505969,0.062130775999999985,4.33,2.787748889174487e-08,0.1199583725684888
40.808434,-8.4375,361.0,2019-05-11 00:00:00,10.1,99,9.9,8.8,0.0,0.0,0.0,0.0,1,1021.5,978.2,23,26,0,0,0.0,0.01,8.5,16.4,36,26,19.1,14.3,15.1,14.2,12.3,0.409,0.414,0.404,0.409,0,0.0,0.0,0.0,0.0,0.0,0.0,0.0,0.0,0.0,0.0,0.0,0.0,0.0,1.800420981876841e-09,1.4352723089376753,0.029485791999999993,4.2219999999999995,8.72927551397647e-09,0.057959631350545424
40.808434,-8.4375,361.0,2019-05-11 01:00:00,9.9,97,9.5,8.6,0.0,0.0,0.0,0.0,0,1021.5,978.1,15,17,0,0,0.0,0.03,8.2,16.9,38,34,16.9,13.6,15.0,14.2,12.3,0.409,0.413,0.404,0.409,0,0.0,0.0,0.0,0.0,0.0,0.0,0.0,0.0,0.0,0.0,0.0,0.0,0.0,1.1864599545631115e-08,4.071498172228571,0.08687777999999999,4.186,5.529085904121081e-08,0.1651847953614676
40.808434,-8.4375,361.0,2019-05-11 02:00:00,9.7,97,9.3,8.3,0.0,0.0,0.0,0.0,1,1021.7,978.3,46,51,0,0,0.0,0.03,8.4,18.5,31,29,17.6,13.0,14.9,14.2,12.3,0.408,0.413,0.405,0.409,0,0.0,0.0,0.0,0.0,0.0,0.0,0.0,0.0,0.0,0.0,0.0,0.0,0.0,1.1992335399829833e-08,4.073889456339467,0.08529818399999999,4.15,5.594070773153073e-08,0.1622587896304142
40.808434,-8.4375,361.0,2019-05-11 03:00:00,9.6,98,9.3,8.1,0.0,0.0,0.0,0.0,2,1021.8,978.4,74,82,0,0,0.0,0.03,9.5,20.9,25,29,19.8,12.5,14.7,14.2,12.3,0.408,0.413,0.405,0.409,0,0.0,0.0,0.0,0.0,0.0,0.0,0.0,0.0,0.0,0.0,0.0,0.0,0.0,5.45791087621129e-09,2.874492122871212,0.056338924,4.132,2.593856775588559e-08,0.10896361001395108
40.808434,-8.4375,361.0,2019-05-11 04:00:00,10.2,96,9.6,8.6,0.0,0.0,0.0,0.0,0,1022.1,978.7,9,10,0,0,0.0,0.05,10.8,22.1,15,24,23.0,12.4,14.5,14.2,12.3,0.408,0.412,0.405,0.409,0,0.0,0.0,0.0,0.0,0.0,0.0,0.0,0.0,0.0,0.0,0.0,0.0,0.0,4.573146610597229e-08,5.918248338444182,0.11899623199999998,4.24,2.092476001066987e-07,0.2223890120693099
40.808434,-8.4375,361.0,2019-05-11 05:00:00,9.6,93,8.6,7.7,0.0,0.0,0.0,0.0,0,1022.3,978.9,1,1,0,0,0.0,0.08,10.8,23.6,26,31,24.1,12.0,14.3,14.2,12.3,0.407,0.412,0.405,0.409,0,0.0,0.0,0.0,0.0,0.0,0.0,0.0,0.0,0.0,0.0,0.0,0.0,0.0,8.283773193075859e-07,10.885763985027898,0.19718623399999996,4.132,3.6505371690460973e-06,0.3523371164233214
40.808434,-8.4375,361.0,2019-05-11 06:00:00,9.8,90,8.2,7.7,0.0,0.0,0.0,0.0,0,1022.5,979.1,1,1,0,0,0.02,0.12,11.7,24.3,34,35,24.5,11.8,14.2,14.2,12.3,0.407,0.411,0.405,0.409,1,0.0,14.0,5.0,9.0,56.2,14.0,60.4,32.8,11.7,21.1,111.1,16.6,141.3,1.8822452111441157e-05,17.32862617650061,0.28695993999999997,4.168,8.005103182921603e-05,0.4896422264883804
40.808434,-8.4375,361.0,2019-05-11 07:00:00,12.0,80,8.7,10.2,0.0,0.0,0.0,0.0,0,1022.7,979.6,0,0,0,0,0.06,0.28,10.2,19.1,32,36,24.8,12.2,14.0,14.2,12.3,0.406,0.411,0.405,0.409,1,3600.0,141.0,85.0,56.0,426.1,141.0,267.6,207.5,125.1,82.4,426.1,207.5,393.8,0.0026151447969204734,32.00612631405523,0.6897569199999999,6.148538762127599,0.009813302882966984,1.0773616904806602
40.808434,-8.4375,361.0,2019-05-11 08:00:00,14.0,71,8.8,12.3,0.0,0.0,0.0,0.0,0,1022.6,979.8,0,0,0,0,0.16,0.47,10.0,13.6,13,17,23.0,13.3,13.9,14.1,12.3,0.405,0.411,0.405,0.409,1,3600.0,334.0,249.0,85.0,645.8,334.0,517.3,411.8,307.0,104.8,645.8,411.8,637.8,0.11270242664412751,51.82709238637667,1.842598734,11.072538762127598,0.33570992862402155,2.6024873505612725
40.808434,-8.4375,361.0,2019-05-11 09:00:00,15.7,66,9.4,13.8,0.0,0.0,0.0,0.0,0,1022.8,980.2,0,0,0,0,0.27,0.6,11.8,15.8,12,17,27.0,14.6,13.9,14.1,12.3,0.403,0.41,0.405,0.409,1,3600.0,532.0,430.0,102.0,769.2,532.0,750.0,607.6,491.1,116.5,769.2,607.6,856.6,0.4238166921681088,67.24932555765214,3.3463741259999997,16.302538762127597,1.037673365022685,4.423005146660307
40.808434,-8.4375,361.0,2019-05-11 10:00:00,17.6,60,9.7,16.8,0.0,0.0,0.0,0.0,0,1022.6,980.3,0,0,0,0,0.39,0.81,11.7,15.5,18,22,28.4,16.1,14.0,14.1,12.3,0.401,0.409,0.405,0.409,1,3600.0,708.0,592.0,116.0,836.2,708.0,949.8,771.6,645.2,126.4,836.2,771.6,1035.2,0.732379479577008,76.34101006534618,5.315603806,21.874538762127596,1.4989246498260844,6.613461223086685
40.808434,-8.4375,361.0,2019-05-11 11:00:00,19.3,56,10.2,19.3,0.0,0.0,0.0,0.0,0,1022.7,980.6,0,0,0,0,0.49,0.99,12.0,15.7,16,20,28.4,17.5,14.3,14.1,12.3,0.397,0.408,0.405,0.409,1,3600.0,846.0,721.0,125.0,876.8,846.0,1103.3,890.8,759.2,131.6,876.8,890.8,1161.6,2.3304004543197157,81.80772196320757,7.678679422,27.752538762127596,2.5498420393583006,9.078011080843023
40.808434,-8.4375,361.0,2019-05-11 12:00:00,21.1,55,11.6,23.1,0.0,0.0,0.0,0.0,0,1022.1,980.3,0,0,0,0,0.58,1.13,5.9,7.4,11,23,29.2,19.0,14.4,14.1,12.3,0.394,0.407,0.405,0.409,1,3600.0,932.0,802.0,130.0,896.8,932.0,1199.8,953.3,820.3,133.0,896.8,953.3,1227.2,19.3408203125,89.08932495117188,35.46484375,305.4200134277344,7.699666500091553,54.927711486816406
40.808434,-8.4375,361.0,2019-05-11 13:00:00,22.2,53,12.3,24.6,0.0,0.0,0.0,0.0,0,1021.8,980.2,0,0,0,0,0.61,1.25,5.8,7.2,353,6,18.7,20.3,14.8,14.1,12.3,0.391,0.406,0.405,0.409,1,3600.0,955.0,822.0,133.0,894.4,955.0,1232.9,950.8,818.4,132.4,894.4,950.8,1227.5,14.239122661767325,88.86996676249865,38.347869716,311.82001342773435,4.883152600608855,58.66046461320868
40.808434,-8.4375,361.0,2019-05-11 14:00:00,22.9,50,12.0,24.7,0.0,0.0,0.0,0.0,0,1021.6,980.1,0,0,0,0,0.59,1.39,7.4,9.7,346,356,20.9,21.2,15.2,14.1,12.3,0.388,0.404,0.405,0.409,1,3600.0,923.0,792.0,131.0,885.2,923.0,1200.3,893.9,767.0,126.9,885.2,893.9,1162.5,15.788257858425046,88.91895115827053,41.507061715999995,318.34601342773436,5.330512767305233,62.60686936687118
40.808434,-8.4375,361.0,2019-05-11 15:00:00,23.3,47,11.2,24.1,0.0,0.0,0.0,0.0,0,1021.2,979.7,0,0,0,0,0.55,1.53,8.8,11.3,341,351,21.6,21.6,15.6,14.1,12.3,0.385,0.403,0.404,0.409,1,3600.0,836.0,711.0,125.0,863.7,836.0,1104.4,784.7,667.4,117.3,863.7,784.7,1036.6,17.333846166692627,88.96795172625758,44.911617627999995,324.9440134277344,5.76052240214176,66.75659497509336
40.808434,-8.4375,361.0,2019-05-11 16:00:00,22.9,48,11.3,22.7,0.0,0.0,0.0,0.0,0,1021.1,979.6,15,0,0,49,0.46,1.45,10.3,13.9,335,343,23.4,21.5,16.0,14.1,12.3,0.382,0.402,0.404,0.409,1,3600.0,702.0,586.0,116.0,826.2,702.0,951.5,633.4,528.7,104.7,826.2,633.4,858.5,19.003017760932458,89.01696847179907,48.19717730799999,331.4700134277344,6.256682866989862,70.69570093172965
40.808434,-8.4375,361.0,2019-05-11 17:00:00,21.8,58,13.3,21.2,0.0,0.0,0.0,0.0,0,1021.3,979.6,10,0,0,35,0.34,1.09,11.6,16.0,344,351,24.8,21.1,16.3,14.1,12.3,0.381,0.401,0.404,0.409,1,3600.0,527.0,421.0,106.0,750.8,527.0,752.2,448.6,358.4,90.2,750.8,448.6,640.3,18.50588125763362,88.09079213729999,50.729269695999996,337.79801342773436,5.848883235525981,73.76437829694177
40.808434,-8.4375,361.0,2019-05-11 18:00:00,20.6,71,15.2,20.7,0.0,0.0,0.0,0.0,0,1020.9,979.1,18,0,0,59,0.2,0.7,11.4,19.1,347,1,24.8,20.5,16.6,14.1,12.3,0.38,0.4,0.404,0.409,1,3600.0,333.0,247.0,86.0,637.1,333.0,520.1,254.1,188.5,65.6,637.1,254.1,396.9,14.680876430013425,85.8463601643943,52.38600263399999,343.9100134277344,4.209419596604994,75.87710496459107
40.808434,-8.4375,361.0,2019-05-11 19:00:00,18.8,78,15.0,18.9,0.0,0.0,0.0,0.0,0,1021.1,979.0,10,0,0,32,0.09,0.47,11.1,23.1,13,21,24.1,19.5,16.8,14.2,12.3,0.381,0.399,0.404,0.409,1,3600.0,144.0,88.0,56.0,435.6,144.0,271.0,77.0,47.1,29.9,435.6,77.0,144.9,12.075782812115097,84.03091143239261,53.538581181999994,349.6980134277344,3.2327814385168367,77.43790605708558
40.808434,-8.4375,361.0,2019-05-11 20:00:00,17.2,77,13.2,16.6,0.0,0.0,0.0,0.0,0,1020.9,978.6,1,0,0,3,0.04,0.45,11.8,25.1,31,32,24.1,18.2,16.9,14.2,12.3,0.382,0.398,0.404,0.409,0,36.52,16.0,6.0,10.0,66.4,16.0,62.2,0.0,0.0,0.0,0.0,0.0,0.0,12.104858045638684,83.6809081412539,54.646667775999994,355.1980134277344,3.1969466358845007,78.93374683854528
40.808434,-8.4375,361.0,2019-05-11 21:00:00,16.8,74,12.0,15.6,0.0,0.0,0.0,0.0,0,1021.4,979.0,0,0,0,0,0.03,0.51,12.7,25.8,43,41,25.9,17.2,16.9,14.2,12.3,0.382,0.398,0.404,0.409,0,0.0,0.0,0.0,0.0,0.0,0.0,0.0,0.0,0.0,0.0,0.0,0.0,0.0,12.756169013295477,83.7281793675297,55.87190774,360.6260134277344,3.366187369475722,80.5461941255622
40.808434,-8.4375,361.0,2019-05-11 22:00:00,16.4,68,10.4,14.9,0.0,0.0,0.0,0.0,0,1021.1,978.7,1,0,0,2,0.04,0.61,11.6,22.9,54,53,25.9,16.5,16.8,14.2,12.3,0.383,0.398,0.404,0.409,0,0.0,0.0,0.0,0.0,0.0,0.0,0.0,0.0,0.0,0.0,0.0,0.0,0.0,12.435874590225621,83.77546620041721,57.346197339999996,365.9820134277344,3.204637070817302,82.4100500567517
40.808434,-8.4375,361.0,2019-05-11 23:00:00,15.9,61,8.4,14.0,0.0,0.0,0.0,0.0,0,1020.9,978.4,0,0,0,0,0.04,0.7,10.2,18.9,67,72,23.8,15.8,16.7,14.2,12.3,0.383,0.397,0.404,0.409,0,0.0,0.0,0.0,0.0,0.0,0.0,0.0,0.0,0.0,0.0,0.0,0.0,0.0,12.90753546117578,84.51000985991735,59.09165092,371.2480134277344,3.295179460688128,84.54190480703302
40.808434,-8.4375,361.0,2019-05-12 00:00:00,15.1,56,6.5,12.9,0.0,0.0,0.0,0.0,0,1020.7,978.1,2,0,0,5,0.04,0.75,9.3,18.0,77,89,21.6,15.6,16.5,14.2,12.3,0.383,0.397,0.404,0.409,0,0.0,0.0,0.0,0.0,0.0,0.0,0.0,0.0,0.0,0.0,0.0,0.0,0.0,13.676230394553137,85.23669654164793,60.968210968,376.3700134277344,3.4786819402564673,86.78901987885065
40.808434,-8.4375,361.0,2019-05-12 01:00:00,15.4,54,6.1,12.8,0.0,0.0,0.0,0.0,0,1020.6,978.1,9,0,0,30,0.05,0.81,11.2,23.8,75,88,24.5,15.0,16.3,14.2,12.3,0.384,0.396,0.404,0.409,0,0.0,0.0,0.0,0.0,0.0,0.0,0.0,0.0,0.0,0.0,0.0,0.0,0.0,15.79796451473186,85.75472324654608,62.966399908,381.5460134277344,4.1141249596008045,89.15128812976184
40.808434,-8.4375,361.0,2019-05-12 02:00:00,17.0,44,4.7,13.2,0.0,0.0,0.0,0.0,1,1020.4,978.1,20,0,0,68,0.11,1.08,17.2,35.3,80,92,33.8,14.8,16.2,14.2,12.3,0.384,0.396,0.404,0.409,0,0.0,0.0,0.0,0.0,0.0,0.0,0.0,0.0,0.0,0.0,0.0,0.0,0.0,23.93136950303283,87.47343800305669,65.634864084,387.0100134277344,7.09983590432331,92.18464853595503
40.808434,-8.4375,361.0,2019-05-12 03:00:00,18.1,36,2.9,12.9,0.0,0.0,0.0,0.0,0,1020.3,978.2,20,0,0,65,0.17,1.32,24.5,46.2,88,94,47.2,14.8,16.0,14.2,12.3,0.383,0.396,0.404,0.409,0,0.0,0.0,0.0,0.0,0.0,0.0,0.0,0.0,0.0,0.0,0.0,0.0,0.0,37.219960898313055,89.26834786877346,68.869876692,392.6720134277344,13.266915361733767,95.75438043005157
40.808434,-8.4375,361.0,2019-05-12 04:00:00,17.7,36,2.6,11.7,0.0,0.0,0.0,0.0,0,1020.5,978.3,16,0,0,52,0.19,1.29,30.0,52.9,95,96,57.6,14.9,15.9,14.3,12.3,0.383,0.395,0.404,0.409,0,0.0,0.0,0.0,0.0,0.0,0.0,0.0,0.0,0.0,0.0,0.0,0.0,0.0,46.26302079846945,89.51795604516623,72.037493204,398.26201342773436,18.1421352396204,99.2115916973966
40.808434,-8.4375,361.0,2019-05-12 05:00:00,16.9,36,1.8,10.6,0.0,0.0,0.0,0.0,0,1020.5,978.2,9,0,0,31,0.19,1.23,30.8,54.4,96,97,59.8,14.9,15.8,14.3,12.3,0.382,0.395,0.404,0.409,0,0.0,0.0,0.0,0.0,0.0,0.0,0.0,0.0,0.0,0.0,0.0,0.0,0.0,48.35228248958808,89.56715437482359,75.070317524,403.7080134277344,19.022204581360743,102.49346831649102
40.808434,-8.4375,361.0,2019-05-12 06:00:00,16.1,41,2.9,9.8,0.0,0.0,0.0,0.0,0,1020.7,978.3,14,0,0,48,0.18,1.08,31.8,56.1,95,96,61.9,14.8,15.7,14.3,12.3,0.382,0.395,0.404,0.409,1,36.36,16.0,6.0,10.0,66.3,16.0,62.3,37.3,14.0,23.3,129.1,19.2,145.3,50.728181878431236,89.61636894732646,77.741940892,409.0100134277344,20.147017245379523,105.39968134694935
40.808434,-8.4375,361.0,2019-05-12 07:00:00,16.4,46,4.8,10.5,0.0,0.0,0.0,0.0,0,1021.0,978.6,8,0,0,25,0.2,1.0,32.1,56.1,94,96,63.0,14.9,15.6,14.3,12.3,0.381,0.394,0.404,0.409,1,3600.0,149.0,91.0,58.0,449.7,149.0,271.4,218.2,133.2,84.9,449.7,218.2,397.3,49.61361645048409,89.14519485351792,80.22980459200001,414.3660134277344,19.116654168919407,108.12266533210243
40.808434,-8.4375,361.0,2019-05-12 08:00:00,17.4,48,6.2,11.7,0.0,0.0,0.0,0.0,0,1020.9,978.6,4,0,0,14,0.27,1.04,32.9,56.4,95,95,65.5,15.4,15.6,14.3,12.3,0.379,0.393,0.403,0.409,1,3600.0,346.0,261.0,85.0,672.4,346.0,520.6,425.9,321.3,104.6,672.4,425.9,640.8,50.30187215294599,88.90276059608452,82.76242351200001,419.9020134277344,19.22224207295935,110.88596273639008
40.808434,-8.4375,361.0,2019-05-12 09:00:00,19.1,48,7.9,14.1,0.0,0.0,0.0,0.0,0,1021.0,979.0,8,0,0,27,0.36,1.14,30.7,53.5,94,95,65.2,16.4,15.6,14.3,12.3,0.377,0.392,0.403,0.409,1,3600.0,546.0,443.0,103.0,789.2,546.0,752.8,623.1,505.6,117.6,789.2,623.1,859.1,47.62944287333517,88.95175581875185,85.52776957600001,425.7440134277344,17.326619468126932,113.8680973655225
40.808434,-8.4375,361.0,2019-05-12 10:00:00,20.8,45,8.6,17.0,0.0,0.0,0.0,0.0,0,1021.2,979.4,11,0,0,37,0.46,1.35,28.9,44.5,95,96,60.8,17.5,15.6,14.3,12.3,0.374,0.391,0.403,0.409,1,3600.0,722.0,607.0,115.0,854.8,722.0,952.2,786.6,661.3,125.3,854.8,786.6,1037.4,45.69114942563422,89.00076721720887,88.69880854600001,431.8920134277344,15.935961160225894,117.21548124407977
40.808434,-8.4375,361.0,2019-05-12 11:00:00,22.5,42,9.0,19.9,0.0,0.0,0.0,0.0,0,1021.2,979.6,9,0,0,30,0.56,1.58,25.8,37.7,98,97,57.6,18.7,15.8,14.3,12.3,0.37,0.39,0.403,0.409,1,3600.0,859.0,736.0,123.0,892.9,859.0,1105.3,904.3,774.8,129.5,892.9,904.3,1163.6,42.653641180325735,89.20641539812071,92.302393554,438.3460134277344,14.039725505542137,120.93936770995096
40.808434,-8.4375,361.0,2019-05-12 12:00:00,24.0,39,9.3,22.7,0.0,0.0,0.0,0.0,0,1021.2,979.8,16,0,0,54,0.64,1.81,21.0,29.7,97,96,51.5,19.9,15.8,14.3,12.3,0.365,0.388,0.402,0.409,1,3600.0,945.0,816.0,129.0,910.6,945.0,1201.6,966.5,834.6,131.9,910.6,966.5,1229.0,33.039302825927734,93.68633270263672,41.820255279541016,313.5709228515625,15.120638847351074,62.787681579589844
40.808434,-8.4375,361.0,2019-05-12 13:00:00,25.1,38,9.7,24.8,0.0,0.0,0.0,0.0,0,1020.9,979.7,16,0,0,52,0.67,1.98,16.8,23.3,100,98,41.8,20.9,16.1,14.3,12.3,0.361,0.387,0.402,0.409,1,3600.0,975.0,844.0,131.0,916.6,975.0,1234.7,970.7,840.3,130.4,916.6,970.7,1229.2,32.25419208922563,92.24775948877624,46.09674818354102,320.4929228515625,13.764111627892088,67.81042866490043
40.808434,-8.4375,361.0,2019-05-12 14:00:00,25.8,37,10.2,26.1,0.0,0.0,0.0,0.0,0,1020.8,979.7,11,0,0,37,0.66,2.09,13.3,18.0,103,102,34.9,21.8,16.4,14.3,12.3,0.357,0.385,0.402,0.409,1,3600.0,941.0,813.0,128.0,906.9,941.0,1202.1,911.4,787.4,124.0,906.9,911.4,1164.3,29.693570625487688,92.24549216680288,50.55831708554102,327.5409228515625,11.53492860322032,72.96135019787198
40.808434,-8.4375,361.0,2019-05-12 15:00:00,26.2,37,10.2,26.5,0.0,0.0,0.0,0.0,0,1020.4,979.4,0,0,0,0,0.6,2.15,10.5,14.1,106,103,28.1,22.3,16.8,14.3,12.3,0.354,0.384,0.402,0.409,1,3600.0,851.0,729.0,122.0,883.6,851.0,1106.3,799.0,684.4,114.5,883.6,799.0,1038.7,28.039155572927672,92.29559099345283,55.08622901954102,334.66092285156253,10.088080680568943,78.05302939328222
40.808434,-8.4375,361.0,2019-05-12 16:00:00,26.4,36,10.0,26.4,0.0,0.0,0.0,0.0,0,1020.0,979.0,0,0,0,0,0.5,2.22,7.0,9.9,102,100,22.7,22.6,17.1,14.3,12.3,0.352,0.382,0.401,0.409,1,3600.0,713.0,600.0,113.0,843.6,713.0,953.7,643.6,541.6,102.0,843.6,643.6,860.9,25.761029178538436,92.34570636024772,59.71971061954102,341.81692285156254,8.516926874013743,83.1298488727474
40.808434,-8.4375,361.0,2019-05-12 17:00:00,26.4,35,9.7,25.7,0.0,0.0,0.0,0.0,0,1019.8,978.8,0,0,0,0,0.37,2.23,4.3,6.4,66,74,15.8,22.6,17.5,14.3,12.3,0.35,0.381,0.401,0.409,1,3600.0,538.0,437.0,101.0,776.3,538.0,754.8,458.4,372.3,86.1,776.3,458.4,643.1,24.274507162081452,92.39583827264825,64.42559036954101,348.97292285156254,7.486247157641408,88.16141197500328
40.808434,-8.4375,361.0,2019-05-12 18:00:00,25.4,49,14.0,25.8,0.0,0.0,0.0,0.0,0,1019.4,978.3,0,0,0,0,0.24,1.65,6.8,9.6,360,20,11.5,22.2,17.7,14.4,12.3,0.35,0.381,0.401,0.409,1,3600.0,341.0,258.0,83.0,661.3,341.0,523.1,260.8,197.4,63.5,661.3,260.8,400.2,22.4447770098416,90.50431322987238,67.98363035954101,355.94892285156254,6.491290761805436,92.02636223641696
40.808434,-8.4375,361.0,2019-05-12 19:00:00,21.3,62,13.6,21.2,0.0,0.0,0.0,0.0,0,1019.3,977.7,0,0,0,0,0.11,0.98,9.2,20.6,31,33,18.0,21.1,17.9,14.4,12.3,0.351,0.38,0.401,0.409,1,3600.0,149.0,94.0,55.0,459.2,149.0,274.5,80.7,50.9,29.8,459.2,80.7,148.6,18.738504074709706,87.7768362053978,70.22455055154101,362.18692285156254,4.954720760419786,94.59598071921923
40.808434,-8.4375,361.0,2019-05-12 20:00:00,19.6,53,9.8,18.0,0.0,0.0,0.0,0.0,0,1019.2,977.3,0,0,0,0,0.08,1.07,10.7,21.7,48,43,22.0,19.7,18.0,14.4,12.3,0.352,0.38,0.401,0.409,0,33.19,17.0,6.0,11.0,65.4,17.0,64.1,0.0,0.0,0.0,0.0,0.0,0.0,20.205765891083114,87.82545970373867,72.78586546554101,368.11892285156256,5.381066979122782,97.41739274106793
40.808434,-8.4375,361.0,2019-05-12 21:00:00,18.6,50,7.9,16.7,0.0,0.0,0.0,0.0,0,1019.6,977.6,0,0,0,0,0.06,1.08,9.9,18.4,57,55,22.0,18.5,18.0,14.4,12.3,0.352,0.379,0.401,0.409,0,0.0,0.0,0.0,0.0,0.0,0.0,0.0,0.0,0.0,0.0,0.0,0.0,0.0,20.012064357487375,87.87409925514432,75.379035565541,373.87092285156257,5.204583019206565,100.23511231053476
40.808434,-8.4375,361.0,2019-05-12 22:00:00,18.0,46,6.1,15.6,0.0,0.0,0.0,0.0,0,1019.7,977.6,0,0,0,0,0.07,1.13,10.0,16.8,64,67,21.2,17.6,17.9,14.4,12.3,0.353,0.379,0.401,0.409,0,0.0,0.0,0.0,0.0,0.0,0.0,0.0,0.0,0.0,0.0,0.0,0.0,0.0,20.475953579172923,87.92275486491467,78.094361089541,379.5149228515626,5.267455693358264,103.13330265986829
40.808434,-8.4375,361.0,2019-05-12 23:00:00,16.9,44,4.6,14.2,0.0,0.0,0.0,0.0,0,1019.4,977.1,0,0,0,0,0.06,1.07,9.7,15.6,75,82,21.6,16.8,17.8,14.4,12.4,0.354,0.378,0.401,0.409,0,0.0,0.0,0.0,0.0,0.0,0.0,0.0,0.0,0.0,0.0,0.0,0.0,0.0,20.625041439744972,87.97142653835138,80.748082369541,384.9609228515626,5.224730399898251,105.94140216228683
40.808434,-8.4375,361.0,2019-05-13 00:00:00,18.4,24,-2.7,13.6,0.0,0.0,0.0,0.0,0,1019.3,977.3,0,0,0,0,0.15,1.62,16.0,33.5,81,92,23.0,18.3,17.6,14.5,12.4,0.368,0.389,0.408,0.409,0,0.0,0.0,0.0,0.0,0.0,0.0,0.0,0.0,0.0,0.0,0.0,0.0,0.0,36.61225485281178,91.43155019376572,84.649684489541,390.6769228515626,11.777480193633496,109.8144313060141
40.808434,-8.4375,361.0,2019-05-13 01:00:00,19.6,20,-4.3,14.0,0.0,0.0,0.0,0.0,0,1018.9,977.0,0,0,0,0,0.2,1.84,20.2,39.0,87,94,38.9,17.5,17.6,14.5,12.4,0.368,0.389,0.408,0.409,0,0.0,0.0,0.0,0.0,0.0,0.0,0.0,0.0,0.0,0.0,0.0,0.0,0.0,49.312407480833826,93.05255989953898,89.009369449541,396.6089228515626,18.292775005465938,114.03671716409355
40.808434,-8.4375,361.0,2019-05-13 02:00:00,19.2,20,-4.0,13.2,0.0,0.0,0.0,0.0,0,1018.5,976.6,0,0,0,0,0.22,1.77,23.1,43.5,93,97,44.6,17.0,17.5,14.5,12.4,0.367,0.388,0.408,0.409,0,0.0,0.0,0.0,0.0,0.0,0.0,0.0,0.0,0.0,0.0,0.0,0.0,0.0,55.61825733681545,93.23463752593025,93.284809289541,402.46892285156264,21.71716699658732,118.1228946532586
40.808434,-8.4375,361.0,2019-05-13 03:00:00,18.4,24,-2.6,12.3,0.0,0.0,0.0,0.0,0,1018.4,976.4,4,0,0,14,0.21,1.62,24.9,46.1,95,98,48.2,16.6,17.4,14.5,12.4,0.367,0.388,0.408,0.409,0,0.0,0.0,0.0,0.0,0.0,0.0,0.0,0.0,0.0,0.0,0.0,0.0,0.0,59.73453868827258,93.28506291926216,97.18641140954101,408.18492285156265,23.94714667319118,121.84587232692941
40.808434,-8.4375,361.0,2019-05-13 04:00:00,17.6,25,-2.5,11.1,0.0,0.0,0.0,0.0,0,1018.4,976.3,6,0,0,20,0.22,1.51,27.8,49.9,94,96,53.6,16.2,17.2,14.5,12.4,0.367,0.388,0.408,0.409,0,0.0,0.0,0.0,0.0,0.0,0.0,0.0,0.0,0.0,0.0,0.0,0.0,0.0,65.64580243801274,93.23414508387033,100.878717059541,413.75692285156265,27.5187404668214,125.35185728457161
40.808434,-8.4375,361.0,2019-05-13 05:00:00,17.2,25,-2.8,10.4,0.0,0.0,0.0,0.0,0,1018.4,976.2,0,0,0,0,0.22,1.47,30.0,53.2,95,95,58.0,15.9,17.1,14.5,12.4,0.367,0.387,0.408,0.409,0,0.0,0.0,0.0,0.0,0.0,0.0,0.0,0.0,0.0,0.0,0.0,0.0,0.0,70.42416978121898,93.171105730663,104.492042909541,419.25692285156265,30.475216081806213,128.75781736693352
40.808434,-8.4375,361.0,2019-05-13 06:00:00,16.5,31,-0.5,9.8,0.0,0.0,0.0,0.0,0,1018.4,976.1,0,0,0,0,0.21,1.29,31.4,56.0,95,95,61.6,15.7,16.9,14.5,12.4,0.366,0.387,0.408,0.409,1,100.67,18.0,7.0,11.0,76.1,18.0,64.3,41.8,16.2,25.5,146.0,21.8,149.1,67.86909934176845,92.14163477558702,107.689145213541,424.6309228515627,28.297641582620418,131.80915646304052
40.808434,-8.4375,361.0,2019-05-13 07:00:00,17.0,36,1.9,10.5,0.0,0.0,0.0,0.0,0,1018.6,976.4,2,0,0,6,0.23,1.23,32.1,56.4,94,95,63.0,15.7,16.8,14.6,12.4,0.365,0.386,0.407,0.409,1,3600.0,157.0,100.0,57.0,487.4,157.0,275.0,228.8,145.7,83.1,487.4,228.8,400.7,64.36502287999791,91.19286500989729,110.738818557541,430.09492285156267,25.624063704259726,134.74430914044274
40.808434,-8.4375,361.0,2019-05-13 08:00:00,18.4,39,4.3,12.4,0.0,0.0,0.0,0.0,0,1018.6,976.6,8,0,0,25,0.31,1.29,31.8,54.5,94,95,63.4,16.2,16.7,14.6,12.4,0.364,0.385,0.407,0.409,1,3600.0,356.0,271.0,85.0,693.6,356.0,523.7,437.6,333.1,104.5,693.6,437.6,643.7,61.6434605981762,90.7222618015162,113.870367627541,435.8109228515627,23.60222188731842,137.75671424874412
40.808434,-8.4375,361.0,2019-05-13 09:00:00,20.4,43,7.4,15.8,0.0,0.0,0.0,0.0,0,1018.7,977.0,15,0,0,49,0.39,1.37,27.7,51.2,92,94,62.6,17.2,16.6,14.6,12.4,0.361,0.384,0.407,0.409,1,3600.0,557.0,453.0,104.0,803.8,557.0,755.5,635.3,516.6,118.6,803.8,635.3,861.6,52.71380793073456,90.31294265658899,117.096692457541,441.8869228515627,18.106100868175023,140.8698036068751
40.808434,-8.4375,361.0,2019-05-13 10:00:00,22.3,42,8.9,19.6,0.0,0.0,0.0,0.0,1,1018.6,977.1,22,0,0,72,0.49,1.56,22.7,36.7,90,91,55.4,18.4,16.7,14.6,12.4,0.359,0.383,0.407,0.409,1,3600.0,733.0,616.0,117.0,865.0,733.0,954.5,798.3,670.9,127.4,865.0,798.3,1039.6,45.51029725111641,90.36240345135067,120.669738609541,448.3049228515627,14.173495648094999,144.262221815599
40.808434,-8.4375,361.0,2019-05-13 11:00:00,23.9,41,9.7,23.2,0.0,0.0,0.0,0.0,0,1018.6,977.3,19,0,0,62,0.58,1.77,15.8,23.8,90,90,46.8,19.8,16.8,14.6,12.4,0.355,0.382,0.407,0.409,1,3600.0,851.0,687.0,164.0,831.6,851.0,1107.3,895.7,723.1,172.6,831.6,895.7,1165.4,36.79746947115938,90.41188057561081,124.552912109541,455.0109228515627,10.082064830749824,147.8951933594789
40.808434,-8.4375,361.0,2019-05-13 12:00:00,26.0,36,9.9,27.0,0.0,0.0,0.0,0.0,0,1018.2,977.2,0,0,0,0,0.66,2.15,9.1,13.1,81,81,33.8,21.3,16.8,14.6,12.4,0.351,0.38,0.406,0.409,1,3600.0,951.0,820.0,131.0,913.3,951.0,1203.4,972.6,838.6,134.0,913.3,972.6,1230.7,47.09765625,97.49560546875,50.02734375,322.1256103515625,23.623046875,72.05066680908203
40.808434,-8.4375,361.0,2019-05-13 13:00:00,27.1,35,10.1,29.1,0.0,0.0,0.0,0.0,0,1017.6,976.8,0,0,0,0,0.69,2.34,5.2,7.2,65,63,21.6,22.6,17.1,14.6,12.4,0.347,0.379,0.406,0.409,1,3600.0,980.0,850.0,130.0,921.5,980.0,1236.3,975.7,846.3,129.4,921.5,975.7,1230.9,27.482129700358435,94.03651437118721,54.85300953,329.4076103515625,9.852141789733414,77.45956871110496
40.808434,-8.4375,361.0,2019-05-13 14:00:00,27.8,33,10.2,29.9,0.0,0.0,0.0,0.0,0,1017.1,976.4,0,0,0,0,0.67,2.49,3.5,4.9,24,36,15.8,23.7,17.5,14.6,12.4,0.344,0.377,0.405,0.409,1,3600.0,945.0,817.0,128.0,909.6,945.0,1203.9,915.4,791.4,124.0,909.6,915.4,1166.1,25.612458516205386,93.5545514177882,59.950629088,336.8156103515625,8.45776981462869,82.97773594718208
40.808434,-8.4375,361.0,2019-05-13 15:00:00,28.1,34,10.9,29.9,0.0,0.0,0.0,0.0,0,1016.7,976.1,0,0,0,0,0.6,2.49,3.3,4.7,354,4,13.0,24.3,17.9,14.6,12.4,0.341,0.376,0.405,0.409,1,3600.0,853.0,730.0,123.0,882.9,853.0,1108.2,801.0,685.5,115.5,882.9,801.0,1040.7,25.662220532987522,93.31328304423931,65.02429144,344.2776103515625,8.095964584973942,88.33746759597909
40.808434,-8.4375,361.0,2019-05-13 16:00:00,27.7,41,13.1,28.8,0.0,0.0,0.0,0.0,0,1016.5,975.8,0,0,0,0,0.51,2.21,6.3,8.0,347,352,15.1,24.4,18.3,14.6,12.4,0.339,0.375,0.405,0.409,1,3600.0,712.0,599.0,113.0,839.9,712.0,955.9,643.0,540.9,102.0,839.9,643.0,863.2,26.118105980996386,92.14831667722608,69.497707312,351.6676103515625,7.995933306097746,93.03212831418156
40.808434,-8.4375,361.0,2019-05-13 17:00:00,27.0,48,15.2,27.7,0.0,0.0,0.0,0.0,0,1016.2,975.5,0,0,0,0,0.38,1.85,7.1,10.9,345,354,15.5,24.2,18.6,14.7,12.4,0.337,0.374,0.405,0.409,1,3600.0,536.0,435.0,101.0,769.8,536.0,757.3,457.1,371.0,86.1,769.8,457.1,645.8,23.968592834849986,90.78058227150362,73.344550104,358.9316103515625,6.855361628296064,97.09023785233441
40.808434,-8.4375,361.0,2019-05-13 18:00:00,25.4,58,16.5,26.7,0.0,0.0,0.0,0.0,0,1015.8,974.9,0,0,0,0,0.24,1.38,6.5,14.6,357,10,15.1,23.5,18.9,14.7,12.4,0.337,0.373,0.404,0.408,1,3600.0,341.0,257.0,84.0,654.7,341.0,526.1,261.5,197.0,64.4,654.7,261.5,403.3,19.646536263107446,88.88888377035775,76.27470068400001,365.9076103515625,5.072226304617208,100.28665527329284
40.808434,-8.4375,361.0,2019-05-13 19:00:00,22.4,61,14.4,22.8,0.0,0.0,0.0,0.0,0,1015.5,974.2,0,0,0,0,0.11,1.06,7.5,18.5,17,24,15.5,22.3,19.1,14.7,12.4,0.338,0.373,0.404,0.408,1,3600.0,150.0,94.0,56.0,453.3,150.0,277.9,82.2,51.5,30.7,453.3,82.2,152.3,18.32840765568045,87.74830629892145,78.68753357400001,372.34361035156246,4.529422099808044,102.97218041628123
40.808434,-8.4375,361.0,2019-05-13 20:00:00,20.4,58,11.8,19.5,0.0,0.0,0.0,0.0,0,1015.3,973.7,0,0,0,0,0.07,1.01,10.2,22.5,39,27,20.9,20.8,19.1,14.7,12.4,0.338,0.372,0.404,0.408,0,100.52,18.0,7.0,11.0,75.1,18.0,65.9,0.0,0.0,0.0,0.0,0.0,0.0,20.3258176576546,87.66982109138083,81.06482555400001,378.4196103515625,5.131598782986071,105.58419258244733
40.808434,-8.4375,361.0,2019-05-13 21:00:00,19.8,54,10.2,18.2,0.0,0.0,0.0,0.0,0,1015.3,973.6,0,0,0,0,0.07,1.06,11.7,23.7,45,33,24.5,19.6,19.1,14.7,12.4,0.339,0.372,0.404,0.408,0,0.0,0.0,0.0,0.0,0.0,0.0,0.0,0.0,0.0,0.0,0.0,0.0,0.0,21.83052406818353,87.71840925864485,83.59586487800001,384.3876103515625,5.573113797279456,108.30618637556607
40.808434,-8.4375,361.0,2019-05-13 22:00:00,19.3,51,9.0,17.5,0.0,0.0,0.0,0.0,0,1015.3,973.5,0,0,0,0,0.06,1.09,10.6,19.6,55,44,24.5,18.8,19.0,14.8,12.4,0.34,0.372,0.404,0.408,0,0.0,0.0,0.0,0.0,0.0,0.0,0.0,0.0,0.0,0.0,0.0,0.0,0.0,21.338251050104056,87.76701346730908,86.22747181400001,390.2656103515625,5.309410553510944,111.09181991948279
40.808434,-8.4375,361.0,2019-05-13 23:00:00,18.5,49,7.5,16.5,0.0,0.0,0.0,0.0,0,1015.0,973.1,0,0,0,0,0.06,1.1,9.8,15.8,66,63,22.0,18.0,18.9,14.8,12.4,0.341,0.371,0.404,0.408,0,0.0,0.0,0.0,0.0,0.0,0.0,0.0,0.0,0.0,0.0,0.0,0.0,0.0,21.068944694050334,87.81563372266959,88.85907875000001,395.99961035156247,5.135251715397688,113.85040474924108
40.808434,-8.4375,361.0,2019-05-14 00:00:00,17.8,48,6.6,15.5,0.0,0.0,0.0,0.0,0,1014.9,973.0,0,0,0,0,0.06,1.07,10.0,17.4,77,84,23.8,18.4,18.7,14.8,12.4,0.336,0.367,0.402,0.408,0,0.0,0.0,0.0,0.0,0.0,0.0,0.0,0.0,0.0,0.0,0.0,0.0,0.0,21.551635487507806,87.8642700300242,91.446456998,401.60761035156247,5.223517163824922,116.54779085746424
40.808434,-8.4375,361.0,2019-05-14 01:00:00,18.0,37,3.1,14.7,0.0,0.0,0.0,0.0,0,1014.8,972.9,0,0,0,0,0.09,1.3,11.4,22.8,79,85,24.1,17.6,18.5,14.8,12.4,0.337,0.367,0.402,0.408,0,0.0,0.0,0.0,0.0,0.0,0.0,0.0,0.0,0.0,0.0,0.0,0.0,0.0,25.883900031937284,89.07440967962006,94.614336776,407.2516103515625,6.668036262118783,119.70360987067055
40.808434,-8.4375,361.0,2019-05-14 02:00:00,17.8,29,-0.6,13.1,0.0,0.0,0.0,0.0,0,1014.2,972.3,0,0,0,0,0.14,1.45,16.6,32.6,68,79,33.1,17.0,18.4,14.8,12.4,0.337,0.366,0.402,0.408,0,0.0,0.0,0.0,0.0,0.0,0.0,0.0,0.0,0.0,0.0,0.0,0.0,0.0,36.29607395064629,90.63200225976057,98.14710323,412.8596103515625,10.832228430197684,123.1215131438074
40.808434,-8.4375,361.0,2019-05-14 03:00:00,18.2,24,-2.8,12.4,0.0,0.0,0.0,0.0,0,1013.9,972.0,0,0,0,0,0.2,1.6,22.7,43.7,75,86,44.6,16.6,18.2,14.9,12.4,0.337,0.366,0.402,0.408,0,0.0,0.0,0.0,0.0,0.0,0.0,0.0,0.0,0.0,0.0,0.0,0.0,0.0,50.217333718605786,91.91740463086722,102.008688918,418.5396103515625,17.684486578258888,126.77294506932935
40.808434,-8.4375,361.0,2019-05-14 04:00:00,18.5,21,-4.2,11.7,0.0,0.0,0.0,0.0,0,1013.8,972.0,0,0,0,0,0.24,1.69,28.5,51.9,87,93,55.4,16.5,18.0,14.9,12.4,0.337,0.366,0.402,0.408,0,0.0,0.0,0.0,0.0,0.0,0.0,0.0,0.0,0.0,0.0,0.0,0.0,0.0,65.37652414337933,92.77432867702619,106.085099662,424.27361035156247,26.7286953734322,130.55837180104118
40.808434,-8.4375,361.0,2019-05-14 05:00:00,18.4,20,-4.7,11.5,0.0,0.0,0.0,0.0,0,1013.4,971.6,0,0,0,0,0.24,1.69,28.8,51.7,91,96,57.2,16.4,17.8,14.9,12.4,0.336,0.366,0.401,0.408,0,0.0,0.0,0.0,0.0,0.0,0.0,0.0,0.0,0.0,0.0,0.0,0.0,0.0,68.35139013753445,93.08761962148104,110.19204926200001,429.9896103515625,28.35398085623223,134.32592236238526
40.808434,-8.4375,361.0,2019-05-14 06:00:00,17.5,27,-1.9,11.0,0.0,0.0,0.0,0.0,0,1013.8,971.9,0,0,0,0,0.22,1.47,28.4,51.1,91,96,56.2,16.2,17.7,14.9,12.4,0.336,0.365,0.401,0.408,1,100.52,19.0,7.0,12.0,75.0,19.0,66.1,43.9,16.2,27.8,141.9,23.2,152.9,66.74103983512586,92.86138131382664,113.76667501000001,435.54361035156245,26.921208357445018,137.64744672085715
40.808434,-8.4375,361.0,2019-05-14 07:00:00,17.9,34,1.8,12.2,0.0,0.0,0.0,0.0,0,1014.1,972.2,0,0,0,0,0.23,1.36,27.0,48.1,92,96,55.1,16.3,17.5,14.9,12.4,0.335,0.365,0.401,0.408,1,3600.0,157.0,101.0,56.0,485.9,157.0,278.5,227.7,146.5,81.2,485.9,227.7,404.0,58.6955600319821,91.78594359899064,117.06803065000001,441.1696103515624,21.558125733303207,140.75787500474826
40.808434,-8.4375,361.0,2019-05-14 08:00:00,19.5,40,5.5,15.4,0.0,0.0,0.0,0.0,0,1014.3,972.6,0,0,0,0,0.28,1.37,20.9,38.1,93,98,52.2,16.9,17.4,14.9,12.4,0.333,0.364,0.401,0.408,1,3600.0,355.0,270.0,85.0,686.8,355.0,526.7,435.7,331.4,104.3,686.8,435.7,646.5,44.950195215736535,90.86993608755883,120.32199841,447.0836103515624,13.917672728736552,143.85563035779808
40.808434,-8.4375,361.0,2019-05-14 09:00:00,21.6,44,8.8,19.4,0.0,0.0,0.0,0.0,0,1015.1,973.7,0,0,0,0,0.37,1.45,13.0,21.6,84,89,41.4,18.1,17.4,14.9,12.4,0.332,0.364,0.401,0.408,1,3600.0,553.0,451.0,102.0,797.1,553.0,758.0,630.3,514.0,116.3,797.1,630.3,864.0,33.40959704925604,90.39202391608023,123.66863580200001,453.3756103515624,8.730535770963257,147.05540391105882
40.808434,-8.4375,361.0,2019-05-14 10:00:00,23.8,44,10.7,24.3,0.0,0.0,0.0,0.0,0,1015.5,974.4,0,0,0,0,0.48,1.67,5.8,7.9,94,90,27.0,19.7,17.4,14.9,12.4,0.329,0.363,0.4,0.408,1,3600.0,727.0,612.0,115.0,857.1,727.0,956.7,791.5,666.3,125.2,857.1,791.5,1041.6,26.434443746683577,90.44151081954703,127.33961690600002,460.0636103515624,6.117138628933952,150.52253762225834
40.808434,-8.4375,361.0,2019-05-14 11:00:00,24.9,48,13.0,27.6,0.0,0.0,0.0,0.0,0,1016.1,975.1,0,0,0,0,0.58,1.65,2.4,2.6,243,254,15.8,21.5,17.6,15.0,12.4,0.327,0.362,0.4,0.408,1,3600.0,861.0,737.0,124.0,890.2,861.0,1109.2,906.0,775.6,130.5,890.2,906.0,1167.2,23.058231360491188,90.20768538290598,130.898973226,466.9496103515624,4.984437737075566,153.9245834518694
40.808434,-8.4375,361.0,2019-05-14 12:00:00,26.4,42,12.4,29.6,0.0,0.0,0.0,0.0,0,1015.4,974.6,0,0,0,0,0.65,2.01,1.8,1.6,217,207,15.1,23.0,17.7,15.0,12.4,0.323,0.36,0.399,0.408,1,3600.0,941.0,812.0,129.0,902.7,941.0,1205.1,962.3,830.4,131.9,902.7,962.3,1232.4,39.658203125,96.61279296875,56.83203125,330.27490234375,16.79296875,79.453125
40.808434,-8.4375,361.0,2019-05-14 13:00:00,27.3,38,11.9,29.6,0.0,0.0,0.0,0.0,0,1015.1,974.4,0,0,0,0,0.69,2.23,6.0,7.0,237,235,16.9,24.2,18.0,15.0,12.4,0.32,0.359,0.399,0.408,1,3600.0,970.0,839.0,131.0,908.0,970.0,1238.0,965.8,835.3,130.4,908.0,965.8,1232.6,27.514046499973002,93.2996463489265,61.467618978,337.59290234375,9.258246836758,84.48051757261494
40.808434,-8.4375,361.0,2019-05-14 14:00:00,26.4,47,14.1,28.5,0.0,0.0,0.0,0.0,0,1015.1,974.3,0,0,0,0,0.65,1.83,9.7,11.5,268,270,23.0,24.7,18.4,15.0,12.4,0.316,0.358,0.399,0.408,1,3600.0,936.0,809.0,127.0,899.0,936.0,1205.5,906.7,783.7,123.0,899.0,906.7,1167.9,25.68949142612128,91.02167011978183,65.304720928,344.74890234375,8.08831029600328,88.63486793135455
40.808434,-8.4375,361.0,2019-05-14 15:00:00,24.9,55,15.3,26.9,0.0,0.0,0.0,0.0,0,1015.1,974.1,0,0,0,0,0.56,1.42,10.2,12.4,293,296,24.8,24.9,18.8,15.0,12.4,0.313,0.357,0.398,0.408,1,3600.0,847.0,722.0,125.0,871.4,847.0,1110.0,795.6,678.2,117.4,871.4,795.6,1042.7,22.327831470555463,89.25722461572411,68.384933128,351.63490234375,6.4436802016914365,92.02700536566537
40.808434,-8.4375,361.0,2019-05-14 16:00:00,23.9,54,14.0,24.7,0.0,0.0,0.0,0.0,0,1015.1,974.0,0,0,0,0,0.47,1.37,9.7,12.1,301,307,24.1,24.6,19.1,15.0,12.4,0.311,0.356,0.398,0.408,1,3600.0,710.0,595.0,115.0,832.0,710.0,958.0,641.5,537.6,103.9,832.0,641.5,865.5,21.6942131437733,88.9738515383086,71.412492128,358.34090234375003,6.032889988149663,95.33002482656639
40.808434,-8.4375,361.0,2019-05-14 17:00:00,23.1,52,12.8,22.9,0.0,0.0,0.0,0.0,0,1015.1,973.9,10,0,0,35,0.35,1.34,7.1,8.7,311,318,22.7,24.0,19.3,15.0,12.4,0.31,0.355,0.398,0.408,1,3600.0,538.0,435.0,103.0,766.9,538.0,759.8,459.2,371.3,87.9,766.9,459.2,648.5,20.191836073036765,89.02287023167507,74.470589984,364.90290234375004,5.329457322438266,98.62294088147176
40.808434,-8.4375,361.0,2019-05-14 18:00:00,22.2,58,13.5,22.5,0.0,0.0,0.0,0.0,0,1014.8,973.5,0,0,0,0,0.22,1.12,5.4,6.9,307,321,16.6,23.2,19.5,15.1,12.4,0.31,0.355,0.398,0.408,1,3600.0,343.0,258.0,85.0,653.4,343.0,529.0,263.6,198.3,65.3,653.4,263.6,406.5,17.634205631475375,88.1933094584656,77.04691106,371.30290234375,4.342850536423986,101.4602516743268
40.808434,-8.4375,361.0,2019-05-14 19:00:00,19.8,79,16.1,21.3,0.0,0.0,0.0,0.0,0,1014.7,973.0,0,0,0,0,0.08,0.49,4.2,7.2,329,6,11.5,22.1,19.6,15.1,12.4,0.31,0.354,0.397,0.408,1,3600.0,152.0,96.0,56.0,457.2,152.0,281.3,84.3,53.2,31.0,457.2,84.3,155.9,11.426765829471604,84.56661050208314,78.202385534,377.27090234375004,2.4542029287628626,103.01912070114463
40.808434,-8.4375,361.0,2019-05-14 20:00:00,16.6,83,13.7,16.8,0.0,0.0,0.0,0.0,0,1014.5,972.4,0,0,0,0,0.02,0.32,6.9,7.9,39,24,11.2,20.4,19.7,15.1,12.4,0.311,0.354,0.397,0.408,0,99.71,19.0,7.0,12.0,74.0,19.0,67.7,0.0,0.0,0.0,0.0,0.0,0.0,10.397577930797231,82.58932631426181,78.994552928,382.66290234375003,2.170261818674779,104.20864316085654
40.808434,-8.4375,361.0,2019-05-14 21:00:00,16.6,82,13.6,17.1,0.0,0.0,0.0,0.0,0,1015.0,972.9,0,0,0,0,0.0,0.33,4.7,6.3,67,13,10.8,19.1,19.6,15.1,12.4,0.312,0.354,0.397,0.408,0,0.0,0.0,0.0,0.0,0.0,0.0,0.0,0.0,0.0,0.0,0.0,0.0,0.0,9.299789250928576,82.34883694744785,79.83331840400001,388.05490234375003,1.8852329629156688,105.43804219613502
40.808434,-8.4375,361.0,2019-05-14 22:00:00,17.2,69,11.6,17.2,0.0,0.0,0.0,0.0,0,1015.0,973.0,0,0,0,0,0.0,0.6,3.8,4.4,73,351,9.4,18.0,19.4,15.2,12.5,0.314,0.354,0.397,0.408,0,0.0,0.0,0.0,0.0,0.0,0.0,0.0,0.0,0.0,0.0,0.0,0.0,0.0,9.785115708165714,83.09485637999978,81.32682642200001,393.55490234375003,1.9794127882856332,107.24769439684863
40.808434,-8.4375,361.0,2019-05-14 23:00:00,20.2,49,9.3,19.7,0.0,0.0,0.0,0.0,0,1014.9,973.3,0,0,0,0,0.0,1.2,2.1,4.4,59,351,6.8,17.1,19.2,15.2,12.5,0.315,0.354,0.397,0.408,0,0.0,0.0,0.0,0.0,0.0,0.0,0.0,0.0,0.0,0.0,0.0,0.0,0.0,12.912029464401515,86.10503976529739,84.18668498000001,399.59490234375005,2.7319120404716717,110.28581162117656
40.808434,-8.4375,361.0,2019-05-15 00:00:00,18.3,49,7.3,17.0,0.0,0.0,0.0,0.0,0,1014.6,972.7,13,0,0,44,0.02,1.08,3.9,5.2,56,16,5.0,16.4,18.8,15.2,12.5,0.314,0.351,0.396,0.408,0,0.0,0.0,0.0,0.0,0.0,0.0,0.0,0.0,0.0,0.0,0.0,0.0,0.0,15.339001261002933,86.92096344796563,86.79143878400001,405.29290234375003,3.357281107050173,113.05661327158678
40.808434,-8.4375,361.0,2019-05-15 01:00:00,18.8,40,4.9,17.2,0.0,0.0,0.0,0.0,1,1014.2,972.4,22,0,0,74,0.01,1.31,2.8,4.3,50,355,7.2,15.6,18.6,15.2,12.5,0.315,0.351,0.396,0.408,0,0.0,0.0,0.0,0.0,0.0,0.0,0.0,0.0,0.0,0.0,0.0,0.0,0.0,17.41969409347559,88.3680061982858,89.934834824,411.08090234375004,3.9062376368003453,116.2744054032827
40.808434,-8.4375,361.0,2019-05-15 02:00:00,17.5,44,4.9,15.5,0.0,0.0,0.0,0.0,0,1013.8,971.8,7,0,0,24,0.03,1.13,5.4,7.1,356,315,8.6,15.0,18.3,15.2,12.5,0.315,0.351,0.396,0.408,0,0.0,0.0,0.0,0.0,0.0,0.0,0.0,0.0,0.0,0.0,0.0,0.0,0.0,19.490664742343387,88.416824871604,92.67701348,416.63490234375,4.484347809859898,119.11412756607322
40.808434,-8.4375,361.0,2019-05-15 03:00:00,13.5,62,6.4,11.9,0.0,0.0,0.0,0.0,0,1013.6,971.1,0,0,0,0,0.01,0.59,5.1,5.8,51,353,9.4,14.4,18.0,15.2,12.5,0.316,0.351,0.396,0.408,0,0.0,0.0,0.0,0.0,0.0,0.0,0.0,0.0,0.0,0.0,0.0,0.0,0.0,16.18208542930246,86.7056841281342,94.137613248,421.46890234375,3.459164390791824,120.81393158580619
40.808434,-8.4375,361.0,2019-05-15 04:00:00,17.3,44,5.0,15.4,0.0,0.0,0.0,0.0,0,1013.7,971.7,0,0,0,0,0.03,1.11,4.8,6.8,27,335,9.4,13.9,17.7,15.2,12.5,0.317,0.351,0.396,0.408,0,0.0,0.0,0.0,0.0,0.0,0.0,0.0,0.0,0.0,0.0,0.0,0.0,0.0,17.81152900009513,87.61951221584691,96.850306112,426.98690234375,3.8810880809298998,123.6079189612969
40.808434,-8.4375,361.0,2019-05-15 05:00:00,13.9,56,5.3,12.0,0.0,0.0,0.0,0.0,0,1013.7,971.2,0,0,0,0,0.02,0.69,5.4,6.6,53,13,9.4,13.5,17.4,15.2,12.5,0.318,0.351,0.396,0.408,0,0.0,0.0,0.0,0.0,0.0,0.0,0.0,0.0,0.0,0.0,0.0,0.0,0.0,17.479997466890666,87.168694240466,98.58786171199999,431.89290234375,3.7508490246577173,125.53581359967772
40.808434,-8.4375,361.0,2019-05-15 06:00:00,14.0,65,7.5,12.3,0.0,0.0,0.0,0.0,0,1014.2,971.7,0,0,0,0,0.04,0.56,7.3,9.5,9,335,11.2,13.4,17.0,15.3,12.5,0.319,0.351,0.396,0.408,1,175.23,19.0,8.0,11.0,84.5,19.0,67.9,43.8,18.4,25.4,157.9,23.4,156.5,16.57522050749363,85.93777100899003,99.97922252199999,436.81690234375,3.467854542419002,127.18358364330332
40.808434,-8.4375,361.0,2019-05-15 07:00:00,17.2,60,9.3,16.4,0.0,0.0,0.0,0.0,0,1014.4,972.4,3,0,0,10,0.09,0.79,4.7,10.8,23,15,12.2,14.4,16.8,15.3,12.5,0.319,0.351,0.396,0.408,1,3600.0,155.0,98.0,57.0,465.7,155.0,281.8,223.9,141.5,82.3,465.7,223.9,407.1,15.191423311571363,85.9857873393211,101.90632964199999,442.31690234375,3.0625852329323,129.32436953674662
40.808434,-8.4375,361.0,2019-05-15 08:00:00,19.8,55,10.4,19.6,0.0,0.0,0.0,0.0,1,1014.2,972.6,29,0,0,98,0.2,1.04,2.5,6.3,360,31,11.5,16.0,16.7,15.3,12.5,0.319,0.35,0.395,0.408,1,3600.0,348.0,263.0,85.0,665.1,348.0,529.6,426.6,322.4,104.2,665.1,426.6,649.2,14.613002096187186,86.33750353825997,104.38234637199999,448.28490234375,2.8803540131265115,131.95245406908845
40.808434,-8.4375,361.0,2019-05-15 09:00:00,19.9,64,12.9,19.7,0.0,0.0,0.0,0.0,1,1014.9,973.2,24,0,0,81,0.32,0.84,7.8,9.4,283,293,20.2,17.7,16.7,15.3,12.5,0.318,0.35,0.395,0.408,1,3600.0,535.0,417.0,118.0,734.3,535.0,760.5,609.4,475.0,134.4,734.3,609.4,866.2,18.080633757348306,86.38565184042368,106.37263733199998,454.27090234375,3.787775091470268,134.19002082264888
40.808434,-8.4375,361.0,2019-05-15 10:00:00,20.4,67,14.0,22.0,0.0,0.0,0.0,0.0,0,1014.7,973.1,20,0,0,66,0.43,0.79,4.8,5.6,283,297,20.2,19.3,16.8,15.3,12.5,0.316,0.349,0.395,0.408,1,3600.0,713.0,591.0,122.0,825.5,713.0,958.8,776.0,643.2,132.8,825.5,776.0,1043.5,15.856674241426102,86.15574952723622,108.24050960199999,460.34690234375,3.1524816803072335,136.33848449364103
40.808434,-8.4375,361.0,2019-05-15 11:00:00,21.3,67,14.9,23.4,0.0,0.0,0.0,0.0,1,1014.8,973.3,23,0,0,77,0.51,0.83,9.0,10.5,286,292,23.4,20.8,16.9,15.3,12.5,0.314,0.349,0.395,0.408,1,3600.0,850.0,724.0,126.0,872.7,850.0,1111.0,894.3,761.7,132.6,872.7,894.3,1168.9,18.769140100981414,86.20383782325041,110.186571874,466.58490234375,3.9219918301018586,138.56559151201955
40.808434,-8.4375,361.0,2019-05-15 12:00:00,20.1,76,15.7,22.5,0.0,0.0,0.0,0.0,1,1015.1,973.5,28,0,0,93,0.52,0.57,10.9,13.3,314,319,26.3,21.3,17.1,15.3,12.5,0.312,0.348,0.396,0.408,1,3600.0,920.0,764.0,156.0,847.8,920.0,1206.7,940.7,781.2,159.5,847.8,940.7,1233.9,50.4936637878418,97.30224609375,64.68359375,338.61865234375,22.888914108276367,87.4609375
40.808434,-8.4375,361.0,2019-05-15 13:00:00,21.0,68,14.9,22.6,0.0,0.0,0.0,0.0,1,1014.6,973.1,22,0,0,73,0.47,0.8,9.4,11.9,328,335,27.4,21.9,17.4,15.3,12.5,0.31,0.347,0.396,0.408,1,3600.0,767.0,410.0,357.0,442.9,767.0,1239.5,763.7,408.2,355.4,442.9,763.7,1234.1,18.839184840841938,88.02287067323866,66.545410902,344.80265234375,5.184418805490436,89.77524373120873
40.808434,-8.4375,361.0,2019-05-15 14:00:00,21.7,60,13.7,23.2,0.0,0.0,0.0,0.0,0,1014.1,972.7,16,0,2,49,0.54,1.03,11.5,14.4,316,323,27.7,22.7,17.7,15.3,12.5,0.307,0.347,0.396,0.408,1,3600.0,890.0,660.0,230.0,732.1,890.0,1207.1,862.3,639.4,222.8,732.1,862.3,1169.5,19.807812549912843,87.61218493397682,68.946396822,351.11265234375,5.43402823982139,92.48878637836911
40.808434,-8.4375,361.0,2019-05-15 15:00:00,20.9,67,14.6,22.1,0.0,0.0,0.0,0.0,0,1014.1,972.6,12,0,6,29,0.48,0.81,13.4,17.2,324,331,31.3,22.9,18.0,15.3,12.5,0.305,0.346,0.395,0.408,1,3600.0,835.0,676.0,159.0,814.2,835.0,1111.8,784.5,635.1,149.4,814.2,784.5,1044.6,18.985562123107613,86.40801259116502,70.857707982,357.27865234375,5.038567126959552,94.74124465725653
40.808434,-8.4375,361.0,2019-05-15 16:00:00,19.7,72,14.5,19.7,0.0,0.0,0.0,0.0,0,1014.0,972.3,5,0,1,16,0.38,0.64,15.0,19.5,330,335,33.5,22.7,18.2,15.3,12.5,0.303,0.345,0.395,0.408,1,3600.0,692.0,543.0,149.0,757.3,692.0,960.1,625.5,490.8,134.7,757.3,625.5,867.8,18.090875551722092,85.26136902154006,72.39096916599999,363.22865234375,4.651960527928629,96.63425443944955
40.808434,-8.4375,361.0,2019-05-15 17:00:00,18.7,71,13.4,17.6,0.0,0.0,0.0,0.0,0,1014.2,972.4,14,0,8,29,0.29,0.63,15.3,20.8,336,342,33.8,22.1,18.4,15.3,12.5,0.302,0.345,0.395,0.408,1,3600.0,534.0,420.0,114.0,737.8,534.0,762.2,456.2,358.8,97.4,737.8,456.2,651.2,18.17504228416371,85.0998802033457,73.902642538,368.99865234375,4.6186736413870415,98.49107551858596
40.808434,-8.4375,361.0,2019-05-15 18:00:00,17.4,76,13.1,16.4,0.0,0.0,0.0,0.0,0,1014.0,972.0,5,0,1,16,0.18,0.48,13.8,19.0,345,350,33.5,21.2,18.6,15.3,12.5,0.301,0.344,0.395,0.408,1,3600.0,335.0,235.0,100.0,591.6,335.0,531.8,258.0,181.0,77.0,591.6,258.0,409.6,15.620358506931904,84.08678278378397,75.07154357799999,374.53465234375,3.7316889548359877,100.02212294913778
40.808434,-8.4375,361.0,2019-05-15 19:00:00,15.6,86,13.2,14.8,0.0,0.0,0.0,0.0,0,1014.1,971.9,7,0,1,22,0.07,0.25,12.2,20.1,341,350,29.9,20.0,18.6,15.3,12.5,0.302,0.344,0.395,0.408,1,3600.0,151.0,90.0,61.0,423.5,151.0,284.6,84.6,50.4,34.2,423.5,84.6,159.5,11.490129056455585,81.57150298282625,75.687059486,379.74665234375,2.504389820026587,101.03237553592292
40.808434,-8.4375,361.0,2019-05-15 20:00:00,13.5,95,12.7,12.7,0.0,0.0,0.0,0.0,0,1014.3,971.8,4,1,0,12,0.01,0.08,11.2,22.0,356,360,25.9,18.6,18.6,15.4,12.5,0.303,0.344,0.394,0.408,0,98.19,19.0,7.0,12.0,73.0,19.0,69.4,0.0,0.0,0.0,0.0,0.0,0.0,7.981218986857263,77.73623488341775,75.879243666,384.58065234375,1.6208078837920898,101.6290031404061
40.808434,-8.4375,361.0,2019-05-15 21:00:00,12.7,97,12.2,11.6,0.0,0.0,0.0,0.0,0,1014.7,972.0,6,2,1,12,0.0,0.04,11.9,22.4,5,6,25.2,17.4,18.5,15.4,12.5,0.303,0.344,0.394,0.408,0,0.0,0.0,0.0,0.0,0.0,0.0,0.0,0.0,0.0,0.0,0.0,0.0,0.0,7.301096398690621,75.80256867538168,75.98823578999999,389.27065234375,1.4623338515031237,102.13357744882344
40.808434,-8.4375,361.0,2019-05-15 22:00:00,12.1,97,11.7,11.0,0.0,0.0,0.0,0.0,0,1014.6,971.8,12,5,1,24,0.0,0.04,10.9,22.1,9,7,25.2,16.5,18.3,15.4,12.5,0.304,0.344,0.394,0.408,0,0.0,0.0,0.0,0.0,0.0,0.0,0.0,0.0,0.0,0.0,0.0,0.0,0.0,6.797693269596084,75.2852811561265,76.09248912599999,393.85265234375,1.348123689638796,102.61960632817546
40.808434,-8.4375,361.0,2019-05-15 23:00:00,11.7,98,11.4,10.8,0.0,0.0,0.0,0.0,2,1014.6,971.8,73,57,0,73,0.0,0.03,9.5,19.8,11,3,23.8,15.8,18.1,15.4,12.5,0.305,0.344,0.394,0.408,0,0.0,0.0,0.0,0.0,0.0,0.0,0.0,0.0,0.0,0.0,0.0,0.0,0.0,6.159192571448683,74.59792157160742,76.15988522199999,398.36265234374997,1.209962715855514,103.06111824482421
40.808434,-8.4375,361.0,2019-05-16 00:00:00,11.7,96,11.1,10.3,0.0,0.0,0.0,0.0,3,1015.0,972.2,100,96,0,80,0.0,0.06,12.3,18.4,7,6,21.2,15.8,17.9,15.4,12.5,0.306,0.344,0.394,0.408,0,0.0,0.0,0.0,0.0,0.0,0.0,0.0,0.0,0.0,0.0,0.0,0.0,0.0,7.062216648883383,74.6421940467301,76.29467741399999,402.87265234374996,1.3965258323902392,103.55982183530948
40.808434,-8.4375,361.0,2019-05-16 01:00:00,11.3,97,10.9,10.0,0.0,0.0,0.0,0.0,3,1014.5,971.6,96,98,0,27,0.0,0.04,10.9,18.8,6,4,25.9,15.3,17.7,15.4,12.5,0.306,0.344,0.394,0.408,0,0.0,0.0,0.0,0.0,0.0,0.0,0.0,0.0,0.0,0.0,0.0,0.0,0.0,6.649764358785106,74.68648113842575,76.392612366,407.31065234374995,1.304426743896288,104.01447870356617
40.808434,-8.4375,361.0,2019-05-16 02:00:00,11.0,98,10.6,9.7,0.0,0.0,0.0,0.0,3,1014.2,971.3,89,99,0,0,0.0,0.03,10.5,18.4,4,2,23.0,14.9,17.5,15.4,12.5,0.307,0.344,0.394,0.408,0,0.0,0.0,0.0,0.0,0.0,0.0,0.0,0.0,0.0,0.0,0.0,0.0,0.0,6.443100901537475,74.36880376395001,76.456322738,411.69465234374996,1.2576995231404882,104.4286918737705
40.808434,-8.4375,361.0,2019-05-16 03:00:00,11.1,96,10.5,9.8,0.0,0.0,0.0,0.0,3,1013.9,971.0,88,97,0,1,0.0,0.06,10.1,16.2,4,1,23.4,14.6,17.2,15.4,12.5,0.308,0.344,0.394,0.408,0,0.0,0.0,0.0,0.0,0.0,0.0,0.0,0.0,0.0,0.0,0.0,0.0,0.0,6.353544913260703,74.41300059574938,76.58479654599999,416.09665234374995,1.2353490197350625,104.90074593850714
40.808434,-8.4375,361.0,2019-05-16 04:00:00,11.2,97,10.7,9.9,0.0,0.0,0.0,0.0,3,1014.0,971.1,96,100,0,19,0.0,0.04,10.2,17.1,352,353,21.6,14.4,17.0,15.4,12.5,0.309,0.344,0.393,0.408,0,0.0,0.0,0.0,0.0,0.0,0.0,0.0,0.0,0.0,0.0,0.0,0.0,0.0,6.414289590846731,74.45721201914802,76.6819417,420.51665234374997,1.244374651926168,105.34106715169679
40.808434,-8.4375,361.0,2019-05-16 05:00:00,11.3,95,10.5,9.5,0.0,0.0,0.0,0.0,3,1014.2,971.3,100,100,0,36,0.0,0.07,13.6,20.5,343,345,27.7,14.3,16.8,15.4,12.5,0.309,0.344,0.393,0.408,0,0.0,0.0,0.0,0.0,0.0,0.0,0.0,0.0,0.0,0.0,0.0,0.0,0.0,7.545126085975275,74.50143803896337,76.84516662,424.95465234374996,1.4802561501268585,105.84160539774687
40.808434,-8.4375,361.0,2019-05-16 06:00:00,11.4,90,9.8,9.1,0.0,0.0,0.0,0.0,3,1014.6,971.7,88,97,0,3,0.02,0.14,16.0,24.4,346,346,33.1,14.3,16.6,15.4,12.5,0.31,0.344,0.393,0.408,1,0.0,10.0,1.0,9.0,10.4,10.0,69.6,23.0,2.3,20.7,19.2,12.4,159.9,8.834120058063663,75.4850706404598,77.17424912,429.41065234375,1.7636192237846207,106.49841087617564
40.808434,-8.4375,361.0,2019-05-16 07:00:00,11.7,85,9.3,8.9,0.0,0.0,0.0,0.0,2,1014.7,971.9,71,79,0,0,0.06,0.21,18.0,26.1,348,348,37.4,14.4,16.4,15.4,12.5,0.311,0.344,0.393,0.408,1,2708.15,95.0,32.0,63.0,150.3,95.0,285.1,136.7,46.0,90.6,150.3,136.7,410.1,10.63573689607931,77.18564775784657,77.67971984,433.92065234374996,2.186801597109302,107.32610738616081
40.808434,-8.4375,361.0,2019-05-16 08:00:00,12.7,80,9.4,9.7,0.0,0.0,0.0,0.0,3,1014.8,972.1,97,100,1,22,0.11,0.29,19.5,27.2,344,345,41.0,14.8,16.3,15.4,12.5,0.31,0.343,0.393,0.408,1,3600.0,223.0,96.0,127.0,241.4,223.0,532.4,273.0,117.5,155.5,241.4,273.0,651.7,12.982299038969447,79.11925512812638,78.406334,438.61065234374996,2.782332649702388,108.37824764472661
40.808434,-8.4375,361.0,2019-05-16 09:00:00,13.1,80,9.7,10.3,0.1,0.1,0.0,0.0,51,1014.9,972.3,100,100,27,89,0.14,0.3,18.6,25.5,338,341,42.8,15.2,16.2,15.4,12.5,0.311,0.343,0.393,0.408,1,990.17,264.0,53.0,211.0,93.0,264.0,762.8,300.5,60.3,240.2,93.0,300.5,868.4,13.508216812013815,80.01478389063364,79.15400944,443.37265234374996,2.9076639281803085,109.45591585287619
40.808434,-8.4375,361.0,2019-05-16 10:00:00,13.1,81,9.8,10.5,0.4,0.4,0.0,0.0,51,1014.8,972.2,100,98,11,80,0.13,0.29,17.6,24.2,334,337,42.1,15.4,16.1,15.4,12.5,0.315,0.343,0.393,0.408,1,0.0,238.0,38.0,200.0,52.9,238.0,960.8,258.9,41.3,217.6,52.9,258.9,1045.3,13.313089343726212,80.25826936789937,79.86430110799999,448.13465234374996,2.836621476617804,110.4977297744975
40.808434,-8.4375,361.0,2019-05-16 11:00:00,14.7,72,9.7,11.7,0.0,0.0,0.0,0.0,3,1014.8,972.4,91,100,1,0,0.27,0.47,20.6,28.3,331,333,43.9,16.4,16.1,15.4,12.5,0.314,0.343,0.392,0.408,1,3600.0,568.0,225.0,343.0,270.7,568.0,1112.7,597.5,236.7,360.8,270.7,597.5,1170.5,17.308419499579514,81.87554280847877,81.028989892,453.18465234375,3.965065647434561,111.99602138625752
40.808434,-8.4375,361.0,2019-05-16 12:00:00,14.6,72,9.7,11.5,0.0,0.0,0.0,0.0,3,1014.4,972.0,100,100,22,0,0.29,0.46,22.8,32.1,329,331,52.6,16.7,16.1,15.4,12.5,0.311,0.342,0.392,0.408,1,3600.0,613.0,265.0,348.0,293.6,613.0,1208.3,626.8,271.0,355.8,293.6,626.8,1235.4,47.22331237792969,92.39013671875,68.533203125,345.1243896484375,19.907978057861328,91.55859375
40.808434,-8.4375,361.0,2019-05-16 13:00:00,15.7,66,9.5,12.5,0.0,0.0,0.0,0.0,2,1013.8,971.6,76,55,45,0,0.33,0.6,25.0,34.5,335,337,50.8,17.5,16.1,15.4,12.5,0.31,0.342,0.392,0.408,1,3600.0,658.0,335.0,323.0,361.3,658.0,1241.0,655.1,333.5,321.6,361.3,655.1,1235.6,29.434147978917,86.75396021068158,70.036978517,350.3543896484375,9.493785251882857,93.39769956822964
40.808434,-8.4375,361.0,2019-05-16 14:00:00,14.9,73,10.1,11.0,0.1,0.1,0.0,0.0,51,1013.8,971.5,88,78,30,0,0.26,0.45,26.7,37.2,323,324,55.1,17.8,16.2,15.4,12.6,0.309,0.342,0.392,0.408,1,3600.0,541.0,218.0,323.0,241.4,541.0,1208.7,524.2,211.2,313.0,241.4,524.2,1171.2,24.448595176808976,84.10940031312482,71.17428763699999,355.44038964843753,7.170088752473062,94.86070379253778
40.808434,-8.4375,361.0,2019-05-16 15:00:00,14.3,80,10.9,10.8,0.0,0.0,0.0,0.0,1,1014.1,971.7,44,21,41,0,0.22,0.33,26.3,37.2,320,322,56.5,17.8,16.3,15.4,12.6,0.308,0.341,0.391,0.408,1,3600.0,511.0,281.0,230.0,337.8,511.0,1113.5,480.2,264.1,216.1,337.8,480.2,1046.4,19.626456144589564,81.77768356351557,71.985146917,360.41838964843754,5.222706067333192,96.02394752661466
40.808434,-8.4375,361.0,2019-05-16 16:00:00,13.6,85,11.2,10.2,0.1,0.1,0.0,0.0,51,1014.7,972.2,75,58,38,0,0.2,0.23,26.4,38.4,322,324,58.0,17.7,16.4,15.4,12.6,0.308,0.341,0.391,0.408,1,3600.0,493.0,306.0,187.0,425.7,493.0,962.1,445.8,276.7,169.1,425.7,445.8,869.9,15.233942794333457,78.40873893191589,72.565648447,365.2703896484375,3.690558016082664,96.97030796131621
40.808434,-8.4375,361.0,2019-05-16 17:00:00,13.0,77,9.1,8.8,0.1,0.1,0.0,0.0,51,1015.0,972.4,24,25,3,0,0.17,0.35,27.4,39.4,322,324,57.2,17.3,16.4,15.4,12.6,0.309,0.341,0.391,0.408,1,3600.0,390.0,233.0,157.0,407.9,390.0,764.6,333.5,199.2,134.2,407.9,333.5,653.8,15.39586250067,77.88076005416042,73.419420085,370.0143896484375,3.710185821308493,98.15050811717286
40.808434,-8.4375,361.0,2019-05-16 18:00:00,12.1,68,6.5,7.3,0.0,0.0,0.0,0.0,0,1015.1,972.3,19,17,6,0,0.16,0.45,26.8,39.8,329,330,56.9,16.7,16.4,15.4,12.6,0.309,0.341,0.391,0.407,1,3600.0,304.0,206.0,98.0,515.7,304.0,534.6,234.6,159.0,75.6,515.7,234.6,412.6,16.563381666897804,79.18910861034225,74.531455669,374.5963896484375,4.046388074661614,99.54704380917379
40.808434,-8.4375,361.0,2019-05-16 19:00:00,11.3,74,6.9,7.1,0.0,0.0,0.0,0.0,1,1015.1,972.2,25,27,1,0,0.09,0.35,23.8,38.2,331,331,55.1,15.7,16.4,15.4,12.6,0.309,0.341,0.391,0.407,1,3600.0,147.0,86.0,61.0,399.9,147.0,287.8,83.2,48.7,34.5,399.9,83.2,162.9,13.894294722421133,78.23718631429603,75.38022525299999,379.03438964843747,3.1892897401090368,100.69587759223612
40.808434,-8.4375,361.0,2019-05-16 20:00:00,10.6,76,6.5,6.7,0.0,0.0,0.0,0.0,0,1015.4,972.4,20,15,10,0,0.05,0.31,21.1,35.5,335,336,49.7,14.8,16.3,15.4,12.6,0.309,0.341,0.391,0.407,0,96.04,19.0,7.0,12.0,72.0,19.0,71.1,0.0,0.0,0.0,0.0,0.0,0.0,11.748549403645798,77.21361394928604,76.119476181,383.3463896484375,2.5619416819119323,101.73582024195905
40.808434,-8.4375,361.0,2019-05-16 21:00:00,10.2,78,6.5,6.5,0.0,0.0,0.0,0.0,1,1016.0,972.9,31,18,24,0,0.03,0.28,19.3,33.5,339,339,45.0,14.0,16.2,15.4,12.6,0.309,0.341,0.39,0.407,0,0.0,0.0,0.0,0.0,0.0,0.0,0.0,0.0,0.0,0.0,0.0,0.0,0.0,10.341381618217198,76.19965227400503,76.773955457,387.5863896484375,2.1777956647750445,102.69352077067266
40.808434,-8.4375,361.0,2019-05-16 22:00:00,10.1,80,6.8,6.7,0.0,0.0,0.0,0.0,1,1016.0,972.9,28,20,17,0,0.02,0.24,17.9,31.9,341,342,41.0,13.5,16.0,15.4,12.6,0.31,0.34,0.39,0.407,0,0.0,0.0,0.0,0.0,0.0,0.0,0.0,0.0,0.0,0.0,0.0,0.0,0.0,9.305263743120696,75.20265254669792,77.363671297,391.80838964843747,1.909267902805229,103.59133809809886
40.808434,-8.4375,361.0,2019-05-16 23:00:00,10.0,81,6.8,6.7,0.0,0.0,0.0,0.0,1,1015.9,972.8,34,22,24,0,0.02,0.24,16.9,30.5,344,343,39.2,13.1,15.8,15.4,12.6,0.31,0.34,0.39,0.407,0,0.0,0.0,0.0,0.0,0.0,0.0,0.0,0.0,0.0,0.0,0.0,0.0,0.0,8.632967876424452,74.40820284051206,77.918899291,396.0123896484375,1.7397880101082017,104.45614806806655
40.808434,-8.4375,361.0,2019-05-17 00:00:00,9.6,82,6.7,6.4,0.0,0.0,0.0,0.0,2,1016.1,972.9,61,40,41,0,0.02,0.21,16.9,29.6,340,342,37.1,13.1,15.6,15.4,12.6,0.315,0.341,0.39,0.407,0,0.0,0.0,0.0,0.0,0.0,0.0,0.0,0.0,0.0,0.0,0.0,0.0,0.0,8.416458894751822,73.68927055362376,78.425949607,400.1443896484375,1.6808719748144128,105.27076867318065
40.808434,-8.4375,361.0,2019-05-17 01:00:00,9.6,82,6.7,6.4,0.0,0.0,0.0,0.0,2,1016.0,972.8,66,47,39,0,0.02,0.21,16.4,28.9,341,341,36.7,12.8,15.4,15.4,12.6,0.316,0.341,0.39,0.407,0,0.0,0.0,0.0,0.0,0.0,0.0,0.0,0.0,0.0,0.0,0.0,0.0,0.0,8.14264399877542,73.2887260102185,78.93299992300001,404.2763896484375,1.6102638597894465,106.0846965271713
40.808434,-8.4375,361.0,2019-05-17 02:00:00,9.5,82,6.6,6.4,0.0,0.0,0.0,0.0,2,1015.9,972.7,62,47,33,0,0.01,0.21,15.5,28.2,348,346,36.0,12.4,15.2,15.4,12.6,0.316,0.341,0.39,0.407,0,0.0,0.0,0.0,0.0,0.0,0.0,0.0,0.0,0.0,0.0,0.0,0.0,0.0,7.770035728898085,72.98991188049195,79.43531145100002,408.39038964843746,1.5195907184958752,106.89211825998179
40.808434,-8.4375,361.0,2019-05-17 03:00:00,9.6,80,6.4,6.2,0.0,0.0,0.0,0.0,2,1016.0,972.8,63,50,30,0,0.02,0.23,16.7,29.6,353,350,36.0,12.2,15.0,15.4,12.6,0.317,0.341,0.39,0.407,0,0.0,0.0,0.0,0.0,0.0,0.0,0.0,0.0,0.0,0.0,0.0,0.0,0.0,8.384744680721782,73.46966166393445,79.99870069100002,412.52238964843747,1.6477290962016773,107.75583307874685
40.808434,-8.4375,361.0,2019-05-17 04:00:00,9.5,79,6.1,6.2,0.0,0.0,0.0,0.0,2,1016.1,972.9,58,48,24,0,0.02,0.25,16.5,29.7,350,349,36.7,12.0,14.8,15.4,12.6,0.317,0.341,0.39,0.407,0,0.0,0.0,0.0,0.0,0.0,0.0,0.0,0.0,0.0,0.0,0.0,0.0,0.0,8.49559196299412,73.90405420624191,80.58473080700003,416.63638964843744,1.6637542093608315,108.63817561332868
40.808434,-8.4375,361.0,2019-05-17 05:00:00,9.5,79,6.0,6.3,0.0,0.0,0.0,0.0,1,1016.1,972.9,37,38,5,0,0.02,0.25,15.3,28.1,352,350,36.4,11.9,14.6,15.4,12.6,0.317,0.341,0.39,0.407,0,0.0,0.0,0.0,0.0,0.0,0.0,0.0,0.0,0.0,0.0,0.0,0.0,0.0,8.131266729176772,74.01212710387169,81.17076092300003,420.7503896484374,1.574151937947154,109.52019490498071
40.808434,-8.4375,361.0,2019-05-17 06:00:00,9.7,79,6.3,6.6,0.0,0.0,0.0,0.0,2,1016.4,973.2,60,36,2,89,0.03,0.25,14.7,26.4,343,343,33.8,11.7,14.5,15.3,12.6,0.318,0.341,0.389,0.407,1,0.0,17.0,5.0,12.0,51.4,17.0,71.2,39.0,11.5,27.5,94.0,21.3,163.2,7.969274603820443,74.0570117597197,81.76784821100003,424.9003896484374,1.530550856614514,110.41501939801702
40.808434,-8.4375,361.0,2019-05-17 07:00:00,10.8,77,6.9,7.7,0.0,0.0,0.0,0.0,2,1017.0,973.9,65,36,6,98,0.07,0.3,16.1,25.0,340,342,32.8,12.1,14.3,15.3,12.6,0.318,0.341,0.389,0.407,1,3600.0,132.0,68.0,64.0,315.8,132.0,288.2,189.2,97.4,91.7,315.8,189.2,412.9,8.8508929305195,74.91141580783044,82.48840725300003,429.2483896484374,1.7157065668955864,111.43893173916815
40.808434,-8.4375,361.0,2019-05-17 08:00:00,11.7,70,6.5,7.7,0.0,0.0,0.0,0.0,2,1017.1,974.2,78,43,16,99,0.14,0.41,21.4,30.9,340,341,44.6,12.7,14.2,15.3,12.6,0.317,0.341,0.389,0.407,1,3600.0,264.0,129.0,135.0,322.6,264.0,535.0,322.8,157.7,165.1,322.6,322.8,654.1,12.676180692318047,77.36599644835935,83.49934869300003,433.7583896484374,2.6315004245630798,112.74135994436749
40.808434,-8.4375,361.0,2019-05-17 09:00:00,12.2,64,5.6,7.9,0.0,0.0,0.0,0.0,3,1017.4,974.5,92,52,27,98,0.18,0.51,21.7,30.6,336,336,45.4,13.3,14.2,15.3,12.6,0.316,0.341,0.389,0.407,1,2397.54,322.0,80.0,242.0,139.9,322.0,765.1,366.3,91.0,275.3,139.9,366.3,870.4,14.887067546657756,79.43968189110943,84.75986630100003,438.3583896484374,3.2066585212583782,114.27831824586625
40.808434,-8.4375,361.0,2019-05-17 10:00:00,12.3,65,6.0,8.3,0.0,0.0,0.0,0.0,3,1017.7,974.8,100,95,35,95,0.18,0.5,20.8,29.3,330,332,45.4,13.7,14.1,15.3,12.6,0.316,0.341,0.389,0.407,1,660.26,321.0,59.0,262.0,82.0,321.0,962.6,349.2,64.2,285.0,82.0,349.2,1047.1,15.977579345755533,80.68252067580518,85.99458384100004,442.9763896484374,3.4899038251593804,115.79246555508097
40.808434,-8.4375,361.0,2019-05-17 11:00:00,13.3,61,5.8,9.1,0.0,0.0,0.0,0.0,3,1017.5,974.8,100,100,27,0,0.27,0.6,21.8,30.1,326,328,46.1,14.5,14.2,15.3,12.6,0.315,0.34,0.389,0.407,1,3600.0,516.0,211.0,305.0,253.4,516.0,1114.3,542.7,221.9,320.8,253.4,542.7,1172.0,21.11292896146902,83.32278673761317,87.47308569700003,447.7743896484374,5.049339162015184,117.5415711827999
40.808434,-8.4375,361.0,2019-05-17 12:00:00,12.9,66,6.6,8.8,0.0,0.0,0.0,0.0,2,1018.1,975.3,74,44,57,0,0.27,0.51,22.7,30.6,324,326,48.6,15.2,14.2,15.3,12.6,0.316,0.341,0.389,0.407,1,3600.0,563.0,284.0,279.0,314.1,563.0,1209.7,575.6,290.4,285.3,314.1,575.6,1236.8,46.498878479003906,92.09274291992188,72.23684692382812,351.02239990234375,18.86060333251953,95.36310577392578
40.808434,-8.4375,361.0,2019-05-17 13:00:00,12.9,66,6.6,9.1,0.0,0.0,0.0,0.0,2,1017.9,975.1,72,51,44,0,0.29,0.51,23.6,32.6,321,322,50.0,15.7,14.3,15.2,12.6,0.315,0.34,0.389,0.407,1,3600.0,644.0,353.0,291.0,380.2,644.0,1242.4,641.2,351.5,289.7,380.2,641.2,1237.0,28.130001689874366,86.59457957773064,73.48999308382813,355.74839990234375,8.649433259174376,96.92395692194356
40.808434,-8.4375,361.0,2019-05-17 14:00:00,13.0,65,6.6,8.9,0.0,0.0,0.0,0.0,2,1017.5,974.7,72,58,33,0,0.29,0.52,24.5,33.7,324,325,51.8,16.0,14.4,15.2,12.6,0.314,0.34,0.389,0.407,1,3600.0,631.0,420.0,211.0,464.3,631.0,1210.2,611.5,407.0,204.5,464.3,611.5,1172.7,26.4415885801185,85.54952569775179,74.78921079382812,360.4923999023438,7.81454472155419,98.49367927826609
40.808434,-8.4375,361.0,2019-05-17 15:00:00,13.0,64,6.3,8.6,0.0,0.0,0.0,0.0,2,1017.3,974.6,74,67,23,0,0.27,0.54,25.1,35.0,325,326,52.9,16.2,14.5,15.2,12.6,0.313,0.34,0.388,0.407,1,3600.0,584.0,394.0,190.0,472.7,584.0,1115.2,548.9,370.3,178.6,472.7,548.9,1048.2,26.95680971600594,85.45223687323639,76.12554900982812,365.2363999023438,7.946169738465389,100.09470912318494
40.808434,-8.4375,361.0,2019-05-17 16:00:00,12.6,66,6.4,8.1,0.0,0.0,0.0,0.0,1,1017.2,974.4,49,42,19,0,0.23,0.5,25.2,35.4,323,325,52.9,16.0,14.7,15.2,12.6,0.311,0.339,0.388,0.407,1,3600.0,482.0,265.0,217.0,367.8,482.0,964.0,436.0,239.7,196.3,367.8,436.0,872.1,26.371668311735313,85.11121979625163,77.35184203782812,369.90839990234383,7.618134296690374,101.59313127169683
40.808434,-8.4375,361.0,2019-05-17 17:00:00,12.2,70,6.8,7.9,0.0,0.0,0.0,0.0,1,1017.2,974.3,46,35,15,18,0.19,0.43,23.7,33.9,324,325,53.3,15.8,14.7,15.2,12.6,0.31,0.339,0.388,0.407,1,3600.0,420.0,281.0,139.0,490.2,420.0,767.0,359.4,240.5,118.9,490.2,359.4,656.3,23.592699336900512,84.42900901111919,78.40227337782812,374.50839990234385,6.435025500154943,102.93281378500913
40.808434,-8.4375,361.0,2019-05-17 18:00:00,11.5,73,6.8,7.5,0.0,0.0,0.0,0.0,2,1017.1,974.1,65,33,10,99,0.14,0.37,21.9,32.0,327,329,49.7,15.3,14.8,15.2,12.6,0.31,0.339,0.388,0.407,1,3600.0,281.0,161.0,120.0,400.8,281.0,537.4,217.3,124.5,92.8,400.8,217.3,415.6,20.86212743473418,83.75527986693653,79.29790430982813,378.98239990234384,5.370642931402416,104.12715176923588
40.808434,-8.4375,361.0,2019-05-17 19:00:00,10.6,76,6.6,7.3,0.0,0.0,0.0,0.0,1,1017.1,974.0,46,14,6,100,0.07,0.31,17.3,27.9,329,331,45.4,14.4,14.8,15.2,12.6,0.31,0.339,0.388,0.407,1,130.65,84.0,14.0,70.0,64.4,84.0,291.0,48.0,8.0,40.0,64.4,48.0,166.4,16.52058376800651,83.044346687484,80.03715523782813,383.29439990234386,3.882903771734789,105.1712782159091
40.808434,-8.4375,361.0,2019-05-17 20:00:00,9.9,78,6.2,6.8,0.0,0.0,0.0,0.0,2,1017.1,973.9,57,11,28,100,0.04,0.27,15.3,26.3,336,338,36.0,13.6,14.8,15.2,12.6,0.31,0.339,0.388,0.407,0,0.0,12.0,0.0,12.0,0.0,12.0,72.8,0.0,0.0,0.0,0.0,0.0,0.0,14.539222590230192,82.465130578859,80.67425895782813,387.48039990234383,3.262891303681231,106.11505624339196
40.808434,-8.4375,361.0,2019-05-17 21:00:00,9.5,80,6.3,6.5,0.0,0.0,0.0,0.0,2,1017.5,974.2,69,12,49,96,0.02,0.23,14.3,25.5,342,344,32.8,12.9,14.7,15.2,12.6,0.311,0.339,0.387,0.407,0,0.0,0.0,0.0,0.0,0.0,0.0,0.0,0.0,0.0,0.0,0.0,0.0,0.0,13.333080378539034,81.92287684152168,81.23238287782813,391.5943999023438,2.9030591338219933,106.98323327528247
40.808434,-8.4375,361.0,2019-05-17 22:00:00,9.2,82,6.4,6.6,0.0,0.0,0.0,0.0,2,1017.5,974.2,55,16,21,94,0.01,0.21,12.1,22.8,348,348,31.0,12.4,14.5,15.2,12.6,0.311,0.339,0.387,0.407,0,0.0,0.0,0.0,0.0,0.0,0.0,0.0,0.0,0.0,0.0,0.0,0.0,0.0,11.641576632495216,81.37802442034146,81.72047804182813,395.6543999023438,2.4359783410734104,107.78486597495454
40.808434,-8.4375,361.0,2019-05-17 23:00:00,8.7,85,6.3,6.4,0.0,0.0,0.0,0.0,2,1017.5,974.1,52,14,20,90,0.0,0.17,9.4,20.1,353,351,27.0,11.9,14.4,15.2,12.6,0.311,0.339,0.387,0.407,0,0.0,0.0,0.0,0.0,0.0,0.0,0.0,0.0,0.0,0.0,0.0,0.0,0.0,9.691638955732147,80.57657087666496,82.10747906182813,399.62439990234384,1.9421273126926986,108.48909395759817
40.808434,-8.4375,361.0,2019-05-18 00:00:00,8.8,83,6.0,6.1,0.0,0.0,0.0,0.0,2,1017.8,974.4,66,15,40,94,0.01,0.2,11.7,22.5,342,340,21.6,11.7,14.3,15.1,12.6,0.311,0.339,0.387,0.407,0,0.0,0.0,0.0,0.0,0.0,0.0,0.0,0.0,0.0,0.0,0.0,0.0,0.0,10.758896388880233,80.62281720492066,82.55055573982813,403.61239990234384,2.1918614554498626,109.24275495713853
40.808434,-8.4375,361.0,2019-05-18 01:00:00,8.6,86,6.4,6.0,0.0,0.0,0.0,0.0,1,1017.4,974.0,37,7,34,35,0.0,0.15,11.9,21.7,346,345,26.6,11.4,14.1,15.1,12.6,0.312,0.339,0.387,0.407,0,0.0,0.0,0.0,0.0,0.0,0.0,0.0,0.0,0.0,0.0,0.0,0.0,0.0,10.387391237046653,80.09544347086421,82.90807096782812,407.56439990234384,2.0921103502806284,109.91697421523477
40.808434,-8.4375,361.0,2019-05-18 02:00:00,7.9,89,6.2,5.4,0.0,0.0,0.0,0.0,1,1016.9,973.4,42,12,34,36,0.0,0.12,10.4,21.4,360,353,25.9,11.1,13.9,15.1,12.6,0.312,0.339,0.387,0.407,0,0.0,0.0,0.0,0.0,0.0,0.0,0.0,0.0,0.0,0.0,0.0,0.0,0.0,9.010010522022995,79.13299691263518,83.16870430782812,411.39039990234386,1.761300486454194,110.49292649908995
40.808434,-8.4375,361.0,2019-05-18 03:00:00,7.7,88,5.8,5.3,0.0,0.0,0.0,0.0,1,1016.2,972.7,47,19,27,46,0.0,0.13,9.8,20.5,8,359,23.4,10.8,13.8,15.1,12.6,0.313,0.339,0.387,0.407,0,0.0,0.0,0.0,0.0,0.0,0.0,0.0,0.0,0.0,0.0,0.0,0.0,0.0,8.757924211860999,79.06840353871392,83.44671320382812,415.1803999023439,1.698370008801393,111.0791799243948
40.808434,-8.4375,361.0,2019-05-18 04:00:00,7.4,89,5.7,5.2,0.0,0.0,0.0,0.0,1,1015.9,972.4,38,31,17,0,0.0,0.11,8.2,18.4,15,360,22.3,10.6,13.6,15.1,12.6,0.313,0.339,0.387,0.407,0,0.0,0.0,0.0,0.0,0.0,0.0,0.0,0.0,0.0,0.0,0.0,0.0,0.0,7.986967021603703,78.76872030977263,83.69286691382813,418.91639990234387,1.5235891250602356,111.6306438843287
40.808434,-8.4375,361.0,2019-05-18 05:00:00,6.9,90,5.4,4.7,0.0,0.0,0.0,0.0,1,1015.8,972.2,26,18,16,0,0.0,0.1,7.4,18.6,29,9,19.4,10.2,13.4,15.1,12.6,0.314,0.339,0.387,0.407,0,0.0,0.0,0.0,0.0,0.0,0.0,0.0,0.0,0.0,0.0,0.0,0.0,0.0,7.476156436650708,78.36006604968524,83.90347971382813,422.5623999023439,1.4107067134608917,112.14066964908443
40.808434,-8.4375,361.0,2019-05-18 06:00:00,7.5,87,5.4,5.0,0.0,0.0,0.0,0.0,1,1016.2,972.7,30,21,19,0,0.02,0.14,9.1,18.9,18,8,20.2,10.0,13.2,15.1,12.6,0.314,0.339,0.387,0.407,1,93.43,19.0,7.0,12.0,71.1,19.0,72.8,43.5,16.0,27.5,128.7,24.0,166.4,8.121803051412982,78.40558059810678,84.19781110182814,426.3163999023439,1.543036774838205,112.73332837004197
40.808434,-8.4375,361.0,2019-05-18 07:00:00,9.0,80,5.8,6.6,0.0,0.0,0.0,0.0,1,1016.5,973.2,29,19,20,0,0.06,0.23,9.5,14.2,9,7,22.3,10.5,13.1,15.0,12.7,0.314,0.339,0.387,0.407,1,3600.0,133.0,76.0,57.0,349.2,133.0,291.1,189.9,108.5,81.4,349.2,189.9,415.7,8.816136931363841,79.15948739038919,84.72960842182813,430.3403999023439,1.6874788494703454,113.56148793632704
40.808434,-8.4375,361.0,2019-05-18 08:00:00,10.2,75,5.9,7.6,0.0,0.0,0.0,0.0,1,1016.6,973.5,23,16,15,0,0.13,0.32,10.9,14.8,354,356,25.9,11.4,13.0,15.0,12.7,0.314,0.339,0.386,0.407,1,3600.0,299.0,200.0,99.0,497.7,299.0,537.5,365.2,244.3,120.9,497.7,365.2,656.4,10.388586481139896,80.32074610081402,85.47333487182813,434.5803999023439,2.0373968768792348,114.59853119901538
40.808434,-8.4375,361.0,2019-05-18 09:00:00,11.4,67,5.5,8.2,0.0,0.0,0.0,0.0,1,1016.7,973.7,30,22,17,0,0.22,0.44,13.9,18.2,343,346,31.3,12.6,12.9,15.0,12.7,0.313,0.338,0.386,0.407,1,3600.0,485.0,353.0,132.0,615.4,485.0,767.2,551.5,401.4,150.1,615.4,551.5,872.3,13.785943067794136,82.01445075924444,86.55930712182813,439.03639990234393,2.876813630599688,115.96178368093926
40.808434,-8.4375,361.0,2019-05-18 10:00:00,12.5,60,5.1,9.2,0.0,0.0,0.0,0.0,2,1016.6,973.8,77,78,11,0,0.28,0.58,16.1,21.3,326,330,36.0,13.7,13.0,15.0,12.7,0.312,0.338,0.386,0.407,1,3600.0,595.0,444.0,151.0,615.8,595.0,964.4,647.0,482.8,164.2,615.8,647.0,1048.7,17.70740905780752,83.66992609689115,87.99147416182812,443.6903999023439,3.964685947421435,117.6519238975965
40.808434,-8.4375,361.0,2019-05-18 11:00:00,12.8,58,4.7,9.1,0.0,0.0,0.0,0.0,3,1016.6,973.9,80,74,23,0,0.29,0.62,17.7,23.3,321,322,38.9,14.5,13.1,15.0,12.7,0.31,0.338,0.386,0.407,1,3600.0,586.0,301.0,285.0,360.8,586.0,1115.8,616.3,316.5,299.7,360.8,616.3,1173.4,20.524802646892834,84.5094786874327,89.52842106982813,448.39839990234395,4.808155826000603,119.4383786413886
40.808434,-8.4375,361.0,2019-05-18 12:00:00,13.0,60,5.4,9.9,0.1,0.1,0.0,0.0,51,1017.0,974.3,74,60,34,0,0.31,0.6,16.8,22.2,317,317,40.0,15.0,13.1,14.9,12.7,0.309,0.338,0.385,0.407,1,3600.0,641.0,388.0,253.0,428.5,641.0,1211.1,655.3,396.7,258.7,428.5,655.3,1238.2,42.35910415649414,91.41038513183594,75.58714294433594,356.7815856933594,15.91970157623291,98.76683044433594
40.808434,-8.4375,361.0,2019-05-18 13:00:00,13.1,61,5.7,10.4,0.0,0.0,0.0,0.0,2,1016.8,974.1,68,59,24,0,0.34,0.59,17.1,21.9,314,315,38.2,15.6,13.3,14.9,12.7,0.308,0.337,0.385,0.407,1,3600.0,706.0,456.0,250.0,490.3,706.0,1243.7,703.0,454.0,248.9,490.3,703.0,1238.4,24.550062879083082,87.33157845354084,77.04511005233594,361.5435856933594,6.922492784073321,100.53178964518936
40.808434,-8.4375,361.0,2019-05-18 14:00:00,13.0,63,6.2,10.2,0.2,0.2,0.0,0.0,51,1016.7,974.0,100,80,19,67,0.32,0.55,17.4,23.0,310,311,39.2,16.0,13.5,14.9,12.7,0.308,0.337,0.385,0.407,1,3600.0,688.0,425.0,263.0,469.1,688.0,1211.6,666.8,411.9,254.9,469.1,666.8,1174.2,21.971375294779083,86.03684446542974,78.41856877433594,366.28758569335935,5.849653556017373,102.15902947424263
40.808434,-8.4375,361.0,2019-05-18 15:00:00,12.4,66,6.2,8.7,0.1,0.1,0.0,0.0,51,1016.9,974.1,66,61,6,25,0.25,0.49,18.8,24.9,313,315,40.3,15.9,13.7,14.9,12.7,0.307,0.336,0.385,0.407,1,3600.0,512.0,192.0,320.0,229.9,512.0,1116.8,481.3,180.5,300.8,229.9,481.3,1050.0,21.50746055899029,85.24607378092428,79.62695971433594,370.92358569335937,5.62181822628405,103.63503351260901
40.808434,-8.4375,361.0,2019-05-18 16:00:00,12.6,66,6.4,9.2,0.0,0.0,0.0,0.0,2,1016.6,973.8,64,37,2,100,0.25,0.5,17.6,23.4,316,317,40.7,15.9,13.9,14.9,12.7,0.306,0.336,0.385,0.407,1,3600.0,509.0,342.0,167.0,473.5,509.0,965.9,460.6,309.5,151.1,473.5,460.6,874.2,20.385500052858173,85.07361165591755,80.85325274233594,375.5955856933594,5.167482825336589,105.1293588028528
40.808434,-8.4375,361.0,2019-05-18 17:00:00,12.1,62,5.1,8.6,0.0,0.0,0.0,0.0,1,1017.1,974.2,34,8,0,89,0.19,0.53,15.9,21.7,322,324,38.2,15.4,14.0,14.9,12.7,0.305,0.336,0.384,0.407,1,3600.0,357.0,181.0,176.0,314.7,357.0,769.2,305.7,155.0,150.7,314.7,305.7,658.8,19.38790638507262,85.12134268373977,82.17379499833594,380.1775856933594,4.77455172826625,106.69395806542806
40.808434,-8.4375,361.0,2019-05-18 18:00:00,11.7,63,4.8,8.3,0.0,0.0,0.0,0.0,1,1016.7,973.8,32,2,0,100,0.16,0.51,14.6,20.1,320,324,33.8,15.0,14.1,14.9,12.7,0.305,0.336,0.384,0.407,1,3600.0,322.0,204.0,118.0,505.1,322.0,540.1,249.5,158.1,91.4,505.1,249.5,418.5,18.69619827522054,85.1690894699773,83.42062277433594,384.6875856933594,4.501363483150264,108.1886735587641
40.808434,-8.4375,361.0,2019-05-18 19:00:00,10.6,70,5.3,8.0,0.0,0.0,0.0,0.0,1,1017.1,974.0,30,0,0,100,0.07,0.39,10.2,17.7,315,321,30.6,14.2,14.1,14.9,12.7,0.305,0.336,0.384,0.407,1,2018.67,121.0,28.0,93.0,127.3,121.0,294.2,69.8,16.2,53.7,127.3,69.8,169.7,14.636387880839433,84.35230143010236,84.34468643433594,388.9995856933594,3.225628771842019,109.39211441404142
40.808434,-8.4375,361.0,2019-05-18 20:00:00,9.4,77,5.5,7.3,0.0,0.0,0.0,0.0,1,1016.8,973.5,30,0,0,100,0.02,0.27,6.9,16.9,332,331,21.6,13.2,14.1,14.8,12.7,0.305,0.335,0.384,0.407,0,0.0,16.0,1.0,15.0,10.0,16.0,74.4,0.0,0.0,0.0,0.0,0.0,0.0,11.26038403260248,83.0556793626294,84.98047382433595,393.0955856933594,2.3024649594442868,110.33152440546729
40.808434,-8.4375,361.0,2019-05-18 21:00:00,8.9,82,5.9,7.0,0.0,0.0,0.0,0.0,1,1017.2,973.9,29,1,0,93,0.0,0.21,6.1,16.3,357,346,15.8,12.4,14.0,14.8,12.7,0.305,0.335,0.384,0.407,0,0.0,0.0,0.0,0.0,0.0,0.0,0.0,0.0,0.0,0.0,0.0,0.0,0.0,9.58292747333796,81.77464744047447,85.45435262433594,397.1015856933594,1.8865974597889343,111.1248637948697
40.808434,-8.4375,361.0,2019-05-18 22:00:00,8.6,86,6.4,6.8,0.0,0.0,0.0,0.0,1,1017.1,973.7,26,0,0,88,0.0,0.16,5.9,16.4,14,351,15.5,11.8,13.9,14.8,12.7,0.306,0.335,0.384,0.407,0,0.0,0.0,0.0,0.0,0.0,0.0,0.0,0.0,0.0,0.0,0.0,0.0,0.0,8.432394757567998,80.52512448991813,85.81186785233594,401.0535856933594,1.618988015380813,111.81316905411657
40.808434,-8.4375,361.0,2019-05-18 23:00:00,8.0,88,6.2,6.1,0.0,0.0,0.0,0.0,1,1016.9,973.4,28,1,1,87,0.0,0.12,6.5,15.8,34,360,15.1,11.2,13.8,14.8,12.7,0.306,0.335,0.384,0.407,0,0.0,0.0,0.0,0.0,0.0,0.0,0.0,0.0,0.0,0.0,0.0,0.0,0.0,7.9646631238596095,79.58110120033265,86.09935432433593,404.8975856933594,1.511866329886631,112.42972557290783
40.808434,-8.4375,361.0,2019-05-19 00:00:00,8.4,86,6.2,6.5,0.0,0.0,0.0,0.0,1,1016.7,973.3,25,0,1,81,0.0,0.16,6.9,16.3,39,5,15.8,11.6,13.7,14.8,12.7,0.305,0.335,0.384,0.407,0,0.0,0.0,0.0,0.0,0.0,0.0,0.0,0.0,0.0,0.0,0.0,0.0,0.0,8.1679721660177,79.62701887393091,86.44949810433593,408.8135856933594,1.5497646868531216,113.10487484389051
40.808434,-8.4375,361.0,2019-05-19 01:00:00,8.4,86,6.1,6.3,0.0,0.0,0.0,0.0,1,1016.4,973.0,26,0,1,83,0.0,0.16,7.5,16.8,35,9,16.6,11.2,13.5,14.8,12.7,0.305,0.335,0.383,0.407,0,0.0,0.0,0.0,0.0,0.0,0.0,0.0,0.0,0.0,0.0,0.0,0.0,0.0,8.448866753720361,79.67295170726496,86.79964188433593,412.7295856933594,1.6047397201111837,113.77845976895019
40.808434,-8.4375,361.0,2019-05-19 02:00:00,8.0,87,6.1,5.9,0.0,0.0,0.0,0.0,0,1016.1,972.7,1,1,0,1,0.0,0.13,8.0,17.9,36,10,17.6,10.8,13.4,14.8,12.7,0.306,0.335,0.383,0.407,0,0.0,0.0,0.0,0.0,0.0,0.0,0.0,0.0,0.0,0.0,0.0,0.0,0.0,8.5469524806323,79.51899333466861,87.11108556233593,416.5735856933594,1.620505235514435,114.41035050853114
40.808434,-8.4375,361.0,2019-05-19 03:00:00,7.3,91,6.0,5.3,0.0,0.0,0.0,0.0,1,1016.0,972.5,29,1,0,93,0.0,0.09,7.4,16.8,39,10,17.6,10.4,13.2,14.8,12.7,0.306,0.335,0.383,0.407,0,0.0,0.0,0.0,0.0,0.0,0.0,0.0,0.0,0.0,0.0,0.0,0.0,0.0,7.5857428993420175,78.3676371951239,87.31011465833593,420.2915856933594,1.4116432661592055,114.93144454048254
40.808434,-8.4375,361.0,2019-05-19 04:00:00,7.2,91,5.9,5.1,0.0,0.0,0.0,0.0,0,1016.0,972.5,5,2,0,12,0.0,0.09,7.2,15.1,53,18,16.6,10.0,13.1,14.7,12.7,0.307,0.335,0.383,0.407,0,0.0,0.0,0.0,0.0,0.0,0.0,0.0,0.0,0.0,0.0,0.0,0.0,0.0,7.305461506271032,77.96501834283082,87.50677436033594,423.9915856933594,1.3501366112568298,115.4465783757403
40.808434,-8.4375,361.0,2019-05-19 05:00:00,6.8,92,5.5,4.6,0.0,0.0,0.0,0.0,0,1015.6,972.0,0,0,0,0,0.0,0.08,7.2,14.6,53,20,15.8,9.7,12.9,14.7,12.7,0.307,0.335,0.383,0.407,0,0.0,0.0,0.0,0.0,0.0,0.0,0.0,0.0,0.0,0.0,0.0,0.0,0.0,7.07082523618995,77.49100063612453,87.67315847233594,427.6195856933594,1.2992249355616738,115.92645592123857
40.808434,-8.4375,361.0,2019-05-19 06:00:00,7.6,89,5.8,5.3,0.0,0.0,0.0,0.0,0,1015.7,972.2,0,0,0,0,0.01,0.12,8.7,15.0,52,21,17.3,9.6,12.7,14.7,12.7,0.308,0.335,0.383,0.407,1,179.1,22.0,8.0,14.0,80.3,22.0,74.2,50.2,18.3,32.0,144.1,28.0,169.5,7.616581557510981,77.5362282622996,87.92510403433594,431.3915856933594,1.4062415382898938,116.4923124284142
40.808434,-8.4375,361.0,2019-05-19 07:00:00,10.3,77,6.4,8.3,0.0,0.0,0.0,0.0,0,1015.6,972.5,3,0,0,10,0.07,0.29,7.6,12.7,31,29,18.4,10.3,12.6,14.7,12.7,0.308,0.335,0.383,0.407,1,3600.0,160.0,99.0,61.0,450.3,160.0,293.9,227.7,140.9,86.8,450.3,227.7,418.3,8.245894315380905,79.13623087840452,88.61538748633595,435.64958569335937,1.5300026088152232,117.48617944428165
40.808434,-8.4375,361.0,2019-05-19 08:00:00,11.7,65,5.4,9.3,0.0,0.0,0.0,0.0,0,1015.6,972.7,0,0,0,0,0.17,0.48,8.6,11.6,2,5,21.2,11.5,12.5,14.7,12.7,0.307,0.335,0.383,0.407,1,3600.0,353.0,264.0,89.0,653.8,353.0,539.9,430.6,322.1,108.6,653.8,430.6,658.6,10.875939072330082,81.63787646831251,89.79481916633594,440.15958569335936,2.105352082401771,118.93252264602307
40.808434,-8.4375,361.0,2019-05-19 09:00:00,12.7,61,5.5,10.1,0.0,0.0,0.0,0.0,0,1015.8,973.1,3,3,0,0,0.26,0.57,10.5,13.4,352,354,25.9,12.9,12.5,14.7,12.7,0.306,0.335,0.382,0.407,1,3600.0,549.0,442.0,107.0,768.3,549.0,769.1,624.0,502.3,121.6,768.3,624.0,874.2,13.993912310010712,83.34075568299725,91.21171677833594,444.84958569335936,2.863898366709223,120.60266941825314
40.808434,-8.4375,361.0,2019-05-19 10:00:00,13.7,59,5.9,11.9,0.0,0.0,0.0,0.0,0,1015.9,973.3,6,7,0,0,0.35,0.64,11.9,15.2,335,338,29.2,14.4,12.7,14.6,12.7,0.305,0.334,0.382,0.407,1,3600.0,721.0,600.0,121.0,830.3,721.0,966.1,783.8,652.3,131.5,830.3,783.8,1050.2,16.46145372386954,84.34571731257029,92.80921486633594,449.71958569335936,3.511005923745114,122.44539290551229
40.808434,-8.4375,361.0,2019-05-19 11:00:00,14.5,56,5.7,13.4,0.0,0.0,0.0,0.0,0,1015.7,973.2,16,13,0,13,0.42,0.73,11.9,15.0,331,336,30.2,15.7,12.9,14.6,12.7,0.302,0.334,0.382,0.407,1,3600.0,850.0,706.0,144.0,844.8,850.0,1117.2,893.8,742.4,151.4,844.8,893.8,1174.8,17.95769425221298,85.13149414904127,94.61627269033593,454.7335856933594,3.9084464639833687,124.48082902332601
40.808434,-8.4375,361.0,2019-05-19 12:00:00,15.3,58,7.0,15.1,0.0,0.0,0.0,0.0,0,1016.0,973.6,19,6,0,45,0.48,0.73,11.5,14.3,309,313,31.3,16.8,12.9,14.6,12.7,0.3,0.333,0.382,0.406,1,3600.0,944.0,809.0,135.0,892.1,944.0,1212.4,965.1,827.0,138.0,892.1,965.1,1239.4,35.98250198364258,91.46063232421875,79.64183044433594,363.17352294921875,12.050002098083496,102.77332305908203
40.808434,-8.4375,361.0,2019-05-19 13:00:00,15.0,60,7.3,14.5,0.0,0.0,0.0,0.0,1,1016.0,973.6,30,1,0,96,0.47,0.68,14.1,17.8,310,313,34.2,17.7,13.3,14.6,12.7,0.297,0.332,0.381,0.406,1,3600.0,962.0,809.0,153.0,868.7,962.0,1245.0,957.9,805.6,152.3,868.7,957.9,1239.7,23.2990688768668,87.66813535224507,81.33726348433594,368.27752294921873,6.244475269755161,104.80616562888171
40.808434,-8.4375,361.0,2019-05-19 14:00:00,15.0,60,7.3,14.2,0.0,0.0,0.0,0.0,1,1015.8,973.4,28,0,0,94,0.44,0.68,13.5,17.2,318,323,33.8,18.1,13.6,14.6,12.7,0.295,0.332,0.381,0.406,1,3600.0,890.0,646.0,244.0,712.0,890.0,1213.0,862.6,626.1,236.5,712.0,862.6,1175.7,20.946006273415428,86.74518366798905,83.03269652433593,373.3815229492187,5.311673303658044,106.72920850623328
40.808434,-8.4375,361.0,2019-05-19 15:00:00,15.0,60,7.4,13.7,0.0,0.0,0.0,0.0,1,1015.3,972.9,30,0,0,100,0.41,0.68,14.1,18.0,322,327,33.1,18.4,13.9,14.6,12.7,0.293,0.331,0.381,0.406,1,3600.0,818.0,605.0,213.0,723.1,818.0,1118.4,769.2,568.9,200.3,723.1,769.2,1051.7,21.077252432060813,86.50982152185709,84.72812956433593,378.4855229492187,5.29514188354665,108.6500179432211
40.808434,-8.4375,361.0,2019-05-19 16:00:00,14.2,63,7.4,11.5,0.0,0.0,0.0,0.0,1,1015.2,972.7,30,0,0,100,0.3,0.59,16.0,21.2,324,328,34.9,18.0,14.2,14.6,12.7,0.291,0.331,0.381,0.406,1,3600.0,594.0,301.0,293.0,415.8,594.0,967.8,537.8,272.5,265.3,415.8,537.8,876.2,21.528998822893605,85.96707732293217,86.21847839033593,383.4455229492187,5.398064653461639,110.38579829984097
40.808434,-8.4375,361.0,2019-05-19 17:00:00,13.2,64,6.6,9.9,0.0,0.0,0.0,0.0,1,1015.2,972.6,30,0,0,100,0.2,0.54,16.4,22.7,331,335,36.7,17.2,14.4,14.5,12.7,0.291,0.33,0.38,0.406,1,3600.0,386.0,114.0,272.0,197.5,386.0,771.5,330.8,97.7,233.1,197.5,330.8,661.2,21.169551141070695,85.58826704110948,87.57377175833594,388.22552294921866,5.223791071184279,111.99148826006126
40.808434,-8.4375,361.0,2019-05-19 18:00:00,12.4,67,6.4,9.4,0.0,0.0,0.0,0.0,1,1014.9,972.2,30,0,0,100,0.13,0.48,14.0,19.8,337,341,35.3,16.2,14.6,14.5,12.7,0.29,0.33,0.38,0.406,1,712.23,215.0,34.0,181.0,83.7,215.0,542.7,166.9,26.4,140.5,83.7,166.9,421.3,18.4199494603553,85.01941695339364,88.74662178833594,392.8615229492187,4.278160197425561,113.43270064607698
40.808434,-8.4375,361.0,2019-05-19 19:00:00,11.5,75,7.3,9.2,0.0,0.0,0.0,0.0,1,1014.9,972.0,30,0,0,100,0.06,0.33,11.1,18.9,335,342,29.2,15.1,14.6,14.5,12.7,0.291,0.33,0.38,0.406,1,0.0,97.0,7.0,90.0,31.5,97.0,297.2,56.5,4.1,52.4,31.5,56.5,173.0,14.463530655857708,83.67440031009224,89.57590968833594,397.33552294921867,3.083501815837682,114.57623080070609
40.808434,-8.4375,361.0,2019-05-19 20:00:00,10.3,83,7.6,8.6,0.0,0.0,0.0,0.0,1,1015.1,972.1,30,0,0,100,0.02,0.21,8.0,17.7,352,355,23.0,14.1,14.6,14.5,12.7,0.291,0.33,0.38,0.406,0,0.0,17.0,2.0,15.0,19.8,17.0,76.0,0.0,0.0,0.0,0.0,0.0,0.0,10.665958161488176,81.84564865484515,90.08611919633594,401.59352294921865,2.09387720725283,115.4355228205682
40.808434,-8.4375,361.0,2019-05-19 21:00:00,9.7,87,7.7,8.0,0.0,0.0,0.0,0.0,1,1015.6,972.4,28,0,0,93,0.0,0.15,7.6,17.7,5,2,17.6,13.2,14.6,14.5,12.7,0.292,0.33,0.38,0.406,0,0.0,0.0,0.0,0.0,0.0,0.0,0.0,0.0,0.0,0.0,0.0,0.0,0.0,9.133580840995128,80.36622749208114,90.45574466033594,405.74352294921863,1.73371400602119,116.16656631777451
40.808434,-8.4375,361.0,2019-05-19 22:00:00,8.6,92,7.3,6.8,0.0,0.0,0.0,0.0,0,1015.6,972.3,16,0,0,53,0.0,0.09,7.4,17.9,23,9,16.9,12.4,14.4,14.5,12.7,0.292,0.33,0.38,0.406,0,0.0,0.0,0.0,0.0,0.0,0.0,0.0,0.0,0.0,0.0,0.0,0.0,0.0,7.683418680328533,78.42029476785832,90.66003907633593,409.6955229492186,1.4181974605603695,116.73848586438395
40.808434,-8.4375,361.0,2019-05-19 23:00:00,7.9,92,6.8,6.0,0.0,0.0,0.0,0.0,1,1015.3,971.9,29,0,0,98,0.0,0.08,7.4,16.3,39,18,16.9,11.7,14.3,14.5,12.7,0.293,0.33,0.38,0.406,0,0.0,0.0,0.0,0.0,0.0,0.0,0.0,0.0,0.0,0.0,0.0,0.0,0.0,7.311050482664913,77.73483700192207,90.84959059633593,413.52152294921865,1.3382051273380564,117.28252550137486
40.808434,-8.4375,361.0,2019-05-20 00:00:00,8.1,95,7.3,6.3,0.0,0.0,0.0,0.0,1,1015.8,972.4,29,0,0,97,0.0,0.06,7.3,16.6,33,356,16.2,11.4,14.1,14.5,12.7,0.293,0.329,0.38,0.406,0,0.0,0.0,0.0,0.0,0.0,0.0,0.0,0.0,0.0,0.0,0.0,0.0,0.0,6.683744501013711,76.45865756832076,90.97069295633592,417.3835229492187,1.2104603486242607,117.77005094691867
40.808434,-8.4375,361.0,2019-05-20 01:00:00,8.3,94,7.4,6.5,0.0,0.0,0.0,0.0,1,1015.5,972.1,49,3,43,68,0.0,0.06,7.7,15.8,41,1,16.6,11.1,13.9,14.5,12.7,0.293,0.329,0.38,0.406,0,0.0,0.0,0.0,0.0,0.0,0.0,0.0,0.0,0.0,0.0,0.0,0.0,0.0,6.815291453841916,76.43309519535977,91.11917498033593,421.2815229492187,1.2329552090992246,118.28081813567984
40.808434,-8.4375,361.0,2019-05-20 02:00:00,8.4,95,7.6,6.7,0.0,0.0,0.0,0.0,1,1015.1,971.8,28,16,3,38,0.0,0.06,7.2,14.1,53,6,16.9,10.9,13.7,14.5,12.7,0.294,0.329,0.379,0.406,0,0.0,0.0,0.0,0.0,0.0,0.0,0.0,0.0,0.0,0.0,0.0,0.0,0.0,6.519154407966115,76.05445832333994,91.24422633033593,425.1975229492187,1.172499897358284,118.77036175021219
40.808434,-8.4375,361.0,2019-05-20 03:00:00,8.1,95,7.4,6.5,0.0,0.0,0.0,0.0,1,1014.7,971.3,37,11,1,89,0.0,0.05,6.8,11.2,72,21,15.8,10.7,13.6,14.5,12.7,0.295,0.329,0.379,0.406,0,0.0,0.0,0.0,0.0,0.0,0.0,0.0,0.0,0.0,0.0,0.0,0.0,0.0,6.3537689552192305,75.90360447325372,91.36532869033593,429.0595229492187,1.1381075641714313,119.24801049798005
40.808434,-8.4375,361.0,2019-05-20 04:00:00,7.4,97,7.0,5.9,0.0,0.0,0.0,0.0,1,1014.4,971.0,37,10,0,94,0.0,0.03,5.5,6.1,79,40,14.8,10.5,13.4,14.5,12.7,0.295,0.329,0.379,0.406,0,0.0,0.0,0.0,0.0,0.0,0.0,0.0,0.0,0.0,0.0,0.0,0.0,0.0,5.675010856981851,74.98046758994079,91.43246152033593,432.7955229492187,1.00951177960036,119.66421372062574
40.808434,-8.4375,361.0,2019-05-20 05:00:00,7.3,96,6.7,6.1,0.0,0.0,0.0,0.0,0,1014.8,971.3,12,2,0,35,0.0,0.04,2.2,0.8,81,333,12.2,10.2,13.2,14.5,12.7,0.296,0.329,0.379,0.406,0,0.0,0.0,0.0,0.0,0.0,0.0,0.0,0.0,0.0,0.0,0.0,0.0,0.0,4.826406716238897,75.02486636276358,91.52091889633593,436.5135229492187,0.8569533993160787,120.09369841702215
40.808434,-8.4375,361.0,2019-05-20 06:00:00,8.7,93,7.7,7.9,0.0,0.0,0.0,0.0,0,1015.1,971.8,11,8,0,14,0.01,0.07,1.1,1.6,72,243,7.6,10.1,13.0,14.5,12.7,0.296,0.329,0.379,0.406,1,87.29,21.0,7.0,14.0,69.5,21.0,75.7,47.8,15.9,31.9,123.6,26.9,172.4,4.588434357392967,75.09906932310523,91.70151937233592,440.48352294921875,0.8140998269147148,120.62343555735809
40.808434,-8.4375,361.0,2019-05-20 07:00:00,11.1,87,9.1,10.7,0.0,0.0,0.0,0.0,1,1015.2,972.3,38,3,18,82,0.06,0.17,1.1,0.7,72,90,8.3,11.0,12.9,14.4,12.7,0.297,0.329,0.379,0.406,1,3600.0,144.0,79.0,65.0,356.0,144.0,296.6,204.3,112.1,92.2,356.0,204.3,420.7,4.835956071137734,75.88816815944072,92.11905924833593,444.88552294921874,0.8531429746048514,121.39649684199124
40.808434,-8.4375,361.0,2019-05-20 08:00:00,12.3,84,9.6,11.7,0.0,0.0,0.0,0.0,2,1015.4,972.6,50,5,39,75,0.13,0.23,3.6,4.2,276,290,13.7,12.3,12.9,14.4,12.7,0.297,0.329,0.379,0.406,1,3600.0,282.0,148.0,134.0,364.8,282.0,542.1,343.7,180.4,163.3,364.8,343.7,660.7,6.001760743244887,77.15368634606192,92.68350155233593,449.50352294921873,1.0559226764467629,122.31594140056185
40.808434,-8.4375,361.0,2019-05-20 09:00:00,13.7,76,9.4,12.6,0.0,0.0,0.0,0.0,1,1015.6,973.0,34,31,10,0,0.24,0.38,6.2,7.6,291,295,19.1,13.7,12.9,14.4,12.7,0.296,0.329,0.379,0.406,1,3600.0,486.0,329.0,157.0,570.2,486.0,771.0,552.1,373.7,178.3,570.2,552.1,875.9,8.142534359303973,79.40688331665396,93.61862238433592,454.37352294921874,1.463682838590448,123.58100691592647
40.808434,-8.4375,361.0,2019-05-20 10:00:00,14.9,71,9.7,14.3,0.0,0.0,0.0,0.0,1,1015.3,972.9,40,29,24,0,0.32,0.49,6.6,7.7,292,298,20.5,15.2,13.0,14.4,12.7,0.295,0.328,0.379,0.406,1,3600.0,616.0,409.0,207.0,564.9,616.0,967.6,669.5,444.5,225.0,564.9,669.5,1051.7,9.983338774980215,81.36361146958154,94.84017662433592,459.45952294921875,1.8432452126139274,125.11549479846047
40.808434,-8.4375,361.0,2019-05-20 11:00:00,15.7,67,9.6,15.7,0.0,0.0,0.0,0.0,1,1015.3,973.0,33,29,11,0,0.4,0.59,8.0,9.4,288,293,22.7,16.6,13.3,14.4,12.7,0.293,0.328,0.378,0.406,1,3600.0,752.0,539.0,213.0,643.9,752.0,1118.6,790.6,566.7,223.9,643.9,790.6,1176.1,12.337838754706834,82.84915166514544,96.29972332833593,464.68952294921877,2.370385860424012,126.86988725307363
40.808434,-8.4375,361.0,2019-05-20 12:00:00,15.9,61,8.3,16.0,0.0,0.0,0.0,0.0,1,1016.0,973.7,37,10,46,0,0.45,0.71,8.4,10.3,301,306,25.9,17.1,13.3,14.4,12.7,0.292,0.328,0.378,0.406,1,3600.0,846.0,653.0,193.0,719.0,846.0,1213.6,864.8,667.5,197.3,719.0,864.8,1240.6,31.92984962463379,91.55299377441406,84.04285430908203,369.8363037109375,9.770073890686035,107.12488555908203
40.808434,-8.4375,361.0,2019-05-20 13:00:00,16.4,57,7.9,16.3,0.0,0.0,0.0,0.0,0,1015.5,973.3,11,0,18,0,0.45,0.8,8.4,10.5,295,301,23.8,18.1,13.6,14.4,12.7,0.29,0.327,0.378,0.406,1,3600.0,824.0,540.0,284.0,579.0,824.0,1246.2,820.5,537.7,282.8,579.0,820.5,1241.0,20.805588566143822,88.36588804168773,86.02393095908204,375.1923037109375,5.178185882580755,109.36179686530585
40.808434,-8.4375,361.0,2019-05-20 14:00:00,16.7,56,7.9,16.4,0.0,0.0,0.0,0.0,0,1015.4,973.3,4,0,6,0,0.47,0.83,11.0,13.2,293,296,27.4,18.8,13.9,14.4,12.7,0.287,0.326,0.377,0.406,1,3600.0,870.0,685.0,185.0,753.8,870.0,1214.3,843.3,664.0,179.3,753.8,843.3,1177.1,21.40499735743348,87.63608849500189,88.08583027108203,380.6023037109375,5.316973335196914,111.60029311952185
40.808434,-8.4375,361.0,2019-05-20 15:00:00,16.3,58,8.0,15.3,0.0,0.0,0.0,0.0,0,1015.7,973.5,8,0,14,0,0.43,0.78,13.0,16.3,298,301,31.3,19.1,14.3,14.4,12.7,0.285,0.326,0.377,0.406,1,3600.0,813.0,655.0,158.0,781.5,813.0,1119.9,764.7,616.1,148.6,781.5,764.7,1053.4,22.056526382516598,87.14064902203059,90.00977819908204,385.94030371093754,5.479148356097533,113.71654806632644
40.808434,-8.4375,361.0,2019-05-20 16:00:00,15.6,59,7.5,13.9,0.0,0.0,0.0,0.0,0,1015.5,973.2,4,0,7,0,0.35,0.73,11.1,13.8,299,303,31.0,18.9,14.6,14.4,12.7,0.283,0.325,0.377,0.406,1,3600.0,650.0,509.0,141.0,701.4,650.0,969.7,588.7,461.0,127.7,701.4,588.7,878.2,20.074296081430333,86.8149290413007,91.81236050108204,391.15230371093753,4.753456469821729,115.71963292043952
40.808434,-8.4375,361.0,2019-05-20 17:00:00,15.1,61,7.5,12.9,0.0,0.0,0.0,0.0,0,1015.5,973.1,11,0,17,1,0.27,0.68,10.3,13.0,299,304,26.6,18.5,14.8,14.3,12.8,0.282,0.325,0.377,0.406,1,3600.0,520.0,411.0,109.0,709.8,520.0,773.7,446.0,352.5,93.5,709.8,446.0,663.6,18.858911014530634,86.42422801193077,93.47567508908205,396.27430371093755,4.3197785519056895,117.60049134129113
40.808434,-8.4375,361.0,2019-05-20 18:00:00,13.7,69,8.1,11.5,0.0,0.0,0.0,0.0,1,1015.7,973.1,22,0,36,0,0.17,0.48,11.5,15.3,309,311,26.6,17.7,15.0,14.3,12.8,0.282,0.324,0.377,0.406,1,3600.0,342.0,248.0,94.0,607.6,342.0,545.4,266.0,192.9,73.1,607.6,266.0,424.2,17.33167714613867,85.11847668315394,94.68353949708205,401.14430371093755,3.823586795540526,119.09249763315842
40.808434,-8.4375,361.0,2019-05-20 19:00:00,12.6,73,7.9,10.8,0.0,0.0,0.0,0.0,0,1016.0,973.3,0,0,0,0,0.08,0.39,8.8,13.4,325,329,25.2,16.5,15.1,14.4,12.8,0.282,0.324,0.377,0.406,1,3600.0,149.0,76.0,73.0,338.2,149.0,300.3,87.5,44.6,42.8,338.2,87.5,176.3,14.174430222987729,84.12345513129789,95.65736043108205,405.8163037109376,2.914850935038175,120.37749380205992
40.808434,-8.4375,361.0,2019-05-20 20:00:00,10.4,88,8.5,9.4,0.0,0.0,0.0,0.0,0,1016.1,973.0,1,0,2,0,0.01,0.16,4.7,11.2,4,4,18.4,15.2,15.2,14.4,12.8,0.282,0.324,0.376,0.406,0,272.01,24.0,9.0,15.0,88.0,24.0,77.6,0.0,0.0,0.0,0.0,0.0,0.0,8.706862315522152,80.95835760623633,96.02066751108205,410.0923037109376,1.5989983517169173,121.1342053753163
40.808434,-8.4375,361.0,2019-05-20 21:00:00,10.2,88,8.3,8.8,0.0,0.0,0.0,0.0,0,1016.2,973.1,5,0,9,0,0.0,0.15,7.0,12.9,55,30,14.4,14.0,15.1,14.4,12.8,0.283,0.324,0.376,0.406,0,0.0,0.0,0.0,0.0,0.0,0.0,0.0,0.0,0.0,0.0,0.0,0.0,0.0,8.735893930274734,79.88739018328842,96.37765620708205,414.3323037109376,1.5993994189200207,121.87948055891849
40.808434,-8.4375,361.0,2019-05-20 22:00:00,10.0,84,7.4,8.5,0.0,0.0,0.0,0.0,1,1016.3,973.2,21,0,35,0,0.0,0.2,5.7,10.9,55,8,14.8,13.3,15.0,14.4,12.8,0.283,0.324,0.376,0.406,0,0.0,0.0,0.0,0.0,0.0,0.0,0.0,0.0,0.0,0.0,0.0,0.0,0.0,8.314592184524875,79.93340897830018,96.84521662308205,418.5363037109376,1.5051171202017426,122.70727062032465
40.808434,-8.4375,361.0,2019-05-20 23:00:00,10.3,76,6.3,8.8,0.0,0.0,0.0,0.0,1,1016.3,973.2,28,0,46,0,0.0,0.3,3.9,8.3,56,360,12.6,12.8,14.9,14.4,12.8,0.284,0.324,0.376,0.406,0,0.0,0.0,0.0,0.0,0.0,0.0,0.0,0.0,0.0,0.0,0.0,0.0,0.0,8.120855952762724,80.48979495361097,97.56551239908205,422.7943037109376,1.4581629611847895,123.74274086985886
40.808434,-8.4375,361.0,2019-05-21 00:00:00,9.5,82,6.5,8.2,0.0,0.0,0.0,0.0,0,1016.8,973.6,14,13,4,0,0.0,0.22,2.6,2.4,74,333,9.4,12.8,14.7,14.4,12.8,0.283,0.323,0.375,0.406,0,0.0,0.0,0.0,0.0,0.0,0.0,0.0,0.0,0.0,0.0,0.0,0.0,0.0,7.723410433966969,80.53601263276572,98.06782392708206,426.90830371093756,1.3725923733747325,124.58666066316364
40.808434,-8.4375,361.0,2019-05-21 01:00:00,9.3,82,6.3,7.9,0.0,0.0,0.0,0.0,1,1016.4,973.2,25,25,4,0,0.0,0.22,3.5,2.7,66,23,6.1,12.2,14.5,14.3,12.8,0.284,0.323,0.375,0.406,0,0.0,0.0,0.0,0.0,0.0,0.0,0.0,0.0,0.0,0.0,0.0,0.0,0.0,8.103501412379499,80.58224557070321,98.56065787908206,430.98630371093753,1.443548091446667,125.41791961435462
40.808434,-8.4375,361.0,2019-05-21 02:00:00,9.9,80,6.5,8.5,0.0,0.0,0.0,0.0,0,1015.9,972.8,16,14,5,0,0.0,0.25,3.4,5.8,58,22,7.9,11.8,14.3,14.3,12.8,0.284,0.323,0.375,0.406,0,0.0,0.0,0.0,0.0,0.0,0.0,0.0,0.0,0.0,0.0,0.0,0.0,0.0,8.132791578357875,80.62849377246113,99.13984307908206,435.1723037109375,1.4435968928739542,126.3295164668683
40.808434,-8.4375,361.0,2019-05-21 03:00:00,9.5,86,7.3,8.0,0.0,0.0,0.0,0.0,0,1015.9,972.7,3,1,4,0,0.0,0.17,6.0,10.0,57,26,12.6,11.5,14.2,14.3,12.8,0.285,0.323,0.375,0.406,0,0.0,0.0,0.0,0.0,0.0,0.0,0.0,0.0,0.0,0.0,0.0,0.0,0.0,8.79006659682581,80.21041377650079,99.53052982308206,439.2863037109375,1.5730298161555956,127.07919243506022
40.808434,-8.4375,361.0,2019-05-21 04:00:00,9.0,91,7.6,7.6,0.0,0.0,0.0,0.0,0,1015.9,972.6,9,8,3,0,0.0,0.11,5.8,9.2,68,42,13.7,11.3,14.0,14.3,12.8,0.285,0.323,0.375,0.406,0,0.0,0.0,0.0,0.0,0.0,0.0,0.0,0.0,0.0,0.0,0.0,0.0,0.0,7.687989034313867,78.74301420697147,99.76983861708206,443.3103037109375,1.3468597683202774,127.69386223311561
40.808434,-8.4375,361.0,2019-05-21 05:00:00,8.8,91,7.4,7.5,0.0,0.0,0.0,0.0,0,1015.9,972.6,16,17,2,0,0.0,0.1,4.5,6.0,76,65,13.3,11.1,13.8,14.3,12.8,0.286,0.323,0.375,0.406,0,0.0,0.0,0.0,0.0,0.0,0.0,0.0,0.0,0.0,0.0,0.0,0.0,0.0,6.9782486749015415,78.2480878229117,100.00440862308206,447.2983037109375,1.2070908252326007,128.29830527072576
40.808434,-8.4375,361.0,2019-05-21 06:00:00,9.8,88,7.8,8.7,0.0,0.0,0.0,0.0,0,1016.4,973.2,14,14,2,0,0.01,0.15,3.6,2.6,90,124,11.5,11.1,13.7,14.3,12.8,0.286,0.323,0.375,0.406,1,83.82,22.0,7.0,15.0,68.8,22.0,77.0,50.0,15.9,34.1,121.4,28.3,175.1,6.735430961008957,78.293565401683,100.34876055108205,451.4663037109375,1.1581280382569807,129.0093111259784
40.808434,-8.4375,361.0,2019-05-21 07:00:00,12.9,78,9.2,12.3,0.0,0.0,0.0,0.0,0,1016.5,973.8,5,4,3,0,0.06,0.33,2.7,3.7,157,191,10.1,11.9,13.5,14.3,12.8,0.287,0.323,0.375,0.406,1,3600.0,146.0,83.0,63.0,370.6,146.0,299.2,206.5,117.4,89.1,370.6,206.5,423.1,7.173470082910107,79.46781347813908,101.15961983108205,456.1923037109375,1.2344150574848898,130.16162106401788
40.808434,-8.4375,361.0,2019-05-21 08:00:00,14.2,76,10.0,13.8,0.0,0.0,0.0,0.0,0,1016.7,974.2,1,0,1,0,0.17,0.39,3.3,3.6,264,270,13.0,13.3,13.5,14.3,12.8,0.286,0.323,0.375,0.406,1,3600.0,337.0,245.0,92.0,601.3,337.0,544.3,410.3,298.3,112.0,601.3,410.3,662.6,8.18248014484834,80.54011080473286,102.12633258308206,461.1523037109375,1.4225075831749856,131.4665404600366
40.808434,-8.4375,361.0,2019-05-21 09:00:00,15.6,74,11.0,15.2,0.0,0.0,0.0,0.0,0,1016.7,974.4,0,0,0,0,0.28,0.47,5.1,6.2,315,324,16.9,15.0,13.6,14.3,12.8,0.285,0.322,0.374,0.406,1,3600.0,531.0,420.0,111.0,726.0,531.0,772.8,602.9,476.9,126.0,726.0,602.9,877.5,9.80305567462528,81.54275428007121,103.26943355508206,466.36430371093746,1.7452371828214583,132.94315811188503
40.808434,-8.4375,361.0,2019-05-21 10:00:00,17.5,66,11.1,18.2,0.0,0.0,0.0,0.0,1,1016.7,974.6,50,55,0,0,0.4,0.68,4.6,5.8,321,330,18.4,16.7,13.7,14.3,12.8,0.284,0.322,0.374,0.406,1,3600.0,702.0,578.0,124.0,796.7,702.0,969.1,762.8,628.0,134.7,796.7,762.8,1053.0,11.393424535602207,83.1602221262986,104.93432773908206,471.91830371093744,2.0782438345547094,134.88635172082007
40.808434,-8.4375,361.0,2019-05-21 11:00:00,18.6,62,11.1,19.1,0.0,0.0,0.0,0.0,3,1016.7,974.8,86,95,0,0,0.43,0.82,6.6,7.7,292,298,20.2,18.0,14.0,14.3,12.8,0.282,0.321,0.374,0.406,1,3600.0,729.0,494.0,235.0,589.3,729.0,1119.8,766.4,519.3,247.0,589.3,766.4,1177.3,14.23752434709308,84.46306002399261,106.90513701508206,477.67030371093745,2.7310740352858356,137.10064996680683
40.808434,-8.4375,361.0,2019-05-21 12:00:00,18.7,66,12.2,18.0,0.0,0.0,0.0,0.0,2,1016.1,974.2,58,33,47,0,0.29,0.74,9.7,11.9,270,273,29.5,19.0,14.1,14.3,12.8,0.285,0.321,0.373,0.406,1,3600.0,454.0,252.0,202.0,277.1,454.0,1214.8,464.1,257.6,206.5,277.1,464.1,1241.8,25.030738830566406,90.84760284423828,87.59363555908203,376.22406005859375,6.705818176269531,110.67825317382812
40.808434,-8.4375,361.0,2019-05-21 13:00:00,18.2,72,13.1,18.6,0.0,0.0,0.0,0.0,1,1016.3,974.3,21,7,25,0,0.41,0.58,11.5,14.2,290,294,28.8,19.5,14.5,14.3,12.8,0.283,0.32,0.373,0.405,1,3600.0,746.0,521.0,225.0,557.9,746.0,1247.4,742.9,518.8,224.1,557.9,742.9,1242.2,18.469291078616376,85.98985876146085,89.01632502308203,381.90406005859376,4.316664228536488,112.48567893598748
40.808434,-8.4375,361.0,2019-05-21 14:00:00,18.8,70,13.2,20.1,0.1,0.1,0.0,0.0,51,1016.2,974.3,52,38,29,0,0.48,0.65,10.7,13.0,315,318,28.4,20.3,14.8,14.3,12.8,0.282,0.32,0.373,0.405,1,3600.0,867.0,703.0,164.0,772.5,867.0,1215.6,840.5,681.5,159.0,772.5,840.5,1178.5,17.02901375256353,85.4186760736793,90.58802304308203,387.69206005859377,3.828269888790629,114.36803495356646
40.808434,-8.4375,361.0,2019-05-21 15:00:00,17.5,75,13.0,16.7,0.1,0.1,0.0,0.0,51,1016.5,974.4,33,13,35,0,0.32,0.5,14.6,18.5,320,323,32.8,20.1,15.2,14.3,12.8,0.281,0.319,0.373,0.405,1,3600.0,606.0,447.0,159.0,532.4,606.0,1121.5,570.1,420.5,149.6,532.4,570.1,1055.0,17.751427687236394,84.32921932652566,91.81220994308204,393.24606005859374,4.013768338981281,115.94780760821936
40.808434,-8.4375,361.0,2019-05-21 16:00:00,17.5,72,12.4,16.5,0.0,0.0,0.0,0.0,1,1016.3,974.2,24,7,29,0,0.32,0.55,13.8,17.7,327,331,33.8,20.0,15.5,14.3,12.8,0.28,0.319,0.373,0.405,1,3600.0,592.0,422.0,170.0,580.2,592.0,971.5,536.4,382.4,154.0,580.2,536.4,880.2,17.425265830086804,84.37670459296321,93.18329927108203,398.8000600585937,3.879964286299589,117.64469057640244
40.808434,-8.4375,361.0,2019-05-21 17:00:00,16.9,72,11.8,15.4,0.0,0.0,0.0,0.0,1,1016.4,974.3,28,15,24,0,0.24,0.55,14.2,18.4,333,337,31.0,19.5,15.7,14.3,12.8,0.279,0.319,0.372,0.405,1,3600.0,440.0,301.0,139.0,518.2,440.0,775.9,377.7,258.4,119.3,518.2,377.7,666.0,17.88333378879642,84.42420553667786,94.51015991108204,404.24606005859374,3.9844573845220683,119.29455037877077
40.808434,-8.4375,361.0,2019-05-21 18:00:00,16.4,71,11.2,14.9,0.0,0.0,0.0,0.0,0,1016.3,974.1,16,5,19,0,0.16,0.54,13.0,18.4,354,357,31.0,18.8,15.9,14.3,12.8,0.278,0.318,0.372,0.405,1,3600.0,275.0,181.0,94.0,441.2,275.0,548.0,214.3,141.0,73.3,441.2,214.3,427.0,17.28462670084168,84.47172216284551,95.84623486108204,409.60206005859374,3.774862577435043,120.94192268677368
40.808434,-8.4375,361.0,2019-05-21 19:00:00,15.7,74,11.1,14.4,0.0,0.0,0.0,0.0,0,1016.2,973.9,4,0,7,0,0.09,0.46,11.0,19.5,349,356,27.4,17.9,16.0,14.3,12.8,0.278,0.318,0.372,0.405,1,3600.0,142.0,80.0,62.0,352.3,142.0,303.3,84.0,47.3,36.7,352.3,84.0,179.5,15.52954320472629,84.11015350852142,96.99618074908204,414.83206005859375,3.250782858734836,122.4273465387197
40.808434,-8.4375,361.0,2019-05-21 20:00:00,13.8,81,10.6,12.9,0.0,0.0,0.0,0.0,0,1016.9,974.3,3,0,5,0,0.02,0.3,7.2,17.4,357,6,22.7,16.7,16.0,14.3,12.8,0.278,0.318,0.372,0.405,0,273.19,24.0,9.0,15.0,87.0,24.0,79.2,0.0,0.0,0.0,0.0,0.0,0.0,11.56429622093293,82.64861294372399,97.74148679508204,419.72006005859373,2.2197731528873113,123.55272599474412
40.808434,-8.4375,361.0,2019-05-21 21:00:00,12.6,85,10.2,11.8,0.0,0.0,0.0,0.0,0,1017.5,974.7,1,0,2,0,0.0,0.21,6.1,16.2,3,1,16.2,15.6,16.0,14.3,12.8,0.279,0.318,0.372,0.405,0,0.0,0.0,0.0,0.0,0.0,0.0,0.0,0.0,0.0,0.0,0.0,0.0,0.0,9.71414062954515,81.32463134280155,98.28249842508204,424.39206005859376,1.7892726024207397,124.49012807018143
40.808434,-8.4375,361.0,2019-05-21 22:00:00,12.1,86,9.8,11.1,0.0,0.0,0.0,0.0,0,1017.6,974.7,2,0,3,0,0.0,0.2,6.8,16.2,25,12,15.1,14.8,15.9,14.3,12.8,0.279,0.318,0.372,0.405,0,0.0,0.0,0.0,0.0,0.0,0.0,0.0,0.0,0.0,0.0,0.0,0.0,0.0,9.422234820367716,80.65806480532265,98.76901399308204,428.97406005859375,1.718956562348363,125.37226922413362
40.808434,-8.4375,361.0,2019-05-21 23:00:00,11.6,87,9.4,10.6,0.0,0.0,0.0,0.0,0,1017.5,974.5,2,0,3,0,0.0,0.18,5.6,13.4,40,14,15.1,14.1,15.8,14.3,12.8,0.28,0.318,0.372,0.405,0,0.0,0.0,0.0,0.0,0.0,0.0,0.0,0.0,0.0,0.0,0.0,0.0,0.0,8.586219451443654,80.18124837898672,99.20366615908205,433.46606005859377,1.5368861157579952,126.20098488408777
40.808434,-8.4375,361.0,2019-05-22 00:00:00,11.8,84,9.1,10.7,0.0,0.0,0.0,0.0,0,1017.7,974.8,7,0,2,19,0.0,0.22,6.0,14.1,33,3,13.0,14.5,15.6,14.3,12.8,0.281,0.318,0.372,0.405,0,0.0,0.0,0.0,0.0,0.0,0.0,0.0,0.0,0.0,0.0,0.0,0.0,0.0,8.805065679720139,80.22736419138329,99.74704718308205,437.9940600585938,1.5758623371160818,127.11972625723914
40.808434,-8.4375,361.0,2019-05-22 01:00:00,11.7,83,9.0,10.7,0.0,0.0,0.0,0.0,0,1017.5,974.6,15,0,1,49,0.0,0.23,5.4,12.0,48,16,13.0,13.8,15.4,14.3,12.8,0.281,0.318,0.372,0.405,0,0.0,0.0,0.0,0.0,0.0,0.0,0.0,0.0,0.0,0.0,0.0,0.0,0.0,8.644587044216086,80.27349522893124,100.31991399908205,442.5040600585938,1.5364559426203135,128.0592039575894
40.808434,-8.4375,361.0,2019-05-22 02:00:00,11.5,85,9.0,10.5,0.0,0.0,0.0,0.0,0,1017.1,974.1,11,0,1,35,0.0,0.21,5.2,11.3,56,27,13.3,13.3,15.3,14.3,12.8,0.282,0.318,0.372,0.405,0,0.0,0.0,0.0,0.0,0.0,0.0,0.0,0.0,0.0,0.0,0.0,0.0,0.0,8.6337834607293,80.31964149665717,100.81748673908204,446.97806005859377,1.5285684910769421,128.93219104576892
40.808434,-8.4375,361.0,2019-05-22 03:00:00,11.5,85,9.0,10.5,0.0,0.0,0.0,0.0,0,1016.7,973.8,4,0,0,13,0.0,0.21,4.7,9.0,67,37,11.5,12.9,15.1,14.3,12.8,0.282,0.318,0.372,0.405,0,0.0,0.0,0.0,0.0,0.0,0.0,0.0,0.0,0.0,0.0,0.0,0.0,0.0,8.51014400831364,80.36580299958933,101.31505947908204,451.45206005859376,1.4979377020895914,129.8036473565794
40.808434,-8.4375,361.0,2019-05-22 04:00:00,11.4,85,9.0,10.6,0.0,0.0,0.0,0.0,0,1016.5,973.6,4,0,0,15,0.0,0.2,3.4,5.5,72,32,11.5,12.6,15.0,14.3,12.8,0.283,0.318,0.372,0.405,0,0.0,0.0,0.0,0.0,0.0,0.0,0.0,0.0,0.0,0.0,0.0,0.0,0.0,8.09584967162717,80.41197974275764,101.80868322908204,455.9080600585938,1.4099528115836044,130.66850897923626
40.808434,-8.4375,361.0,2019-05-22 05:00:00,10.7,87,8.7,10.0,0.0,0.0,0.0,0.0,0,1016.4,973.4,9,0,0,29,0.0,0.16,2.9,0.5,90,45,9.4,12.3,14.8,14.3,12.8,0.283,0.318,0.371,0.405,0,0.0,0.0,0.0,0.0,0.0,0.0,0.0,0.0,0.0,0.0,0.0,0.0,0.0,7.665729041681528,80.04070788764305,102.21253327308203,460.23806005859376,1.321717029833447,131.44484374849205
40.808434,-8.4375,361.0,2019-05-22 06:00:00,12.2,88,10.2,11.8,0.0,0.0,0.0,0.0,0,1017.0,974.2,10,0,0,35,0.01,0.18,3.1,4.3,126,228,6.5,12.2,14.6,14.3,12.8,0.283,0.318,0.371,0.405,1,273.11,25.0,9.0,16.0,87.5,25.0,78.3,56.8,20.4,36.3,153.5,32.4,177.8,7.593735760552102,79.80981376429095,102.63270580908203,464.8380600585938,1.3036224528919722,132.26026300163522
40.808434,-8.4375,361.0,2019-05-22 07:00:00,13.9,81,10.6,13.2,0.0,0.0,0.0,0.0,0,1017.8,975.2,1,0,0,4,0.07,0.31,6.3,8.5,246,258,14.8,13.1,14.5,14.3,12.8,0.284,0.318,0.371,0.405,1,3600.0,160.0,99.0,61.0,438.3,160.0,301.6,225.6,139.6,86.0,438.3,225.6,425.3,9.067618149460628,80.16460795424807,103.38301390908202,469.7440600585938,1.5892661750686485,133.3794296509249
40.808434,-8.4375,361.0,2019-05-22 08:00:00,14.7,83,11.8,14.8,0.0,0.0,0.0,0.0,0,1018.1,975.6,5,0,0,17,0.17,0.29,3.3,3.4,276,288,15.1,14.4,14.4,14.3,12.8,0.283,0.318,0.371,0.405,1,3600.0,345.0,255.0,90.0,623.3,345.0,546.3,419.6,310.1,109.5,623.3,419.6,664.5,8.01328866239749,80.21071827280267,104.09014638508202,474.7940600585938,1.372979057156482,134.47640011853065
40.808434,-8.4375,361.0,2019-05-22 09:00:00,16.8,78,12.8,17.2,0.0,0.0,0.0,0.0,0,1018.1,975.9,13,0,0,43,0.29,0.43,3.5,3.4,246,252,14.4,16.1,14.5,14.3,12.8,0.282,0.318,0.371,0.405,1,3600.0,531.0,417.0,114.0,719.0,531.0,774.5,602.7,473.3,129.4,719.0,602.7,879.0,8.714999851012793,80.94785844922167,105.12688789308203,480.2220600585938,1.503394533717033,135.8858193492663
40.808434,-8.4375,361.0,2019-05-22 10:00:00,18.3,74,13.6,19.4,0.0,0.0,0.0,0.0,1,1018.3,976.3,29,0,0,98,0.39,0.55,7.0,8.0,258,260,20.5,17.7,14.6,14.3,12.8,0.281,0.317,0.371,0.405,1,3600.0,703.0,572.0,131.0,787.0,703.0,970.5,763.7,621.4,142.3,787.0,763.7,1054.3,11.338763355354818,82.07040531604842,106.45480159708202,485.9200600585938,2.045801266200146,137.5654217165928
40.808434,-8.4375,361.0,2019-05-22 11:00:00,18.5,75,14.1,20.1,0.0,0.0,0.0,0.0,1,1018.4,976.4,33,4,0,98,0.44,0.53,8.6,10.1,272,274,24.8,19.0,14.9,14.3,12.8,0.279,0.317,0.371,0.405,1,3600.0,794.0,559.0,235.0,665.8,794.0,1121.0,834.6,587.6,247.0,665.8,834.6,1178.4,12.610603644591897,82.44405298430532,107.74480499708203,491.65406005859376,2.321883651849337,139.21695674427693
40.808434,-8.4375,361.0,2019-05-22 12:00:00,19.4,70,13.8,21.0,0.0,0.0,0.0,0.0,0,1018.5,976.6,6,0,0,19,0.46,0.68,6.7,7.6,286,289,24.1,19.9,15.0,14.3,12.8,0.277,0.317,0.371,0.405,1,3600.0,769.0,392.0,377.0,430.5,769.0,1215.9,786.1,400.7,385.4,430.5,786.1,1242.9,26.593263626098633,91.9794921875,92.74597930908203,383.58966064453125,7.10888671875,115.52981567382812
40.808434,-8.4375,361.0,2019-05-22 13:00:00,20.0,71,14.5,22.4,0.0,0.0,0.0,0.0,0,1018.3,976.5,0,0,0,0,0.54,0.69,9.5,11.4,295,298,25.6,21.0,15.3,14.3,12.8,0.274,0.316,0.371,0.405,1,3600.0,945.0,805.0,140.0,860.9,945.0,1248.5,941.1,801.7,139.4,860.9,941.1,1243.4,18.530814786629797,86.54219976383315,94.35690396308203,389.59366064453127,4.218914802485354,117.54333843232077
40.808434,-8.4375,361.0,2019-05-22 14:00:00,19.7,73,14.7,21.5,0.0,0.0,0.0,0.0,0,1018.0,976.2,4,4,0,0,0.5,0.62,12.3,15.0,302,305,29.9,21.7,15.7,14.3,12.8,0.272,0.315,0.371,0.405,1,3600.0,914.0,779.0,135.0,854.8,914.0,1216.8,886.2,755.3,130.9,854.8,886.2,1179.8,17.91053622804088,85.13724706702469,95.83540581908203,395.54366064453126,3.991190066589215,119.36755440097339
40.808434,-8.4375,361.0,2019-05-22 15:00:00,19.3,72,14.1,20.5,0.0,0.0,0.0,0.0,0,1018.3,976.4,0,0,0,0,0.46,0.63,12.3,15.5,310,314,31.0,21.9,16.0,14.3,12.8,0.27,0.315,0.371,0.405,1,3600.0,833.0,705.0,128.0,838.2,833.0,1122.9,783.8,663.4,120.4,838.2,783.8,1056.6,17.776301725814704,84.99762635264469,97.33918121108202,401.42166064453124,3.915190434934114,121.20315517038152
40.808434,-8.4375,361.0,2019-05-22 16:00:00,18.9,70,13.2,19.0,0.0,0.0,0.0,0.0,0,1018.2,976.3,0,0,0,0,0.39,0.66,12.0,15.1,316,320,29.9,21.8,16.4,14.3,12.8,0.268,0.314,0.37,0.405,1,3600.0,704.0,583.0,121.0,799.8,704.0,973.3,638.1,528.4,109.7,799.8,638.1,882.2,17.782161951338693,85.04533229389278,98.91877721108202,407.2276606445312,3.8818367428506355,123.08922235002363
40.808434,-8.4375,361.0,2019-05-22 17:00:00,17.6,73,12.7,16.5,0.0,0.0,0.0,0.0,0,1018.5,976.4,11,1,2,29,0.28,0.54,13.2,17.4,317,322,30.2,21.2,16.7,14.3,12.8,0.267,0.314,0.37,0.405,1,3600.0,534.0,427.0,107.0,732.7,534.0,778.0,458.7,366.8,91.9,732.7,458.7,668.4,17.892705242930408,84.60837383029478,100.24800724508202,412.79966064453123,3.8844762179239067,124.75464535083022
40.808434,-8.4375,361.0,2019-05-22 18:00:00,16.3,77,12.2,15.1,0.0,0.0,0.0,0.0,1,1018.7,976.4,26,2,2,75,0.18,0.43,13.0,17.1,326,330,29.9,20.3,16.9,14.3,12.8,0.266,0.314,0.37,0.405,1,3600.0,343.0,253.0,90.0,613.5,343.0,550.5,267.8,197.5,70.3,613.5,267.8,429.8,16.2840649614494,83.69388252669461,101.30159777708202,418.13766064453125,3.4020355461638636,126.17974260808646
40.808434,-8.4375,361.0,2019-05-22 19:00:00,15.0,81,11.7,13.9,0.0,0.0,0.0,0.0,0,1018.9,976.4,10,0,0,33,0.08,0.33,11.2,16.9,339,344,28.1,19.0,17.0,14.4,12.8,0.266,0.314,0.37,0.405,1,3600.0,158.0,92.0,66.0,401.0,158.0,306.3,94.2,54.9,39.4,401.0,94.2,182.7,13.705451416581903,82.60999001238196,102.10692847108203,423.24166064453124,2.7023327436946607,127.38491936643318
40.808434,-8.4375,361.0,2019-05-22 20:00:00,13.3,88,11.4,12.7,0.0,0.0,0.0,0.0,0,1019.3,976.5,1,0,0,2,0.01,0.18,7.2,16.6,357,4,23.4,17.6,17.0,14.4,12.8,0.267,0.313,0.37,0.405,0,374.56,26.0,10.0,16.0,95.5,26.0,80.8,0.0,0.0,0.0,0.0,0.0,0.0,9.630536970382948,80.59389958179614,102.56185211908203,428.03966064453124,1.741633574279351,128.2808285702582
40.808434,-8.4375,361.0,2019-05-22 21:00:00,12.5,91,11.1,11.7,0.0,0.0,0.0,0.0,0,1019.8,976.9,1,0,0,4,0.0,0.13,7.6,17.7,3,5,16.9,16.4,17.0,14.4,12.8,0.267,0.313,0.37,0.405,0,0.0,0.0,0.0,0.0,0.0,0.0,0.0,0.0,0.0,0.0,0.0,0.0,0.0,8.603174807597714,79.07805506690416,102.88408970308204,432.69366064453123,1.5215463354904246,129.05360984310232
40.808434,-8.4375,361.0,2019-05-22 22:00:00,11.7,93,10.6,10.8,0.0,0.0,0.0,0.0,0,1020.3,977.2,8,2,0,19,0.0,0.1,7.6,17.3,3,359,16.9,15.4,16.8,14.4,12.8,0.268,0.313,0.37,0.405,0,0.0,0.0,0.0,0.0,0.0,0.0,0.0,0.0,0.0,0.0,0.0,0.0,0.0,7.864687661444605,77.89622360789772,103.11997603908203,437.2036606445312,1.3697653930419742,129.73869764621253
40.808434,-8.4375,361.0,2019-05-22 23:00:00,11.3,95,10.6,10.2,0.0,0.0,0.0,0.0,2,1020.1,977.0,50,44,0,36,0.0,0.06,9.2,18.6,21,15,18.7,14.7,16.7,14.4,12.8,0.268,0.313,0.37,0.405,0,0.0,0.0,0.0,0.0,0.0,0.0,0.0,0.0,0.0,0.0,0.0,0.0,0.0,7.813959808837497,76.71855881438205,103.28320095908204,441.6416606445312,1.3563866071029365,130.35417975331364
40.808434,-8.4375,361.0,2019-05-23 00:00:00,11.2,92,9.9,9.7,0.0,0.0,0.0,0.0,2,1020.0,976.9,68,47,0,85,0.0,0.11,10.5,20.3,38,27,20.9,14.9,16.5,14.4,12.8,0.268,0.312,0.369,0.405,0,0.0,0.0,0.0,0.0,0.0,0.0,0.0,0.0,0.0,0.0,0.0,0.0,0.0,8.3228310429846,76.76353141862289,103.54225470308204,446.06166064453123,1.4528508166046805,131.04013832528
40.808434,-8.4375,361.0,2019-05-23 01:00:00,11.1,84,8.5,9.5,0.0,0.0,0.0,0.0,1,1019.5,976.4,35,7,0,96,0.0,0.21,8.6,18.9,33,24,21.2,14.3,16.3,14.4,12.8,0.269,0.312,0.368,0.405,0,0.0,0.0,0.0,0.0,0.0,0.0,0.0,0.0,0.0,0.0,0.0,0.0,0.0,8.232211603112654,77.80460771525252,104.05614993508203,450.4636606445312,1.4297288802254282,131.92583174826342
40.808434,-8.4375,361.0,2019-05-23 02:00:00,10.6,83,7.9,9.0,0.0,0.0,0.0,0.0,1,1019.1,975.9,30,2,0,93,0.0,0.21,7.4,16.1,39,20,18.0,13.7,16.1,14.4,12.8,0.269,0.312,0.368,0.405,0,0.0,0.0,0.0,0.0,0.0,0.0,0.0,0.0,0.0,0.0,0.0,0.0,0.0,8.255251553993842,78.5082725951768,104.57978600908203,454.77566064453123,1.4293070828966299,132.80835750641032
40.808434,-8.4375,361.0,2019-05-23 03:00:00,10.4,81,7.4,8.9,0.0,0.0,0.0,0.0,1,1019.2,976.0,30,1,0,97,0.0,0.24,6.1,14.8,28,1,16.2,13.2,15.9,14.4,12.8,0.27,0.312,0.368,0.405,0,0.0,0.0,0.0,0.0,0.0,0.0,0.0,0.0,0.0,0.0,0.0,0.0,0.0,8.234742856785473,79.1478069961436,105.15502221908203,459.05166064453124,1.4201909784144044,133.72756734115006
40.808434,-8.4375,361.0,2019-05-23 04:00:00,10.5,81,7.3,8.7,0.0,0.0,0.0,0.0,1,1019.6,976.4,30,1,0,97,0.0,0.25,7.4,16.9,14,358,16.2,12.9,15.7,14.4,12.8,0.27,0.312,0.368,0.405,0,0.0,0.0,0.0,0.0,0.0,0.0,0.0,0.0,0.0,0.0,0.0,0.0,0.0,9.045964536995452,79.55029095528278,105.73526048308203,463.3456606445312,1.5771500572376798,134.6518180671128
40.808434,-8.4375,361.0,2019-05-23 05:00:00,11.0,81,7.8,9.0,0.0,0.0,0.0,0.0,0,1019.8,976.7,9,8,0,7,0.01,0.25,10.0,20.8,21,9,20.9,12.8,15.5,14.4,12.8,0.27,0.312,0.368,0.405,0,0.0,0.0,0.0,0.0,0.0,0.0,0.0,0.0,0.0,0.0,0.0,0.0,0.0,10.378174761950735,79.83157661780328,106.34050901708203,467.72966064453124,1.8497771256560966,135.60496993623852
40.808434,-8.4375,361.0,2019-05-23 06:00:00,11.5,79,8.0,9.3,0.0,0.0,0.0,0.0,0,1019.6,976.5,15,1,12,23,0.03,0.28,11.4,22.1,35,22,23.0,12.6,15.3,14.4,12.8,0.271,0.312,0.368,0.405,1,273.99,25.0,9.0,16.0,86.7,25.0,79.6,56.7,20.4,36.3,151.0,32.5,180.3,11.464926889628689,80.282248112867,107.03711085308203,472.2036606445312,2.08079961432456,136.64114339750083
40.808434,-8.4375,361.0,2019-05-23 07:00:00,13.8,75,9.4,12.3,0.0,0.0,0.0,0.0,0,1020.1,977.4,3,3,0,0,0.08,0.39,9.2,16.7,11,14,23.0,13.3,15.1,14.4,12.8,0.271,0.312,0.368,0.405,1,3600.0,154.0,86.0,68.0,377.7,154.0,303.9,216.6,121.0,95.6,377.7,216.6,427.4,11.424951382339216,81.20090708706125,108.01777670308202,477.0916606445312,2.062138068427503,137.9517876346951
40.808434,-8.4375,361.0,2019-05-23 08:00:00,15.5,72,10.5,14.0,0.0,0.0,0.0,0.0,3,1020.5,978.0,88,70,0,83,0.18,0.49,11.2,15.1,356,360,25.6,14.5,15.0,14.4,12.8,0.271,0.312,0.368,0.405,1,3600.0,345.0,251.0,94.0,611.1,345.0,548.2,419.2,305.0,114.2,611.1,419.2,666.2,13.657596963225629,82.19599776768936,109.24143707108202,482.2856606445312,2.5670750865933725,139.49252896005922
40.808434,-8.4375,361.0,2019-05-23 09:00:00,16.8,71,11.4,15.5,0.0,0.0,0.0,0.0,1,1020.7,978.4,42,34,9,20,0.25,0.56,11.9,15.8,355,359,27.4,15.8,15.0,14.4,12.8,0.27,0.312,0.368,0.404,1,3600.0,454.0,267.0,187.0,459.2,454.0,776.0,515.1,302.9,212.2,459.2,515.1,880.4,15.02806341088511,82.85895222757964,110.60805087708202,487.7136606445312,2.888734469163515,141.17422769982855
40.808434,-8.4375,361.0,2019-05-23 10:00:00,18.1,70,12.4,17.2,0.0,0.0,0.0,0.0,2,1020.6,978.5,54,35,35,4,0.35,0.63,15.7,20.4,349,352,34.9,17.3,15.1,14.4,12.8,0.268,0.311,0.367,0.404,1,3600.0,664.0,511.0,153.0,701.9,664.0,971.8,721.2,555.0,166.2,701.9,721.2,1055.5,18.339586029314546,83.38693353366365,112.12446303708202,493.3756606445312,3.7442322312804666,143.0022580748455
40.808434,-8.4375,361.0,2019-05-23 11:00:00,18.4,69,12.6,17.8,0.0,0.0,0.0,0.0,2,1020.7,978.6,52,50,11,0,0.37,0.65,14.3,18.6,335,338,35.3,18.4,15.3,14.4,12.8,0.267,0.311,0.367,0.404,1,3600.0,668.0,447.0,221.0,531.7,668.0,1122.2,702.1,469.8,232.3,531.7,702.1,1179.5,18.04652410771078,83.71304561424401,113.71590600708203,499.0916606445312,3.6415442777999374,144.89661999017676
40.808434,-8.4375,361.0,2019-05-23 12:00:00,18.3,71,12.9,18.2,0.0,0.0,0.0,0.0,2,1020.5,978.4,59,62,6,0,0.42,0.61,15.6,19.9,322,325,35.6,18.6,15.3,14.4,12.8,0.266,0.31,0.367,0.404,1,3600.0,785.0,503.0,282.0,551.7,785.0,1216.9,802.4,514.2,288.3,551.7,802.4,1243.9,42.564453125,92.39794921875,97.89441680908203,390.8370666503906,14.085208892822266,120.23426055908203
40.808434,-8.4375,361.0,2019-05-23 13:00:00,17.7,74,13.1,17.0,0.1,0.1,0.0,0.0,51,1020.4,978.2,75,57,0,78,0.36,0.52,16.6,21.8,318,321,38.2,19.2,15.5,14.4,12.8,0.265,0.31,0.367,0.404,1,3600.0,692.0,390.0,302.0,416.6,692.0,1249.6,689.2,388.4,300.8,416.6,689.2,1244.5,22.453131109635805,85.73032771348804,99.18126101708204,396.4270666503906,5.382337652914678,122.03396442219604
40.808434,-8.4375,361.0,2019-05-23 14:00:00,17.8,71,12.5,16.6,0.1,0.1,0.0,0.0,51,1020.0,977.8,86,63,0,99,0.33,0.59,15.6,20.6,322,324,37.4,19.5,15.7,14.4,12.8,0.264,0.31,0.367,0.404,1,3600.0,595.0,286.0,309.0,313.4,595.0,1218.1,577.0,277.3,299.6,313.4,577.0,1181.2,20.41393840803246,85.07526148252408,100.62422196308204,402.0350666503906,4.673147875259211,123.79050424827713
40.808434,-8.4375,361.0,2019-05-23 15:00:00,18.0,70,12.5,17.1,0.0,0.0,0.0,0.0,2,1020.1,978.0,75,51,0,97,0.39,0.61,18.1,23.8,317,321,40.0,20.1,16.0,14.5,12.9,0.263,0.309,0.366,0.404,1,3600.0,748.0,473.0,275.0,561.4,748.0,1124.4,704.0,445.2,258.8,561.4,704.0,1058.2,22.57729502103186,85.12299305503711,102.13273614308204,407.6790666503906,5.335516279145983,125.60088561183774
40.808434,-8.4375,361.0,2019-05-23 16:00:00,16.3,76,12.0,14.0,0.0,0.0,0.0,0.0,1,1020.4,978.0,36,12,0,84,0.28,0.45,20.3,27.5,323,326,43.2,19.8,16.2,14.5,12.9,0.261,0.309,0.366,0.404,1,3600.0,565.0,300.0,265.0,410.6,565.0,975.1,512.3,272.0,240.3,410.6,512.3,884.1,21.881245023979524,83.93291123651285,103.23213495908205,413.01706665039063,5.072697495051428,127.0654104982998
40.808434,-8.4375,361.0,2019-05-23 17:00:00,15.7,68,9.8,12.8,0.0,0.0,0.0,0.0,1,1020.5,978.0,23,0,0,76,0.26,0.57,19.5,27.1,332,335,44.6,19.4,16.4,14.5,12.9,0.26,0.308,0.366,0.404,1,3600.0,509.0,343.0,166.0,586.8,509.0,780.2,437.6,294.9,142.7,586.8,437.6,670.7,21.467121109249458,83.98026566169762,104.64745297508205,418.24706665039065,4.903085922789206,128.756283183486
40.808434,-8.4375,361.0,2019-05-23 18:00:00,14.2,77,10.2,11.2,0.0,0.0,0.0,0.0,1,1020.7,978.0,31,1,0,99,0.16,0.37,20.9,30.5,336,337,45.0,18.6,16.5,14.5,12.9,0.26,0.308,0.366,0.404,1,3600.0,343.0,231.0,112.0,557.4,343.0,553.1,268.2,180.7,87.6,557.4,268.2,432.6,21.255335890761984,83.29763136730473,105.57388602908205,423.20706665039063,4.809739161821531,130.0448198891665
40.808434,-8.4375,361.0,2019-05-23 19:00:00,13.0,85,10.6,10.5,0.0,0.0,0.0,0.0,1,1020.7,977.8,32,3,0,97,0.07,0.22,18.6,28.5,342,344,43.9,17.5,16.5,14.5,12.9,0.26,0.308,0.366,0.404,1,3600.0,158.0,80.0,78.0,345.2,158.0,309.3,95.0,48.1,46.9,345.2,95.0,185.9,16.44164495737494,81.36735905667852,106.13069361908205,427.95106665039066,3.375836936720444,131.0261009162491
40.808434,-8.4375,361.0,2019-05-23 20:00:00,11.6,93,10.5,9.3,0.0,0.0,0.0,0.0,1,1020.8,977.7,40,12,0,99,0.02,0.1,17.1,30.2,352,352,38.2,16.2,16.5,14.5,12.9,0.26,0.308,0.366,0.404,0,377.37,27.0,10.0,17.0,94.4,27.0,82.4,0.0,0.0,0.0,0.0,0.0,0.0,12.21081457775548,78.32465688591346,106.36473709308206,432.4430666503907,2.2928091495603686,131.7287026237904
40.808434,-8.4375,361.0,2019-05-23 21:00:00,11.4,91,10.1,9.0,0.0,0.0,0.0,0.0,1,1021.1,978.0,34,4,0,100,0.0,0.12,16.9,29.9,1,1,36.7,15.3,16.4,14.5,12.9,0.261,0.308,0.366,0.404,0,0.0,0.0,0.0,0.0,0.0,0.0,0.0,0.0,0.0,0.0,0.0,0.0,0.0,12.153913765381311,78.33949205371404,106.66091134308206,436.8990666503907,2.2727608271825153,132.47093604330013
40.808434,-8.4375,361.0,2019-05-23 22:00:00,11.1,91,9.7,9.0,0.0,0.0,0.0,0.0,1,1021.1,977.9,31,1,0,100,0.0,0.12,14.1,26.0,3,4,36.0,14.6,16.3,14.5,12.9,0.261,0.308,0.366,0.404,0,0.0,0.0,0.0,0.0,0.0,0.0,0.0,0.0,0.0,0.0,0.0,0.0,0.0,10.844535742331335,78.31170109874493,106.94997741108206,441.3010666503907,1.9689062909487938,133.19807198746489
40.808434,-8.4375,361.0,2019-05-23 23:00:00,11.2,90,9.5,9.2,0.0,0.0,0.0,0.0,1,1020.9,977.7,32,2,0,100,0.0,0.14,12.6,24.3,13,12,30.2,14.1,16.1,14.5,12.9,0.262,0.308,0.366,0.404,0,0.0,0.0,0.0,0.0,0.0,0.0,0.0,0.0,0.0,0.0,0.0,0.0,0.0,10.246076427780116,78.35719967946122,107.27379459108207,445.7210666503907,1.8328418563135491,133.95102458375953
40.808434,-8.4375,361.0,2019-05-24 00:00:00,10.6,93,9.5,8.8,0.0,0.0,0.0,0.0,0,1020.9,977.7,16,3,0,43,0.0,0.09,11.2,23.6,15,12,27.7,14.1,15.9,14.5,12.9,0.263,0.308,0.365,0.404,0,0.0,0.0,0.0,0.0,0.0,0.0,0.0,0.0,0.0,0.0,0.0,0.0,0.0,9.15343963738707,77.57035394293027,107.48940944508206,450.0330666503907,1.5993565621859231,134.60409050942508
40.808434,-8.4375,361.0,2019-05-24 01:00:00,10.3,95,9.6,8.8,0.0,0.0,0.0,0.0,1,1020.3,977.0,37,9,0,95,0.0,0.06,10.0,22.0,21,15,25.6,13.5,15.7,14.5,12.9,0.264,0.308,0.365,0.404,0,0.0,0.0,0.0,0.0,0.0,0.0,0.0,0.0,0.0,0.0,0.0,0.0,0.0,8.143851039765734,76.53939325456167,107.63947106508206,454.2910666503907,1.3945894143218982,135.19586228105373
40.808434,-8.4375,361.0,2019-05-24 02:00:00,10.2,95,9.5,8.5,0.0,0.0,0.0,0.0,1,1019.9,976.6,33,4,0,97,0.0,0.06,11.2,23.5,21,15,25.2,13.1,15.5,14.5,12.9,0.264,0.308,0.365,0.404,0,0.0,0.0,0.0,0.0,0.0,0.0,0.0,0.0,0.0,0.0,0.0,0.0,0.0,8.448880470873643,76.2337505153113,107.78821635508206,458.5310666503907,1.4512189922144179,135.78059527856885
40.808434,-8.4375,361.0,2019-05-24 03:00:00,10.2,96,9.6,8.4,0.0,0.0,0.0,0.0,1,1019.5,976.3,33,5,0,95,0.0,0.05,11.6,24.4,22,16,26.6,12.8,15.4,14.5,12.9,0.265,0.308,0.365,0.404,0,0.0,0.0,0.0,0.0,0.0,0.0,0.0,0.0,0.0,0.0,0.0,0.0,0.0,8.365210697270879,75.70592582165182,107.90721258708206,462.7710666503907,1.4318348368055023,136.33766715382603
40.808434,-8.4375,361.0,2019-05-24 04:00:00,10.0,95,9.3,8.0,0.0,0.0,0.0,0.0,1,1019.2,975.9,28,6,0,75,0.0,0.06,13.0,26.7,24,21,29.2,12.5,15.2,14.5,12.9,0.265,0.308,0.365,0.404,0,0.0,0.0,0.0,0.0,0.0,0.0,0.0,0.0,0.0,0.0,0.0,0.0,0.0,8.92994444633217,75.75056410476036,108.05332521708206,466.9750666503907,1.5407125678447584,136.90852019903002
40.808434,-8.4375,361.0,2019-05-24 05:00:00,9.8,95,9.0,7.8,0.0,0.0,0.0,0.0,1,1019.0,975.7,30,6,0,83,0.0,0.06,12.6,26.7,24,21,29.2,12.2,15.0,14.5,12.9,0.266,0.308,0.365,0.404,0,0.0,0.0,0.0,0.0,0.0,0.0,0.0,0.0,0.0,0.0,0.0,0.0,0.0,8.812464671678326,75.79521712521348,108.19680518708206,471.1430666503907,1.5141441008752938,137.46969634679866
40.808434,-8.4375,361.0,2019-05-24 06:00:00,10.7,90,9.1,8.4,0.0,0.0,0.0,0.0,1,1019.4,976.2,29,4,0,84,0.02,0.13,14.7,28.3,22,22,31.7,12.2,14.8,14.5,12.9,0.266,0.308,0.365,0.404,1,72.49,26.0,7.0,19.0,66.9,26.0,80.7,58.8,15.8,43.0,115.7,34.0,182.7,9.907975406772431,76.2544796746927,108.50745906708207,475.4730666503907,1.7334990591609039,138.17997127475329
40.808434,-8.4375,361.0,2019-05-24 07:00:00,12.7,81,9.5,10.4,0.0,0.0,0.0,0.0,1,1019.6,976.7,24,1,0,76,0.08,0.29,15.3,26.6,15,19,33.1,12.7,14.6,14.5,12.9,0.266,0.308,0.365,0.404,1,3600.0,160.0,87.0,73.0,379.2,160.0,306.1,224.5,122.0,102.4,379.2,224.5,429.4,11.670433471294727,78.39827523062219,109.19774251908207,480.1630666503907,2.1075521671058253,139.23443179786764
40.808434,-8.4375,361.0,2019-05-24 08:00:00,14.5,67,8.5,11.7,0.0,0.0,0.0,0.0,1,1019.4,976.8,23,0,0,77,0.18,0.55,16.8,23.9,15,18,36.7,13.8,14.6,14.5,12.9,0.266,0.308,0.365,0.404,1,3600.0,355.0,259.0,96.0,628.3,355.0,550.1,431.0,314.5,116.6,628.3,431.0,667.8,16.44325304827321,81.82947186613217,110.55303588708207,485.1770666503907,3.2560314618233734,140.86302290956525
40.808434,-8.4375,361.0,2019-05-24 09:00:00,16.2,56,7.5,13.1,0.0,0.0,0.0,0.0,1,1019.1,976.7,20,0,0,68,0.3,0.8,16.9,23.1,12,15,37.8,15.1,14.6,14.5,12.9,0.265,0.307,0.364,0.404,1,3600.0,551.0,437.0,114.0,749.9,551.0,777.5,624.9,495.6,129.3,749.9,624.9,881.8,21.761380583974084,84.7015127353159,112.55701667908207,490.4970666503907,4.74036789571054,143.04865855147392
40.808434,-8.4375,361.0,2019-05-24 10:00:00,17.6,50,7.1,15.2,0.0,0.0,0.0,0.0,0,1018.9,976.7,15,0,0,49,0.41,1.0,17.8,24.1,7,9,39.2,16.5,14.6,14.5,12.9,0.263,0.307,0.364,0.404,1,3600.0,726.0,602.0,124.0,825.5,726.0,973.0,788.4,653.7,134.7,825.5,788.4,1056.6,26.887105012581564,86.48646515701635,115.01855377908207,496.0690666503907,6.359365463062894,145.62537413143573
40.808434,-8.4375,361.0,2019-05-24 11:00:00,18.7,48,7.4,17.1,0.0,0.0,0.0,0.0,1,1018.6,976.6,23,0,0,76,0.48,1.13,17.3,23.3,5,8,39.6,17.8,14.8,14.5,12.9,0.261,0.306,0.364,0.404,1,3600.0,848.0,698.0,150.0,829.1,848.0,1123.2,891.2,733.6,157.6,829.1,891.2,1180.5,28.817371441799374,87.31843620885175,117.72914051508207,501.8390666503907,6.979507891124509,148.4147399228789
40.808434,-8.4375,361.0,2019-05-24 12:00:00,19.9,47,8.1,18.7,0.0,0.0,0.0,0.0,1,1018.5,976.7,27,0,0,91,0.54,1.24,17.9,23.6,9,12,39.2,18.9,14.9,14.5,12.9,0.258,0.306,0.364,0.404,1,3600.0,929.0,752.0,177.0,823.8,929.0,1217.9,949.6,768.7,180.9,823.8,949.6,1244.9,58.607421875,93.89111328125,103.54676055908203,397.9904479980469,22.93359375,125.38660430908203
40.808434,-8.4375,361.0,2019-05-24 13:00:00,20.7,45,8.5,19.6,0.0,0.0,0.0,0.0,1,1017.9,976.2,28,0,0,94,0.57,1.33,18.5,25.2,7,10,41.4,19.9,15.2,14.5,12.9,0.255,0.305,0.364,0.404,1,3600.0,942.0,742.0,200.0,791.6,942.0,1250.6,938.2,739.0,199.2,791.6,938.2,1245.6,39.49851909204481,90.69996089755456,106.70331989908203,404.12044799804687,12.036821558175452,128.5507808538834
40.808434,-8.4375,361.0,2019-05-24 14:00:00,21.3,44,8.7,20.1,0.0,0.0,0.0,0.0,1,1017.4,975.8,29,0,0,96,0.57,1.41,18.7,25.2,360,3,40.7,20.7,15.5,14.5,12.9,0.252,0.304,0.363,0.404,1,3600.0,929.0,763.0,166.0,834.9,929.0,1219.2,901.0,740.0,161.0,834.9,901.0,1182.4,38.637531934014895,90.3003576310604,110.00572860308203,410.35844799804687,11.48381368711934,131.7291321422312
40.808434,-8.4375,361.0,2019-05-24 15:00:00,21.4,46,9.3,20.0,0.0,0.0,0.0,0.0,1,1017.0,975.5,26,0,0,85,0.52,1.38,18.5,25.2,353,358,41.0,21.1,15.8,14.5,12.9,0.25,0.303,0.363,0.404,1,3600.0,831.0,651.0,180.0,771.5,831.0,1125.8,782.3,612.8,169.4,771.5,782.3,1059.8,37.44238184778514,89.95023541496786,113.20441050308203,416.6144479980469,10.812812202492985,134.8224006361589
40.808434,-8.4375,361.0,2019-05-24 16:00:00,21.3,47,9.5,19.4,0.0,0.0,0.0,0.0,1,1016.5,975.0,25,0,0,84,0.45,1.34,17.8,24.8,346,351,40.0,21.2,16.1,14.5,12.9,0.248,0.303,0.363,0.404,1,3600.0,702.0,544.0,158.0,743.0,702.0,976.8,636.8,493.5,143.3,743.0,636.8,886.1,36.09811894923817,89.72967524675364,116.32990445508203,422.8524479980469,10.113237777675542,137.85051349412953
40.808434,-8.4375,361.0,2019-05-24 17:00:00,20.4,52,10.3,17.8,0.0,0.0,0.0,0.0,1,1016.4,974.7,25,0,0,82,0.35,1.14,18.6,27.0,338,344,38.9,20.9,16.4,14.5,12.9,0.246,0.302,0.363,0.404,1,3600.0,534.0,403.0,131.0,687.3,534.0,782.3,459.4,346.7,112.7,687.3,459.4,673.1,34.35660932040618,88.86085590218931,119.04680957508202,428.9284479980469,9.294985391130524,140.56260824009212
40.808434,-8.4375,361.0,2019-05-24 18:00:00,19.6,56,10.5,17.4,0.0,0.0,0.0,0.0,0,1016.3,974.5,11,0,0,37,0.24,1.01,16.6,27.2,342,349,39.2,20.2,16.6,14.5,12.9,0.245,0.302,0.362,0.404,1,3600.0,343.0,231.0,112.0,554.6,343.0,555.6,268.7,181.0,87.7,554.6,268.7,435.3,29.865887002511922,88.04767248714285,121.44463630308202,434.86044799804694,7.4784101041077164,143.0290279878434
40.808434,-8.4375,361.0,2019-05-24 19:00:00,18.3,58,9.8,16.0,0.0,0.0,0.0,0.0,0,1016.3,974.4,0,0,0,0,0.14,0.89,15.6,29.2,352,357,35.6,19.3,16.7,14.5,12.9,0.245,0.302,0.362,0.403,1,3600.0,169.0,104.0,65.0,444.4,169.0,312.2,102.3,63.0,39.3,444.4,102.3,189.0,27.376419305804724,87.4577488333621,123.58972767108202,440.5584479980469,6.53522189320992,145.28650646304828
40.808434,-8.4375,361.0,2019-05-24 20:00:00,16.7,58,8.5,14.0,0.0,0.0,0.0,0.0,0,1016.9,974.7,0,0,0,0,0.09,0.79,16.2,32.2,4,5,34.6,18.1,16.8,14.5,12.9,0.245,0.302,0.362,0.403,0,592.04,29.0,12.0,17.0,112.0,29.0,83.9,0.0,0.0,0.0,0.0,0.0,0.0,27.200159543449942,87.13582438285943,125.55790428708201,445.96844799804694,6.433445572251669,147.38143146431435
40.808434,-8.4375,361.0,2019-05-24 21:00:00,15.6,62,8.3,12.7,0.0,0.0,0.0,0.0,0,1017.5,975.1,0,0,0,0,0.07,0.68,17.3,33.9,17,15,36.4,17.1,16.8,14.6,12.9,0.245,0.301,0.362,0.403,0,0.0,0.0,0.0,0.0,0.0,0.0,0.0,0.0,0.0,0.0,0.0,0.0,0.0,26.390505857823076,86.39821536977493,127.22859032308202,451.18044799804693,6.124263773573285,149.24383184155232
40.808434,-8.4375,361.0,2019-05-24 22:00:00,14.8,64,8.0,11.8,0.0,0.0,0.0,0.0,0,1018.0,975.5,0,0,0,0,0.06,0.61,17.2,33.7,33,30,36.4,16.3,16.7,14.6,12.9,0.245,0.301,0.362,0.403,0,0.0,0.0,0.0,0.0,0.0,0.0,0.0,0.0,0.0,0.0,0.0,0.0,0.0,25.064002895273727,85.87123356021317,128.735524907082,456.2484479980469,5.657999934838364,150.97376975690182
40.808434,-8.4375,361.0,2019-05-24 23:00:00,14.0,67,7.9,11.4,0.0,0.0,0.0,0.0,0,1018.1,975.5,0,0,0,0,0.04,0.53,14.3,28.8,43,42,35.6,15.6,16.7,14.6,12.9,0.246,0.301,0.362,0.403,0,0.0,0.0,0.0,0.0,0.0,0.0,0.0,0.0,0.0,0.0,0.0,0.0,0.0,21.356484321555723,85.26207185614184,130.047379385082,461.1724479980469,4.491168812814178,152.54982240467194
40.808434,-8.4375,361.0,2019-05-25 00:00:00,13.0,75,8.7,11.7,0.0,0.0,0.0,0.0,0,1018.2,975.4,0,0,0,0,0.01,0.38,6.9,17.1,62,65,30.2,15.3,16.5,14.6,12.9,0.247,0.301,0.362,0.403,0,0.0,0.0,0.0,0.0,0.0,0.0,0.0,0.0,0.0,0.0,0.0,0.0,0.0,14.180524834506944,83.92956396981704,130.975392035082,465.9164479980469,2.581063521046893,153.83679428166653
40.808434,-8.4375,361.0,2019-05-25 01:00:00,12.6,75,8.3,11.3,0.0,0.0,0.0,0.0,0,1018.6,975.8,9,0,0,31,0.0,0.37,6.2,14.6,69,74,15.8,14.6,16.3,14.6,12.9,0.247,0.301,0.362,0.403,0,0.0,0.0,0.0,0.0,0.0,0.0,0.0,0.0,0.0,0.0,0.0,0.0,0.0,13.237441966912396,83.50380415641493,131.877078085082,470.58844799804695,2.3555208074248326,155.0950688494048
40.808434,-8.4375,361.0,2019-05-25 02:00:00,12.7,70,7.5,11.0,0.0,0.0,0.0,0.0,0,1018.6,975.8,19,0,0,64,0.01,0.44,7.2,17.8,72,82,16.6,14.0,16.2,14.6,12.9,0.248,0.301,0.362,0.403,0,0.0,0.0,0.0,0.0,0.0,0.0,0.0,0.0,0.0,0.0,0.0,0.0,0.0,13.873318953936897,83.55101691174899,132.96699932508199,475.27844799804694,2.4926182650989146,156.4854927472132
40.808434,-8.4375,361.0,2019-05-25 03:00:00,12.7,66,6.6,10.6,0.0,0.0,0.0,0.0,0,1018.9,976.1,18,0,0,61,0.02,0.5,8.5,19.7,62,72,18.7,13.6,16.0,14.6,12.9,0.248,0.301,0.362,0.403,0,0.0,0.0,0.0,0.0,0.0,0.0,0.0,0.0,0.0,0.0,0.0,0.0,0.0,14.704991659270982,83.59824525439052,134.202243397082,479.96844799804694,2.677909539336759,157.97643583743874
40.808434,-8.4375,361.0,2019-05-25 04:00:00,12.5,66,6.2,10.2,0.0,0.0,0.0,0.0,1,1019.1,976.2,22,0,0,73,0.03,0.5,9.2,20.9,64,71,20.5,13.3,15.8,14.6,12.9,0.248,0.301,0.362,0.403,0,0.0,0.0,0.0,0.0,0.0,0.0,0.0,0.0,0.0,0.0,0.0,0.0,0.0,15.219804470898776,83.6454891894857,135.419585381082,484.62244799804694,2.791332605266392,159.45007336588435
40.808434,-8.4375,361.0,2019-05-25 05:00:00,12.1,67,6.1,9.7,0.0,0.0,0.0,0.0,1,1019.6,976.6,26,0,0,88,0.02,0.47,9.7,21.9,68,76,21.2,13.0,15.6,14.6,12.9,0.249,0.301,0.362,0.403,0,0.0,0.0,0.0,0.0,0.0,0.0,0.0,0.0,0.0,0.0,0.0,0.0,0.0,15.626340901345182,83.69274872218237,136.56637207708198,489.20444799804693,2.8804239698194185,160.8650074600557
40.808434,-8.4375,361.0,2019-05-25 06:00:00,12.7,68,7.0,10.5,0.0,0.0,0.0,0.0,1,1020.1,977.2,29,0,0,95,0.04,0.47,10.4,22.4,70,79,22.7,13.0,15.4,14.6,12.9,0.249,0.301,0.361,0.403,1,274.73,27.0,9.0,18.0,85.2,27.0,81.8,61.0,20.3,40.7,146.7,35.5,185.0,16.163747276593437,83.74002385763008,137.728954733082,493.8944479980469,3.0025065952027212,162.3054160800253
40.808434,-8.4375,361.0,2019-05-25 07:00:00,15.1,65,8.5,13.1,0.0,0.0,0.0,0.0,1,1020.7,978.1,22,0,0,73,0.1,0.6,11.0,20.8,71,80,23.4,13.6,15.3,14.6,12.9,0.249,0.301,0.361,0.403,1,3600.0,160.0,90.0,70.0,389.5,160.0,308.2,223.9,126.0,98.0,389.5,223.9,431.3,16.932037319598763,83.95069746181007,139.221672953082,499.01644799804694,3.1823255999918048,164.0333219678853
40.808434,-8.4375,361.0,2019-05-25 08:00:00,16.9,57,8.4,15.2,0.0,0.0,0.0,0.0,0,1020.9,978.6,19,0,0,64,0.2,0.83,8.8,12.8,71,74,23.0,14.9,15.2,14.6,12.9,0.249,0.301,0.361,0.403,1,3600.0,347.0,249.0,98.0,601.9,347.0,551.8,421.0,302.1,118.9,601.9,421.0,669.4,17.664653733459048,85.15458143187993,141.259351793082,504.46244799804697,3.353873611350609,166.1826929528937
40.808434,-8.4375,361.0,2019-05-25 09:00:00,18.5,53,8.7,17.6,0.0,0.0,0.0,0.0,0,1021.0,978.9,17,0,0,58,0.31,1.01,4.1,6.0,52,57,20.9,16.5,15.2,14.6,12.9,0.248,0.3,0.361,0.403,1,3600.0,538.0,428.0,110.0,732.9,538.0,778.9,609.9,485.2,124.7,732.9,609.9,883.0,16.48561411645793,86.1548717471085,143.684558185082,510.19644799804695,3.0428464772342836,168.63742780693445
40.808434,-8.4375,361.0,2019-05-25 10:00:00,19.9,51,9.4,20.3,0.0,0.0,0.0,0.0,0,1020.8,978.9,3,0,0,10,0.43,1.15,3.4,4.4,32,35,15.5,18.3,15.4,14.6,12.9,0.246,0.3,0.361,0.403,1,3600.0,706.0,581.0,125.0,795.5,706.0,974.1,766.5,630.8,135.7,795.5,766.5,1057.6,17.411861602967043,86.88611707581846,146.39356532508202,516.182447998047,3.2575745190506766,171.31868145229362
40.808434,-8.4375,361.0,2019-05-25 11:00:00,21.3,48,9.7,22.2,0.0,0.0,0.0,0.0,0,1020.5,978.8,0,0,0,0,0.52,1.32,5.5,6.9,23,28,18.0,20.0,15.6,14.6,12.9,0.244,0.299,0.361,0.403,1,3600.0,837.0,708.0,129.0,840.0,837.0,1124.2,879.6,744.0,135.6,840.0,879.6,1181.4,20.538955221070704,87.68995272514019,149.46008769308202,522.4204479980469,4.061142429483335,174.27421480440051
40.808434,-8.4375,361.0,2019-05-25 12:00:00,22.2,45,9.7,24.0,0.0,0.0,0.0,0.0,0,1020.2,978.6,0,0,0,0,0.59,1.48,3.7,4.9,11,17,22.3,21.4,15.8,14.6,12.9,0.241,0.298,0.36,0.403,1,3600.0,919.0,785.0,134.0,859.0,919.0,1218.8,939.4,802.4,137.0,859.0,939.4,1245.8,50.0029296875,94.3349609375,109.59886169433594,405.3940734863281,17.34375,130.6912841796875
40.808434,-8.4375,361.0,2019-05-25 13:00:00,23.1,44,10.2,24.5,0.0,0.0,0.0,0.0,0,1020.0,978.6,0,0,0,0,0.62,1.58,7.3,9.4,351,2,20.5,22.6,16.2,14.6,12.9,0.238,0.298,0.36,0.403,1,3600.0,948.0,812.0,136.0,865.2,948.0,1251.6,944.2,808.8,135.5,865.2,944.2,1246.6,29.571146854227283,91.43537964422003,113.16664252633593,411.95607348632814,7.601459234210249,134.18195033384538
40.808434,-8.4375,361.0,2019-05-25 14:00:00,23.4,41,9.4,23.6,0.0,0.0,0.0,0.0,0,1019.6,978.2,0,0,0,0,0.61,1.69,11.9,15.2,346,355,27.4,23.2,16.6,14.6,12.9,0.235,0.297,0.359,0.403,1,3600.0,919.0,785.0,134.0,857.9,919.0,1220.4,891.4,761.4,130.0,857.9,891.4,1183.7,33.98211306897303,91.1724565048809,116.97215255633593,418.5720734863281,9.23268119331834,137.72463400037947
40.808434,-8.4375,361.0,2019-05-25 15:00:00,23.1,45,10.4,22.3,0.0,0.0,0.0,0.0,0,1019.4,978.0,0,0,0,0,0.55,1.56,16.4,21.5,341,346,35.3,23.4,16.9,14.6,12.9,0.233,0.296,0.359,0.403,1,3600.0,839.0,710.0,129.0,840.0,839.0,1127.2,790.0,668.5,121.5,840.0,790.0,1061.4,37.26203431406271,90.48412687531966,120.47622301633592,425.13407348632813,10.499422866324766,141.03486309351499
40.808434,-8.4375,361.0,2019-05-25 16:00:00,22.1,59,13.7,21.3,0.0,0.0,0.0,0.0,0,1019.5,978.0,0,0,0,0,0.44,1.09,19.4,26.9,338,342,41.8,23.2,17.3,14.6,12.9,0.231,0.295,0.359,0.403,1,3600.0,710.0,590.0,120.0,804.1,710.0,978.5,644.3,535.4,108.9,804.1,644.3,888.0,33.20627535364645,88.15253276071715,122.98040920833593,431.51607348632814,8.742044051192796,143.62756758225493
40.808434,-8.4375,361.0,2019-05-25 17:00:00,21.0,68,14.9,20.1,0.0,0.0,0.0,0.0,0,1019.6,977.9,0,0,0,0,0.32,0.79,17.6,24.5,332,336,42.1,22.7,17.6,14.7,12.9,0.229,0.295,0.359,0.403,1,3600.0,541.0,434.0,107.0,737.9,541.0,784.4,465.8,373.7,92.1,737.9,465.8,675.3,26.27161762437727,86.3173469078324,124.84222636033593,437.70007348632817,6.146958891781818,145.75364276208194
40.808434,-8.4375,361.0,2019-05-25 18:00:00,19.6,72,14.4,19.0,0.0,0.0,0.0,0.0,0,1019.7,977.8,0,0,0,0,0.21,0.65,14.2,21.1,351,352,37.4,21.9,17.8,14.7,12.9,0.229,0.295,0.359,0.403,1,3600.0,354.0,265.0,89.0,633.2,354.0,558.1,277.8,208.0,69.8,633.2,277.8,438.0,21.02283697468334,85.23907575927362,126.36811609633592,443.6320734863282,4.4544047446491515,147.61575908021453
40.808434,-8.4375,361.0,2019-05-25 19:00:00,19.1,75,14.6,19.1,0.0,0.0,0.0,0.0,0,1019.5,977.5,0,0,0,0,0.1,0.54,10.5,21.0,4,6,30.6,20.9,17.9,14.7,12.9,0.229,0.294,0.359,0.403,1,3600.0,169.0,107.0,62.0,452.8,169.0,315.1,103.0,65.2,37.8,452.8,103.0,192.1,17.09424497226315,84.50036459838525,127.69760939633592,449.47407348632817,3.3409993150445225,149.33111343557164
40.808434,-8.4375,361.0,2019-05-25 20:00:00,17.5,81,14.3,17.4,0.0,0.0,0.0,0.0,0,1019.5,977.3,0,0,0,0,0.03,0.38,10.6,23.8,18,10,23.4,19.7,18.0,14.7,12.9,0.229,0.294,0.358,0.403,0,598.86,29.0,12.0,17.0,110.8,29.0,85.4,0.0,0.0,0.0,0.0,0.0,0.0,14.873202839134272,83.03951867513665,128.62799144033593,455.02807348632814,2.76862688276877,150.73266533236796
40.808434,-8.4375,361.0,2019-05-25 21:00:00,17.1,81,13.8,16.8,0.0,0.0,0.0,0.0,0,1019.8,977.5,0,0,0,0,0.01,0.37,10.6,24.7,24,16,24.1,18.6,18.0,14.7,12.9,0.23,0.294,0.358,0.403,0,0.0,0.0,0.0,0.0,0.0,0.0,0.0,0.0,0.0,0.0,0.0,0.0,0.0,14.424252918712986,82.69669477843031,129.53836526833592,460.51007348632817,2.650589258764542,152.1087953016264
40.808434,-8.4375,361.0,2019-05-25 22:00:00,17.1,78,13.2,16.5,0.0,0.0,0.0,0.0,0,1019.7,977.4,0,0,0,0,0.02,0.43,11.3,25.7,27,20,24.8,17.9,17.9,14.7,12.9,0.23,0.294,0.358,0.403,0,0.0,0.0,0.0,0.0,0.0,0.0,0.0,0.0,0.0,0.0,0.0,0.0,0.0,14.932993104456957,82.74364106632446,130.59248233233592,465.9920734863282,2.7620620382254764,153.5826209211936
40.808434,-8.4375,361.0,2019-05-25 23:00:00,16.9,74,12.2,15.9,0.0,0.0,0.0,0.0,0,1019.5,977.2,0,0,0,0,0.03,0.51,11.8,26.7,31,27,25.2,17.3,17.9,14.7,12.9,0.231,0.294,0.358,0.403,0,0.0,0.0,0.0,0.0,0.0,0.0,0.0,0.0,0.0,0.0,0.0,0.0,0.0,15.340072160306207,82.79060285355177,131.82456721233592,471.4380734863282,2.84940779362799,155.1739312269479
40.808434,-8.4375,361.0,2019-05-26 00:00:00,15.9,79,12.2,15.4,0.0,0.0,0.0,0.0,0,1019.5,977.1,0,0,0,0,0.01,0.39,8.4,20.9,50,42,26.6,16.8,17.7,14.8,12.9,0.23,0.293,0.357,0.403,0,0.0,0.0,0.0,0.0,0.0,0.0,0.0,0.0,0.0,0.0,0.0,0.0,0.0,13.536994350254439,82.83758014522935,132.76442683233591,476.70407348632824,2.415097959027707,156.53761575787598
40.808434,-8.4375,361.0,2019-05-26 01:00:00,15.0,82,12.0,14.7,0.0,0.0,0.0,0.0,0,1019.5,977.0,0,0,0,0,0.0,0.3,6.6,14.3,77,72,18.4,16.2,17.5,14.8,12.9,0.23,0.293,0.357,0.403,0,0.0,0.0,0.0,0.0,0.0,0.0,0.0,0.0,0.0,0.0,0.0,0.0,0.0,11.894329784901538,82.2338509330535,133.52737170033592,481.8080734863282,2.0454517770805287,157.7549662761835
40.808434,-8.4375,361.0,2019-05-26 02:00:00,14.2,87,12.1,14.1,0.0,0.0,0.0,0.0,0,1019.4,976.8,0,0,0,0,0.0,0.21,5.4,7.6,82,90,14.8,15.7,17.4,14.8,12.9,0.231,0.293,0.357,0.403,0,0.0,0.0,0.0,0.0,0.0,0.0,0.0,0.0,0.0,0.0,0.0,0.0,0.0,9.940589055926063,80.86774893704677,134.05100777433591,486.7680734863282,1.6396213271137487,158.78355198673884
40.808434,-8.4375,361.0,2019-05-26 03:00:00,13.6,90,12.0,13.3,0.0,0.0,0.0,0.0,0,1019.4,976.7,0,0,0,0,0.0,0.15,6.2,7.8,83,103,15.1,15.3,17.2,14.8,12.9,0.231,0.293,0.357,0.403,0,0.0,0.0,0.0,0.0,0.0,0.0,0.0,0.0,0.0,0.0,0.0,0.0,0.0,9.181522155386274,79.58304444591333,134.43800879433593,491.6200734863282,1.4894727747724201,159.69848592679057
40.808434,-8.4375,361.0,2019-05-26 04:00:00,13.3,91,11.8,13.2,0.0,0.0,0.0,0.0,0,1019.6,976.8,0,0,0,0,0.0,0.14,5.0,6.2,90,111,15.1,14.9,17.0,14.8,12.9,0.232,0.293,0.357,0.403,0,0.0,0.0,0.0,0.0,0.0,0.0,0.0,0.0,0.0,0.0,0.0,0.0,0.0,8.24301860846431,78.89884660692323,134.77920153033594,496.4180734863282,1.312398007704024,160.57008652309833
40.808434,-8.4375,361.0,2019-05-26 05:00:00,12.9,89,11.2,12.5,0.0,0.0,0.0,0.0,0,1019.8,976.9,0,0,0,0,0.0,0.16,5.8,6.8,90,93,14.4,14.6,16.9,14.8,12.9,0.232,0.293,0.357,0.403,0,0.0,0.0,0.0,0.0,0.0,0.0,0.0,0.0,0.0,0.0,0.0,0.0,0.0,8.585136048300305,78.94453903393182,135.18463117033593,501.1440734863282,1.3722270749541219,161.47424730946483
40.808434,-8.4375,361.0,2019-05-26 06:00:00,13.8,83,11.0,13.0,0.0,0.0,0.0,0.0,0,1020.0,977.3,0,0,0,0,0.02,0.27,7.2,8.6,93,105,16.2,14.5,16.7,14.8,12.9,0.233,0.293,0.357,0.403,1,589.82,29.0,12.0,17.0,112.8,29.0,82.9,65.5,27.1,38.4,193.0,38.3,187.2,9.501441982335983,79.41659812083995,135.85148394833593,506.03207348632816,1.540798763206745,162.58341278558794
40.808434,-8.4375,361.0,2019-05-26 07:00:00,17.5,69,11.8,17.1,0.0,0.0,0.0,0.0,0,1020.4,978.2,0,0,0,0,0.1,0.62,7.2,10.4,117,110,16.2,15.3,16.5,14.8,12.9,0.233,0.293,0.357,0.403,1,3600.0,169.0,109.0,60.0,468.6,169.0,310.2,236.0,152.2,83.8,468.6,236.0,433.1,12.087787666244273,82.03015165152823,137.3694757043359,511.58607348632813,2.056437853837821,164.38715381835456
40.808434,-8.4375,361.0,2019-05-26 08:00:00,19.4,57,10.5,19.2,0.0,0.0,0.0,0.0,0,1020.4,978.4,0,0,0,0,0.2,0.98,2.6,3.3,164,139,14.8,16.7,16.5,14.8,12.9,0.233,0.293,0.357,0.403,1,3600.0,357.0,270.0,87.0,650.6,357.0,553.4,432.8,327.3,105.5,650.6,432.8,670.8,13.153334813884173,84.60579779432607,139.6901654943359,517.4820734863281,2.2761919237443844,166.8086581721833
40.808434,-8.4375,361.0,2019-05-26 09:00:00,20.4,59,12.1,20.7,0.0,0.0,0.0,0.0,0,1020.6,978.8,0,0,0,0,0.33,0.99,2.6,3.2,254,270,13.0,18.4,16.5,14.8,12.9,0.232,0.292,0.356,0.402,1,3600.0,547.0,442.0,105.0,755.4,547.0,780.2,619.9,500.9,119.0,755.4,619.9,884.2,14.463793274112954,85.45822719634498,142.0108552843359,523.5580734863281,2.5593346729757256,169.25149391756443
40.808434,-8.4375,361.0,2019-05-26 10:00:00,21.8,59,13.5,23.6,0.0,0.0,0.0,0.0,0,1020.2,978.6,0,0,0,0,0.45,1.06,2.9,3.9,277,292,14.8,20.1,16.6,14.8,12.9,0.23,0.292,0.356,0.402,1,3600.0,715.0,597.0,118.0,816.2,715.0,975.2,776.2,648.1,128.1,816.2,776.2,1058.6,15.442349471756401,85.92828041558488,144.4826597583359,529.8860734863281,2.774551555816003,171.83250923333915
40.808434,-8.4375,361.0,2019-05-26 11:00:00,23.3,53,13.1,25.1,0.0,0.0,0.0,0.0,0,1019.9,978.5,0,0,0,0,0.55,1.36,7.1,9.2,311,321,20.2,21.7,16.9,14.8,13.0,0.228,0.291,0.356,0.402,1,3600.0,844.0,718.0,126.0,850.8,844.0,1125.1,886.9,754.5,132.4,850.8,886.9,1182.3,20.449827962204505,87.07644059332553,147.5017942463359,536.484073486328,4.032968146034019,174.83206526752778
40.808434,-8.4375,361.0,2019-05-26 12:00:00,23.8,53,13.7,25.6,0.0,0.0,0.0,0.0,0,1020.0,978.7,0,0,0,0,0.6,1.38,10.4,13.0,316,326,29.2,22.7,17.1,14.9,13.0,0.225,0.29,0.356,0.402,1,3600.0,926.0,794.0,132.0,867.9,926.0,1219.7,946.5,811.6,134.9,867.9,946.5,1246.7,56.5556640625,95.197265625,116.40354919433594,413.4380798339844,20.69140625,136.54808044433594
40.808434,-8.4375,361.0,2019-05-26 13:00:00,24.3,49,13.1,25.5,0.0,0.0,0.0,0.0,0,1019.4,978.2,0,0,0,0,0.63,1.54,13.7,17.9,330,338,31.7,23.7,17.4,14.9,13.0,0.222,0.289,0.355,0.402,1,3600.0,952.0,819.0,133.0,871.7,952.0,1252.6,948.2,815.8,132.5,871.7,948.2,1247.6,34.76218613961217,90.72348918901314,119.81389695833593,420.2160798339844,9.482585887314341,139.90321242978254
40.808434,-8.4375,361.0,2019-05-26 14:00:00,24.3,55,14.8,25.8,0.0,0.0,0.0,0.0,0,1019.1,977.9,0,0,0,0,0.6,1.36,14.8,19.2,331,337,33.8,24.3,17.8,14.9,13.0,0.22,0.289,0.355,0.402,1,3600.0,925.0,794.0,131.0,866.6,925.0,1221.5,897.3,770.2,127.1,866.6,897.3,1184.9,31.066964909114763,89.09023376944182,122.82302733833593,426.9940798339844,7.93214158773623,142.89105043439514
40.808434,-8.4375,361.0,2019-05-26 15:00:00,23.5,64,16.2,24.6,0.0,0.0,0.0,0.0,0,1018.9,977.6,0,0,0,0,0.52,1.05,17.3,23.0,329,333,37.8,24.6,18.1,14.9,13.0,0.218,0.288,0.355,0.402,1,3600.0,842.0,715.0,127.0,844.6,842.0,1128.6,793.0,673.4,119.6,844.6,793.0,1062.9,28.80491455534954,87.37672887579129,125.15451103433594,433.62807983398443,7.037822378003513,145.39709722383733
40.808434,-8.4375,361.0,2019-05-26 16:00:00,22.7,67,16.4,23.2,0.0,0.0,0.0,0.0,0,1018.5,977.1,0,0,0,0,0.43,0.9,17.4,23.8,330,335,38.5,24.5,18.4,14.9,13.0,0.216,0.287,0.355,0.402,1,3600.0,710.0,592.0,118.0,805.2,710.0,980.2,644.5,537.4,107.1,805.2,644.5,889.8,26.862347894069394,86.57562081133716,127.22220219833594,440.11807983398444,6.311609448364691,147.70441077665419
40.808434,-8.4375,361.0,2019-05-26 17:00:00,21.3,72,16.1,21.0,0.0,0.0,0.0,0.0,0,1018.4,976.8,0,0,0,0,0.32,0.7,16.3,22.7,338,342,38.5,24.0,18.7,14.9,13.0,0.215,0.287,0.354,0.402,1,3600.0,543.0,438.0,105.0,742.5,543.0,786.5,467.8,377.4,90.5,742.5,467.8,677.6,23.291903128665147,85.47179683012364,128.87340655033594,446.35607983398444,5.113970613039999,149.6954192766261
40.808434,-8.4375,361.0,2019-05-26 18:00:00,19.8,76,15.5,19.3,0.0,0.0,0.0,0.0,0,1018.3,976.5,0,0,0,0,0.2,0.56,16.5,23.5,344,349,36.0,23.1,18.9,14.9,13.0,0.214,0.287,0.354,0.402,1,3600.0,356.0,268.0,88.0,637.3,356.0,560.6,279.8,210.7,69.2,637.3,279.8,440.6,21.228494787811783,84.41264850782396,130.19394880633595,452.32407983398446,4.467082276401706,151.42499441212132
40.808434,-8.4375,361.0,2019-05-26 19:00:00,18.1,81,14.8,17.4,0.0,0.0,0.0,0.0,0,1018.2,976.1,0,0,0,0,0.1,0.39,15.6,27.0,353,360,36.0,21.8,19.0,15.0,13.0,0.214,0.287,0.354,0.402,1,3600.0,171.0,109.0,62.0,457.0,171.0,317.9,104.9,66.9,38.0,457.0,104.9,195.1,18.062967686626454,83.04410975090846,131.15434317433596,457.98607983398443,3.5640227693277216,152.86679825742377
40.808434,-8.4375,361.0,2019-05-26 20:00:00,16.8,85,14.3,16.0,0.0,0.0,0.0,0.0,0,1018.4,976.2,6,0,0,20,0.03,0.28,15.1,27.9,1,7,33.1,20.4,19.1,15.0,13.0,0.215,0.287,0.354,0.402,0,716.33,31.0,13.0,18.0,118.8,31.0,86.9,0.0,0.0,0.0,0.0,0.0,0.0,15.703878286706551,81.71067311260705,131.86121238433597,463.41407983398443,2.9466174835071257,154.1013151879137
40.808434,-8.4375,361.0,2019-05-26 21:00:00,16.2,88,14.2,15.5,0.0,0.0,0.0,0.0,0,1018.4,976.1,0,0,0,0,0.01,0.22,14.6,28.3,9,12,32.4,19.3,19.0,15.0,13.0,0.215,0.286,0.354,0.402,0,0.0,0.0,0.0,0.0,0.0,0.0,0.0,0.0,0.0,0.0,0.0,0.0,0.0,13.9487126370847,80.55512149215244,132.40775260033598,468.7340798339844,2.5180048501726344,155.20789612943145
40.808434,-8.4375,361.0,2019-05-26 22:00:00,15.9,89,14.1,15.2,0.0,0.0,0.0,0.0,0,1018.4,976.0,1,0,0,3,0.0,0.19,13.8,27.3,7,12,31.3,18.4,18.9,15.0,13.0,0.216,0.286,0.354,0.402,0,0.0,0.0,0.0,0.0,0.0,0.0,0.0,0.0,0.0,0.0,0.0,0.0,0.0,12.917243128249735,79.98873130844795,132.90006002033599,474.00007983398444,2.27678950376563,156.2657267547808
40.808434,-8.4375,361.0,2019-05-26 23:00:00,15.3,92,13.9,14.5,0.0,0.0,0.0,0.0,0,1018.0,975.6,1,1,0,1,0.0,0.15,14.1,27.7,13,16,29.5,17.7,18.8,15.0,13.0,0.216,0.286,0.354,0.402,0,0.0,0.0,0.0,0.0,0.0,0.0,0.0,0.0,0.0,0.0,0.0,0.0,0.0,11.894523465112716,78.75336311143721,133.24546501233598,479.15807983398446,2.0481990165582196,157.20266465510397
40.808434,-8.4375,361.0,2019-05-27 00:00:00,15.2,92,13.8,14.9,0.0,0.0,0.0,0.0,1,1017.8,975.4,22,0,0,72,0.0,0.14,10.5,23.7,41,33,29.5,17.5,18.6,15.1,13.0,0.215,0.285,0.353,0.402,0,0.0,0.0,0.0,0.0,0.0,0.0,0.0,0.0,0.0,0.0,0.0,0.0,0.0,10.079588826197483,78.49933136191116,133.58876387633597,484.29807983398445,1.669630081462655,158.1306479790979
40.808434,-8.4375,361.0,2019-05-27 01:00:00,13.6,95,12.8,13.4,0.0,0.0,0.0,0.0,0,1017.4,974.7,0,0,0,1,0.0,0.07,7.5,14.3,17,10,22.3,16.8,18.5,15.1,13.0,0.216,0.285,0.353,0.402,0,0.0,0.0,0.0,0.0,0.0,0.0,0.0,0.0,0.0,0.0,0.0,0.0,0.0,8.028311790095122,77.08335758446609,133.78226438633598,489.1500798339844,1.2784794132701207,158.910027123894
40.808434,-8.4375,361.0,2019-05-27 02:00:00,13.1,97,12.6,13.0,0.0,0.0,0.0,0.0,0,1017.3,974.6,0,0,0,0,0.0,0.05,5.9,13.6,43,22,15.1,16.1,18.3,15.1,13.0,0.216,0.285,0.353,0.402,0,0.0,0.0,0.0,0.0,0.0,0.0,0.0,0.0,0.0,0.0,0.0,0.0,0.0,6.891359222326791,75.7540980118731,133.89441570233598,493.9120798339844,1.0775542490262906,159.61435937448437
40.808434,-8.4375,361.0,2019-05-27 03:00:00,12.6,97,12.1,12.3,0.0,0.0,0.0,0.0,0,1016.8,974.0,2,0,4,0,0.0,0.05,6.3,11.3,66,37,13.7,15.6,18.1,15.1,13.0,0.217,0.285,0.353,0.402,0,0.0,0.0,0.0,0.0,0.0,0.0,0.0,0.0,0.0,0.0,0.0,0.0,0.0,6.871958225186067,75.33997099159006,134.00261802833597,498.58407983398445,1.0725924503827324,160.2982807361372
40.808434,-8.4375,361.0,2019-05-27 04:00:00,12.2,98,11.9,11.9,0.0,0.0,0.0,0.0,0,1017.0,974.2,2,0,3,0,0.0,0.03,6.5,10.8,19,2,13.3,15.1,17.8,15.1,13.0,0.217,0.285,0.353,0.402,0,0.0,0.0,0.0,0.0,0.0,0.0,0.0,0.0,0.0,0.0,0.0,0.0,0.0,6.714381506426447,74.67708093003054,134.07264678433597,503.18407983398447,1.0445158900015938,160.9398420307585
40.808434,-8.4375,361.0,2019-05-27 05:00:00,13.1,97,12.6,13.1,0.0,0.0,0.0,0.0,0,1016.9,974.2,1,1,0,0,0.0,0.05,6.1,16.9,45,29,15.1,14.8,17.6,15.1,13.0,0.218,0.285,0.353,0.402,0,0.0,0.0,0.0,0.0,0.0,0.0,0.0,0.0,0.0,0.0,0.0,0.0,0.0,6.613376863429516,74.72137953964275,134.18479810033597,507.94607983398447,1.0260662118565418,161.62672419641086
40.808434,-8.4375,361.0,2019-05-27 06:00:00,14.4,93,13.4,14.3,0.0,0.0,0.0,0.0,0,1017.1,974.6,5,1,7,0,0.01,0.11,8.1,18.3,21,20,18.0,14.9,17.4,15.1,13.0,0.218,0.285,0.353,0.402,1,488.18,28.0,11.0,17.0,102.6,28.0,83.9,63.1,24.8,38.3,174.7,37.1,189.2,7.408551866711968,75.11117309931647,134.47044171033596,512.9420798339845,1.1592062350659007,162.46395222216333
40.808434,-8.4375,361.0,2019-05-27 07:00:00,16.7,85,14.2,17.0,0.0,0.0,0.0,0.0,0,1017.4,975.2,4,1,6,0,0.08,0.28,7.6,13.1,5,16,20.2,15.8,17.2,15.1,13.0,0.219,0.285,0.353,0.402,1,3600.0,157.0,94.0,63.0,401.6,157.0,312.0,218.8,131.0,87.8,401.6,218.8,434.8,8.196193584060014,77.18931031634075,135.17336193033597,518.3520798339845,1.2951943244974369,163.65428247934668
40.808434,-8.4375,361.0,2019-05-27 08:00:00,18.2,79,14.5,18.6,0.0,0.0,0.0,0.0,0,1017.2,975.2,20,0,1,64,0.18,0.44,7.2,9.6,333,347,19.1,17.1,17.2,15.2,13.0,0.219,0.285,0.353,0.402,1,3600.0,334.0,239.0,95.0,574.1,334.0,554.9,404.6,289.5,115.1,574.1,404.6,672.1,9.698503126435151,79.60725091781876,136.24037902833598,524.0320798339844,1.5702522258817453,165.14365497667293
40.808434,-8.4375,361.0,2019-05-27 09:00:00,19.2,74,14.4,19.3,0.0,0.0,0.0,0.0,1,1017.0,975.2,23,0,2,72,0.3,0.58,9.5,12.4,335,343,24.1,18.6,17.2,15.2,13.0,0.218,0.285,0.352,0.402,1,3600.0,525.0,401.0,124.0,684.0,525.0,781.4,594.8,454.3,140.5,684.0,594.8,885.2,12.917746944986524,81.71853441070535,137.62989697633597,529.8920798339844,2.224226949279448,166.8919013797407
40.808434,-8.4375,361.0,2019-05-27 10:00:00,20.1,69,14.2,20.4,0.0,0.0,0.0,0.0,0,1016.9,975.2,0,0,0,0,0.39,0.74,12.9,16.6,337,342,30.2,20.0,17.3,15.2,13.0,0.217,0.284,0.352,0.402,1,3600.0,684.0,528.0,156.0,720.9,684.0,976.2,742.4,573.1,169.3,720.9,742.4,1059.5,17.353137879098664,83.40031993367876,139.36008112833596,535.9140798339845,3.2571987158369264,168.91060363577438
40.808434,-8.4375,361.0,2019-05-27 11:00:00,21.1,67,14.8,22.2,0.0,0.0,0.0,0.0,0,1016.7,975.1,0,0,0,0,0.48,0.83,14.2,18.7,339,344,33.8,21.3,17.4,15.2,13.0,0.215,0.284,0.352,0.402,1,3600.0,832.0,702.0,130.0,831.0,832.0,1125.9,874.2,737.6,136.6,831.0,874.2,1183.1,19.96456105850903,84.31576006747021,141.28876784433595,542.1160798339845,3.9265461154911745,171.09720127111734
40.808434,-8.4375,361.0,2019-05-27 12:00:00,21.4,68,15.3,22.9,0.0,0.0,0.0,0.0,0,1016.6,975.1,9,5,0,14,0.53,0.81,15.7,20.1,328,333,37.4,22.4,17.7,15.2,13.0,0.213,0.283,0.352,0.402,1,3600.0,922.0,789.0,133.0,861.6,922.0,1220.5,942.4,806.5,135.9,861.6,942.4,1247.6,60.7802734375,94.15809631347656,121.99729919433594,421.1383361816406,22.86328125,141.39964294433594
40.808434,-8.4375,361.0,2019-05-27 13:00:00,21.6,67,15.1,22.8,0.0,0.0,0.0,0.0,0,1016.3,974.8,16,0,0,55,0.54,0.86,17.5,22.8,323,329,39.6,23.3,17.9,15.2,13.0,0.211,0.282,0.352,0.402,1,3600.0,950.0,812.0,138.0,863.4,950.0,1253.5,946.3,808.9,137.5,863.4,946.3,1248.6,28.923848425883186,87.38497099535533,123.96942480033594,427.4303361816406,7.117478657463072,143.72553816902357
40.808434,-8.4375,361.0,2019-05-27 14:00:00,21.2,71,15.7,22.4,0.0,0.0,0.0,0.0,1,1015.9,974.4,30,0,0,99,0.51,0.74,18.3,23.8,324,328,42.1,23.8,18.2,15.2,13.0,0.209,0.282,0.351,0.401,1,3600.0,925.0,789.0,136.0,860.1,925.0,1222.5,897.4,765.5,131.9,860.1,897.4,1186.1,25.43436643146479,85.73345988520315,125.67196602233594,433.6503361816406,5.86629601982758,145.74882528224296
40.808434,-8.4375,361.0,2019-05-27 15:00:00,20.9,71,15.3,21.5,0.0,0.0,0.0,0.0,1,1015.6,974.0,27,0,0,91,0.46,0.73,18.2,24.0,326,330,41.8,24.0,18.5,15.2,13.0,0.207,0.281,0.351,0.401,1,3600.0,837.0,687.0,150.0,810.3,837.0,1129.9,788.4,647.1,141.3,810.3,788.4,1064.3,24.783313115896572,85.45961430507401,127.35160310233594,439.8163361816406,5.618271618848871,147.7490357364855
40.808434,-8.4375,361.0,2019-05-27 16:00:00,20.3,70,14.7,20.0,0.0,0.0,0.0,0.0,0,1015.3,973.7,0,0,0,0,0.39,0.72,18.6,25.1,328,333,40.7,23.9,18.7,15.2,13.0,0.206,0.28,0.351,0.401,1,3600.0,706.0,566.0,140.0,768.2,706.0,981.8,641.2,514.0,127.1,768.2,641.2,891.7,25.334184377319826,85.50070728284912,129.04177082233593,445.8743361816406,5.765504678202844,149.74106418431282
40.808434,-8.4375,361.0,2019-05-27 17:00:00,19.0,72,13.8,17.4,0.0,0.0,0.0,0.0,1,1015.3,973.5,24,0,0,79,0.3,0.62,19.1,27.0,338,341,42.1,23.3,18.9,15.3,13.0,0.205,0.28,0.351,0.401,1,3600.0,547.0,440.0,107.0,743.7,547.0,788.5,471.6,379.4,92.3,743.7,471.6,679.8,24.67981251373507,85.01079739703741,130.52343187033594,451.6983361816406,5.525240174371822,151.55962191819017
40.808434,-8.4375,361.0,2019-05-27 18:00:00,18.2,73,13.3,16.8,0.0,0.0,0.0,0.0,0,1015.0,973.1,16,0,0,54,0.2,0.56,16.5,23.6,344,348,41.4,22.3,19.1,15.3,13.0,0.204,0.28,0.351,0.401,1,3600.0,354.0,258.0,96.0,610.7,354.0,563.0,278.7,203.1,75.6,610.7,278.7,443.2,21.836121134164607,84.66705876037555,131.89531099633595,457.37833618164063,4.6240125981788065,153.28366050412419
40.808434,-8.4375,361.0,2019-05-27 19:00:00,16.7,79,13.0,15.5,0.0,0.0,0.0,0.0,0,1015.0,972.9,10,0,0,34,0.1,0.41,15.2,25.4,346,353,35.6,21.1,19.2,15.3,13.0,0.204,0.28,0.35,0.401,1,3600.0,172.0,107.0,65.0,444.6,172.0,320.7,106.2,66.1,40.1,444.6,106.2,198.1,18.401365354205293,83.35847711913692,132.87939930433595,462.78833618164066,3.637584231780687,154.70705539418296
40.808434,-8.4375,361.0,2019-05-27 20:00:00,15.5,82,12.4,14.1,0.0,0.0,0.0,0.0,1,1015.0,972.7,21,0,0,70,0.04,0.32,14.8,28.2,1,4,33.5,19.7,19.2,15.3,13.0,0.205,0.28,0.35,0.401,0,837.96,32.0,14.0,18.0,126.6,32.0,88.3,0.0,0.0,0.0,0.0,0.0,0.0,16.525760278290157,82.3533630720416,133.66603811233594,467.9823361816407,3.137888759165566,155.96470755982483
40.808434,-8.4375,361.0,2019-05-27 21:00:00,15.0,83,12.1,13.7,0.0,0.0,0.0,0.0,0,1015.4,973.0,19,0,0,63,0.02,0.3,13.8,28.3,9,7,31.7,18.6,19.1,15.3,13.0,0.205,0.28,0.35,0.401,0,0.0,0.0,0.0,0.0,0.0,0.0,0.0,0.0,0.0,0.0,0.0,0.0,0.0,15.247865449885557,81.87092423150176,134.38659715433593,473.08633618164066,2.81317904878659,157.1626983937292
40.808434,-8.4375,361.0,2019-05-27 22:00:00,14.9,82,11.8,13.3,0.0,0.0,0.0,0.0,1,1015.7,973.3,24,0,0,80,0.02,0.31,14.8,30.1,14,11,31.7,17.7,18.9,15.3,13.0,0.205,0.28,0.35,0.401,0,0.0,0.0,0.0,0.0,0.0,0.0,0.0,0.0,0.0,0.0,0.0,0.0,0.0,15.94574953834456,81.91759789096461,135.14480323433594,478.1723361816407,2.975236599613623,158.381829733844
40.808434,-8.4375,361.0,2019-05-27 23:00:00,14.5,81,11.4,12.9,0.0,0.0,0.0,0.0,0,1015.7,973.2,16,0,0,54,0.02,0.31,14.5,29.9,14,13,32.4,17.0,18.8,15.4,13.0,0.206,0.28,0.35,0.401,0,0.0,0.0,0.0,0.0,0.0,0.0,0.0,0.0,0.0,0.0,0.0,0.0,0.0,15.8657810510322,81.96428695975227,135.92512365833593,483.1863361816407,2.947163413395118,159.6044488463572
40.808434,-8.4375,361.0,2019-05-28 00:00:00,14.1,86,11.7,13.2,0.0,0.0,0.0,0.0,0,1015.6,973.1,8,0,0,26,0.0,0.23,9.7,23.2,27,19,31.3,16.7,18.6,15.4,13.0,0.206,0.279,0.35,0.401,0,0.0,0.0,0.0,0.0,0.0,0.0,0.0,0.0,0.0,0.0,0.0,0.0,0.0,12.05188285535526,80.99346606720549,136.48535370633593,488.1283361816407,2.0653360554103557,160.66325128775543
40.808434,-8.4375,361.0,2019-05-28 01:00:00,13.3,85,10.9,12.4,0.0,0.0,0.0,0.0,0,1015.7,973.1,8,0,0,26,0.0,0.22,8.4,20.0,43,39,22.0,16.0,18.4,15.4,13.0,0.207,0.279,0.35,0.401,0,0.0,0.0,0.0,0.0,0.0,0.0,0.0,0.0,0.0,0.0,0.0,0.0,0.0,11.369955075603812,80.91365717122788,137.05400826633593,492.9263361816407,1.9170486350741716,161.70573136274157
40.808434,-8.4375,361.0,2019-05-28 02:00:00,12.8,83,9.9,11.5,0.0,0.0,0.0,0.0,1,1015.4,972.7,22,0,0,74,0.0,0.26,8.5,18.8,28,29,18.7,15.4,18.2,15.4,13.0,0.207,0.279,0.35,0.401,0,0.0,0.0,0.0,0.0,0.0,0.0,0.0,0.0,0.0,0.0,0.0,0.0,0.0,11.486474002900902,80.96001478864018,137.67610582433593,497.6343361816407,1.9368178544306878,162.77109856266864
40.808434,-8.4375,361.0,2019-05-28 03:00:00,12.6,78,9.0,10.8,0.0,0.0,0.0,0.0,1,1015.3,972.6,23,0,0,77,0.01,0.32,10.9,22.1,34,28,22.0,14.9,17.9,15.4,13.0,0.208,0.279,0.35,0.401,0,0.0,0.0,0.0,0.0,0.0,0.0,0.0,0.0,0.0,0.0,0.0,0.0,0.0,12.786510435326466,81.05259168300732,138.46958954833593,502.30633618164075,2.208830505382039,163.9499499859888
40.808434,-8.4375,361.0,2019-05-28 04:00:00,12.4,77,8.4,10.4,0.0,0.0,0.0,0.0,1,1015.3,972.6,21,0,0,71,0.01,0.33,10.5,21.1,52,46,23.0,14.6,17.7,15.4,13.0,0.208,0.279,0.35,0.401,0,0.0,0.0,0.0,0.0,0.0,0.0,0.0,0.0,0.0,0.0,0.0,0.0,0.0,12.77907973925994,81.20107341041656,139.28703047833594,506.94233618164077,2.2017873143525812,165.13985655427325
40.808434,-8.4375,361.0,2019-05-28 05:00:00,11.9,78,8.1,10.2,0.0,0.0,0.0,0.0,1,1015.6,972.8,21,0,0,69,0.01,0.31,8.5,17.6,54,44,21.6,14.2,17.5,15.4,13.0,0.208,0.279,0.35,0.401,0,0.0,0.0,0.0,0.0,0.0,0.0,0.0,0.0,0.0,0.0,0.0,0.0,0.0,11.86370454019132,81.24752591839949,140.03997123833594,511.48833618164076,2.0013743670995643,166.27155883486526
40.808434,-8.4375,361.0,2019-05-28 06:00:00,12.9,75,8.6,11.3,0.0,0.0,0.0,0.0,0,1016.0,973.3,19,0,0,64,0.03,0.38,8.7,15.7,60,53,18.4,14.1,17.2,15.4,13.0,0.209,0.279,0.35,0.401,1,708.37,30.0,13.0,17.0,120.4,30.0,84.8,67.6,29.3,38.3,204.2,39.9,191.2,12.34263357976967,81.56354719744705,140.96140223833595,516.2143361816408,2.0974923939037966,167.5450196482076
40.808434,-8.4375,361.0,2019-05-28 07:00:00,16.1,68,10.2,15.3,0.0,0.0,0.0,0.0,0,1016.4,974.1,0,0,0,0,0.09,0.58,6.0,11.3,65,63,17.6,14.9,17.0,15.4,13.0,0.209,0.279,0.35,0.401,1,3600.0,172.0,108.0,64.0,458.6,172.0,313.7,239.2,150.2,89.0,458.6,239.2,436.3,12.533833931808399,82.80576778799347,142.41041830233596,521.5163361816408,2.1313805249961573,169.2667183165641
40.808434,-8.4375,361.0,2019-05-28 08:00:00,18.3,59,10.2,17.7,0.0,0.0,0.0,0.0,0,1016.7,974.7,0,0,0,0,0.21,0.86,4.8,6.9,48,47,14.0,16.4,16.9,15.4,13.0,0.209,0.279,0.35,0.401,1,3600.0,362.0,274.0,88.0,656.3,362.0,556.2,438.2,331.7,106.5,656.3,438.2,673.4,14.44520255352204,84.61032357429825,144.50443606633596,527.2143361816408,2.544609796313659,171.4955936355182
40.808434,-8.4375,361.0,2019-05-28 09:00:00,20.3,53,10.3,19.5,0.0,0.0,0.0,0.0,0,1017.1,975.4,0,0,0,0,0.34,1.12,6.1,8.1,45,45,17.6,18.1,16.9,15.4,13.0,0.208,0.279,0.349,0.401,1,3600.0,552.0,447.0,105.0,761.1,552.0,782.5,625.2,506.3,118.9,761.1,625.2,886.2,18.133306938929497,86.27753209820055,147.15236549433595,533.2723361816408,3.4241587267314,174.15969088277708
40.808434,-8.4375,361.0,2019-05-28 10:00:00,21.8,46,9.8,21.6,0.0,0.0,0.0,0.0,0,1017.1,975.6,7,0,0,24,0.46,1.4,8.2,11.1,29,29,21.2,19.9,17.0,15.4,13.0,0.206,0.278,0.349,0.401,1,3600.0,720.0,603.0,117.0,822.3,720.0,977.0,781.4,654.4,127.0,822.3,781.4,1060.3,23.272801684727437,87.92945553942009,150.40791285033595,539.6003361816407,4.815333510825672,177.2791110978303
40.808434,-8.4375,361.0,2019-05-28 11:00:00,23.1,39,8.5,22.7,0.0,0.0,0.0,0.0,0,1017.3,976.0,0,0,0,1,0.56,1.71,12.0,16.1,21,24,27.7,21.4,17.2,15.4,13.0,0.204,0.277,0.349,0.401,1,3600.0,853.0,726.0,127.0,858.5,853.0,1126.7,896.2,762.8,133.4,858.5,896.2,1183.8,31.32497582552951,89.56759370851131,154.29424554233594,546.1623361816407,7.376785542992472,180.85608107925682
40.808434,-8.4375,361.0,2019-05-28 12:00:00,24.3,39,9.3,24.9,0.0,0.0,0.0,0.0,0,1017.7,976.5,0,0,0,0,0.63,1.87,10.4,13.2,34,35,33.1,22.5,17.4,15.4,13.0,0.202,0.277,0.349,0.401,1,3600.0,940.0,810.0,130.0,883.6,940.0,1221.3,960.8,828.0,132.9,883.6,960.8,1248.3,56.42578125,94.7509765625,128.65097045898438,429.2982177734375,19.89892578125,146.95565795898438
40.808434,-8.4375,361.0,2019-05-28 13:00:00,24.9,34,8.1,24.7,0.0,0.0,0.0,0.0,0,1017.4,976.3,0,0,0,0,0.67,2.07,13.6,17.9,22,25,31.0,23.6,17.7,15.5,13.0,0.2,0.276,0.349,0.401,1,3600.0,965.0,833.0,132.0,884.8,965.0,1254.3,961.3,829.8,131.5,884.8,961.3,1249.5,44.07378793831425,93.10386444983492,133.16861501898438,436.1842177734375,13.211829581376287,151.04827332826852
40.808434,-8.4375,361.0,2019-05-28 14:00:00,24.8,35,8.3,24.1,0.0,0.0,0.0,0.0,0,1017.4,976.3,1,0,0,4,0.65,2.04,16.0,21.3,8,11,35.3,24.3,18.0,15.5,13.0,0.197,0.275,0.348,0.401,1,3600.0,940.0,810.0,130.0,881.9,940.0,1223.6,912.1,785.9,126.1,881.9,912.1,1187.2,45.70799419388241,92.57744928597307,137.6006981289844,443.0522177734375,13.848779343226465,154.91769899338314
40.808434,-8.4375,361.0,2019-05-28 15:00:00,24.8,35,8.4,23.5,0.0,0.0,0.0,0.0,0,1017.1,976.0,20,0,0,66,0.6,2.03,16.6,22.7,356,2,36.4,24.6,18.3,15.5,13.0,0.195,0.275,0.348,0.401,1,3600.0,855.0,730.0,125.0,859.7,855.0,1131.2,805.6,687.8,117.8,859.7,805.6,1065.8,46.43323415820705,92.47281059413157,142.0327812389844,449.9202177734375,14.065230565630538,158.7658323874491
40.808434,-8.4375,361.0,2019-05-28 16:00:00,24.1,41,9.9,22.5,0.0,0.0,0.0,0.0,0,1017.0,975.8,9,0,0,31,0.51,1.79,17.1,23.7,345,350,36.7,24.5,18.6,15.5,13.1,0.193,0.274,0.348,0.401,1,3600.0,723.0,605.0,118.0,819.5,723.0,983.4,656.8,549.6,107.2,819.5,656.8,893.4,43.21109963866052,91.4400236146442,145.9470201269844,456.66221777343753,12.463718456527792,162.25459496980483
40.808434,-8.4375,361.0,2019-05-28 17:00:00,22.6,52,12.2,20.7,0.0,0.0,0.0,0.0,0,1017.0,975.6,8,0,0,26,0.38,1.33,18.4,26.5,337,342,38.9,24.1,18.9,15.5,13.1,0.191,0.273,0.347,0.401,1,3600.0,555.0,450.0,105.0,758.4,555.0,790.4,478.8,388.2,90.6,758.4,478.8,682.0,37.53316751168975,89.41377886498005,148.9419341429844,463.1342177734375,9.96187925045879,165.125098658035
40.808434,-8.4375,361.0,2019-05-28 18:00:00,21.6,54,11.8,19.7,0.0,0.0,0.0,0.0,0,1016.9,975.4,1,0,0,4,0.27,1.2,16.7,27.0,341,347,38.5,23.2,19.1,15.5,13.1,0.191,0.273,0.347,0.401,1,3600.0,367.0,278.0,89.0,655.1,367.0,565.3,289.4,219.2,70.2,655.1,289.4,445.8,33.206454627987725,88.67874608874304,151.6909577149844,469.4262177734375,8.228395020104447,167.81337294412123
40.808434,-8.4375,361.0,2019-05-28 19:00:00,20.5,49,9.5,17.9,0.0,0.0,0.0,0.0,0,1016.9,975.2,0,0,0,0,0.18,1.23,16.9,31.4,359,3,36.0,22.1,19.2,15.5,13.1,0.19,0.273,0.347,0.4,1,3600.0,180.0,117.0,63.0,481.8,180.0,323.5,111.8,72.7,39.1,481.8,111.8,201.0,33.701108351738036,88.72766735294341,154.59109597098438,475.5202177734375,8.370315888772907,170.56001343210667
40.808434,-8.4375,361.0,2019-05-28 20:00:00,19.1,48,7.9,15.9,0.0,0.0,0.0,0.0,0,1017.5,975.6,0,0,0,0,0.12,1.14,17.9,33.9,15,15,37.4,20.8,19.2,15.5,13.1,0.19,0.273,0.347,0.4,0,963.54,34.0,15.0,19.0,134.3,34.0,89.7,0.0,0.0,0.0,0.0,0.0,0.0,35.11379836481423,88.77660476851607,157.35644203498438,481.36221777343746,8.864963914594377,173.18127051217235
40.808434,-8.4375,361.0,2019-05-28 21:00:00,17.7,52,7.8,14.6,0.0,0.0,0.0,0.0,0,1017.9,975.8,0,0,0,0,0.09,0.97,17.4,33.6,27,26,37.4,19.6,19.2,15.6,13.1,0.19,0.273,0.347,0.4,0,0.0,0.0,0.0,0.0,0.0,0.0,0.0,0.0,0.0,0.0,0.0,0.0,0.0,33.224263339708195,88.34291647102017,159.73215441898438,486.95221777343744,8.122753259881565,175.52398413039805
40.808434,-8.4375,361.0,2019-05-28 22:00:00,16.6,56,7.7,13.7,0.0,0.0,0.0,0.0,0,1018.3,976.0,0,0,0,0,0.07,0.84,15.6,30.8,38,37,35.6,18.6,19.1,15.6,13.1,0.191,0.273,0.347,0.4,0,0.0,0.0,0.0,0.0,0.0,0.0,0.0,0.0,0.0,0.0,0.0,0.0,0.0,29.144246521127098,87.59175177098685,161.78247002698438,492.34421777343744,6.661588139741883,177.63744148810025
40.808434,-8.4375,361.0,2019-05-28 23:00:00,16.1,57,7.6,13.4,0.0,0.0,0.0,0.0,0,1018.2,975.9,0,0,0,0,0.06,0.79,14.0,28.6,48,50,32.4,17.8,19.0,15.6,13.1,0.191,0.273,0.347,0.4,0,0.0,0.0,0.0,0.0,0.0,0.0,0.0,0.0,0.0,0.0,0.0,0.0,0.0,26.684402924189612,87.23192579442726,163.72958536298438,497.64621777343746,5.837779914127926,179.67384283221762
40.808434,-8.4375,361.0,2019-05-29 00:00:00,16.7,55,7.5,14.2,0.0,0.0,0.0,0.0,0,1018.9,976.6,0,0,0,0,0.06,0.86,12.3,28.5,69,74,29.5,17.2,18.8,15.6,13.1,0.191,0.272,0.347,0.4,0,0.0,0.0,0.0,0.0,0.0,0.0,0.0,0.0,0.0,0.0,0.0,0.0,0.0,25.32394098196021,87.28036939040776,165.83834602298438,503.0562177734375,5.395671392556213,181.82492618501155
40.808434,-8.4375,361.0,2019-05-29 01:00:00,17.5,44,5.1,14.0,0.0,0.0,0.0,0.0,0,1018.9,976.7,0,0,0,0,0.1,1.12,16.0,33.2,82,86,32.8,16.8,18.7,15.6,13.1,0.191,0.272,0.347,0.4,0,0.0,0.0,0.0,0.0,0.0,0.0,0.0,0.0,0.0,0.0,0.0,0.0,0.0,30.584154774231273,87.88028173934332,168.58052467898437,508.61021777343745,7.083754081894448,184.3787204446917
40.808434,-8.4375,361.0,2019-05-29 02:00:00,17.3,38,3.0,12.4,0.0,0.0,0.0,0.0,0,1019.0,976.8,0,0,0,0,0.15,1.22,22.8,42.1,85,89,44.3,16.6,18.5,15.6,13.1,0.191,0.272,0.346,0.4,0,0.0,0.0,0.0,0.0,0.0,0.0,0.0,0.0,0.0,0.0,0.0,0.0,0.0,42.229779310174834,88.88857165528961,171.58386320698438,514.1282177734374,11.531610758567643,187.07929145056139
40.808434,-8.4375,361.0,2019-05-29 03:00:00,16.6,38,2.1,10.9,0.0,0.0,0.0,0.0,0,1019.1,976.8,0,0,0,0,0.17,1.18,27.4,48.3,89,91,54.4,16.5,18.3,15.6,13.1,0.191,0.272,0.346,0.4,0,0.0,0.0,0.0,0.0,0.0,0.0,0.0,0.0,0.0,0.0,0.0,0.0,0.0,49.43429849334852,88.98088762305848,174.47294429098437,519.5202177734375,14.73372802769275,189.6870931452443
40.808434,-8.4375,361.0,2019-05-29 04:00:00,16.0,40,2.4,10.5,0.0,0.0,0.0,0.0,0,1019.4,977.0,0,0,0,0,0.15,1.09,25.6,45.7,88,91,54.4,16.3,18.2,15.6,13.1,0.191,0.272,0.346,0.4,0,0.0,0.0,0.0,0.0,0.0,0.0,0.0,0.0,0.0,0.0,0.0,0.0,0.0,46.98354143422634,89.02990863939078,177.17405345098436,524.8042177734375,13.55119668571532,192.16267354736144
40.808434,-8.4375,361.0,2019-05-29 05:00:00,15.5,43,3.0,10.3,0.0,0.0,0.0,0.0,0,1019.7,977.2,0,0,0,0,0.14,1.01,24.5,44.6,87,90,51.1,16.0,18.0,15.7,13.1,0.191,0.272,0.346,0.4,0,0.0,0.0,0.0,0.0,0.0,0.0,0.0,0.0,0.0,0.0,0.0,0.0,0.0,45.640931414612425,89.07894584002854,179.66507634298435,529.9982177734374,12.911076710727286,194.49749151251083
40.808434,-8.4375,361.0,2019-05-29 06:00:00,15.5,48,4.5,10.8,0.0,0.0,0.0,0.0,0,1019.9,977.4,0,0,0,0,0.13,0.92,23.1,42.5,86,90,49.3,15.8,17.8,15.7,13.1,0.191,0.272,0.346,0.4,1,824.46,32.0,14.0,18.0,128.9,32.0,85.7,72.0,31.5,40.5,217.5,42.7,193.0,42.06654053654692,88.6639990308674,181.93758845498434,535.1922177734374,11.335848148359556,196.70307520513737
40.808434,-8.4375,361.0,2019-05-29 07:00:00,16.5,51,6.3,12.8,0.0,0.0,0.0,0.0,0,1020.5,978.1,0,0,0,0,0.16,0.92,19.5,36.7,85,89,46.4,16.1,17.7,15.7,13.1,0.191,0.272,0.346,0.4,1,3600.0,177.0,116.0,61.0,489.9,177.0,315.4,245.7,161.0,84.7,489.9,245.7,437.8,36.197805004742435,88.2995264244233,184.20799443898434,540.5662177734374,8.973392050908439,198.93715137113952
40.808434,-8.4375,361.0,2019-05-29 08:00:00,18.3,48,7.1,15.1,0.0,0.0,0.0,0.0,0,1020.8,978.7,0,0,0,0,0.25,1.1,17.0,27.0,86,88,39.2,17.1,17.6,15.7,13.1,0.19,0.272,0.346,0.4,1,3600.0,368.0,282.0,86.0,673.7,368.0,557.5,445.2,341.2,104.0,673.7,445.2,674.5,33.51571375810065,88.34832248912052,186.86382184698434,546.2642177734374,7.966846347952779,201.44982237899325
40.808434,-8.4375,361.0,2019-05-29 09:00:00,20.1,45,7.8,17.2,0.0,0.0,0.0,0.0,0,1021.3,979.4,0,0,0,0,0.37,1.3,16.6,24.5,88,87,36.4,18.4,17.6,15.7,13.1,0.189,0.271,0.346,0.4,1,3600.0,560.0,457.0,103.0,776.9,560.0,783.5,634.1,517.4,116.6,776.9,634.1,887.1,33.28003053366705,88.39713466385535,189.93350340698433,552.2862177734374,7.862745648440233,204.25589735661575
40.808434,-8.4375,361.0,2019-05-29 10:00:00,21.9,41,8.1,20.1,0.0,0.0,0.0,0.0,0,1021.4,979.7,0,0,0,0,0.48,1.54,15.5,22.4,86,86,36.0,19.9,17.6,15.7,13.1,0.188,0.271,0.346,0.4,1,3600.0,731.0,615.0,116.0,837.6,731.0,977.9,793.2,667.3,125.9,837.6,793.2,1061.0,34.583614579652696,89.16837469201201,193.50602302698434,558.6322177734374,8.309615438659023,207.40403175119633
40.808434,-8.4375,361.0,2019-05-29 11:00:00,23.5,39,8.7,23.0,0.0,0.0,0.0,0.0,0,1021.5,980.1,0,0,0,0,0.58,1.78,13.1,18.2,82,82,34.6,21.5,17.8,15.7,13.1,0.186,0.27,0.345,0.4,1,3600.0,862.0,739.0,123.0,873.0,862.0,1127.4,905.7,776.4,129.2,873.0,905.7,1184.5,34.0821159053858,89.83883815306743,197.45659262298435,565.2662177734375,8.106464267507993,210.81259746614802
40.808434,-8.4375,361.0,2019-05-29 12:00:00,25.1,36,9.1,25.9,0.0,0.0,0.0,0.0,0,1021.4,980.2,0,0,0,0,0.65,2.04,9.1,12.0,83,81,30.2,22.9,17.9,15.7,13.1,0.185,0.269,0.345,0.4,1,3600.0,945.0,816.0,129.0,889.4,945.0,1222.0,966.0,834.1,131.9,889.4,966.0,1249.1,60.80120086669922,95.96240234375,135.90234375,437.4450988769531,22.115114212036133,152.7590789794922
40.808434,-8.4375,361.0,2019-05-29 13:00:00,26.1,35,9.6,27.7,0.0,0.0,0.0,0.0,0,1021.0,979.9,0,0,0,0,0.67,2.18,6.1,8.8,87,81,22.7,24.3,18.2,15.7,13.1,0.182,0.269,0.345,0.4,1,3600.0,972.0,842.0,130.0,893.5,972.0,1255.1,968.4,838.8,129.5,893.5,968.4,1250.4,36.209289584657334,93.52496931230321,140.55688663,444.5470988769531,9.602076155373128,157.00733703062104
40.808434,-8.4375,361.0,2019-05-29 14:00:00,27.1,33,9.7,29.1,0.0,0.0,0.0,0.0,0,1020.6,979.7,0,0,0,0,0.66,2.39,3.6,5.2,84,78,18.7,25.5,18.5,15.7,13.1,0.18,0.268,0.344,0.4,1,3600.0,942.0,813.0,129.0,884.2,942.0,1224.5,914.1,789.0,125.2,884.2,914.1,1188.3,32.91029725007247,93.32237690653344,145.53103443400002,451.8290988769531,8.229722728098356,161.23243359431856
40.808434,-8.4375,361.0,2019-05-29 15:00:00,27.6,33,9.9,29.2,0.0,0.0,0.0,0.0,0,1020.3,979.5,0,0,0,0,0.6,2.47,2.5,3.3,352,13,14.4,26.3,18.9,15.7,13.1,0.178,0.267,0.344,0.4,1,3600.0,858.0,734.0,124.0,863.2,858.0,1132.4,808.6,691.7,116.9,863.2,808.6,1067.2,31.911391251588025,93.32407296635706,150.59337634800002,459.2010988769531,7.78781315325963,165.4993974724762
40.808434,-8.4375,361.0,2019-05-29 16:00:00,27.5,34,10.4,28.1,0.0,0.0,0.0,0.0,0,1019.9,979.1,0,0,0,0,0.51,2.42,5.1,6.6,356,9,14.4,26.5,19.2,15.7,13.1,0.176,0.266,0.344,0.4,1,3600.0,726.0,611.0,115.0,826.1,726.0,985.0,659.8,555.3,104.5,826.1,659.8,895.2,34.49873987183018,93.1668471283399,155.562785364,466.5550988769531,8.685085996280348,169.6828273437326
40.808434,-8.4375,361.0,2019-05-29 17:00:00,27.1,36,10.9,26.2,0.0,0.0,0.0,0.0,0,1019.7,978.8,0,0,0,0,0.42,2.29,8.4,11.9,350,360,18.4,26.2,19.6,15.8,13.1,0.175,0.266,0.344,0.4,1,3600.0,557.0,454.0,103.0,763.0,557.0,792.4,480.9,392.0,88.9,763.0,480.9,684.1,37.279625165128316,92.77053548316361,160.314210132,473.83709887695306,9.70233134762246,173.704219706356
40.808434,-8.4375,361.0,2019-05-29 18:00:00,25.6,42,11.7,24.7,0.0,0.0,0.0,0.0,0,1019.5,978.4,0,0,0,0,0.29,1.92,10.0,18.4,347,360,22.0,25.4,19.8,15.8,13.1,0.174,0.265,0.343,0.4,1,3600.0,369.0,282.0,87.0,661.6,369.0,567.6,291.4,222.7,68.7,661.6,291.4,448.3,35.3627225254396,91.58812142711089,164.391147408,480.84909887695306,8.900233824240905,177.27056477156543
40.808434,-8.4375,361.0,2019-05-29 19:00:00,23.3,51,12.5,22.6,0.0,0.0,0.0,0.0,0,1019.7,978.3,0,0,0,0,0.16,1.42,10.1,23.0,2,9,22.0,24.1,20.0,15.8,13.1,0.174,0.265,0.343,0.4,1,3600.0,182.0,120.0,62.0,490.0,182.0,326.1,113.7,75.0,38.7,490.0,113.7,203.8,29.917863769743466,89.76616722341609,167.53875570399998,487.4470988769531,6.8969157514944515,180.22028499879778
40.808434,-8.4375,361.0,2019-05-29 20:00:00,21.2,57,12.4,20.4,0.0,0.0,0.0,0.0,0,1019.9,978.2,0,0,0,0,0.08,1.08,10.9,23.9,27,21,23.0,22.6,20.1,15.8,13.1,0.174,0.265,0.343,0.4,0,1092.84,36.0,16.0,20.0,141.9,36.0,91.1,0.0,0.0,0.0,0.0,0.0,0.0,26.737569541477423,88.31261299986618,170.06321337799997,493.6670988769531,5.828659164289685,182.74339745550648
40.808434,-8.4375,361.0,2019-05-29 21:00:00,20.7,56,11.7,19.5,0.0,0.0,0.0,0.0,0,1020.5,978.7,0,0,0,0,0.06,1.07,11.8,24.5,40,33,24.5,21.3,20.1,15.8,13.1,0.174,0.265,0.343,0.4,0,0.0,0.0,0.0,0.0,0.0,0.0,0.0,0.0,0.0,0.0,0.0,0.0,0.0,27.05903018957633,88.0935727879794,172.58846084999996,499.7970988769531,5.910481741601107,185.25105293702896
40.808434,-8.4375,361.0,2019-05-29 22:00:00,20.3,53,10.4,18.8,0.0,0.0,0.0,0.0,0,1020.8,979.0,0,0,0,0,0.06,1.12,10.9,22.5,46,49,24.8,20.4,20.1,15.8,13.1,0.174,0.265,0.343,0.4,0,0.0,0.0,0.0,0.0,0.0,0.0,0.0,0.0,0.0,0.0,0.0,0.0,0.0,26.413472714499935,88.1423008570124,175.23639027799996,505.8550988769531,5.688018972409245,187.81628298229882
40.808434,-8.4375,361.0,2019-05-29 23:00:00,19.4,49,8.3,17.6,0.0,0.0,0.0,0.0,0,1020.8,978.8,0,0,0,0,0.06,1.16,9.5,19.4,61,68,23.0,19.5,20.0,15.9,13.1,0.174,0.265,0.343,0.399,0,0.0,0.0,0.0,0.0,0.0,0.0,0.0,0.0,0.0,0.0,0.0,0.0,0.0,25.331385750238034,88.19104501363424,177.98883630799995,511.7510988769531,5.337755371851184,190.41240675280667
40.808434,-8.4375,361.0,2019-05-30 00:00:00,18.5,46,6.7,16.3,0.0,0.0,0.0,0.0,0,1021.3,979.2,0,0,0,0,0.06,1.14,9.2,18.7,69,79,22.0,19.0,19.8,15.9,13.1,0.171,0.263,0.342,0.399,0,0.0,0.0,0.0,0.0,0.0,0.0,0.0,0.0,0.0,0.0,0.0,0.0,0.0,25.241043438817734,88.2398052631562,180.77524365199994,517.4850988769531,5.294565113776757,192.99825723811128
40.808434,-8.4375,361.0,2019-05-30 01:00:00,19.1,41,5.5,16.5,0.0,0.0,0.0,0.0,0,1021.3,979.3,0,0,0,0,0.08,1.31,10.5,21.8,68,74,23.0,18.4,19.7,15.9,13.1,0.171,0.263,0.342,0.399,0,0.0,0.0,0.0,0.0,0.0,0.0,0.0,0.0,0.0,0.0,0.0,0.0,0.0,27.754148907729036,88.72052011467706,183.91284783999996,523.3270988769531,6.05672738955977,195.80037557864074
40.808434,-8.4375,361.0,2019-05-30 02:00:00,19.5,38,4.8,16.4,0.0,0.0,0.0,0.0,0,1021.2,979.2,0,0,0,0,0.1,1.4,12.3,27.0,69,77,26.3,18.0,19.5,15.9,13.1,0.172,0.263,0.342,0.399,0,0.0,0.0,0.0,0.0,0.0,0.0,0.0,0.0,0.0,0.0,0.0,0.0,0.0,31.380073663169355,89.32954320556458,187.27528119199997,529.2410988769531,7.237662887197462,198.73844777974836
40.808434,-8.4375,361.0,2019-05-30 03:00:00,19.5,37,4.6,15.9,0.0,0.0,0.0,0.0,0,1021.1,979.1,0,0,0,0,0.12,1.42,15.5,32.1,72,81,31.7,17.8,19.3,15.9,13.1,0.172,0.263,0.342,0.399,0,0.0,0.0,0.0,0.0,0.0,0.0,0.0,0.0,0.0,0.0,0.0,0.0,0.0,35.941977627355875,89.61026230281037,190.69194733999996,535.155098876953,8.853593014829508,201.7023105174522
40.808434,-8.4375,361.0,2019-05-30 04:00:00,19.3,38,4.5,15.1,0.0,0.0,0.0,0.0,0,1021.3,979.3,0,0,0,0,0.15,1.39,19.6,38.5,84,89,38.9,17.6,19.2,15.9,13.1,0.172,0.263,0.342,0.399,0,0.0,0.0,0.0,0.0,0.0,0.0,0.0,0.0,0.0,0.0,0.0,0.0,0.0,41.36988129149198,89.65949110741055,194.02173570799997,541.0330988769531,10.962527916245906,204.60669727943915
40.808434,-8.4375,361.0,2019-05-30 05:00:00,19.4,37,4.3,14.7,0.0,0.0,0.0,0.0,0,1021.4,979.4,0,0,0,0,0.17,1.42,22.7,42.9,90,93,45.4,17.6,19.0,16.0,13.1,0.172,0.263,0.342,0.399,0,0.0,0.0,0.0,0.0,0.0,0.0,0.0,0.0,0.0,0.0,0.0,0.0,0.0,45.98936132958262,89.70873616491755,197.42181609799997,546.929098876953,12.906793608207682,207.54912795793624
40.808434,-8.4375,361.0,2019-05-30 06:00:00,19.5,40,5.4,15.0,0.0,0.0,0.0,0.0,0,1021.8,979.8,0,0,0,0,0.17,1.37,23.4,44.5,93,95,47.2,17.6,18.9,16.0,13.1,0.172,0.263,0.342,0.399,1,942.99,32.0,15.0,17.0,137.2,32.0,86.5,72.0,33.7,38.2,230.8,42.8,194.7,47.30512058566978,89.75799748069731,200.67578385799996,552.843098876953,13.46495013891141,210.41023593072637
40.808434,-8.4375,361.0,2019-05-30 07:00:00,20.6,41,6.8,16.1,0.0,0.0,0.0,0.0,0,1022.0,980.1,0,0,0,0,0.24,1.44,25.2,44.8,93,95,49.7,18.1,18.8,16.0,13.1,0.172,0.263,0.341,0.399,1,3600.0,178.0,117.0,61.0,491.6,178.0,316.9,246.7,162.1,84.5,491.6,246.7,439.1,50.37226247275366,89.8072750601175,204.04637845599996,558.955098876953,14.84787101905735,213.36797807211963
40.808434,-8.4375,361.0,2019-05-30 08:00:00,21.8,42,8.5,17.7,0.0,0.0,0.0,0.0,0,1022.2,980.5,0,0,0,0,0.32,1.51,25.7,46.2,95,95,51.5,19.0,18.7,16.0,13.1,0.171,0.262,0.341,0.399,1,3600.0,367.0,282.0,85.0,672.0,367.0,558.7,443.8,341.0,102.8,672.0,443.8,675.6,51.46601075485474,89.85656890854756,207.54307746799995,565.283098876953,15.334683374879596,216.43054995827862
40.808434,-8.4375,361.0,2019-05-30 09:00:00,23.5,40,9.3,19.8,0.0,0.0,0.0,0.0,0,1022.4,980.9,0,0,0,0,0.43,1.73,24.6,38.0,96,95,50.8,20.3,18.7,16.0,13.1,0.17,0.262,0.341,0.399,1,3600.0,558.0,456.0,102.0,774.0,558.0,784.4,631.6,516.2,115.5,774.0,631.6,887.9,50.00024804737487,89.9058790313587,211.42888362799994,571.917098876953,14.610711872616546,219.75641720482278
40.808434,-8.4375,361.0,2019-05-30 10:00:00,25.4,37,9.6,23.0,0.0,0.0,0.0,0.0,0,1022.3,981.1,0,0,0,0,0.55,2.05,21.8,31.2,98,97,49.3,21.8,18.8,16.0,13.1,0.169,0.261,0.341,0.399,1,3600.0,728.0,614.0,114.0,835.4,728.0,978.6,789.8,666.2,123.7,835.4,789.8,1061.7,48.69499408278014,90.58209426356069,215.82410949799993,578.893098876953,13.97716868664237,223.41402979860567
40.808434,-8.4375,361.0,2019-05-30 11:00:00,27.2,32,9.3,26.0,0.0,0.0,0.0,0.0,0,1022.2,981.2,0,0,0,0,0.65,2.43,17.6,24.0,101,99,44.3,23.3,19.0,16.0,13.2,0.167,0.26,0.34,0.399,1,3600.0,862.0,739.0,123.0,872.2,862.0,1128.0,905.6,776.4,129.2,872.2,905.6,1185.1,47.6905583312916,91.82134011935354,220.89040040199993,586.193098876953,13.492044205930247,227.4811241962578
40.808434,-8.4375,361.0,2019-05-30 12:00:00,28.6,29,8.9,29.4,0.0,0.0,0.0,0.0,0,1022.2,981.4,0,0,0,0,0.7,2.78,8.9,11.4,104,103,36.7,24.8,19.1,16.0,13.2,0.165,0.26,0.34,0.399,1,3600.0,947.0,820.0,127.0,893.0,947.0,1222.6,968.0,838.2,129.8,893.0,968.0,1249.8,63.37890625,96.88916015625,143.70703125,445.84197998046875,23.3154296875,159.06370544433594
40.808434,-8.4375,361.0,2019-05-30 13:00:00,29.2,27,8.4,31.4,0.0,0.0,0.0,0.0,0,1021.7,981.0,0,0,0,0,0.69,2.94,1.8,2.6,90,74,20.5,26.3,19.4,16.0,13.2,0.163,0.259,0.34,0.399,1,3600.0,977.0,848.0,129.0,899.0,977.0,1255.8,973.4,844.9,128.5,899.0,973.4,1251.2,38.07297785298082,95.54223236039417,149.530211904,453.5019799804688,10.207547905819851,163.93084085076694
40.808434,-8.4375,361.0,2019-05-30 14:00:00,29.4,28,9.2,31.1,0.0,0.0,0.0,0.0,0,1021.3,980.7,0,0,0,0,0.69,2.95,4.3,5.5,312,328,15.1,27.4,19.7,16.0,13.2,0.161,0.258,0.34,0.399,1,3600.0,945.0,817.0,128.0,887.6,945.0,1225.5,917.2,792.9,124.2,887.6,917.2,1189.4,39.2120090800081,94.88334953011022,155.311533264,461.1979799804688,10.581164614829278,168.64348573380448
40.808434,-8.4375,361.0,2019-05-30 15:00:00,29.2,35,12.2,30.5,0.0,0.0,0.0,0.0,0,1020.9,980.2,0,0,0,0,0.64,2.63,8.3,10.2,304,312,20.9,28.0,20.1,16.1,13.2,0.159,0.257,0.339,0.399,1,3600.0,860.0,737.0,123.0,865.5,860.0,1133.6,810.6,694.7,115.9,865.5,810.6,1068.5,39.83214629069355,93.54375985699782,160.496557134,468.8579799804688,10.75590205063255,172.9689594607402
40.808434,-8.4375,361.0,2019-05-30 16:00:00,28.4,40,13.5,28.9,0.0,0.0,0.0,0.0,0,1020.5,979.8,0,0,0,0,0.55,2.33,11.3,14.3,307,315,25.2,28.0,20.4,16.1,13.2,0.158,0.257,0.339,0.399,1,3600.0,726.0,611.0,115.0,824.5,726.0,986.5,660.0,555.5,104.6,824.5,660.0,896.9,39.664005482733174,92.37117730970252,165.156365334,476.37397998046885,10.61557846284405,176.94658962625962
40.808434,-8.4375,361.0,2019-05-30 17:00:00,27.7,43,13.8,27.1,0.0,0.0,0.0,0.0,0,1020.0,979.2,0,0,0,0,0.44,2.13,13.0,18.3,316,324,27.7,27.5,20.7,16.1,13.2,0.157,0.256,0.339,0.399,1,3600.0,558.0,455.0,103.0,762.6,558.0,794.3,482.1,393.1,89.0,762.6,482.1,686.2,39.25409599174563,91.61152163942383,169.47813999,483.76397998046883,10.387127773466535,180.69662587583466
40.808434,-8.4375,361.0,2019-05-30 18:00:00,26.1,51,15.1,26.1,0.0,0.0,0.0,0.0,0,1019.5,978.5,0,0,0,0,0.29,1.67,12.2,22.4,332,341,27.7,26.7,21.0,16.1,13.2,0.156,0.256,0.339,0.399,1,3600.0,371.0,284.0,87.0,663.4,371.0,569.9,293.4,224.6,68.8,663.4,293.4,450.7,33.18940198332716,90.07043224217237,172.986949238,490.8659799804688,8.008410285882887,183.92795641727903
40.808434,-8.4375,361.0,2019-05-30 19:00:00,24.4,60,16.2,24.9,0.0,0.0,0.0,0.0,0,1019.3,978.1,0,0,0,0,0.16,1.22,11.9,24.9,3,5,27.4,25.5,21.1,16.1,13.2,0.156,0.255,0.338,0.399,1,3600.0,183.0,121.0,62.0,490.0,183.0,328.7,115.0,76.0,39.0,490.0,115.0,206.6,27.6971787256572,88.28265015122294,175.672262438,497.6619799804688,6.103601552152105,186.63840134086496
40.808434,-8.4375,361.0,2019-05-30 20:00:00,23.0,63,15.6,23.0,0.0,0.0,0.0,0.0,0,1019.4,978.0,0,0,0,0,0.08,1.04,13.0,27.2,28,20,27.0,24.0,21.2,16.2,13.2,0.156,0.255,0.338,0.399,0,1225.66,36.0,17.0,19.0,149.4,36.0,92.5,0.0,0.0,0.0,0.0,0.0,0.0,26.381323511816397,87.37930687687134,178.01980536,504.2059799804688,5.668870311963922,189.11378663256292
40.808434,-8.4375,361.0,2019-05-30 21:00:00,22.7,62,15.2,22.3,0.0,0.0,0.0,0.0,0,1019.6,978.1,0,0,0,0,0.07,1.04,14.7,29.8,36,28,29.9,22.9,21.2,16.2,13.2,0.156,0.255,0.338,0.399,0,0.0,0.0,0.0,0.0,0.0,0.0,0.0,0.0,0.0,0.0,0.0,0.0,0.0,27.937324268360946,87.34271434561494,180.400783064,510.6959799804688,6.143713005056342,191.59852816603683
40.808434,-8.4375,361.0,2019-05-30 22:00:00,22.5,61,14.7,22.0,0.0,0.0,0.0,0.0,0,1019.6,978.1,0,0,0,0,0.07,1.05,13.7,28.2,45,38,29.9,22.1,21.2,16.2,13.2,0.156,0.255,0.338,0.399,0,0.0,0.0,0.0,0.0,0.0,0.0,0.0,0.0,0.0,0.0,0.0,0.0,0.0,27.169553933877978,87.39119451847385,182.823883328,517.1499799804687,5.882372299408598,194.10065150956734
40.808434,-8.4375,361.0,2019-05-30 23:00:00,21.6,61,13.7,21.3,0.0,0.0,0.0,0.0,0,1019.4,977.8,0,0,0,0,0.05,1.01,10.3,20.9,61,46,28.1,21.4,21.1,16.2,13.2,0.157,0.255,0.338,0.399,0,0.0,0.0,0.0,0.0,0.0,0.0,0.0,0.0,0.0,0.0,0.0,0.0,0.0,24.050337297561526,87.34254256141803,185.154577226,523.4419799804688,4.921871107928406,196.522124357672
40.808434,-8.4375,361.0,2019-05-31 00:00:00,19.9,65,13.0,19.8,0.0,0.0,0.0,0.0,0,1019.7,977.8,0,0,0,0,0.02,0.82,6.9,11.2,81,90,21.6,21.0,21.0,16.2,13.2,0.153,0.255,0.338,0.399,0,0.0,0.0,0.0,0.0,0.0,0.0,0.0,0.0,0.0,0.0,0.0,0.0,0.0,19.733793827256612,86.58263675740356,187.089582326,529.4279799804688,3.7221046937586735,198.6667349088125
40.808434,-8.4375,361.0,2019-05-31 01:00:00,19.5,60,11.7,19.2,0.0,0.0,0.0,0.0,0,1019.4,977.5,0,0,0,0,0.02,0.9,6.2,9.4,80,92,16.6,20.2,20.9,16.3,13.2,0.153,0.255,0.338,0.398,0,0.0,0.0,0.0,0.0,0.0,0.0,0.0,0.0,0.0,0.0,0.0,0.0,0.0,19.360435398632667,86.63086599038422,189.258894166,535.3419799804688,3.617737256239194,200.93071811781252
40.808434,-8.4375,361.0,2019-05-31 02:00:00,18.7,56,9.9,17.4,0.0,0.0,0.0,0.0,0,1019.1,977.1,0,0,0,0,0.04,0.94,8.9,15.5,76,93,19.8,19.6,20.7,16.3,13.2,0.153,0.255,0.338,0.398,0,0.0,0.0,0.0,0.0,0.0,0.0,0.0,0.0,0.0,0.0,0.0,0.0,0.0,21.497334195972424,86.67911114626283,191.55246755800002,541.1119799804687,4.173439792096551,203.23927686127766
40.808434,-8.4375,361.0,2019-05-31 03:00:00,19.6,43,6.7,16.9,0.0,0.0,0.0,0.0,0,1018.8,976.9,0,0,0,0,0.09,1.3,13.0,24.2,76,94,26.6,19.1,20.5,16.3,13.2,0.154,0.255,0.338,0.398,0,0.0,0.0,0.0,0.0,0.0,0.0,0.0,0.0,0.0,0.0,0.0,0.0,0.0,28.86915700103857,88.17738262686277,194.658743092,547.0439799804687,6.354804371446753,206.03238352175404
40.808434,-8.4375,361.0,2019-05-31 04:00:00,21.1,32,3.7,17.4,0.0,0.0,0.0,0.0,0,1018.5,976.9,0,0,0,0,0.14,1.71,15.3,28.2,81,95,30.6,18.9,20.4,16.3,13.2,0.154,0.255,0.338,0.398,0,0.0,0.0,0.0,0.0,0.0,0.0,0.0,0.0,0.0,0.0,0.0,0.0,0.0,38.89204919080317,90.47813183192453,198.633006628,553.2459799804687,9.924777400201899,209.35402833788842
40.808434,-8.4375,361.0,2019-05-31 05:00:00,21.5,30,3.3,17.6,0.0,0.0,0.0,0.0,0,1018.6,977.0,0,0,0,0,0.16,1.8,16.6,30.1,85,97,32.4,18.8,20.2,16.3,13.2,0.154,0.254,0.338,0.398,0,0.0,0.0,0.0,0.0,0.0,0.0,0.0,0.0,0.0,0.0,0.0,0.0,0.0,43.67386358717613,91.26340184856441,202.797874748,559.5199799804687,11.85230069888695,212.78556469208246
40.808434,-8.4375,361.0,2019-05-31 06:00:00,21.9,34,5.5,18.1,0.0,0.0,0.0,0.0,0,1018.7,977.2,0,0,0,0,0.17,1.72,18.4,32.7,90,101,35.3,18.9,20.1,16.4,13.2,0.154,0.254,0.338,0.398,1,950.63,33.0,15.0,18.0,136.5,33.0,87.3,74.2,33.7,40.5,228.7,44.3,196.2,46.54346064468572,91.31317643775661,206.794252628,565.8659799804688,13.069774058111609,216.12902667267807
40.808434,-8.4375,361.0,2019-05-31 07:00:00,23.4,37,7.9,20.3,0.0,0.0,0.0,0.0,0,1019.0,977.7,0,0,0,0,0.23,1.81,17.3,31.0,95,103,36.7,19.5,20.0,16.4,13.2,0.154,0.254,0.337,0.398,1,3600.0,179.0,118.0,61.0,493.5,179.0,318.3,247.6,163.3,84.4,493.5,247.6,440.3,45.20170529513129,91.36296746004663,210.857763338,572.4819799804687,12.452871448039375,219.55142425022046
40.808434,-8.4375,361.0,2019-05-31 08:00:00,24.7,39,10.0,23.6,0.0,0.0,0.0,0.0,0,1019.9,978.7,0,0,0,0,0.27,1.89,8.1,16.4,111,105,33.8,20.6,19.9,16.4,13.2,0.153,0.254,0.337,0.398,1,3600.0,368.0,282.0,86.0,670.5,368.0,559.8,444.7,340.8,103.9,670.5,444.7,676.5,33.65294873705163,91.41277492085983,215.001043646,579.3319799804688,7.888775646526163,223.05358650144214
40.808434,-8.4375,361.0,2019-05-31 09:00:00,26.5,36,10.2,25.5,0.0,0.0,0.0,0.0,0,1020.3,979.3,0,0,0,0,0.41,2.22,8.0,12.1,100,102,22.7,22.2,19.9,16.4,13.2,0.152,0.253,0.337,0.398,1,3600.0,559.0,456.0,103.0,772.9,559.0,785.2,632.6,516.1,116.6,772.9,632.6,888.7,33.7458357487626,91.46259882562343,219.65137427,586.5059799804687,7.904872433961271,226.8808390170642
40.808434,-8.4375,361.0,2019-05-31 10:00:00,27.4,37,11.5,28.3,0.0,0.0,0.0,0.0,0,1020.5,979.6,0,0,0,0,0.51,2.3,4.9,5.8,253,248,18.7,24.0,20.0,16.4,13.2,0.151,0.253,0.337,0.398,1,3600.0,727.0,613.0,114.0,833.2,727.0,979.2,788.7,665.0,123.7,833.2,788.7,1062.3,30.582771248996153,91.51243917976637,224.3783153,593.8419799804688,6.8096952031611755,230.7701322929864
40.808434,-8.4375,361.0,2019-05-31 11:00:00,27.5,41,13.2,29.6,0.0,0.0,0.0,0.0,0,1020.6,979.7,0,0,0,0,0.61,2.16,6.1,6.8,273,270,18.4,25.7,20.2,16.4,13.2,0.15,0.252,0.336,0.398,1,3600.0,857.0,734.0,123.0,865.6,857.0,1128.6,900.3,771.1,129.2,865.6,900.3,1185.7,32.03921513045504,91.56229598871947,228.820665784,601.1959799804688,7.285543151163546,234.50473573531283
40.808434,-8.4375,361.0,2019-05-31 12:00:00,28.2,44,14.7,31.1,0.0,0.0,0.0,0.0,0,1020.5,979.7,0,0,0,0,0.67,2.14,7.2,8.3,273,275,22.7,27.1,20.4,16.4,13.2,0.147,0.25,0.335,0.398,1,3600.0,939.0,811.0,128.0,882.4,939.0,1223.2,959.9,829.0,130.8,882.4,959.9,1250.4,50.521484375,96.93994140625,151.359375,454.4419860839844,15.9345703125,165.01953125
40.808434,-8.4375,361.0,2019-05-31 13:00:00,27.7,47,15.5,30.9,0.0,0.0,0.0,0.0,0,1020.3,979.5,0,0,0,0,0.69,1.96,8.5,9.8,282,287,23.4,28.2,20.7,16.4,13.2,0.145,0.249,0.335,0.398,1,3600.0,967.0,837.0,130.0,886.6,967.0,1256.5,963.5,834.0,129.5,886.6,963.5,1252.0,33.92787310863493,91.78275697651975,155.377867224,461.83198608398436,8.48318865977942,168.78851998070286
40.808434,-8.4375,361.0,2019-05-31 14:00:00,27.6,47,15.3,30.4,0.0,0.0,0.0,0.0,0,1020.0,979.2,0,0,0,0,0.67,1.96,9.0,10.7,286,290,24.1,28.9,21.0,16.5,13.2,0.144,0.249,0.335,0.398,1,3600.0,942.0,812.0,130.0,881.2,942.0,1226.4,914.4,788.2,126.2,881.2,914.4,1190.4,31.93452036919569,90.92008980163223,159.38240635,469.2039860839844,7.695761983789892,172.378259231114
40.808434,-8.4375,361.0,2019-05-31 15:00:00,27.5,44,14.1,29.3,0.0,0.0,0.0,0.0,0,1019.7,978.9,0,0,0,0,0.62,2.07,9.5,11.9,295,299,24.1,29.1,21.3,16.5,13.2,0.143,0.248,0.334,0.398,1,3600.0,862.0,738.0,124.0,865.5,862.0,1134.8,812.7,695.8,116.9,865.5,812.7,1069.8,32.76676389728503,90.96975104623355,163.59887460599998,476.55798608398436,7.948185216714381,176.08016444424766
40.808434,-8.4375,361.0,2019-05-31 16:00:00,27.1,42,12.9,27.7,0.0,0.0,0.0,0.0,0,1019.6,978.7,0,0,0,0,0.53,2.09,9.5,12.2,307,313,24.1,29.0,21.6,16.5,13.2,0.142,0.247,0.334,0.398,1,3600.0,734.0,618.0,116.0,832.4,734.0,988.0,667.5,562.0,105.5,832.4,667.5,898.5,33.04927243030038,91.01942868651193,167.904853302,483.83998608398434,8.00464905766328,179.81162316109277
40.808434,-8.4375,361.0,2019-05-31 17:00:00,26.4,42,12.5,25.7,0.0,0.0,0.0,0.0,0,1019.3,978.3,0,0,0,0,0.42,1.99,10.3,13.5,331,335,23.4,28.4,21.9,16.5,13.2,0.141,0.247,0.334,0.398,1,3600.0,565.0,461.0,104.0,770.7,565.0,796.1,488.4,398.5,89.9,770.7,488.4,688.2,34.22446528730309,91.06912272788038,172.103946002,490.99598608398435,8.393128830699283,183.4503337510628
40.808434,-8.4375,361.0,2019-05-31 18:00:00,26.0,45,13.1,26.0,0.0,0.0,0.0,0.0,0,1018.7,977.7,0,0,0,0,0.27,1.85,6.9,11.5,351,358,22.7,27.5,22.1,16.6,13.2,0.14,0.247,0.334,0.398,1,3600.0,374.0,286.0,88.0,665.3,374.0,572.1,296.2,226.5,69.7,665.3,296.2,453.1,30.064953578308742,90.87973399294542,176.027925732,498.07998608398435,6.883289742269918,186.9125522604125
40.808434,-8.4375,361.0,2019-05-31 19:00:00,24.2,55,14.6,24.8,0.0,0.0,0.0,0.0,0,1018.5,977.3,0,0,0,0,0.14,1.36,6.8,16.3,3,8,15.5,26.2,22.2,16.6,13.2,0.14,0.246,0.334,0.398,1,3600.0,185.0,123.0,62.0,494.1,185.0,331.3,116.9,77.7,39.2,494.1,116.9,209.3,25.486418713384328,89.20535812870952,179.025209142,504.83998608398434,5.388834273948749,189.79168113426195
40.808434,-8.4375,361.0,2019-05-31 20:00:00,22.5,51,12.0,21.5,0.0,0.0,0.0,0.0,0,1018.4,977.0,0,0,0,0,0.09,1.33,11.6,23.3,30,17,22.7,24.6,22.3,16.6,13.2,0.14,0.246,0.333,0.398,0,1239.13,38.0,17.0,21.0,148.0,38.0,93.8,0.0,0.0,0.0,0.0,0.0,0.0,30.109957887612616,89.19284842047718,182.069617166,511.29398608398435,6.851073902451035,192.6418619393089
40.808434,-8.4375,361.0,2019-05-31 21:00:00,22.1,40,7.9,19.8,0.0,0.0,0.0,0.0,0,1018.6,977.1,0,0,0,0,0.11,1.6,12.5,26.1,39,23,25.6,23.3,22.2,16.6,13.2,0.141,0.246,0.333,0.398,0,0.0,0.0,0.0,0.0,0.0,0.0,0.0,0.0,0.0,0.0,0.0,0.0,0.0,31.99148523801881,89.48071532605792,185.734279886,517.6759860839843,7.471301394630657,195.8228764077366
40.808434,-8.4375,361.0,2019-05-31 22:00:00,21.8,39,7.2,19.2,0.0,0.0,0.0,0.0,0,1018.8,977.2,0,0,0,0,0.11,1.6,13.0,26.4,46,28,27.4,22.3,22.2,16.7,13.2,0.141,0.246,0.333,0.398,0,0.0,0.0,0.0,0.0,0.0,0.0,0.0,0.0,0.0,0.0,0.0,0.0,0.0,33.11919665781265,89.64438480337671,189.41184264,524.0039860839843,7.843949060202723,198.99592611777894
40.808434,-8.4375,361.0,2019-05-31 23:00:00,21.7,37,6.6,19.0,0.0,0.0,0.0,0.0,0,1018.5,976.9,0,0,0,0,0.11,1.63,12.7,26.1,45,28,26.3,21.5,22.0,16.7,13.2,0.141,0.246,0.333,0.398,0,0.0,0.0,0.0,0.0,0.0,0.0,0.0,0.0,0.0,0.0,0.0,0.0,0.0,33.89842880456859,89.97267406466837,193.193395464,530.3139860839842,8.098546226565428,202.21733930502248
40.808434,-8.4375,361.0,2019-06-01 00:00:00,21.2,37,6.1,18.6,0.0,0.0,0.0,0.0,0,1018.4,976.8,0,0,0,0,0.1,1.58,11.1,22.5,54,32,26.3,20.5,21.8,16.7,13.3,0.138,0.244,0.332,0.397,0,0.0,0.0,0.0,0.0,0.0,0.0,0.0,0.0,0.0,0.0,0.0,0.0,0.0,32.342153260910365,90.02202251963689,196.892019498,537.5339860839842,7.524240148424414,205.5541822966501
40.808434,-8.4375,361.0,2019-06-01 01:00:00,21.1,35,4.9,18.3,0.0,0.0,0.0,0.0,0,1018.2,976.6,0,0,0,0,0.1,1.64,10.7,20.1,57,33,22.7,20.1,21.6,16.7,13.3,0.138,0.244,0.332,0.397,0,0.0,0.0,0.0,0.0,0.0,0.0,0.0,0.0,0.0,0.0,0.0,0.0,0.0,32.74070429973897,90.27159598827168,200.690947878,544.7359860839842,7.642337455749192,208.93914877520325
40.808434,-8.4375,361.0,2019-06-01 02:00:00,20.8,34,4.2,18.0,0.0,0.0,0.0,0.0,0,1017.8,976.1,0,0,0,0,0.09,1.63,9.7,18.0,59,33,21.6,19.7,21.5,16.7,13.3,0.138,0.244,0.332,0.397,0,0.0,0.0,0.0,0.0,0.0,0.0,0.0,0.0,0.0,0.0,0.0,0.0,0.0,32.21432238532271,90.43621879120374,204.496194642,551.8839860839843,7.439910858973781,212.3141324224784
40.808434,-8.4375,361.0,2019-06-01 03:00:00,20.2,34,3.7,17.6,0.0,0.0,0.0,0.0,0,1017.5,975.8,0,0,0,0,0.07,1.58,7.9,14.1,66,38,20.2,19.3,21.3,16.8,13.3,0.138,0.244,0.332,0.397,0,0.0,0.0,0.0,0.0,0.0,0.0,0.0,0.0,0.0,0.0,0.0,0.0,0.0,30.503146840467046,90.48572028562384,208.19718807,558.9239860839842,6.843046571359853,215.60973555735316
40.808434,-8.4375,361.0,2019-06-01 04:00:00,19.0,38,4.3,16.9,0.0,0.0,0.0,0.0,0,1017.5,975.6,7,0,0,22,0.03,1.36,4.8,7.9,77,43,16.9,18.8,21.1,16.8,13.3,0.138,0.244,0.332,0.397,0,0.0,0.0,0.0,0.0,0.0,0.0,0.0,0.0,0.0,0.0,0.0,0.0,0.0,27.599917915270684,90.53523812297944,211.47800896200002,565.7479860839842,5.894977306641236,218.63771204767397
40.808434,-8.4375,361.0,2019-06-01 05:00:00,21.5,30,3.0,19.6,0.0,0.0,0.0,0.0,0,1017.7,976.1,5,0,0,17,0.01,1.81,2.2,3.7,81,331,11.2,18.1,20.9,16.8,13.3,0.138,0.244,0.332,0.397,0,0.0,0.0,0.0,0.0,0.0,0.0,0.0,0.0,0.0,0.0,0.0,0.0,0.0,26.933155404441475,91.18884250675805,215.642877082,573.0219860839842,5.676293546265059,222.2189869075236
40.808434,-8.4375,361.0,2019-06-01 06:00:00,23.4,24,1.6,21.2,0.0,0.0,0.0,0.0,0,1017.9,976.6,13,0,0,43,0.03,2.19,2.3,4.0,72,350,4.7,17.9,20.6,16.8,13.3,0.139,0.244,0.332,0.397,1,957.6,34.0,15.0,19.0,135.8,34.0,88.0,76.4,33.7,42.7,226.8,45.7,197.7,31.076702133181033,92.62438793468976,220.54489000200002,580.6379860839842,6.98981957311632,226.24861641798552
40.808434,-8.4375,361.0,2019-06-01 07:00:00,23.8,34,7.0,22.7,0.0,0.0,0.0,0.0,0,1018.0,976.8,9,0,0,30,0.1,1.95,2.3,3.6,51,6,4.7,19.0,20.4,16.8,13.3,0.139,0.244,0.332,0.397,1,3600.0,179.0,116.0,63.0,483.0,179.0,319.6,247.3,160.2,87.0,483.0,247.3,441.5,30.85035513218355,92.53346636169647,224.87140344600002,588.3259860839842,6.901000436200543,229.98204836926172
40.808434,-8.4375,361.0,2019-06-01 08:00:00,25.7,36,9.5,25.4,0.0,0.0,0.0,0.0,0,1018.2,977.2,12,0,0,41,0.23,2.11,1.5,2.9,284,360,7.2,20.7,20.4,16.8,13.3,0.139,0.244,0.331,0.397,1,3600.0,368.0,280.0,88.0,664.4,368.0,560.8,444.5,338.2,106.3,664.4,444.5,677.4,29.866745378519532,92.46566798724899,229.38694187800002,596.3559860839841,6.565385063196596,233.87510088036328
40.808434,-8.4375,361.0,2019-06-01 09:00:00,26.8,38,11.3,26.6,0.0,0.0,0.0,0.0,1,1018.6,977.7,21,0,0,71,0.39,2.18,4.3,4.8,275,283,13.0,22.6,20.4,16.8,13.3,0.138,0.244,0.331,0.397,1,3600.0,557.0,449.0,108.0,760.1,557.0,786.0,630.2,508.0,122.2,760.1,630.2,889.3,32.3563943525169,92.29748099011961,233.940917146,604.5839860839841,7.383170358248403,237.82178953083388
40.808434,-8.4375,361.0,2019-06-01 10:00:00,26.9,45,13.8,28.1,0.0,0.0,0.0,0.0,1,1018.8,977.9,28,0,0,92,0.51,1.97,6.9,8.3,264,268,19.4,24.4,20.5,16.9,13.3,0.138,0.243,0.331,0.397,1,3600.0,717.0,578.0,139.0,784.9,717.0,979.8,777.8,627.0,150.8,784.9,777.8,1062.9,31.9933945021029,91.24320485027562,237.995213546,612.8299860839841,7.249018937077517,241.5108915358134
40.808434,-8.4375,361.0,2019-06-01 11:00:00,27.7,42,13.7,29.8,0.0,0.0,0.0,0.0,1,1019.0,978.2,29,0,0,97,0.6,2.14,6.4,7.4,254,256,19.8,26.0,20.6,16.9,13.3,0.137,0.242,0.331,0.397,1,3600.0,844.0,686.0,158.0,808.4,844.0,1129.1,886.7,720.7,166.0,808.4,886.7,1186.2,31.637519920853254,91.29297277142183,242.39280881,621.219986083984,7.1188733045062556,245.4025601666609
40.808434,-8.4375,361.0,2019-06-01 12:00:00,29.1,37,12.8,31.3,0.0,0.0,0.0,0.0,1,1018.8,978.2,22,0,0,72,0.68,2.56,6.8,8.0,273,275,20.2,27.3,20.7,16.9,13.3,0.135,0.243,0.332,0.397,1,3600.0,921.0,738.0,183.0,802.4,921.0,1223.7,941.5,754.4,187.1,802.4,941.5,1251.0,45.337890625,96.99072265625,159.109375,464.1044616699219,13.279550552368164,171.22265625
40.808434,-8.4375,361.0,2019-06-01 13:00:00,29.1,38,13.2,31.1,0.0,0.0,0.0,0.0,0,1018.5,977.9,10,0,0,34,0.72,2.51,9.7,11.9,297,299,24.1,28.6,21.0,16.9,13.3,0.134,0.242,0.331,0.397,1,3600.0,972.0,841.0,131.0,890.0,972.0,1257.2,968.6,838.0,130.5,890.0,968.6,1252.7,41.215855230334604,93.38445808938215,164.038767584,472.74646166992187,11.288620302516467,175.67951157247958
40.808434,-8.4375,361.0,2019-06-01 14:00:00,29.0,34,11.7,30.2,0.0,0.0,0.0,0.0,0,1018.2,977.6,9,0,0,29,0.71,2.62,11.2,14.5,312,314,27.4,29.3,21.4,16.9,13.3,0.133,0.241,0.331,0.397,1,3600.0,956.0,824.0,132.0,893.3,956.0,1227.2,928.1,799.9,128.1,893.3,928.1,1191.4,43.39721806784077,93.368899888078,169.26880994,481.3704616699219,12.148545479310496,180.15959758976228
40.808434,-8.4375,361.0,2019-06-01 15:00:00,28.9,30,9.6,28.8,0.0,0.0,0.0,0.0,0,1018.1,977.5,2,0,0,6,0.66,2.78,12.0,15.6,321,322,27.7,29.6,21.7,16.9,13.3,0.132,0.24,0.331,0.397,1,3600.0,867.0,743.0,124.0,870.3,867.0,1135.9,817.6,700.6,116.9,870.3,817.6,1071.1,44.91405125843529,93.41936960817516,174.79739594,489.9764616699219,12.737645202176333,184.7883190417676
40.808434,-8.4375,361.0,2019-06-01 16:00:00,28.3,29,8.6,27.0,0.0,0.0,0.0,0.0,0,1017.8,977.2,0,0,0,0,0.58,2.72,13.3,17.8,327,328,28.8,29.4,22.0,16.9,13.3,0.131,0.24,0.33,0.397,1,3600.0,742.0,630.0,112.0,847.1,742.0,989.4,675.0,573.1,101.9,847.1,675.0,900.2,47.2015855368756,93.46985599086783,180.292810424,498.4744616699219,13.696053020500564,189.36103530854038
40.808434,-8.4375,361.0,2019-06-01 17:00:00,27.5,31,8.6,25.5,0.0,0.0,0.0,0.0,0,1017.6,976.9,0,0,0,0,0.45,2.55,11.8,17.1,340,342,28.8,28.8,22.2,17.0,13.3,0.13,0.239,0.33,0.397,1,3600.0,573.0,472.0,101.0,787.0,573.0,797.9,495.6,408.3,87.4,787.0,495.6,690.1,45.341468375921515,93.52035904165719,185.488101668,506.82846166992186,12.788676190598624,193.72680153434405
40.808434,-8.4375,361.0,2019-06-01 18:00:00,25.9,38,10.7,24.6,0.0,0.0,0.0,0.0,0,1017.4,976.5,0,0,0,0,0.3,2.06,10.3,18.5,348,353,25.2,27.8,22.4,17.0,13.3,0.13,0.239,0.33,0.397,1,3600.0,383.0,298.0,85.0,690.4,383.0,574.2,303.7,236.3,67.4,690.4,303.7,455.4,39.077809532384656,92.37789879348094,189.89517450800003,514.8944616699218,10.1034788803592,197.6005916046178
40.808434,-8.4375,361.0,2019-06-01 19:00:00,23.8,46,11.4,22.8,0.0,0.0,0.0,0.0,0,1017.4,976.2,0,0,0,0,0.17,1.59,9.7,21.6,358,2,22.3,26.4,22.6,17.0,13.3,0.13,0.239,0.33,0.397,1,3600.0,192.0,129.0,63.0,514.2,192.0,333.7,121.9,81.9,40.0,514.2,121.9,211.9,32.86763002929229,90.71320188136441,193.43504914400003,522.5824616699218,7.740208365440646,200.93176235137355
40.808434,-8.4375,361.0,2019-06-01 20:00:00,22.0,45,9.6,20.0,0.0,0.0,0.0,0.0,0,1017.3,975.8,0,0,0,0,0.11,1.45,13.3,27.4,19,14,26.6,24.7,22.6,17.0,13.3,0.13,0.239,0.33,0.397,0,1500.81,40.0,19.0,21.0,164.0,40.0,95.1,0.0,0.0,0.0,0.0,0.0,0.0,35.59748256389627,90.26671241256265,196.77984367400003,529.9464616699219,8.706054817975081,204.09664907656082
40.808434,-8.4375,361.0,2019-06-01 21:00:00,21.2,38,6.4,18.4,0.0,0.0,0.0,0.0,0,1017.7,976.1,0,0,0,0,0.11,1.56,13.2,27.4,29,14,27.0,23.3,22.6,17.1,13.3,0.13,0.239,0.33,0.397,0,0.0,0.0,0.0,0.0,0.0,0.0,0.0,0.0,0.0,0.0,0.0,0.0,0.0,35.71080173185055,90.3161579443933,200.41975939000002,537.1664616699219,8.723791129744116,207.39188666456243
40.808434,-8.4375,361.0,2019-06-01 22:00:00,20.6,37,5.4,17.7,0.0,0.0,0.0,0.0,0,1018.0,976.3,8,0,0,25,0.11,1.53,12.8,26.2,40,18,27.4,22.2,22.5,17.1,13.3,0.13,0.239,0.329,0.397,0,0.0,0.0,0.0,0.0,0.0,0.0,0.0,0.0,0.0,0.0,0.0,0.0,0.0,35.46442663849956,90.36561980068335,204.01886887600003,544.2784616699219,8.610416724079672,210.64284607580737
40.808434,-8.4375,361.0,2019-06-01 23:00:00,19.7,38,5.2,17.0,0.0,0.0,0.0,0.0,1,1017.7,975.9,30,0,0,99,0.09,1.42,10.6,23.2,35,13,25.6,21.2,22.3,17.1,13.3,0.13,0.239,0.329,0.396,0,0.0,0.0,0.0,0.0,0.0,0.0,0.0,0.0,0.0,0.0,0.0,0.0,0.0,33.15976165794513,90.41509798682235,207.41394721200004,551.2284616699219,7.7616126132020415,213.75283275531316
40.808434,-8.4375,361.0,2019-06-02 00:00:00,19.2,41,5.7,16.7,0.0,0.0,0.0,0.0,1,1018.1,976.2,29,0,0,96,0.07,1.31,9.8,23.2,24,12,22.3,20.1,22.1,17.1,13.3,0.128,0.237,0.328,0.396,0,0.0,0.0,0.0,0.0,0.0,0.0,0.0,0.0,0.0,0.0,0.0,0.0,0.0,32.270050639707335,90.39757347918642,210.56708409400005,558.0884616699219,7.436291810676366,216.71625867085254
40.808434,-8.4375,361.0,2019-06-02 01:00:00,18.4,43,5.6,16.1,0.0,0.0,0.0,0.0,1,1018.0,976.0,30,0,0,99,0.06,1.21,8.5,20.0,36,18,20.9,19.4,21.9,17.1,13.3,0.128,0.237,0.328,0.396,0,0.0,0.0,0.0,0.0,0.0,0.0,0.0,0.0,0.0,0.0,0.0,0.0,0.0,29.89539698419789,90.04828811038021,213.49328568400006,564.8044616699219,6.625182152391557,219.53177016766236
40.808434,-8.4375,361.0,2019-06-02 02:00:00,18.5,41,5.0,16.1,0.0,0.0,0.0,0.0,1,1017.7,975.7,30,0,0,99,0.06,1.25,8.0,18.4,36,12,18.0,19.0,21.7,17.2,13.3,0.129,0.237,0.328,0.396,0,0.0,0.0,0.0,0.0,0.0,0.0,0.0,0.0,0.0,0.0,0.0,0.0,0.0,29.56559128761658,90.09766152935204,216.53769370800006,571.538461669922,6.506186983924124,222.41269597762556
40.808434,-8.4375,361.0,2019-06-02 03:00:00,18.4,39,4.4,16.0,0.0,0.0,0.0,0.0,1,1017.5,975.5,27,0,0,91,0.06,1.29,7.4,16.1,51,27,16.9,18.6,21.4,17.2,13.3,0.129,0.237,0.328,0.396,0,0.0,0.0,0.0,0.0,0.0,0.0,0.0,0.0,0.0,0.0,0.0,0.0,0.0,29.137279242824043,90.14705124897522,219.66924277800007,578.254461669922,6.357219792450681,225.33548631258935
40.808434,-8.4375,361.0,2019-06-02 04:00:00,18.1,39,3.9,15.9,0.0,0.0,0.0,0.0,0,1017.3,975.3,19,0,0,64,0.04,1.28,5.5,11.1,67,25,15.8,18.2,21.2,17.2,13.3,0.129,0.237,0.328,0.396,0,0.0,0.0,0.0,0.0,0.0,0.0,0.0,0.0,0.0,0.0,0.0,0.0,0.0,27.454786197747083,90.19645727463137,222.75261417000007,584.916461669922,5.8178020554156715,228.2219293422182
40.808434,-8.4375,361.0,2019-06-02 05:00:00,17.5,43,4.9,15.3,0.0,0.0,0.0,0.0,0,1017.5,975.4,10,0,0,33,0.05,1.14,7.2,9.8,37,352,12.6,17.6,21.0,17.2,13.3,0.129,0.237,0.328,0.396,0,0.0,0.0,0.0,0.0,0.0,0.0,0.0,0.0,0.0,0.0,0.0,0.0,0.0,28.289808358572643,89.8946580345899,225.54376030200007,591.470461669922,6.07001416501026,230.93399793647802
40.808434,-8.4375,361.0,2019-06-02 06:00:00,18.4,54,8.8,17.1,0.0,0.0,0.0,0.0,0,1017.6,975.6,10,0,7,19,0.05,0.98,6.6,10.7,45,14,13.7,17.3,20.7,17.2,13.3,0.129,0.237,0.328,0.396,1,848.38,34.0,14.0,20.0,126.1,34.0,88.7,76.3,31.4,44.9,210.0,45.8,199.0,24.20053971306935,88.52352383221022,227.90525632200007,598.186461669922,4.8373765305018415,233.4515780241658
40.808434,-8.4375,361.0,2019-06-02 07:00:00,22.8,35,6.7,21.5,0.0,0.0,0.0,0.0,0,1017.7,976.3,14,0,8,32,0.11,1.79,2.8,6.5,50,357,11.5,18.4,20.5,17.2,13.4,0.13,0.237,0.328,0.396,1,3600.0,180.0,117.0,63.0,485.2,180.0,320.8,248.3,161.4,86.9,485.2,248.3,442.5,24.867265971260466,90.11835336715805,231.99509363200008,605.694461669922,5.0212976032392564,237.02496984636306
40.808434,-8.4375,361.0,2019-06-02 08:00:00,22.5,44,9.8,21.5,0.0,0.0,0.0,0.0,1,1018.3,976.9,26,0,0,88,0.25,1.52,6.8,8.0,267,280,15.5,20.0,20.4,17.2,13.4,0.13,0.237,0.328,0.396,1,3600.0,369.0,278.0,91.0,658.4,369.0,561.7,445.5,335.6,109.9,658.4,445.5,678.1,28.73730161704607,90.16774991819861,235.47441708800008,613.148461669922,6.18619571010551,240.2673181253349
40.808434,-8.4375,361.0,2019-06-02 09:00:00,22.3,52,12.1,22.3,0.0,0.0,0.0,0.0,0,1018.7,977.2,17,0,0,58,0.35,1.28,4.7,5.4,279,290,19.1,21.6,20.3,17.2,13.4,0.129,0.237,0.327,0.396,1,3600.0,546.0,417.0,129.0,705.1,546.0,786.7,617.7,471.7,145.9,705.1,617.7,889.9,24.50837227942953,89.28840724669382,238.43142080000007,620.566461669922,4.905860209779075,243.2304271078544
40.808434,-8.4375,361.0,2019-06-02 10:00:00,24.0,46,11.7,24.9,0.0,0.0,0.0,0.0,0,1018.7,977.5,16,0,0,52,0.47,1.62,4.3,4.7,265,274,16.2,23.4,20.4,17.3,13.4,0.129,0.236,0.327,0.396,1,3600.0,706.0,561.0,145.0,761.2,706.0,980.3,765.8,608.5,157.3,761.2,765.8,1063.3,24.304688478830922,89.33752979073606,241.99972816400006,628.290461669922,4.841983990273143,246.5699840239202
40.808434,-8.4375,361.0,2019-06-02 11:00:00,25.2,42,11.4,26.5,0.0,0.0,0.0,0.0,1,1018.7,977.6,29,0,0,97,0.58,1.87,7.1,8.0,255,260,20.5,25.2,20.5,17.3,13.4,0.128,0.236,0.327,0.396,1,3600.0,852.0,703.0,149.0,827.8,852.0,1129.6,895.0,738.5,156.5,827.8,895.0,1186.7,27.60885692097039,89.62873465265751,246.01558772800007,636.2304616699221,5.813581591648561,250.1821063979039
40.808434,-8.4375,361.0,2019-06-02 12:00:00,23.6,53,13.5,25.3,0.0,0.0,0.0,0.0,1,1018.9,977.6,29,0,0,97,0.56,1.37,8.6,9.8,272,276,25.6,25.7,20.5,17.3,13.4,0.131,0.237,0.328,0.396,1,3600.0,857.0,552.0,305.0,599.7,857.0,1224.2,876.1,564.3,311.8,599.7,876.1,1251.5,63.810546875,97.7373046875,167.7109375,473.9544677734375,22.7255859375,177.7265625
40.808434,-8.4375,361.0,2019-06-02 13:00:00,23.2,56,14.0,24.6,0.0,0.0,0.0,0.0,1,1018.4,977.0,29,0,0,95,0.49,1.24,7.5,8.6,287,292,23.8,26.3,20.7,17.3,13.4,0.13,0.236,0.328,0.396,1,3600.0,740.0,320.0,420.0,338.4,740.0,1257.8,737.4,318.9,418.5,338.4,737.4,1253.4,28.737634296484835,90.25978649364939,170.525777572,481.5344677734375,6.493266501947965,180.89802936638512
40.808434,-8.4375,361.0,2019-06-02 14:00:00,24.0,48,12.4,25.4,0.0,0.0,0.0,0.0,1,1018.2,977.0,29,0,0,98,0.57,1.55,8.0,9.5,275,279,23.0,27.2,21.0,17.3,13.4,0.129,0.236,0.328,0.396,1,3600.0,849.0,547.0,302.0,592.5,849.0,1228.0,824.3,531.1,293.2,592.5,824.3,1192.3,28.666857898898524,90.0260687787789,173.961925404,489.2584677734375,6.439818796681865,184.1933060917066
40.808434,-8.4375,361.0,2019-06-02 15:00:00,23.0,51,12.4,23.6,0.0,0.0,0.0,0.0,1,1018.2,976.8,30,0,0,99,0.5,1.36,9.9,11.8,289,293,25.6,27.4,21.2,17.3,13.4,0.129,0.235,0.327,0.396,1,3600.0,771.0,508.0,263.0,594.3,771.0,1137.0,727.2,479.1,248.1,594.3,727.2,1072.3,28.935876845489762,89.42579791151731,177.070833598,496.80246777343746,6.502426383513621,187.27225501948706
40.808434,-8.4375,361.0,2019-06-02 16:00:00,21.5,55,12.1,20.8,0.0,0.0,0.0,0.0,1,1018.2,976.6,30,0,0,99,0.37,1.15,10.0,12.5,311,316,25.6,26.9,21.4,17.3,13.4,0.128,0.235,0.327,0.396,1,3600.0,562.0,254.0,308.0,341.0,562.0,990.8,511.4,231.2,280.3,341.0,511.4,901.7,26.746161599100013,88.56574721997312,179.748248818,504.07646777343746,5.776271911846357,190.0616475108072
40.808434,-8.4375,361.0,2019-06-02 17:00:00,20.2,55,10.9,19.3,0.0,0.0,0.0,0.0,1,1018.3,976.5,31,0,3,98,0.22,1.07,8.0,10.6,324,332,24.5,25.7,21.6,17.3,13.4,0.128,0.235,0.327,0.396,1,994.44,309.0,56.0,253.0,93.1,309.0,799.6,267.4,48.5,219.0,93.1,267.4,692.0,24.173531040435304,88.23200110746711,182.271653428,511.1164677734375,4.978325512021365,192.72335030463037
40.808434,-8.4375,361.0,2019-06-02 18:00:00,19.3,57,10.5,18.2,0.0,0.0,0.0,0.0,1,1018.3,976.4,39,0,15,99,0.18,0.97,8.7,11.8,322,329,20.2,24.6,21.7,17.3,13.4,0.128,0.234,0.327,0.396,1,2561.89,248.0,63.0,185.0,145.4,248.0,576.3,196.9,50.0,146.9,145.4,196.9,457.6,23.72681885323391,87.78109850430434,184.58102278,517.9944677734375,4.834394669319382,195.23659012186064
40.808434,-8.4375,361.0,2019-06-02 19:00:00,18.1,64,11.2,17.4,0.0,0.0,0.0,0.0,1,1018.1,976.1,48,0,30,99,0.1,0.75,7.8,10.7,338,346,20.5,23.3,21.7,17.4,13.4,0.128,0.234,0.327,0.396,1,2592.04,141.0,37.0,104.0,146.4,141.0,336.1,90.0,23.6,66.4,146.4,90.0,214.4,20.450058769279558,86.61884942906431,186.400717372,524.6564677734375,3.9148226557598536,197.43708965395746
40.808434,-8.4375,361.0,2019-06-02 20:00:00,16.5,74,12.0,16.5,0.0,0.0,0.0,0.0,1,1018.0,975.7,46,0,28,99,0.03,0.48,4.7,10.1,328,354,16.2,21.9,21.7,17.4,13.4,0.128,0.234,0.327,0.396,0,0.0,29.0,3.0,26.0,25.7,29.0,96.3,0.0,0.0,0.0,0.0,0.0,0.0,15.103986927706234,84.79958294602427,187.605422588,531.0304677734375,2.5980163589112384,199.23961925397768
40.808434,-8.4375,361.0,2019-06-02 21:00:00,15.7,81,12.4,15.5,0.0,0.0,0.0,0.0,2,1018.5,976.1,71,0,68,100,0.0,0.34,6.5,12.3,341,355,13.3,20.7,21.6,17.4,13.4,0.129,0.234,0.327,0.396,0,0.0,0.0,0.0,0.0,0.0,0.0,0.0,0.0,0.0,0.0,0.0,0.0,0.0,13.485700657133668,83.00011898919296,188.44576766,537.2604677734375,2.2405202711581453,200.8071850972688
40.808434,-8.4375,361.0,2019-06-02 22:00:00,15.1,85,12.6,14.9,0.0,0.0,0.0,0.0,1,1018.9,976.4,39,0,16,97,0.0,0.26,7.2,13.5,3,9,15.1,19.7,21.4,17.4,13.4,0.129,0.234,0.327,0.396,0,0.0,0.0,0.0,0.0,0.0,0.0,0.0,0.0,0.0,0.0,0.0,0.0,0.0,12.127435538580185,81.61505664048384,189.08550404,543.3824677734375,1.9566557819438122,202.23625476983315
40.808434,-8.4375,361.0,2019-06-02 23:00:00,14.7,86,12.3,14.6,0.0,0.0,0.0,0.0,1,1018.8,976.2,39,0,15,99,0.0,0.24,5.8,12.0,356,7,14.4,18.9,21.2,17.4,13.4,0.129,0.235,0.327,0.396,0,0.0,0.0,0.0,0.0,0.0,0.0,0.0,0.0,0.0,0.0,0.0,0.0,0.0,10.817092098373521,80.99510800449436,189.667848432,549.4324677734375,1.6971623841783445,203.61364080059653
40.808434,-8.4375,361.0,2019-06-03 00:00:00,15.1,83,12.1,15.0,0.0,0.0,0.0,0.0,2,1019.1,976.6,77,0,88,81,0.0,0.3,5.0,10.0,21,15,18.7,19.1,21.0,17.4,13.4,0.129,0.235,0.327,0.396,0,0.0,0.0,0.0,0.0,0.0,0.0,0.0,0.0,0.0,0.0,0.0,0.0,0.0,10.52023903661335,81.04149251292738,190.392882996,555.5544677734374,1.6386975588767214,205.07970160863215
40.808434,-8.4375,361.0,2019-06-03 01:00:00,15.0,80,11.6,15.0,0.0,0.0,0.0,0.0,0,1018.9,976.4,10,2,8,10,0.0,0.34,3.6,8.4,360,7,10.8,18.5,20.9,17.4,13.4,0.129,0.235,0.327,0.396,0,0.0,0.0,0.0,0.0,0.0,0.0,0.0,0.0,0.0,0.0,0.0,0.0,0.0,9.975094545665597,81.08789233522187,191.240599516,561.6584677734375,1.5351559367275376,206.60903584361415
40.808434,-8.4375,361.0,2019-06-03 02:00:00,13.5,89,11.6,13.4,0.0,0.0,0.0,0.0,1,1018.5,975.8,28,1,18,56,0.0,0.18,4.0,8.4,10,353,9.0,17.8,20.7,17.5,13.4,0.13,0.235,0.327,0.396,0,0.0,0.0,0.0,0.0,0.0,0.0,0.0,0.0,0.0,0.0,0.0,0.0,0.0,9.161662057239617,79.97017895287445,191.66340471200002,567.4924677734374,1.3868254620160843,207.8391758984997
40.808434,-8.4375,361.0,2019-06-03 03:00:00,13.8,84,11.2,13.7,0.6,0.6,0.0,0.0,53,1018.0,975.4,54,0,56,67,0.0,0.25,3.6,7.6,53,31,8.6,17.3,20.5,17.5,13.4,0.136,0.235,0.327,0.396,0,0.0,0.0,0.0,0.0,0.0,0.0,0.0,0.0,0.0,0.0,0.0,0.0,0.0,7.951292079505751,78.47792902030365,192.29103085600002,573.3804677734374,1.1770454744452683,209.19282753392494
40.808434,-8.4375,361.0,2019-06-03 04:00:00,13.5,85,11.0,13.5,0.1,0.1,0.0,0.0,51,1017.9,975.2,38,0,41,46,0.0,0.24,2.3,4.7,51,4,12.6,16.9,20.2,17.5,13.4,0.138,0.235,0.327,0.395,0,0.0,0.0,0.0,0.0,0.0,0.0,0.0,0.0,0.0,0.0,0.0,0.0,0.0,6.25136830136703,75.84882564576225,192.86758339600001,579.2144677734374,0.9040889811469054,210.50205213914117
40.808434,-8.4375,361.0,2019-06-03 05:00:00,13.6,81,10.4,13.3,0.0,0.0,0.0,0.0,1,1018.1,975.4,20,18,4,5,0.0,0.3,3.3,7.2,49,357,7.9,16.6,20.0,17.5,13.4,0.138,0.235,0.327,0.395,0,0.0,0.0,0.0,0.0,0.0,0.0,0.0,0.0,0.0,0.0,0.0,0.0,0.0,6.302278203286413,75.12592756627893,193.602885334,585.0664677734374,0.9109123074742974,211.9041152629779
40.808434,-8.4375,361.0,2019-06-03 06:00:00,14.4,81,11.2,14.1,0.0,0.0,0.0,0.0,1,1017.9,975.3,26,28,1,1,0.02,0.32,4.7,6.2,58,21,9.4,16.5,19.8,17.5,13.4,0.138,0.235,0.327,0.395,1,503.02,30.0,11.0,19.0,98.7,30.0,89.3,67.3,24.7,42.6,163.9,40.5,200.3,6.719755686814557,75.07074155427397,194.37820370400001,591.0624677734373,0.9744814771261345,213.34969324760579
40.808434,-8.4375,361.0,2019-06-03 07:00:00,16.2,76,11.9,16.6,0.0,0.0,0.0,0.0,1,1018.2,975.9,30,33,0,0,0.08,0.44,1.6,2.6,297,326,9.7,17.1,19.6,17.5,13.4,0.138,0.235,0.327,0.395,1,3600.0,156.0,90.0,66.0,371.9,156.0,321.8,214.9,124.0,90.9,371.9,214.9,443.4,5.993701391999267,75.65138995863339,195.471284136,597.3824677734374,0.8621990071107207,215.0360849061325
40.808434,-8.4375,361.0,2019-06-03 08:00:00,17.4,79,13.8,18.0,0.0,0.0,0.0,0.0,1,1018.2,976.1,31,34,1,0,0.18,0.42,4.5,4.9,299,306,15.5,18.3,19.4,17.5,13.4,0.139,0.235,0.326,0.395,1,3600.0,336.0,223.0,113.0,527.2,336.0,562.5,405.5,269.1,136.4,527.2,405.5,678.8,7.1473684323958295,76.29598315813527,196.494072546,603.9184677734373,1.039692910952581,216.71187291737263
40.808434,-8.4375,361.0,2019-06-03 09:00:00,19.0,72,13.8,19.5,0.0,0.0,0.0,0.0,2,1018.1,976.2,56,62,1,0,0.3,0.62,5.2,6.3,286,294,18.4,19.9,19.4,17.5,13.4,0.138,0.235,0.326,0.395,1,3600.0,513.0,365.0,148.0,616.5,513.0,787.2,580.2,412.8,167.4,616.5,580.2,890.4,8.606370618271352,78.51107097173438,197.97573359400002,610.7424677734373,1.279643185444272,218.7106415284428
40.808434,-8.4375,361.0,2019-06-03 10:00:00,20.2,67,14.0,20.9,0.0,0.0,0.0,0.0,2,1018.0,976.3,57,63,0,0,0.38,0.78,7.6,8.7,262,265,22.3,21.5,19.4,17.5,13.4,0.138,0.235,0.326,0.395,1,3600.0,628.0,418.0,210.0,566.7,628.0,980.8,681.1,453.3,227.8,566.7,681.1,1063.7,11.684521902963395,80.91750606452105,199.82623030800002,617.7824677734372,1.8421024665726031,220.96810818954162
40.808434,-8.4375,361.0,2019-06-03 11:00:00,20.9,66,14.2,21.9,0.0,0.0,0.0,0.0,1,1018.1,976.4,47,52,0,0,0.44,0.85,9.2,11.1,259,257,25.6,22.9,19.5,17.5,13.4,0.137,0.234,0.326,0.395,1,3600.0,714.0,439.0,275.0,516.6,714.0,1130.0,750.1,461.2,288.9,516.6,750.1,1187.1,14.025248249289564,82.18213916625967,201.79545998800003,624.9484677734373,2.3170362979366246,223.31790153152045
40.808434,-8.4375,361.0,2019-06-03 12:00:00,20.4,70,14.6,22.2,0.0,0.0,0.0,0.0,3,1018.1,976.4,89,99,0,0,0.5,0.73,10.1,12.2,272,272,28.1,23.0,19.5,17.5,13.5,0.134,0.237,0.328,0.395,1,3600.0,849.0,626.0,223.0,679.7,849.0,1224.6,867.9,640.0,228.0,679.7,867.9,1252.0,52.9658203125,96.0205078125,173.95703125,482.8047180175781,16.6708984375,182.92578125
40.808434,-8.4375,361.0,2019-06-03 13:00:00,20.3,70,14.6,20.5,0.0,0.0,0.0,0.0,1,1017.7,976.0,32,36,0,0,0.37,0.73,11.2,13.4,276,276,28.1,23.7,19.7,17.5,13.5,0.134,0.237,0.328,0.395,1,3600.0,606.0,226.0,380.0,238.8,606.0,1258.3,603.9,225.2,378.7,238.8,603.9,1254.1,22.371581686198223,86.39521353910881,175.64719897,489.8627180175781,4.50170167734012,185.24176631293486
40.808434,-8.4375,361.0,2019-06-03 14:00:00,20.7,69,14.9,21.9,0.0,0.0,0.0,0.0,0,1017.3,975.7,12,13,0,0,0.46,0.75,11.5,14.1,272,274,29.5,24.6,19.9,17.5,13.5,0.133,0.236,0.328,0.395,1,3600.0,773.0,600.0,173.0,649.3,773.0,1228.8,750.6,582.6,168.0,649.3,750.6,1193.2,16.830125615397325,83.40488422970498,177.426350598,496.9927180175781,3.0371392917959676,187.5047546130536
40.808434,-8.4375,361.0,2019-06-03 15:00:00,20.8,68,14.6,22.0,0.0,0.0,0.0,0.0,0,1017.0,975.4,12,13,0,0,0.47,0.79,11.9,14.5,275,277,29.9,25.3,20.1,17.5,13.5,0.133,0.236,0.328,0.395,1,3600.0,804.0,630.0,174.0,736.1,804.0,1138.0,758.4,594.3,164.1,736.1,758.4,1073.5,16.050305878953044,82.73385642022207,179.271318726,504.14071801757814,2.8433301545497884,189.80608374888448
40.808434,-8.4375,361.0,2019-06-03 16:00:00,19.9,69,13.9,20.2,0.0,0.0,0.0,0.0,0,1016.8,975.1,4,5,0,0,0.39,0.73,11.6,14.3,286,288,30.2,25.3,20.3,17.5,13.5,0.132,0.236,0.327,0.395,1,3600.0,680.0,522.0,158.0,699.5,680.0,992.2,619.0,475.2,143.8,699.5,619.0,903.2,15.109662438371547,82.19594567760126,180.985180386,511.1267180175781,2.619325302445547,192.00363855745755
40.808434,-8.4375,361.0,2019-06-03 17:00:00,19.0,71,13.7,18.6,0.0,0.0,0.0,0.0,0,1016.7,974.8,11,9,0,10,0.3,0.64,11.5,14.8,302,304,29.2,24.9,20.5,17.5,13.5,0.132,0.235,0.327,0.395,1,3600.0,531.0,416.0,115.0,690.3,531.0,801.2,459.8,360.2,99.6,690.3,459.8,693.9,14.179756763848285,81.53133896018505,182.5197579,517.9507180175781,2.4061884561711895,194.06975358339534
40.808434,-8.4375,361.0,2019-06-03 18:00:00,18.1,70,12.5,17.3,0.0,0.0,0.0,0.0,0,1016.4,974.4,16,11,0,20,0.2,0.63,11.2,14.3,312,315,28.1,24.0,20.6,17.5,13.5,0.132,0.235,0.327,0.395,1,3600.0,355.0,259.0,96.0,595.5,355.0,578.3,282.3,205.9,76.3,595.5,282.3,459.8,13.735032827403597,81.29059998125571,184.03617006,524.6127180175781,2.3044893748597914,196.0950689730686
40.808434,-8.4375,361.0,2019-06-03 19:00:00,16.9,74,12.3,16.1,0.0,0.0,0.0,0.0,0,1016.3,974.2,17,14,0,15,0.1,0.49,10.5,14.2,322,324,25.6,22.7,20.7,17.5,13.5,0.132,0.235,0.327,0.395,1,3600.0,173.0,106.0,67.0,416.4,173.0,338.4,110.9,67.9,42.9,416.4,110.9,216.9,12.25530844780217,80.29258295547022,185.26825494,531.0587180175781,1.9907366857156144,197.9187627615661
40.808434,-8.4375,361.0,2019-06-03 20:00:00,15.5,83,12.6,15.4,0.0,0.0,0.0,0.0,0,1016.2,973.9,11,6,0,20,0.02,0.3,6.5,11.1,326,335,22.7,21.3,20.7,17.5,13.5,0.132,0.235,0.327,0.395,1,1017.63,37.0,15.0,22.0,127.4,37.0,98.0,0.0,0.0,0.0,0.0,0.0,0.0,8.541273495432808,77.82273357246893,186.011191592,537.2527180175781,1.2880785803561692,199.4152308107994
40.808434,-8.4375,361.0,2019-06-03 21:00:00,14.3,92,13.0,14.7,0.0,0.0,0.0,0.0,0,1016.5,974.0,19,2,0,57,0.0,0.14,3.7,8.8,331,348,14.0,19.9,20.6,17.5,13.5,0.133,0.235,0.327,0.395,0,0.0,0.0,0.0,0.0,0.0,0.0,0.0,0.0,0.0,0.0,0.0,0.0,0.0,6.117479473547463,74.33249959022335,186.335535304,543.230718017578,0.8912014555204266,200.6267774221441
40.808434,-8.4375,361.0,2019-06-03 22:00:00,13.1,98,12.8,13.4,0.0,0.0,0.0,0.0,0,1016.2,973.5,8,3,0,18,0.0,0.03,4.0,6.1,333,360,9.0,18.7,20.5,17.6,13.5,0.133,0.235,0.327,0.395,0,0.0,0.0,0.0,0.0,0.0,0.0,0.0,0.0,0.0,0.0,0.0,0.0,0.0,5.373013359204619,70.55508041121041,186.410302848,548.992718017578,0.7791574210570889,201.6473617647841
40.808434,-8.4375,361.0,2019-06-03 23:00:00,12.5,100,12.5,12.8,0.0,0.0,0.0,0.0,2,1016.0,973.2,50,54,0,6,0.0,0.0,3.6,7.3,307,327,8.3,17.7,20.3,17.6,13.5,0.133,0.235,0.327,0.395,0,0.0,0.0,0.0,0.0,0.0,0.0,0.0,0.0,0.0,0.0,0.0,0.0,0.0,4.666625574833093,66.87191746907226,186.410302848,554.646718017578,0.677683864266669,202.59557340442564
40.808434,-8.4375,361.0,2019-06-04 00:00:00,13.5,98,13.2,14.2,0.0,0.0,0.0,0.0,3,1015.8,973.2,97,100,0,24,0.0,0.03,2.7,6.8,157,205,8.3,18.1,20.2,17.6,13.5,0.134,0.235,0.327,0.395,0,0.0,0.0,0.0,0.0,0.0,0.0,0.0,0.0,0.0,0.0,0.0,0.0,0.0,3.949636725532538,64.00662002907723,186.48717652,560.4807180175779,0.5796505637042386,203.60884987708852
40.808434,-8.4375,361.0,2019-06-04 01:00:00,14.2,95,13.3,13.9,0.1,0.1,0.0,0.0,51,1015.0,972.5,74,74,0,25,0.0,0.09,9.4,13.2,220,227,19.4,17.7,20.0,17.6,13.5,0.135,0.235,0.327,0.395,0,0.0,0.0,0.0,0.0,0.0,0.0,0.0,0.0,0.0,0.0,0.0,0.0,0.0,5.157698095624168,62.21142565050178,186.68857501,566.440718017578,0.7458711059431282,204.70747966723187
40.808434,-8.4375,361.0,2019-06-04 02:00:00,13.8,95,12.9,12.9,0.5,0.5,0.0,0.0,53,1014.2,971.7,63,63,0,20,0.0,0.09,12.7,19.0,241,245,25.2,17.3,19.8,17.6,13.5,0.14,0.235,0.327,0.395,0,0.0,0.0,0.0,0.0,0.0,0.0,0.0,0.0,0.0,0.0,0.0,0.0,0.0,3.670710473986211,55.26590972386532,186.88470818,572.328718017578,0.5421020031737414,205.78224058866854
40.808434,-8.4375,361.0,2019-06-04 03:00:00,13.5,99,13.3,13.2,0.2,0.2,0.0,0.0,51,1014.1,971.6,90,100,0,0,0.0,0.02,9.4,15.8,238,246,24.8,16.9,19.7,17.6,13.5,0.142,0.235,0.327,0.395,0,0.0,0.0,0.0,0.0,0.0,0.0,0.0,0.0,0.0,0.0,0.0,0.0,0.0,0.42906337028906955,43.91921161459429,186.92314501599998,578.162718017578,0.11127820145238367,206.7432514938999
40.808434,-8.4375,361.0,2019-06-04 04:00:00,13.5,97,13.1,13.0,0.1,0.1,0.0,0.0,51,1013.9,971.4,60,65,0,6,0.0,0.04,10.3,16.5,245,250,20.5,16.7,19.5,17.6,13.5,0.143,0.235,0.327,0.395,0,0.0,0.0,0.0,0.0,0.0,0.0,0.0,0.0,0.0,0.0,0.0,0.0,0.0,0.3623060342089492,42.628788597135866,187.03845552399997,583.9967180175779,0.0938876719879196,207.74170052583827
40.808434,-8.4375,361.0,2019-06-04 05:00:00,13.3,98,13.1,12.9,0.1,0.1,0.0,0.0,51,1013.8,971.3,91,100,1,0,0.0,0.02,10.0,15.5,232,239,20.9,16.5,19.3,17.6,13.5,0.144,0.235,0.327,0.395,0,0.0,0.0,0.0,0.0,0.0,0.0,0.0,0.0,0.0,0.0,0.0,0.0,0.0,0.23587312311594621,40.320884449548814,187.11427613199996,589.7947180175779,0.06107691815495212,208.70093821190798
40.808434,-8.4375,361.0,2019-06-04 06:00:00,13.5,97,13.0,13.0,0.1,0.1,0.0,0.0,51,1013.9,971.4,95,100,9,0,0.01,0.05,10.2,16.1,219,222,21.2,16.4,19.1,17.6,13.5,0.145,0.236,0.327,0.395,1,0.0,21.0,5.0,16.0,44.7,21.0,89.8,47.1,11.2,35.9,74.0,28.4,201.4,0.1811143958431579,38.90009936632696,187.22958663999995,595.6287180175779,0.04686160689950874,209.68137107868185
40.808434,-8.4375,361.0,2019-06-04 07:00:00,14.0,90,12.5,12.9,0.3,0.3,0.0,0.0,51,1014.0,971.5,100,100,93,1,0.05,0.15,13.3,19.0,213,213,26.6,16.4,18.9,17.6,13.5,0.149,0.236,0.327,0.395,1,0.0,65.0,10.0,55.0,41.2,65.0,322.8,89.5,13.8,75.7,41.2,89.5,444.3,0.5812980327474415,44.56832852344341,187.62711829999995,601.5527180175778,0.15027107252018432,210.84520899003277
40.808434,-8.4375,361.0,2019-06-04 08:00:00,14.0,96,13.4,13.1,1.7,1.7,0.0,0.0,61,1013.8,971.4,100,100,100,40,0.04,0.06,13.7,21.4,210,213,27.7,16.5,18.8,17.6,13.5,0.172,0.236,0.327,0.395,1,0.0,70.0,1.0,69.0,2.4,70.0,563.2,84.4,1.2,83.2,2.4,84.4,679.4,0.026689116065372994,30.41642815111973,104.35321506269788,596.1000074735839,0.0077008498965759195,145.17195557656964
40.808434,-8.4375,361.0,2019-06-04 09:00:00,13.8,98,13.5,12.5,2.7,2.7,0.0,0.0,63,1014.3,971.8,100,94,63,5,0.04,0.03,16.8,27.0,293,304,35.6,16.5,18.6,17.6,13.5,0.209,0.236,0.327,0.395,1,0.0,65.0,0.0,65.0,0.0,65.0,787.7,73.5,0.0,73.5,0.0,73.5,890.8,6.022080081705856e-05,13.875871290652741,61.74756969921355,572.1653633062987,2.2041876255558718e-05,97.25575586847839
40.808434,-8.4375,361.0,2019-06-04 10:00:00,14.4,87,12.3,13.0,0.2,0.2,0.0,0.0,51,1014.8,972.4,60,33,10,80,0.12,0.21,15.2,21.1,329,330,35.6,16.8,18.5,17.6,13.5,0.211,0.236,0.327,0.395,1,1085.82,223.0,71.0,152.0,96.2,223.0,981.2,241.8,77.0,164.8,96.2,241.8,1064.1,0.0038706729157653576,25.420497947577836,38.327629399721474,548.7401716730254,0.0018981571697412945,65.25981930799915
40.808434,-8.4375,361.0,2019-06-04 11:00:00,16.0,75,11.6,14.8,0.0,0.0,0.0,0.0,2,1014.9,972.7,52,29,14,60,0.32,0.45,15.5,20.2,318,320,37.8,18.0,18.4,17.6,13.5,0.211,0.236,0.326,0.395,1,3600.0,641.0,395.0,246.0,464.5,641.0,1130.3,673.4,415.0,258.4,464.5,673.4,1187.4,0.13462939815590166,40.79931225270253,24.338223534708558,527.219690028421,0.08810062726113742,43.64002359456873
40.808434,-8.4375,361.0,2019-06-04 12:00:00,16.2,73,11.4,16.2,0.0,0.0,0.0,0.0,1,1014.9,972.7,26,21,12,0,0.42,0.5,14.8,19.1,311,314,36.4,18.4,18.3,17.6,13.5,0.193,0.236,0.326,0.394,1,3600.0,862.0,604.0,258.0,655.4,862.0,1225.0,881.3,617.5,263.8,655.4,881.3,1252.4,38.7392578125,90.6298828125,177.19921875,490.3951416015625,10.135972023010254,185.97265625
40.808434,-8.4375,361.0,2019-06-04 13:00:00,17.2,63,10.0,16.4,0.0,0.0,0.0,0.0,0,1014.9,972.9,20,19,4,0,0.45,0.73,16.9,21.9,310,312,39.2,19.9,18.4,17.6,13.5,0.191,0.235,0.326,0.394,1,3600.0,865.0,669.0,196.0,706.4,865.0,1258.8,862.1,666.8,195.3,706.4,862.1,1254.6,6.217066369583986,62.998570585450395,83.50944129647569,472.7529254993433,1.1319697532726944,115.85560066952267
40.808434,-8.4375,361.0,2019-06-04 14:00:00,17.2,59,9.2,16.2,0.0,0.0,0.0,0.0,0,1014.8,972.8,16,18,0,0,0.46,0.8,17.3,22.3,306,308,39.6,21.0,18.5,17.6,13.5,0.19,0.235,0.326,0.394,1,3600.0,884.0,692.0,192.0,748.2,884.0,1229.5,858.5,672.0,186.5,748.2,858.5,1194.0,4.199323360383862,60.007668091340314,52.743333326399615,456.12284173203824,0.9792700195242933,81.83064390553677
40.808434,-8.4375,361.0,2019-06-04 15:00:00,16.7,54,7.5,15.0,0.0,0.0,0.0,0.0,1,1014.7,972.6,32,35,1,0,0.44,0.87,17.8,23.2,302,303,40.7,21.6,18.6,17.6,13.6,0.188,0.235,0.326,0.394,1,3600.0,840.0,680.0,160.0,793.6,840.0,1138.9,792.6,641.6,151.0,793.6,792.6,1074.6,3.456356283133265,60.89339063649896,34.70451318879325,440.3190126706953,1.059460242561853,57.983791497552005
40.808434,-8.4375,361.0,2019-06-04 16:00:00,16.0,59,8.1,13.2,0.0,0.0,0.0,0.0,3,1014.8,972.6,94,96,12,0,0.34,0.74,19.5,25.8,304,306,42.1,21.5,18.8,17.5,13.6,0.187,0.235,0.326,0.394,1,3600.0,657.0,470.0,187.0,628.9,657.0,993.4,598.3,428.0,170.3,628.9,598.3,904.6,2.3889063812867115,59.184682798289266,22.543825010131396,425.2271489638019,1.0371605326953002,39.811091988626806
40.808434,-8.4375,361.0,2019-06-04 17:00:00,14.7,67,8.6,11.6,0.0,0.0,0.0,0.0,1,1014.8,972.4,38,32,15,0,0.2,0.56,19.1,25.9,306,308,42.8,20.6,18.9,17.5,13.6,0.186,0.234,0.326,0.394,1,3600.0,345.0,174.0,171.0,288.1,345.0,802.8,298.9,150.8,148.2,288.1,298.9,695.6,0.7318412901950535,54.020636285478126,14.65364281401391,410.67273129052006,0.6664474040988617,26.90704009942694
40.808434,-8.4375,361.0,2019-06-04 18:00:00,14.1,69,8.5,11.1,0.1,0.1,0.0,0.0,51,1014.7,972.2,34,21,25,0,0.17,0.5,18.1,25.2,311,312,40.7,19.8,18.9,17.5,13.6,0.186,0.234,0.325,0.394,1,3600.0,304.0,204.0,100.0,467.4,304.0,580.2,242.0,162.4,79.6,467.4,242.0,461.8,0.3773515509529896,50.72000233142792,9.520430379223363,396.2947753679394,0.44516719913094227,17.96207606774217
40.808434,-8.4375,361.0,2019-06-04 19:00:00,13.2,74,8.6,10.5,0.3,0.3,0.0,0.0,51,1014.5,971.9,25,8,30,0,0.09,0.4,16.3,23.4,315,316,38.2,18.8,18.9,17.5,13.6,0.188,0.234,0.325,0.394,1,3600.0,155.0,93.0,62.0,362.9,155.0,340.6,99.8,59.9,39.9,362.9,99.8,219.2,0.12382513192560321,45.11387780294271,5.960312725706852,381.2000013400152,0.1903133039274192,11.47218746165106
40.808434,-8.4375,361.0,2019-06-04 20:00:00,12.2,78,8.6,9.9,0.1,0.1,0.0,0.0,51,1014.6,971.9,38,27,23,0,0.04,0.31,13.2,22.5,317,319,33.1,17.6,18.8,17.5,13.6,0.188,0.234,0.325,0.394,1,1024.19,34.0,15.0,19.0,126.4,34.0,100.5,0.0,0.0,0.0,0.0,0.0,0.0,0.025701217746505644,38.60299756847701,3.5587606262492186,366.27643692650463,0.05136303717280046,6.9487355753785875
40.808434,-8.4375,361.0,2019-06-04 21:00:00,11.5,82,8.6,9.4,0.1,0.1,0.0,0.0,51,1015.1,972.2,45,28,33,0,0.01,0.24,11.8,20.7,329,329,28.4,16.6,18.7,17.5,13.6,0.189,0.235,0.325,0.394,0,0.0,0.0,0.0,0.0,0.0,0.0,0.0,0.0,0.0,0.0,0.0,0.0,0.0,0.0046515407328976376,32.505437666909444,1.937506201183754,351.5718668546336,0.012075133562881245,3.8223501460181684
40.808434,-8.4375,361.0,2019-06-04 22:00:00,11.0,83,8.3,8.3,0.2,0.2,0.0,0.0,51,1015.8,972.8,100,85,49,0,0.01,0.22,15.6,26.4,326,328,31.7,15.8,18.5,17.5,13.6,0.191,0.235,0.325,0.394,0,0.0,0.0,0.0,0.0,0.0,0.0,0.0,0.0,0.0,0.0,0.0,0.0,0.0,0.003076932792319087,31.102985285930224,0.9220789169142215,336.7393025606487,0.010183701896584905,1.831619221206995
40.808434,-8.4375,361.0,2019-06-04 23:00:00,10.8,87,8.6,8.8,0.1,0.1,0.0,0.0,51,1015.7,972.7,97,82,39,0,0.0,0.17,11.3,20.3,333,337,33.5,15.2,18.4,17.5,13.6,0.192,0.235,0.325,0.394,0,0.0,0.0,0.0,0.0,0.0,0.0,0.0,0.0,0.0,0.0,0.0,0.0,0.0,0.00034584679606963124,25.01457216899313,0.407272502,322.22806569364445,0.0013675630744562947,0.8119792991781944
40.808434,-8.4375,361.0,2019-06-05 00:00:00,10.3,88,8.4,8.5,0.2,0.2,0.0,0.0,51,1016.3,973.2,100,100,37,30,0.0,0.15,9.7,16.8,333,337,29.9,15.2,18.2,17.5,13.6,0.194,0.235,0.325,0.394,0,0.0,0.0,0.0,0.0,0.0,0.0,0.0,0.0,0.0,0.0,0.0,0.0,0.0,8.220621550309109e-05,21.173045088705926,0.36014788799999997,307.6212122368181,0.00033161949604413574,0.7181937107180804
40.808434,-8.4375,361.0,2019-06-05 01:00:00,9.9,94,8.9,8.4,0.2,0.2,0.0,0.0,51,1016.3,973.1,100,100,30,0,0.0,0.08,8.5,15.4,324,327,27.4,14.7,18.0,17.5,13.6,0.196,0.235,0.325,0.394,0,0.0,0.0,0.0,0.0,0.0,0.0,0.0,0.0,0.0,0.0,0.0,0.0,0.0,2.3541366335937623e-06,13.181076807695643,0.17375555999999998,292.96636293705376,1.0389469599671518e-05,0.3469966190240842
40.808434,-8.4375,361.0,2019-06-05 02:00:00,10.2,95,9.4,9.0,0.1,0.1,0.0,0.0,51,1016.0,972.9,76,80,7,0,0.0,0.06,7.2,13.0,323,326,26.6,14.5,17.8,17.5,13.6,0.197,0.235,0.325,0.394,0,0.0,0.0,0.0,0.0,0.0,0.0,0.0,0.0,0.0,0.0,0.0,0.0,0.0,3.928284394736595e-07,9.861247076336934,0.14874528999999997,279.06246443093977,1.7580134796157502e-06,0.297094688029912
40.808434,-8.4375,361.0,2019-06-05 03:00:00,9.7,98,9.3,8.2,0.3,0.3,0.0,0.0,51,1015.9,972.7,74,64,28,0,0.0,0.03,8.8,16.1,325,326,24.5,14.1,17.6,17.5,13.6,0.201,0.235,0.325,0.394,0,0.0,0.0,0.0,0.0,0.0,0.0,0.0,0.0,0.0,0.0,0.0,0.0,0.0,3.09370196734841e-08,5.5170628151911805,0.056865455999999995,266.3349855084488,1.4677443352333885e-07,0.1136702373774963
40.808434,-8.4375,361.0,2019-06-05 04:00:00,9.6,97,9.1,8.3,0.1,0.1,0.0,0.0,51,1016.0,972.8,51,39,27,0,0.0,0.04,6.9,14.3,332,332,19.8,13.8,17.4,17.5,13.6,0.202,0.235,0.325,0.394,0,0.0,0.0,0.0,0.0,0.0,0.0,0.0,0.0,0.0,0.0,0.0,0.0,0.0,1.864246977102928e-08,4.850707583878315,0.08450838599999999,254.4420401053808,8.677036873276123e-08,0.16887654866509996
40.808434,-8.4375,361.0,2019-06-05 05:00:00,9.4,96,8.8,8.2,0.0,0.0,0.0,0.0,2,1016.2,973.0,73,62,29,0,0.0,0.04,6.1,13.8,332,332,16.2,13.5,17.2,17.5,13.6,0.203,0.235,0.325,0.394,0,0.0,0.0,0.0,0.0,0.0,0.0,0.0,0.0,0.0,0.0,0.0,0.0,0.0,2.6169909501548206e-08,5.412077681044781,0.11057172000000001,243.2979317228663,1.1979769331990944e-07,0.2208924672536811
40.808434,-8.4375,361.0,2019-06-05 06:00:00,9.9,95,9.1,8.3,0.1,0.1,0.0,0.0,51,1016.5,973.3,66,55,28,0,0.01,0.06,9.2,15.8,329,330,19.4,13.4,17.0,17.5,13.6,0.204,0.236,0.325,0.394,1,149.53,24.0,8.0,16.0,71.2,24.0,90.3,53.8,17.9,35.9,117.8,32.5,202.4,1.3612348909120796e-07,7.814771872227466,0.1447963,232.6813349728744,6.105805069463598e-07,0.28914277015765943
40.808434,-8.4375,361.0,2019-06-05 07:00:00,10.9,97,10.4,9.4,0.1,0.1,0.0,0.0,51,1017.1,974.1,94,87,26,0,0.05,0.04,11.4,17.7,325,331,31.3,13.7,16.8,17.5,13.6,0.206,0.236,0.325,0.394,1,3600.0,132.0,57.0,75.0,234.1,132.0,323.7,181.5,78.4,103.1,234.1,181.5,445.0,8.348522873390271e-08,6.860743802264008,0.09477576,222.65078217916994,3.859900806162867e-07,0.18935001844083074
40.808434,-8.4375,361.0,2019-06-05 08:00:00,11.6,94,10.7,10.3,0.2,0.2,0.0,0.0,51,1017.5,974.6,100,97,23,0,0.11,0.08,11.0,16.2,319,328,32.4,14.4,16.7,17.5,13.6,0.207,0.236,0.325,0.394,1,3600.0,266.0,135.0,131.0,318.2,266.0,563.8,320.8,162.8,158.0,318.2,320.8,679.9,8.280115006998707e-07,10.841487391698271,0.200608692,213.39510669105144,3.6024646192534715e-06,0.40027665277849767
40.808434,-8.4375,361.0,2019-06-05 09:00:00,12.6,87,10.5,11.0,0.3,0.3,0.0,0.0,51,1017.9,975.1,77,70,24,0,0.17,0.19,12.5,17.4,316,322,32.8,15.3,16.6,17.4,13.6,0.21,0.236,0.325,0.394,1,3600.0,383.0,156.0,227.0,263.0,383.0,788.1,433.1,176.4,256.7,263.0,433.1,891.2,0.0001523762100187724,22.360328077385336,0.46887674599999996,208.43022016022903,0.0005879632979131161,0.9325091486545357
40.808434,-8.4375,361.0,2019-06-05 10:00:00,13.8,82,10.7,12.1,0.0,0.0,0.0,0.0,1,1018.0,975.3,44,36,18,3,0.25,0.29,13.0,17.3,312,317,37.4,16.3,16.6,17.4,13.6,0.209,0.236,0.325,0.394,1,3600.0,538.0,299.0,239.0,404.9,538.0,981.5,583.4,324.2,259.2,404.9,583.4,1064.3,0.009734626355394774,36.74194396944658,0.706079412,214.31822016022903,0.034493719912002396,1.400622813067922
40.808434,-8.4375,361.0,2019-06-05 11:00:00,14.4,74,9.8,12.8,0.1,0.1,0.0,0.0,51,1018.4,975.8,37,26,22,2,0.32,0.43,15.3,19.9,313,315,42.5,17.5,16.6,17.4,13.6,0.209,0.236,0.325,0.394,1,3600.0,676.0,478.0,198.0,561.9,676.0,1130.6,710.1,502.1,208.0,561.9,710.1,1187.7,0.11880000687738644,50.538558536636266,1.0609619799999996,220.31422016022904,0.3784106193208852,2.096681609884841
40.808434,-8.4375,361.0,2019-06-05 12:00:00,14.9,63,8.0,13.4,0.1,0.1,0.0,0.0,51,1018.7,976.2,46,24,41,1,0.39,0.62,15.6,20.2,299,301,40.7,18.3,16.6,17.4,13.6,0.206,0.236,0.325,0.394,1,3600.0,779.0,573.0,206.0,621.4,779.0,1225.3,796.4,585.8,210.6,621.4,796.4,1252.8,45.504791259765625,91.07495880126953,181.25,497.6478576660156,12.966906547546387,189.5703125
40.808434,-8.4375,361.0,2019-06-05 13:00:00,14.8,57,6.3,12.3,0.0,0.0,0.0,0.0,1,1018.4,975.9,38,18,32,8,0.38,0.73,18.2,23.8,297,299,41.0,19.0,16.7,17.4,13.6,0.204,0.236,0.325,0.394,1,3600.0,762.0,522.0,240.0,550.9,762.0,1259.3,759.5,520.3,239.2,550.9,759.5,1255.2,10.200156338941333,73.28817005113208,111.44692524361434,503.7158576660156,1.7631044191861056,143.51323868247195
40.808434,-8.4375,361.0,2019-06-05 14:00:00,14.7,57,6.2,12.3,0.0,0.0,0.0,0.0,1,1018.5,976.0,43,19,26,35,0.38,0.72,17.6,23.1,301,301,41.4,19.5,16.9,17.4,13.6,0.203,0.236,0.325,0.394,1,3600.0,764.0,537.0,227.0,580.1,764.0,1230.1,742.0,521.6,220.5,580.1,742.0,1194.8,8.131827215911285,69.24937307588156,85.57754787653967,509.7658576660156,1.4827643918820945,120.55803712777002
40.808434,-8.4375,361.0,2019-06-05 15:00:00,14.4,57,6.0,11.5,0.0,0.0,0.0,0.0,2,1018.2,975.6,68,24,30,94,0.34,0.71,17.1,22.8,300,301,40.0,19.5,17.0,17.4,13.6,0.201,0.235,0.325,0.394,1,3600.0,651.0,443.0,208.0,516.5,651.0,1139.9,614.3,418.1,196.3,516.5,614.3,1075.7,7.026719558625121,67.89923536790747,69.52829183789508,515.7618576660157,1.3848051304865563,104.00506515428529
40.808434,-8.4375,361.0,2019-06-05 16:00:00,13.8,59,5.8,10.3,0.0,0.0,0.0,0.0,2,1018.2,975.5,54,18,40,46,0.25,0.65,16.6,22.0,300,302,38.9,19.0,17.2,17.4,13.6,0.2,0.235,0.324,0.394,1,3600.0,444.0,177.0,267.0,236.5,444.0,994.6,404.4,161.2,243.2,236.5,404.4,906.0,5.961895431327692,66.3772543040511,57.80402522747433,521.6498576660157,1.2822874175144696,90.529197551179
40.808434,-8.4375,361.0,2019-06-05 17:00:00,13.6,60,6.0,10.4,0.0,0.0,0.0,0.0,1,1018.1,975.4,27,19,10,14,0.25,0.62,15.1,20.2,303,305,36.7,18.9,17.3,17.3,13.6,0.199,0.235,0.324,0.394,1,3600.0,487.0,312.0,175.0,515.4,487.0,804.4,422.2,270.5,151.7,515.4,422.2,697.3,4.769585224122736,65.04910827416134,48.75311332026473,527.5018576660157,1.1309199980667408,79.20531599009925
40.808434,-8.4375,361.0,2019-06-05 18:00:00,13.2,60,5.6,10.2,0.0,0.0,0.0,0.0,1,1017.7,975.0,42,41,8,2,0.18,0.6,13.1,17.5,302,302,33.8,18.3,17.3,17.3,13.6,0.198,0.235,0.324,0.393,1,3600.0,333.0,222.0,111.0,506.8,333.0,582.0,265.4,176.9,88.5,506.8,265.4,463.8,3.6109922014430738,63.669093301214005,41.50232033903603,533.2818576660156,0.9643697634693477,69.48548234806907
40.808434,-8.4375,361.0,2019-06-05 19:00:00,12.4,64,5.7,9.8,0.0,0.0,0.0,0.0,1,1017.5,974.7,23,22,5,0,0.1,0.53,11.1,15.4,306,307,28.4,17.4,17.4,17.3,13.6,0.198,0.235,0.324,0.393,1,3600.0,160.0,85.0,75.0,329.5,160.0,342.8,103.4,54.9,48.5,329.5,103.4,221.5,2.4056523971193906,61.13998204045199,35.72418825251875,538.9178576660156,0.7666914209461462,61.29110112587455
40.808434,-8.4375,361.0,2019-06-05 20:00:00,11.1,71,6.1,9.4,0.0,0.0,0.0,0.0,0,1017.5,974.5,16,14,6,0,0.02,0.38,4.8,12.7,312,315,23.4,16.2,17.3,17.3,13.6,0.198,0.235,0.324,0.393,1,1161.71,38.0,16.0,22.0,133.9,38.0,102.9,0.0,0.0,0.0,0.0,0.0,0.0,0.6791526241727235,55.61354748613551,31.682450293456736,544.3198576660157,0.3754432208587893,55.315695875953
40.808434,-8.4375,361.0,2019-06-05 21:00:00,10.1,81,6.9,8.5,0.0,0.0,0.0,0.0,1,1017.8,974.6,20,18,7,0,0.0,0.24,5.8,9.4,330,317,11.5,15.1,17.2,17.3,13.6,0.198,0.235,0.324,0.393,0,0.0,0.0,0.0,0.0,0.0,0.0,0.0,0.0,0.0,0.0,0.0,0.0,0.0,0.35804615303704757,49.749728081571135,28.135956759388144,549.5418576660156,0.21313076899974767,49.88656612532309
40.808434,-8.4375,361.0,2019-06-05 22:00:00,10.7,73,6.1,9.4,0.0,0.0,0.0,0.0,1,1017.9,974.8,26,22,10,1,0.0,0.35,2.4,5.4,63,318,10.4,14.2,17.1,17.3,13.7,0.198,0.235,0.324,0.393,0,0.0,0.0,0.0,0.0,0.0,0.0,0.0,0.0,0.0,0.0,0.0,0.0,0.0,0.25264019312809904,48.810807192634954,25.614937872800404,554.8718576660157,0.159473158655269,45.92921904395364
40.808434,-8.4375,361.0,2019-06-05 23:00:00,9.4,83,6.6,8.3,0.0,0.0,0.0,0.0,1,1017.5,974.2,35,31,11,3,0.0,0.2,1.9,1.8,112,259,5.4,13.6,16.9,17.3,13.7,0.198,0.235,0.324,0.393,0,0.0,0.0,0.0,0.0,0.0,0.0,0.0,0.0,0.0,0.0,0.0,0.0,0.0,0.12407860395508459,44.387658828097756,23.70339409288724,559.9678576660157,0.08221792368836714,42.87007153953953
40.808434,-8.4375,361.0,2019-06-06 00:00:00,9.4,81,6.3,7.8,0.0,0.0,0.0,0.0,1,1017.4,974.1,38,24,25,5,0.0,0.23,5.1,8.6,135,202,6.1,13.0,16.7,17.3,13.7,0.199,0.236,0.325,0.393,0,0.0,0.0,0.0,0.0,0.0,0.0,0.0,0.0,0.0,0.0,0.0,0.0,0.0,0.17731388079121324,45.89853563863816,22.351210647594463,565.0638576660157,0.1218852752834382,40.679688813642855
40.808434,-8.4375,361.0,2019-06-06 01:00:00,9.5,79,6.1,7.8,0.0,0.0,0.0,0.0,1,1016.9,973.7,37,28,17,5,0.0,0.25,4.6,10.1,129,186,9.7,12.7,16.5,17.3,13.7,0.199,0.236,0.325,0.393,0,0.0,0.0,0.0,0.0,0.0,0.0,0.0,0.0,0.0,0.0,0.0,0.0,0.0,0.25668196184481795,48.82391921913191,21.933194907085447,570.1778576660157,0.1784717749025382,40.01793628147094
40.808434,-8.4375,361.0,2019-06-06 02:00:00,9.6,78,6.0,7.7,0.0,0.0,0.0,0.0,1,1016.2,973.0,30,27,8,4,0.0,0.26,6.4,14.4,137,177,12.6,12.4,16.3,17.3,13.7,0.199,0.236,0.325,0.393,0,0.0,0.0,0.0,0.0,0.0,0.0,0.0,0.0,0.0,0.0,0.0,0.0,0.0,0.48722205019327997,53.46297659595882,22.55292307108545,575.3098576660157,0.33263442814485455,41.07987932672425
40.808434,-8.4375,361.0,2019-06-06 03:00:00,9.6,78,6.0,7.5,0.0,0.0,0.0,0.0,1,1015.6,972.4,28,25,8,3,0.0,0.26,7.7,17.3,152,179,15.8,12.1,16.1,17.2,13.7,0.199,0.236,0.324,0.393,0,0.0,0.0,0.0,0.0,0.0,0.0,0.0,0.0,0.0,0.0,0.0,0.0,0.0,0.7529094078716259,57.444142117766624,23.17265123508545,580.4418576660156,0.5049472931943928,42.139521863314215
40.808434,-8.4375,361.0,2019-06-06 04:00:00,9.5,80,6.2,7.4,0.0,0.0,0.0,0.0,1,1015.1,971.9,45,28,32,2,0.0,0.24,8.4,18.2,149,172,17.3,12.0,15.9,17.2,13.7,0.199,0.236,0.324,0.393,0,0.0,0.0,0.0,0.0,0.0,0.0,0.0,0.0,0.0,0.0,0.0,0.0,0.0,1.2357614102712948,61.6990982202073,23.73077515508545,585.5558576660156,0.6902572611890843,43.09525543190801
40.808434,-8.4375,361.0,2019-06-06 05:00:00,9.6,82,6.6,7.3,0.0,0.0,0.0,0.0,2,1014.3,971.2,52,28,43,3,0.0,0.22,9.5,20.7,143,163,19.4,11.8,15.7,17.2,13.7,0.199,0.236,0.324,0.393,0,0.0,0.0,0.0,0.0,0.0,0.0,0.0,0.0,0.0,0.0,0.0,0.0,0.0,1.9312066558021517,64.72593414348775,24.23782547108545,590.6878576660156,0.8418030983002313,43.965532410530486
40.808434,-8.4375,361.0,2019-06-06 06:00:00,10.8,78,7.1,8.3,0.0,0.0,0.0,0.0,1,1013.6,970.7,44,27,32,0,0.03,0.28,12.3,22.4,142,156,24.5,12.0,15.5,17.2,13.7,0.199,0.236,0.324,0.393,1,267.44,27.0,9.0,18.0,79.9,27.0,90.7,60.5,20.2,40.3,131.8,36.7,203.3,2.962003661503807,68.70525012756964,24.92705585908545,596.0358576660155,1.1158209723327461,45.13508070871106
40.808434,-8.4375,361.0,2019-06-06 07:00:00,12.2,74,7.8,9.2,0.0,0.0,0.0,0.0,2,1012.9,970.2,75,72,17,0,0.09,0.36,16.3,23.6,155,159,32.4,12.6,15.4,17.2,13.7,0.199,0.236,0.324,0.393,1,3600.0,144.0,74.0,70.0,303.1,144.0,324.4,197.8,101.6,96.2,303.1,197.8,445.6,4.677367754583542,73.6604853386761,25.83742968708545,601.6358576660156,1.6286835616324324,46.66477770495107
40.808434,-8.4375,361.0,2019-06-06 08:00:00,13.1,70,7.9,9.5,0.0,0.0,0.0,0.0,3,1012.3,969.8,100,99,67,0,0.15,0.45,21.5,30.2,171,172,43.9,13.5,15.3,17.2,13.7,0.198,0.236,0.324,0.393,1,3600.0,261.0,114.0,147.0,268.4,261.0,564.3,314.7,137.4,177.2,268.4,314.7,680.3,8.047775558584291,78.06306238397897,26.95894284708545,607.3978576660155,2.7983293062202477,48.532662270014335
40.808434,-8.4375,361.0,2019-06-06 09:00:00,13.5,70,8.1,9.1,0.0,0.0,0.0,0.0,3,1011.7,969.3,100,100,89,0,0.14,0.46,26.6,38.2,181,179,51.5,14.0,15.2,17.1,13.7,0.198,0.236,0.324,0.393,1,0.0,174.0,29.0,145.0,48.9,174.0,788.5,196.7,32.8,163.9,48.9,196.7,891.4,13.424927180148353,81.35720678672047,28.11204792708545,613.2318576660155,5.0459382754023325,50.44301765299511
40.808434,-8.4375,361.0,2019-06-06 10:00:00,14.1,70,8.7,9.9,0.2,0.2,0.0,0.0,51,1010.7,968.4,100,100,97,0,0.14,0.48,26.4,38.8,186,187,54.4,14.4,15.2,17.1,13.7,0.199,0.236,0.324,0.393,1,0.0,168.0,38.0,130.0,51.4,168.0,981.7,182.2,41.2,141.0,51.4,182.2,1064.6,15.131534510096717,82.49592413719276,29.312540887085447,619.1738576660155,5.730361784325189,52.42088949578997
40.808434,-8.4375,361.0,2019-06-06 11:00:00,14.9,62,7.7,10.2,0.1,0.1,0.0,0.0,51,1009.9,967.7,100,100,96,0,0.16,0.64,28.4,42.7,188,190,56.2,14.6,15.2,17.1,13.7,0.2,0.236,0.324,0.393,1,0.0,134.0,2.0,132.0,2.3,134.0,1130.8,140.8,2.1,138.7,2.3,140.8,1187.9,19.397848460433515,84.02255080770699,30.913198167085447,625.2598576660155,7.721233127629858,55.025203946241184
40.808434,-8.4375,361.0,2019-06-06 12:00:00,12.5,86,10.3,8.5,0.1,0.1,0.0,0.0,51,1009.9,967.4,100,100,100,0,0.09,0.2,28.7,45.9,188,189,65.5,13.8,15.0,17.1,13.7,0.221,0.237,0.325,0.393,1,0.0,159.0,5.0,154.0,5.4,159.0,1225.6,162.6,5.1,157.5,5.4,162.6,1253.1,46.50454330444336,89.9833984375,184.1484375,504.65093994140625,13.360638618469238,192.375
40.808434,-8.4375,361.0,2019-06-06 13:00:00,13.2,86,11.0,9.5,1.5,1.5,0.0,0.0,61,1008.9,966.5,100,100,100,0,0.09,0.21,27.7,45.8,181,184,63.7,14.0,15.0,17.1,13.7,0.239,0.238,0.325,0.393,1,0.0,158.0,0.0,158.0,0.0,158.0,1259.7,157.5,0.0,157.5,0.0,157.5,1255.7,14.053937622933036,69.65163682809207,135.31726312323693,510.4309399414062,2.498279883877205,162.762240378094
40.808434,-8.4375,361.0,2019-06-06 14:00:00,13.1,87,10.9,9.4,2.5,2.5,0.0,0.0,63,1008.5,966.1,100,100,100,0,0.07,0.2,27.1,45.3,194,196,61.2,13.9,14.9,17.0,13.7,0.271,0.238,0.325,0.393,1,0.0,91.0,0.0,91.0,0.0,91.0,1230.7,88.4,0.0,88.4,0.0,88.4,1195.5,2.60286704554839,48.32402562007303,79.97719202796108,499.7376012564624,0.5194258369206328,114.24530325971104
40.808434,-8.4375,361.0,2019-06-06 15:00:00,13.0,89,11.3,9.1,6.6,6.6,0.0,0.0,63,1007.7,965.4,100,100,97,0,0.06,0.16,30.2,50.6,197,200,67.3,13.8,14.9,17.0,13.7,0.361,0.238,0.325,0.393,1,0.0,70.0,0.0,70.0,0.0,70.0,1140.7,66.1,0.0,66.1,0.0,66.1,1076.7,0.047551941659158735,31.365031528548574,41.37846266040586,454.85620489694315,0.022770180950797893,67.42314482782407
40.808434,-8.4375,361.0,2019-06-06 16:00:00,12.4,94,11.4,9.5,10.7,10.7,0.0,0.0,65,1008.2,965.8,100,98,100,0,0.07,0.09,22.5,37.2,254,258,76.3,14.0,14.9,17.0,13.7,0.417,0.264,0.325,0.393,1,0.0,151.0,6.0,145.0,8.0,151.0,995.8,137.6,5.5,132.1,8.0,137.6,907.3,4.52411370397513e-05,14.465237530931356,16.38429941223939,369.04291400229164,3.8754232837535136e-05,29.494905297309703
40.808434,-8.4375,361.0,2019-06-06 17:00:00,11.7,92,10.4,10.0,2.1,2.1,0.0,0.0,61,1009.2,966.6,100,100,98,0,0.04,0.11,13.0,22.0,273,280,45.4,13.8,14.9,17.0,13.7,0.41,0.277,0.324,0.393,1,0.0,55.0,0.0,55.0,0.0,55.0,805.8,47.7,0.0,47.7,0.0,47.7,698.9,7.324705307825548e-06,12.724295281292086,6.962715378995698,292.1207662129326,1.0419008478353432e-05,13.142311376227642
40.808434,-8.4375,361.0,2019-06-06 18:00:00,11.8,90,10.1,9.4,0.4,0.4,0.0,0.0,51,1009.5,966.9,38,29,20,0,0.04,0.14,16.9,27.1,286,287,34.6,13.7,14.8,17.0,13.7,0.399,0.282,0.324,0.393,1,0.0,46.0,0.0,46.0,0.0,46.0,583.8,36.7,0.0,36.7,0.0,36.7,465.7,3.227180924920195e-05,16.387277937415366,3.0699025820664074,227.32633752902754,6.94673518216784e-05,5.939289036662959
40.808434,-8.4375,361.0,2019-06-06 19:00:00,11.6,87,9.5,9.1,0.3,0.3,0.0,0.0,51,1009.9,967.3,40,21,35,0,0.07,0.18,16.9,26.8,272,275,39.6,13.7,14.8,16.9,13.7,0.393,0.285,0.324,0.393,1,3600.0,154.0,91.0,63.0,350.6,154.0,344.8,99.9,59.0,40.9,350.6,99.9,223.6,0.00010846014624436951,20.176538320756045,1.272765383449745,171.5150040262161,0.0003273398138419015,2.499166705511614
40.808434,-8.4375,361.0,2019-06-06 20:00:00,10.2,90,8.6,7.8,0.3,0.3,0.0,0.0,51,1010.7,967.8,46,24,40,0,0.02,0.13,14.5,26.3,277,280,40.7,13.2,14.8,16.9,13.7,0.389,0.288,0.324,0.393,1,1035.49,33.0,15.0,18.0,124.7,33.0,105.1,0.0,0.0,0.0,0.0,0.0,0.0,8.937954343136144e-06,15.247962296893133,0.29749057999999995,122.26567822387139,3.7098085816656186e-05,0.5913838478504381
40.808434,-8.4375,361.0,2019-06-06 21:00:00,9.6,93,8.6,7.8,0.7,0.7,0.0,0.0,53,1011.3,968.3,88,82,24,0,0.0,0.08,10.4,21.4,284,287,34.9,12.8,14.7,16.9,13.7,0.391,0.29,0.324,0.393,0,0.0,0.0,0.0,0.0,0.0,0.0,0.0,0.0,0.0,0.0,0.0,0.0,0.0,4.5433866895993457e-07,9.784790156750997,0.19718623399999996,77.4807816096319,1.9810853054667235e-06,0.39187916658266214
40.808434,-8.4375,361.0,2019-06-06 22:00:00,9.9,89,8.1,7.7,0.4,0.4,0.0,0.0,51,1012.1,969.1,82,64,40,0,0.0,0.14,11.7,22.4,279,285,27.4,12.5,14.6,16.9,13.7,0.39,0.293,0.324,0.393,0,0.0,0.0,0.0,0.0,0.0,0.0,0.0,0.0,0.0,0.0,0.0,0.0,0.0,5.285338713138247e-06,14.395969135425096,0.31855186,37.04337552735039,2.177478767953769e-05,0.6236951650247026
40.808434,-8.4375,361.0,2019-06-06 23:00:00,9.3,97,8.8,7.4,0.4,0.4,0.0,0.0,51,1012.7,969.6,100,100,22,0,0.0,0.04,11.1,21.5,283,288,34.6,12.2,14.5,16.9,13.7,0.388,0.295,0.324,0.393,0,0.0,0.0,0.0,0.0,0.0,0.0,0.0,0.0,0.0,0.0,0.0,0.0,0.0,1.9825967114562292e-08,4.627396476040419,0.08213899200000001,5.078,9.26178334944775e-08,0.15789300361368624
40.808434,-8.4375,361.0,2019-06-07 00:00:00,9.4,93,8.3,7.5,0.6,0.6,0.0,0.0,53,1013.8,970.7,99,100,15,0,0.0,0.08,10.0,19.9,291,292,34.9,12.3,14.4,16.8,13.7,0.387,0.291,0.324,0.393,0,0.0,0.0,0.0,0.0,0.0,0.0,0.0,0.0,0.0,0.0,0.0,0.0,0.0,3.2548503816422093e-07,9.236344829751294,0.19350051000000001,5.096,1.433930626384051e-06,0.35344894435639523
40.808434,-8.4375,361.0,2019-06-07 01:00:00,9.1,95,8.4,7.0,0.6,0.6,0.0,0.0,53,1014.5,971.3,83,73,29,0,0.0,0.05,11.8,19.7,310,308,40.7,12.1,14.3,16.8,13.7,0.387,0.293,0.324,0.393,0,0.0,0.0,0.0,0.0,0.0,0.0,0.0,0.0,0.0,0.0,0.0,0.0,0.0,1.0519236770150145e-07,7.17816632206089,0.13426565999999998,5.042,4.770391120462483e-07,0.251770076686548
40.808434,-8.4375,361.0,2019-06-07 02:00:00,8.8,98,8.5,6.7,0.3,0.3,0.0,0.0,51,1014.9,971.6,100,100,31,0,0.0,0.03,12.3,21.0,310,308,35.3,11.9,14.2,16.8,13.7,0.386,0.295,0.324,0.393,0,0.0,0.0,0.0,0.0,0.0,0.0,0.0,0.0,0.0,0.0,0.0,0.0,0.0,7.1167440244039725e-09,3.0559401145871017,0.052126667999999994,4.9879999999999995,3.391453827694525e-08,0.10159895791832668
40.808434,-8.4375,361.0,2019-06-07 03:00:00,9.2,97,8.8,7.6,0.4,0.4,0.0,0.0,51,1015.3,972.1,84,73,30,0,0.0,0.03,8.8,14.4,325,323,35.3,11.8,14.1,16.8,13.7,0.385,0.297,0.324,0.393,0,0.0,0.0,0.0,0.0,0.0,0.0,0.0,0.0,0.0,0.0,0.0,0.0,0.0,1.2111142138259011e-08,4.0614881086803365,0.08134919399999999,5.0600000000000005,5.660595203990473e-08,0.15641183811714987
40.808434,-8.4375,361.0,2019-06-07 04:00:00,8.6,96,8.0,7.4,0.5,0.5,0.0,0.0,53,1015.5,972.2,58,50,21,0,0.0,0.04,5.3,13.2,332,317,27.7,11.6,14.0,16.8,13.7,0.387,0.299,0.324,0.393,0,0.0,0.0,0.0,0.0,0.0,0.0,0.0,0.0,0.0,0.0,0.0,0.0,0.0,1.3023807710563663e-08,4.415756660845782,0.10214720799999999,4.952,6.011991836663438e-08,0.19427586914281506
40.808434,-8.4375,361.0,2019-06-07 05:00:00,8.6,94,7.8,7.4,0.7,0.7,0.0,0.0,53,1016.3,973.0,52,34,35,0,0.0,0.06,4.3,12.8,355,322,21.2,11.4,13.9,16.7,13.7,0.391,0.301,0.324,0.393,0,0.0,0.0,0.0,0.0,0.0,0.0,0.0,0.0,0.0,0.0,0.0,0.0,0.0,3.5804037756235194e-08,6.020776006379617,0.15322081199999998,4.952,1.6081675473546927e-07,0.2844393856919892
40.808434,-8.4375,361.0,2019-06-07 06:00:00,9.4,90,7.8,8.0,0.1,0.1,0.0,0.0,51,1017.1,973.8,46,37,22,0,0.01,0.12,5.8,12.4,22,330,12.6,11.4,13.8,16.7,13.7,0.386,0.303,0.324,0.393,1,386.95,26.0,10.0,16.0,88.5,26.0,91.1,58.2,22.4,35.8,145.8,35.4,204.1,5.543374123226963e-07,10.537341877039578,0.2764293,5.096,2.3592057927583207e-06,0.48683804470593134
40.808434,-8.4375,361.0,2019-06-07 07:00:00,10.7,83,7.9,9.4,0.0,0.0,0.0,0.0,1,1017.8,974.7,38,24,27,0,0.06,0.22,5.4,8.9,312,320,20.2,11.8,13.7,16.7,13.7,0.382,0.305,0.324,0.393,1,3600.0,130.0,67.0,63.0,273.8,130.0,325.1,178.4,92.0,86.5,273.8,178.4,446.1,9.99157930784486e-06,16.405671228050984,0.5281115959999999,5.33,3.9227841078195394e-05,0.8465313442977824
40.808434,-8.4375,361.0,2019-06-07 08:00:00,11.5,83,8.8,10.0,0.0,0.0,0.0,0.0,3,1018.3,975.3,95,92,20,0,0.12,0.23,8.7,11.5,318,321,27.4,12.5,13.6,16.7,13.8,0.378,0.306,0.324,0.393,1,3600.0,273.0,185.0,88.0,435.1,273.0,564.7,329.0,223.0,106.1,435.1,329.0,680.7,4.230663602045688e-05,19.466849783404523,0.563915772,5.474,0.00016441087442131086,0.896853387895684
40.808434,-8.4375,361.0,2019-06-07 09:00:00,11.4,79,7.9,9.3,0.6,0.6,0.0,0.0,53,1019.4,976.3,49,24,45,0,0.17,0.28,10.8,14.2,330,333,32.8,13.3,13.6,16.6,13.8,0.379,0.308,0.324,0.393,1,3600.0,373.0,197.0,176.0,331.7,373.0,788.8,421.7,222.7,199.0,331.7,421.7,891.6,0.00023758214396417954,23.81898399984357,0.6910732499999999,5.4559999999999995,0.0008961738319819958,1.0497388557906355
40.808434,-8.4375,361.0,2019-06-07 10:00:00,12.8,72,7.9,11.1,0.4,0.4,0.0,0.0,51,1019.9,977.0,41,26,29,0,0.27,0.41,8.2,11.0,322,328,31.7,14.3,13.7,16.6,13.8,0.379,0.309,0.324,0.393,1,3600.0,540.0,365.0,175.0,493.7,540.0,981.9,585.6,395.8,189.8,493.7,585.6,1064.7,0.0008035085496601156,27.872084136559767,1.024631272,5.708,0.002840536701793215,1.4144845536912258
40.808434,-8.4375,361.0,2019-06-07 11:00:00,13.8,79,10.2,13.2,0.3,0.3,0.0,0.0,51,1020.4,977.6,49,46,13,0,0.34,0.33,10.9,14.0,314,318,31.7,15.4,13.9,16.6,13.8,0.376,0.31,0.324,0.393,1,3600.0,713.0,539.0,174.0,633.0,713.0,1131.0,749.0,566.2,182.8,633.0,749.0,1188.1,0.0006163129222664158,26.653587611430485,0.8237593140000001,5.888,0.0022529765203053876,1.2205994130145703
40.808434,-8.4375,361.0,2019-06-07 12:00:00,14.8,67,8.7,14.6,0.1,0.1,0.0,0.0,51,1020.9,978.3,31,14,31,0,0.43,0.56,11.4,14.1,298,302,31.7,16.4,13.9,16.6,13.8,0.372,0.311,0.325,0.393,1,3600.0,857.0,682.0,175.0,738.9,857.0,1225.8,876.3,697.3,178.9,738.9,876.3,1253.4,23.254491806030273,85.95381927490234,155.421875,511.79541015625,4.839696407318115,176.125
40.808434,-8.4375,361.0,2019-06-07 13:00:00,15.0,61,7.5,13.9,0.0,0.0,0.0,0.0,1,1021.2,978.6,25,23,7,0,0.42,0.67,13.8,17.9,298,300,33.1,17.3,14.2,16.5,13.8,0.366,0.311,0.325,0.393,1,3600.0,832.0,630.0,202.0,664.1,832.0,1260.1,829.4,628.0,201.4,664.1,829.4,1256.2,0.7096815147630481,48.75112910623394,61.4393030185328,376.1245961015599,0.28106460414501094,87.24876743931272
40.808434,-8.4375,361.0,2019-06-07 14:00:00,15.2,61,7.7,14.2,0.0,0.0,0.0,0.0,1,1021.5,978.9,23,24,2,0,0.43,0.68,14.5,18.8,300,302,34.6,17.9,14.5,16.5,13.8,0.36,0.312,0.324,0.392,1,3600.0,867.0,683.0,184.0,736.7,867.0,1231.3,842.3,663.5,178.8,736.7,842.3,1196.2,0.2266183185312881,44.35254478502297,25.255619918544355,281.2361872481122,0.15426908748812676,41.25031935186227
40.808434,-8.4375,361.0,2019-06-07 15:00:00,15.0,59,7.1,13.6,0.0,0.0,0.0,0.0,1,1021.7,979.1,26,29,0,0,0.4,0.7,14.2,18.2,306,308,34.6,18.3,14.8,16.5,13.8,0.355,0.312,0.324,0.392,1,3600.0,801.0,626.0,175.0,728.3,801.0,1141.5,756.2,591.0,165.2,728.3,756.2,1077.6,0.1361697044326405,44.34290730401709,11.132561222352907,212.40851499484123,0.15172140167191572,19.685744288589632
40.808434,-8.4375,361.0,2019-06-07 16:00:00,14.7,60,7.0,12.7,0.0,0.0,0.0,0.0,1,1021.8,979.1,20,22,1,0,0.35,0.67,14.3,18.6,313,316,33.5,18.3,15.0,16.5,13.8,0.351,0.312,0.324,0.392,1,3600.0,702.0,556.0,146.0,740.7,702.0,996.9,639.8,506.7,133.1,740.7,639.8,908.5,0.10162157402886123,44.44197237195811,6.364128507622268,170.4189243963746,0.15490892110900653,11.641413897383817
40.808434,-8.4375,361.0,2019-06-07 17:00:00,14.1,62,7.0,11.3,0.0,0.0,0.0,0.0,0,1022.0,979.2,16,18,0,0,0.27,0.61,14.4,19.2,323,326,33.1,17.9,15.3,16.5,13.8,0.348,0.312,0.324,0.392,1,3600.0,536.0,408.0,128.0,671.3,536.0,807.2,465.1,354.0,111.1,671.3,465.1,700.4,0.11752151648055274,46.66660972191448,4.316928077608732,157.6188419366645,0.2178798464417111,8.08057133159083
40.808434,-8.4375,361.0,2019-06-07 18:00:00,13.6,65,7.2,10.8,0.0,0.0,0.0,0.0,0,1022.2,979.3,1,1,0,0,0.19,0.54,14.5,19.6,330,334,32.4,17.3,15.4,16.5,13.8,0.345,0.312,0.324,0.392,1,3600.0,377.0,275.0,102.0,623.8,377.0,585.4,301.1,219.6,81.5,623.8,301.1,467.5,0.11016999376916514,47.240877322558596,3.112417069672383,150.19792344311927,0.2375367134486312,5.91823825972636
40.808434,-8.4375,361.0,2019-06-07 19:00:00,12.6,70,7.4,10.0,0.0,0.0,0.0,0.0,0,1022.4,979.4,0,0,0,0,0.1,0.43,13.2,20.2,334,338,31.0,16.3,15.5,16.4,13.8,0.343,0.312,0.324,0.392,1,3600.0,198.0,130.0,68.0,498.0,198.0,346.7,128.9,84.6,44.3,498.0,128.9,225.7,0.052599791021184575,43.79912206012113,2.153476790390698,143.75897869069766,0.1321548931404232,4.15148290743145
40.808434,-8.4375,361.0,2019-06-07 20:00:00,10.9,76,6.9,8.6,0.0,0.0,0.0,0.0,0,1022.9,979.6,0,0,0,0,0.03,0.31,10.6,21.8,342,344,26.6,15.1,15.6,16.4,13.8,0.342,0.312,0.324,0.392,1,1954.62,46.0,22.0,24.0,181.7,46.0,107.2,0.0,0.0,0.0,0.0,0.0,0.0,0.0109430860316136,37.10479129094075,1.2772211636666873,137.88667265787183,0.03303771353543384,2.4966277159722643
40.808434,-8.4375,361.0,2019-06-07 21:00:00,9.8,82,6.9,7.6,0.0,0.0,0.0,0.0,0,1023.7,980.2,3,0,0,9,0.01,0.22,10.1,22.7,4,356,22.3,14.0,15.5,16.4,13.8,0.341,0.313,0.324,0.392,0,0.0,0.0,0.0,0.0,0.0,0.0,0.0,0.0,0.0,0.0,0.0,0.0,0.0,0.0018204896483585164,30.66491494821797,0.5295719584364641,132.65147121217137,0.006868373865519875,1.0486775754086615
40.808434,-8.4375,361.0,2019-06-07 22:00:00,9.2,85,6.9,6.9,0.0,0.0,0.0,0.0,1,1024.1,980.5,23,0,0,78,0.0,0.17,10.7,23.4,14,4,22.7,13.1,15.4,16.4,13.8,0.34,0.313,0.324,0.392,0,0.0,0.0,0.0,0.0,0.0,0.0,0.0,0.0,0.0,0.0,0.0,0.0,0.0,0.0007027271704452816,27.379139457563966,0.40674596999999996,128.99789267881704,0.002781568336714959,0.807129497491151
40.808434,-8.4375,361.0,2019-06-07 23:00:00,8.9,87,6.8,6.5,0.0,0.0,0.0,0.0,1,1024.0,980.4,22,0,0,75,0.0,0.15,10.6,23.1,24,11,23.0,12.5,15.2,16.4,13.8,0.34,0.313,0.324,0.392,0,0.0,0.0,0.0,0.0,0.0,0.0,0.0,0.0,0.0,0.0,0.0,0.0,0.0,0.0003298817786629933,25.064942775069955,0.34224579999999993,126.25265781871786,0.0013419883613592924,0.6798840246832677
40.808434,-8.4375,361.0,2019-06-08 00:00:00,8.8,87,6.7,6.4,0.0,0.0,0.0,0.0,1,1024.0,980.4,25,0,0,84,0.0,0.15,10.8,22.8,30,16,23.0,12.1,15.0,16.4,13.8,0.341,0.313,0.324,0.392,0,0.0,0.0,0.0,0.0,0.0,0.0,0.0,0.0,0.0,0.0,0.0,0.0,0.0,0.00032282331883132746,24.972249321223085,0.3388233419999999,124.42190445565359,0.0013152650680572635,0.6730644932279101
40.808434,-8.4375,361.0,2019-06-08 01:00:00,8.7,86,6.4,6.1,0.0,0.0,0.0,0.0,1,1023.7,980.0,28,0,0,92,0.0,0.16,11.4,23.7,28,20,23.0,11.7,14.8,16.4,13.8,0.34,0.314,0.324,0.392,0,0.0,0.0,0.0,0.0,0.0,0.0,0.0,0.0,0.0,0.0,0.0,0.0,0.0,0.0006643861680665513,27.139951560583192,0.36120095199999996,123.9216736810984,0.0026807246095480563,0.7171759289827748
40.808434,-8.4375,361.0,2019-06-08 02:00:00,8.6,85,6.3,5.9,0.0,0.0,0.0,0.0,1,1023.1,979.5,24,0,0,81,0.0,0.16,11.9,24.7,25,19,24.5,11.4,14.6,16.4,13.8,0.339,0.314,0.324,0.392,0,0.0,0.0,0.0,0.0,0.0,0.0,0.0,0.0,0.0,0.0,0.0,0.0,0.0,0.0017721660415692766,30.443272453824683,0.38305202999999993,124.73060338891955,0.007084397090555227,0.7602670435330113
40.808434,-8.4375,361.0,2019-06-08 03:00:00,8.7,85,6.3,6.0,0.0,0.0,0.0,0.0,0,1022.9,979.3,20,0,0,65,0.01,0.17,12.1,25.1,30,25,25.2,11.2,14.5,16.3,13.8,0.339,0.314,0.324,0.392,0,0.0,0.0,0.0,0.0,0.0,0.0,0.0,0.0,0.0,0.0,0.0,0.0,0.0,0.0034605800341651408,32.98302332301096,0.38700101999999986,126.21233956946352,0.013810890979154677,0.7681139296286895
40.808434,-8.4375,361.0,2019-06-08 04:00:00,8.7,83,6.1,5.9,0.0,0.0,0.0,0.0,0,1022.5,978.9,17,0,0,57,0.01,0.19,13.0,26.6,24,23,26.6,10.9,14.3,16.3,13.8,0.338,0.314,0.324,0.392,0,0.0,0.0,0.0,0.0,0.0,0.0,0.0,0.0,0.0,0.0,0.0,0.0,0.0,0.010268309176571606,37.45137772157463,0.4386011559999999,131.18233956946352,0.04012210501979162,0.8699308931370971
40.808434,-8.4375,361.0,2019-06-08 05:00:00,8.6,83,5.8,5.6,0.0,0.0,0.0,0.0,0,1022.3,978.7,14,0,0,46,0.01,0.19,13.2,27.2,26,24,27.4,10.8,14.1,16.3,13.8,0.337,0.314,0.324,0.392,0,0.0,0.0,0.0,0.0,0.0,0.0,0.0,0.0,0.0,0.0,0.0,0.0,0.0,0.024663147190923933,41.94818889455457,0.4341256339999999,136.13433956946352,0.09653592494717868,0.8613839912988619
40.808434,-8.4375,361.0,2019-06-08 06:00:00,9.5,80,6.2,6.8,0.0,0.0,0.0,0.0,0,1022.4,978.9,10,0,0,33,0.03,0.24,12.1,24.0,30,30,27.4,10.8,13.9,16.3,13.8,0.337,0.315,0.324,0.392,1,749.33,35.0,13.0,22.0,114.8,35.0,91.4,78.4,29.1,49.3,188.8,47.6,204.7,0.09575030556113044,50.25700165159835,0.9922495539999999,141.24833956946352,0.31142104165582546,1.9502485591283687
40.808434,-8.4375,361.0,2019-06-08 07:00:00,11.5,74,7.1,9.3,0.0,0.0,0.0,0.0,0,1022.3,979.1,16,0,0,54,0.09,0.35,10.3,16.6,29,34,24.8,11.5,13.8,16.3,13.8,0.336,0.315,0.324,0.392,1,3600.0,183.0,113.0,70.0,460.9,183.0,325.6,251.0,155.0,96.0,460.9,251.0,446.6,0.23589772083137764,58.60478688901897,1.85470897,146.72233956946351,0.6269151645386928,3.5957827145394976
40.808434,-8.4375,361.0,2019-06-08 08:00:00,13.5,67,7.5,11.9,0.0,0.0,0.0,0.0,1,1021.9,979.0,26,0,0,86,0.18,0.51,6.4,8.8,27,35,22.0,12.8,13.7,16.2,13.8,0.334,0.315,0.324,0.392,1,3600.0,370.0,269.0,101.0,632.2,370.0,565.1,445.9,324.2,121.7,632.2,445.9,680.9,0.3313674599707189,64.49256327244478,3.1231245579999998,152.55633956946352,0.7131346507394745,5.942131676219331
40.808434,-8.4375,361.0,2019-06-08 09:00:00,15.0,62,7.8,14.0,0.0,0.0,0.0,0.0,1,1021.7,979.1,26,0,0,86,0.29,0.64,3.3,4.0,354,5,17.3,14.5,13.8,16.2,13.8,0.332,0.314,0.324,0.392,1,3600.0,554.0,424.0,130.0,713.6,554.0,788.9,626.2,479.3,146.9,713.6,626.2,891.8,0.38624748687631877,67.63335282448224,4.733785945999999,158.66033956946353,0.6848618342486832,8.810404377222127
40.808434,-8.4375,361.0,2019-06-08 10:00:00,16.2,61,8.5,16.1,0.0,0.0,0.0,0.0,1,1021.1,978.7,29,0,0,95,0.39,0.73,4.7,5.5,328,337,17.3,16.1,13.9,16.2,13.8,0.329,0.314,0.324,0.392,1,3600.0,702.0,542.0,160.0,732.9,702.0,982.0,761.2,587.7,173.5,732.9,761.2,1064.8,0.6506907248725791,75.20674412371346,6.510041648,164.98033956946352,0.9819689597161719,11.850997242747349
40.808434,-8.4375,361.0,2019-06-08 11:00:00,17.3,55,8.3,18.0,0.0,0.0,0.0,0.0,2,1020.6,978.3,72,49,0,93,0.48,0.88,5.1,5.9,309,322,19.4,17.7,14.2,16.2,13.8,0.326,0.314,0.324,0.392,1,3600.0,837.0,640.0,197.0,751.4,837.0,1131.1,879.3,672.3,207.0,751.4,879.3,1188.2,2.32353191659948,82.19211046586173,8.689884128,171.49833956946352,1.886855451893627,15.425703091381559
40.808434,-8.4375,361.0,2019-06-08 12:00:00,17.7,60,9.9,17.5,0.0,0.0,0.0,0.0,1,1020.8,978.6,28,0,0,93,0.47,0.81,13.2,16.0,296,301,26.3,18.7,14.4,16.2,13.8,0.322,0.313,0.323,0.392,1,3600.0,862.0,548.0,314.0,593.5,862.0,1226.0,881.4,560.3,321.1,593.5,881.4,1253.6,36.168601989746094,92.12422180175781,160.625,519.65185546875,9.199069023132324,180.6328125
40.808434,-8.4375,361.0,2019-06-08 13:00:00,16.9,66,10.5,16.3,0.0,0.0,0.0,0.0,1,1020.7,978.4,34,7,0,92,0.45,0.66,17.8,23.2,312,316,40.0,19.3,14.7,16.1,13.8,0.318,0.313,0.323,0.392,1,3600.0,902.0,610.0,292.0,642.6,902.0,1260.4,899.3,608.2,291.1,642.6,899.3,1256.6,29.663378398302655,86.93922883003773,162.23618792,526.09785546875,6.781170119132633,183.22030711185928
40.808434,-8.4375,361.0,2019-06-08 14:00:00,16.5,65,9.9,15.1,0.0,0.0,0.0,0.0,1,1020.7,978.3,29,1,0,94,0.4,0.66,17.5,22.9,323,327,40.0,19.4,15.0,16.1,13.8,0.315,0.312,0.323,0.392,1,3600.0,779.0,424.0,355.0,457.0,779.0,1231.8,756.9,412.0,344.9,457.0,756.9,1196.8,26.97660494806502,86.04332338776221,163.85790648,532.47185546875,5.884558546137003,185.22064358038187
40.808434,-8.4375,361.0,2019-06-08 15:00:00,16.0,64,9.1,13.5,0.0,0.0,0.0,0.0,1,1020.5,978.1,30,1,0,96,0.32,0.66,17.3,23.0,324,328,38.9,19.1,15.3,16.1,13.8,0.313,0.312,0.323,0.392,1,3600.0,609.0,222.0,387.0,258.0,609.0,1142.3,575.0,209.6,365.4,258.0,575.0,1078.5,26.55759154025909,85.93480357249344,165.47857197599998,538.75585546875,5.737479092300996,187.2063324797771
40.808434,-8.4375,361.0,2019-06-08 16:00:00,15.7,63,8.7,13.0,0.0,0.0,0.0,0.0,2,1020.3,977.8,74,1,74,97,0.29,0.66,16.1,21.4,320,324,37.4,18.9,15.6,16.1,13.8,0.31,0.311,0.323,0.392,1,3600.0,540.0,259.0,281.0,344.6,540.0,997.9,492.3,236.1,256.2,344.6,492.3,909.7,25.632518060465188,85.98281892312436,167.115033432,544.9858554687501,5.437333301698873,189.19368932032967
40.808434,-8.4375,361.0,2019-06-08 17:00:00,14.6,65,8.2,11.7,0.0,0.0,0.0,0.0,1,1020.6,978.0,38,1,24,75,0.21,0.57,16.3,22.5,325,328,36.4,18.2,15.8,16.1,13.8,0.309,0.311,0.323,0.392,1,2978.77,370.0,97.0,273.0,159.3,370.0,808.5,321.2,84.2,237.0,159.3,321.2,701.9,24.954857836045637,85.6196788913553,168.561680102,551.0178554687501,5.220339314706258,191.0291831356804
40.808434,-8.4375,361.0,2019-06-08 18:00:00,14.2,66,7.9,11.5,0.0,0.0,0.0,0.0,0,1020.4,977.7,0,0,0,0,0.18,0.56,15.3,21.5,333,337,34.9,17.6,15.9,16.1,13.8,0.307,0.311,0.323,0.392,1,3600.0,319.0,169.0,150.0,382.2,319.0,587.0,255.0,135.1,119.9,382.2,255.0,469.2,23.50878019301251,85.35450811054662,169.931189834,556.9778554687501,4.784132077919541,192.80372308608676
40.808434,-8.4375,361.0,2019-06-08 19:00:00,13.2,74,8.7,11.0,0.0,0.0,0.0,0.0,0,1020.5,977.7,8,0,0,28,0.1,0.39,12.9,19.8,330,335,32.0,16.8,16.0,16.1,13.8,0.307,0.311,0.323,0.392,1,3600.0,196.0,127.0,69.0,483.8,196.0,348.5,128.0,82.9,45.1,483.8,128.0,227.6,18.999737167337813,84.05174349312412,170.910012822,562.7578554687501,3.549570386912662,194.29849958704125
40.808434,-8.4375,361.0,2019-06-08 20:00:00,11.2,86,9.0,9.2,0.0,0.0,0.0,0.0,1,1021.1,977.9,22,0,0,75,0.02,0.18,11.9,23.2,331,334,26.3,15.6,16.0,16.1,13.8,0.306,0.311,0.323,0.392,1,1859.83,46.0,21.0,25.0,172.4,46.0,109.3,0.0,0.0,0.0,0.0,0.0,0.0,14.06816795204088,81.25841809867414,171.363356874,568.1778554687501,2.378371353781674,195.39676539550942
40.808434,-8.4375,361.0,2019-06-08 21:00:00,10.5,88,8.7,8.4,0.0,0.0,0.0,0.0,0,1021.7,978.4,0,0,0,1,0.0,0.15,12.5,24.1,348,346,26.6,14.6,16.0,16.1,13.8,0.306,0.311,0.323,0.392,0,0.0,0.0,0.0,0.0,0.0,0.0,0.0,0.0,0.0,0.0,0.0,0.0,0.0,12.87246452610086,79.93693530777979,171.729823146,573.47185546875,2.120999631282256,196.41518260213428
40.808434,-8.4375,361.0,2019-06-08 22:00:00,10.0,89,8.3,8.0,0.0,0.0,0.0,0.0,0,1021.7,978.3,0,0,0,0,0.0,0.13,10.5,22.3,8,359,26.3,13.8,15.8,16.1,13.8,0.306,0.311,0.323,0.392,0,0.0,0.0,0.0,0.0,0.0,0.0,0.0,0.0,0.0,0.0,0.0,0.0,0.0,11.25677582836484,79.2633042498695,172.051270932,578.67585546875,1.7925249181157286,197.38603961533283
40.808434,-8.4375,361.0,2019-06-08 23:00:00,9.2,92,7.9,7.5,0.0,0.0,0.0,0.0,0,1021.1,977.6,0,0,0,0,0.0,0.1,8.1,18.3,32,15,22.7,13.1,15.7,16.1,13.8,0.306,0.311,0.323,0.392,0,0.0,0.0,0.0,0.0,0.0,0.0,0.0,0.0,0.0,0.0,0.0,0.0,0.0,9.329688564032667,78.10053549720871,172.268202116,583.73585546875,1.4289960273948874,198.2620185012072
40.808434,-8.4375,361.0,2019-06-09 00:00:00,9.2,93,8.1,7.7,0.0,0.0,0.0,0.0,0,1021.0,977.5,0,0,0,0,0.0,0.08,6.4,16.3,27,354,17.3,13.5,15.5,16.1,13.8,0.306,0.31,0.323,0.392,0,0.0,0.0,0.0,0.0,0.0,0.0,0.0,0.0,0.0,0.0,0.0,0.0,0.0,8.260893085248615,77.41130323521925,172.458016902,588.7958554687499,1.2401348711865425,199.11460717160088
40.808434,-8.4375,361.0,2019-06-09 01:00:00,9.2,92,8.0,7.7,0.0,0.0,0.0,0.0,0,1021.1,977.6,0,0,0,0,0.0,0.09,6.4,16.9,16,344,15.1,12.8,15.3,16.1,13.8,0.306,0.31,0.323,0.392,0,0.0,0.0,0.0,0.0,0.0,0.0,0.0,0.0,0.0,0.0,0.0,0.0,0.0,8.29259538862428,77.4565045492699,172.674948086,593.8558554687498,1.2445186527933425,199.9799256540657
40.808434,-8.4375,361.0,2019-06-09 02:00:00,9.1,93,8.0,7.7,0.0,0.0,0.0,0.0,0,1020.9,977.4,15,15,0,4,0.0,0.08,6.3,17.3,13,343,15.5,12.2,15.2,16.0,13.8,0.306,0.31,0.323,0.392,0,0.0,0.0,0.0,0.0,0.0,0.0,0.0,0.0,0.0,0.0,0.0,0.0,0.0,8.115781385764112,77.19277867805836,172.86292001,598.8978554687499,1.2133873575674323,200.8180290500136
40.808434,-8.4375,361.0,2019-06-09 03:00:00,9.1,94,8.1,7.8,0.0,0.0,0.0,0.0,1,1020.7,977.2,36,40,0,0,0.0,0.07,5.6,16.3,15,342,15.5,11.9,15.0,16.0,13.8,0.306,0.31,0.323,0.391,0,0.0,0.0,0.0,0.0,0.0,0.0,0.0,0.0,0.0,0.0,0.0,0.0,0.0,7.649282437540668,76.75453729329182,173.024038802,603.9398554687499,1.134254765910617,201.6326440484727
40.808434,-8.4375,361.0,2019-06-09 04:00:00,9.2,96,8.5,8.1,0.0,0.0,0.0,0.0,1,1020.5,977.1,35,39,0,0,0.0,0.05,4.9,14.6,17,344,14.0,11.7,14.8,16.0,13.8,0.306,0.31,0.323,0.391,0,0.0,0.0,0.0,0.0,0.0,0.0,0.0,0.0,0.0,0.0,0.0,0.0,0.0,7.014140976746094,75.83826536187323,173.132504394,608.9998554687498,1.029966876436228,202.4083721203952
40.808434,-8.4375,361.0,2019-06-09 05:00:00,9.1,97,8.6,8.0,0.0,0.0,0.0,0.0,0,1020.6,977.1,9,10,0,0,0.0,0.03,4.8,12.3,27,345,13.0,11.5,14.6,16.0,13.8,0.306,0.31,0.323,0.391,0,0.0,0.0,0.0,0.0,0.0,0.0,0.0,0.0,0.0,0.0,0.0,0.0,0.0,6.7062982034764715,75.08852365913494,173.21306379,614.0418554687499,0.980376292359832,203.15664179211225
40.808434,-8.4375,361.0,2019-06-09 06:00:00,10.3,96,9.7,9.3,0.0,0.0,0.0,0.0,0,1020.6,977.3,6,7,0,0,0.01,0.05,6.4,12.2,27,346,13.0,11.6,14.4,16.0,13.8,0.306,0.31,0.323,0.391,1,872.29,34.0,14.0,20.0,123.4,34.0,91.7,76.1,31.3,44.8,202.8,46.3,205.3,7.242755456021664,75.13295810670625,173.333113086,619.2998554687499,1.065341574712567,203.9556213406521
40.808434,-8.4375,361.0,2019-06-09 07:00:00,11.9,88,9.9,11.1,0.0,0.0,0.0,0.0,0,1020.8,977.8,10,8,4,0,0.07,0.17,5.5,8.4,349,353,15.1,12.4,14.3,16.0,13.9,0.306,0.31,0.323,0.391,1,3600.0,173.0,106.0,67.0,431.6,173.0,326.0,237.1,145.3,91.8,431.6,237.1,446.9,7.323864225127621,76.0730347806965,173.743808046,624.84585546875,1.077532685460976,204.9897043074763
40.808434,-8.4375,361.0,2019-06-09 08:00:00,13.3,75,9.1,12.0,0.0,0.0,0.0,0.0,0,1020.7,977.9,10,11,1,0,0.17,0.38,7.8,10.3,326,331,20.5,13.6,14.3,16.0,13.9,0.305,0.31,0.323,0.391,1,3600.0,358.0,260.0,98.0,610.6,358.0,565.3,431.3,313.3,118.1,610.6,431.3,681.1,9.963926240498045,79.05316081682555,174.691565646,630.64385546875,1.5333332794622525,206.4286547610328
40.808434,-8.4375,361.0,2019-06-09 09:00:00,14.6,65,8.2,12.9,0.0,0.0,0.0,0.0,0,1020.8,978.1,13,12,4,0,0.28,0.58,8.8,11.3,325,329,23.0,15.0,14.3,16.0,13.9,0.303,0.31,0.323,0.391,1,3600.0,541.0,415.0,126.0,698.2,541.0,789.0,611.5,469.1,142.4,698.2,611.5,891.8,13.530561009627728,82.05375512244127,176.138212316,636.67585546875,2.2355035470232894,208.24646276816594
40.808434,-8.4375,361.0,2019-06-09 10:00:00,15.6,62,8.3,14.6,0.0,0.0,0.0,0.0,0,1021.0,978.5,10,9,4,0,0.37,0.68,10.0,12.5,308,311,25.9,16.4,14.4,15.9,13.9,0.301,0.309,0.322,0.391,1,3600.0,705.0,556.0,149.0,751.6,705.0,982.0,764.5,602.9,161.6,751.6,764.5,1064.8,16.740798920196823,83.75406085252526,177.808898352,642.88785546875,2.9480548072621766,210.24483992376815
40.808434,-8.4375,361.0,2019-06-09 11:00:00,16.0,61,8.5,15.4,0.0,0.0,0.0,0.0,0,1021.0,978.5,17,13,3,12,0.43,0.71,11.9,14.7,295,298,29.2,17.6,14.6,15.9,13.9,0.298,0.309,0.322,0.391,1,3600.0,823.0,662.0,161.0,777.0,823.0,1131.1,864.6,695.5,169.1,777.0,864.6,1188.3,19.422461101481236,84.52937154742816,179.564619306,649.17185546875,3.5993374211119473,212.31228282852695
40.808434,-8.4375,361.0,2019-06-09 12:00:00,15.6,59,7.6,15.6,0.0,0.0,0.0,0.0,1,1021.3,978.8,39,0,63,3,0.47,0.72,9.9,11.9,303,305,31.0,17.8,14.6,15.9,13.9,0.297,0.308,0.323,0.391,1,3600.0,905.0,740.0,165.0,801.2,905.0,1226.1,925.4,756.7,168.7,801.2,925.4,1253.8,48.1298828125,92.19353485107422,165.375,527.5519409179688,14.247657775878906,184.8359375
40.808434,-8.4375,361.0,2019-06-09 13:00:00,16.2,56,7.5,15.4,0.0,0.0,0.0,0.0,1,1020.9,978.5,41,0,68,1,0.43,0.81,9.8,12.0,298,303,25.9,18.5,14.9,15.9,13.9,0.294,0.308,0.322,0.391,1,3600.0,772.0,470.0,302.0,494.9,772.0,1260.7,769.7,468.6,301.1,494.9,769.7,1256.9,26.622511028377744,88.6096244588991,167.378980792,533.8719409179688,5.754477200305585,187.66590707004607
40.808434,-8.4375,361.0,2019-06-09 14:00:00,15.7,58,7.5,13.6,0.0,0.0,0.0,0.0,2,1020.8,978.3,52,0,86,1,0.34,0.74,12.0,15.1,291,295,28.8,18.6,15.1,15.9,13.9,0.292,0.307,0.322,0.391,1,3600.0,602.0,310.0,292.0,333.9,602.0,1232.3,585.0,301.2,283.7,333.9,585.0,1197.4,25.362145753842928,87.32808626174575,169.236585688,540.1019409179688,5.3510272181932805,189.79575216532137
40.808434,-8.4375,361.0,2019-06-09 15:00:00,14.3,63,7.3,11.7,0.0,0.0,0.0,0.0,2,1021.2,978.5,59,0,98,0,0.23,0.61,13.0,16.6,298,300,29.2,18.1,15.4,15.9,13.9,0.29,0.307,0.322,0.391,1,2798.9,379.0,132.0,247.0,153.3,379.0,1143.0,357.9,124.7,233.2,153.3,357.9,1079.4,23.5283819237344,86.20122965463644,170.73667535599998,546.0799409179688,4.796047969186387,191.66163189783907
40.808434,-8.4375,361.0,2019-06-09 16:00:00,13.0,69,7.4,10.7,0.0,0.0,0.0,0.0,2,1021.4,978.5,60,0,100,0,0.13,0.46,11.3,15.1,307,310,29.2,17.1,15.5,15.9,13.9,0.29,0.307,0.322,0.391,1,0.0,176.0,25.0,151.0,33.2,176.0,998.9,160.5,22.8,137.7,33.2,160.5,910.9,19.652179885428634,84.9961066885849,171.88741104199997,551.8239409179688,3.7220146246917785,193.27047294879966
40.808434,-8.4375,361.0,2019-06-09 17:00:00,12.8,73,8.2,10.9,0.1,0.1,0.0,0.0,51,1021.7,978.7,64,5,100,0,0.1,0.4,10.2,13.8,315,321,24.8,16.4,15.6,15.9,13.9,0.29,0.307,0.322,0.391,1,0.0,130.0,14.0,116.0,22.9,130.0,809.8,112.9,12.2,100.7,22.9,112.9,703.3,17.264446312434114,84.09488914918015,172.87544833999996,557.5319409179688,3.115972328441318,194.7692873590324
40.808434,-8.4375,361.0,2019-06-09 18:00:00,12.8,75,8.5,10.9,0.0,0.0,0.0,0.0,2,1021.5,978.6,56,0,94,0,0.07,0.37,10.3,14.7,324,329,22.7,15.7,15.6,15.9,13.9,0.29,0.306,0.322,0.391,1,0.0,73.0,5.0,68.0,11.3,73.0,588.6,58.4,4.0,54.4,11.3,58.4,470.9,16.435318734164472,83.54861298983212,173.79029768999996,563.2399409179687,2.9131285952756083,196.2195011277289
40.808434,-8.4375,361.0,2019-06-09 19:00:00,12.9,78,9.1,11.1,0.0,0.0,0.0,0.0,1,1021.3,978.4,31,0,51,0,0.06,0.33,10.6,15.5,332,335,22.7,15.3,15.6,15.8,13.9,0.29,0.306,0.322,0.391,1,0.0,77.0,15.0,62.0,56.8,77.0,350.3,50.4,9.8,40.6,56.8,50.4,229.5,15.659105018611239,82.92534180305213,174.60115696999995,568.9659409179687,2.7285200197602015,197.60356217210776
40.808434,-8.4375,361.0,2019-06-09 20:00:00,11.7,85,9.2,10.2,0.0,0.0,0.0,0.0,0,1021.3,978.2,1,0,1,0,0.02,0.21,8.7,17.8,336,342,22.0,14.6,15.6,15.8,13.9,0.29,0.306,0.322,0.391,1,1048.66,40.0,15.0,25.0,122.4,40.0,111.2,0.0,0.0,0.0,0.0,0.0,0.0,12.462317836679379,81.28882688313244,175.10662768999995,574.4759409179687,2.031306440055635,198.75581927294724
40.808434,-8.4375,361.0,2019-06-09 21:00:00,10.2,90,8.6,8.7,0.0,0.0,0.0,0.0,0,1021.9,978.6,0,0,0,0,0.0,0.13,7.9,18.4,360,356,18.7,13.8,15.5,15.8,13.9,0.29,0.306,0.322,0.391,0,0.0,0.0,0.0,0.0,0.0,0.0,0.0,0.0,0.0,0.0,0.0,0.0,0.0,10.252715683097632,79.41807551926411,175.40411826999994,579.7159409179687,1.5963492553674759,199.7288221604285
40.808434,-8.4375,361.0,2019-06-09 22:00:00,9.4,89,7.7,7.7,0.0,0.0,0.0,0.0,0,1022.1,978.6,0,0,0,0,0.0,0.13,7.6,16.5,31,16,17.6,13.1,15.4,15.8,13.9,0.29,0.306,0.322,0.391,0,0.0,0.0,0.0,0.0,0.0,0.0,0.0,0.0,0.0,0.0,0.0,0.0,0.0,9.8484496452568,79.06679661283029,175.70819049999994,584.8119409179687,1.5199212540581373,200.67964491696807
40.808434,-8.4375,361.0,2019-06-09 23:00:00,9.1,86,6.9,7.1,0.0,0.0,0.0,0.0,0,1021.8,978.3,0,0,0,0,0.0,0.16,8.7,17.7,45,27,18.7,12.5,15.2,15.8,13.9,0.29,0.306,0.322,0.391,0,0.0,0.0,0.0,0.0,0.0,0.0,0.0,0.0,0.0,0.0,0.0,0.0,0.0,10.360173447898747,79.11254448859133,176.08413434799994,589.8539409179688,1.6135516681542126,201.66493085688572
40.808434,-8.4375,361.0,2019-06-10 00:00:00,9.1,85,6.7,7.2,0.0,0.0,0.0,0.0,0,1022.1,978.6,0,0,0,0,0.0,0.18,7.4,14.5,51,19,18.7,12.9,15.1,15.8,13.9,0.289,0.306,0.323,0.391,0,0.0,0.0,0.0,0.0,0.0,0.0,0.0,0.0,0.0,0.0,0.0,0.0,0.0,9.85246923204979,79.15830746802935,176.48693132799994,594.8959409179688,1.5178632424930247,202.66386347761684
40.808434,-8.4375,361.0,2019-06-10 01:00:00,9.1,80,5.8,7.2,0.0,0.0,0.0,0.0,0,1021.5,978.0,0,0,0,0,0.0,0.23,5.9,11.8,52,12,15.8,12.3,15.0,15.8,13.9,0.289,0.306,0.323,0.391,0,0.0,0.0,0.0,0.0,0.0,0.0,0.0,0.0,0.0,0.0,0.0,0.0,0.0,9.560513884141253,79.55620785685034,177.02399396799993,599.9379409179688,1.463198122386428,203.74795537145957
40.808434,-8.4375,361.0,2019-06-10 02:00:00,9.3,77,5.5,7.3,0.0,0.0,0.0,0.0,0,1021.1,977.6,0,0,0,0,0.0,0.27,6.2,13.7,36,357,14.4,11.8,14.8,15.8,13.9,0.289,0.306,0.323,0.391,0,0.0,0.0,0.0,0.0,0.0,0.0,0.0,0.0,0.0,0.0,0.0,0.0,0.0,10.183592371736452,80.13263933514556,177.65372623999994,605.0159409179688,1.5759550109347225,204.8959825743243
40.808434,-8.4375,361.0,2019-06-10 03:00:00,9.4,79,5.9,7.2,0.0,0.0,0.0,0.0,1,1020.7,977.3,29,0,0,96,0.0,0.25,7.7,16.6,28,359,16.9,11.4,14.6,15.8,13.9,0.289,0.306,0.323,0.391,0,0.0,0.0,0.0,0.0,0.0,0.0,0.0,0.0,0.0,0.0,0.0,0.0,0.0,10.974899683231733,80.26571925330519,178.23422776999993,610.1119409179688,1.723826327565124,206.0113424108432
40.808434,-8.4375,361.0,2019-06-10 04:00:00,9.3,82,6.3,7.2,0.0,0.0,0.0,0.0,0,1020.5,977.1,0,0,0,0,0.0,0.22,8.6,18.4,33,6,18.7,11.2,14.4,15.8,13.9,0.289,0.306,0.323,0.391,0,0.0,0.0,0.0,0.0,0.0,0.0,0.0,0.0,0.0,0.0,0.0,0.0,0.0,11.441956080625907,80.31186295379008,178.72706172199995,615.1899409179688,1.81271380228495,207.06271976918404
40.808434,-8.4375,361.0,2019-06-10 05:00:00,9.2,83,6.5,7.1,0.0,0.0,0.0,0.0,0,1020.7,977.3,0,0,0,0,0.0,0.2,8.5,18.6,36,15,19.4,11.0,14.2,15.8,13.9,0.289,0.306,0.323,0.391,0,0.0,0.0,0.0,0.0,0.0,0.0,0.0,0.0,0.0,0.0,0.0,0.0,0.0,11.448860714031838,80.35802188863362,179.18804048799996,620.2499409179687,1.8125507143120725,208.08703664358657
40.808434,-8.4375,361.0,2019-06-10 06:00:00,10.4,82,7.4,8.3,0.0,0.0,0.0,0.0,0,1021.2,977.9,0,0,0,0,0.02,0.23,9.5,18.1,37,17,19.8,11.1,14.0,15.7,13.9,0.29,0.306,0.323,0.391,1,1117.55,37.0,16.0,21.0,140.8,37.0,91.9,82.8,35.8,47.0,231.2,50.5,205.7,11.980264041991163,80.40419606286545,179.73300110799997,625.5259409179687,1.9157236577732875,209.1952764428015
40.808434,-8.4375,361.0,2019-06-10 07:00:00,12.7,75,8.5,11.1,0.0,0.0,0.0,0.0,1,1021.2,978.3,24,0,0,80,0.09,0.36,8.7,14.8,5,13,20.5,12.0,13.9,15.7,13.9,0.289,0.305,0.323,0.391,1,3600.0,183.0,119.0,64.0,484.0,183.0,326.3,250.7,163.0,87.7,484.0,250.7,447.1,12.39661290914493,81.14137924974904,180.64126880799998,631.2159409179687,1.9971591254139935,210.60516405160553
40.808434,-8.4375,361.0,2019-06-10 08:00:00,14.2,70,8.9,12.4,0.0,0.0,0.0,0.0,1,1021.0,978.3,22,0,0,72,0.18,0.48,10.9,14.8,354,359,25.2,13.3,13.9,15.7,13.9,0.289,0.305,0.323,0.391,1,3600.0,365.0,263.0,102.0,617.4,365.0,565.4,439.7,316.8,122.9,617.4,439.7,681.1,15.024258880096953,82.27013019168233,181.84965974799997,637.1759409179688,2.5516943728759216,212.2553919646277
40.808434,-8.4375,361.0,2019-06-10 09:00:00,15.6,62,8.3,13.5,0.0,0.0,0.0,0.0,0,1020.7,978.2,11,2,0,31,0.29,0.68,11.4,14.9,349,353,27.0,14.7,13.9,15.7,13.9,0.287,0.305,0.323,0.391,1,3600.0,553.0,427.0,126.0,718.3,553.0,789.0,625.0,482.6,142.4,718.3,625.0,891.8,17.86351505421681,83.85751783878146,183.52034578399997,643.3879409179688,3.207165367261064,214.25508372865482
40.808434,-8.4375,361.0,2019-06-10 10:00:00,16.4,59,8.2,14.9,0.0,0.0,0.0,0.0,0,1020.6,978.2,14,6,0,28,0.38,0.77,13.7,17.5,337,341,31.7,16.2,14.1,15.7,13.9,0.285,0.304,0.323,0.391,1,3600.0,726.0,590.0,136.0,797.4,726.0,982.0,787.2,639.8,147.5,797.4,787.2,1064.8,21.492560838001705,84.87211279263384,185.40927933399996,649.7439409179688,4.129620264270097,216.4234469690198
40.808434,-8.4375,361.0,2019-06-10 11:00:00,17.0,59,9.0,16.3,0.0,0.0,0.0,0.0,1,1020.5,978.2,26,25,0,13,0.45,0.79,14.5,18.8,330,334,34.2,17.5,14.3,15.7,13.9,0.282,0.304,0.322,0.391,1,3600.0,858.0,722.0,136.0,847.2,858.0,1131.1,901.4,758.5,142.9,847.2,901.4,1188.3,22.96473927367195,85.24555077524309,187.36297631999997,656.2079409179688,4.526304448399569,218.65088259310778
40.808434,-8.4375,361.0,2019-06-10 12:00:00,17.1,62,9.8,16.8,0.0,0.0,0.0,0.0,0,1020.4,978.1,16,4,0,42,0.48,0.74,15.6,19.4,320,325,39.2,18.3,14.3,15.7,13.9,0.28,0.303,0.322,0.391,1,3600.0,924.0,743.0,181.0,804.2,924.0,1226.2,944.9,759.8,185.1,804.2,944.9,1254.0,54.3759765625,93.5054931640625,170.7265625,535.5614013671875,17.2197265625,189.4921875
40.808434,-8.4375,361.0,2019-06-10 13:00:00,17.0,60,9.2,16.2,0.0,0.0,0.0,0.0,1,1020.2,977.9,25,8,0,60,0.49,0.77,18.7,24.4,322,326,41.8,19.2,14.6,15.6,13.9,0.277,0.302,0.322,0.391,1,3600.0,971.0,827.0,144.0,870.5,971.0,1260.9,968.2,824.6,143.6,870.5,968.2,1257.3,34.409641846715054,88.09439343877636,172.63260834,542.0254013671876,8.369013194906223,192.21568107068074
40.808434,-8.4375,361.0,2019-06-10 14:00:00,16.8,59,8.8,15.7,0.0,0.0,0.0,0.0,0,1019.8,977.5,15,0,0,49,0.48,0.78,18.7,24.5,320,324,42.5,19.7,15.0,15.6,13.9,0.274,0.302,0.322,0.391,1,3600.0,944.0,803.0,141.0,864.5,944.0,1232.8,917.4,780.4,137.0,864.5,917.4,1198.0,31.473651439237138,87.14094384090517,174.564717514,548.4534013671876,7.302484895457756,194.42379231293904
40.808434,-8.4375,361.0,2019-06-10 15:00:00,16.1,59,8.1,14.3,0.0,0.0,0.0,0.0,1,1019.7,977.3,20,0,0,68,0.43,0.76,19.7,26.1,322,325,43.2,19.8,15.3,15.6,13.9,0.271,0.301,0.322,0.39,1,3600.0,859.0,716.0,143.0,830.8,859.0,1143.8,811.3,676.3,135.1,830.8,811.3,1080.3,31.7230945647645,86.85354678748247,176.421269346,554.7554013671876,7.372166182942738,196.5651924860563
40.808434,-8.4375,361.0,2019-06-10 16:00:00,15.5,60,7.8,12.8,0.0,0.0,0.0,0.0,1,1019.6,977.1,24,0,0,80,0.36,0.7,20.1,27.3,324,326,43.9,19.6,15.6,15.6,13.9,0.269,0.3,0.322,0.39,1,3600.0,720.0,563.0,157.0,747.2,720.0,999.9,656.7,513.5,143.2,747.2,656.7,912.0,31.384548042347088,86.5839688586371,178.169355586,560.9494013671875,7.240034305707853,198.6222090224724
40.808434,-8.4375,361.0,2019-06-10 17:00:00,14.6,64,7.9,11.2,0.0,0.0,0.0,0.0,1,1019.6,977.0,26,0,0,88,0.27,0.6,20.3,28.1,327,329,43.9,19.0,15.8,15.6,13.9,0.267,0.3,0.322,0.39,1,3600.0,554.0,415.0,139.0,679.0,554.0,811.1,481.4,360.6,120.8,679.0,481.4,704.7,29.587673622334417,85.87913395100772,179.657335018,566.9814013671876,6.62192618415547,200.49185631175303
40.808434,-8.4375,361.0,2019-06-10 18:00:00,13.7,69,8.1,10.5,0.0,0.0,0.0,0.0,1,1019.3,976.6,24,2,0,75,0.18,0.49,19.0,26.6,333,335,43.6,18.1,15.9,15.6,13.9,0.266,0.3,0.322,0.39,1,3600.0,366.0,247.0,119.0,555.5,366.0,590.1,293.1,197.8,95.3,555.5,293.1,472.6,25.874345482371243,84.92907659240447,180.865199426,572.8514013671876,5.436104449520996,202.1608339484684
40.808434,-8.4375,361.0,2019-06-10 19:00:00,12.9,73,8.1,10.1,0.0,0.0,0.0,0.0,0,1019.0,976.2,6,0,0,21,0.1,0.4,15.6,23.1,337,339,39.6,17.1,16.0,15.6,13.9,0.266,0.299,0.322,0.39,1,3600.0,179.0,91.0,88.0,343.0,179.0,352.0,117.6,59.8,57.8,343.0,117.6,231.3,21.10559571061854,84.05026909716247,181.860344906,578.5774013671876,4.066093199151022,203.6728755320047
40.808434,-8.4375,361.0,2019-06-10 20:00:00,11.6,79,8.0,9.1,0.0,0.0,0.0,0.0,0,1018.9,975.9,6,0,0,20,0.04,0.29,13.6,24.9,338,342,32.0,15.9,16.1,15.6,13.9,0.266,0.299,0.322,0.39,1,1744.17,46.0,20.0,26.0,162.2,46.0,113.1,0.0,0.0,0.0,0.0,0.0,0.0,17.316607741172096,82.73459519951233,182.562475328,584.0694013671875,3.0979240413660225,204.96233978731644
40.808434,-8.4375,361.0,2019-06-10 21:00:00,10.8,83,8.0,8.4,0.0,0.0,0.0,0.0,0,1019.2,976.1,4,0,1,11,0.01,0.22,13.2,25.3,349,349,29.5,14.8,16.0,15.6,13.9,0.266,0.299,0.322,0.39,0,0.0,0.0,0.0,0.0,0.0,0.0,0.0,0.0,0.0,0.0,0.0,0.0,0.0,15.3017655450267,81.54690915855974,183.09506244600001,589.4174013671875,2.6262011432856616,206.11926598448383
40.808434,-8.4375,361.0,2019-06-10 22:00:00,10.3,86,8.1,8.2,0.0,0.0,0.0,0.0,0,1019.2,976.0,2,0,0,6,0.0,0.17,11.5,23.2,356,353,28.4,14.0,15.9,15.6,13.9,0.266,0.299,0.322,0.39,0,0.0,0.0,0.0,0.0,0.0,0.0,0.0,0.0,0.0,0.0,0.0,0.0,0.0,13.093129525444022,80.52017673785011,183.515234982,594.6754013671875,2.1456580110826446,207.18704953301864
40.808434,-8.4375,361.0,2019-06-10 23:00:00,10.1,87,8.0,8.1,0.0,0.0,0.0,0.0,2,1018.8,975.6,63,66,6,0,0.0,0.16,10.8,22.8,2,355,25.6,13.4,15.7,15.6,13.9,0.267,0.299,0.322,0.39,0,0.0,0.0,0.0,0.0,0.0,0.0,0.0,0.0,0.0,0.0,0.0,0.0,0.0,12.161811273920014,79.96986929748445,183.89855027800002,599.8974013671875,1.9535283714160632,208.22141329952038
40.808434,-8.4375,361.0,2019-06-11 00:00:00,11.3,82,8.3,9.0,0.0,0.0,0.0,0.0,3,1018.8,975.7,100,99,28,0,0.01,0.24,12.4,22.3,352,351,25.6,14.1,15.6,15.6,13.9,0.266,0.298,0.321,0.39,0,0.0,0.0,0.0,0.0,0.0,0.0,0.0,0.0,0.0,0.0,0.0,0.0,0.0,13.025109258296329,80.01591532300424,184.48615999,605.3354013671875,2.127717683718392,209.41525441394924
40.808434,-8.4375,361.0,2019-06-11 01:00:00,11.3,83,8.4,9.2,0.0,0.0,0.0,0.0,2,1018.2,975.2,69,59,26,0,0.01,0.23,11.3,20.4,353,352,26.3,13.7,15.5,15.6,13.9,0.267,0.298,0.321,0.39,0,0.0,0.0,0.0,0.0,0.0,0.0,0.0,0.0,0.0,0.0,0.0,0.0,0.0,12.522443314318192,80.06197655063526,185.041124718,610.7734013671875,2.0226963246644294,210.58450103690848
40.808434,-8.4375,361.0,2019-06-11 02:00:00,11.0,86,8.8,9.1,0.0,0.0,0.0,0.0,3,1017.8,974.7,100,99,66,0,0.0,0.18,10.9,21.0,354,354,24.1,13.4,15.4,15.6,13.9,0.267,0.298,0.321,0.39,0,0.0,0.0,0.0,0.0,0.0,0.0,0.0,0.0,0.0,0.0,0.0,0.0,0.0,12.378686112788504,80.10805298539651,185.48709732199998,616.1574013671875,1.9919373751819294,211.67122595040442
40.808434,-8.4375,361.0,2019-06-11 03:00:00,11.4,86,9.2,9.4,0.0,0.0,0.0,0.0,3,1017.3,974.3,89,42,85,0,0.0,0.18,11.9,20.9,360,359,25.9,13.2,15.2,15.6,13.9,0.267,0.298,0.321,0.39,0,0.0,0.0,0.0,0.0,0.0,0.0,0.0,0.0,0.0,0.0,0.0,0.0,0.0,12.941446834655993,80.15414463230859,185.94781282199997,621.6134013671875,2.105076249206698,212.77398631747727
40.808434,-8.4375,361.0,2019-06-11 04:00:00,10.9,89,9.2,9.2,0.0,0.0,0.0,0.0,1,1016.9,973.9,22,0,36,0,0.0,0.14,10.1,20.2,4,3,25.2,13.0,15.1,15.6,13.9,0.267,0.298,0.321,0.39,0,0.0,0.0,0.0,0.0,0.0,0.0,0.0,0.0,0.0,0.0,0.0,0.0,0.0,11.331394712972871,79.40937826344827,186.29532394199998,626.9794013671875,1.781974425936674,213.7850050074117
40.808434,-8.4375,361.0,2019-06-11 05:00:00,10.2,92,9.0,8.4,0.0,0.0,0.0,0.0,0,1016.9,973.8,10,1,15,0,0.0,0.1,10.9,22.1,9,7,23.8,12.7,15.0,15.6,13.9,0.267,0.298,0.321,0.39,0,0.0,0.0,0.0,0.0,0.0,0.0,0.0,0.0,0.0,0.0,0.0,0.0,0.0,10.688594585815906,78.18984103850256,186.53331640599998,632.2194013671875,1.6581302495379546,214.7006373950236
40.808434,-8.4375,361.0,2019-06-11 06:00:00,10.9,89,9.2,8.9,0.0,0.0,0.0,0.0,0,1017.1,974.1,2,2,0,0,0.02,0.14,12.5,22.2,12,13,25.9,12.6,14.8,15.6,13.9,0.268,0.298,0.321,0.39,1,753.55,33.0,13.0,20.0,114.3,33.0,92.0,73.9,29.1,44.8,187.5,45.0,205.9,11.459373281821996,78.23529938707784,186.880827526,637.5854013671875,1.804400356681999,215.70209771902597
40.808434,-8.4375,361.0,2019-06-11 07:00:00,12.4,82,9.5,10.0,0.0,0.0,0.0,0.0,0,1017.1,974.3,4,5,0,0,0.08,0.25,15.7,23.0,11,14,33.1,13.1,14.7,15.6,13.9,0.268,0.298,0.321,0.39,1,3600.0,180.0,114.0,66.0,463.4,180.0,326.5,246.5,156.1,90.4,463.4,246.5,447.2,13.951741091099624,79.17827751043677,187.52056390599998,643.2214013671875,2.3104802945574314,216.93303175674632
40.808434,-8.4375,361.0,2019-06-11 08:00:00,13.9,70,8.5,11.0,0.0,0.0,0.0,0.0,0,1017.2,974.6,1,1,0,0,0.18,0.47,16.9,23.6,12,16,36.7,14.0,14.7,15.5,13.9,0.267,0.298,0.321,0.39,1,3600.0,367.0,272.0,95.0,638.4,367.0,565.4,442.1,327.6,114.4,638.4,442.1,681.0,17.796059852022683,81.59281951512625,188.70526090599998,649.1274013671874,3.181627119717697,218.565060146674
40.808434,-8.4375,361.0,2019-06-11 09:00:00,15.1,59,7.3,11.9,0.0,0.0,0.0,0.0,0,1017.0,974.6,0,0,0,0,0.29,0.7,18.2,25.0,9,12,39.6,15.2,14.7,15.5,13.9,0.266,0.297,0.321,0.39,1,3600.0,564.0,456.0,108.0,767.0,564.0,788.9,637.5,515.4,122.1,767.0,637.5,891.7,23.439551208267137,84.0801381590155,190.45387367799998,655.2494013671874,4.6538199275080485,220.60551904185678
40.808434,-8.4375,361.0,2019-06-11 10:00:00,16.4,53,6.8,13.9,0.0,0.0,0.0,0.0,0,1016.9,974.7,8,9,0,0,0.39,0.87,18.0,24.5,1,4,40.3,16.5,14.8,15.5,13.9,0.263,0.297,0.321,0.39,1,3600.0,735.0,615.0,120.0,831.1,735.0,981.8,797.0,666.9,130.1,831.1,797.0,1064.7,27.31489337839719,85.7494819516097,192.619236528,661.6054013671874,5.791234831724027,222.95855825027124
40.808434,-8.4375,361.0,2019-06-11 11:00:00,17.2,48,6.2,15.1,0.0,0.0,0.0,0.0,0,1016.9,974.8,14,16,0,0,0.46,1.02,18.7,25.2,358,1,41.4,17.7,15.0,15.5,13.9,0.261,0.296,0.321,0.39,1,3600.0,856.0,708.0,148.0,830.6,856.0,1131.0,899.4,743.9,155.5,830.6,899.4,1188.3,31.41927479922457,86.95081734236153,195.124475784,668.1054013671874,7.107487013041567,225.55903643002748
40.808434,-8.4375,361.0,2019-06-11 12:00:00,18.3,46,6.3,17.0,0.0,0.0,0.0,0.0,1,1017.2,975.2,31,34,0,0,0.52,1.14,16.2,21.2,357,1,41.8,18.7,15.0,15.5,13.9,0.259,0.295,0.322,0.39,1,3600.0,928.0,758.0,170.0,820.2,928.0,1226.2,949.1,775.2,173.9,820.2,949.1,1254.1,61.642578125,93.55615234375,175.828125,543.4646606445312,21.02099609375,193.9453125
40.808434,-8.4375,361.0,2019-06-11 13:00:00,18.8,42,5.7,17.2,0.0,0.0,0.0,0.0,0,1016.9,975.0,6,5,2,0,0.55,1.26,18.0,23.8,358,1,39.6,19.7,15.3,15.5,13.9,0.256,0.295,0.321,0.39,1,3600.0,953.0,771.0,182.0,811.2,953.0,1261.1,950.3,768.9,181.5,811.2,950.3,1257.6,43.924098184094476,90.92456028648247,178.866741172,550.2526606445313,12.119516817283753,197.35306737279953
40.808434,-8.4375,361.0,2019-06-11 14:00:00,19.1,41,5.7,17.4,0.0,0.0,0.0,0.0,0,1016.7,974.9,9,8,3,0,0.55,1.29,18.4,24.5,354,358,41.0,20.3,15.6,15.5,13.9,0.253,0.294,0.321,0.39,1,3600.0,953.0,825.0,128.0,887.7,953.0,1233.2,926.2,801.8,124.4,887.7,926.2,1198.6,42.87326159819863,90.49713552384036,182.00434536,557.0946606445312,11.634322529744745,200.36181328005097
40.808434,-8.4375,361.0,2019-06-11 15:00:00,19.0,41,5.5,16.8,0.0,0.0,0.0,0.0,0,1016.4,974.6,1,1,0,0,0.51,1.3,18.7,25.1,341,347,40.7,20.6,15.9,15.5,13.9,0.25,0.293,0.321,0.39,1,3600.0,868.0,737.0,131.0,854.5,868.0,1144.4,819.9,696.2,123.7,854.5,819.9,1081.1,42.92577296624062,90.38541576232764,185.126416854,563.9186606445312,11.624381685615068,203.35582455645442
40.808434,-8.4375,361.0,2019-06-11 16:00:00,18.3,46,6.5,15.4,0.0,0.0,0.0,0.0,0,1016.2,974.3,0,0,0,0,0.44,1.14,20.7,28.3,329,334,43.9,20.6,16.1,15.5,13.9,0.247,0.292,0.321,0.39,1,3600.0,751.0,645.0,106.0,855.0,751.0,1000.9,685.1,588.4,96.7,855.0,685.1,913.1,42.55582608443909,89.57089788570995,187.88439147000003,570.6166606445312,11.441017854264581,206.10807594800863
40.808434,-8.4375,361.0,2019-06-11 17:00:00,17.0,58,8.6,13.4,0.0,0.0,0.0,0.0,0,1016.2,974.1,0,0,0,0,0.32,0.82,23.5,32.7,328,332,48.6,20.1,16.4,15.5,13.9,0.246,0.292,0.321,0.39,1,3600.0,587.0,491.0,96.0,802.0,587.0,812.3,510.2,426.8,83.4,802.0,510.2,706.1,38.74010497747691,87.55923950433686,189.88573960200003,577.0806606445312,9.872871011148675,208.3664346211541
40.808434,-8.4375,361.0,2019-06-11 18:00:00,15.8,70,10.4,12.9,0.0,0.0,0.0,0.0,0,1016.2,973.9,0,0,0,0,0.21,0.54,21.3,32.2,330,333,49.0,19.4,16.6,15.5,13.9,0.245,0.291,0.321,0.39,1,3600.0,397.0,314.0,83.0,704.2,397.0,591.6,318.2,251.7,66.5,704.2,318.2,474.1,29.207474258312658,85.32106059894053,191.22049822200003,583.3286606445313,6.4430969715680355,210.18750489638487
40.808434,-8.4375,361.0,2019-06-11 19:00:00,14.3,72,9.4,11.3,0.0,0.0,0.0,0.0,0,1016.2,973.7,0,0,0,0,0.12,0.45,19.8,36.0,331,337,44.6,18.3,16.7,15.5,13.9,0.244,0.291,0.321,0.39,1,3600.0,206.0,144.0,62.0,540.1,206.0,353.7,135.7,94.9,40.9,540.1,135.7,233.1,25.50005610308261,84.42028392198097,192.35570121400002,589.3066606445312,5.280679676844364,211.84251311261127
40.808434,-8.4375,361.0,2019-06-11 20:00:00,13.2,73,8.5,10.3,0.0,0.0,0.0,0.0,0,1016.3,973.6,0,0,0,0,0.05,0.41,17.4,32.3,347,348,44.6,17.0,16.7,15.5,13.9,0.245,0.291,0.321,0.39,1,2075.73,50.0,26.0,24.0,209.8,50.0,115.0,0.0,0.0,0.0,0.0,0.0,0.0,22.43392392560263,83.95322078893614,193.37217124000003,595.0866606445312,4.394897075339618,213.39151849461612
40.808434,-8.4375,361.0,2019-06-11 21:00:00,12.8,68,7.1,9.7,0.0,0.0,0.0,0.0,0,1016.9,974.1,0,0,0,0,0.04,0.47,16.2,31.3,357,359,37.1,15.9,16.7,15.5,13.9,0.245,0.291,0.321,0.39,0,0.0,0.0,0.0,0.0,0.0,0.0,0.0,0.0,0.0,0.0,0.0,0.0,0.0,21.602674696468537,84.00058191932665,194.54317840800002,600.7946606445312,4.163207001668573,215.0213358011279
40.808434,-8.4375,361.0,2019-06-11 22:00:00,11.8,69,6.3,8.6,0.0,0.0,0.0,0.0,0,1017.2,974.3,0,0,0,0,0.04,0.43,16.0,31.4,9,9,34.9,15.0,16.6,15.5,13.9,0.245,0.291,0.321,0.39,0,0.0,0.0,0.0,0.0,0.0,0.0,0.0,0.0,0.0,0.0,0.0,0.0,0.0,21.560722823375254,84.04795868601069,195.595979142,606.3226606445312,4.147600792611683,216.54872511184175
40.808434,-8.4375,361.0,2019-06-11 23:00:00,11.0,73,6.2,7.9,0.0,0.0,0.0,0.0,0,1017.1,974.1,0,0,0,0,0.03,0.36,15.0,29.9,17,15,34.2,14.2,16.4,15.5,13.9,0.245,0.291,0.321,0.39,0,0.0,0.0,0.0,0.0,0.0,0.0,0.0,0.0,0.0,0.0,0.0,0.0,0.0,19.989779895803007,83.62818523786694,196.456069164,611.7066606445312,3.730362293939964,217.93322948452646
40.808434,-8.4375,361.0,2019-06-12 00:00:00,10.9,75,6.7,7.8,0.0,0.0,0.0,0.0,0,1017.4,974.4,0,0,0,0,0.03,0.33,15.6,31.2,23,21,31.7,13.8,16.3,15.5,13.9,0.245,0.291,0.32,0.39,0,0.0,0.0,0.0,0.0,0.0,0.0,0.0,0.0,0.0,0.0,0.0,0.0,0.0,19.642723741268867,83.2044897246796,197.245867164,617.0726606445312,3.638325955578754,219.2693591819333
40.808434,-8.4375,361.0,2019-06-12 01:00:00,10.4,77,6.5,7.4,0.0,0.0,0.0,0.0,0,1017.2,974.1,0,0,0,0,0.02,0.3,15.0,30.6,21,18,32.8,13.3,16.1,15.5,14.0,0.245,0.291,0.32,0.39,0,0.0,0.0,0.0,0.0,0.0,0.0,0.0,0.0,0.0,0.0,0.0,0.0,0.0,18.38213465350898,82.72494640969867,197.942205734,622.3486606445312,3.320317380742088,220.5309815027072
40.808434,-8.4375,361.0,2019-06-12 02:00:00,9.8,79,6.4,6.7,0.0,0.0,0.0,0.0,0,1016.8,973.6,0,0,0,0,0.02,0.25,15.0,29.8,24,20,32.0,12.8,15.9,15.5,14.0,0.246,0.29,0.32,0.389,0,0.0,0.0,0.0,0.0,0.0,0.0,0.0,0.0,0.0,0.0,0.0,0.0,0.0,17.52162682655623,82.19801938091055,198.544821608,627.5166606445312,3.109609005490195,221.71464201260457
40.808434,-8.4375,361.0,2019-06-12 03:00:00,9.2,82,6.3,6.3,0.0,0.0,0.0,0.0,0,1016.6,973.3,0,0,0,0,0.01,0.21,13.5,28.0,29,24,31.7,12.4,15.7,15.5,14.0,0.246,0.29,0.32,0.389,0,0.0,0.0,0.0,0.0,0.0,0.0,0.0,0.0,0.0,0.0,0.0,0.0,0.0,15.485216476348494,81.45150592148393,199.032916772,632.5766606445311,2.6365312690660114,222.80684953768863
40.808434,-8.4375,361.0,2019-06-12 04:00:00,8.7,84,6.2,5.9,0.0,0.0,0.0,0.0,0,1016.2,972.9,0,0,0,0,0.01,0.18,13.1,27.4,32,27,29.2,11.9,15.5,15.5,14.0,0.246,0.29,0.32,0.389,0,0.0,0.0,0.0,0.0,0.0,0.0,0.0,0.0,0.0,0.0,0.0,0.0,0.0,14.393147496183493,80.78692545873349,199.44571786,637.5466606445311,2.395144641117554,223.83439742220543
40.808434,-8.4375,361.0,2019-06-12 05:00:00,8.4,86,6.2,5.6,0.0,0.0,0.0,0.0,0,1016.2,972.8,0,0,0,0,0.0,0.16,12.7,27.0,29,27,28.1,11.6,15.2,15.5,14.0,0.247,0.29,0.32,0.389,0,0.0,0.0,0.0,0.0,0.0,0.0,0.0,0.0,0.0,0.0,0.0,0.0,0.0,13.403939588029449,80.12265356263465,199.79586164,642.4626606445312,2.1844086587922096,224.81040442344047
40.808434,-8.4375,361.0,2019-06-12 06:00:00,9.5,82,6.5,6.6,0.0,0.0,0.0,0.0,0,1016.2,973.0,0,0,0,0,0.03,0.22,13.8,26.6,28,28,28.8,11.5,15.0,15.5,14.0,0.247,0.29,0.32,0.389,1,1487.95,39.0,19.0,20.0,166.9,39.0,92.1,87.3,42.5,44.8,273.8,53.2,206.1,14.055631953867433,80.16875002993237,200.298173168,647.5766606445312,2.3201572899527174,225.90947755904062
40.808434,-8.4375,361.0,2019-06-12 07:00:00,11.6,73,6.9,8.8,0.0,0.0,0.0,0.0,0,1016.2,973.3,0,0,0,0,0.09,0.37,13.5,21.3,25,28,29.5,12.1,14.8,15.5,14.0,0.247,0.29,0.32,0.389,1,3600.0,190.0,131.0,59.0,532.3,190.0,326.5,260.2,179.4,80.8,532.3,260.2,447.1,15.218230582689966,81.23338698098544,201.20091228200002,653.0686606445312,2.570641405693027,227.31824770385984
40.808434,-8.4375,361.0,2019-06-12 08:00:00,13.4,58,5.3,10.4,0.0,0.0,0.0,0.0,0,1015.8,973.2,0,0,0,0,0.2,0.65,13.2,18.0,22,26,29.5,13.3,14.7,15.5,14.0,0.246,0.29,0.32,0.389,1,3600.0,382.0,302.0,80.0,708.7,382.0,565.3,460.1,363.8,96.4,708.7,460.1,680.9,18.96919743478964,83.72143633427342,202.80420222200001,658.8846606445312,3.4490052758566274,229.22228658671506
40.808434,-8.4375,361.0,2019-06-12 09:00:00,14.9,48,4.1,11.8,0.0,0.0,0.0,0.0,0,1015.7,973.3,0,0,0,0,0.31,0.88,12.8,16.9,16,20,29.5,14.7,14.7,15.5,14.0,0.245,0.289,0.32,0.389,1,3600.0,573.0,480.0,93.0,807.4,573.0,788.7,647.6,542.5,105.1,807.4,647.6,891.4,23.42247523848102,86.00950818460575,204.99457534200002,664.9706606445312,4.6216361655916565,231.5419870660938
40.808434,-8.4375,361.0,2019-06-12 10:00:00,16.1,45,4.3,13.9,0.0,0.0,0.0,0.0,0,1015.4,973.2,0,0,0,0,0.4,1.0,13.1,16.9,9,12,31.0,16.2,14.8,15.5,14.0,0.243,0.289,0.32,0.389,1,3600.0,741.0,637.0,104.0,860.9,741.0,981.6,803.5,690.8,112.8,860.9,803.5,1064.5,26.703851284401672,87.22325746915311,207.48507170200003,671.2726606445312,5.572052710209529,234.08533106329196
40.808434,-8.4375,361.0,2019-06-12 11:00:00,17.0,45,5.0,15.6,0.0,0.0,0.0,0.0,0,1015.2,973.1,0,0,0,0,0.48,1.06,13.3,16.9,360,2,31.7,17.7,14.9,15.5,14.0,0.241,0.288,0.32,0.389,1,3600.0,873.0,761.0,112.0,892.7,873.0,1130.8,917.3,799.6,117.7,892.7,917.3,1188.2,28.069220817668192,87.65337443768576,210.10588473200002,677.7366606445313,5.9851035668305,236.73532542548313
40.808434,-8.4375,361.0,2019-06-12 12:00:00,17.9,44,5.5,16.9,0.0,0.0,0.0,0.0,0,1015.2,973.3,0,0,0,0,0.54,1.15,14.8,18.6,347,351,33.5,18.8,15.0,15.5,14.0,0.238,0.287,0.32,0.389,1,3600.0,955.0,839.0,116.0,907.7,955.0,1226.2,976.7,858.1,118.6,907.7,976.7,1254.1,55.7451171875,95.480712890625,181.875,551.55224609375,17.73779296875,198.8984375
40.808434,-8.4375,361.0,2019-06-12 13:00:00,17.6,49,6.9,16.4,0.0,0.0,0.0,0.0,0,1014.6,972.6,0,0,0,0,0.53,1.02,18.3,23.5,328,333,40.0,19.8,15.3,15.4,14.0,0.235,0.286,0.32,0.389,1,3600.0,987.0,870.0,117.0,915.0,987.0,1261.3,984.3,867.7,116.7,915.0,984.3,1257.8,41.596330025547005,90.1923968709373,184.385767842,558.12424609375,11.082123944661172,201.96509122525057
40.808434,-8.4375,361.0,2019-06-12 14:00:00,16.9,59,8.9,15.4,0.0,0.0,0.0,0.0,0,1014.5,972.4,0,0,0,0,0.47,0.79,22.3,29.4,321,324,47.5,20.3,15.6,15.4,14.0,0.233,0.286,0.32,0.389,1,3600.0,958.0,839.0,119.0,902.2,958.0,1233.6,931.2,815.5,115.7,902.2,931.2,1199.1,37.074733482854406,87.53532942899871,186.32867092200001,564.57024609375,9.261860514204699,204.18565248408962
40.808434,-8.4375,361.0,2019-06-12 15:00:00,15.9,59,7.9,13.5,0.0,0.0,0.0,0.0,0,1014.5,972.3,0,0,0,0,0.42,0.74,23.5,31.5,328,329,50.4,20.4,15.9,15.4,14.0,0.231,0.285,0.319,0.389,1,3600.0,876.0,762.0,114.0,882.7,876.0,1145.1,827.6,719.9,107.7,882.7,827.6,1081.9,36.40104680918254,86.9020640215005,188.16363494200002,570.83624609375,8.989781999485722,206.31184519384507
40.808434,-8.4375,361.0,2019-06-12 16:00:00,15.4,56,6.6,12.2,0.0,0.0,0.0,0.0,0,1014.2,971.9,0,0,0,0,0.37,0.78,22.9,31.1,330,332,50.4,20.1,16.1,15.4,14.0,0.229,0.284,0.319,0.389,1,3600.0,751.0,645.0,106.0,854.1,751.0,1001.8,685.3,588.6,96.7,854.1,685.3,914.2,35.88840494499422,86.95039871350272,190.074946102,577.01224609375,8.782202218732166,208.4691353114589
40.808434,-8.4375,361.0,2019-06-12 17:00:00,14.5,61,7.1,10.9,0.0,0.0,0.0,0.0,0,1014.0,971.6,0,0,0,0,0.29,0.64,21.4,29.5,331,333,48.6,19.5,16.3,15.4,14.0,0.228,0.284,0.319,0.389,1,3600.0,589.0,493.0,96.0,803.9,589.0,813.5,512.2,428.7,83.5,803.9,512.2,707.4,32.29538680705224,86.349953616435,191.676656446,583.02624609375,7.4785709370676035,210.4135560457774
40.808434,-8.4375,361.0,2019-06-12 18:00:00,13.5,69,7.8,10.0,0.0,0.0,0.0,0.0,0,1013.7,971.2,0,0,0,0,0.19,0.49,19.8,28.0,333,336,45.4,18.6,16.5,15.4,14.0,0.227,0.284,0.319,0.389,1,3600.0,400.0,317.0,83.0,709.1,400.0,593.0,320.9,254.3,66.6,709.1,320.9,475.7,26.959427247491526,85.00933573343734,192.86819836200002,588.86024609375,5.72245974548243,212.08058797482784
40.808434,-8.4375,361.0,2019-06-12 19:00:00,12.4,74,8.0,9.4,0.0,0.0,0.0,0.0,0,1013.7,971.0,0,0,0,0,0.1,0.37,17.6,26.0,334,338,41.8,17.5,16.5,15.5,14.0,0.227,0.283,0.319,0.389,1,3600.0,208.0,144.0,64.0,537.5,208.0,355.3,137.4,95.1,42.3,537.5,137.4,234.8,22.383281056056692,83.85254935395318,193.79226202200002,594.49624609375,4.3804283634628165,213.55187895391742
40.808434,-8.4375,361.0,2019-06-12 20:00:00,11.0,83,8.3,8.7,0.0,0.0,0.0,0.0,0,1013.6,970.7,0,0,0,0,0.03,0.22,13.2,24.6,338,342,36.0,16.2,16.5,15.5,14.0,0.227,0.283,0.319,0.389,1,2103.37,51.0,26.0,25.0,208.7,51.0,116.7,0.5,0.3,0.2,2.9,0.4,1.1,15.81962718903605,81.85966596746918,194.333800184,599.88024609375,2.725708552294184,214.7470286256082
40.808434,-8.4375,361.0,2019-06-12 21:00:00,10.2,88,8.3,8.1,0.0,0.0,0.0,0.0,0,1013.7,970.7,0,0,0,0,0.0,0.15,11.7,23.3,351,352,28.1,15.0,16.5,15.5,14.0,0.228,0.283,0.319,0.389,0,0.0,0.0,0.0,0.0,0.0,0.0,0.0,0.0,0.0,0.0,0.0,0.0,0.0,12.788738790163018,80.08700602168766,194.69078888,605.12024609375,2.0692990268589577,215.80187430134757
40.808434,-8.4375,361.0,2019-06-12 22:00:00,9.5,91,8.1,7.6,0.0,0.0,0.0,0.0,0,1013.8,970.7,0,0,0,0,0.0,0.11,9.7,21.7,356,353,24.8,14.0,16.3,15.5,14.0,0.228,0.283,0.319,0.389,0,0.0,0.0,0.0,0.0,0.0,0.0,0.0,0.0,0.0,0.0,0.0,0.0,0.0,10.54752043847833,78.67594690016888,194.94194464400002,610.23424609375,1.6293467547420326,216.7664562028242
40.808434,-8.4375,361.0,2019-06-12 23:00:00,9.0,93,7.9,7.1,0.0,0.0,0.0,0.0,0,1013.7,970.5,0,0,0,0,0.0,0.08,9.4,21.3,4,355,21.6,13.3,16.1,15.5,14.0,0.228,0.283,0.319,0.389,0,0.0,0.0,0.0,0.0,0.0,0.0,0.0,0.0,0.0,0.0,0.0,0.0,0.0,9.616712795786151,77.54575252358916,195.128073706,615.25824609375,1.4578278394985225,217.67111582983412
40.808434,-8.4375,361.0,2019-06-13 00:00:00,9.1,94,8.2,7.0,0.0,0.0,0.0,0.0,0,1013.8,970.6,2,2,0,0,0.0,0.06,10.9,22.7,8,358,21.2,12.8,15.9,15.5,14.0,0.227,0.282,0.318,0.389,0,0.0,0.0,0.0,0.0,0.0,0.0,0.0,0.0,0.0,0.0,0.0,0.0,0.0,9.797707702999642,76.8309228575144,195.289192498,620.30024609375,1.4896052744999018,218.55732235178684
40.808434,-8.4375,361.0,2019-06-13 01:00:00,8.6,96,8.0,6.9,0.0,0.0,0.0,0.0,0,1013.5,970.3,4,4,0,0,0.0,0.05,8.4,19.4,20,1,23.8,12.3,15.7,15.5,14.0,0.228,0.282,0.318,0.389,0,0.0,0.0,0.0,0.0,0.0,0.0,0.0,0.0,0.0,0.0,0.0,0.0,0.0,8.28098657682801,75.77499580702474,195.391339706,625.25224609375,1.2237985726128349,219.38676108487607
40.808434,-8.4375,361.0,2019-06-13 02:00:00,8.3,96,7.8,6.7,0.0,0.0,0.0,0.0,0,1013.2,969.9,4,5,0,0,0.0,0.04,7.2,17.6,27,360,19.1,11.9,15.5,15.5,14.0,0.228,0.282,0.318,0.389,0,0.0,0.0,0.0,0.0,0.0,0.0,0.0,0.0,0.0,0.0,0.0,0.0,0.0,7.706207503120676,75.420668146275,195.490327722,630.1502460937501,1.127652209726508,220.20004168927102
40.808434,-8.4375,361.0,2019-06-13 03:00:00,8.2,96,7.7,6.6,0.0,0.0,0.0,0.0,0,1012.9,969.6,5,6,0,0,0.0,0.04,6.9,16.8,39,9,16.9,11.5,15.3,15.5,14.0,0.228,0.282,0.318,0.389,0,0.0,0.0,0.0,0.0,0.0,0.0,0.0,0.0,0.0,0.0,0.0,0.0,0.0,7.556367957733457,75.29511231640718,195.588262674,635.0302460937501,1.1026536700897411,221.0042043059957
40.808434,-8.4375,361.0,2019-06-13 04:00:00,8.0,96,7.4,6.3,0.0,0.0,0.0,0.0,0,1012.8,969.5,1,1,0,0,0.0,0.04,7.1,16.8,41,10,16.6,11.2,15.0,15.4,14.0,0.229,0.282,0.318,0.389,0,0.0,0.0,0.0,0.0,0.0,0.0,0.0,0.0,0.0,0.0,0.0,0.0,0.0,7.604601778412087,75.23480872796536,195.684091498,639.8742460937501,1.109977036475786,221.7960007601831
40.808434,-8.4375,361.0,2019-06-13 05:00:00,7.8,96,7.2,6.1,0.0,0.0,0.0,0.0,0,1012.9,969.6,1,1,0,0,0.0,0.05,7.1,17.0,30,4,16.6,10.9,14.8,15.4,14.0,0.229,0.282,0.318,0.389,0,0.0,0.0,0.0,0.0,0.0,0.0,0.0,0.0,0.0,0.0,0.0,0.0,0.0,7.592872907642668,75.19651515237213,195.77781419399997,644.6822460937501,1.107559907695256,222.57561154532854
40.808434,-8.4375,361.0,2019-06-13 06:00:00,9.1,93,7.9,7.1,0.0,0.0,0.0,0.0,0,1012.8,969.7,4,3,2,0,0.01,0.09,9.9,17.6,19,360,19.4,10.9,14.6,15.4,14.0,0.23,0.281,0.318,0.389,1,1244.55,37.0,17.0,20.0,149.3,37.0,92.1,82.8,38.1,44.8,244.9,50.5,206.1,8.63177370059138,75.26440500308232,195.96578611799998,649.7242460937501,1.2803388484880107,223.44576640526972
40.808434,-8.4375,361.0,2019-06-13 07:00:00,11.1,83,8.3,9.1,0.0,0.0,0.0,0.0,0,1013.0,970.2,5,4,2,0,0.07,0.23,11.2,15.8,358,360,24.1,11.7,14.4,15.4,14.0,0.23,0.281,0.318,0.389,1,3600.0,178.0,112.0,66.0,455.1,178.0,326.4,243.7,153.3,90.4,455.1,243.7,447.0,10.169196811019667,77.18026804785478,196.51179980199998,655.1262460937502,1.5517476367967669,224.59768404278515
40.808434,-8.4375,361.0,2019-06-13 08:00:00,12.6,73,7.8,10.4,0.0,0.0,0.0,0.0,0,1013.0,970.4,8,9,0,0,0.16,0.4,10.9,14.5,351,354,25.9,12.9,14.3,15.4,14.0,0.229,0.281,0.318,0.389,1,3600.0,353.0,257.0,96.0,603.2,353.0,565.1,425.2,309.6,115.6,603.2,425.2,680.6,12.30369960340267,79.94731370190141,197.485620736,660.7982460937502,1.9588112825641641,226.066282783889
40.808434,-8.4375,361.0,2019-06-13 09:00:00,13.8,65,7.4,11.7,0.0,0.0,0.0,0.0,0,1012.8,970.4,16,18,0,0,0.27,0.55,10.1,12.9,333,337,25.6,14.5,14.3,15.4,14.0,0.229,0.281,0.318,0.389,1,3600.0,560.0,453.0,107.0,762.0,560.0,788.4,633.0,512.0,120.9,762.0,633.0,891.1,14.774429337268197,82.34138637492052,198.858552926,666.6862460937502,2.472515873354702,227.827024123108
40.808434,-8.4375,361.0,2019-06-13 10:00:00,14.8,59,6.9,13.2,0.0,0.0,0.0,0.0,1,1012.8,970.5,32,36,0,0,0.35,0.69,11.0,14.3,328,332,28.1,15.9,14.4,15.4,14.0,0.227,0.28,0.318,0.389,1,3600.0,687.0,526.0,161.0,710.9,687.0,981.3,745.0,570.4,174.6,710.9,745.0,1064.2,18.205909848860145,84.13228556836046,200.57478397999998,672.7542460937502,3.2604308822188406,229.83912140942053
40.808434,-8.4375,361.0,2019-06-13 11:00:00,15.7,56,6.9,14.5,0.0,0.0,0.0,0.0,2,1012.6,970.4,50,56,0,0,0.41,0.79,12.0,14.9,319,323,29.5,17.3,14.5,15.4,14.0,0.225,0.28,0.318,0.389,1,3600.0,782.0,600.0,182.0,703.8,782.0,1130.6,821.7,630.5,191.2,703.8,821.7,1188.0,21.045448807442444,85.21744256274575,202.52084625199998,678.9842460937502,3.9750803101919265,232.02572568321008
40.808434,-8.4375,361.0,2019-06-13 12:00:00,15.8,57,7.3,13.7,0.0,0.0,0.0,0.0,3,1013.1,970.9,88,98,0,0,0.36,0.77,14.0,17.6,314,317,32.8,18.2,14.6,15.4,14.0,0.223,0.279,0.318,0.389,1,3600.0,657.0,522.0,135.0,564.6,657.0,1226.1,672.0,533.9,138.1,564.6,672.0,1254.1,51.0322265625,94.361328125,186.578125,559.061767578125,15.313217163085938,202.89315795898438
40.808434,-8.4375,361.0,2019-06-13 13:00:00,15.7,58,7.5,13.7,0.0,0.0,0.0,0.0,2,1013.3,971.1,74,82,0,0,0.38,0.75,15.7,19.9,307,311,35.6,18.7,14.9,15.4,14.0,0.222,0.278,0.317,0.388,1,3600.0,722.0,388.0,334.0,408.0,722.0,1261.4,720.1,387.0,333.1,408.0,720.1,1258.1,32.97010114805525,88.60732271190571,188.435729896,565.291767578125,7.7442359246995585,205.5637016486335
40.808434,-8.4375,361.0,2019-06-13 14:00:00,15.5,60,7.7,13.5,0.0,0.0,0.0,0.0,2,1013.3,971.1,74,82,0,0,0.39,0.72,16.9,21.7,308,310,38.2,19.1,15.1,15.4,14.0,0.22,0.278,0.317,0.388,1,3600.0,753.0,501.0,252.0,538.5,753.0,1233.9,732.0,487.0,245.0,538.5,732.0,1199.6,29.430380902566174,86.99152001448427,190.183816136,571.485767578125,6.528889288812105,207.62754906757496
40.808434,-8.4375,361.0,2019-06-13 15:00:00,15.5,61,8.0,13.8,0.0,0.0,0.0,0.0,2,1013.3,971.1,50,56,0,0,0.4,0.69,17.6,22.7,313,314,39.6,19.5,15.4,15.4,14.0,0.218,0.277,0.317,0.388,1,3600.0,820.0,584.0,236.0,676.0,820.0,1145.7,774.8,551.8,223.0,676.0,774.8,1082.6,28.745384295197496,86.48721857603975,191.88820022,577.6797675781249,6.296268591210336,209.6650327133124
40.808434,-8.4375,361.0,2019-06-13 16:00:00,14.6,64,7.8,11.6,0.0,0.0,0.0,0.0,0,1013.4,971.1,9,10,0,0,0.27,0.61,17.3,22.7,315,318,39.6,19.0,15.6,15.4,14.0,0.217,0.277,0.317,0.388,1,3600.0,502.0,388.0,114.0,513.2,502.0,1002.7,458.2,354.1,104.0,513.2,458.2,915.2,26.829156058641647,85.86871640106297,193.376179652,583.711767578125,5.684577721121266,211.54611285045286
40.808434,-8.4375,361.0,2019-06-13 17:00:00,14.6,65,8.1,11.6,0.0,0.0,0.0,0.0,1,1013.4,971.1,21,23,0,0,0.28,0.58,18.2,24.5,321,324,39.6,18.8,15.8,15.4,14.0,0.216,0.276,0.317,0.388,1,3600.0,574.0,466.0,108.0,758.6,574.0,814.6,499.3,405.4,93.9,758.6,499.3,708.7,26.971090075196216,85.58929439748911,194.822826322,589.743767578125,5.720570511447087,213.40166917288266
40.808434,-8.4375,361.0,2019-06-13 18:00:00,13.8,69,8.2,10.8,0.0,0.0,0.0,0.0,0,1013.3,970.8,17,19,0,0,0.19,0.49,17.9,24.4,326,329,39.6,18.2,15.9,15.4,14.0,0.215,0.276,0.317,0.388,1,3600.0,387.0,289.0,98.0,644.8,387.0,594.4,310.7,232.0,78.7,644.8,310.7,477.1,24.956642680631052,84.87900512168692,196.038851976,595.631767578125,5.107795127844774,215.09415137309082
40.808434,-8.4375,361.0,2019-06-13 19:00:00,12.8,73,8.1,10.1,0.0,0.0,0.0,0.0,0,1013.4,970.8,1,1,0,0,0.1,0.4,15.1,22.1,332,336,37.4,17.1,16.0,15.4,14.0,0.215,0.276,0.317,0.388,1,3600.0,187.0,126.0,61.0,468.2,187.0,356.9,123.9,83.5,40.4,468.2,123.9,236.4,20.836801780115884,84.03053771165415,197.02688927399998,601.339767578125,3.9544954060177777,216.61824049595796
40.808434,-8.4375,361.0,2019-06-13 20:00:00,11.3,81,8.2,9.3,0.0,0.0,0.0,0.0,0,1013.5,970.7,0,0,0,0,0.03,0.25,10.4,20.3,340,343,31.3,15.9,16.0,15.4,14.0,0.215,0.276,0.317,0.388,1,2129.8,52.0,26.0,26.0,207.6,52.0,118.4,1.3,0.6,0.6,7.2,0.9,2.9,14.92515025959833,82.37281449650195,197.64714396999997,606.777767578125,2.519956462699837,217.8733202134885
40.808434,-8.4375,361.0,2019-06-13 21:00:00,9.9,89,8.2,8.5,0.0,0.0,0.0,0.0,0,1014.0,970.9,0,0,0,0,0.0,0.13,6.8,17.8,357,353,22.0,14.6,16.0,15.4,14.0,0.216,0.276,0.317,0.388,0,0.0,0.0,0.0,0.0,0.0,0.0,0.0,0.0,0.0,0.0,0.0,0.0,0.0,10.449476440612694,80.04119651602421,197.96569583,611.963767578125,1.6088243778909526,218.9000635814284
40.808434,-8.4375,361.0,2019-06-13 22:00:00,9.3,93,8.2,7.9,0.0,0.0,0.0,0.0,0,1014.3,971.1,0,0,0,0,0.0,0.08,6.7,16.9,16,1,16.2,13.6,15.8,15.4,14.0,0.216,0.276,0.317,0.388,0,0.0,0.0,0.0,0.0,0.0,0.0,0.0,0.0,0.0,0.0,0.0,0.0,0.0,8.870309079564226,78.03430733094123,198.15735347799998,617.041767578125,1.3242200451691344,219.82650136277184
40.808434,-8.4375,361.0,2019-06-13 23:00:00,8.9,94,8.0,7.4,0.0,0.0,0.0,0.0,0,1014.1,970.9,0,0,0,0,0.0,0.07,6.8,15.9,25,3,15.5,12.9,15.7,15.4,14.0,0.217,0.275,0.317,0.388,0,0.0,0.0,0.0,0.0,0.0,0.0,0.0,0.0,0.0,0.0,0.0,0.0,0.0,8.305142946446338,77.0032906778161,198.31531307799997,622.047767578125,1.226869356501135,220.71501048223564
40.808434,-8.4375,361.0,2019-06-14 00:00:00,9.0,96,8.4,7.6,0.0,0.0,0.0,0.0,0,1014.5,971.3,2,2,0,0,0.0,0.05,7.0,16.7,21,354,15.1,12.4,15.6,15.4,14.0,0.216,0.275,0.316,0.388,0,0.0,0.0,0.0,0.0,0.0,0.0,0.0,0.0,0.0,0.0,0.0,0.0,0.0,7.833531886042112,75.87585158463456,198.42167254199998,627.071767578125,1.1476299506407928,221.56843414563212
40.808434,-8.4375,361.0,2019-06-14 01:00:00,8.7,97,8.2,7.3,0.0,0.0,0.0,0.0,0,1014.2,971.0,4,4,0,0,0.0,0.04,6.3,15.2,31,356,15.8,11.9,15.4,15.4,14.0,0.216,0.275,0.316,0.388,0,0.0,0.0,0.0,0.0,0.0,0.0,0.0,0.0,0.0,0.0,0.0,0.0,0.0,7.268354492215851,75.05395477386598,198.499072746,632.041767578125,1.0553159616693237,222.3892191191226
40.808434,-8.4375,361.0,2019-06-14 02:00:00,8.4,97,7.9,7.0,0.0,0.0,0.0,0.0,0,1014.1,970.8,3,3,0,0,0.0,0.04,5.9,13.7,38,358,14.4,11.5,15.1,15.4,14.0,0.216,0.274,0.316,0.388,0,0.0,0.0,0.0,0.0,0.0,0.0,0.0,0.0,0.0,0.0,0.0,0.0,0.0,7.035281356579274,74.75835983463362,198.57410355599998,636.9577675781251,1.0177712265705965,223.19409903906677
40.808434,-8.4375,361.0,2019-06-14 03:00:00,8.3,97,7.8,6.9,0.0,0.0,0.0,0.0,0,1014.1,970.8,10,11,0,0,0.0,0.04,5.4,12.2,48,358,13.7,11.2,14.9,15.3,14.0,0.217,0.274,0.316,0.388,0,0.0,0.0,0.0,0.0,0.0,0.0,0.0,0.0,0.0,0.0,0.0,0.0,0.0,6.84110587948977,74.65017030257796,198.64834456799997,641.8557675781251,0.9868015601249845,223.9898166254364
40.808434,-8.4375,361.0,2019-06-14 04:00:00,8.2,97,7.7,6.9,0.0,0.0,0.0,0.0,0,1014.2,970.9,16,18,0,0,0.0,0.03,4.6,10.9,51,354,11.9,11.0,14.7,15.3,14.0,0.217,0.274,0.316,0.388,0,0.0,0.0,0.0,0.0,0.0,0.0,0.0,0.0,0.0,0.0,0.0,0.0,0.0,6.578204639322958,74.60500819494291,198.72179578199996,646.7357675781251,0.9455832495128091,224.77650845981947
40.808434,-8.4375,361.0,2019-06-14 05:00:00,8.2,97,7.8,7.0,0.0,0.0,0.0,0.0,0,1014.4,971.1,18,20,0,1,0.0,0.03,3.9,9.1,56,351,10.8,10.8,14.5,15.3,14.0,0.217,0.274,0.316,0.388,0,0.0,0.0,0.0,0.0,0.0,0.0,0.0,0.0,0.0,0.0,0.0,0.0,0.0,6.361960805199692,74.58964474215061,198.79524699599995,651.6157675781251,0.9120833546595462,225.55751229153893
40.808434,-8.4375,361.0,2019-06-14 06:00:00,9.2,97,8.8,8.1,0.0,0.0,0.0,0.0,0,1014.6,971.4,17,19,0,0,0.01,0.03,5.6,8.4,50,353,11.2,10.9,14.3,15.3,14.0,0.218,0.274,0.316,0.388,1,755.41,32.0,13.0,19.0,114.2,32.0,92.0,71.6,29.1,42.5,187.4,43.7,206.0,6.907841337308648,74.63391448467519,198.87659618999996,656.675767578125,0.9959504065756782,226.36475824220022
40.808434,-8.4375,361.0,2019-06-14 07:00:00,11.3,86,9.1,10.1,0.0,0.0,0.0,0.0,1,1014.8,971.9,40,42,0,9,0.07,0.18,6.7,9.1,344,342,15.8,11.8,14.1,15.3,14.0,0.218,0.274,0.316,0.388,1,3600.0,163.0,96.0,67.0,390.2,163.0,326.3,223.2,131.4,91.7,390.2,223.2,446.7,7.845124598094377,76.08738465759251,199.33362596599997,662.113767578125,1.1457622060677382,227.46655971566722
40.808434,-8.4375,361.0,2019-06-14 08:00:00,12.6,76,8.6,11.1,0.0,0.0,0.0,0.0,1,1015.1,972.4,29,32,1,0,0.15,0.35,8.2,10.5,319,322,20.9,12.9,14.1,15.3,14.0,0.218,0.274,0.316,0.388,1,3600.0,308.0,196.0,112.0,460.2,308.0,564.8,371.0,236.1,134.9,460.2,371.0,680.3,10.081273309613168,78.82987684727941,200.19924457399998,667.785767578125,1.5321983635515977,228.86596076176352
40.808434,-8.4375,361.0,2019-06-14 09:00:00,13.8,69,8.2,12.0,0.0,0.0,0.0,0.0,2,1015.3,972.8,52,55,4,0,0.24,0.49,9.2,11.7,301,304,23.8,14.4,14.1,15.3,14.0,0.217,0.274,0.316,0.388,1,3600.0,487.0,359.0,128.0,604.1,487.0,788.1,550.5,405.8,144.7,604.1,550.5,890.8,12.99407267526283,81.33196639913784,201.41527022799997,673.6737675781251,2.093565165747156,230.52464720907048
40.808434,-8.4375,361.0,2019-06-14 10:00:00,14.5,65,8.1,12.6,0.0,0.0,0.0,0.0,2,1015.7,973.2,57,56,11,0,0.3,0.58,11.2,14.0,291,293,27.4,15.7,14.1,15.3,14.0,0.217,0.273,0.316,0.388,1,3600.0,588.0,410.0,178.0,554.2,588.0,981.0,637.7,444.7,193.0,554.2,637.7,1063.9,16.441912458895313,83.00181547234556,202.85270258799997,679.6877675781251,2.839869531010849,232.34619548378146
40.808434,-8.4375,361.0,2019-06-14 11:00:00,14.8,65,8.2,13.4,0.1,0.1,0.0,0.0,51,1016.2,973.8,42,25,32,0,0.34,0.6,11.0,13.7,281,284,28.1,16.7,14.3,15.3,14.0,0.217,0.273,0.316,0.388,1,3600.0,652.0,450.0,202.0,527.9,652.0,1130.4,685.1,472.9,212.3,527.9,685.1,1187.8,17.391217137679035,83.65126312930985,204.31777787799996,685.7557675781251,3.05867200533115,234.1934223260205
40.808434,-8.4375,361.0,2019-06-14 12:00:00,14.9,64,8.2,13.4,0.2,0.2,0.0,0.0,51,1016.9,974.4,59,36,45,0,0.35,0.6,11.9,15.1,270,271,30.2,17.2,14.3,15.3,14.0,0.218,0.273,0.317,0.388,1,3600.0,671.0,510.0,161.0,551.6,671.0,1226.0,686.4,521.7,164.7,551.6,686.4,1254.1,44.91015625,91.93627166748047,190.03125,565.968017578125,12.46337890625,206.0
40.808434,-8.4375,361.0,2019-06-14 13:00:00,14.8,67,8.8,12.9,0.0,0.0,0.0,0.0,2,1017.1,974.6,61,30,56,0,0.32,0.56,13.3,17.3,267,268,31.7,17.7,14.5,15.3,14.0,0.217,0.273,0.316,0.388,1,3600.0,607.0,437.0,170.0,459.4,607.0,1261.5,605.5,435.9,169.6,459.4,605.5,1258.3,25.475752519046207,86.78367225094854,191.412606702,572.036017578125,5.287215908007184,208.4490557221811
40.808434,-8.4375,361.0,2019-06-14 14:00:00,15.0,67,8.8,12.9,0.1,0.1,0.0,0.0,51,1017.4,974.9,50,27,42,0,0.31,0.57,14.0,18.0,270,270,32.8,18.0,14.7,15.2,14.0,0.217,0.272,0.316,0.388,1,3600.0,601.0,388.0,213.0,416.8,601.0,1234.3,584.3,377.2,207.1,416.8,584.3,1200.0,23.236740570372717,85.58925252159274,192.81133896,578.140017578125,4.6293881275785145,210.29103409984558
40.808434,-8.4375,361.0,2019-06-14 15:00:00,14.9,67,8.8,12.7,0.1,0.1,0.0,0.0,51,1017.5,975.0,46,26,37,0,0.3,0.56,13.7,18.0,267,267,32.4,18.2,14.9,15.2,14.0,0.217,0.272,0.316,0.388,1,3600.0,577.0,401.0,176.0,463.9,577.0,1146.3,545.3,379.0,166.3,463.9,545.3,1083.3,22.35808078727576,85.29614565263195,194.20138344,584.226017578125,4.3780121599732285,212.12372545004334
40.808434,-8.4375,361.0,2019-06-14 16:00:00,14.7,68,8.9,12.3,0.1,0.1,0.0,0.0,51,1017.6,975.1,49,28,40,0,0.28,0.53,14.8,19.1,266,267,33.5,18.2,15.1,15.2,14.0,0.217,0.271,0.316,0.388,1,3600.0,560.0,394.0,166.0,520.6,560.0,1003.5,511.2,359.7,151.5,520.6,511.2,916.2,19.125710090771243,83.26079232603358,195.532456336,590.276017578125,3.5201058483195635,213.91410247426285
40.808434,-8.4375,361.0,2019-06-14 17:00:00,14.2,71,9.1,12.0,0.1,0.1,0.0,0.0,51,1018.0,975.4,35,18,32,0,0.22,0.47,14.0,18.7,271,272,34.2,17.9,15.3,15.2,14.0,0.217,0.271,0.316,0.388,1,3600.0,431.0,292.0,139.0,474.6,431.0,815.7,375.1,254.1,121.0,474.6,375.1,709.9,15.402562943121335,81.21271405398515,196.700567578,596.236017578125,2.6299690879814945,215.5906568973893
40.808434,-8.4375,361.0,2019-06-14 18:00:00,13.8,74,9.2,11.8,0.0,0.0,0.0,0.0,1,1018.2,975.5,31,23,17,0,0.17,0.42,12.6,16.7,273,276,31.3,17.5,15.4,15.2,14.0,0.216,0.271,0.316,0.388,1,3600.0,330.0,209.0,121.0,465.2,330.0,595.7,265.1,167.9,97.2,465.2,265.1,478.6,13.021217161722014,79.86110001100967,197.720460062,602.1240175781251,2.1151124625588027,217.16436519980456
40.808434,-8.4375,361.0,2019-06-14 19:00:00,13.1,77,9.3,11.5,0.0,0.0,0.0,0.0,1,1018.6,975.8,37,28,20,0,0.09,0.34,9.8,13.5,278,279,27.7,16.7,15.5,15.2,14.0,0.216,0.271,0.316,0.388,1,3600.0,175.0,103.0,72.0,381.1,175.0,358.4,116.2,68.4,47.8,381.1,116.2,238.0,10.493296164889037,78.53754517503056,198.580286818,607.886017578125,1.6172703465177425,218.61842667854705
40.808434,-8.4375,361.0,2019-06-14 20:00:00,11.8,88,9.8,11.1,0.0,0.0,0.0,0.0,1,1019.0,976.0,37,38,5,0,0.02,0.17,5.1,11.0,278,281,20.9,15.6,15.5,15.2,14.0,0.217,0.271,0.316,0.388,1,1491.61,42.0,18.0,24.0,143.1,42.0,120.0,1.6,0.7,0.9,7.7,1.1,4.5,7.0094805788280174,75.4434419800268,198.987822586,613.414017578125,1.0157809925737649,219.75645792897993
40.808434,-8.4375,361.0,2019-06-14 21:00:00,10.9,94,10.0,10.2,0.1,0.1,0.0,0.0,51,1019.7,976.5,30,25,12,0,0.0,0.07,4.9,6.9,306,298,10.8,14.6,15.5,15.2,14.0,0.218,0.271,0.316,0.388,0,0.0,0.0,0.0,0.0,0.0,0.0,0.0,0.0,0.0,0.0,0.0,0.0,0.0,5.683982448955122,70.47516089808963,199.177374106,618.780017578125,0.8131759208551567,220.7296331722854
40.808434,-8.4375,361.0,2019-06-14 22:00:00,10.6,94,9.7,10.2,0.0,0.0,0.0,0.0,1,1020.2,977.0,23,24,2,0,0.0,0.07,1.9,3.3,68,319,8.6,13.8,15.4,15.2,14.0,0.219,0.271,0.316,0.388,0,0.0,0.0,0.0,0.0,0.0,0.0,0.0,0.0,0.0,0.0,0.0,0.0,0.0,4.246460054362442,66.3719562184624,199.362186838,624.092017578125,0.6112332389748512,221.6848609665191
40.808434,-8.4375,361.0,2019-06-14 23:00:00,9.9,95,9.2,9.6,0.0,0.0,0.0,0.0,1,1020.4,977.1,29,32,0,0,0.0,0.06,1.1,2.3,90,288,4.7,13.0,15.3,15.2,14.0,0.219,0.271,0.316,0.388,0,0.0,0.0,0.0,0.0,0.0,0.0,0.0,0.0,0.0,0.0,0.0,0.0,0.0,3.3933553769415172,62.59812664936207,199.506983138,629.2780175781251,0.5006699621417406,222.58918027215444
40.808434,-8.4375,361.0,2019-06-15 00:00:00,10.5,93,9.4,10.0,0.0,0.0,0.0,0.0,1,1020.9,977.6,40,28,25,0,0.0,0.09,2.5,4.8,135,243,4.3,13.0,15.2,15.2,14.0,0.225,0.271,0.316,0.388,0,0.0,0.0,0.0,0.0,0.0,0.0,0.0,0.0,0.0,0.0,0.0,0.0,0.0,3.2485741253161695,60.62675163963833,199.72075513000001,634.572017578125,0.48244393418764914,223.547260292602
40.808434,-8.4375,361.0,2019-06-15 01:00:00,10.0,95,9.2,9.3,0.1,0.1,0.0,0.0,51,1020.9,977.6,43,27,31,0,0.0,0.06,3.3,4.9,139,234,6.5,12.6,15.0,15.2,14.0,0.226,0.27,0.316,0.388,0,0.0,0.0,0.0,0.0,0.0,0.0,0.0,0.0,0.0,0.0,0.0,0.0,0.0,2.48866725497952,57.04307033988562,199.86686776000002,639.776017578125,0.39208533762583647,224.44300894093004
40.808434,-8.4375,361.0,2019-06-15 02:00:00,9.4,97,9.0,8.6,0.0,0.0,0.0,0.0,1,1020.7,977.3,33,23,20,0,0.0,0.04,4.1,3.3,105,193,5.8,12.2,14.9,15.2,14.0,0.226,0.27,0.316,0.388,0,0.0,0.0,0.0,0.0,0.0,0.0,0.0,0.0,0.0,0.0,0.0,0.0,0.0,1.489928113582766,53.195097741566485,199.94979655000003,644.872017578125,0.2883205671077808,225.2761248137845
40.808434,-8.4375,361.0,2019-06-15 03:00:00,9.0,97,8.6,8.2,0.0,0.0,0.0,0.0,1,1020.6,977.1,25,18,15,0,0.0,0.03,3.2,2.6,90,196,6.5,11.8,14.7,15.2,14.0,0.227,0.27,0.316,0.387,0,0.0,0.0,0.0,0.0,0.0,0.0,0.0,0.0,0.0,0.0,0.0,0.0,0.0,0.7395581338933308,49.85172871738492,200.02956614800004,649.896017578125,0.18932152782300588,226.0901171636625
40.808434,-8.4375,361.0,2019-06-15 04:00:00,8.9,97,8.5,8.1,0.0,0.0,0.0,0.0,1,1020.7,977.2,26,17,17,0,0.0,0.03,3.3,1.5,84,166,6.1,11.5,14.5,15.2,14.0,0.227,0.27,0.316,0.387,0,0.0,0.0,0.0,0.0,0.0,0.0,0.0,0.0,0.0,0.0,0.0,0.0,0.0,0.5143193038766167,47.05459094550617,200.10854594800006,654.902017578125,0.131605489540489,226.89492757915974
40.808434,-8.4375,361.0,2019-06-15 05:00:00,8.8,97,8.3,8.0,0.0,0.0,0.0,0.0,1,1020.7,977.2,21,15,13,0,0.0,0.04,2.7,1.8,67,11,5.8,11.2,14.4,15.2,14.0,0.227,0.27,0.316,0.387,0,0.0,0.0,0.0,0.0,0.0,0.0,0.0,0.0,0.0,0.0,0.0,0.0,0.0,0.34496594639405936,44.57901764882277,200.18673595000007,659.890017578125,0.0882340645169231,227.69069335256552
40.808434,-8.4375,361.0,2019-06-15 06:00:00,10.6,93,9.5,9.8,0.0,0.0,0.0,0.0,0,1021.0,977.7,14,14,2,0,0.01,0.09,4.4,5.0,55,21,8.3,11.3,14.2,15.2,14.0,0.227,0.27,0.316,0.387,1,755.52,32.0,13.0,19.0,114.3,32.0,91.9,71.7,29.1,42.5,187.6,43.7,205.8,0.46191132227501525,45.923002161128416,200.40235080400006,665.202017578125,0.11808960227925215,228.61798260986916
40.808434,-8.4375,361.0,2019-06-15 07:00:00,12.7,82,9.7,11.9,0.0,0.0,0.0,0.0,1,1021.3,978.3,31,34,1,0,0.07,0.26,4.7,5.8,360,7,12.2,12.2,14.1,15.2,14.0,0.228,0.27,0.316,0.387,1,3600.0,158.0,92.0,66.0,374.2,158.0,326.0,216.4,126.0,90.4,374.2,216.4,446.4,1.9111678142862516,54.20378320400628,201.05630354800007,670.8920175781251,0.32831931089490746,229.88206523276475
40.808434,-8.4375,361.0,2019-06-15 08:00:00,13.8,75,9.4,12.9,0.0,0.0,0.0,0.0,1,1021.5,978.7,46,50,1,0,0.15,0.4,5.2,6.5,335,341,15.5,13.5,14.0,15.2,14.0,0.227,0.27,0.316,0.387,1,3600.0,303.0,190.0,113.0,446.3,303.0,564.4,365.0,228.9,136.1,446.3,365.0,679.8,4.406463984487602,63.05471776771396,202.03696939800008,676.7800175781251,0.6294477563440792,231.38636446494405
40.808434,-8.4375,361.0,2019-06-15 09:00:00,14.8,67,8.8,13.8,0.0,0.0,0.0,0.0,2,1021.7,979.0,72,80,0,0,0.22,0.56,4.8,5.9,318,322,16.2,14.8,14.1,15.2,14.0,0.227,0.27,0.316,0.387,1,3600.0,408.0,259.0,149.0,436.0,408.0,787.6,461.2,292.8,168.4,436.0,461.2,890.3,5.6749720597073,70.37753867999285,203.4183261000001,682.8480175781251,0.8065180203230151,233.17864653825922
40.808434,-8.4375,361.0,2019-06-15 10:00:00,16.0,61,8.6,15.2,0.0,0.0,0.0,0.0,2,1021.7,979.2,79,87,0,4,0.33,0.7,4.7,5.7,302,305,17.6,16.3,14.2,15.2,14.0,0.225,0.27,0.316,0.387,1,3600.0,585.0,307.0,278.0,415.1,585.0,980.6,634.5,333.0,301.5,415.1,634.5,1063.5,6.94838956197964,75.48569698478903,205.17404705400008,689.1320175781251,0.9980001960696703,235.24810030834692
40.808434,-8.4375,361.0,2019-06-15 11:00:00,16.7,58,8.5,15.8,0.0,0.0,0.0,0.0,2,1022.0,979.6,78,87,0,0,0.35,0.79,5.5,6.4,293,297,18.7,17.5,14.3,15.2,14.0,0.224,0.269,0.316,0.387,1,3600.0,606.0,270.0,336.0,316.8,606.0,1130.0,636.9,283.7,353.1,316.8,636.9,1187.6,8.815163709185232,78.54309279939498,207.14222367000008,695.5420175781251,1.3028564772797055,237.4755363573047
40.808434,-8.4375,361.0,2019-06-15 12:00:00,17.0,58,8.8,15.8,0.0,0.0,0.0,0.0,3,1022.2,979.8,90,100,0,0,0.34,0.8,7.0,8.4,291,290,22.3,18.1,14.5,15.1,14.0,0.223,0.269,0.316,0.387,1,3600.0,571.0,246.0,325.0,266.0,571.0,1225.9,584.1,251.7,332.5,266.0,584.1,1254.1,35.04189682006836,91.83760833740234,194.6328125,573.6151123046875,8.475235939025879,210.05722045898438
40.808434,-8.4375,361.0,2019-06-15 13:00:00,17.2,63,10.0,16.4,0.1,0.1,0.0,0.0,51,1022.1,979.8,89,96,0,9,0.38,0.73,9.5,11.4,295,298,24.8,18.9,14.7,15.1,14.0,0.221,0.268,0.316,0.387,1,3600.0,652.0,304.0,348.0,319.5,652.0,1261.5,650.4,303.3,347.2,319.5,650.4,1258.5,21.3602187604991,86.34792753786678,196.415386586,580.1151123046875,4.104626243823332,212.74920105962772
40.808434,-8.4375,361.0,2019-06-15 14:00:00,17.7,61,10.1,17.8,0.1,0.1,0.0,0.0,51,1021.8,979.5,85,84,0,30,0.46,0.78,11.1,13.3,306,308,28.1,19.9,15.0,15.1,14.0,0.22,0.268,0.315,0.387,1,3600.0,838.0,542.0,296.0,582.0,838.0,1234.6,814.9,527.0,287.8,582.0,814.9,1200.5,16.74031001488276,83.30403950753113,198.345652898,586.7051123046875,2.9377731747131177,214.98931203624548
40.808434,-8.4375,361.0,2019-06-15 15:00:00,17.7,61,10.1,17.5,0.0,0.0,0.0,0.0,3,1021.8,979.5,91,99,0,5,0.46,0.78,13.0,15.8,309,313,31.7,20.5,15.3,15.1,14.0,0.218,0.267,0.315,0.387,1,3600.0,844.0,708.0,136.0,818.4,844.0,1146.8,797.8,669.2,128.6,818.4,797.8,1084.0,17.869672203785033,83.23021896377391,200.27591920999998,593.2951123046876,3.2021867797288417,217.22918270200378
40.808434,-8.4375,361.0,2019-06-15 16:00:00,15.9,66,9.7,13.6,0.0,0.0,0.0,0.0,3,1021.8,979.3,84,93,0,0,0.23,0.61,15.5,20.2,316,319,33.8,19.7,15.6,15.1,14.1,0.217,0.267,0.315,0.387,1,3600.0,391.0,217.0,174.0,286.4,391.0,1004.4,357.0,198.1,158.9,286.4,357.0,917.1,19.20062743937636,83.00103525485927,201.79759668999998,599.5611123046875,3.526603781648838,219.17382762919732
40.808434,-8.4375,361.0,2019-06-15 17:00:00,16.3,62,8.9,13.9,0.0,0.0,0.0,0.0,3,1021.4,979.0,93,100,0,9,0.28,0.71,14.4,18.7,323,326,34.2,19.5,15.8,15.1,14.1,0.216,0.267,0.315,0.387,1,3600.0,513.0,339.0,174.0,550.2,513.0,816.8,446.6,295.1,151.5,550.2,446.6,711.0,20.75586326116359,84.23158435275934,203.53831148199998,605.8991123046875,3.921636715536472,221.2590221162396
40.808434,-8.4375,361.0,2019-06-15 18:00:00,15.3,64,8.4,12.6,0.0,0.0,0.0,0.0,1,1021.2,978.6,42,46,0,2,0.17,0.63,15.5,21.0,335,338,32.4,18.7,16.0,15.1,14.1,0.215,0.266,0.315,0.387,1,3600.0,266.0,87.0,179.0,193.2,266.0,597.0,213.8,69.9,143.9,193.2,213.8,479.9,21.713960097623236,84.27903738497659,205.09263394599998,612.0571123046875,4.1716885864559,223.20353254583543
40.808434,-8.4375,361.0,2019-06-15 19:00:00,14.4,72,9.3,11.9,0.0,0.0,0.0,0.0,0,1021.1,978.4,0,0,0,0,0.11,0.46,15.6,22.5,341,344,32.4,17.8,16.1,15.1,14.1,0.215,0.266,0.315,0.387,1,3600.0,180.0,95.0,85.0,350.0,180.0,359.8,119.8,63.2,56.6,350.0,119.8,239.4,21.67060073769068,84.21373451854531,206.23520838599998,618.0531123046875,4.156106727853934,224.8759482502828
40.808434,-8.4375,361.0,2019-06-15 20:00:00,12.6,82,9.7,10.8,0.0,0.0,0.0,0.0,0,1020.9,978.0,0,0,0,0,0.03,0.26,12.4,23.6,350,353,31.7,16.6,16.2,15.1,14.1,0.215,0.266,0.315,0.387,1,2178.75,52.0,26.0,26.0,205.7,52.0,121.5,2.6,1.3,1.3,14.8,1.9,6.0,16.06163190634115,82.29809083195228,206.884422342,623.7251123046875,2.7615379606446284,226.198473079335
40.808434,-8.4375,361.0,2019-06-15 21:00:00,11.6,87,9.4,9.7,0.0,0.0,0.0,0.0,0,1021.3,978.2,0,0,0,0,0.0,0.18,11.9,23.9,14,11,25.6,15.4,16.1,15.1,14.1,0.215,0.266,0.315,0.387,0,0.0,0.0,0.0,0.0,0.0,0.0,0.0,0.0,0.0,0.0,0.0,0.0,0.0,13.505885881818763,80.57558076338078,207.319074508,629.2171123046875,2.20262665992329,227.3586528899369
40.808434,-8.4375,361.0,2019-06-15 22:00:00,11.0,89,9.3,9.1,0.0,0.0,0.0,0.0,0,1021.2,978.0,0,0,0,0,0.0,0.15,12.0,24.7,21,21,25.2,14.5,16.0,15.1,14.1,0.215,0.266,0.315,0.387,0,0.0,0.0,0.0,0.0,0.0,0.0,0.0,0.0,0.0,0.0,0.0,0.0,0.0,12.434030270057574,79.51910451463498,207.669481554,634.6011123046875,1.9824015713328251,228.44541610143722
40.808434,-8.4375,361.0,2019-06-15 23:00:00,10.8,90,9.3,9.0,0.0,0.0,0.0,0.0,0,1021.0,977.8,0,0,0,0,0.0,0.12,11.4,23.7,24,24,24.8,13.9,15.9,15.1,14.1,0.216,0.266,0.315,0.387,0,0.0,0.0,0.0,0.0,0.0,0.0,0.0,0.0,0.0,0.0,0.0,0.0,0.0,11.592381998417125,78.92099925609618,207.982768094,639.9491123046874,1.8156038059680693,229.49856985397287
40.808434,-8.4375,361.0,2019-06-16 00:00:00,10.7,90,9.2,9.0,0.0,0.0,0.0,0.0,0,1020.8,977.6,0,0,0,0,0.0,0.13,10.2,21.1,32,27,23.4,13.9,15.6,15.1,14.1,0.215,0.265,0.314,0.387,0,0.0,0.0,0.0,0.0,0.0,0.0,0.0,0.0,0.0,0.0,0.0,0.0,0.0,10.898205929577111,78.74920223519277,208.29342197399998,645.2791123046875,1.6821261465141362,230.54191126151704
40.808434,-8.4375,361.0,2019-06-16 01:00:00,10.7,89,9.0,8.9,0.0,0.0,0.0,0.0,0,1020.2,977.0,0,0,0,0,0.0,0.14,10.6,21.4,35,27,21.2,13.3,15.5,15.1,14.1,0.215,0.265,0.314,0.387,0,0.0,0.0,0.0,0.0,0.0,0.0,0.0,0.0,0.0,0.0,0.0,0.0,0.0,11.122067251855139,78.79484525706036,208.63514124199997,650.6091123046875,1.7235863158593836,231.5991732525584
40.808434,-8.4375,361.0,2019-06-16 02:00:00,10.6,89,8.9,8.7,0.0,0.0,0.0,0.0,0,1019.6,976.4,3,0,0,11,0.0,0.14,10.8,22.1,37,26,22.0,12.9,15.4,15.1,14.1,0.215,0.265,0.314,0.387,0,0.0,0.0,0.0,0.0,0.0,0.0,0.0,0.0,0.0,0.0,0.0,0.0,0.0,11.256901505486846,78.84050334798737,208.973964584,655.9211123046875,1.7483990268334113,232.64689538351274
40.808434,-8.4375,361.0,2019-06-16 03:00:00,10.5,89,8.7,8.7,0.0,0.0,0.0,0.0,1,1019.1,975.9,23,0,0,78,0.0,0.15,10.0,21.4,38,27,22.3,12.5,15.2,15.1,14.1,0.216,0.265,0.314,0.387,0,0.0,0.0,0.0,0.0,0.0,0.0,0.0,0.0,0.0,0.0,0.0,0.0,0.0,10.93440634415663,78.88617651294886,209.309892,661.2151123046875,1.6864514151792198,233.68518462931914
40.808434,-8.4375,361.0,2019-06-16 04:00:00,10.2,89,8.4,8.7,0.0,0.0,0.0,0.0,1,1018.5,975.3,27,0,0,91,0.0,0.14,7.9,17.1,43,30,20.9,12.2,15.0,15.1,14.1,0.216,0.265,0.314,0.387,0,0.0,0.0,0.0,0.0,0.0,0.0,0.0,0.0,0.0,0.0,0.0,0.0,0.0,10.05716177696136,78.93186475692157,209.637131638,666.4551123046875,1.523588328098588,234.70493417472812
40.808434,-8.4375,361.0,2019-06-16 05:00:00,9.6,89,7.9,8.3,0.0,0.0,0.0,0.0,0,1018.7,975.4,19,0,0,63,0.0,0.13,5.4,12.1,48,27,16.6,11.9,14.9,15.1,14.1,0.216,0.265,0.314,0.387,0,0.0,0.0,0.0,0.0,0.0,0.0,0.0,0.0,0.0,0.0,0.0,0.0,0.0,9.044515485154722,78.93290954765739,209.94699572,671.5871123046875,1.34338288966799,235.6925142057759
40.808434,-8.4375,361.0,2019-06-16 06:00:00,11.1,85,8.6,10.3,0.0,0.0,0.0,0.0,1,1019.3,976.2,28,0,0,92,0.01,0.2,2.7,5.4,67,8,11.9,11.8,14.7,15.1,14.1,0.216,0.265,0.314,0.387,1,1122.08,36.0,16.0,20.0,140.8,36.0,91.7,80.6,35.8,44.8,231.2,49.1,205.5,8.068884419935268,78.97861322055763,210.42877249999998,676.9891123046875,1.1775333839190942,236.82586791642603
40.808434,-8.4375,361.0,2019-06-16 07:00:00,13.5,75,9.3,12.9,0.0,0.0,0.0,0.0,1,1019.3,976.6,28,0,0,93,0.08,0.38,3.2,5.4,333,356,9.0,12.7,14.6,15.1,14.1,0.216,0.265,0.314,0.387,1,3600.0,173.0,99.0,74.0,403.1,173.0,325.6,236.9,135.6,101.4,403.1,236.9,445.9,9.269176040097454,80.31259469731852,211.38969339999997,682.8231123046875,1.3809854825377548,238.32590545409428
40.808434,-8.4375,361.0,2019-06-16 08:00:00,15.3,72,10.2,14.6,0.0,0.0,0.0,0.0,0,1019.2,976.7,20,0,0,66,0.18,0.49,5.4,6.8,323,335,16.2,14.2,14.5,15.1,14.1,0.216,0.265,0.314,0.387,1,3600.0,354.0,247.0,107.0,580.6,354.0,563.9,426.5,297.6,128.9,580.6,426.5,679.3,11.532866242243154,81.65598170392516,212.59861087199997,688.9811123046875,1.7956727528696408,240.03131668166824
40.808434,-8.4375,361.0,2019-06-16 09:00:00,17.0,67,10.7,16.4,0.0,0.0,0.0,0.0,0,1019.0,976.8,12,0,0,40,0.3,0.65,5.4,6.6,307,319,17.6,15.9,14.6,15.1,14.1,0.215,0.264,0.314,0.387,1,3600.0,549.0,437.0,112.0,735.9,549.0,787.1,620.7,494.0,126.6,735.9,620.7,889.8,13.243993160220539,83.0536848985099,214.17109868999998,695.4451123046875,2.1343016502439736,242.01401905685043
40.808434,-8.4375,361.0,2019-06-16 10:00:00,18.3,65,11.5,18.9,0.0,0.0,0.0,0.0,1,1018.7,976.7,22,0,0,74,0.41,0.75,6.0,6.6,287,292,19.4,17.7,14.7,15.1,14.1,0.213,0.264,0.314,0.387,1,3600.0,712.0,580.0,132.0,784.4,712.0,980.1,772.3,629.1,143.2,784.4,772.3,1063.1,14.954004749764136,84.01258423606919,215.95867482999998,702.1431123046875,2.49405119711236,244.1691420034411
40.808434,-8.4375,361.0,2019-06-16 11:00:00,19.1,65,12.3,20.3,0.0,0.0,0.0,0.0,1,1018.8,976.9,29,0,0,97,0.48,0.78,8.7,10.0,287,291,24.1,19.3,14.9,15.1,14.1,0.211,0.264,0.314,0.387,1,3600.0,838.0,685.0,153.0,803.7,838.0,1129.7,880.7,719.9,160.8,803.7,880.7,1187.3,17.372934999377907,84.47242903205711,217.81996544999998,708.9851123046875,3.0397726206295492,246.39297582010067
40.808434,-8.4375,361.0,2019-06-16 12:00:00,19.5,68,13.4,21.2,0.0,0.0,0.0,0.0,1,1018.9,977.0,31,0,3,96,0.51,0.73,9.5,11.2,281,285,28.4,20.5,15.1,15.1,14.1,0.21,0.263,0.314,0.387,1,3600.0,895.0,679.0,216.0,734.3,895.0,1225.7,915.7,694.7,221.0,734.3,915.7,1254.0,35.241058349609375,92.491455078125,199.78125,581.712158203125,8.52294635772705,214.51292419433594
40.808434,-8.4375,361.0,2019-06-16 13:00:00,19.2,68,13.0,20.2,0.0,0.0,0.0,0.0,2,1018.8,976.9,64,0,57,98,0.48,0.72,11.3,13.4,287,290,28.4,21.3,15.4,15.1,14.1,0.208,0.263,0.314,0.387,1,3600.0,841.0,464.0,377.0,487.5,841.0,1261.5,839.0,462.9,376.1,487.5,839.0,1258.6,24.41087347408046,87.01730307447264,201.491425936,588.572158203125,4.9417612267107325,217.14211282801566
40.808434,-8.4375,361.0,2019-06-16 14:00:00,18.7,66,12.2,19.0,0.0,0.0,0.0,0.0,2,1018.6,976.6,69,0,66,98,0.43,0.74,10.8,13.2,296,299,28.4,21.6,15.7,15.1,14.1,0.206,0.262,0.313,0.386,1,3600.0,751.0,369.0,382.0,396.1,751.0,1234.8,730.3,358.8,371.5,396.1,730.3,1200.8,22.134941503323898,86.20589408129874,203.263732648,595.342158203125,4.295600307663702,219.32271119720858
40.808434,-8.4375,361.0,2019-06-16 15:00:00,18.4,64,11.6,18.1,0.0,0.0,0.0,0.0,1,1018.5,976.5,44,0,33,80,0.39,0.76,10.8,13.5,300,304,27.4,21.6,16.1,15.1,14.1,0.205,0.262,0.313,0.386,1,3600.0,679.0,303.0,376.0,350.0,679.0,1147.4,641.9,286.4,355.5,350.0,641.9,1084.7,22.263345485567726,86.25399893255477,205.111859968,602.058158203125,4.32482019416029,221.53764025253253
40.808434,-8.4375,361.0,2019-06-16 16:00:00,18.4,63,11.2,18.0,0.0,0.0,0.0,0.0,0,1018.3,976.3,19,0,7,49,0.39,0.79,11.2,13.6,303,307,27.7,21.7,16.4,15.1,14.1,0.203,0.261,0.313,0.386,1,3600.0,695.0,490.0,205.0,646.2,695.0,1005.1,634.7,447.5,187.2,646.2,634.7,918.0,22.714080876534325,86.30211966564406,207.011324158,608.774158203125,4.44292516683141,223.78206230810795
40.808434,-8.4375,361.0,2019-06-16 17:00:00,17.6,65,10.9,16.3,0.0,0.0,0.0,0.0,0,1018.5,976.4,2,0,0,8,0.32,0.71,11.9,15.1,305,310,28.1,21.4,16.6,15.1,14.1,0.202,0.261,0.313,0.386,1,3600.0,575.0,454.0,121.0,735.8,575.0,817.8,500.7,395.3,105.4,735.8,500.7,712.2,22.74686803181417,86.0577679784621,208.734400128,615.346158203125,4.446767990249257,225.89856909188703
40.808434,-8.4375,361.0,2019-06-16 18:00:00,16.5,68,10.6,15.1,0.0,0.0,0.0,0.0,0,1018.6,976.3,14,0,0,47,0.21,0.59,11.2,14.3,312,319,28.1,20.6,16.9,15.1,14.1,0.201,0.261,0.313,0.386,1,3600.0,395.0,306.0,89.0,678.1,395.0,598.1,317.8,246.2,71.6,678.1,317.8,481.2,20.91114997816634,85.45894458762554,210.21711424,621.720158203125,3.947967995092616,227.8400400330985
40.808434,-8.4375,361.0,2019-06-16 19:00:00,15.0,75,10.7,13.8,0.0,0.0,0.0,0.0,0,1018.8,976.3,20,0,0,66,0.1,0.42,9.9,13.4,316,324,24.8,19.4,17.0,15.1,14.1,0.201,0.26,0.313,0.386,1,3600.0,196.0,119.0,77.0,436.7,196.0,361.1,130.7,79.4,51.3,436.7,130.7,240.8,17.4516020535318,84.12064337488533,211.27675989,627.8241582031251,3.079820058002755,229.48583285868193
40.808434,-8.4375,361.0,2019-06-16 20:00:00,13.0,87,10.8,12.3,0.0,0.0,0.0,0.0,0,1018.9,976.1,7,0,0,24,0.02,0.2,6.8,14.3,335,342,20.9,18.0,17.1,15.1,14.1,0.201,0.26,0.313,0.386,1,2201.14,51.0,23.0,28.0,181.2,51.0,122.9,3.1,1.4,1.7,16.0,2.3,7.5,11.719580589784144,81.2575528865716,211.75932646799998,633.5681582031251,1.8391934942059396,230.72714374674226
40.808434,-8.4375,361.0,2019-06-16 21:00:00,11.6,95,10.8,10.9,0.0,0.0,0.0,0.0,0,1019.2,976.2,1,1,0,0,0.0,0.08,6.5,15.1,3,3,14.4,16.5,17.0,15.1,14.1,0.201,0.26,0.313,0.386,0,0.0,0.0,0.0,0.0,0.0,0.0,0.0,0.0,0.0,0.0,0.0,0.0,0.0,8.653676497432276,77.73175020729605,211.926500378,639.0601582031251,1.2785514903657875,231.73328129310644
40.808434,-8.4375,361.0,2019-06-16 22:00:00,11.1,95,10.4,10.3,0.0,0.0,0.0,0.0,0,1019.0,975.9,1,1,0,0,0.0,0.06,6.8,15.2,25,14,15.1,15.4,16.9,15.1,14.1,0.202,0.26,0.313,0.386,0,0.0,0.0,0.0,0.0,0.0,0.0,0.0,0.0,0.0,0.0,0.0,0.0,0.0,8.184671157103088,76.68366750571448,212.08709263799997,644.4621582031251,1.19892117139335,232.713791451731
40.808434,-8.4375,361.0,2019-06-16 23:00:00,10.7,94,9.8,9.7,0.0,0.0,0.0,0.0,0,1018.9,975.8,1,1,0,0,0.0,0.07,6.3,14.2,31,7,14.0,14.5,16.8,15.2,14.1,0.202,0.26,0.313,0.386,0,0.0,0.0,0.0,0.0,0.0,0.0,0.0,0.0,0.0,0.0,0.0,0.0,0.0,8.030595120135244,76.7286285905777,212.27348496599998,649.7921582031252,1.1728154560562303,233.69159736086849
40.808434,-8.4375,361.0,2019-06-17 00:00:00,10.5,93,9.4,9.2,0.0,0.0,0.0,0.0,0,1019.3,976.1,2,2,0,0,0.0,0.09,8.0,16.9,27,1,13.7,14.5,16.6,15.2,14.1,0.201,0.26,0.313,0.386,0,0.0,0.0,0.0,0.0,0.0,0.0,0.0,0.0,0.0,0.0,0.0,0.0,0.0,8.682907705089079,76.77360451935861,212.487256958,655.0861582031251,1.281807775085329,234.67412325413346
40.808434,-8.4375,361.0,2019-06-17 01:00:00,10.3,92,9.1,8.9,0.0,0.0,0.0,0.0,0,1018.7,975.5,0,0,0,0,0.0,0.1,8.2,17.2,38,16,17.3,13.8,16.4,15.2,14.1,0.201,0.26,0.313,0.386,0,0.0,0.0,0.0,0.0,0.0,0.0,0.0,0.0,0.0,0.0,0.0,0.0,0.0,8.786616831056335,76.81859529695797,212.72735555,660.3441582031252,1.298970113846025,235.66126426589736
40.808434,-8.4375,361.0,2019-06-17 02:00:00,9.9,92,8.7,8.5,0.0,0.0,0.0,0.0,0,1018.1,974.9,0,0,0,0,0.0,0.1,7.2,15.3,37,15,16.9,13.2,16.2,15.2,14.1,0.202,0.26,0.313,0.386,0,0.0,0.0,0.0,0.0,0.0,0.0,0.0,0.0,0.0,0.0,0.0,0.0,0.0,8.437458565018293,76.86360092827809,212.95902963,665.5301582031252,1.239149527804779,236.6263888238161
40.808434,-8.4375,361.0,2019-06-17 03:00:00,9.3,92,8.1,8.0,0.0,0.0,0.0,0.0,0,1017.6,974.3,3,3,0,0,0.0,0.09,5.9,12.2,43,19,15.1,12.7,16.0,15.2,14.1,0.202,0.26,0.313,0.386,0,0.0,0.0,0.0,0.0,0.0,0.0,0.0,0.0,0.0,0.0,0.0,0.0,0.0,7.991345993499725,76.9086214182229,213.17806694200002,670.6081582031252,1.1643734451996026,237.56147368872521
40.808434,-8.4375,361.0,2019-06-17 04:00:00,8.9,92,7.7,7.8,0.0,0.0,0.0,0.0,0,1017.4,974.1,2,2,0,0,0.0,0.09,4.1,8.1,52,13,12.2,12.2,15.8,15.2,14.1,0.202,0.26,0.313,0.386,0,0.0,0.0,0.0,0.0,0.0,0.0,0.0,0.0,0.0,0.0,0.0,0.0,0.0,7.393274319383173,76.95365677169806,213.38867974200002,675.6141582031252,1.0669107728142593,238.47506334269883
40.808434,-8.4375,361.0,2019-06-17 05:00:00,8.7,92,7.4,7.6,0.0,0.0,0.0,0.0,0,1017.3,973.9,14,0,0,46,0.0,0.1,3.1,5.4,54,8,10.1,11.9,15.6,15.2,14.1,0.203,0.26,0.313,0.386,0,0.0,0.0,0.0,0.0,0.0,0.0,0.0,0.0,0.0,0.0,0.0,0.0,0.0,7.086066912143048,76.99870699361071,213.595080286,680.5841582031252,1.0178423075316005,239.37559041136274
40.808434,-8.4375,361.0,2019-06-17 06:00:00,10.4,85,8.0,9.7,0.0,0.0,0.0,0.0,1,1017.3,974.2,28,0,0,93,0.0,0.19,1.1,1.4,72,360,7.6,11.8,15.4,15.2,14.1,0.203,0.26,0.313,0.386,1,1121.05,36.0,16.0,20.0,141.0,36.0,91.5,80.6,35.8,44.8,231.7,49.1,205.0,6.698433623607094,77.51361852374525,214.04921413600002,685.8601582031251,0.9571170600798647,240.47477253893317
40.808434,-8.4375,361.0,2019-06-17 07:00:00,12.4,79,8.8,11.8,0.0,0.0,0.0,0.0,0,1017.5,974.7,1,1,0,0,0.07,0.31,2.1,2.7,211,203,9.0,12.7,15.2,15.2,14.1,0.203,0.26,0.313,0.386,1,3600.0,156.0,60.0,96.0,244.6,156.0,325.1,213.7,82.2,131.5,244.6,213.7,445.4,7.737862776332052,78.7744008374369,214.795573246,691.4961582031251,1.1209892869367861,241.81052704396876
40.808434,-8.4375,361.0,2019-06-17 08:00:00,14.1,74,9.6,13.6,0.0,0.0,0.0,0.0,0,1017.0,974.4,3,0,3,4,0.18,0.41,2.5,3.0,188,166,12.6,14.2,15.1,15.2,14.1,0.203,0.26,0.313,0.386,1,3600.0,368.0,287.0,81.0,675.2,368.0,563.3,443.4,345.8,97.6,675.2,443.4,678.7,9.024424679523731,80.33138794717576,215.83600047800002,697.4381582031251,1.335808953597071,243.37726106501324
40.808434,-8.4375,361.0,2019-06-17 09:00:00,15.9,68,9.9,15.3,0.0,0.0,0.0,0.0,0,1016.9,974.6,10,0,11,12,0.3,0.59,5.0,5.7,210,198,17.6,15.9,15.1,15.2,14.1,0.202,0.259,0.313,0.386,1,3600.0,562.0,465.0,97.0,783.5,562.0,786.5,635.4,525.7,109.7,783.5,635.4,889.3,11.9943940736527,82.21054496095088,217.268167518,703.7041582031251,1.8816202666073996,245.24120669086295
40.808434,-8.4375,361.0,2019-06-17 10:00:00,17.8,63,10.6,17.7,0.0,0.0,0.0,0.0,1,1016.4,974.4,38,0,16,95,0.4,0.76,8.9,10.7,201,194,23.8,17.7,15.2,15.2,14.1,0.2,0.259,0.312,0.386,1,3600.0,725.0,606.0,119.0,819.9,725.0,979.6,786.5,657.4,129.1,819.9,786.5,1062.6,16.63259839314919,83.96079682897636,219.10918665600002,710.312158203125,2.8666316210659195,247.41715195966808
40.808434,-8.4375,361.0,2019-06-17 11:00:00,18.5,61,10.8,18.4,0.0,0.0,0.0,0.0,2,1016.7,974.8,61,0,52,99,0.42,0.84,10.3,13.0,209,204,27.4,19.0,15.4,15.2,14.1,0.199,0.259,0.312,0.386,1,3600.0,738.0,417.0,321.0,489.4,738.0,1129.3,775.7,438.3,337.4,489.4,775.7,1186.9,19.24328203755129,84.89125778547653,221.12159196000002,717.0461582031251,3.4885392380717835,249.72141712331847
40.808434,-8.4375,361.0,2019-06-17 12:00:00,17.6,62,10.2,16.7,0.0,0.0,0.0,0.0,3,1017.1,975.0,80,0,84,100,0.33,0.77,7.1,9.0,210,203,27.4,19.6,15.4,15.1,14.1,0.202,0.261,0.313,0.386,1,3600.0,550.0,174.0,376.0,188.2,550.0,1225.4,562.7,178.0,384.7,188.2,562.7,1253.8,48.148502349853516,94.11328125,205.6796875,589.9593505859375,13.776838302612305,219.26028442382812
40.808434,-8.4375,361.0,2019-06-17 13:00:00,18.9,52,8.9,17.1,0.0,0.0,0.0,0.0,3,1016.1,974.2,89,0,99,100,0.27,1.04,10.1,13.7,163,162,23.8,19.5,15.6,15.1,14.1,0.201,0.261,0.313,0.386,1,1225.52,379.0,96.0,283.0,100.9,379.0,1261.5,378.2,95.8,282.4,100.9,378.2,1258.7,30.840814627347562,89.79547217405249,208.2070411,596.7653505859375,6.9259520392165586,222.4159019083204
40.808434,-8.4375,361.0,2019-06-17 14:00:00,18.1,61,10.5,17.3,0.0,0.0,0.0,0.0,3,1015.7,973.8,89,0,99,100,0.13,0.8,6.5,9.2,199,191,24.1,18.7,15.8,15.1,14.1,0.201,0.261,0.313,0.386,1,0.0,130.0,3.0,127.0,3.2,130.0,1235.0,126.4,2.9,123.5,3.2,126.4,1201.2,21.78263068918368,87.5504261922807,210.178376908,603.4273505859376,4.186649788122607,224.6972834430095
40.808434,-8.4375,361.0,2019-06-17 15:00:00,18.0,66,11.5,18.0,0.0,0.0,0.0,0.0,3,1015.5,973.5,90,0,100,100,0.2,0.71,3.3,3.3,264,257,20.2,18.9,15.9,15.2,14.1,0.2,0.26,0.313,0.386,1,0.0,298.0,33.0,265.0,38.1,298.0,1147.8,281.8,31.2,250.6,38.1,281.8,1085.3,17.12888180162946,86.35835849042901,211.888026312,610.0713505859376,3.0076810733558093,226.82538669627698
40.808434,-8.4375,361.0,2019-06-17 16:00:00,17.7,69,11.9,17.8,0.0,0.0,0.0,0.0,2,1014.9,972.9,73,0,76,91,0.13,0.63,4.0,3.3,260,257,12.2,18.6,16.1,15.2,14.1,0.2,0.26,0.313,0.386,1,0.0,167.0,3.0,164.0,4.0,167.0,1005.8,152.6,2.7,149.8,4.0,152.6,918.8,16.22161338077635,85.58221774169905,213.42234055999998,616.6613505859376,2.794196535403973,228.84253260637738
40.808434,-8.4375,361.0,2019-06-17 17:00:00,17.0,73,12.1,16.7,0.0,0.0,0.0,0.0,1,1014.7,972.6,40,0,49,36,0.15,0.53,6.9,7.6,276,275,16.2,18.5,16.2,15.2,14.1,0.2,0.26,0.313,0.386,1,676.41,225.0,51.0,174.0,82.5,225.0,818.7,196.0,44.4,151.6,82.5,196.0,713.2,16.529396411857398,84.69706122614215,214.70892150199998,623.1253505859377,2.8622492622070173,230.69375385690063
40.808434,-8.4375,361.0,2019-06-17 18:00:00,16.8,74,12.1,16.8,0.0,0.0,0.0,0.0,0,1014.2,972.1,16,0,26,0,0.14,0.5,5.1,5.8,321,338,29.5,18.4,16.3,15.2,14.1,0.2,0.26,0.313,0.386,1,3600.0,242.0,133.0,109.0,294.1,242.0,599.3,194.8,107.1,87.7,294.1,194.8,482.4,14.841379401539898,84.3129234201133,215.93416146599998,629.5533505859377,2.4814148482816356,232.5010812062479
40.808434,-8.4375,361.0,2019-06-17 19:00:00,16.0,77,12.1,15.8,0.0,0.0,0.0,0.0,0,1014.0,971.8,13,0,21,0,0.09,0.41,6.3,7.3,283,290,13.7,18.0,16.4,15.2,14.1,0.199,0.26,0.313,0.386,1,3600.0,173.0,104.0,69.0,380.3,173.0,362.4,115.6,69.5,46.1,380.3,115.6,242.1,14.521193523538557,83.64027088640935,216.96958664399997,635.8373505859377,2.410180542662013,234.17108771382257
40.808434,-8.4375,361.0,2019-06-17 20:00:00,13.3,86,11.0,13.0,0.0,0.0,0.0,0.0,0,1014.2,971.6,9,0,13,5,0.02,0.21,4.2,8.9,290,297,14.8,17.0,16.4,15.2,14.1,0.2,0.26,0.313,0.386,1,2222.02,48.0,23.0,25.0,180.5,48.0,124.2,3.4,1.6,1.8,18.7,2.5,8.8,10.77451549103043,81.47756204501681,217.50033089999997,641.6353505859377,1.655141315089928,235.46065186006254
40.808434,-8.4375,361.0,2019-06-17 21:00:00,11.9,93,10.8,11.7,0.0,0.0,0.0,0.0,0,1014.2,971.4,11,0,18,1,0.0,0.1,3.1,2.3,69,342,10.8,15.8,16.4,15.2,14.1,0.2,0.26,0.313,0.386,0,0.0,0.0,0.0,0.0,0.0,0.0,0.0,0.0,0.0,0.0,0.0,0.0,0.0,8.058990874362273,78.74775008659495,217.73990295999997,647.1813505859377,1.176044297653896,236.53130586292156
40.808434,-8.4375,361.0,2019-06-17 22:00:00,11.9,94,10.9,11.9,0.0,0.0,0.0,0.0,0,1014.3,971.5,4,0,7,0,0.0,0.09,1.8,2.2,101,180,8.3,14.9,16.3,15.2,14.1,0.2,0.26,0.313,0.386,0,0.0,0.0,0.0,0.0,0.0,0.0,0.0,0.0,0.0,0.0,0.0,0.0,0.0,6.933310698368885,77.55405127838549,217.94525043999997,652.7273505859378,0.994655599609536,237.57507873001654
40.808434,-8.4375,361.0,2019-06-17 23:00:00,11.0,93,9.9,10.3,0.0,0.0,0.0,0.0,0,1014.0,971.1,8,0,13,0,0.0,0.09,4.8,7.1,132,195,11.9,14.2,16.2,15.2,14.1,0.2,0.26,0.313,0.386,0,0.0,0.0,0.0,0.0,0.0,0.0,0.0,0.0,0.0,0.0,0.0,0.0,0.0,7.8661482607990685,77.40290701339094,218.16823674199998,658.1113505859378,1.1433276284304073,238.59606525445622
40.808434,-8.4375,361.0,2019-06-18 00:00:00,11.5,90,9.9,10.1,0.0,0.0,0.0,0.0,0,1014.1,971.3,0,0,0,0,0.0,0.14,10.1,20.7,145,167,15.5,13.8,15.9,15.2,14.1,0.196,0.257,0.311,0.386,0,0.0,0.0,0.0,0.0,0.0,0.0,0.0,0.0,0.0,0.0,0.0,0.0,0.0,9.936391044856311,77.44810555542605,218.49995190199996,663.5853505859378,1.4986048452917504,239.69109767953992
40.808434,-8.4375,361.0,2019-06-18 01:00:00,11.4,86,9.2,9.7,0.0,0.0,0.0,0.0,0,1013.4,970.6,11,0,19,0,0.0,0.18,10.5,22.2,128,151,23.0,13.3,15.8,15.2,14.1,0.197,0.257,0.311,0.386,0,0.0,0.0,0.0,0.0,0.0,0.0,0.0,0.0,0.0,0.0,0.0,0.0,0.0,10.464979857252949,77.96307025306328,218.96066740199996,669.0413505859378,1.5941330834054441,240.85590256962288
40.808434,-8.4375,361.0,2019-06-18 02:00:00,12.0,80,8.6,9.9,0.0,0.0,0.0,0.0,0,1012.9,970.2,19,10,17,0,0.01,0.29,12.2,25.6,135,154,26.3,13.0,15.6,15.2,14.1,0.197,0.257,0.311,0.386,0,0.0,0.0,0.0,0.0,0.0,0.0,0.0,0.0,0.0,0.0,0.0,0.0,0.0,12.337828882997531,79.25549788546604,219.65042432199996,674.6053505859378,1.9513716237663128,242.17299666708564
40.808434,-8.4375,361.0,2019-06-18 03:00:00,12.2,77,8.3,9.9,0.0,0.0,0.0,0.0,1,1012.7,970.0,48,35,27,0,0.02,0.32,12.6,26.4,143,160,27.0,12.8,15.5,15.2,14.1,0.197,0.257,0.311,0.386,0,0.0,0.0,0.0,0.0,0.0,0.0,0.0,0.0,0.0,0.0,0.0,0.0,0.0,13.69361717141731,80.34762723966693,220.45575501599996,680.2053505859378,2.2260258894893665,243.5632840849627
40.808434,-8.4375,361.0,2019-06-18 04:00:00,12.9,76,8.8,10.5,0.0,0.0,0.0,0.0,3,1012.4,969.8,100,100,41,0,0.03,0.35,14.5,27.4,138,152,29.5,12.9,15.3,15.2,14.1,0.198,0.257,0.311,0.386,0,0.0,0.0,0.0,0.0,0.0,0.0,0.0,0.0,0.0,0.0,0.0,0.0,0.0,15.68560697251758,81.07359475420466,221.34032877599995,685.9313505859378,2.6544970599648847,245.01969611489676
40.808434,-8.4375,361.0,2019-06-18 05:00:00,13.5,78,9.7,11.4,0.4,0.4,0.0,0.0,51,1012.2,969.8,100,100,79,0,0.02,0.34,14.5,26.6,134,147,31.3,13.1,15.2,15.2,14.1,0.201,0.257,0.311,0.386,0,0.0,0.0,0.0,0.0,0.0,0.0,0.0,0.0,0.0,0.0,0.0,0.0,0.0,15.839903009745166,81.18224135344175,222.18593916799995,691.7653505859378,2.687651657815061,246.46698626754844
40.808434,-8.4375,361.0,2019-06-18 06:00:00,14.0,83,11.2,12.2,0.5,0.5,0.0,0.0,53,1012.3,969.9,100,100,70,0,0.04,0.27,14.9,26.6,143,153,30.6,13.3,15.1,15.2,14.1,0.206,0.257,0.311,0.385,1,0.0,10.0,1.0,9.0,8.8,10.0,91.3,22.4,2.2,20.2,14.5,13.6,204.5,11.34102109125327,76.27956629010544,222.86174298999995,697.6893505859377,1.75397934648252,247.82092580663027
40.808434,-8.4375,361.0,2019-06-18 07:00:00,14.6,86,12.2,13.0,0.4,0.4,0.0,0.0,51,1012.4,970.1,100,100,60,0,0.05,0.24,15.8,27.1,150,158,32.8,13.6,15.0,15.2,14.1,0.21,0.257,0.311,0.385,1,0.0,48.0,1.0,47.0,4.1,48.0,324.5,65.8,1.4,64.4,4.1,65.8,444.7,9.147459782061402,69.25515420953067,223.44040165799996,703.7213505859378,1.3544415538477663,249.1277772922711
40.808434,-8.4375,361.0,2019-06-18 08:00:00,15.4,87,13.2,14.1,0.4,0.4,0.0,0.0,51,1012.4,970.2,100,80,49,0,0.08,0.23,15.6,27.9,154,160,33.8,14.3,14.9,15.2,14.1,0.214,0.257,0.311,0.385,1,0.0,123.0,5.0,118.0,11.8,123.0,562.6,148.2,6.0,142.2,11.8,148.2,678.1,6.944183906614538,62.160179171155214,160.0350676046662,709.8973505859378,1.0166992825031054,204.70270947364648
40.808434,-8.4375,361.0,2019-06-18 09:00:00,16.4,82,13.4,14.5,0.1,0.1,0.0,0.0,51,1012.5,970.4,100,100,30,0,0.15,0.33,20.3,29.9,163,165,42.1,15.2,14.9,15.2,14.1,0.215,0.257,0.311,0.385,1,3600.0,275.0,113.0,162.0,190.5,275.0,785.9,311.0,127.8,183.2,190.5,311.0,888.6,8.725857526277236,63.14779498714676,130.5039754643478,716.2533505859378,1.3531122790243062,179.32415951964882
40.808434,-8.4375,361.0,2019-06-18 10:00:00,17.5,81,14.3,15.7,0.2,0.2,0.0,0.0,51,1012.5,970.6,100,85,72,0,0.19,0.38,22.0,31.4,169,170,53.3,16.0,15.0,15.2,14.1,0.217,0.257,0.311,0.385,1,2910.19,334.0,116.0,218.0,157.0,334.0,979.0,362.4,125.8,236.5,157.0,362.4,1062.1,9.319467401979438,63.9038912399831,107.59550344590258,722.8073505859378,1.5260448014787953,156.82824334402733
40.808434,-8.4375,361.0,2019-06-18 11:00:00,18.9,74,14.2,16.5,0.2,0.2,0.0,0.0,51,1012.6,970.9,68,45,45,0,0.27,0.57,25.9,36.4,182,182,64.1,17.1,15.1,15.2,14.1,0.219,0.257,0.311,0.385,1,3600.0,464.0,226.0,238.0,265.3,464.0,1128.8,487.7,237.6,250.2,265.3,487.7,1186.6,12.016686734930223,68.51055137429002,89.75989098426598,729.6133505859378,2.2005146448716753,137.29374641981516
40.808434,-8.4375,361.0,2019-06-18 12:00:00,19.4,70,13.7,17.1,0.3,0.3,0.0,0.0,51,1012.6,971.0,100,85,98,0,0.36,0.68,27.4,38.6,194,194,66.2,18.0,15.1,15.2,14.1,0.241,0.258,0.312,0.385,1,3600.0,661.0,381.0,280.0,412.1,661.0,1225.1,676.4,389.9,286.5,412.1,676.4,1253.6,55.6318359375,90.208984375,209.328125,597.7694091796875,17.4130859375,222.8125
40.808434,-8.4375,361.0,2019-06-18 13:00:00,17.7,81,14.4,15.1,1.6,1.6,0.0,0.0,61,1012.8,970.9,67,13,92,0,0.18,0.39,28.2,41.8,208,209,67.0,17.8,15.2,15.2,14.1,0.256,0.258,0.312,0.385,1,185.25,307.0,63.0,244.0,66.2,307.0,1261.4,306.3,62.9,243.5,66.2,306.3,1258.7,10.956252520897683,62.604324489650125,97.24571547625385,586.0708265536298,1.9622069666275035,137.46719713167556
40.808434,-8.4375,361.0,2019-06-18 14:00:00,17.9,80,14.4,15.3,1.6,1.6,0.0,0.0,61,1013.0,971.1,66,25,72,0,0.19,0.4,27.9,41.1,209,209,62.3,17.7,15.4,15.1,14.1,0.274,0.258,0.312,0.385,1,549.18,326.0,73.0,253.0,78.3,326.0,1235.2,317.1,71.0,246.1,78.3,317.1,1201.5,4.943099150425885,53.92929880804623,59.69848317032631,564.2444914147455,1.0291820762958255,94.42180621500803
40.808434,-8.4375,361.0,2019-06-18 15:00:00,18.0,83,15.1,15.8,2.4,2.4,0.0,0.0,61,1013.1,971.3,49,16,57,0,0.22,0.35,26.8,38.9,211,211,60.8,17.9,15.5,15.1,14.1,0.303,0.258,0.312,0.385,1,3600.0,440.0,226.0,214.0,260.8,440.0,1148.3,416.1,213.7,202.4,260.8,416.1,1085.8,0.6760814331835533,45.827463200208854,33.79062337356319,529.1500605656448,0.3599470163955407,58.277492700116674
40.808434,-8.4375,361.0,2019-06-18 16:00:00,17.7,86,15.3,15.9,2.3,2.3,0.0,0.0,61,1013.3,971.4,52,22,54,0,0.2,0.28,24.6,35.3,212,212,58.3,18.0,15.7,15.1,14.1,0.33,0.258,0.312,0.385,1,3600.0,414.0,245.0,169.0,322.5,414.0,1006.5,378.3,223.8,154.4,322.5,378.3,919.6,0.08943620330312403,37.62577554183273,16.638641225169202,484.7292507995287,0.07466387004861301,30.647311114251902
40.808434,-8.4375,361.0,2019-06-18 17:00:00,17.6,88,15.6,16.4,0.8,0.8,0.0,0.0,53,1013.5,971.6,97,80,42,0,0.18,0.24,21.4,30.8,213,213,54.0,18.2,15.8,15.2,14.1,0.337,0.259,0.312,0.385,1,3600.0,363.0,204.0,159.0,329.8,363.0,819.6,316.3,177.8,138.5,329.8,316.3,714.2,0.0115284281901971,31.32210356258389,8.526323491491084,441.46047489657445,0.014451014919826217,16.267189788503135
40.808434,-8.4375,361.0,2019-06-18 18:00:00,17.4,88,15.4,16.6,1.5,1.5,0.0,0.0,61,1013.5,971.5,89,70,43,0,0.11,0.23,17.7,26.1,204,206,52.2,17.8,15.9,15.2,14.1,0.353,0.259,0.312,0.385,1,3298.26,194.0,77.0,117.0,169.9,194.0,600.3,156.3,62.0,94.2,169.9,156.3,483.5,0.002373792229563605,27.659207818899546,4.335145843503578,396.4400601304798,0.004303980557242301,8.439570988156623
40.808434,-8.4375,361.0,2019-06-18 19:00:00,16.4,93,15.2,14.7,1.4,1.4,0.0,0.0,61,1013.6,971.5,100,100,45,0,0.06,0.13,23.4,35.4,209,208,52.6,17.3,16.0,15.2,14.1,0.367,0.261,0.312,0.385,1,2901.14,113.0,43.0,70.0,156.7,113.0,363.6,75.6,28.8,46.9,156.7,75.6,243.3,0.00013364938963981884,19.51229733341444,1.878665627920884,350.971420040942,0.00035105332048310727,3.7077149886082927
40.808434,-8.4375,361.0,2019-06-18 20:00:00,15.8,97,15.3,14.5,1.4,1.4,0.0,0.0,61,1013.7,971.5,100,100,36,0,0.02,0.06,21.3,33.0,208,209,52.6,16.7,16.1,15.2,14.1,0.38,0.262,0.312,0.385,1,0.0,16.0,4.0,12.0,31.3,16.0,125.5,1.3,0.3,1.0,3.7,0.9,10.0,5.733208432205521e-07,9.05253419293869,0.387104041777337,305.7857292317906,2.2863026436648315e-06,0.7717655760629972
40.808434,-8.4375,361.0,2019-06-18 21:00:00,15.5,94,14.6,14.4,0.9,0.9,0.0,0.0,53,1014.3,972.0,76,69,23,0,0.0,0.1,18.5,29.6,209,212,45.7,16.2,16.1,15.2,14.1,0.386,0.265,0.312,0.385,0,0.0,0.0,0.0,0.0,0.0,0.0,0.0,0.0,0.0,0.0,0.0,0.0,0.0,3.615233621995972e-06,12.935180947004469,0.262212936,262.9313407293365,1.5250187956280536e-05,0.5231216411973595
40.808434,-8.4375,361.0,2019-06-18 22:00:00,15.2,95,14.4,14.5,0.6,0.6,0.0,0.0,53,1014.5,972.2,54,51,13,0,0.0,0.09,14.8,24.8,206,208,37.1,15.8,16.1,15.2,14.1,0.386,0.268,0.312,0.385,0,0.0,0.0,0.0,0.0,0.0,0.0,0.0,0.0,0.0,0.0,0.0,0.0,0.0,9.319997261077993e-07,10.68944267682497,0.21456178999999997,223.05077834723193,4.025690916573862e-06,0.42809407640442476
40.808434,-8.4375,361.0,2019-06-18 23:00:00,14.8,99,14.7,14.6,0.4,0.4,0.0,0.0,51,1014.6,972.2,96,100,10,0,0.0,0.01,12.1,21.5,197,203,30.2,15.4,16.0,15.2,14.1,0.384,0.27,0.312,0.385,0,0.0,0.0,0.0,0.0,0.0,0.0,0.0,0.0,0.0,0.0,0.0,0.0,0.0,4.564153532905317e-09,2.450368958542238,0.041859294,186.21812387552782,2.1899585018360767e-08,0.08367156743256395
40.808434,-8.4375,361.0,2019-06-19 00:00:00,14.7,99,14.6,14.4,0.3,0.3,0.0,0.0,51,1015.0,972.6,100,100,16,9,0.0,0.02,13.0,20.6,194,196,25.2,15.7,15.9,15.2,14.1,0.36,0.265,0.312,0.385,0,0.0,0.0,0.0,0.0,0.0,0.0,0.0,0.0,0.0,0.0,0.0,0.0,0.0,3.4081623883788e-09,1.9819836998259655,0.04159602799999999,152.25511506413307,1.6356368508594097e-08,0.08313527470216243
40.808434,-8.4375,361.0,2019-06-19 01:00:00,14.7,99,14.6,14.3,0.3,0.3,0.0,0.0,51,1014.8,972.4,100,100,31,55,0.0,0.01,13.4,21.0,194,196,26.3,15.5,15.8,15.2,14.1,0.36,0.266,0.312,0.385,0,0.0,0.0,0.0,0.0,0.0,0.0,0.0,0.0,0.0,0.0,0.0,0.0,0.0,3.5338138884337546e-09,2.004097872778002,0.04159602799999999,120.75026792192709,1.6959490193673836e-08,0.08312047269072624
40.808434,-8.4375,361.0,2019-06-19 02:00:00,14.7,99,14.6,14.6,0.3,0.3,0.0,0.0,51,1014.6,972.2,100,100,26,0,0.0,0.01,11.4,17.4,191,193,31.7,15.3,15.8,15.2,14.1,0.361,0.268,0.312,0.385,0,0.0,0.0,0.0,0.0,0.0,0.0,0.0,0.0,0.0,0.0,0.0,0.0,0.0,2.9404641197992885e-09,1.8899367594573167,0.04159602799999999,91.36250191258492,1.4112011073311679e-08,0.08309747330048495
40.808434,-8.4375,361.0,2019-06-19 03:00:00,14.7,100,14.6,14.5,0.7,0.7,0.0,0.0,53,1014.6,972.2,100,100,25,93,0.0,0.01,11.7,17.7,191,193,31.0,15.2,15.8,15.2,14.1,0.367,0.269,0.312,0.385,0,0.0,0.0,0.0,0.0,0.0,0.0,0.0,0.0,0.0,0.0,0.0,0.0,0.0,6.871456764740128e-10,1e-09,1e-09,63.06316140889085,3.4357282837202174e-09,1.999999999920715e-09
40.808434,-8.4375,361.0,2019-06-19 04:00:00,14.5,100,14.5,14.4,0.5,0.5,0.0,0.0,53,1014.6,972.2,100,100,12,97,0.0,0.0,11.0,17.2,191,190,29.9,15.1,15.7,15.2,14.1,0.37,0.27,0.312,0.385,0,0.0,0.0,0.0,0.0,0.0,0.0,0.0,0.0,0.0,0.0,0.0,0.0,0.0,6.633304730212135e-10,1e-09,1e-09,36.10071941867626,3.316652269875243e-09,1.999999999861499e-09
40.808434,-8.4375,361.0,2019-06-19 05:00:00,14.5,100,14.5,14.4,0.5,0.5,0.0,0.0,53,1014.9,972.5,100,100,18,96,0.0,0.01,11.0,17.7,199,204,32.0,15.1,15.7,15.2,14.1,0.372,0.272,0.312,0.385,0,0.0,0.0,0.0,0.0,0.0,0.0,0.0,0.0,0.0,0.0,0.0,0.0,0.0,6.633304730212135e-10,1e-09,1e-09,10.380203114919574,3.316652269875243e-09,1.999999999518314e-09
40.808434,-8.4375,361.0,2019-06-19 06:00:00,14.5,99,14.3,14.5,0.3,0.3,0.0,0.0,51,1015.2,972.8,100,89,16,96,0.01,0.02,9.8,15.0,208,215,21.2,15.1,15.6,15.2,14.1,0.372,0.273,0.312,0.385,1,0.0,12.0,0.0,12.0,0.0,12.0,90.9,26.9,0.0,26.9,0.0,16.3,203.9,2.497154428690398e-09,1.7778303008919047,0.041069496,6.013999999999999,1.199544768521304e-08,0.08076021689003801
40.808434,-8.4375,361.0,2019-06-19 07:00:00,14.7,96,14.0,14.8,0.3,0.3,0.0,0.0,51,1015.5,973.1,100,89,0,85,0.04,0.07,8.4,11.6,205,206,19.8,15.2,15.6,15.2,14.1,0.371,0.275,0.312,0.385,1,0.0,65.0,3.0,62.0,12.3,65.0,323.8,89.1,4.1,85.0,12.3,89.1,444.0,5.734059834995377e-08,6.4339681525986965,0.16638411199999997,6.05,2.555774064521079e-07,0.31136098398674356
40.808434,-8.4375,361.0,2019-06-19 08:00:00,15.3,90,13.8,15.3,0.1,0.1,0.0,0.0,51,1015.6,973.3,64,43,0,85,0.09,0.17,8.9,11.1,194,193,20.5,15.6,15.5,15.2,14.1,0.368,0.276,0.312,0.385,1,0.0,159.0,24.0,135.0,56.6,159.0,561.9,191.7,28.9,162.7,56.6,191.7,677.3,6.115155744116472e-06,14.963683342637209,0.43175624000000007,6.1579999999999995,2.458025760157294e-05,0.7347274930608279
40.808434,-8.4375,361.0,2019-06-19 09:00:00,17.0,81,13.8,16.9,0.0,0.0,0.0,0.0,3,1015.8,973.7,88,74,0,73,0.21,0.36,9.0,11.4,209,208,23.0,16.7,15.6,15.2,14.1,0.364,0.277,0.312,0.385,1,3600.0,394.0,201.0,193.0,339.2,394.0,785.1,445.6,227.3,218.3,339.2,445.6,887.9,0.0005530541269196387,26.54468580788449,0.905371774,6.464,0.0019795921420079805,1.3411333063699529
40.808434,-8.4375,361.0,2019-06-19 10:00:00,17.9,76,13.6,17.6,0.0,0.0,0.0,0.0,3,1016.1,974.1,100,100,0,44,0.28,0.49,10.2,12.7,222,223,24.8,17.7,15.7,15.2,14.1,0.36,0.278,0.312,0.385,1,3600.0,494.0,186.0,308.0,251.9,494.0,978.3,536.0,201.8,334.2,251.9,536.0,1061.5,0.004308948710477935,33.61733673630768,1.2004929599999998,6.6259999999999994,0.014657136117638737,1.6524928499617395
40.808434,-8.4375,361.0,2019-06-19 11:00:00,18.8,72,13.7,18.7,0.0,0.0,0.0,0.0,2,1016.4,974.5,71,65,0,43,0.35,0.6,11.3,14.4,233,233,28.1,18.7,15.8,15.2,14.1,0.355,0.279,0.312,0.385,1,3600.0,606.0,255.0,351.0,299.4,606.0,1128.3,637.1,268.1,369.0,299.4,637.1,1186.1,0.0170210363827887,39.49935286682672,1.4669181519999999,6.788,0.05572802840086239,1.904765012153296
40.808434,-8.4375,361.0,2019-06-19 12:00:00,19.0,71,13.6,19.0,0.0,0.0,0.0,0.0,2,1016.9,975.0,60,50,0,50,0.37,0.64,10.8,13.6,249,248,28.1,19.3,16.0,15.2,14.1,0.351,0.28,0.313,0.385,1,3600.0,630.0,340.0,290.0,367.8,630.0,1224.8,644.7,347.9,296.8,367.8,644.7,1253.4,21.3193359375,84.0859375,184.5390625,605.4107055664062,4.126220703125,207.875
40.808434,-8.4375,361.0,2019-06-19 13:00:00,19.4,70,13.8,19.9,0.0,0.0,0.0,0.0,1,1017.0,975.2,31,33,1,2,0.42,0.67,12.1,15.1,253,252,29.9,20.2,16.2,15.2,14.1,0.346,0.281,0.313,0.385,1,3600.0,739.0,431.0,308.0,452.7,739.0,1261.3,737.5,430.1,307.4,452.7,737.5,1258.8,0.8769751471308718,50.15316372485004,69.52116489743089,504.5047781228869,0.3075483640182092,103.41548642172691
40.808434,-8.4375,361.0,2019-06-19 14:00:00,19.4,71,13.9,20.7,0.0,0.0,0.0,0.0,1,1017.0,975.2,33,35,1,4,0.48,0.67,11.7,14.6,261,261,30.2,21.0,16.5,15.2,14.1,0.34,0.281,0.313,0.385,1,3600.0,850.0,666.0,184.0,714.2,850.0,1235.4,826.9,647.9,179.0,714.2,826.9,1201.8,0.24770261651822167,44.48801824147437,32.937389243127456,432.75279772095627,0.1368823780466893,55.34401296151366
40.808434,-8.4375,361.0,2019-06-19 15:00:00,19.1,71,13.7,20.0,0.0,0.0,0.0,0.0,1,1016.9,975.0,30,23,10,10,0.44,0.64,11.3,14.2,277,277,29.5,21.4,16.8,15.2,14.1,0.336,0.281,0.312,0.385,1,3600.0,792.0,626.0,166.0,722.0,792.0,1148.7,749.0,592.0,157.0,722.0,749.0,1086.3,0.12227074804497487,43.266959544446706,15.063906578076018,379.4275203256795,0.10999393984462387,27.407503899667034
40.808434,-8.4375,361.0,2019-06-19 16:00:00,18.6,72,13.3,18.6,0.0,0.0,0.0,0.0,1,1016.7,974.8,33,36,1,0,0.36,0.61,10.5,13.0,292,294,28.4,21.4,17.0,15.2,14.1,0.332,0.281,0.312,0.385,1,3600.0,640.0,443.0,197.0,582.7,640.0,1007.1,584.8,404.8,180.0,582.7,584.8,920.3,0.06725419357253178,42.03807485419172,8.419086191148661,342.01066726942673,0.08559944239341251,15.862006899522534
40.808434,-8.4375,361.0,2019-06-19 17:00:00,18.0,74,13.2,17.6,0.0,0.0,0.0,0.0,1,1016.5,974.5,46,51,1,0,0.28,0.55,9.7,12.2,301,304,26.3,21.0,17.3,15.2,14.1,0.329,0.281,0.312,0.385,1,3600.0,500.0,348.0,152.0,561.9,500.0,820.5,435.8,303.3,132.5,561.9,435.8,715.1,0.03610678700708758,40.324200517512274,5.148476866053492,316.30566320033046,0.0601981209643288,9.894331044511599
40.808434,-8.4375,361.0,2019-06-19 18:00:00,17.1,78,13.3,16.7,0.0,0.0,0.0,0.0,1,1016.5,974.4,23,25,1,0,0.19,0.43,10.2,13.0,312,314,24.1,20.4,17.4,15.2,14.1,0.326,0.281,0.312,0.385,1,3600.0,347.0,244.0,103.0,537.6,347.0,601.3,279.6,196.6,83.0,537.6,279.6,484.6,0.015100408215329176,37.04382559653942,3.1623488535413777,295.05771176609704,0.031960280842916036,6.159653939400152
40.808434,-8.4375,361.0,2019-06-19 19:00:00,16.0,85,13.4,15.8,0.0,0.0,0.0,0.0,0,1016.7,974.4,20,21,1,0,0.1,0.28,9.2,12.3,318,322,23.4,19.5,17.6,15.2,14.1,0.325,0.281,0.312,0.385,1,3600.0,199.0,131.0,68.0,475.9,199.0,364.7,133.4,87.8,45.6,475.9,133.4,244.5,0.0019061148089029162,29.792228284967923,1.72501103035157,279.8271440933075,0.005174271469875701,3.39765937869267
40.808434,-8.4375,361.0,2019-06-19 20:00:00,14.5,94,13.5,14.7,0.0,0.0,0.0,0.0,1,1016.7,974.2,22,25,0,0,0.02,0.1,6.4,12.9,322,330,19.8,18.4,17.6,15.2,14.1,0.324,0.281,0.312,0.385,1,2259.02,50.0,24.0,26.0,187.0,50.0,126.6,4.4,2.1,2.3,24.3,3.3,11.2,1.3382258440612972e-05,16.88909299346967,0.5086529801977173,269.50568174812156,5.0837932228611954e-05,1.012528457984833
40.808434,-8.4375,361.0,2019-06-19 21:00:00,13.7,98,13.4,13.9,0.0,0.0,0.0,0.0,0,1017.0,974.4,18,20,0,0,0.0,0.03,6.1,14.1,357,357,13.3,17.3,17.6,15.2,14.1,0.323,0.282,0.312,0.385,0,0.0,0.0,0.0,0.0,0.0,0.0,0.0,0.0,0.0,0.0,0.0,0.0,0.0,2.3304170417468203e-07,9.09649745889942,0.077926736,263.78339505101053,1.0894551539874951e-06,0.1557384515947152
40.808434,-8.4375,361.0,2019-06-19 22:00:00,13.2,98,12.9,13.2,0.0,0.0,0.0,0.0,0,1017.2,974.5,9,6,0,13,0.0,0.03,6.8,14.5,18,14,14.0,16.5,17.5,15.3,14.1,0.322,0.282,0.312,0.385,0,0.0,0.0,0.0,0.0,0.0,0.0,0.0,0.0,0.0,0.0,0.0,0.0,0.0,7.031766485327809e-08,6.9812444402666936,0.07529407599999997,260.9064331086472,3.293173931312917e-07,0.15047958605498016
40.808434,-8.4375,361.0,2019-06-19 23:00:00,12.6,98,12.3,12.4,0.0,0.0,0.0,0.0,1,1017.1,974.3,26,4,0,76,0.0,0.03,6.4,14.2,27,16,14.0,15.8,17.3,15.3,14.1,0.322,0.282,0.312,0.385,0,0.0,0.0,0.0,0.0,0.0,0.0,0.0,0.0,0.0,0.0,0.0,0.0,0.0,4.177882341245751e-08,6.1689220255947514,0.072134884,259.82918198631074,1.9608503902287088e-07,0.1441697054810242
40.808434,-8.4375,361.0,2019-06-20 00:00:00,12.2,98,11.9,12.0,0.0,0.0,0.0,0.0,1,1017.4,974.5,25,6,0,65,0.0,0.03,5.9,12.4,38,8,14.0,16.2,17.2,15.3,14.1,0.321,0.282,0.311,0.385,0,0.0,0.0,0.0,0.0,0.0,0.0,0.0,0.0,0.0,0.0,0.0,0.0,0.0,3.2163690804254114e-08,5.794100492003818,0.070028756,259.93029775909355,1.511767318951858e-07,0.13996324199947052
40.808434,-8.4375,361.0,2019-06-20 01:00:00,12.3,97,11.9,12.0,0.0,0.0,0.0,0.0,1,1017.0,974.2,40,20,0,73,0.0,0.04,6.3,13.7,31,14,13.7,15.5,17.1,15.3,14.1,0.32,0.282,0.311,0.385,0,0.0,0.0,0.0,0.0,0.0,0.0,0.0,0.0,0.0,0.0,0.0,0.0,0.0,7.556051994676786e-08,7.109302728065864,0.105832932,260.975037238453,3.4690985661576175e-07,0.21145148975014047
40.808434,-8.4375,361.0,2019-06-20 02:00:00,12.2,97,11.8,12.0,0.0,0.0,0.0,0.0,1,1016.8,974.0,47,23,0,89,0.0,0.04,5.8,13.4,30,14,13.7,15.0,16.9,15.3,14.1,0.32,0.282,0.311,0.385,0,0.0,0.0,0.0,0.0,0.0,0.0,0.0,0.0,0.0,0.0,0.0,0.0,0.0,1.3886657468310898e-07,8.183678379447045,0.10504313399999998,266.57503723845304,6.378715161571411e-07,0.20987951194057095
40.808434,-8.4375,361.0,2019-06-20 03:00:00,12.2,97,11.8,12.0,0.0,0.0,0.0,0.0,1,1016.5,973.7,50,23,0,97,0.0,0.04,5.3,12.2,28,14,13.0,14.7,16.8,15.3,14.1,0.319,0.283,0.311,0.385,0,0.0,0.0,0.0,0.0,0.0,0.0,0.0,0.0,0.0,0.0,0.0,0.0,0.0,2.3398524862789003e-07,9.144261225255805,0.10504313399999998,272.17503723845306,1.0747894287780896e-06,0.2098837618449206
40.808434,-8.4375,361.0,2019-06-20 04:00:00,12.4,97,12.0,12.1,0.0,0.0,0.0,0.0,2,1016.6,973.8,71,46,0,98,0.0,0.04,6.5,12.6,19,13,13.3,14.5,16.6,15.3,14.1,0.318,0.283,0.311,0.384,0,0.0,0.0,0.0,0.0,0.0,0.0,0.0,0.0,0.0,0.0,0.0,0.0,0.0,7.11841432675216e-07,11.086878657706569,0.10662273,277.8110372384531,3.2665492006121504e-06,0.21304104931040557
40.808434,-8.4375,361.0,2019-06-20 05:00:00,12.5,95,11.8,12.2,0.0,0.0,0.0,0.0,1,1016.5,973.7,49,13,12,100,0.0,0.07,5.8,12.7,30,35,14.0,14.4,16.4,15.3,14.1,0.318,0.283,0.311,0.384,0,0.0,0.0,0.0,0.0,0.0,0.0,0.0,0.0,0.0,0.0,0.0,0.0,0.0,7.76743315417075e-06,15.92453736215282,0.28564361,283.4650372384531,3.240239909829539e-05,0.5698516418971263
40.808434,-8.4375,361.0,2019-06-20 06:00:00,13.2,91,11.7,12.9,0.0,0.0,0.0,0.0,1,1016.3,973.6,47,9,23,85,0.02,0.14,5.4,10.2,20,32,13.0,14.4,16.3,15.3,14.1,0.317,0.283,0.311,0.384,1,0.0,15.0,0.0,15.0,0.0,15.0,90.6,33.6,0.0,33.6,0.0,20.4,203.1,0.0003678900697205297,25.87644650697671,0.6244669519999999,289.24503723845305,0.0013396933229260688,1.2422291128375862
40.808434,-8.4375,361.0,2019-06-20 07:00:00,14.3,85,11.8,14.2,0.0,0.0,0.0,0.0,1,1016.4,973.9,50,7,25,95,0.06,0.25,4.7,6.5,356,6,12.6,14.9,16.2,15.3,14.1,0.316,0.283,0.311,0.384,1,2751.75,114.0,37.0,77.0,151.7,114.0,323.0,156.4,50.8,105.6,151.7,156.4,443.2,0.01601494581142813,40.538272073768916,1.2326114119999998,295.22303723845306,0.04870629803756562,2.439756722113849
40.808434,-8.4375,361.0,2019-06-20 08:00:00,15.5,78,11.8,15.2,0.0,0.0,0.0,0.0,2,1016.2,973.9,79,53,32,39,0.13,0.38,6.4,8.1,333,339,16.6,15.7,16.1,15.3,14.2,0.315,0.283,0.311,0.384,1,3441.03,245.0,74.0,171.0,174.7,245.0,561.1,295.4,89.2,206.2,174.7,295.4,676.5,0.19528430221648382,57.72844645130509,2.1940588439999997,301.4170372384531,0.48325837334152066,4.309690513863809
40.808434,-8.4375,361.0,2019-06-20 09:00:00,17.0,73,12.1,16.6,0.0,0.0,0.0,0.0,3,1016.2,974.1,90,100,0,0,0.23,0.53,7.5,9.4,325,328,20.2,16.9,16.1,15.3,14.2,0.313,0.283,0.311,0.384,1,3600.0,413.0,211.0,202.0,356.3,413.0,784.4,467.1,238.7,228.5,356.3,467.1,887.2,0.4686608654391249,71.16212339944391,3.4806397859999993,307.8810372384531,0.9484849319075147,6.769941641309342
40.808434,-8.4375,361.0,2019-06-20 10:00:00,17.2,76,13.0,16.3,0.0,0.0,0.0,0.0,3,1016.7,974.6,88,98,0,0,0.24,0.47,13.1,16.5,291,293,28.4,17.7,16.2,15.3,14.2,0.312,0.283,0.311,0.384,1,3600.0,438.0,193.0,245.0,261.5,438.0,977.6,475.3,209.4,265.9,261.5,475.3,1060.9,1.124938300689714,77.7875415422693,4.636904057999999,314.3810372384531,1.7911251388345584,8.944013015976749
40.808434,-8.4375,361.0,2019-06-20 11:00:00,16.9,81,13.6,16.1,0.2,0.2,0.0,0.0,51,1017.1,974.9,68,75,0,0,0.28,0.37,13.5,17.2,295,296,32.8,18.5,16.3,15.3,14.2,0.311,0.283,0.311,0.384,1,3600.0,541.0,216.0,325.0,253.7,541.0,1127.7,568.8,227.1,341.7,253.7,568.8,1185.7,2.0534846114855334,79.59905798343922,5.5372737779999985,320.8270372384531,2.1551755262580925,10.616463763269742
40.808434,-8.4375,361.0,2019-06-20 12:00:00,16.5,82,13.4,16.3,0.2,0.2,0.0,0.0,51,1017.4,975.2,97,100,11,0,0.33,0.34,12.8,16.5,280,281,32.4,18.6,16.3,15.3,14.2,0.315,0.284,0.312,0.384,1,3600.0,650.0,358.0,292.0,387.3,650.0,1224.5,665.2,366.4,298.8,387.3,665.2,1253.2,36.340576171875,89.86438751220703,188.9296875,613.2734375,8.939984321594238,211.8203125
40.808434,-8.4375,361.0,2019-06-20 13:00:00,17.0,82,13.8,16.2,0.1,0.1,0.0,0.0,51,1017.0,974.8,81,82,12,0,0.26,0.35,13.7,17.3,293,293,31.3,19.0,16.5,15.3,14.2,0.314,0.284,0.312,0.384,1,3600.0,493.0,199.0,294.0,209.0,493.0,1261.2,492.0,198.6,293.4,209.0,492.0,1258.8,19.215949277886487,83.72832240981539,189.787408128,619.7374375,3.5402227175655585,214.98395460639952
40.808434,-8.4375,361.0,2019-06-20 14:00:00,17.6,79,14.0,17.3,0.1,0.1,0.0,0.0,51,1016.9,974.8,93,100,5,0,0.36,0.42,17.1,22.1,295,296,37.4,19.8,16.7,15.3,14.2,0.312,0.283,0.312,0.384,1,3600.0,721.0,456.0,265.0,488.9,721.0,1235.5,701.5,443.6,257.8,488.9,701.5,1202.0,17.823431563978477,81.53557540555497,190.82125371,626.3094375000001,3.192250193917789,216.63441398395784
40.808434,-8.4375,361.0,2019-06-20 15:00:00,16.8,84,14.0,15.6,0.0,0.0,0.0,0.0,3,1017.0,974.8,86,89,9,0,0.24,0.32,17.2,22.6,303,304,38.9,19.7,16.8,15.3,14.2,0.311,0.283,0.312,0.384,1,3600.0,473.0,170.0,303.0,196.0,473.0,1149.0,447.4,160.8,286.6,196.0,447.4,1086.8,15.449459530892655,79.74771960972194,191.575247534,632.7374375,2.6361414381927317,218.07951163866926
40.808434,-8.4375,361.0,2019-06-20 16:00:00,16.6,85,14.1,15.5,0.0,0.0,0.0,0.0,2,1016.7,974.5,62,69,0,0,0.2,0.28,16.3,22.1,305,307,37.1,19.5,17.0,15.3,14.2,0.309,0.283,0.312,0.384,1,3600.0,397.0,176.0,221.0,231.3,397.0,1007.7,362.8,160.9,202.0,231.3,362.8,921.0,13.835894227879303,78.7236277369577,192.274218764,639.1294375000001,2.282103689365879,219.47931577131678
40.808434,-8.4375,361.0,2019-06-20 17:00:00,16.6,83,13.7,15.5,0.0,0.0,0.0,0.0,2,1016.8,974.6,59,66,0,0,0.18,0.32,16.0,21.9,314,316,36.0,19.3,17.1,15.4,14.2,0.308,0.283,0.312,0.384,1,3600.0,346.0,155.0,191.0,250.0,346.0,821.2,301.6,135.1,166.5,250.0,301.6,715.9,13.63219611531434,78.67089248968338,193.066386158,645.5214375000002,2.23709242295712,220.9357963151117
40.808434,-8.4375,361.0,2019-06-20 18:00:00,16.0,85,13.6,14.9,0.0,0.0,0.0,0.0,2,1016.7,974.4,68,76,0,0,0.14,0.27,15.5,20.7,306,309,35.3,18.9,17.2,15.4,14.2,0.307,0.283,0.312,0.384,1,3600.0,289.0,137.0,152.0,301.3,289.0,602.2,233.0,110.5,122.5,301.3,233.0,485.5,12.887091567405182,78.13510578638473,193.741663448,651.8054375000002,2.0809001421066076,222.29600513335572
40.808434,-8.4375,361.0,2019-06-20 19:00:00,14.7,92,13.4,13.8,0.0,0.0,0.0,0.0,3,1017.1,974.6,89,99,0,0,0.07,0.14,14.1,20.4,302,306,32.8,18.2,17.2,15.4,14.2,0.306,0.283,0.312,0.384,1,3600.0,142.0,59.0,83.0,213.7,142.0,365.6,95.3,39.6,55.7,213.7,95.3,245.5,10.851005735610821,76.23391886983711,194.074431672,657.8554375000001,1.6795837963854836,223.39157115828553
40.808434,-8.4375,361.0,2019-06-20 20:00:00,13.8,95,13.1,13.3,0.0,0.0,0.0,0.0,2,1017.6,975.0,77,86,0,0,0.02,0.08,10.5,18.6,308,317,29.5,17.4,17.2,15.4,14.2,0.305,0.283,0.312,0.384,1,188.14,32.0,9.0,23.0,69.9,32.0,127.6,3.0,0.9,2.2,9.8,2.3,12.2,8.488176104082825,74.32912228482388,194.270564842,663.7434375000001,1.2552047166217548,224.3667752172684
40.808434,-8.4375,361.0,2019-06-20 21:00:00,13.3,97,12.8,13.0,0.0,0.0,0.0,0.0,3,1018.3,975.6,89,98,1,0,0.0,0.05,8.0,15.3,324,333,22.3,16.7,17.2,15.4,14.2,0.305,0.284,0.312,0.384,0,0.0,0.0,0.0,0.0,0.0,0.0,0.0,0.0,0.0,0.0,0.0,0.0,0.0,7.061191884736986,72.48980692942328,194.384295754,669.5414375000001,1.0206793122676994,225.26714948718126
40.808434,-8.4375,361.0,2019-06-20 22:00:00,13.0,98,12.8,13.1,0.0,0.0,0.0,0.0,2,1018.4,975.6,76,81,5,0,0.0,0.02,5.4,10.6,318,336,17.6,16.1,17.1,15.4,14.2,0.305,0.284,0.312,0.384,0,0.0,0.0,0.0,0.0,0.0,0.0,0.0,0.0,0.0,0.0,0.0,0.0,0.0,5.89112566505069,70.7373144375957,194.45853676599998,675.2854375000002,0.8411484442763801,226.126097809688
40.808434,-8.4375,361.0,2019-06-20 23:00:00,12.9,100,12.8,13.2,0.0,0.0,0.0,0.0,3,1018.5,975.7,92,100,3,0,0.0,0.0,4.0,9.5,297,323,13.0,15.6,17.0,15.4,14.2,0.305,0.284,0.312,0.384,0,0.0,0.0,0.0,0.0,0.0,0.0,0.0,0.0,0.0,0.0,0.0,0.0,0.0,5.185970665464959,68.88392123203936,194.45853676599998,681.0114375000002,0.7386192636376421,226.92473972719569
40.808434,-8.4375,361.0,2019-06-21 00:00:00,13.1,99,13.0,13.2,0.0,0.0,0.0,0.0,3,1018.9,976.1,96,100,10,0,0.0,0.01,6.4,10.2,308,315,10.8,16.0,17.0,15.4,14.2,0.3,0.282,0.31,0.384,0,0.0,0.0,0.0,0.0,0.0,0.0,0.0,0.0,0.0,0.0,0.0,0.0,0.0,5.558217449708495,67.29435165503966,194.49592053799998,686.7734375000001,0.7916700270387672,227.7461626249547
40.808434,-8.4375,361.0,2019-06-21 01:00:00,13.4,98,13.1,13.5,0.0,0.0,0.0,0.0,3,1018.7,976.0,90,100,0,0,0.0,0.02,6.1,9.4,332,337,14.8,15.7,16.9,15.4,14.2,0.3,0.282,0.31,0.384,0,0.0,0.0,0.0,0.0,0.0,0.0,0.0,0.0,0.0,0.0,0.0,0.0,0.0,5.260282581193227,66.12223686558957,194.57226767799997,692.5894375000001,0.7485311675675191,228.5944008231678
40.808434,-8.4375,361.0,2019-06-21 02:00:00,13.3,98,13.0,13.7,0.0,0.0,0.0,0.0,3,1018.5,975.8,90,100,0,0,0.0,0.03,4.2,7.4,329,346,13.7,15.5,16.8,15.4,14.2,0.3,0.282,0.31,0.384,0,0.0,0.0,0.0,0.0,0.0,0.0,0.0,0.0,0.0,0.0,0.0,0.0,0.0,4.566901254567583,65.00184703228915,194.64808828599996,698.3874375000001,0.6517425848564968,229.43274442141924
40.808434,-8.4375,361.0,2019-06-21 03:00:00,13.2,97,12.8,13.6,0.0,0.0,0.0,0.0,3,1018.2,975.5,86,95,0,0,0.0,0.04,4.0,7.2,360,6,10.4,15.3,16.7,15.4,14.2,0.299,0.282,0.31,0.384,0,0.0,0.0,0.0,0.0,0.0,0.0,0.0,0.0,0.0,0.0,0.0,0.0,0.0,4.389898304956198,64.32897925585507,194.76102939999996,704.1674375000001,0.6275572441111275,230.28768037290493
40.808434,-8.4375,361.0,2019-06-21 04:00:00,12.3,99,12.2,12.3,0.0,0.0,0.0,0.0,1,1017.9,975.0,22,25,0,0,0.0,0.01,4.3,7.5,48,17,10.1,14.9,16.5,15.4,14.2,0.299,0.282,0.31,0.384,0,0.0,0.0,0.0,0.0,0.0,0.0,0.0,0.0,0.0,0.0,0.0,0.0,0.0,4.186141528506481,63.007294827965026,194.79630704399995,709.7854375000002,0.6001740159341784,231.06004519182693
40.808434,-8.4375,361.0,2019-06-21 05:00:00,12.4,100,12.4,13.0,0.0,0.0,0.0,0.0,3,1018.0,975.1,90,100,0,0,0.0,0.0,1.4,4.2,90,329,9.4,14.3,16.4,15.4,14.2,0.299,0.282,0.31,0.384,0,0.0,0.0,0.0,0.0,0.0,0.0,0.0,0.0,0.0,0.0,0.0,0.0,0.0,3.2248640456206723,61.410391867264686,194.79630704399995,715.4214375000001,0.4774709050150173,231.80312610409783
40.808434,-8.4375,361.0,2019-06-21 06:00:00,12.9,97,12.4,13.5,0.0,0.0,0.0,0.0,1,1018.3,975.5,45,50,0,0,0.01,0.05,1.1,1.3,108,326,5.4,14.3,16.2,15.4,14.2,0.299,0.282,0.31,0.384,1,390.54,30.0,10.0,20.0,88.9,30.0,90.2,67.3,22.4,44.9,146.9,40.7,202.3,3.03453180556563,60.79992781335309,194.90687876399994,721.1474375000001,0.4542037530949164,232.62974838170103
40.808434,-8.4375,361.0,2019-06-21 07:00:00,14.4,88,12.5,14.9,0.0,0.0,0.0,0.0,2,1018.7,976.1,71,79,0,0,0.06,0.19,2.2,3.0,90,76,9.0,14.9,16.1,15.4,14.2,0.298,0.282,0.31,0.384,1,3600.0,130.0,54.0,76.0,222.0,130.0,322.2,178.5,74.1,104.3,222.0,178.5,442.3,3.9557911699062323,64.16962648177656,195.39655352399996,727.1434375000001,0.5692455876706768,233.75658399120806
40.808434,-8.4375,361.0,2019-06-21 08:00:00,16.5,79,12.8,17.1,0.0,0.0,0.0,0.0,2,1018.5,976.2,52,58,0,0,0.16,0.39,2.3,3.3,342,6,11.5,16.1,16.1,15.4,14.2,0.297,0.282,0.31,0.384,1,3600.0,295.0,162.0,133.0,383.0,295.0,560.2,355.8,195.4,160.4,383.0,355.8,675.7,4.946673307081744,69.98552297398666,196.36958465999996,733.5174375000001,0.7021191651347082,235.27547278740263
40.808434,-8.4375,361.0,2019-06-21 09:00:00,18.2,70,12.6,18.5,0.0,0.0,0.0,0.0,2,1018.5,976.5,57,63,0,0,0.27,0.63,3.6,4.3,307,318,14.4,17.5,16.1,15.4,14.2,0.296,0.282,0.31,0.384,1,3600.0,462.0,265.0,197.0,447.9,462.0,783.5,522.7,299.8,222.9,447.9,522.7,886.4,6.96895448975802,76.39704086350008,197.89389479999997,740.1974375000001,1.0003675439247914,237.228500240771
40.808434,-8.4375,361.0,2019-06-21 10:00:00,19.7,63,12.4,20.3,0.0,0.0,0.0,0.0,2,1018.2,976.4,76,84,0,0,0.39,0.85,5.3,6.5,298,304,18.0,19.0,16.2,15.4,14.2,0.293,0.282,0.31,0.384,1,3600.0,655.0,470.0,185.0,637.2,655.0,976.9,710.8,510.1,200.8,637.2,710.8,1060.2,10.996798346217039,81.19960299287207,199.91998993599998,747.1474375000001,1.6939660564659,239.57659594545945
40.808434,-8.4375,361.0,2019-06-21 11:00:00,19.8,66,13.3,19.7,0.0,0.0,0.0,0.0,3,1018.4,976.6,90,100,0,0,0.39,0.78,11.9,14.9,275,278,27.4,20.0,16.4,15.4,14.2,0.29,0.281,0.31,0.384,1,3600.0,655.0,378.0,277.0,444.2,655.0,1127.2,688.7,397.5,291.3,444.2,688.7,1185.2,16.784229328230783,82.90938707121364,201.79075813199998,754.1154375000001,2.907325709647122,241.81543440678848
40.808434,-8.4375,361.0,2019-06-21 12:00:00,19.1,74,14.3,19.4,0.1,0.1,0.0,0.0,51,1019.0,977.1,90,100,0,0,0.39,0.58,13.4,17.0,262,264,31.3,20.7,16.7,15.4,14.2,0.289,0.281,0.309,0.384,1,3600.0,703.0,341.0,362.0,369.0,703.0,1224.1,719.6,349.0,370.5,369.0,719.6,1252.9,42.55054473876953,91.85452270507812,194.03125,621.4173583984375,11.372261047363281,216.4296875
40.808434,-8.4375,361.0,2019-06-21 13:00:00,17.9,82,14.8,18.1,0.0,0.0,0.0,0.0,3,1019.1,977.0,86,96,0,0,0.29,0.37,9.4,11.8,288,290,31.0,20.7,16.9,15.5,14.2,0.288,0.28,0.309,0.384,1,3600.0,508.0,223.0,285.0,234.2,508.0,1261.0,507.1,222.6,284.5,234.2,507.1,1258.7,17.36753399452682,84.3013482859104,194.93161972,628.0433583984375,3.0769729776715113,219.52400518786365
40.808434,-8.4375,361.0,2019-06-21 14:00:00,19.4,74,14.7,20.8,0.0,0.0,0.0,0.0,1,1018.4,976.5,48,53,0,0,0.4,0.58,6.0,7.0,303,305,24.1,21.4,17.1,15.5,14.2,0.285,0.28,0.309,0.384,1,3600.0,670.0,304.0,366.0,325.9,670.0,1235.5,651.9,295.8,356.1,325.9,651.9,1202.2,15.353350096928796,84.34882435071425,196.3348275,634.9393583984374,2.6091402368975714,221.46619239466622
40.808434,-8.4375,361.0,2019-06-21 15:00:00,19.9,73,14.9,21.0,0.1,0.1,0.0,0.0,51,1017.9,976.1,81,90,0,0,0.43,0.63,11.9,14.9,299,302,28.1,22.0,17.4,15.5,14.2,0.283,0.28,0.309,0.384,1,3600.0,758.0,563.0,195.0,648.8,758.0,1149.3,717.0,532.6,184.5,648.8,717.0,1087.2,19.270511579036434,84.39631608975732,197.82754572,641.9253583984374,3.535073343699255,223.4776308600568
40.808434,-8.4375,361.0,2019-06-21 16:00:00,18.7,76,14.4,18.1,0.0,0.0,0.0,0.0,0,1017.8,975.9,11,6,0,20,0.29,0.52,14.0,18.1,312,316,32.0,21.7,17.6,15.5,14.2,0.281,0.279,0.309,0.384,1,3600.0,511.0,301.0,210.0,395.4,511.0,1008.2,467.1,275.1,192.0,395.4,467.1,921.6,20.24559270059182,84.10729500398001,199.07858575199998,648.6953583984374,3.779845947640089,225.3005507678098
40.808434,-8.4375,361.0,2019-06-21 17:00:00,18.2,72,13.1,17.2,0.0,0.0,0.0,0.0,1,1017.9,975.9,32,28,0,23,0.3,0.58,14.0,18.6,314,317,32.8,21.5,17.8,15.5,14.2,0.279,0.279,0.309,0.384,1,3600.0,568.0,464.0,104.0,747.7,568.0,821.9,495.3,404.6,90.7,747.7,495.3,716.7,20.35384078325456,84.15470700202583,200.50127521599998,655.3753583984374,3.803926844738642,227.21831569635015
40.808434,-8.4375,361.0,2019-06-21 18:00:00,17.1,73,12.2,16.0,0.0,0.0,0.0,0.0,1,1017.9,975.7,26,27,0,6,0.19,0.52,12.2,16.8,332,337,31.7,20.8,18.0,15.5,14.2,0.278,0.279,0.309,0.384,1,3600.0,354.0,236.0,118.0,518.3,354.0,603.0,285.5,190.3,95.2,518.3,285.5,486.4,19.15743716986726,84.20213465315918,201.79496433999998,661.8573583984373,3.49626388320702,229.02230208009865
40.808434,-8.4375,361.0,2019-06-21 19:00:00,16.5,75,12.0,15.5,0.0,0.0,0.0,0.0,0,1017.5,975.3,1,1,0,0,0.11,0.47,11.1,15.6,347,352,27.0,19.8,18.1,15.5,14.2,0.277,0.279,0.309,0.384,1,3600.0,198.0,126.0,72.0,455.3,198.0,366.5,133.1,84.7,48.4,455.3,133.1,246.4,18.007013764849983,83.97992408180693,202.95333473999997,668.2313583984374,3.2108743254236054,230.72148232400758
40.808434,-8.4375,361.0,2019-06-21 20:00:00,14.9,83,12.0,14.4,0.0,0.0,0.0,0.0,0,1016.9,974.5,4,0,0,15,0.03,0.3,8.0,17.7,352,6,22.7,18.6,18.1,15.5,14.2,0.276,0.279,0.309,0.383,1,2289.19,55.0,29.0,26.0,224.7,55.0,128.5,5.6,2.9,2.6,33.8,4.2,13.0,13.560476168089782,82.28502170779197,203.66941826,674.3173583984374,2.2088251461487944,232.08936146079375
40.808434,-8.4375,361.0,2019-06-21 21:00:00,13.8,87,11.7,13.2,0.0,0.0,0.0,0.0,0,1017.1,974.5,2,0,0,7,0.0,0.2,7.8,17.8,13,14,16.9,17.4,18.0,15.5,14.2,0.276,0.279,0.309,0.383,0,0.0,0.0,0.0,0.0,0.0,0.0,0.0,0.0,0.0,0.0,0.0,0.0,0.0,11.726152515527215,80.8088058983028,204.179364502,680.2053583984374,1.8382501526396455,233.29014924140864
40.808434,-8.4375,361.0,2019-06-21 22:00:00,13.1,90,11.5,12.7,0.0,0.0,0.0,0.0,0,1017.2,974.5,8,0,0,28,0.0,0.15,6.5,15.5,34,22,16.9,16.5,17.9,15.5,14.2,0.276,0.279,0.309,0.383,0,0.0,0.0,0.0,0.0,0.0,0.0,0.0,0.0,0.0,0.0,0.0,0.0,0.0,9.941289921732555,79.52107268368184,204.553202222,685.9673583984373,1.5028445221384295,234.37888191200042
40.808434,-8.4375,361.0,2019-06-21 23:00:00,12.8,91,11.4,12.3,0.0,0.0,0.0,0.0,1,1016.6,973.9,23,0,0,78,0.0,0.14,6.3,12.9,59,36,14.0,15.8,17.8,15.6,14.2,0.276,0.279,0.309,0.383,0,0.0,0.0,0.0,0.0,0.0,0.0,0.0,0.0,0.0,0.0,0.0,0.0,0.0,9.319754763107108,78.82394919790787,204.882547988,691.6753583984373,1.3915451082731285,235.42546824967704
40.808434,-8.4375,361.0,2019-06-22 00:00:00,11.9,92,10.7,11.2,0.0,0.0,0.0,0.0,1,1017.0,974.1,25,0,0,84,0.0,0.11,6.4,9.8,38,354,13.7,16.0,17.6,15.6,14.2,0.272,0.277,0.308,0.383,0,0.0,0.0,0.0,0.0,0.0,0.0,0.0,0.0,0.0,0.0,0.0,0.0,0.0,8.934306524390168,78.20920866474917,205.156344628,697.2213583984374,1.3239245179313808,236.4068107490443
40.808434,-8.4375,361.0,2019-06-22 01:00:00,12.5,89,10.7,12.0,0.0,0.0,0.0,0.0,1,1017.0,974.2,29,0,0,95,0.0,0.16,4.6,7.2,45,360,10.4,15.3,17.4,15.6,14.2,0.272,0.277,0.308,0.383,0,0.0,0.0,0.0,0.0,0.0,0.0,0.0,0.0,0.0,0.0,0.0,0.0,0.0,8.289452840341319,78.25467340755296,205.550190564,702.8753583984374,1.2138799655326276,237.47863527750874
40.808434,-8.4375,361.0,2019-06-22 02:00:00,11.9,92,10.7,11.6,0.0,0.0,0.0,0.0,1,1016.4,973.5,32,0,3,99,0.0,0.11,3.6,5.9,84,43,6.8,14.8,17.2,15.6,14.2,0.272,0.277,0.308,0.383,0,0.0,0.0,0.0,0.0,0.0,0.0,0.0,0.0,0.0,0.0,0.0,0.0,0.0,7.811933503386385,78.0533759600553,205.823987204,708.4213583984374,1.134535226714142,238.4502615984249
40.808434,-8.4375,361.0,2019-06-22 03:00:00,12.7,92,11.4,12.7,0.0,0.0,0.0,0.0,2,1015.6,972.9,76,0,77,100,0.0,0.12,3.1,4.7,111,99,7.6,14.7,17.0,15.6,14.2,0.272,0.277,0.308,0.383,0,0.0,0.0,0.0,0.0,0.0,0.0,0.0,0.0,0.0,0.0,0.0,0.0,0.0,7.648799544162414,78.06690128573003,206.114632868,714.1113583984375,1.1075730856896806,239.44858797324315
40.808434,-8.4375,361.0,2019-06-22 04:00:00,12.6,93,11.6,12.7,0.0,0.0,0.0,0.0,1,1015.4,972.7,48,0,31,98,0.0,0.1,3.2,5.4,153,176,6.8,14.5,16.9,15.6,14.2,0.272,0.277,0.308,0.383,0,0.0,0.0,0.0,0.0,0.0,0.0,0.0,0.0,0.0,0.0,0.0,0.0,0.0,7.490542596891118,77.72005806857743,206.367104962,719.7833583984375,1.0816557310494377,240.41348732601716
40.808434,-8.4375,361.0,2019-06-22 05:00:00,11.6,98,11.3,11.1,0.0,0.0,0.0,0.0,2,1015.6,972.7,71,17,47,93,0.0,0.03,5.9,6.9,223,223,9.7,14.2,16.7,15.6,14.2,0.272,0.277,0.308,0.383,0,0.0,0.0,0.0,0.0,0.0,0.0,0.0,0.0,0.0,0.0,0.0,0.0,0.0,7.29641238163634,75.32588503961712,206.43397452600001,725.2753583984374,1.0503322277651785,241.22162678728355
40.808434,-8.4375,361.0,2019-06-22 06:00:00,13.0,95,12.2,13.3,0.0,0.0,0.0,0.0,2,1015.4,972.7,58,6,44,88,0.01,0.08,3.1,2.7,36,23,9.0,14.5,16.5,15.6,14.2,0.272,0.277,0.308,0.383,1,0.0,26.0,6.0,20.0,53.5,26.0,89.7,58.4,13.5,44.9,88.5,35.2,201.4,6.423106077823998,75.37039785213021,206.61957705600003,731.0193583984375,0.9144789385638072,242.13970574005472
40.808434,-8.4375,361.0,2019-06-22 07:00:00,14.8,86,12.6,15.3,0.0,0.0,0.0,0.0,1,1015.4,973.0,39,2,16,93,0.06,0.23,2.5,2.2,98,90,9.7,15.1,16.4,15.6,14.2,0.272,0.277,0.308,0.383,1,3600.0,130.0,46.0,84.0,189.6,130.0,321.2,178.6,63.2,115.4,189.6,178.6,441.4,6.73091753045132,76.62023981216336,207.20560717200001,737.0873583984375,0.9610707983304957,243.3725856990654
40.808434,-8.4375,361.0,2019-06-22 08:00:00,16.4,80,12.9,16.6,0.0,0.0,0.0,0.0,0,1015.4,973.2,2,1,1,0,0.17,0.38,5.6,6.3,255,257,16.2,16.3,16.3,15.6,14.2,0.271,0.277,0.308,0.383,1,3600.0,331.0,217.0,114.0,513.8,331.0,559.3,399.3,261.8,137.5,513.8,399.3,674.7,9.059046290473608,78.80581694322096,208.12703817200003,743.4433583984375,1.3410705223419088,244.87331051552178
40.808434,-8.4375,361.0,2019-06-22 09:00:00,17.5,75,13.0,17.8,0.0,0.0,0.0,0.0,0,1015.4,973.4,4,2,0,9,0.3,0.5,4.8,5.2,257,258,18.0,17.7,16.4,15.6,14.2,0.27,0.277,0.308,0.383,1,3600.0,542.0,445.0,97.0,753.0,542.0,782.6,613.3,503.5,109.8,753.0,613.3,885.6,10.37971886320475,80.7794271552383,209.35122507200003,749.9973583984374,1.5751842937252993,246.60891545794186
40.808434,-8.4375,361.0,2019-06-22 10:00:00,18.8,72,13.6,20.0,0.0,0.0,0.0,0.0,1,1015.3,973.5,29,1,0,95,0.4,0.62,6.2,7.2,263,264,20.2,19.2,16.5,15.6,14.2,0.268,0.277,0.308,0.383,1,3600.0,696.0,589.0,107.0,799.1,696.0,976.1,755.4,639.3,116.1,799.1,755.4,1059.5,12.718367752792064,82.30744896248169,210.81814322400004,756.7853583984374,2.022883645062564,248.5438025922681
40.808434,-8.4375,361.0,2019-06-22 11:00:00,20.3,68,14.3,23.0,0.0,0.0,0.0,0.0,1,1014.8,973.2,29,0,0,97,0.51,0.76,4.1,4.9,225,216,20.2,20.7,16.7,15.6,14.2,0.265,0.276,0.308,0.383,1,3600.0,835.0,710.0,125.0,834.6,835.0,1126.5,878.1,746.6,131.5,834.6,878.1,1184.7,13.267599253969244,83.55332541795607,212.62098879200005,763.8433583984374,2.132782024445873,250.74826757382965
40.808434,-8.4375,361.0,2019-06-22 12:00:00,21.0,54,11.4,21.9,0.0,0.0,0.0,0.0,1,1014.6,973.1,29,0,0,98,0.54,1.13,9.5,11.6,217,216,23.8,21.7,16.7,15.6,14.2,0.263,0.276,0.308,0.383,1,3600.0,876.0,642.0,234.0,694.8,876.0,1223.6,896.7,657.2,239.5,694.8,896.7,1252.6,48.661861419677734,95.376953125,200.734375,630.1644897460938,13.992183685302734,221.9296875
40.808434,-8.4375,361.0,2019-06-22 13:00:00,21.5,52,11.3,22.6,0.0,0.0,0.0,0.0,1,1014.4,973.0,30,0,0,99,0.56,1.23,9.4,12.0,227,224,25.6,22.5,17.0,15.6,14.2,0.26,0.276,0.308,0.383,1,3600.0,894.0,633.0,261.0,664.8,894.0,1260.8,892.4,631.9,260.5,664.8,892.4,1258.6,31.506517653546116,90.2480363004897,203.590284568,637.4384897460938,7.133666380323831,226.40383098883342
40.808434,-8.4375,361.0,2019-06-22 14:00:00,21.7,52,11.3,22.3,0.0,0.0,0.0,0.0,1,1014.2,972.8,27,0,1,89,0.54,1.26,10.8,13.5,240,236,27.0,23.0,17.4,15.6,14.2,0.256,0.275,0.308,0.383,1,3600.0,859.0,602.0,257.0,645.2,859.0,1235.6,835.9,585.8,250.1,645.2,835.9,1202.3,29.79779022401668,89.16819359746039,206.471467672,644.7484897460937,6.557138708393546,229.33767365788046
40.808434,-8.4375,361.0,2019-06-22 15:00:00,21.3,51,10.8,21.9,0.0,0.0,0.0,0.0,2,1013.8,972.4,57,0,54,83,0.5,1.24,8.2,10.1,241,235,28.4,23.2,17.7,15.6,14.2,0.253,0.274,0.308,0.383,1,3600.0,806.0,600.0,206.0,691.2,806.0,1149.6,762.5,567.6,194.9,691.2,762.5,1087.6,26.917506379421926,89.03327604675412,209.361075288,651.9864897460936,5.641625807641785,232.2645046004131
40.808434,-8.4375,361.0,2019-06-22 16:00:00,20.1,52,10.0,18.8,0.0,0.0,0.0,0.0,2,1013.7,972.1,59,0,57,82,0.3,1.13,9.2,11.9,249,245,23.0,22.5,18.0,15.6,14.2,0.251,0.274,0.308,0.383,1,3600.0,436.0,245.0,191.0,321.6,436.0,1008.7,398.6,224.0,174.6,321.6,398.6,922.2,27.039843841503725,88.71945279612177,212.040070104,659.0084897460937,5.671816311796122,235.02680701460835
40.808434,-8.4375,361.0,2019-06-22 17:00:00,19.7,53,9.7,18.2,0.0,0.0,0.0,0.0,2,1013.5,971.9,57,0,63,63,0.29,1.09,9.6,12.1,250,247,22.7,22.1,18.2,15.6,14.2,0.249,0.274,0.308,0.383,1,3600.0,440.0,235.0,205.0,378.3,440.0,822.5,383.8,205.0,178.8,378.3,383.8,717.4,26.75521760647241,88.46390287599391,214.61375852,665.9584897460937,5.578871065316887,237.71259882070277
40.808434,-8.4375,361.0,2019-06-22 18:00:00,18.4,57,9.7,17.1,0.0,0.0,0.0,0.0,2,1013.9,972.1,62,0,56,96,0.18,0.92,8.6,11.7,255,252,22.7,21.2,18.3,15.6,14.2,0.248,0.273,0.308,0.383,1,3600.0,258.0,111.0,147.0,243.4,258.0,603.8,208.2,89.6,118.6,243.4,208.2,487.2,24.04356152448613,87.73597071436483,216.82124393,672.6744897460937,4.779127420171942,240.136339502328
40.808434,-8.4375,361.0,2019-06-22 19:00:00,17.3,62,9.9,16.8,0.0,0.0,0.0,0.0,1,1013.9,971.9,44,0,25,96,0.08,0.75,3.6,5.1,276,262,19.4,20.1,18.4,15.7,14.2,0.248,0.273,0.308,0.383,1,1877.07,122.0,34.0,88.0,122.6,122.0,367.3,82.1,22.9,59.2,122.6,82.1,247.2,18.33354591917996,86.85024524774802,218.661999802,679.1924897460938,3.273839698391888,242.30353181880977
40.808434,-8.4375,361.0,2019-06-22 20:00:00,15.8,75,11.5,15.9,0.1,0.1,0.0,0.0,51,1013.7,971.5,56,0,44,99,0.02,0.44,2.5,6.0,278,253,9.4,19.1,18.4,15.7,14.2,0.248,0.273,0.308,0.383,1,0.0,32.0,4.0,28.0,30.9,32.0,129.3,3.4,0.4,3.0,4.9,2.6,13.8,14.075673535153815,84.73777838531731,219.774298652,685.4404897460938,2.30584345086417,243.97943447954017
40.808434,-8.4375,361.0,2019-06-22 21:00:00,15.3,81,12.0,15.5,0.0,0.0,0.0,0.0,2,1013.9,971.6,66,0,62,96,0.0,0.33,2.6,4.2,124,160,22.7,18.2,18.4,15.7,14.2,0.248,0.273,0.308,0.383,0,0.0,0.0,0.0,0.0,0.0,0.0,0.0,0.0,0.0,0.0,0.0,0.0,0.0,11.853258204431695,83.05585966740507,220.594635508,691.5984897460938,1.8539646392884315,245.4585279803078
40.808434,-8.4375,361.0,2019-06-22 22:00:00,15.3,72,10.3,14.6,0.1,0.1,0.0,0.0,51,1013.8,971.5,79,0,82,100,0.01,0.49,5.7,11.6,125,154,25.2,17.5,18.3,15.7,14.2,0.249,0.273,0.308,0.383,0,0.0,0.0,0.0,0.0,0.0,0.0,0.0,0.0,0.0,0.0,0.0,0.0,0.0,13.487837389741538,83.10292453371136,221.80355298,697.7564897460938,2.1805519575837486,247.17583345633187
40.808434,-8.4375,361.0,2019-06-22 23:00:00,14.9,70,9.5,13.4,0.2,0.2,0.0,0.0,51,1014.0,971.7,88,0,96,100,0.02,0.51,10.0,18.4,142,154,20.9,16.9,18.2,15.7,14.2,0.251,0.273,0.308,0.383,0,0.0,0.0,0.0,0.0,0.0,0.0,0.0,0.0,0.0,0.0,0.0,0.0,0.0,16.014062855461475,83.15000493849952,223.06722978000002,703.8424897460939,2.7245761011954195,248.91459310001292
40.808434,-8.4375,361.0,2019-06-23 00:00:00,14.8,82,11.8,14.0,1.0,1.0,0.0,0.0,55,1013.5,971.2,100,74,100,100,0.01,0.3,9.7,20.2,135,158,29.2,15.8,17.9,15.7,14.2,0.279,0.271,0.305,0.383,0,0.0,0.0,0.0,0.0,0.0,0.0,0.0,0.0,0.0,0.0,0.0,0.0,0.0,7.539661335104024,71.85461688100918,223.82069707200003,709.9104897460938,1.0857804608939445,250.33066225220864
40.808434,-8.4375,361.0,2019-06-23 01:00:00,15.3,87,13.1,14.8,2.3,2.3,0.0,0.0,61,1013.0,970.8,100,100,100,100,0.0,0.23,10.0,20.7,142,157,36.7,15.6,17.7,15.7,14.2,0.309,0.271,0.305,0.383,0,0.0,0.0,0.0,0.0,0.0,0.0,0.0,0.0,0.0,0.0,0.0,0.0,0.0,0.7403414982248523,48.03352114858054,101.9384043564563,695.6834634653678,0.2110835067286063,149.2154932930241
40.808434,-8.4375,361.0,2019-06-23 02:00:00,15.6,89,13.8,15.4,0.9,0.9,0.0,0.0,53,1012.5,970.3,100,100,100,100,0.0,0.19,9.5,19.7,143,159,21.2,15.6,17.5,15.7,14.2,0.32,0.271,0.305,0.383,0,0.0,0.0,0.0,0.0,0.0,0.0,0.0,0.0,0.0,0.0,0.0,0.0,0.0,0.0519813367780226,34.62725851106384,65.56158017783657,674.3147898445679,0.01798631593017721,105.48354751468544
40.808434,-8.4375,361.0,2019-06-23 03:00:00,15.8,91,14.2,15.8,0.7,0.7,0.0,0.0,53,1011.9,969.8,100,100,90,82,0.0,0.17,9.7,19.8,141,153,20.9,15.7,17.4,15.7,14.2,0.328,0.272,0.305,0.383,0,0.0,0.0,0.0,0.0,0.0,0.0,0.0,0.0,0.0,0.0,0.0,0.0,0.0,0.004033717733523298,26.175472310386468,42.25833084234218,648.6313082528604,0.0018280483015112416,72.67905954968407
40.808434,-8.4375,361.0,2019-06-23 04:00:00,15.8,91,14.4,16.0,0.5,0.5,0.0,0.0,53,1011.9,969.8,100,100,75,72,0.0,0.15,9.1,19.0,146,161,20.5,15.8,17.3,15.7,14.2,0.333,0.272,0.305,0.383,0,0.0,0.0,0.0,0.0,0.0,0.0,0.0,0.0,0.0,0.0,0.0,0.0,0.0,0.0007963418886276185,22.311100354995297,26.604404900160965,621.0437078488277,0.0004867666284389611,48.06162413348834
40.808434,-8.4375,361.0,2019-06-23 05:00:00,15.9,92,14.6,16.2,0.3,0.3,0.0,0.0,51,1011.9,969.8,100,100,55,75,0.0,0.15,8.6,18.9,147,162,20.2,15.8,17.1,15.7,14.2,0.336,0.273,0.305,0.383,0,0.0,0.0,0.0,0.0,0.0,0.0,0.0,0.0,0.0,0.0,0.0,0.0,0.0,0.00018339685158751343,19.33323272072071,16.030958727418728,593.5087332742298,0.00015520257860026442,30.033845614923827
40.808434,-8.4375,361.0,2019-06-23 06:00:00,16.2,91,14.8,16.2,0.8,0.8,0.0,0.0,53,1012.1,970.0,100,100,72,84,0.02,0.16,10.5,20.9,149,161,22.0,15.9,17.0,15.8,14.2,0.345,0.273,0.305,0.383,1,0.0,7.0,0.0,7.0,0.0,7.0,89.3,15.7,0.0,15.7,0.0,9.5,200.4,0.00020080300341851663,20.201110880396378,9.192616347085702,562.899520208006,0.00023934882375116682,17.664060762537776
40.808434,-8.4375,361.0,2019-06-23 07:00:00,16.6,92,15.2,16.7,0.3,0.3,0.0,0.0,51,1012.1,970.1,100,100,36,86,0.04,0.16,11.4,21.9,152,160,24.5,16.1,16.9,15.8,14.2,0.346,0.274,0.305,0.383,1,0.0,27.0,0.0,27.0,0.0,27.0,320.2,37.1,0.0,37.1,0.0,37.1,440.4,0.00010755299055087173,19.35891453791426,4.9995237677743845,533.1361907187145,0.000180539806430552,9.770000297942932
40.808434,-8.4375,361.0,2019-06-23 08:00:00,16.9,94,15.9,17.2,3.7,3.7,0.0,0.0,63,1012.7,970.7,100,100,98,94,0.06,0.12,11.9,20.0,194,188,33.8,16.5,16.9,15.8,14.2,0.395,0.275,0.305,0.383,1,0.0,80.0,3.0,77.0,7.1,80.0,558.3,96.5,3.6,92.9,7.1,96.5,673.7,9.266958130287077e-06,14.45337805791816,2.260655119254054,485.3777722479592,2.2591767194755757e-05,4.46927097707436
40.808434,-8.4375,361.0,2019-06-23 09:00:00,16.5,95,15.7,16.7,2.5,2.5,0.0,0.0,63,1013.2,971.1,100,100,57,77,0.04,0.09,12.0,19.7,196,195,28.4,16.6,16.8,15.8,14.2,0.41,0.282,0.305,0.383,1,0.0,52.0,0.0,52.0,0.0,52.0,781.7,58.9,0.0,58.9,0.0,58.9,884.7,1.3282021977962492e-06,11.257457589824595,0.7004714153588576,431.29839296397705,4.710596084907185e-06,1.3952776570745153
40.808434,-8.4375,361.0,2019-06-23 10:00:00,17.4,89,15.6,17.0,0.4,0.4,0.0,0.0,51,1013.2,971.3,100,100,41,83,0.12,0.22,16.5,23.1,190,191,33.8,17.1,16.8,15.8,14.2,0.399,0.287,0.305,0.383,1,0.0,193.0,4.0,189.0,5.4,193.0,975.3,209.5,4.3,205.2,5.4,209.5,1058.7,0.0001977088858906277,22.45251261429318,0.5357463100000001,382.86188572955376,0.0007432390193556659,1.067757284579376
40.808434,-8.4375,361.0,2019-06-23 11:00:00,17.6,90,15.9,17.3,0.3,0.3,0.0,0.0,51,1013.3,971.4,100,100,44,91,0.08,0.2,16.1,22.9,204,204,33.8,17.2,16.8,15.8,14.2,0.393,0.29,0.305,0.383,1,0.0,109.0,0.0,109.0,0.0,109.0,1125.9,114.6,0.0,114.6,0.0,114.6,1184.1,0.0001780975181317028,22.262402787470663,0.49230742000000005,339.23486681792843,0.0006806998535737996,0.9810554999284957
40.808434,-8.4375,361.0,2019-06-23 12:00:00,17.4,98,17.1,18.4,0.4,0.4,0.0,0.0,51,1013.9,971.9,100,100,92,89,0.07,0.03,10.3,13.2,245,244,32.4,17.8,16.7,15.8,14.2,0.402,0.3,0.307,0.383,1,0.0,115.0,0.0,115.0,0.0,115.0,1223.2,117.7,0.0,117.7,0.0,117.7,1252.2,36.18359375,90.5789794921875,204.2265625,638.2728881835938,8.808837890625,225.328125
40.808434,-8.4375,361.0,2019-06-23 13:00:00,17.6,94,16.7,19.0,0.4,0.4,0.0,0.0,51,1013.7,971.8,100,97,98,15,0.14,0.12,6.7,8.6,254,255,22.7,18.2,16.8,15.8,14.2,0.396,0.303,0.307,0.383,1,0.0,221.0,0.0,221.0,0.0,221.0,1260.6,220.6,0.0,220.6,0.0,220.6,1258.5,0.003911413635087969,25.63651900155737,72.3394623990638,549.450718734928,0.0013254166951241924,108.85116702343608
40.808434,-8.4375,361.0,2019-06-23 14:00:00,17.8,91,16.4,19.2,0.2,0.2,0.0,0.0,51,1013.7,971.8,100,99,100,51,0.16,0.18,5.9,7.0,259,258,18.0,18.6,16.9,15.8,14.2,0.39,0.306,0.307,0.382,1,0.0,256.0,28.0,228.0,30.0,256.0,1235.6,249.1,27.2,221.9,30.0,249.1,1202.4,6.362687864975365e-05,16.020463381091325,34.22460411820585,476.87219859392184,3.397679228905321e-05,58.03621637146134
40.808434,-8.4375,361.0,2019-06-23 15:00:00,18.4,86,16.0,19.8,0.2,0.2,0.0,0.0,51,1013.4,971.6,90,54,36,66,0.21,0.3,5.2,6.4,236,232,17.3,19.1,17.0,15.8,14.2,0.386,0.308,0.307,0.382,1,583.76,331.0,69.0,262.0,79.5,331.0,1149.8,313.2,65.3,247.9,79.5,313.2,1087.9,0.00020734567752324153,20.274014437173527,14.6871263701058,415.5947812116293,0.00018843528566295917,26.98971069587217
40.808434,-8.4375,361.0,2019-06-23 16:00:00,18.8,81,15.6,19.7,0.0,0.0,0.0,0.0,2,1013.2,971.5,74,31,44,67,0.26,0.4,7.3,8.6,250,248,19.8,19.6,17.1,15.8,14.2,0.38,0.309,0.307,0.382,1,3600.0,430.0,246.0,184.0,322.8,430.0,1009.1,393.2,224.9,168.2,322.8,393.2,922.7,0.0019699276898340282,27.814859708990333,7.510922854617907,363.37076796076786,0.0026690147335125592,14.283729180536096
40.808434,-8.4375,361.0,2019-06-23 17:00:00,18.3,77,14.1,18.6,0.0,0.0,0.0,0.0,1,1013.3,971.5,35,13,31,16,0.22,0.49,7.3,8.8,261,261,19.8,19.7,17.3,15.8,14.2,0.375,0.31,0.307,0.382,1,3600.0,365.0,192.0,173.0,308.9,365.0,823.1,318.4,167.5,150.9,308.9,318.4,718.0,0.004237148952365669,31.643938451595435,4.318493115684195,317.82907792793753,0.0077232561780420286,8.353237807524927
40.808434,-8.4375,361.0,2019-06-23 18:00:00,17.7,73,12.9,17.8,0.0,0.0,0.0,0.0,1,1013.3,971.4,40,1,63,3,0.18,0.54,6.2,7.6,263,262,19.1,19.5,17.4,15.8,14.2,0.371,0.311,0.307,0.382,1,3600.0,313.0,209.0,104.0,457.8,313.0,604.4,252.6,168.7,83.9,457.8,252.6,487.8,0.005140501768032507,33.403264264047976,2.8676209185091452,277.48441048002593,0.011374541482081297,5.5907986665037335
40.808434,-8.4375,361.0,2019-06-23 19:00:00,16.5,76,12.3,16.4,0.0,0.0,0.0,0.0,2,1013.4,971.3,62,0,55,95,0.08,0.45,5.4,6.9,278,276,16.2,18.8,17.5,15.8,14.2,0.367,0.311,0.307,0.382,1,2949.16,129.0,44.0,85.0,158.3,129.0,368.0,86.9,29.6,57.3,158.3,86.9,247.9,0.001586700250636036,29.70372989773137,1.8885991859976228,241.19532506350234,0.00416905514898244,3.704677776587717
40.808434,-8.4375,361.0,2019-06-23 20:00:00,14.4,89,12.6,14.8,0.0,0.0,0.0,0.0,3,1013.5,971.1,89,0,99,99,0.02,0.18,3.3,6.2,319,324,12.6,17.8,17.5,15.8,14.2,0.365,0.312,0.307,0.382,1,330.18,34.0,10.0,24.0,77.1,34.0,130.0,3.8,1.1,2.7,12.8,2.9,14.4,5.842162754072319e-06,15.204296145570558,0.70865065639734,208.0533661909918,2.068475236152552e-05,1.4053345364341896
40.808434,-8.4375,361.0,2019-06-23 21:00:00,14.5,89,12.6,14.7,0.0,0.0,0.0,0.0,3,1014.0,971.6,88,1,95,99,0.0,0.19,4.0,7.6,360,352,9.0,17.1,17.5,15.8,14.2,0.363,0.313,0.307,0.382,0,0.0,0.0,0.0,0.0,0.0,0.0,0.0,0.0,0.0,0.0,0.0,0.0,0.0,3.0727068139264506e-06,13.942983385709965,0.451764456,178.1562875457843,1.1938708163033024e-05,0.8978371271783153
40.808434,-8.4375,361.0,2019-06-23 22:00:00,14.2,91,12.7,14.5,0.0,0.0,0.0,0.0,3,1014.6,972.1,90,0,100,100,0.0,0.15,4.1,8.3,15,358,7.9,16.5,17.4,15.8,14.2,0.361,0.313,0.307,0.382,0,0.0,0.0,0.0,0.0,0.0,0.0,0.0,0.0,0.0,0.0,0.0,0.0,0.0,1.0357460879747197e-06,11.796500031093638,0.36251728199999994,150.68642887827622,4.175918042027157e-06,0.7206999634353213
40.808434,-8.4375,361.0,2019-06-23 23:00:00,13.9,93,12.8,14.2,0.0,0.0,0.0,0.0,1,1014.1,971.6,46,0,29,96,0.0,0.11,3.8,6.9,49,28,7.6,16.1,17.3,15.8,14.2,0.359,0.314,0.307,0.382,0,0.0,0.0,0.0,0.0,0.0,0.0,0.0,0.0,0.0,0.0,0.0,0.0,0.0,2.412602218569912e-07,9.170373742326593,0.2764293,125.51706790777456,1.0112123089168961e-06,0.549831332614651
40.808434,-8.4375,361.0,2019-06-24 00:00:00,14.6,91,13.1,15.0,0.0,0.0,0.0,0.0,3,1014.3,971.9,84,0,91,98,0.0,0.15,4.7,7.8,32,13,7.6,17.0,17.1,15.8,14.2,0.361,0.318,0.308,0.382,0,0.0,0.0,0.0,0.0,0.0,0.0,0.0,0.0,0.0,0.0,0.0,0.0,0.0,9.811641487548512e-07,11.62458897644286,0.371994858,102.71715274051584,3.941651095537798e-06,0.7373141736487451
40.808434,-8.4375,361.0,2019-06-24 01:00:00,14.6,92,13.3,15.2,0.0,0.0,0.0,0.0,3,1014.2,971.8,87,0,96,97,0.0,0.14,3.4,5.2,58,12,9.0,16.5,17.0,15.8,14.2,0.36,0.319,0.308,0.382,0,0.0,0.0,0.0,0.0,0.0,0.0,0.0,0.0,0.0,0.0,0.0,0.0,0.0,4.5790382954539314e-07,10.332240024421179,0.33066209599999996,83.43925843023509,1.8732363696488226e-06,0.6548365496681912
40.808434,-8.4375,361.0,2019-06-24 02:00:00,14.7,93,13.6,15.7,0.0,0.0,0.0,0.0,3,1013.8,971.4,81,0,90,91,0.0,0.12,1.3,2.1,56,329,6.1,16.1,17.0,15.8,14.2,0.358,0.319,0.308,0.382,0,0.0,0.0,0.0,0.0,0.0,0.0,0.0,0.0,0.0,0.0,0.0,0.0,0.0,1.0384107764584098e-07,7.905761829252508,0.29117219599999994,69.71715149975408,4.325223718269011e-07,0.576326850013478
40.808434,-8.4375,361.0,2019-06-24 03:00:00,14.9,89,13.0,15.4,0.0,0.0,0.0,0.0,1,1014.0,971.7,46,0,27,98,0.0,0.19,3.1,5.4,216,278,6.5,15.8,16.9,15.8,14.3,0.357,0.32,0.308,0.382,0,0.0,0.0,0.0,0.0,0.0,0.0,0.0,0.0,0.0,0.0,0.0,0.0,0.0,1.7849053015491606e-06,12.906321789899541,0.46334816,58.354383671731156,6.920053907510855e-06,0.9086588824184173
40.808434,-8.4375,361.0,2019-06-24 04:00:00,13.7,92,12.5,14.2,0.0,0.0,0.0,0.0,2,1013.5,971.0,67,1,60,100,0.0,0.12,2.6,3.2,74,360,5.4,15.3,16.7,15.8,14.3,0.356,0.32,0.308,0.382,0,0.0,0.0,0.0,0.0,0.0,0.0,0.0,0.0,0.0,0.0,0.0,0.0,0.0,5.021593178990086e-07,10.597853880083619,0.311706944,48.524466889796706,2.073625590748744e-06,0.6135605553451595
40.808434,-8.4375,361.0,2019-06-24 05:00:00,13.6,94,12.6,13.9,0.3,0.3,0.0,0.0,51,1014.2,971.7,62,1,60,83,0.0,0.1,3.6,3.9,180,236,7.6,15.1,16.6,15.8,14.3,0.357,0.32,0.308,0.382,0,0.0,0.0,0.0,0.0,0.0,0.0,0.0,0.0,0.0,0.0,0.0,0.0,0.0,1.953709739302383e-07,8.853271830820972,0.232200612,39.40566897006119,8.375589488632546e-07,0.4576592525209993
40.808434,-8.4375,361.0,2019-06-24 06:00:00,14.3,90,12.8,14.7,0.6,0.6,0.0,0.0,53,1014.0,971.6,77,0,92,73,0.02,0.16,3.6,4.5,90,61,16.2,15.0,16.5,15.8,14.3,0.361,0.321,0.308,0.382,1,0.0,12.0,2.0,10.0,17.9,12.0,88.7,27.0,4.5,22.5,29.8,16.2,199.3,1.5071405640692654e-06,12.564415611389764,0.40542964,30.223075845072913,5.993978122346632e-06,0.784548329037018
40.808434,-8.4375,361.0,2019-06-24 07:00:00,15.2,88,13.2,15.7,0.4,0.4,0.0,0.0,51,1014.5,972.2,70,0,90,53,0.04,0.22,4.1,4.6,135,129,19.8,15.3,16.4,15.8,14.3,0.364,0.321,0.308,0.382,1,0.0,57.0,14.0,43.0,58.1,57.0,319.2,78.5,19.3,59.2,58.1,78.5,439.3,8.773928213685971e-06,16.200165592136635,0.514948296,22.22002771629708,3.358386736335748e-05,0.9734948280944178
40.808434,-8.4375,361.0,2019-06-24 08:00:00,15.5,88,13.5,15.9,0.4,0.4,0.0,0.0,51,1014.9,972.6,83,0,97,84,0.07,0.22,4.9,6.8,197,183,21.6,15.7,16.3,15.8,14.3,0.367,0.322,0.308,0.382,1,980.01,111.0,39.0,72.0,92.7,111.0,557.2,134.0,47.1,86.9,92.7,134.0,672.7,1.7122616664017992e-05,17.674201925591444,0.524425872,14.379537909211386,6.569746290347258e-05,0.9612125046338645
40.808434,-8.4375,361.0,2019-06-24 09:00:00,15.3,91,13.8,15.6,1.0,1.0,0.0,0.0,55,1015.1,972.8,68,1,75,72,0.07,0.16,6.3,8.7,193,185,21.6,15.8,16.3,15.8,14.3,0.377,0.323,0.308,0.382,1,0.0,105.0,10.0,95.0,17.0,105.0,780.7,118.9,11.3,107.5,17.0,118.9,883.7,1.356461181928421e-05,17.074657760882403,0.38858061600000005,11.213582512851001,5.4755245326844905e-05,0.7152020719040911
40.808434,-8.4375,361.0,2019-06-24 10:00:00,16.3,83,13.4,16.3,0.5,0.5,0.0,0.0,53,1015.0,972.8,95,16,93,81,0.16,0.32,8.0,10.2,175,170,27.0,16.5,16.3,15.8,14.3,0.379,0.324,0.308,0.382,1,2846.67,276.0,114.0,162.0,154.9,276.0,974.4,299.7,123.8,175.9,154.9,299.7,1058.0,0.0009669408824872487,28.58761614419952,0.7787408280000001,11.597623516246465,0.0034655202931783914,1.333612790301751
40.808434,-8.4375,361.0,2019-06-24 11:00:00,16.4,81,13.2,16.1,0.3,0.3,0.0,0.0,51,1015.4,973.2,83,39,64,32,0.17,0.35,9.4,11.9,178,175,27.4,16.9,16.3,15.8,14.3,0.378,0.325,0.308,0.382,1,0.0,278.0,16.0,262.0,18.8,278.0,1125.2,292.4,16.8,275.6,18.8,292.4,1183.5,0.005735742376652299,35.1177766548037,0.8753594499999999,12.159726809969342,0.020045402800658182,1.4836965038768164
40.808434,-8.4375,361.0,2019-06-24 12:00:00,17.3,68,11.4,16.4,0.1,0.1,0.0,0.0,51,1015.6,973.6,68,7,53,98,0.33,0.63,10.5,14.3,158,155,25.6,19.0,16.3,15.8,14.3,0.368,0.325,0.307,0.382,1,3600.0,581.0,327.0,254.0,354.1,581.0,1222.7,594.9,334.8,260.1,354.1,594.9,1251.9,23.146484375,87.609375,208.03125,646.2136840820312,4.56787109375,229.078125
40.808434,-8.4375,361.0,2019-06-24 13:00:00,18.7,65,12.0,17.9,0.0,0.0,0.0,0.0,2,1015.2,973.4,67,20,31,100,0.32,0.75,9.8,12.4,188,188,24.8,19.4,16.5,15.8,14.3,0.364,0.325,0.307,0.382,1,2013.12,514.0,121.0,393.0,127.1,514.0,1260.3,513.2,120.8,392.4,127.1,513.2,1258.3,4.983087478508485,63.69780812826484,95.72554892566576,630.0648018352181,0.8176896041815767,138.75035311495031
40.808434,-8.4375,361.0,2019-06-24 14:00:00,18.8,66,12.2,17.6,0.0,0.0,0.0,0.0,3,1015.5,973.7,100,78,48,100,0.28,0.75,13.0,17.0,183,184,28.8,19.4,16.7,15.8,14.3,0.36,0.325,0.307,0.382,1,1382.5,438.0,99.0,339.0,106.1,438.0,1235.5,426.3,96.4,329.9,106.1,426.3,1202.5,4.339880716753761,61.134427536568296,66.68364367841514,617.8158287908209,0.8434573270246161,105.02715360888102
40.808434,-8.4375,361.0,2019-06-24 15:00:00,18.1,67,11.9,16.8,0.0,0.0,0.0,0.0,2,1015.6,973.7,69,17,45,88,0.2,0.69,13.0,17.1,174,173,28.8,19.1,16.8,15.8,14.3,0.358,0.325,0.307,0.382,1,0.0,273.0,9.0,264.0,10.4,273.0,1149.9,258.3,8.5,249.8,10.4,258.3,1088.1,3.305749433098725,60.01915364577593,49.61963011933706,607.4666742510816,0.789066408609793,82.41045173594296
40.808434,-8.4375,361.0,2019-06-24 16:00:00,18.2,68,12.2,17.3,0.0,0.0,0.0,0.0,1,1015.5,973.6,33,25,18,0,0.21,0.66,10.7,13.9,168,170,27.7,19.0,17.0,15.8,14.3,0.355,0.325,0.307,0.382,1,3600.0,322.0,172.0,150.0,225.6,322.0,1009.4,294.5,157.3,137.2,225.6,294.5,923.1,2.051055419459503,58.84365668211576,38.49561078865458,598.9951646458195,0.6504094587814556,66.33357507589123
40.808434,-8.4375,361.0,2019-06-24 17:00:00,18.8,66,12.2,18.1,0.0,0.0,0.0,0.0,3,1015.3,973.5,100,100,17,0,0.26,0.74,9.4,12.0,203,201,24.5,19.3,17.1,15.8,14.3,0.352,0.325,0.307,0.382,1,3600.0,427.0,282.0,145.0,453.3,427.0,823.5,372.5,246.0,126.5,453.3,372.5,718.5,1.4227297044765055,59.20148693141931,30.18877339573623,590.9433543345743,0.6241746514623074,53.539753182962706
40.808434,-8.4375,361.0,2019-06-24 18:00:00,17.0,80,13.6,16.5,0.0,0.0,0.0,0.0,3,1015.6,973.5,81,89,1,0,0.12,0.38,11.2,14.8,249,247,24.1,18.9,17.2,15.8,14.3,0.35,0.325,0.307,0.382,1,38.25,186.0,28.0,158.0,61.3,186.0,605.0,150.2,22.6,127.6,61.3,150.2,488.4,0.4995730003813376,51.32829254209419,22.922464078149805,582.8579627724558,0.33728081046470487,41.740985584681354
40.808434,-8.4375,361.0,2019-06-24 19:00:00,15.8,85,13.3,15.9,0.0,0.0,0.0,0.0,1,1015.9,973.6,42,40,0,21,0.08,0.27,6.6,8.5,261,258,24.1,18.3,17.3,15.8,14.3,0.349,0.325,0.307,0.382,1,3600.0,138.0,51.0,87.0,183.2,138.0,368.6,93.0,34.4,58.6,183.2,93.0,248.4,0.07717539915037389,41.4055970662784,17.080743322042736,574.8425835613662,0.06284193927006004,31.799293960821142
40.808434,-8.4375,361.0,2019-06-24 20:00:00,14.9,88,13.0,15.5,0.0,0.0,0.0,0.0,1,1015.9,973.5,21,23,0,0,0.02,0.2,2.7,2.3,293,288,14.4,17.5,17.3,15.8,14.3,0.348,0.326,0.307,0.382,1,1668.99,47.0,19.0,28.0,146.3,47.0,130.5,5.4,2.2,3.2,25.0,4.1,15.0,0.005855071766420456,31.45132958840252,12.393475614436904,566.9432866279639,0.00582583299653365,23.502528180097187
40.808434,-8.4375,361.0,2019-06-24 21:00:00,14.1,92,12.8,14.8,0.0,0.0,0.0,0.0,0,1016.3,973.8,5,6,0,0,0.0,0.13,1.8,0.8,37,27,5.4,16.5,17.2,15.8,14.3,0.347,0.326,0.307,0.382,0,0.0,0.0,0.0,0.0,0.0,0.0,0.0,0.0,0.0,0.0,0.0,0.0,0.0,0.00030159501079963174,22.607886274942242,8.581783410425787,559.1688302635426,0.0003744006217128095,16.529360374732377
40.808434,-8.4375,361.0,2019-06-24 22:00:00,12.4,96,11.8,12.8,0.0,0.0,0.0,0.0,0,1016.7,973.9,12,4,4,21,0.0,0.06,1.5,1.5,76,225,4.0,15.6,17.1,15.9,14.3,0.347,0.326,0.307,0.382,0,0.0,0.0,0.0,0.0,0.0,0.0,0.0,0.0,0.0,0.0,0.0,0.0,0.0,9.023360414897019e-06,14.611480919747693,5.4971222529697386,551.348003547514,1.43958590496064e-05,10.726868426084735
40.808434,-8.4375,361.0,2019-06-24 23:00:00,11.9,96,11.3,12.0,0.0,0.0,0.0,0.0,0,1016.5,973.6,14,8,2,20,0.0,0.06,2.5,0.7,82,180,4.7,14.9,17.0,15.9,14.3,0.346,0.326,0.307,0.382,0,0.0,0.0,0.0,0.0,0.0,0.0,0.0,0.0,0.0,0.0,0.0,0.0,0.0,1.5261390649125352e-06,11.430615842006414,3.2039626407101593,543.6934781857989,3.1926502578933426e-06,6.314891806494123
40.808434,-8.4375,361.0,2019-06-25 00:00:00,12.4,97,11.9,12.5,0.0,0.0,0.0,0.0,0,1016.8,974.0,11,2,0,32,0.0,0.05,3.7,2.8,79,130,6.8,15.2,16.6,15.8,14.3,0.347,0.326,0.307,0.382,0,0.0,0.0,0.0,0.0,0.0,0.0,0.0,0.0,0.0,0.0,0.0,0.0,0.0,3.895996479736447e-07,9.328376424221043,1.5391699269109742,536.3751527570427,1.0988105016877766e-06,3.0564133186344438
40.808434,-8.4375,361.0,2019-06-25 01:00:00,12.7,96,12.0,12.9,0.0,0.0,0.0,0.0,0,1016.3,973.6,12,0,1,38,0.0,0.07,2.7,2.5,67,45,6.8,14.6,16.5,15.8,14.3,0.346,0.327,0.307,0.382,0,0.0,0.0,0.0,0.0,0.0,0.0,0.0,0.0,0.0,0.0,0.0,0.0,0.0,2.244018111489455e-07,9.007571318343102,0.4461244129348023,529.3419867893311,8.732019848334442e-07,0.890372831396216
40.808434,-8.4375,361.0,2019-06-25 02:00:00,12.7,95,11.9,12.7,0.0,0.0,0.0,0.0,0,1015.8,973.1,10,1,3,26,0.0,0.07,3.8,4.2,73,59,9.7,14.3,16.3,15.8,14.3,0.346,0.327,0.307,0.382,0,0.0,0.0,0.0,0.0,0.0,0.0,0.0,0.0,0.0,0.0,0.0,0.0,0.0,4.3539497583831537e-07,10.334001949801124,0.18165353999999997,522.5271457886321,1.913185264115918e-06,0.36299160017424653
40.808434,-8.4375,361.0,2019-06-25 03:00:00,12.1,95,11.4,12.0,0.0,0.0,0.0,0.0,0,1015.5,972.7,13,1,4,32,0.0,0.06,4.2,3.9,70,68,10.8,14.0,16.2,15.8,14.3,0.345,0.327,0.307,0.382,0,0.0,0.0,0.0,0.0,0.0,0.0,0.0,0.0,0.0,0.0,0.0,0.0,0.0,6.521634993912052e-07,11.066349191331517,0.17375555999999998,515.812332760073,2.878006789634507e-06,0.34721871141545885
40.808434,-8.4375,361.0,2019-06-25 04:00:00,12.1,94,11.1,12.1,0.0,0.0,0.0,0.0,0,1015.5,972.7,14,1,7,30,0.0,0.09,2.6,2.3,74,51,10.8,13.8,16.0,15.8,14.3,0.344,0.327,0.307,0.382,0,0.0,0.0,0.0,0.0,0.0,0.0,0.0,0.0,0.0,0.0,0.0,0.0,0.0,8.325971427544158e-07,11.657936547224434,0.20850667199999998,509.29916004216125,3.607034670698195e-06,0.41658696806457474
40.808434,-8.4375,361.0,2019-06-25 05:00:00,11.8,91,10.5,11.7,0.0,0.0,0.0,0.0,1,1015.9,973.0,26,3,8,62,0.0,0.12,2.3,0.8,72,333,8.3,13.5,15.8,15.8,14.3,0.344,0.327,0.307,0.382,0,0.0,0.0,0.0,0.0,0.0,0.0,0.0,0.0,0.0,0.0,0.0,0.0,0.0,3.0336873339655227e-06,14.228304517331187,0.305651826,502.92445979749414,1.253653157924757e-05,0.610376263126099
40.808434,-8.4375,361.0,2019-06-25 06:00:00,14.2,90,12.6,14.8,0.0,0.0,0.0,0.0,1,1016.1,973.6,30,3,11,69,0.01,0.16,1.1,0.8,90,207,4.3,13.6,15.7,15.8,14.3,0.343,0.327,0.307,0.382,1,391.43,31.0,10.0,21.0,90.1,31.0,88.2,69.7,22.5,47.2,150.1,41.8,198.2,7.19328266986527e-06,16.16993780134727,0.40279697999999997,498.84434563953204,2.849159585325929e-05,0.8039710233913152
40.808434,-8.4375,361.0,2019-06-25 07:00:00,16.3,80,12.8,17.1,0.0,0.0,0.0,0.0,1,1016.3,974.1,34,3,17,72,0.07,0.37,0.8,0.8,333,27,5.8,14.5,15.6,15.8,14.3,0.343,0.327,0.307,0.382,1,3600.0,134.0,52.0,82.0,216.5,134.0,318.0,184.6,71.6,113.0,216.5,184.6,438.1,0.0002820969531613343,25.47411626681287,0.9161656800000001,505.18234563953206,0.0009347094678583461,1.8240613638579877
40.808434,-8.4375,361.0,2019-06-25 08:00:00,17.4,77,13.4,18.3,0.0,0.0,0.0,0.0,1,1016.4,974.3,42,1,38,60,0.16,0.45,1.8,1.4,270,270,10.4,15.8,15.6,15.8,14.3,0.342,0.327,0.307,0.382,1,3600.0,280.0,149.0,131.0,354.7,280.0,556.1,338.2,180.0,158.2,354.7,338.2,671.6,0.005868287957066736,36.343381090119024,1.1967172962214956,511.71834563953206,0.017988320115510395,2.379522565275703
40.808434,-8.4375,361.0,2019-06-25 09:00:00,18.3,77,14.1,19.2,0.0,0.0,0.0,0.0,2,1016.5,974.5,67,0,75,74,0.24,0.49,3.1,3.1,249,249,13.3,17.1,15.6,15.8,14.3,0.34,0.327,0.307,0.382,1,3600.0,411.0,220.0,191.0,373.5,411.0,779.7,465.3,249.1,216.3,373.5,465.3,882.8,0.04399362649551907,46.54250293670259,1.6482193044923332,518.4163456395321,0.12110639361805889,3.270444015039142
40.808434,-8.4375,361.0,2019-06-25 10:00:00,18.1,78,14.2,18.8,0.0,0.0,0.0,0.0,3,1016.8,974.8,100,64,62,89,0.18,0.46,4.6,5.0,219,210,14.0,17.6,15.8,15.8,14.3,0.339,0.327,0.307,0.382,1,1993.8,289.0,93.0,196.0,126.5,289.0,973.5,313.8,101.0,212.8,126.5,313.8,1057.1,0.2182631507364189,59.1554885193178,2.7602548884923332,525.0783456395321,0.48856328518825304,5.448899738854269
40.808434,-8.4375,361.0,2019-06-25 11:00:00,19.0,72,13.9,19.8,0.0,0.0,0.0,0.0,3,1016.6,974.7,100,50,93,85,0.24,0.62,3.3,3.6,193,174,15.5,18.4,15.9,15.8,14.3,0.337,0.327,0.307,0.382,1,2049.63,374.0,109.0,265.0,128.3,374.0,1124.5,393.4,114.7,278.8,128.3,393.4,1182.9,0.42322190667143383,71.37102806857106,4.241915936492333,531.9023456395321,0.7731046488611836,8.317992111298198
40.808434,-8.4375,361.0,2019-06-25 12:00:00,19.5,73,14.6,20.4,0.0,0.0,0.0,0.0,3,1016.7,974.9,100,55,100,88,0.24,0.61,4.2,5.9,110,104,15.1,18.6,16.0,15.8,14.3,0.34,0.327,0.307,0.382,1,1871.8,354.0,113.0,241.0,122.4,354.0,1222.2,362.5,115.7,246.8,122.4,362.5,1251.4,24.3221492767334,88.58404541015625,196.8828125,654.569580078125,5.031654357910156,221.4765625
40.808434,-8.4375,361.0,2019-06-25 13:00:00,20.6,64,13.6,21.4,0.0,0.0,0.0,0.0,2,1016.3,974.7,72,0,76,89,0.23,0.86,2.5,3.1,172,144,13.7,19.1,16.2,15.8,14.3,0.338,0.327,0.307,0.382,1,0.0,331.0,42.0,289.0,44.1,331.0,1260.0,330.5,41.9,288.6,44.1,330.5,1258.1,18.11552818159548,87.17315092015487,198.939446492,661.681580078125,3.242959717209973,227.1460531640877
40.808434,-8.4375,361.0,2019-06-25 14:00:00,20.6,66,13.9,21.2,0.0,0.0,0.0,0.0,1,1016.2,974.6,43,3,60,13,0.23,0.83,4.8,5.6,243,243,13.3,19.4,16.4,15.8,14.3,0.336,0.327,0.307,0.382,1,771.65,326.0,80.0,246.0,85.7,326.0,1235.4,317.3,77.9,239.4,85.7,317.3,1202.5,18.40991388711156,86.5028563743262,200.88182304,668.7935800781249,3.310758520076039,229.4597562211848
40.808434,-8.4375,361.0,2019-06-25 15:00:00,20.9,73,15.9,22.8,0.0,0.0,0.0,0.0,1,1015.8,974.2,26,15,20,0,0.41,0.67,5.4,6.1,270,273,18.7,20.5,16.6,15.8,14.3,0.333,0.326,0.307,0.381,1,3600.0,649.0,415.0,234.0,477.7,649.0,1150.0,614.2,392.7,221.4,477.7,614.2,1088.3,16.68529552114811,85.33481811965537,202.44562308,675.959580078125,2.897112282128679,231.53389770713582
40.808434,-8.4375,361.0,2019-06-25 16:00:00,21.0,73,16.0,22.7,0.2,0.2,0.0,0.0,51,1015.6,974.1,42,36,16,1,0.39,0.68,6.4,7.0,297,305,18.4,21.3,16.9,15.8,14.3,0.333,0.326,0.307,0.381,1,3600.0,637.0,491.0,146.0,643.7,637.0,1009.7,582.6,449.0,133.5,643.7,582.6,923.4,16.919435667426683,85.09787207679271,204.01653130199998,683.143580078125,2.9486865705303233,233.61439222940243
40.808434,-8.4375,361.0,2019-06-25 17:00:00,20.2,80,16.6,20.9,0.0,0.0,0.0,0.0,2,1015.5,973.9,79,51,51,8,0.25,0.47,11.2,14.1,315,320,24.8,21.1,17.2,15.8,14.3,0.331,0.326,0.307,0.381,1,3600.0,419.0,301.0,118.0,483.6,419.0,823.9,365.6,262.6,103.0,483.6,365.6,718.9,17.508758022632595,83.6395633639339,205.13804446199998,690.1835800781249,3.0849010928667933,235.37744522432598
40.808434,-8.4375,361.0,2019-06-25 18:00:00,18.1,87,15.9,18.0,0.1,0.1,0.0,0.0,51,1015.5,973.6,79,36,77,2,0.11,0.28,14.5,21.1,337,340,29.9,20.2,17.4,15.8,14.3,0.331,0.325,0.307,0.381,1,3600.0,170.0,92.0,78.0,201.2,170.0,605.4,137.3,74.3,63.0,201.2,137.3,488.9,16.088414335344382,81.39223376132776,205.795156398,696.845580078125,2.7536799555265103,236.7761620759766
40.808434,-8.4375,361.0,2019-06-25 19:00:00,17.6,84,14.8,17.3,0.1,0.1,0.0,0.0,51,1015.2,973.2,25,4,35,0,0.08,0.32,13.0,19.0,6,10,30.2,19.4,17.5,15.8,14.3,0.331,0.325,0.307,0.381,1,3600.0,125.0,62.0,63.0,222.4,125.0,369.0,84.3,41.8,42.5,222.4,84.3,248.9,15.261216655565839,81.43874938096656,206.58284827,703.417580078125,2.5671036682140436,238.24415265931177
40.808434,-8.4375,361.0,2019-06-25 20:00:00,16.6,88,14.6,16.4,0.0,0.0,0.0,0.0,1,1014.7,972.6,26,1,41,0,0.03,0.23,12.3,22.5,357,7,26.3,18.5,17.6,15.8,14.3,0.331,0.325,0.307,0.381,1,1818.91,43.0,20.0,23.0,153.8,43.0,130.9,5.0,2.3,2.7,26.9,3.8,15.3,13.759051135154264,80.55782593416306,207.142025254,709.809580078125,2.243114517042914,239.5302247644012
40.808434,-8.4375,361.0,2019-06-25 21:00:00,16.1,91,14.6,16.4,0.0,0.0,0.0,0.0,1,1014.9,972.7,31,2,48,0,0.0,0.17,8.3,17.5,355,14,27.4,17.8,17.6,15.8,14.3,0.331,0.325,0.307,0.381,0,0.0,0.0,0.0,0.0,0.0,0.0,0.0,0.0,0.0,0.0,0.0,0.0,0.0,10.611161212933617,79.37024447159473,207.549561022,716.111580078125,1.6212228310286818,240.69698984816085
40.808434,-8.4375,361.0,2019-06-25 22:00:00,15.6,93,14.5,16.0,0.0,0.0,0.0,0.0,0,1015.4,973.1,19,4,25,0,0.0,0.13,7.3,14.8,349,356,18.0,17.2,17.5,15.8,14.3,0.331,0.325,0.307,0.381,0,0.0,0.0,0.0,0.0,0.0,0.0,0.0,0.0,0.0,0.0,0.0,0.0,0.0,9.375284834804603,78.31163230036874,207.85731897600002,722.323580078125,1.3976890758839526,241.77817541836012
40.808434,-8.4375,361.0,2019-06-25 23:00:00,14.8,95,13.9,14.6,0.3,0.3,0.0,0.0,51,1015.0,972.6,32,3,48,0,0.0,0.09,9.7,18.4,4,360,19.1,16.7,17.4,15.8,14.3,0.333,0.325,0.307,0.381,0,0.0,0.0,0.0,0.0,0.0,0.0,0.0,0.0,0.0,0.0,0.0,0.0,0.0,8.239717739031605,74.28681060013207,208.06661544600001,728.391580078125,1.2030767243713913,242.7663855085132
40.808434,-8.4375,361.0,2019-06-26 00:00:00,14.9,91,13.4,14.1,1.0,1.0,0.0,0.0,55,1015.0,972.6,34,4,50,0,0.0,0.16,13.3,25.0,41,41,18.7,16.7,17.2,15.8,14.3,0.326,0.326,0.308,0.381,0,0.0,0.0,0.0,0.0,0.0,0.0,0.0,0.0,0.0,0.0,0.0,0.0,0.0,5.919440098434714,61.185476624612576,155.7399992933171,734.477580078125,0.8587909613593794,203.56777144443262
40.808434,-8.4375,361.0,2019-06-26 01:00:00,15.1,92,13.8,15.4,0.2,0.2,0.0,0.0,51,1014.3,972.0,31,6,42,0,0.0,0.14,6.9,12.6,51,59,25.9,16.3,17.1,15.9,14.3,0.328,0.326,0.308,0.381,0,0.0,0.0,0.0,0.0,0.0,0.0,0.0,0.0,0.0,0.0,0.0,0.0,0.0,0.8970140342716145,50.3344389570419,123.65540458299847,740.599580078125,0.24187116210383489,174.4799801912337
40.808434,-8.4375,361.0,2019-06-26 02:00:00,14.3,96,13.6,14.9,0.1,0.1,0.0,0.0,51,1014.2,971.8,36,15,38,0,0.0,0.07,3.5,3.8,66,49,13.3,15.9,17.0,15.9,14.3,0.329,0.326,0.308,0.381,0,0.0,0.0,0.0,0.0,0.0,0.0,0.0,0.0,0.0,0.0,0.0,0.0,0.0,0.10626763587598727,38.36121365149421,102.68440740066215,746.5775800781249,0.030001655029712446,152.82118524512785
40.808434,-8.4375,361.0,2019-06-26 03:00:00,13.8,97,13.4,14.4,0.0,0.0,0.0,0.0,1,1014.1,971.6,23,19,10,0,0.0,0.04,3.4,3.1,148,234,7.6,15.6,16.9,15.9,14.3,0.329,0.326,0.308,0.381,0,0.0,0.0,0.0,0.0,0.0,0.0,0.0,0.0,0.0,0.0,0.0,0.0,0.0,0.012885081912952037,29.755817916874594,88.45936095594668,752.465580078125,0.0038242202392583025,136.73309043144306
40.808434,-8.4375,361.0,2019-06-26 04:00:00,12.9,100,12.9,13.1,0.0,0.0,0.0,0.0,3,1014.4,971.8,87,80,25,0,0.0,0.0,5.1,6.5,225,264,9.7,15.2,16.8,15.9,14.3,0.329,0.326,0.308,0.381,0,0.0,0.0,0.0,0.0,0.0,0.0,0.0,0.0,0.0,0.0,0.0,0.0,0.0,0.000713453474058714,20.738139652271794,77.5781628049856,758.191580078125,0.00022357234951513892,123.55178012021464
40.808434,-8.4375,361.0,2019-06-26 05:00:00,13.7,100,13.6,14.7,0.0,0.0,0.0,0.0,3,1014.8,972.3,100,100,36,0,0.0,0.01,1.1,0.8,162,63,9.4,15.0,16.7,15.9,14.3,0.329,0.326,0.308,0.381,0,0.0,0.0,0.0,0.0,0.0,0.0,0.0,0.0,0.0,0.0,0.0,0.0,0.0,4.421551757991197e-05,14.69733243927017,68.81720517333599,764.061580078125,1.467993537372459e-05,112.33911875626411
40.808434,-8.4375,361.0,2019-06-26 06:00:00,13.9,99,13.8,14.7,0.0,0.0,0.0,0.0,3,1015.2,972.7,100,100,28,0,0.01,0.01,3.6,3.9,186,202,9.7,15.1,16.5,15.9,14.3,0.329,0.326,0.308,0.381,1,0.0,17.0,5.0,12.0,45.2,17.0,87.6,38.2,11.2,27.0,75.6,22.9,197.0,1.1764121710892095e-05,11.833408634240904,61.51727574601892,769.9675800781249,4.149373690160252e-06,102.55102729186592
40.808434,-8.4375,361.0,2019-06-26 07:00:00,14.3,97,13.9,15.0,0.0,0.0,0.0,0.0,3,1015.7,973.2,100,100,21,0,0.04,0.05,4.3,5.2,228,236,12.6,15.4,16.4,15.9,14.3,0.329,0.326,0.308,0.381,1,832.43,70.0,21.0,49.0,87.7,70.0,316.8,96.6,29.0,67.6,87.7,96.6,436.9,1.550836684934159e-05,12.434326945998222,55.33290109625768,775.9455800781249,5.819730486454929e-06,93.92182222370899
40.808434,-8.4375,361.0,2019-06-26 08:00:00,15.6,90,13.9,16.4,0.1,0.1,0.0,0.0,51,1016.3,974.0,100,100,35,0,0.08,0.18,2.8,3.2,220,207,13.0,16.1,16.4,15.9,14.3,0.329,0.326,0.308,0.381,1,0.0,141.0,22.0,119.0,52.5,141.0,554.9,170.4,26.6,143.8,52.5,170.4,670.5,0.0003284168333228898,19.665987204259803,49.52001637618262,782.1575800781249,0.0001320287437551866,85.50611038665724
40.808434,-8.4375,361.0,2019-06-26 09:00:00,16.2,89,14.3,17.0,0.2,0.2,0.0,0.0,51,1016.6,974.3,100,100,35,0,0.1,0.21,4.2,5.4,211,200,13.3,16.6,16.4,15.9,14.3,0.33,0.326,0.308,0.381,1,0.0,156.0,6.0,150.0,10.2,156.0,778.6,176.7,6.8,169.9,10.2,176.7,881.7,0.003174627213626697,26.18671893704181,43.285715121040624,788.4775800781249,0.0013904475118825003,76.12384394932191
40.808434,-8.4375,361.0,2019-06-26 10:00:00,17.4,84,14.6,17.8,0.1,0.1,0.0,0.0,51,1016.8,974.7,100,100,52,0,0.17,0.33,8.3,10.1,198,197,19.8,17.4,16.4,15.9,14.3,0.33,0.326,0.308,0.381,1,731.37,288.0,62.0,226.0,84.4,288.0,972.6,312.8,67.3,245.4,84.4,312.8,1056.3,0.07265720772449748,37.90607577058551,37.680705570417665,795.0135800781248,0.03480894099030374,67.37776813546986
40.808434,-8.4375,361.0,2019-06-26 11:00:00,17.7,83,14.8,18.1,0.5,0.5,0.0,0.0,53,1017.2,975.1,100,99,92,0,0.19,0.34,8.9,10.8,201,201,22.7,17.9,16.5,15.9,14.3,0.334,0.325,0.308,0.381,1,72.91,318.0,53.0,265.0,62.4,318.0,1123.7,334.6,55.8,278.8,62.4,334.6,1182.2,0.17337188339579004,43.0965454313176,30.875114846384395,785.5950517759184,0.094722257293717,56.225822658886614
40.808434,-8.4375,361.0,2019-06-26 12:00:00,18.5,80,14.9,18.9,0.2,0.2,0.0,0.0,51,1017.0,975.1,100,95,60,0,0.16,0.44,8.2,10.0,203,201,21.6,18.7,16.5,15.9,14.3,0.33,0.326,0.309,0.381,1,0.0,238.0,51.0,187.0,55.3,238.0,1221.6,243.7,52.2,191.5,55.3,243.7,1251.0,30.191242218017578,87.72500610351562,200.328125,662.662353515625,6.915038108825684,224.77337646484375
40.808434,-8.4375,361.0,2019-06-26 13:00:00,19.3,77,15.2,19.9,0.2,0.2,0.0,0.0,51,1017.0,975.2,100,100,28,0,0.27,0.51,7.8,10.0,214,210,21.2,19.2,16.7,15.9,14.3,0.33,0.326,0.309,0.381,1,1478.43,428.0,104.0,324.0,109.3,428.0,1259.7,427.4,103.9,323.5,109.3,427.4,1257.9,4.339443151635697,62.32966014614525,104.64575853075982,654.6627791378345,0.6922901513627526,149.53484587234647
40.808434,-8.4375,361.0,2019-06-26 14:00:00,20.1,74,15.3,21.0,0.1,0.1,0.0,0.0,51,1016.6,974.9,100,99,100,0,0.34,0.62,6.4,7.6,227,225,21.6,20.1,16.8,15.9,14.3,0.329,0.326,0.309,0.381,1,3568.41,537.0,167.0,370.0,178.9,537.0,1235.3,522.7,162.6,360.2,178.9,522.7,1202.5,1.9748112089270695,56.14852563198398,74.93931975114073,646.2878919650358,0.4260856797358014,116.19547109450654
40.808434,-8.4375,361.0,2019-06-26 15:00:00,19.2,80,15.6,20.0,0.0,0.0,0.0,0.0,2,1016.4,974.6,74,52,45,0,0.2,0.45,8.2,10.1,255,253,19.8,20.0,17.0,15.9,14.3,0.328,0.325,0.309,0.381,1,0.0,298.0,38.0,260.0,43.7,298.0,1150.1,282.0,36.0,246.1,43.7,282.0,1088.4,0.7434766364551351,51.068294893443095,56.69597521406527,638.0640821464589,0.2814750051318157,92.78142828228908
40.808434,-8.4375,361.0,2019-06-26 16:00:00,19.1,83,16.1,19.9,0.0,0.0,0.0,0.0,2,1016.3,974.5,59,46,29,0,0.26,0.39,9.3,11.4,283,288,23.0,20.4,17.2,15.9,14.3,0.326,0.325,0.309,0.381,1,3600.0,448.0,272.0,176.0,356.5,448.0,1009.9,409.8,248.8,161.0,356.5,409.8,923.6,0.43341610374464196,47.627574375092195,43.72392341231674,630.1236201897638,0.19283493501946058,74.5205067537761
40.808434,-8.4375,361.0,2019-06-26 17:00:00,18.4,85,15.9,19.1,0.0,0.0,0.0,0.0,3,1016.3,974.4,89,69,45,0,0.23,0.31,9.0,11.0,307,308,24.5,20.4,17.4,15.9,14.3,0.325,0.325,0.309,0.381,1,3600.0,420.0,282.0,138.0,452.9,420.0,824.2,366.5,246.1,120.4,452.9,366.5,719.2,0.24040386101183991,44.731958225940616,34.60547426966059,623.8682484970514,0.12415011287099824,60.782110531036935
40.808434,-8.4375,361.0,2019-06-26 18:00:00,17.8,87,15.5,18.6,0.0,0.0,0.0,0.0,2,1016.2,974.2,66,39,52,0,0.13,0.27,7.0,9.0,325,331,22.0,20.0,17.6,15.9,14.3,0.324,0.324,0.309,0.381,1,3600.0,227.0,132.0,95.0,288.4,227.0,605.7,183.3,106.6,76.7,288.4,183.3,489.2,0.08336363550091021,40.097764325170274,27.130753040310296,617.7029713131485,0.05033910667509637,48.892828434185596
40.808434,-8.4375,361.0,2019-06-26 19:00:00,17.3,88,15.3,18.0,0.0,0.0,0.0,0.0,1,1016.2,974.1,23,12,20,0,0.07,0.24,7.6,10.1,315,325,16.9,19.4,17.7,15.9,14.3,0.324,0.324,0.309,0.381,1,3600.0,125.0,66.0,59.0,236.5,125.0,369.4,84.3,44.5,39.8,236.5,84.3,249.2,0.044703632903612525,37.59111948420337,21.367808459539567,612.3823896176001,0.03147278715949837,39.30679499036187
40.808434,-8.4375,361.0,2019-06-26 20:00:00,15.7,94,14.8,16.5,0.0,0.0,0.0,0.0,1,1016.3,974.0,22,16,12,0,0.02,0.1,5.6,10.9,310,333,16.6,18.5,17.7,15.9,14.3,0.324,0.324,0.309,0.381,1,2117.78,46.0,22.0,24.0,169.0,46.0,131.2,5.5,2.6,2.8,29.9,4.2,15.6,0.003601747947046726,28.486649204625436,16.566763711767297,607.6621683631251,0.0029824714832366863,31.019319237389073
40.808434,-8.4375,361.0,2019-06-26 21:00:00,14.7,98,14.3,15.4,0.0,0.0,0.0,0.0,0,1016.8,974.3,18,14,9,0,0.0,0.04,4.7,11.7,360,9,10.8,17.6,17.7,15.9,14.3,0.324,0.324,0.309,0.381,0,0.0,0.0,0.0,0.0,0.0,0.0,0.0,0.0,0.0,0.0,0.0,0.0,0.0,8.635617461616542e-05,18.34210337206791,12.411763087420665,602.8886840309442,8.567483302411249e-05,23.608449140889643
40.808434,-8.4375,361.0,2019-06-26 22:00:00,13.8,99,13.6,14.1,0.0,0.0,0.0,0.0,1,1017.1,974.5,30,20,20,0,0.0,0.02,6.3,9.8,24,24,8.3,16.8,17.6,15.9,14.3,0.324,0.324,0.309,0.381,0,0.0,0.0,0.0,0.0,0.0,0.0,0.0,0.0,0.0,0.0,0.0,0.0,0.0,3.988793584605504e-06,11.863391331016695,8.93833018981472,598.0798948835256,4.827262964842845e-06,17.232798077015318
40.808434,-8.4375,361.0,2019-06-26 23:00:00,13.7,99,13.5,14.1,0.0,0.0,0.0,0.0,1,1017.0,974.4,46,33,28,0,0.0,0.02,5.4,6.6,42,22,8.6,16.3,17.5,15.9,14.3,0.324,0.324,0.309,0.381,0,0.0,0.0,0.0,0.0,0.0,0.0,0.0,0.0,0.0,0.0,0.0,0.0,0.0,4.3503986905835746e-07,8.263986216035724,6.105292186857642,593.3792581988379,6.548612013252924e-07,11.904373475026604
40.808434,-8.4375,361.0,2019-06-27 00:00:00,14.5,99,14.4,15.8,0.0,0.0,0.0,0.0,1,1017.0,974.5,35,28,16,0,0.0,0.01,1.6,0.8,117,297,7.9,16.7,17.4,15.9,14.3,0.323,0.324,0.308,0.381,0,0.0,0.0,0.0,0.0,0.0,0.0,0.0,0.0,0.0,0.0,0.0,0.0,0.0,7.602248142773929e-08,6.039182266501119,4.049288370331874,599.3932581988379,1.4198587677277856e-07,7.9640706455237735
40.808434,-8.4375,361.0,2019-06-27 01:00:00,14.0,100,14.0,14.8,0.0,0.0,0.0,0.0,3,1016.9,974.3,97,100,12,0,0.0,0.0,3.8,2.6,163,254,7.6,16.2,17.3,15.9,14.3,0.323,0.324,0.308,0.381,0,0.0,0.0,0.0,0.0,0.0,0.0,0.0,0.0,0.0,0.0,0.0,0.0,0.0,2.44008631032129e-08,4.2623182597053155,3.2970663136390215,605.3172581988379,5.0333113625665675e-08,6.505545955857538
40.808434,-8.4375,361.0,2019-06-27 02:00:00,13.8,100,13.8,14.5,0.0,0.0,0.0,0.0,3,1017.0,974.4,93,100,5,0,0.0,0.0,3.7,2.5,169,225,7.9,15.8,17.2,15.9,14.3,0.323,0.324,0.308,0.381,0,0.0,0.0,0.0,0.0,0.0,0.0,0.0,0.0,0.0,0.0,0.0,0.0,0.0,8.518782887523222e-09,2.7364491982594545,3.2970663136390215,611.2052581988379,1.757112000054107e-08,6.506387993260731
40.808434,-8.4375,361.0,2019-06-27 03:00:00,14.5,100,14.5,15.7,0.0,0.0,0.0,0.0,3,1017.1,974.6,91,100,1,0,0.0,0.0,2.6,2.3,124,129,7.9,15.8,17.1,15.9,14.3,0.323,0.324,0.308,0.381,0,0.0,0.0,0.0,0.0,0.0,0.0,0.0,0.0,0.0,0.0,0.0,0.0,0.0,2.6069575462185334e-09,1.1838769918491638,3.2970663136390215,617.2192581988379,5.376864474496007e-09,6.507231683673762
40.808434,-8.4375,361.0,2019-06-27 04:00:00,14.5,100,14.5,15.5,0.0,0.0,0.0,0.0,3,1017.0,974.5,90,100,0,0,0.0,0.0,3.2,3.4,117,122,8.6,15.7,17.0,15.9,14.3,0.323,0.324,0.308,0.381,0,0.0,0.0,0.0,0.0,0.0,0.0,0.0,0.0,0.0,0.0,0.0,0.0,0.0,1.0855131514311834e-09,1e-09,3.2970663136390215,623.2332581988379,2.238741598790844e-09,6.50805930394397
40.808434,-8.4375,361.0,2019-06-27 05:00:00,14.0,100,14.0,15.1,0.0,0.0,0.0,0.0,3,1016.8,974.2,90,100,0,0,0.0,0.0,1.9,2.7,112,157,8.3,15.6,16.9,15.9,14.3,0.323,0.324,0.308,0.381,0,0.0,0.0,0.0,0.0,0.0,0.0,0.0,0.0,0.0,0.0,0.0,0.0,0.0,1.0167428644701528e-09,1e-09,3.2970663136390215,629.1572581988379,2.09678856979727e-09,6.508859270100609
40.808434,-8.4375,361.0,2019-06-27 06:00:00,14.7,99,14.5,15.9,0.0,0.0,0.0,0.0,3,1016.7,974.2,90,100,0,0,0.01,0.02,1.9,1.3,202,214,8.3,15.7,16.8,15.9,14.3,0.323,0.324,0.308,0.381,1,0.0,19.0,0.0,19.0,0.0,19.0,87.0,42.8,0.0,42.8,0.0,25.5,195.7,2.35661636896279e-09,1.088184395393795,3.3386623416390213,635.2072581988378,4.8311095782785404e-09,6.590722255819559
40.808434,-8.4375,361.0,2019-06-27 07:00:00,14.9,99,14.7,16.1,0.0,0.0,0.0,0.0,3,1017.1,974.6,90,100,0,0,0.05,0.02,3.1,2.6,216,214,11.9,16.1,16.7,15.9,14.4,0.322,0.324,0.308,0.381,1,87.75,92.0,15.0,77.0,62.9,92.0,315.5,127.0,20.7,106.3,62.9,127.0,435.7,2.84468655276024e-09,1.2507937470558643,3.3807849016390215,641.2932581988379,5.796904936386852e-09,6.673614507945646
40.808434,-8.4375,361.0,2019-06-27 08:00:00,16.0,92,14.7,16.9,0.0,0.0,0.0,0.0,3,1017.5,975.2,90,100,0,0,0.12,0.14,4.8,5.1,222,219,15.1,16.9,16.7,15.9,14.4,0.322,0.324,0.308,0.381,1,3148.19,221.0,69.0,152.0,164.9,221.0,553.7,267.2,83.4,183.7,164.9,267.2,669.3,1.1856445217056597e-06,10.585252910475404,3.7409327896390216,647.5772581988379,2.301249870758674e-06,7.37535052541274
40.808434,-8.4375,361.0,2019-06-27 09:00:00,17.1,86,14.6,17.7,0.0,0.0,0.0,0.0,3,1017.6,975.4,90,100,0,0,0.18,0.28,6.4,7.1,223,221,18.0,17.7,16.7,15.9,14.4,0.321,0.323,0.308,0.381,1,1315.31,313.0,61.0,252.0,103.8,313.0,777.5,354.6,69.1,285.5,103.8,354.6,880.7,0.001280679965618337,27.4515167914413,4.411734557639022,654.0592581988378,0.0022888963611846576,8.677147242032127
40.808434,-8.4375,361.0,2019-06-27 10:00:00,17.8,83,14.8,18.4,0.0,0.0,0.0,0.0,3,1017.8,975.7,90,100,0,0,0.24,0.36,7.4,8.8,219,215,20.9,18.6,16.8,15.9,14.4,0.32,0.323,0.308,0.381,1,3389.9,411.0,127.0,284.0,173.0,411.0,971.6,446.4,138.0,308.5,173.0,446.4,1055.4,0.06712615950321241,44.44366689924741,5.2576082156390225,660.6672581988378,0.10944423994791623,10.310096355216613
40.808434,-8.4375,361.0,2019-06-27 11:00:00,18.6,79,14.9,18.9,0.0,0.0,0.0,0.0,3,1017.9,975.9,90,100,0,0,0.28,0.45,8.8,10.5,215,211,23.0,19.3,16.9,16.0,14.4,0.318,0.323,0.308,0.381,1,2160.26,473.0,112.0,361.0,132.0,473.0,1122.9,497.7,117.8,379.8,132.0,497.7,1181.6,0.41953858915879727,59.48556588540986,6.346739657639023,667.4192581988377,0.6170939245310336,12.398719156620004
40.808434,-8.4375,361.0,2019-06-27 12:00:00,20.2,69,14.4,20.2,0.0,0.0,0.0,0.0,1,1018.1,976.4,42,47,0,0,0.28,0.73,10.5,12.9,218,216,24.5,19.8,17.0,15.9,14.4,0.316,0.322,0.308,0.381,1,736.41,433.0,78.0,355.0,84.5,433.0,1221.0,443.5,79.9,363.6,84.5,443.5,1250.5,33.67227554321289,91.1064453125,205.171875,670.9061279296875,7.878344535827637,229.3359375
40.808434,-8.4375,361.0,2019-06-27 13:00:00,21.0,64,13.9,22.4,0.0,0.0,0.0,0.0,2,1018.1,976.5,61,68,0,0,0.5,0.91,9.7,11.7,239,236,26.3,21.1,17.2,16.0,14.4,0.312,0.321,0.308,0.381,1,3600.0,818.0,501.0,317.0,526.6,818.0,1259.3,816.9,500.3,316.6,526.6,816.9,1257.6,24.50777471109676,87.55439024105381,207.266419296,678.0901279296875,4.9220026382637405,234.97527632579045
40.808434,-8.4375,361.0,2019-06-27 14:00:00,21.0,67,14.7,22.7,0.0,0.0,0.0,0.0,3,1018.2,976.6,90,100,0,0,0.5,0.82,11.0,13.3,251,251,27.4,22.0,17.5,16.0,14.4,0.309,0.321,0.308,0.381,1,3600.0,847.0,640.0,207.0,685.8,847.0,1235.1,824.6,623.0,201.5,685.8,824.6,1202.4,22.94383863225942,86.42742953181858,209.186418234,685.2741279296874,4.476894468316986,237.28732659673753
40.808434,-8.4375,361.0,2019-06-27 15:00:00,20.0,75,15.4,21.0,0.0,0.0,0.0,0.0,0,1018.5,976.7,16,18,0,0,0.42,0.58,13.0,15.9,276,276,31.3,22.3,17.8,16.0,14.4,0.306,0.32,0.308,0.38,1,3600.0,746.0,460.0,286.0,529.4,746.0,1150.0,706.1,435.4,270.7,529.4,706.1,1088.5,20.980894674987827,84.79701770386751,210.575146384,692.2781279296875,3.9457319134093702,239.22976125384378
40.808434,-8.4375,361.0,2019-06-27 16:00:00,19.7,73,14.8,20.7,0.0,0.0,0.0,0.0,0,1018.6,976.8,2,2,1,0,0.4,0.61,10.6,13.2,280,281,30.6,22.5,18.0,16.0,14.4,0.303,0.319,0.308,0.38,1,3600.0,700.0,574.0,126.0,752.2,700.0,1010.0,640.3,525.0,115.2,752.2,640.3,923.8,19.284524175502703,84.8239174688392,212.05364824,699.2281279296875,3.509163635899034,241.22080478207403
40.808434,-8.4375,361.0,2019-06-27 17:00:00,19.4,71,14.0,19.4,0.0,0.0,0.0,0.0,0,1018.5,976.6,0,0,0,0,0.33,0.65,9.8,12.1,287,287,26.3,22.3,18.3,16.0,14.4,0.301,0.319,0.308,0.38,1,3600.0,578.0,480.0,98.0,770.6,578.0,824.4,504.4,418.9,85.5,770.6,504.4,719.5,18.824500745087175,84.8715660600393,213.61876461,706.1241279296875,3.392576127343061,243.25896843386943
40.808434,-8.4375,361.0,2019-06-27 18:00:00,18.6,71,13.3,18.4,0.0,0.0,0.0,0.0,0,1018.4,976.4,0,0,0,0,0.23,0.62,9.3,11.5,306,309,23.8,21.7,18.5,16.0,14.4,0.3,0.318,0.308,0.38,1,3600.0,401.0,319.0,82.0,696.7,401.0,606.0,323.9,257.7,66.2,696.7,323.9,489.5,18.578188271785223,84.91923038243826,215.122803268,712.8761279296874,3.329855349934289,245.23543429444356
40.808434,-8.4375,361.0,2019-06-27 19:00:00,17.7,75,13.3,17.6,0.0,0.0,0.0,0.0,0,1018.4,976.3,0,0,0,0,0.12,0.5,7.7,10.5,323,329,20.9,20.7,18.6,16.0,14.4,0.299,0.318,0.308,0.38,1,3600.0,215.0,153.0,62.0,547.9,215.0,369.6,145.1,103.2,41.8,547.9,145.1,249.4,16.42963834289592,84.29126132223821,216.36015346800002,719.4661279296874,2.820529733173229,247.01354791841095
40.808434,-8.4375,361.0,2019-06-27 20:00:00,15.6,89,13.8,16.0,0.0,0.0,0.0,0.0,0,1018.5,976.1,0,0,0,0,0.02,0.2,5.6,13.0,345,354,15.8,19.4,18.6,16.0,14.4,0.299,0.318,0.308,0.38,1,2333.19,57.0,30.0,27.0,230.3,57.0,131.3,6.8,3.6,3.2,41.0,5.2,15.7,10.8781833895699,80.92266704509873,216.84377311000003,725.6781279296874,1.6664706611927391,248.24156380933152
40.808434,-8.4375,361.0,2019-06-27 21:00:00,14.6,92,13.4,14.8,0.0,0.0,0.0,0.0,0,1019.1,976.5,0,0,0,0,0.0,0.13,6.5,15.1,34,28,12.6,18.2,18.6,16.0,14.4,0.299,0.318,0.308,0.38,0,0.0,0.0,0.0,0.0,0.0,0.0,0.0,0.0,0.0,0.0,0.0,0.0,0.0,9.571817203494746,78.99745861834319,217.17443520600003,731.7101279296875,1.428573665768903,249.33778766191492
40.808434,-8.4375,361.0,2019-06-27 22:00:00,14.1,92,12.8,14.1,0.0,0.0,0.0,0.0,0,1019.2,976.5,0,0,0,0,0.0,0.14,6.4,12.2,52,34,14.0,17.3,18.5,16.0,14.4,0.3,0.318,0.308,0.38,0,0.0,0.0,0.0,0.0,0.0,0.0,0.0,0.0,0.0,0.0,0.0,0.0,0.0,9.145233575454725,78.46216595523413,217.49456666200004,737.6521279296875,1.3535089436411147,250.40855966660524
40.808434,-8.4375,361.0,2019-06-27 23:00:00,13.6,92,12.3,13.5,0.0,0.0,0.0,0.0,0,1019.2,976.5,0,0,0,0,0.0,0.13,5.8,8.4,60,25,13.7,16.5,18.3,16.0,14.4,0.3,0.318,0.308,0.38,0,0.0,0.0,0.0,0.0,0.0,0.0,0.0,0.0,0.0,0.0,0.0,0.0,0.0,8.786342215188773,78.27177444126797,217.80416747800004,743.5041279296875,1.291457042394974,251.45414393734941
40.808434,-8.4375,361.0,2019-06-28 00:00:00,13.3,85,10.9,12.7,0.0,0.0,0.0,0.0,0,1019.5,976.7,0,0,0,0,0.0,0.22,5.6,8.0,45,355,12.2,16.3,18.0,16.1,14.4,0.299,0.316,0.306,0.38,0,0.0,0.0,0.0,0.0,0.0,0.0,0.0,0.0,0.0,0.0,0.0,0.0,0.0,8.991997547248864,78.68374226056496,218.37282203800004,749.3021279296875,1.326161743015998,252.66044145464863
40.808434,-8.4375,361.0,2019-06-28 01:00:00,13.1,82,10.1,12.4,0.0,0.0,0.0,0.0,0,1019.5,976.7,0,0,0,0,0.0,0.27,5.1,7.2,51,360,9.4,15.6,17.8,16.1,14.4,0.299,0.316,0.306,0.38,0,0.0,0.0,0.0,0.0,0.0,0.0,0.0,0.0,0.0,0.0,0.0,0.0,0.0,9.259791905250575,79.31188891224643,219.04572993400004,755.0641279296874,1.3719540398558634,253.92846975908924
40.808434,-8.4375,361.0,2019-06-28 02:00:00,12.9,80,9.5,12.0,0.0,0.0,0.0,0.0,0,1019.3,976.5,0,0,0,0,0.0,0.3,5.4,10.0,48,15,10.4,15.0,17.6,16.1,14.4,0.299,0.316,0.306,0.38,0,0.0,0.0,0.0,0.0,0.0,0.0,0.0,0.0,0.0,0.0,0.0,0.0,0.0,9.879156395206929,79.9208137149292,219.78287473400005,760.7901279296874,1.480606434564567,255.2321832701699
40.808434,-8.4375,361.0,2019-06-28 03:00:00,12.7,80,9.4,11.8,0.0,0.0,0.0,0.0,0,1019.1,976.2,0,0,0,0,0.0,0.29,5.4,11.9,48,14,11.2,14.5,17.4,16.1,14.4,0.3,0.316,0.306,0.38,0,0.0,0.0,0.0,0.0,0.0,0.0,0.0,0.0,0.0,0.0,0.0,0.0,0.0,10.17270609568194,80.25140447888487,220.50948889400004,766.4801279296875,1.53284394957221,256.5215669619333
40.808434,-8.4375,361.0,2019-06-28 04:00:00,12.7,81,9.6,11.5,0.0,0.0,0.0,0.0,0,1018.9,976.1,0,0,0,0,0.0,0.27,7.6,15.5,45,18,15.1,14.2,17.2,16.1,14.4,0.3,0.316,0.307,0.38,0,0.0,0.0,0.0,0.0,0.0,0.0,0.0,0.0,0.0,0.0,0.0,0.0,0.0,11.223296485172042,80.32759854674636,221.19977234600003,772.1701279296875,1.7265409714635758,257.7841535475412
40.808434,-8.4375,361.0,2019-06-28 05:00:00,12.6,83,9.7,11.1,0.0,0.0,0.0,0.0,0,1018.5,975.6,0,0,0,0,0.01,0.25,10.0,19.9,41,22,19.8,14.0,17.0,16.1,14.4,0.3,0.316,0.307,0.38,0,0.0,0.0,0.0,0.0,0.0,0.0,0.0,0.0,0.0,0.0,0.0,0.0,0.0,12.423850588893021,80.37376267670135,221.81291886000002,777.8421279296875,1.9581737411359388,258.9894095243361
40.808434,-8.4375,361.0,2019-06-28 06:00:00,14.1,78,10.2,12.5,0.0,0.0,0.0,0.0,0,1018.2,975.6,0,0,0,0,0.03,0.36,11.5,22.4,39,28,23.4,14.0,16.8,16.1,14.4,0.3,0.316,0.307,0.38,1,1076.85,34.0,16.0,18.0,146.0,34.0,86.3,76.6,36.0,40.5,245.4,45.6,194.3,13.813490806351291,80.90762300344953,222.69328036400003,783.7841279296875,2.239645676487065,260.41208836439114
40.808434,-8.4375,361.0,2019-06-28 07:00:00,16.8,71,11.5,15.9,0.0,0.0,0.0,0.0,0,1018.2,976.0,0,0,0,0,0.1,0.56,9.4,17.2,32,37,22.7,14.9,16.6,16.1,14.4,0.3,0.316,0.307,0.38,1,3600.0,178.0,122.0,56.0,513.9,178.0,314.2,246.1,168.7,77.4,513.9,246.1,434.4,14.505184284534604,82.33315315679735,224.05989417000004,790.2121279296875,2.384395635425345,262.23318439387964
40.808434,-8.4375,361.0,2019-06-28 08:00:00,18.8,63,11.7,18.2,0.0,0.0,0.0,0.0,0,1018.2,976.2,0,0,0,0,0.21,0.79,7.3,10.0,11,21,18.4,16.3,16.5,16.1,14.4,0.299,0.315,0.307,0.38,1,3600.0,359.0,283.0,76.0,678.0,359.0,552.4,434.2,342.3,91.9,678.0,434.2,668.1,15.928191090811746,84.0991606636651,225.99832172800004,797.0001279296876,2.693877838496043,264.49519717962
40.808434,-8.4375,361.0,2019-06-28 09:00:00,20.4,58,11.8,19.9,0.0,0.0,0.0,0.0,0,1017.9,976.2,0,0,0,0,0.33,1.01,7.2,9.4,360,7,18.4,17.9,16.6,16.1,14.4,0.297,0.315,0.306,0.38,1,3600.0,542.0,452.0,90.0,770.5,542.0,776.3,614.1,512.1,102.0,770.5,614.1,879.6,18.35148072490407,85.52055548711948,228.37561370800003,804.0761279296876,3.255050223859844,267.0972426080444
40.808434,-8.4375,361.0,2019-06-28 10:00:00,21.7,56,12.4,22.1,0.0,0.0,0.0,0.0,0,1017.8,976.3,0,0,0,0,0.44,1.15,8.4,10.4,340,346,21.2,19.5,16.7,16.1,14.4,0.294,0.314,0.306,0.38,1,3600.0,702.0,602.0,100.0,820.8,702.0,970.6,762.7,654.0,108.6,820.8,762.7,1054.5,20.915245209767324,86.36729496418451,231.01669822000002,811.3861279296875,3.893935089090102,269.91141561040644
40.808434,-8.4375,361.0,2019-06-28 11:00:00,22.5,57,13.6,23.7,0.0,0.0,0.0,0.0,0,1017.5,976.1,0,0,0,0,0.52,1.16,10.3,12.6,331,336,24.8,20.9,16.9,16.1,14.4,0.291,0.313,0.306,0.38,1,3600.0,826.0,718.0,108.0,846.8,826.0,1122.1,869.2,755.6,113.7,846.8,869.2,1180.8,22.833486626988154,86.55650314991794,233.68832158800004,818.8401279296875,4.401365218086127,272.76559526991775
40.808434,-8.4375,361.0,2019-06-28 12:00:00,23.0,60,14.7,24.7,0.0,0.0,0.0,0.0,0,1017.3,976.0,0,0,0,0,0.57,1.14,13.1,16.3,323,329,30.6,22.2,17.1,16.1,14.4,0.285,0.311,0.305,0.38,1,3600.0,907.0,794.0,113.0,861.0,907.0,1220.4,929.0,813.2,115.7,861.0,929.0,1250.0,36.876953125,93.482421875,211.5234375,680.1064453125,9.0712890625,235.0390625
40.808434,-8.4375,361.0,2019-06-28 13:00:00,23.0,64,15.8,24.9,0.0,0.0,0.0,0.0,0,1017.0,975.7,0,0,0,0,0.57,1.01,14.9,19.3,328,333,33.8,23.1,17.4,16.1,14.4,0.282,0.31,0.305,0.38,1,3600.0,941.0,828.0,113.0,870.5,941.0,1258.9,939.8,827.0,112.9,870.5,939.8,1257.3,30.558096455864284,87.95360822401135,213.807533316,687.6504453125,6.77255458722404,240.5965328535036
40.808434,-8.4375,361.0,2019-06-28 14:00:00,22.9,67,16.4,24.8,0.0,0.0,0.0,0.0,0,1016.7,975.4,0,0,0,0,0.55,0.93,15.8,20.3,333,337,35.6,23.6,17.8,16.1,14.4,0.278,0.309,0.304,0.38,1,3600.0,918.0,805.0,113.0,862.7,918.0,1234.9,893.7,783.7,110.0,862.7,893.7,1202.2,27.89360633778872,86.68731636583834,215.89260003599998,695.1764453124999,5.915612766861551,243.06823973568703
40.808434,-8.4375,361.0,2019-06-28 15:00:00,22.7,68,16.4,24.1,0.0,0.0,0.0,0.0,0,1016.5,975.2,0,0,0,0,0.5,0.89,16.1,20.8,331,337,35.6,23.9,18.1,16.1,14.4,0.275,0.309,0.304,0.38,1,3600.0,842.0,733.0,109.0,843.6,842.0,1150.0,797.0,693.8,103.2,843.6,797.0,1088.5,27.228461959910234,86.32550410166564,217.897633892,702.6664453125,5.706030554817317,245.48350709157415
40.808434,-8.4375,361.0,2019-06-28 16:00:00,21.9,68,15.7,22.3,0.0,0.0,0.0,0.0,0,1016.3,974.9,0,0,0,0,0.43,0.84,16.4,21.7,331,336,36.4,23.9,18.4,16.1,14.4,0.273,0.308,0.304,0.38,1,3600.0,721.0,618.0,103.0,809.8,721.0,1010.0,659.5,565.3,94.2,809.8,659.5,923.9,27.10437086192589,86.1654535827641,219.835271652,710.0124453125,5.663715162342069,247.83375899112136
40.808434,-8.4375,361.0,2019-06-28 17:00:00,20.9,68,14.7,20.1,0.0,0.0,0.0,0.0,0,1016.3,974.7,0,0,0,0,0.33,0.8,16.4,22.3,334,339,36.0,23.4,18.7,16.1,14.4,0.271,0.307,0.304,0.38,1,3600.0,565.0,471.0,94.0,756.0,565.0,824.5,493.1,411.1,82.0,756.0,493.1,719.6,26.705104773967722,86.0069066706683,221.688664292,717.1784453125,5.538853196499195,250.10275025889703
40.808434,-8.4375,361.0,2019-06-28 18:00:00,19.5,70,13.9,18.4,0.0,0.0,0.0,0.0,0,1016.2,974.4,0,0,0,0,0.23,0.67,16.5,22.5,337,340,35.3,22.6,18.9,16.1,14.4,0.27,0.307,0.304,0.38,1,3600.0,387.0,306.0,81.0,668.1,387.0,606.1,312.6,247.2,65.4,668.1,312.6,489.6,25.4958173405266,85.48692283377139,223.315648172,724.0924453125,5.17664345723928,252.18886185062135
40.808434,-8.4375,361.0,2019-06-28 19:00:00,18.0,76,13.7,17.2,0.0,0.0,0.0,0.0,0,1016.5,974.5,0,0,0,0,0.12,0.5,14.1,20.9,341,345,34.2,21.5,19.1,16.1,14.4,0.269,0.306,0.304,0.38,1,3600.0,206.0,144.0,62.0,515.5,206.0,369.7,139.0,97.2,41.8,515.5,139.0,249.5,20.722547403456403,84.22411488939748,224.522459516,730.7364453125,3.858923695001296,253.96491525654122
40.808434,-8.4375,361.0,2019-06-28 20:00:00,16.5,82,13.5,15.9,0.0,0.0,0.0,0.0,0,1016.5,974.3,1,1,0,0,0.04,0.33,11.9,21.3,346,355,28.8,20.2,19.1,16.1,14.4,0.269,0.306,0.304,0.38,1,2333.25,55.0,28.0,27.0,214.9,55.0,131.3,6.5,3.3,3.2,38.2,5.0,15.6,16.438285014071273,82.65502315952912,225.356486204,737.1104453125,2.8152296632938243,255.45929682986036
40.808434,-8.4375,361.0,2019-06-28 21:00:00,15.6,86,13.3,15.0,0.0,0.0,0.0,0.0,0,1016.8,974.5,1,1,0,0,0.01,0.25,11.9,22.0,3,5,24.8,19.1,19.1,16.2,14.4,0.269,0.306,0.304,0.38,0,0.0,0.0,0.0,0.0,0.0,0.0,0.0,0.0,0.0,0.0,0.0,0.0,0.0,14.483843885876855,81.27573112995924,225.97200211199998,743.3224453125,2.3831284268791384,256.7853950603809
40.808434,-8.4375,361.0,2019-06-28 22:00:00,15.2,87,13.0,14.5,0.0,0.0,0.0,0.0,0,1017.0,974.6,0,0,0,0,0.0,0.22,11.1,22.3,13,9,24.5,18.2,19.0,16.2,14.4,0.27,0.306,0.304,0.38,0,0.0,0.0,0.0,0.0,0.0,0.0,0.0,0.0,0.0,0.0,0.0,0.0,0.0,13.31411147484654,80.67088525254694,226.52986276599998,749.4624453125,2.1378646139686794,258.0594149273811
40.808434,-8.4375,361.0,2019-06-28 23:00:00,14.9,88,13.0,14.5,0.0,0.0,0.0,0.0,0,1016.5,974.1,1,1,0,0,0.0,0.2,9.4,20.4,18,14,23.0,17.6,18.9,16.2,14.4,0.27,0.306,0.304,0.38,0,0.0,0.0,0.0,0.0,0.0,0.0,0.0,0.0,0.0,0.0,0.0,0.0,0.0,11.976035760819265,80.22634808891932,227.03533348599998,755.5484453125,1.8701538807441629,259.28716662600925
40.808434,-8.4375,361.0,2019-06-29 00:00:00,14.6,90,12.9,14.2,0.0,0.0,0.0,0.0,0,1016.5,974.0,1,1,0,0,0.0,0.17,9.2,19.7,26,15,19.8,17.8,18.7,16.2,14.4,0.265,0.303,0.301,0.38,0,0.0,0.0,0.0,0.0,0.0,0.0,0.0,0.0,0.0,0.0,0.0,0.0,0.0,11.16829481085647,79.48075742828598,227.44866110599997,761.5804453125,1.7149998220101654,260.4423085201708
40.808434,-8.4375,361.0,2019-06-29 01:00:00,14.3,92,13.0,14.3,0.0,0.0,0.0,0.0,0,1016.4,973.9,0,0,0,0,0.0,0.13,6.7,15.5,36,18,19.1,17.2,18.6,16.2,14.4,0.266,0.303,0.301,0.38,0,0.0,0.0,0.0,0.0,0.0,0.0,0.0,0.0,0.0,0.0,0.0,0.0,0.0,9.388780424170465,78.60397928619231,227.77300481799998,767.5584453125,1.3916581216466242,261.52621676335366
40.808434,-8.4375,361.0,2019-06-29 02:00:00,13.8,94,12.9,14.1,0.0,0.0,0.0,0.0,0,1016.2,973.6,0,0,0,0,0.0,0.09,4.1,10.6,45,10,14.4,16.6,18.4,16.2,14.4,0.266,0.303,0.301,0.38,0,0.0,0.0,0.0,0.0,0.0,0.0,0.0,0.0,0.0,0.0,0.0,0.0,0.0,7.780261620925525,77.59877935297193,228.008364622,773.4464453125,1.1208590358335824,262.53300196231726
40.808434,-8.4375,361.0,2019-06-29 03:00:00,13.2,95,12.4,13.4,0.0,0.0,0.0,0.0,0,1016.2,973.5,0,0,0,0,0.0,0.08,4.1,7.2,52,6,9.0,16.1,18.3,16.2,14.4,0.266,0.302,0.301,0.38,0,0.0,0.0,0.0,0.0,0.0,0.0,0.0,0.0,0.0,0.0,0.0,0.0,0.0,7.394847601190291,76.84988317768607,228.196599812,779.2264453125,1.0588945681949713,263.4873841358811
40.808434,-8.4375,361.0,2019-06-29 04:00:00,13.4,93,12.3,13.7,0.0,0.0,0.0,0.0,0,1016.2,973.6,0,0,0,0,0.0,0.11,3.5,5.8,66,4,6.8,15.7,18.1,16.2,14.4,0.267,0.302,0.301,0.38,0,0.0,0.0,0.0,0.0,0.0,0.0,0.0,0.0,0.0,0.0,0.0,0.0,0.0,7.217795442559163,76.89489913871083,228.463814802,785.0424453125,1.030712027829927,264.4942186725042
40.808434,-8.4375,361.0,2019-06-29 05:00:00,13.5,92,12.3,13.8,0.0,0.0,0.0,0.0,0,1016.3,973.7,0,0,0,0,0.0,0.12,3.1,5.4,69,8,5.0,15.3,17.9,16.2,14.4,0.267,0.302,0.301,0.38,0,0.0,0.0,0.0,0.0,0.0,0.0,0.0,0.0,0.0,0.0,0.0,0.0,0.0,7.109163389755534,76.93992996177064,228.77130949,790.8764453125,1.0134633755296014,265.525702268952
40.808434,-8.4375,361.0,2019-06-29 06:00:00,15.1,89,13.3,15.8,0.0,0.0,0.0,0.0,0,1016.4,974.0,2,2,0,0,0.01,0.18,2.4,5.4,63,360,4.7,15.4,17.7,16.2,14.4,0.267,0.302,0.301,0.38,1,730.22,29.0,13.0,16.0,119.2,29.0,85.6,65.4,29.3,36.1,201.0,38.8,192.9,7.050896481329581,77.2876449584214,229.240449502,796.9984453124999,1.0041217839516445,266.7021959289901
40.808434,-8.4375,361.0,2019-06-29 07:00:00,16.4,87,14.3,17.3,0.0,0.0,0.0,0.0,0,1016.8,974.6,9,10,0,0,0.07,0.24,4.1,5.8,322,338,11.2,16.2,17.5,16.2,14.4,0.267,0.302,0.301,0.379,1,3600.0,156.0,98.0,58.0,414.7,156.0,312.7,216.0,135.7,80.3,414.7,216.0,433.0,7.985965715940017,77.94442828774864,229.839379652,803.3544453124999,1.1528982448132934,267.99535469752794
40.808434,-8.4375,361.0,2019-06-29 08:00:00,17.8,86,15.5,18.8,0.0,0.0,0.0,0.0,1,1017.2,975.1,35,39,0,0,0.16,0.28,6.1,7.6,320,329,16.9,17.4,17.5,16.2,14.4,0.267,0.302,0.301,0.379,1,3600.0,300.0,204.0,96.0,489.9,300.0,551.1,363.0,246.9,116.2,489.9,363.0,666.8,9.211606029584972,78.67155766788905,230.535981488,809.9624453124999,1.3584935623368486,269.38637259641666
40.808434,-8.4375,361.0,2019-06-29 09:00:00,18.9,85,16.3,20.0,0.0,0.0,0.0,0.0,2,1017.2,975.3,65,72,0,0,0.23,0.32,7.5,9.3,325,332,19.8,18.6,17.5,16.3,14.4,0.266,0.301,0.301,0.379,1,3600.0,410.0,266.0,144.0,454.1,410.0,775.1,464.7,301.5,163.2,454.1,464.7,878.5,10.336036512341138,79.37126943343698,231.325779488,816.7684453124999,1.557324148695975,270.8650476345306
40.808434,-8.4375,361.0,2019-06-29 10:00:00,20.3,82,17.1,22.0,0.0,0.0,0.0,0.0,3,1017.1,975.4,85,94,0,0,0.36,0.44,8.7,10.8,322,330,23.4,20.1,17.6,16.3,14.4,0.265,0.301,0.301,0.379,1,3600.0,628.0,414.0,214.0,565.0,628.0,969.6,682.4,449.9,232.5,565.0,682.4,1053.6,11.851765235443596,80.40747093270903,232.33988012,823.8264453124999,1.8406830115607842,272.5293486921569
40.808434,-8.4375,361.0,2019-06-29 11:00:00,21.1,79,17.4,22.9,0.0,0.0,0.0,0.0,3,1017.2,975.6,90,100,0,1,0.4,0.52,11.6,14.2,324,330,28.1,21.4,17.8,16.3,14.4,0.263,0.3,0.301,0.379,1,3600.0,697.0,371.0,326.0,437.9,697.0,1121.3,733.6,390.5,343.1,437.9,733.6,1180.1,14.660512584569139,81.5073199185082,233.567226212,831.0284453124999,2.4115302926674786,274.3580868782637
40.808434,-8.4375,361.0,2019-06-29 12:00:00,21.8,75,17.3,24.3,0.0,0.0,0.0,0.0,3,1017.3,975.8,85,92,1,4,0.5,0.64,13.1,16.9,339,344,31.7,21.9,17.8,16.3,14.4,0.261,0.3,0.301,0.379,1,3600.0,869.0,641.0,228.0,695.4,869.0,1219.8,890.1,656.6,233.5,695.4,890.1,1249.5,41.97265625,93.6318359375,217.5234375,689.3128662109375,11.119129180908203,240.828125
40.808434,-8.4375,361.0,2019-06-29 13:00:00,22.8,72,17.5,25.5,0.0,0.0,0.0,0.0,0,1017.3,975.9,11,1,14,6,0.54,0.78,13.3,16.6,327,333,31.3,23.1,18.1,16.3,14.4,0.258,0.299,0.301,0.379,1,3600.0,896.0,658.0,238.0,691.9,896.0,1258.4,894.9,657.2,237.7,691.9,894.9,1256.9,25.47483996372249,86.64162394800273,219.285213572,696.8208662109375,5.1817475745953425,245.45919986788195
40.808434,-8.4375,361.0,2019-06-29 14:00:00,22.9,72,17.6,25.2,0.0,0.0,0.0,0.0,2,1016.6,975.3,57,1,72,42,0.54,0.77,16.3,20.7,332,337,36.4,23.9,18.4,16.3,14.4,0.256,0.298,0.3,0.379,1,3600.0,916.0,792.0,124.0,848.9,916.0,1234.6,891.8,771.1,120.7,848.9,891.8,1202.0,25.773259614726754,85.68128331545218,221.054361092,704.3468662109375,5.265396593898336,247.73441664374494
40.808434,-8.4375,361.0,2019-06-29 15:00:00,21.4,76,16.9,21.7,0.0,0.0,0.0,0.0,0,1016.7,975.2,12,0,6,27,0.35,0.62,16.5,21.8,324,329,37.1,23.7,18.7,16.3,14.4,0.254,0.298,0.3,0.379,1,3600.0,588.0,273.0,315.0,314.2,588.0,1149.8,556.6,258.4,298.2,314.2,556.6,1088.4,23.48098995942299,84.63708189662927,222.475997492,711.6028662109375,4.605176299322257,249.74830270904022
40.808434,-8.4375,361.0,2019-06-29 16:00:00,20.8,75,16.1,20.8,0.0,0.0,0.0,0.0,0,1017.1,975.5,1,0,0,2,0.37,0.62,18.2,24.0,326,330,38.5,23.7,19.0,16.3,14.4,0.252,0.297,0.3,0.379,1,3600.0,657.0,496.0,161.0,649.9,657.0,1010.0,601.0,453.7,147.3,649.9,601.0,923.9,24.843690149824425,84.59452635666449,223.917378842,718.7508662109375,4.988101348001928,251.75632682603865
40.808434,-8.4375,361.0,2019-06-29 17:00:00,20.1,73,15.1,19.2,0.0,0.0,0.0,0.0,0,1017.1,975.4,3,0,0,10,0.31,0.63,18.3,25.0,338,342,40.3,23.3,19.2,16.3,14.4,0.25,0.296,0.3,0.379,1,3600.0,565.0,465.0,100.0,746.3,565.0,824.6,493.1,405.9,87.3,746.3,493.1,719.7,25.054236894773766,84.64209921430968,225.424313426,725.7728662109375,5.04584890762165,253.78512396268042
40.808434,-8.4375,361.0,2019-06-29 18:00:00,19.3,74,14.5,18.2,0.0,0.0,0.0,0.0,0,1017.0,975.2,0,0,0,0,0.22,0.59,17.8,24.8,339,343,39.6,22.6,19.4,16.3,14.4,0.249,0.296,0.3,0.379,1,3600.0,382.0,289.0,93.0,630.9,382.0,606.2,308.6,233.4,75.1,630.9,308.6,489.6,24.468618719275707,84.57414495401254,226.82067629,732.6508662109376,4.875045978500092,255.72060941418962
40.808434,-8.4375,361.0,2019-06-29 19:00:00,17.8,79,14.2,16.7,0.0,0.0,0.0,0.0,0,1016.8,974.8,0,0,0,0,0.12,0.42,16.7,24.4,346,351,37.4,21.5,19.5,16.3,14.4,0.249,0.296,0.3,0.379,1,3600.0,209.0,147.0,62.0,526.2,209.0,369.7,141.0,99.2,41.8,526.2,141.0,249.4,21.169204960668033,83.45225608963918,227.865579044,739.2588662109375,3.9714099420765607,257.3897373227549
40.808434,-8.4375,361.0,2019-06-29 20:00:00,16.3,84,13.7,15.4,0.0,0.0,0.0,0.0,0,1016.7,974.5,0,0,0,0,0.04,0.29,14.3,24.5,350,356,33.8,20.3,19.5,16.3,14.4,0.249,0.295,0.3,0.379,1,2331.61,55.0,29.0,26.0,222.6,55.0,131.2,6.5,3.4,3.1,39.2,4.9,15.4,16.94353904761077,81.99541671822809,228.59851158799998,745.5968662109375,2.928623000794467,258.8159151600211
40.808434,-8.4375,361.0,2019-06-29 21:00:00,15.4,87,13.3,14.5,0.0,0.0,0.0,0.0,0,1017.0,974.6,0,0,0,0,0.01,0.23,13.4,24.6,5,7,29.2,19.2,19.4,16.4,14.4,0.249,0.295,0.3,0.379,0,0.0,0.0,0.0,0.0,0.0,0.0,0.0,0.0,0.0,0.0,0.0,0.0,0.0,14.777014391006965,80.83208314695703,229.16321715799998,751.7728662109375,2.4439017373946412,260.1059431123902
40.808434,-8.4375,361.0,2019-06-29 22:00:00,14.9,89,13.1,14.1,0.0,0.0,0.0,0.0,0,1017.3,974.8,1,1,0,0,0.0,0.18,11.9,22.1,5,7,27.7,18.3,19.3,16.4,14.4,0.25,0.295,0.3,0.379,0,0.0,0.0,0.0,0.0,0.0,0.0,0.0,0.0,0.0,0.0,0.0,0.0,0.0,12.942718226921976,79.95032717623542,229.626565318,757.8588662109375,2.060688042252956,261.3127494785048
40.808434,-8.4375,361.0,2019-06-29 23:00:00,14.4,91,12.9,13.7,0.0,0.0,0.0,0.0,0,1017.0,974.5,1,1,0,0,0.0,0.15,11.3,21.4,9,7,24.1,17.6,19.2,16.4,14.4,0.25,0.295,0.3,0.379,0,0.0,0.0,0.0,0.0,0.0,0.0,0.0,0.0,0.0,0.0,0.0,0.0,0.0,11.764848166498831,79.04596526811375,229.993821388,763.8548662109375,1.827826704180841,262.43909027946046
40.808434,-8.4375,361.0,2019-06-30 00:00:00,14.2,92,13.0,13.9,0.0,0.0,0.0,0.0,0,1017.3,974.7,2,2,0,0,0.0,0.13,8.9,17.7,21,12,22.7,17.7,19.1,16.4,14.4,0.247,0.293,0.299,0.379,0,0.0,0.0,0.0,0.0,0.0,0.0,0.0,0.0,0.0,0.0,0.0,0.0,0.0,10.20643957024682,78.46975130388753,230.31605897199998,769.8148662109376,1.5362560860702354,263.5256621763326
40.808434,-8.4375,361.0,2019-06-30 01:00:00,14.0,94,13.0,14.0,0.0,0.0,0.0,0.0,0,1016.8,974.2,1,1,0,0,0.0,0.1,6.4,12.3,47,21,18.4,17.1,18.9,16.4,14.4,0.247,0.293,0.299,0.379,0,0.0,0.0,0.0,0.0,0.0,0.0,0.0,0.0,0.0,0.0,0.0,0.0,0.0,8.588811555797966,77.54942500503331,230.554577968,775.7388662109375,1.2536615672218046,264.5467035345187
40.808434,-8.4375,361.0,2019-06-30 02:00:00,13.8,95,13.0,14.1,0.0,0.0,0.0,0.0,0,1016.5,973.9,0,0,0,0,0.0,0.08,4.0,8.1,63,13,13.3,16.6,18.8,16.4,14.4,0.248,0.293,0.299,0.379,0,0.0,0.0,0.0,0.0,0.0,0.0,0.0,0.0,0.0,0.0,0.0,0.0,0.0,7.3829629001213695,76.888551680506,230.75071113799999,781.6268662109376,1.0565239049942112,265.52885008722683
40.808434,-8.4375,361.0,2019-06-30 03:00:00,13.6,96,12.9,14.2,0.0,0.0,0.0,0.0,0,1016.3,973.7,0,0,0,0,0.0,0.07,2.2,2.6,90,34,9.0,16.2,18.6,16.4,14.4,0.248,0.293,0.299,0.379,0,0.0,0.0,0.0,0.0,0.0,0.0,0.0,0.0,0.0,0.0,0.0,0.0,0.0,6.5287302524332755,76.26529572063781,230.90551154599999,787.4788662109376,0.9240260683974921,266.47252665572415
40.808434,-8.4375,361.0,2019-06-30 04:00:00,13.4,96,12.7,13.8,0.0,0.0,0.0,0.0,0,1016.3,973.7,0,0,0,0,0.0,0.06,3.3,3.4,131,198,6.1,15.9,18.4,16.4,14.4,0.249,0.293,0.299,0.379,0,0.0,0.0,0.0,0.0,0.0,0.0,0.0,0.0,0.0,0.0,0.0,0.0,0.0,6.784296872479455,76.04593542675845,231.05820582599998,793.2948662109376,0.962778631721874,267.4037340324481
40.808434,-8.4375,361.0,2019-06-30 05:00:00,13.3,96,12.7,13.5,0.0,0.0,0.0,0.0,0,1016.7,974.0,3,3,0,0,0.0,0.05,4.5,5.5,166,212,7.9,15.6,18.2,16.4,14.5,0.249,0.293,0.299,0.379,0,0.0,0.0,0.0,0.0,0.0,0.0,0.0,0.0,0.0,0.0,0.0,0.0,0.0,7.140146318251184,75.96789562933158,231.20984704199998,799.0928662109376,1.0176965730421603,268.32589309232617
40.808434,-8.4375,361.0,2019-06-30 06:00:00,14.4,94,13.5,15.2,0.0,0.0,0.0,0.0,0,1016.9,974.4,10,11,0,0,0.01,0.09,1.9,1.3,158,214,7.9,15.7,18.0,16.4,14.5,0.249,0.292,0.299,0.379,1,614.1,27.0,12.0,15.0,110.6,27.0,84.8,60.9,27.1,33.8,187.2,36.0,191.3,6.341338625207798,76.01262040186259,231.45468442199999,805.0888662109376,0.8952817266011823,269.33315755961553
40.808434,-8.4375,361.0,2019-06-30 07:00:00,15.6,90,14.1,16.3,0.0,0.0,0.0,0.0,3,1017.6,975.2,90,100,0,0,0.07,0.17,4.7,5.2,203,196,13.0,16.4,17.8,16.4,14.5,0.249,0.292,0.299,0.379,1,3600.0,150.0,90.0,60.0,382.7,150.0,311.2,208.0,124.8,83.2,382.7,208.0,431.5,7.471378704264889,76.56270410872474,231.89433864199998,811.3008662109376,1.069451892777784,270.4976454989672
40.808434,-8.4375,361.0,2019-06-30 08:00:00,16.5,89,14.6,17.2,0.0,0.0,0.0,0.0,3,1018.3,976.0,90,100,0,0,0.13,0.21,5.3,6.3,242,246,16.2,17.3,17.8,16.5,14.5,0.249,0.292,0.299,0.379,1,3600.0,243.0,98.0,145.0,235.9,243.0,549.6,294.2,118.7,175.6,235.9,294.2,665.5,7.988624136406896,77.17799873014062,232.40402161799997,817.6748662109376,1.1524723890124946,271.72799896721455
40.808434,-8.4375,361.0,2019-06-30 09:00:00,16.9,90,15.2,17.9,0.0,0.0,0.0,0.0,3,1018.6,976.4,90,100,0,0,0.15,0.19,5.1,6.0,278,287,16.2,18.1,17.7,16.5,14.5,0.249,0.292,0.299,0.379,1,867.69,254.0,52.0,202.0,88.9,254.0,773.8,288.0,59.0,229.0,88.9,288.0,877.3,8.0634878829001,77.44367401541618,232.87790041799997,824.1208662109376,1.164437427452395,272.93949474634735
40.808434,-8.4375,361.0,2019-06-30 10:00:00,17.9,86,15.6,18.8,0.0,0.0,0.0,0.0,3,1018.9,976.8,90,100,0,0,0.21,0.28,7.2,8.6,297,303,19.1,19.0,17.8,16.5,14.5,0.248,0.291,0.299,0.379,1,2544.97,360.0,106.0,254.0,144.8,360.0,968.5,391.2,115.2,276.0,144.8,391.2,1052.5,9.481247573483822,78.42097971532051,233.57818797799996,830.7468662109376,1.4040615078134147,274.3272762828678
40.808434,-8.4375,361.0,2019-06-30 11:00:00,18.9,83,15.9,19.6,0.0,0.0,0.0,0.0,3,1018.8,976.8,90,100,0,0,0.26,0.38,9.0,11.0,307,311,23.0,19.9,17.8,16.5,14.5,0.247,0.291,0.299,0.379,1,786.66,446.0,73.0,373.0,86.2,446.0,1120.4,469.5,76.8,392.6,86.2,469.5,1179.3,11.24860863791767,79.63763200576383,234.47329237799997,837.5528662109376,1.724589042077681,275.87103884407554
40.808434,-8.4375,361.0,2019-06-30 12:00:00,18.9,84,16.2,19.8,0.0,0.0,0.0,0.0,3,1019.5,977.5,90,100,0,0,0.31,0.35,8.9,10.6,291,294,25.6,20.8,17.9,16.5,14.5,0.249,0.292,0.3,0.379,1,3410.25,531.0,160.0,371.0,173.7,531.0,1219.1,544.0,163.9,380.1,173.7,544.0,1248.9,43.467750549316406,92.68391418457031,222.4140625,698.0098876953125,11.6005859375,245.4269256591797
40.808434,-8.4375,361.0,2019-06-30 13:00:00,19.5,82,16.3,20.2,0.0,0.0,0.0,0.0,3,1019.5,977.6,90,100,0,0,0.33,0.41,11.5,14.5,290,293,27.7,21.5,18.1,16.5,14.5,0.247,0.292,0.3,0.379,1,3564.89,584.0,170.0,414.0,178.8,584.0,1257.9,583.4,169.8,413.5,178.8,583.4,1256.5,19.091832008207692,84.3683542814488,223.390252828,704.9238876953125,3.4514743863740227,249.2847638979704
40.808434,-8.4375,361.0,2019-06-30 14:00:00,19.3,82,16.1,19.3,0.0,0.0,0.0,0.0,3,1019.9,977.9,90,100,0,0,0.31,0.4,15.1,19.6,298,302,33.8,21.8,18.3,16.5,14.5,0.246,0.291,0.3,0.379,1,3600.0,574.0,187.0,387.0,200.5,574.0,1234.3,558.9,182.1,376.8,200.5,558.9,1201.8,19.01985917575124,82.94570296291505,224.35696558,711.8018876953125,3.4318885626158924,250.96004816079153
40.808434,-8.4375,361.0,2019-06-30 15:00:00,19.3,81,16.0,19.6,0.0,0.0,0.0,0.0,3,1020.0,978.1,90,100,0,0,0.33,0.43,14.4,18.9,307,310,34.6,22.1,18.5,16.5,14.5,0.244,0.291,0.3,0.379,1,3600.0,599.0,250.0,349.0,287.7,599.0,1149.7,567.0,236.7,330.4,287.7,567.0,1088.3,18.535767141115915,82.94248237726701,225.377384596,718.6798876953126,3.311584797980307,252.66553885542803
40.808434,-8.4375,361.0,2019-06-30 16:00:00,18.5,83,15.5,18.3,0.0,0.0,0.0,0.0,3,1019.8,977.7,90,100,0,0,0.2,0.37,14.8,19.4,315,318,33.1,21.7,18.6,16.5,14.5,0.243,0.29,0.3,0.379,1,165.38,343.0,50.0,293.0,65.5,343.0,1009.9,313.8,45.7,268.0,65.5,313.8,923.9,17.86947542638422,82.3837837984135,226.25458690800002,725.4138876953126,3.1497289550637717,254.25533383202387
40.808434,-8.4375,361.0,2019-06-30 17:00:00,18.5,82,15.4,18.0,0.0,0.0,0.0,0.0,3,1019.8,977.7,90,100,0,0,0.2,0.38,15.8,21.5,319,322,34.2,21.5,18.8,16.5,14.5,0.243,0.29,0.3,0.379,1,3495.97,366.0,110.0,256.0,176.5,366.0,824.5,319.4,96.0,223.4,176.5,319.4,719.7,18.631381648817918,82.43062677863952,227.18338935600002,732.1478876953126,3.3318183718630965,255.8742017039366
40.808434,-8.4375,361.0,2019-06-30 18:00:00,17.3,86,15.0,16.6,0.0,0.0,0.0,0.0,3,1019.9,977.7,90,100,0,0,0.13,0.27,16.9,23.4,320,323,35.6,20.9,18.9,16.5,14.5,0.242,0.289,0.3,0.379,1,3600.0,253.0,96.0,157.0,209.6,253.0,606.1,204.3,77.5,126.8,209.6,204.3,489.6,17.676322142728402,81.37445668037208,227.86156257200003,738.6658876953127,3.1012507359504355,257.2972818184942
40.808434,-8.4375,361.0,2019-06-30 19:00:00,16.2,89,14.4,15.3,0.0,0.0,0.0,0.0,3,1020.1,977.7,90,100,0,0,0.07,0.2,16.1,23.6,326,329,35.3,20.1,18.9,16.5,14.5,0.242,0.289,0.3,0.378,1,2818.52,124.0,43.0,81.0,154.0,124.0,369.6,83.6,29.0,54.6,154.0,83.6,249.3,15.509617348795075,80.16658635242237,228.36255777000002,744.9858876953127,2.6046631959823574,258.572658458834
40.808434,-8.4375,361.0,2019-06-30 20:00:00,15.6,91,14.1,15.0,0.0,0.0,0.0,0.0,3,1020.3,977.8,89,99,0,0,0.03,0.16,13.8,22.1,332,336,33.8,19.2,18.9,16.5,14.5,0.242,0.289,0.3,0.378,1,0.0,22.0,2.0,20.0,15.4,22.0,131.0,2.5,0.2,2.3,2.7,1.9,15.2,13.148674642268196,79.19642194252002,228.75824656800003,751.1978876953127,2.1031951662372883,259.7589831410561
40.808434,-8.4375,361.0,2019-06-30 21:00:00,15.3,93,14.1,14.8,0.0,0.0,0.0,0.0,3,1020.7,978.1,88,98,0,0,0.0,0.12,12.6,20.8,340,346,28.8,18.5,18.9,16.5,14.5,0.243,0.289,0.3,0.378,0,0.0,0.0,0.0,0.0,0.0,0.0,0.0,0.0,0.0,0.0,0.0,0.0,0.0,11.659928164529642,78.20202452553467,229.06047593600005,757.3558876953127,1.80832399566033,260.871243497295
40.808434,-8.4375,361.0,2019-06-30 22:00:00,15.0,94,14.1,14.8,0.0,0.0,0.0,0.0,3,1021.1,978.5,90,100,0,0,0.0,0.1,10.4,17.2,346,349,25.9,17.9,18.8,16.5,14.5,0.243,0.289,0.3,0.378,0,0.0,0.0,0.0,0.0,0.0,0.0,0.0,0.0,0.0,0.0,0.0,0.0,0.0,10.18857203520705,77.54927753405478,229.31479089200005,763.4598876953128,1.5335983489455396,261.9383655873578
40.808434,-8.4375,361.0,2019-06-30 23:00:00,14.9,95,14.0,14.9,0.0,0.0,0.0,0.0,3,1020.9,978.3,90,100,0,0,0.0,0.09,8.8,13.9,341,350,22.0,17.5,18.7,16.5,14.5,0.243,0.289,0.3,0.378,0,0.0,0.0,0.0,0.0,0.0,0.0,0.0,0.0,0.0,0.0,0.0,0.0,0.0,9.163725814906917,76.95457439162854,229.52540369200005,769.5458876953128,1.3521115941582345,262.96809466931563
40.808434,-8.4375,361.0,2019-07-01 00:00:00,15.0,96,14.4,15.5,0.0,0.0,0.0,0.0,3,1020.9,978.3,90,100,0,0,0.0,0.07,7.0,12.1,339,350,18.7,17.3,18.7,16.6,14.5,0.246,0.29,0.301,0.378,0,0.0,0.0,0.0,0.0,0.0,0.0,0.0,0.0,0.0,0.0,0.0,0.0,0.0,8.172749512057422,76.36254009266534,229.67665095600006,775.9498876953128,1.1845503849424759,263.9983579858776
40.808434,-8.4375,361.0,2019-07-01 01:00:00,15.0,96,14.4,15.5,0.0,0.0,0.0,0.0,3,1020.5,977.9,90,100,0,0,0.0,0.06,6.6,12.1,331,343,15.1,17.2,18.6,16.6,14.5,0.246,0.29,0.301,0.378,0,0.0,0.0,0.0,0.0,0.0,0.0,0.0,0.0,0.0,0.0,0.0,0.0,0.0,7.962472366065344,76.21833400888055,229.82789822000007,782.3538876953128,1.1498038791671639,265.02117771096874
40.808434,-8.4375,361.0,2019-07-01 02:00:00,14.8,97,14.3,15.0,0.0,0.0,0.0,0.0,3,1020.1,977.5,90,100,0,0,0.0,0.06,8.7,14.2,336,344,18.4,17.0,18.5,16.6,14.5,0.246,0.29,0.301,0.378,0,0.0,0.0,0.0,0.0,0.0,0.0,0.0,0.0,0.0,0.0,0.0,0.0,0.0,8.469050642687417,75.65305281352047,229.93992453200008,788.7218876953128,1.2331857304513445,266.00530278390613
40.808434,-8.4375,361.0,2019-07-01 03:00:00,14.6,97,14.2,14.7,0.0,0.0,0.0,0.0,3,1019.8,977.2,90,100,0,0,0.0,0.05,8.9,13.6,339,348,19.1,16.8,18.3,16.6,14.5,0.247,0.29,0.301,0.378,0,0.0,0.0,0.0,0.0,0.0,0.0,0.0,0.0,0.0,0.0,0.0,0.0,0.0,8.476736102873097,75.49912208486138,230.05054170800008,795.0538876953128,1.234211909642163,266.97593783575877
40.808434,-8.4375,361.0,2019-07-01 04:00:00,14.5,98,14.1,14.8,0.0,0.0,0.0,0.0,3,1019.7,977.1,90,100,0,0,0.0,0.04,6.8,10.9,342,352,18.4,16.6,18.2,16.6,14.5,0.247,0.289,0.301,0.378,0,0.0,0.0,0.0,0.0,0.0,0.0,0.0,0.0,0.0,0.0,0.0,0.0,0.0,7.4987789044038635,74.92132614216534,230.12381678000008,801.3678876953128,1.0743732919890883,267.9114700222611
40.808434,-8.4375,361.0,2019-07-01 05:00:00,14.1,100,14.1,15.0,0.0,0.0,0.0,0.0,3,1019.6,976.9,90,100,0,0,0.0,0.01,3.1,7.6,21,19,14.0,16.4,18.1,16.6,14.5,0.248,0.289,0.301,0.378,0,0.0,0.0,0.0,0.0,0.0,0.0,0.0,0.0,0.0,0.0,0.0,0.0,0.0,5.9398267186802665,73.62078005475126,230.12381678000008,807.6098876953128,0.8359641071138059,268.7796061602503
40.808434,-8.4375,361.0,2019-07-01 06:00:00,14.8,95,14.0,15.7,0.0,0.0,0.0,0.0,3,1019.5,976.9,87,97,0,0,0.01,0.08,2.7,3.1,67,54,8.6,16.4,17.9,16.6,14.5,0.248,0.289,0.301,0.378,1,0.0,17.0,3.0,14.0,27.8,17.0,84.0,38.4,6.8,31.6,47.3,22.6,189.6,5.8903413045584125,73.86658752096496,230.31052730000008,813.9778876953128,0.8285668358510789,269.7853702815484
40.808434,-8.4375,361.0,2019-07-01 07:00:00,16.2,89,14.4,17.3,0.0,0.0,0.0,0.0,3,1019.8,977.4,90,100,0,0,0.04,0.21,2.3,2.6,309,326,8.3,16.8,17.8,16.6,14.5,0.248,0.289,0.301,0.378,1,0.0,67.0,6.0,61.0,25.6,67.0,309.6,93.0,8.3,84.7,25.6,93.0,429.9,6.146580100384668,75.12301594976296,230.75745826800008,820.5978876953128,0.8660071108057318,270.99854031839857
40.808434,-8.4375,361.0,2019-07-01 08:00:00,17.2,86,14.9,18.2,0.0,0.0,0.0,0.0,3,1019.8,977.6,86,96,0,0,0.08,0.27,4.1,4.9,322,324,12.2,17.4,17.8,16.6,14.5,0.249,0.289,0.301,0.378,1,0.0,126.0,5.0,121.0,12.1,126.0,548.1,152.6,6.1,146.6,12.1,152.6,664.0,7.388967732492586,76.81192525105274,231.35915934000008,827.3978876953128,1.056005863805284,272.3383888856089
40.808434,-8.4375,361.0,2019-07-01 09:00:00,18.9,81,15.5,19.8,0.0,0.0,0.0,0.0,3,1019.5,977.5,90,100,0,0,0.2,0.42,6.4,8.0,317,324,17.6,18.5,17.8,16.6,14.5,0.248,0.289,0.301,0.378,1,3600.0,342.0,130.0,212.0,222.7,342.0,772.4,387.9,147.4,240.4,222.7,387.9,876.0,9.660503856500915,79.10268685524454,232.25161214000008,834.5038876953128,1.4356268585567662,273.9175533024071
40.808434,-8.4375,361.0,2019-07-01 10:00:00,20.0,75,15.4,20.7,0.1,0.1,0.0,0.0,51,1019.5,977.7,90,100,0,0,0.25,0.59,8.4,10.7,313,318,22.0,19.5,17.8,16.6,14.5,0.248,0.288,0.301,0.378,1,3534.96,389.0,130.0,259.0,177.8,389.0,967.3,422.8,141.3,281.5,177.8,422.8,1051.5,12.844523815765998,81.43385232701378,233.4904775400001,841.8078876953127,2.0348300825723222,275.7620855782669
40.808434,-8.4375,361.0,2019-07-01 11:00:00,20.7,72,15.6,21.4,0.1,0.1,0.0,0.0,51,1019.3,977.6,90,100,0,0,0.31,0.68,8.6,10.8,303,307,22.7,20.4,17.9,16.6,14.5,0.248,0.288,0.301,0.378,1,3600.0,482.0,174.0,308.0,205.7,482.0,1119.4,507.4,183.2,324.2,205.7,507.4,1178.4,14.84317652049551,82.8688635384158,234.92403856400009,849.2378876953127,2.44927224884198,277.75806514837285
40.808434,-8.4375,361.0,2019-07-01 12:00:00,20.9,70,15.3,21.6,0.0,0.0,0.0,0.0,3,1019.6,977.9,90,100,0,0,0.36,0.73,8.4,9.7,277,285,27.4,21.3,18.1,16.6,14.5,0.245,0.287,0.301,0.378,1,3600.0,578.0,224.0,354.0,243.3,578.0,1218.3,592.2,229.5,362.7,243.3,592.2,1248.2,46.31751251220703,92.61813354492188,226.7109375,706.6976928710938,12.781476974487305,249.6796875
40.808434,-8.4375,361.0,2019-07-01 13:00:00,20.8,72,15.6,21.4,0.0,0.0,0.0,0.0,3,1019.6,977.9,90,100,0,0,0.36,0.69,10.6,12.6,280,283,25.6,22.0,18.3,16.6,14.5,0.243,0.287,0.301,0.378,1,3600.0,584.0,200.0,384.0,210.5,584.0,1257.4,583.4,199.8,383.6,210.5,583.4,1256.1,22.828806325280258,86.47919192745964,228.151074492,714.1456928710937,4.419788683470336,253.6864798621167
40.808434,-8.4375,361.0,2019-07-01 14:00:00,20.7,76,16.3,22.0,0.0,0.0,0.0,0.0,3,1019.2,977.5,90,100,0,0,0.39,0.6,10.5,12.9,297,300,27.7,22.6,18.5,16.6,14.5,0.241,0.286,0.3,0.378,1,3600.0,653.0,260.0,393.0,278.8,653.0,1233.9,635.9,253.2,382.7,278.8,635.9,1201.5,19.090691877106092,84.72511975101737,229.379841084,721.5756928710937,3.4447072317212957,255.61650158590933
40.808434,-8.4375,361.0,2019-07-01 15:00:00,20.8,75,16.3,22.1,0.0,0.0,0.0,0.0,3,1018.9,977.2,88,98,0,0,0.4,0.6,11.7,14.6,304,308,28.8,23.1,18.7,16.6,14.5,0.24,0.286,0.3,0.378,1,3600.0,685.0,377.0,308.0,434.0,685.0,1149.5,648.5,356.9,291.6,434.0,648.5,1088.2,19.735737829283703,84.61216765941587,230.665677684,729.0236928710937,3.6035487524231304,257.58183992919123
40.808434,-8.4375,361.0,2019-07-01 16:00:00,21.2,73,16.2,22.5,0.0,0.0,0.0,0.0,2,1018.6,977.0,73,77,0,12,0.39,0.68,10.0,12.5,311,316,28.8,23.4,18.9,16.6,14.5,0.238,0.285,0.3,0.378,1,3600.0,652.0,417.0,235.0,546.4,652.0,1009.8,596.5,381.5,215.0,546.4,596.5,923.8,18.634166547179422,84.65974634134326,232.07974566000001,736.5436928710936,3.329199248616159,259.6358826386616
40.808434,-8.4375,361.0,2019-07-01 17:00:00,20.2,75,15.5,20.2,0.0,0.0,0.0,0.0,0,1018.2,976.4,16,5,0,40,0.27,0.6,13.0,17.0,298,302,29.5,23.1,19.2,16.6,14.5,0.237,0.285,0.3,0.378,1,3600.0,459.0,264.0,195.0,423.7,459.0,824.5,400.6,230.4,170.2,423.7,400.6,719.6,20.527132784503955,84.5224454807294,233.33035386,743.8836928710937,3.8009049233180887,261.55725249132666
40.808434,-8.4375,361.0,2019-07-01 18:00:00,19.8,75,15.1,19.8,0.0,0.0,0.0,0.0,0,1017.8,976.0,8,5,0,11,0.23,0.59,11.5,15.5,311,316,29.9,22.6,19.3,16.7,14.5,0.236,0.284,0.3,0.378,1,3600.0,393.0,299.0,94.0,652.8,393.0,606.0,317.4,241.5,75.9,652.8,317.4,489.4,19.297744570242877,84.44848485976212,234.55747646,751.1516928710937,3.4890618489057688,263.45011933549785
40.808434,-8.4375,361.0,2019-07-01 19:00:00,19.0,79,15.2,19.5,0.0,0.0,0.0,0.0,0,1017.7,975.8,0,0,0,0,0.12,0.47,8.5,11.9,324,331,25.9,21.7,19.4,16.7,14.5,0.235,0.284,0.3,0.378,1,3600.0,210.0,146.0,64.0,522.9,210.0,369.4,141.6,98.4,43.1,522.9,141.6,249.1,15.882552317389326,83.61348988074216,235.548803636,758.2756928710937,2.6832772652433885,265.16904125959525
40.808434,-8.4375,361.0,2019-07-01 20:00:00,16.3,92,15.1,17.2,0.0,0.0,0.0,0.0,0,1017.4,975.1,0,0,0,0,0.02,0.14,5.6,9.0,320,355,18.0,20.5,19.5,16.7,14.5,0.235,0.284,0.3,0.378,1,2323.26,57.0,30.0,27.0,230.5,57.0,130.7,6.4,3.4,3.1,38.9,4.9,14.8,9.86411792424846,79.77816272109989,235.875723188,764.9136928710938,1.4738688812450194,266.3873775125916
40.808434,-8.4375,361.0,2019-07-01 21:00:00,16.6,89,14.8,17.7,0.0,0.0,0.0,0.0,0,1017.5,975.3,0,0,0,0,0.0,0.2,3.3,5.4,41,20,10.1,19.1,19.4,16.7,14.5,0.236,0.284,0.3,0.378,0,0.0,0.0,0.0,0.0,0.0,0.0,0.0,0.0,0.0,0.0,0.0,0.0,0.0,8.977828087777368,79.82414545462728,236.33298782,771.6056928710938,1.3187589682751795,267.6905034590267
40.808434,-8.4375,361.0,2019-07-01 22:00:00,15.2,93,14.1,16.2,0.0,0.0,0.0,0.0,0,1017.5,975.1,0,0,0,0,0.0,0.12,2.8,1.3,130,214,6.1,18.0,19.3,16.7,14.5,0.236,0.284,0.3,0.378,0,0.0,0.0,0.0,0.0,0.0,0.0,0.0,0.0,0.0,0.0,0.0,0.0,0.0,7.844124031518463,78.46894817166057,236.600958516,778.0456928710938,1.1296389502240332,268.82788294831886
40.808434,-8.4375,361.0,2019-07-01 23:00:00,13.9,96,13.4,14.3,0.0,0.0,0.0,0.0,0,1017.2,974.6,0,0,0,0,0.0,0.06,4.8,4.7,132,157,8.6,17.1,19.2,16.7,14.5,0.237,0.283,0.3,0.378,0,0.0,0.0,0.0,0.0,0.0,0.0,0.0,0.0,0.0,0.0,0.0,0.0,0.0,7.566596131573525,76.69387951897824,236.741872116,784.2516928710938,1.0847642386333336,269.8413692452395
40.808434,-8.4375,361.0,2019-07-02 00:00:00,14.2,96,13.6,14.5,0.0,0.0,0.0,0.0,0,1017.3,974.7,2,2,0,0,0.0,0.06,6.1,9.1,118,146,11.2,16.8,19.0,16.7,14.5,0.237,0.283,0.3,0.378,0,0.0,0.0,0.0,0.0,0.0,0.0,0.0,0.0,0.0,0.0,0.0,0.0,0.0,7.798346093962624,76.22615631367157,236.88560398799999,790.5116928710938,1.1217757149679097,270.8575380360394
40.808434,-8.4375,361.0,2019-07-02 01:00:00,13.7,96,13.0,13.9,0.0,0.0,0.0,0.0,0,1016.7,974.1,5,6,0,0,0.0,0.07,5.3,11.1,118,151,12.6,16.3,18.8,16.7,14.5,0.237,0.283,0.3,0.378,0,0.0,0.0,0.0,0.0,0.0,0.0,0.0,0.0,0.0,0.0,0.0,0.0,0.0,7.448571130993185,76.05590762793625,237.02463873999997,796.6816928710938,1.065549407021898,271.85042654617104
40.808434,-8.4375,361.0,2019-07-02 02:00:00,13.5,95,12.7,13.6,0.0,0.0,0.0,0.0,0,1016.2,973.6,2,2,0,0,0.0,0.08,5.0,10.8,120,150,10.4,15.9,18.6,16.7,14.5,0.237,0.283,0.3,0.378,0,0.0,0.0,0.0,0.0,0.0,0.0,0.0,0.0,0.0,0.0,0.0,0.0,0.0,7.368101332000595,76.10066145765902,237.19608361999997,802.8156928710938,1.0526045663012469,272.8527483020559
40.808434,-8.4375,361.0,2019-07-02 03:00:00,13.7,94,12.8,13.9,0.0,0.0,0.0,0.0,0,1015.9,973.3,1,1,0,0,0.0,0.09,5.1,11.2,135,159,10.1,15.7,18.4,16.7,14.5,0.238,0.283,0.3,0.378,0,0.0,0.0,0.0,0.0,0.0,0.0,0.0,0.0,0.0,0.0,0.0,0.0,0.0,7.422477602444002,76.14543006287411,237.40463574799998,808.9856928710938,1.0610092285391521,273.8785396211416
40.808434,-8.4375,361.0,2019-07-02 04:00:00,13.4,95,12.6,13.5,0.0,0.0,0.0,0.0,0,1015.5,972.9,0,0,0,0,0.0,0.07,4.6,8.0,129,162,9.7,15.4,18.2,16.7,14.5,0.238,0.283,0.3,0.378,0,0.0,0.0,0.0,0.0,0.0,0.0,0.0,0.0,0.0,0.0,0.0,0.0,0.0,7.27566775206207,76.19021344845967,237.57490634799998,815.1016928710937,1.037650907727392,274.8649455668152
40.808434,-8.4375,361.0,2019-07-02 05:00:00,13.1,95,12.3,13.4,0.0,0.0,0.0,0.0,0,1015.3,972.7,1,1,0,0,0.0,0.08,3.2,2.8,90,140,8.6,15.2,18.0,16.7,14.5,0.238,0.282,0.3,0.378,0,0.0,0.0,0.0,0.0,0.0,0.0,0.0,0.0,0.0,0.0,0.0,0.0,0.0,6.840437069514052,76.23501161929548,237.74165410799998,821.1636928710938,0.9698317300355075,275.8351901409584
40.808434,-8.4375,361.0,2019-07-02 06:00:00,15.1,90,13.5,15.9,0.0,0.0,0.0,0.0,0,1015.4,973.0,1,1,0,0,0.01,0.17,2.1,2.6,59,16,6.5,15.3,17.8,16.7,14.5,0.239,0.282,0.3,0.378,1,497.8,26.0,11.0,15.0,102.6,26.0,83.1,58.8,24.9,33.9,175.1,34.4,187.8,6.661114293093287,76.62531666253606,238.12212082799996,827.5856928710938,0.9422277243586683,276.99445854112395
40.808434,-8.4375,361.0,2019-07-02 07:00:00,17.5,82,14.4,18.4,0.0,0.0,0.0,0.0,0,1015.3,973.3,0,0,0,0,0.08,0.36,3.6,4.4,315,351,9.7,16.2,17.6,16.7,14.5,0.239,0.282,0.3,0.378,1,3600.0,149.0,95.0,54.0,408.4,149.0,307.8,207.3,132.2,75.1,408.4,207.3,428.2,8.126419682155552,78.44499212292838,238.90841871599997,834.4396928710938,1.1736131096548934,278.48455978599117
40.808434,-8.4375,361.0,2019-07-02 08:00:00,18.9,79,15.1,20.0,0.0,0.0,0.0,0.0,0,1015.1,973.3,0,0,0,0,0.18,0.46,4.4,4.6,305,315,13.7,17.6,17.6,16.7,14.5,0.238,0.282,0.3,0.378,1,3600.0,323.0,250.0,73.0,605.3,323.0,546.5,391.5,303.1,88.5,605.3,391.5,662.5,9.701103122248579,80.14555135583252,239.89481391599998,841.5456928710938,1.4412635595223977,280.14274162673985
40.808434,-8.4375,361.0,2019-07-02 09:00:00,20.5,77,16.2,21.9,0.0,0.0,0.0,0.0,0,1014.9,973.3,0,0,0,0,0.31,0.56,5.0,5.4,300,312,16.6,19.2,17.6,16.7,14.5,0.237,0.282,0.3,0.378,1,3600.0,530.0,439.0,91.0,753.4,530.0,771.0,601.3,498.0,103.2,753.4,601.3,874.7,11.257608375761604,81.48424450686319,241.06157852399997,848.9396928710938,1.724576125908725,281.9614758723187
40.808434,-8.4375,361.0,2019-07-02 10:00:00,22.1,74,17.2,24.8,0.0,0.0,0.0,0.0,0,1014.6,973.3,2,2,0,0,0.43,0.7,6.0,6.7,295,306,19.4,21.0,17.8,16.7,14.5,0.236,0.281,0.3,0.378,1,3600.0,696.0,595.0,101.0,814.9,696.0,966.1,756.7,646.9,109.8,814.9,756.7,1050.3,13.207015750985114,82.70795505979946,242.47822991599998,856.6216928710938,2.1051931624620823,283.9891439443317
40.808434,-8.4375,361.0,2019-07-02 11:00:00,24.4,66,17.6,28.0,0.0,0.0,0.0,0.0,0,1014.2,973.2,1,1,0,0,0.54,1.04,5.9,6.3,284,301,19.8,22.7,18.0,16.8,14.5,0.233,0.28,0.3,0.378,1,3600.0,825.0,715.0,110.0,845.9,825.0,1118.4,868.6,752.8,115.8,845.9,868.6,1177.5,15.893082024044189,84.57173344601445,244.51443143599997,864.7176928710938,2.675565942589131,286.4978519881762
40.808434,-8.4375,361.0,2019-07-02 12:00:00,21.9,76,17.4,24.1,0.0,0.0,0.0,0.0,0,1015.1,973.7,9,10,0,0,0.51,0.64,16.2,20.2,273,274,31.7,23.6,18.3,16.8,14.5,0.231,0.28,0.299,0.378,1,3600.0,909.0,791.0,118.0,859.6,909.0,1217.5,931.4,810.5,120.9,859.6,931.4,1247.5,36.160709381103516,92.17403411865234,230.7109375,715.20751953125,8.690530776977539,253.7734375
40.808434,-8.4375,361.0,2019-07-02 13:00:00,21.9,77,17.6,25.8,0.0,0.0,0.0,0.0,1,1015.1,973.7,41,46,0,0,0.56,0.61,7.6,9.4,275,277,36.0,24.4,18.6,16.8,14.5,0.229,0.28,0.299,0.378,1,3600.0,927.0,790.0,137.0,831.7,927.0,1256.8,926.1,789.2,136.9,831.7,926.1,1255.6,18.8594605874275,85.65931169970162,231.95332574,722.85351953125,3.3861620345135743,257.40928408173215
40.808434,-8.4375,361.0,2019-07-02 14:00:00,23.3,72,18.0,27.0,0.0,0.0,0.0,0.0,0,1014.4,973.2,11,10,3,0,0.57,0.79,9.0,10.4,286,290,23.4,25.2,18.9,16.8,14.6,0.226,0.279,0.299,0.377,1,3600.0,907.0,780.0,127.0,836.7,907.0,1233.5,883.2,759.6,123.7,836.7,883.2,1201.2,19.766597474613555,85.61122836056813,233.557861932,730.75151953125,3.6093848004981015,259.6482092806516
40.808434,-8.4375,361.0,2019-07-02 15:00:00,22.6,72,17.4,24.7,0.0,0.0,0.0,0.0,0,1014.2,972.9,5,5,1,0,0.46,0.75,11.6,14.6,306,310,29.9,25.3,19.3,16.8,14.6,0.224,0.278,0.298,0.377,1,3600.0,761.0,605.0,156.0,696.6,761.0,1149.2,720.4,572.8,147.7,696.6,720.4,1088.0,21.508695515755363,85.50826719957914,235.116366348,738.52351953125,4.056068639932437,261.836803913233
40.808434,-8.4375,361.0,2019-07-02 16:00:00,22.4,72,17.0,24.4,0.0,0.0,0.0,0.0,0,1014.2,972.9,3,3,1,0,0.43,0.77,9.9,12.1,289,293,28.4,25.4,19.6,16.8,14.6,0.222,0.278,0.298,0.377,1,3600.0,708.0,599.0,109.0,785.0,708.0,1009.6,647.7,548.0,99.7,785.0,647.7,923.6,20.146314348320274,85.46647871979673,236.661718828,746.25951953125,3.701510563797083,264.00962213347105
40.808434,-8.4375,361.0,2019-07-02 17:00:00,22.0,71,16.5,23.1,0.0,0.0,0.0,0.0,0,1014.0,972.7,4,3,2,0,0.34,0.77,8.8,11.0,289,293,25.2,25.0,19.9,16.8,14.6,0.221,0.277,0.298,0.377,1,3600.0,559.0,461.0,98.0,740.0,559.0,824.3,487.9,402.3,85.5,740.0,487.9,719.4,19.452324199162028,85.51433945281578,238.235019172,753.92351953125,3.5253047659397345,266.1867523141398
40.808434,-8.4375,361.0,2019-07-02 18:00:00,21.5,72,16.2,22.4,0.0,0.0,0.0,0.0,0,1013.8,972.4,2,1,1,0,0.23,0.72,8.2,10.5,293,297,22.0,24.3,20.1,16.8,14.6,0.22,0.277,0.298,0.377,1,3600.0,381.0,300.0,81.0,655.2,381.0,605.9,307.7,242.3,65.4,655.2,307.7,489.2,18.723555215346497,85.35261309090274,239.72118794,761.49751953125,3.3443518609755074,268.29368657619744
40.808434,-8.4375,361.0,2019-07-02 19:00:00,20.3,77,16.1,21.6,0.0,0.0,0.0,0.0,0,1013.6,972.0,0,0,0,0,0.12,0.55,5.6,7.0,297,305,19.4,23.4,20.2,16.8,14.6,0.219,0.276,0.298,0.377,1,3600.0,206.0,144.0,62.0,516.1,206.0,369.1,138.8,97.0,41.8,516.1,138.8,248.7,15.315276491418114,84.34325746768506,240.877149172,768.8555195312499,2.5551572186640823,270.15782475391916
40.808434,-8.4375,361.0,2019-07-02 20:00:00,18.4,88,16.4,20.3,0.0,0.0,0.0,0.0,0,1013.3,971.5,0,0,0,0,0.02,0.25,2.5,2.9,278,7,13.0,22.0,20.3,16.8,14.6,0.22,0.276,0.298,0.377,1,2316.51,55.0,29.0,26.0,223.1,55.0,130.3,6.0,3.2,2.8,36.5,4.6,14.3,10.192314399299514,81.54368929054371,241.426712212,775.8715195312499,1.5311000713436682,271.58316548270557
40.808434,-8.4375,361.0,2019-07-02 21:00:00,17.9,89,16.0,19.7,0.0,0.0,0.0,0.0,0,1013.8,971.9,0,0,0,0,0.0,0.23,2.2,0.8,180,27,4.3,20.7,20.3,16.9,14.6,0.22,0.276,0.298,0.377,0,0.0,0.0,0.0,0.0,0.0,0.0,0.0,0.0,0.0,0.0,0.0,0.0,0.0,9.122168521592263,80.51507123606325,241.917561252,782.7975195312499,1.3421372643321299,272.95133680765906
40.808434,-8.4375,361.0,2019-07-02 22:00:00,16.2,96,15.5,17.4,0.0,0.0,0.0,0.0,0,1013.8,971.7,7,0,0,23,0.0,0.08,4.7,4.3,148,185,7.6,19.7,20.2,16.9,14.6,0.22,0.276,0.298,0.377,0,0.0,0.0,0.0,0.0,0.0,0.0,0.0,0.0,0.0,0.0,0.0,0.0,0.0,7.877758033719655,77.36166806126307,242.08008160400001,789.4175195312499,1.1339491781146445,274.056831950336
40.808434,-8.4375,361.0,2019-07-02 23:00:00,16.0,96,15.3,17.1,0.0,0.0,0.0,0.0,0,1013.4,971.3,7,0,0,23,0.0,0.07,4.8,8.4,153,173,9.0,18.9,20.1,16.9,14.6,0.221,0.276,0.298,0.377,0,0.0,0.0,0.0,0.0,0.0,0.0,0.0,0.0,0.0,0.0,0.0,0.0,0.0,7.516682284254707,76.57439270715136,242.24072310800003,796.0015195312499,1.0757264233672643,275.14772536619796
40.808434,-8.4375,361.0,2019-07-03 00:00:00,15.0,98,14.7,15.8,0.0,0.0,0.0,0.0,0,1014.1,971.8,1,1,0,0,0.0,0.03,4.9,12.2,163,178,12.2,18.3,20.0,16.9,14.6,0.221,0.276,0.298,0.377,0,0.0,0.0,0.0,0.0,0.0,0.0,0.0,0.0,0.0,0.0,0.0,0.0,0.0,7.003230747715841,75.25931974331064,242.31634674000003,802.4055195312499,0.9948963355150268,276.1489462367976
40.808434,-8.4375,361.0,2019-07-03 01:00:00,14.7,99,14.6,15.4,0.0,0.0,0.0,0.0,2,1013.7,971.4,60,67,0,0,0.0,0.02,6.1,13.5,152,171,13.0,17.8,19.8,16.9,14.6,0.221,0.276,0.298,0.377,0,0.0,0.0,0.0,0.0,0.0,0.0,0.0,0.0,0.0,0.0,0.0,0.0,0.0,7.067414117253407,74.31106515820206,242.35345398800004,808.7555195312499,1.0046939476736725,277.10910300565223
40.808434,-8.4375,361.0,2019-07-03 02:00:00,14.9,100,14.9,15.5,0.0,0.0,0.0,0.0,2,1013.1,970.8,74,82,0,0,0.0,0.0,6.9,12.2,141,156,15.1,17.5,19.7,16.9,14.6,0.221,0.276,0.298,0.377,0,0.0,0.0,0.0,0.0,0.0,0.0,0.0,0.0,0.0,0.0,0.0,0.0,0.0,7.0727276285213705,73.46450549843959,242.35345398800004,815.1415195312499,1.0053630030570384,278.0420348248683
40.808434,-8.4375,361.0,2019-07-03 03:00:00,14.7,99,14.6,15.4,0.0,0.0,0.0,0.0,1,1012.7,970.4,44,49,0,0,0.0,0.01,6.0,12.6,147,153,13.7,17.2,19.5,16.9,14.6,0.222,0.275,0.298,0.377,0,0.0,0.0,0.0,0.0,0.0,0.0,0.0,0.0,0.0,0.0,0.0,0.0,0.0,6.796984250184724,73.50840377585426,242.39056123600005,821.4915195312499,0.9626537968809781,278.98601056358325
40.808434,-8.4375,361.0,2019-07-03 04:00:00,14.8,98,14.5,15.7,0.0,0.0,0.0,0.0,1,1012.5,970.2,45,50,0,0,0.0,0.03,4.2,11.1,160,151,12.2,17.0,19.3,16.9,14.6,0.222,0.275,0.298,0.377,0,0.0,0.0,0.0,0.0,0.0,0.0,0.0,0.0,0.0,0.0,0.0,0.0,0.0,6.2562760335558645,73.55231654630039,242.46524544400006,827.8595195312499,0.8809009852798833,279.9497817640442
40.808434,-8.4375,361.0,2019-07-03 05:00:00,14.9,99,14.7,15.7,0.0,0.0,0.0,0.0,2,1012.5,970.2,71,79,0,0,0.0,0.02,4.9,11.0,163,157,10.4,16.8,19.1,16.9,14.6,0.223,0.275,0.298,0.377,0,0.0,0.0,0.0,0.0,0.0,0.0,0.0,0.0,0.0,0.0,0.0,0.0,0.0,6.4805785914025344,73.59624381456284,242.50282240400006,834.2455195312499,0.9143233252289285,280.88376445728363
40.808434,-8.4375,361.0,2019-07-03 06:00:00,15.5,97,15.0,15.9,0.0,0.0,0.0,0.0,3,1012.6,970.4,90,100,0,0,0.01,0.06,8.7,11.5,163,160,18.0,16.9,18.9,17.0,14.6,0.223,0.275,0.298,0.377,1,0.0,16.0,3.0,13.0,28.2,16.0,82.2,36.2,6.8,29.4,48.3,21.1,185.9,7.738887500701306,73.65195980181721,242.61978069200006,840.7395195312499,1.1100688916040236,281.8787980813666
40.808434,-8.4375,361.0,2019-07-03 07:00:00,16.4,92,15.1,16.7,0.0,0.0,0.0,0.0,3,1013.1,971.0,100,100,0,59,0.05,0.15,9.7,12.6,165,160,22.0,17.3,18.8,17.0,14.6,0.223,0.275,0.298,0.377,1,0.0,78.0,11.0,67.0,47.6,78.0,306.0,108.7,15.3,93.4,47.6,108.7,426.4,8.470744369778917,74.7141341085366,242.94857909200007,847.3955195312499,1.2296792374618077,283.0330108287002
40.808434,-8.4375,361.0,2019-07-03 08:00:00,17.6,85,15.1,17.8,0.0,0.0,0.0,0.0,2,1013.3,971.4,75,52,0,95,0.11,0.3,10.9,14.1,171,165,25.2,18.0,18.7,17.0,14.6,0.223,0.275,0.298,0.377,1,895.84,184.0,37.0,147.0,89.9,184.0,544.8,223.2,44.9,178.3,89.9,223.2,660.9,10.249972285189695,77.26407590143612,243.60735017200008,854.2675195312498,1.5382207547072835,284.43634629106583
40.808434,-8.4375,361.0,2019-07-03 09:00:00,19.5,75,14.9,19.5,0.0,0.0,0.0,0.0,1,1013.4,971.7,49,24,0,90,0.26,0.58,11.5,14.6,178,170,28.1,19.3,18.7,17.0,14.6,0.222,0.274,0.298,0.377,1,3600.0,450.0,244.0,206.0,419.5,450.0,769.5,510.7,276.9,233.8,419.5,510.7,873.3,13.72432573208245,80.79006055360664,244.8168585720001,861.4815195312499,2.2103892129976357,286.2596702060976
40.808434,-8.4375,361.0,2019-07-03 10:00:00,20.7,69,14.9,21.0,0.0,0.0,0.0,0.0,1,1013.3,971.8,35,7,0,97,0.37,0.75,12.3,15.5,183,179,29.5,20.6,18.7,17.0,14.6,0.221,0.274,0.298,0.377,1,3600.0,628.0,437.0,191.0,599.3,628.0,964.8,682.9,475.2,207.7,599.3,682.9,1049.2,17.647285616721263,83.19234139155942,246.4040154200001,868.9115195312498,3.0761180222170554,288.3698284155139
40.808434,-8.4375,361.0,2019-07-03 11:00:00,21.8,65,15.0,22.4,0.0,0.0,0.0,0.0,1,1013.2,971.9,30,1,0,97,0.42,0.91,12.6,15.8,183,180,30.2,21.8,18.8,17.0,14.6,0.219,0.273,0.298,0.377,1,3600.0,686.0,337.0,349.0,399.1,686.0,1117.3,722.4,354.9,367.5,399.1,722.4,1176.6,20.496963005157507,84.61798385660815,248.28638626000009,876.5395195312499,3.773720009958348,290.7090097481197
40.808434,-8.4375,361.0,2019-07-03 12:00:00,22.5,64,15.4,23.4,0.0,0.0,0.0,0.0,1,1013.4,972.2,26,0,0,86,0.46,0.98,12.6,15.9,185,183,30.2,22.5,18.9,17.0,14.6,0.219,0.274,0.299,0.377,1,3600.0,716.0,322.0,394.0,350.2,716.0,1216.7,733.7,330.0,403.8,350.2,733.7,1246.8,40.568359375,92.177734375,234.859375,723.6985473632812,10.359130859375,257.7734375
40.808434,-8.4375,361.0,2019-07-03 13:00:00,23.5,61,15.6,25.4,0.0,0.0,0.0,0.0,1,1013.1,972.0,29,0,0,98,0.54,1.13,11.4,14.2,193,189,30.6,23.7,19.1,17.0,14.6,0.217,0.274,0.299,0.377,1,3600.0,847.0,553.0,294.0,582.5,847.0,1256.2,846.3,552.5,293.7,582.5,846.3,1255.1,28.352976238568306,88.36752414096073,237.112583464,731.6325473632812,6.024650738513758,261.9713815509218
40.808434,-8.4375,361.0,2019-07-03 14:00:00,23.1,63,15.8,24.7,0.0,0.0,0.0,0.0,1,1012.7,971.6,26,1,0,83,0.47,1.04,9.2,11.0,228,221,28.4,24.2,19.3,17.0,14.6,0.215,0.273,0.299,0.377,1,3600.0,715.0,299.0,416.0,320.8,715.0,1233.1,696.3,291.2,405.1,320.8,696.3,1200.8,23.938972790973995,87.42965164637894,239.215484088,739.4945473632812,4.71475495007012,264.5146131881199
40.808434,-8.4375,361.0,2019-07-03 15:00:00,22.3,69,16.4,24.3,0.0,0.0,0.0,0.0,1,1012.3,971.1,24,0,0,80,0.49,0.83,11.8,13.7,258,256,28.1,24.9,19.6,17.0,14.6,0.213,0.272,0.298,0.377,1,3600.0,815.0,615.0,200.0,708.3,815.0,1148.9,771.6,582.2,189.3,708.3,771.6,1087.7,23.325724394838005,86.24368582530867,240.919129512,747.2125473632811,4.541724368283606,266.7897932769466
40.808434,-8.4375,361.0,2019-07-03 16:00:00,20.9,75,16.2,22.0,0.0,0.0,0.0,0.0,1,1012.4,971.0,36,8,0,97,0.41,0.63,13.7,16.9,267,268,31.7,24.9,19.9,17.0,14.6,0.211,0.272,0.298,0.377,1,3600.0,731.0,610.0,121.0,799.6,731.0,1009.4,668.7,558.0,110.7,799.6,668.7,923.4,21.79025138760582,84.86260340568988,242.210837512,754.6785473632812,4.124244235292916,268.7701292806873
40.808434,-8.4375,361.0,2019-07-03 17:00:00,20.2,75,15.7,20.9,0.0,0.0,0.0,0.0,1,1012.6,971.1,29,1,0,95,0.31,0.58,8.7,10.5,275,276,31.3,24.5,20.1,17.0,14.6,0.21,0.271,0.298,0.377,1,3600.0,533.0,361.0,172.0,579.6,533.0,824.1,465.2,315.1,150.1,579.6,465.2,719.2,17.62157590596725,84.56656882777234,243.461445712,762.0185473632812,3.0788352978377267,270.7024223472993
40.808434,-8.4375,361.0,2019-07-03 18:00:00,19.3,77,15.3,19.7,0.0,0.0,0.0,0.0,1,1012.5,970.9,28,1,0,92,0.19,0.51,9.4,12.0,277,277,22.3,23.7,20.3,17.0,14.6,0.209,0.271,0.298,0.377,1,3600.0,336.0,171.0,165.0,373.6,336.0,605.6,271.3,138.1,133.2,373.6,271.3,488.9,17.171439435349512,84.04385826511052,244.563390064,769.1965473632812,2.9725151044556273,272.51431391271205
40.808434,-8.4375,361.0,2019-07-03 19:00:00,17.9,81,14.6,18.7,0.0,0.0,0.0,0.0,1,1012.7,970.9,28,1,0,89,0.09,0.39,5.1,6.3,278,283,21.6,22.5,20.4,17.1,14.6,0.209,0.271,0.298,0.377,1,3600.0,170.0,63.0,107.0,226.0,170.0,368.8,114.5,42.4,72.0,226.0,114.5,248.3,13.162648721799021,83.04358702000303,245.411220224,776.1225473632812,2.099560204841844,274.12528253709627
40.808434,-8.4375,361.0,2019-07-03 20:00:00,16.8,90,15.2,18.1,0.0,0.0,0.0,0.0,0,1012.8,970.8,14,3,0,37,0.02,0.19,2.9,2.1,240,239,12.2,21.3,20.4,17.1,14.6,0.209,0.27,0.298,0.377,1,919.61,49.0,14.0,35.0,107.8,49.0,129.8,5.2,1.5,3.7,16.9,3.9,13.7,9.377489118026485,80.48439507338223,245.83161246400002,782.8505473632812,1.3856937111201808,275.4334319730219
40.808434,-8.4375,361.0,2019-07-03 21:00:00,16.7,87,14.5,17.8,0.0,0.0,0.0,0.0,0,1013.2,971.2,15,1,0,47,0.0,0.25,2.9,3.2,210,207,6.1,20.0,20.3,17.1,14.6,0.209,0.27,0.298,0.377,0,0.0,0.0,0.0,0.0,0.0,0.0,0.0,0.0,0.0,0.0,0.0,0.0,0.0,9.419513882363708,80.53061096976465,246.37506924800002,789.5605473632812,1.3926789886168232,276.81007588217176
40.808434,-8.4375,361.0,2019-07-03 22:00:00,15.2,94,14.3,16.3,0.0,0.0,0.0,0.0,0,1013.4,971.1,14,0,0,45,0.0,0.1,2.2,2.2,90,180,5.8,19.0,20.2,17.1,14.6,0.21,0.27,0.298,0.377,0,0.0,0.0,0.0,0.0,0.0,0.0,0.0,0.0,0.0,0.0,0.0,0.0,0.0,7.5494563528426575,78.30621038024424,246.604758416,796.0005473632813,1.0804298985145302,277.94094642956935
40.808434,-8.4375,361.0,2019-07-03 23:00:00,15.2,95,14.3,16.2,0.0,0.0,0.0,0.0,0,1013.0,970.8,14,0,0,45,0.0,0.09,3.0,5.1,104,141,7.9,18.3,20.1,17.1,14.6,0.21,0.27,0.298,0.377,0,0.0,0.0,0.0,0.0,0.0,0.0,0.0,0.0,0.0,0.0,0.0,0.0,0.0,7.2374026961699105,77.23645469502343,246.796166056,802.4405473632813,1.0309089320460727,279.04034195207026
40.808434,-8.4375,361.0,2019-07-04 00:00:00,14.7,97,14.2,15.6,0.0,0.0,0.0,0.0,0,1013.3,971.0,12,0,0,40,0.0,0.06,3.7,6.4,101,142,8.3,17.8,20.0,17.1,14.6,0.208,0.269,0.298,0.377,0,0.0,0.0,0.0,0.0,0.0,0.0,0.0,0.0,0.0,0.0,0.0,0.0,0.0,6.890963722542437,75.95872965276357,246.9074878,808.7905473632813,0.9769175022366472,280.06752152047824
40.808434,-8.4375,361.0,2019-07-04 01:00:00,13.8,98,13.5,14.4,0.0,0.0,0.0,0.0,0,1013.2,970.8,2,1,0,3,0.0,0.04,3.5,5.1,114,172,9.7,17.2,19.8,17.1,14.6,0.209,0.269,0.298,0.377,0,0.0,0.0,0.0,0.0,0.0,0.0,0.0,0.0,0.0,0.0,0.0,0.0,0.0,6.483461022130803,75.02024703752431,246.97747488800002,814.9785473632813,0.9147355834467225,281.0363297302909
40.808434,-8.4375,361.0,2019-07-04 02:00:00,13.6,98,13.3,14.0,0.0,0.0,0.0,0.0,0,1013.1,970.6,20,12,0,30,0.0,0.03,4.6,7.6,135,177,9.4,16.8,19.6,17.1,14.6,0.209,0.269,0.298,0.377,0,0.0,0.0,0.0,0.0,0.0,0.0,0.0,0.0,0.0,0.0,0.0,0.0,0.0,6.726706529721185,74.72318031455752,247.04652255200003,821.1305473632814,0.9514601398139951,281.9918538963704
40.808434,-8.4375,361.0,2019-07-04 03:00:00,13.9,98,13.6,14.4,0.0,0.0,0.0,0.0,1,1012.8,970.4,32,12,0,71,0.0,0.04,4.6,10.9,135,163,10.4,16.5,19.4,17.1,14.6,0.209,0.269,0.298,0.377,0,0.0,0.0,0.0,0.0,0.0,0.0,0.0,0.0,0.0,0.0,0.0,0.0,0.0,6.709447724831097,74.66788450904751,247.11697935200002,827.3365473632814,0.9486927863948769,282.9490088347049
40.808434,-8.4375,361.0,2019-07-04 04:00:00,14.2,96,13.6,14.5,0.0,0.0,0.0,0.0,1,1012.9,970.5,34,7,0,91,0.0,0.06,6.0,15.1,163,179,13.7,16.2,19.2,17.2,14.6,0.21,0.269,0.298,0.377,0,0.0,0.0,0.0,0.0,0.0,0.0,0.0,0.0,0.0,0.0,0.0,0.0,0.0,7.17526416046812,74.71218008245816,247.260711224,833.5965473632814,1.02041269866482,283.95510649522436
40.808434,-8.4375,361.0,2019-07-04 05:00:00,14.0,96,13.4,14.3,0.0,0.0,0.0,0.0,1,1013.4,971.0,32,6,0,89,0.0,0.07,5.8,14.0,173,181,14.0,16.1,18.9,17.2,14.6,0.21,0.269,0.298,0.376,0,0.0,0.0,0.0,0.0,0.0,0.0,0.0,0.0,0.0,0.0,0.0,0.0,0.0,7.125808075344784,74.75649028006768,247.402564248,839.8205473632814,1.0125549311655964,284.9481123398622
40.808434,-8.4375,361.0,2019-07-04 06:00:00,14.6,95,13.8,14.4,0.0,0.0,0.0,0.0,3,1013.9,971.5,98,78,0,91,0.01,0.09,10.1,16.3,176,175,19.4,16.2,18.7,17.2,14.6,0.21,0.269,0.298,0.376,1,0.0,19.0,2.0,17.0,18.9,19.0,81.2,43.0,4.5,38.5,32.6,25.0,184.0,8.670808588840162,74.83225325783135,247.586926208,846.1525473632814,1.2626389190981977,285.9783879968235
40.808434,-8.4375,361.0,2019-07-04 07:00:00,15.4,93,14.2,14.9,0.0,0.0,0.0,0.0,3,1014.3,972.0,90,100,0,0,0.05,0.13,12.8,17.7,170,167,27.0,16.6,18.6,17.2,14.6,0.211,0.269,0.298,0.376,1,288.87,98.0,16.0,82.0,69.6,98.0,304.0,136.9,22.3,114.5,69.6,136.9,424.6,9.950745653627706,75.2905075430287,247.85818488799998,852.6285473632814,1.484021336731805,287.0810226324257
40.808434,-8.4375,361.0,2019-07-04 08:00:00,16.7,85,14.2,16.1,0.0,0.0,0.0,0.0,3,1014.5,972.4,80,89,0,0,0.13,0.28,13.5,17.7,171,167,30.2,17.4,18.5,17.2,14.6,0.21,0.268,0.298,0.376,1,3600.0,246.0,101.0,145.0,246.1,246.0,543.0,298.6,122.6,176.0,246.1,298.6,659.2,11.630808822631867,77.55509082077488,248.48525040799998,859.3385473632815,1.793711086451798,288.45052552452603
40.808434,-8.4375,361.0,2019-07-04 09:00:00,18.6,76,14.3,17.9,0.0,0.0,0.0,0.0,2,1014.8,973.0,55,61,0,0,0.23,0.51,14.5,19.0,173,170,32.0,18.5,18.4,17.2,14.6,0.21,0.268,0.298,0.376,1,3600.0,403.0,212.0,191.0,365.3,403.0,767.9,457.5,240.7,216.8,365.3,457.5,871.8,15.306884684063121,80.69871308860922,249.59564957599997,866.3905473632815,2.5451908453850036,290.19090318984854
40.808434,-8.4375,361.0,2019-07-04 10:00:00,20.7,65,13.8,19.8,0.0,0.0,0.0,0.0,3,1014.8,973.3,87,68,0,85,0.36,0.86,16.2,21.3,179,178,35.3,19.9,18.4,17.2,14.6,0.209,0.268,0.298,0.376,1,3600.0,594.0,409.0,185.0,561.7,594.0,963.4,646.1,444.9,201.2,561.7,646.1,1048.0,21.72179309601148,83.86859679745395,251.38760085599998,873.8205473632814,4.090754032539877,292.44382489775444
40.808434,-8.4375,361.0,2019-07-04 11:00:00,22.0,58,13.3,20.7,0.0,0.0,0.0,0.0,3,1014.9,973.5,100,86,0,98,0.39,1.12,17.7,23.1,176,176,37.8,20.9,18.5,17.2,14.6,0.207,0.267,0.298,0.376,1,3600.0,588.0,289.0,299.0,342.6,588.0,1116.2,619.3,304.4,314.9,342.6,619.3,1175.6,27.713750095752506,85.86182435534491,253.66617376799996,881.4845473632814,5.79472171649029,295.0586415765659
40.808434,-8.4375,361.0,2019-07-04 12:00:00,22.4,58,13.8,22.1,0.0,0.0,0.0,0.0,3,1015.5,974.2,100,100,8,98,0.46,1.13,16.0,21.1,189,189,38.2,21.7,18.7,17.2,14.6,0.206,0.266,0.298,0.376,1,3600.0,708.0,313.0,395.0,340.6,708.0,1215.8,725.6,320.8,404.8,340.6,725.6,1246.1,40.00390625,91.8310546875,238.71875,732.0113525390625,10.14013671875,261.7265625
40.808434,-8.4375,361.0,2019-07-04 13:00:00,21.7,59,13.3,21.2,0.0,0.0,0.0,0.0,1,1015.6,974.2,46,37,19,3,0.3,1.07,10.6,13.9,208,205,33.8,21.9,18.8,17.2,14.6,0.204,0.266,0.298,0.376,1,0.0,404.0,33.0,371.0,34.8,404.0,1255.5,403.7,33.0,370.7,34.8,403.7,1254.5,27.883644410704584,88.47244904310189,240.914183888,739.6213525390625,5.874393518894811,265.5702659905528
40.808434,-8.4375,361.0,2019-07-04 14:00:00,22.0,61,14.2,22.9,0.0,0.0,0.0,0.0,0,1015.3,973.9,18,10,13,4,0.46,1.02,10.1,12.3,276,273,24.5,23.0,19.0,17.2,14.6,0.203,0.265,0.298,0.376,1,3600.0,718.0,474.0,244.0,508.8,718.0,1232.6,699.3,461.6,237.6,508.8,699.3,1200.4,25.14234575270293,87.59789726070714,243.030001592,747.2853525390625,5.0535533798927705,268.0907438813107
40.808434,-8.4375,361.0,2019-07-04 15:00:00,20.8,71,15.5,21.9,0.0,0.0,0.0,0.0,1,1015.6,974.0,44,31,0,55,0.46,0.7,15.2,19.6,284,284,35.6,23.7,19.2,17.2,14.6,0.201,0.265,0.298,0.376,1,3600.0,823.0,686.0,137.0,790.3,823.0,1148.5,779.2,649.5,129.7,790.3,779.2,1087.4,25.04993139592608,85.74319990310444,244.521572048,754.7333525390625,5.024749149348481,270.1955329955205
40.808434,-8.4375,361.0,2019-07-04 16:00:00,20.7,69,14.7,21.4,0.0,0.0,0.0,0.0,2,1015.5,973.9,53,23,4,99,0.4,0.77,10.3,12.8,282,281,35.3,23.9,19.4,17.2,14.7,0.199,0.264,0.297,0.376,1,3600.0,666.0,497.0,169.0,651.6,666.0,1009.1,609.3,454.7,154.6,651.6,609.3,923.2,21.076515382984155,85.75876759645351,246.108728896,762.1633525390624,3.9339363196825103,272.35409308403814
40.808434,-8.4375,361.0,2019-07-04 17:00:00,19.9,70,14.2,19.7,0.0,0.0,0.0,0.0,1,1015.7,974.0,32,0,19,67,0.25,0.7,10.8,13.9,285,287,25.9,23.4,19.6,17.2,14.7,0.198,0.264,0.297,0.376,1,3600.0,394.0,140.0,254.0,224.8,394.0,823.8,343.8,122.2,221.7,224.8,343.8,718.9,20.931617008732044,85.50648201431338,247.588321696,769.4493525390624,3.894844966614103,274.42222427419773
40.808434,-8.4375,361.0,2019-07-04 18:00:00,18.8,74,14.0,18.9,0.0,0.0,0.0,0.0,1,1015.8,973.9,24,13,2,37,0.17,0.57,8.0,10.2,306,309,25.2,22.6,19.8,17.2,14.7,0.198,0.263,0.297,0.376,1,3600.0,271.0,126.0,145.0,275.4,271.0,605.3,218.7,101.7,117.0,275.4,218.7,488.5,17.42078570486967,84.70479831911506,248.80346664,776.5373525390623,3.0285737417739464,276.2943551991269
40.808434,-8.4375,361.0,2019-07-04 19:00:00,18.7,72,13.5,19.3,0.8,0.8,0.0,0.0,53,1015.8,973.9,61,2,59,79,0.1,0.6,3.9,5.4,338,352,18.7,21.5,19.9,17.2,14.7,0.205,0.263,0.297,0.376,1,3600.0,176.0,93.0,83.0,334.1,176.0,368.3,118.4,62.6,55.8,334.1,118.4,247.7,10.090956286798786,80.81349827756011,250.105508304,783.6073525390624,1.511067564501714,278.2149651255676
40.808434,-8.4375,361.0,2019-07-04 20:00:00,17.6,82,14.4,18.4,0.0,0.0,0.0,0.0,1,1016.3,974.3,34,1,21,67,0.03,0.37,4.0,7.2,260,276,9.0,20.4,19.9,17.2,14.7,0.205,0.263,0.297,0.376,1,180.31,38.0,9.0,29.0,69.4,38.0,129.1,3.8,0.9,2.9,10.3,2.9,12.9,7.521007228413594,77.13086412285902,250.8960336,790.4793525390623,1.0755768158628012,279.7847431349402
40.808434,-8.4375,361.0,2019-07-04 21:00:00,16.0,94,15.0,17.0,0.0,0.0,0.0,0.0,0,1016.6,974.3,17,1,14,25,0.0,0.11,5.1,5.4,315,312,8.6,19.3,19.8,17.2,14.7,0.205,0.263,0.297,0.376,0,0.0,0.0,0.0,0.0,0.0,0.0,0.0,0.0,0.0,0.0,0.0,0.0,0.0,6.158244756197782,72.01570395239708,251.136995856,797.0633525390623,0.8662301780238897,280.9618571813212
40.808434,-8.4375,361.0,2019-07-04 22:00:00,15.6,93,14.5,16.7,0.0,0.0,0.0,0.0,0,1016.8,974.5,2,0,3,0,0.0,0.13,2.5,2.1,82,59,6.5,18.3,19.7,17.3,14.7,0.206,0.263,0.297,0.376,0,0.0,0.0,0.0,0.0,0.0,0.0,0.0,0.0,0.0,0.0,0.0,0.0,0.0,4.794316982542994,68.3124358113721,251.41154252,803.5753525390624,0.672484327317004,282.14164537184473
40.808434,-8.4375,361.0,2019-07-04 23:00:00,14.7,95,13.9,15.5,0.0,0.0,0.0,0.0,0,1016.5,974.0,1,0,1,0,0.0,0.08,3.3,4.0,84,95,7.2,17.6,19.6,17.3,14.7,0.206,0.263,0.297,0.376,0,0.0,0.0,0.0,0.0,0.0,0.0,0.0,0.0,0.0,0.0,0.0,0.0,0.0,4.398309231435604,64.85829262835392,251.59707876000002,809.9253525390624,0.6192574599865448,283.2334375010855
40.808434,-8.4375,361.0,2019-07-05 00:00:00,14.6,93,13.5,15.3,0.0,0.0,0.0,0.0,0,1017.1,974.6,2,2,0,0,0.0,0.12,2.9,1.4,83,90,7.2,17.3,19.4,17.3,14.7,0.205,0.262,0.297,0.376,0,0.0,0.0,0.0,0.0,0.0,0.0,0.0,0.0,0.0,0.0,0.0,0.0,0.0,3.9260669610535057,62.949154669655414,251.85518550400002,816.2573525390624,0.5577296018154995,284.36173023774916
40.808434,-8.4375,361.0,2019-07-05 01:00:00,14.5,89,12.8,15.2,0.0,0.0,0.0,0.0,0,1016.9,974.4,2,2,0,0,0.0,0.18,1.8,1.1,101,252,6.5,16.6,19.2,17.3,14.7,0.205,0.262,0.297,0.376,0,0.0,0.0,0.0,0.0,0.0,0.0,0.0,0.0,0.0,0.0,0.0,0.0,0.0,3.656116007128086,62.78634074069193,252.25819840000003,822.5713525390623,0.5234938723267548,285.57385314594717
40.808434,-8.4375,361.0,2019-07-05 02:00:00,14.5,89,12.7,14.8,0.0,0.0,0.0,0.0,0,1016.7,974.2,1,1,0,0,0.0,0.18,4.2,4.1,149,218,6.8,16.1,19.0,17.3,14.7,0.205,0.262,0.297,0.376,0,0.0,0.0,0.0,0.0,0.0,0.0,0.0,0.0,0.0,0.0,0.0,0.0,0.0,4.352915240483115,63.565182818760974,252.66121129600003,828.8853525390623,0.6129532007133771,286.78079255448455
40.808434,-8.4375,361.0,2019-07-05 03:00:00,13.1,95,12.4,13.2,0.0,0.0,0.0,0.0,0,1016.5,973.8,2,2,0,0,0.0,0.07,4.7,4.9,122,163,9.4,15.6,18.8,17.3,14.7,0.205,0.262,0.297,0.376,0,0.0,0.0,0.0,0.0,0.0,0.0,0.0,0.0,0.0,0.0,0.0,0.0,0.0,3.9248768477780147,61.202373101681964,252.82795905600003,834.9473525390623,0.5573136944662368,287.79216472866324
40.808434,-8.4375,361.0,2019-07-05 04:00:00,13.1,95,12.3,13.2,0.0,0.0,0.0,0.0,0,1016.6,973.9,5,6,0,0,0.0,0.08,4.1,5.0,105,159,9.0,15.3,18.6,17.3,14.7,0.206,0.262,0.297,0.376,0,0.0,0.0,0.0,0.0,0.0,0.0,0.0,0.0,0.0,0.0,0.0,0.0,0.0,3.299087456233569,59.244807584708454,252.99470681600002,841.0093525390623,0.4792690378374582,288.7973870415308
40.808434,-8.4375,361.0,2019-07-05 05:00:00,13.2,95,12.4,13.5,0.0,0.0,0.0,0.0,1,1016.8,974.1,25,28,0,0,0.0,0.08,3.7,5.5,101,157,8.6,15.1,18.4,17.3,14.7,0.206,0.262,0.297,0.376,0,0.0,0.0,0.0,0.0,0.0,0.0,0.0,0.0,0.0,0.0,0.0,0.0,0.0,2.7855748887962695,57.620959843322005,253.16262885600003,847.0893525390624,0.41837755235599267,289.7999430791944
40.808434,-8.4375,361.0,2019-07-05 06:00:00,14.7,92,13.4,15.0,0.0,0.0,0.0,0.0,2,1017.0,974.5,61,68,0,0,0.01,0.14,5.5,9.0,148,180,9.0,15.3,18.2,17.3,14.7,0.206,0.262,0.297,0.376,1,280.65,23.0,9.0,14.0,85.8,23.0,80.2,52.1,20.4,31.7,148.4,30.1,181.9,3.4476119691604015,58.75084824901074,253.45948684000004,853.4393525390624,0.4972774792432873,290.9206317499605
40.808434,-8.4375,361.0,2019-07-05 07:00:00,15.6,94,14.7,16.0,0.0,0.0,0.0,0.0,3,1017.2,974.8,90,100,0,0,0.05,0.1,8.1,9.5,201,191,17.6,16.0,18.0,17.3,14.7,0.207,0.262,0.297,0.376,1,2668.39,97.0,34.0,63.0,148.9,97.0,302.0,135.7,47.6,88.2,148.9,135.7,422.6,4.074719948350831,58.988931552258556,253.69481255200003,859.9513525390623,0.5762560154705865,292.018328524302
40.808434,-8.4375,361.0,2019-07-05 08:00:00,16.3,92,15.0,16.7,0.0,0.0,0.0,0.0,3,1017.3,975.0,90,100,0,0,0.11,0.15,8.8,10.7,199,194,21.2,16.9,17.9,17.3,14.7,0.207,0.262,0.297,0.376,1,1280.48,206.0,42.0,164.0,102.7,206.0,541.2,250.3,51.0,199.2,102.7,250.3,657.4,4.782066383200582,60.80808759614483,254.02173210400002,866.5893525390624,0.6698320425370603,293.18876491995724
40.808434,-8.4375,361.0,2019-07-05 09:00:00,17.1,86,14.8,17.3,0.0,0.0,0.0,0.0,3,1017.5,975.3,90,100,0,0,0.16,0.27,10.0,12.5,195,192,23.8,17.8,17.9,17.3,14.7,0.207,0.261,0.297,0.376,1,1463.26,280.0,63.0,217.0,108.8,280.0,766.3,318.0,71.5,246.4,108.8,318.0,870.3,6.443098380293859,66.00042085791877,254.62014519200002,873.3713525390624,0.9070323464858877,294.5555896102642
40.808434,-8.4375,361.0,2019-07-05 10:00:00,18.4,78,14.6,18.3,0.0,0.0,0.0,0.0,3,1017.7,975.7,86,96,0,0,0.22,0.46,11.4,14.6,191,189,26.3,18.7,17.9,17.3,14.7,0.206,0.261,0.297,0.376,1,1789.5,362.0,87.0,275.0,119.6,362.0,962.0,393.8,94.7,299.2,119.6,393.8,1046.7,8.438641277404336,72.7161400923172,255.627677432,880.3873525390624,1.2222746682400423,296.2261405169967
40.808434,-8.4375,361.0,2019-07-05 11:00:00,19.6,71,14.2,19.1,0.0,0.0,0.0,0.0,2,1017.9,976.1,56,62,0,0,0.29,0.66,13.1,16.5,189,190,29.9,19.7,18.0,17.3,14.7,0.206,0.261,0.297,0.376,1,3600.0,475.0,178.0,297.0,211.2,475.0,1115.1,500.4,187.5,312.9,211.2,500.4,1174.6,11.762391688803815,77.95999178364819,257.03751800000003,887.6193525390623,1.8168187254998462,298.1956803499278
40.808434,-8.4375,361.0,2019-07-05 12:00:00,21.6,57,12.6,21.7,0.0,0.0,0.0,0.0,1,1017.9,976.3,43,48,0,0,0.5,1.12,14.0,18.0,179,178,31.0,21.3,18.0,17.3,14.7,0.207,0.261,0.297,0.376,1,3600.0,806.0,644.0,162.0,701.3,806.0,1214.9,826.1,660.1,166.0,701.3,826.1,1245.3,37.486328125,91.9003677368164,242.9609375,740.5146484375,9.155660629272461,265.7734375
40.808434,-8.4375,361.0,2019-07-05 13:00:00,22.5,51,12.0,22.7,0.0,0.0,0.0,0.0,2,1017.5,976.1,50,52,6,0,0.52,1.33,12.5,15.5,229,226,32.0,22.4,18.2,17.3,14.7,0.204,0.26,0.297,0.376,1,3600.0,793.0,539.0,254.0,568.3,793.0,1254.8,792.4,538.6,253.8,568.3,792.4,1253.9,25.61685247534508,86.9360888949285,245.676812284,748.2686484375,5.1894937936375465,269.8533015942993
40.808434,-8.4375,361.0,2019-07-05 14:00:00,21.4,62,13.8,22.4,0.0,0.0,0.0,0.0,0,1017.6,976.0,4,0,6,0,0.54,0.98,15.1,19.1,273,270,35.3,23.4,18.5,17.3,14.7,0.202,0.26,0.297,0.376,1,3600.0,909.0,749.0,160.0,804.3,909.0,1232.1,885.3,729.5,155.8,804.3,885.3,1200.0,21.448283713437082,84.17400956314492,247.684831084,755.8246484375001,4.031148674211913,272.29280035576926
40.808434,-8.4375,361.0,2019-07-05 15:00:00,21.0,63,13.8,22.1,0.0,0.0,0.0,0.0,0,1017.5,975.9,2,0,3,0,0.5,0.92,12.6,15.6,294,293,35.3,23.9,18.8,17.3,14.7,0.2,0.259,0.297,0.376,1,3600.0,850.0,724.0,126.0,834.3,850.0,1148.1,804.8,685.5,119.3,834.3,804.8,1087.0,17.779346184133612,83.16946027756664,249.605248596,763.3086484375001,3.1137693022963653,274.66713069553526
40.808434,-8.4375,361.0,2019-07-05 16:00:00,21.1,61,13.4,21.5,0.0,0.0,0.0,0.0,0,1017.4,975.8,1,0,2,0,0.44,0.97,12.0,15.0,279,280,30.2,24.1,19.0,17.3,14.7,0.198,0.258,0.297,0.376,1,3600.0,727.0,618.0,109.0,810.6,727.0,1008.8,665.1,565.3,99.7,810.6,665.1,922.8,17.49239826645537,83.23043611523929,251.638631844,770.8106484375,3.0449120514866954,277.1122730098762
40.808434,-8.4375,361.0,2019-07-05 17:00:00,20.1,66,13.5,19.8,0.0,0.0,0.0,0.0,0,1017.4,975.7,10,8,4,0,0.34,0.81,11.2,14.4,272,271,29.2,23.8,19.3,17.3,14.7,0.197,0.258,0.297,0.375,1,3600.0,574.0,477.0,97.0,766.4,574.0,823.5,500.9,416.2,84.6,766.4,500.9,718.5,15.308082937992737,82.1395390651003,253.331473892,778.1326484375,2.5493981164581747,279.32113488335176
40.808434,-8.4375,361.0,2019-07-05 18:00:00,19.1,71,13.7,19.1,0.0,0.0,0.0,0.0,0,1017.0,975.1,3,1,4,0,0.22,0.64,8.8,10.9,258,261,26.6,23.1,19.5,17.3,14.7,0.196,0.258,0.297,0.375,1,3600.0,386.0,299.0,87.0,654.1,386.0,604.8,311.5,241.3,70.2,654.1,311.5,488.0,12.058957125418834,80.54613235349862,254.70726034,785.2746484375001,1.8780299265644456,281.3067995115026
40.808434,-8.4375,361.0,2019-07-05 19:00:00,18.3,77,14.1,18.7,0.0,0.0,0.0,0.0,0,1017.0,975.0,4,2,4,0,0.11,0.49,6.4,8.3,254,252,20.9,22.1,19.6,17.3,14.7,0.195,0.257,0.297,0.375,1,3600.0,205.0,143.0,62.0,514.5,205.0,367.7,137.7,96.1,41.7,514.5,137.7,247.1,9.167964401220587,78.41399657681929,255.755187812,792.2726484375002,1.3477561817184003,283.0668629931445
40.808434,-8.4375,361.0,2019-07-05 20:00:00,16.5,90,14.8,17.5,0.0,0.0,0.0,0.0,0,1017.2,975.0,3,3,0,0,0.02,0.19,4.4,5.9,261,256,14.8,20.8,19.7,17.3,14.7,0.196,0.257,0.297,0.375,1,2285.77,53.0,27.0,26.0,208.6,53.0,128.4,5.0,2.5,2.4,29.1,3.7,12.1,8.434855572995744,78.45952893042298,256.168534372,798.9466484375001,1.2234645669403206,284.3817483707499
40.808434,-8.4375,361.0,2019-07-05 21:00:00,16.6,88,14.6,17.8,0.0,0.0,0.0,0.0,0,1017.8,975.6,6,7,0,0,0.0,0.23,2.6,2.4,304,243,8.6,19.6,19.6,17.3,14.7,0.196,0.257,0.297,0.375,0,0.0,0.0,0.0,0.0,0.0,0.0,0.0,0.0,0.0,0.0,0.0,0.0,0.0,7.8530682628183905,78.5640977972385,256.667368516,805.6386484375001,1.127846981601092,285.7460675683328
40.808434,-8.4375,361.0,2019-07-05 22:00:00,16.2,90,14.5,17.6,0.0,0.0,0.0,0.0,0,1017.9,975.6,11,12,0,0,0.0,0.19,1.1,1.9,90,158,5.8,18.6,19.6,17.3,14.7,0.196,0.257,0.297,0.375,0,0.0,0.0,0.0,0.0,0.0,0.0,0.0,0.0,0.0,0.0,0.0,0.0,0.0,7.366891444508469,78.60967970681196,257.073669396,812.2586484375001,1.0500375128465753,287.0357626505666
40.808434,-8.4375,361.0,2019-07-05 23:00:00,14.4,96,13.7,15.1,0.0,0.0,0.0,0.0,0,1017.8,975.2,13,11,0,11,0.0,0.07,3.2,4.1,90,135,6.8,17.8,19.4,17.3,14.7,0.196,0.257,0.297,0.375,0,0.0,0.0,0.0,0.0,0.0,0.0,0.0,0.0,0.0,0.0,0.0,0.0,0.0,7.106992626490564,76.81200892043577,257.219280116,818.5546484375002,1.0091907215485922,288.10567465711557
40.808434,-8.4375,361.0,2019-07-06 00:00:00,14.4,97,13.9,14.9,0.0,0.0,0.0,0.0,1,1017.8,975.2,33,21,0,48,0.0,0.05,5.2,5.8,106,158,7.9,17.6,19.3,17.3,14.7,0.196,0.256,0.296,0.375,0,0.0,0.0,0.0,0.0,0.0,0.0,0.0,0.0,0.0,0.0,0.0,0.0,0.0,7.323084855238249,75.79508273925319,257.328488156,824.8506484375002,1.0428485838366555,289.1453988781704
40.808434,-8.4375,361.0,2019-07-06 01:00:00,14.2,97,13.7,14.7,0.0,0.0,0.0,0.0,2,1017.3,974.7,52,35,0,68,0.0,0.05,4.5,8.1,119,167,10.4,17.0,19.1,17.3,14.7,0.196,0.256,0.296,0.375,0,0.0,0.0,0.0,0.0,0.0,0.0,0.0,0.0,0.0,0.0,0.0,0.0,0.0,6.980660799106429,75.50873346466034,257.43628706,831.1106484375002,0.989344978379223,290.1713450465252
40.808434,-8.4375,361.0,2019-07-06 02:00:00,14.9,97,14.4,15.7,0.0,0.0,0.0,0.0,3,1016.8,974.4,100,100,0,83,0.0,0.05,4.1,10.8,128,165,10.1,16.8,19.0,17.3,14.7,0.196,0.256,0.296,0.375,0,0.0,0.0,0.0,0.0,0.0,0.0,0.0,0.0,0.0,0.0,0.0,0.0,0.0,6.849638020506947,75.49918582670996,257.54901794,837.4966484375002,0.969053382619013,291.2122653967705
40.808434,-8.4375,361.0,2019-07-06 03:00:00,14.6,97,14.2,15.4,0.0,0.0,0.0,0.0,3,1016.3,973.8,100,100,0,92,0.0,0.05,4.0,10.7,117,160,10.1,16.5,18.8,17.3,14.7,0.197,0.256,0.296,0.375,0,0.0,0.0,0.0,0.0,0.0,0.0,0.0,0.0,0.0,0.0,0.0,0.0,0.0,6.806571296728917,75.4668436308906,257.659635116,843.8286484375002,0.9623369781964958,292.2363370947532
40.808434,-8.4375,361.0,2019-07-06 04:00:00,14.9,97,14.4,15.9,0.0,0.0,0.0,0.0,2,1016.1,973.7,52,28,0,91,0.0,0.06,3.0,8.4,104,155,9.7,16.5,18.7,17.3,14.7,0.197,0.256,0.296,0.375,0,0.0,0.0,0.0,0.0,0.0,0.0,0.0,0.0,0.0,0.0,0.0,0.0,0.0,6.503250684962507,75.48818015045504,257.772365996,850.2146484375002,0.9162027350069128,293.26262613005446
40.808434,-8.4375,361.0,2019-07-06 05:00:00,14.0,96,13.5,14.6,0.0,0.0,0.0,0.0,1,1016.0,973.5,34,8,0,91,0.0,0.06,4.1,8.7,105,156,9.4,16.1,18.5,17.3,14.7,0.197,0.256,0.296,0.375,0,0.0,0.0,0.0,0.0,0.0,0.0,0.0,0.0,0.0,0.0,0.0,0.0,0.0,6.864568045453141,75.53274654475503,257.91421902,856.4386484375002,0.9709914541279141,294.2767719048161
40.808434,-8.4375,361.0,2019-07-06 06:00:00,15.1,92,13.8,15.5,0.0,0.0,0.0,0.0,1,1015.7,973.3,23,5,0,62,0.01,0.13,5.5,10.9,122,153,10.4,16.0,18.3,17.3,14.7,0.197,0.256,0.296,0.375,1,0.0,23.0,4.0,19.0,38.4,23.0,79.2,52.2,9.1,43.1,66.9,30.0,179.7,7.463509865701526,75.87778892193951,258.218592396,862.8606484375002,1.0642129922287444,295.4197944662261
40.808434,-8.4375,361.0,2019-07-06 07:00:00,16.7,82,13.7,16.9,0.0,0.0,0.0,0.0,0,1015.9,973.7,2,1,0,2,0.08,0.33,6.8,9.5,162,155,15.8,16.7,18.2,17.3,14.7,0.197,0.256,0.296,0.375,1,3600.0,147.0,79.0,68.0,348.5,147.0,299.9,206.2,110.8,95.4,348.5,206.2,420.6,9.171491925061288,78.1670817856239,258.97107102,869.5706484375003,1.3460039854445225,296.89372532013044
40.808434,-8.4375,361.0,2019-07-06 08:00:00,18.1,76,13.8,18.0,0.0,0.0,0.0,0.0,0,1016.1,974.1,3,3,0,0,0.18,0.5,9.0,11.7,175,169,21.6,17.8,18.1,17.3,14.7,0.197,0.256,0.296,0.375,1,3600.0,322.0,234.0,88.0,574.1,322.0,539.3,391.5,284.5,107.0,574.1,391.5,655.6,12.27787196124386,80.63934362907814,260.053287468,876.5326484375003,1.916527029752119,298.61831814067
40.808434,-8.4375,361.0,2019-07-06 09:00:00,19.4,71,14.0,19.1,0.0,0.0,0.0,0.0,0,1016.1,974.3,14,15,0,0,0.3,0.65,11.2,14.0,180,179,26.3,19.2,18.1,17.3,14.7,0.196,0.255,0.296,0.375,1,3600.0,520.0,421.0,99.0,728.5,520.0,764.6,590.8,478.3,112.5,728.5,590.8,868.7,16.0561860826816,82.62517318521041,261.44950638800003,883.7286484375003,2.7074863538578127,300.582243537135
40.808434,-8.4375,361.0,2019-07-06 10:00:00,20.8,63,13.6,20.8,0.0,0.0,0.0,0.0,1,1016.0,974.4,23,24,2,0,0.4,0.9,12.2,15.5,180,180,28.8,20.6,18.2,17.3,14.7,0.195,0.255,0.296,0.375,1,3600.0,659.0,517.0,142.0,712.1,659.0,960.6,717.2,562.6,154.5,712.1,717.2,1045.4,20.171817159269832,84.59371536878808,263.35254455600005,891.1766484375003,3.686233119182764,302.91687891185194
40.808434,-8.4375,361.0,2019-07-06 11:00:00,22.4,55,13.0,22.8,0.0,0.0,0.0,0.0,2,1015.8,974.5,53,58,2,0,0.5,1.22,12.7,15.9,187,186,30.2,22.0,18.4,17.3,14.7,0.193,0.254,0.296,0.375,1,3600.0,783.0,617.0,166.0,732.9,783.0,1113.9,824.9,650.0,174.9,732.9,824.9,1173.5,24.64990940047388,86.44075121865582,265.83614675600006,898.9126484375003,4.886496383894949,305.677024461384
40.808434,-8.4375,361.0,2019-07-06 12:00:00,22.7,56,13.5,22.8,0.0,0.0,0.0,0.0,3,1016.2,974.9,99,71,58,0,0.45,1.21,11.7,14.3,223,219,30.2,23.0,18.4,17.3,14.7,0.192,0.254,0.296,0.375,1,3600.0,671.0,389.0,282.0,424.0,671.0,1214.0,687.8,398.8,289.1,424.0,687.8,1244.4,37.41796875,91.89794921875,246.9609375,749.0118408203125,9.12255859375,269.7734375
40.808434,-8.4375,361.0,2019-07-06 13:00:00,21.7,64,14.6,22.0,0.4,0.4,0.0,0.0,51,1016.2,974.7,40,9,53,0,0.44,0.93,13.8,17.1,237,235,31.3,23.5,18.7,17.3,14.8,0.195,0.254,0.296,0.375,1,3600.0,703.0,357.0,346.0,376.6,703.0,1254.1,702.5,356.8,345.8,376.6,702.5,1253.3,28.736570902145573,87.644633581178,248.888635548,756.6218408203125,6.13014496441379,273.1486019843152
40.808434,-8.4375,361.0,2019-07-06 14:00:00,20.7,71,15.2,20.8,0.9,0.9,0.0,0.0,53,1016.5,974.9,62,38,47,0,0.39,0.71,15.0,19.4,235,235,33.8,23.4,18.9,17.3,14.8,0.202,0.253,0.296,0.375,1,3600.0,658.0,413.0,245.0,443.7,658.0,1231.5,640.9,402.3,238.6,443.7,640.9,1199.5,14.114660211378524,79.47354757013807,250.37339518,764.0518408203125,2.2955245573631506,275.25219082556447
40.808434,-8.4375,361.0,2019-07-06 15:00:00,19.9,78,16.0,20.4,0.7,0.7,0.0,0.0,53,1016.4,974.7,58,31,51,0,0.34,0.51,13.2,16.7,244,245,33.8,23.1,19.1,17.3,14.8,0.207,0.253,0.296,0.375,1,3600.0,602.0,396.0,206.0,456.5,602.0,1147.7,570.0,374.9,195.0,456.5,570.0,1086.6,8.040042564794678,69.7484423298516,143.17424230147878,771.3378408203124,1.2068664561815392,195.58719148660907
40.808434,-8.4375,361.0,2019-07-06 16:00:00,19.5,80,16.0,19.9,0.4,0.4,0.0,0.0,51,1016.2,974.4,64,53,28,0,0.28,0.46,11.6,14.5,265,264,31.7,22.8,19.3,17.3,14.8,0.21,0.253,0.296,0.375,1,3600.0,484.0,283.0,201.0,371.3,484.0,1008.4,442.7,258.9,183.9,371.3,442.7,922.4,5.429910519328542,62.47756291905078,104.84050580829934,778.5518408203125,0.8447123565572163,156.87027381296855
40.808434,-8.4375,361.0,2019-07-06 17:00:00,19.2,76,14.9,19.5,0.0,0.0,0.0,0.0,2,1016.1,974.3,59,46,29,0,0.24,0.53,9.7,12.3,266,265,27.0,22.4,19.5,17.4,14.8,0.209,0.253,0.296,0.375,1,3600.0,402.0,269.0,133.0,432.4,402.0,823.0,350.7,234.7,116.0,432.4,350.7,718.1,4.2643452893580545,61.22677736294969,84.83708083018007,785.7118408203124,0.7179913948674026,133.6083292534496
40.808434,-8.4375,361.0,2019-07-06 18:00:00,18.5,78,14.6,18.5,0.0,0.0,0.0,0.0,1,1016.0,974.1,46,32,29,0,0.17,0.46,10.5,13.7,274,273,24.5,21.9,19.6,17.4,14.8,0.209,0.253,0.296,0.375,1,3600.0,284.0,178.0,106.0,389.7,284.0,604.3,229.1,143.6,85.5,389.7,229.1,487.5,3.6676863407897784,59.6265006024437,71.1093207101197,792.7458408203124,0.6784850713100645,116.1679677656674
40.808434,-8.4375,361.0,2019-07-06 19:00:00,17.6,82,14.5,18.1,0.0,0.0,0.0,0.0,1,1015.9,973.9,37,26,23,0,0.09,0.36,6.9,9.2,279,281,24.1,21.1,19.6,17.4,14.8,0.208,0.253,0.296,0.375,1,3600.0,156.0,85.0,71.0,306.4,156.0,367.1,104.7,57.0,47.6,306.4,104.7,246.3,1.2002003271826873,54.21942094644326,60.510071147050525,799.6178408203124,0.3673597355875353,101.76735234685079
40.808434,-8.4375,361.0,2019-07-06 20:00:00,16.4,92,15.1,17.7,0.0,0.0,0.0,0.0,0,1016.0,973.8,14,6,14,0,0.02,0.15,2.9,4.6,277,288,15.8,20.1,19.7,17.4,14.8,0.208,0.252,0.296,0.375,1,1943.12,47.0,21.0,26.0,162.6,47.0,127.5,4.1,1.8,2.3,21.0,3.1,11.1,0.1284909710110807,41.190697252089784,51.597050668168706,806.2738408203123,0.05016314296535571,88.9614963505292
40.808434,-8.4375,361.0,2019-07-06 21:00:00,16.0,93,14.9,17.2,0.0,0.0,0.0,0.0,0,1016.5,974.2,7,8,0,0,0.0,0.12,3.6,2.7,323,337,7.6,19.0,19.6,17.4,14.8,0.209,0.252,0.296,0.375,0,0.0,0.0,0.0,0.0,0.0,0.0,0.0,0.0,0.0,0.0,0.0,0.0,0.0,0.02421780738061308,33.58592112141084,44.23306607084111,812.8578408203123,0.010430650119348392,77.87224915019434
40.808434,-8.4375,361.0,2019-07-06 22:00:00,15.0,97,14.5,16.1,0.0,0.0,0.0,0.0,0,1016.8,974.4,8,3,0,16,0.0,0.05,2.8,1.9,40,22,5.8,18.1,19.5,17.4,14.8,0.209,0.252,0.296,0.375,0,0.0,0.0,0.0,0.0,0.0,0.0,0.0,0.0,0.0,0.0,0.0,0.0,0.0,0.00157765225078172,24.498705929554944,37.828688359104724,819.2618408203123,0.0007521572560702323,67.82767050628252
40.808434,-8.4375,361.0,2019-07-06 23:00:00,13.7,98,13.5,14.5,0.0,0.0,0.0,0.0,0,1016.7,974.1,0,0,0,0,0.0,0.03,2.5,1.8,82,169,4.7,17.3,19.4,17.4,14.8,0.209,0.252,0.296,0.375,0,0.0,0.0,0.0,0.0,0.0,0.0,0.0,0.0,0.0,0.0,0.0,0.0,0.0,0.0001150720828556807,17.783192498982416,32.235984904215435,825.4318408203122,6.091746892554144e-05,58.737236277674576
40.808434,-8.4375,361.0,2019-07-07 00:00:00,14.5,98,14.3,15.4,0.0,0.0,0.0,0.0,3,1016.8,974.3,91,93,0,24,0.0,0.03,3.8,4.9,131,197,4.7,17.1,19.4,17.4,14.8,0.198,0.251,0.295,0.375,0,0.0,0.0,0.0,0.0,0.0,0.0,0.0,0.0,0.0,0.0,0.0,0.0,0.0,2.2001154595988207e-05,14.141258047192245,27.33588121246885,831.7458408203122,1.2978969626547038e-05,50.520765851519194
40.808434,-8.4375,361.0,2019-07-07 01:00:00,14.1,99,14.0,14.8,0.0,0.0,0.0,0.0,3,1016.8,974.2,97,100,0,22,0.0,0.02,4.5,5.1,151,188,7.2,16.6,19.2,17.4,14.8,0.198,0.251,0.295,0.375,0,0.0,0.0,0.0,0.0,0.0,0.0,0.0,0.0,0.0,0.0,0.0,0.0,0.0,3.548493984904187e-06,10.64803142536011,23.013836037525174,837.9878408203122,2.343643061432413e-06,43.07053425873985
40.808434,-8.4375,361.0,2019-07-07 02:00:00,14.4,100,14.4,15.5,0.0,0.0,0.0,0.0,3,1016.7,974.2,92,100,0,8,0.0,0.0,2.7,5.2,113,155,7.2,16.5,19.0,17.4,14.8,0.198,0.251,0.295,0.375,0,0.0,0.0,0.0,0.0,0.0,0.0,0.0,0.0,0.0,0.0,0.0,0.0,0.0,3.6073936789748077e-07,6.9850881650671,19.167255483468665,844.2838408203122,2.6847196751164285e-07,36.27565158757062
40.808434,-8.4375,361.0,2019-07-07 03:00:00,14.3,100,14.3,15.0,0.0,0.0,0.0,0.0,3,1016.4,973.9,91,99,0,6,0.0,0.0,5.1,6.1,86,118,9.4,16.4,18.8,17.4,14.8,0.199,0.251,0.295,0.375,0,0.0,0.0,0.0,0.0,0.0,0.0,0.0,0.0,0.0,0.0,0.0,0.0,0.0,6.880724368840081e-08,4.3798458342524365,15.758521841573355,850.5618408203122,5.811482664485088e-08,30.12186003373495
40.808434,-8.4375,361.0,2019-07-07 04:00:00,14.3,95,13.6,14.5,0.0,0.0,0.0,0.0,2,1016.2,973.7,53,58,0,3,0.0,0.08,6.5,6.3,84,103,13.3,16.4,18.7,17.4,14.8,0.199,0.25,0.295,0.375,0,0.0,0.0,0.0,0.0,0.0,0.0,0.0,0.0,0.0,0.0,0.0,0.0,0.0,1.355440307339438e-06,9.376056438408169,12.913230548413223,856.8398408203122,1.2992860291771068e-06,24.888730666239727
40.808434,-8.4375,361.0,2019-07-07 05:00:00,13.9,95,13.0,14.3,0.0,0.0,0.0,0.0,2,1016.2,973.6,58,62,0,9,0.0,0.09,4.0,4.6,95,141,13.0,16.2,18.5,17.4,14.8,0.199,0.25,0.295,0.375,0,0.0,0.0,0.0,0.0,0.0,0.0,0.0,0.0,0.0,0.0,0.0,0.0,0.0,4.723291943007211e-06,12.233288066859993,10.386407528201774,863.0458408203123,5.183394801891527e-06,20.166088272210413
40.808434,-8.4375,361.0,2019-07-07 06:00:00,14.6,92,13.3,15.0,0.0,0.0,0.0,0.0,2,1015.8,973.4,77,80,0,18,0.01,0.14,4.7,5.9,122,169,9.7,16.2,18.4,17.4,14.8,0.199,0.25,0.295,0.375,1,0.0,18.0,6.0,12.0,58.1,18.0,78.1,40.9,13.6,27.3,101.7,23.4,177.5,5.946309257688103e-05,18.01169215692944,8.276408786803563,869.3778408203123,7.481428831013115e-05,16.16802182762535
40.808434,-8.4375,361.0,2019-07-07 07:00:00,15.3,92,13.9,15.9,0.0,0.0,0.0,0.0,3,1016.0,973.6,100,100,0,33,0.05,0.15,4.5,5.1,166,172,12.2,16.6,18.2,17.4,14.8,0.199,0.25,0.295,0.375,1,999.4,92.0,21.0,71.0,93.3,92.0,297.8,129.3,29.5,99.8,93.3,129.3,418.6,0.00021443712040126968,21.71782029106306,6.444327684900676,875.8358408203122,0.0003117285494295384,12.655853560168135
40.808434,-8.4375,361.0,2019-07-07 08:00:00,16.4,84,13.7,17.2,0.0,0.0,0.0,0.0,3,1016.1,973.9,100,98,0,78,0.12,0.29,2.5,2.5,225,225,12.6,17.5,18.2,17.4,14.8,0.199,0.25,0.295,0.375,1,2854.11,216.0,63.0,153.0,155.1,216.0,537.3,262.8,76.7,186.2,155.1,262.8,653.8,0.0021743485861140154,29.65351926093611,5.21162185007686,882.4918408203122,0.0035523496793084955,10.271594517837952
40.808434,-8.4375,361.0,2019-07-07 09:00:00,17.7,76,13.5,18.3,0.0,0.0,0.0,0.0,3,1016.0,974.0,100,90,0,73,0.21,0.48,3.7,4.9,299,306,14.4,18.7,18.1,17.4,14.8,0.198,0.25,0.295,0.375,1,3600.0,353.0,135.0,218.0,234.1,353.0,762.9,401.2,153.4,247.8,234.1,401.2,867.1,0.03276798015268709,41.7166619383899,4.5650293282583,889.3818408203122,0.057409006871349304,9.014385799088126
40.808434,-8.4375,361.0,2019-07-07 10:00:00,19.5,65,12.8,19.7,0.0,0.0,0.0,0.0,3,1016.0,974.2,100,92,0,60,0.33,0.79,4.4,5.4,305,312,16.6,20.1,18.2,17.4,14.8,0.197,0.25,0.295,0.375,1,3600.0,537.0,293.0,244.0,404.2,537.0,959.1,584.5,318.9,265.6,404.2,584.5,1044.0,0.20634866903663954,55.297589511149795,4.655545722844124,896.5958408203122,0.35782623413624454,9.191771484365852
40.808434,-8.4375,361.0,2019-07-07 11:00:00,20.5,61,12.6,20.4,0.0,0.0,0.0,0.0,3,1016.0,974.4,98,100,0,28,0.38,0.95,8.2,10.0,293,296,21.6,21.3,18.3,17.4,14.8,0.196,0.249,0.295,0.375,1,3600.0,601.0,267.0,334.0,317.5,601.0,1112.7,633.3,281.3,351.9,317.5,633.3,1172.4,0.48803317552822106,65.52036871051344,5.016359006995112,903.9898408203122,0.813611697280862,9.895440252129786
40.808434,-8.4375,361.0,2019-07-07 12:00:00,20.1,66,13.6,20.4,0.0,0.0,0.0,0.0,2,1015.8,974.1,75,39,19,95,0.32,0.8,5.9,6.7,281,286,29.2,22.1,18.2,17.4,14.8,0.201,0.251,0.295,0.374,1,2061.29,485.0,118.0,367.0,128.7,485.0,1213.0,497.2,121.0,376.2,128.7,497.2,1243.6,37.5185546875,91.94873046875,251.015625,757.40576171875,9.14802360534668,273.828125
40.808434,-8.4375,361.0,2019-07-07 13:00:00,20.0,68,13.9,20.7,0.7,0.7,0.0,0.0,53,1015.7,974.0,95,46,41,98,0.41,0.76,8.6,10.4,268,272,23.0,22.6,18.4,17.4,14.8,0.206,0.251,0.295,0.374,1,3600.0,670.0,405.0,265.0,427.5,670.0,1253.3,669.6,404.8,264.8,427.5,669.6,1252.6,6.053046562181946,68.84961615571005,112.56239368247304,748.0244892089345,0.9302824699138884,163.58448523315383
40.808434,-8.4375,361.0,2019-07-07 14:00:00,19.4,73,14.5,19.4,0.3,0.3,0.0,0.0,51,1015.7,973.9,82,37,31,100,0.32,0.6,10.4,13.5,284,286,26.6,22.4,18.6,17.4,14.8,0.208,0.25,0.295,0.374,1,3166.17,528.0,154.0,374.0,165.5,528.0,1230.9,514.3,150.0,364.3,165.5,514.3,1198.9,4.569910333293864,62.12704100102139,82.38850272493083,739.9333165368861,0.7809926672723679,128.89671914771498
40.808434,-8.4375,361.0,2019-07-07 15:00:00,19.6,75,15.0,19.9,0.0,0.0,0.0,0.0,2,1015.3,973.6,61,18,25,100,0.3,0.58,9.5,11.8,299,301,28.1,22.4,18.8,17.4,14.8,0.207,0.25,0.295,0.374,1,3600.0,487.0,158.0,329.0,182.2,487.0,1147.2,461.1,149.6,311.5,182.2,461.1,1086.1,4.4034154017670435,63.47875276267336,72.74705054279676,747.165316536886,0.7974337966775741,117.0121543303387
40.808434,-8.4375,361.0,2019-07-07 16:00:00,19.0,76,14.8,19.0,0.0,0.0,0.0,0.0,3,1015.1,973.3,82,12,79,80,0.24,0.52,11.0,13.7,293,297,24.8,22.2,19.0,17.4,14.8,0.206,0.25,0.295,0.374,1,1665.69,387.0,88.0,299.0,115.5,387.0,1007.9,354.0,80.5,273.5,115.5,354.0,921.9,5.75179097390098,68.20692067464675,73.87999588679676,754.2893165368861,1.0285457892301877,118.6954765768819
40.808434,-8.4375,361.0,2019-07-07 17:00:00,18.5,79,14.8,18.5,0.0,0.0,0.0,0.0,1,1015.1,973.2,47,17,42,22,0.21,0.45,11.2,14.4,303,307,27.4,21.9,19.1,17.4,14.8,0.206,0.25,0.295,0.374,1,3600.0,367.0,169.0,198.0,271.9,367.0,822.5,320.1,147.4,172.7,271.9,320.1,717.5,6.526349127572511,71.72891777205035,74.84666318279676,761.3233165368861,1.1657367357478803,120.16049803563797
40.808434,-8.4375,361.0,2019-07-07 18:00:00,18.3,79,14.6,18.4,0.0,0.0,0.0,0.0,1,1014.8,972.9,28,20,16,0,0.19,0.44,9.7,12.2,312,317,25.9,21.6,19.3,17.4,14.8,0.205,0.249,0.295,0.374,1,3600.0,337.0,216.0,121.0,473.4,337.0,603.7,271.7,174.2,97.6,473.4,271.7,486.8,6.366251287903121,72.83450221152852,75.80346652679675,768.3213165368861,1.1272878066801155,121.61118411932883
40.808434,-8.4375,361.0,2019-07-07 19:00:00,17.3,82,14.2,17.6,0.0,0.0,0.0,0.0,0,1014.7,972.7,10,0,15,5,0.1,0.36,7.9,10.4,321,326,22.7,20.9,19.3,17.4,14.8,0.204,0.249,0.295,0.374,1,3600.0,186.0,119.0,67.0,429.8,186.0,366.3,124.6,79.7,44.9,429.8,124.6,245.5,5.619158875860378,71.64324410060395,76.58130959879675,775.1393165368861,0.984136621366022,122.82565491035687
40.808434,-8.4375,361.0,2019-07-07 20:00:00,16.0,88,14.0,16.5,0.0,0.0,0.0,0.0,0,1014.6,972.4,9,0,15,0,0.02,0.21,5.6,11.6,320,334,17.3,19.9,19.4,17.4,14.8,0.204,0.249,0.295,0.374,1,2256.41,48.0,24.0,24.0,186.3,48.0,126.5,3.8,1.9,1.9,21.7,2.8,10.0,4.435579627296315,67.95024891710277,77.06323411079676,781.723316536886,0.7770387614504113,123.65204598529007
40.808434,-8.4375,361.0,2019-07-07 21:00:00,15.0,94,14.0,15.4,0.0,0.0,0.0,0.0,0,1014.7,972.4,7,1,10,0,0.0,0.11,5.8,12.6,353,2,13.0,18.8,19.3,17.4,14.8,0.205,0.249,0.295,0.374,0,0.0,0.0,0.0,0.0,0.0,0.0,0.0,0.0,0.0,0.0,0.0,0.0,0.0,3.5701920202665756,62.68179423071846,77.29010500679675,788.127316536886,0.6371063265506949,124.14384871253608
40.808434,-8.4375,361.0,2019-07-07 22:00:00,14.4,96,13.7,14.9,0.0,0.0,0.0,0.0,0,1014.9,972.5,4,0,7,0,0.0,0.07,4.7,11.2,32,15,12.2,17.9,19.2,17.4,14.8,0.205,0.249,0.295,0.374,0,0.0,0.0,0.0,0.0,0.0,0.0,0.0,0.0,0.0,0.0,0.0,0.0,0.0,2.1776918666713447,57.47926979211823,77.43571572679674,794.4233165368861,0.4352750828760955,124.52622110610479
40.808434,-8.4375,361.0,2019-07-07 23:00:00,13.4,97,12.9,13.7,0.0,0.0,0.0,0.0,0,1014.5,971.9,3,1,4,0,0.0,0.05,4.9,8.0,36,355,10.4,17.2,19.1,17.4,14.8,0.205,0.249,0.295,0.374,0,0.0,0.0,0.0,0.0,0.0,0.0,0.0,0.0,0.0,0.0,0.0,0.0,0.0,0.9185109034225076,52.73085368263,77.53787808679674,800.5393165368861,0.2861242854158454,124.84536998909081
40.808434,-8.4375,361.0,2019-07-08 00:00:00,14.4,96,13.7,15.1,0.0,0.0,0.0,0.0,0,1014.8,972.4,12,11,3,0,0.0,0.07,3.4,6.3,32,329,9.4,17.0,19.0,17.4,14.8,0.197,0.246,0.294,0.374,0,0.0,0.0,0.0,0.0,0.0,0.0,0.0,0.0,0.0,0.0,0.0,0.0,0.0,0.592047356170531,49.54477529632392,77.68348880679673,806.8353165368861,0.18411155971302992,125.2248250170226
40.808434,-8.4375,361.0,2019-07-08 01:00:00,13.3,98,13.1,13.7,0.0,0.0,0.0,0.0,1,1014.5,971.9,33,32,2,10,0.0,0.02,4.3,4.6,180,252,6.1,16.5,18.8,17.4,14.8,0.197,0.246,0.294,0.374,0,0.0,0.0,0.0,0.0,0.0,0.0,0.0,0.0,0.0,0.0,0.0,0.0,0.0,0.35307590010139694,45.463424138242225,77.75112733479673,812.9333165368861,0.10966397371245903,125.49544946045279
40.808434,-8.4375,361.0,2019-07-08 02:00:00,13.9,100,13.9,14.7,0.0,0.0,0.0,0.0,3,1014.2,971.7,99,100,1,29,0.0,0.0,3.6,7.9,180,227,7.2,16.3,18.7,17.4,14.8,0.197,0.246,0.294,0.374,0,0.0,0.0,0.0,0.0,0.0,0.0,0.0,0.0,0.0,0.0,0.0,0.0,0.0,0.13973008153966357,40.214793077415266,77.75112733479673,819.1393165368861,0.04336390261991618,125.6791880739604
40.808434,-8.4375,361.0,2019-07-08 03:00:00,14.3,100,14.2,15.1,0.0,0.0,0.0,0.0,3,1014.0,971.6,95,100,1,15,0.0,0.01,4.1,6.6,195,229,9.7,16.2,18.5,17.4,14.8,0.197,0.246,0.294,0.374,0,0.0,0.0,0.0,0.0,0.0,0.0,0.0,0.0,0.0,0.0,0.0,0.0,0.0,0.05593672310710848,35.65703682248297,77.75112733479673,825.4173165368861,0.01734520775709834,125.86278299973002
40.808434,-8.4375,361.0,2019-07-08 04:00:00,14.3,99,14.1,14.8,0.0,0.0,0.0,0.0,3,1013.8,971.4,90,100,0,0,0.0,0.02,5.5,7.3,169,191,11.5,16.2,18.4,17.4,14.8,0.197,0.246,0.294,0.374,0,0.0,0.0,0.0,0.0,0.0,0.0,0.0,0.0,0.0,0.0,0.0,0.0,0.0,0.03145643762294059,32.917625181998595,77.78729515879674,831.6953165368861,0.00974428491848015,126.09165232989643
40.808434,-8.4375,361.0,2019-07-08 05:00:00,14.1,99,13.9,14.5,0.0,0.0,0.0,0.0,3,1013.7,971.3,95,100,0,18,0.0,0.02,5.8,7.3,150,171,12.2,16.1,18.2,17.4,14.8,0.198,0.246,0.294,0.374,0,0.0,0.0,0.0,0.0,0.0,0.0,0.0,0.0,0.0,0.0,0.0,0.0,0.0,0.017442737485336098,30.574739960735823,77.82299327079674,837.9373165368861,0.005397862103253003,126.31693673279632
40.808434,-8.4375,361.0,2019-07-08 06:00:00,14.5,95,13.6,15.0,0.0,0.0,0.0,0.0,3,1014.3,971.9,86,89,0,19,0.01,0.09,4.6,6.0,129,155,11.5,16.2,18.1,17.4,14.8,0.198,0.246,0.294,0.374,1,0.0,10.0,2.0,8.0,19.5,10.0,76.9,22.8,4.6,18.2,34.4,12.9,175.1,0.0310100140838739,33.03158829215407,78.00618095079675,844.2513165368861,0.0095786841277762,126.73708606030132
40.808434,-8.4375,361.0,2019-07-08 07:00:00,15.1,90,13.5,15.5,0.1,0.1,0.0,0.0,51,1014.6,972.3,93,98,0,17,0.04,0.17,5.5,7.1,157,156,12.6,16.4,18.0,17.4,14.8,0.198,0.246,0.294,0.374,1,0.0,49.0,10.0,39.0,44.8,49.0,295.5,69.0,14.1,55.0,44.8,69.0,416.4,0.1435365751846438,39.81312647657782,78.38664767079675,850.6733165368861,0.044205284865578405,127.41999855154366
40.808434,-8.4375,361.0,2019-07-08 08:00:00,16.4,86,14.0,16.8,0.0,0.0,0.0,0.0,3,1014.7,972.6,94,99,0,16,0.1,0.26,6.5,7.9,183,180,16.6,17.2,17.9,17.4,14.8,0.198,0.246,0.294,0.374,1,2575.21,170.0,59.0,111.0,145.8,170.0,535.3,207.0,71.9,135.2,145.8,207.0,651.9,0.6552480258291042,49.00276418380378,78.96204487079675,857.329316536886,0.20097990381032946,128.3668649064255
40.808434,-8.4375,361.0,2019-07-08 09:00:00,17.1,84,14.4,17.4,0.0,0.0,0.0,0.0,3,1014.9,972.8,92,100,0,6,0.13,0.3,7.6,9.4,199,198,18.4,17.8,17.9,17.4,14.8,0.198,0.246,0.294,0.374,1,1068.43,206.0,55.0,151.0,95.6,206.0,761.1,234.3,62.5,171.7,95.6,234.3,865.5,2.6253932152390225,57.01521793174852,79.64594554279674,864.1113165368861,0.48587512667599386,129.4606248960412
40.808434,-8.4375,361.0,2019-07-08 10:00:00,18.5,80,14.9,18.9,0.0,0.0,0.0,0.0,3,1014.9,973.0,90,100,0,1,0.2,0.44,8.2,10.6,203,204,21.2,18.7,17.9,17.4,14.8,0.198,0.246,0.294,0.374,1,1143.03,316.0,71.0,245.0,98.1,316.0,957.6,344.1,77.3,266.8,98.1,344.1,1042.6,4.610088418149104,64.50151405763881,80.56658106279674,871.1453165368861,0.781134073349485,130.87395388891207
40.808434,-8.4375,361.0,2019-07-08 11:00:00,20.6,71,15.1,21.5,0.0,0.0,0.0,0.0,3,1014.8,973.2,100,100,3,52,0.36,0.71,7.0,8.7,201,204,22.0,20.3,18.0,17.4,14.9,0.196,0.246,0.294,0.374,1,3600.0,570.0,288.0,282.0,342.9,570.0,1111.4,600.7,303.5,297.2,342.9,600.7,1171.3,5.661618713273759,71.89988249752572,82.04452987079674,878.5573165368861,0.9492258479593675,133.03111164880772
40.808434,-8.4375,361.0,2019-07-08 12:00:00,20.1,73,15.2,20.4,0.1,0.1,0.0,0.0,51,1015.1,973.5,95,100,4,10,0.33,0.62,9.5,11.8,217,218,22.7,20.4,18.0,17.4,14.9,0.207,0.249,0.295,0.374,1,3600.0,543.0,191.0,352.0,208.5,543.0,1212.0,556.7,195.8,360.9,208.5,556.7,1242.7,41.6812858581543,91.8940658569336,254.8125,765.652587890625,10.75636100769043,277.625
40.808434,-8.4375,361.0,2019-07-08 13:00:00,19.0,81,15.8,19.1,0.2,0.2,0.0,0.0,51,1015.2,973.4,98,97,4,27,0.22,0.41,13.3,17.3,268,268,29.5,20.7,18.2,17.4,14.9,0.207,0.248,0.295,0.374,1,0.0,356.0,52.0,304.0,54.9,356.0,1252.5,355.8,52.0,303.8,54.9,355.8,1251.9,11.014620948790016,76.81856066954009,255.709415064,772.776587890625,1.6796043211563096,279.88560135230256
40.808434,-8.4375,361.0,2019-07-08 14:00:00,19.3,82,16.1,19.6,0.0,0.0,0.0,0.0,2,1015.0,973.2,78,59,8,66,0.26,0.4,12.3,15.5,265,265,31.3,21.0,18.3,17.4,14.9,0.207,0.248,0.295,0.374,1,1587.91,443.0,105.0,338.0,112.9,443.0,1230.2,431.5,102.3,329.2,112.9,431.5,1198.3,10.943233009941087,77.38336444810137,256.57180629600003,779.954587890625,1.6658750163454796,281.57674893478855
40.808434,-8.4375,361.0,2019-07-08 15:00:00,20.4,76,16.0,21.1,0.0,0.0,0.0,0.0,3,1015.0,973.4,87,70,6,68,0.35,0.58,10.1,13.0,272,272,28.4,21.8,18.5,17.4,14.9,0.205,0.248,0.295,0.374,1,3600.0,575.0,311.0,264.0,358.9,575.0,1146.6,544.4,294.4,250.0,358.9,544.4,1085.6,12.91701302711016,80.73309930622555,257.783663256,787.330587890625,2.0468363232322844,283.50665829618845
40.808434,-8.4375,361.0,2019-07-08 16:00:00,20.5,74,15.7,20.9,0.0,0.0,0.0,0.0,2,1014.7,973.1,78,54,4,89,0.34,0.62,11.5,14.1,256,255,27.7,22.4,18.7,17.4,14.9,0.204,0.248,0.295,0.374,1,3600.0,576.0,369.0,207.0,484.7,576.0,1007.3,526.8,337.5,189.3,484.7,526.8,921.4,15.823393635263303,82.36331598248536,259.10261455200003,794.724587890625,2.660448469899946,285.50143930006783
40.808434,-8.4375,361.0,2019-07-08 17:00:00,19.9,77,15.8,20.3,0.0,0.0,0.0,0.0,2,1015.0,973.3,78,58,4,78,0.28,0.53,10.5,13.0,274,273,27.7,22.5,18.9,17.4,14.9,0.203,0.247,0.295,0.374,1,3600.0,489.0,316.0,173.0,508.7,489.0,821.9,426.5,275.6,150.9,508.7,426.5,716.9,15.322974126797128,82.42659326771553,260.23696903200005,802.010587890625,2.549634925399353,287.36386062783714
40.808434,-8.4375,361.0,2019-07-08 18:00:00,19.1,80,15.7,20.1,0.0,0.0,0.0,0.0,1,1015.2,973.4,44,15,2,99,0.17,0.43,6.8,8.1,288,291,25.6,22.1,19.0,17.4,14.9,0.202,0.247,0.295,0.374,1,3600.0,300.0,166.0,134.0,364.3,300.0,603.0,241.8,133.8,108.0,364.3,241.8,486.0,13.328107023966794,82.47345038150262,261.185787272,809.152587890625,2.128323268522273,289.0865061917186
40.808434,-8.4375,361.0,2019-07-08 19:00:00,18.6,81,15.3,19.6,0.0,0.0,0.0,0.0,1,1015.2,973.3,23,5,6,49,0.1,0.4,5.1,5.9,278,281,17.6,21.5,19.1,17.4,14.9,0.202,0.247,0.295,0.374,1,3600.0,180.0,103.0,77.0,372.9,180.0,365.4,120.4,68.9,51.5,372.9,120.4,244.5,12.515977734799382,82.52032296518202,262.06485328,816.204587890625,1.9650458634613184,290.74809495959096
40.808434,-8.4375,361.0,2019-07-08 20:00:00,16.8,92,15.5,18.1,0.0,0.0,0.0,0.0,0,1015.4,973.3,15,0,5,39,0.02,0.15,4.0,5.4,297,318,12.6,20.4,19.2,17.4,14.9,0.202,0.247,0.295,0.374,1,1495.48,45.0,18.0,27.0,140.1,45.0,125.4,3.1,1.3,1.9,14.4,2.3,8.8,9.117830981249375,79.61564402837146,262.401167072,822.932587890625,1.3375373099997028,292.018780630687
40.808434,-8.4375,361.0,2019-07-08 21:00:00,15.8,96,15.2,16.9,0.0,0.0,0.0,0.0,0,1015.9,973.6,8,0,8,10,0.0,0.07,4.7,6.6,356,351,8.3,19.3,19.2,17.4,14.9,0.202,0.247,0.295,0.374,0,0.0,0.0,0.0,0.0,0.0,0.0,0.0,0.0,0.0,0.0,0.0,0.0,0.0,7.769180045426495,77.11973237003083,262.55992972800004,829.480587890625,1.1132637847141256,293.1438668651498
40.808434,-8.4375,361.0,2019-07-08 22:00:00,15.4,96,14.8,16.5,0.0,0.0,0.0,0.0,0,1016.1,973.8,4,1,3,4,0.0,0.07,3.6,5.1,45,8,8.3,18.4,19.1,17.4,14.9,0.202,0.247,0.295,0.374,0,0.0,0.0,0.0,0.0,0.0,0.0,0.0,0.0,0.0,0.0,0.0,0.0,0.0,7.087226120397219,76.47017366296109,262.714934688,835.956587890625,1.0053592916887828,294.2477631546552
40.808434,-8.4375,361.0,2019-07-08 23:00:00,15.2,96,14.6,16.3,0.0,0.0,0.0,0.0,0,1016.1,973.7,4,5,0,0,0.0,0.07,3.1,4.7,54,356,6.8,17.7,19.1,17.4,14.9,0.202,0.247,0.295,0.374,0,0.0,0.0,0.0,0.0,0.0,0.0,0.0,0.0,0.0,0.0,0.0,0.0,0.0,6.843415406681989,76.2767341208834,262.8680608,842.396587890625,0.9676320288085181,295.33751528724446
40.808434,-8.4375,361.0,2019-07-09 00:00:00,14.7,97,14.2,15.4,0.0,0.0,0.0,0.0,1,1016.5,974.0,20,13,14,0,0.0,0.05,4.7,6.2,67,21,6.5,17.2,19.0,17.5,14.9,0.202,0.247,0.295,0.374,0,0.0,0.0,0.0,0.0,0.0,0.0,0.0,0.0,0.0,0.0,0.0,0.0,0.0,7.118671636165725,75.68448680334804,262.97938254400003,848.746587890625,1.0100047746322711,296.3797477249744
40.808434,-8.4375,361.0,2019-07-09 01:00:00,15.1,96,14.4,16.0,0.0,0.0,0.0,0.0,1,1016.2,973.8,32,25,15,0,0.0,0.08,3.9,8.4,56,31,9.4,16.9,18.9,17.5,14.9,0.202,0.247,0.295,0.374,0,0.0,0.0,0.0,0.0,0.0,0.0,0.0,0.0,0.0,0.0,0.0,0.0,0.0,6.878273183706986,75.72911800835726,263.131569232,855.1685878906251,0.9727542967657914,297.4517153636514
40.808434,-8.4375,361.0,2019-07-09 02:00:00,14.8,96,14.2,15.7,0.0,0.0,0.0,0.0,0,1015.8,973.4,6,7,0,0,0.0,0.06,3.4,7.4,72,29,9.0,16.6,18.8,17.5,14.9,0.202,0.247,0.295,0.374,0,0.0,0.0,0.0,0.0,0.0,0.0,0.0,0.0,0.0,0.0,0.0,0.0,0.0,6.737775577987997,75.77376394837425,263.280937648,861.5365878906251,0.9511660859006879,298.5067446785873
40.808434,-8.4375,361.0,2019-07-09 03:00:00,14.3,96,13.7,15.1,0.0,0.0,0.0,0.0,0,1015.8,973.3,1,1,0,0,0.0,0.07,2.9,5.7,83,35,8.3,16.3,18.6,17.5,14.9,0.202,0.247,0.295,0.374,0,0.0,0.0,0.0,0.0,0.0,0.0,0.0,0.0,0.0,0.0,0.0,0.0,0.0,6.599425718681807,75.81842462826377,263.42560894400003,867.8145878906251,0.9300747237150225,299.5385086378254
40.808434,-8.4375,361.0,2019-07-09 04:00:00,13.8,96,13.2,14.6,0.0,0.0,0.0,0.0,0,1015.6,973.1,0,0,0,0,0.0,0.06,1.8,1.3,101,56,7.6,16.0,18.4,17.5,14.9,0.203,0.247,0.295,0.374,0,0.0,0.0,0.0,0.0,0.0,0.0,0.0,0.0,0.0,0.0,0.0,0.0,0.0,6.281715667178153,75.86310005289216,263.56558312000004,874.0025878906251,0.8823831368574303,300.547348612509
40.808434,-8.4375,361.0,2019-07-09 05:00:00,13.6,97,13.2,14.2,0.0,0.0,0.0,0.0,0,1015.8,973.2,4,4,0,0,0.0,0.04,2.5,2.3,98,141,6.5,15.7,18.3,17.5,14.9,0.203,0.247,0.295,0.374,0,0.0,0.0,0.0,0.0,0.0,0.0,0.0,0.0,0.0,0.0,0.0,0.0,0.0,6.355977088275564,75.48706064676557,263.669154616,880.1545878906252,0.893348086480003,301.52078745473466
40.808434,-8.4375,361.0,2019-07-09 06:00:00,15.0,95,14.2,15.9,0.0,0.0,0.0,0.0,0,1015.9,973.5,10,11,0,0,0.01,0.09,3.3,3.1,103,144,7.2,15.8,18.1,17.5,14.9,0.203,0.247,0.295,0.374,1,86.85,20.0,7.0,13.0,69.0,20.0,75.8,45.6,16.0,29.6,122.3,25.7,172.7,6.617729871895462,75.53162667146103,263.858213696,886.5585878906252,0.9325649841426105,302.580703271345
40.808434,-8.4375,361.0,2019-07-09 07:00:00,16.8,91,15.2,18.3,0.0,0.0,0.0,0.0,0,1016.7,974.5,7,8,0,0,0.06,0.18,1.8,2.3,169,162,8.6,16.6,18.0,17.5,14.9,0.203,0.247,0.295,0.374,1,3600.0,119.0,63.0,56.0,284.3,119.0,293.2,168.1,89.0,79.1,284.3,168.1,414.2,6.342912104145816,76.0200963205648,264.236566712,893.2865878906251,0.8912086288879308,303.80632245853707
40.808434,-8.4375,361.0,2019-07-09 08:00:00,18.6,83,15.7,20.3,0.0,0.0,0.0,0.0,0,1017.0,975.1,0,0,0,0,0.16,0.36,1.8,1.5,233,225,10.8,17.9,17.9,17.5,14.9,0.203,0.247,0.295,0.374,1,3600.0,287.0,180.0,107.0,446.7,287.0,533.2,349.8,219.4,130.4,446.7,349.8,649.9,7.16915835685239,77.82888498795595,265.023099456,900.3385878906251,1.0169659612812543,305.3440174442896
40.808434,-8.4375,361.0,2019-07-09 09:00:00,20.9,74,16.0,22.7,0.0,0.0,0.0,0.0,0,1016.7,975.1,16,18,0,0,0.31,0.65,1.9,1.8,248,259,13.0,19.6,18.0,17.5,14.9,0.202,0.247,0.295,0.374,1,3600.0,510.0,406.0,104.0,707.5,510.0,759.3,580.2,461.9,118.3,707.5,580.2,863.8,9.132039942332433,80.6243531204982,266.366475776,907.8045878906252,1.3378955353804582,307.3082750802469
40.808434,-8.4375,361.0,2019-07-09 10:00:00,22.9,64,15.8,25.4,0.0,0.0,0.0,0.0,2,1016.4,975.1,62,69,0,0,0.42,1.0,1.5,1.5,284,315,13.3,21.4,18.1,17.5,14.9,0.2,0.246,0.295,0.374,1,3600.0,654.0,516.0,138.0,714.1,654.0,956.0,712.3,562.0,150.3,714.1,712.3,1041.2,12.069773330494154,83.56637207009267,268.395631616,915.6305878906252,1.8740910736130907,309.77965934236613
40.808434,-8.4375,361.0,2019-07-09 11:00:00,24.4,56,15.1,26.4,0.0,0.0,0.0,0.0,3,1016.4,975.3,94,100,6,0,0.49,1.33,5.7,6.6,288,292,18.0,23.0,18.3,17.4,14.9,0.198,0.246,0.295,0.373,1,3600.0,730.0,505.0,225.0,601.9,730.0,1110.1,769.5,532.3,237.2,601.9,769.5,1170.1,18.72063195346413,86.21074324639166,271.030715936,923.7265878906252,3.324387559239623,312.6931247718012
40.808434,-8.4375,361.0,2019-07-09 12:00:00,22.7,70,17.0,24.5,0.0,0.0,0.0,0.0,1,1017.2,975.8,36,23,23,5,0.41,0.83,8.4,9.8,295,298,30.6,23.9,18.6,17.4,14.9,0.202,0.248,0.296,0.373,1,3600.0,629.0,299.0,330.0,326.7,629.0,1210.9,645.0,306.6,338.4,326.7,645.0,1241.7,35.48872756958008,91.94485473632812,259.0625,774.56787109375,8.399072647094727,281.7265625
40.808434,-8.4375,361.0,2019-07-09 13:00:00,23.7,67,17.3,26.7,0.1,0.1,0.0,0.0,51,1016.7,975.5,44,32,23,5,0.54,0.96,8.5,10.5,324,329,23.8,24.9,18.9,17.5,14.9,0.201,0.247,0.296,0.373,1,3600.0,832.0,636.0,196.0,672.3,832.0,1251.7,831.6,635.7,195.9,672.3,831.6,1251.1,23.5342877687263,87.48129367026092,260.984561504,782.53787109375,4.585050107606583,284.64168132557484
40.808434,-8.4375,361.0,2019-07-09 14:00:00,24.1,66,17.3,26.6,0.2,0.2,0.0,0.0,51,1016.3,975.2,52,36,29,9,0.51,1.02,9.8,12.1,332,337,24.8,25.4,19.3,17.5,14.9,0.2,0.247,0.296,0.373,1,3600.0,779.0,596.0,183.0,641.4,779.0,1229.5,758.8,580.6,178.3,641.4,758.8,1197.7,23.38679478899935,86.95677698002065,262.996807712,790.5798710937501,4.542717343499499,287.1680387157522
40.808434,-8.4375,361.0,2019-07-09 15:00:00,24.1,66,17.4,25.9,0.2,0.2,0.0,0.0,51,1016.1,975.0,42,27,29,0,0.45,1.01,10.9,13.9,333,339,26.6,25.6,19.6,17.5,14.9,0.2,0.246,0.296,0.373,1,3600.0,689.0,493.0,196.0,569.2,689.0,1146.0,652.3,466.8,185.6,569.2,652.3,1085.0,24.12039487743391,86.87367233849348,265.00905392000004,798.6218710937501,4.7452270620429315,289.69349115667126
40.808434,-8.4375,361.0,2019-07-09 16:00:00,23.9,70,18.0,25.2,0.0,0.0,0.0,0.0,0,1015.7,974.6,7,0,12,0,0.4,0.9,13.4,17.3,324,329,30.2,25.6,19.9,17.5,14.9,0.199,0.246,0.296,0.373,1,3600.0,615.0,452.0,163.0,594.1,615.0,1006.7,562.5,413.4,149.1,594.1,562.5,920.8,24.629393554753353,86.19229908671224,266.77047392000003,806.6278710937501,4.887545949049543,292.0619010725673
40.808434,-8.4375,361.0,2019-07-09 17:00:00,23.2,71,17.7,23.9,0.0,0.0,0.0,0.0,0,1015.4,974.2,5,0,8,0,0.33,0.82,14.8,19.9,334,338,33.1,25.3,20.1,17.5,14.9,0.197,0.245,0.296,0.373,1,3600.0,530.0,417.0,113.0,671.9,530.0,821.3,462.2,363.6,98.5,671.9,462.2,716.2,24.989943150190832,85.83638857093919,268.42550415200003,814.50787109375,4.989095491281716,294.3441855001192
40.808434,-8.4375,361.0,2019-07-09 18:00:00,22.5,70,16.7,22.8,0.0,0.0,0.0,0.0,0,1015.1,973.8,4,0,7,0,0.24,0.83,14.1,19.0,341,345,32.8,24.7,20.4,17.5,14.9,0.196,0.245,0.296,0.373,1,3600.0,374.0,288.0,86.0,632.8,374.0,602.2,301.3,232.0,69.3,632.8,301.3,485.1,24.4360780666902,85.85721012442416,270.088284632,822.2618710937501,4.830245003394309,296.60885655909357
40.808434,-8.4375,361.0,2019-07-09 19:00:00,21.7,72,16.4,22.2,0.0,0.0,0.0,0.0,0,1015.4,974.0,5,1,7,0,0.14,0.73,11.8,18.3,340,345,29.9,23.8,20.5,17.5,14.9,0.196,0.245,0.295,0.373,1,3600.0,199.0,137.0,62.0,497.4,199.0,364.4,132.9,91.5,41.4,497.4,132.9,243.4,21.586990929430854,85.42927861762271,271.587605336,829.8718710937501,4.052419571742947,298.74974429877113
40.808434,-8.4375,361.0,2019-07-09 20:00:00,20.3,77,16.2,21.0,0.0,0.0,0.0,0.0,0,1015.2,973.6,5,2,6,0,0.05,0.54,9.7,20.7,2,7,24.8,22.6,20.6,17.5,14.9,0.196,0.245,0.295,0.373,1,2219.85,50.0,26.0,24.0,203.1,50.0,124.2,3.0,1.6,1.4,17.8,2.2,7.4,17.89948007668302,84.31888908482802,272.743566568,837.22987109375,3.1312331940983524,300.6395188435414
40.808434,-8.4375,361.0,2019-07-09 21:00:00,19.8,80,16.2,20.4,0.0,0.0,0.0,0.0,0,1015.5,973.8,2,0,3,0,0.02,0.47,10.5,23.1,22,23,22.3,21.5,20.6,17.5,14.9,0.196,0.245,0.295,0.373,0,0.0,0.0,0.0,0.0,0.0,0.0,0.0,0.0,0.0,0.0,0.0,0.0,0.0,16.954888931429164,83.46474764603728,273.725264648,844.4978710937501,2.9105267947391273,302.40546190915813
40.808434,-8.4375,361.0,2019-07-09 22:00:00,19.8,81,16.3,20.6,0.0,0.0,0.0,0.0,0,1015.4,973.7,1,0,2,0,0.01,0.45,9.7,22.1,42,34,22.0,20.7,20.6,17.5,14.9,0.196,0.245,0.295,0.373,0,0.0,0.0,0.0,0.0,0.0,0.0,0.0,0.0,0.0,0.0,0.0,0.0,0.0,15.878675663350336,83.10169677956327,274.657877824,851.7658710937501,2.667069322051472,304.137545308791
40.808434,-8.4375,361.0,2019-07-09 23:00:00,19.8,81,16.4,20.7,0.0,0.0,0.0,0.0,0,1014.8,973.1,1,0,1,0,0.01,0.45,9.2,20.5,51,39,20.5,20.2,20.5,17.5,14.9,0.196,0.245,0.295,0.373,0,0.0,0.0,0.0,0.0,0.0,0.0,0.0,0.0,0.0,0.0,0.0,0.0,0.0,15.479896735468932,83.03564480134325,275.59049100000004,859.0338710937501,2.578761111827926,305.86566138737606
40.808434,-8.4375,361.0,2019-07-10 00:00:00,19.2,83,16.2,20.2,0.0,0.0,0.0,0.0,0,1015.2,973.4,3,0,5,0,0.01,0.39,7.9,15.9,60,38,19.4,19.8,20.4,17.6,14.9,0.191,0.243,0.295,0.373,0,0.0,0.0,0.0,0.0,0.0,0.0,0.0,0.0,0.0,0.0,0.0,0.0,0.0,13.9856674447454,82.50823960763036,276.40097905600004,866.1938710937501,2.2594007060650894,307.4973028671214
40.808434,-8.4375,361.0,2019-07-10 01:00:00,18.8,83,15.9,20.1,0.0,0.0,0.0,0.0,0,1015.2,973.4,2,0,3,0,0.0,0.37,5.1,11.0,82,49,16.9,19.3,20.3,17.6,14.9,0.191,0.243,0.295,0.373,0,0.0,0.0,0.0,0.0,0.0,0.0,0.0,0.0,0.0,0.0,0.0,0.0,0.0,12.338605645756697,82.36117474947419,277.19549690400004,873.28187109375,1.9265555269899375,309.1034207387179
40.808434,-8.4375,361.0,2019-07-10 02:00:00,18.2,86,15.8,19.3,0.0,0.0,0.0,0.0,0,1015.2,973.3,1,0,1,0,0.0,0.3,6.1,9.4,118,137,13.0,18.9,20.2,17.6,14.9,0.191,0.243,0.295,0.373,0,0.0,0.0,0.0,0.0,0.0,0.0,0.0,0.0,0.0,0.0,0.0,0.0,0.0,11.852942666917924,81.52746839900296,277.830077816,880.2618710937501,1.8321368649818777,310.58860561681865
40.808434,-8.4375,361.0,2019-07-10 03:00:00,16.8,90,15.2,17.9,0.0,0.0,0.0,0.0,0,1015.0,972.9,0,0,0,1,0.0,0.19,4.8,7.4,103,151,13.0,18.5,20.0,17.6,14.9,0.191,0.243,0.295,0.373,0,0.0,0.0,0.0,0.0,0.0,0.0,0.0,0.0,0.0,0.0,0.0,0.0,0.0,9.811017820241648,80.04714574791008,278.25047005600004,886.98987109375,1.4554939592801281,311.8954204389433
40.808434,-8.4375,361.0,2019-07-10 04:00:00,16.6,88,14.6,17.7,0.0,0.0,0.0,0.0,0,1015.0,972.9,3,0,0,10,0.0,0.23,3.2,3.5,63,114,8.6,18.0,19.9,17.6,14.9,0.191,0.243,0.295,0.373,0,0.0,0.0,0.0,0.0,0.0,0.0,0.0,0.0,0.0,0.0,0.0,0.0,0.0,9.201881729041759,80.09321728627667,278.74930420000004,893.68187109375,1.3492469538822551,313.24057216919397
40.808434,-8.4375,361.0,2019-07-10 05:00:00,17.3,84,14.6,18.4,0.0,0.0,0.0,0.0,0,1015.0,973.0,0,0,0,1,0.0,0.31,3.2,6.5,63,87,9.0,17.6,19.7,17.6,14.9,0.191,0.243,0.295,0.373,0,0.0,0.0,0.0,0.0,0.0,0.0,0.0,0.0,0.0,0.0,0.0,0.0,0.0,9.256900184804865,80.15860148457342,279.44072026400005,900.49987109375,1.3585651530990206,314.72211807533756
40.808434,-8.4375,361.0,2019-07-10 06:00:00,19.1,78,15.1,20.1,0.0,0.0,0.0,0.0,0,1014.9,973.1,0,0,0,1,0.02,0.49,5.0,11.6,69,85,12.6,17.7,19.6,17.6,14.9,0.192,0.243,0.295,0.373,1,369.51,23.0,10.0,13.0,99.4,23.0,74.6,52.5,22.8,29.7,177.5,29.4,170.3,10.981140544370563,81.19040658246043,280.48442032800006,907.6418710937501,1.666790127678224,316.473184853127
40.808434,-8.4375,361.0,2019-07-10 07:00:00,22.3,68,16.0,23.2,0.0,0.0,0.0,0.0,0,1015.3,974.0,2,0,3,1,0.11,0.87,8.0,16.6,72,86,16.2,18.6,19.5,17.6,14.9,0.191,0.243,0.295,0.373,1,3600.0,154.0,102.0,52.0,464.0,154.0,290.9,218.1,144.5,73.7,464.0,218.1,412.0,15.605489731491467,83.5762900113216,282.24302205600003,915.35987109375,2.6037682536516313,318.76511779951704
40.808434,-8.4375,361.0,2019-07-10 08:00:00,24.4,51,13.7,24.1,0.0,0.0,0.0,0.0,0,1015.3,974.2,1,0,2,0,0.25,1.48,10.1,16.9,86,89,21.2,20.0,19.4,17.6,14.9,0.191,0.243,0.295,0.373,1,3600.0,331.0,255.0,76.0,635.4,331.0,531.1,403.8,311.1,92.7,635.4,403.8,647.9,24.032506531768785,87.10010623442395,285.17754777600004,923.45587109375,4.706963437652486,321.86375281625044
40.808434,-8.4375,361.0,2019-07-10 09:00:00,26.0,47,13.7,25.7,0.0,0.0,0.0,0.0,0,1015.5,974.6,0,0,0,0,0.38,1.8,10.9,15.5,96,94,24.5,21.5,19.5,17.6,14.9,0.189,0.242,0.294,0.373,1,3600.0,517.0,428.0,89.0,747.7,517.0,757.4,588.4,487.1,101.3,747.7,588.4,862.1,28.7563170765872,88.63175733257292,288.55078450400003,931.83987109375,6.101801646622153,325.28476673369977
40.808434,-8.4375,361.0,2019-07-10 10:00:00,27.6,41,13.3,28.2,0.0,0.0,0.0,0.0,0,1015.5,974.9,0,0,0,0,0.5,2.16,8.5,11.7,102,99,24.1,23.2,19.6,17.6,15.0,0.187,0.242,0.294,0.373,1,3600.0,686.0,591.0,95.0,819.3,686.0,954.5,747.3,643.8,103.5,819.3,747.3,1039.8,30.39702203165646,90.04394028763454,292.52760115200005,940.5118710937501,6.621057841930431,329.1309973862268
40.808434,-8.4375,361.0,2019-07-10 11:00:00,28.8,38,13.0,30.8,0.0,0.0,0.0,0.0,0,1015.4,974.9,0,0,0,0,0.59,2.47,4.7,6.1,94,90,20.5,25.0,19.8,17.6,15.0,0.185,0.241,0.294,0.373,1,3600.0,820.0,720.0,100.0,859.3,820.0,1108.8,864.5,759.1,105.4,859.3,864.5,1168.9,29.00077922640996,90.89643023468861,296.88136168000005,949.3998710937501,6.175683053489344,333.24495243742496
40.808434,-8.4375,361.0,2019-07-10 12:00:00,29.4,36,12.8,32.5,0.0,0.0,0.0,0.0,0,1015.0,974.6,0,0,0,0,0.65,2.63,1.8,1.9,307,338,15.5,26.4,20.0,17.6,15.0,0.187,0.245,0.297,0.373,1,3600.0,907.0,800.0,107.0,875.0,907.0,1209.9,930.2,820.4,109.7,875.0,930.2,1240.7,46.62053298950195,95.0061264038086,265.5625,784.36474609375,12.828880310058594,287.8203125
40.808434,-8.4375,361.0,2019-07-10 13:00:00,29.4,45,16.2,32.6,0.0,0.0,0.0,0.0,0,1014.6,974.2,0,0,0,0,0.69,2.25,8.9,10.5,302,308,21.6,27.6,20.4,17.6,15.0,0.184,0.244,0.296,0.373,1,3600.0,942.0,834.0,108.0,882.3,942.0,1250.8,941.6,833.7,108.0,882.3,941.6,1250.3,36.84788404979604,91.95720143584633,269.5022094,793.36074609375,8.872317689234542,291.47311410117965
40.808434,-8.4375,361.0,2019-07-10 14:00:00,28.1,56,18.5,30.9,0.0,0.0,0.0,0.0,0,1014.6,974.1,14,0,23,0,0.65,1.68,15.8,20.5,317,321,34.9,28.3,20.8,17.6,15.0,0.182,0.243,0.296,0.373,1,3600.0,920.0,813.0,107.0,875.5,920.0,1228.8,896.2,792.0,104.2,875.5,896.2,1197.0,36.97593934303854,89.55389346354816,272.519639288,802.12274609375,8.916064756819974,294.7161689280547
40.808434,-8.4375,361.0,2019-07-10 15:00:00,27.8,53,17.3,29.0,0.0,0.0,0.0,0.0,0,1014.4,973.8,0,0,0,0,0.55,1.76,16.9,23.0,322,325,37.4,28.3,21.1,17.7,15.0,0.18,0.243,0.296,0.373,1,3600.0,741.0,587.0,154.0,678.2,741.0,1145.3,701.5,555.7,145.8,678.2,701.5,1084.3,38.52367839612339,89.6031036579566,275.709688336,810.83074609375,9.4909866712893,298.05099939866693
40.808434,-8.4375,361.0,2019-07-10 16:00:00,28.0,51,17.0,29.0,0.0,0.0,0.0,0.0,0,1014.2,973.7,9,0,15,0,0.53,1.83,15.9,21.5,321,325,36.7,28.2,21.4,17.7,15.0,0.178,0.242,0.296,0.373,1,3600.0,713.0,612.0,101.0,804.9,713.0,1006.1,652.1,559.7,92.4,804.9,652.1,920.1,37.459376233514064,89.6523300991277,279.05850004,819.57474609375,9.088527557626337,301.4844902480896
40.808434,-8.4375,361.0,2019-07-10 17:00:00,26.8,55,17.1,27.0,0.0,0.0,0.0,0.0,0,1014.1,973.4,6,0,10,0,0.4,1.57,15.6,21.9,331,335,34.2,27.8,21.7,17.7,15.0,0.176,0.242,0.296,0.372,1,3600.0,537.0,435.0,102.0,701.5,537.0,820.5,468.2,379.2,88.9,701.5,468.2,715.3,35.798230779957684,89.2732778161477,282.00711712000003,828.10274609375,8.478300036110976,304.6477588429701
40.808434,-8.4375,361.0,2019-07-10 18:00:00,25.4,56,15.9,25.2,0.0,0.0,0.0,0.0,0,1014.2,973.3,1,0,2,0,0.29,1.44,15.3,23.1,352,355,33.5,27.0,21.9,17.7,15.0,0.175,0.241,0.295,0.372,1,3600.0,360.0,279.0,81.0,614.0,360.0,601.3,289.9,224.6,65.2,614.0,289.9,484.1,34.1415176607796,88.87668329471661,284.74553808,836.37874609375,7.888928226800186,307.6457364425458
40.808434,-8.4375,361.0,2019-07-10 19:00:00,24.8,56,15.4,24.5,0.0,0.0,0.0,0.0,0,1014.1,973.1,1,0,1,0,0.19,1.38,14.1,27.5,15,11,31.7,25.9,22.1,17.7,15.0,0.174,0.241,0.295,0.372,1,3600.0,203.0,143.0,60.0,520.8,203.0,363.4,135.3,95.3,40.0,520.8,135.3,242.2,32.37131212852843,88.73869981017468,287.421957056,844.54674609375,7.280382298932551,310.58924457936615
40.808434,-8.4375,361.0,2019-07-10 20:00:00,24.0,56,14.6,23.2,0.0,0.0,0.0,0.0,0,1013.7,972.6,0,0,0,0,0.12,1.32,15.5,30.8,31,23,31.7,24.7,22.2,17.7,15.0,0.174,0.241,0.295,0.372,1,2198.83,52.0,28.0,24.0,219.5,52.0,122.9,2.5,1.4,1.2,15.6,1.8,6.0,33.502818294205895,88.60499835461964,290.01570671999997,852.57074609375,7.664024138888307,313.46011426948155
40.808434,-8.4375,361.0,2019-07-10 21:00:00,23.7,60,15.4,23.3,0.0,0.0,0.0,0.0,0,1013.8,972.7,0,0,0,0,0.09,1.19,15.6,31.6,34,30,31.7,23.7,22.2,17.8,15.0,0.174,0.241,0.295,0.372,0,0.0,0.0,0.0,0.0,0.0,0.0,0.0,0.0,0.0,0.0,0.0,0.0,0.0,31.591453898171984,87.95488537798677,292.34547824,860.54074609375,7.016989831585446,316.16751766009827
40.808434,-8.4375,361.0,2019-07-10 22:00:00,23.5,65,16.5,23.5,0.0,0.0,0.0,0.0,0,1013.9,972.8,0,0,0,0,0.07,1.01,15.5,30.7,36,31,32.0,23.0,22.2,17.8,15.0,0.174,0.241,0.295,0.372,0,0.0,0.0,0.0,0.0,0.0,0.0,0.0,0.0,0.0,0.0,0.0,0.0,0.0,28.9367247011357,87.07923186652188,294.3675884,868.47474609375,6.160611867290113,318.6883791305461
40.808434,-8.4375,361.0,2019-07-10 23:00:00,23.1,66,16.5,23.3,0.0,0.0,0.0,0.0,0,1013.6,972.4,0,0,0,0,0.06,0.95,14.3,29.6,34,27,31.3,22.5,22.1,17.8,15.0,0.174,0.241,0.295,0.372,0,0.0,0.0,0.0,0.0,0.0,0.0,0.0,0.0,0.0,0.0,0.0,0.0,0.0,26.896093777510647,86.75154011999237,296.299983568,876.33674609375,5.535162638143554,321.14365007460106
40.808434,-8.4375,361.0,2019-07-11 00:00:00,22.5,70,16.8,23.3,0.0,0.0,0.0,0.0,0,1014.1,972.8,0,0,0,0,0.04,0.81,11.0,24.4,41,31,29.5,22.2,22.1,17.8,15.0,0.171,0.239,0.294,0.372,0,0.0,0.0,0.0,0.0,0.0,0.0,0.0,0.0,0.0,0.0,0.0,0.0,0.0,22.2431219204563,86.00472637892285,297.962764048,884.09074609375,4.218060062910208,323.42111895683
40.808434,-8.4375,361.0,2019-07-11 01:00:00,22.0,71,16.4,23.0,0.0,0.0,0.0,0.0,0,1013.9,972.6,0,0,0,0,0.03,0.78,8.5,20.8,36,26,23.0,21.6,22.0,17.8,15.0,0.171,0.239,0.294,0.372,0,0.0,0.0,0.0,0.0,0.0,0.0,0.0,0.0,0.0,0.0,0.0,0.0,0.0,19.636447474590458,85.66508334114424,299.536064392,891.75474609375,3.546118027564686,325.6290823482381
40.808434,-8.4375,361.0,2019-07-11 02:00:00,21.3,73,16.2,22.3,0.0,0.0,0.0,0.0,0,1013.5,972.1,0,0,0,0,0.02,0.69,7.9,19.0,43,29,18.0,21.1,21.9,17.9,15.0,0.171,0.239,0.294,0.372,0,0.0,0.0,0.0,0.0,0.0,0.0,0.0,0.0,0.0,0.0,0.0,0.0,0.0,18.309566301902997,85.19339497877581,300.95647348,899.29274609375,3.22239058408914,327.72368684887135
40.808434,-8.4375,361.0,2019-07-11 03:00:00,20.7,75,16.1,21.8,0.0,0.0,0.0,0.0,0,1013.4,971.9,0,0,0,0,0.01,0.61,6.6,15.0,68,48,16.6,20.7,21.7,17.9,15.0,0.171,0.239,0.294,0.372,0,0.0,0.0,0.0,0.0,0.0,0.0,0.0,0.0,0.0,0.0,0.0,0.0,0.0,16.58389049225557,84.69981906992759,302.23643868,906.72274609375,2.8203663908807353,329.71469838566065
40.808434,-8.4375,361.0,2019-07-11 04:00:00,20.0,77,15.9,21.4,0.0,0.0,0.0,0.0,0,1013.2,971.6,0,0,0,0,0.0,0.53,4.7,6.5,90,90,13.7,20.2,21.6,17.9,15.0,0.172,0.239,0.294,0.372,0,0.0,0.0,0.0,0.0,0.0,0.0,0.0,0.0,0.0,0.0,0.0,0.0,0.0,14.615980798143877,84.17818206434133,303.376194848,914.0267460937499,2.3882362356771787,331.5986713669521
40.808434,-8.4375,361.0,2019-07-11 05:00:00,19.2,80,15.6,20.5,0.0,0.0,0.0,0.0,0,1013.4,971.7,0,0,0,0,0.0,0.45,4.1,3.8,105,163,10.4,19.8,21.4,17.9,15.0,0.172,0.239,0.294,0.372,0,0.0,0.0,0.0,0.0,0.0,0.0,0.0,0.0,0.0,0.0,0.0,0.0,0.0,13.20613269216581,83.42034601353832,304.329710208,921.1867460937499,2.096029525304523,333.3444215094312
40.808434,-8.4375,361.0,2019-07-11 06:00:00,22.1,67,15.7,23.8,0.0,0.0,0.0,0.0,0,1013.7,972.4,0,0,0,0,0.02,0.87,1.8,1.6,101,207,7.9,19.5,21.3,17.9,15.0,0.172,0.239,0.294,0.372,1,365.08,23.0,10.0,13.0,100.4,23.0,73.3,52.6,22.9,29.7,180.5,29.3,167.7,13.139972831888105,84.24614292184457,306.127767744,928.8687460937499,2.0824649650616562,335.67996940020015
40.808434,-8.4375,361.0,2019-07-11 07:00:00,23.6,68,17.4,26.2,0.0,0.0,0.0,0.0,0,1013.9,972.8,0,0,0,0,0.08,0.93,0.5,0.8,45,27,3.6,20.5,21.1,17.9,15.0,0.172,0.239,0.294,0.372,1,3600.0,154.0,103.0,51.0,472.5,154.0,288.4,218.7,146.3,72.4,472.5,218.7,409.7,12.95145783505705,84.59422228005113,307.984069568,936.8207460937499,2.0444136200924587,338.0936152430844
40.808434,-8.4375,361.0,2019-07-11 08:00:00,25.7,63,18.1,28.4,0.0,0.0,0.0,0.0,0,1014.2,973.4,0,0,0,0,0.21,1.23,1.8,1.8,281,323,8.6,22.0,21.1,17.9,15.0,0.172,0.239,0.294,0.372,1,3600.0,335.0,263.0,72.0,658.0,335.0,528.9,409.1,321.2,87.9,658.0,409.1,645.9,15.170353837188614,85.59668974010488,310.312901664,945.15074609375,2.5060380303286,340.8528635188009
40.808434,-8.4375,361.0,2019-07-11 09:00:00,27.1,62,19.2,30.0,0.0,0.0,0.0,0.0,0,1014.5,973.8,0,0,0,0,0.36,1.37,4.0,4.7,275,293,14.0,23.7,21.1,17.9,15.0,0.171,0.238,0.294,0.372,1,3600.0,520.0,435.0,85.0,761.9,520.0,755.5,592.1,495.3,96.8,761.9,592.1,860.3,17.68712485745903,86.2602690070617,312.82961856,953.7327460937499,3.072841031285608,343.76619847195735
40.808434,-8.4375,361.0,2019-07-11 10:00:00,28.3,61,20.0,32.3,0.0,0.0,0.0,0.0,0,1014.6,974.1,0,0,0,0,0.49,1.51,5.4,6.8,290,302,17.3,25.4,21.3,18.0,15.0,0.169,0.238,0.294,0.372,1,3600.0,686.0,592.0,94.0,822.2,686.0,952.8,747.5,645.1,102.4,822.2,747.5,1038.3,19.55996321561369,86.72970870809914,315.522477456,962.5307460937499,3.523842962741362,346.8208529664687
40.808434,-8.4375,361.0,2019-07-11 11:00:00,29.4,58,20.2,33.9,0.0,0.0,0.0,0.0,0,1014.5,974.1,0,0,0,0,0.6,1.74,7.4,9.2,299,309,20.9,27.1,21.5,18.0,15.0,0.167,0.237,0.294,0.372,1,3600.0,819.0,719.0,100.0,859.1,819.0,1107.4,863.6,758.1,105.4,859.1,863.6,1167.7,22.558671532554666,87.4159978916753,318.530982816,971.5267460937499,4.297549425602295,350.0982928532369
40.808434,-8.4375,361.0,2019-07-11 12:00:00,30.3,56,20.6,35.4,0.0,0.0,0.0,0.0,0,1014.4,974.2,0,0,0,0,0.67,1.9,8.4,10.0,301,311,23.8,28.3,21.7,18.0,15.0,0.167,0.237,0.294,0.372,1,3600.0,906.0,802.0,104.0,878.0,906.0,1208.7,929.2,822.6,106.7,878.0,929.2,1239.7,52.66048049926758,97.2479019165039,273.46875,795.02099609375,15.562935829162598,294.96875
40.808434,-8.4375,361.0,2019-07-11 13:00:00,30.7,54,20.4,35.6,0.0,0.0,0.0,0.0,0,1014.0,973.8,0,0,0,0,0.7,2.02,9.7,12.0,309,316,24.8,29.5,22.0,18.0,15.0,0.164,0.237,0.294,0.372,1,3600.0,942.0,836.0,106.0,885.1,942.0,1249.9,941.7,835.7,106.0,885.1,941.7,1249.5,34.123995121369575,90.84779331834757,276.904223568,804.25099609375,7.890294259354003,297.62616517195454
40.808434,-8.4375,361.0,2019-07-11 14:00:00,30.7,54,20.2,35.2,0.0,0.0,0.0,0.0,0,1013.9,973.7,0,0,0,0,0.69,2.04,11.2,13.8,312,319,26.6,30.3,22.3,18.0,15.0,0.162,0.236,0.293,0.372,1,3600.0,924.0,819.0,105.0,882.6,924.0,1228.0,900.1,797.8,102.3,882.6,900.1,1196.2,33.5484382346497,90.13696609057534,280.33969713600004,813.48099609375,7.687758663827211,301.1905992597569
40.808434,-8.4375,361.0,2019-07-11 15:00:00,30.3,54,20.0,34.2,0.0,0.0,0.0,0.0,0,1013.8,973.6,0,0,0,0,0.64,1.99,11.7,14.9,317,323,27.7,30.6,22.7,18.0,15.0,0.16,0.235,0.293,0.372,1,3600.0,855.0,753.0,102.0,870.6,855.0,1144.6,809.4,712.9,96.6,870.6,809.4,1083.6,33.68118595477065,90.00025296207066,283.73195720000007,822.63899609375,7.731056003573493,304.717640276361
40.808434,-8.4375,361.0,2019-07-11 16:00:00,29.8,53,19.3,32.6,0.0,0.0,0.0,0.0,0,1013.6,973.3,0,0,0,0,0.56,1.97,12.1,16.0,323,329,27.7,30.6,23.0,18.0,15.0,0.158,0.234,0.293,0.372,1,3600.0,738.0,642.0,96.0,845.1,738.0,1005.3,674.8,587.1,87.8,845.1,674.8,919.3,34.30152875509226,90.0496105222217,287.1427708880001,831.70699609375,7.944431679836394,308.23981874149416
40.808434,-8.4375,361.0,2019-07-11 17:00:00,28.9,52,18.2,30.4,0.0,0.0,0.0,0.0,0,1013.4,973.0,0,0,0,0,0.44,1.9,11.9,16.1,331,336,27.7,30.1,23.3,18.1,15.0,0.157,0.234,0.293,0.372,1,3600.0,581.0,493.0,88.0,795.9,581.0,819.7,506.4,429.7,76.7,795.9,506.4,714.4,34.203679206449806,90.08791795823291,290.5246972880001,840.61299609375,7.9080348961357405,311.71737875994415
40.808434,-8.4375,361.0,2019-07-11 18:00:00,27.5,57,18.2,28.8,0.0,0.0,0.0,0.0,0,1013.5,972.9,0,0,0,0,0.31,1.57,11.5,16.3,340,346,26.3,29.3,23.5,18.1,15.0,0.156,0.234,0.293,0.372,1,3600.0,398.0,322.0,76.0,709.8,398.0,600.3,320.3,259.1,61.2,709.8,320.3,483.1,30.809892529148424,89.13554864665042,293.41295637600007,849.26699609375,6.7607997041193135,314.86736994941566
40.808434,-8.4375,361.0,2019-07-11 19:00:00,25.7,65,18.6,27.4,0.0,0.0,0.0,0.0,0,1013.5,972.7,0,0,0,0,0.17,1.17,10.1,20.5,354,3,23.8,28.0,23.7,18.1,15.0,0.156,0.233,0.293,0.372,1,3600.0,211.0,153.0,58.0,559.1,211.0,362.1,140.3,101.8,38.6,559.1,140.3,240.9,25.143177414639307,87.55512665512164,295.61590565600005,857.59699609375,5.022745806031846,317.566673901462
40.808434,-8.4375,361.0,2019-07-11 20:00:00,23.8,65,16.8,24.7,0.0,0.0,0.0,0.0,0,1013.5,972.4,0,0,0,0,0.07,1.04,10.4,23.4,14,14,21.6,26.4,23.8,18.1,15.0,0.155,0.233,0.293,0.372,1,2175.97,53.0,29.0,24.0,228.2,53.0,121.4,1.9,1.0,0.9,11.9,1.4,4.4,24.23571890722948,87.07907176717542,297.66267569600006,865.5849960937501,4.764365181261661,320.1163867806007
40.808434,-8.4375,361.0,2019-07-11 21:00:00,23.3,60,15.0,23.4,0.0,0.0,0.0,0.0,0,1013.6,972.5,0,0,0,0,0.06,1.16,11.0,24.6,23,18,23.0,25.0,23.8,18.2,15.0,0.155,0.233,0.293,0.372,0,0.0,0.0,0.0,0.0,0.0,0.0,0.0,0.0,0.0,0.0,0.0,0.0,0.0,24.87563521635928,87.12746489834603,299.95487025600005,873.4829960937501,4.9445761386667,322.7920326813725
40.808434,-8.4375,361.0,2019-07-11 22:00:00,23.1,57,14.0,22.8,0.0,0.0,0.0,0.0,0,1013.7,972.5,0,0,0,0,0.06,1.22,11.0,24.5,32,26,23.0,24.0,23.7,18.2,15.0,0.155,0.233,0.293,0.372,0,0.0,0.0,0.0,0.0,0.0,0.0,0.0,0.0,0.0,0.0,0.0,0.0,0.0,24.998300375848334,87.1758740065256,302.398781792,881.3449960937501,4.97880311584359,325.5491659073819
40.808434,-8.4375,361.0,2019-07-11 23:00:00,23.2,58,14.4,22.9,0.0,0.0,0.0,0.0,0,1013.4,972.3,0,0,0,0,0.07,1.21,12.0,26.4,39,35,23.8,23.2,23.6,18.2,15.0,0.155,0.233,0.293,0.372,0,0.0,0.0,0.0,0.0,0.0,0.0,0.0,0.0,0.0,0.0,0.0,0.0,0.0,26.01555206878995,87.22429909698894,304.795722128,889.2249960937501,5.272386157894559,328.28200989612094
40.808434,-8.4375,361.0,2019-07-12 00:00:00,23.8,62,16.0,24.2,0.0,0.0,0.0,0.0,0,1013.1,972.0,0,0,0,0,0.06,1.13,10.9,24.8,46,40,24.5,22.4,23.4,18.2,15.0,0.153,0.231,0.292,0.372,0,0.0,0.0,0.0,0.0,0.0,0.0,0.0,0.0,0.0,0.0,0.0,0.0,0.0,25.156441477736273,87.27274017501266,307.0179296,897.2129960937501,5.022675224156798,330.9315903443585
40.808434,-8.4375,361.0,2019-07-12 01:00:00,23.0,66,16.2,24.0,0.0,0.0,0.0,0.0,0,1012.8,971.6,0,0,0,0,0.03,0.97,8.0,19.4,63,50,22.3,22.1,23.3,18.3,15.0,0.153,0.231,0.292,0.372,0,0.0,0.0,0.0,0.0,0.0,0.0,0.0,0.0,0.0,0.0,0.0,0.0,0.0,21.617957068844575,86.78809790514342,308.94233966400003,905.0569960937502,4.050551832200544,333.3829554168901
40.808434,-8.4375,361.0,2019-07-12 02:00:00,21.2,72,16.0,22.4,0.0,0.0,0.0,0.0,0,1012.8,971.4,0,0,0,0,0.01,0.7,6.1,9.2,90,64,16.9,21.5,23.1,18.3,15.0,0.153,0.231,0.292,0.372,0,0.0,0.0,0.0,0.0,0.0,0.0,0.0,0.0,0.0,0.0,0.0,0.0,0.0,17.815979748821743,85.57770554292651,310.408780528,912.5769960937502,3.1041347781884956,335.5111797614517
40.808434,-8.4375,361.0,2019-07-12 03:00:00,20.3,75,15.7,21.5,0.0,0.0,0.0,0.0,0,1013.0,971.5,3,0,0,9,0.01,0.61,5.5,4.6,113,135,11.5,21.0,22.9,18.3,15.0,0.154,0.231,0.292,0.372,0,0.0,0.0,0.0,0.0,0.0,0.0,0.0,0.0,0.0,0.0,0.0,0.0,0.0,15.978566782651784,84.74163828635298,311.665260128,919.9349960937501,2.683557775809191,337.48701387682127
40.808434,-8.4375,361.0,2019-07-12 04:00:00,20.0,73,15.1,21.1,0.0,0.0,0.0,0.0,1,1012.8,971.2,27,0,0,89,0.0,0.62,4.7,3.3,90,103,9.7,20.5,22.7,18.3,15.1,0.154,0.231,0.292,0.372,0,0.0,0.0,0.0,0.0,0.0,0.0,0.0,0.0,0.0,0.0,0.0,0.0,0.0,15.575327689389933,84.78925971305257,313.00323476,927.2389960937501,2.594352217181371,339.4991084468132
40.808434,-8.4375,361.0,2019-07-12 05:00:00,19.7,72,14.6,20.6,0.0,0.0,0.0,0.0,0,1013.3,971.7,1,0,0,2,0.0,0.63,4.7,3.9,90,124,9.4,20.1,22.5,18.3,15.1,0.154,0.231,0.292,0.372,0,0.0,0.0,0.0,0.0,0.0,0.0,0.0,0.0,0.0,0.0,0.0,0.0,0.0,15.65354992524627,84.83689686198262,314.371036104,934.4889960937501,2.611312514019094,341.5176024923222
40.808434,-8.4375,361.0,2019-07-12 06:00:00,21.1,76,16.6,22.9,0.0,0.0,0.0,0.0,0,1013.5,972.1,2,0,0,7,0.02,0.61,3.6,4.6,90,108,9.0,19.9,22.3,18.3,15.1,0.154,0.231,0.292,0.371,1,360.07,22.0,10.0,12.0,101.4,22.0,72.1,50.4,22.9,27.5,183.6,27.8,165.2,14.511848602717684,84.5164899556166,315.622348872,941.99099609375,2.3649701398342757,343.5070606723362
40.808434,-8.4375,361.0,2019-07-12 07:00:00,24.6,64,17.3,26.8,0.0,0.0,0.0,0.0,1,1013.5,972.5,27,0,0,90,0.09,1.12,2.9,5.2,60,74,7.6,20.9,22.1,18.4,15.1,0.154,0.231,0.292,0.371,1,3600.0,148.0,98.0,50.0,453.5,148.0,286.0,210.8,139.6,71.2,453.5,210.8,407.3,15.40832464715183,85.34330176177777,317.79523658399995,950.12299609375,2.5572058839610174,346.14541255826964
40.808434,-8.4375,361.0,2019-07-12 08:00:00,26.1,62,18.2,28.5,0.0,0.0,0.0,0.0,1,1014.2,973.4,30,0,1,99,0.21,1.3,4.3,6.5,204,161,11.2,22.4,22.1,18.4,15.1,0.154,0.231,0.291,0.371,1,3600.0,296.0,180.0,116.0,452.3,296.0,526.7,361.8,220.0,141.8,452.3,361.8,643.8,17.530483921749358,86.06644048989318,320.22270819999994,958.52499609375,3.0356709433134044,348.9791958004206
40.808434,-8.4375,361.0,2019-07-12 09:00:00,27.6,55,17.9,29.8,0.0,0.0,0.0,0.0,1,1014.4,973.8,31,0,2,99,0.3,1.65,4.9,7.7,144,127,16.2,23.8,22.0,18.4,15.1,0.153,0.231,0.291,0.371,1,3600.0,407.0,204.0,203.0,358.2,407.0,753.6,463.7,232.4,231.3,358.2,463.7,858.5,20.628340043578046,87.42133519824837,323.25587343999996,967.19699609375,3.7917672067112633,352.2172592240506
40.808434,-8.4375,361.0,2019-07-12 10:00:00,29.1,52,18.1,31.6,0.0,0.0,0.0,0.0,1,1014.2,973.8,34,0,7,99,0.27,1.94,3.3,6.6,131,103,25.2,24.8,22.1,18.4,15.1,0.153,0.23,0.291,0.371,1,1288.65,336.0,74.0,262.0,103.0,336.0,951.2,366.2,80.7,285.6,103.0,366.2,1036.8,21.367827707356533,88.326164214338,326.66034601599995,976.13899609375,3.981931213013081,355.72033191000565
40.808434,-8.4375,361.0,2019-07-12 11:00:00,27.4,62,19.5,29.9,0.0,0.0,0.0,0.0,2,1015.1,974.4,64,0,57,99,0.32,1.38,7.9,9.2,227,222,38.2,25.7,22.2,18.4,15.1,0.152,0.23,0.291,0.371,1,2256.09,409.0,113.0,296.0,135.2,409.0,1106.0,431.3,119.2,312.2,135.2,431.3,1166.4,24.705237593305796,88.14086400459996,329.20383649599995,984.77499609375,4.8889913893081705,358.66187716262925
40.808434,-8.4375,361.0,2019-07-12 12:00:00,28.0,62,20.1,30.1,0.0,0.0,0.0,0.0,1,1015.1,974.5,30,0,1,99,0.31,1.44,12.8,16.0,230,226,19.1,26.5,22.4,18.4,15.1,0.151,0.23,0.291,0.371,1,501.34,345.0,70.0,275.0,76.7,345.0,1207.6,353.9,71.8,282.1,76.7,353.9,1238.7,47.78303909301758,94.59032440185547,278.6640625,804.56787109375,13.296875,300.015625
40.808434,-8.4375,361.0,2019-07-12 13:00:00,27.2,62,19.2,29.6,0.0,0.0,0.0,0.0,1,1015.1,974.4,35,0,9,100,0.46,1.39,10.3,12.7,245,241,28.1,27.4,22.6,18.4,15.1,0.15,0.229,0.291,0.371,1,3600.0,624.0,230.0,394.0,243.7,624.0,1248.9,623.8,229.9,393.9,243.7,623.8,1248.6,28.862873617130724,88.8925179606102,281.189703924,813.16787109375,6.145890049914341,301.6266460151245
40.808434,-8.4375,361.0,2019-07-12 14:00:00,27.4,59,18.6,30.2,0.0,0.0,0.0,0.0,1,1014.9,974.3,40,0,19,94,0.34,1.5,2.9,4.6,150,141,25.2,27.6,22.8,18.5,15.1,0.149,0.229,0.291,0.371,1,1305.89,444.0,96.0,348.0,103.5,444.0,1227.1,432.5,93.5,339.0,103.5,432.5,1195.4,21.812334762303674,88.68623965867087,283.933996284,821.80387109375,4.109431345768649,304.69069844116734
40.808434,-8.4375,361.0,2019-07-12 15:00:00,29.3,50,17.9,31.5,0.0,0.0,0.0,0.0,2,1014.2,973.8,52,0,48,79,0.4,2.02,4.6,4.2,252,250,15.5,28.2,22.9,18.5,15.1,0.148,0.228,0.29,0.371,1,3600.0,509.0,162.0,347.0,187.4,509.0,1143.8,481.9,153.4,328.5,187.4,481.9,1082.8,23.684628801125626,88.89731290986968,287.503807484,830.7818710937499,4.614709674276899,308.2885719604891
40.808434,-8.4375,361.0,2019-07-12 16:00:00,26.2,63,18.6,27.7,0.0,0.0,0.0,0.0,1,1014.6,973.8,28,0,0,93,0.33,1.26,11.6,14.8,286,288,26.3,28.0,23.1,18.5,15.1,0.147,0.228,0.29,0.371,1,3600.0,426.0,212.0,214.0,279.3,426.0,1004.5,389.5,193.8,195.7,279.3,389.5,918.4,27.368197322013316,87.88761104671005,289.87608794,839.2018710937499,5.681059219408374,311.1014587173766
40.808434,-8.4375,361.0,2019-07-12 17:00:00,24.7,66,17.9,26.2,0.0,0.0,0.0,0.0,2,1014.9,973.9,65,0,58,100,0.32,1.07,9.7,12.1,285,287,25.9,27.9,23.3,18.5,15.1,0.146,0.228,0.29,0.371,1,3600.0,465.0,271.0,194.0,438.0,465.0,818.7,405.2,236.1,169.1,438.0,405.2,713.4,23.67850885911683,87.09711011267963,291.936244772,847.3518710937499,4.611071484935242,313.6874235836847
40.808434,-8.4375,361.0,2019-07-12 18:00:00,23.4,67,16.8,24.9,0.0,0.0,0.0,0.0,1,1014.6,973.4,38,0,16,96,0.16,0.96,5.8,7.2,300,307,23.0,26.9,23.4,18.5,15.1,0.146,0.227,0.29,0.371,1,0.0,206.0,26.0,180.0,57.4,206.0,599.2,165.7,20.9,144.7,57.4,165.7,481.9,19.700349252632734,86.66770674868819,293.835055532,855.2678710937499,3.564110921969421,316.1390212241617
40.808434,-8.4375,361.0,2019-07-12 19:00:00,23.3,68,16.9,24.8,0.0,0.0,0.0,0.0,0,1014.4,973.2,0,0,0,0,0.11,0.93,6.2,9.1,7,9,14.4,26.0,23.5,18.5,15.1,0.146,0.227,0.29,0.371,1,3481.41,143.0,48.0,95.0,176.0,143.0,360.8,94.9,31.8,63.0,176.0,94.9,239.4,19.496446654251788,86.42310513606097,295.66881118000003,863.16587109375,3.512915957720694,318.548574691698
40.808434,-8.4375,361.0,2019-07-12 20:00:00,22.3,72,17.0,23.7,0.0,0.0,0.0,0.0,0,1013.9,972.6,18,0,28,3,0.05,0.76,7.9,16.2,24,13,15.1,24.9,23.5,18.6,15.1,0.146,0.227,0.29,0.371,1,2151.26,49.0,26.0,23.0,205.5,49.0,119.8,1.1,0.6,0.5,6.5,0.8,2.6,19.111274515377772,85.61723220432987,297.20758769200006,870.8838710937499,3.4176230593990664,320.7544940384664
40.808434,-8.4375,361.0,2019-07-12 21:00:00,21.6,75,17.0,23.4,0.0,0.0,0.0,0.0,0,1014.3,972.9,14,0,22,4,0.0,0.65,4.9,13.7,343,355,19.4,23.9,23.4,18.6,15.1,0.146,0.227,0.29,0.371,0,0.0,0.0,0.0,0.0,0.0,0.0,0.0,0.0,0.0,0.0,0.0,0.0,0.0,15.870086846172907,84.9022161275864,298.5403954920001,878.4758710937499,2.661472199707738,322.8165910735321
40.808434,-8.4375,361.0,2019-07-12 22:00:00,20.4,81,17.0,22.2,0.0,0.0,0.0,0.0,1,1014.7,973.1,28,0,11,72,0.0,0.46,5.3,10.0,298,330,15.1,23.1,23.3,18.6,15.1,0.146,0.227,0.29,0.371,0,0.0,0.0,0.0,0.0,0.0,0.0,0.0,0.0,0.0,0.0,0.0,0.0,0.0,13.92729327841331,83.48169565522424,299.49978225200005,885.8518710937499,2.2445840162752546,324.6203684807642
40.808434,-8.4375,361.0,2019-07-12 23:00:00,19.4,81,16.1,20.9,0.0,0.0,0.0,0.0,2,1015.4,973.6,56,0,51,85,0.0,0.42,3.7,9.8,241,278,15.8,22.4,23.2,18.6,15.1,0.146,0.227,0.29,0.371,0,0.0,0.0,0.0,0.0,0.0,0.0,0.0,0.0,0.0,0.0,0.0,0.0,0.0,12.554961953373756,83.08434103736984,300.414546372,893.0478710937499,1.9668052495005357,326.363534229583
40.808434,-8.4375,361.0,2019-07-13 00:00:00,18.0,88,16.0,19.2,0.0,0.0,0.0,0.0,1,1015.9,973.9,23,0,29,18,0.0,0.24,5.6,11.7,310,304,20.2,20.8,23.0,18.6,15.1,0.161,0.238,0.298,0.371,0,0.0,0.0,0.0,0.0,0.0,0.0,0.0,0.0,0.0,0.0,0.0,0.0,0.0,11.18176780607105,81.11391066627407,300.95283632400003,899.9918710937499,1.702978133970614,327.8375386188578
40.808434,-8.4375,361.0,2019-07-13 01:00:00,17.7,88,15.7,18.7,0.0,0.0,0.0,0.0,0,1014.8,972.8,19,0,15,33,0.0,0.25,6.9,13.0,47,24,15.1,20.4,22.8,18.7,15.1,0.161,0.238,0.298,0.371,0,0.0,0.0,0.0,0.0,0.0,0.0,0.0,0.0,0.0,0.0,0.0,0.0,0.0,11.293312140845853,80.63751100801359,301.48267146,906.8818710937499,1.723736211710313,329.2918877926476
40.808434,-8.4375,361.0,2019-07-13 02:00:00,17.7,85,15.2,18.8,0.0,0.0,0.0,0.0,0,1013.8,971.9,5,0,8,0,0.0,0.3,4.4,11.5,55,14,15.1,20.0,22.6,18.7,15.1,0.161,0.238,0.298,0.371,0,0.0,0.0,0.0,0.0,0.0,0.0,0.0,0.0,0.0,0.0,0.0,0.0,0.0,10.225123908170046,80.6837774556747,302.14496538000003,913.7718710937498,1.5274763155902529,330.82008189929104
40.808434,-8.4375,361.0,2019-07-13 03:00:00,17.0,88,15.0,17.9,0.0,0.0,0.0,0.0,0,1014.2,972.2,17,0,21,14,0.0,0.23,5.5,7.2,203,252,11.2,19.6,22.4,18.7,15.1,0.161,0.238,0.298,0.371,0,0.0,0.0,0.0,0.0,0.0,0.0,0.0,0.0,0.0,0.0,0.0,0.0,0.0,10.500060859342772,80.46892095319392,302.655072612,920.5358710937498,1.5770178667675787,332.2313906893935
40.808434,-8.4375,361.0,2019-07-13 04:00:00,16.2,98,15.9,17.8,0.0,0.0,0.0,0.0,1,1014.3,972.1,30,17,23,2,0.0,0.03,2.7,6.1,157,225,10.8,19.3,22.1,18.7,15.1,0.162,0.238,0.298,0.371,0,0.0,0.0,0.0,0.0,0.0,0.0,0.0,0.0,0.0,0.0,0.0,0.0,0.0,6.795116847336469,76.4203439908773,302.736332788,927.1558710937499,0.9575253222638257,333.35429674788367
40.808434,-8.4375,361.0,2019-07-13 05:00:00,16.1,97,15.6,17.9,0.0,0.0,0.0,0.0,0,1014.6,972.4,4,3,1,1,0.0,0.06,1.1,3.3,72,276,5.8,19.0,21.9,18.7,15.1,0.162,0.237,0.298,0.371,0,0.0,0.0,0.0,0.0,0.0,0.0,0.0,0.0,0.0,0.0,0.0,0.0,0.0,6.099056959244629,75.89302979363815,302.857518484,933.7578710937498,0.8534039796918222,334.49087805950467
40.808434,-8.4375,361.0,2019-07-13 06:00:00,17.0,92,15.6,18.3,0.0,0.0,0.0,0.0,2,1014.8,972.7,56,41,31,0,0.01,0.16,4.4,5.4,145,188,7.6,18.8,21.7,18.7,15.1,0.162,0.237,0.298,0.371,1,97.61,19.0,7.0,12.0,71.7,19.0,70.8,43.6,16.1,27.6,130.9,23.9,162.5,7.258645861306718,76.21514053795022,303.197589972,940.5218710937498,1.0289333598797648,335.7801639580272
40.808434,-8.4375,361.0,2019-07-13 07:00:00,18.0,90,16.2,19.3,0.0,0.0,0.0,0.0,0,1014.5,972.6,15,12,4,7,0.05,0.22,5.7,7.0,162,159,14.4,19.3,21.5,18.7,15.1,0.162,0.237,0.298,0.371,1,3522.56,95.0,38.0,57.0,177.4,95.0,283.5,135.7,54.3,81.4,177.4,135.7,404.9,8.019180830205647,76.87593469603337,303.646164932,947.4658710937498,1.1499663714439776,337.15871720378914
40.808434,-8.4375,361.0,2019-07-13 08:00:00,19.8,82,16.6,21.2,0.0,0.0,0.0,0.0,0,1014.9,973.2,10,4,6,8,0.17,0.41,6.4,7.4,232,227,16.2,20.5,21.4,18.7,15.1,0.162,0.237,0.298,0.371,1,3600.0,305.0,215.0,90.0,542.6,305.0,524.4,373.2,263.1,110.1,542.6,373.2,641.7,9.677837250866949,79.06025958614914,304.52969320399995,954.7338710937498,1.429851570816664,338.85194465194985
40.808434,-8.4375,361.0,2019-07-13 09:00:00,20.1,83,17.0,21.0,0.0,0.0,0.0,0.0,2,1015.3,973.6,78,78,3,21,0.23,0.41,10.9,13.4,243,243,25.6,21.6,21.3,18.7,15.1,0.162,0.237,0.298,0.371,1,3600.0,405.0,307.0,98.0,540.6,405.0,751.6,461.6,349.9,111.7,540.6,461.6,856.7,12.686388782415689,80.10578481914352,305.37611422799995,962.0558710937498,1.991462662637113,340.5268478289565
40.808434,-8.4375,361.0,2019-07-13 10:00:00,20.7,79,16.9,21.1,0.1,0.1,0.0,0.0,51,1015.7,974.1,92,100,0,6,0.29,0.52,14.0,17.9,252,251,31.3,22.6,21.3,18.7,15.1,0.162,0.237,0.298,0.371,1,3600.0,498.0,310.0,188.0,432.1,498.0,949.5,543.0,338.0,205.0,432.1,543.0,1035.2,15.977459115650086,81.38461368397682,306.45128499599997,969.4858710937498,2.68278687120961,342.35743278676824
40.808434,-8.4375,361.0,2019-07-13 11:00:00,19.6,83,16.6,19.7,0.4,0.4,0.0,0.0,51,1015.9,974.2,98,100,0,26,0.2,0.39,15.4,20.3,259,258,33.1,22.6,21.3,18.8,15.1,0.165,0.237,0.298,0.371,1,1866.17,339.0,102.0,237.0,122.2,339.0,1104.6,357.6,107.6,250.0,122.2,357.6,1165.2,16.917345527585653,81.43112678784445,307.27774325999997,976.7178710937497,2.8945338043825632,343.9985784975254
40.808434,-8.4375,361.0,2019-07-13 12:00:00,22.6,70,16.8,23.1,0.1,0.1,0.0,0.0,51,1015.9,974.6,100,100,34,19,0.28,0.82,12.9,16.3,243,242,33.8,21.8,21.0,18.8,15.1,0.226,0.239,0.3,0.371,1,306.28,395.0,64.0,331.0,70.2,395.0,1206.4,405.2,65.7,339.6,70.2,405.2,1237.6,38.3642578125,91.59201049804688,282.26190185546875,813.06787109375,9.44287109375,303.6171875
40.808434,-8.4375,361.0,2019-07-13 13:00:00,20.8,79,17.0,21.4,0.0,0.0,0.0,0.0,1,1015.6,974.0,26,14,14,18,0.28,0.53,12.9,16.7,247,245,29.9,22.5,21.1,18.8,15.1,0.225,0.239,0.3,0.371,1,1158.96,450.0,93.0,357.0,98.6,450.0,1247.9,449.9,93.0,356.9,98.6,449.9,1247.6,20.482295536983337,84.48877813851523,283.34200459946874,820.51587109375,3.7645774057069823,304.1285099591506
40.808434,-8.4375,361.0,2019-07-13 14:00:00,22.4,72,17.2,24.4,0.0,0.0,0.0,0.0,3,1015.5,974.2,93,47,44,81,0.43,0.75,9.0,11.4,217,215,30.2,23.6,21.1,18.8,15.2,0.223,0.238,0.3,0.371,1,3600.0,679.0,452.0,227.0,487.8,679.0,1226.2,661.4,440.3,221.1,487.8,661.4,1194.5,15.800111771074592,83.32254868293566,284.88735707946876,828.25187109375,2.649138452796892,306.3460452279378
40.808434,-8.4375,361.0,2019-07-13 15:00:00,22.3,72,16.9,23.9,0.1,0.1,0.0,0.0,51,1015.4,974.0,100,82,53,99,0.28,0.76,5.8,6.5,266,264,23.8,23.9,21.3,18.8,15.2,0.222,0.238,0.299,0.371,1,3600.0,411.0,161.0,250.0,186.4,411.0,1142.9,389.1,152.4,236.7,186.4,389.1,1081.9,12.218691572935935,81.97334932012816,286.4261335914688,835.9698710937499,1.90321792792612,308.55436422290217
40.808434,-8.4375,361.0,2019-07-13 16:00:00,21.3,78,17.4,22.4,0.0,0.0,0.0,0.0,3,1015.4,973.9,100,89,4,94,0.24,0.55,10.8,13.7,272,272,25.2,24.0,21.4,18.8,15.2,0.221,0.238,0.299,0.371,1,1088.06,378.0,73.0,305.0,96.3,378.0,1003.6,345.6,66.7,278.8,96.3,345.6,917.5,13.11704934376441,80.56295769319391,287.58350395946877,843.5078710937499,2.0809845275084613,310.50768621209556
40.808434,-8.4375,361.0,2019-07-13 17:00:00,20.8,81,17.5,21.8,0.0,0.0,0.0,0.0,0,1015.3,973.7,10,10,1,0,0.25,0.46,11.5,14.5,250,247,26.6,24.0,21.5,18.8,15.2,0.22,0.238,0.299,0.371,1,3600.0,415.0,182.0,233.0,294.6,415.0,817.7,361.5,158.5,203.0,294.6,361.5,712.4,12.22554125266046,79.36534077297411,288.5607397754688,850.9558710937499,1.903984299707003,312.3366298553786
40.808434,-8.4375,361.0,2019-07-13 18:00:00,20.5,80,16.9,21.7,0.0,0.0,0.0,0.0,0,1015.3,973.7,14,14,0,6,0.21,0.48,8.4,10.4,239,236,27.0,23.8,21.6,18.8,15.2,0.219,0.238,0.299,0.371,1,3600.0,359.0,263.0,96.0,582.1,359.0,598.0,288.5,211.3,77.1,582.1,288.5,480.6,10.344539857332986,78.84945158755303,289.5753176954688,858.3498710937499,1.550524347031998,314.1740449832893
40.808434,-8.4375,361.0,2019-07-13 19:00:00,19.9,81,16.5,21.6,0.0,0.0,0.0,0.0,0,1015.5,973.8,3,1,2,2,0.1,0.45,3.9,4.6,236,231,20.2,23.2,21.6,18.8,15.2,0.218,0.238,0.299,0.371,1,3600.0,178.0,112.0,66.0,412.4,178.0,359.4,117.8,74.1,43.7,412.4,117.8,237.9,7.889039975686074,77.82625762907222,290.5123931354688,865.6358710937499,1.1302364982350661,315.94357189464984
40.808434,-8.4375,361.0,2019-07-13 20:00:00,18.5,88,16.6,20.3,0.0,0.0,0.0,0.0,0,1015.5,973.6,1,1,0,0,0.02,0.25,3.4,6.5,252,251,10.8,22.2,21.6,18.8,15.2,0.218,0.238,0.299,0.371,1,2124.69,46.0,23.0,23.0,182.6,46.0,118.1,0.3,0.2,0.2,1.7,0.2,0.8,6.632984059076005,75.46836388948682,291.06477444746884,872.6698710937499,0.9337610177257584,317.4384937576743
40.808434,-8.4375,361.0,2019-07-13 21:00:00,17.2,96,16.5,18.9,0.0,0.0,0.0,0.0,0,1015.6,973.5,2,2,0,0,0.0,0.09,3.7,6.5,259,251,7.2,21.1,21.6,18.8,15.2,0.218,0.238,0.299,0.371,0,0.0,0.0,0.0,0.0,0.0,0.0,0.0,0.0,0.0,0.0,0.0,0.0,0.0,5.7579576759190365,71.92632231502023,291.23668903946884,879.4698710937498,0.8045831718177004,318.6613743103877
40.808434,-8.4375,361.0,2019-07-13 22:00:00,16.4,98,16.1,18.2,0.0,0.0,0.0,0.0,0,1015.9,973.7,0,0,0,0,0.0,0.04,2.6,1.9,34,22,6.8,20.3,21.5,18.8,15.2,0.218,0.238,0.299,0.371,0,0.0,0.0,0.0,0.0,0.0,0.0,0.0,0.0,0.0,0.0,0.0,0.0,0.0,4.867811324208084,68.497866429413,291.31888863946887,886.1258710937498,0.6799059477753406,319.79870100990183
40.808434,-8.4375,361.0,2019-07-13 23:00:00,16.2,98,15.9,17.7,0.0,0.0,0.0,0.0,0,1015.7,973.5,5,6,0,0,0.0,0.04,3.8,5.1,49,51,7.2,19.6,21.3,18.8,15.2,0.218,0.238,0.299,0.371,0,0.0,0.0,0.0,0.0,0.0,0.0,0.0,0.0,0.0,0.0,0.0,0.0,0.0,4.668417412895732,65.56385491612834,291.40014881546887,892.7458710937498,0.6529018346892609,320.9213662552378
40.808434,-8.4375,361.0,2019-07-14 00:00:00,16.2,97,15.8,17.6,0.0,0.0,0.0,0.0,0,1016.3,974.1,3,3,0,0,0.0,0.05,3.9,6.6,34,29,7.2,18.7,21.2,18.8,15.2,0.219,0.241,0.301,0.371,0,0.0,0.0,0.0,0.0,0.0,0.0,0.0,0.0,0.0,0.0,0.0,0.0,0.0,4.274044227648064,63.451129682296774,291.52203907946887,899.3658710937498,0.6006086294225012,322.06073888442984
40.808434,-8.4375,361.0,2019-07-14 01:00:00,15.5,98,15.2,16.8,0.0,0.0,0.0,0.0,0,1016.0,973.7,1,1,0,0,0.0,0.03,3.8,5.4,17,340,9.4,18.3,21.0,18.8,15.2,0.219,0.241,0.301,0.371,0,0.0,0.0,0.0,0.0,0.0,0.0,0.0,0.0,0.0,0.0,0.0,0.0,0.0,3.7280216235341133,61.13755110061502,291.6000112714689,905.8598710937498,0.5306480960763804,323.145425169295
40.808434,-8.4375,361.0,2019-07-14 02:00:00,16.0,98,15.7,17.3,0.0,0.0,0.0,0.0,0,1015.8,973.6,11,10,4,0,0.0,0.03,4.3,9.1,24,7,9.7,18.2,20.8,18.8,15.2,0.219,0.241,0.301,0.371,0,0.0,0.0,0.0,0.0,0.0,0.0,0.0,0.0,0.0,0.0,0.0,0.0,0.0,3.3309507214189265,59.16755403849639,291.68033202346885,912.4438710937497,0.48162385776660127,324.2381632110463
40.808434,-8.4375,361.0,2019-07-14 03:00:00,16.2,98,15.9,17.5,0.0,0.0,0.0,0.0,1,1015.2,973.0,46,50,2,0,0.0,0.04,5.4,11.0,53,38,11.9,18.1,20.7,18.8,15.2,0.219,0.241,0.301,0.371,0,0.0,0.0,0.0,0.0,0.0,0.0,0.0,0.0,0.0,0.0,0.0,0.0,0.0,3.091120432908136,57.53455767046104,291.76159219946885,919.0638710937498,0.4528121626479203,325.32941191942444
40.808434,-8.4375,361.0,2019-07-14 04:00:00,16.0,98,15.7,17.3,0.0,0.0,0.0,0.0,1,1014.9,972.7,25,27,1,0,0.0,0.03,4.0,8.4,80,47,11.9,18.0,20.5,18.8,15.2,0.22,0.241,0.301,0.37,0,0.0,0.0,0.0,0.0,0.0,0.0,0.0,0.0,0.0,0.0,0.0,0.0,0.0,2.3845060239425107,55.97308619274573,291.8419129514688,925.6478710937497,0.3719776121158594,326.40678128833514
40.808434,-8.4375,361.0,2019-07-14 05:00:00,15.3,99,15.1,16.5,0.0,0.0,0.0,0.0,0,1014.9,972.6,3,2,2,0,0.0,0.02,4.2,2.3,149,162,9.7,17.7,20.3,18.8,15.2,0.22,0.241,0.301,0.37,0,0.0,0.0,0.0,0.0,0.0,0.0,0.0,0.0,0.0,0.0,0.0,0.0,0.0,1.7979270833582175,53.89553578956223,291.8804293354688,932.1058710937497,0.310748464964484,327.4308881094201
40.808434,-8.4375,361.0,2019-07-14 06:00:00,16.2,99,16.1,17.5,0.0,0.0,0.0,0.0,3,1015.3,973.1,91,100,1,0,0.01,0.01,5.6,8.2,225,241,9.7,17.7,20.1,18.8,15.2,0.22,0.241,0.301,0.37,1,16.62,17.0,6.0,11.0,62.1,17.0,69.5,39.1,13.8,25.3,114.3,21.2,159.8,1.430969847621015,52.09803383658936,291.9210594234688,938.7258710937497,0.2770483413839551,328.473679137341
40.808434,-8.4375,361.0,2019-07-14 07:00:00,16.6,98,16.3,18.2,0.0,0.0,0.0,0.0,3,1015.9,973.7,90,100,0,0,0.04,0.04,4.4,4.6,279,288,13.3,18.2,20.0,18.8,15.2,0.22,0.241,0.301,0.37,1,0.0,70.0,8.0,62.0,37.7,70.0,280.9,100.3,11.5,88.8,37.7,100.3,402.5,0.945629768762555,51.23604471399115,292.0041984474688,945.4178710937497,0.23693218098622765,329.54675120603514
40.808434,-8.4375,361.0,2019-07-14 08:00:00,17.8,91,16.3,19.5,0.0,0.0,0.0,0.0,3,1016.0,974.0,90,100,0,0,0.08,0.18,3.6,4.7,6,23,12.6,18.8,19.9,18.8,15.2,0.22,0.241,0.3,0.37,1,0.0,128.0,15.0,113.0,38.0,128.0,522.1,156.8,18.4,138.4,38.0,156.8,639.6,2.2491807705385045,55.73624973802115,292.4036885034688,952.3258710937497,0.35720762135111145,330.847492730571
40.808434,-8.4375,361.0,2019-07-14 09:00:00,20.2,82,17.1,22.1,0.0,0.0,0.0,0.0,2,1015.9,974.2,69,77,0,0,0.18,0.42,4.3,5.8,355,7,14.8,19.9,19.8,18.8,15.2,0.219,0.241,0.3,0.37,1,1272.2,276.0,58.0,218.0,102.4,276.0,749.6,314.7,66.1,248.6,102.4,314.7,854.8,4.698648647335855,65.05977316680163,293.3041264074688,959.6658710937497,0.6565502655334359,332.52951263553587
40.808434,-8.4375,361.0,2019-07-14 10:00:00,22.5,75,17.8,24.6,0.0,0.0,0.0,0.0,3,1016.0,974.6,89,99,0,0,0.32,0.69,4.8,6.0,318,327,16.6,21.5,19.9,18.8,15.2,0.218,0.241,0.3,0.37,1,3600.0,488.0,232.0,256.0,324.0,488.0,947.8,532.2,253.0,279.2,324.0,532.2,1033.7,6.534053472653474,73.7943014156569,294.6897768074688,967.4198710937497,0.9179674884060987,334.5828680096298
40.808434,-8.4375,361.0,2019-07-14 11:00:00,23.8,71,18.2,26.1,0.0,0.0,0.0,0.0,3,1015.7,974.5,90,100,0,0,0.4,0.86,6.4,7.9,308,313,19.8,23.0,20.0,18.8,15.2,0.216,0.24,0.3,0.37,1,3600.0,592.0,259.0,333.0,310.7,592.0,1103.2,624.5,273.2,351.3,310.7,624.5,1163.8,10.450723447651097,79.98634650194695,296.3856719834688,975.4078710937498,1.5677358469641078,336.8697563617646
40.808434,-8.4375,361.0,2019-07-14 12:00:00,24.1,69,18.0,26.6,0.0,0.0,0.0,0.0,0,1016.1,975.0,2,2,0,0,0.42,0.93,6.1,7.3,273,279,23.4,23.9,20.2,18.8,15.2,0.215,0.243,0.302,0.37,1,3600.0,621.0,240.0,381.0,263.6,621.0,1205.2,637.1,246.2,390.9,263.6,637.1,1236.5,38.470703125,91.6416015625,286.51190185546875,822.2188720703125,9.46533203125,307.8128356933594
40.808434,-8.4375,361.0,2019-07-14 13:00:00,24.5,69,18.5,28.4,0.0,0.0,0.0,0.0,0,1016.0,974.9,1,1,0,0,0.58,0.95,9.3,10.9,283,287,24.5,25.4,20.4,18.8,15.2,0.212,0.242,0.301,0.37,1,3600.0,898.0,726.0,172.0,770.7,898.0,1246.9,897.9,725.9,172.0,770.7,897.9,1246.7,23.450558166310792,87.14482701974016,288.3757190714687,830.3328720703125,4.549885166989245,308.7115771447121
40.808434,-8.4375,361.0,2019-07-14 14:00:00,23.9,73,18.8,27.6,0.0,0.0,0.0,0.0,0,1015.9,974.8,2,2,0,0,0.56,0.8,11.1,13.6,299,302,28.8,26.3,20.7,18.8,15.2,0.209,0.241,0.301,0.37,1,3600.0,905.0,794.0,111.0,857.7,905.0,1225.3,881.6,773.5,108.1,857.7,881.6,1193.6,21.70257346023773,85.72824561154154,289.96099707146874,838.3388720703125,4.078327096565548,311.0019741171722
40.808434,-8.4375,361.0,2019-07-14 15:00:00,23.2,75,18.6,26.2,0.0,0.0,0.0,0.0,0,1015.9,974.7,2,2,0,0,0.5,0.71,12.1,14.5,307,312,29.9,26.7,21.0,18.8,15.2,0.207,0.241,0.301,0.37,1,3600.0,834.0,726.0,108.0,841.4,834.0,1142.0,789.5,687.2,102.2,841.4,789.5,1081.0,21.089353274111236,85.07535679099719,291.38774727146875,846.2188720703125,3.9176071020747583,313.17667145616525
40.808434,-8.4375,361.0,2019-07-14 16:00:00,22.7,75,18.0,24.9,0.0,0.0,0.0,0.0,0,1015.8,974.5,0,0,0,0,0.43,0.69,11.7,14.6,315,320,29.5,26.7,21.2,18.8,15.2,0.205,0.241,0.301,0.37,1,3600.0,718.0,617.0,101.0,814.5,718.0,1002.6,656.3,564.0,92.3,814.5,656.3,916.4,20.464052394615482,84.9165719708075,292.78514047146876,854.0088720703125,3.756547077778635,315.31597178890263
40.808434,-8.4375,361.0,2019-07-14 17:00:00,21.9,76,17.6,23.0,0.0,0.0,0.0,0.0,0,1015.7,974.3,0,0,0,0,0.33,0.62,12.1,15.2,323,329,28.8,26.3,21.5,18.9,15.2,0.203,0.24,0.301,0.37,1,3600.0,564.0,474.0,90.0,768.3,564.0,816.6,491.2,412.8,78.4,768.3,491.2,711.2,20.133269095975578,84.60284602503256,294.08154559146874,861.6548720703124,3.6722606705632135,317.36908321874716
40.808434,-8.4375,361.0,2019-07-14 18:00:00,21.1,78,17.2,22.0,0.0,0.0,0.0,0.0,0,1015.7,974.2,0,0,0,0,0.22,0.54,12.0,15.8,327,333,28.4,25.5,21.7,18.9,15.2,0.202,0.24,0.301,0.37,1,3600.0,384.0,306.0,78.0,678.7,384.0,596.7,308.3,245.7,62.6,678.7,308.3,479.1,19.036858797312803,84.0683855755591,295.22858229546875,869.1568720703124,3.3997409763958606,319.30740230728287
40.808434,-8.4375,361.0,2019-07-14 19:00:00,19.8,84,17.0,20.6,0.0,0.0,0.0,0.0,0,1015.6,973.9,0,0,0,0,0.11,0.38,11.4,15.8,332,339,27.4,24.3,21.8,18.9,15.2,0.202,0.24,0.301,0.37,1,3600.0,199.0,139.0,60.0,514.1,199.0,357.8,131.3,91.7,39.6,514.1,131.3,236.2,15.998041384947838,82.49333651814779,296.01394075946877,876.4248720703124,2.690174549904951,320.9903424307333
40.808434,-8.4375,361.0,2019-07-14 20:00:00,18.2,91,16.6,19.2,0.0,0.0,0.0,0.0,0,1015.5,973.6,0,0,0,0,0.02,0.19,9.2,16.0,339,352,24.8,23.0,21.9,18.9,15.2,0.201,0.24,0.301,0.37,1,2096.24,48.0,25.0,23.0,199.5,48.0,116.3,0.0,0.0,0.0,0.0,0.0,0.0,11.674503641028627,79.93931797341853,296.42188563146874,883.4048720703124,1.7965120720436818,322.39711001476695
40.808434,-8.4375,361.0,2019-07-14 21:00:00,17.4,94,16.5,18.6,0.0,0.0,0.0,0.0,0,1015.7,973.7,0,0,0,0,0.0,0.11,8.0,16.3,8,18,19.1,21.7,21.8,18.9,15.2,0.201,0.24,0.301,0.37,0,0.0,0.0,0.0,0.0,0.0,0.0,0.0,0.0,0.0,0.0,0.0,0.0,0.0,9.672674812400905,78.16796834292101,296.68257579146876,890.2408720703124,1.4300138177002928,323.6856400099973
40.808434,-8.4375,361.0,2019-07-14 22:00:00,17.1,96,16.4,18.5,0.0,0.0,0.0,0.0,0,1015.6,973.5,0,0,0,0,0.0,0.08,6.3,15.1,13,18,17.3,20.8,21.7,18.9,15.2,0.202,0.24,0.301,0.37,0,0.0,0.0,0.0,0.0,0.0,0.0,0.0,0.0,0.0,0.0,0.0,0.0,0.0,8.214641509628505,76.84420749809391,296.85355095946875,897.0228720703125,1.1825511805705917,324.90416179196785
40.808434,-8.4375,361.0,2019-07-14 23:00:00,16.7,97,16.2,18.0,0.0,0.0,0.0,0.0,0,1015.5,973.4,0,0,0,0,0.0,0.06,5.5,14.2,11,7,14.0,20.0,21.6,18.9,15.3,0.202,0.24,0.301,0.37,0,0.0,0.0,0.0,0.0,0.0,0.0,0.0,0.0,0.0,0.0,0.0,0.0,0.0,7.533085134290069,76.00182259348652,296.97896406346877,903.7328720703125,1.0726112514892032,326.07564922857176
40.808434,-8.4375,361.0,2019-07-15 00:00:00,15.9,99,15.7,17.0,0.0,0.0,0.0,0.0,0,1016.3,974.0,4,4,0,0,0.0,0.02,5.9,10.8,11,2,13.0,19.9,21.4,18.9,15.3,0.201,0.239,0.3,0.37,0,0.0,0.0,0.0,0.0,0.0,0.0,0.0,0.0,0.0,0.0,0.0,0.0,0.0,7.128098627845373,74.59432689696766,297.01888958346876,910.2988720703125,1.0090395846071933,327.1641090129265
40.808434,-8.4375,361.0,2019-07-15 01:00:00,15.7,99,15.5,16.9,0.0,0.0,0.0,0.0,0,1016.0,973.7,8,9,0,0,0.0,0.02,4.7,9.5,23,9,11.5,19.3,21.2,18.9,15.3,0.202,0.239,0.3,0.37,0,0.0,0.0,0.0,0.0,0.0,0.0,0.0,0.0,0.0,0.0,0.0,0.0,0.0,6.6328400204702165,74.24364307488565,297.0583453914688,916.8288720703125,0.9331387463855645,328.2384020799626
40.808434,-8.4375,361.0,2019-07-15 02:00:00,15.5,99,15.4,16.7,0.0,0.0,0.0,0.0,0,1015.4,973.1,6,7,0,0,0.0,0.01,4.3,7.1,48,15,9.4,18.7,21.1,18.9,15.3,0.202,0.239,0.3,0.37,0,0.0,0.0,0.0,0.0,0.0,0.0,0.0,0.0,0.0,0.0,0.0,0.0,0.0,6.477319507268105,74.1353149864076,297.09733148746875,923.3228720703125,0.909688954886027,329.29875327106396
40.808434,-8.4375,361.0,2019-07-15 03:00:00,16.0,100,16.0,18.0,0.0,0.0,0.0,0.0,2,1015.2,973.0,65,72,0,0,0.0,0.0,1.1,4.3,252,318,7.6,18.3,20.9,18.9,15.3,0.202,0.239,0.3,0.37,0,0.0,0.0,0.0,0.0,0.0,0.0,0.0,0.0,0.0,0.0,0.0,0.0,0.0,5.409582654422251,73.58129659116068,297.09733148746875,929.9068720703125,0.7544823752954795,330.34145464919294
40.808434,-8.4375,361.0,2019-07-15 04:00:00,15.5,100,15.5,16.9,0.0,0.0,0.0,0.0,3,1015.1,972.8,90,100,0,0,0.0,0.0,3.4,4.9,302,306,6.5,18.0,20.7,18.9,15.3,0.202,0.239,0.3,0.37,0,0.0,0.0,0.0,0.0,0.0,0.0,0.0,0.0,0.0,0.0,0.0,0.0,0.0,5.998335180138659,73.3556437388193,297.09733148746875,936.4008720703125,0.8388032081658683,331.36189275931014
40.808434,-8.4375,361.0,2019-07-15 05:00:00,15.8,99,15.6,17.2,0.0,0.0,0.0,0.0,3,1015.5,973.2,90,100,0,0,0.0,0.02,3.6,2.8,307,320,9.4,18.0,20.5,18.9,15.3,0.202,0.239,0.3,0.37,0,0.0,0.0,0.0,0.0,0.0,0.0,0.0,0.0,0.0,0.0,0.0,0.0,0.0,6.067881607269809,73.39950607548643,297.1370221514687,942.9488720703125,0.848919703558237,332.4076932957804
40.808434,-8.4375,361.0,2019-07-15 06:00:00,16.1,98,15.8,17.8,0.0,0.0,0.0,0.0,3,1015.4,973.2,90,100,0,0,0.01,0.03,2.1,2.2,329,9,9.4,18.1,20.4,18.9,15.3,0.202,0.239,0.3,0.37,1,0.0,9.0,0.0,9.0,0.0,9.0,68.1,20.8,0.0,20.8,0.0,11.2,157.1,5.651253577349904,73.44338289331915,297.21781261546874,949.5508720703125,0.7886339227050624,333.4800892901953
40.808434,-8.4375,361.0,2019-07-15 07:00:00,16.6,98,16.2,18.4,0.0,0.0,0.0,0.0,3,1015.8,973.6,90,100,0,0,0.04,0.04,2.1,2.5,301,360,10.1,18.5,20.2,18.9,15.3,0.202,0.239,0.3,0.37,1,0.0,70.0,7.0,63.0,33.3,70.0,278.3,100.6,10.1,90.6,33.3,100.6,400.1,5.662219140965236,73.48727419709846,297.30095163946874,956.2428720703125,0.7901613470046492,334.56041218051627
40.808434,-8.4375,361.0,2019-07-15 08:00:00,18.2,90,16.4,19.9,0.0,0.0,0.0,0.0,3,1015.8,973.9,100,100,0,74,0.09,0.22,3.9,4.7,338,356,11.9,19.2,20.1,18.9,15.3,0.202,0.239,0.3,0.37,1,0.0,147.0,18.0,129.0,45.8,147.0,519.8,180.2,22.1,158.2,45.8,180.2,637.4,6.612996242582565,74.95074020641022,297.7542237194687,963.2228720703125,0.9297984109735561,335.9126990397951
40.808434,-8.4375,361.0,2019-07-15 09:00:00,19.9,84,17.1,21.6,0.0,0.0,0.0,0.0,3,1015.6,973.9,86,96,0,0,0.18,0.37,5.2,6.6,326,338,16.2,20.3,20.1,18.9,15.3,0.201,0.239,0.3,0.37,1,1386.95,289.0,60.0,229.0,106.2,289.0,747.6,329.7,68.5,261.3,106.2,329.7,853.0,8.202807474494035,77.54704740484522,298.5433398794687,970.5088720703125,1.1798792779019425,337.52052153688726
40.808434,-8.4375,361.0,2019-07-15 10:00:00,21.9,74,17.1,23.4,0.0,0.0,0.0,0.0,2,1015.6,974.2,66,73,0,0,0.32,0.67,6.9,8.5,313,324,20.2,21.7,20.1,18.9,15.3,0.2,0.239,0.3,0.37,1,3600.0,506.0,207.0,299.0,289.6,506.0,946.1,552.0,225.8,326.2,289.6,552.0,1032.1,11.897324172617617,81.20628418502528,299.9477787594687,978.1548720703124,1.8376068226858633,339.5732084781019
40.808434,-8.4375,361.0,2019-07-15 11:00:00,22.7,72,17.5,25.2,0.0,0.0,0.0,0.0,0,1015.6,974.3,14,5,0,33,0.46,0.77,9.4,11.0,302,308,24.8,23.3,20.2,18.9,15.3,0.198,0.238,0.3,0.37,1,3600.0,740.0,480.0,260.0,576.7,740.0,1101.8,780.8,506.5,274.3,576.7,780.8,1162.5,15.697820090764946,83.08381060791831,301.5128591434687,985.9448720703124,2.6210248595121897,341.74908354058465
40.808434,-8.4375,361.0,2019-07-15 12:00:00,22.7,72,17.3,25.4,0.0,0.0,0.0,0.0,3,1016.3,975.0,100,81,0,93,0.5,0.79,9.8,11.7,298,304,27.4,24.3,20.3,18.9,15.3,0.199,0.241,0.301,0.37,1,3600.0,809.0,595.0,214.0,654.2,809.0,1204.0,830.1,610.5,219.6,654.2,830.1,1235.4,38.903892517089844,91.69216918945312,290.80877685546875,831.2188720703125,9.633438110351562,312.0078125
40.808434,-8.4375,361.0,2019-07-15 13:00:00,22.8,71,17.2,25.0,0.0,0.0,0.0,0.0,1,1016.1,974.8,26,1,0,83,0.49,0.81,11.5,14.0,309,316,28.4,25.1,20.5,18.9,15.3,0.197,0.24,0.301,0.37,1,3600.0,787.0,392.0,395.0,416.5,787.0,1245.8,786.9,392.0,395.0,416.5,786.9,1245.6,24.033755955624095,86.60851429192375,292.43656379146876,839.0268720703125,4.710286605716293,312.5396835133808
40.808434,-8.4375,361.0,2019-07-15 14:00:00,22.6,72,17.2,24.2,0.0,0.0,0.0,0.0,0,1015.8,974.5,7,3,0,14,0.44,0.78,12.8,16.1,320,326,30.2,25.5,20.7,18.9,15.3,0.195,0.24,0.301,0.37,1,3600.0,700.0,445.0,255.0,481.1,700.0,1224.3,681.9,433.5,248.4,481.1,681.9,1192.7,22.901912519627214,85.65481015853138,293.99506820746876,846.7988720703125,4.39776769875144,314.7765965246402
40.808434,-8.4375,361.0,2019-07-15 15:00:00,22.9,71,17.4,24.8,0.0,0.0,0.0,0.0,0,1015.5,974.2,5,3,0,7,0.47,0.8,14.0,17.9,325,330,32.8,25.9,21.0,18.9,15.3,0.193,0.239,0.301,0.37,1,3600.0,781.0,608.0,173.0,705.3,781.0,1141.0,739.2,575.5,163.7,705.3,739.2,1080.0,24.014019854429584,85.70273306923995,295.6296659674688,854.6248720703126,4.703252279212417,317.06421299592415
40.808434,-8.4375,361.0,2019-07-15 16:00:00,22.5,74,17.7,23.7,0.0,0.0,0.0,0.0,0,1015.3,974.0,4,4,1,1,0.39,0.7,15.0,19.2,325,330,33.8,26.0,21.2,18.9,15.3,0.191,0.239,0.301,0.37,1,3600.0,655.0,503.0,152.0,664.8,655.0,1001.6,598.6,459.7,138.9,664.8,598.6,915.3,23.586714953552345,85.15475172035632,297.07074238346877,862.3788720703126,4.583933528345644,319.2257156782283
40.808434,-8.4375,361.0,2019-07-15 17:00:00,21.7,76,17.2,22.1,0.0,0.0,0.0,0.0,0,1015.1,973.7,0,0,0,0,0.32,0.63,15.0,19.7,325,332,34.2,25.6,21.4,18.9,15.3,0.19,0.239,0.301,0.37,1,3600.0,542.0,410.0,132.0,665.6,542.0,815.4,471.8,356.9,114.9,665.6,471.8,709.9,22.36701487626562,84.60566310794701,298.35587441546875,869.9888720703126,4.251711137288364,321.2695525362108
40.808434,-8.4375,361.0,2019-07-15 18:00:00,20.6,78,16.7,21.0,0.0,0.0,0.0,0.0,0,1014.9,973.3,0,0,0,0,0.22,0.53,14.0,18.9,331,336,33.5,24.9,21.6,18.9,15.3,0.189,0.239,0.301,0.37,1,3600.0,388.0,309.0,79.0,687.1,388.0,595.3,311.3,247.9,63.4,687.1,311.3,477.6,20.352166023433778,84.0003582574102,299.4770769594688,877.4008720703126,3.7262332432841707,323.18121691246364
40.808434,-8.4375,361.0,2019-07-15 19:00:00,19.5,82,16.4,20.1,0.0,0.0,0.0,0.0,0,1014.8,973.1,0,0,0,0,0.11,0.4,11.6,16.3,334,342,30.6,23.9,21.7,18.9,15.3,0.189,0.238,0.3,0.37,1,3600.0,203.0,144.0,59.0,535.2,203.0,356.2,133.6,94.7,38.8,535.2,133.6,234.4,16.804936725114715,82.93035833226709,300.34792300746875,884.6148720703127,2.871368637127988,324.9094813344353
40.808434,-8.4375,361.0,2019-07-15 20:00:00,17.7,91,16.2,18.7,0.0,0.0,0.0,0.0,0,1014.7,972.7,0,0,0,0,0.02,0.18,7.6,15.3,335,352,24.5,22.5,21.7,18.9,15.3,0.189,0.238,0.3,0.369,1,2065.89,48.0,26.0,22.0,208.7,48.0,114.3,0.0,0.0,0.0,0.0,0.0,0.0,11.011498469300216,80.0206257055308,300.74529935946873,891.5048720703127,1.6714122217630065,326.30047558023233
40.808434,-8.4375,361.0,2019-07-15 21:00:00,16.7,96,16.0,17.9,0.0,0.0,0.0,0.0,0,1014.9,972.8,0,0,0,0,0.0,0.08,6.2,14.5,353,7,16.6,21.2,21.7,19.0,15.3,0.189,0.238,0.3,0.369,0,0.0,0.0,0.0,0.0,0.0,0.0,0.0,0.0,0.0,0.0,0.0,0.0,0.0,8.384586958914966,77.22619484542213,300.91251683146874,898.2148720703127,1.2103494572476938,327.5186015951696
40.808434,-8.4375,361.0,2019-07-15 22:00:00,16.2,97,15.8,17.5,0.0,0.0,0.0,0.0,0,1015.0,972.8,1,1,0,0,0.0,0.05,4.8,13.0,27,19,14.4,20.3,21.6,19.0,15.3,0.189,0.238,0.3,0.369,0,0.0,0.0,0.0,0.0,0.0,0.0,0.0,0.0,0.0,0.0,0.0,0.0,0.0,7.321735757282364,76.05765679471035,301.03440709546874,904.8348720703127,1.03915543456277,328.68709560476583
40.808434,-8.4375,361.0,2019-07-15 23:00:00,15.6,98,15.3,16.9,0.0,0.0,0.0,0.0,0,1014.9,972.6,0,0,0,0,0.0,0.03,4.0,9.7,63,31,11.9,19.5,21.4,19.0,15.3,0.189,0.238,0.3,0.369,0,0.0,0.0,0.0,0.0,0.0,0.0,0.0,0.0,0.0,0.0,0.0,0.0,0.0,6.724521265661539,75.18842620507652,301.1128489994687,911.3468720703127,0.9469503754223181,329.8040644342256
40.808434,-8.4375,361.0,2019-07-16 00:00:00,15.4,100,15.4,16.7,0.0,0.0,0.0,0.0,3,1015.5,973.2,90,100,0,0,0.0,0.0,4.0,5.4,153,176,9.4,18.9,21.4,19.0,15.3,0.189,0.239,0.301,0.369,0,0.0,0.0,0.0,0.0,0.0,0.0,0.0,0.0,0.0,0.0,0.0,0.0,0.0,6.282553803986358,73.76724707340725,301.1128489994687,917.8228720703127,0.8805998737380208,330.86009054734046
40.808434,-8.4375,361.0,2019-07-16 01:00:00,15.5,100,15.5,16.4,0.0,0.0,0.0,0.0,3,1015.3,973.0,90,100,0,0,0.0,0.0,6.2,9.4,144,162,11.2,18.5,21.2,19.0,15.3,0.189,0.239,0.301,0.369,0,0.0,0.0,0.0,0.0,0.0,0.0,0.0,0.0,0.0,0.0,0.0,0.0,0.0,6.859308916751348,73.39090971178095,301.1128489994687,924.3168720703127,0.9673915012581814,331.91086230291216
40.808434,-8.4375,361.0,2019-07-16 02:00:00,15.8,100,15.8,16.7,0.0,0.0,0.0,0.0,3,1014.6,972.4,90,100,0,0,0.0,0.0,7.4,11.3,141,158,15.5,18.3,21.0,19.0,15.3,0.189,0.239,0.301,0.369,0,0.0,0.0,0.0,0.0,0.0,0.0,0.0,0.0,0.0,0.0,0.0,0.0,0.0,7.231772556990885,73.3276383377197,301.1128489994687,930.8648720703127,1.024871253426524,332.9621643572307
40.808434,-8.4375,361.0,2019-07-16 03:00:00,16.5,98,16.1,17.7,0.0,0.0,0.0,0.0,2,1014.2,972.1,70,78,0,0,0.0,0.04,6.1,9.2,140,138,14.8,18.4,20.8,19.0,15.3,0.189,0.239,0.301,0.369,0,0.0,0.0,0.0,0.0,0.0,0.0,0.0,0.0,0.0,0.0,0.0,0.0,0.0,6.82279754372102,73.371491428394,301.19551831146873,937.5388720703127,0.9617149236185464,334.0761726422013
40.808434,-8.4375,361.0,2019-07-16 04:00:00,16.3,99,16.1,17.9,0.0,0.0,0.0,0.0,1,1013.8,971.7,27,30,0,0,0.0,0.02,3.6,8.1,135,122,10.8,18.2,20.6,19.0,15.3,0.19,0.239,0.301,0.369,0,0.0,0.0,0.0,0.0,0.0,0.0,0.0,0.0,0.0,0.0,0.0,0.0,0.0,6.072639721183921,73.41535899718131,301.23638325546875,944.1768720703127,0.8495084813928787,335.1509066909042
40.808434,-8.4375,361.0,2019-07-16 05:00:00,16.8,97,16.3,18.7,0.0,0.0,0.0,0.0,0,1013.8,971.7,4,4,0,0,0.0,0.05,2.3,3.7,162,119,7.6,18.1,20.5,19.0,15.3,0.19,0.239,0.301,0.369,0,0.0,0.0,0.0,0.0,0.0,0.0,0.0,0.0,0.0,0.0,0.0,0.0,0.0,5.722797974148369,73.50448098072057,301.3625009274688,950.9048720703126,0.7987730973212503,336.2849262560107
40.808434,-8.4375,361.0,2019-07-16 06:00:00,16.7,98,16.4,18.5,0.0,0.0,0.0,0.0,0,1013.9,971.8,11,10,0,7,0.01,0.04,2.8,2.7,320,337,6.1,18.1,20.3,19.0,15.3,0.19,0.239,0.301,0.369,1,0.0,14.0,5.0,9.0,52.9,14.0,66.8,32.4,11.6,20.8,99.1,17.3,154.4,5.875644962724697,73.54839245605451,301.44610966346875,957.6148720703127,0.8207546221594186,337.3821789869852
40.808434,-8.4375,361.0,2019-07-16 07:00:00,18.2,92,16.8,19.9,0.0,0.0,0.0,0.0,2,1014.0,972.1,59,66,0,0,0.05,0.18,4.3,5.5,5,23,11.5,18.6,20.2,19.0,15.3,0.19,0.239,0.3,0.369,1,3600.0,102.0,54.0,48.0,259.3,102.0,275.7,147.1,77.9,69.2,259.3,147.1,397.6,6.611434260702504,74.56469212154926,301.8087273274688,964.5948720703127,0.9294526955503727,338.68922610514727
40.808434,-8.4375,361.0,2019-07-16 08:00:00,20.2,84,17.4,22.4,0.0,0.0,0.0,0.0,1,1013.8,972.2,22,24,0,0,0.14,0.37,3.4,4.4,328,351,13.0,19.7,20.1,19.0,15.4,0.19,0.239,0.3,0.369,1,3600.0,229.0,124.0,105.0,317.2,229.0,517.5,281.1,152.2,128.9,317.2,281.1,635.2,7.371383166905935,77.16711118650572,302.60911657546876,971.9348720703127,1.0463915036488762,340.3223107113838
40.808434,-8.4375,361.0,2019-07-16 09:00:00,21.8,80,18.1,23.9,0.0,0.0,0.0,0.0,0,1013.5,972.2,12,4,0,27,0.3,0.54,6.0,7.2,287,297,18.7,21.3,20.1,19.0,15.4,0.189,0.238,0.3,0.369,1,3600.0,493.0,383.0,110.0,680.0,493.0,745.6,562.8,437.2,125.6,680.0,562.8,851.1,10.151944392482047,79.8412602059767,303.68475705546876,979.5628720703128,1.5136102281323283,342.1700370433183
40.808434,-8.4375,361.0,2019-07-16 10:00:00,23.2,74,18.4,25.9,0.0,0.0,0.0,0.0,3,1013.6,972.4,87,65,0,94,0.39,0.74,5.2,5.6,286,297,19.4,22.8,20.2,19.0,15.4,0.187,0.238,0.3,0.369,1,3600.0,608.0,437.0,171.0,612.6,608.0,944.4,663.5,476.9,186.6,612.6,663.5,1030.5,12.195169810190954,82.18536460947655,305.16857726346876,987.4428720703128,1.8948203581023972,344.3129339153942
40.808434,-8.4375,361.0,2019-07-16 11:00:00,24.5,68,18.2,27.1,0.0,0.0,0.0,0.0,1,1013.4,972.4,29,0,0,97,0.43,0.99,6.8,7.3,273,279,19.1,24.2,20.4,19.0,15.4,0.186,0.238,0.3,0.369,1,3600.0,640.0,276.0,364.0,332.1,640.0,1100.3,675.4,291.3,384.1,332.1,675.4,1161.2,15.84296835977106,84.17185476807632,307.09251761546875,995.5568720703128,2.6525603049863777,346.77039425506723
40.808434,-8.4375,361.0,2019-07-16 12:00:00,22.8,79,19.0,24.8,0.0,0.0,0.0,0.0,3,1014.4,973.2,100,100,0,98,0.36,0.57,9.9,11.6,260,265,28.8,24.9,20.4,19.0,15.4,0.186,0.24,0.302,0.369,1,3600.0,565.0,183.0,382.0,201.4,565.0,1202.7,579.8,187.8,392.0,201.4,579.8,1234.2,34.128929138183594,90.55415344238281,294.15252685546875,839.81787109375,7.883056640625,315.4534606933594
40.808434,-8.4375,361.0,2019-07-16 13:00:00,22.7,80,19.1,25.0,0.0,0.0,0.0,0.0,3,1014.3,973.1,100,97,0,97,0.35,0.56,7.7,9.2,281,281,24.5,25.2,20.7,19.0,15.4,0.185,0.24,0.302,0.369,1,1773.67,538.0,112.0,426.0,119.1,538.0,1244.7,538.0,112.0,426.0,119.1,538.0,1244.6,17.465995269302695,84.80825211634496,295.2704414154687,847.60787109375,3.025582828001518,315.6464616223526
40.808434,-8.4375,361.0,2019-07-16 14:00:00,23.3,78,19.3,26.0,0.0,0.0,0.0,0.0,3,1014.1,972.9,100,84,0,83,0.38,0.61,7.1,8.0,300,306,22.3,25.6,20.9,19.0,15.4,0.184,0.24,0.301,0.369,1,3199.76,584.0,154.0,430.0,166.7,584.0,1223.3,568.9,150.0,418.9,166.7,568.9,1191.6,16.37232981885445,84.39350133042088,296.5311484234687,855.50587109375,2.7745310217500423,317.7339402867339
40.808434,-8.4375,361.0,2019-07-16 15:00:00,23.9,75,19.3,26.5,0.0,0.0,0.0,0.0,2,1013.8,972.7,71,65,7,29,0.38,0.74,7.7,9.2,311,318,21.6,26.0,21.1,19.0,15.4,0.183,0.239,0.301,0.369,1,3600.0,576.0,246.0,330.0,285.7,576.0,1140.0,545.2,232.8,312.3,285.7,545.2,1078.9,16.83078097000574,84.44100781958421,297.9989984234687,863.51187109375,2.8781250439608175,319.955454369858
40.808434,-8.4375,361.0,2019-07-16 16:00:00,24.5,72,19.2,27.1,0.0,0.0,0.0,0.0,0,1013.3,972.3,10,1,3,26,0.42,0.85,9.6,11.2,304,310,24.1,26.5,21.4,19.0,15.4,0.181,0.239,0.301,0.369,1,3600.0,652.0,449.0,203.0,594.2,652.0,1000.4,595.8,410.3,185.5,594.2,595.8,914.1,18.160187651782255,84.48852999303136,299.6824462314687,871.62587109375,3.187748876422246,322.3171499524483
40.808434,-8.4375,361.0,2019-07-16 17:00:00,23.5,73,18.4,24.9,0.0,0.0,0.0,0.0,0,1013.2,972.1,5,1,3,8,0.33,0.78,11.8,14.7,301,306,27.0,26.4,21.6,19.0,15.4,0.18,0.239,0.301,0.369,1,3600.0,524.0,397.0,127.0,645.6,524.0,814.1,456.0,345.5,110.5,645.6,456.0,708.5,19.789777379213504,84.53606785594049,301.2423597834687,879.55987109375,3.5845014495864316,324.57432000852674
40.808434,-8.4375,361.0,2019-07-16 18:00:00,21.7,76,17.4,23.0,0.0,0.0,0.0,0.0,1,1013.1,971.8,34,0,37,39,0.22,0.62,9.8,12.7,306,313,28.1,25.7,21.8,19.0,15.4,0.179,0.238,0.301,0.369,1,3600.0,368.0,283.0,85.0,631.0,368.0,593.8,295.0,226.8,68.1,631.0,295.0,476.0,18.353926119206733,84.51859960386254,302.5274918154687,887.16987109375,3.2331908289954296,326.6141010201908
40.808434,-8.4375,361.0,2019-07-16 19:00:00,20.4,81,17.0,21.7,0.0,0.0,0.0,0.0,0,1013.3,971.8,8,0,1,23,0.1,0.46,7.6,9.7,278,285,22.7,24.7,21.9,19.0,15.4,0.179,0.238,0.301,0.369,1,3600.0,170.0,91.0,79.0,339.9,170.0,354.4,111.5,59.7,51.8,339.9,111.5,232.4,15.073467347756129,83.37793249736325,303.48687857546867,894.54587109375,2.4865250702707478,328.42073290370865
40.808434,-8.4375,361.0,2019-07-16 20:00:00,18.5,89,16.7,20.5,0.0,0.0,0.0,0.0,0,1013.4,971.6,1,0,0,2,0.02,0.24,2.6,2.5,254,278,17.6,23.3,22.0,19.0,15.4,0.179,0.238,0.301,0.369,1,2033.64,46.0,23.0,23.0,185.7,46.0,112.2,0.0,0.0,0.0,0.0,0.0,0.0,9.773025257118059,81.0118398998079,303.9932281114687,901.57987109375,1.4471607418526127,329.89923955300833
40.808434,-8.4375,361.0,2019-07-16 21:00:00,17.4,94,16.5,19.3,0.0,0.0,0.0,0.0,1,1013.8,971.8,22,0,11,51,0.0,0.11,2.2,2.3,189,198,6.8,22.0,22.0,19.0,15.4,0.179,0.238,0.301,0.369,0,0.0,0.0,0.0,0.0,0.0,0.0,0.0,0.0,0.0,0.0,0.0,0.0,0.0,7.745998759713354,78.57312328711738,304.2539182714687,908.41587109375,1.1062375862565774,331.19316711306163
40.808434,-8.4375,361.0,2019-07-16 22:00:00,17.0,96,16.4,18.6,0.0,0.0,0.0,0.0,0,1014.0,972.0,20,0,0,66,0.0,0.07,4.5,6.6,166,189,6.8,21.1,21.9,19.0,15.4,0.179,0.238,0.301,0.369,0,0.0,0.0,0.0,0.0,0.0,0.0,0.0,0.0,0.0,0.0,0.0,0.0,0.0,7.639000139906877,76.95932389804557,304.4239540154687,915.17987109375,1.0890854564586552,332.41387334296934
40.808434,-8.4375,361.0,2019-07-16 23:00:00,16.8,97,16.3,18.0,0.0,0.0,0.0,0.0,0,1013.9,971.9,19,2,3,52,0.0,0.06,6.8,9.3,148,164,12.2,20.4,21.8,19.0,15.4,0.179,0.238,0.301,0.369,0,0.0,0.0,0.0,0.0,0.0,0.0,0.0,0.0,0.0,0.0,0.0,0.0,0.0,7.999248689687398,76.02482193905105,304.55007168746874,921.9078710937499,1.146915757643076,333.59464788614383
40.808434,-8.4375,361.0,2019-07-17 00:00:00,16.2,98,16.0,17.1,0.0,0.0,0.0,0.0,0,1014.4,972.2,11,4,0,26,0.0,0.03,8.0,13.0,153,178,15.5,19.0,21.6,19.1,15.4,0.183,0.243,0.304,0.369,0,0.0,0.0,0.0,0.0,0.0,0.0,0.0,0.0,0.0,0.0,0.0,0.0,0.0,8.073023824374268,75.19490225149022,304.63133186346874,928.5278710937499,1.158839144622136,334.7229681989379
40.808434,-8.4375,361.0,2019-07-17 01:00:00,15.9,98,15.7,16.6,0.0,0.0,0.0,0.0,0,1014.0,971.8,17,16,0,9,0.0,0.03,8.7,13.4,142,160,17.3,18.7,21.4,19.1,15.4,0.183,0.243,0.304,0.369,0,0.0,0.0,0.0,0.0,0.0,0.0,0.0,0.0,0.0,0.0,0.0,0.0,0.0,8.239722444615857,74.97836141309865,304.71118290346874,935.09387109375,1.1860151591861468,335.8339207781139
40.808434,-8.4375,361.0,2019-07-17 02:00:00,15.7,99,15.5,16.5,0.0,0.0,0.0,0.0,0,1013.8,971.6,17,19,0,1,0.0,0.02,7.2,14.5,162,174,15.8,18.4,21.2,19.1,15.4,0.183,0.243,0.304,0.369,0,0.0,0.0,0.0,0.0,0.0,0.0,0.0,0.0,0.0,0.0,0.0,0.0,0.0,7.473017949462379,74.32221364384802,304.75063871146875,941.6238710937499,1.0625452058616554,336.90683572301424
40.808434,-8.4375,361.0,2019-07-17 03:00:00,15.5,100,15.5,16.1,0.0,0.0,0.0,0.0,3,1013.8,971.6,90,100,0,0,0.0,0.0,8.6,14.8,180,183,15.5,18.2,21.0,19.1,15.4,0.183,0.243,0.304,0.369,0,0.0,0.0,0.0,0.0,0.0,0.0,0.0,0.0,0.0,0.0,0.0,0.0,0.0,7.692411320635582,73.506798203325,304.75063871146875,948.11787109375,1.097331548477211,337.9420603027767
40.808434,-8.4375,361.0,2019-07-17 04:00:00,15.6,99,15.5,16.1,0.0,0.0,0.0,0.0,3,1013.9,971.7,90,100,0,0,0.0,0.01,9.3,13.1,167,164,17.6,18.2,20.8,19.1,15.4,0.184,0.243,0.304,0.369,0,0.0,0.0,0.0,0.0,0.0,0.0,0.0,0.0,0.0,0.0,0.0,0.0,0.0,7.95172354421827,73.5507104436908,304.78985966346875,954.6298710937499,1.1389505820044479,338.99654930238006
40.808434,-8.4375,361.0,2019-07-17 05:00:00,15.5,100,15.5,16.5,0.0,0.0,0.0,0.0,3,1014.0,971.8,90,100,0,0,0.0,0.01,6.3,8.9,156,153,16.6,18.0,20.6,19.1,15.4,0.184,0.243,0.304,0.369,0,0.0,0.0,0.0,0.0,0.0,0.0,0.0,0.0,0.0,0.0,0.0,0.0,0.0,6.878854197411858,73.33780216041059,304.78985966346875,961.1238710937499,0.9700360893173964,340.01632100172674
40.808434,-8.4375,361.0,2019-07-17 06:00:00,16.2,97,15.7,17.1,0.0,0.0,0.0,0.0,3,1014.2,972.0,89,99,0,0,0.01,0.06,6.8,8.7,180,173,14.0,18.1,20.5,19.1,15.4,0.184,0.243,0.304,0.369,1,0.0,12.0,1.0,11.0,10.7,12.0,65.4,27.8,2.3,25.5,20.2,14.7,151.6,7.069150916352837,73.44074477919726,304.91174992746875,967.7438710937499,0.9992643015394818,341.12429172725183
40.808434,-8.4375,361.0,2019-07-17 07:00:00,16.8,95,16.0,18.0,0.0,0.0,0.0,0.0,3,1014.9,972.8,90,100,0,0,0.05,0.1,6.6,7.6,209,199,16.6,18.5,20.3,19.1,15.4,0.184,0.243,0.304,0.369,1,2272.83,92.0,28.0,64.0,135.8,92.0,273.1,133.1,40.5,92.6,135.8,133.1,395.1,7.124293690352048,73.85076270814241,305.1219460474687,974.4718710937499,1.0077558100422248,342.2975136648435
40.808434,-8.4375,361.0,2019-07-17 08:00:00,17.6,91,16.1,19.1,0.0,0.0,0.0,0.0,3,1015.3,973.3,83,92,0,0,0.09,0.18,4.7,4.8,203,193,16.9,19.1,20.2,19.1,15.4,0.184,0.243,0.304,0.369,1,127.41,151.0,25.0,126.0,64.2,151.0,515.2,185.5,30.7,154.8,64.2,185.5,633.0,6.878151880979426,74.98364044281477,305.51720869546875,981.3438710937498,0.9697948358348214,343.603348824233
40.808434,-8.4375,361.0,2019-07-17 09:00:00,19.6,83,16.7,21.5,0.0,0.0,0.0,0.0,3,1015.3,973.6,88,98,0,0,0.21,0.38,3.3,3.1,221,216,14.8,20.3,20.2,19.1,15.4,0.183,0.243,0.303,0.369,1,3541.68,345.0,100.0,245.0,178.1,345.0,743.5,394.0,114.2,279.8,178.1,394.0,849.2,7.526958001581402,77.530171967555,306.34366695946875,988.5758710937498,1.0707245989735061,345.2324546353599
40.808434,-8.4375,361.0,2019-07-17 10:00:00,21.3,78,17.4,23.4,0.0,0.0,0.0,0.0,3,1015.5,974.0,90,100,0,0,0.28,0.55,3.7,3.8,241,253,15.8,21.7,20.2,19.1,15.4,0.183,0.242,0.303,0.369,1,3600.0,444.0,132.0,312.0,185.4,444.0,942.6,484.6,144.1,340.6,185.4,484.6,1028.9,9.431479039522337,80.11251238334341,307.50103732746874,996.1138710937498,1.3864804263582615,347.1152688705967
40.808434,-8.4375,361.0,2019-07-17 11:00:00,23.5,71,17.8,26.0,0.0,0.0,0.0,0.0,2,1015.5,974.3,68,76,0,0,0.42,0.85,6.1,6.9,267,276,19.1,23.3,20.3,19.1,15.4,0.181,0.242,0.303,0.369,1,3600.0,642.0,320.0,322.0,385.6,642.0,1098.8,677.6,337.8,339.9,385.6,677.6,1159.8,13.514731996025777,82.8614840135713,309.1765000314687,1004.0478710937498,2.1573447054097485,349.3865020895555
40.808434,-8.4375,361.0,2019-07-17 12:00:00,22.7,76,18.2,25.9,0.0,0.0,0.0,0.0,3,1016.1,974.8,90,100,0,0,0.47,0.68,6.6,7.6,279,289,29.2,23.5,20.5,19.1,15.4,0.186,0.25,0.308,0.369,1,3600.0,739.0,433.0,306.0,477.2,739.0,1201.4,758.4,444.4,314.0,477.2,758.4,1233.0,37.1416015625,90.34182739257812,297.76190185546875,848.4636840820312,8.97509765625,319.0078125
40.808434,-8.4375,361.0,2019-07-17 13:00:00,23.1,73,18.0,24.7,0.0,0.0,0.0,0.0,2,1016.1,974.8,52,58,0,0,0.39,0.76,11.0,13.0,293,298,25.9,24.5,20.6,19.1,15.4,0.185,0.249,0.308,0.369,1,3600.0,597.0,266.0,331.0,283.2,597.0,1243.5,597.0,266.0,331.0,283.2,597.0,1243.5,22.44652982301971,86.09765134741846,299.29645095946876,856.3256840820312,4.2735019807777705,319.4572345350712
40.808434,-8.4375,361.0,2019-07-17 14:00:00,23.7,70,18.0,26.3,0.0,0.0,0.0,0.0,0,1016.1,974.9,7,8,0,0,0.52,0.87,12.6,15.3,307,313,30.6,25.6,20.9,19.1,15.4,0.183,0.249,0.307,0.369,1,3600.0,829.0,568.0,261.0,615.3,829.0,1222.2,807.5,553.3,254.2,615.3,807.5,1190.5,23.675835042116184,86.05993300496999,301.04377959946873,864.2956840820312,4.607819807624576,321.8381018208771
40.808434,-8.4375,361.0,2019-07-17 15:00:00,23.3,68,17.2,25.4,0.0,0.0,0.0,0.0,0,1016.0,974.8,0,0,0,0,0.51,0.91,13.8,17.3,313,318,32.4,26.2,21.1,19.1,15.4,0.181,0.248,0.307,0.369,1,3600.0,825.0,698.0,127.0,811.5,825.0,1138.9,780.7,660.6,120.2,811.5,780.7,1077.8,24.81972778039985,86.10798966712626,302.87753524746876,872.1936840820313,4.928228823649241,324.25419943854905
40.808434,-8.4375,361.0,2019-07-17 16:00:00,22.6,69,16.6,23.7,0.0,0.0,0.0,0.0,0,1015.8,974.5,0,0,0,0,0.43,0.85,14.8,18.8,319,324,33.8,26.3,21.3,19.1,15.5,0.179,0.248,0.307,0.369,1,3600.0,720.0,619.0,101.0,820.2,720.0,999.2,657.8,565.5,92.3,820.2,657.8,912.8,25.615942785184632,86.07147797701997,304.60302227946875,879.9656840820313,5.156384074382107,326.58492429570947
40.808434,-8.4375,361.0,2019-07-17 17:00:00,21.7,70,16.1,21.7,0.0,0.0,0.0,0.0,0,1015.8,974.3,0,0,0,0,0.34,0.77,15.0,19.7,325,329,33.8,25.9,21.6,19.1,15.5,0.178,0.247,0.307,0.369,1,3600.0,568.0,478.0,90.0,778.7,568.0,812.7,494.1,415.8,78.3,778.7,494.1,707.0,25.08505402894631,85.78389776524016,306.20943731946875,887.5756840820313,5.0027486748630015,328.8175786173433
40.808434,-8.4375,361.0,2019-07-17 18:00:00,20.4,73,15.4,20.1,0.0,0.0,0.0,0.0,0,1015.9,974.3,0,0,0,0,0.23,0.65,14.6,19.8,327,333,33.5,25.1,21.7,19.1,15.5,0.177,0.247,0.307,0.368,1,3600.0,388.0,310.0,78.0,693.1,388.0,592.1,310.7,248.2,62.5,693.1,310.7,474.2,23.08870313588264,85.0766050150823,307.57277639946875,894.9516840820313,4.4443247709151965,330.8678204019703
40.808434,-8.4375,361.0,2019-07-17 19:00:00,19.0,76,14.8,18.8,0.0,0.0,0.0,0.0,0,1015.9,974.1,0,0,0,0,0.12,0.52,12.6,17.8,336,342,32.0,23.9,21.8,19.1,15.5,0.177,0.247,0.307,0.368,1,3600.0,201.0,142.0,59.0,533.4,201.0,352.5,131.4,92.8,38.6,533.4,131.4,230.3,19.86067396175251,84.27110194160656,308.70572174346876,902.0756840820313,3.600676766464235,332.73900378159345
40.808434,-8.4375,361.0,2019-07-17 20:00:00,17.4,81,14.1,17.2,0.0,0.0,0.0,0.0,0,1016.2,974.1,0,0,0,0,0.03,0.37,10.6,19.1,336,348,27.0,22.5,21.9,19.1,15.5,0.177,0.247,0.307,0.368,1,1999.48,47.0,25.0,22.0,203.1,47.0,110.0,0.0,0.0,0.0,0.0,0.0,0.0,16.26869867685091,82.98304329088167,309.53124058346873,908.9116840820313,2.748688289642867,334.3791637568266
40.808434,-8.4375,361.0,2019-07-17 21:00:00,16.4,85,13.8,16.3,0.0,0.0,0.0,0.0,0,1016.8,974.6,1,0,0,3,0.0,0.29,9.1,18.7,351,359,23.0,21.2,21.8,19.1,15.5,0.177,0.247,0.307,0.368,0,0.0,0.0,0.0,0.0,0.0,0.0,0.0,0.0,0.0,0.0,0.0,0.0,0.0,13.607418162408907,81.70913329920904,310.1477375834687,915.5676840820313,2.177406979879993,335.862591112107
40.808434,-8.4375,361.0,2019-07-17 22:00:00,15.9,87,13.7,16.1,0.0,0.0,0.0,0.0,0,1016.8,974.5,0,0,0,0,0.0,0.24,6.9,16.8,9,9,20.2,20.1,21.7,19.1,15.5,0.178,0.247,0.307,0.368,0,0.0,0.0,0.0,0.0,0.0,0.0,0.0,0.0,0.0,0.0,0.0,0.0,0.0,11.535276878917394,80.86952206001602,310.66676934346873,922.1336840820313,1.7687073060263245,337.26888403712206
40.808434,-8.4375,361.0,2019-07-17 23:00:00,15.3,90,13.7,15.7,0.0,0.0,0.0,0.0,0,1016.9,974.5,0,0,0,0,0.0,0.17,5.2,14.2,16,9,15.8,19.2,21.5,19.1,15.5,0.178,0.247,0.307,0.368,0,0.0,0.0,0.0,0.0,0.0,0.0,0.0,0.0,0.0,0.0,0.0,0.0,0.0,9.733211158211736,79.74494889909522,311.05193318346875,928.5916840820313,1.4395847594943165,338.5729643977034
40.808434,-8.4375,361.0,2019-07-18 00:00:00,14.4,95,13.6,14.7,0.0,0.0,0.0,0.0,0,1017.7,975.2,0,0,0,0,0.0,0.08,6.0,8.3,57,18,12.6,18.1,21.4,19.1,15.5,0.177,0.246,0.306,0.368,0,0.0,0.0,0.0,0.0,0.0,0.0,0.0,0.0,0.0,0.0,0.0,0.0,0.0,8.463610724336288,77.48836100877466,311.23394658346876,934.8876840820313,1.2227376372065593,339.7238133644172
40.808434,-8.4375,361.0,2019-07-18 01:00:00,13.6,96,13.0,13.9,0.0,0.0,0.0,0.0,0,1017.2,974.5,0,0,0,0,0.0,0.06,4.1,5.8,75,22,11.2,17.5,21.1,19.1,15.5,0.178,0.246,0.306,0.368,0,0.0,0.0,0.0,0.0,0.0,0.0,0.0,0.0,0.0,0.0,0.0,0.0,0.0,7.247619888032505,76.41291142945379,311.3720419114688,941.0396840820314,1.0269962124415835,340.81837302473605
40.808434,-8.4375,361.0,2019-07-18 02:00:00,14.0,95,13.1,14.6,0.0,0.0,0.0,0.0,0,1016.9,974.3,0,0,0,0,0.0,0.09,3.0,5.2,76,16,8.6,16.9,20.9,19.1,15.5,0.178,0.246,0.306,0.368,0,0.0,0.0,0.0,0.0,0.0,0.0,0.0,0.0,0.0,0.0,0.0,0.0,0.0,6.909081117878356,76.45778312410492,311.5493581914688,947.2636840820314,0.9745923638445726,341.9420118000711
40.808434,-8.4375,361.0,2019-07-18 03:00:00,13.0,96,12.4,13.3,0.0,0.0,0.0,0.0,0,1016.6,973.9,0,0,0,0,0.0,0.05,3.2,4.7,90,32,7.9,16.4,20.6,19.1,15.5,0.178,0.246,0.306,0.368,0,0.0,0.0,0.0,0.0,0.0,0.0,0.0,0.0,0.0,0.0,0.0,0.0,0.0,6.809684694840917,76.06890005132324,311.6818169754688,953.3076840820314,0.9593587193977863,343.0032603095319
40.808434,-8.4375,361.0,2019-07-18 04:00:00,13.2,96,12.7,13.6,0.0,0.0,0.0,0.0,0,1016.3,973.6,0,0,0,0,0.0,0.05,3.6,6.4,90,63,9.0,16.1,20.4,19.1,15.5,0.178,0.246,0.306,0.368,0,0.0,0.0,0.0,0.0,0.0,0.0,0.0,0.0,0.0,0.0,0.0,0.0,0.0,6.896045630147016,75.96698734917535,311.8161546074688,959.3876840820315,0.9725177202599585,344.06550044923193
40.808434,-8.4375,361.0,2019-07-18 05:00:00,13.1,96,12.4,13.4,0.0,0.0,0.0,0.0,0,1016.3,973.6,0,0,0,0,0.0,0.06,2.9,4.8,83,63,9.7,15.9,20.1,19.1,15.5,0.179,0.246,0.306,0.368,0,0.0,0.0,0.0,0.0,0.0,0.0,0.0,0.0,0.0,0.0,0.0,0.0,0.0,6.65949723198095,75.92781110634716,311.9495528154688,965.4496840820315,0.9364815228797194,345.11835290763145
40.808434,-8.4375,361.0,2019-07-18 06:00:00,14.5,93,13.4,15.3,0.0,0.0,0.0,0.0,0,1016.6,974.1,0,0,0,0,0.01,0.11,2.2,4.7,90,23,8.3,15.9,19.9,19.1,15.5,0.179,0.246,0.306,0.368,1,103.26,17.0,7.0,10.0,75.7,17.0,64.0,39.5,16.3,23.2,144.7,20.7,148.8,6.469908152198176,75.99551618475101,312.2060155674688,971.7636840820314,0.9079245343905833,346.2810612239498
40.808434,-8.4375,361.0,2019-07-18 07:00:00,17.2,83,14.4,18.4,0.0,0.0,0.0,0.0,0,1016.6,974.5,0,0,0,0,0.06,0.33,1.8,5.9,79,43,9.0,16.7,19.6,19.1,15.5,0.179,0.246,0.306,0.368,1,3600.0,140.0,89.0,51.0,435.8,140.0,270.4,203.3,129.2,74.0,435.8,203.3,392.6,7.099864241032468,77.6682771892839,312.9366525834688,978.5636840820314,1.0037733046417476,347.8079609775583
40.808434,-8.4375,361.0,2019-07-18 08:00:00,19.2,77,15.1,20.6,0.0,0.0,0.0,0.0,0,1016.8,975.0,0,0,0,0,0.18,0.51,2.3,2.6,288,326,11.2,18.3,19.5,19.1,15.5,0.179,0.246,0.306,0.368,1,3600.0,323.0,248.0,75.0,640.3,323.0,512.8,397.3,305.1,92.3,640.3,397.3,630.8,8.714468878423233,79.9027350079812,314.0331952474688,985.7236840820314,1.2641205269753928,349.61462818376185
40.808434,-8.4375,361.0,2019-07-18 09:00:00,20.6,74,15.9,21.9,0.0,0.0,0.0,0.0,0,1016.9,975.3,0,0,0,0,0.3,0.62,5.6,6.6,297,311,17.6,20.1,19.5,19.1,15.5,0.178,0.245,0.306,0.368,1,3600.0,513.0,426.0,87.0,760.7,513.0,741.5,586.2,486.8,99.4,760.7,586.2,847.3,12.019698750447414,81.86814177817733,315.3582527994688,993.1356840820314,1.8603836989829627,351.6003690734191
40.808434,-8.4375,361.0,2019-07-18 10:00:00,22.4,70,16.7,24.5,0.0,0.0,0.0,0.0,0,1016.8,975.4,0,0,0,0,0.42,0.82,7.6,9.3,335,344,21.2,21.9,19.6,19.1,15.5,0.177,0.245,0.306,0.368,1,3600.0,679.0,583.0,96.0,820.5,679.0,940.9,741.4,636.5,104.8,820.5,741.4,1027.3,15.27934893101756,83.50634740156006,317.0139875994688,1000.8716840820314,2.528536171375204,353.84091288074694
40.808434,-8.4375,361.0,2019-07-18 11:00:00,24.7,61,16.7,27.2,0.0,0.0,0.0,0.0,0,1016.7,975.6,0,0,0,0,0.53,1.21,9.9,13.0,350,355,25.6,23.6,19.8,19.1,15.5,0.175,0.244,0.306,0.368,1,3600.0,812.0,710.0,102.0,856.8,812.0,1097.3,857.2,749.5,107.7,856.8,857.2,1158.4,20.657169889597313,85.65250830956569,319.3771086714688,1009.0216840820314,3.7986469331955726,356.58618571650663
40.808434,-8.4375,361.0,2019-07-18 12:00:00,26.2,55,16.6,28.8,0.0,0.0,0.0,0.0,0,1016.4,975.5,0,0,0,0,0.61,1.52,11.7,15.0,342,349,29.2,25.1,20.0,19.1,15.5,0.178,0.248,0.307,0.368,1,3600.0,901.0,796.0,105.0,878.2,901.0,1200.1,924.7,817.0,107.8,878.2,924.7,1231.7,36.2021484375,91.35205078125,302.41302490234375,857.7136840820312,8.647705078125,323.5101318359375
40.808434,-8.4375,361.0,2019-07-18 13:00:00,26.6,54,16.5,28.9,0.0,0.0,0.0,0.0,0,1016.2,975.4,0,0,0,0,0.64,1.61,14.5,18.5,333,339,33.1,26.3,20.3,19.1,15.5,0.175,0.247,0.307,0.368,1,3600.0,939.0,833.0,106.0,887.8,939.0,1242.3,939.0,833.0,106.0,887.8,939.0,1242.3,35.69191112315727,89.61799036879532,305.40556005434377,866.2056840820312,8.427850943086023,324.64975524766066
40.808434,-8.4375,361.0,2019-07-18 14:00:00,26.4,55,16.6,28.1,0.0,0.0,0.0,0.0,0,1015.9,975.1,0,0,0,0,0.62,1.55,17.1,22.2,330,335,37.4,27.1,20.7,19.1,15.5,0.173,0.246,0.307,0.368,1,3600.0,921.0,816.0,105.0,884.9,921.0,1221.0,897.1,794.8,102.3,884.9,897.1,1189.4,37.42979762422894,89.20914245184156,308.31190305434376,874.6616840820312,9.060182752228071,327.7766093778531
40.808434,-8.4375,361.0,2019-07-18 15:00:00,25.4,58,16.6,26.6,0.0,0.0,0.0,0.0,0,1015.7,974.8,0,0,0,0,0.56,1.36,18.5,24.2,331,335,40.3,27.4,21.0,19.1,15.5,0.171,0.245,0.307,0.368,1,3600.0,850.0,747.0,103.0,869.4,850.0,1137.7,804.3,706.9,97.5,869.4,804.3,1076.5,36.87970890226481,88.55895973207619,310.92585033434375,882.9376840820312,8.856036368313495,330.7065421026504
40.808434,-8.4375,361.0,2019-07-18 16:00:00,24.2,65,17.2,25.1,0.0,0.0,0.0,0.0,0,1015.6,974.5,0,0,0,0,0.46,1.06,18.2,24.3,335,339,40.3,27.3,21.3,19.1,15.5,0.17,0.245,0.306,0.368,1,3600.0,729.0,633.0,96.0,839.9,729.0,997.9,665.8,578.2,87.7,839.9,665.8,911.5,32.21321582963157,87.23526142422125,313.0055002143437,890.9976840820311,7.217179606272355,333.2958114619584
40.808434,-8.4375,361.0,2019-07-18 17:00:00,22.9,71,17.4,23.1,0.0,0.0,0.0,0.0,0,1015.4,974.1,0,0,0,0,0.35,0.81,17.4,23.3,338,343,39.6,26.8,21.6,19.1,15.5,0.169,0.244,0.306,0.368,1,3600.0,570.0,482.0,88.0,786.7,570.0,811.2,495.6,419.1,76.5,786.7,495.6,705.4,27.651584133092257,85.92514283079949,314.64009797434375,898.8236840820311,5.758656260177082,335.5903130982886
40.808434,-8.4375,361.0,2019-07-18 18:00:00,21.7,75,17.2,22.0,0.0,0.0,0.0,0.0,0,1015.2,973.8,0,0,0,0,0.23,0.64,16.1,22.0,344,350,37.8,25.9,21.8,19.1,15.5,0.168,0.244,0.306,0.368,1,3600.0,387.0,311.0,76.0,697.5,387.0,590.4,309.6,248.8,60.8,697.5,309.6,472.3,23.93761335981307,84.8974849298789,315.97877717434375,906.4336840820312,4.6767281404828,337.6763475416122
40.808434,-8.4375,361.0,2019-07-18 19:00:00,20.7,79,16.9,21.1,0.0,0.0,0.0,0.0,0,1014.9,973.3,0,0,0,0,0.12,0.52,13.6,20.6,349,356,34.2,24.7,21.9,19.1,15.5,0.168,0.244,0.306,0.368,1,3600.0,199.0,142.0,57.0,536.6,199.0,350.4,129.6,92.5,37.1,536.6,129.6,228.1,19.793332010551257,83.85673842793916,317.05394794234377,913.8636840820311,3.5827909921157155,339.57730377296093
40.808434,-8.4375,361.0,2019-07-18 20:00:00,19.2,84,16.5,19.8,0.0,0.0,0.0,0.0,0,1014.8,973.1,0,0,0,0,0.03,0.35,11.9,22.5,355,7,28.4,23.3,22.0,19.1,15.5,0.168,0.244,0.306,0.368,1,1963.34,46.0,24.0,22.0,196.3,46.0,107.6,0.0,0.0,0.0,0.0,0.0,0.0,16.159065297997515,82.38926509779567,317.8167602303438,921.0236840820311,2.723355305826898,341.2481178080276
40.808434,-8.4375,361.0,2019-07-18 21:00:00,18.6,87,16.5,19.3,0.0,0.0,0.0,0.0,0,1015.0,973.2,0,0,0,0,0.0,0.27,10.7,22.7,12,18,24.8,22.1,21.9,19.1,15.5,0.168,0.244,0.306,0.368,0,0.0,0.0,0.0,0.0,0.0,0.0,0.0,0.0,0.0,0.0,0.0,0.0,0.0,13.909669481424075,81.25924732857779,318.4182264463438,928.0756840820311,2.239031922935595,342.8021240379224
40.808434,-8.4375,361.0,2019-07-18 22:00:00,18.2,90,16.6,19.2,0.0,0.0,0.0,0.0,0,1015.1,973.2,0,0,0,0,0.0,0.2,8.6,20.7,22,23,22.7,21.1,21.9,19.2,15.5,0.168,0.244,0.306,0.368,0,0.0,0.0,0.0,0.0,0.0,0.0,0.0,0.0,0.0,0.0,0.0,0.0,0.0,11.526581408372422,80.06831607632206,318.87149852634377,935.0556840820311,1.7665740423285885,344.25202727361267
40.808434,-8.4375,361.0,2019-07-18 23:00:00,17.7,93,16.5,19.1,0.0,0.0,0.0,0.0,0,1014.8,972.8,0,0,0,0,0.0,0.14,6.2,16.8,36,28,18.7,20.3,21.8,19.2,15.5,0.169,0.244,0.306,0.368,0,0.0,0.0,0.0,0.0,0.0,0.0,0.0,0.0,0.0,0.0,0.0,0.0,0.0,9.311207833527698,78.67485720782153,319.1805690223438,941.9456840820311,1.3657656048748616,345.5960220709941
40.808434,-8.4375,361.0,2019-07-19 00:00:00,17.0,95,16.2,18.3,0.0,0.0,0.0,0.0,0,1015.6,973.5,0,0,0,0,0.0,0.09,6.0,6.5,107,87,14.0,20.1,21.7,19.2,15.5,0.167,0.242,0.305,0.368,0,0.0,0.0,0.0,0.0,0.0,0.0,0.0,0.0,0.0,0.0,0.0,0.0,0.0,8.434587227605718,77.4346879311977,319.3931137023438,948.7096840820311,1.21760654303138,346.855135298039
40.808434,-8.4375,361.0,2019-07-19 01:00:00,16.6,96,15.9,17.9,0.0,0.0,0.0,0.0,0,1015.4,973.3,4,4,0,0,0.0,0.08,5.2,6.0,146,155,9.7,19.4,21.5,19.2,15.5,0.168,0.242,0.305,0.368,0,0.0,0.0,0.0,0.0,0.0,0.0,0.0,0.0,0.0,0.0,0.0,0.0,0.0,7.730119958461217,76.64356131467774,319.55939175034376,955.4016840820311,1.102938800588682,348.0676652742459
40.808434,-8.4375,361.0,2019-07-19 02:00:00,16.2,95,15.5,17.5,0.0,0.0,0.0,0.0,0,1014.9,972.7,14,16,0,0,0.0,0.09,4.3,3.1,132,144,9.0,18.8,21.4,19.2,15.5,0.168,0.242,0.305,0.368,0,0.0,0.0,0.0,0.0,0.0,0.0,0.0,0.0,0.0,0.0,0.0,0.0,0.0,7.443349721763451,76.68850915846814,319.76254219034377,962.0216840820311,1.0573741517666866,349.28307309280336
40.808434,-8.4375,361.0,2019-07-19 03:00:00,16.1,95,15.3,17.4,0.0,0.0,0.0,0.0,0,1014.5,972.3,13,14,0,0,0.0,0.09,3.2,3.6,117,84,6.8,18.3,21.2,19.2,15.6,0.168,0.242,0.305,0.368,0,0.0,0.0,0.0,0.0,0.0,0.0,0.0,0.0,0.0,0.0,0.0,0.0,0.0,7.098974957540575,76.7334718418047,319.9645183503438,968.6236840820311,1.0035482677464485,350.48807521740065
40.808434,-8.4375,361.0,2019-07-19 04:00:00,16.5,94,15.4,17.9,0.0,0.0,0.0,0.0,0,1014.1,972.0,5,6,0,0,0.0,0.12,3.1,3.1,111,69,6.5,18.0,21.0,19.2,15.6,0.168,0.242,0.305,0.368,0,0.0,0.0,0.0,0.0,0.0,0.0,0.0,0.0,0.0,0.0,0.0,0.0,0.0,7.087330256511777,76.77844936958668,320.2125262863438,975.2976840820311,1.0017078934566574,351.7259097995034
40.808434,-8.4375,361.0,2019-07-19 05:00:00,18.2,88,16.2,20.2,0.0,0.0,0.0,0.0,0,1013.9,972.0,2,2,0,0,0.0,0.24,0.8,2.3,117,18,5.4,17.8,20.8,19.2,15.6,0.169,0.242,0.305,0.368,0,0.0,0.0,0.0,0.0,0.0,0.0,0.0,0.0,0.0,0.0,0.0,0.0,0.0,6.642896741168953,77.39063062890054,320.7564527823438,982.2776840820311,0.9337274217877705,353.18620386280395
40.808434,-8.4375,361.0,2019-07-19 06:00:00,17.8,91,16.2,19.9,0.0,0.0,0.0,0.0,0,1014.0,972.1,1,1,0,0,0.01,0.19,0.5,1.5,135,14,2.2,17.7,20.6,19.2,15.6,0.169,0.242,0.305,0.368,1,0.0,13.0,5.0,8.0,54.7,13.0,62.6,30.3,11.6,18.6,105.7,15.7,145.9,6.585112089948414,77.46372781472171,321.1559428383438,989.1856840820311,0.9249770630492656,354.5418189288505
40.808434,-8.4375,361.0,2019-07-19 07:00:00,18.6,89,16.8,20.7,0.0,0.0,0.0,0.0,0,1014.3,972.5,1,1,0,0,0.05,0.23,1.6,1.1,243,342,7.6,18.4,20.4,19.2,15.6,0.169,0.242,0.305,0.368,1,3600.0,103.0,68.0,35.0,336.4,103.0,267.7,150.1,99.1,51.0,336.4,150.1,390.0,7.114383953151765,77.81680425700404,321.6648757903438,996.2376840820311,1.0057708148118425,355.98166342306433
40.808434,-8.4375,361.0,2019-07-19 08:00:00,20.2,84,17.4,22.4,0.0,0.0,0.0,0.0,0,1014.5,972.9,1,1,0,0,0.16,0.38,2.9,2.8,277,310,12.2,19.7,20.3,19.2,15.6,0.169,0.242,0.304,0.368,1,3600.0,273.0,187.0,86.0,485.2,273.0,510.4,336.2,230.3,105.9,485.2,336.2,628.6,8.294333742907273,79.01978437015968,322.4652650383438,1003.5776840820312,1.1940813618431254,357.64119981945595
40.808434,-8.4375,361.0,2019-07-19 09:00:00,21.9,80,18.2,24.1,0.0,0.0,0.0,0.0,0,1014.5,973.1,1,1,0,0,0.28,0.54,5.4,6.2,278,291,16.9,21.3,20.3,19.2,15.6,0.168,0.242,0.304,0.368,1,3600.0,463.0,362.0,101.0,648.3,463.0,739.4,529.4,413.9,115.5,648.3,529.4,845.4,10.656499512816545,80.6699312465073,323.5456026383438,1011.2236840820311,1.603965962323808,359.5178165801782
40.808434,-8.4375,361.0,2019-07-19 10:00:00,23.0,77,18.8,25.9,0.0,0.0,0.0,0.0,0,1014.7,973.5,1,1,0,0,0.41,0.64,7.7,9.1,281,288,22.3,23.1,20.4,19.2,15.6,0.167,0.241,0.304,0.368,1,3600.0,671.0,573.0,98.0,808.0,671.0,939.1,732.8,625.8,107.0,808.0,732.8,1025.6,13.359127295207646,82.09245855426998,324.84740944634376,1019.0676840820312,2.1249489987181764,361.5596227548129
40.808434,-8.4375,361.0,2019-07-19 11:00:00,24.0,73,18.9,27.8,0.0,0.0,0.0,0.0,0,1014.6,973.5,1,1,0,0,0.52,0.81,7.3,9.0,290,299,22.7,24.7,20.6,19.2,15.6,0.166,0.241,0.304,0.368,1,3600.0,805.0,703.0,102.0,849.6,805.0,1095.7,850.0,742.3,107.7,849.6,850.0,1156.9,14.86433297960982,83.34416450544168,326.43902855834375,1027.0916840820312,2.438489098430635,363.8072548390171
40.808434,-8.4375,361.0,2019-07-19 12:00:00,24.9,70,19.0,29.2,0.0,0.0,0.0,0.0,0,1015.0,974.0,1,1,0,0,0.59,0.96,8.0,9.6,297,304,24.1,25.8,20.6,19.2,15.6,0.168,0.243,0.306,0.368,1,3600.0,895.0,788.0,107.0,870.5,895.0,1198.8,918.7,808.8,109.8,870.5,918.7,1230.5,44.17302703857422,92.7587890625,307.90789794921875,867.4168090820312,11.7138671875,328.5570068359375
40.808434,-8.4375,361.0,2019-07-19 13:00:00,24.8,70,19.0,28.8,0.0,0.0,0.0,0.0,0,1014.9,973.9,0,0,0,0,0.6,0.94,11.0,13.3,302,308,28.1,27.0,20.9,19.2,15.6,0.166,0.243,0.305,0.368,1,3600.0,935.0,831.0,104.0,886.7,935.0,1241.1,935.0,831.0,104.0,886.7,935.0,1241.1,24.804597572078606,87.09635952256963,309.73272906921875,875.5848090820313,4.922715707720785,328.74057661937223
40.808434,-8.4375,361.0,2019-07-19 14:00:00,24.2,71,18.6,27.6,0.0,0.0,0.0,0.0,0,1014.6,973.5,0,0,0,0,0.57,0.89,12.5,15.5,311,318,31.0,27.6,21.2,19.2,15.6,0.164,0.242,0.305,0.367,1,3600.0,913.0,806.0,107.0,875.0,913.0,1219.8,889.3,785.1,104.2,875.0,889.3,1188.2,23.686576588798815,86.09674450114798,311.45586754121877,883.6448090820312,4.608447790905156,331.13027795677635
40.808434,-8.4375,361.0,2019-07-19 15:00:00,23.8,66,17.0,26.0,0.0,0.0,0.0,0.0,0,1014.5,973.4,0,0,0,0,0.53,1.01,13.6,17.4,320,326,32.4,27.9,21.6,19.2,15.6,0.163,0.241,0.305,0.367,1,3600.0,843.0,735.0,108.0,856.5,843.0,1136.4,797.6,695.4,102.2,856.5,797.6,1075.2,24.743461334367563,86.14481331663242,313.4441584372188,891.6328090820313,4.904154407650639,333.6555487757048
40.808434,-8.4375,361.0,2019-07-19 16:00:00,23.3,62,15.6,23.9,0.0,0.0,0.0,0.0,0,1014.4,973.2,0,0,0,0,0.46,1.08,15.2,19.8,329,333,34.2,27.6,21.8,19.2,15.6,0.161,0.241,0.305,0.367,1,3600.0,729.0,633.0,96.0,841.2,729.0,996.5,665.7,578.0,87.7,841.2,665.7,910.0,26.29362619750525,86.1928980020529,315.62174326921877,899.5308090820313,5.352034030066834,336.27143906322584
40.808434,-8.4375,361.0,2019-07-19 17:00:00,22.4,63,15.1,22.0,0.0,0.0,0.0,0.0,0,1014.2,972.9,0,0,0,0,0.36,0.99,15.8,21.4,336,340,35.3,27.0,22.1,19.2,15.6,0.16,0.24,0.305,0.367,1,3600.0,572.0,485.0,87.0,793.3,572.0,809.6,497.1,421.5,75.6,793.3,497.1,703.6,26.9751028670371,86.24099856264887,317.6638161892188,907.2668090820313,5.553831102328958,338.78144293483996
40.808434,-8.4375,361.0,2019-07-19 18:00:00,21.1,68,15.1,20.6,0.0,0.0,0.0,0.0,0,1014.1,972.6,0,0,0,0,0.24,0.79,15.6,21.6,337,342,35.3,26.0,22.3,19.2,15.6,0.16,0.24,0.305,0.367,1,3600.0,389.0,313.0,76.0,704.3,389.0,588.5,310.8,250.1,60.7,704.3,310.8,470.3,26.28856982279073,86.04624497748698,319.3322332132188,914.7688090820312,5.3494900520118955,341.03703267012617
40.808434,-8.4375,361.0,2019-07-19 19:00:00,19.1,79,15.3,18.5,0.0,0.0,0.0,0.0,0,1014.5,972.7,1,1,0,0,0.12,0.47,16.1,23.5,340,345,34.6,24.7,22.4,19.2,15.6,0.16,0.24,0.305,0.367,1,3600.0,200.0,143.0,57.0,543.8,200.0,348.2,129.7,92.7,37.0,543.8,129.7,225.8,21.642183029286997,83.84095402306235,320.3284923652188,921.9108090820313,4.055297781539919,342.8441483787459
40.808434,-8.4375,361.0,2019-07-19 20:00:00,17.3,88,15.3,16.9,0.0,0.0,0.0,0.0,0,1014.7,972.7,3,3,0,0,0.03,0.24,15.0,26.0,350,356,34.2,23.1,22.4,19.2,15.6,0.16,0.24,0.305,0.367,1,1925.19,44.0,23.0,21.0,189.5,44.0,105.1,0.0,0.0,0.0,0.0,0.0,0.0,16.11213107672064,81.04230972740245,320.84705441321876,928.7288090820313,2.7125645696430523,344.3169711370378
40.808434,-8.4375,361.0,2019-07-19 21:00:00,17.2,89,15.4,16.9,0.0,0.0,0.0,0.0,0,1015.1,973.1,13,14,0,0,0.01,0.21,14.8,26.3,357,2,32.0,21.8,22.3,19.2,15.6,0.16,0.24,0.305,0.367,0,0.0,0.0,0.0,0.0,0.0,0.0,0.0,0.0,0.0,0.0,0.0,0.0,0.0,14.927079914544194,80.2194264560616,321.31981954121875,935.5288090820312,2.453196379718093,345.75459588987576
40.808434,-8.4375,361.0,2019-07-19 22:00:00,16.8,93,15.6,16.8,0.0,0.0,0.0,0.0,1,1015.2,973.1,22,24,0,0,0.0,0.14,13.0,23.9,2,6,31.3,20.9,22.2,19.2,15.6,0.16,0.24,0.304,0.367,0,0.0,0.0,0.0,0.0,0.0,0.0,0.0,0.0,0.0,0.0,0.0,0.0,0.0,12.229652316037571,78.54393540849892,321.61409410921874,942.2568090820312,1.9013412656679232,347.07032085584194
40.808434,-8.4375,361.0,2019-07-19 23:00:00,16.9,93,15.7,17.3,0.0,0.0,0.0,0.0,1,1015.3,973.2,22,25,0,0,0.0,0.14,10.8,19.6,4,7,27.7,20.3,22.1,19.3,15.6,0.16,0.24,0.304,0.367,0,0.0,0.0,0.0,0.0,0.0,0.0,0.0,0.0,0.0,0.0,0.0,0.0,0.0,10.944927499036979,78.24391799997586,321.91001266921876,949.0028090820311,1.6574988482209232,348.3833575673331
40.808434,-8.4375,361.0,2019-07-20 00:00:00,17.0,94,16.1,17.4,0.0,0.0,0.0,0.0,2,1016.1,974.0,69,77,0,0,0.0,0.11,11.6,20.1,7,10,23.0,19.6,21.9,19.3,15.6,0.158,0.238,0.303,0.367,0,0.0,0.0,0.0,0.0,0.0,0.0,0.0,0.0,0.0,0.0,0.0,0.0,0.0,10.943268131550596,77.76086049139279,322.16506628521876,955.7668090820312,1.65712267850819,349.6687098706417
40.808434,-8.4375,361.0,2019-07-20 01:00:00,17.0,95,16.1,17.7,0.0,0.0,0.0,0.0,2,1016.0,973.9,64,71,0,0,0.0,0.1,9.7,17.4,358,6,24.1,19.4,21.7,19.3,15.6,0.158,0.238,0.303,0.367,0,0.0,0.0,0.0,0.0,0.0,0.0,0.0,0.0,0.0,0.0,0.0,0.0,0.0,9.75009023170534,77.20897822467074,322.37761096521876,962.5308090820312,1.441909201459577,350.92202196923705
40.808434,-8.4375,361.0,2019-07-20 02:00:00,16.7,96,16.1,17.4,0.0,0.0,0.0,0.0,2,1015.9,973.7,75,83,0,0,0.0,0.07,9.7,16.6,358,5,21.2,19.2,21.6,19.3,15.6,0.158,0.238,0.303,0.367,0,0.0,0.0,0.0,0.0,0.0,0.0,0.0,0.0,0.0,0.0,0.0,0.0,0.0,9.376742510602954,76.57213621151452,322.54482843721877,969.2408090820312,1.3767842483747061,352.1323534335443
40.808434,-8.4375,361.0,2019-07-20 03:00:00,16.3,98,16.0,17.2,0.0,0.0,0.0,0.0,3,1015.9,973.7,80,89,0,0,0.0,0.03,7.9,15.5,360,5,20.9,18.9,21.4,19.3,15.6,0.159,0.238,0.303,0.367,0,0.0,0.0,0.0,0.0,0.0,0.0,0.0,0.0,0.0,0.0,0.0,0.0,0.0,8.095218569543123,75.32523282719983,322.62655832521875,975.8788090820312,1.1616585612372665,353.2724828252794
40.808434,-8.4375,361.0,2019-07-20 04:00:00,16.4,98,16.1,17.2,0.0,0.0,0.0,0.0,3,1015.8,973.6,81,90,0,0,0.0,0.04,9.4,14.5,360,6,19.8,18.8,21.2,19.3,15.6,0.159,0.238,0.303,0.367,0,0.0,0.0,0.0,0.0,0.0,0.0,0.0,0.0,0.0,0.0,0.0,0.0,0.0,8.534755380516776,75.05676094152324,322.7087579252188,982.5348090820312,1.2339312177194872,354.4083159884554
40.808434,-8.4375,361.0,2019-07-20 05:00:00,16.2,99,16.1,17.1,0.0,0.0,0.0,0.0,3,1016.0,973.8,90,100,0,0,0.0,0.01,8.3,14.5,358,7,19.4,18.6,21.1,19.3,15.6,0.159,0.238,0.303,0.367,0,0.0,0.0,0.0,0.0,0.0,0.0,0.0,0.0,0.0,0.0,0.0,0.0,0.0,7.877666007296509,74.38007124285934,322.7493880132188,989.1548090820312,1.1263611370258226,355.505659898468
40.808434,-8.4375,361.0,2019-07-20 06:00:00,16.7,95,15.9,17.4,0.0,0.0,0.0,0.0,2,1016.4,974.2,75,83,0,0,0.02,0.09,9.4,13.6,7,11,19.8,18.6,20.9,19.3,15.6,0.16,0.238,0.303,0.367,1,0.0,9.0,1.0,8.0,11.1,9.0,61.2,21.0,2.3,18.7,21.6,10.8,142.9,8.358519958805001,74.61062781774002,322.95840985321877,995.8648090820312,1.2046762212848745,356.71258328980014
40.808434,-8.4375,361.0,2019-07-20 07:00:00,18.0,87,15.8,18.5,0.0,0.0,0.0,0.0,1,1016.7,974.7,32,35,0,0,0.06,0.27,10.5,14.3,6,12,23.8,18.9,20.7,19.3,15.6,0.16,0.238,0.303,0.367,1,2250.4,95.0,27.0,68.0,135.0,95.0,264.9,138.9,39.5,99.5,135.0,138.9,387.4,9.807620111958569,76.75269552592032,323.54155730121875,1002.8088090820312,1.4517296498163272,358.1796140612623
40.808434,-8.4375,361.0,2019-07-20 08:00:00,19.8,78,16.0,20.4,0.0,0.0,0.0,0.0,0,1016.9,975.1,4,4,0,0,0.16,0.5,10.4,13.7,358,3,24.5,19.9,20.7,19.3,15.6,0.16,0.238,0.303,0.367,1,3600.0,273.0,197.0,76.0,513.7,273.0,507.9,336.6,242.9,93.7,513.7,336.6,626.3,12.353921261250969,80.02142970992162,324.62142518921877,1010.0768090820312,1.9248436473839379,359.9990188403308
40.808434,-8.4375,361.0,2019-07-20 09:00:00,21.4,71,15.9,21.6,0.0,0.0,0.0,0.0,0,1017.1,975.6,4,4,0,0,0.3,0.74,12.3,15.8,357,359,28.4,21.3,20.6,19.3,15.6,0.159,0.238,0.303,0.367,1,3600.0,495.0,397.0,98.0,713.2,495.0,737.3,566.3,454.2,112.1,713.2,566.3,843.4,16.990598303267713,82.75705995489974,326.15386058921877,1017.6328090820313,2.9097378562725424,362.1404339965728
40.808434,-8.4375,361.0,2019-07-20 10:00:00,22.8,66,16.0,23.4,0.0,0.0,0.0,0.0,0,1017.4,976.0,2,2,0,0,0.41,0.96,14.2,18.5,351,353,32.4,22.8,20.7,19.3,15.6,0.158,0.237,0.303,0.367,1,3600.0,668.0,572.0,96.0,808.3,668.0,937.2,729.8,624.9,104.9,808.3,729.8,1023.9,21.606321560598673,84.53242662162897,328.06230044521874,1025.4408090820314,4.043300436187237,364.5525550419312
40.808434,-8.4375,361.0,2019-07-20 11:00:00,24.0,62,16.3,25.5,0.0,0.0,0.0,0.0,0,1017.3,976.1,0,0,0,0,0.51,1.12,14.2,18.3,336,340,33.5,24.3,20.8,19.3,15.7,0.157,0.237,0.303,0.367,1,3600.0,806.0,704.0,102.0,852.2,806.0,1094.1,851.2,743.4,107.7,852.2,851.2,1155.5,24.186337255534955,85.68912687712601,330.30235697321876,1033.4648090820315,4.74187405301241,367.20316421875225
40.808434,-8.4375,361.0,2019-07-20 12:00:00,24.4,63,17.0,26.5,0.0,0.0,0.0,0.0,0,1017.5,976.4,0,0,0,0,0.57,1.12,15.5,19.6,329,334,35.6,25.5,20.9,19.3,15.7,0.154,0.235,0.302,0.367,1,3600.0,900.0,795.0,105.0,879.4,900.0,1197.4,923.9,816.1,107.8,879.4,923.9,1229.1,56.642578125,93.287109375,313.40008544921875,876.9168090820312,17.419677734375,333.7967529296875
40.808434,-8.4375,361.0,2019-07-20 13:00:00,24.1,68,17.9,26.6,0.0,0.0,0.0,0.0,0,1017.8,976.6,0,0,0,0,0.57,0.96,16.7,21.4,323,327,38.5,26.6,21.1,19.3,15.7,0.153,0.235,0.302,0.367,1,3600.0,940.0,830.0,110.0,886.7,940.0,1239.8,940.0,830.0,110.0,886.7,940.0,1239.8,30.823864938997467,87.30433430356891,315.29396423321873,884.9588090820313,6.758034925830129,333.5204618798515
40.808434,-8.4375,361.0,2019-07-20 14:00:00,23.7,69,17.6,25.8,0.0,0.0,0.0,0.0,0,1017.6,976.3,1,1,0,0,0.55,0.92,17.7,23.0,321,325,40.3,27.3,21.4,19.3,15.7,0.152,0.234,0.302,0.367,1,3600.0,924.0,817.0,107.0,888.0,924.0,1218.6,900.0,795.8,104.2,888.0,900.0,1186.9,29.16325241114726,86.37205180898924,317.09953716121873,892.9288090820313,6.225906081306041,335.9447896154903
40.808434,-8.4375,361.0,2019-07-20 15:00:00,23.0,67,16.7,24.2,0.0,0.0,0.0,0.0,0,1017.9,976.5,0,0,0,0,0.5,0.92,18.3,24.0,324,327,40.7,27.4,21.7,19.3,15.7,0.15,0.234,0.302,0.367,1,3600.0,838.0,724.0,114.0,844.8,838.0,1135.1,792.8,684.9,107.8,844.8,792.8,1073.8,29.906747912659238,86.42021151727644,318.9673469292187,900.7728090820314,6.460821788286699,338.38017425941445
40.808434,-8.4375,361.0,2019-07-20 16:00:00,22.4,68,16.1,22.8,0.0,0.0,0.0,0.0,0,1018.1,976.7,0,0,0,0,0.43,0.88,17.7,23.4,327,329,40.7,27.3,21.9,19.3,15.7,0.149,0.233,0.301,0.367,1,3600.0,727.0,625.0,102.0,831.9,727.0,995.0,663.7,570.6,93.1,831.9,663.7,908.4,28.816042241589486,86.24577104205196,320.7334640492187,908.5088090820313,6.1159596186400575,340.73781444664723
40.808434,-8.4375,361.0,2019-07-20 17:00:00,21.1,71,15.7,20.6,0.0,0.0,0.0,0.0,0,1018.1,976.5,0,0,0,0,0.33,0.72,17.5,23.0,328,331,39.6,26.7,22.1,19.3,15.7,0.149,0.233,0.301,0.367,1,3600.0,571.0,482.0,89.0,790.2,571.0,807.9,496.0,418.7,77.3,790.2,496.0,701.8,26.802497260075686,85.56203916283764,322.2454669772187,916.0108090820313,5.501380418893809,342.9090779710686
40.808434,-8.4375,361.0,2019-07-20 18:00:00,19.9,74,15.1,19.1,0.0,0.0,0.0,0.0,0,1018.4,976.6,0,0,0,0,0.22,0.61,16.8,22.9,337,341,37.8,25.7,22.3,19.3,15.7,0.148,0.233,0.301,0.367,1,3600.0,386.0,307.0,79.0,693.2,386.0,586.6,308.1,245.0,63.1,693.2,308.1,468.2,24.31031904527236,84.79878126226276,323.52778073721873,923.2968090820312,4.779603518621508,344.91006676945665
40.808434,-8.4375,361.0,2019-07-20 19:00:00,18.8,76,14.5,18.1,0.0,0.0,0.0,0.0,0,1018.2,976.2,0,0,0,0,0.12,0.51,14.8,21.1,342,346,35.6,24.4,22.4,19.3,15.7,0.148,0.232,0.301,0.367,1,3600.0,198.0,139.0,59.0,532.2,198.0,345.9,127.8,89.7,38.1,532.2,127.8,223.3,21.350598302215733,84.18878950430197,324.64945299321874,930.3848090820312,3.9785502118486775,346.78238306389716
40.808434,-8.4375,361.0,2019-07-20 20:00:00,17.0,83,14.1,16.6,0.0,0.0,0.0,0.0,0,1018.4,976.2,5,0,0,17,0.03,0.33,12.2,22.1,346,354,31.0,22.8,22.4,19.3,15.7,0.148,0.232,0.301,0.367,1,1885.05,44.0,23.0,21.0,191.0,44.0,102.5,0.0,0.0,0.0,0.0,0.0,0.0,16.46627148163922,82.4668624019042,325.37210490521875,937.1488090820312,2.791614963535967,348.3671039048228
40.808434,-8.4375,361.0,2019-07-20 21:00:00,15.9,89,14.1,15.5,0.0,0.0,0.0,0.0,0,1019.0,976.6,6,0,0,19,0.0,0.19,11.9,22.7,358,4,25.9,21.4,22.3,19.3,15.7,0.148,0.232,0.301,0.367,0,0.0,0.0,0.0,0.0,0.0,0.0,0.0,0.0,0.0,0.0,0.0,0.0,0.0,13.52031428615937,80.38900870593008,325.8112856252188,943.7148090820313,2.1584588056149445,349.75021218691217
40.808434,-8.4375,361.0,2019-07-20 22:00:00,15.6,90,14.0,15.3,0.0,0.0,0.0,0.0,0,1019.3,976.9,9,0,0,29,0.0,0.17,11.4,23.0,13,14,25.2,20.3,22.2,19.3,15.7,0.149,0.232,0.301,0.367,0,0.0,0.0,0.0,0.0,0.0,0.0,0.0,0.0,0.0,0.0,0.0,0.0,0.0,12.428641173728288,79.6051426663261,326.20349514521877,950.2268090820312,1.9399513775108497,351.0914268442129
40.808434,-8.4375,361.0,2019-07-20 23:00:00,15.4,90,13.9,15.3,0.0,0.0,0.0,0.0,0,1019.1,976.6,0,0,0,0,0.0,0.17,9.8,21.7,24,19,24.1,19.4,22.0,19.4,15.7,0.149,0.232,0.301,0.367,0,0.0,0.0,0.0,0.0,0.0,0.0,0.0,0.0,0.0,0.0,0.0,0.0,0.0,11.477050173730182,79.4180180016027,326.59100754521876,956.7028090820312,1.7567309159142486,352.4182277631487
40.808434,-8.4375,361.0,2019-07-21 00:00:00,15.0,92,13.8,15.1,0.0,0.0,0.0,0.0,0,1019.2,976.7,0,0,0,0,0.0,0.13,7.8,18.3,22,16,21.2,19.0,21.8,19.4,15.7,0.15,0.233,0.301,0.367,0,0.0,0.0,0.0,0.0,0.0,0.0,0.0,0.0,0.0,0.0,0.0,0.0,0.0,9.946325959696571,78.64489144817574,326.89350207321877,963.1068090820312,1.4764211993393437,353.67767719357767
40.808434,-8.4375,361.0,2019-07-21 01:00:00,14.5,93,13.5,14.7,0.0,0.0,0.0,0.0,0,1019.2,976.6,0,0,0,0,0.0,0.11,6.6,15.7,29,16,16.9,18.3,21.6,19.4,15.7,0.15,0.233,0.301,0.367,0,0.0,0.0,0.0,0.0,0.0,0.0,0.0,0.0,0.0,0.0,0.0,0.0,0.0,9.033732378203716,78.03685503679647,327.1499648252188,969.4208090820312,1.317846970161417,354.88921037514
40.808434,-8.4375,361.0,2019-07-21 02:00:00,14.1,94,13.1,14.3,0.0,0.0,0.0,0.0,0,1019.0,976.4,0,0,0,0,0.0,0.1,5.6,12.8,50,22,15.1,17.7,21.3,19.4,15.7,0.15,0.233,0.301,0.367,0,0.0,0.0,0.0,0.0,0.0,0.0,0.0,0.0,0.0,0.0,0.0,0.0,0.0,8.298795504145339,77.45136030413094,327.36415349721875,975.6628090820311,1.1948661670730674,356.05797006632923
40.808434,-8.4375,361.0,2019-07-21 03:00:00,13.8,93,12.7,14.1,0.0,0.0,0.0,0.0,0,1018.8,976.1,0,0,0,0,0.0,0.11,4.2,10.0,59,21,12.6,17.2,21.1,19.4,15.7,0.151,0.233,0.301,0.367,0,0.0,0.0,0.0,0.0,0.0,0.0,0.0,0.0,0.0,0.0,0.0,0.0,0.0,7.82249480094124,77.49657484303673,327.60910830521874,981.8508090820311,1.1174356470086955,357.23025941642516
40.808434,-8.4375,361.0,2019-07-21 04:00:00,13.4,93,12.3,13.5,0.0,0.0,0.0,0.0,0,1018.5,975.8,0,0,0,0,0.0,0.11,4.3,8.4,66,10,9.7,16.7,20.9,19.4,15.7,0.151,0.233,0.301,0.367,0,0.0,0.0,0.0,0.0,0.0,0.0,0.0,0.0,0.0,0.0,0.0,0.0,0.0,7.882785564141177,77.54180430953814,327.84748714521874,987.9668090820311,1.127097650789482,358.38131132620595
40.808434,-8.4375,361.0,2019-07-21 05:00:00,13.4,92,12.1,13.4,0.0,0.0,0.0,0.0,0,1018.5,975.8,0,0,0,0,0.0,0.13,4.3,7.8,85,22,9.0,16.4,20.6,19.4,15.7,0.151,0.233,0.301,0.367,0,0.0,0.0,0.0,0.0,0.0,0.0,0.0,0.0,0.0,0.0,0.0,0.0,0.0,7.90816735012932,77.58704870856353,328.11992010521874,994.0828090820311,1.1311541551486888,359.5475069193981
40.808434,-8.4375,361.0,2019-07-21 06:00:00,14.6,92,13.3,15.1,0.0,0.0,0.0,0.0,0,1018.7,976.1,0,0,0,0,0.01,0.14,4.3,9.0,66,2,8.6,16.2,20.4,19.4,15.7,0.151,0.233,0.301,0.367,1,39.85,15.0,6.0,9.0,67.3,15.0,59.7,35.2,14.1,21.1,133.1,17.8,139.9,7.933767611210779,77.6323080450429,328.41489924121873,1000.4148090820311,1.1352505020569736,360.75737204068963
40.808434,-8.4375,361.0,2019-07-21 07:00:00,18.0,78,14.1,18.5,0.0,0.0,0.0,0.0,0,1019.0,976.9,0,0,0,0,0.07,0.45,5.4,12.6,4,13,13.3,17.1,20.1,19.4,15.7,0.152,0.233,0.301,0.367,1,3600.0,136.0,87.0,49.0,439.9,136.0,262.0,199.7,127.7,71.9,439.9,199.7,384.7,9.913187201608078,79.85238059787277,329.4017641532187,1007.358809082031,1.4702090148729055,362.48012993986066
40.808434,-8.4375,361.0,2019-07-21 08:00:00,20.4,72,15.1,21.4,0.0,0.0,0.0,0.0,0,1019.0,977.2,0,0,0,0,0.18,0.68,5.0,7.0,330,348,14.8,18.7,20.0,19.4,15.7,0.151,0.233,0.301,0.367,1,3600.0,316.0,243.0,73.0,636.9,316.0,505.4,390.1,300.0,90.1,636.9,390.1,623.9,11.981306616430166,82.08225699241505,330.8155972732187,1014.734809082031,1.8523445971802106,364.52913113168864
40.808434,-8.4375,361.0,2019-07-21 09:00:00,22.0,69,16.0,23.2,0.0,0.0,0.0,0.0,0,1018.8,977.3,0,0,0,0,0.31,0.83,6.0,7.6,303,315,18.4,20.6,20.0,19.4,15.7,0.151,0.232,0.301,0.367,1,3600.0,504.0,417.0,87.0,751.5,504.0,735.1,576.9,477.3,99.6,751.5,576.9,841.4,14.530142553220212,83.61858547649257,332.4974010892187,1022.398809082031,2.36726080211204,366.785916281172
40.808434,-8.4375,361.0,2019-07-21 10:00:00,23.3,67,16.8,25.7,0.0,0.0,0.0,0.0,0,1018.9,977.5,0,0,0,0,0.43,0.95,6.0,7.2,295,307,19.4,22.5,20.1,19.4,15.7,0.15,0.232,0.301,0.367,1,3600.0,676.0,579.0,97.0,820.0,676.0,935.3,738.7,632.7,106.0,820.0,738.7,1022.1,16.008127731760773,84.56755518238457,334.38846160121875,1030.296809082031,2.6875563246221277,369.20675036618974
40.808434,-8.4375,361.0,2019-07-21 11:00:00,24.5,65,17.6,27.7,0.0,0.0,0.0,0.0,0,1019.1,977.9,0,0,0,0,0.53,1.07,8.0,9.5,297,307,23.0,24.4,20.2,19.4,15.7,0.149,0.231,0.301,0.366,1,3600.0,810.0,707.0,103.0,857.2,810.0,1092.5,855.5,746.7,108.8,857.2,855.5,1153.9,18.580663808682235,85.2908232108723,336.49277136121873,1038.410809082031,3.2825971077682916,371.7916431576476
40.808434,-8.4375,361.0,2019-07-21 12:00:00,26.6,60,18.1,30.3,0.0,0.0,0.0,0.0,0,1018.9,978.0,0,0,0,0,0.61,1.41,9.5,11.7,307,317,26.3,26.0,20.5,19.3,15.7,0.153,0.234,0.303,0.366,1,3600.0,897.0,790.0,107.0,875.1,897.0,1195.9,920.9,811.0,109.8,875.1,920.9,1227.7,48.3251953125,95.01708984375,319.7933654785156,886.6668090820312,13.49169921875,339.5885009765625
40.808434,-8.4375,361.0,2019-07-21 13:00:00,26.6,61,18.4,29.8,0.0,0.0,0.0,0.0,0,1018.9,978.0,0,0,0,0,0.63,1.38,14.0,17.3,312,318,32.0,27.3,20.8,19.3,15.7,0.151,0.233,0.302,0.366,1,3600.0,934.0,825.0,109.0,882.4,934.0,1238.4,934.1,825.0,109.0,882.4,934.1,1238.5,32.9542502713105,88.9486585756713,322.3305148465156,895.1588090820312,7.465454874037369,339.25870420109067
40.808434,-8.4375,361.0,2019-07-21 14:00:00,26.3,63,18.7,29.0,0.0,0.0,0.0,0.0,0,1018.9,977.9,0,0,0,0,0.6,1.26,16.4,21.4,322,327,37.1,28.0,21.1,19.3,15.7,0.15,0.232,0.302,0.366,1,3600.0,914.0,807.0,107.0,878.2,914.0,1217.2,890.2,786.0,104.2,878.2,890.2,1185.5,32.264603093820675,87.88388914580462,324.7114849745156,903.5968090820312,7.231718135222351,342.0921635112963
40.808434,-8.4375,361.0,2019-07-21 15:00:00,26.2,62,18.3,28.3,0.0,0.0,0.0,0.0,0,1018.5,977.5,0,0,0,0,0.56,1.29,17.1,22.4,332,336,37.8,28.4,21.4,19.4,15.7,0.149,0.232,0.302,0.366,1,3600.0,841.0,737.0,104.0,861.2,841.0,1133.7,795.5,697.1,98.4,861.2,795.5,1072.4,33.107421635884954,87.90681272563828,327.1478811185156,912.0168090820312,7.515991193080667,344.95253253543274
40.808434,-8.4375,361.0,2019-07-21 16:00:00,26.0,60,17.7,27.3,0.0,0.0,0.0,0.0,0,1018.3,977.3,0,0,0,0,0.49,1.35,16.3,21.7,335,341,37.8,28.3,21.7,19.4,15.7,0.147,0.231,0.302,0.366,1,3600.0,720.0,622.0,98.0,829.4,720.0,993.5,657.1,567.7,89.4,829.4,657.1,906.7,32.381704581441056,87.9554791357722,329.6937201585156,920.4008090820312,7.2695354688615765,347.8668578140676
40.808434,-8.4375,361.0,2019-07-21 17:00:00,25.4,61,17.3,25.8,0.0,0.0,0.0,0.0,0,1018.1,977.1,0,0,0,0,0.39,1.26,15.4,20.9,339,345,36.0,28.0,22.0,19.4,15.7,0.147,0.231,0.301,0.366,1,3600.0,562.0,474.0,88.0,778.9,562.0,806.1,487.9,411.5,76.4,778.9,487.9,699.9,31.407427519457578,87.9529192788709,332.1209569185156,928.6768090820311,6.944671351222668,350.695483219668
40.808434,-8.4375,361.0,2019-07-21 18:00:00,24.2,65,17.3,24.6,0.0,0.0,0.0,0.0,0,1017.9,976.7,0,0,0,0,0.27,1.04,15.0,20.9,343,349,33.5,27.2,22.3,19.4,15.7,0.146,0.231,0.301,0.366,1,3600.0,381.0,305.0,76.0,691.3,381.0,584.5,303.7,243.1,60.6,691.3,303.7,465.9,28.734711218654166,87.1728570588439,334.2006067985156,936.7368090820311,6.087999403965839,353.29109567161584
40.808434,-8.4375,361.0,2019-07-21 19:00:00,22.9,71,17.5,23.9,0.0,0.0,0.0,0.0,0,1017.7,976.3,0,0,0,0,0.14,0.8,12.0,20.9,353,4,31.7,26.0,22.4,19.4,15.7,0.146,0.23,0.301,0.366,1,3600.0,194.0,137.0,57.0,528.3,194.0,343.5,124.7,88.0,36.6,528.3,124.7,220.7,22.945684858033264,85.94870620922201,335.8352045585156,944.5628090820311,4.401313270642136,355.5948752374936
40.808434,-8.4375,361.0,2019-07-21 20:00:00,21.2,78,17.2,22.5,0.0,0.0,0.0,0.0,0,1017.7,976.1,0,0,0,0,0.04,0.55,8.8,20.7,9,20,25.2,24.5,22.5,19.4,15.8,0.146,0.23,0.301,0.366,1,1843.01,42.0,22.0,20.0,184.2,42.0,99.7,0.0,0.0,0.0,0.0,0.0,0.0,17.360937875685572,84.32650677395775,336.9874080945156,952.0828090820311,2.9954749864638828,357.5711799180175
40.808434,-8.4375,361.0,2019-07-21 21:00:00,20.1,84,17.4,21.7,0.0,0.0,0.0,0.0,0,1018.2,976.4,0,0,0,0,0.0,0.37,6.8,17.9,25,28,19.1,23.2,22.5,19.4,15.8,0.146,0.23,0.301,0.366,0,0.0,0.0,0.0,0.0,0.0,0.0,0.0,0.0,0.0,0.0,0.0,0.0,0.0,13.575785035439596,82.62558847026291,337.7840396465156,959.4048090820311,2.1691964375455726,359.30809518513405
40.808434,-8.4375,361.0,2019-07-21 22:00:00,18.5,91,17.0,20.0,0.0,0.0,0.0,0.0,0,1018.5,976.5,0,0,0,0,0.0,0.2,6.8,10.6,65,35,14.8,22.0,22.5,19.4,15.8,0.146,0.23,0.301,0.366,0,0.0,0.0,0.0,0.0,0.0,0.0,0.0,0.0,0.0,0.0,0.0,0.0,0.0,10.681564455315877,80.03923805681856,338.1983256305156,966.4388090820311,1.608495308345936,360.7723842554265
40.808434,-8.4375,361.0,2019-07-21 23:00:00,19.3,86,16.9,21.3,0.0,0.0,0.0,0.0,0,1018.5,976.6,0,0,0,0,0.0,0.32,3.3,5.1,103,39,11.2,21.1,22.3,19.4,15.8,0.146,0.23,0.301,0.366,0,0.0,0.0,0.0,0.0,0.0,0.0,0.0,0.0,0.0,0.0,0.0,0.0,0.0,9.252177647589559,80.08530698445823,338.86907436651563,973.6168090820311,1.3549380176141166,362.401724952409
40.808434,-8.4375,361.0,2019-07-22 00:00:00,17.5,94,16.5,19.0,0.0,0.0,0.0,0.0,0,1018.5,976.4,1,1,0,0,0.0,0.12,5.6,4.7,130,113,7.6,20.1,22.2,19.4,15.8,0.147,0.23,0.301,0.366,0,0.0,0.0,0.0,0.0,0.0,0.0,0.0,0.0,0.0,0.0,0.0,0.0,0.0,8.78810040980769,78.24905632713119,339.1311736625156,980.4708090820311,1.275994572429154,363.73510341847106
40.808434,-8.4375,361.0,2019-07-22 01:00:00,17.4,91,15.9,18.6,0.0,0.0,0.0,0.0,0,1018.0,975.9,0,0,0,0,0.0,0.17,5.7,6.6,125,135,9.7,19.6,22.0,19.4,15.8,0.147,0.23,0.301,0.366,0,0.0,0.0,0.0,0.0,0.0,0.0,0.0,0.0,0.0,0.0,0.0,0.0,0.0,8.856682029431816,78.29453422565447,339.5222089025156,987.3068090820311,1.2875074858305822,365.1329855616111
40.808434,-8.4375,361.0,2019-07-22 02:00:00,17.8,88,15.8,18.9,0.0,0.0,0.0,0.0,0,1017.8,975.7,0,0,0,0,0.0,0.25,6.4,7.9,137,150,10.8,19.1,21.8,19.4,15.8,0.147,0.23,0.301,0.366,0,0.0,0.0,0.0,0.0,0.0,0.0,0.0,0.0,0.0,0.0,0.0,0.0,0.0,9.304357392079874,78.54703095020346,340.0548623105156,994.2148090820311,1.3637833496680902,366.6193724964388
40.808434,-8.4375,361.0,2019-07-22 03:00:00,18.6,85,15.9,20.0,0.0,0.0,0.0,0.0,0,1017.6,975.6,0,0,0,0,0.0,0.33,4.4,5.6,125,153,9.7,18.7,21.7,19.4,15.8,0.147,0.23,0.301,0.366,0,0.0,0.0,0.0,0.0,0.0,0.0,0.0,0.0,0.0,0.0,0.0,0.0,0.0,8.9979851046003,79.20949558954835,340.7488617905156,1001.2668090820312,1.3113404203062884,368.21904050649607
40.808434,-8.4375,361.0,2019-07-22 04:00:00,17.0,89,15.2,18.1,0.0,0.0,0.0,0.0,0,1017.5,975.3,0,0,0,0,0.0,0.21,4.6,3.7,108,119,7.6,18.3,21.4,19.4,15.8,0.148,0.23,0.301,0.366,0,0.0,0.0,0.0,0.0,0.0,0.0,0.0,0.0,0.0,0.0,0.0,0.0,0.0,9.110689504946222,79.25529057742584,341.2164600865156,1008.0308090820312,1.3304915528904886,369.63289099557323
40.808434,-8.4375,361.0,2019-07-22 05:00:00,18.5,82,15.3,19.9,0.0,0.0,0.0,0.0,0,1017.4,975.4,0,0,0,0,0.0,0.39,2.7,1.8,113,101,8.3,17.9,21.2,19.4,15.8,0.148,0.23,0.301,0.366,0,0.0,0.0,0.0,0.0,0.0,0.0,0.0,0.0,0.0,0.0,0.0,0.0,0.0,8.952497215978868,80.00457158286792,342.0450320545156,1015.0648090820312,1.3035421360724335,371.2994041757641
40.808434,-8.4375,361.0,2019-07-22 06:00:00,19.0,80,15.6,20.7,0.0,0.0,0.0,0.0,0,1017.4,975.5,0,0,0,0,0.01,0.43,1.4,1.4,90,90,5.8,17.7,21.0,19.4,15.8,0.148,0.23,0.301,0.366,1,0.0,14.0,5.0,9.0,56.9,14.0,58.2,32.9,11.8,21.2,113.9,16.4,136.8,9.008339988864627,80.68239719040795,342.9891531745156,1022.1888090820312,1.3129736788638848,373.0455065401155
40.808434,-8.4375,361.0,2019-07-22 07:00:00,20.7,77,16.6,22.5,0.0,0.0,0.0,0.0,0,1017.7,976.0,0,0,0,0,0.07,0.55,3.6,3.9,307,338,8.3,18.7,20.9,19.4,15.8,0.148,0.23,0.301,0.366,1,3600.0,135.0,88.0,47.0,450.0,135.0,259.1,199.0,129.7,69.3,450.0,199.0,381.9,10.901327966672303,81.69896945848038,344.1667211585156,1029.6188090820312,1.648360260483376,374.9776219232033
40.808434,-8.4375,361.0,2019-07-22 08:00:00,22.1,75,17.4,24.2,0.0,0.0,0.0,0.0,0,1018.0,976.5,0,0,0,0,0.19,0.67,3.6,2.9,264,277,13.0,20.2,20.8,19.4,15.8,0.148,0.23,0.301,0.366,1,3600.0,317.0,246.0,71.0,648.2,317.0,502.8,391.8,304.1,87.8,648.2,391.8,621.5,11.901903992055438,82.58425800772049,345.5288859585156,1037.3008090820313,1.8366180109948465,377.0586000436219
40.808434,-8.4375,361.0,2019-07-22 09:00:00,24.1,70,18.4,26.5,0.0,0.0,0.0,0.0,0,1017.9,976.7,0,0,0,0,0.33,0.88,4.3,4.3,270,275,15.8,22.1,20.8,19.4,15.8,0.147,0.23,0.301,0.366,1,3600.0,505.0,421.0,84.0,761.1,505.0,732.8,578.4,482.2,96.2,761.1,578.4,839.3,13.963346980270726,83.87598301557608,347.3043973185156,1045.3428090820312,2.2480621277803174,379.44338723434805
40.808434,-8.4375,361.0,2019-07-22 10:00:00,25.9,67,19.2,29.3,0.0,0.0,0.0,0.0,0,1018.0,977.0,0,0,0,0,0.46,1.12,5.8,6.1,263,270,18.4,24.0,20.9,19.4,15.8,0.147,0.229,0.301,0.366,1,3600.0,675.0,581.0,94.0,824.7,675.0,933.4,737.9,635.1,102.8,824.7,737.9,1020.3,16.576910642227467,84.97893455325263,349.3969642785156,1053.7088090820312,2.8144314872271097,382.06976557345706
40.808434,-8.4375,361.0,2019-07-22 11:00:00,27.2,63,19.5,31.5,0.0,0.0,0.0,0.0,0,1017.8,977.0,0,0,0,0,0.56,1.34,6.8,8.0,267,275,20.9,25.9,21.0,19.4,15.8,0.145,0.229,0.3,0.366,1,3600.0,810.0,710.0,100.0,862.3,810.0,1090.8,855.7,750.0,105.6,862.3,855.7,1152.3,19.156382885697678,86.02140542429431,351.85614145451564,1062.308809082031,3.4215020719557527,384.9533095640176
40.808434,-8.4375,361.0,2019-07-22 12:00:00,27.3,61,19.1,32.0,0.0,0.0,0.0,0.0,0,1017.5,976.7,0,0,0,0,0.63,1.42,6.5,7.1,251,255,20.9,27.3,21.3,19.4,15.8,0.151,0.231,0.302,0.366,1,3600.0,900.0,797.0,103.0,884.1,900.0,1194.4,924.0,818.3,105.8,884.1,924.0,1226.3,50.677734375,95.96743774414062,326.8402404785156,896.7605590820312,14.557861328125,345.9739990234375
40.808434,-8.4375,361.0,2019-07-22 13:00:00,28.0,58,19.0,32.9,0.0,0.0,0.0,0.0,0,1017.2,976.5,0,0,0,0,0.67,1.59,6.3,6.8,246,245,20.5,28.6,21.6,19.5,15.8,0.149,0.23,0.302,0.366,1,3600.0,941.0,836.0,105.0,895.4,941.0,1237.0,941.1,836.1,105.0,895.4,941.1,1237.1,27.97745186965724,89.960465483331,329.7106505105156,905.5045590820313,5.855840024181585,345.1933686668343
40.808434,-8.4375,361.0,2019-07-22 14:00:00,28.0,58,18.9,32.4,0.0,0.0,0.0,0.0,0,1016.8,976.2,0,0,0,0,0.65,1.59,7.7,8.4,259,260,22.3,29.5,22.0,19.5,15.8,0.148,0.23,0.301,0.366,1,3600.0,914.0,807.0,107.0,879.4,914.0,1215.8,890.2,785.9,104.2,879.4,890.2,1184.1,26.871079373080576,89.05794632635875,332.5810605425156,914.2485590820313,5.520778877890962,348.35486572484325
40.808434,-8.4375,361.0,2019-07-22 15:00:00,27.0,62,19.2,31.1,0.0,0.0,0.0,0.0,0,1016.7,975.9,0,0,0,0,0.58,1.34,7.9,9.0,270,272,23.4,29.9,22.3,19.5,15.8,0.146,0.229,0.301,0.366,1,3600.0,844.0,740.0,104.0,865.9,844.0,1132.2,798.2,699.9,98.4,865.9,798.2,1070.8,24.826389054053315,88.1912174262921,335.08885291051564,922.8125590820313,4.924417264648373,351.28441761705574
40.808434,-8.4375,361.0,2019-07-22 16:00:00,26.2,64,18.8,29.5,0.0,0.0,0.0,0.0,0,1016.4,975.5,0,0,0,0,0.49,1.22,7.2,8.3,276,275,22.7,29.9,22.7,19.5,15.8,0.145,0.228,0.301,0.366,1,3600.0,728.0,635.0,93.0,848.3,728.0,991.8,664.2,579.4,84.9,848.3,664.2,905.0,22.955148605063425,87.65781227722196,337.3970176785156,931.2325590820312,4.404071409884121,354.07747106187855
40.808434,-8.4375,361.0,2019-07-22 17:00:00,25.6,63,18.1,27.9,0.0,0.0,0.0,0.0,0,1016.3,975.4,0,0,0,0,0.38,1.21,5.6,6.5,285,289,20.9,29.4,23.0,19.5,15.8,0.144,0.228,0.301,0.366,1,3600.0,565.0,479.0,86.0,789.1,565.0,804.2,490.2,415.6,74.6,789.1,490.2,697.8,21.645074145385358,87.64282239106072,339.7171601025156,939.5445590820312,4.0542322823553185,356.85680410469524
40.808434,-8.4375,361.0,2019-07-22 18:00:00,24.3,68,18.0,26.3,0.0,0.0,0.0,0.0,0,1016.3,975.2,0,0,0,0,0.25,0.98,6.6,7.7,292,298,17.3,28.5,23.2,19.5,15.8,0.144,0.228,0.301,0.365,1,3600.0,379.0,305.0,74.0,694.0,379.0,582.2,301.7,242.8,58.9,694.0,301.7,463.5,20.419435907587495,86.71912678851095,341.6260696705156,947.6225590820312,3.737881064733539,359.3659038848488
40.808434,-8.4375,361.0,2019-07-22 19:00:00,21.7,79,17.8,23.8,0.0,0.0,0.0,0.0,0,1016.6,975.1,0,0,0,0,0.11,0.56,5.3,6.4,298,313,17.6,27.1,23.4,19.5,15.8,0.143,0.228,0.301,0.365,1,3600.0,192.0,136.0,56.0,528.5,192.0,341.0,122.8,87.0,35.8,528.5,122.8,218.0,15.28246480030435,84.37815381453329,342.75056019851564,955.2325590820312,2.5287033258772684,361.3540929916441
40.808434,-8.4375,361.0,2019-07-22 20:00:00,19.6,89,17.7,22.1,0.0,0.0,0.0,0.0,0,1016.7,974.9,1,0,1,0,0.01,0.26,2.1,4.7,301,360,13.3,25.4,23.4,19.5,15.8,0.144,0.228,0.301,0.365,0,1759.54,40.0,21.0,19.0,177.4,40.0,98.2,0.0,0.0,0.0,0.0,0.0,0.0,9.89725349755924,81.35243796186967,343.28532731051564,962.4645590820312,1.4673745574374844,362.9416991309128
40.808434,-8.4375,361.0,2019-07-22 21:00:00,18.9,91,17.4,21.2,0.0,0.0,0.0,0.0,0,1016.9,975.0,18,0,30,0,0.0,0.2,2.6,5.2,326,16,5.0,23.8,23.4,19.5,15.8,0.144,0.228,0.301,0.365,0,0.0,0.0,0.0,0.0,0.0,0.0,0.0,0.0,0.0,0.0,0.0,0.0,0.0,8.830332096829153,79.90053505230813,343.7080681105156,969.5705590820312,1.283084284167537,364.43766634161045
40.808434,-8.4375,361.0,2019-07-22 22:00:00,18.9,92,17.6,21.2,0.0,0.0,0.0,0.0,1,1017.1,975.2,26,0,42,1,0.0,0.18,3.1,3.8,144,73,5.4,22.8,23.3,19.5,15.8,0.144,0.228,0.301,0.365,0,0.0,0.0,0.0,0.0,0.0,0.0,0.0,0.0,0.0,0.0,0.0,0.0,0.0,8.485370318553056,79.18561736467834,344.08383771051564,976.6765590820312,1.2253741412411112,365.90032325785813
40.808434,-8.4375,361.0,2019-07-22 23:00:00,18.4,94,17.4,20.6,0.0,0.0,0.0,0.0,0,1016.5,974.6,15,0,14,22,0.0,0.13,2.9,3.6,187,186,21.6,22.0,23.2,19.6,15.8,0.144,0.228,0.301,0.365,0,0.0,0.0,0.0,0.0,0.0,0.0,0.0,0.0,0.0,0.0,0.0,0.0,0.0,7.755159105707085,78.17253927925464,344.3586192305156,983.6925590820312,1.1063724930838872,367.28289251872553
