latitude,longitude,elevation,hourly.time,hourly.temperature_2m,hourly.relative_humidity_2m,hourly.dew_point_2m,hourly.apparent_temperature,hourly.precipitation,hourly.rain,hourly.snowfall,hourly.snow_depth,hourly.weather_code,hourly.pressure_msl,hourly.surface_pressure,hourly.cloud_cover,hourly.cloud_cover_low,hourly.cloud_cover_mid,hourly.cloud_cover_high,hourly.et0_fao_evapotranspiration,hourly.vapour_pressure_deficit,hourly.wind_speed_10m,hourly.wind_speed_100m,hourly.wind_direction_10m,hourly.wind_direction_100m,hourly.wind_gusts_10m,hourly.soil_temperature_0_to_7cm,hourly.soil_temperature_7_to_28cm,hourly.soil_temperature_28_to_100cm,hourly.soil_temperature_100_to_255cm,hourly.soil_moisture_0_to_7cm,hourly.soil_moisture_7_to_28cm,hourly.soil_moisture_28_to_100cm,hourly.soil_moisture_100_to_255cm,hourly.is_day,hourly.sunshine_duration,hourly.shortwave_radiation,hourly.direct_radiation,hourly.diffuse_radiation,hourly.direct_normal_irradiance,hourly.global_tilted_irradiance,hourly.terrestrial_radiation,hourly.shortwave_radiation_instant,hourly.direct_radiation_instant,hourly.diffuse_radiation_instant,hourly.direct_normal_irradiance_instant,hourly.global_tilted_irradiance_instant,hourly.terrestrial_radiation_instant,fwix,ffmc,dmc,dc,isi,bui
39.964848,-6.913391,295.0,2015-03-11 00:00:00,10.4,73,5.8,8.9,0.0,0.0,0.0,0.0,0,1024.9,989.2,3,0,0,9,0.0,0.34,3.4,7.6,342,295,11.2,9.5,12.8,11.1,10.2,0.265,0.29,0.333,0.358,0,0.0,0.0,0.0,0.0,0.0,0.0,0.0,0.0,0.0,0.0,0.0,0.0,0.0,,,,,,
39.964848,-6.913391,295.0,2015-03-11 01:00:00,10.1,75,5.8,8.5,0.0,0.0,0.0,0.0,0,1024.7,989.0,1,0,0,3,0.0,0.31,3.7,6.5,349,304,11.2,8.8,12.5,11.1,10.2,0.266,0.29,0.333,0.358,0,0.0,0.0,0.0,0.0,0.0,0.0,0.0,0.0,0.0,0.0,0.0,0.0,0.0,,,,,,
39.964848,-6.913391,295.0,2015-03-11 02:00:00,9.2,79,5.7,7.5,0.0,0.0,0.0,0.0,0,1024.7,988.9,0,0,0,0,0.0,0.24,4.4,5.4,351,318,11.5,8.1,12.2,11.1,10.2,0.266,0.29,0.333,0.358,0,0.0,0.0,0.0,0.0,0.0,0.0,0.0,0.0,0.0,0.0,0.0,0.0,0.0,,,,,,
39.964848,-6.913391,295.0,2015-03-11 03:00:00,8.4,82,5.5,6.7,0.0,0.0,0.0,0.0,0,1024.6,988.7,0,0,0,0,0.0,0.2,4.7,4.8,356,333,11.5,7.6,11.9,11.1,10.2,0.266,0.29,0.333,0.358,0,0.0,0.0,0.0,0.0,0.0,0.0,0.0,0.0,0.0,0.0,0.0,0.0,0.0,,,,,,
39.964848,-6.913391,295.0,2015-03-11 04:00:00,7.8,84,5.3,6.0,0.0,0.0,0.0,0.0,0,1024.5,988.5,0,0,0,0,0.0,0.17,4.7,4.8,356,347,11.9,7.0,11.6,11.1,10.2,0.266,0.29,0.333,0.358,0,0.0,0.0,0.0,0.0,0.0,0.0,0.0,0.0,0.0,0.0,0.0,0.0,0.0,,,,,,
39.964848,-6.913391,295.0,2015-03-11 05:00:00,7.4,85,5.1,5.5,0.0,0.0,0.0,0.0,0,1024.8,988.8,0,0,0,0,0.0,0.15,5.1,4.7,356,356,11.5,6.6,11.3,11.1,10.2,0.266,0.29,0.333,0.358,0,0.0,0.0,0.0,0.0,0.0,0.0,0.0,0.0,0.0,0.0,0.0,0.0,0.0,,,,,,
39.964848,-6.913391,295.0,2015-03-11 06:00:00,6.8,87,4.8,4.7,0.0,0.0,0.0,0.0,0,1025.3,989.2,2,2,0,0,0.0,0.13,5.8,5.4,356,360,11.5,6.1,11.0,11.1,10.2,0.266,0.29,0.333,0.358,0,0.0,0.0,0.0,0.0,0.0,0.0,0.0,0.0,0.0,0.0,0.0,0.0,0.0,,,,,,
39.964848,-6.913391,295.0,2015-03-11 07:00:00,5.0,95,4.2,2.8,0.0,0.0,0.0,0.0,0,1025.9,989.5,9,10,0,0,0.01,0.05,5.8,5.8,356,7,14.4,5.9,10.7,11.1,10.2,0.267,0.29,0.333,0.358,1,0.0,1.0,0.0,1.0,0.0,1.0,11.7,3.7,0.0,3.7,0.0,0.6,43.5,,,,,,
39.964848,-6.913391,295.0,2015-03-11 08:00:00,6.0,92,4.9,3.9,0.0,0.0,0.0,0.0,1,1026.3,990.0,21,23,0,0,0.02,0.07,6.5,5.9,360,11,15.8,7.2,10.5,11.1,10.2,0.267,0.29,0.333,0.358,1,2855.58,85.0,46.0,39.0,306.6,85.0,180.1,148.0,80.1,67.9,354.4,128.1,313.6,,,,,,
39.964848,-6.913391,295.0,2015-03-11 09:00:00,10.1,78,6.5,8.6,0.0,0.0,0.0,0.0,0,1026.6,990.8,1,1,0,0,0.11,0.27,4.3,6.0,5,17,16.2,10.8,10.5,11.1,10.2,0.267,0.29,0.333,0.358,1,3600.0,276.0,191.0,85.0,603.6,276.0,438.9,351.0,242.9,108.1,603.6,351.0,558.3,,,,,,
39.964848,-6.913391,295.0,2015-03-11 10:00:00,13.7,66,7.5,12.7,0.0,0.0,0.0,0.0,0,1027.0,991.7,0,0,0,0,0.23,0.53,2.5,4.0,8,10,14.0,13.2,10.7,11.0,10.2,0.267,0.289,0.333,0.358,1,3600.0,465.0,359.0,106.0,750.1,465.0,663.8,533.0,411.5,121.5,750.1,533.0,760.9,,,,,,
39.964848,-6.913391,295.0,2015-03-11 11:00:00,16.3,59,8.2,16.3,0.0,0.0,0.0,0.0,0,1026.7,991.7,0,0,0,0,0.35,0.77,1.1,1.5,72,45,12.6,15.3,11.0,11.0,10.2,0.266,0.289,0.333,0.358,1,3600.0,637.0,539.0,98.0,890.5,637.0,839.5,688.7,582.7,105.9,890.5,688.7,907.6,,,,,,
39.964848,-6.913391,295.0,2015-03-11 12:00:00,18.4,48,7.2,18.8,0.0,0.0,0.0,0.0,0,1026.1,991.4,1,0,0,3,0.44,1.11,1.8,2.1,143,121,14.4,17.1,11.3,11.0,10.2,0.265,0.289,0.333,0.358,1,3600.0,752.0,660.0,92.0,959.6,752.0,954.0,779.2,683.9,95.3,959.6,779.2,988.5,,,,,,
39.964848,-6.913391,295.0,2015-03-11 13:00:00,19.8,40,5.8,20.1,0.0,0.0,0.0,0.0,0,1025.1,990.6,1,0,0,3,0.48,1.39,2.4,2.9,153,150,15.1,18.5,11.8,11.0,10.3,0.264,0.288,0.333,0.358,1,3600.0,792.0,699.0,93.0,970.0,792.0,999.5,790.9,698.0,92.9,970.0,790.9,998.1,,,,,,
39.964848,-6.913391,295.0,2015-03-11 14:00:00,20.7,36,5.0,20.5,0.0,0.0,0.0,0.0,0,1024.3,989.9,0,0,0,0,0.47,1.58,2.9,3.2,180,180,15.5,19.4,12.2,11.1,10.3,0.263,0.288,0.332,0.358,1,3600.0,767.0,675.0,92.0,962.2,767.0,972.9,737.7,649.2,88.5,962.2,737.7,935.7,,,,,,
39.964848,-6.913391,295.0,2015-03-11 15:00:00,21.2,33,4.4,20.1,0.0,0.0,0.0,0.0,0,1023.8,989.5,0,0,0,0,0.42,1.69,4.2,4.7,200,203,15.5,19.7,12.7,11.1,10.3,0.263,0.288,0.332,0.358,1,3600.0,679.0,591.0,88.0,935.6,679.0,876.1,624.4,543.4,80.9,935.6,624.4,805.6,,,,,,
39.964848,-6.913391,295.0,2015-03-11 16:00:00,21.2,33,4.2,19.0,0.0,0.0,0.0,0.0,0,1023.4,989.1,1,0,0,2,0.33,1.69,5.4,6.6,217,221,15.8,19.5,13.1,11.1,10.3,0.262,0.287,0.332,0.358,1,3600.0,535.0,455.0,80.0,881.8,535.0,715.7,461.0,392.1,68.9,881.8,461.0,616.7,,,,,,
39.964848,-6.913391,295.0,2015-03-11 17:00:00,20.7,35,4.7,18.5,0.0,0.0,0.0,0.0,0,1023.2,988.8,2,0,0,8,0.22,1.59,6.1,7.9,225,227,15.5,18.7,13.4,11.1,10.3,0.262,0.287,0.332,0.358,1,3600.0,350.0,283.0,67.0,781.0,350.0,502.5,265.9,215.0,50.9,781.0,265.9,381.8,,,,,,
39.964848,-6.913391,295.0,2015-03-11 18:00:00,19.1,45,6.9,17.6,0.0,0.0,0.0,0.0,0,1023.2,988.6,16,0,0,54,0.09,1.22,5.1,11.5,225,229,13.0,17.2,13.6,11.1,10.3,0.261,0.287,0.332,0.357,1,3600.0,149.0,105.0,44.0,579.4,149.0,251.3,69.4,48.9,20.5,561.2,69.4,117.1,,,,,,
39.964848,-6.913391,295.0,2015-03-11 19:00:00,16.8,57,8.1,15.0,0.0,0.0,0.0,0.0,1,1023.4,988.6,26,0,0,88,0.06,0.83,9.0,11.7,233,236,13.3,15.4,13.6,11.1,10.3,0.261,0.287,0.332,0.357,0,6.5,10.0,5.0,5.0,63.6,10.0,48.7,0.0,0.0,0.0,0.0,0.0,0.0,,,,,,
39.964848,-6.913391,295.0,2015-03-11 20:00:00,14.9,62,7.7,13.3,0.0,0.0,0.0,0.0,1,1023.7,988.6,29,0,0,95,0.02,0.64,6.9,10.3,261,245,12.6,13.5,13.6,11.1,10.3,0.262,0.287,0.332,0.357,0,0.0,0.0,0.0,0.0,0.0,0.0,0.0,0.0,0.0,0.0,0.0,0.0,0.0,,,,,,
39.964848,-6.913391,295.0,2015-03-11 21:00:00,14.1,59,6.2,12.5,0.0,0.0,0.0,0.0,1,1023.8,988.6,29,0,0,95,0.01,0.66,4.9,8.5,306,258,10.4,11.9,13.4,11.1,10.3,0.262,0.287,0.332,0.357,0,0.0,0.0,0.0,0.0,0.0,0.0,0.0,0.0,0.0,0.0,0.0,0.0,0.0,,,,,,
39.964848,-6.913391,295.0,2015-03-11 22:00:00,14.1,55,5.1,12.4,0.0,0.0,0.0,0.0,1,1024.2,989.0,27,0,0,91,0.01,0.73,3.6,7.2,323,273,9.4,10.8,13.2,11.1,10.3,0.262,0.287,0.332,0.357,0,0.0,0.0,0.0,0.0,0.0,0.0,0.0,0.0,0.0,0.0,0.0,0.0,0.0,,,,,,
39.964848,-6.913391,295.0,2015-03-11 23:00:00,13.0,58,5.0,11.2,0.0,0.0,0.0,0.0,1,1024.0,988.7,26,0,0,88,0.01,0.63,3.8,6.7,343,286,9.7,9.9,13.0,11.2,10.3,0.262,0.287,0.332,0.357,0,0.0,0.0,0.0,0.0,0.0,0.0,0.0,0.0,0.0,0.0,0.0,0.0,0.0,,,,,,
39.964848,-6.913391,295.0,2015-03-12 00:00:00,11.7,64,5.1,10.1,0.0,0.0,0.0,0.0,1,1023.8,988.3,26,0,0,88,0.0,0.5,3.3,5.7,354,288,10.1,9.2,12.7,11.2,10.3,0.262,0.287,0.332,0.357,0,0.0,0.0,0.0,0.0,0.0,0.0,0.0,0.0,0.0,0.0,0.0,0.0,0.0,,,,,,
39.964848,-6.913391,295.0,2015-03-12 01:00:00,10.8,68,5.1,9.2,0.0,0.0,0.0,0.0,1,1023.4,987.8,26,0,0,85,0.0,0.41,2.9,4.8,360,283,10.1,8.6,12.4,11.2,10.3,0.262,0.287,0.332,0.357,0,0.0,0.0,0.0,0.0,0.0,0.0,0.0,0.0,0.0,0.0,0.0,0.0,0.0,,,,,,
39.964848,-6.913391,295.0,2015-03-12 02:00:00,10.1,72,5.2,8.5,0.0,0.0,0.0,0.0,1,1022.8,987.2,27,0,0,91,0.0,0.35,2.9,4.7,360,279,9.7,8.0,12.1,11.2,10.3,0.263,0.287,0.332,0.357,0,0.0,0.0,0.0,0.0,0.0,0.0,0.0,0.0,0.0,0.0,0.0,0.0,0.0,,,,,,
39.964848,-6.913391,295.0,2015-03-12 03:00:00,9.4,74,5.1,7.9,0.0,0.0,0.0,0.0,1,1022.6,986.9,29,0,0,96,0.0,0.3,2.5,4.1,360,285,9.4,7.5,11.8,11.2,10.3,0.263,0.287,0.332,0.357,0,0.0,0.0,0.0,0.0,0.0,0.0,0.0,0.0,0.0,0.0,0.0,0.0,0.0,,,,,,
39.964848,-6.913391,295.0,2015-03-12 04:00:00,8.8,77,5.0,7.2,0.0,0.0,0.0,0.0,1,1022.3,986.5,29,0,0,95,0.0,0.26,2.9,3.6,353,307,9.7,7.0,11.5,11.2,10.3,0.263,0.287,0.332,0.357,0,0.0,0.0,0.0,0.0,0.0,0.0,0.0,0.0,0.0,0.0,0.0,0.0,0.0,,,,,,
39.964848,-6.913391,295.0,2015-03-12 05:00:00,8.3,79,4.9,6.6,0.0,0.0,0.0,0.0,1,1022.4,986.6,28,1,0,91,0.0,0.23,3.6,3.2,360,333,10.1,6.7,11.2,11.2,10.3,0.263,0.287,0.332,0.357,0,0.0,0.0,0.0,0.0,0.0,0.0,0.0,0.0,0.0,0.0,0.0,0.0,0.0,,,,,,
39.964848,-6.913391,295.0,2015-03-12 06:00:00,7.8,81,4.8,6.1,0.0,0.0,0.0,0.0,1,1022.4,986.5,26,3,0,77,0.0,0.2,3.6,4.1,354,345,10.8,6.5,10.9,11.2,10.3,0.263,0.287,0.332,0.357,0,0.0,0.0,0.0,0.0,0.0,0.0,0.0,0.0,0.0,0.0,0.0,0.0,0.0,,,,,,
39.964848,-6.913391,295.0,2015-03-12 07:00:00,6.3,89,4.6,4.4,0.0,0.0,0.0,0.0,1,1022.9,986.8,23,5,0,61,0.02,0.1,4.0,4.5,350,346,11.5,6.2,10.6,11.2,10.3,0.263,0.287,0.332,0.357,1,0.0,1.0,0.0,1.0,0.0,1.0,15.4,3.3,0.0,3.3,0.0,0.7,50.9,,,,,,
39.964848,-6.913391,295.0,2015-03-12 08:00:00,6.8,91,5.4,4.9,0.0,0.0,0.0,0.0,1,1023.1,987.0,28,16,0,46,0.02,0.09,5.1,4.8,352,347,14.0,7.5,10.4,11.2,10.3,0.263,0.287,0.332,0.357,1,2953.5,89.0,47.0,42.0,307.6,89.0,187.4,152.4,80.5,71.9,347.6,134.8,320.9,,,,,,
39.964848,-6.913391,295.0,2015-03-12 09:00:00,10.0,81,7.0,8.9,0.0,0.0,0.0,0.0,0,1023.6,987.9,16,7,0,33,0.11,0.23,2.6,4.4,344,351,14.4,11.0,10.5,11.2,10.3,0.264,0.287,0.332,0.357,1,3600.0,269.0,176.0,93.0,546.9,269.0,446.2,340.9,223.0,117.9,546.9,340.9,565.4,,,,,,
39.964848,-6.913391,295.0,2015-03-12 10:00:00,12.9,71,7.8,12.0,0.0,0.0,0.0,0.0,0,1023.7,988.4,20,12,0,29,0.22,0.43,2.2,2.6,279,286,13.0,13.1,10.7,11.1,10.3,0.263,0.287,0.332,0.357,1,3600.0,457.0,332.0,125.0,686.1,457.0,670.9,523.0,380.0,143.1,686.1,523.0,767.8,,,,,,
39.964848,-6.913391,295.0,2015-03-12 11:00:00,15.4,63,8.5,15.3,0.0,0.0,0.0,0.0,0,1023.0,988.0,7,0,0,23,0.35,0.64,3.1,3.7,234,241,14.4,15.0,10.9,11.1,10.3,0.263,0.286,0.331,0.357,1,3600.0,651.0,557.0,94.0,912.4,651.0,846.3,703.3,601.7,101.5,912.4,703.3,914.2,,,,,,
39.964848,-6.913391,295.0,2015-03-12 12:00:00,17.4,55,8.3,17.5,0.0,0.0,0.0,0.0,0,1022.3,987.6,12,0,0,40,0.43,0.89,5.1,6.2,231,234,17.3,16.7,11.3,11.1,10.3,0.262,0.286,0.331,0.357,1,3600.0,753.0,651.0,102.0,939.6,753.0,960.5,779.9,674.3,105.6,939.6,779.9,994.8,17.0009765625,89.50581359863281,39.0498046875,217.9765625,6.576822280883789,53.947265625
39.964848,-6.913391,295.0,2015-03-12 13:00:00,18.8,47,7.3,18.6,0.0,0.0,0.0,0.0,1,1021.5,987.0,21,0,0,69,0.46,1.14,6.8,8.5,238,242,20.2,18.0,11.7,11.1,10.3,0.261,0.286,0.331,0.357,1,3600.0,787.0,671.0,116.0,925.0,787.0,1005.6,785.8,670.0,115.8,925.0,785.8,1004.1,15.1702653557431,89.3369571966782,40.8476463075,221.0645625,5.491587501543308,55.88133106532177
39.964848,-6.913391,295.0,2015-03-12 14:00:00,19.6,42,6.3,18.6,0.0,0.0,0.0,0.0,1,1020.7,986.3,26,0,0,85,0.46,1.33,8.8,11.3,251,253,23.0,18.7,12.1,11.1,10.3,0.26,0.285,0.331,0.357,1,3600.0,754.0,624.0,130.0,883.8,754.0,978.7,725.2,600.2,125.0,883.8,725.2,941.3,16.80285903100132,89.3860957695032,42.8941890675,224.2965625,6.116862008462615,58.03975567047827
39.964848,-6.913391,295.0,2015-03-12 15:00:00,20.0,39,5.5,18.0,0.0,0.0,0.0,0.0,1,1020.3,985.9,29,0,0,96,0.41,1.43,9.8,13.0,262,264,24.8,18.9,12.5,11.2,10.3,0.26,0.285,0.331,0.357,1,3600.0,652.0,511.0,141.0,803.5,652.0,881.6,599.8,470.1,129.7,803.5,599.8,810.9,17.902545773537508,89.43525056544499,45.0881797275,227.6005625,6.478524408547729,60.30832485621276
39.964848,-6.913391,295.0,2015-03-12 16:00:00,19.9,37,4.8,17.1,0.0,0.0,0.0,0.0,1,1020.1,985.7,29,0,0,98,0.34,1.46,10.4,14.1,272,276,25.2,18.6,12.9,11.2,10.3,0.259,0.285,0.331,0.357,1,3600.0,515.0,389.0,126.0,748.0,515.0,720.9,444.2,335.5,108.7,748.0,444.2,621.8,19.158314799887574,89.67895371276767,47.3433655275,230.8865625,6.914952008381176,62.59759003003659
39.964848,-6.913391,295.0,2015-03-12 17:00:00,19.2,39,4.9,16.3,0.0,0.0,0.0,0.0,1,1019.9,985.5,29,0,0,95,0.24,1.36,11.2,15.8,285,287,24.5,17.8,13.1,11.2,10.3,0.259,0.285,0.331,0.357,1,3600.0,334.0,234.0,100.0,639.0,334.0,507.6,254.5,178.3,76.2,639.0,254.5,386.8,20.18252245014963,89.72820519586057,49.454171707499995,234.0465625,7.250427656007214,64.71994204789807
39.964848,-6.913391,295.0,2015-03-12 18:00:00,17.3,47,6.0,14.7,0.0,0.0,0.0,0.0,1,1020.5,985.8,28,0,0,93,0.12,1.04,11.2,20.4,291,296,22.0,16.4,13.3,11.2,10.3,0.258,0.285,0.331,0.357,1,3600.0,138.0,75.0,63.0,405.7,138.0,256.2,65.7,35.7,30.0,405.7,65.7,122.0,19.38550343559678,89.21056499926891,51.116497627499996,236.8645625,6.731462862101163,66.40611024954221
39.964848,-6.913391,295.0,2015-03-12 19:00:00,14.8,58,6.5,12.1,0.0,0.0,0.0,0.0,1,1021.1,986.1,29,0,0,97,0.07,0.71,12.6,24.2,307,313,23.8,14.8,13.4,11.2,10.3,0.258,0.285,0.331,0.357,0,0.0,10.0,2.0,8.0,24.9,10.0,51.2,0.0,0.0,0.0,0.0,0.0,0.0,17.01066820053683,87.39191241688862,52.2548295075,239.2325625,5.56576052003005,67.59709659971372
39.964848,-6.913391,295.0,2015-03-12 20:00:00,13.2,65,6.8,10.6,0.0,0.0,0.0,0.0,1,1021.9,986.7,28,0,0,92,0.04,0.53,12.1,24.2,323,330,25.2,13.6,13.3,11.2,10.3,0.259,0.285,0.331,0.357,0,0.0,0.0,0.0,0.0,0.0,0.0,0.0,0.0,0.0,0.0,0.0,0.0,0.0,14.262327121688331,85.86230629171068,53.107981807499996,241.3125625,4.3702969413400465,68.51762697334959
39.964848,-6.913391,295.0,2015-03-12 21:00:00,12.0,71,6.9,9.6,0.0,0.0,0.0,0.0,1,1022.2,986.8,28,0,0,92,0.02,0.41,10.9,22.8,333,339,23.8,12.7,13.2,11.2,10.3,0.259,0.285,0.331,0.357,0,0.0,0.0,0.0,0.0,0.0,0.0,0.0,0.0,0.0,0.0,0.0,0.0,0.0,11.847265814220616,84.54049580579205,53.7555593475,243.17656250000002,3.4276309119681576,69.24410992102871
39.964848,-6.913391,295.0,2015-03-12 22:00:00,11.1,74,6.7,8.8,0.0,0.0,0.0,0.0,1,1022.5,987.0,28,0,0,93,0.02,0.34,10.5,22.5,333,340,22.7,11.9,13.1,11.2,10.3,0.259,0.285,0.33,0.357,0,0.0,0.0,0.0,0.0,0.0,0.0,0.0,0.0,0.0,0.0,0.0,0.0,0.0,10.641394582384967,83.65674618153871,54.296258467499996,244.87856250000002,2.984724482870516,69.86504842545271
39.964848,-6.913391,295.0,2015-03-12 23:00:00,10.5,75,6.3,8.0,0.0,0.0,0.0,0.0,1,1022.5,986.9,29,0,0,98,0.02,0.32,11.0,23.5,337,342,24.8,11.3,13.0,11.2,10.3,0.259,0.285,0.33,0.357,0,0.0,0.0,0.0,0.0,0.0,0.0,0.0,0.0,0.0,0.0,0.0,0.0,0.0,10.382185773226498,83.1887919300254,54.7905924675,246.4725625,2.879749682229049,70.43636148965831
39.964848,-6.913391,295.0,2015-03-13 00:00:00,10.2,75,6.0,7.4,0.0,0.0,0.0,0.0,1,1022.3,986.7,30,0,0,100,0.02,0.31,12.4,25.4,343,348,27.4,10.9,12.8,11.2,10.3,0.259,0.285,0.33,0.357,0,0.0,0.0,0.0,0.0,0.0,0.0,0.0,0.0,0.0,0.0,0.0,0.0,0.0,10.855227804706292,83.0153513813255,55.2721419675,248.0125625,3.022118896532641,70.99138770253337
39.964848,-6.913391,295.0,2015-03-13 01:00:00,10.0,74,5.6,6.9,0.0,0.0,0.0,0.0,1,1022.5,986.9,29,0,0,96,0.02,0.32,13.9,27.5,350,354,29.2,10.7,12.7,11.2,10.3,0.259,0.285,0.33,0.357,0,0.0,0.0,0.0,0.0,0.0,0.0,0.0,0.0,0.0,0.0,0.0,0.0,0.0,11.655507662846738,83.06240287380714,55.7640895275,249.5165625,3.279112086921168,71.55107037775794
39.964848,-6.913391,295.0,2015-03-13 02:00:00,9.8,74,5.3,6.4,0.0,0.0,0.0,0.0,1,1021.9,986.3,29,0,0,95,0.03,0.32,15.2,29.2,353,357,31.3,10.5,12.5,11.3,10.3,0.259,0.284,0.33,0.357,0,0.0,0.0,0.0,0.0,0.0,0.0,0.0,0.0,0.0,0.0,0.0,0.0,0.0,12.360641443728465,83.07868025495289,56.247173167499994,250.98456249999998,3.5084300819224987,72.09950046008207
39.964848,-6.913391,295.0,2015-03-13 03:00:00,9.6,74,5.2,6.0,0.0,0.0,0.0,0.0,1,1021.7,986.0,30,0,6,89,0.03,0.31,16.7,30.6,354,358,33.1,10.4,12.3,11.3,10.3,0.259,0.284,0.33,0.357,0,0.0,0.0,0.0,0.0,0.0,0.0,0.0,0.0,0.0,0.0,0.0,0.0,0.0,13.156120509224797,83.06089620985867,56.721392887499995,252.41656249999997,3.7752681015811365,72.6366870720094
39.964848,-6.913391,295.0,2015-03-13 04:00:00,9.5,75,5.2,5.8,0.0,0.0,0.0,0.0,1,1021.5,985.8,22,3,3,57,0.03,0.3,17.3,32.0,355,359,34.2,10.3,12.2,11.3,10.3,0.259,0.284,0.33,0.357,0,0.0,0.0,0.0,0.0,0.0,0.0,0.0,0.0,0.0,0.0,0.0,0.0,0.0,13.306907344998562,82.89698595243689,57.17311188749999,253.83056249999996,3.810501490623591,73.15334662282591
39.964848,-6.913391,295.0,2015-03-13 05:00:00,9.6,74,5.2,5.7,0.0,0.0,0.0,0.0,0,1021.7,986.0,9,2,2,20,0.03,0.31,18.7,33.5,359,2,36.0,10.2,12.1,11.3,10.3,0.26,0.284,0.33,0.357,0,0.0,0.0,0.0,0.0,0.0,0.0,0.0,0.0,0.0,0.0,0.0,0.0,0.0,14.184354537982934,82.94399836653132,57.64733160749999,255.26256249999994,4.113594622355758,73.69008332601636
39.964848,-6.913391,295.0,2015-03-13 06:00:00,9.6,74,5.2,5.5,0.0,0.0,0.0,0.0,0,1022.0,986.3,3,2,1,1,0.03,0.31,19.8,35.1,2,6,38.2,10.1,11.9,11.3,10.3,0.26,0.284,0.33,0.357,0,0.0,0.0,0.0,0.0,0.0,0.0,0.0,0.0,0.0,0.0,0.0,0.0,0.0,14.933090495280199,82.9910263017905,58.12155132749999,256.69456249999996,4.374237832484731,74.22658734420659
39.964848,-6.913391,295.0,2015-03-13 07:00:00,9.8,75,5.5,5.7,0.0,0.0,0.0,0.0,0,1022.3,986.6,1,1,0,0,0.05,0.31,20.7,36.6,7,11,41.4,10.1,11.8,11.3,10.3,0.26,0.284,0.33,0.357,1,0.0,2.0,0.0,2.0,0.0,2.0,19.1,6.1,0.0,6.1,0.0,1.5,58.4,15.396187493231338,82.9076506262914,58.58605482749999,258.1625625,4.528743485929868,74.75872787331538
39.964848,-6.913391,295.0,2015-03-13 08:00:00,11.0,71,5.9,7.1,0.0,0.0,0.0,0.0,0,1022.7,987.2,3,1,0,8,0.07,0.38,19.9,36.7,13,16,44.6,10.7,11.7,11.3,10.3,0.26,0.284,0.33,0.357,1,3051.54,100.0,65.0,35.0,417.9,100.0,194.8,168.5,109.5,59.0,462.3,152.3,328.2,15.072902708593952,82.95466656133158,59.184198967499995,259.8465625,4.375962606216945,75.4219932292734
39.964848,-6.913391,295.0,2015-03-13 09:00:00,12.7,64,6.1,8.3,0.0,0.0,0.0,0.0,0,1022.4,987.1,1,0,0,2,0.16,0.53,23.7,35.6,20,21,49.0,12.0,11.7,11.3,10.3,0.26,0.284,0.33,0.357,1,3600.0,297.0,232.0,65.0,709.0,297.0,453.4,375.0,293.0,82.1,709.0,375.0,572.5,18.60804517951733,83.58057987917394,60.03104424749999,261.8365625,5.746813866811142,76.31843376517851
39.964848,-6.913391,295.0,2015-03-13 10:00:00,14.4,58,6.2,10.1,0.0,0.0,0.0,0.0,0,1022.7,987.6,2,1,0,2,0.25,0.7,23.5,34.7,29,31,51.5,13.4,11.8,11.3,10.3,0.259,0.284,0.33,0.357,1,3600.0,465.0,384.0,81.0,784.9,465.0,677.9,531.4,438.8,92.6,784.9,531.4,774.6,20.82076748660663,84.72810204789765,61.14073884749999,264.1325625,6.634716091252119,77.45738043155514
39.964848,-6.913391,295.0,2015-03-13 11:00:00,16.1,52,6.3,12.3,0.0,0.0,0.0,0.0,0,1022.8,987.9,2,1,1,0,0.34,0.88,22.2,31.5,32,33,51.1,15.0,12.0,11.3,10.3,0.259,0.284,0.33,0.357,1,3600.0,627.0,520.0,107.0,844.7,627.0,853.0,676.8,561.3,115.5,844.7,676.8,920.8,22.825038172923716,86.0338411785134,62.54805660749999,266.7345625,7.447158208117085,78.86335630854816
39.964848,-6.913391,295.0,2015-03-13 12:00:00,17.6,47,6.2,14.7,0.0,0.0,0.0,0.0,0,1022.5,987.8,0,0,0,0,0.42,1.06,19.7,27.7,38,39,49.0,16.4,12.3,11.3,10.3,0.258,0.284,0.33,0.357,1,3600.0,734.0,638.0,96.0,914.3,734.0,966.9,760.0,660.6,99.4,914.3,760.0,1001.1,23.778989791870117,89.108154296875,40.8515625,221.1328125,10.160400390625,55.849609375
39.964848,-6.913391,295.0,2015-03-13 13:00:00,18.7,43,6.0,16.4,0.0,0.0,0.0,0.0,0,1021.8,987.2,3,3,0,0,0.46,1.22,17.1,23.7,42,42,45.7,17.6,12.6,11.3,10.3,0.257,0.283,0.33,0.357,1,3600.0,782.0,686.0,96.0,939.5,782.0,1011.7,780.7,684.8,95.8,939.5,780.7,1009.9,22.23152599343274,89.15721733034358,42.77537406,224.2028125,8.992903065618401,57.923072030749125
39.964848,-6.913391,295.0,2015-03-13 14:00:00,19.0,42,5.6,16.2,0.0,0.0,0.0,0.0,0,1021.4,986.9,7,2,8,0,0.43,1.28,16.4,22.3,38,38,42.1,18.1,12.9,11.3,10.3,0.256,0.283,0.33,0.357,1,3600.0,687.0,584.0,103.0,821.9,687.0,984.4,660.8,561.7,99.1,821.9,660.8,946.9,22.186874935816626,89.20629656198962,44.76259674,227.3268125,8.742601410920544,59.99256739030784
39.964848,-6.913391,295.0,2015-03-13 15:00:00,19.1,40,5.0,15.9,0.0,0.0,0.0,0.0,0,1021.0,986.5,6,3,5,0,0.4,1.34,16.4,22.6,33,34,38.2,18.3,13.2,11.3,10.3,0.256,0.283,0.329,0.357,1,3600.0,622.0,517.0,105.0,807.5,622.0,887.0,572.4,475.7,96.6,807.5,572.4,816.2,22.699754917834458,89.25539199716096,46.828571939999996,230.46881249999998,8.804428176450802,62.10806146134702
39.964848,-6.913391,295.0,2015-03-13 16:00:00,19.0,37,3.9,15.2,0.0,0.0,0.0,0.0,0,1020.9,986.4,3,1,4,0,0.35,1.39,16.3,23.0,28,29,39.6,18.1,13.4,11.3,10.3,0.255,0.282,0.329,0.357,1,3600.0,518.0,419.0,99.0,799.5,518.0,726.1,447.2,361.8,85.5,799.5,447.2,626.9,23.665576303584817,89.52789980410164,48.987106919999995,233.59281249999998,9.109526259510046,64.2757818801991
39.964848,-6.913391,295.0,2015-03-13 17:00:00,18.2,36,2.7,14.2,0.0,0.0,0.0,0.0,0,1021.4,986.8,1,0,1,0,0.25,1.35,15.7,23.3,20,22,39.6,17.4,13.6,11.3,10.3,0.255,0.282,0.329,0.357,1,3600.0,322.0,254.0,68.0,686.5,322.0,512.6,246.1,194.1,52.0,686.5,246.1,391.7,23.784246109749265,89.62614899831775,51.092628839999996,236.57281249999997,8.963672178540682,66.35729578697698
39.964848,-6.913391,295.0,2015-03-13 18:00:00,16.8,38,2.4,13.4,0.0,0.0,0.0,0.0,0,1021.5,986.7,0,0,0,0,0.14,1.19,12.0,21.5,9,14,34.9,16.3,13.8,11.3,10.3,0.254,0.282,0.329,0.357,1,3600.0,148.0,107.0,41.0,567.6,148.0,261.1,71.9,52.0,19.9,567.6,71.9,126.9,21.243129259383092,89.67538304791594,52.984393919999995,239.30081249999998,7.491716693926351,68.21146555112192
39.964848,-6.913391,295.0,2015-03-13 19:00:00,15.1,43,2.6,11.8,0.0,0.0,0.0,0.0,0,1022.1,987.1,0,0,0,0,0.09,0.98,11.2,23.5,358,5,23.8,14.9,13.8,11.3,10.3,0.254,0.282,0.329,0.357,0,37.51,12.0,6.0,6.0,73.0,12.0,53.6,0.0,0.0,0.0,0.0,0.0,0.0,20.4052964563362,89.45206242791994,54.55842155999999,241.72281249999997,6.968855872486313,69.75592215540311
39.964848,-6.913391,295.0,2015-03-13 20:00:00,13.5,46,1.9,10.1,0.0,0.0,0.0,0.0,0,1022.5,987.3,0,0,0,0,0.06,0.84,11.2,24.5,354,3,20.9,13.7,13.7,11.4,10.3,0.254,0.282,0.329,0.357,0,0.0,0.0,0.0,0.0,0.0,0.0,0.0,0.0,0.0,0.0,0.0,0.0,0.0,19.361730491449617,88.85228326976522,55.90232819999999,243.8568125,6.393989033875644,71.07254763521233
39.964848,-6.913391,295.0,2015-03-13 21:00:00,12.3,48,1.5,8.9,0.0,0.0,0.0,0.0,0,1022.5,987.1,0,0,0,0,0.05,0.75,10.5,23.2,356,6,20.5,12.8,13.6,11.4,10.3,0.255,0.282,0.329,0.357,0,0.0,0.0,0.0,0.0,0.0,0.0,0.0,0.0,0.0,0.0,0.0,0.0,0.0,17.965576686668598,88.30463190622476,57.09009347999999,245.7748125,5.705816629715738,72.23323218567211
39.964848,-6.913391,295.0,2015-03-13 22:00:00,11.3,50,1.1,8.0,0.0,0.0,0.0,0.0,0,1022.9,987.4,12,0,0,41,0.04,0.68,9.4,21.5,356,10,19.4,12.0,13.5,11.4,10.3,0.255,0.282,0.329,0.357,0,0.0,0.0,0.0,0.0,0.0,0.0,0.0,0.0,0.0,0.0,0.0,0.0,0.0,16.460055016012674,87.79925838554512,58.14694547999999,247.5128125,5.020996973851771,73.2646485411496
39.964848,-6.913391,295.0,2015-03-13 23:00:00,10.5,51,0.7,7.0,0.0,0.0,0.0,0.0,0,1023.2,987.6,8,0,0,27,0.05,0.63,10.2,22.7,350,2,20.9,11.2,13.3,11.4,10.3,0.255,0.282,0.329,0.357,0,0.0,0.0,0.0,0.0,0.0,0.0,0.0,0.0,0.0,0.0,0.0,0.0,0.0,16.41665248318244,87.42700604998532,59.115840119999994,249.1068125,4.956545824750972,74.20655881802324
39.964848,-6.913391,295.0,2015-03-14 00:00:00,10.0,51,0.4,6.4,0.0,0.0,0.0,0.0,0,1022.9,987.3,7,0,5,12,0.05,0.6,11.0,24.9,349,355,21.6,10.7,13.1,11.4,10.3,0.255,0.282,0.329,0.357,0,0.0,0.0,0.0,0.0,0.0,0.0,0.0,0.0,0.0,0.0,0.0,0.0,0.0,16.69781363119442,87.24106306256787,60.04297206,250.61081249999998,5.025292180647901,75.1022359918577
39.964848,-6.913391,295.0,2015-03-14 01:00:00,9.6,52,0.3,6.0,0.0,0.0,0.0,0.0,1,1023.1,987.4,34,0,34,45,0.04,0.57,10.9,25.3,351,356,22.0,10.3,12.9,11.4,10.3,0.255,0.282,0.329,0.357,0,0.0,0.0,0.0,0.0,0.0,0.0,0.0,0.0,0.0,0.0,0.0,0.0,0.0,16.35829804852822,87.02657549977825,60.91845462,252.04281249999997,4.849547956070762,75.94647348049449
39.964848,-6.913391,295.0,2015-03-14 02:00:00,9.4,53,0.2,5.7,0.0,0.0,0.0,0.0,2,1022.9,987.2,53,0,61,54,0.05,0.56,11.6,25.6,353,360,23.4,10.1,12.7,11.4,10.3,0.255,0.282,0.329,0.357,0,0.0,0.0,0.0,0.0,0.0,0.0,0.0,0.0,0.0,0.0,0.0,0.0,0.0,16.52758076214414,86.81965276294517,61.75967472,253.43881249999995,4.878012673314371,76.75743137367371
39.964848,-6.913391,295.0,2015-03-14 03:00:00,9.1,53,-0.1,5.1,0.0,0.0,0.0,0.0,2,1022.5,986.8,53,0,64,49,0.05,0.55,13.0,26.7,357,5,26.3,9.9,12.5,11.4,10.3,0.255,0.282,0.329,0.357,0,0.0,0.0,0.0,0.0,0.0,0.0,0.0,0.0,0.0,0.0,0.0,0.0,0.0,17.323430945448813,86.71292294462255,62.57685996,254.78081249999997,5.155864682152476,77.54130815681083
39.964848,-6.913391,295.0,2015-03-14 04:00:00,8.5,51,-1.0,4.3,0.0,0.0,0.0,0.0,2,1022.8,987.0,70,0,82,69,0.05,0.55,13.7,27.5,360,6,29.9,9.7,12.3,11.4,10.3,0.255,0.282,0.329,0.357,0,0.0,0.0,0.0,0.0,0.0,0.0,0.0,0.0,0.0,0.0,0.0,0.0,0.0,17.968691434766225,86.76119519163292,63.3787038,256.01481249999995,5.377680902388644,78.29863160317328
39.964848,-6.913391,295.0,2015-03-14 05:00:00,7.7,49,-2.4,3.1,0.0,0.0,0.0,0.0,2,1022.9,987.0,71,0,79,78,0.06,0.54,15.2,28.9,5,10,33.8,9.4,12.1,11.4,10.3,0.255,0.282,0.329,0.357,0,0.0,0.0,0.0,0.0,0.0,0.0,0.0,0.0,0.0,0.0,0.0,0.0,0.0,19.184394904172418,86.8094833757423,64.14372827999999,257.1048124999999,5.839806586703596,79.00875750003401
39.964848,-6.913391,295.0,2015-03-14 06:00:00,7.0,48,-3.4,1.8,0.0,0.0,0.0,0.0,1,1023.0,987.0,46,0,56,40,0.07,0.53,17.6,31.9,15,18,34.9,9.0,11.9,11.4,10.3,0.255,0.282,0.329,0.357,0,0.0,0.0,0.0,0.0,0.0,0.0,0.0,0.0,0.0,0.0,0.0,0.0,0.0,21.13692237660291,86.85778750221237,64.8617058,258.0688124999999,6.635905331523441,79.66617879260524
39.964848,-6.913391,295.0,2015-03-14 07:00:00,7.3,47,-3.4,1.9,0.0,0.0,0.0,0.0,0,1023.8,987.8,9,0,13,5,0.09,0.55,18.9,33.3,21,25,37.1,8.9,11.7,11.4,10.3,0.255,0.282,0.329,0.357,1,0.0,2.0,0.0,2.0,0.0,2.0,22.9,5.8,0.0,5.8,0.0,1.6,65.8,22.347466168057203,86.90610757630647,65.62059372,259.0868124999999,7.133980898299448,80.35874129024153
39.964848,-6.913391,295.0,2015-03-14 08:00:00,7.5,48,-2.8,2.3,0.0,0.0,0.0,0.0,0,1024.4,988.4,2,0,0,8,0.09,0.54,18.1,32.4,23,27,39.6,9.1,11.6,11.4,10.3,0.255,0.282,0.329,0.357,1,3149.6,112.0,75.0,37.0,473.8,112.0,202.2,185.8,124.4,61.4,513.6,171.4,335.6,21.922962212044304,86.95444360328972,66.38289084,260.14081249999987,6.899372657702155,81.05598972211935
39.964848,-6.913391,295.0,2015-03-14 09:00:00,8.8,43,-3.1,3.3,0.0,0.0,0.0,0.0,0,1024.6,988.7,6,0,0,19,0.17,0.64,20.5,30.6,31,32,44.3,10.2,11.5,11.4,10.3,0.255,0.282,0.329,0.357,1,3600.0,316.0,250.0,66.0,751.6,316.0,460.6,397.7,314.6,83.1,751.6,397.7,579.7,24.13201686011013,87.00279558842897,67.34479662,261.4288124999999,7.840050262512808,81.92762638249663
39.964848,-6.913391,295.0,2015-03-14 10:00:00,10.5,39,-3.0,5.2,0.0,0.0,0.0,0.0,0,1024.2,988.6,2,0,0,6,0.26,0.78,18.8,26.5,32,34,44.3,11.6,11.5,11.4,10.3,0.255,0.282,0.329,0.357,1,3600.0,512.0,428.0,84.0,865.5,512.0,684.9,584.2,488.4,95.9,865.5,584.2,781.5,24.254593089961254,87.58487280850763,68.55097158,263.0228124999999,7.819513656751571,83.01316446968178
39.964848,-6.913391,295.0,2015-03-14 11:00:00,12.2,35,-2.9,7.8,0.0,0.0,0.0,0.0,0,1023.5,988.1,0,0,0,0,0.34,0.93,17.1,23.6,39,39,42.8,13.2,11.6,11.4,10.3,0.254,0.281,0.328,0.357,1,3600.0,668.0,576.0,92.0,927.9,668.0,859.7,720.6,621.3,99.2,927.9,720.6,927.3,25.29173644516605,88.51959428793529,70.02459827999999,264.92281249999985,8.206311753489418,84.3262506174999
39.964848,-6.913391,295.0,2015-03-14 12:00:00,13.6,32,-2.8,10.2,0.0,0.0,0.0,0.0,0,1023.0,987.8,0,0,0,0,0.41,1.06,14.3,19.5,51,52,40.3,14.6,11.8,11.4,10.3,0.253,0.281,0.328,0.357,1,3600.0,773.0,678.0,95.0,964.8,773.0,973.2,800.0,701.7,98.3,964.8,800.0,1007.2,29.2646484375,92.690185546875,43.50390625,224.1328125,13.27197265625,58.552734375
39.964848,-6.913391,295.0,2015-03-14 13:00:00,14.6,30,-2.6,11.8,0.0,0.0,0.0,0.0,0,1021.8,986.7,0,0,0,0,0.44,1.16,12.2,16.1,56,56,36.7,15.8,12.0,11.4,10.3,0.253,0.281,0.328,0.357,1,3600.0,812.0,717.0,95.0,975.6,812.0,1017.7,810.5,715.7,94.8,975.6,810.5,1015.8,25.58867824575965,92.07290285351154,45.37726165,226.4648125,10.650224480049989,60.46550278515815
39.964848,-6.913391,295.0,2015-03-14 14:00:00,15.2,30,-2.5,12.6,0.0,0.0,0.0,0.0,0,1021.2,986.2,0,0,0,0,0.43,1.22,10.5,14.1,52,52,32.0,16.6,12.3,11.4,10.3,0.252,0.28,0.328,0.357,1,3600.0,785.0,691.0,94.0,966.4,785.0,990.1,755.1,664.7,90.4,966.4,755.1,952.4,24.08399091310337,91.90293700769493,47.32221025,228.9048125,9.543711965789534,62.396077967367866
39.964848,-6.913391,295.0,2015-03-14 15:00:00,15.5,29,-2.4,12.6,0.0,0.0,0.0,0.0,0,1020.8,985.9,0,0,0,0,0.39,1.25,9.2,12.2,48,47,27.7,17.0,12.5,11.4,10.3,0.251,0.28,0.328,0.357,1,3600.0,695.0,605.0,90.0,938.8,695.0,892.4,639.8,556.9,82.8,938.8,639.8,821.5,23.48451135222502,91.9529227396408,49.33125181,231.3988125,9.002009404004585,64.36045157893854
39.964848,-6.913391,295.0,2015-03-14 16:00:00,15.5,29,-2.4,11.8,0.0,0.0,0.0,0.0,0,1020.4,985.5,0,0,0,0,0.31,1.25,8.7,11.3,38,37,24.8,16.8,12.8,11.4,10.3,0.25,0.28,0.328,0.357,1,3600.0,549.0,468.0,81.0,886.3,549.0,731.2,474.4,404.4,70.0,886.3,474.4,631.9,23.542901755014974,92.00292497439331,51.34029337,233.8928125,8.840332013850555,66.29863110588367
39.964848,-6.913391,295.0,2015-03-14 17:00:00,15.1,30,-2.5,11.3,0.0,0.0,0.0,0.0,0,1020.2,985.3,0,0,0,0,0.22,1.21,9.2,12.4,26,26,23.0,16.0,12.9,11.4,10.3,0.25,0.28,0.328,0.357,1,3600.0,364.0,296.0,68.0,791.9,364.0,517.5,279.0,226.8,52.1,791.9,279.0,396.6,23.983879710439528,91.86967056156998,53.27330977,236.3148125,8.89658130229041,68.14255691725577
39.964848,-6.913391,295.0,2015-03-14 18:00:00,14.1,34,-1.4,10.6,0.0,0.0,0.0,0.0,0,1020.3,985.2,0,0,0,0,0.11,1.06,8.3,14.9,18,20,22.7,14.7,13.0,11.4,10.3,0.25,0.28,0.328,0.357,1,3600.0,160.0,114.0,46.0,593.4,160.0,266.0,79.2,56.4,22.8,593.4,79.2,131.7,22.08951381143945,91.24718233295536,54.98336449,238.55681249999998,7.78328074170933,69.76662297510059
39.964848,-6.913391,295.0,2015-03-14 19:00:00,12.6,39,-1.2,9.0,0.0,0.0,0.0,0.0,0,1020.6,985.3,0,0,0,0,0.07,0.9,8.8,19.8,12,19,16.6,13.2,13.0,11.4,10.3,0.25,0.28,0.328,0.357,0,79.91,14.0,7.0,7.0,83.4,14.0,56.1,0.0,0.0,0.0,0.0,0.0,0.0,20.56279001566963,90.27117277387795,56.40789871,240.5288125,6.944166475630105,71.1192563175566
39.964848,-6.913391,295.0,2015-03-14 20:00:00,11.1,42,-1.2,7.4,0.0,0.0,0.0,0.0,0,1021.0,985.6,0,0,0,0,0.05,0.76,9.5,21.5,9,18,17.6,12.0,12.9,11.5,10.3,0.25,0.28,0.328,0.357,0,0.0,0.0,0.0,0.0,0.0,0.0,0.0,0.0,0.0,0.0,0.0,0.0,0.0,19.459007865555364,89.41210161584432,57.614073669999996,242.23081249999998,6.360163311198504,72.26058724636485
39.964848,-6.913391,295.0,2015-03-14 21:00:00,9.9,46,-1.1,6.4,0.0,0.0,0.0,0.0,0,1020.8,985.2,0,0,0,0,0.04,0.65,8.6,20.3,2,13,18.0,11.1,12.8,11.5,10.3,0.25,0.279,0.328,0.357,0,0.0,0.0,0.0,0.0,0.0,0.0,0.0,0.0,0.0,0.0,0.0,0.0,0.0,17.29318067753545,88.54393047342617,58.626606069999994,243.71681249999997,5.365992014347109,73.22008677230411
39.964848,-6.913391,295.0,2015-03-14 22:00:00,8.9,51,-0.8,5.3,0.0,0.0,0.0,0.0,0,1021.2,985.5,0,0,0,0,0.04,0.56,9.0,20.6,2,16,16.6,10.2,12.6,11.5,10.3,0.25,0.279,0.328,0.357,0,0.0,0.0,0.0,0.0,0.0,0.0,0.0,0.0,0.0,0.0,0.0,0.0,0.0,15.918271499152628,87.57730421518644,59.46186006999999,245.0228125,4.767005129472473,74.01750708224154
39.964848,-6.913391,295.0,2015-03-14 23:00:00,8.1,53,-1.0,4.4,0.0,0.0,0.0,0.0,0,1021.2,985.4,0,0,0,0,0.04,0.51,10.1,22.3,2,14,17.6,9.4,12.4,11.5,10.3,0.25,0.279,0.328,0.357,0,0.0,0.0,0.0,0.0,0.0,0.0,0.0,0.0,0.0,0.0,0.0,0.0,0.0,15.533848818852789,86.91374864056883,60.198929109999995,246.1848125,4.5837786454880405,74.7200882407882
39.964848,-6.913391,295.0,2015-03-15 00:00:00,7.7,53,-1.2,3.8,0.0,0.0,0.0,0.0,0,1021.0,985.1,0,0,0,0,0.04,0.49,11.2,24.5,6,17,20.2,8.8,12.1,11.5,10.3,0.25,0.279,0.328,0.357,0,0.0,0.0,0.0,0.0,0.0,0.0,0.0,0.0,0.0,0.0,0.0,0.0,0.0,15.76950924968053,86.61674745851576,60.90395167,247.2748125,4.645031757138332,75.38776253231508
39.964848,-6.913391,295.0,2015-03-15 01:00:00,7.4,53,-1.7,3.2,0.0,0.0,0.0,0.0,0,1020.9,985.0,0,0,0,0,0.04,0.49,12.2,25.8,14,23,22.3,8.3,11.9,11.5,10.3,0.251,0.279,0.327,0.357,0,0.0,0.0,0.0,0.0,0.0,0.0,0.0,0.0,0.0,0.0,0.0,0.0,0.0,16.206261784692188,86.47192234658822,61.58493937,248.3108125,4.785965523433383,76.0289664742462
39.964848,-6.913391,295.0,2015-03-15 02:00:00,6.9,54,-1.8,2.8,0.0,0.0,0.0,0.0,0,1020.7,984.7,0,0,0,0,0.04,0.46,11.5,24.5,14,26,22.7,7.9,11.6,11.5,10.3,0.251,0.279,0.327,0.357,0,0.0,0.0,0.0,0.0,0.0,0.0,0.0,0.0,0.0,0.0,0.0,0.0,0.0,15.505121680412882,86.26781283217554,62.21223217,249.2568125,4.488826127694523,76.61712276734518
39.964848,-6.913391,295.0,2015-03-15 03:00:00,6.2,57,-1.6,2.3,0.0,0.0,0.0,0.0,0,1020.0,984.0,0,0,0,0,0.03,0.41,10.7,22.5,14,27,21.6,7.5,11.4,11.5,10.3,0.251,0.279,0.327,0.357,0,0.0,0.0,0.0,0.0,0.0,0.0,0.0,0.0,0.0,0.0,0.0,0.0,0.0,14.382785104003316,85.82251041701427,62.74730611,250.0768125,4.049984041744782,77.11923383246565
39.964848,-6.913391,295.0,2015-03-15 04:00:00,5.5,62,-1.2,1.8,0.0,0.0,0.0,0.0,0,1020.1,984.0,0,0,0,0,0.02,0.34,9.3,19.8,13,27,20.2,7.0,11.1,11.5,10.3,0.251,0.279,0.327,0.357,0,0.0,0.0,0.0,0.0,0.0,0.0,0.0,0.0,0.0,0.0,0.0,0.0,0.0,12.600727265205402,85.0861173305932,63.174819789999994,250.77081249999998,3.4071332160664975,77.52432660200911
39.964848,-6.913391,295.0,2015-03-15 05:00:00,4.9,64,-1.3,1.3,0.0,0.0,0.0,0.0,0,1020.0,983.8,0,0,0,0,0.02,0.31,9.0,17.7,16,29,18.0,6.3,10.8,11.4,10.3,0.251,0.279,0.327,0.357,0,0.0,0.0,0.0,0.0,0.0,0.0,0.0,0.0,0.0,0.0,0.0,0.0,0.0,11.755944218897001,84.53819126703671,63.54301338999999,251.3568125,3.1137119324870564,77.87133462820732
39.964848,-6.913391,295.0,2015-03-15 06:00:00,4.2,69,-1.1,0.7,0.0,0.0,0.0,0.0,0,1020.1,983.8,0,0,0,0,0.01,0.26,8.3,16.8,18,31,16.6,5.8,10.5,11.4,10.3,0.251,0.279,0.327,0.357,0,0.0,0.0,0.0,0.0,0.0,0.0,0.0,0.0,0.0,0.0,0.0,0.0,0.0,10.488430278296915,83.73949786680586,63.82307916999999,251.8168125,2.700829680589564,78.13670489170802
39.964848,-6.913391,295.0,2015-03-15 07:00:00,3.3,76,-0.5,-0.1,0.0,0.0,0.0,0.0,0,1020.2,983.8,0,0,0,0,0.02,0.19,8.2,15.9,15,33,17.3,5.3,10.2,11.4,10.3,0.251,0.279,0.327,0.357,1,0.0,3.0,1.0,2.0,15.9,3.0,26.6,8.3,2.8,5.5,31.6,2.5,73.3,9.176605721140248,82.53000923388115,64.00308492999999,252.1148125,2.300057500922632,78.30741968496103
39.964848,-6.913391,295.0,2015-03-15 08:00:00,4.9,72,0.3,1.7,0.0,0.0,0.0,0.0,0,1020.6,984.4,0,0,0,0,0.04,0.24,7.9,13.9,16,31,17.6,6.5,10.0,11.4,10.3,0.251,0.279,0.327,0.357,1,3247.55,116.0,79.0,37.0,490.6,116.0,209.6,189.7,129.2,60.5,521.7,178.4,342.9,9.125256731118364,82.57690049048517,64.28945772999998,252.7008125,2.2788738068880363,78.59234225435402
39.964848,-6.913391,295.0,2015-03-15 09:00:00,8.2,59,0.6,5.4,0.0,0.0,0.0,0.0,0,1020.3,984.5,0,0,0,0,0.13,0.45,5.5,8.0,23,27,17.6,9.5,10.0,11.4,10.3,0.251,0.279,0.327,0.357,1,3600.0,316.0,251.0,65.0,742.6,316.0,467.8,396.3,314.8,81.5,742.6,396.3,586.7,8.980140592215099,83.33191502407757,64.93942170999998,253.88081250000002,2.223506637846903,79.22013420032039
39.964848,-6.913391,295.0,2015-03-15 10:00:00,10.7,48,0.2,7.8,0.0,0.0,0.0,0.0,0,1019.9,984.4,0,0,0,0,0.24,0.67,5.6,7.4,75,76,16.6,11.6,10.2,11.4,10.3,0.251,0.279,0.327,0.357,1,3600.0,509.0,429.0,80.0,858.3,509.0,691.8,580.0,488.8,91.2,858.3,580.0,788.3,11.050827524388358,85.08034217960605,65.98536426999998,255.51081250000001,2.825351253916226,80.19504220937273
39.964848,-6.913391,295.0,2015-03-15 11:00:00,12.2,43,0.0,10.2,0.0,0.0,0.0,0.0,0,1019.3,984.0,0,0,0,0,0.33,0.81,4.4,5.4,99,98,16.2,13.4,10.4,11.4,10.3,0.251,0.279,0.327,0.357,1,3600.0,664.0,575.0,89.0,918.7,664.0,866.3,715.7,619.8,95.9,918.7,715.7,933.8,12.468798932434588,86.50511541015749,67.27762152999998,257.4108125,3.2457320854512446,81.38058838772977
39.964848,-6.913391,295.0,2015-03-15 12:00:00,13.3,40,0.1,12.5,0.0,0.0,0.0,0.0,0,1018.4,983.3,0,0,0,0,0.4,0.92,1.3,1.5,124,104,14.8,15.0,10.7,11.4,10.3,0.25,0.279,0.327,0.357,1,3600.0,767.0,674.0,93.0,952.4,767.0,979.5,793.5,697.3,96.2,952.4,793.5,1013.3,21.13720703125,92.68375396728516,45.90625,227.03004455566406,8.084716796875,60.7578125
39.964848,-6.913391,295.0,2015-03-15 13:00:00,14.3,37,-0.1,13.3,0.0,0.0,0.0,0.0,1,1017.5,982.6,23,0,38,0,0.43,1.03,3.8,4.6,319,321,17.3,16.2,11.0,11.4,10.3,0.249,0.278,0.327,0.357,1,3600.0,806.0,711.0,95.0,961.3,806.0,1023.6,804.4,709.6,94.8,961.3,804.4,1021.5,17.88480090797251,91.34833390149826,47.56005292,229.30804455566405,6.294059711378321,62.640130008030866
39.964848,-6.913391,295.0,2015-03-15 14:00:00,15.4,33,-0.8,13.5,0.0,0.0,0.0,0.0,1,1016.4,981.6,37,0,62,0,0.42,1.17,6.6,8.9,315,317,22.7,16.8,11.4,11.4,10.3,0.248,0.278,0.327,0.357,1,3600.0,758.0,646.0,112.0,897.9,758.0,995.7,729.2,621.4,107.7,897.9,729.2,957.9,20.01311090960492,91.28691114724644,49.44448822,231.78404455566405,7.184784173925523,64.4940694818156
39.964848,-6.913391,295.0,2015-03-15 15:00:00,15.8,31,-1.2,12.8,0.0,0.0,0.0,0.0,0,1015.6,980.9,8,0,13,0,0.35,1.24,7.4,9.4,309,310,23.4,16.8,11.7,11.4,10.3,0.248,0.278,0.326,0.357,1,3600.0,614.0,470.0,144.0,724.6,614.0,897.7,565.4,432.8,132.6,724.6,565.4,826.6,21.03212046671828,91.33669349804171,51.43222228,234.33204455566405,7.533468872399479,66.41939571358641
39.964848,-6.913391,295.0,2015-03-15 16:00:00,15.8,31,-1.3,12.2,0.0,0.0,0.0,0.0,1,1015.1,980.4,26,0,43,0,0.29,1.24,8.9,11.5,317,316,22.7,16.4,12.0,11.4,10.3,0.247,0.277,0.326,0.357,1,3600.0,482.0,347.0,135.0,652.3,482.0,736.3,416.9,300.2,116.8,652.3,416.9,636.9,22.64066423720292,91.38649228449728,53.41995634,236.88004455566406,8.18266976275085,68.32126903633254
39.964848,-6.913391,295.0,2015-03-15 17:00:00,15.4,32,-1.1,12.0,0.0,0.0,0.0,0.0,0,1014.9,980.2,7,0,11,0,0.21,1.19,7.9,10.7,330,327,21.2,15.8,12.2,11.4,10.3,0.247,0.277,0.326,0.357,1,3600.0,367.0,301.0,66.0,797.3,367.0,522.4,282.0,231.3,50.7,797.3,282.0,401.5,22.211689809189583,91.41647415432114,55.33251754,239.35604455566406,7.813777374560985,70.13299725423194
39.964848,-6.913391,295.0,2015-03-15 18:00:00,14.6,38,0.5,11.7,0.0,0.0,0.0,0.0,0,1015.1,980.3,5,0,9,0,0.1,1.03,5.9,10.9,349,351,18.0,14.6,12.3,11.4,10.3,0.247,0.277,0.326,0.357,1,3600.0,161.0,116.0,45.0,592.7,161.0,270.8,81.2,58.5,22.7,592.7,81.2,136.5,19.356479346045543,90.66756403757645,56.99177518,241.68804455566405,6.349849046698323,71.70950861936706
39.964848,-6.913391,295.0,2015-03-15 19:00:00,12.7,45,1.0,9.8,0.0,0.0,0.0,0.0,0,1015.2,980.2,11,1,17,0,0.05,0.82,6.6,14.3,9,12,12.6,12.9,12.3,11.4,10.3,0.247,0.277,0.326,0.357,0,85.53,14.0,7.0,7.0,81.6,14.0,58.5,0.0,0.0,0.0,0.0,0.0,0.0,17.53403896308731,89.39460380472057,58.285566579999994,243.67804455566406,5.481682844954408,72.94918391921692
39.964848,-6.913391,295.0,2015-03-15 20:00:00,11.4,45,-0.2,8.0,0.0,0.0,0.0,0.0,0,1015.5,980.3,10,0,16,0,0.04,0.74,8.4,18.1,20,23,15.5,11.6,12.3,11.4,10.3,0.247,0.277,0.326,0.357,0,0.0,0.0,0.0,0.0,0.0,0.0,0.0,0.0,0.0,0.0,0.0,0.0,0.0,17.702850117207543,88.77513475645671,59.45747907999999,245.43404455566406,5.491441761379268,74.06096820469915
39.964848,-6.913391,295.0,2015-03-15 21:00:00,10.0,46,-1.1,6.4,0.0,0.0,0.0,0.0,0,1015.8,980.4,4,0,6,0,0.04,0.67,9.0,20.2,23,31,16.9,10.6,12.2,11.4,10.3,0.247,0.277,0.326,0.357,0,0.0,0.0,0.0,0.0,0.0,0.0,0.0,0.0,0.0,0.0,0.0,0.0,0.0,17.327742070247886,88.29727511261294,60.47921631999999,246.93804455566405,5.284858385085256,75.02268678297958
39.964848,-6.913391,295.0,2015-03-15 22:00:00,9.1,48,-1.4,5.4,0.0,0.0,0.0,0.0,0,1017.0,981.5,1,0,2,0,0.04,0.61,10.0,21.6,38,44,17.3,10.0,12.0,11.4,10.3,0.247,0.277,0.326,0.357,0,0.0,0.0,0.0,0.0,0.0,0.0,0.0,0.0,0.0,0.0,0.0,0.0,0.0,17.18388285526515,87.80967032755254,61.38333615999999,248.28004455566406,5.182839639772021,75.87155227132216
39.964848,-6.913391,295.0,2015-03-15 23:00:00,8.1,50,-1.6,4.5,0.0,0.0,0.0,0.0,0,1017.0,981.3,1,0,1,0,0.04,0.54,8.9,20.2,40,50,15.8,9.3,11.8,11.4,10.3,0.247,0.277,0.326,0.357,0,0.0,0.0,0.0,0.0,0.0,0.0,0.0,0.0,0.0,0.0,0.0,0.0,0.0,15.734981295262154,87.32812826868262,62.16745215999999,249.44204455566407,4.577191227119964,76.60500182342982
39.964848,-6.913391,295.0,2015-03-16 00:00:00,7.2,54,-1.6,3.7,0.0,0.0,0.0,0.0,0,1017.1,981.3,0,0,0,0,0.03,0.47,7.9,19.2,43,56,14.8,8.6,11.6,11.4,10.3,0.247,0.277,0.326,0.357,0,0.0,0.0,0.0,0.0,0.0,0.0,0.0,0.0,0.0,0.0,0.0,0.0,0.0,14.137481881883422,86.65932390273318,62.81826843999999,250.44204455566407,3.9572337240362683,77.21624470689225
39.964848,-6.913391,295.0,2015-03-16 01:00:00,6.5,58,-1.3,3.1,0.0,0.0,0.0,0.0,0,1016.9,981.0,0,0,0,0,0.02,0.41,7.1,17.6,41,59,14.4,7.9,11.4,11.4,10.3,0.247,0.277,0.326,0.357,0,0.0,0.0,0.0,0.0,0.0,0.0,0.0,0.0,0.0,0.0,0.0,0.0,0.0,12.693048179653879,85.9352793866214,63.36237675999999,251.31604455566406,3.4318815339959747,77.73066824517147
39.964848,-6.913391,295.0,2015-03-16 02:00:00,5.6,63,-0.8,2.3,0.0,0.0,0.0,0.0,0,1016.9,980.9,1,1,0,0,0.01,0.33,6.9,16.6,39,66,14.0,7.1,11.1,11.4,10.3,0.248,0.277,0.326,0.357,0,0.0,0.0,0.0,0.0,0.0,0.0,0.0,0.0,0.0,0.0,0.0,0.0,0.0,11.462342142532899,85.06509440700154,63.78494709999999,252.02804455566405,3.010300228697546,78.13351178524262
39.964848,-6.913391,295.0,2015-03-16 03:00:00,5.0,64,-1.1,1.7,0.0,0.0,0.0,0.0,0,1017.0,980.9,0,0,0,0,0.01,0.31,7.1,16.4,41,71,14.0,6.4,10.9,11.4,10.3,0.248,0.277,0.326,0.357,0,0.0,0.0,0.0,0.0,0.0,0.0,0.0,0.0,0.0,0.0,0.0,0.0,0.0,10.945237869233203,84.55273488350184,64.15927726,252.63204455566407,2.8350192749800662,78.48669618691815
39.964848,-6.913391,295.0,2015-03-16 04:00:00,4.9,61,-1.9,1.4,0.0,0.0,0.0,0.0,0,1017.0,980.9,0,0,0,0,0.02,0.34,7.6,17.0,45,77,14.0,5.9,10.6,11.4,10.4,0.248,0.277,0.326,0.357,0,0.0,0.0,0.0,0.0,0.0,0.0,0.0,0.0,0.0,0.0,0.0,0.0,0.0,11.26365680994409,84.60029394367773,64.55815366,253.21804455566408,2.926202354085816,78.85557147023475
39.964848,-6.913391,295.0,2015-03-16 05:00:00,4.4,65,-1.6,0.9,0.0,0.0,0.0,0.0,0,1017.4,981.2,0,0,0,0,0.01,0.29,7.9,17.9,51,80,15.5,5.5,10.3,11.4,10.4,0.248,0.277,0.326,0.357,0,0.0,0.0,0.0,0.0,0.0,0.0,0.0,0.0,0.0,0.0,0.0,0.0,0.0,10.940018460652253,84.20306678878705,64.88628916,253.7140445556641,2.815509095568861,79.16030131575889
39.964848,-6.913391,295.0,2015-03-16 06:00:00,4.1,66,-1.7,0.7,0.0,0.0,0.0,0.0,0,1017.6,981.4,0,0,0,0,0.01,0.28,7.7,17.9,53,81,15.8,5.2,10.0,11.4,10.4,0.248,0.277,0.326,0.357,0,0.0,0.0,0.0,0.0,0.0,0.0,0.0,0.0,0.0,0.0,0.0,0.0,0.0,10.529722570287591,83.91132433895592,65.18766244,254.1560445556641,2.6807284615949887,79.43820422999062
39.964848,-6.913391,295.0,2015-03-16 07:00:00,3.6,68,-1.8,0.3,0.0,0.0,0.0,0.0,0,1018.0,981.7,0,0,0,0,0.03,0.26,6.9,16.8,51,81,14.8,4.9,9.7,11.3,10.4,0.248,0.277,0.326,0.357,1,0.0,4.0,1.0,3.0,15.3,4.0,30.3,10.6,2.7,8.0,30.5,3.6,80.7,9.8010160425819,83.54829908813086,65.44403428,254.5080445556641,2.4543463812175244,79.6714229170215
39.964848,-6.913391,295.0,2015-03-16 08:00:00,5.4,63,-1.1,1.9,0.0,0.0,0.0,0.0,0,1018.3,982.2,0,0,0,0,0.05,0.33,8.5,15.9,62,84,16.9,6.2,9.5,11.3,10.4,0.248,0.277,0.326,0.357,1,3345.3,120.0,82.0,38.0,500.7,120.0,217.0,193.6,132.3,61.3,522.8,185.4,350.1,10.560534095627412,83.59552653348199,65.85399058,255.1840445556641,2.676953735492441,80.05777168494838
39.964848,-6.913391,295.0,2015-03-16 09:00:00,8.1,52,-1.2,4.4,0.0,0.0,0.0,0.0,0,1018.5,982.8,0,0,0,0,0.14,0.52,9.7,13.8,94,96,22.7,9.2,9.6,11.3,10.4,0.248,0.277,0.326,0.357,1,3600.0,319.0,253.0,66.0,736.9,319.0,475.0,398.8,316.3,82.5,736.9,398.8,593.8,12.327820706198079,84.52168122005158,66.60674194,256.3460445556641,3.2182846722989735,80.7560789137897
39.964848,-6.913391,295.0,2015-03-16 10:00:00,10.1,45,-1.2,6.2,0.0,0.0,0.0,0.0,0,1018.5,983.0,0,0,0,0,0.24,0.68,11.6,15.8,112,111,28.1,10.8,9.7,11.3,10.4,0.248,0.277,0.326,0.357,1,3600.0,509.0,428.0,81.0,847.4,509.0,698.7,579.2,487.0,92.2,847.4,579.2,795.0,15.555246517923596,85.92754486955691,67.65677554000001,257.8680445556641,4.30070510527248,81.71481270903638
39.964848,-6.913391,295.0,2015-03-16 11:00:00,11.8,41,-1.0,8.6,0.0,0.0,0.0,0.0,0,1018.2,982.9,2,0,0,5,0.32,0.82,10.9,14.8,124,124,28.8,12.4,9.9,11.3,10.4,0.248,0.276,0.326,0.357,1,3600.0,659.0,563.0,96.0,892.2,659.0,872.9,709.8,606.4,103.4,892.2,709.8,940.2,17.321320921405853,87.11235384384639,68.95414660000002,259.69604455566406,4.909143806829479,82.88770898049331
39.964848,-6.913391,295.0,2015-03-16 12:00:00,13.2,39,-0.5,10.7,0.0,0.0,0.0,0.0,0,1017.9,982.8,3,0,0,11,0.39,0.93,10.7,13.7,135,135,28.8,13.9,10.1,11.3,10.4,0.247,0.276,0.326,0.357,1,3600.0,764.0,668.0,96.0,937.5,764.0,985.7,790.1,690.8,99.3,937.5,790.1,1019.4,25.393558502197266,92.1754150390625,48.15625,229.93101501464844,10.218432426452637,63.158203125
39.964848,-6.913391,295.0,2015-03-16 13:00:00,14.2,38,0.0,12.1,0.0,0.0,0.0,0.0,0,1016.8,981.9,3,0,0,11,0.42,1.01,10.2,13.3,141,142,28.4,15.1,10.5,11.3,10.4,0.246,0.276,0.325,0.357,1,3600.0,803.0,705.0,98.0,947.3,803.0,1029.5,801.3,703.5,97.8,947.3,801.3,1027.2,21.842806256236027,90.84255763576103,49.77323356,232.19101501464843,8.085575303497286,64.81276871658356
39.964848,-6.913391,295.0,2015-03-16 14:00:00,15.0,36,0.2,12.8,0.0,0.0,0.0,0.0,0,1016.1,981.3,4,0,0,13,0.42,1.09,10.0,12.9,150,150,28.1,15.9,10.8,11.3,10.4,0.245,0.276,0.325,0.357,1,3600.0,778.0,684.0,94.0,945.0,778.0,1001.2,748.5,658.0,90.4,945.0,748.5,963.2,21.642895705387183,90.68936667641327,51.5296534,234.59501501464842,7.831412970757639,66.52703833840705
39.964848,-6.913391,295.0,2015-03-16 15:00:00,15.5,36,0.3,12.8,0.0,0.0,0.0,0.0,0,1015.4,980.7,1,0,0,4,0.38,1.13,10.0,13.0,154,156,27.7,16.3,11.1,11.3,10.4,0.245,0.275,0.325,0.357,1,3600.0,691.0,602.0,89.0,922.2,691.0,902.9,636.5,554.6,82.0,922.2,636.5,831.8,21.933669848183957,90.68726473268285,53.34062044,237.08901501464842,7.829063183628627,68.27802523374741
39.964848,-6.913391,295.0,2015-03-16 16:00:00,15.5,36,0.3,12.0,0.0,0.0,0.0,0.0,0,1014.8,980.1,0,0,0,0,0.31,1.14,10.3,13.2,155,158,26.6,16.1,11.4,11.3,10.4,0.244,0.275,0.325,0.357,1,3600.0,547.0,464.0,83.0,865.8,547.0,741.3,473.6,401.7,71.9,865.8,473.6,641.8,22.4602583602907,90.68631010283914,55.15158748,239.58301501464842,7.947230999466182,70.01173194327043
39.964848,-6.913391,295.0,2015-03-16 17:00:00,15.3,36,0.3,11.8,0.0,0.0,0.0,0.0,0,1014.7,980.0,0,0,0,0,0.22,1.11,9.8,13.5,152,155,25.2,15.4,11.7,11.3,10.4,0.244,0.275,0.325,0.357,1,3600.0,364.0,294.0,70.0,771.2,364.0,527.3,280.5,226.5,53.9,771.2,280.5,406.3,22.290619589232293,90.66489606416822,56.94073564000001,242.04101501464842,7.725844126652836,71.70785462039714
39.964848,-6.913391,295.0,2015-03-16 18:00:00,14.4,41,1.3,11.5,0.0,0.0,0.0,0.0,0,1014.7,979.9,0,0,0,0,0.1,0.97,6.7,13.0,126,134,22.0,14.3,11.8,11.3,10.4,0.244,0.275,0.325,0.357,1,3600.0,163.0,116.0,47.0,582.1,163.0,275.6,83.6,59.5,24.1,582.1,83.6,141.3,18.790997434376802,89.99700738699535,58.49959234000001,244.33701501464841,6.006429817128721,73.19062087869953
39.964848,-6.913391,295.0,2015-03-16 19:00:00,12.4,47,1.4,9.3,0.0,0.0,0.0,0.0,0,1014.7,979.6,3,0,1,7,0.06,0.77,8.3,17.9,90,105,14.8,12.7,11.9,11.3,10.4,0.244,0.275,0.325,0.357,0,140.83,16.0,8.0,8.0,91.4,16.0,60.9,0.0,0.0,0.0,0.0,0.0,0.0,17.829403876099498,88.85657777970029,59.719233640000006,246.27301501464842,5.52809829987444,74.35950581730653
39.964848,-6.913391,295.0,2015-03-16 20:00:00,11.0,50,1.1,7.4,0.0,0.0,0.0,0.0,0,1014.7,979.5,10,2,3,22,0.05,0.66,11.5,23.9,86,97,19.1,11.6,11.8,11.3,10.4,0.244,0.275,0.325,0.357,0,0.0,0.0,0.0,0.0,0.0,0.0,0.0,0.0,0.0,0.0,0.0,0.0,0.0,18.37038675801676,87.94692295401514,60.75051664000001,247.95701501464842,5.7007320917416955,75.34898427644025
39.964848,-6.913391,295.0,2015-03-16 21:00:00,10.1,52,0.8,6.4,0.0,0.0,0.0,0.0,0,1014.8,979.5,10,1,5,21,0.05,0.59,12.2,25.8,88,97,22.7,10.8,11.8,11.3,10.4,0.244,0.275,0.325,0.357,0,0.0,0.0,0.0,0.0,0.0,0.0,0.0,0.0,0.0,0.0,0.0,0.0,0.0,17.755881273357613,87.31821755436269,61.66690960000001,249.4790150146484,5.397620504775343,76.2281248940062
39.964848,-6.913391,295.0,2015-03-16 22:00:00,9.4,55,0.7,5.5,0.0,0.0,0.0,0.0,1,1015.1,979.6,26,6,20,29,0.05,0.54,12.7,26.4,97,104,23.8,10.2,11.7,11.3,10.4,0.244,0.275,0.325,0.357,0,0.0,0.0,0.0,0.0,0.0,0.0,0.0,0.0,0.0,0.0,0.0,0.0,0.0,17.035413168244798,86.69706950157672,62.472333100000014,250.8750150146484,5.067102893884267,77.00539171973419
39.964848,-6.913391,295.0,2015-03-16 23:00:00,8.9,56,0.6,5.1,0.0,0.0,0.0,0.0,2,1015.0,979.5,64,24,38,65,0.04,0.5,12.1,24.5,102,110,23.4,9.8,11.5,11.3,10.4,0.244,0.275,0.325,0.357,0,0.0,0.0,0.0,0.0,0.0,0.0,0.0,0.0,0.0,0.0,0.0,0.0,0.0,16.093546583964734,86.32654543169616,63.22235710000001,252.1810150146484,4.665106059640728,77.72815114062476
39.964848,-6.913391,295.0,2015-03-17 00:00:00,8.5,57,0.6,5.0,0.0,0.0,0.0,0.0,2,1015.0,979.4,67,27,44,54,0.04,0.48,10.6,22.2,108,117,22.3,9.5,11.4,11.3,10.4,0.244,0.275,0.325,0.357,0,0.0,0.0,0.0,0.0,0.0,0.0,0.0,0.0,0.0,0.0,0.0,0.0,0.0,14.827628006888997,86.05337156833619,63.92601598000001,253.41501501464842,4.1622370606477315,78.4057795640457
39.964848,-6.913391,295.0,2015-03-17 01:00:00,8.1,60,0.7,4.8,0.0,0.0,0.0,0.0,2,1015.1,979.5,51,21,38,31,0.03,0.44,9.2,20.0,111,124,21.6,9.2,11.3,11.3,10.4,0.244,0.275,0.325,0.357,0,0.0,0.0,0.0,0.0,0.0,0.0,0.0,0.0,0.0,0.0,0.0,0.0,0.0,13.428380727994412,85.602879422428,64.55330878000001,254.57701501464842,3.641703774406967,79.0161425190476
39.964848,-6.913391,295.0,2015-03-17 02:00:00,7.8,62,1.1,4.6,0.0,0.0,0.0,0.0,1,1014.4,978.8,50,18,37,37,0.02,0.4,8.6,18.0,105,123,19.4,9.0,11.1,11.3,10.4,0.244,0.275,0.325,0.357,0,0.0,0.0,0.0,0.0,0.0,0.0,0.0,0.0,0.0,0.0,0.0,0.0,0.0,12.59561725652076,85.19769465212569,65.1298045,255.68501501464843,3.3400654806500594,79.5810560878517
39.964848,-6.913391,295.0,2015-03-17 03:00:00,7.5,66,1.5,4.4,0.0,0.0,0.0,0.0,1,1014.0,978.4,44,7,42,41,0.02,0.36,8.2,17.0,105,122,17.3,8.8,11.0,11.3,10.4,0.245,0.275,0.325,0.357,0,0.0,0.0,0.0,0.0,0.0,0.0,0.0,0.0,0.0,0.0,0.0,0.0,0.0,11.626619215821163,84.58757636526948,65.62822954,256.73901501464843,3.0108145662967867,80.08052789250661
39.964848,-6.913391,295.0,2015-03-17 04:00:00,6.9,69,1.7,4.0,0.0,0.0,0.0,0.0,0,1013.9,978.2,20,1,30,2,0.01,0.31,7.8,17.3,112,126,15.5,8.3,10.8,11.3,10.4,0.245,0.275,0.325,0.357,0,0.0,0.0,0.0,0.0,0.0,0.0,0.0,0.0,0.0,0.0,0.0,0.0,0.0,10.726510404303973,83.97323124123051,66.05097034,257.68501501464846,2.716555307684628,80.51014416221298
39.964848,-6.913391,295.0,2015-03-17 05:00:00,6.4,73,1.9,3.5,0.0,0.0,0.0,0.0,0,1013.9,978.1,8,4,8,0,0.01,0.26,8.1,18.1,122,137,14.8,7.7,10.7,11.3,10.4,0.245,0.275,0.325,0.357,0,0.0,0.0,0.0,0.0,0.0,0.0,0.0,0.0,0.0,0.0,0.0,0.0,0.0,10.036159102023412,83.22141311724008,66.39615184,258.54101501464845,2.498735439029295,80.87094951063486
39.964848,-6.913391,295.0,2015-03-17 06:00:00,5.9,77,2.2,2.9,0.0,0.0,0.0,0.0,0,1014.3,978.4,15,15,3,0,0.01,0.21,8.6,18.9,123,140,16.2,7.1,10.5,11.2,10.4,0.245,0.275,0.325,0.357,0,0.0,0.0,0.0,0.0,0.0,0.0,0.0,0.0,0.0,0.0,0.0,0.0,0.0,9.382446850352727,82.36913670239532,66.67059244000001,259.30701501464847,2.300402801698889,81.16817892034804
39.964848,-6.913391,295.0,2015-03-17 07:00:00,5.9,80,2.8,2.9,0.0,0.0,0.0,0.0,1,1014.5,978.6,42,35,18,0,0.02,0.18,9.3,19.9,118,134,17.3,6.9,10.3,11.2,10.4,0.245,0.275,0.324,0.357,1,0.0,4.0,1.0,3.0,14.7,4.0,34.1,10.4,2.6,7.8,29.7,3.7,88.1,8.953007300557914,81.60394367217334,66.90923644,260.0730150146485,2.172204246618835,81.43884595784928
39.964848,-6.913391,295.0,2015-03-17 08:00:00,7.2,76,3.3,4.1,0.0,0.0,0.0,0.0,2,1015.0,979.3,65,48,36,0,0.05,0.24,10.7,19.6,123,131,22.0,7.9,10.1,11.2,10.4,0.245,0.275,0.324,0.357,1,3442.73,88.0,48.0,40.0,288.3,88.0,224.3,140.2,76.5,63.7,295.9,136.6,357.4,9.580438141097268,81.65052918791234,67.24879276,261.0730150146485,2.3438631415096345,81.81290652574822
39.964848,-6.913391,295.0,2015-03-17 09:00:00,8.4,73,3.8,5.1,0.0,0.0,0.0,0.0,3,1015.1,979.5,87,66,46,0,0.08,0.3,12.5,18.1,131,133,26.3,9.0,10.1,11.2,10.4,0.245,0.275,0.324,0.357,1,3600.0,150.0,74.0,76.0,212.2,150.0,482.1,186.9,92.2,94.7,212.2,186.9,600.7,10.421228647420007,81.69713008387545,67.68602266,262.2890150146485,2.5806294888067716,82.28566717927933
39.964848,-6.913391,295.0,2015-03-17 10:00:00,9.5,70,4.3,6.1,0.1,0.1,0.0,0.0,51,1015.4,980.0,100,58,73,21,0.13,0.35,13.7,19.1,145,144,32.4,10.1,10.1,11.2,10.4,0.246,0.274,0.324,0.357,1,3600.0,246.0,122.0,124.0,239.1,246.0,705.5,279.5,138.6,140.9,239.1,279.5,801.7,11.37769735990297,82.04164554498365,68.22808546,263.7030150146485,2.857382483644072,82.8600551767962
39.964848,-6.913391,295.0,2015-03-17 11:00:00,9.7,69,4.4,6.4,0.0,0.0,0.0,0.0,3,1015.0,979.6,100,82,82,40,0.13,0.37,14.0,19.4,145,145,34.2,10.4,10.2,11.2,10.4,0.247,0.274,0.324,0.357,1,39.5,231.0,39.0,192.0,61.3,231.0,879.4,248.6,42.0,206.7,61.3,248.6,946.5,11.88845572078725,82.31797517994193,68.79878554,265.1530150146485,3.0007586354956244,83.45971084182713
39.964848,-6.913391,295.0,2015-03-17 12:00:00,10.1,71,5.1,7.1,0.1,0.1,0.0,0.0,51,1014.6,979.3,100,100,89,65,0.15,0.36,12.5,17.1,134,134,30.6,10.9,10.2,11.2,10.4,0.249,0.274,0.324,0.357,1,0.0,280.0,36.0,244.0,50.2,280.0,991.8,289.5,37.2,252.2,50.2,289.5,1025.3,1.0123145580291748,50.94090270996094,30.541015625,218.84759521484375,0.4781774580478668,45.28515625
39.964848,-6.913391,295.0,2015-03-17 13:00:00,10.3,75,6.0,7.6,0.6,0.6,0.0,0.0,53,1013.8,978.5,100,95,91,83,0.14,0.31,11.8,16.1,117,117,28.4,11.2,10.3,11.2,10.4,0.257,0.274,0.324,0.357,1,0.0,256.0,8.0,248.0,10.7,256.0,1035.3,255.4,8.0,247.4,10.7,255.4,1032.9,2.1127556320781724,62.72474604591099,31.026826624999998,220.40559521484374,0.8638489186684475,45.90009129777723
39.964848,-6.913391,295.0,2015-03-17 14:00:00,10.2,84,7.5,8.1,1.3,1.3,0.0,0.0,61,1013.1,977.8,100,71,97,83,0.1,0.2,9.7,14.4,88,89,25.6,11.1,10.4,11.2,10.4,0.272,0.274,0.324,0.357,1,0.0,184.0,0.0,184.0,0.0,184.0,1006.7,177.0,0.0,177.0,0.0,177.0,968.5,0.6169745935614711,53.97295978678772,27.71269784148206,221.94559521484373,0.41309172788816945,42.23992995485308
39.964848,-6.913391,295.0,2015-03-17 15:00:00,10.2,87,8.1,8.0,1.4,1.4,0.0,0.0,61,1012.6,977.3,100,100,91,90,0.07,0.16,12.1,18.6,73,75,22.7,10.9,10.4,11.2,10.4,0.291,0.274,0.324,0.357,1,0.0,127.0,0.0,127.0,0.0,127.0,908.1,117.0,0.0,117.0,0.0,117.0,836.8,0.09321166497394912,40.753767528618994,20.55720230980175,217.91884125873923,0.07360662636560321,33.268508283042536
39.964848,-6.913391,295.0,2015-03-17 16:00:00,10.7,87,8.6,8.3,1.0,1.0,0.0,0.0,55,1012.0,976.8,100,45,80,89,0.08,0.17,13.6,21.7,73,75,26.3,11.0,10.5,11.2,10.4,0.304,0.275,0.324,0.357,1,0.0,141.0,23.0,118.0,42.6,141.0,746.2,122.2,19.9,102.3,42.6,122.2,646.7,0.01580850531410556,33.20232845210731,13.66005196903087,211.26843216014515,0.01572263984469634,23.518496223203385
39.964848,-6.913391,295.0,2015-03-17 17:00:00,10.3,88,8.4,7.7,0.8,0.8,0.0,0.0,53,1011.7,976.5,86,10,79,97,0.06,0.15,15.4,26.2,79,81,27.7,10.7,10.5,11.2,10.4,0.325,0.275,0.324,0.357,1,1161.62,108.0,38.0,70.0,98.7,108.0,532.1,83.4,29.4,54.1,98.7,83.4,411.1,0.003487559746613257,28.273478761456484,8.253908864173946,202.51514048566253,0.004593515834772011,14.981332444749896
39.964848,-6.913391,295.0,2015-03-17 18:00:00,9.6,87,7.6,6.9,1.0,1.0,0.0,0.0,55,1012.8,977.5,100,31,95,100,0.04,0.16,14.8,27.4,91,93,30.6,10.2,10.5,11.2,10.4,0.34,0.275,0.324,0.357,1,0.0,40.0,0.0,40.0,0.0,40.0,280.4,20.8,0.0,20.8,0.0,20.8,146.1,0.001078802997185489,25.579853688193882,4.458025861498438,191.22171250221143,0.0019577456574351396,8.425012757483465
39.964848,-6.913391,295.0,2015-03-17 19:00:00,9.2,88,7.3,6.8,0.5,0.5,0.0,0.0,53,1013.3,977.9,100,94,97,100,0.03,0.14,12.3,23.9,93,97,30.6,9.8,10.5,11.2,10.4,0.349,0.276,0.324,0.357,0,0.0,4.0,0.0,4.0,0.0,4.0,63.3,0.0,0.0,0.0,0.0,0.0,0.0,0.000209596237089996,22.114498466350792,2.071708212711235,178.9296525256074,0.0005330616777211749,4.026855673033587
39.964848,-6.913391,295.0,2015-03-17 20:00:00,8.9,90,7.3,6.7,0.5,0.5,0.0,0.0,53,1014.3,978.8,100,99,97,97,0.0,0.12,10.1,20.7,94,98,25.6,9.5,10.4,11.1,10.4,0.356,0.276,0.324,0.357,0,0.0,0.0,0.0,0.0,0.0,0.0,0.0,0.0,0.0,0.0,0.0,0.0,0.0,2.4981350019241743e-05,17.836164736688836,0.615669994621564,165.7557293752554,9.133070848865677e-05,1.2200112059868984
39.964848,-6.913391,295.0,2015-03-17 21:00:00,8.6,91,7.2,6.6,0.7,0.7,0.0,0.0,53,1014.9,979.4,100,99,96,99,0.0,0.1,9.0,19.0,90,100,24.5,9.3,10.4,11.1,10.4,0.365,0.277,0.324,0.357,0,0.0,0.0,0.0,0.0,0.0,0.0,0.0,0.0,0.0,0.0,0.0,0.0,0.0,5.387258196789234e-06,14.910573108286401,0.14881157999999997,151.32097725401076,2.411082517368348e-05,0.29689323556589936
39.964848,-6.913391,295.0,2015-03-17 22:00:00,8.3,92,7.0,6.4,0.7,0.7,0.0,0.0,53,1015.8,980.2,100,94,97,100,0.0,0.09,7.6,17.1,82,97,23.0,9.1,10.3,11.1,10.4,0.373,0.278,0.324,0.357,0,0.0,0.0,0.0,0.0,0.0,0.0,0.0,0.0,0.0,0.0,0.0,0.0,0.0,1.442360341654609e-06,12.333021025394691,0.12818591999999998,135.77349227776344,6.533195563190574e-06,0.2557681530164237
39.964848,-6.913391,295.0,2015-03-17 23:00:00,8.0,92,6.7,6.2,0.6,0.6,0.0,0.0,53,1015.6,980.0,72,2,79,76,0.0,0.09,7.2,15.5,72,93,22.3,8.9,10.2,11.1,10.4,0.378,0.279,0.324,0.357,0,0.0,0.0,0.0,0.0,0.0,0.0,0.0,0.0,0.0,0.0,0.0,0.0,0.0,8.378468833051539e-07,11.311777688577445,0.12409487999999998,119.47774794391063,3.804379378083398e-06,0.24754697686846494
39.964848,-6.913391,295.0,2015-03-18 00:00:00,7.7,90,6.2,5.8,0.3,0.3,0.0,0.0,51,1015.5,979.8,59,5,51,79,0.0,0.1,6.4,15.1,63,89,23.0,8.7,10.1,11.1,10.4,0.379,0.28,0.324,0.357,0,0.0,0.0,0.0,0.0,0.0,0.0,0.0,0.0,0.0,0.0,0.0,0.0,0.0,1.3731987909497472e-06,12.33054389314431,0.15000480000000002,103.17666568309129,6.142228362138547e-06,0.2989231163945918
39.964848,-6.913391,295.0,2015-03-18 01:00:00,7.3,92,6.1,5.5,0.3,0.3,0.0,0.0,51,1015.8,980.1,100,46,76,96,0.0,0.08,6.2,14.1,54,84,21.2,8.5,10.0,11.1,10.4,0.38,0.282,0.324,0.357,0,0.0,0.0,0.0,0.0,0.0,0.0,0.0,0.0,0.0,0.0,0.0,0.0,0.0,5.163159067521047e-07,10.498686689269261,0.11454911999999999,86.87579479655516,2.358114030506513e-06,0.22834553379416594
39.964848,-6.913391,295.0,2015-03-18 02:00:00,7.3,92,6.0,5.5,0.3,0.3,0.0,0.0,51,1015.6,979.9,100,62,100,99,0.0,0.08,5.4,13.1,48,82,20.2,8.4,9.9,11.1,10.4,0.381,0.283,0.324,0.357,0,0.0,0.0,0.0,0.0,0.0,0.0,0.0,0.0,0.0,0.0,0.0,0.0,0.0,3.226636752764932e-07,9.704710365572538,0.11454911999999999,70.66851993596292,1.4737447631455144e-06,0.22817360320704463
39.964848,-6.913391,295.0,2015-03-18 03:00:00,7.2,92,6.0,5.5,0.4,0.4,0.0,0.0,51,1015.7,980.0,100,94,100,97,0.0,0.08,4.8,11.9,48,87,15.5,8.3,9.9,11.1,10.4,0.383,0.284,0.324,0.357,0,0.0,0.0,0.0,0.0,0.0,0.0,0.0,0.0,0.0,0.0,0.0,0.0,0.0,2.2790524163253435e-07,9.133741483642249,0.11318544,54.365758354099434,1.041893865054464e-06,0.22519876257713017
39.964848,-6.913391,295.0,2015-03-18 04:00:00,7.3,92,6.1,5.6,0.5,0.5,0.0,0.0,53,1015.9,980.2,100,99,100,97,0.0,0.08,5.2,12.3,65,95,16.9,8.3,9.8,11.1,10.4,0.386,0.286,0.324,0.357,0,0.0,0.0,0.0,0.0,0.0,0.0,0.0,0.0,0.0,0.0,0.0,0.0,0.0,2.2723330217246577e-07,9.09130926081882,0.11454911999999999,37.86111410166144,1.038126216436662e-06,0.22737840181949287
39.964848,-6.913391,295.0,2015-03-18 05:00:00,7.3,91,6.0,5.6,0.9,0.9,0.0,0.0,53,1016.2,980.5,100,98,100,99,0.0,0.09,5.4,13.5,82,106,17.3,8.2,9.7,11.1,10.4,0.391,0.288,0.324,0.357,0,0.0,0.0,0.0,0.0,0.0,0.0,0.0,0.0,0.0,0.0,0.0,0.0,0.0,3.445719084545238e-07,9.810510065774475,0.12886776,20.50321907432343,1.5616838116140153e-06,0.25374834358120407
39.964848,-6.913391,295.0,2015-03-18 06:00:00,7.4,90,5.9,5.6,1.1,1.1,0.0,0.0,55,1016.5,980.8,100,93,99,100,0.0,0.1,5.9,14.2,101,106,20.9,8.2,9.6,11.1,10.4,0.398,0.289,0.324,0.357,0,0.0,0.0,0.0,0.0,0.0,0.0,0.0,0.0,0.0,0.0,0.0,0.0,0.0,6.12842676223737e-07,10.839229966519797,0.14489100000000002,2.1205695531608826,2.782747035050136e-06,0.24750427566028202
39.964848,-6.913391,295.0,2015-03-18 07:00:00,7.5,89,5.8,5.7,0.9,0.9,0.0,0.0,53,1016.7,981.0,100,70,94,95,0.02,0.11,5.1,11.6,82,97,14.4,8.2,9.6,11.1,10.4,0.406,0.292,0.324,0.357,1,0.0,2.0,0.0,2.0,0.0,2.0,37.7,5.1,0.0,5.1,0.0,1.9,95.5,7.368432514267159e-07,11.27647989196991,0.16125515999999995,1.054,3.360226894559934e-06,0.23328325842049671
39.964848,-6.913391,295.0,2015-03-18 08:00:00,7.8,89,6.1,6.0,0.4,0.4,0.0,0.0,51,1017.2,981.5,100,77,91,97,0.03,0.11,5.6,10.9,75,84,14.0,8.4,9.5,11.0,10.4,0.404,0.295,0.324,0.357,1,0.0,52.0,4.0,48.0,23.6,52.0,231.6,81.9,6.3,75.6,23.9,81.1,364.5,9.304398840106229e-07,11.674422689898998,0.16688033999999996,1.1079999999999999,4.23128239320096e-06,0.24246435047554554
39.964848,-6.913391,295.0,2015-03-18 09:00:00,8.6,85,6.2,6.3,0.1,0.1,0.0,0.0,51,1017.2,981.6,100,58,66,98,0.07,0.17,9.4,13.7,86,85,21.2,9.1,9.5,11.0,10.4,0.398,0.297,0.324,0.357,1,1251.13,163.0,36.0,127.0,101.7,163.0,489.1,202.5,44.7,157.8,101.7,202.5,607.7,1.568015508341508e-05,17.26816253209618,0.24801929999999991,1.2519999999999996,6.949217139009441e-05,0.3317437609847929
39.964848,-6.913391,295.0,2015-03-18 10:00:00,9.1,78,5.4,5.9,0.1,0.1,0.0,0.0,51,1017.4,981.8,100,74,84,92,0.11,0.26,14.1,19.5,93,94,28.8,9.4,9.5,11.0,10.4,0.394,0.299,0.324,0.357,1,1866.67,229.0,63.0,166.0,122.2,229.0,712.3,259.9,71.5,188.4,122.2,259.9,808.3,0.00046487189532945343,25.75512173191832,0.38251223999999984,1.3419999999999994,0.001998443098470612,0.4467090972964744
39.964848,-6.913391,295.0,2015-03-18 11:00:00,9.7,74,5.3,6.7,0.1,0.1,0.0,0.0,51,1017.7,982.2,100,91,92,90,0.15,0.31,12.9,18.4,103,102,31.0,10.0,9.6,11.0,10.4,0.391,0.301,0.324,0.357,1,2692.67,313.0,96.0,217.0,149.8,313.0,885.8,336.7,103.3,233.4,149.8,336.7,952.8,0.0012082257151443002,29.07172910930444,0.47865167999999997,1.45,0.005095008313480305,0.5244746305980452
39.964848,-6.913391,295.0,2015-03-18 12:00:00,9.6,77,5.8,6.7,0.3,0.3,0.0,0.0,51,1017.5,982.0,100,96,98,99,0.14,0.27,12.9,18.3,113,112,31.3,10.2,9.7,11.0,10.4,0.389,0.302,0.324,0.357,1,1647.86,288.0,83.0,205.0,114.9,288.0,997.9,297.6,85.8,211.8,114.9,297.6,1031.2,0.8829697966575623,56.0015754699707,23.077882766723633,214.60659790039062,0.5623911023139954,36.322059631347656
39.964848,-6.913391,295.0,2015-03-18 13:00:00,9.2,80,6.0,6.4,0.4,0.4,0.0,0.0,51,1017.5,981.9,100,79,98,100,0.13,0.23,12.5,18.0,123,123,32.4,10.1,9.7,11.0,10.4,0.389,0.304,0.324,0.357,1,111.42,258.0,48.0,210.0,63.7,258.0,1041.0,257.4,47.9,209.5,63.7,257.4,1038.4,0.006406253139405298,30.55197076740471,10.361712158820788,179.48858925664973,0.007519363234966214,18.109772757018384
39.964848,-6.913391,295.0,2015-03-18 14:00:00,9.1,81,6.0,6.6,0.4,0.4,0.0,0.0,51,1017.2,981.6,100,56,99,100,0.12,0.22,10.5,15.1,117,115,34.2,10.1,9.8,11.0,10.4,0.389,0.305,0.324,0.357,1,0.0,250.0,23.0,227.0,31.4,250.0,1012.1,240.5,22.1,218.4,31.4,240.5,973.8,0.00046886437259863255,23.610054648486358,4.870860274470583,147.76468462079274,0.000822131191734334,9.000035930658502
39.964848,-6.913391,295.0,2015-03-18 15:00:00,9.0,81,5.9,6.4,0.3,0.3,0.0,0.0,51,1016.8,981.2,100,56,96,96,0.1,0.22,10.9,14.9,99,98,32.0,10.1,9.8,11.0,10.4,0.387,0.307,0.324,0.357,1,0.0,205.0,37.0,168.0,56.0,205.0,913.2,189.0,34.1,154.9,56.0,189.0,841.8,0.00025694499694069677,22.855980634651704,2.163164616456935,120.64558691417005,0.0006462384821927258,4.140722279706215
39.964848,-6.913391,295.0,2015-03-18 16:00:00,9.5,78,5.8,6.9,0.2,0.2,0.0,0.0,51,1016.2,980.7,100,68,87,90,0.12,0.27,10.9,14.9,82,83,25.2,10.4,9.9,11.0,10.4,0.385,0.308,0.324,0.357,1,628.14,245.0,44.0,201.0,80.9,245.0,751.1,212.5,38.2,174.3,80.9,212.5,651.5,0.0004511242253292709,25.457039970352387,0.818504464305013,97.90803774581505,0.001546417398431878,1.6034961349925447
39.964848,-6.913391,295.0,2015-03-18 17:00:00,9.1,78,5.6,6.8,0.1,0.1,0.0,0.0,51,1015.9,980.4,100,90,50,30,0.07,0.25,8.9,12.9,76,77,23.0,10.1,9.9,11.0,10.4,0.382,0.309,0.324,0.357,1,902.11,127.0,35.0,92.0,90.1,127.0,536.9,98.4,27.1,71.3,90.1,98.4,415.8,0.0002701975405764957,24.666542146166808,0.38251223999999984,78.17358350113676,0.0010811752780217519,0.7557791959715316
39.964848,-6.913391,295.0,2015-03-18 18:00:00,8.9,80,5.5,6.7,0.0,0.0,0.0,0.0,2,1015.8,980.3,55,38,34,0,0.05,0.23,7.5,12.0,73,74,20.9,9.8,9.9,10.9,10.4,0.38,0.31,0.324,0.357,1,3287.65,109.0,35.0,74.0,169.6,109.0,285.1,57.7,18.5,39.2,169.6,57.7,150.9,0.00012093357126053055,22.572590064684903,0.34092,60.90691318510334,0.0004927839614693085,0.6724303556404088
39.964848,-6.913391,295.0,2015-03-18 19:00:00,8.8,75,4.5,6.6,0.0,0.0,0.0,0.0,1,1015.7,980.2,27,18,18,0,0.02,0.29,5.8,11.8,60,70,16.2,9.3,9.9,10.9,10.4,0.377,0.311,0.324,0.357,0,0.0,12.0,3.0,9.0,33.0,12.0,65.7,0.0,0.0,0.0,0.0,0.0,0.0,0.00019676479627747347,24.13887114654709,0.42188850000000006,46.21360086582395,0.0007759622193692973,0.8249493900420972
39.964848,-6.913391,295.0,2015-03-18 20:00:00,7.8,79,4.4,5.4,0.0,0.0,0.0,0.0,0,1016.1,980.4,10,7,7,0,0.0,0.22,7.4,12.6,43,66,12.2,8.6,9.8,10.9,10.4,0.375,0.312,0.324,0.357,0,0.0,0.0,0.0,0.0,0.0,0.0,0.0,0.0,0.0,0.0,0.0,0.0,0.0,0.00013657029950863152,22.965271158176474,0.31858974,32.789005750106874,0.0005628578202527927,0.6220688693833388
39.964848,-6.913391,295.0,2015-03-18 21:00:00,6.8,83,4.2,4.6,0.0,0.0,0.0,0.0,0,1016.3,980.5,10,7,7,0,0.0,0.17,5.8,13.2,30,61,11.9,7.9,9.7,10.9,10.4,0.373,0.312,0.324,0.357,0,0.0,0.0,0.0,0.0,0.0,0.0,0.0,0.0,0.0,0.0,0.0,0.0,0.0,2.7236868045031716e-05,18.979541599449217,0.22892778,20.51272385740498,0.00011712700268702312,0.44542781022219363
39.964848,-6.913391,295.0,2015-03-18 22:00:00,6.0,87,3.9,3.7,0.0,0.0,0.0,0.0,0,1016.6,980.7,9,7,5,0,0.0,0.12,6.1,14.0,28,64,12.2,7.3,9.6,10.9,10.4,0.37,0.313,0.324,0.357,0,0.0,0.0,0.0,0.0,0.0,0.0,0.0,0.0,0.0,0.0,0.0,0.0,0.0,7.004106815179298e-06,15.81232049400574,0.15733457999999997,9.652846675745806,3.129835529467507e-05,0.3023489734406202
39.964848,-6.913391,295.0,2015-03-18 23:00:00,5.5,88,3.7,3.0,0.0,0.0,0.0,0.0,0,1016.6,980.6,3,3,0,1,0.0,0.11,7.2,16.3,27,62,13.7,6.9,9.4,10.9,10.4,0.369,0.314,0.324,0.357,0,0.0,0.0,0.0,0.0,0.0,0.0,0.0,0.0,0.0,0.0,0.0,0.0,0.0,5.338338366359553e-06,15.166032986340849,0.13500431999999998,0.694,2.47430100658121e-05,0.181661690948849
39.964848,-6.913391,295.0,2015-03-19 00:00:00,5.3,88,3.5,2.7,0.0,0.0,0.0,0.0,0,1016.5,980.5,4,1,0,11,0.0,0.11,8.0,17.7,27,57,14.8,6.6,9.3,10.9,10.4,0.367,0.314,0.324,0.357,0,0.0,0.0,0.0,0.0,0.0,0.0,0.0,0.0,0.0,0.0,0.0,0.0,0.0,6.860615378110097e-06,15.638125883853554,0.13091328,0.6579999999999999,3.186949253462179e-05,0.17485518527059019
39.964848,-6.913391,295.0,2015-03-19 01:00:00,5.0,88,3.2,2.2,0.0,0.0,0.0,0.0,0,1015.9,979.9,7,0,0,24,0.0,0.11,8.6,18.2,22,52,15.1,6.3,9.1,10.9,10.4,0.365,0.315,0.324,0.357,0,0.0,0.0,0.0,0.0,0.0,0.0,0.0,0.0,0.0,0.0,0.0,0.0,0.0,8.556685553138682e-06,16.075431660780332,0.12477671999999998,0.6039999999999999,3.9883727129667754e-05,0.1645631608471193
39.964848,-6.913391,295.0,2015-03-19 02:00:00,4.8,88,3.0,1.9,0.0,0.0,0.0,0.0,0,1015.6,979.6,18,0,0,60,0.0,0.11,9.2,19.1,21,46,15.8,6.1,8.9,10.9,10.4,0.364,0.315,0.324,0.357,0,0.0,0.0,0.0,0.0,0.0,0.0,0.0,0.0,0.0,0.0,0.0,0.0,0.0,1.0861765938104187e-05,16.557470820888042,0.12068567999999999,0.5679999999999998,5.0745570574072394e-05,0.15763676444514757
39.964848,-6.913391,295.0,2015-03-19 03:00:00,4.8,87,2.8,1.8,0.0,0.0,0.0,0.0,0,1015.1,979.1,15,0,0,50,0.0,0.11,9.2,19.6,21,44,16.6,5.9,8.8,10.9,10.4,0.362,0.316,0.324,0.356,0,0.0,0.0,0.0,0.0,0.0,0.0,0.0,0.0,0.0,0.0,0.0,0.0,0.0,1.7447681169598673e-05,17.66522855286672,0.13074282,0.5679999999999998,8.128750739990045e-05,0.16597493814235464
39.964848,-6.913391,295.0,2015-03-19 04:00:00,4.8,86,2.6,1.8,0.0,0.0,0.0,0.0,0,1014.7,978.7,7,8,0,0,0.0,0.12,9.2,19.9,21,44,17.6,5.6,8.6,10.8,10.4,0.361,0.316,0.324,0.356,0,0.0,0.0,0.0,0.0,0.0,0.0,0.0,0.0,0.0,0.0,0.0,0.0,0.0,3.068482019711129e-05,19.04313270469705,0.14079996,0.5679999999999998,0.00014258636565253624,0.17385736081058267
39.964848,-6.913391,295.0,2015-03-19 05:00:00,4.8,86,2.6,1.7,0.0,0.0,0.0,0.0,0,1014.9,978.9,12,12,0,5,0.0,0.12,9.6,20.2,20,41,19.1,5.6,8.4,10.8,10.4,0.36,0.317,0.324,0.356,0,0.0,0.0,0.0,0.0,0.0,0.0,0.0,0.0,0.0,0.0,0.0,0.0,0.0,4.82221919547035e-05,20.14746975418131,0.14079996,0.5679999999999998,0.00022407910655664994,0.17385736081058267
39.964848,-6.913391,295.0,2015-03-19 06:00:00,4.8,85,2.5,1.7,0.0,0.0,0.0,0.0,0,1014.9,978.9,16,12,3,10,0.0,0.13,9.3,20.0,16,38,19.4,5.5,8.3,10.8,10.4,0.359,0.317,0.324,0.356,0,0.0,0.0,0.0,0.0,0.0,0.0,0.0,0.0,0.0,0.0,0.0,0.0,0.0,0.00010516302229583858,22.286980075365285,0.15085709999999997,0.5679999999999998,0.0004874810006030647,0.18132040435161773
39.964848,-6.913391,295.0,2015-03-19 07:00:00,4.6,86,2.5,1.5,0.0,0.0,0.0,0.0,0,1015.0,979.0,13,6,7,12,0.02,0.12,10.1,20.2,17,35,19.4,5.4,8.1,10.8,10.4,0.357,0.317,0.324,0.356,1,0.0,6.0,2.0,4.0,27.2,6.0,41.4,14.9,5.0,9.9,57.0,6.1,102.8,0.00026412396100071515,24.876420447583975,0.13602707999999997,0.5319999999999998,0.0012305387961983518,0.16596511156186608
39.964848,-6.913391,295.0,2015-03-19 08:00:00,6.5,83,3.8,3.4,0.0,0.0,0.0,0.0,0,1015.4,979.6,5,1,3,7,0.04,0.16,11.0,20.3,23,37,21.6,6.4,8.1,10.8,10.4,0.356,0.318,0.324,0.356,1,3600.0,125.0,82.0,43.0,474.2,125.0,238.8,194.5,127.6,66.9,474.2,194.5,371.7,0.0024195682438897053,32.21222208042829,0.22023431999999998,1.406,0.010768805599377254,0.31652018932162335
39.964848,-6.913391,295.0,2015-03-19 09:00:00,9.7,72,4.9,7.1,0.0,0.0,0.0,0.0,0,1015.2,979.8,0,0,0,0,0.14,0.34,10.0,15.3,41,43,23.4,8.9,8.2,10.8,10.4,0.355,0.318,0.324,0.356,1,3600.0,328.0,260.0,68.0,723.8,328.0,496.1,406.3,322.0,84.2,723.8,406.3,614.5,0.035493151332961735,45.33949855447721,0.51547104,2.856,0.14342279046706186,0.7103979765470781
39.964848,-6.913391,295.0,2015-03-19 10:00:00,11.7,63,4.9,8.5,0.0,0.0,0.0,0.0,0,1015.1,979.9,5,2,3,4,0.23,0.51,13.6,18.7,68,67,29.5,10.5,8.4,10.7,10.4,0.353,0.318,0.324,0.356,1,3600.0,514.0,434.0,80.0,833.7,514.0,719.0,582.5,491.9,90.7,833.7,582.5,814.8,0.2014259934031653,58.76959271188641,0.8072985599999999,4.6659999999999995,0.7489025192335617,1.1270844476828383
39.964848,-6.913391,295.0,2015-03-19 11:00:00,13.3,55,4.5,10.0,0.0,0.0,0.0,0.0,1,1014.4,979.4,37,22,10,37,0.32,0.68,17.3,23.7,78,77,35.3,12.1,8.7,10.7,10.4,0.352,0.318,0.323,0.356,1,3600.0,653.0,553.0,100.0,856.0,653.0,892.2,701.9,594.4,107.5,856.0,701.9,958.9,0.433846292052185,69.02159541853788,1.311463619991506,6.763999999999999,1.4500212175559941,1.7666117870727283
39.964848,-6.913391,295.0,2015-03-19 12:00:00,14.4,49,3.8,10.8,0.0,0.0,0.0,0.0,2,1013.5,978.7,67,59,23,1,0.34,0.84,18.4,25.3,79,79,41.4,13.0,9.0,10.7,10.4,0.35,0.318,0.323,0.356,1,3600.0,647.0,507.0,140.0,697.5,647.0,1003.9,668.4,523.7,144.6,697.5,668.4,1037.0,6.861572265625,79.3876953125,24.730226516723633,217.30726623535156,2.752197265625,38.623504638671875
39.964848,-6.913391,295.0,2015-03-19 13:00:00,14.9,47,3.5,10.8,0.0,0.0,0.0,0.0,3,1012.4,977.7,100,93,82,47,0.32,0.91,17.7,24.3,78,78,40.7,13.5,9.4,10.7,10.4,0.348,0.318,0.323,0.356,1,3600.0,549.0,271.0,278.0,357.6,549.0,1046.6,547.6,270.3,277.3,357.6,547.6,1043.9,6.956350001213352,79.77584650826181,26.17572731672363,219.69326623535156,2.711152360281909,40.33654055942628
39.964848,-6.913391,295.0,2015-03-19 14:00:00,15.1,45,3.3,11.0,0.0,0.0,0.0,0.0,3,1011.3,976.7,100,30,90,97,0.28,0.94,17.5,24.1,81,81,39.2,13.5,9.7,10.7,10.4,0.346,0.318,0.323,0.356,1,3600.0,439.0,184.0,255.0,249.8,439.0,1017.4,422.4,177.0,245.4,249.8,422.4,978.9,9.401748155510822,82.57291511843196,27.69452591672363,222.11526623535156,3.694799878838734,42.22648784378118
39.964848,-6.913391,295.0,2015-03-19 15:00:00,15.5,44,3.2,11.4,0.0,0.0,0.0,0.0,3,1010.6,976.0,93,15,83,99,0.27,0.99,17.2,24.2,79,79,37.4,13.7,9.9,10.7,10.4,0.345,0.318,0.323,0.356,1,2937.36,384.0,105.0,279.0,157.9,384.0,918.2,354.1,96.8,257.3,157.9,354.1,846.7,13.625417901607296,85.86174077599561,29.27912207672363,224.60926623535155,5.650481415662476,44.165251645320055
39.964848,-6.913391,295.0,2015-03-19 16:00:00,15.4,46,3.8,11.8,0.0,0.0,0.0,0.0,2,1010.1,975.5,71,11,54,96,0.22,0.95,14.6,21.6,80,79,35.3,13.6,10.2,10.7,10.4,0.344,0.318,0.323,0.356,1,3600.0,304.0,100.0,204.0,182.7,304.0,755.9,263.9,86.8,177.1,182.7,263.9,656.2,14.204731744496002,86.96515410164339,30.79792067672363,227.08526623535155,5.792644473506543,45.999424191422555
39.964848,-6.913391,295.0,2015-03-19 17:00:00,14.9,50,4.7,12.0,0.0,0.0,0.0,0.0,1,1009.9,975.3,49,3,35,84,0.15,0.84,11.3,17.2,81,79,26.6,13.3,10.4,10.7,10.4,0.343,0.318,0.323,0.356,1,2330.4,189.0,54.0,135.0,137.7,189.0,541.6,146.7,41.9,104.8,137.7,146.7,420.5,12.78351145323132,87.01350962285737,32.16160067672363,229.47126623535155,4.939094033508216,47.63312206754296
39.964848,-6.913391,295.0,2015-03-19 18:00:00,14.0,58,5.7,12.0,0.0,0.0,0.0,0.0,2,1009.5,974.8,58,7,53,66,0.07,0.68,6.2,13.5,69,74,15.8,12.7,10.6,10.7,10.4,0.342,0.318,0.323,0.356,1,1344.4,94.0,22.0,72.0,104.8,94.0,289.8,50.5,11.8,38.7,104.8,50.5,155.6,10.217723853239056,86.74382982726698,33.24265799672363,231.69526623535154,3.676156564288785,48.933416349964574
39.964848,-6.913391,295.0,2015-03-19 19:00:00,12.2,63,5.4,9.8,0.4,0.4,0.0,0.0,51,1010.1,975.2,61,4,61,68,0.04,0.52,8.4,18.9,70,77,18.0,11.6,10.6,10.7,10.4,0.346,0.318,0.323,0.356,0,0.0,15.0,5.0,10.0,53.9,15.0,68.0,0.0,0.0,0.0,0.0,0.0,0.0,10.246453030793983,85.87857240008601,34.08149165672363,233.59526623535154,3.6352090313791776,49.94542161484257
39.964848,-6.913391,295.0,2015-03-19 20:00:00,10.8,76,6.7,8.7,0.6,0.6,0.0,0.0,53,1011.1,976.0,82,7,80,91,0.01,0.31,8.8,20.1,71,80,21.2,10.7,10.7,10.7,10.4,0.354,0.319,0.323,0.356,0,0.0,0.0,0.0,0.0,0.0,0.0,0.0,0.0,0.0,0.0,0.0,0.0,0.0,4.347820465388196,77.7298275290645,34.56832541672363,235.24326623535154,1.4354362757483443,50.56185188567012
39.964848,-6.913391,295.0,2015-03-19 21:00:00,10.1,80,6.9,7.9,0.2,0.2,0.0,0.0,51,1011.1,975.9,80,15,65,90,0.01,0.25,9.7,22.1,31,44,24.8,10.2,10.6,10.7,10.4,0.357,0.319,0.323,0.356,0,0.0,0.0,0.0,0.0,0.0,0.0,0.0,0.0,0.0,0.0,0.0,0.0,0.0,3.0673699241188457,70.92716488449628,34.95015581672363,236.76526623535153,1.0512925229548695,51.05797621759891
39.964848,-6.913391,295.0,2015-03-19 22:00:00,10.1,80,6.8,7.3,0.3,0.3,0.0,0.0,51,1011.1,975.9,51,25,41,12,0.01,0.25,13.4,27.5,24,34,31.3,9.9,10.6,10.7,10.4,0.359,0.319,0.323,0.356,0,0.0,0.0,0.0,0.0,0.0,0.0,0.0,0.0,0.0,0.0,0.0,0.0,0.0,3.07343176746619,65.52826906839425,34.5732238390908,238.28726623535152,1.0576589180996518,50.741258480965776
39.964848,-6.913391,295.0,2015-03-19 23:00:00,9.8,80,6.5,6.9,0.0,0.0,0.0,0.0,0,1010.7,975.5,17,9,14,1,0.02,0.24,13.8,28.8,28,37,31.0,9.6,10.5,10.7,10.4,0.358,0.32,0.323,0.356,0,0.0,0.0,0.0,0.0,0.0,0.0,0.0,0.0,0.0,0.0,0.0,0.0,0.0,2.778798188997653,63.04316399822078,34.9448266390908,239.7552662353515,0.9703377350818027,51.22447130417667
39.964848,-6.913391,295.0,2015-03-20 00:00:00,9.3,81,6.1,6.3,0.0,0.0,0.0,0.0,0,1010.7,975.4,19,12,12,3,0.01,0.23,13.7,29.1,30,40,31.0,9.2,10.4,10.7,10.4,0.357,0.32,0.323,0.356,0,0.0,0.0,0.0,0.0,0.0,0.0,0.0,0.0,0.0,0.0,0.0,0.0,0.0,2.448555988942894,61.22223068985494,35.2816555990908,241.13326623535153,0.8781003087947419,51.66483197849063
39.964848,-6.913391,295.0,2015-03-20 01:00:00,9.0,81,6.0,6.0,0.0,0.0,0.0,0.0,1,1010.7,975.4,25,6,5,55,0.01,0.21,14.2,29.6,30,40,30.6,9.0,10.3,10.7,10.4,0.356,0.32,0.323,0.356,0,0.0,0.0,0.0,0.0,0.0,0.0,0.0,0.0,0.0,0.0,0.0,0.0,0.0,2.3743706694019595,60.322976661258984,35.608768339090794,242.45726623535154,0.8541568111948574,52.091382879734496
39.964848,-6.913391,295.0,2015-03-20 02:00:00,8.8,82,5.8,5.7,0.0,0.0,0.0,0.0,0,1010.0,974.7,6,4,4,0,0.01,0.21,14.1,29.6,32,41,30.6,8.8,10.2,10.7,10.4,0.355,0.321,0.323,0.356,0,0.0,0.0,0.0,0.0,0.0,0.0,0.0,0.0,0.0,0.0,0.0,0.0,0.0,2.125674244164867,59.32136286648865,35.14222312388243,243.74526623535155,0.7973232083552656,51.66302319121465
39.964848,-6.913391,295.0,2015-03-20 03:00:00,8.5,82,5.6,5.5,0.0,0.0,0.0,0.0,0,1009.7,974.3,3,2,2,0,0.01,0.2,13.6,29.3,32,43,29.2,8.6,10.1,10.7,10.4,0.354,0.321,0.323,0.356,0,0.0,0.0,0.0,0.0,0.0,0.0,0.0,0.0,0.0,0.0,0.0,0.0,0.0,1.8948733591701041,58.56595227839066,35.43677800388243,244.97926623535156,0.7383102301051719,52.050510238777626
39.964848,-6.913391,295.0,2015-03-20 04:00:00,8.5,82,5.5,5.5,0.0,0.0,0.0,0.0,1,1009.5,974.1,37,1,12,97,0.01,0.2,12.7,27.5,35,45,27.7,8.5,10.0,10.7,10.4,0.353,0.321,0.323,0.356,0,0.0,0.0,0.0,0.0,0.0,0.0,0.0,0.0,0.0,0.0,0.0,0.0,0.0,1.6274019839076828,57.95308174381336,35.73133288388243,246.21326623535157,0.6750292319429161,52.437779500677
39.964848,-6.913391,295.0,2015-03-20 05:00:00,8.5,81,5.4,5.4,0.0,0.0,0.0,0.0,2,1009.7,974.3,69,0,65,99,0.01,0.21,13.2,27.5,35,45,27.0,8.5,10.0,10.7,10.4,0.353,0.321,0.323,0.356,0,0.0,0.0,0.0,0.0,0.0,0.0,0.0,0.0,0.0,0.0,0.0,0.0,0.0,1.7862918933349923,58.21869008283431,36.04225192388243,247.44726623535158,0.7058396889945272,52.84242447346725
39.964848,-6.913391,295.0,2015-03-20 06:00:00,8.7,79,5.3,5.6,0.0,0.0,0.0,0.0,2,1009.7,974.4,59,6,41,97,0.02,0.23,13.8,28.2,28,35,30.2,8.6,9.9,10.7,10.4,0.352,0.322,0.323,0.356,0,0.0,0.0,0.0,0.0,0.0,0.0,0.0,0.0,0.0,0.0,0.0,0.0,0.0,2.1410604205284196,59.457135575007854,35.615062320013145,248.7172662353516,0.7924321071511454,52.45271265718131
39.964848,-6.913391,295.0,2015-03-20 07:00:00,8.7,80,5.5,5.5,0.0,0.0,0.0,0.0,1,1009.6,974.3,49,20,52,0,0.04,0.22,14.8,29.8,18,25,29.9,8.6,9.8,10.6,10.4,0.351,0.322,0.323,0.356,1,0.0,5.0,0.0,5.0,0.0,5.0,45.1,12.2,0.0,12.2,0.0,5.2,110.1,2.42344288336341,59.89458585085623,35.94916392001314,249.9872662353516,0.8572295430634596,52.88547376539321
39.964848,-6.913391,295.0,2015-03-20 08:00:00,9.8,78,6.1,6.4,0.0,0.0,0.0,0.0,2,1009.6,974.4,64,21,75,0,0.06,0.27,17.0,31.7,21,26,34.9,9.2,9.8,10.6,10.4,0.35,0.322,0.323,0.356,1,3600.0,90.0,51.0,39.0,286.2,90.0,246.0,138.6,78.5,60.0,286.2,138.6,378.7,3.2981601140415684,61.97417713831856,36.35792700001314,251.4552662353516,1.0804409448405132,53.40960991626506
39.964848,-6.913391,295.0,2015-03-20 09:00:00,11.2,72,6.3,7.6,0.0,0.0,0.0,0.0,1,1009.2,974.2,41,18,41,0,0.11,0.37,18.2,29.3,30,32,37.4,10.1,9.8,10.6,10.4,0.349,0.322,0.323,0.356,1,3600.0,190.0,99.0,91.0,271.6,190.0,503.1,234.7,122.3,112.4,271.6,234.7,621.3,4.3695114863802935,66.04321809479877,36.94499124001314,253.1752662353516,1.3732650210669917,54.13913904684374
39.964848,-6.913391,295.0,2015-03-20 10:00:00,13.1,63,6.1,9.6,0.0,0.0,0.0,0.0,1,1009.3,974.5,43,26,32,0,0.19,0.57,17.6,25.5,43,44,39.2,11.5,9.9,10.6,10.4,0.348,0.322,0.323,0.356,1,3600.0,352.0,246.0,106.0,468.0,352.0,725.6,398.4,278.4,120.0,468.0,398.4,821.3,5.039790719301865,71.02725831757091,37.04633050421305,255.2372662353516,1.5706209838553575,54.36550271323826
39.964848,-6.913391,295.0,2015-03-20 11:00:00,14.9,54,5.8,11.5,0.0,0.0,0.0,0.0,2,1008.8,974.2,57,35,40,6,0.28,0.78,16.5,23.1,58,59,38.2,12.9,10.2,10.6,10.4,0.347,0.322,0.323,0.356,1,3600.0,501.0,355.0,146.0,545.4,501.0,898.4,538.1,381.3,156.8,545.4,538.1,965.0,5.888776015804122,75.43530778208311,38.30091610421305,257.6232662353516,1.803312040646572,55.84544219423659
39.964848,-6.913391,295.0,2015-03-20 12:00:00,16.6,49,6.0,13.5,0.0,0.0,0.0,0.0,2,1008.3,973.9,64,41,25,42,0.37,0.96,18.4,25.6,73,73,39.2,14.5,10.5,10.6,10.4,0.345,0.322,0.323,0.356,1,3600.0,659.0,533.0,126.0,728.6,659.0,1009.8,680.5,550.4,130.1,728.6,680.5,1042.7,10.82666015625,81.970703125,25.6005859375,220.2078857421875,4.57080078125,39.701171875
39.964848,-6.913391,295.0,2015-03-20 13:00:00,17.9,47,6.4,14.9,0.0,0.0,0.0,0.0,3,1007.4,973.2,100,86,59,71,0.44,1.1,22.0,30.6,91,90,40.3,15.8,10.8,10.6,10.4,0.343,0.322,0.323,0.356,1,3600.0,768.0,609.0,159.0,798.9,768.0,1052.1,765.9,607.3,158.6,798.9,765.9,1049.2,10.34443106277296,81.7024319133488,27.3171181375,223.1338857421875,4.167718159195078,41.831274299152625
39.964848,-6.913391,295.0,2015-03-20 14:00:00,18.3,45,6.3,15.1,0.0,0.0,0.0,0.0,3,1006.9,972.8,100,62,65,77,0.39,1.15,18.4,26.3,101,100,41.8,16.3,11.2,10.6,10.4,0.342,0.322,0.322,0.356,1,3600.0,623.0,426.0,197.0,575.0,623.0,1022.6,599.5,409.9,189.6,575.0,599.5,984.0,9.16527431974228,81.80888309803288,28.50161957012724,226.13188574218748,3.5207232170931464,43.345190399171535
39.964848,-6.913391,295.0,2015-03-20 15:00:00,17.7,49,6.8,14.5,0.0,0.0,0.0,0.0,3,1007.1,972.9,80,12,74,83,0.3,1.04,16.6,24.0,120,118,40.3,16.2,11.5,10.6,10.4,0.34,0.321,0.322,0.356,1,3600.0,458.0,256.0,202.0,382.7,458.0,923.2,422.5,236.1,186.3,382.7,422.5,851.6,7.665089552824124,80.53638050879563,30.13599005012724,229.02188574218746,2.7793061669318035,45.352602657350836
39.964848,-6.913391,295.0,2015-03-20 16:00:00,16.1,56,7.4,13.6,0.0,0.0,0.0,0.0,2,1007.3,972.9,68,0,64,97,0.21,0.8,13.1,19.2,122,120,36.4,15.6,11.8,10.6,10.4,0.34,0.321,0.322,0.356,1,3600.0,326.0,154.0,172.0,279.4,326.0,760.7,283.2,133.8,149.4,279.4,283.2,660.9,5.087032061286719,77.57332519719145,31.42603133012724,231.62388574218747,1.760466018005005,46.93280763241907
39.964848,-6.913391,295.0,2015-03-20 17:00:00,14.7,64,7.9,12.9,0.0,0.0,0.0,0.0,2,1007.2,972.7,75,2,74,97,0.13,0.61,8.7,12.9,114,113,33.1,14.8,11.9,10.6,10.4,0.34,0.321,0.322,0.356,1,3600.0,201.0,87.0,114.0,219.8,201.0,546.3,156.4,67.7,88.7,219.8,156.4,425.1,3.0735006678412646,73.41056518905513,32.39560781012724,233.97388574218746,1.0982102747939617,48.1309139174836
39.964848,-6.913391,295.0,2015-03-20 18:00:00,13.7,67,7.7,12.4,0.0,0.0,0.0,0.0,2,1007.4,972.7,68,0,68,92,0.06,0.51,4.8,9.7,103,105,25.2,13.8,12.0,10.7,10.4,0.34,0.322,0.322,0.356,1,2698.82,97.0,32.0,65.0,150.0,97.0,294.5,52.8,17.4,35.4,150.0,52.8,160.3,1.9128281572733694,69.42420499514105,32.513032488350376,236.14388574218745,0.7822773363797545,48.37500730494817
39.964848,-6.913391,295.0,2015-03-20 19:00:00,12.2,75,7.9,11.1,0.3,0.3,0.0,0.0,51,1007.8,972.9,84,4,90,87,0.02,0.36,4.5,8.0,104,95,16.6,12.7,12.1,10.7,10.4,0.342,0.322,0.322,0.356,0,0.0,11.0,1.0,10.0,10.6,11.0,70.4,0.0,0.0,0.0,0.0,0.0,0.0,0.9205755955808939,62.00013375702649,30.735572013356748,238.04388574218746,0.5762942532939146,46.47071625390166
39.964848,-6.913391,295.0,2015-03-20 20:00:00,11.5,80,8.1,10.6,0.4,0.4,0.0,0.0,51,1008.4,973.4,99,23,92,77,0.0,0.28,3.2,6.6,27,68,9.4,12.0,12.0,10.7,10.4,0.344,0.322,0.322,0.356,0,0.0,0.0,0.0,0.0,0.0,0.0,0.0,0.0,0.0,0.0,0.0,0.0,0.0,0.5329663390691323,55.54612999938524,28.92112410551394,239.81788574218746,0.34432248714342584,44.44308195531547
39.964848,-6.913391,295.0,2015-03-20 21:00:00,10.7,87,8.7,9.7,0.5,0.5,0.0,0.0,53,1008.8,973.7,100,50,94,63,0.0,0.17,5.1,8.7,4,45,9.7,11.4,12.0,10.7,10.4,0.348,0.322,0.322,0.356,0,0.0,0.0,0.0,0.0,0.0,0.0,0.0,0.0,0.0,0.0,0.0,0.0,0.0,0.332999603766384,50.33202995301442,27.508320229436247,241.44788574218745,0.220834786223737,42.8202816445143
39.964848,-6.913391,295.0,2015-03-20 22:00:00,10.5,88,8.6,9.5,0.3,0.3,0.0,0.0,51,1008.3,973.2,100,52,95,63,0.0,0.15,4.1,8.7,15,45,10.1,11.1,11.9,10.7,10.4,0.351,0.322,0.322,0.356,0,0.0,0.0,0.0,0.0,0.0,0.0,0.0,0.0,0.0,0.0,0.0,0.0,0.0,0.15481393625605827,45.338664360732835,25.67538344522021,243.04188574218745,0.10652382010961853,40.62224792785949
39.964848,-6.913391,295.0,2015-03-20 23:00:00,10.3,90,8.6,9.2,0.3,0.3,0.0,0.0,51,1008.0,972.9,76,3,93,57,0.0,0.13,5.0,11.2,21,50,11.9,10.8,11.8,10.7,10.4,0.354,0.322,0.322,0.356,0,0.0,0.0,0.0,0.0,0.0,0.0,0.0,0.0,0.0,0.0,0.0,0.0,0.0,0.08110627568992575,41.41052163627069,23.893883596994982,244.59988574218744,0.058025705925204785,38.407997637320214
39.964848,-6.913391,295.0,2015-03-21 00:00:00,10.1,89,8.3,8.7,0.3,0.3,0.0,0.0,51,1007.9,972.8,73,13,83,38,0.0,0.14,6.3,14.3,24,45,15.8,10.6,11.7,10.7,10.4,0.357,0.323,0.322,0.356,0,0.0,0.0,0.0,0.0,0.0,0.0,0.0,0.0,0.0,0.0,0.0,0.0,0.0,0.04480728048789663,38.33090638745689,21.109339252341872,246.12188574218743,0.03433568456402625,34.76449133186762
39.964848,-6.913391,295.0,2015-03-21 01:00:00,10.1,88,8.1,8.4,0.2,0.2,0.0,0.0,51,1007.9,972.8,90,45,70,24,0.0,0.15,8.1,17.6,21,35,18.0,10.5,11.6,10.7,10.4,0.357,0.323,0.322,0.356,0,0.0,0.0,0.0,0.0,0.0,0.0,0.0,0.0,0.0,0.0,0.0,0.0,0.0,0.03424506133645541,37.038688734629275,17.983283168218534,247.64388574218742,0.02871955388412143,30.44031617431254
39.964848,-6.913391,295.0,2015-03-21 02:00:00,9.9,87,7.9,8.0,0.2,0.2,0.0,0.0,51,1007.5,972.4,100,77,57,25,0.0,0.15,8.9,19.5,21,30,18.0,10.3,11.5,10.7,10.4,0.358,0.323,0.322,0.356,0,0.0,0.0,0.0,0.0,0.0,0.0,0.0,0.0,0.0,0.0,0.0,0.0,0.0,0.027593887074637422,36.37929127969968,14.724011685659578,249.1298857421874,0.025928809088404822,25.657077987696425
39.964848,-6.913391,295.0,2015-03-21 03:00:00,9.4,90,7.8,7.4,0.3,0.3,0.0,0.0,51,1007.3,972.1,100,75,86,24,0.0,0.12,10.0,20.8,21,28,18.4,10.2,11.4,10.7,10.4,0.361,0.324,0.322,0.356,0,0.0,0.0,0.0,0.0,0.0,0.0,0.0,0.0,0.0,0.0,0.0,0.0,0.0,0.009693504340826251,32.34799670359833,11.284368233018695,250.5258857421874,0.010598470042419119,20.284557205728092
39.964848,-6.913391,295.0,2015-03-21 04:00:00,9.1,89,7.5,6.9,0.3,0.3,0.0,0.0,51,1007.1,971.9,100,82,86,10,0.0,0.12,10.6,21.8,24,31,20.9,10.0,11.3,10.7,10.4,0.364,0.324,0.322,0.356,0,0.0,0.0,0.0,0.0,0.0,0.0,0.0,0.0,0.0,0.0,0.0,0.0,0.0,0.0046720664515136215,30.177649908652906,8.058715354785003,247.09816495321735,0.006173040789157189,14.902386377436615
39.964848,-6.913391,295.0,2015-03-21 05:00:00,8.8,89,7.1,6.4,0.2,0.2,0.0,0.0,51,1007.2,972.0,100,100,90,5,0.0,0.12,11.1,22.3,25,31,22.7,9.8,11.2,10.7,10.4,0.365,0.324,0.322,0.356,0,0.0,0.0,0.0,0.0,0.0,0.0,0.0,0.0,0.0,0.0,0.0,0.0,0.0,0.002417550052011352,28.5307589978031,5.328076808486647,243.05839880406577,0.003985470222485361,10.102511396190524
39.964848,-6.913391,295.0,2015-03-21 06:00:00,8.4,89,6.7,5.9,0.4,0.4,0.0,0.0,51,1007.3,972.0,100,100,93,5,0.0,0.12,11.6,23.2,22,28,24.1,9.6,11.0,10.7,10.4,0.367,0.325,0.322,0.356,0,0.0,0.0,0.0,0.0,0.0,0.0,0.0,0.0,0.0,0.0,0.0,0.0,0.0,0.0010804514637938942,26.631374090251242,3.0885030103308426,237.8173157063287,0.0023179369325955095,5.982762592444733
39.964848,-6.913391,295.0,2015-03-21 07:00:00,8.7,87,6.6,6.2,0.3,0.3,0.0,0.0,51,1007.7,972.4,100,100,85,3,0.03,0.15,11.5,22.7,20,25,23.8,9.5,10.9,10.7,10.4,0.367,0.325,0.322,0.356,1,0.0,3.0,0.0,3.0,0.0,3.0,48.7,7.2,0.0,7.2,0.0,3.2,117.3,0.0009061595054914429,27.00546034482343,1.5008191227985654,231.84035235538437,0.002586406835719475,2.9538341135919106
39.964848,-6.913391,295.0,2015-03-21 08:00:00,9.2,86,6.9,6.8,0.2,0.2,0.0,0.0,51,1008.3,973.1,100,88,73,29,0.04,0.17,11.4,21.6,18,24,24.1,9.7,10.8,10.7,10.4,0.366,0.326,0.322,0.356,1,0.0,51.0,7.0,44.0,38.2,51.0,253.1,77.7,10.7,67.1,38.2,77.7,385.7,0.0008490582248937478,27.80534605481585,0.4717280996174861,225.4872566979215,0.003272290182430001,0.9385475046456329
39.964848,-6.913391,295.0,2015-03-21 09:00:00,10.3,81,7.1,7.9,0.0,0.0,0.0,0.0,2,1008.4,973.3,68,43,19,61,0.09,0.24,11.6,17.4,22,24,25.9,10.4,10.8,10.7,10.4,0.365,0.326,0.322,0.356,1,2096.03,175.0,48.0,127.0,129.9,175.0,509.9,215.5,59.1,156.4,129.9,215.5,628.0,0.0031583061655955603,32.74486543896124,0.36921636,219.45255222349914,0.012693334618234457,0.7353398021646014
39.964848,-6.913391,295.0,2015-03-21 10:00:00,12.0,73,7.3,10.0,0.0,0.0,0.0,0.0,3,1008.8,973.9,96,66,34,53,0.19,0.38,9.2,12.3,39,40,26.6,11.8,10.9,10.7,10.4,0.364,0.326,0.322,0.356,1,3600.0,390.0,196.0,194.0,369.3,390.0,732.1,440.9,221.6,219.3,369.3,440.9,827.6,0.013313958949252466,39.368781003710104,0.6029170199999999,213.83648094542,0.048872626923106094,1.197393839312855
39.964848,-6.913391,295.0,2015-03-21 11:00:00,13.9,65,7.4,12.4,0.0,0.0,0.0,0.0,3,1008.2,973.5,100,90,44,18,0.31,0.55,8.9,11.8,58,59,27.7,13.8,11.1,10.7,10.4,0.362,0.327,0.322,0.356,1,3600.0,627.0,459.0,168.0,700.0,627.0,904.6,673.0,492.7,180.3,700.0,673.0,971.0,0.052018899403107714,47.02351054374534,0.8949149999999999,208.66574167502432,0.17374837924550227,1.7708432443247086
39.964848,-6.913391,295.0,2015-03-21 12:00:00,14.5,61,7.1,12.5,0.1,0.1,0.0,0.0,51,1008.1,973.5,100,91,62,23,0.28,0.64,8.9,12.0,47,46,27.7,14.4,11.3,10.7,10.4,0.361,0.327,0.322,0.356,1,3600.0,513.0,325.0,188.0,441.5,513.0,1015.6,529.6,335.5,194.1,441.5,529.6,1048.4,5.7412109375,80.01171875,25.1943359375,221.76821899414062,2.298095703125,39.0791015625
39.964848,-6.913391,295.0,2015-03-21 13:00:00,14.9,59,6.9,12.6,0.0,0.0,0.0,0.0,3,1007.5,973.0,100,84,68,42,0.23,0.7,10.3,14.0,29,29,26.6,14.6,11.5,10.7,10.4,0.36,0.327,0.322,0.356,1,3600.0,381.0,160.0,221.0,208.7,381.0,1057.6,379.9,159.5,220.4,208.7,379.9,1054.5,0.8931803789904188,61.65817875670998,18.081112509985722,216.3520786678256,0.7579264934123175,29.912548954493808
39.964848,-6.913391,295.0,2015-03-21 14:00:00,15.2,57,6.7,12.5,0.0,0.0,0.0,0.0,3,1007.2,972.7,100,89,80,1,0.24,0.75,12.6,17.3,20,21,27.4,14.8,11.7,10.7,10.4,0.359,0.327,0.322,0.356,1,3600.0,372.0,151.0,221.0,202.7,372.0,1027.7,358.0,145.3,212.7,202.7,358.0,989.0,0.736029047044698,59.57051578674883,13.034415912649777,211.09386680611695,0.7514827506355986,22.582783251106516
39.964848,-6.913391,295.0,2015-03-21 15:00:00,15.4,55,6.4,12.6,0.0,0.0,0.0,0.0,3,1006.8,972.4,100,92,80,62,0.23,0.79,13.4,18.5,27,27,27.4,14.9,11.9,10.7,10.4,0.358,0.327,0.322,0.356,1,3600.0,341.0,128.0,213.0,190.3,341.0,928.1,314.6,118.1,196.5,190.3,314.6,856.3,0.6712548000213288,60.32117284659838,9.453244346347008,205.971240926242,0.8203184558856496,16.960449169178055
39.964848,-6.913391,295.0,2015-03-21 16:00:00,15.4,54,6.2,12.5,0.0,0.0,0.0,0.0,3,1006.7,972.3,100,94,80,78,0.22,0.81,13.5,19.2,34,34,29.5,14.9,12.1,10.7,10.4,0.356,0.327,0.322,0.356,1,3600.0,336.0,173.0,163.0,311.8,336.0,765.4,292.2,150.4,141.7,311.8,292.2,665.6,0.5881464910676776,60.870014094843626,6.91578888794751,200.9444057243701,0.8519070268213073,12.735777793023459
39.964848,-6.913391,295.0,2015-03-21 17:00:00,15.0,56,6.3,12.4,0.0,0.0,0.0,0.0,3,1006.4,971.9,100,77,59,79,0.15,0.76,11.5,17.6,41,41,29.9,14.5,12.2,10.8,10.4,0.355,0.327,0.322,0.356,1,3082.59,197.0,65.0,132.0,162.8,197.0,550.9,153.7,50.7,103.0,162.8,153.7,429.7,0.400587352198342,58.977111253655146,5.044660916694856,195.9384068018349,0.6833940453775637,9.479190053158227
39.964848,-6.913391,295.0,2015-03-21 18:00:00,14.3,59,6.3,12.0,0.0,0.0,0.0,0.0,2,1006.2,971.6,61,29,17,81,0.09,0.67,9.3,16.8,28,31,27.4,13.9,12.3,10.8,10.4,0.354,0.327,0.322,0.356,1,3600.0,118.0,52.0,66.0,239.8,118.0,299.1,65.1,28.7,36.4,239.8,65.1,164.9,0.23452843786577576,55.57769654296077,3.626121903289293,190.89772816766586,0.46952694025267677,6.923464035009818
39.964848,-6.913391,295.0,2015-03-21 19:00:00,13.0,62,5.8,10.4,0.0,0.0,0.0,0.0,3,1006.8,972.1,84,31,48,92,0.06,0.57,10.5,20.5,27,28,19.4,13.0,12.3,10.8,10.4,0.353,0.327,0.322,0.356,0,0.0,14.0,3.0,11.0,31.2,14.0,72.7,0.0,0.0,0.0,0.0,0.0,0.0,0.1661561855970358,53.024295141957495,2.510129975933478,185.71387558461342,0.3911447165232356,4.856168625926008
39.964848,-6.913391,295.0,2015-03-21 20:00:00,12.4,63,5.7,9.8,0.0,0.0,0.0,0.0,3,1007.7,972.9,100,34,76,95,0.03,0.53,10.8,21.1,30,33,20.9,12.4,12.3,10.8,10.4,0.352,0.328,0.322,0.356,0,0.0,0.0,0.0,0.0,0.0,0.0,0.0,0.0,0.0,0.0,0.0,0.0,0.0,0.13709854199637336,52.38557045882564,1.7498714828248638,181.2809891372633,0.3713703523227872,3.417277123320281
39.964848,-6.913391,295.0,2015-03-21 21:00:00,11.9,65,5.6,9.2,0.0,0.0,0.0,0.0,3,1008.2,973.3,95,12,93,94,0.03,0.48,10.7,20.7,40,41,21.2,11.9,12.2,10.8,10.4,0.352,0.328,0.322,0.356,0,0.0,0.0,0.0,0.0,0.0,0.0,0.0,0.0,0.0,0.0,0.0,0.0,0.0,0.11874855609303428,52.23072146051791,1.2164053118418245,177.84120687423706,0.36341323936504705,2.391909923730427
39.964848,-6.913391,295.0,2015-03-21 22:00:00,11.2,68,5.5,8.5,0.1,0.1,0.0,0.0,51,1008.5,973.5,84,5,97,70,0.03,0.43,10.9,21.4,44,45,23.0,11.6,12.2,10.8,10.4,0.352,0.328,0.322,0.356,0,0.0,0.0,0.0,0.0,0.0,0.0,0.0,0.0,0.0,0.0,0.0,0.0,0.0,0.10457111201175413,52.04349843417711,0.7997522917580516,175.3278284367803,0.35971984400140494,1.5814700209923995
39.964848,-6.913391,295.0,2015-03-21 23:00:00,10.4,74,6.1,7.6,0.3,0.3,0.0,0.0,51,1008.8,973.7,75,14,95,19,0.02,0.32,13.0,24.2,39,42,26.6,11.2,12.1,10.8,10.4,0.354,0.328,0.322,0.356,0,0.0,0.0,0.0,0.0,0.0,0.0,0.0,0.0,0.0,0.0,0.0,0.0,0.0,0.08072346770135706,49.75906401987911,0.5096753999999999,172.69682785263632,0.306698691440364,1.0118849295690708
39.964848,-6.913391,295.0,2015-03-22 00:00:00,9.5,80,6.3,6.5,0.3,0.3,0.0,0.0,51,1008.9,973.7,54,0,90,1,0.02,0.23,14.8,27.9,34,38,28.4,10.6,11.9,10.8,10.4,0.356,0.328,0.322,0.356,0,0.0,0.0,0.0,0.0,0.0,0.0,0.0,0.0,0.0,0.0,0.0,0.0,0.0,0.04878404413991888,45.832316057851564,0.36137520000000006,169.93126442319596,0.1967631603826303,0.718928224724056
39.964848,-6.913391,295.0,2015-03-22 01:00:00,9.1,83,6.3,6.0,0.3,0.3,0.0,0.0,51,1008.9,973.6,40,2,64,0,0.01,0.2,14.6,28.3,33,37,29.2,10.2,11.8,10.8,10.4,0.359,0.329,0.322,0.356,0,0.0,0.0,0.0,0.0,0.0,0.0,0.0,0.0,0.0,0.0,0.0,0.0,0.0,0.025280993643578407,42.024938393323325,0.29557764,167.12234954456207,0.10500100093951663,0.5885529486533537
39.964848,-6.913391,295.0,2015-03-22 02:00:00,8.7,83,6.0,5.6,0.0,0.0,0.0,0.0,0,1008.9,973.6,19,0,31,0,0.01,0.19,14.6,28.5,33,37,28.8,9.9,11.7,10.8,10.4,0.358,0.329,0.322,0.356,0,0.0,0.0,0.0,0.0,0.0,0.0,0.0,0.0,0.0,0.0,0.0,0.0,0.0,0.02092727364070387,41.001748472566945,0.2839863599999999,164.76178945378754,0.08738838653867566,0.5655358010075826
39.964848,-6.913391,295.0,2015-03-22 03:00:00,8.3,83,5.5,5.0,0.0,0.0,0.0,0.0,0,1008.6,973.2,9,4,9,0,0.01,0.19,14.8,28.7,34,39,26.6,9.6,11.5,10.8,10.4,0.357,0.329,0.322,0.356,0,0.0,0.0,0.0,0.0,0.0,0.0,0.0,0.0,0.0,0.0,0.0,0.0,0.0,0.02192126264082929,41.230871504060715,0.27239508,165.95978945378755,0.0920396242923443,0.5425638417819888
39.964848,-6.913391,295.0,2015-03-22 04:00:00,7.9,82,5.1,4.6,0.0,0.0,0.0,0.0,0,1008.4,973.0,12,9,4,6,0.01,0.19,14.9,29.1,32,36,24.1,9.3,11.3,10.8,10.4,0.356,0.329,0.322,0.356,0,0.0,0.0,0.0,0.0,0.0,0.0,0.0,0.0,0.0,0.0,0.0,0.0,0.0,0.030936250445738663,43.16580673664247,0.2761452,167.08578945378756,0.12965970405994906,0.5500178430731731
39.964848,-6.913391,295.0,2015-03-22 05:00:00,7.4,82,4.6,3.9,0.0,0.0,0.0,0.0,1,1008.4,972.9,42,22,9,55,0.01,0.18,15.1,29.4,28,33,25.6,8.9,11.2,10.8,10.4,0.356,0.33,0.322,0.356,0,0.0,0.0,0.0,0.0,0.0,0.0,0.0,0.0,0.0,0.0,0.0,0.0,0.0,0.04456091890572856,45.43386362766591,0.26080380000000003,168.12178945378756,0.18813254294863402,0.5195925176081809
39.964848,-6.913391,295.0,2015-03-22 06:00:00,7.2,82,4.4,3.8,0.0,0.0,0.0,0.0,2,1008.8,973.3,53,19,17,86,0.01,0.18,14.8,29.4,26,31,27.7,8.6,11.0,10.8,10.4,0.355,0.33,0.322,0.356,0,0.0,0.0,0.0,0.0,0.0,0.0,0.0,0.0,0.0,0.0,0.0,0.0,0.0,0.059347213052133106,47.53791776964504,0.25466724,169.12178945378756,0.2513016452943443,0.5074242540217547
39.964848,-6.913391,295.0,2015-03-22 07:00:00,7.8,82,4.9,4.4,0.1,0.1,0.0,0.0,51,1009.2,973.8,89,40,44,89,0.03,0.19,15.3,29.1,27,31,30.6,8.7,10.8,10.8,10.4,0.355,0.33,0.322,0.356,1,0.0,9.0,3.0,6.0,36.8,9.0,52.3,21.4,7.1,14.3,79.1,10.0,124.6,0.09557609694477757,51.03821061634318,0.27307692,170.22978945378756,0.4011552201167166,0.5439722847539615
39.964848,-6.913391,295.0,2015-03-22 08:00:00,8.9,81,5.9,5.8,0.2,0.2,0.0,0.0,51,1009.5,974.2,97,42,57,83,0.05,0.21,14.7,27.5,31,34,31.7,9.3,10.7,10.8,10.4,0.355,0.33,0.322,0.356,1,3600.0,100.0,45.0,55.0,238.4,100.0,260.2,150.9,67.9,83.0,238.4,150.9,392.7,0.13641934639422387,54.50837046924758,0.32387399999999994,171.53578945378757,0.5593520757161868,0.644704857491952
39.964848,-6.913391,295.0,2015-03-22 09:00:00,10.5,75,6.2,7.2,0.0,0.0,0.0,0.0,2,1009.4,974.3,78,36,50,53,0.12,0.32,16.3,24.5,41,43,34.6,10.3,10.7,10.8,10.4,0.354,0.33,0.322,0.356,1,3600.0,244.0,141.0,103.0,376.2,244.0,516.8,299.7,173.2,126.5,376.2,299.7,634.7,0.2988027982673213,61.59621196041085,0.8182079999999999,173.12978945378757,1.022034500605829,1.6173075898778357
39.964848,-6.913391,295.0,2015-03-22 10:00:00,12.0,67,6.0,8.7,0.0,0.0,0.0,0.0,3,1009.3,974.4,96,34,79,59,0.18,0.47,15.5,21.9,48,48,35.6,11.4,10.8,10.8,10.4,0.353,0.33,0.322,0.356,1,3600.0,361.0,191.0,170.0,356.5,361.0,738.6,407.6,215.6,191.9,356.5,407.6,833.9,0.45234373595785254,67.90566260393312,1.55510658,174.99378945378757,1.2778063716660404,3.0426165745683518
39.964848,-6.913391,295.0,2015-03-22 11:00:00,12.6,64,6.0,9.6,0.1,0.1,0.0,0.0,51,1009.1,974.2,100,52,90,88,0.2,0.52,13.9,19.5,53,52,34.6,12.5,10.9,10.8,10.4,0.353,0.33,0.322,0.356,1,2423.78,359.0,93.0,266.0,140.8,359.0,910.7,385.1,99.8,285.3,140.8,385.1,976.9,0.5304975013628389,70.33103914859439,2.3958152999999998,176.96578945378758,1.2738060071256747,4.634763592524621
39.964848,-6.913391,295.0,2015-03-22 12:00:00,13.3,61,6.0,10.3,0.1,0.1,0.0,0.0,51,1008.7,973.9,100,45,86,93,0.25,0.59,14.1,19.2,50,50,31.7,13.4,11.0,10.8,10.4,0.352,0.33,0.322,0.356,1,3600.0,455.0,198.0,257.0,267.3,455.0,1021.4,469.5,204.3,265.2,267.3,469.5,1054.0,2.671875,73.26953125,22.859375,222.9578857421875,1.22802734375,36.4453125
39.964848,-6.913391,295.0,2015-03-22 13:00:00,13.2,62,6.1,10.1,0.1,0.1,0.0,0.0,51,1008.5,973.7,100,41,93,93,0.21,0.58,14.3,19.7,51,50,31.7,13.5,11.2,10.8,10.4,0.352,0.33,0.322,0.356,1,1001.5,362.0,72.0,290.0,93.4,362.0,1063.0,360.9,71.8,289.1,93.4,360.9,1059.7,3.2356861434693207,72.34381189362878,22.76878880085057,225.0378857421875,1.3941682474152524,36.34446501459222
39.964848,-6.913391,295.0,2015-03-22 14:00:00,13.4,63,6.4,10.5,0.1,0.1,0.0,0.0,51,1008.1,973.4,100,52,95,76,0.22,0.58,13.9,19.3,53,53,29.9,13.8,11.4,10.8,10.4,0.351,0.33,0.322,0.356,1,2324.73,382.0,103.0,279.0,137.5,382.0,1032.8,367.6,99.1,268.5,137.5,367.6,994.0,2.9518101744240326,71.15514885791005,22.248490844919566,227.15388574218753,1.3091377556746753,35.74452572085876
39.964848,-6.913391,295.0,2015-03-22 15:00:00,13.5,62,6.2,10.7,0.0,0.0,0.0,0.0,3,1007.9,973.2,100,40,95,26,0.2,0.6,12.4,17.6,60,59,30.2,13.9,11.5,10.8,10.4,0.35,0.33,0.322,0.356,1,2101.41,328.0,88.0,240.0,130.0,328.0,932.9,302.7,81.2,221.5,130.0,302.7,861.1,2.585711951777355,70.70377260093697,21.778508807894248,229.28788574218754,1.1955808689737133,35.198780989701554
39.964848,-6.913391,295.0,2015-03-22 16:00:00,13.5,60,5.8,10.4,0.0,0.0,0.0,0.0,2,1007.5,972.8,71,24,73,20,0.18,0.63,14.4,20.4,58,58,35.3,13.7,11.7,10.8,10.4,0.349,0.33,0.321,0.356,1,1583.55,282.0,63.0,219.0,112.8,282.0,770.1,245.4,54.8,190.6,112.8,245.4,670.2,3.0224263764355768,71.54132811211919,21.375441444087127,231.42188574218756,1.360618786703461,34.73100098092337
39.964848,-6.913391,295.0,2015-03-22 17:00:00,13.2,59,5.5,10.2,0.0,0.0,0.0,0.0,2,1006.9,972.2,50,30,30,17,0.14,0.62,13.6,20.5,50,51,35.6,13.4,11.8,10.8,10.4,0.348,0.33,0.321,0.356,1,2444.0,187.0,57.0,130.0,141.5,187.0,555.5,146.2,44.6,101.6,141.5,146.2,434.3,2.8576066960031583,71.68200149325337,20.990897906213146,233.50188574218757,1.3133908817291957,34.27812537104126
39.964848,-6.913391,295.0,2015-03-22 18:00:00,12.9,61,5.4,10.1,0.0,0.0,0.0,0.0,0,1006.8,972.1,8,1,1,22,0.09,0.59,11.7,19.9,43,44,33.5,12.9,11.8,10.8,10.4,0.347,0.33,0.321,0.356,1,3600.0,123.0,40.0,83.0,181.6,123.0,303.7,68.7,22.3,46.3,181.6,68.7,169.6,2.3541440082512533,70.60929866802367,20.551510487289395,235.52788574218758,1.1505524788760857,33.7423591408106
39.964848,-6.913391,295.0,2015-03-22 19:00:00,11.9,64,5.2,9.2,0.0,0.0,0.0,0.0,0,1007.0,972.1,11,0,1,33,0.05,0.51,10.5,21.4,38,42,23.8,12.0,11.8,10.8,10.4,0.347,0.33,0.321,0.356,0,242.52,21.0,9.0,12.0,91.9,21.0,75.0,0.0,0.0,0.0,0.0,0.0,0.0,1.9017230328823502,68.63100885865477,19.99489807852591,237.37388574218758,1.01666329840557,33.03346306034991
39.964848,-6.913391,295.0,2015-03-22 20:00:00,11.0,66,4.8,8.3,0.0,0.0,0.0,0.0,0,1007.9,972.9,12,0,0,41,0.03,0.45,9.8,21.7,36,43,19.4,11.2,11.7,10.9,10.4,0.346,0.331,0.321,0.356,0,0.0,0.0,0.0,0.0,0.0,0.0,0.0,0.0,0.0,0.0,0.0,0.0,0.0,1.5308968334762445,66.69373119476208,19.361599753291816,239.05788574218758,0.9205012184922827,32.202829947970386
39.964848,-6.913391,295.0,2015-03-22 21:00:00,10.3,67,4.4,7.5,0.0,0.0,0.0,0.0,0,1008.6,973.5,10,2,0,27,0.02,0.42,10.2,22.2,32,42,19.1,10.5,11.6,10.9,10.4,0.346,0.331,0.321,0.356,0,0.0,0.0,0.0,0.0,0.0,0.0,0.0,0.0,0.0,0.0,0.0,0.0,0.0,1.3811991697443113,65.42210634006774,18.690644464243512,240.61588574218757,0.8964931261909665,31.30247715761741
39.964848,-6.913391,295.0,2015-03-22 22:00:00,9.5,68,3.9,6.5,0.0,0.0,0.0,0.0,0,1009.2,974.0,13,9,8,0,0.02,0.38,11.0,23.0,23,32,20.5,9.9,11.5,10.9,10.4,0.345,0.331,0.321,0.356,0,0.0,0.0,0.0,0.0,0.0,0.0,0.0,0.0,0.0,0.0,0.0,0.0,0.0,1.3125716262284335,64.45487278565503,17.98010109510519,242.02988574218756,0.8977428993590572,30.327686346038316
39.964848,-6.913391,295.0,2015-03-22 23:00:00,8.9,69,3.5,5.4,0.0,0.0,0.0,0.0,1,1009.4,974.1,36,23,25,0,0.03,0.36,13.6,26.6,22,28,23.8,9.5,11.4,10.9,10.4,0.345,0.331,0.321,0.356,0,0.0,0.0,0.0,0.0,0.0,0.0,0.0,0.0,0.0,0.0,0.0,0.0,0.0,1.7651128635870064,64.92839528058478,17.61043387306768,243.33588574218757,1.043534423092426,29.824757385060533
39.964848,-6.913391,295.0,2015-03-23 00:00:00,8.7,69,3.3,5.3,0.0,0.0,0.0,0.0,1,1009.3,974.0,34,23,23,0,0.03,0.35,12.4,24.9,26,31,24.5,9.4,11.2,10.9,10.4,0.344,0.331,0.321,0.356,0,0.0,0.0,0.0,0.0,0.0,0.0,0.0,0.0,0.0,0.0,0.0,0.0,0.0,1.8789109946178622,67.07854490122321,18.12829135306768,244.60588574218758,1.063360713918152,30.58902872228168
39.964848,-6.913391,295.0,2015-03-23 01:00:00,8.4,70,3.2,5.3,0.0,0.0,0.0,0.0,0,1009.2,973.8,15,17,0,0,0.02,0.33,10.4,21.3,20,28,20.9,9.2,11.1,10.9,10.4,0.344,0.331,0.321,0.356,0,0.0,0.0,0.0,0.0,0.0,0.0,0.0,0.0,0.0,0.0,0.0,0.0,0.0,1.89066814486345,69.83095016716729,18.61410235306768,245.8218857421876,1.0508140845182914,31.30249335725581
39.964848,-6.913391,295.0,2015-03-23 02:00:00,8.0,71,3.2,5.1,0.0,0.0,0.0,0.0,1,1009.0,973.6,22,24,0,0,0.02,0.31,9.6,20.2,13,22,17.6,9.0,10.9,10.9,10.4,0.344,0.331,0.321,0.356,0,0.0,0.0,0.0,0.0,0.0,0.0,0.0,0.0,0.0,0.0,0.0,0.0,0.0,2.252644242147723,73.58748020684332,19.06394629306768,246.9658857421876,1.158201980908782,31.96016884770335
39.964848,-6.913391,295.0,2015-03-23 03:00:00,7.7,72,3.0,4.8,0.0,0.0,0.0,0.0,1,1008.9,973.5,30,33,0,0,0.01,0.29,9.1,19.2,9,17,17.3,8.7,10.8,10.9,10.4,0.343,0.331,0.321,0.356,0,0.0,0.0,0.0,0.0,0.0,0.0,0.0,0.0,0.0,0.0,0.0,0.0,0.0,2.4931801856333218,75.2325925457642,19.483959733067678,248.0558857421876,1.2275162542576756,32.57188754513669
39.964848,-6.913391,295.0,2015-03-23 04:00:00,7.0,75,2.9,4.1,0.0,0.0,0.0,0.0,1,1008.4,972.9,26,29,0,0,0.01,0.25,8.7,17.9,5,15,16.9,8.3,10.6,10.9,10.4,0.343,0.331,0.321,0.356,0,0.0,0.0,0.0,0.0,0.0,0.0,0.0,0.0,0.0,0.0,0.0,0.0,0.0,2.500597642186232,75.43785787775539,19.829141233067677,249.0198857421876,1.2174189835188283,33.07414978446994
39.964848,-6.913391,295.0,2015-03-23 05:00:00,6.7,76,2.7,3.8,0.0,0.0,0.0,0.0,0,1008.3,972.8,19,21,0,0,0.01,0.24,8.7,16.5,5,11,15.8,8.0,10.5,10.9,10.4,0.343,0.331,0.321,0.356,0,0.0,0.0,0.0,0.0,0.0,0.0,0.0,0.0,0.0,0.0,0.0,0.0,0.0,2.513092545947017,75.33742031493031,20.148242353067676,249.9298857421876,1.2102980752442616,33.53739370829118
39.964848,-6.913391,295.0,2015-03-23 06:00:00,6.1,79,2.8,3.3,0.0,0.0,0.0,0.0,1,1008.1,972.5,37,29,13,12,0.0,0.2,7.9,15.3,360,8,15.1,7.5,10.3,10.9,10.4,0.342,0.331,0.321,0.356,0,0.0,0.0,0.0,0.0,0.0,0.0,0.0,0.0,0.0,0.0,0.0,0.0,0.0,2.268234783492847,74.62204639647192,20.405977873067677,250.7318857421876,1.1176410670780013,33.91206665086574
39.964848,-6.913391,295.0,2015-03-23 07:00:00,5.5,84,2.9,2.7,0.0,0.0,0.0,0.0,2,1008.5,972.8,72,34,52,35,0.02,0.15,8.3,14.9,358,7,15.8,7.1,10.1,10.8,10.4,0.342,0.331,0.321,0.356,1,0.0,11.0,5.0,6.0,59.4,11.0,56.0,25.9,11.8,14.1,123.1,12.5,131.8,2.1387008547509767,73.25314987340771,20.585983633067677,251.42588574218757,1.0689873148009736,34.17633287537029
39.964848,-6.913391,295.0,2015-03-23 08:00:00,7.2,75,3.0,4.5,0.2,0.2,0.0,0.0,51,1008.7,973.2,66,35,50,14,0.05,0.26,7.2,12.3,360,5,20.2,8.5,10.0,10.8,10.4,0.343,0.331,0.321,0.356,1,3600.0,126.0,78.0,48.0,402.0,126.0,267.4,188.4,116.6,71.8,402.0,188.4,399.7,1.9674279670537527,73.07468933004782,20.939688133067676,252.42588574218757,1.0037370794063185,34.68603057663469
39.964848,-6.913391,295.0,2015-03-23 09:00:00,8.7,72,4.0,6.6,0.1,0.1,0.0,0.0,51,1008.7,973.4,34,12,37,4,0.13,0.32,5.1,6.9,4,6,16.6,9.9,10.0,10.8,10.4,0.344,0.331,0.321,0.356,1,3600.0,295.0,204.0,91.0,536.9,295.0,523.6,361.3,249.9,111.5,536.9,361.3,641.4,1.8986071010370436,74.60227385535615,21.407430373067676,253.69588574218758,0.9695721133160938,35.35625881901052
39.964848,-6.913391,295.0,2015-03-23 10:00:00,10.6,68,5.0,9.1,0.0,0.0,0.0,0.0,1,1008.5,973.4,32,8,38,7,0.22,0.41,2.3,3.1,342,339,15.1,11.4,10.1,10.8,10.4,0.344,0.331,0.321,0.356,1,3600.0,474.0,351.0,123.0,649.1,474.0,745.1,534.5,395.8,138.7,649.1,534.5,840.3,1.734501733011772,75.86214505013136,22.045632613067674,255.30788574218758,0.9048430615493793,36.26305123765776
39.964848,-6.913391,295.0,2015-03-23 11:00:00,12.1,63,5.2,10.6,0.0,0.0,0.0,0.0,1,1007.2,972.4,35,8,46,0,0.3,0.52,4.7,6.1,274,273,15.5,13.1,10.3,10.8,10.4,0.343,0.331,0.321,0.356,1,3600.0,608.0,461.0,147.0,692.9,608.0,916.9,651.8,494.2,157.6,692.9,651.8,982.9,2.771765756816767,78.13442329538496,22.878159253067675,257.1898857421876,1.207473730572205,37.43197577040677
39.964848,-6.913391,295.0,2015-03-23 12:00:00,13.3,56,4.7,11.4,0.1,0.1,0.0,0.0,51,1006.0,971.3,37,14,40,0,0.34,0.67,9.0,11.6,275,275,24.5,14.3,10.6,10.8,10.4,0.343,0.331,0.321,0.356,1,3600.0,662.0,477.0,185.0,639.9,662.0,1027.1,682.9,492.0,190.8,639.9,682.9,1059.5,6.591268062591553,76.48541259765625,21.34375,223.09417724609375,2.8976712226867676,34.4248046875
39.964848,-6.913391,295.0,2015-03-23 13:00:00,13.8,53,4.4,11.0,0.0,0.0,0.0,0.0,2,1005.0,970.4,57,28,53,0,0.31,0.74,10.6,13.9,280,280,27.7,14.6,10.9,10.8,10.4,0.342,0.331,0.321,0.356,1,3600.0,573.0,410.0,163.0,528.8,573.0,1068.4,571.2,408.7,162.5,528.8,571.2,1064.9,5.7810722126000105,81.91933968923614,22.53748138,225.28217724609374,2.4082384648625608,36.05700486319062
39.964848,-6.913391,295.0,2015-03-23 14:00:00,13.3,55,4.6,10.2,0.6,0.6,0.0,0.0,53,1004.6,970.0,63,27,65,0,0.29,0.68,12.6,16.9,294,294,28.1,14.7,11.1,10.8,10.4,0.343,0.331,0.321,0.356,1,3600.0,535.0,370.0,165.0,491.2,535.0,1037.9,514.9,356.1,158.8,491.2,514.9,998.9,5.152804842758041,79.72144349235379,23.64206218,227.38017724609375,2.0851798032789377,37.52887617918087
39.964848,-6.913391,295.0,2015-03-23 15:00:00,11.1,65,4.8,7.8,1.3,1.3,0.0,0.0,61,1004.4,969.5,80,47,62,0,0.21,0.46,14.7,20.6,335,335,31.7,14.0,11.3,10.8,10.4,0.359,0.331,0.321,0.356,1,3600.0,430.0,257.0,173.0,377.6,430.0,937.7,397.0,237.3,159.7,377.6,397.0,865.7,2.5778722113155075,67.8606096423833,20.750846391110628,229.08217724609375,1.2255181767622627,33.838703225859334
39.964848,-6.913391,295.0,2015-03-23 16:00:00,10.5,67,4.7,7.2,0.4,0.4,0.0,0.0,51,1003.3,968.4,29,2,46,0,0.17,0.42,14.1,20.2,356,356,34.2,13.2,11.4,10.8,10.4,0.364,0.331,0.321,0.356,1,3600.0,332.0,180.0,152.0,320.1,332.0,774.7,289.2,156.8,132.4,320.1,289.2,674.7,1.028958728979482,60.74375377488456,17.08235579870365,230.67617724609374,0.871586635429912,28.82773241822833
39.964848,-6.913391,295.0,2015-03-23 17:00:00,10.3,66,4.1,6.9,0.0,0.0,0.0,0.0,1,1003.2,968.3,40,9,53,0,0.12,0.43,13.4,19.5,352,355,34.9,12.3,11.5,10.8,10.4,0.363,0.331,0.321,0.356,1,3600.0,202.0,105.0,97.0,258.3,202.0,560.0,158.3,82.3,76.0,258.3,158.3,438.8,0.7384011530982842,58.35125414118658,13.948210346009736,232.23417724609374,0.7198334754165023,24.25454225276943
39.964848,-6.913391,295.0,2015-03-23 18:00:00,9.8,65,3.5,6.4,0.0,0.0,0.0,0.0,1,1003.2,968.2,40,3,61,2,0.09,0.43,13.4,20.8,340,342,34.9,11.6,11.5,10.8,10.4,0.363,0.331,0.321,0.356,1,3600.0,150.0,95.0,55.0,424.6,150.0,308.3,84.8,53.7,31.1,424.6,84.8,174.2,0.6137336957198738,57.48564714410162,11.25517401381409,233.70217724609373,0.6750991520680275,20.091334741660237
39.964848,-6.913391,295.0,2015-03-23 19:00:00,8.2,66,2.2,4.3,0.0,0.0,0.0,0.0,2,1004.0,968.8,64,32,58,0,0.05,0.38,15.3,25.7,333,338,29.2,10.4,11.4,10.8,10.4,0.362,0.332,0.321,0.356,0,0.0,16.0,4.0,12.0,40.1,16.0,77.3,0.0,0.0,0.0,0.0,0.0,0.0,0.5389350903788416,56.33750138978968,8.850173535949676,234.88217724609373,0.6778520018833725,16.17654839361382
39.964848,-6.913391,295.0,2015-03-23 20:00:00,7.4,68,1.9,3.3,0.0,0.0,0.0,0.0,2,1004.0,968.7,52,23,53,0,0.03,0.33,15.8,26.9,339,342,31.3,9.6,11.2,10.8,10.4,0.361,0.332,0.321,0.356,0,0.0,0.0,0.0,0.0,0.0,0.0,0.0,0.0,0.0,0.0,0.0,0.0,0.0,0.41844555017147494,54.84589618751627,6.745925995494402,235.91817724609373,0.6100715514418864,12.591721860904507
39.964848,-6.913391,295.0,2015-03-23 21:00:00,6.8,70,1.7,2.5,0.0,0.0,0.0,0.0,1,1004.1,968.7,28,2,44,1,0.03,0.29,17.1,29.4,342,345,33.8,9.1,11.1,10.8,10.4,0.36,0.332,0.321,0.356,0,0.0,0.0,0.0,0.0,0.0,0.0,0.0,0.0,0.0,0.0,0.0,0.0,0.0,0.33643168356133246,53.57894691777276,4.937499306640821,236.84617724609373,0.5769771090166319,9.385835591283056
39.964848,-6.913391,295.0,2015-03-23 22:00:00,6.1,74,1.8,1.7,0.3,0.3,0.0,0.0,51,1003.8,968.3,70,22,76,16,0.03,0.25,17.4,30.4,347,350,38.2,8.5,10.9,10.8,10.4,0.361,0.333,0.321,0.356,0,0.0,0.0,0.0,0.0,0.0,0.0,0.0,0.0,0.0,0.0,0.0,0.0,0.0,0.1804547894909405,49.70320176728749,3.2173114793484396,233.32999065259614,0.380193787242051,6.220202091320378
39.964848,-6.913391,295.0,2015-03-23 23:00:00,5.4,79,2.1,1.0,0.9,0.9,0.0,0.0,53,1003.3,967.8,82,19,88,41,0.02,0.19,18.1,32.1,353,357,41.8,8.1,10.7,10.8,10.4,0.368,0.333,0.321,0.356,0,0.0,0.0,0.0,0.0,0.0,0.0,0.0,0.0,0.0,0.0,0.0,0.0,0.0,0.04511554655353078,42.03333480031309,1.6191238453960193,227.12684073070056,0.12543781699054649,3.181546793379048
39.964848,-6.913391,295.0,2015-03-24 00:00:00,5.3,83,2.7,1.0,0.8,0.8,0.0,0.0,53,1002.9,967.4,88,13,93,67,0.01,0.15,18.4,32.8,359,3,43.2,7.8,10.5,10.8,10.4,0.377,0.333,0.321,0.356,0,0.0,0.0,0.0,0.0,0.0,0.0,0.0,0.0,0.0,0.0,0.0,0.0,0.0,0.0072168739073684264,34.60142956786558,0.45525295314321246,218.74955481843128,0.027995771320670125,0.9057931537448082
39.964848,-6.913391,295.0,2015-03-24 01:00:00,5.5,83,2.8,1.1,0.7,0.7,0.0,0.0,53,1002.8,967.3,90,22,89,56,0.01,0.16,19.2,33.8,5,7,44.3,7.7,10.3,10.8,10.4,0.384,0.334,0.321,0.356,0,0.0,0.0,0.0,0.0,0.0,0.0,0.0,0.0,0.0,0.0,0.0,0.0,0.0,0.002724210763958435,31.00956275019594,0.19125612,208.66523851534328,0.01191086673190301,0.38163774653899135
39.964848,-6.913391,295.0,2015-03-24 02:00:00,5.5,82,2.7,0.9,0.5,0.5,0.0,0.0,53,1002.5,967.0,70,23,72,22,0.02,0.16,20.4,35.2,9,11,44.6,7.6,10.2,10.8,10.4,0.386,0.335,0.321,0.356,0,0.0,0.0,0.0,0.0,0.0,0.0,0.0,0.0,0.0,0.0,0.0,0.0,0.0,0.002322573044576538,30.17046772972161,0.20250648,197.5073251919764,0.010095120411392459,0.4039774534432604
39.964848,-6.913391,295.0,2015-03-24 03:00:00,5.3,82,2.5,0.6,0.5,0.5,0.0,0.0,53,1002.3,966.8,46,24,40,0,0.02,0.16,20.2,35.1,11,13,44.3,7.4,10.0,10.8,10.4,0.387,0.336,0.321,0.356,0,0.0,0.0,0.0,0.0,0.0,0.0,0.0,0.0,0.0,0.0,0.0,0.0,0.0,0.0016823450305657125,29.06004371918344,0.19636991999999998,185.33642088947445,0.007335991732035582,0.391702286960168
39.964848,-6.913391,295.0,2015-03-24 04:00:00,5.1,82,2.3,0.3,0.7,0.7,0.0,0.0,53,1002.5,967.0,59,37,43,0,0.02,0.16,20.7,36.2,13,15,44.6,7.2,9.8,10.8,10.4,0.389,0.336,0.321,0.356,0,0.0,0.0,0.0,0.0,0.0,0.0,0.0,0.0,0.0,0.0,0.0,0.0,0.0,0.0012624451952450257,27.990882597852956,0.19023335999999996,171.74987686499833,0.005522963976304778,0.3794160991684108
39.964848,-6.913391,295.0,2015-03-24 05:00:00,5.1,82,2.3,0.4,0.0,0.0,0.0,0.0,3,1002.9,967.4,100,66,71,1,0.02,0.16,20.5,36.2,15,17,44.3,7.1,9.6,10.8,10.4,0.387,0.337,0.321,0.356,0,0.0,0.0,0.0,0.0,0.0,0.0,0.0,0.0,0.0,0.0,0.0,0.0,0.0,0.001126217212660305,27.639465558021758,0.19023335999999996,158.62978426718763,0.004927105583800684,0.37932946323149835
39.964848,-6.913391,295.0,2015-03-24 06:00:00,5.5,82,2.7,0.8,0.0,0.0,0.0,0.0,3,1003.5,968.0,98,73,48,11,0.02,0.16,20.8,36.1,18,20,44.3,7.1,9.5,10.8,10.4,0.385,0.338,0.321,0.356,0,0.0,0.0,0.0,0.0,0.0,0.0,0.0,0.0,0.0,0.0,0.0,0.0,0.0,0.0012566864837169909,27.936575608491403,0.20250648,146.01783047112463,0.005462738774496948,0.40361356988691727
39.964848,-6.913391,295.0,2015-03-24 07:00:00,6.1,81,3.1,1.6,0.0,0.0,0.0,0.0,2,1004.3,968.8,60,52,18,8,0.04,0.18,20.1,35.0,21,24,42.5,7.2,9.4,10.8,10.4,0.383,0.339,0.321,0.356,1,0.0,7.0,2.0,5.0,23.0,7.0,59.6,16.3,4.7,11.7,46.2,8.1,139.1,0.0016495451703274393,28.94278011159843,0.23318927999999994,133.9202797665095,0.007059727929868654,0.46435715014159085
39.964848,-6.913391,295.0,2015-03-24 08:00:00,7.4,80,4.2,3.0,0.0,0.0,0.0,0.0,2,1005.2,969.9,56,48,13,16,0.05,0.21,20.7,35.2,20,23,43.2,7.8,9.3,10.8,10.4,0.38,0.339,0.321,0.356,1,1661.23,71.0,23.0,48.0,115.4,71.0,274.6,105.2,34.1,71.1,115.4,105.2,406.8,0.003203351071423042,31.153076407148774,0.28978200000000004,122.43506940925742,0.013343244159639835,0.5761548601901971
39.964848,-6.913391,295.0,2015-03-24 09:00:00,8.9,74,4.5,4.2,0.0,0.0,0.0,0.0,2,1005.9,970.7,70,62,11,24,0.09,0.3,23.3,37.2,20,22,45.0,8.7,9.3,10.8,10.4,0.379,0.34,0.321,0.356,1,1860.65,143.0,47.0,96.0,122.0,143.0,530.5,174.7,57.4,117.3,122.0,174.7,648.1,0.01934868933434637,37.99422935972131,0.44319599999999987,111.9996498516011,0.0754833169376584,0.8777090014565897
39.964848,-6.913391,295.0,2015-03-24 10:00:00,10.5,65,4.1,5.4,0.0,0.0,0.0,0.0,3,1006.3,971.3,98,100,14,0,0.15,0.45,25.9,38.3,35,35,59.0,9.8,9.3,10.8,10.4,0.376,0.34,0.321,0.356,1,3600.0,262.0,102.0,160.0,186.9,262.0,751.6,295.1,114.9,180.2,186.9,295.1,846.6,0.11225812183020707,46.87061131470825,0.6920675999999999,102.36044056140211,0.40044437074185885,1.3611284386318079
39.964848,-6.913391,295.0,2015-03-24 11:00:00,11.3,61,4.1,6.3,0.0,0.0,0.0,0.0,3,1006.2,971.3,99,100,15,0,0.17,0.52,24.9,37.5,34,35,60.5,10.5,9.4,10.7,10.4,0.374,0.34,0.321,0.356,1,796.32,260.0,58.0,202.0,86.5,260.0,923.0,278.5,62.1,216.4,86.5,278.5,988.8,0.1917596687103052,51.11297829870158,0.8243445599999998,93.12906012741817,0.6563482205600293,1.6129950074985064
39.964848,-6.913391,295.0,2015-03-24 12:00:00,12.1,58,4.1,7.1,0.0,0.0,0.0,0.0,3,1006.3,971.5,98,100,14,0,0.2,0.59,25.0,37.6,36,36,61.6,11.2,9.6,10.7,10.4,0.372,0.341,0.321,0.356,1,400.15,329.0,55.0,274.0,73.3,329.0,1032.8,339.3,56.7,282.5,73.3,339.3,1065.0,12.810286521911621,81.55850982666016,21.866456985473633,225.49392700195312,6.178541660308838,35.2060546875
39.964848,-6.913391,295.0,2015-03-24 13:00:00,12.8,55,4.0,8.1,0.0,0.0,0.0,0.0,3,1006.3,971.6,100,98,39,0,0.21,0.66,22.6,33.9,34,34,60.8,11.7,9.8,10.7,10.4,0.371,0.341,0.321,0.356,1,0.0,306.0,39.0,267.0,50.0,306.0,1073.7,305.0,38.9,266.1,50.0,305.0,1070.1,2.0398947514918846,60.806992856475894,13.420566849944285,212.9277191461147,1.3425752459135019,23.187444846163213
39.964848,-6.913391,295.0,2015-03-24 14:00:00,13.8,51,3.8,9.0,0.0,0.0,0.0,0.0,3,1006.5,971.9,100,95,52,0,0.24,0.77,22.7,34.1,27,28,59.8,12.4,10.0,10.7,10.4,0.369,0.341,0.321,0.356,1,576.95,370.0,60.0,310.0,79.2,370.0,1042.8,356.1,57.7,298.4,79.2,356.1,1003.7,0.9694430828228369,59.62861662948716,8.530321774254022,200.9843828799204,1.2548326181564016,15.424047618042993
39.964848,-6.913391,295.0,2015-03-24 15:00:00,14.2,49,3.6,9.3,0.0,0.0,0.0,0.0,3,1006.2,971.6,100,90,74,0,0.23,0.83,23.7,35.4,26,27,58.3,12.7,10.2,10.7,10.4,0.367,0.341,0.321,0.356,1,260.34,296.0,47.0,249.0,68.7,296.0,942.4,273.4,43.4,230.0,68.7,273.4,870.4,0.9299333761742665,61.60131236979179,5.76279558238263,191.09037391090996,1.4843245540588286,10.7175561500813
39.964848,-6.913391,295.0,2015-03-24 16:00:00,14.4,48,3.5,9.8,0.0,0.0,0.0,0.0,2,1006.2,971.7,60,34,49,0,0.24,0.86,21.7,33.3,24,25,59.0,13.0,10.4,10.7,10.4,0.365,0.341,0.321,0.356,1,3600.0,358.0,144.0,214.0,254.5,358.0,779.2,312.1,125.5,186.5,254.5,312.1,679.2,0.8148230649458605,63.95431316713334,4.298303860605562,184.86354029717046,1.5064940631598212,8.12435471271553
39.964848,-6.913391,295.0,2015-03-24 17:00:00,14.4,48,3.5,10.0,0.0,0.0,0.0,0.0,1,1006.6,972.1,34,19,28,0,0.2,0.86,20.1,31.4,21,22,55.1,13.0,10.5,10.7,10.4,0.364,0.341,0.321,0.356,1,3600.0,275.0,156.0,119.0,380.5,275.0,564.5,216.0,122.5,93.5,380.5,216.0,443.3,0.6962892083288242,64.74660682943625,3.4014917411104237,179.78423091861274,1.437307250193413,6.495737441418085
39.964848,-6.913391,295.0,2015-03-24 18:00:00,13.6,51,3.8,9.5,0.0,0.0,0.0,0.0,1,1007.0,972.3,34,23,23,0,0.14,0.76,18.4,31.0,17,18,45.0,12.6,10.7,10.7,10.4,0.362,0.341,0.321,0.356,1,3600.0,153.0,89.0,64.0,391.8,153.0,312.8,87.4,50.9,36.6,391.8,87.4,178.8,0.5222669876777256,62.65855418436671,2.6621300861090833,174.6531410551643,1.2007471362882085,5.128821516176689
39.964848,-6.913391,295.0,2015-03-24 19:00:00,12.3,57,4.0,8.3,0.0,0.0,0.0,0.0,1,1007.8,973.0,36,28,18,0,0.08,0.62,18.3,31.8,15,16,37.4,11.7,10.8,10.7,10.4,0.361,0.341,0.321,0.356,0,418.65,24.0,11.0,13.0,108.5,24.0,79.6,0.0,0.0,0.0,0.0,0.0,0.0,0.37041617402019117,59.049884809860586,1.935075984851846,169.38005058326675,0.9674621539875944,3.7626853289520676
39.964848,-6.913391,295.0,2015-03-24 20:00:00,11.4,60,3.9,7.5,0.0,0.0,0.0,0.0,0,1008.8,973.8,0,0,0,0,0.06,0.54,17.0,30.3,13,16,35.6,11.0,10.8,10.7,10.4,0.361,0.341,0.321,0.356,0,0.0,0.0,0.0,0.0,0.0,0.0,0.0,0.0,0.0,0.0,0.0,0.0,0.0,0.238336368427924,55.83763854437584,1.3395274475930563,164.0383055808428,0.7078977495272455,2.6254565735878184
39.964848,-6.913391,295.0,2015-03-24 21:00:00,10.6,62,3.7,6.8,0.0,0.0,0.0,0.0,0,1009.8,974.7,0,0,0,0,0.05,0.49,16.5,30.0,11,14,33.8,10.5,10.8,10.7,10.4,0.36,0.342,0.321,0.356,0,0.0,0.0,0.0,0.0,0.0,0.0,0.0,0.0,0.0,0.0,0.0,0.0,0.0,0.16243927086218232,53.34964839493561,0.870094943109285,158.64589678461948,0.5470731375948544,1.7166523948912786
39.964848,-6.913391,295.0,2015-03-24 22:00:00,9.9,63,3.1,6.1,0.0,0.0,0.0,0.0,0,1010.5,975.3,0,0,0,0,0.05,0.46,15.6,29.4,8,11,33.8,10.0,10.7,10.7,10.4,0.359,0.342,0.321,0.356,0,0.0,0.0,0.0,0.0,0.0,0.0,0.0,0.0,0.0,0.0,0.0,0.0,0.0,0.1176423486415983,51.2837398328266,0.6937722,153.2204753191621,0.41887486342784136,1.3720134342990962
39.964848,-6.913391,295.0,2015-03-24 23:00:00,9.2,61,2.1,5.0,0.0,0.0,0.0,0.0,0,1010.9,975.6,0,0,0,0,0.05,0.46,16.9,30.5,11,14,36.0,9.6,10.6,10.7,10.4,0.358,0.342,0.321,0.356,0,0.0,0.0,0.0,0.0,0.0,0.0,0.0,0.0,0.0,0.0,0.0,0.0,0.0,0.13636447916192632,52.049723142013605,0.6847378199999999,148.46878660047219,0.48703875652986983,1.3538655750220276
39.964848,-6.913391,295.0,2015-03-25 00:00:00,8.5,58,0.8,3.8,0.0,0.0,0.0,0.0,0,1011.7,976.3,0,0,0,0,0.06,0.46,18.2,32.5,9,13,38.2,9.2,10.5,10.7,10.4,0.358,0.342,0.321,0.356,0,0.0,0.0,0.0,0.0,0.0,0.0,0.0,0.0,0.0,0.0,0.0,0.0,0.0,0.21329355108421968,55.979029821201166,0.6872947199999998,145.76766116091315,0.7611865086730308,1.358575229873108
39.964848,-6.913391,295.0,2015-03-25 01:00:00,7.6,57,-0.5,2.6,0.0,0.0,0.0,0.0,0,1012.4,976.8,0,0,0,0,0.06,0.46,19.6,34.0,7,10,40.3,8.8,10.4,10.7,10.4,0.357,0.342,0.321,0.356,0,0.0,0.0,0.0,0.0,0.0,0.0,0.0,0.0,0.0,0.0,0.0,0.0,0.0,0.31664642825962686,60.73197936444247,0.6376908599999999,146.83966116091315,1.1491368742191048,1.2616837148626634
39.964848,-6.913391,295.0,2015-03-25 02:00:00,6.9,56,-1.3,1.7,0.0,0.0,0.0,0.0,0,1012.7,977.0,0,0,0,0,0.06,0.44,19.6,33.9,6,9,40.7,8.4,10.3,10.7,10.4,0.356,0.342,0.321,0.356,0,0.0,0.0,0.0,0.0,0.0,0.0,0.0,0.0,0.0,0.0,0.0,0.0,0.0,0.4216104883716745,66.18862081924983,0.7344191464642991,147.78566116091315,1.4814671384450049,1.4508137867857178
39.964848,-6.913391,295.0,2015-03-25 03:00:00,6.2,57,-1.8,1.1,0.0,0.0,0.0,0.0,0,1012.9,977.1,0,0,0,0,0.05,0.41,18.8,32.7,4,8,40.3,8.0,10.1,10.7,10.4,0.356,0.342,0.321,0.356,0,0.0,0.0,0.0,0.0,0.0,0.0,0.0,0.0,0.0,0.0,0.0,0.0,0.0,0.5519482168280243,71.02965862706519,1.269493086464299,148.60566116091314,1.66865876499318,2.4858955439764925
39.964848,-6.913391,295.0,2015-03-25 04:00:00,5.6,57,-2.2,0.5,0.0,0.0,0.0,0.0,0,1013.1,977.2,0,0,0,0,0.05,0.39,18.0,31.5,2,5,38.5,7.6,10.0,10.7,10.4,0.355,0.342,0.321,0.356,0,0.0,0.0,0.0,0.0,0.0,0.0,0.0,0.0,0.0,0.0,0.0,0.0,0.0,0.7796862493838005,76.70508448882502,1.7605883464642988,149.31766116091313,2.111297023429673,3.4203541315196526
39.964848,-6.913391,295.0,2015-03-25 05:00:00,5.0,59,-2.4,0.1,0.0,0.0,0.0,0.0,0,1013.2,977.3,0,0,0,0,0.05,0.36,17.3,30.7,360,3,36.0,7.2,9.8,10.7,10.4,0.355,0.342,0.321,0.356,0,0.0,0.0,0.0,0.0,0.0,0.0,0.0,0.0,0.0,0.0,0.0,0.0,0.0,1.5740717741761208,80.55312218124213,2.1869088064642987,149.92166116091315,2.884355531242611,4.219927305877544
39.964848,-6.913391,295.0,2015-03-25 06:00:00,4.6,61,-2.4,-0.3,0.0,0.0,0.0,0.0,0,1013.7,977.7,0,0,0,0,0.04,0.33,16.6,29.5,358,360,33.1,6.8,9.6,10.7,10.4,0.354,0.342,0.321,0.356,0,0.0,0.0,0.0,0.0,0.0,0.0,0.0,0.0,0.0,0.0,0.0,0.0,0.0,2.1949174740907473,81.98119299046068,2.5658413864642986,150.45366116091316,3.28283427780288,4.921839754771157
39.964848,-6.913391,295.0,2015-03-25 07:00:00,4.5,65,-1.6,-0.2,0.0,0.0,0.0,0.0,0,1014.2,978.2,0,0,0,0,0.05,0.3,15.9,28.1,354,357,33.5,6.6,9.4,10.7,10.4,0.354,0.342,0.321,0.356,1,148.75,16.0,8.0,8.0,89.3,16.0,63.3,37.0,18.5,18.5,174.0,19.0,146.5,2.3490949399928667,82.22649130852383,2.8999429864642985,150.96766116091317,3.2652674528172696,5.53412307265946
39.964848,-6.913391,295.0,2015-03-25 08:00:00,5.6,64,-0.8,1.2,0.0,0.0,0.0,0.0,0,1014.9,979.0,0,0,0,0,0.08,0.33,14.6,23.2,350,353,32.4,7.3,9.3,10.7,10.4,0.353,0.342,0.321,0.356,1,3600.0,169.0,121.0,48.0,591.1,169.0,281.8,248.2,177.7,70.5,591.1,248.2,413.8,2.4505113663559053,82.52727654932622,3.3110925064642984,151.67966116091316,3.1743053630820115,6.279489579475519
39.964848,-6.913391,295.0,2015-03-25 09:00:00,7.2,59,-0.3,2.5,0.0,0.0,0.0,0.0,0,1014.7,979.0,0,0,0,0,0.15,0.42,17.5,25.3,352,354,37.4,8.7,9.3,10.7,10.4,0.352,0.342,0.321,0.356,1,3600.0,376.0,305.0,71.0,781.3,376.0,537.4,458.1,371.6,86.5,781.3,458.1,654.8,3.6708030271074894,83.33090152043215,3.8911678864642982,152.67966116091316,4.069962998733823,7.316187966315081
39.964848,-6.913391,295.0,2015-03-25 10:00:00,9.0,49,-1.1,4.2,0.0,0.0,0.0,0.0,1,1014.7,979.2,20,20,4,0,0.25,0.59,18.4,26.0,354,354,44.3,10.2,9.4,10.6,10.4,0.351,0.342,0.321,0.356,1,3600.0,569.0,488.0,81.0,886.0,569.0,758.1,640.1,549.0,91.1,886.0,640.1,852.9,5.392759333046388,84.97744799689188,4.769207346464298,154.00366116091317,5.309353351310243,8.853011393760612
39.964848,-6.913391,295.0,2015-03-25 11:00:00,10.6,41,-2.2,5.7,0.0,0.0,0.0,0.0,1,1013.9,978.6,40,21,35,0,0.31,0.76,20.6,28.5,4,4,50.4,11.4,9.5,10.6,10.4,0.35,0.342,0.321,0.356,1,3600.0,668.0,516.0,152.0,764.5,668.0,929.1,715.2,552.4,162.7,764.5,715.2,994.7,8.34342107370522,86.76034613525215,5.945892726464297,155.61566116091316,7.612774684920822,10.85490256870814
39.964848,-6.913391,295.0,2015-03-25 12:00:00,11.8,36,-2.8,6.7,0.0,0.0,0.0,0.0,1,1014.1,979.0,45,8,63,0,0.35,0.89,22.5,31.3,7,8,50.4,12.3,9.8,10.6,10.4,0.348,0.341,0.321,0.356,1,3600.0,705.0,507.0,198.0,672.0,705.0,1038.5,726.7,522.6,204.1,672.0,726.7,1070.5,19.429073333740234,86.9344253540039,23.5185546875,227.65235900878906,10.209854125976562,37.30699920654297
39.964848,-6.913391,295.0,2015-03-25 13:00:00,12.4,35,-2.8,7.2,0.0,0.0,0.0,0.0,1,1013.5,978.5,33,4,49,0,0.35,0.94,22.0,30.7,3,3,50.4,12.8,10.0,10.6,10.4,0.347,0.341,0.321,0.356,1,3600.0,662.0,420.0,242.0,535.8,662.0,1079.0,659.7,418.5,241.2,535.8,659.7,1075.2,20.185051327828397,88.41338592684407,25.0143411875,229.58835900878907,10.345727483266531,39.318901408731286
39.964848,-6.913391,295.0,2015-03-25 14:00:00,12.7,35,-2.5,7.2,0.0,0.0,0.0,0.0,1,1013.4,978.4,42,1,69,0,0.34,0.96,23.1,32.5,356,356,50.0,13.2,10.2,10.6,10.4,0.346,0.341,0.321,0.356,1,3600.0,612.0,357.0,255.0,468.9,612.0,1047.8,589.1,343.6,245.4,468.9,589.1,1008.5,22.41995896335458,88.81385052985472,26.543367387500002,231.57835900878908,11.582343822127495,41.2629116432466
39.964848,-6.913391,295.0,2015-03-25 15:00:00,12.8,35,-2.3,6.9,0.0,0.0,0.0,0.0,2,1013.1,978.1,51,3,80,0,0.31,0.96,23.3,33.0,352,352,51.5,13.3,10.4,10.6,10.4,0.344,0.341,0.321,0.356,1,3600.0,523.0,247.0,276.0,358.9,523.0,947.1,483.2,228.2,255.0,358.9,483.2,875.0,23.346347260394438,88.91996421714546,28.0834734875,233.5863590087891,11.87925826926818,43.18646059111831
39.964848,-6.913391,295.0,2015-03-25 16:00:00,12.7,36,-2.1,6.9,0.0,0.0,0.0,0.0,1,1013.2,978.2,50,3,78,0,0.28,0.94,23.4,33.6,350,351,51.5,13.1,10.6,10.6,10.4,0.343,0.34,0.32,0.356,1,3600.0,438.0,216.0,222.0,379.3,438.0,783.7,382.1,188.4,193.7,379.3,382.1,683.7,24.03928578055944,88.96896511959423,29.5889762075,235.5763590087891,12.023555114589197,45.03628049858039
39.964848,-6.913391,295.0,2015-03-25 17:00:00,12.4,38,-1.7,7.0,0.0,0.0,0.0,0.0,1,1013.4,978.4,24,0,28,25,0.22,0.9,20.9,31.4,345,347,49.0,12.7,10.8,10.6,10.4,0.342,0.34,0.32,0.356,1,3600.0,336.0,207.0,129.0,500.7,336.0,568.9,264.5,162.9,101.5,500.7,264.5,447.8,22.523742553479632,89.01798219970789,31.0157264075,237.5123590087891,10.675268208950834,46.76450836055764
39.964848,-6.913391,295.0,2015-03-25 18:00:00,11.6,42,-0.8,6.9,0.0,0.0,0.0,0.0,0,1013.8,978.7,8,0,0,27,0.14,0.79,16.9,27.7,331,335,42.1,12.0,10.8,10.6,10.4,0.342,0.34,0.32,0.356,1,3600.0,191.0,136.0,55.0,589.8,191.0,317.3,110.4,78.6,31.8,589.8,110.4,183.3,19.70136697632556,88.9663483476614,32.2713347675,239.3043590087891,8.662098188516016,48.26930442915861
39.964848,-6.913391,295.0,2015-03-25 19:00:00,10.6,45,-1.0,5.9,0.0,0.0,0.0,0.0,0,1014.8,979.5,0,0,0,1,0.09,0.71,16.7,29.8,323,328,34.9,11.0,10.8,10.6,10.4,0.341,0.34,0.32,0.356,0,870.23,28.0,16.0,12.0,155.3,28.0,81.9,0.0,0.0,0.0,0.0,0.0,0.0,18.867380280499606,88.49156028016372,33.3682448675,240.9163590087891,8.010269328120165,49.57162935082946
39.964848,-6.913391,295.0,2015-03-25 20:00:00,9.6,48,-0.8,5.0,0.0,0.0,0.0,0.0,0,1015.9,980.5,0,0,0,0,0.07,0.62,16.5,29.8,328,333,33.5,10.3,10.8,10.6,10.4,0.341,0.34,0.32,0.356,0,0.0,0.0,0.0,0.0,0.0,0.0,0.0,0.0,0.0,0.0,0.0,0.0,0.0,17.775150735100848,87.88626928208112,34.316684307500005,242.3483590087891,7.270728764606369,50.689281160837695
39.964848,-6.913391,295.0,2015-03-25 21:00:00,8.9,51,-0.6,4.5,0.0,0.0,0.0,0.0,0,1016.8,981.2,0,0,0,1,0.06,0.56,15.3,28.7,333,338,32.4,9.7,10.7,10.6,10.4,0.341,0.34,0.32,0.356,0,0.0,0.0,0.0,0.0,0.0,0.0,0.0,0.0,0.0,0.0,0.0,0.0,0.0,16.0844199582843,87.27863782353603,35.151938307500004,243.6543590087891,6.274664505364642,51.66841232552467
39.964848,-6.913391,295.0,2015-03-25 22:00:00,8.3,54,-0.5,4.2,0.0,0.0,0.0,0.0,0,1017.5,981.8,14,0,0,47,0.05,0.5,12.9,25.9,330,335,29.5,9.2,10.6,10.6,10.4,0.341,0.34,0.32,0.356,0,0.0,0.0,0.0,0.0,0.0,0.0,0.0,0.0,0.0,0.0,0.0,0.0,0.0,13.877611548167378,86.69179891411133,35.889007347500005,244.8523590087891,5.114602900432148,52.52939599289273
39.964848,-6.913391,295.0,2015-03-25 23:00:00,7.7,57,-0.2,4.0,0.0,0.0,0.0,0.0,0,1017.9,982.1,13,0,0,43,0.03,0.45,10.8,23.5,339,342,27.0,8.7,10.5,10.6,10.4,0.34,0.34,0.32,0.356,0,0.0,0.0,0.0,0.0,0.0,0.0,0.0,0.0,0.0,0.0,0.0,0.0,0.0,12.06610497285493,86.11451909160621,36.534027987500004,245.9423590087891,4.240698998889805,53.281152282130606
39.964848,-6.913391,295.0,2015-03-26 00:00:00,7.1,60,-0.1,3.4,0.0,0.0,0.0,0.0,0,1018.9,983.0,6,0,0,20,0.03,0.4,10.8,23.1,339,345,23.0,8.3,10.3,10.6,10.4,0.34,0.34,0.32,0.356,0,0.0,0.0,0.0,0.0,0.0,0.0,0.0,0.0,0.0,0.0,0.0,0.0,0.0,11.371964703943826,85.52742393266294,37.0931367875,246.9243590087891,3.9062093109783875,53.93201733111174
39.964848,-6.913391,295.0,2015-03-26 01:00:00,6.8,63,0.2,3.2,0.0,0.0,0.0,0.0,0,1019.0,983.1,3,0,0,10,0.03,0.37,10.5,22.5,338,344,21.6,7.9,10.2,10.6,10.4,0.34,0.34,0.32,0.356,0,0.0,0.0,0.0,0.0,0.0,0.0,0.0,0.0,0.0,0.0,0.0,0.0,0.0,10.60297079894624,84.96242522407937,37.5913913675,247.8523590087891,3.5584517392164927,54.51301643218503
39.964848,-6.913391,295.0,2015-03-26 02:00:00,6.3,65,0.3,2.8,0.0,0.0,0.0,0.0,0,1019.2,983.2,9,0,5,21,0.02,0.33,10.0,21.1,339,346,20.2,7.5,10.0,10.6,10.4,0.34,0.34,0.32,0.356,0,0.0,0.0,0.0,0.0,0.0,0.0,0.0,0.0,0.0,0.0,0.0,0.0,0.0,9.900545236881444,84.4936174124212,38.0328827675,248.6903590087891,3.254896328845922,55.027144147287316
39.964848,-6.913391,295.0,2015-03-26 03:00:00,5.9,68,0.3,2.4,0.0,0.0,0.0,0.0,1,1019.4,983.4,24,0,32,15,0.02,0.3,9.6,20.3,340,348,18.7,7.1,9.8,10.6,10.4,0.34,0.34,0.32,0.356,0,0.0,0.0,0.0,0.0,0.0,0.0,0.0,0.0,0.0,0.0,0.0,0.0,0.0,9.199169380880504,83.95385888866083,38.4147131675,249.4563590087891,2.9668092539392594,55.4731386311648
39.964848,-6.913391,295.0,2015-03-26 04:00:00,5.5,70,0.5,2.1,0.0,0.0,0.0,0.0,1,1019.6,983.5,41,0,66,6,0.01,0.27,9.0,19.6,331,343,17.6,6.8,9.6,10.6,10.4,0.339,0.34,0.32,0.356,0,0.0,0.0,0.0,0.0,0.0,0.0,0.0,0.0,0.0,0.0,0.0,0.0,0.0,8.540997542943062,83.49118339786311,38.752223967499994,250.15035900878908,2.7079811351787044,55.86754498888458
39.964848,-6.913391,295.0,2015-03-26 05:00:00,5.4,69,0.3,2.2,0.0,0.0,0.0,0.0,2,1020.0,983.9,74,0,78,91,0.01,0.28,8.3,18.5,326,336,16.2,6.4,9.5,10.6,10.4,0.339,0.339,0.32,0.356,0,0.0,0.0,0.0,0.0,0.0,0.0,0.0,0.0,0.0,0.0,0.0,0.0,0.0,8.247598736092769,83.41553763033997,39.09570086749999,250.82635900878907,2.5884419669681873,56.26620634413104
39.964848,-6.913391,295.0,2015-03-26 06:00:00,4.9,75,0.8,1.6,0.0,0.0,0.0,0.0,2,1020.4,984.2,63,0,56,97,0.01,0.22,8.9,19.6,328,334,17.3,6.0,9.2,10.6,10.4,0.339,0.339,0.32,0.356,0,0.0,0.0,0.0,0.0,0.0,0.0,0.0,0.0,0.0,0.0,0.0,0.0,0.0,7.77865677690524,82.63203525948343,39.351390867499994,251.41235900878908,2.413276226698394,56.56766836083497
39.964848,-6.913391,295.0,2015-03-26 07:00:00,5.6,76,1.6,2.5,0.0,0.0,0.0,0.0,2,1021.0,984.9,55,0,46,92,0.03,0.22,8.3,18.2,326,333,18.7,6.4,9.1,10.6,10.4,0.339,0.339,0.321,0.356,1,0.0,12.0,3.0,9.0,32.5,12.0,67.0,27.6,6.9,20.7,61.6,14.5,153.8,7.291596052376554,82.26294614578784,39.62549054749999,252.12435900878907,2.236381835712271,56.89573092411199
39.964848,-6.913391,295.0,2015-03-26 08:00:00,7.7,67,2.0,4.8,0.0,0.0,0.0,0.0,2,1021.4,985.5,70,0,81,70,0.06,0.35,7.5,14.8,325,331,19.1,8.0,9.0,10.6,10.4,0.339,0.339,0.321,0.356,1,3600.0,125.0,41.0,84.0,195.2,125.0,289.0,182.1,59.7,122.3,195.2,182.1,420.9,7.206959934828234,82.42591416534448,40.120506387499994,253.21435900878907,2.191740193898462,57.47462114957044
39.964848,-6.913391,295.0,2015-03-26 09:00:00,9.7,61,2.5,6.8,0.0,0.0,0.0,0.0,2,1021.8,986.2,73,1,82,76,0.13,0.48,8.4,12.4,320,324,21.6,9.6,9.1,10.6,10.4,0.339,0.339,0.32,0.356,1,3600.0,264.0,133.0,131.0,336.2,264.0,544.2,320.9,161.6,159.2,336.2,320.9,661.4,8.330386178102762,83.26693077784215,40.83848390749999,254.66435900878906,2.551776559675157,58.30300339990377
39.964848,-6.913391,295.0,2015-03-26 10:00:00,11.1,60,3.7,8.0,0.0,0.0,0.0,0.0,3,1022.2,986.7,93,21,85,77,0.18,0.53,11.2,15.7,303,307,24.1,10.8,9.2,10.5,10.4,0.338,0.339,0.32,0.356,1,3600.0,329.0,133.0,196.0,239.3,329.0,764.6,369.7,149.4,220.2,239.3,369.7,859.1,10.186678674892313,83.89874343939358,41.67032870749999,256.36635900878906,3.192428415807075,59.26003124739911
39.964848,-6.913391,295.0,2015-03-26 11:00:00,12.7,61,5.3,9.8,0.0,0.0,0.0,0.0,3,1021.9,986.6,100,33,96,71,0.24,0.57,12.1,16.9,300,304,29.2,12.1,9.5,10.5,10.4,0.337,0.339,0.32,0.356,1,3600.0,455.0,254.0,201.0,373.7,455.0,935.1,486.8,271.8,215.1,373.7,486.8,1000.5,11.05397485280954,84.20477843814267,42.58774442749999,258.35635900878907,3.4799256660349367,60.31819569271177
39.964848,-6.913391,295.0,2015-03-26 12:00:00,14.3,59,6.5,11.5,0.0,0.0,0.0,0.0,3,1022.1,987.0,100,57,75,28,0.29,0.66,13.5,18.9,304,305,34.2,13.5,9.8,10.5,10.4,0.336,0.338,0.32,0.356,1,3600.0,531.0,255.0,276.0,336.0,531.0,1044.1,547.2,262.8,284.4,336.0,547.2,1075.9,15.494829177856445,86.47859191894531,24.6708984375,230.29949951171875,7.29887580871582,38.86150360107422
39.964848,-6.913391,295.0,2015-03-26 13:00:00,14.9,59,7.0,11.9,0.0,0.0,0.0,0.0,3,1021.8,986.8,100,76,54,7,0.28,0.69,15.9,22.0,309,310,36.0,14.1,10.1,10.5,10.4,0.335,0.338,0.32,0.356,1,3600.0,492.0,220.0,272.0,279.1,492.0,1084.2,490.2,219.2,271.0,279.1,490.2,1080.2,13.26227821687043,86.52678680148662,25.7891160375,232.68549951171875,5.81181233393613,40.38758841369323
39.964848,-6.913391,295.0,2015-03-26 14:00:00,14.7,61,7.2,11.5,0.0,0.0,0.0,0.0,3,1021.6,986.6,94,90,8,28,0.21,0.66,17.6,24.4,314,315,36.0,13.9,10.3,10.5,10.4,0.335,0.338,0.32,0.355,1,0.0,316.0,44.0,272.0,57.5,316.0,1052.7,304.2,42.4,261.8,57.5,304.2,1013.2,14.061032736793326,86.28588446710111,26.8394905575,235.03549951171874,6.11973505974969,41.75781840615291
39.964848,-6.913391,295.0,2015-03-26 15:00:00,14.7,62,7.5,11.6,0.0,0.0,0.0,0.0,3,1021.5,986.5,100,89,0,68,0.2,0.64,17.3,24.4,315,315,33.8,13.9,10.6,10.5,10.4,0.334,0.338,0.32,0.355,1,0.0,305.0,30.0,275.0,43.4,305.0,951.7,281.9,27.7,254.1,43.4,281.9,879.5,13.849011294656815,86.09881774403625,27.8629323975,237.38549951171873,5.871174286179596,43.08360572466766
39.964848,-6.913391,295.0,2015-03-26 16:00:00,14.7,63,7.7,11.7,0.0,0.0,0.0,0.0,3,1021.6,986.6,100,100,5,54,0.17,0.62,17.1,25.0,312,313,31.7,13.8,10.8,10.5,10.4,0.333,0.337,0.32,0.355,1,451.14,241.0,43.0,198.0,75.0,241.0,788.2,210.4,37.5,172.9,75.0,210.4,688.1,13.698296814881417,85.92360653454936,28.8594415575,239.73549951171873,5.6710355535023185,44.36668981760743
39.964848,-6.913391,295.0,2015-03-26 17:00:00,14.5,65,8.0,12.0,0.0,0.0,0.0,0.0,3,1021.9,986.8,88,90,4,15,0.12,0.58,14.2,21.5,306,308,31.0,13.4,10.9,10.5,10.4,0.333,0.337,0.32,0.355,1,0.0,124.0,13.0,111.0,31.2,124.0,573.3,97.8,10.3,87.5,31.2,97.8,452.2,11.948155120623273,85.59921322181923,29.790153157499997,242.04949951171872,4.682774133476522,45.561610242782855
39.964848,-6.913391,295.0,2015-03-26 18:00:00,14.1,68,8.3,12.0,0.0,0.0,0.0,0.0,2,1022.6,987.5,59,54,13,8,0.08,0.51,11.6,19.2,292,298,27.7,13.0,11.1,10.5,10.4,0.333,0.337,0.32,0.355,1,0.0,60.0,3.0,57.0,12.8,60.0,321.8,35.0,1.8,33.3,12.8,35.0,187.9,10.259317071958476,85.08055594045399,30.619270597499998,244.2914995117187,3.8228726349778226,46.627821230506775
39.964848,-6.913391,295.0,2015-03-26 19:00:00,13.3,73,8.6,11.4,0.0,0.0,0.0,0.0,2,1023.3,988.0,74,74,5,15,0.05,0.41,10.6,19.6,288,296,23.4,12.4,11.2,10.5,10.4,0.333,0.337,0.32,0.355,0,0.0,12.0,2.0,10.0,19.1,12.0,84.2,0.0,0.0,0.0,0.0,0.0,0.0,8.945139382917509,84.16296517602841,31.2820190775,246.38949951171872,3.2085371540133933,47.49039126244082
39.964848,-6.913391,295.0,2015-03-26 20:00:00,12.7,77,8.7,10.8,0.0,0.0,0.0,0.0,2,1024.3,988.9,56,54,8,10,0.01,0.34,10.5,19.5,292,300,21.2,12.0,11.2,10.5,10.4,0.333,0.337,0.32,0.355,0,0.0,0.0,0.0,0.0,0.0,0.0,0.0,0.0,0.0,0.0,0.0,0.0,0.0,8.083075098244825,83.23740292190614,31.823059117499998,248.37949951171873,2.825789548435894,48.205551347153985
39.964848,-6.913391,295.0,2015-03-26 21:00:00,12.2,80,8.8,10.4,0.0,0.0,0.0,0.0,1,1025.1,989.6,35,36,3,4,0.01,0.29,10.3,19.7,295,305,20.9,11.7,11.2,10.5,10.4,0.332,0.337,0.32,0.355,0,0.0,0.0,0.0,0.0,0.0,0.0,0.0,0.0,0.0,0.0,0.0,0.0,0.0,7.362161469009315,82.42143599083137,32.276482717499995,250.27949951171874,2.522452704877505,48.81484546296272
39.964848,-6.913391,295.0,2015-03-26 22:00:00,11.5,84,8.9,9.7,0.0,0.0,0.0,0.0,1,1025.5,989.9,22,23,2,0,0.0,0.22,10.6,20.5,294,304,20.9,11.2,11.2,10.6,10.4,0.332,0.337,0.32,0.355,0,0.0,0.0,0.0,0.0,0.0,0.0,0.0,0.0,0.0,0.0,0.0,0.0,0.0,6.66396708310985,81.33376315244102,32.620130077499994,252.05349951171874,2.247060183476115,49.29210837328007
39.964848,-6.913391,295.0,2015-03-26 23:00:00,11.0,87,8.8,9.0,0.0,0.0,0.0,0.0,1,1025.9,990.3,21,23,1,0,0.0,0.18,11.4,21.9,305,312,22.0,10.8,11.2,10.6,10.4,0.332,0.337,0.32,0.355,0,0.0,0.0,0.0,0.0,0.0,0.0,0.0,0.0,0.0,0.0,0.0,0.0,0.0,6.228100409735762,80.2753789575605,32.88826365749999,253.73749951171874,2.079275130423191,49.67872080936198
39.964848,-6.913391,295.0,2015-03-27 00:00:00,10.6,88,8.8,8.7,0.0,0.0,0.0,0.0,1,1026.5,990.8,29,32,0,0,0.0,0.15,11.0,21.9,308,316,22.3,10.5,11.1,10.6,10.4,0.332,0.337,0.32,0.355,0,0.0,0.0,0.0,0.0,0.0,0.0,0.0,0.0,0.0,0.0,0.0,0.0,0.0,5.789026233831148,79.68727520013636,33.12758949749999,255.34949951171873,1.9170218793502074,50.028988904745546
39.964848,-6.913391,295.0,2015-03-27 01:00:00,10.6,89,8.9,8.7,0.0,0.0,0.0,0.0,1,1026.2,990.5,32,35,0,0,0.0,0.14,10.9,21.8,314,321,22.3,10.4,11.1,10.6,10.4,0.332,0.337,0.32,0.355,0,0.0,0.0,0.0,0.0,0.0,0.0,0.0,0.0,0.0,0.0,0.0,0.0,0.0,5.545772665685861,79.2464283213917,33.34697151749999,256.9614995117187,1.8260375342519684,50.356505678060984
39.964848,-6.913391,295.0,2015-03-27 02:00:00,10.5,90,8.9,8.7,0.0,0.0,0.0,0.0,1,1026.5,990.8,43,48,0,0,0.0,0.13,10.5,21.5,319,325,21.6,10.3,11.0,10.6,10.4,0.332,0.337,0.32,0.355,0,0.0,0.0,0.0,0.0,0.0,0.0,0.0,0.0,0.0,0.0,0.0,0.0,0.0,5.245524954237878,78.82077104130214,33.54470511749999,258.5554995117187,1.719028225248974,50.65847398716264
39.964848,-6.913391,295.0,2015-03-27 03:00:00,10.4,90,8.9,8.6,0.0,0.0,0.0,0.0,1,1026.2,990.5,47,52,0,0,0.0,0.13,10.6,21.1,325,330,20.9,10.2,10.9,10.6,10.4,0.332,0.337,0.32,0.355,0,0.0,0.0,0.0,0.0,0.0,0.0,0.0,0.0,0.0,0.0,0.0,0.0,0.0,5.2310883915488,78.68994204692854,33.74073411749999,260.13149951171874,1.7071118104800005,50.957633498107576
39.964848,-6.913391,295.0,2015-03-27 04:00:00,10.2,91,8.7,8.4,0.0,0.0,0.0,0.0,1,1026.7,990.9,46,51,0,0,0.0,0.12,9.9,20.4,327,334,19.4,9.9,10.9,10.6,10.4,0.332,0.337,0.32,0.355,0,0.0,0.0,0.0,0.0,0.0,0.0,0.0,0.0,0.0,0.0,0.0,0.0,0.0,4.902632866469935,78.32461444960478,33.91409193749999,261.67149951171876,1.5951472727172569,51.22920434175618
39.964848,-6.913391,295.0,2015-03-27 05:00:00,10.4,90,8.8,8.7,0.0,0.0,0.0,0.0,1,1027.0,991.3,34,38,0,0,0.0,0.13,9.5,19.8,335,341,19.1,10.0,10.8,10.6,10.4,0.332,0.337,0.32,0.355,0,0.0,0.0,0.0,0.0,0.0,0.0,0.0,0.0,0.0,0.0,0.0,0.0,0.0,4.842575130871622,78.3701172936683,34.11012093749999,263.2474995117188,1.569553197171762,51.528359103247
39.964848,-6.913391,295.0,2015-03-27 06:00:00,10.1,91,8.6,8.4,0.0,0.0,0.0,0.0,1,1027.6,991.8,32,36,0,0,0.0,0.11,9.1,19.6,342,347,19.1,9.7,10.7,10.6,10.4,0.332,0.337,0.32,0.355,0,0.0,0.0,0.0,0.0,0.0,0.0,0.0,0.0,0.0,0.0,0.0,0.0,0.0,4.698616445097663,78.2233333524116,34.281944617499995,264.7694995117188,1.5187232931712553,51.7973028973002
39.964848,-6.913391,295.0,2015-03-27 07:00:00,10.4,89,8.7,8.6,0.0,0.0,0.0,0.0,1,1028.1,992.3,38,42,0,0,0.02,0.14,9.7,19.3,345,351,20.5,9.7,10.6,10.6,10.4,0.332,0.336,0.32,0.355,1,0.0,11.0,4.0,7.0,42.1,11.0,70.7,25.1,9.1,16.0,77.8,13.6,161.1,4.88949117339322,78.2688027584859,34.49757651749999,266.3454995117188,1.571506090410406,52.11882822416481
39.964848,-6.913391,295.0,2015-03-27 08:00:00,12.0,82,9.0,10.2,0.0,0.0,0.0,0.0,0,1028.7,993.1,19,21,0,0,0.06,0.25,10.3,16.8,348,351,22.0,10.9,10.7,10.6,10.4,0.332,0.336,0.32,0.355,1,2935.81,96.0,34.0,62.0,157.9,96.0,296.1,138.7,49.1,89.6,157.9,138.7,427.9,5.4701823551058135,79.08198623257124,34.89952119749999,268.2094995117188,1.7439516121664211,52.666560592918394
39.964848,-6.913391,295.0,2015-03-27 09:00:00,13.3,75,8.9,11.3,0.0,0.0,0.0,0.0,0,1028.8,993.3,12,13,0,0,0.13,0.39,12.0,17.0,353,355,27.0,12.3,10.8,10.6,10.4,0.332,0.336,0.32,0.355,1,3600.0,237.0,86.0,151.0,214.6,237.0,551.1,287.3,104.3,183.1,214.6,287.3,668.1,6.991824415585324,80.65630587934928,35.51317719749999,270.3074995117188,2.2334594544081927,53.46551727188683
39.964848,-6.913391,295.0,2015-03-27 10:00:00,15.0,69,9.3,13.1,0.0,0.0,0.0,0.0,0,1029.0,993.8,1,1,0,0,0.25,0.54,12.3,16.9,357,359,28.1,13.9,11.0,10.6,10.4,0.331,0.336,0.32,0.355,1,3600.0,474.0,299.0,175.0,533.2,474.0,771.0,532.0,335.6,196.4,533.2,532.0,865.3,8.552032270583167,82.3319179943359,36.363943057499995,272.7114995117188,2.7591539178019957,54.54501087035741
39.964848,-6.913391,295.0,2015-03-27 11:00:00,17.0,63,9.9,16.2,0.0,0.0,0.0,0.0,0,1028.5,993.5,0,0,0,0,0.37,0.72,10.8,14.8,356,357,27.4,15.6,11.3,10.6,10.4,0.33,0.336,0.32,0.355,1,3600.0,683.0,550.0,133.0,803.5,683.0,941.1,730.3,588.1,142.2,803.5,730.3,1006.3,9.711666038992018,83.93242134044901,37.5055136775,275.4754995117188,3.1427636797630125,55.962897615164486
39.964848,-6.913391,295.0,2015-03-27 12:00:00,18.8,58,10.4,19.0,0.0,0.0,0.0,0.0,0,1028.0,993.2,0,0,0,0,0.46,0.92,10.2,13.4,352,354,26.3,17.3,11.7,10.6,10.4,0.329,0.335,0.32,0.355,1,3600.0,808.0,716.0,92.0,937.8,808.0,1049.7,832.3,737.6,94.8,937.8,832.3,1081.3,12.317607879638672,86.53819274902344,26.1708984375,233.45584106445312,5.254168510437012,40.763671875
39.964848,-6.913391,295.0,2015-03-27 13:00:00,20.4,54,10.8,20.9,0.0,0.0,0.0,0.0,0,1027.2,992.6,0,0,0,0,0.51,1.1,10.2,13.8,352,354,24.8,18.6,12.1,10.6,10.4,0.327,0.335,0.32,0.355,1,3600.0,850.0,759.0,91.0,957.9,850.0,1089.3,846.8,756.1,90.7,957.9,846.8,1085.2,11.172034714570017,86.72503923962428,27.8567478375,236.83184106445313,4.485103918715822,43.05338204868805
39.964848,-6.913391,295.0,2015-03-27 14:00:00,21.4,51,11.0,21.8,0.0,0.0,0.0,0.0,0,1026.6,992.2,0,0,0,0,0.51,1.24,10.5,13.8,354,354,24.5,19.5,12.6,10.6,10.4,0.326,0.334,0.32,0.355,1,3600.0,820.0,729.0,91.0,947.7,820.0,1057.5,789.3,701.7,87.6,947.7,789.3,1017.9,12.449226197980273,87.29792343958208,29.7360693375,240.38784106445314,4.940168506224311,45.424551883158934
39.964848,-6.913391,295.0,2015-03-27 15:00:00,22.0,49,10.9,21.7,0.0,0.0,0.0,0.0,0,1026.4,992.1,0,0,0,0,0.46,1.35,10.9,14.6,351,351,25.6,19.9,13.0,10.6,10.4,0.325,0.333,0.32,0.355,1,3600.0,719.0,623.0,96.0,895.6,719.0,956.3,664.6,575.9,88.7,895.6,664.6,884.0,13.758212526421548,87.78132581638822,31.7442585975,244.05184106445313,5.401336708886177,47.90937302661656
39.964848,-6.913391,295.0,2015-03-27 16:00:00,22.2,48,10.6,20.9,0.0,0.0,0.0,0.0,0,1026.1,991.8,0,0,0,0,0.38,1.39,11.2,15.5,345,347,25.9,19.8,13.4,10.6,10.4,0.324,0.333,0.32,0.355,1,3600.0,581.0,498.0,83.0,863.7,581.0,792.6,507.6,435.1,72.5,863.7,507.6,692.5,14.747733016858604,88.04889668119847,33.8095519575,247.75184106445312,5.6978543325747735,50.41824132608577
39.964848,-6.913391,295.0,2015-03-27 17:00:00,21.8,48,10.4,20.3,0.0,0.0,0.0,0.0,0,1026.0,991.6,0,0,0,0,0.27,1.35,11.2,16.2,345,347,25.6,19.2,13.7,10.7,10.4,0.323,0.333,0.319,0.355,1,3600.0,394.0,318.0,76.0,756.7,394.0,577.7,311.4,251.3,60.1,756.7,311.4,456.6,15.213233788103276,88.09761000039941,35.8393896375,251.3798410644531,5.737778249163579,52.84383006433549
39.964848,-6.913391,295.0,2015-03-27 18:00:00,20.5,55,11.1,19.6,0.0,0.0,0.0,0.0,0,1026.5,992.0,0,0,0,0,0.14,1.09,8.4,16.6,335,342,23.0,18.1,14.0,10.7,10.4,0.322,0.332,0.319,0.355,1,3600.0,196.0,143.0,53.0,602.6,196.0,326.2,115.6,84.3,31.3,602.6,115.6,192.4,14.002364948817274,88.14633940231951,37.496260837499996,254.7738410644531,5.017671850979067,54.82163058732841
39.964848,-6.913391,295.0,2015-03-27 19:00:00,18.5,61,10.9,17.6,0.0,0.0,0.0,0.0,0,1026.8,992.0,0,0,0,0,0.05,0.82,8.2,19.4,331,342,16.2,16.6,14.1,10.7,10.4,0.322,0.332,0.319,0.355,0,1012.0,30.0,17.0,13.0,159.7,30.0,86.4,0.0,0.0,0.0,0.0,0.0,0.0,12.617238308685465,87.14734235535921,38.799257077499995,257.8078410644531,4.306094785099333,56.384351786308976
39.964848,-6.913391,295.0,2015-03-27 20:00:00,16.9,66,10.6,15.8,0.0,0.0,0.0,0.0,0,1027.6,992.6,0,0,0,0,0.03,0.65,9.4,21.9,337,346,17.6,15.4,14.1,10.7,10.4,0.322,0.332,0.319,0.355,0,0.0,0.0,0.0,0.0,0.0,0.0,0.0,0.0,0.0,0.0,0.0,0.0,0.0,11.847542951662842,86.05123330206963,39.84247227749999,260.5538410644531,3.9168360504442945,57.64720436615295
39.964848,-6.913391,295.0,2015-03-27 21:00:00,15.9,69,10.2,14.5,0.0,0.0,0.0,0.0,0,1028.1,993.0,0,0,0,0,0.03,0.56,10.2,23.6,342,348,19.8,14.5,14.1,10.7,10.4,0.322,0.332,0.319,0.355,0,0.0,0.0,0.0,0.0,0.0,0.0,0.0,0.0,0.0,0.0,0.0,0.0,0.0,11.314242880498202,85.25640284692518,40.74079647749999,263.11984106445306,3.650009443414459,58.742680648380876
39.964848,-6.913391,295.0,2015-03-27 22:00:00,15.0,72,10.0,13.5,0.0,0.0,0.0,0.0,0,1029.0,993.8,0,0,0,0,0.02,0.48,10.8,23.2,345,354,20.5,13.9,14.0,10.8,10.4,0.322,0.332,0.319,0.355,0,0.0,0.0,0.0,0.0,0.0,0.0,0.0,0.0,0.0,0.0,0.0,0.0,0.0,10.7904733411221,84.52814861955441,41.50923015749999,265.52384106445305,3.4046932925977518,59.69012867344243
39.964848,-6.913391,295.0,2015-03-27 23:00:00,14.2,75,9.9,12.7,0.0,0.0,0.0,0.0,0,1029.1,993.8,0,0,0,0,0.02,0.4,10.6,22.2,342,352,20.5,13.2,13.9,10.8,10.4,0.322,0.332,0.319,0.355,0,0.0,0.0,0.0,0.0,0.0,0.0,0.0,0.0,0.0,0.0,0.0,0.0,0.0,9.95420779055003,83.80454876122502,42.16123965749999,267.78384106445304,3.0589036946939405,60.5063976420262
39.964848,-6.913391,295.0,2015-03-28 00:00:00,13.3,79,9.8,11.9,0.0,0.0,0.0,0.0,0,1029.2,993.7,0,0,0,0,0.01,0.32,9.6,19.4,340,350,19.1,12.5,13.7,10.8,10.5,0.323,0.332,0.319,0.355,0,0.0,0.0,0.0,0.0,0.0,0.0,0.0,0.0,0.0,0.0,0.0,0.0,0.0,8.652974235377803,82.86459575956538,42.67671069749999,269.88184106445306,2.5744567883969256,61.17087713501232
39.964848,-6.913391,295.0,2015-03-28 01:00:00,12.3,82,9.3,10.7,0.0,0.0,0.0,0.0,0,1028.9,993.3,0,0,0,0,0.01,0.25,9.8,18.9,343,351,18.0,11.7,13.5,10.8,10.5,0.323,0.332,0.319,0.355,0,0.0,0.0,0.0,0.0,0.0,0.0,0.0,0.0,0.0,0.0,0.0,0.0,0.0,7.950439334397335,81.95207159261788,43.087860217499994,271.79984106445306,2.322243786793622,61.71632191694651
39.964848,-6.913391,295.0,2015-03-28 02:00:00,10.9,88,9.0,9.3,0.0,0.0,0.0,0.0,0,1028.5,992.8,1,1,0,0,0.0,0.16,9.8,18.6,343,350,18.4,11.0,13.3,10.8,10.5,0.323,0.332,0.319,0.355,0,0.0,0.0,0.0,0.0,0.0,0.0,0.0,0.0,0.0,0.0,0.0,0.0,0.0,6.656801780394639,80.1923040790412,43.333322617499995,273.46584106445306,1.9013543576910583,62.07548440036025
39.964848,-6.913391,295.0,2015-03-28 03:00:00,9.7,92,8.5,7.9,0.0,0.0,0.0,0.0,0,1028.3,992.4,0,0,0,1,0.0,0.1,10.0,18.9,345,351,18.7,10.3,13.1,10.8,10.5,0.323,0.332,0.319,0.355,0,0.0,0.0,0.0,0.0,0.0,0.0,0.0,0.0,0.0,0.0,0.0,0.0,0.0,5.704611186982406,78.38706652562713,43.4806000575,274.91584106445305,1.6119978336533423,62.31994464664785
39.964848,-6.913391,295.0,2015-03-28 04:00:00,8.8,94,7.9,6.9,0.0,0.0,0.0,0.0,0,1028.1,992.1,13,13,0,5,0.0,0.07,9.6,18.8,347,353,19.1,9.8,12.8,10.9,10.5,0.323,0.332,0.319,0.355,0,0.0,0.0,0.0,0.0,0.0,0.0,0.0,0.0,0.0,0.0,0.0,0.0,0.0,5.039630994846377,77.07102654997117,43.5818532975,276.20384106445306,1.4198802098936534,62.50661005498029
39.964848,-6.913391,295.0,2015-03-28 05:00:00,8.1,95,7.3,6.1,0.0,0.0,0.0,0.0,0,1028.3,992.2,13,14,0,0,0.0,0.06,9.5,18.8,351,357,19.1,9.3,12.5,10.9,10.5,0.323,0.332,0.319,0.355,0,0.0,0.0,0.0,0.0,0.0,0.0,0.0,0.0,0.0,0.0,0.0,0.0,0.0,4.724547626910272,76.21973511903651,43.6602648975,277.36584106445304,1.3308460389446428,62.66157326139144
39.964848,-6.913391,295.0,2015-03-28 06:00:00,7.7,96,7.0,5.6,0.0,0.0,0.0,0.0,0,1028.2,992.1,17,18,0,2,0.0,0.05,9.4,18.7,353,358,19.4,8.9,12.3,10.9,10.5,0.323,0.332,0.319,0.355,0,0.0,0.0,0.0,0.0,0.0,0.0,0.0,0.0,0.0,0.0,0.0,0.0,0.0,4.4910873785134635,75.50308620780031,43.7202668175,278.455841064453,1.2660009975574846,62.792827012110756
39.964848,-6.913391,295.0,2015-03-28 07:00:00,8.1,95,7.3,6.0,0.0,0.0,0.0,0.0,0,1028.5,992.4,7,8,0,0,0.01,0.06,9.8,19.1,352,358,20.5,8.9,12.0,10.9,10.5,0.323,0.332,0.319,0.355,1,318.23,21.0,10.0,11.0,102.4,21.0,74.3,47.6,22.7,24.9,184.9,26.4,168.5,4.608736802110192,75.54765752334028,43.7986784175,279.617841064453,1.2952144508316314,62.94749094491964
39.964848,-6.913391,295.0,2015-03-28 08:00:00,11.2,86,8.9,9.8,0.0,0.0,0.0,0.0,0,1029.0,993.3,2,2,0,0,0.07,0.19,8.4,16.9,353,358,21.6,11.0,11.9,10.9,10.5,0.323,0.332,0.319,0.355,1,3600.0,169.0,112.0,57.0,507.4,169.0,303.3,242.3,160.6,81.7,507.4,242.3,434.9,4.664521431667471,76.73181436682397,44.0922105375,281.337841064453,1.3040206766450495,63.3595987463808
39.964848,-6.913391,295.0,2015-03-28 09:00:00,14.8,71,9.6,13.8,0.0,0.0,0.0,0.0,0,1028.9,993.6,0,0,0,0,0.18,0.49,6.6,11.3,351,353,20.5,13.7,12.0,10.9,10.5,0.323,0.331,0.319,0.355,1,3600.0,363.0,264.0,99.0,650.3,363.0,557.9,439.0,319.3,119.7,650.3,439.0,674.7,5.810630927356713,80.11761978357178,44.8782015975,283.705841064453,1.6055021317748046,64.32010443312338
39.964848,-6.913391,295.0,2015-03-28 10:00:00,18.0,56,9.2,16.9,0.0,0.0,0.0,0.0,0,1029.2,994.3,0,0,0,0,0.33,0.9,7.3,10.2,349,352,18.7,15.9,12.2,10.9,10.5,0.322,0.331,0.319,0.355,1,3600.0,574.0,487.0,87.0,860.8,574.0,777.4,643.5,545.9,97.5,860.8,643.5,871.5,9.491681358489004,84.15598518582517,46.310747437500005,286.649841064453,2.71445789731404,65.97458903167914
39.964848,-6.913391,295.0,2015-03-28 11:00:00,20.5,48,9.1,20.1,0.0,0.0,0.0,0.0,0,1028.9,994.3,2,0,0,7,0.45,1.26,8.3,11.3,342,343,19.8,17.9,12.6,10.9,10.5,0.321,0.331,0.319,0.355,1,3600.0,732.0,656.0,76.0,951.8,732.0,947.0,782.2,701.0,81.2,951.8,782.2,1012.0,13.774783766004756,86.93028195581365,48.22535415750001,290.04384106445303,4.196170911786176,68.13064191386665
39.964848,-6.913391,295.0,2015-03-28 12:00:00,22.3,42,8.9,22.2,0.0,0.0,0.0,0.0,0,1028.6,994.2,4,0,0,13,0.53,1.56,9.8,13.2,336,338,22.3,19.5,13.0,10.9,10.5,0.319,0.33,0.319,0.355,1,3600.0,819.0,727.0,92.0,946.7,819.0,1055.2,843.4,748.6,94.7,946.7,843.4,1086.5,16.699649810791016,88.22537231445312,28.4208984375,237.20672607421875,7.432581901550293,43.6142578125
39.964848,-6.913391,295.0,2015-03-28 13:00:00,23.7,38,8.4,23.5,0.0,0.0,0.0,0.0,0,1027.5,993.3,15,0,0,49,0.57,1.82,10.6,14.3,332,335,24.5,20.7,13.5,10.9,10.5,0.318,0.329,0.319,0.355,1,3600.0,851.0,753.0,98.0,945.3,851.0,1094.4,847.6,750.0,97.6,945.3,847.6,1090.1,16.894781035823843,89.8605236124318,31.0418913975,241.17672607421875,7.169206340845701,46.96999546944635
39.964848,-6.913391,295.0,2015-03-28 14:00:00,24.4,34,7.7,23.7,0.0,0.0,0.0,0.0,0,1027.3,993.2,5,0,0,18,0.57,2.01,11.8,15.8,329,330,26.6,21.5,14.0,10.9,10.5,0.316,0.329,0.319,0.355,1,3600.0,823.0,726.0,97.0,939.1,823.0,1062.2,792.2,698.9,93.4,939.1,792.2,1022.5,20.44357379813132,90.90257457857278,33.9107331975,245.27272607421875,8.839802892381087,50.40078222200257
39.964848,-6.913391,295.0,2015-03-28 15:00:00,24.7,32,7.0,23.1,0.0,0.0,0.0,0.0,0,1026.5,992.5,0,0,0,0,0.52,2.11,12.4,16.8,324,325,27.0,21.7,14.4,11.0,10.5,0.315,0.328,0.319,0.355,1,3600.0,733.0,641.0,92.0,916.7,733.0,960.8,677.8,592.7,85.1,916.7,677.8,888.4,22.839364243363388,91.44454664902531,36.9012834375,249.42272607421876,9.84172859852293,53.87572127116813
39.964848,-6.913391,295.0,2015-03-28 16:00:00,24.4,32,6.7,22.0,0.0,0.0,0.0,0.0,0,1026.2,992.1,0,0,0,0,0.44,2.08,12.8,18.0,322,323,26.6,21.5,14.8,11.0,10.5,0.314,0.328,0.319,0.355,1,3600.0,590.0,505.0,85.0,870.6,590.0,797.0,515.9,441.5,74.3,870.6,515.9,696.8,24.004579063599465,91.49438104323593,39.857059837499996,253.51872607421876,10.113432891940356,57.22319444449584
39.964848,-6.913391,295.0,2015-03-28 17:00:00,23.7,35,7.4,21.2,0.0,0.0,0.0,0.0,0,1026.2,992.1,0,0,0,0,0.32,1.9,12.3,18.2,320,322,25.9,20.8,15.1,11.0,10.5,0.313,0.327,0.318,0.355,1,3600.0,405.0,333.0,72.0,786.1,405.0,582.0,320.7,263.7,57.0,786.1,320.7,460.9,24.334465351236155,91.54423189028901,42.604875037499994,257.4887260742188,9.931845480068102,60.27608495490717
39.964848,-6.913391,295.0,2015-03-28 18:00:00,21.8,44,9.1,20.2,0.0,0.0,0.0,0.0,0,1026.4,992.0,0,0,0,0,0.16,1.46,9.4,18.9,313,320,22.3,19.5,15.3,11.0,10.5,0.312,0.327,0.318,0.355,1,3600.0,202.0,149.0,53.0,619.2,202.0,330.6,120.3,88.7,31.6,619.2,120.3,196.9,20.334120796886673,90.59586544250591,44.79085407749999,261.1167260742188,7.497400781783245,62.695436129862564
39.964848,-6.913391,295.0,2015-03-28 19:00:00,19.2,50,8.5,17.6,0.0,0.0,0.0,0.0,0,1026.6,991.9,0,0,0,0,0.07,1.12,8.9,20.8,317,323,18.4,17.8,15.4,11.1,10.5,0.312,0.327,0.318,0.355,0,1232.87,33.0,19.0,14.0,175.8,33.0,88.7,0.0,0.0,0.0,0.0,0.0,0.0,17.657810077483965,89.27278252084332,46.52102307749999,264.2767260742188,6.048594149092432,64.60900105135795
39.964848,-6.913391,295.0,2015-03-28 20:00:00,17.2,57,8.6,15.5,0.0,0.0,0.0,0.0,0,1027.0,992.1,1,0,0,3,0.04,0.84,9.1,21.2,326,328,17.6,16.4,15.4,11.1,10.5,0.312,0.327,0.318,0.355,0,0.0,0.0,0.0,0.0,0.0,0.0,0.0,0.0,0.0,0.0,0.0,0.0,0.0,15.391897940231113,87.81196583426895,47.86237281749999,267.0767260742188,4.954670847528191,66.10729953063485
39.964848,-6.913391,295.0,2015-03-28 21:00:00,15.6,63,8.7,14.1,0.0,0.0,0.0,0.0,0,1027.6,992.5,3,0,0,11,0.03,0.65,8.4,20.1,329,331,17.3,15.3,15.3,11.1,10.5,0.312,0.327,0.318,0.355,0,0.0,0.0,0.0,0.0,0.0,0.0,0.0,0.0,0.0,0.0,0.0,0.0,0.0,13.100311868248529,86.50598192127146,48.91564515749999,269.5887260742188,3.9710221271299067,67.30212914227506
39.964848,-6.913391,295.0,2015-03-28 22:00:00,14.3,69,8.6,12.7,0.0,0.0,0.0,0.0,0,1028.1,992.8,8,0,0,25,0.02,0.51,8.5,18.5,332,336,17.6,14.4,15.2,11.1,10.5,0.313,0.327,0.318,0.355,0,0.0,0.0,0.0,0.0,0.0,0.0,0.0,0.0,0.0,0.0,0.0,0.0,0.0,11.500871062625,85.23218463499246,49.72942119749999,271.86672607421883,3.3391546331017308,68.24889778888686
39.964848,-6.913391,295.0,2015-03-28 23:00:00,13.2,72,8.3,11.4,0.0,0.0,0.0,0.0,0,1028.2,992.8,0,0,0,1,0.02,0.42,9.7,21.3,333,338,19.1,13.4,15.0,11.2,10.5,0.313,0.327,0.318,0.355,0,0.0,0.0,0.0,0.0,0.0,0.0,0.0,0.0,0.0,0.0,0.0,0.0,0.0,11.025506650105708,84.34722489043544,50.41194303749999,273.9467260742188,3.143220675206182,69.05497628644851
39.964848,-6.913391,295.0,2015-03-29 00:00:00,12.3,75,8.0,10.3,0.0,0.0,0.0,0.0,0,1028.6,993.0,0,0,0,1,0.02,0.36,10.3,22.7,335,342,20.2,12.5,14.7,11.2,10.5,0.313,0.327,0.318,0.355,0,0.0,0.0,0.0,0.0,0.0,0.0,0.0,0.0,0.0,0.0,0.0,0.0,0.0,10.4408157670734,83.56793044309536,50.98298403749999,275.8647260742188,2.9205155510240135,69.74278831313238
39.964848,-6.913391,295.0,2015-03-29 01:00:00,11.6,77,7.7,9.5,0.0,0.0,0.0,0.0,0,1028.4,992.8,0,0,0,0,0.01,0.31,10.6,23.6,336,344,20.9,11.7,14.5,11.2,10.5,0.313,0.327,0.318,0.355,0,0.0,0.0,0.0,0.0,0.0,0.0,0.0,0.0,0.0,0.0,0.0,0.0,0.0,9.961702617404846,82.9661233775598,51.48089769749999,277.6567260742188,2.7427531004471457,70.35167698581782
39.964848,-6.913391,295.0,2015-03-29 02:00:00,10.5,80,7.2,8.3,0.0,0.0,0.0,0.0,0,1028.0,992.2,0,0,0,0,0.01,0.25,10.3,22.5,335,344,20.5,10.9,14.2,11.2,10.5,0.313,0.326,0.318,0.355,0,0.0,0.0,0.0,0.0,0.0,0.0,0.0,0.0,0.0,0.0,0.0,0.0,0.0,9.093556697665818,82.18498900873004,51.87636489749999,279.2507260742188,2.4499485401891734,70.8488019136566
39.964848,-6.913391,295.0,2015-03-29 03:00:00,9.2,85,6.8,7.0,0.0,0.0,0.0,0.0,0,1027.8,991.9,6,7,0,0,0.0,0.18,9.8,21.2,336,345,19.8,10.3,13.8,11.2,10.5,0.313,0.326,0.318,0.355,0,0.0,0.0,0.0,0.0,0.0,0.0,0.0,0.0,0.0,0.0,0.0,0.0,0.0,7.794189465509952,80.8636228386895,52.13972559749999,280.6107260742188,2.045657417630476,71.20383896597434
39.964848,-6.913391,295.0,2015-03-29 04:00:00,8.2,88,6.3,5.8,0.0,0.0,0.0,0.0,0,1027.4,991.4,9,10,0,0,0.0,0.13,9.7,20.5,338,345,19.8,9.7,13.5,11.2,10.5,0.313,0.326,0.318,0.355,0,0.0,0.0,0.0,0.0,0.0,0.0,0.0,0.0,0.0,0.0,0.0,0.0,0.0,6.932413628598794,79.66865778940347,52.32995895749999,281.7907260742188,1.7920969092097196,71.47619378117285
39.964848,-6.913391,295.0,2015-03-29 05:00:00,7.5,89,5.8,5.0,0.0,0.0,0.0,0.0,0,1027.5,991.4,14,15,0,0,0.0,0.11,10.0,20.5,339,345,20.9,9.1,13.2,11.3,10.5,0.313,0.326,0.318,0.355,0,0.0,0.0,0.0,0.0,0.0,0.0,0.0,0.0,0.0,0.0,0.0,0.0,0.0,6.6139888384478605,78.96690007860748,52.49121411749999,282.8447260742188,1.6992194022500784,71.7113727998818
39.964848,-6.913391,295.0,2015-03-29 06:00:00,7.2,88,5.4,4.5,0.0,0.0,0.0,0.0,0,1027.7,991.5,19,21,0,0,0.0,0.12,11.0,23.5,341,345,22.7,8.7,12.9,11.3,10.5,0.313,0.326,0.318,0.355,0,0.0,0.0,0.0,0.0,0.0,0.0,0.0,0.0,0.0,0.0,0.0,0.0,0.0,6.944132441384371,78.96484895328508,52.66099227749999,283.8447260742188,1.786693137758865,71.95015843343985
39.964848,-6.913391,295.0,2015-03-29 07:00:00,7.5,87,5.5,4.7,0.0,0.0,0.0,0.0,0,1028.3,992.2,10,11,0,0,0.02,0.13,11.3,23.9,343,349,23.8,8.8,12.6,11.3,10.5,0.313,0.326,0.318,0.355,1,412.64,23.0,11.0,12.0,109.6,23.0,78.0,51.8,24.8,27.0,193.7,29.3,175.8,7.086158727760995,79.01056317099112,52.85156655749999,284.89872607421876,1.8217239181053775,72.21269023870553
39.964848,-6.913391,295.0,2015-03-29 08:00:00,11.1,72,6.2,8.4,0.0,0.0,0.0,0.0,0,1029.1,993.4,17,2,0,50,0.08,0.37,11.9,23.6,346,352,24.8,10.9,12.4,11.3,10.5,0.314,0.326,0.318,0.355,1,3600.0,174.0,109.0,65.0,482.2,174.0,310.5,247.6,155.1,92.5,482.2,247.6,441.9,8.589416821572028,80.75113275811643,53.43385791749999,286.60072607421876,2.2456553629546656,72.89250667850683
39.964848,-6.913391,295.0,2015-03-29 09:00:00,14.4,59,6.5,11.9,0.0,0.0,0.0,0.0,1,1029.0,993.7,32,2,0,100,0.21,0.68,11.4,17.5,347,351,26.6,13.4,12.5,11.3,10.5,0.313,0.326,0.318,0.355,1,3600.0,391.0,304.0,87.0,739.4,391.0,564.6,471.7,366.8,105.0,739.4,471.7,681.2,11.289821773707066,83.53326410610391,54.517131217499994,288.89672607421875,3.0729739108974736,74.0837613302445
39.964848,-6.913391,295.0,2015-03-29 10:00:00,16.8,50,6.3,14.3,0.0,0.0,0.0,0.0,1,1028.9,993.9,29,0,0,95,0.32,0.96,11.4,16.1,347,350,27.7,15.3,12.6,11.3,10.5,0.313,0.325,0.318,0.355,1,3600.0,564.0,441.0,123.0,772.7,564.0,783.8,631.5,493.8,137.7,772.7,631.5,877.6,14.843970666446191,85.96050451365525,56.04274821749999,291.62472607421876,4.277309591165341,75.71116511000636
39.964848,-6.913391,295.0,2015-03-29 11:00:00,18.9,42,5.6,17.1,0.0,0.0,0.0,0.0,1,1028.2,993.4,26,0,0,85,0.44,1.28,12.0,16.7,344,346,29.2,17.1,12.9,11.3,10.5,0.311,0.325,0.318,0.355,1,3600.0,727.0,593.0,134.0,854.6,727.0,952.9,776.4,633.3,143.1,854.6,776.4,1017.6,19.230875942094663,88.04418606855725,58.02008421749999,294.73072607421875,5.928235054337463,77.7673615405748
39.964848,-6.913391,295.0,2015-03-29 12:00:00,20.7,36,5.1,19.3,0.0,0.0,0.0,0.0,0,1027.7,993.2,15,0,0,51,0.53,1.57,12.4,16.9,343,344,29.5,18.7,13.2,11.3,10.5,0.31,0.324,0.318,0.355,1,3600.0,833.0,716.0,117.0,927.1,833.0,1060.6,857.5,737.0,120.4,927.1,857.5,1091.8,20.487293243408203,89.0738754272461,30.6708984375,240.80569458007812,9.382511138916016,46.5625
39.964848,-6.913391,295.0,2015-03-29 13:00:00,22.1,33,5.1,20.9,0.0,0.0,0.0,0.0,0,1026.9,992.6,9,0,0,30,0.57,1.79,12.6,17.0,336,339,30.6,20.0,13.6,11.3,10.5,0.309,0.324,0.318,0.355,1,3600.0,870.0,769.0,101.0,960.5,870.0,1099.5,866.4,765.9,100.6,960.5,866.4,1095.0,20.240515604027895,90.59267384088538,33.3205286775,244.4876945800781,8.805253151658265,49.70550466368264
39.964848,-6.913391,295.0,2015-03-29 14:00:00,22.9,32,5.4,21.3,0.0,0.0,0.0,0.0,0,1026.5,992.3,8,0,0,27,0.57,1.9,14.2,19.0,330,331,32.0,20.8,14.1,11.3,10.5,0.307,0.323,0.318,0.355,1,3600.0,837.0,740.0,97.0,952.4,837.0,1066.9,805.7,712.4,93.4,952.4,805.7,1027.1,23.396559085870518,91.13355398134465,36.1024358775,248.3136945800781,10.30994527274339,52.9564636449182
39.964848,-6.913391,295.0,2015-03-29 15:00:00,23.2,33,5.9,21.0,0.0,0.0,0.0,0.0,1,1026.4,992.2,27,0,0,90,0.52,1.91,14.9,20.5,328,329,32.4,21.0,14.5,11.4,10.5,0.306,0.323,0.318,0.355,1,3600.0,741.0,647.0,94.0,920.5,741.0,965.2,685.3,598.4,86.9,920.4,685.3,892.7,24.817788059518456,91.18328570121864,38.8776951375,252.1936945800781,10.75596716497412,56.12506136354116
39.964848,-6.913391,295.0,2015-03-29 16:00:00,23.0,34,6.4,20.2,0.0,0.0,0.0,0.0,1,1026.0,991.8,30,0,0,100,0.43,1.86,14.8,20.9,326,328,32.0,20.9,14.8,11.4,10.5,0.305,0.322,0.318,0.355,1,3600.0,598.0,515.0,83.0,882.5,598.0,801.3,523.2,450.6,72.6,882.5,523.2,701.1,25.51871334677741,91.2330338400371,41.5890318975,256.0376945800781,10.777926918326454,59.155866408829574
39.964848,-6.913391,295.0,2015-03-29 17:00:00,22.3,38,7.3,19.6,0.0,0.0,0.0,0.0,1,1026.4,992.1,30,0,0,100,0.3,1.67,13.7,20.6,325,327,30.2,20.1,15.1,11.4,10.5,0.304,0.322,0.317,0.355,1,3600.0,378.0,260.0,118.0,608.9,378.0,586.3,300.0,206.3,93.6,608.9,300.0,465.2,25.24211480162107,91.28279840322078,44.0620655775,259.7556945800781,10.269204984372404,61.881786841243546
39.964848,-6.913391,295.0,2015-03-29 18:00:00,20.5,47,8.7,18.4,0.0,0.0,0.0,0.0,1,1026.6,992.1,30,0,0,100,0.15,1.29,11.8,21.2,320,325,25.9,18.9,15.3,11.4,10.5,0.304,0.322,0.317,0.355,1,3600.0,150.0,49.0,101.0,200.8,150.0,335.0,90.1,29.4,60.7,200.8,90.1,201.3,20.97823737587004,89.9456450941144,46.0134916575,263.1496945800781,7.709559482919192,64.03472768323338
39.964848,-6.913391,295.0,2015-03-29 19:00:00,18.4,52,8.3,16.3,0.0,0.0,0.0,0.0,1,1027.2,992.4,30,0,0,100,0.09,1.02,11.6,23.4,324,329,23.0,17.4,15.3,11.4,10.5,0.304,0.322,0.317,0.355,0,0.0,23.0,2.0,21.0,18.2,23.0,90.9,0.0,0.0,0.0,0.0,0.0,0.0,18.60906785904215,88.72787648641923,47.6089972575,266.16569458007814,6.408688489247493,65.79579658548094
39.964848,-6.913391,295.0,2015-03-29 20:00:00,17.0,57,8.5,15.0,0.0,0.0,0.0,0.0,1,1027.7,992.7,30,0,0,100,0.05,0.83,11.3,23.7,329,334,22.7,16.3,15.3,11.5,10.5,0.304,0.321,0.317,0.355,0,0.0,0.0,0.0,0.0,0.0,0.0,0.0,0.0,0.0,0.0,0.0,0.0,0.0,16.56506690065718,87.62710205943536,48.9356874375,268.92969458007815,5.391027436142999,67.26964005334288
39.964848,-6.913391,295.0,2015-03-29 21:00:00,15.9,62,8.6,14.0,0.0,0.0,0.0,0.0,1,1028.5,993.4,28,0,0,94,0.04,0.69,10.1,22.5,333,338,22.3,15.5,15.3,11.5,10.5,0.304,0.321,0.317,0.355,0,0.0,0.0,0.0,0.0,0.0,0.0,0.0,0.0,0.0,0.0,0.0,0.0,0.0,14.290677783916953,86.5964790211055,50.0368590375,271.4956945800781,4.381967610389448,68.50836235689334
39.964848,-6.913391,295.0,2015-03-29 22:00:00,14.8,66,8.5,13.2,0.0,0.0,0.0,0.0,1,1029.0,993.7,27,0,0,90,0.02,0.57,8.5,20.3,332,340,20.9,14.7,15.1,11.5,10.5,0.304,0.321,0.317,0.355,0,0.0,0.0,0.0,0.0,0.0,0.0,0.0,0.0,0.0,0.0,0.0,0.0,0.0,12.26348590949296,85.70636198923172,50.9583657975,273.8636945800781,3.566611660137948,69.55918817385245
39.964848,-6.913391,295.0,2015-03-29 23:00:00,13.5,71,8.4,11.9,0.0,0.0,0.0,0.0,1,1029.0,993.6,23,0,0,78,0.02,0.45,8.1,19.2,328,337,18.7,13.8,15.0,11.5,10.5,0.304,0.321,0.317,0.355,0,0.0,0.0,0.0,0.0,0.0,0.0,0.0,0.0,0.0,0.0,0.0,0.0,0.0,10.816428613098562,84.66499916773402,51.6800934375,275.99769458007813,3.0274064362029023,70.4030581238017
39.964848,-6.913391,295.0,2015-03-30 00:00:00,12.3,76,8.2,10.6,0.0,0.0,0.0,0.0,1,1029.0,993.4,21,0,0,70,0.01,0.34,8.2,19.1,331,338,17.3,12.9,14.8,11.5,10.5,0.304,0.321,0.317,0.355,0,0.0,0.0,0.0,0.0,0.0,0.0,0.0,0.0,0.0,0.0,0.0,0.0,0.0,9.621173066244676,83.52378255179815,52.228292797499996,277.91569458007814,2.6121046220985704,71.0675377455927
39.964848,-6.913391,295.0,2015-03-30 01:00:00,11.0,82,8.0,9.3,0.0,0.0,0.0,0.0,1,1029.1,993.4,21,0,0,71,0.0,0.24,8.2,18.8,331,340,16.6,11.9,14.5,11.6,10.5,0.304,0.321,0.317,0.355,0,0.0,0.0,0.0,0.0,0.0,0.0,0.0,0.0,0.0,0.0,0.0,0.0,0.0,8.226652161271971,82.04566616579542,52.599554677499995,279.59969458007816,2.1667957050154563,71.54886974947293
39.964848,-6.913391,295.0,2015-03-30 02:00:00,10.0,85,7.6,8.1,0.0,0.0,0.0,0.0,1,1028.5,992.7,22,0,0,74,0.0,0.18,8.4,18.7,335,341,16.9,11.1,14.3,11.6,10.5,0.304,0.321,0.317,0.355,0,0.0,0.0,0.0,0.0,0.0,0.0,0.0,0.0,0.0,0.0,0.0,0.0,0.0,7.394248058457184,80.90195045821001,52.883370577499996,281.1036945800782,1.9145286228255989,71.93455064592996
39.964848,-6.913391,295.0,2015-03-30 03:00:00,9.2,87,7.1,7.2,0.0,0.0,0.0,0.0,0,1028.5,992.6,1,0,0,4,0.0,0.15,8.7,19.1,336,340,16.9,10.5,14.0,11.6,10.5,0.305,0.321,0.317,0.355,0,0.0,0.0,0.0,0.0,0.0,0.0,0.0,0.0,0.0,0.0,0.0,0.0,0.0,6.891429976005118,80.01926357165875,53.111616517499996,282.4636945800782,1.7664217650793002,72.25703007222145
39.964848,-6.913391,295.0,2015-03-30 04:00:00,8.5,88,6.6,6.3,0.0,0.0,0.0,0.0,0,1028.0,992.0,0,0,0,1,0.0,0.14,9.2,19.1,334,340,17.3,9.9,13.7,11.6,10.5,0.305,0.321,0.317,0.355,0,0.0,0.0,0.0,0.0,0.0,0.0,0.0,0.0,0.0,0.0,0.0,0.0,0.0,6.692400613945969,79.42994241271712,53.3079864375,283.6976945800782,1.7064148096638032,72.53969207388977
39.964848,-6.913391,295.0,2015-03-30 05:00:00,7.9,88,6.1,5.6,0.0,0.0,0.0,0.0,0,1028.0,991.9,1,1,0,0,0.0,0.12,9.0,18.6,337,338,17.3,9.4,13.3,11.6,10.5,0.305,0.321,0.317,0.355,0,0.0,0.0,0.0,0.0,0.0,0.0,0.0,0.0,0.0,0.0,0.0,0.0,0.0,6.500921109515949,79.18626179615951,53.4920832375,284.82369458007815,1.6497258540814925,72.80215370665329
39.964848,-6.913391,295.0,2015-03-30 06:00:00,7.3,89,5.6,4.9,0.0,0.0,0.0,0.0,0,1027.9,991.7,5,3,0,8,0.0,0.11,8.9,17.8,339,339,18.0,9.0,13.0,11.6,10.5,0.305,0.321,0.317,0.355,0,0.0,0.0,0.0,0.0,0.0,0.0,0.0,0.0,0.0,0.0,0.0,0.0,0.0,6.264333203085966,78.79682471405776,53.649588277499994,285.8416945800781,1.582374389028438,73.03115704358879
39.964848,-6.913391,295.0,2015-03-30 07:00:00,7.8,87,5.8,5.4,0.0,0.0,0.0,0.0,0,1028.6,992.5,3,2,0,5,0.01,0.13,9.6,18.6,340,342,20.2,9.0,12.7,11.6,10.5,0.305,0.321,0.317,0.355,1,692.49,26.0,14.0,12.0,135.9,26.0,81.6,58.3,31.4,26.9,235.4,33.7,183.1,6.518382118432428,78.8424834585032,53.846810497499995,286.94969458007813,1.646111469329057,73.30429591868115
39.964848,-6.913391,295.0,2015-03-30 08:00:00,11.3,73,6.7,9.3,0.0,0.0,0.0,0.0,0,1029.0,993.3,1,1,0,0,0.08,0.36,8.6,17.4,338,342,21.6,11.3,12.6,11.6,10.5,0.305,0.321,0.317,0.355,1,3600.0,189.0,131.0,58.0,566.2,189.0,317.6,267.1,185.1,82.0,566.2,267.1,448.8,7.284520824506432,80.47470344822148,54.417510577499996,288.68769458007813,1.8448018954673955,73.9745780341488
39.964848,-6.913391,295.0,2015-03-30 09:00:00,15.1,57,6.6,13.1,0.0,0.0,0.0,0.0,0,1029.5,994.2,0,0,0,0,0.22,0.74,7.9,12.8,336,338,20.9,13.9,12.7,11.6,10.5,0.305,0.32,0.317,0.355,1,3600.0,410.0,342.0,68.0,821.6,410.0,571.4,493.5,411.7,81.9,821.6,493.5,687.7,9.997998272709072,83.66525848536183,55.6049349375,291.10969458007816,2.6211522922054153,75.26764232187661
39.964848,-6.913391,295.0,2015-03-30 10:00:00,18.3,43,5.6,16.2,0.0,0.0,0.0,0.0,0,1029.6,994.7,0,0,0,0,0.36,1.19,8.9,12.5,339,342,23.4,16.2,12.9,11.6,10.5,0.304,0.32,0.317,0.355,1,3600.0,604.0,526.0,78.0,913.8,604.0,790.0,675.6,588.3,87.2,913.8,675.6,883.7,15.517843259041747,87.15732337315262,57.4898816175,294.10769458007815,4.46704319091446,77.2360227217061
39.964848,-6.913391,295.0,2015-03-30 11:00:00,20.7,36,5.1,19.0,0.0,0.0,0.0,0.0,0,1029.4,994.8,0,0,0,0,0.48,1.56,11.0,14.9,337,340,26.6,18.1,13.2,11.6,10.5,0.303,0.319,0.317,0.355,1,3600.0,749.0,662.0,87.0,947.7,749.0,958.7,799.4,706.5,92.9,947.7,799.4,1023.2,21.84036722692036,89.50028311513731,59.8681395375,297.53769458007815,6.946873182447498,79.66327296087744
39.964848,-6.913391,295.0,2015-03-30 12:00:00,22.4,33,5.3,21.1,0.0,0.0,0.0,0.0,0,1028.8,994.4,0,0,0,0,0.56,1.82,12.1,16.5,337,340,28.8,19.8,13.6,11.6,10.5,0.302,0.319,0.317,0.355,1,3600.0,838.0,742.0,96.0,955.4,838.0,1066.0,862.3,763.6,98.8,955.4,862.3,1096.9,22.751508712768555,89.75511169433594,33.1708984375,244.45936584472656,10.417667388916016,49.4130859375
39.964848,-6.913391,295.0,2015-03-30 13:00:00,23.7,31,5.7,22.8,0.0,0.0,0.0,0.0,0,1028.0,993.8,0,0,0,0,0.6,2.02,11.8,15.8,337,339,28.8,21.0,14.0,11.7,10.5,0.3,0.318,0.317,0.355,1,3600.0,873.0,775.0,98.0,963.1,873.0,1104.4,869.3,771.7,97.6,963.1,869.3,1099.8,21.82911674170617,91.29694290539825,36.0878099575,248.42936584472656,9.350408370246415,52.94729726069124
39.964848,-6.913391,295.0,2015-03-30 14:00:00,24.6,30,5.9,23.5,0.0,0.0,0.0,0.0,0,1027.5,993.4,0,0,0,0,0.59,2.16,11.9,15.6,335,337,27.7,21.8,14.5,11.7,10.5,0.299,0.318,0.317,0.355,1,3600.0,842.0,745.0,97.0,954.2,842.0,1071.6,810.6,717.2,93.4,954.2,810.6,1031.6,23.890708322037483,91.83692120639907,39.1543853575,252.56136584472657,10.146040707199575,56.435784893493405
39.964848,-6.913391,295.0,2015-03-30 15:00:00,24.9,30,6.1,23.4,0.0,0.0,0.0,0.0,0,1027.0,993.0,0,0,0,0,0.54,2.22,11.4,15.3,336,336,26.6,22.2,14.9,11.7,10.5,0.298,0.317,0.317,0.355,1,3600.0,750.0,657.0,93.0,929.9,750.0,969.6,693.9,607.8,86.0,929.9,693.9,897.0,24.469913271941266,91.95429588789504,42.2567573575,256.7473658447266,10.059324939859602,59.876560157862265
39.964848,-6.913391,295.0,2015-03-30 16:00:00,24.7,31,6.6,22.5,0.0,0.0,0.0,0.0,0,1026.7,992.7,0,0,0,0,0.44,2.15,11.3,15.5,333,335,26.6,22.0,15.3,11.7,10.5,0.296,0.317,0.316,0.355,1,3600.0,603.0,519.0,84.0,884.2,603.0,805.5,528.0,454.4,73.5,884.2,528.0,705.3,25.17794371501426,92.00429857599293,45.2912862775,260.89736584472655,10.079792265841808,63.16797283376314
39.964848,-6.913391,295.0,2015-03-30 17:00:00,24.0,35,7.6,21.8,0.0,0.0,0.0,0.0,0,1026.6,992.5,0,0,0,0,0.32,1.95,11.1,15.6,335,337,26.3,21.3,15.7,11.7,10.5,0.296,0.316,0.316,0.355,1,3600.0,417.0,344.0,73.0,799.4,417.0,590.5,331.5,273.5,58.0,799.4,331.5,469.5,25.717380067260372,92.05431777249558,48.0723411775,264.92136584472655,10.049526465798774,66.1403111317419
39.964848,-6.913391,295.0,2015-03-30 18:00:00,22.3,44,9.3,21.0,0.0,0.0,0.0,0.0,0,1026.4,992.1,0,0,0,0,0.16,1.52,8.2,16.6,331,336,23.0,20.1,15.9,11.8,10.5,0.295,0.316,0.316,0.355,1,3600.0,211.0,157.0,54.0,635.0,211.0,339.3,127.9,95.2,32.7,635.0,127.9,205.7,20.810628624812903,90.78958482155352,50.3060490175,268.63936584472657,7.255389731556184,68.52957055044396
39.964848,-6.913391,295.0,2015-03-30 19:00:00,20.2,48,8.8,18.7,0.0,0.0,0.0,0.0,0,1026.7,992.1,0,0,0,0,0.07,1.23,8.0,19.4,333,338,15.5,18.4,15.9,11.8,10.5,0.295,0.316,0.316,0.355,0,1398.08,37.0,22.0,15.0,197.5,37.0,93.1,0.0,0.0,0.0,0.0,0.0,0.0,18.74458241942728,89.70531776064918,52.1940639775,271.97936584472654,6.150483095482493,70.54389896177025
39.964848,-6.913391,295.0,2015-03-30 20:00:00,18.2,54,8.7,16.5,0.0,0.0,0.0,0.0,0,1027.0,992.2,0,0,0,0,0.05,0.97,9.8,22.1,336,341,17.3,17.1,15.9,11.8,10.5,0.295,0.316,0.316,0.355,0,0.0,0.0,0.0,0.0,0.0,0.0,0.0,0.0,0.0,0.0,0.0,0.0,0.0,17.680063360382096,88.40401366908556,53.7074078575,274.95936584472656,5.587158662835602,72.17179146057053
39.964848,-6.913391,295.0,2015-03-30 21:00:00,16.8,59,8.7,15.0,0.0,0.0,0.0,0.0,0,1027.6,992.6,0,0,0,0,0.05,0.79,10.5,22.6,338,343,18.7,16.0,15.9,11.8,10.5,0.295,0.316,0.316,0.355,0,0.0,0.0,0.0,0.0,0.0,0.0,0.0,0.0,0.0,0.0,0.0,0.0,0.0,16.24889956274519,87.27252945543556,54.9584137975,277.68736584472657,4.922303667645124,73.53344964403577
39.964848,-6.913391,295.0,2015-03-30 22:00:00,15.7,64,8.8,13.8,0.0,0.0,0.0,0.0,0,1028.3,993.2,0,0,0,0,0.04,0.65,10.7,23.0,340,346,20.2,15.1,15.7,11.8,10.5,0.296,0.316,0.316,0.355,0,0.0,0.0,0.0,0.0,0.0,0.0,0.0,0.0,0.0,0.0,0.0,0.0,0.0,14.737678625849838,86.21696564083167,55.9893558775,280.21736584472654,4.280681172593456,74.67651114423131
39.964848,-6.913391,295.0,2015-03-30 23:00:00,14.8,67,8.7,12.8,0.0,0.0,0.0,0.0,0,1028.6,993.3,0,0,0,0,0.04,0.56,11.8,25.1,340,348,22.0,14.2,15.6,11.9,10.5,0.296,0.316,0.316,0.355,0,0.0,0.0,0.0,0.0,0.0,0.0,0.0,0.0,0.0,0.0,0.0,0.0,0.0,14.26335430710256,85.44731669553916,56.8837594975,282.58536584472654,4.062585019232976,75.68133756919907
39.964848,-6.913391,295.0,2015-03-31 00:00:00,13.9,70,8.5,11.8,0.0,0.0,0.0,0.0,0,1028.5,993.1,0,0,0,0,0.03,0.48,12.0,25.8,344,352,22.0,13.3,15.3,11.9,10.5,0.296,0.316,0.316,0.355,0,0.0,0.0,0.0,0.0,0.0,0.0,0.0,0.0,0.0,0.0,0.0,0.0,0.0,13.417210500793198,84.74221427876168,57.6508294975,284.79136584472656,3.72384626139736,76.55748487021017
39.964848,-6.913391,295.0,2015-03-31 01:00:00,12.7,74,8.1,10.4,0.0,0.0,0.0,0.0,0,1028.5,993.0,0,0,0,0,0.02,0.38,12.6,26.4,347,355,22.0,12.3,15.1,11.9,10.5,0.296,0.316,0.316,0.355,0,0.0,0.0,0.0,0.0,0.0,0.0,0.0,0.0,0.0,0.0,0.0,0.0,0.0,12.566475309568828,83.8496486182035,58.2624399775,286.78136584472657,3.4035256656513786,77.27629281023826
39.964848,-6.913391,295.0,2015-03-31 02:00:00,11.3,77,7.5,8.9,0.0,0.0,0.0,0.0,0,1027.7,992.0,0,0,0,0,0.02,0.3,12.6,26.3,347,357,21.6,11.5,14.8,11.9,10.5,0.296,0.315,0.316,0.355,0,0.0,0.0,0.0,0.0,0.0,0.0,0.0,0.0,0.0,0.0,0.0,0.0,0.0,11.553782205949933,83.00279272341892,58.7485918975,288.51936584472656,3.047827756864553,77.8615657645603
39.964848,-6.913391,295.0,2015-03-31 03:00:00,10.2,80,6.9,7.8,0.0,0.0,0.0,0.0,0,1027.3,991.5,0,0,0,0,0.01,0.25,11.2,24.1,345,357,20.5,10.7,14.5,11.9,10.5,0.296,0.315,0.316,0.355,0,0.0,0.0,0.0,0.0,0.0,0.0,0.0,0.0,0.0,0.0,0.0,0.0,0.0,10.035540495955162,82.16153501113074,59.1338314975,290.0593658447266,2.556263469984677,78.3400724129819
39.964848,-6.913391,295.0,2015-03-31 04:00:00,9.1,83,6.4,6.7,0.0,0.0,0.0,0.0,0,1027.0,991.1,0,0,0,0,0.01,0.2,10.5,23.1,344,358,19.8,10.1,14.1,11.9,10.5,0.297,0.315,0.316,0.355,0,0.0,0.0,0.0,0.0,0.0,0.0,0.0,0.0,0.0,0.0,0.0,0.0,0.0,8.918762500191228,81.25758571495521,59.429409137499995,291.40136584472657,2.2161555121493146,78.72181544558295
39.964848,-6.913391,295.0,2015-03-31 05:00:00,8.3,85,6.0,5.8,0.0,0.0,0.0,0.0,0,1027.2,991.2,0,0,0,0,0.0,0.16,10.0,21.6,345,360,19.8,9.5,13.8,11.9,10.5,0.297,0.315,0.316,0.355,0,0.0,0.0,0.0,0.0,0.0,0.0,0.0,0.0,0.0,0.0,0.0,0.0,0.0,8.124675577147181,80.49950843571712,59.66975773749999,292.59936584472655,1.9849864705029359,79.04196603552093
39.964848,-6.913391,295.0,2015-03-31 06:00:00,7.6,87,5.6,5.1,0.0,0.0,0.0,0.0,0,1027.2,991.1,0,0,0,0,0.0,0.14,10.3,20.9,348,359,20.5,9.0,13.4,12.0,10.5,0.297,0.315,0.316,0.355,0,0.0,0.0,0.0,0.0,0.0,0.0,0.0,0.0,0.0,0.0,0.0,0.0,0.0,7.691104048479696,79.74445998629986,59.862547997499995,293.67136584472655,1.8613351163821306,79.30889413053303
39.964848,-6.913391,295.0,2015-03-31 07:00:00,8.3,81,5.1,5.5,0.0,0.0,0.0,0.0,0,1028.0,992.0,0,0,0,0,0.02,0.21,11.1,22.0,347,358,22.0,9.0,13.1,12.0,10.5,0.297,0.315,0.316,0.355,1,1189.56,32.0,19.0,13.0,179.7,32.0,85.3,71.4,42.4,29.0,305.7,42.0,190.3,8.029745701235376,79.7904315928577,60.166989557499996,294.86936584472653,1.9469949518830392,79.68527462444699
39.964848,-6.913391,295.0,2015-03-31 08:00:00,12.4,69,6.9,10.1,0.0,0.0,0.0,0.0,0,1028.1,992.6,1,0,0,4,0.1,0.44,10.6,21.3,350,356,23.0,11.4,13.0,12.0,10.5,0.297,0.315,0.316,0.355,1,3600.0,212.0,162.0,50.0,684.5,212.0,324.6,297.6,227.4,70.2,684.5,297.6,455.7,9.394744246803366,81.60141522244896,60.880364657499996,296.8053658447265,2.3185703182403623,80.48715490572798
39.964848,-6.913391,295.0,2015-03-31 09:00:00,16.7,52,6.8,14.5,0.0,0.0,0.0,0.0,0,1028.5,993.5,10,0,0,32,0.24,0.91,9.8,16.2,354,356,23.0,14.6,13.1,12.0,10.5,0.297,0.315,0.316,0.355,1,3600.0,423.0,355.0,68.0,842.5,423.0,578.0,508.0,426.3,81.7,842.5,508.0,694.2,13.237606049811816,85.05868126727347,62.33677489749999,299.5153658447265,3.4808894767319276,82.00514985647354
39.964848,-6.913391,295.0,2015-03-31 10:00:00,19.7,40,5.7,17.1,0.0,0.0,0.0,0.0,0,1028.4,993.7,12,0,0,40,0.39,1.39,13.0,18.4,2,3,27.7,16.9,13.3,12.0,10.5,0.296,0.314,0.316,0.355,1,3600.0,614.0,531.0,83.0,914.8,614.0,796.3,686.0,593.3,92.7,914.8,686.0,889.7,21.367112074225034,88.3050937527027,64.46411569749999,302.7653658447265,6.472273035044518,84.14064347999089
39.964848,-6.913391,295.0,2015-03-31 11:00:00,22.0,34,5.3,20.0,0.0,0.0,0.0,0.0,0,1028.2,993.8,11,0,0,36,0.5,1.75,13.4,18.8,6,7,29.9,18.8,13.6,12.0,10.5,0.295,0.314,0.316,0.355,1,3600.0,757.0,661.0,96.0,940.1,757.0,964.5,807.4,705.0,102.4,940.1,807.4,1028.7,26.873269780667812,90.2872171185476,67.06294885749999,306.4293658447265,8.775743959201813,86.69323667341462
39.964848,-6.913391,295.0,2015-03-31 12:00:00,23.7,30,5.1,22.2,0.0,0.0,0.0,0.0,0,1027.5,993.3,4,0,0,14,0.59,2.05,13.6,18.7,11,11,30.6,20.5,14.0,12.0,10.5,0.294,0.313,0.316,0.355,1,3600.0,851.0,742.0,109.0,950.1,851.0,1071.3,875.4,763.3,112.1,950.1,875.4,1102.0,23.45838737487793,90.72123718261719,35.9208984375,248.363037109375,10.3928804397583,52.6630859375
39.964848,-6.913391,295.0,2015-03-31 13:00:00,24.9,27,4.8,23.7,0.0,0.0,0.0,0.0,0,1026.6,992.6,4,0,0,12,0.63,2.29,12.9,17.4,13,13,30.6,21.8,14.5,12.0,10.5,0.292,0.313,0.316,0.355,1,3600.0,886.0,784.0,102.0,969.4,886.0,1109.3,882.1,780.6,101.6,969.4,882.1,1104.5,26.070753444053523,92.36706655201871,39.1562292375,252.549037109375,11.500232519300912,56.43693065993714
39.964848,-6.913391,295.0,2015-03-31 14:00:00,25.6,26,4.6,24.2,0.0,0.0,0.0,0.0,0,1025.9,992.0,0,0,0,0,0.62,2.44,12.8,17.2,10,10,29.9,22.6,15.0,12.0,10.5,0.291,0.312,0.315,0.355,1,3600.0,854.0,753.0,101.0,959.8,854.0,1076.1,822.2,724.9,97.2,959.8,822.2,1036.0,28.15288792608777,92.87012241252019,42.5241779175,256.861037109375,12.281037452175621,60.15232465321306
39.964848,-6.913391,295.0,2015-03-31 15:00:00,25.9,25,4.6,23.8,0.0,0.0,0.0,0.0,0,1025.4,991.5,0,0,0,0,0.57,2.49,13.4,18.4,5,6,31.0,22.9,15.4,12.0,10.5,0.289,0.312,0.315,0.354,1,3600.0,761.0,667.0,94.0,939.4,761.0,973.9,704.2,617.2,87.0,939.4,704.2,901.2,30.446204648297766,93.16811377661841,45.975992917499994,261.227037109375,13.19742077660336,63.85553112581225
39.964848,-6.913391,295.0,2015-03-31 16:00:00,25.6,26,4.8,22.7,0.0,0.0,0.0,0.0,0,1025.0,991.1,0,0,0,0,0.47,2.42,13.3,18.8,3,4,31.3,22.7,15.8,12.0,10.5,0.288,0.311,0.315,0.354,1,3600.0,614.0,530.0,84.0,897.8,614.0,809.7,538.0,464.4,73.6,897.8,538.0,709.5,31.30358393602672,93.2185172071115,49.34394159749999,265.539037109375,13.223933852926468,67.38380097621264
39.964848,-6.913391,295.0,2015-03-31 17:00:00,24.8,29,5.6,21.8,0.0,0.0,0.0,0.0,0,1024.9,990.9,0,0,0,0,0.35,2.22,13.0,19.1,358,360,30.6,22.0,16.1,12.1,10.5,0.288,0.311,0.315,0.354,1,3600.0,426.0,352.0,74.0,811.8,426.0,594.7,339.3,280.4,58.9,811.8,339.3,473.7,31.85833022919957,93.2689372783146,52.47853053749999,269.707037109375,13.117614279455548,70.60967940608408
39.964848,-6.913391,295.0,2015-03-31 18:00:00,22.8,35,6.5,20.4,0.0,0.0,0.0,0.0,0,1025.2,991.0,0,0,0,0,0.2,1.81,11.0,21.3,349,354,27.4,20.7,16.3,12.1,10.5,0.287,0.311,0.315,0.354,1,3600.0,218.0,164.0,54.0,654.6,218.0,343.6,133.3,100.3,33.0,654.6,133.3,210.1,27.927901866260445,92.40352992443088,55.126626637499996,273.515037109375,10.504085861691921,73.31292414551672
39.964848,-6.913391,295.0,2015-03-31 19:00:00,20.5,39,6.0,17.8,0.0,0.0,0.0,0.0,0,1025.6,991.1,0,0,0,0,0.1,1.47,11.4,24.9,349,355,21.2,19.0,16.4,12.1,10.5,0.287,0.31,0.315,0.354,0,1457.89,40.0,24.0,16.0,212.3,40.0,95.3,0.0,0.0,0.0,0.0,0.0,0.0,25.949370977060262,91.34737235541446,57.37260759749999,276.909037109375,9.229765185509669,75.5910572777568
39.964848,-6.913391,295.0,2015-03-31 20:00:00,18.7,41,5.1,15.6,0.0,0.0,0.0,0.0,0,1025.8,991.1,0,0,0,0,0.09,1.28,12.7,27.7,353,358,23.0,17.6,16.4,12.1,10.5,0.287,0.31,0.315,0.354,0,0.0,0.0,0.0,0.0,0.0,0.0,0.0,0.0,0.0,0.0,0.0,0.0,0.0,25.52278595034145,90.58431829103522,59.363921317499994,279.979037109375,8.83917814258861,77.59610877757639
39.964848,-6.913391,295.0,2015-03-31 21:00:00,17.4,42,4.3,14.3,0.0,0.0,0.0,0.0,0,1026.4,991.5,0,0,0,0,0.09,1.16,12.6,28.1,357,1,24.1,16.6,16.3,12.2,10.5,0.287,0.31,0.315,0.354,0,0.0,0.0,0.0,0.0,0.0,0.0,0.0,0.0,0.0,0.0,0.0,0.0,0.0,24.523875078591274,90.09847908019148,61.192957117499994,282.815037109375,8.204351104850895,79.4235452093659
39.964848,-6.913391,295.0,2015-03-31 22:00:00,16.4,43,3.8,13.0,0.0,0.0,0.0,0.0,0,1026.5,991.5,0,0,0,0,0.08,1.06,13.0,28.5,357,3,24.1,15.8,16.2,12.2,10.5,0.287,0.31,0.315,0.354,0,0.0,0.0,0.0,0.0,0.0,0.0,0.0,0.0,0.0,0.0,0.0,0.0,0.0,24.19045373522293,89.71732960953656,62.893295617499994,285.471037109375,7.9264322935028915,81.1115468916055
39.964848,-6.913391,295.0,2015-03-31 23:00:00,15.5,45,3.5,12.0,0.0,0.0,0.0,0.0,0,1026.6,991.5,0,0,0,0,0.08,0.98,13.7,29.6,357,3,24.8,15.1,16.1,12.2,10.5,0.287,0.31,0.315,0.354,0,0.0,0.0,0.0,0.0,0.0,0.0,0.0,0.0,0.0,0.0,0.0,0.0,0.0,23.893978515930833,89.25060922423101,64.44959541749999,287.965037109375,7.6791995104153274,82.65278853827829
39.964848,-6.913391,295.0,2015-04-01 00:00:00,14.9,46,3.4,11.2,0.0,0.0,0.0,0.0,0,1026.8,991.6,0,0,0,0,0.09,0.92,15.5,32.5,360,5,28.1,14.6,15.9,12.2,10.5,0.287,0.31,0.315,0.354,0,0.0,0.0,0.0,0.0,0.0,0.0,0.0,0.0,0.0,0.0,0.0,0.0,0.0,24.94579223809186,88.91787024910602,66.54420789749999,291.601037109375,8.016093893001756,84.74230968149199
39.964848,-6.913391,295.0,2015-04-01 01:00:00,14.6,48,3.8,10.6,0.0,0.0,0.0,0.0,0,1026.8,991.6,0,0,0,0,0.09,0.86,17.3,35.2,5,11,33.1,14.3,15.7,12.2,10.5,0.287,0.31,0.315,0.354,0,0.0,0.0,0.0,0.0,0.0,0.0,0.0,0.0,0.0,0.0,0.0,0.0,0.0,25.877070521592973,88.53408290066258,68.52342274549999,295.183037109375,8.306687747713761,86.7194706205643
39.964848,-6.913391,295.0,2015-04-01 02:00:00,14.1,52,4.4,10.3,0.0,0.0,0.0,0.0,0,1026.3,991.0,0,0,0,1,0.08,0.78,17.2,34.5,11,16,34.6,14.0,15.6,12.3,10.5,0.287,0.31,0.315,0.354,0,0.0,0.0,0.0,0.0,0.0,0.0,0.0,0.0,0.0,0.0,0.0,0.0,0.0,24.388566656676904,87.87045775082707,70.29220661749999,298.675037109375,7.514729935931349,88.50877591257039
39.964848,-6.913391,295.0,2015-04-01 03:00:00,13.5,55,4.5,9.9,0.0,0.0,0.0,0.0,0,1025.8,990.5,0,0,0,0,0.07,0.71,16.2,32.9,12,18,33.8,13.7,15.4,12.3,10.5,0.287,0.31,0.315,0.354,0,0.0,0.0,0.0,0.0,0.0,0.0,0.0,0.0,0.0,0.0,0.0,0.0,0.0,22.336181850886987,87.25674560229076,71.88498485749999,302.059037109375,6.545306637344772,90.14028161624427
39.964848,-6.913391,295.0,2015-04-01 04:00:00,12.9,57,4.6,9.3,0.0,0.0,0.0,0.0,0,1025.5,990.1,0,0,0,0,0.06,0.64,15.9,31.9,13,18,32.8,13.4,15.2,12.3,10.5,0.288,0.31,0.315,0.354,0,0.0,0.0,0.0,0.0,0.0,0.0,0.0,0.0,0.0,0.0,0.0,0.0,0.0,21.23234491881277,86.77859435902327,73.34442549749998,305.33503710937504,6.0229967927878345,91.65050771614622
39.964848,-6.913391,295.0,2015-04-01 05:00:00,12.3,60,4.9,8.9,0.0,0.0,0.0,0.0,0,1025.6,990.1,0,0,0,0,0.05,0.57,15.4,31.3,11,17,31.3,13.0,15.0,12.3,10.5,0.288,0.31,0.315,0.354,0,0.0,0.0,0.0,0.0,0.0,0.0,0.0,0.0,0.0,0.0,0.0,0.0,0.0,19.838831270962494,86.21508291809752,74.64386101749999,308.50303710937504,5.423166555405638,93.02067309808643
39.964848,-6.913391,295.0,2015-04-01 06:00:00,11.8,64,5.2,8.5,0.0,0.0,0.0,0.0,0,1026.0,990.5,0,0,0,0,0.04,0.5,14.8,30.9,14,19,31.0,12.6,14.8,12.3,10.5,0.288,0.31,0.315,0.354,0,0.0,0.0,0.0,0.0,0.0,0.0,0.0,0.0,0.0,0.0,0.0,0.0,0.0,18.179957520120894,85.51121789851858,75.7697152255,311.581037109375,4.767741167315619,94.2441338055051
39.964848,-6.913391,295.0,2015-04-01 07:00:00,11.8,65,5.5,8.5,0.0,0.0,0.0,0.0,0,1026.7,991.1,0,0,0,0,0.06,0.48,14.7,29.9,17,22,29.2,12.5,14.6,12.3,10.5,0.288,0.309,0.315,0.354,1,1238.52,33.0,19.0,14.0,175.3,33.0,88.9,73.3,42.2,31.1,293.1,43.9,197.5,17.64245008852219,85.18939258883047,76.8642957055,314.659037109375,4.536803591522492,95.44238959206253
39.964848,-6.913391,295.0,2015-04-01 08:00:00,13.8,62,6.7,10.9,0.0,0.0,0.0,0.0,0,1027.0,991.7,0,0,0,0,0.12,0.6,14.2,28.0,21,26,29.5,13.6,14.5,12.3,10.5,0.288,0.309,0.315,0.354,1,3600.0,207.0,154.0,53.0,636.6,207.0,331.7,288.7,214.7,73.9,636.6,288.7,462.5,17.54032818728072,85.23716184176767,78.2369456895,318.097037109375,4.453226116533528,96.89489622223287
39.964848,-6.913391,295.0,2015-04-01 09:00:00,16.6,52,6.8,13.6,0.0,0.0,0.0,0.0,0,1027.1,992.1,0,0,0,0,0.25,0.91,15.1,22.6,33,34,32.8,15.6,14.5,12.3,10.6,0.287,0.309,0.315,0.354,1,3600.0,417.0,344.0,73.0,806.7,417.0,584.6,499.7,412.2,87.5,806.7,499.7,700.6,20.188188448831745,86.18150348374125,80.2966479615,322.039037109375,5.316594402740051,98.92736024463395
39.964848,-6.913391,295.0,2015-04-01 10:00:00,19.1,44,6.7,16.4,0.0,0.0,0.0,0.0,0,1027.1,992.4,0,0,0,0,0.37,1.23,14.6,20.7,40,41,33.5,17.5,14.7,12.3,10.6,0.287,0.309,0.315,0.354,1,3600.0,608.0,523.0,85.0,893.6,608.0,802.4,678.6,583.7,94.9,893.6,678.6,895.6,23.821677946726528,87.86469896874104,83.0390387455,326.431037109375,6.586528240516288,101.51710157033743
39.964848,-6.913391,295.0,2015-04-01 11:00:00,21.1,38,6.3,19.3,0.0,0.0,0.0,0.0,0,1026.8,992.3,0,0,0,0,0.49,1.55,14.0,18.9,48,48,32.0,19.3,14.9,12.4,10.6,0.286,0.308,0.315,0.354,1,3600.0,756.0,663.0,93.0,936.9,756.0,970.2,805.9,706.8,99.1,936.9,805.9,1034.2,27.607581555300857,89.4158568336043,86.3758727935,331.183037109375,7.983268490290053,104.56968020681055
39.964848,-6.913391,295.0,2015-04-01 12:00:00,22.7,34,6.2,21.6,0.0,0.0,0.0,0.0,0,1026.3,992.0,6,0,0,21,0.57,1.81,12.6,17.2,53,53,30.6,20.9,15.2,12.4,10.6,0.284,0.308,0.314,0.354,1,3600.0,851.0,753.0,98.0,959.0,851.0,1076.5,875.1,774.4,100.8,959.0,875.1,1107.0,26.3427734375,92.85900115966797,41.0732421875,254.40896606445312,11.39404296875,58.4677734375
39.964848,-6.913391,295.0,2015-04-01 13:00:00,23.7,32,6.2,23.0,0.0,0.0,0.0,0.0,0,1025.5,991.4,10,0,0,35,0.6,1.99,11.6,15.2,60,59,28.8,22.1,15.6,12.4,10.6,0.283,0.307,0.314,0.354,1,3600.0,883.0,783.0,100.0,963.4,883.0,1114.1,879.0,779.5,99.5,963.4,879.0,1109.1,27.55558390924997,92.84252997710026,45.161615435499996,259.62896606445315,11.515776570000861,62.948857550135976
39.964848,-6.913391,295.0,2015-04-01 14:00:00,24.4,31,6.1,23.7,0.0,0.0,0.0,0.0,0,1024.9,990.9,6,0,0,20,0.59,2.12,10.3,13.2,61,61,26.6,22.9,16.0,12.4,10.6,0.282,0.306,0.314,0.354,1,3600.0,851.0,752.0,99.0,954.0,851.0,1080.6,819.3,724.0,95.3,954.0,819.3,1040.3,27.396595709146027,92.8928259159895,49.42720647549999,264.97496606445316,10.861943481601417,67.41582247892144
39.964848,-6.913391,295.0,2015-04-01 15:00:00,24.8,29,5.8,23.6,0.0,0.0,0.0,0.0,0,1024.1,990.1,1,0,0,2,0.53,2.21,9.5,12.6,61,59,24.5,23.2,16.4,12.4,10.6,0.28,0.306,0.314,0.354,1,3600.0,758.0,664.0,94.0,930.5,758.0,978.2,701.6,614.6,87.0,930.5,701.6,905.4,27.666490849681875,92.94313846010034,53.885288523499995,270.39296606445316,10.5066282044389,71.9327595837742
39.964848,-6.913391,295.0,2015-04-01 16:00:00,24.7,29,5.6,22.7,0.0,0.0,0.0,0.0,0,1023.4,989.5,0,0,0,0,0.44,2.21,9.4,12.8,58,58,22.7,23.1,16.8,12.5,10.6,0.279,0.305,0.314,0.354,1,3600.0,612.0,526.0,86.0,886.0,612.0,813.8,536.6,461.2,75.4,886.0,536.6,713.6,28.54029215643019,92.99346761491499,58.3261578995,275.79296606445314,10.527797340714367,76.30751940127554
39.964848,-6.913391,295.0,2015-04-01 17:00:00,24.3,31,5.9,21.9,0.0,0.0,0.0,0.0,0,1023.0,989.0,0,0,0,1,0.32,2.11,9.6,13.5,56,56,20.9,22.4,17.0,12.5,10.6,0.279,0.305,0.314,0.354,1,3600.0,425.0,351.0,74.0,803.4,425.0,598.8,339.2,280.1,59.1,803.4,339.2,477.9,29.62829676583743,93.04381338591749,62.575021131499994,281.1209660644531,10.709676307777839,80.40593261211033
39.964848,-6.913391,295.0,2015-04-01 18:00:00,22.9,39,8.1,21.5,0.0,0.0,0.0,0.0,0,1023.0,988.9,0,0,0,0,0.16,1.72,6.6,13.6,49,53,18.0,21.1,17.2,12.5,10.6,0.278,0.305,0.314,0.354,1,3600.0,219.0,164.0,55.0,646.2,219.0,347.9,135.0,101.1,33.9,646.2,135.0,214.5,24.27313257135741,91.83971094639693,66.1242256115,286.19696606445314,7.771098734557596,83.82829296098862
39.964848,-6.913391,295.0,2015-04-01 19:00:00,20.8,44,8.1,19.3,0.0,0.0,0.0,0.0,0,1023.2,988.8,0,0,0,0,0.06,1.38,6.9,15.5,28,42,13.7,19.4,17.2,12.5,10.6,0.278,0.305,0.314,0.354,0,1517.53,41.0,25.0,16.0,217.9,41.0,97.5,0.0,0.0,0.0,0.0,0.0,0.0,22.051217982915,90.60110149013826,69.0974116595,290.8949660644531,6.614930728977118,86.7058685909539
39.964848,-6.913391,295.0,2015-04-01 20:00:00,18.5,50,7.7,16.6,0.0,0.0,0.0,0.0,0,1023.4,988.8,1,0,0,4,0.05,1.07,9.0,19.5,16,34,15.1,17.8,17.2,12.6,10.6,0.279,0.305,0.314,0.354,0,0.0,0.0,0.0,0.0,0.0,0.0,0.0,0.0,0.0,0.0,0.0,0.0,0.0,20.902113163774672,89.20311930315593,71.4732452595,295.1789660644531,6.018666490499178,89.04446910797438
39.964848,-6.913391,295.0,2015-04-01 21:00:00,16.8,52,6.9,14.5,0.0,0.0,0.0,0.0,0,1023.9,989.0,2,0,0,6,0.06,0.92,10.5,22.9,16,30,18.7,16.6,17.1,12.6,10.6,0.279,0.305,0.314,0.354,0,0.0,0.0,0.0,0.0,0.0,0.0,0.0,0.0,0.0,0.0,0.0,0.0,0.0,20.519732785210103,88.38091267121686,73.5562210035,299.1569660644531,5.768599816666107,91.10845233433801
39.964848,-6.913391,295.0,2015-04-01 22:00:00,15.6,52,5.8,13.1,0.0,0.0,0.0,0.0,0,1024.7,989.7,1,0,0,4,0.05,0.85,10.6,25.5,18,31,21.6,15.7,16.9,12.6,10.6,0.279,0.304,0.314,0.354,0,0.0,0.0,0.0,0.0,0.0,0.0,0.0,0.0,0.0,0.0,0.0,0.0,0.0,20.062817183755694,88.02258537647779,75.4995559155,302.9189660644531,5.5073571316321726,93.0312899002166
39.964848,-6.913391,295.0,2015-04-01 23:00:00,14.7,51,4.6,11.8,0.0,0.0,0.0,0.0,0,1024.8,989.7,2,0,0,8,0.06,0.82,11.0,26.2,19,32,23.0,15.0,16.7,12.6,10.6,0.279,0.304,0.314,0.354,0,0.0,0.0,0.0,0.0,0.0,0.0,0.0,0.0,0.0,0.0,0.0,0.0,0.0,20.385282463433967,87.93695668332084,77.3764644595,306.51896606445314,5.550965410019668,94.87698155471031
39.964848,-6.913391,295.0,2015-04-02 00:00:00,13.8,49,3.4,10.7,0.0,0.0,0.0,0.0,0,1024.8,989.6,6,0,0,19,0.06,0.8,11.2,25.8,21,33,23.4,14.5,16.5,12.6,10.6,0.279,0.304,0.314,0.354,0,0.0,0.0,0.0,0.0,0.0,0.0,0.0,0.0,0.0,0.0,0.0,0.0,0.0,20.83726619268995,87.9856330454928,79.2187052275,309.9569660644531,5.646431307624035,96.67011527559772
39.964848,-6.913391,295.0,2015-04-02 01:00:00,13.0,50,2.8,9.8,0.0,0.0,0.0,0.0,0,1024.3,989.0,3,0,0,10,0.05,0.75,10.8,25.0,21,33,23.4,13.9,16.2,12.7,10.6,0.279,0.304,0.314,0.354,0,0.0,0.0,0.0,0.0,0.0,0.0,0.0,0.0,0.0,0.0,0.0,0.0,0.0,20.44022207155019,87.8552481848885,80.9278508275,313.2509660644531,5.431367906821971,98.34047089138267
39.964848,-6.913391,295.0,2015-04-02 02:00:00,12.1,52,2.6,9.0,0.0,0.0,0.0,0.0,0,1023.9,988.5,3,0,0,10,0.05,0.68,10.4,23.9,20,34,22.0,13.4,16.0,12.7,10.6,0.279,0.304,0.314,0.354,0,0.0,0.0,0.0,0.0,0.0,0.0,0.0,0.0,0.0,0.0,0.0,0.0,0.0,19.549391421761914,87.4911395960175,82.4638999795,316.3829660644531,5.0528318004996216,99.85852819005666
39.964848,-6.913391,295.0,2015-04-02 03:00:00,11.4,55,2.7,8.3,0.0,0.0,0.0,0.0,0,1023.7,988.2,4,0,0,15,0.04,0.61,9.9,22.9,19,33,20.5,12.9,15.7,12.7,10.6,0.279,0.304,0.314,0.354,0,0.0,0.0,0.0,0.0,0.0,0.0,0.0,0.0,0.0,0.0,0.0,0.0,0.0,18.28907666004441,86.9628076713822,83.8275799795,319.3889660644531,4.569583919989524,101.23150930090047
39.964848,-6.913391,295.0,2015-04-02 04:00:00,10.7,57,2.6,7.7,0.0,0.0,0.0,0.0,0,1023.5,987.9,10,0,0,32,0.03,0.55,9.6,22.0,20,35,19.4,12.3,15.4,12.7,10.6,0.279,0.304,0.314,0.354,0,0.0,0.0,0.0,0.0,0.0,0.0,0.0,0.0,0.0,0.0,0.0,0.0,0.0,17.32436491736003,86.49342508954484,85.0576799475,322.2689660644531,4.211062961123974,102.4893471249686
39.964848,-6.913391,295.0,2015-04-02 05:00:00,10.4,57,2.3,7.3,0.0,0.0,0.0,0.0,1,1023.8,988.2,23,0,0,77,0.03,0.54,9.4,21.5,23,40,18.7,11.8,15.2,12.7,10.6,0.28,0.304,0.314,0.354,0,0.0,0.0,0.0,0.0,0.0,0.0,0.0,0.0,0.0,0.0,0.0,0.0,0.0,16.954629717412885,86.30236439899642,86.25650618750001,325.0949660644531,4.057818474909366,103.71620881535753
39.964848,-6.913391,295.0,2015-04-02 06:00:00,9.8,60,2.5,6.8,0.0,0.0,0.0,0.0,1,1024.2,988.5,27,0,0,90,0.03,0.48,9.0,20.4,23,44,18.0,11.3,14.9,12.7,10.6,0.28,0.304,0.314,0.354,0,0.0,0.0,0.0,0.0,0.0,0.0,0.0,0.0,0.0,0.0,0.0,0.0,0.0,16.006650300603464,85.84973366384864,87.3135097075,327.8129660644531,3.7316898136069896,104.82575148589555
39.964848,-6.913391,295.0,2015-04-02 07:00:00,9.8,61,2.6,6.8,0.0,0.0,0.0,0.0,1,1024.6,988.9,29,0,0,98,0.04,0.48,9.5,19.1,25,47,20.5,11.1,14.6,12.7,10.6,0.28,0.304,0.314,0.354,1,866.76,33.0,15.0,18.0,135.1,33.0,92.4,73.1,33.2,39.9,222.3,44.4,204.7,15.93777547820724,85.57862661385614,88.3440881395,330.53096606445314,3.6847008008566617,105.9155732567325
39.964848,-6.913391,295.0,2015-04-02 08:00:00,12.5,53,3.3,9.7,0.0,0.0,0.0,0.0,1,1025.0,989.6,30,0,0,100,0.11,0.68,9.0,16.8,29,48,20.5,12.9,14.4,12.7,10.6,0.28,0.304,0.314,0.354,1,3600.0,199.0,128.0,71.0,517.9,199.0,338.6,275.8,177.4,98.4,517.9,275.8,469.3,15.87183040610873,85.65168517154765,89.89371348350001,333.73496606445315,3.6298056184418876,107.43895185279032
39.964848,-6.913391,295.0,2015-04-02 09:00:00,15.8,43,3.2,13.1,0.0,0.0,0.0,0.0,1,1025.1,990.1,30,0,0,100,0.23,1.02,7.9,12.0,43,49,20.2,15.1,14.4,12.7,10.6,0.279,0.303,0.314,0.354,1,3600.0,398.0,291.0,107.0,674.5,398.0,591.2,475.9,348.0,127.9,674.5,475.9,706.9,18.256602103309053,87.27806570702649,92.2290609395,337.53296606445315,4.32128323270318,109.59352446891816
39.964848,-6.913391,295.0,2015-04-02 10:00:00,18.1,37,3.2,15.4,0.0,0.0,0.0,0.0,1,1024.9,990.2,29,0,0,96,0.35,1.31,8.9,12.4,63,64,23.4,17.1,14.6,12.7,10.6,0.279,0.303,0.313,0.354,1,3600.0,574.0,423.0,151.0,716.9,574.0,808.5,640.0,471.6,168.4,716.9,640.0,901.4,22.691880354386782,88.92156547817329,95.1615184115,341.74496606445314,5.751195583852282,112.20922740433895
39.964848,-6.913391,295.0,2015-04-02 11:00:00,20.0,33,3.3,18.2,0.0,0.0,0.0,0.0,1,1024.5,990.0,28,0,0,94,0.46,1.57,9.0,11.6,74,74,24.5,18.9,14.8,12.7,10.6,0.278,0.303,0.313,0.354,1,3600.0,732.0,576.0,156.0,808.8,732.0,975.7,779.9,613.7,166.2,808.8,779.9,1039.5,26.201042650578724,90.20396191178932,98.5887795955,346.2989660644531,6.947359629074424,115.19186104606234
39.964848,-6.913391,295.0,2015-04-02 12:00:00,21.6,30,3.1,20.4,0.0,0.0,0.0,0.0,1,1023.9,989.6,29,0,0,98,0.53,1.82,8.4,10.9,83,82,24.1,20.4,15.1,12.8,10.6,0.277,0.302,0.313,0.354,1,3600.0,828.0,663.0,165.0,839.9,828.0,1081.6,851.2,681.6,169.6,839.9,851.2,1111.9,22.62158203125,92.9912338256836,45.9267578125,260.2093200683594,8.6201171875,63.5733528137207
39.964848,-6.913391,295.0,2015-04-02 13:00:00,22.7,28,3.0,21.8,0.0,0.0,0.0,0.0,1,1023.0,988.8,30,0,0,100,0.58,2.0,8.3,10.4,92,90,23.8,21.7,15.5,12.8,10.6,0.275,0.301,0.313,0.354,1,3600.0,873.0,734.0,139.0,898.8,873.0,1118.9,868.9,730.6,138.4,898.8,868.9,1113.6,26.049997224400208,93.0415788591998,50.0810725645,265.2493200683594,10.027464808238724,68.04406378089227
39.964848,-6.913391,295.0,2015-04-02 14:00:00,23.5,26,2.9,22.5,0.0,0.0,0.0,0.0,1,1022.2,988.2,30,0,0,100,0.57,2.14,8.0,10.1,100,96,23.0,22.5,15.9,12.8,10.6,0.274,0.301,0.313,0.354,1,3600.0,848.0,722.0,126.0,911.7,848.0,1085.0,816.4,695.1,121.3,911.7,816.4,1044.6,26.746975311063544,93.0919405141462,54.494304692499995,270.4333200683594,9.946891659999093,72.4769912558605
39.964848,-6.913391,295.0,2015-04-02 15:00:00,23.9,25,2.8,22.5,0.0,0.0,0.0,0.0,1,1021.4,987.4,30,0,0,99,0.52,2.22,7.2,9.3,108,103,22.0,22.8,16.3,12.8,10.6,0.273,0.3,0.313,0.354,1,3600.0,763.0,665.0,98.0,927.5,763.0,982.3,706.4,615.7,90.7,927.5,706.4,909.5,26.940178188250766,93.1423187960104,59.039904692499995,275.6893200683594,9.621460626079655,76.9056981690903
39.964848,-6.913391,295.0,2015-04-02 16:00:00,23.9,25,2.7,21.9,0.0,0.0,0.0,0.0,1,1021.0,987.1,30,0,0,99,0.41,2.23,5.8,7.5,112,107,20.5,22.7,16.6,12.8,10.6,0.272,0.3,0.313,0.354,1,3600.0,618.0,532.0,86.0,891.1,618.0,817.9,542.2,466.8,75.5,891.1,542.2,717.6,26.502001283858796,93.19271371028172,63.585504692499995,280.94532006835936,9.029497552091218,81.2170091804567
39.964848,-6.913391,295.0,2015-04-02 17:00:00,23.5,26,3.0,21.2,0.0,0.0,0.0,0.0,1,1020.9,986.9,30,0,0,100,0.27,2.14,4.7,6.4,113,106,17.6,22.0,16.9,12.8,10.6,0.271,0.3,0.312,0.354,1,3600.0,410.0,302.0,108.0,686.2,410.0,602.9,327.8,241.5,86.3,686.2,327.8,482.1,26.29020957345781,93.2431252624514,67.9987368205,286.1293200683594,8.60301737872407,85.31162624631447
39.964848,-6.913391,295.0,2015-04-02 18:00:00,22.1,37,6.8,20.8,0.0,0.0,0.0,0.0,1,1020.6,986.5,30,0,0,100,0.12,1.67,3.4,7.2,122,117,13.7,20.7,17.0,12.9,10.6,0.271,0.299,0.312,0.354,1,3600.0,183.0,82.0,101.0,319.0,183.0,352.1,113.7,51.0,62.8,319.0,113.7,218.9,23.069371304773725,92.17662413449064,71.5421229325,291.0613200683594,6.936511616310259,88.62484758820266
39.964848,-6.913391,295.0,2015-04-02 19:00:00,19.7,51,9.2,18.6,0.0,0.0,0.0,0.0,1,1020.5,986.1,30,0,0,99,0.06,1.13,6.5,8.7,124,120,10.4,19.0,17.1,12.9,10.6,0.271,0.299,0.312,0.354,0,0.0,30.0,4.0,26.0,34.4,30.0,99.7,0.0,0.0,0.0,0.0,0.0,0.0,20.224141310177913,89.6494049833109,74.0129898765,295.5613200683594,5.6571905499625625,91.03478750093484
39.964848,-6.913391,295.0,2015-04-02 20:00:00,17.8,58,9.4,16.8,0.0,0.0,0.0,0.0,1,1020.8,986.2,30,0,0,99,0.02,0.85,5.8,8.2,97,119,10.4,17.2,17.0,12.9,10.6,0.271,0.299,0.312,0.354,0,0.0,0.0,0.0,0.0,0.0,0.0,0.0,0.0,0.0,0.0,0.0,0.0,0.0,16.570312639739495,87.90254375115343,75.9374150925,299.7193200683594,4.250405765796976,92.9805439962077
39.964848,-6.913391,295.0,2015-04-02 21:00:00,16.7,58,8.4,15.6,0.0,0.0,0.0,0.0,1,1021.1,986.3,29,0,0,98,0.01,0.8,4.4,6.4,55,106,9.0,15.7,16.8,12.9,10.6,0.271,0.299,0.312,0.354,0,0.0,0.0,0.0,0.0,0.0,0.0,0.0,0.0,0.0,0.0,0.0,0.0,0.0,14.896661111520183,87.31582871098425,77.7498367245,303.6793200683594,3.6421542025174083,94.81309950088064
39.964848,-6.913391,295.0,2015-04-02 22:00:00,15.7,58,7.4,14.4,0.0,0.0,0.0,0.0,1,1021.6,986.7,30,0,0,99,0.01,0.76,4.3,5.2,24,56,9.4,14.6,16.6,12.9,10.6,0.272,0.299,0.312,0.354,0,0.0,0.0,0.0,0.0,0.0,0.0,0.0,0.0,0.0,0.0,0.0,0.0,0.0,14.522633585395793,87.02833885941246,79.4604369165,307.4593200683594,3.47836543426509,96.54356563335381
39.964848,-6.913391,295.0,2015-04-02 23:00:00,14.0,64,7.2,12.7,0.0,0.0,0.0,0.0,1,1021.1,986.0,30,0,0,99,0.01,0.58,4.6,7.1,18,41,10.1,13.7,16.4,12.9,10.6,0.272,0.299,0.312,0.354,0,0.0,0.0,0.0,0.0,0.0,0.0,0.0,0.0,0.0,0.0,0.0,0.0,0.0,13.318878907565416,86.0630291120921,80.7782972685,310.93332006835936,3.080432394839301,97.9438076513155
39.964848,-6.913391,295.0,2015-04-03 00:00:00,12.7,69,7.3,11.2,0.0,0.0,0.0,0.0,1,1020.7,985.5,30,0,0,100,0.01,0.45,6.2,9.4,21,40,11.5,13.1,16.1,13.0,10.6,0.272,0.299,0.312,0.354,0,0.0,0.0,0.0,0.0,0.0,0.0,0.0,0.0,0.0,0.0,0.0,0.0,0.0,12.704161967068458,84.99283252368862,81.8154213645,314.1733200683594,2.8772243716865367,99.10790123406413
39.964848,-6.913391,295.0,2015-04-03 01:00:00,11.8,74,7.3,10.1,0.0,0.0,0.0,0.0,1,1020.3,985.0,30,0,0,99,0.01,0.36,7.2,11.5,18,41,13.0,12.7,15.8,13.0,10.6,0.272,0.299,0.312,0.354,0,0.0,0.0,0.0,0.0,0.0,0.0,0.0,0.0,0.0,0.0,0.0,0.0,0.0,11.805248357131331,83.89014326930707,82.6285382925,317.25132006835935,2.606685745983753,100.08735612308493
39.964848,-6.913391,295.0,2015-04-03 02:00:00,11.7,74,7.1,9.8,0.0,0.0,0.0,0.0,1,1019.5,984.2,30,0,0,100,0.01,0.36,7.6,12.8,19,40,14.0,12.5,15.6,13.0,10.6,0.272,0.299,0.312,0.354,0,0.0,0.0,0.0,0.0,0.0,0.0,0.0,0.0,0.0,0.0,0.0,0.0,0.0,11.621245551700234,83.53872757889201,83.4353519885,320.31132006835935,2.539277033109299,101.05994665454787
39.964848,-6.913391,295.0,2015-04-03 03:00:00,11.6,73,7.0,9.7,0.0,0.0,0.0,0.0,1,1019.4,984.1,32,0,3,100,0.01,0.36,7.5,12.8,17,38,14.4,12.3,15.3,13.0,10.6,0.273,0.299,0.312,0.354,0,0.0,0.0,0.0,0.0,0.0,0.0,0.0,0.0,0.0,0.0,0.0,0.0,0.0,11.661282593028416,83.55833066304227,84.2666513165,323.3533200683593,2.5330126611415515,102.04825328316876
39.964848,-6.913391,295.0,2015-04-03 04:00:00,11.3,75,6.9,9.4,0.0,0.0,0.0,0.0,1,1019.1,983.7,31,0,1,100,0.01,0.34,7.5,12.6,17,37,14.4,12.0,15.1,13.0,10.6,0.273,0.299,0.312,0.354,0,0.0,0.0,0.0,0.0,0.0,0.0,0.0,0.0,0.0,0.0,0.0,0.0,0.0,11.348912270261417,83.25348175580136,85.0181905165,326.3413200683593,2.4343939646380384,102.97134281413402
39.964848,-6.913391,295.0,2015-04-03 05:00:00,10.8,76,6.7,8.8,0.0,0.0,0.0,0.0,1,1018.9,983.5,31,0,1,100,0.01,0.31,8.0,13.0,18,39,14.4,11.7,14.8,13.0,10.6,0.273,0.299,0.312,0.354,0,0.0,0.0,0.0,0.0,0.0,0.0,0.0,0.0,0.0,0.0,0.0,0.0,0.0,11.286626974238272,82.96019654018677,85.7105763085,329.23932006835935,2.4041380128560284,103.83982912615201
39.964848,-6.913391,295.0,2015-04-03 06:00:00,10.3,78,6.5,8.3,0.0,0.0,0.0,0.0,1,1018.9,983.4,30,0,0,100,0.01,0.28,8.0,14.0,18,42,14.4,11.3,14.5,13.0,10.6,0.273,0.299,0.312,0.354,0,0.0,0.0,0.0,0.0,0.0,0.0,0.0,0.0,0.0,0.0,0.0,0.0,0.0,10.823949969705875,82.5134812577783,86.31859576449999,332.04732006835934,2.2723002211261214,104.63514563719113
39.964848,-6.913391,295.0,2015-04-03 07:00:00,10.6,75,6.3,8.4,0.0,0.0,0.0,0.0,1,1019.1,983.7,30,0,0,100,0.03,0.32,8.3,14.3,18,41,16.9,11.3,14.3,13.0,10.6,0.273,0.298,0.312,0.354,1,0.0,25.0,3.0,22.0,26.4,25.0,96.0,55.2,6.6,48.5,42.8,34.0,211.8,11.062430294900146,82.5603670576653,87.02770936449998,334.90932006835936,2.32046597948939,105.51138565135088
39.964848,-6.913391,295.0,2015-04-03 08:00:00,13.3,63,6.4,11.2,0.0,0.0,0.0,0.0,1,1019.2,984.1,32,0,4,99,0.09,0.57,8.6,14.3,22,43,18.0,13.0,14.2,13.0,10.6,0.274,0.298,0.312,0.354,1,1767.05,140.0,30.0,110.0,118.9,140.0,345.5,192.8,41.3,151.5,118.9,192.8,475.9,12.441298561846411,83.51245334835305,88.31938706049998,338.2573200683594,2.6613391562443987,106.87548482066087
39.964848,-6.913391,295.0,2015-04-03 09:00:00,16.5,52,6.7,14.7,0.0,0.0,0.0,0.0,1,1019.3,984.6,32,0,4,100,0.18,0.9,6.8,11.5,32,44,18.0,15.1,14.2,13.0,10.6,0.273,0.298,0.312,0.354,1,3600.0,290.0,102.0,188.0,233.7,290.0,597.6,346.0,121.7,224.3,233.7,346.0,713.1,14.487872928658247,85.52789459878286,90.36745259649997,342.18132006835935,3.193357637244063,108.86131616732122
39.964848,-6.913391,295.0,2015-04-03 10:00:00,19.2,42,6.0,17.5,0.0,0.0,0.0,0.0,1,1018.9,984.5,31,0,1,100,0.29,1.3,5.4,7.8,53,56,18.0,17.1,14.4,13.0,10.6,0.273,0.298,0.312,0.354,1,3600.0,457.0,184.0,273.0,309.4,457.0,814.5,509.0,204.9,304.1,309.4,509.0,907.1,17.78515584409402,87.8342075419787,93.22184696449997,346.5913200683594,4.1250254633826025,111.48144379006614
39.964848,-6.913391,295.0,2015-04-03 11:00:00,21.0,36,5.4,18.9,0.0,0.0,0.0,0.0,1,1018.8,984.6,31,0,1,100,0.38,1.59,7.3,9.8,81,82,22.3,18.7,14.6,13.0,10.6,0.272,0.297,0.312,0.354,1,3600.0,567.0,244.0,323.0,340.5,567.0,981.2,603.7,259.8,343.9,340.5,603.7,1044.8,23.236526402425874,89.62679707784918,96.65080517249997,351.32532006835936,5.870835372737671,114.53155058963424
39.964848,-6.913391,295.0,2015-04-03 12:00:00,22.4,32,4.9,20.5,0.0,0.0,0.0,0.0,1,1018.0,984.0,35,0,9,100,0.46,1.84,9.1,11.7,83,81,23.8,20.2,15.0,13.0,10.6,0.271,0.297,0.312,0.354,1,3600.0,657.0,285.0,372.0,359.1,657.0,1086.6,675.2,292.9,382.3,359.1,675.2,1116.8,20.810266494750977,92.9807357788086,50.4326171875,265.71148681640625,7.2774152755737305,68.23175811767578
39.964848,-6.913391,295.0,2015-04-03 13:00:00,23.2,30,4.6,21.4,0.0,0.0,0.0,0.0,1,1017.1,983.2,50,0,33,100,0.46,2.0,7.6,10.1,85,84,23.4,21.1,15.3,13.0,10.6,0.27,0.297,0.312,0.354,1,3600.0,649.0,309.0,340.0,376.6,649.0,1123.5,645.9,307.5,338.4,376.6,645.9,1118.1,26.239781935087514,93.03107734639099,54.556385507499996,270.84148681640625,9.66570852509015,72.56854184851117
39.964848,-6.913391,295.0,2015-04-03 14:00:00,23.5,29,4.3,21.5,0.0,0.0,0.0,0.0,2,1016.5,982.7,61,0,51,100,0.4,2.07,5.1,6.8,94,90,20.9,21.6,15.6,13.1,10.6,0.269,0.296,0.312,0.354,1,3600.0,563.0,172.0,391.0,216.2,563.0,1089.3,542.1,165.6,376.5,216.2,542.1,1048.8,24.859146554891094,93.08143553425931,58.7907028195,276.02548681640627,8.581931353600995,76.72645997218018
39.964848,-6.913391,295.0,2015-04-03 15:00:00,23.6,28,4.2,21.8,0.0,0.0,0.0,0.0,2,1015.8,982.0,66,0,61,98,0.32,2.09,2.9,4.0,83,80,16.9,21.6,16.0,13.1,10.7,0.268,0.296,0.312,0.354,1,2447.48,458.0,102.0,356.0,141.6,458.0,986.4,424.2,94.5,329.7,141.6,424.2,913.6,23.740238965848906,93.13181034790075,63.1021135075,281.22748681640627,7.735725263161169,80.85077585556562
39.964848,-6.913391,295.0,2015-04-03 16:00:00,23.4,29,4.3,21.8,0.0,0.0,0.0,0.0,2,1015.0,981.2,72,0,71,97,0.23,2.06,1.8,2.5,53,45,12.2,21.2,16.2,13.1,10.7,0.268,0.295,0.311,0.354,1,1348.49,335.0,63.0,272.0,104.9,335.0,821.9,294.1,55.3,238.8,104.9,294.1,721.6,23.529525747534837,93.18220179280434,67.3192181475,286.39348681640627,7.3703645077880005,84.80380323936113
39.964848,-6.913391,295.0,2015-04-03 17:00:00,22.9,36,6.9,22.0,0.0,0.0,0.0,0.0,2,1014.9,981.0,72,0,73,95,0.15,1.81,1.3,1.9,326,338,8.3,20.6,16.4,13.1,10.7,0.268,0.295,0.311,0.354,1,0.0,212.0,24.0,188.0,54.1,212.0,607.0,169.8,19.2,150.6,54.1,169.8,486.2,21.914055731999383,92.4334984651751,71.0429736675,291.4694868164063,6.470173169560079,88.2876907833756
39.964848,-6.913391,295.0,2015-04-03 18:00:00,21.8,45,9.3,21.4,0.0,0.0,0.0,0.0,2,1014.3,980.3,73,0,72,99,0.08,1.45,1.9,2.9,248,270,6.1,19.6,16.6,13.1,10.7,0.268,0.295,0.311,0.354,1,0.0,99.0,8.0,91.0,30.7,99.0,356.3,62.0,5.0,57.0,30.7,62.0,223.2,19.478498821215148,90.89906021453571,74.0964047075,296.3474868164063,5.365032802961571,91.19106200297354
39.964848,-6.913391,295.0,2015-04-03 19:00:00,20.0,59,11.8,19.8,0.0,0.0,0.0,0.0,2,1014.6,980.4,80,0,84,98,0.05,0.96,5.2,5.8,286,292,7.6,18.4,16.6,13.1,10.7,0.268,0.295,0.311,0.354,0,0.0,24.0,4.0,20.0,33.9,24.0,101.8,0.0,0.0,0.0,0.0,0.0,0.0,16.932251518116527,88.29656346019166,76.1936839395,300.90148681640625,4.363444383743997,93.31485608559679
39.964848,-6.913391,295.0,2015-04-03 20:00:00,19.0,55,9.8,18.3,0.0,0.0,0.0,0.0,3,1014.5,980.2,86,0,94,98,0.02,0.99,5.1,9.3,321,324,9.7,17.0,16.6,13.1,10.7,0.268,0.295,0.311,0.354,0,0.0,0.0,0.0,0.0,0.0,0.0,0.0,0.0,0.0,0.0,0.0,0.0,0.0,16.605992683757727,88.0353918429506,78.38648137950001,305.27548681640627,4.181939653649996,95.4807699666537
39.964848,-6.913391,295.0,2015-04-03 21:00:00,17.3,59,9.2,16.2,0.0,0.0,0.0,0.0,3,1014.6,980.1,86,0,95,96,0.03,0.82,6.6,12.5,338,342,11.9,16.0,16.5,13.2,10.7,0.268,0.295,0.311,0.354,0,0.0,0.0,0.0,0.0,0.0,0.0,0.0,0.0,0.0,0.0,0.0,0.0,0.0,16.353824633881295,87.26884576563522,80.21538838750001,309.34348681640626,4.041961851123671,97.33275540052423
39.964848,-6.913391,295.0,2015-04-03 22:00:00,15.9,62,8.6,14.5,0.0,0.0,0.0,0.0,3,1014.6,980.0,85,0,96,90,0.03,0.69,7.8,14.1,338,345,13.3,15.2,16.3,13.2,10.7,0.268,0.295,0.311,0.354,0,0.0,0.0,0.0,0.0,0.0,0.0,0.0,0.0,0.0,0.0,0.0,0.0,0.0,15.941491485786965,86.52308084300127,81.78149910750001,313.15948681640623,3.8620919640205766,98.95671354735306
39.964848,-6.913391,295.0,2015-04-03 23:00:00,14.8,66,8.4,13.2,0.0,0.0,0.0,0.0,3,1014.1,979.3,80,0,92,84,0.02,0.58,8.0,13.1,342,351,14.4,14.4,16.2,13.2,10.7,0.268,0.295,0.311,0.354,0,0.0,0.0,0.0,0.0,0.0,0.0,0.0,0.0,0.0,0.0,0.0,0.0,0.0,14.805318277800474,85.69096727303408,83.09208649950001,316.7774868164062,3.4704052373952265,100.36726698892075
39.964848,-6.913391,295.0,2015-04-04 00:00:00,13.8,68,7.9,12.0,0.0,0.0,0.0,0.0,2,1014.0,979.1,63,0,79,52,0.02,0.51,8.5,13.3,348,357,15.8,13.6,15.9,13.2,10.7,0.268,0.295,0.311,0.354,0,0.0,0.0,0.0,0.0,0.0,0.0,0.0,0.0,0.0,0.0,0.0,0.0,0.0,14.254051609088023,85.09132696683267,84.24800227550001,320.2154868164062,3.2748660877098366,101.64171553279056
39.964848,-6.913391,295.0,2015-04-04 01:00:00,13.0,68,7.2,10.9,0.0,0.0,0.0,0.0,2,1013.5,978.5,55,0,79,24,0.02,0.48,9.6,16.2,347,356,17.3,13.0,15.7,13.2,10.7,0.269,0.295,0.311,0.354,0,0.0,0.0,0.0,0.0,0.0,0.0,0.0,0.0,0.0,0.0,0.0,0.0,0.0,14.563816245877366,84.8311653522096,85.34185545950001,323.5094868164062,3.3400291443357926,102.85246696169733
39.964848,-6.913391,295.0,2015-04-04 02:00:00,12.4,69,6.8,10.1,0.0,0.0,0.0,0.0,0,1013.0,978.0,12,0,4,31,0.02,0.45,10.3,19.4,348,360,19.1,12.5,15.5,13.2,10.7,0.269,0.295,0.311,0.354,0,0.0,0.0,0.0,0.0,0.0,0.0,0.0,0.0,0.0,0.0,0.0,0.0,0.0,14.629170801359852,84.55992290027152,86.3564333795,326.6954868164062,3.334333357625996,103.99172625617061
39.964848,-6.913391,295.0,2015-04-04 03:00:00,11.8,69,6.2,9.3,0.0,0.0,0.0,0.0,0,1012.6,977.5,20,0,10,45,0.03,0.43,10.9,20.7,354,7,19.8,11.9,15.2,13.2,10.7,0.269,0.294,0.311,0.354,0,0.0,0.0,0.0,0.0,0.0,0.0,0.0,0.0,0.0,0.0,0.0,0.0,0.0,14.82988963697552,84.41539266868396,87.3259189475,329.77348681640615,3.3700327419281,105.08443114626193
39.964848,-6.913391,295.0,2015-04-04 04:00:00,11.0,70,5.8,8.4,0.0,0.0,0.0,0.0,0,1011.9,976.8,20,0,10,46,0.02,0.39,10.8,20.5,358,10,19.4,11.3,14.9,13.2,10.7,0.269,0.294,0.311,0.354,0,0.0,0.0,0.0,0.0,0.0,0.0,0.0,0.0,0.0,0.0,0.0,0.0,0.0,14.455222085226644,84.15802567839182,88.2059471075,332.7074868164062,3.23889046954676,106.09397375636922
39.964848,-6.913391,295.0,2015-04-04 05:00:00,10.2,73,5.7,7.7,0.0,0.0,0.0,0.0,1,1011.6,976.4,23,0,15,48,0.02,0.33,10.4,19.1,2,11,19.1,10.9,14.6,13.2,10.7,0.269,0.294,0.311,0.354,0,0.0,0.0,0.0,0.0,0.0,0.0,0.0,0.0,0.0,0.0,0.0,0.0,0.0,13.492590383166588,83.59950193154073,88.9456071395,335.4974868164062,2.947456191636828,106.98364167132503
39.964848,-6.913391,295.0,2015-04-04 06:00:00,9.9,73,5.3,7.3,0.0,0.0,0.0,0.0,1,1011.6,976.3,26,0,19,50,0.02,0.33,10.5,19.8,6,10,18.7,10.5,14.4,13.2,10.7,0.269,0.294,0.311,0.354,0,0.0,0.0,0.0,0.0,0.0,0.0,0.0,0.0,0.0,0.0,0.0,0.0,0.0,13.322247407998985,83.39592500472331,89.6656301795,338.2334868164062,2.884521974101781,107.8522411123248
39.964848,-6.913391,295.0,2015-04-04 07:00:00,9.6,75,5.4,6.9,0.0,0.0,0.0,0.0,1,1011.7,976.4,21,0,13,44,0.03,0.3,10.9,20.4,8,9,20.9,10.6,14.1,13.2,10.7,0.27,0.294,0.311,0.354,1,1357.96,38.0,19.0,19.0,163.3,38.0,99.5,83.6,41.8,41.8,261.3,52.2,218.8,13.080409821912477,83.0211765303168,90.31413577949999,340.9154868164062,2.8042018483544098,108.6622293056796
39.964848,-6.913391,295.0,2015-04-04 08:00:00,12.6,61,5.3,10.0,0.0,0.0,0.0,0.0,0,1012.1,977.1,14,0,5,36,0.11,0.57,10.2,18.4,10,12,22.3,12.7,14.0,13.2,10.7,0.27,0.294,0.311,0.354,1,3600.0,197.0,138.0,59.0,536.1,197.0,352.3,269.8,189.0,80.8,536.1,269.8,482.6,13.939692593462768,83.85355455422206,91.6094499555,344.1374868164062,3.017394854537105,110.00832133404312
39.964848,-6.913391,295.0,2015-04-04 09:00:00,15.6,49,5.0,12.6,0.0,0.0,0.0,0.0,0,1012.3,977.7,4,0,1,13,0.24,0.9,12.1,17.6,23,23,25.6,15.0,14.0,13.2,10.7,0.269,0.294,0.311,0.354,1,3600.0,412.0,318.0,94.0,720.6,412.0,604.0,490.6,378.7,111.9,720.6,490.6,719.3,18.884101372952138,86.01084932233553,93.67424329949999,347.8994868164062,4.462299095063302,111.97407886956228
39.964848,-6.913391,295.0,2015-04-04 10:00:00,18.1,42,5.0,15.6,0.0,0.0,0.0,0.0,0,1012.1,977.8,0,0,0,0,0.37,1.21,11.2,15.3,40,39,28.8,17.0,14.2,13.2,10.7,0.269,0.294,0.311,0.354,1,3600.0,611.0,523.0,88.0,872.5,611.0,820.3,679.9,581.9,97.9,872.5,679.9,912.8,22.439502855517258,87.9168679544169,96.37396605149999,352.11148681640617,5.591078469108742,114.44089489619974
39.964848,-6.913391,295.0,2015-04-04 11:00:00,20.3,36,4.8,18.8,0.0,0.0,0.0,0.0,0,1011.6,977.6,0,0,0,0,0.48,1.53,10.3,13.8,61,62,28.8,18.9,14.5,13.2,10.7,0.268,0.293,0.311,0.354,1,3600.0,762.0,669.0,93.0,928.0,762.0,986.6,810.9,711.9,99.0,928.0,810.9,1050.0,25.974454508312895,89.57832529204804,99.69431472349999,356.7194868164062,6.781608945982804,117.37798591610051
39.964848,-6.913391,295.0,2015-04-04 12:00:00,21.9,33,4.9,21.2,0.0,0.0,0.0,0.0,0,1011.3,977.5,0,0,0,0,0.56,1.77,9.4,12.0,83,83,28.1,20.5,14.8,13.2,10.7,0.267,0.293,0.311,0.354,1,3600.0,862.0,765.0,97.0,959.1,862.0,1091.6,885.6,786.0,99.7,959.1,885.6,1121.5,26.86181640625,93.55770111083984,55.6826171875,271.57080078125,9.918212890625,73.533203125
39.964848,-6.913391,295.0,2015-04-04 13:00:00,23.0,30,4.7,22.5,0.0,0.0,0.0,0.0,0,1010.5,976.8,0,0,0,0,0.59,1.95,8.4,10.5,97,96,26.6,21.8,15.2,13.2,10.7,0.265,0.292,0.311,0.354,1,3600.0,894.0,795.0,99.0,964.5,894.0,1128.0,889.6,791.1,98.5,964.5,889.6,1122.5,28.499611429116907,93.24860996565802,59.7724450275,276.66480078125,10.374203500094735,77.62070030536943
39.964848,-6.913391,295.0,2015-04-04 14:00:00,23.7,29,4.4,23.2,0.0,0.0,0.0,0.0,0,1009.7,976.1,0,0,0,0,0.58,2.09,7.3,9.1,110,108,24.1,22.7,15.7,13.2,10.7,0.264,0.292,0.31,0.354,1,3600.0,862.0,766.0,96.0,958.6,862.0,1093.5,830.0,737.5,92.4,958.6,830.0,1052.9,28.282676612772327,93.29903997199574,64.0411876835,281.88480078125,9.88419515109676,81.68659251529277
39.964848,-6.913391,295.0,2015-04-04 15:00:00,24.0,27,4.0,22.9,0.0,0.0,0.0,0.0,0,1009.1,975.6,0,0,0,0,0.52,2.18,7.4,9.3,119,118,22.0,23.0,16.1,13.3,10.7,0.263,0.291,0.31,0.354,1,3600.0,769.0,677.0,92.0,935.4,769.0,990.5,712.4,627.1,85.2,935.4,712.4,917.5,29.238507178564852,93.34948662781747,68.4832692195,287.15880078125,10.004333653754836,85.80711345030159
39.964848,-6.913391,295.0,2015-04-04 16:00:00,24.0,27,3.7,21.9,0.0,0.0,0.0,0.0,0,1008.7,975.2,0,0,0,1,0.43,2.2,7.6,9.5,121,119,19.8,22.9,16.4,13.3,10.7,0.262,0.291,0.31,0.354,1,3600.0,621.0,535.0,86.0,886.5,621.0,825.9,545.6,470.0,75.6,886.5,545.6,725.6,30.26661613394411,93.39994993862003,72.9253507555,292.43280078125,10.177071202249431,89.84070045197764
39.964848,-6.913391,295.0,2015-04-04 17:00:00,23.6,27,3.7,21.1,0.0,0.0,0.0,0.0,0,1008.5,974.9,0,0,0,0,0.31,2.12,7.6,10.0,121,120,17.6,22.2,16.7,13.3,10.7,0.261,0.29,0.31,0.354,1,3600.0,433.0,359.0,74.0,804.0,433.0,611.0,347.4,288.0,59.4,804.0,347.4,490.2,31.049983110860225,93.4504299099021,77.29664214750001,297.63480078125,10.248964989959909,93.73508442612174
39.964848,-6.913391,295.0,2015-04-04 18:00:00,22.4,36,6.5,20.7,0.0,0.0,0.0,0.0,0,1008.7,975.0,0,0,0,0,0.16,1.75,5.7,10.7,125,123,15.1,20.9,16.9,13.3,10.7,0.261,0.29,0.31,0.354,1,3600.0,227.0,171.0,56.0,649.1,227.0,360.5,143.2,107.9,35.3,649.1,143.2,227.5,26.624981141044714,92.34684835354744,80.94281942750001,302.62080078125,7.9781739490427475,97.01408037668087
39.964848,-6.913391,295.0,2015-04-04 19:00:00,20.2,45,7.8,18.7,0.0,0.0,0.0,0.0,0,1008.6,974.6,0,0,0,0,0.06,1.31,6.6,12.0,119,123,13.0,19.1,17.0,13.3,10.7,0.261,0.29,0.31,0.354,0,1695.5,46.0,27.0,19.0,225.8,46.0,103.9,0.0,0.0,0.0,0.0,0.0,0.0,23.31953780099728,90.55603137787325,83.78291030750002,307.21080078125,6.473867603434379,99.6346247642024
39.964848,-6.913391,295.0,2015-04-04 20:00:00,18.0,51,7.8,16.3,0.0,0.0,0.0,0.0,0,1009.1,974.9,0,0,0,0,0.05,1.01,8.3,12.3,90,111,12.6,17.3,16.9,13.3,10.7,0.261,0.29,0.31,0.354,0,0.0,0.0,0.0,0.0,0.0,0.0,0.0,0.0,0.0,0.0,0.0,0.0,0.0,21.428369126283368,89.02384219354907,86.05183139550002,311.40480078125,5.662451657844652,101.78614908196248
39.964848,-6.913391,295.0,2015-04-04 21:00:00,16.7,53,7.1,15.0,0.0,0.0,0.0,0.0,0,1009.5,975.1,0,0,0,0,0.03,0.89,6.7,12.2,54,92,13.0,15.7,16.8,13.3,10.7,0.261,0.29,0.31,0.354,0,0.0,0.0,0.0,0.0,0.0,0.0,0.0,0.0,0.0,0.0,0.0,0.0,0.0,18.794208467760424,88.23307123522181,88.08001750750002,315.36480078125,4.663377939946848,103.73099525380994
39.964848,-6.913391,295.0,2015-04-04 22:00:00,14.6,61,7.1,12.9,0.0,0.0,0.0,0.0,0,1010.0,975.4,0,0,0,0,0.02,0.65,6.8,14.0,32,64,11.9,14.5,16.6,13.4,10.7,0.262,0.29,0.31,0.354,0,0.0,0.0,0.0,0.0,0.0,0.0,0.0,0.0,0.0,0.0,0.0,0.0,0.0,16.352483726159626,86.81717392679208,89.56442864350002,318.94680078125,3.828656074503273,105.24407743735283
39.964848,-6.913391,295.0,2015-04-04 23:00:00,13.0,66,6.8,10.9,0.0,0.0,0.0,0.0,0,1010.1,975.3,0,0,0,0,0.02,0.51,8.9,18.6,27,49,16.6,13.5,16.3,13.4,10.7,0.262,0.29,0.31,0.354,0,0.0,0.0,0.0,0.0,0.0,0.0,0.0,0.0,0.0,0.0,0.0,0.0,0.0,15.646813889066863,85.59491030543886,90.72664765150002,322.24080078124996,3.583084657271285,106.49460887427743
39.964848,-6.913391,295.0,2015-04-05 00:00:00,12.5,63,5.6,10.0,0.0,0.0,0.0,0.0,0,1010.1,975.2,2,0,0,6,0.03,0.54,9.5,20.1,25,46,18.0,12.7,16.0,13.4,10.7,0.262,0.29,0.31,0.354,0,0.0,0.0,0.0,0.0,0.0,0.0,0.0,0.0,0.0,0.0,0.0,0.0,0.0,16.021640624262524,85.54529745747652,91.94656547550002,325.44480078124997,3.6676388074095674,107.7721137407746
39.964848,-6.913391,295.0,2015-04-05 01:00:00,12.3,58,4.2,9.5,0.0,0.0,0.0,0.0,0,1009.9,975.0,6,0,0,20,0.04,0.61,10.0,19.9,21,41,19.1,12.1,15.8,13.4,10.7,0.262,0.29,0.31,0.354,0,0.0,0.0,0.0,0.0,0.0,0.0,0.0,0.0,0.0,0.0,0.0,0.0,0.0,16.514149214206885,85.59318421252904,93.31097277150002,328.61280078125,3.7863880394391356,109.14295469482313
39.964848,-6.913391,295.0,2015-04-05 02:00:00,11.3,61,4.2,8.4,0.0,0.0,0.0,0.0,0,1009.3,974.3,13,0,0,44,0.03,0.52,10.6,20.1,18,36,19.8,11.6,15.5,13.4,10.7,0.262,0.29,0.31,0.354,0,0.0,0.0,0.0,0.0,0.0,0.0,0.0,0.0,0.0,0.0,0.0,0.0,0.0,17.068832035389164,85.64108677741025,94.48337392350003,331.60080078125,3.9287633127452577,110.35664969764598
39.964848,-6.913391,295.0,2015-04-05 03:00:00,10.7,62,3.7,7.7,0.0,0.0,0.0,0.0,0,1009.3,974.2,18,0,0,61,0.03,0.49,10.6,20.1,18,33,19.8,11.2,15.1,13.4,10.7,0.262,0.29,0.31,0.354,0,0.0,0.0,0.0,0.0,0.0,0.0,0.0,0.0,0.0,0.0,0.0,0.0,0.0,16.874430005703232,85.48334443583788,95.57043901150003,334.48080078124997,3.8434037014207716,111.496659931357
39.964848,-6.913391,295.0,2015-04-05 04:00:00,10.2,62,3.3,7.1,0.0,0.0,0.0,0.0,1,1009.3,974.2,25,0,0,82,0.03,0.47,10.7,20.1,20,33,20.2,10.8,14.8,13.4,10.7,0.262,0.29,0.31,0.354,0,0.0,0.0,0.0,0.0,0.0,0.0,0.0,0.0,0.0,0.0,0.0,0.0,0.0,16.83514598870381,85.37956974154545,96.61144201950003,337.27080078125,3.807550430885815,112.59243906037608
39.964848,-6.913391,295.0,2015-04-05 05:00:00,9.9,63,3.1,6.7,0.0,0.0,0.0,0.0,1,1009.5,974.3,24,0,0,81,0.03,0.46,10.8,19.9,21,35,20.2,10.4,14.5,13.4,10.7,0.263,0.29,0.31,0.353,0,0.0,0.0,0.0,0.0,0.0,0.0,0.0,0.0,0.0,0.0,0.0,0.0,0.0,16.66065083253848,85.2001422139888,97.59814025950003,340.00680078125,3.732904132596646,113.64352460201455
39.964848,-6.913391,295.0,2015-04-05 06:00:00,9.6,63,3.0,6.3,0.0,0.0,0.0,0.0,0,1009.8,974.6,14,0,0,47,0.03,0.44,11.3,20.2,22,40,20.2,10.1,14.2,13.4,10.7,0.263,0.289,0.31,0.353,0,0.0,0.0,0.0,0.0,0.0,0.0,0.0,0.0,0.0,0.0,0.0,0.0,0.0,16.889863399191672,85.10889268947221,98.55792854750003,342.68880078125,3.7802483884124176,114.66860415558034
39.964848,-6.913391,295.0,2015-04-05 07:00:00,9.9,66,3.9,6.9,0.0,0.0,0.0,0.0,0,1010.3,975.1,4,0,2,8,0.04,0.41,11.0,19.9,23,42,22.3,10.4,14.0,13.4,10.7,0.263,0.289,0.31,0.353,1,1624.0,41.0,21.0,20.0,176.6,41.0,103.0,89.9,46.0,43.8,279.0,56.9,225.7,16.17545882759435,84.76044139304997,99.46462422750002,345.42480078125,3.5496749892675727,115.66516332908938
39.964848,-6.913391,295.0,2015-04-05 08:00:00,13.1,57,4.7,10.6,0.0,0.0,0.0,0.0,0,1010.6,975.8,1,0,1,1,0.12,0.66,8.7,16.5,30,44,22.7,12.6,13.9,13.4,10.7,0.263,0.289,0.31,0.353,1,3600.0,210.0,144.0,66.0,548.6,210.0,359.1,286.0,196.1,89.9,548.6,286.0,489.1,15.253899690935059,84.98540306203039,100.94491401950002,348.73680078125,3.2601723653344132,117.12946234709393
39.964848,-6.913391,295.0,2015-04-05 09:00:00,16.4,46,4.8,14.0,0.0,0.0,0.0,0.0,0,1010.4,976.0,2,0,0,5,0.24,1.01,8.5,12.0,54,57,22.0,15.0,14.0,13.4,10.7,0.263,0.289,0.31,0.353,1,3600.0,412.0,331.0,81.0,741.9,412.0,610.3,489.6,393.4,96.3,741.9,489.6,725.3,18.428698043079006,86.78426526731135,103.23589641950002,352.64280078125,4.151642350232851,119.21878452865903
39.964848,-6.913391,295.0,2015-04-05 10:00:00,18.9,39,4.7,16.3,0.0,0.0,0.0,0.0,0,1010.4,976.2,3,0,0,10,0.38,1.33,11.6,15.5,85,85,27.0,17.2,14.1,13.4,10.7,0.262,0.289,0.31,0.353,1,3600.0,610.0,518.0,92.0,857.6,610.0,826.1,678.1,575.8,102.3,857.6,678.1,918.3,25.21546462771508,88.67000227397835,106.19356681950002,356.99880078125,6.355666905664742,121.80571418080245
39.964848,-6.913391,295.0,2015-04-05 11:00:00,20.7,36,4.9,19.0,0.0,0.0,0.0,0.0,0,1010.0,976.1,3,0,0,10,0.47,1.57,10.5,13.8,96,96,28.8,19.0,14.4,13.4,10.7,0.261,0.288,0.31,0.353,1,3600.0,738.0,629.0,109.0,867.3,738.0,992.0,784.9,669.0,115.9,867.3,784.9,1055.1,27.383061146221475,89.79360022330889,109.57597808350002,361.67880078125,7.065071718143653,124.70150887682071
39.964848,-6.913391,295.0,2015-04-05 12:00:00,22.2,33,5.3,21.6,0.0,0.0,0.0,0.0,0,1009.5,975.7,8,0,0,27,0.55,1.79,8.6,11.2,112,111,28.4,20.6,14.8,13.4,10.8,0.26,0.288,0.309,0.353,1,3600.0,851.0,749.0,102.0,934.3,851.0,1096.4,874.1,769.3,104.8,934.3,874.1,1126.1,31.9248046875,93.5754165649414,60.38671875,277.1355285644531,12.224250793457031,78.087890625
39.964848,-6.913391,295.0,2015-04-05 13:00:00,23.3,33,5.9,23.2,0.0,0.0,0.0,0.0,0,1009.1,975.5,16,0,0,52,0.58,1.93,7.0,8.9,125,122,27.0,21.9,15.2,13.4,10.8,0.259,0.287,0.309,0.353,1,3600.0,874.0,759.0,115.0,916.6,874.0,1132.5,869.6,755.2,114.4,916.6,869.6,1126.8,26.9266563832491,92.87559929858344,64.349997086,282.28352856445315,9.175735244015584,81.9794424266239
39.964848,-6.913391,295.0,2015-04-05 14:00:00,23.9,32,6.3,23.8,0.0,0.0,0.0,0.0,0,1008.5,975.0,19,0,1,61,0.55,2.02,6.1,7.4,135,133,24.8,22.8,15.6,13.4,10.8,0.258,0.287,0.309,0.353,1,3600.0,824.0,678.0,146.0,844.8,824.0,1097.7,793.4,652.8,140.6,844.8,793.4,1056.9,26.725084263740168,92.87623382635756,68.471341086,287.5395285644531,8.769681730835416,85.84019912687971
39.964848,-6.913391,295.0,2015-04-05 15:00:00,24.1,32,6.4,23.3,0.0,0.0,0.0,0.0,1,1008.1,974.6,22,0,4,67,0.46,2.04,5.0,6.3,150,149,22.3,22.9,16.0,13.4,10.8,0.257,0.286,0.309,0.353,1,3600.0,683.0,529.0,154.0,727.5,683.0,994.4,632.9,490.2,142.7,727.5,632.9,921.4,26.362074910077975,92.90076850997363,72.625655838,292.8315285644531,8.325407011814713,89.65967962797326
39.964848,-6.913391,295.0,2015-04-05 16:00:00,24.1,32,6.4,22.5,0.0,0.0,0.0,0.0,1,1007.5,974.0,30,0,13,75,0.38,2.04,5.1,6.2,172,173,19.4,22.8,16.4,13.4,10.8,0.256,0.286,0.309,0.353,1,3600.0,554.0,413.0,141.0,680.7,554.0,829.8,487.1,363.1,124.0,680.7,487.1,729.5,27.02464302731632,92.90855945866026,76.77997059,298.12352856445307,8.37660955230785,93.41422401065567
39.964848,-6.913391,295.0,2015-04-05 17:00:00,23.7,31,5.3,21.8,0.0,0.0,0.0,0.0,1,1007.6,974.1,50,0,40,85,0.26,2.04,4.8,5.6,207,207,16.9,22.1,16.7,13.4,10.8,0.255,0.286,0.309,0.353,1,3600.0,371.0,246.0,125.0,547.1,371.0,614.9,298.2,197.7,100.5,547.1,298.2,494.2,27.391582017573292,92.95887719720565,80.928466974,303.3435285644531,8.30932946504738,97.09646304131749
39.964848,-6.913391,295.0,2015-04-05 18:00:00,21.6,44,8.7,20.4,0.2,0.2,0.0,0.0,51,1007.6,973.8,41,0,29,78,0.12,1.45,5.7,9.1,252,252,14.4,20.7,16.9,13.5,10.8,0.258,0.286,0.309,0.353,1,3600.0,137.0,61.0,76.0,228.8,137.0,364.6,87.1,38.8,48.3,228.8,87.1,231.7,23.683261197704827,91.01374039223933,84.01026255800001,308.1855285644531,6.60436016895839,99.9235366689413
39.964848,-6.913391,295.0,2015-04-05 19:00:00,19.8,40,5.8,17.9,0.0,0.0,0.0,0.0,1,1007.7,973.7,35,0,23,70,0.07,1.39,6.5,13.8,276,279,12.6,18.8,16.9,13.5,10.8,0.258,0.285,0.309,0.353,0,87.87,29.0,8.0,21.0,66.0,29.0,106.1,0.0,0.0,0.0,0.0,0.0,0.0,24.118309126440664,90.78179453347855,87.050359838,312.7035285644531,6.652349114241786,102.65677610469498
39.964848,-6.913391,295.0,2015-04-05 20:00:00,18.0,51,7.8,16.7,0.0,0.0,0.0,0.0,1,1008.4,974.2,35,0,29,58,0.02,1.01,5.2,11.0,282,281,11.9,17.6,16.9,13.5,10.8,0.258,0.285,0.309,0.353,0,0.0,0.0,0.0,0.0,0.0,0.0,0.0,0.0,0.0,0.0,0.0,0.0,0.0,19.698366901480068,89.16001370466995,89.319280926,316.8975285644531,4.93916422925816,104.79556857112553
39.964848,-6.913391,295.0,2015-04-05 21:00:00,17.5,53,7.7,16.3,0.0,0.0,0.0,0.0,2,1008.7,974.4,51,0,49,72,0.02,0.95,4.1,6.8,285,273,9.7,16.5,16.8,13.5,10.8,0.258,0.285,0.309,0.353,0,0.0,0.0,0.0,0.0,0.0,0.0,0.0,0.0,0.0,0.0,0.0,0.0,0.0,17.603862701327888,88.39025888622649,91.43862147,321.0015285644531,4.184027666665212,106.81237147733765
39.964848,-6.913391,295.0,2015-04-05 22:00:00,17.3,49,6.6,16.0,0.0,0.0,0.0,0.0,0,1009.4,975.1,17,0,10,36,0.01,1.0,3.1,7.5,315,287,9.0,15.5,16.7,13.5,10.8,0.259,0.285,0.309,0.353,0,0.0,0.0,0.0,0.0,0.0,0.0,0.0,0.0,0.0,0.0,0.0,0.0,0.0,17.20992631115409,88.43908490627732,93.713603358,325.0695285644531,4.006388239723359,108.92373016627396
39.964848,-6.913391,295.0,2015-04-05 23:00:00,16.0,55,7.0,14.8,0.0,0.0,0.0,0.0,0,1009.5,975.0,14,0,7,34,0.01,0.82,3.6,7.3,323,290,9.0,14.5,16.5,13.5,10.8,0.259,0.285,0.309,0.353,0,0.0,0.0,0.0,0.0,0.0,0.0,0.0,0.0,0.0,0.0,0.0,0.0,0.0,16.47802040310124,87.78382935448063,95.579117598,328.9035285644531,3.7402701037299773,110.72021068249843
39.964848,-6.913391,295.0,2015-04-06 00:00:00,15.1,60,7.4,14.0,0.0,0.0,0.0,0.0,0,1009.6,975.0,11,0,8,21,0.0,0.69,3.2,7.0,333,282,9.0,13.9,16.3,13.5,10.8,0.259,0.285,0.309,0.353,0,0.0,0.0,0.0,0.0,0.0,0.0,0.0,0.0,0.0,0.0,0.0,0.0,0.0,14.865249523853967,86.9107654551966,97.150076958,332.5755285644531,3.2362284052313535,112.29367526211068
39.964848,-6.913391,295.0,2015-04-06 01:00:00,14.3,64,7.6,13.3,0.0,0.0,0.0,0.0,0,1009.7,975.0,10,0,4,25,0.0,0.59,2.7,5.4,337,270,9.4,13.2,16.0,13.5,10.8,0.259,0.285,0.309,0.353,0,0.0,0.0,0.0,0.0,0.0,0.0,0.0,0.0,0.0,0.0,0.0,0.0,0.0,13.400827264374483,86.08739306947459,98.494119966,336.10352856445314,2.8087908685337726,113.69402019735384
39.964848,-6.913391,295.0,2015-04-06 02:00:00,13.4,69,7.7,12.5,0.0,0.0,0.0,0.0,0,1009.4,974.6,8,0,1,26,0.0,0.48,1.9,4.4,338,279,10.4,12.7,15.8,13.6,10.8,0.259,0.285,0.309,0.353,0,0.0,0.0,0.0,0.0,0.0,0.0,0.0,0.0,0.0,0.0,0.0,0.0,0.0,11.759561583030656,85.1493035112638,99.583851806,339.4695285644531,2.367173687394928,114.90145503853682
39.964848,-6.913391,295.0,2015-04-06 03:00:00,12.5,72,7.7,11.5,0.0,0.0,0.0,0.0,0,1009.4,974.5,11,0,2,34,0.0,0.4,3.0,4.1,346,315,11.2,12.0,15.5,13.6,10.8,0.259,0.285,0.309,0.353,0,0.0,0.0,0.0,0.0,0.0,0.0,0.0,0.0,0.0,0.0,0.0,0.0,0.0,11.30140464808325,84.34126592832835,100.507032862,342.67352856445314,2.2407959092342953,115.97479606907753
39.964848,-6.913391,295.0,2015-04-06 04:00:00,11.8,74,7.4,10.6,0.0,0.0,0.0,0.0,0,1009.6,974.6,17,0,6,45,0.0,0.36,4.3,4.7,360,356,12.2,11.6,15.2,13.6,10.8,0.26,0.285,0.309,0.353,0,0.0,0.0,0.0,0.0,0.0,0.0,0.0,0.0,0.0,0.0,0.0,0.0,0.0,11.187782843474126,83.71851072057855,101.32014979,345.7515285644531,2.2016978994478236,116.95679952448026
39.964848,-6.913391,295.0,2015-04-06 05:00:00,11.0,77,7.1,9.6,0.0,0.0,0.0,0.0,1,1010.5,975.4,24,0,14,52,0.0,0.31,4.7,6.0,9,25,12.6,11.2,14.9,13.6,10.8,0.26,0.285,0.309,0.353,0,0.0,0.0,0.0,0.0,0.0,0.0,0.0,0.0,0.0,0.0,0.0,0.0,0.0,10.581037474941136,83.00576154452958,101.994838046,348.68552856445314,2.047721983209163,117.82586329043028
39.964848,-6.913391,295.0,2015-04-06 06:00:00,9.1,85,6.7,7.5,0.0,0.0,0.0,0.0,1,1011.2,975.8,23,0,13,51,0.0,0.17,5.4,8.2,20,41,13.0,10.8,14.7,13.6,10.8,0.26,0.285,0.309,0.353,0,0.0,0.0,0.0,0.0,0.0,0.0,0.0,0.0,0.0,0.0,0.0,0.0,0.0,9.086741951689445,81.20214130710441,102.365759006,351.2775285644531,1.7030199441598424,118.44291496243237
39.964848,-6.913391,295.0,2015-04-06 07:00:00,10.1,82,7.3,8.4,0.0,0.0,0.0,0.0,1,1012.2,976.9,26,0,13,62,0.02,0.22,7.4,11.6,29,54,15.8,11.1,14.4,13.6,10.8,0.26,0.285,0.309,0.353,1,1418.02,41.0,19.0,22.0,156.4,41.0,106.4,89.6,41.5,48.1,244.1,57.4,232.6,9.971524457168917,81.2485941676538,102.85450191800001,354.0495285644531,1.893691784487254,119.16372699193711
39.964848,-6.913391,295.0,2015-04-06 08:00:00,13.6,71,8.4,12.2,0.0,0.0,0.0,0.0,1,1013.1,978.2,33,0,18,74,0.1,0.45,6.7,12.9,54,67,17.6,13.5,14.4,13.6,10.8,0.261,0.285,0.309,0.353,1,3600.0,190.0,122.0,68.0,456.1,190.0,365.7,257.4,165.3,92.1,456.1,257.4,495.5,10.542565494217207,82.06191577834893,103.88798953400001,357.4515285644531,2.0130274111458544,120.33906463290104
39.964848,-6.913391,295.0,2015-04-06 09:00:00,15.5,66,9.1,14.1,0.0,0.0,0.0,0.0,1,1013.8,979.1,43,0,31,80,0.19,0.6,8.4,11.7,97,99,20.5,14.9,14.4,13.6,10.8,0.262,0.285,0.308,0.353,1,3600.0,331.0,205.0,126.0,454.6,331.0,616.5,392.6,243.2,149.5,454.6,392.6,731.2,12.790908050254886,83.22804096354324,105.25627574200001,361.1955285644531,2.538969764831092,121.78725199716769
39.964848,-6.913391,295.0,2015-04-06 10:00:00,16.8,60,9.1,14.9,0.0,0.0,0.0,0.0,2,1015.0,980.4,74,0,75,98,0.26,0.76,11.4,15.6,118,116,26.3,16.1,14.5,13.6,10.8,0.261,0.285,0.308,0.353,1,3600.0,433.0,224.0,209.0,368.1,433.0,831.8,480.9,248.8,232.1,368.1,480.9,923.8,16.606902868674226,84.58122616408184,106.99208886200002,365.17352856445314,3.5345842226053357,123.51362360149432
39.964848,-6.913391,295.0,2015-04-06 11:00:00,17.9,54,8.4,15.7,0.0,0.0,0.0,0.0,3,1015.3,980.9,82,0,88,97,0.32,0.95,12.5,17.0,123,122,29.5,17.3,14.6,13.6,10.8,0.261,0.284,0.308,0.353,1,3600.0,515.0,226.0,289.0,309.8,515.0,997.2,547.5,240.2,307.2,309.8,547.5,1060.0,19.93037531145837,85.90387355225499,109.11094454200001,369.3495285644531,4.4853264504359585,125.52059899832273
39.964848,-6.913391,295.0,2015-04-06 12:00:00,18.9,50,8.2,17.2,0.0,0.0,0.0,0.0,3,1014.9,980.6,83,0,89,99,0.39,1.1,11.1,14.7,126,126,31.3,18.4,14.8,13.6,10.8,0.26,0.284,0.308,0.353,1,3600.0,617.0,296.0,321.0,367.4,617.0,1101.2,633.5,303.9,329.6,367.4,633.5,1130.7,1.1645259857177734,57.00912094116211,38.79545211791992,267.2484130859375,0.5076735615730286,56.84177017211914
39.964848,-6.913391,295.0,2015-04-06 13:00:00,19.6,48,8.4,18.2,0.0,0.0,0.0,0.0,2,1014.5,980.3,79,0,83,98,0.39,1.19,9.0,11.6,127,126,31.0,19.2,15.1,13.6,10.8,0.259,0.284,0.308,0.353,1,3600.0,600.0,238.0,362.0,286.2,600.0,1136.9,596.9,236.8,360.1,286.2,596.9,1131.0,5.417545639232299,78.67527618756844,41.40499016591992,271.7304130859375,1.5727807387083226,59.96646666140613
39.964848,-6.913391,295.0,2015-04-06 14:00:00,20.2,47,8.6,18.8,0.0,0.0,0.0,0.0,2,1014.1,980.0,77,0,80,98,0.36,1.25,7.0,8.9,125,122,27.7,19.7,15.3,13.6,10.8,0.259,0.283,0.308,0.353,1,3600.0,552.0,185.0,367.0,229.5,552.0,1101.8,531.5,178.1,353.4,229.5,531.5,1060.9,10.620310976540134,85.48835644181919,44.14180501391992,276.3204130859375,3.2080112358657358,63.0880410785608
39.964848,-6.913391,295.0,2015-04-06 15:00:00,20.3,48,8.9,19.1,0.0,0.0,0.0,0.0,2,1013.9,979.8,74,0,73,100,0.32,1.25,6.9,8.9,133,130,24.1,20.0,15.6,13.6,10.8,0.258,0.283,0.308,0.353,1,3600.0,474.0,163.0,311.0,223.2,474.0,998.3,439.3,151.1,288.2,223.2,439.3,925.3,13.210830408017369,87.20447276443524,46.83958830991992,280.9284130859375,4.066030565744523,66.1189242100407
39.964848,-6.913391,295.0,2015-04-06 16:00:00,20.2,49,9.0,19.0,0.0,0.0,0.0,0.0,3,1013.7,979.6,88,0,98,99,0.27,1.22,6.7,8.7,144,142,21.6,19.8,15.8,13.6,10.8,0.258,0.283,0.308,0.353,1,3600.0,389.0,129.0,260.0,211.5,389.0,833.6,342.2,113.5,228.7,211.5,342.2,733.3,13.898204599090029,87.50808750769129,49.473127125919916,285.5184130859375,4.203542469263237,69.03932676985528
39.964848,-6.913391,295.0,2015-04-06 17:00:00,19.9,50,9.2,19.1,0.0,0.0,0.0,0.0,3,1014.0,979.8,80,0,97,73,0.19,1.16,4.6,5.8,162,158,18.4,19.4,16.0,13.6,10.8,0.258,0.283,0.308,0.353,1,3600.0,281.0,92.0,189.0,203.2,281.0,618.8,226.2,74.1,152.2,203.2,226.2,498.2,13.160024458013822,87.55662227855679,52.018663125919915,290.0544130859375,3.8077770088729235,71.83148936113469
39.964848,-6.913391,295.0,2015-04-06 18:00:00,18.9,65,12.1,19.1,0.0,0.0,0.0,0.0,2,1014.2,979.9,58,0,65,64,0.09,0.77,3.4,4.3,198,204,14.0,18.5,16.1,13.6,10.8,0.259,0.283,0.308,0.353,1,3204.11,134.0,45.0,89.0,166.8,134.0,368.7,85.8,28.8,57.0,166.8,85.8,236.0,11.393682177146514,86.57579573154494,53.715687125919914,294.4104130859375,3.1172633259781284,73.77873222194957
39.964848,-6.913391,295.0,2015-04-06 19:00:00,17.5,62,10.1,17.1,0.1,0.1,0.0,0.0,51,1014.9,980.4,87,0,99,92,0.03,0.76,3.0,4.1,194,195,9.4,17.3,16.1,13.6,10.8,0.261,0.283,0.308,0.353,0,77.82,34.0,8.0,26.0,65.1,34.0,108.2,0.0,0.0,0.0,0.0,0.0,0.0,11.315820453520615,86.52384067387325,55.42919650191991,298.51441308593746,3.032673348789223,75.71215229390022
39.964848,-6.913391,295.0,2015-04-06 20:00:00,16.2,76,11.9,16.7,0.1,0.1,0.0,0.0,51,1015.9,981.2,82,0,88,98,0.0,0.45,0.8,1.4,117,90,6.8,16.4,16.1,13.6,10.8,0.263,0.282,0.308,0.353,0,0.0,0.0,0.0,0.0,0.0,0.0,0.0,0.0,0.0,0.0,0.0,0.0,0.0,8.3296566445834,84.61985013998209,56.43577416591991,302.38441308593747,2.082799993220842,76.96191559391957
39.964848,-6.913391,295.0,2015-04-06 21:00:00,15.6,77,11.6,15.9,0.0,0.0,0.0,0.0,3,1016.7,981.9,87,0,96,97,0.0,0.41,1.9,3.6,68,84,6.8,15.6,16.0,13.6,10.8,0.265,0.282,0.308,0.353,0,0.0,0.0,0.0,0.0,0.0,0.0,0.0,0.0,0.0,0.0,0.0,0.0,0.0,7.971436255009662,83.751215374817,57.36695547791991,306.14641308593747,1.9593457880668503,78.13212531640431
39.964848,-6.913391,295.0,2015-04-06 22:00:00,14.4,85,11.9,14.2,0.0,0.0,0.0,0.0,1,1017.3,982.4,25,0,16,52,0.0,0.25,5.2,9.4,65,86,7.2,15.0,15.9,13.6,10.8,0.267,0.282,0.308,0.353,0,0.0,0.0,0.0,0.0,0.0,0.0,0.0,0.0,0.0,0.0,0.0,0.0,0.0,7.465047418281741,81.79166841755566,57.930609877919906,309.69241308593746,1.8066213966235287,78.94355492526365
39.964848,-6.913391,295.0,2015-04-06 23:00:00,13.7,83,10.8,13.2,0.0,0.0,0.0,0.0,0,1016.7,981.7,9,0,0,30,0.0,0.27,5.4,12.1,48,73,8.3,14.4,15.8,13.6,10.8,0.267,0.282,0.308,0.353,0,0.0,0.0,0.0,0.0,0.0,0.0,0.0,0.0,0.0,0.0,0.0,0.0,0.0,7.446228727534436,81.61716044920131,58.54056878991991,313.1124130859375,1.7874383818288049,79.78768886048277
39.964848,-6.913391,295.0,2015-04-07 00:00:00,12.4,86,10.2,11.9,0.0,0.0,0.0,0.0,0,1016.9,981.8,19,0,22,19,0.0,0.2,4.2,8.7,31,73,9.4,13.5,15.6,13.6,10.8,0.268,0.282,0.308,0.353,0,0.0,0.0,0.0,0.0,0.0,0.0,0.0,0.0,0.0,0.0,0.0,0.0,0.0,6.495228343268906,80.8003608242261,58.99876526991991,316.29841308593745,1.5318387783590972,80.47177180226431
39.964848,-6.913391,295.0,2015-04-07 01:00:00,11.6,89,9.8,10.9,0.0,0.0,0.0,0.0,1,1017.3,982.0,24,0,36,8,0.0,0.15,4.4,9.6,35,77,10.1,13.0,15.4,13.7,10.8,0.268,0.282,0.308,0.353,0,0.0,0.0,0.0,0.0,0.0,0.0,0.0,0.0,0.0,0.0,0.0,0.0,0.0,5.909559625911073,79.7226117509723,59.33744277391991,319.3404130859374,1.3795750685213426,81.03267452262561
39.964848,-6.913391,295.0,2015-04-07 02:00:00,11.0,89,9.3,9.8,0.0,0.0,0.0,0.0,0,1017.1,981.8,12,0,17,6,0.0,0.15,7.4,16.5,47,79,11.2,12.5,15.2,13.7,10.8,0.271,0.282,0.308,0.353,0,0.0,0.0,0.0,0.0,0.0,0.0,0.0,0.0,0.0,0.0,0.0,0.0,0.0,6.591048704805875,79.31021033661813,59.66011976591991,322.27441308593745,1.5402883996659658,81.56946198346998
39.964848,-6.913391,295.0,2015-04-07 03:00:00,11.8,85,9.3,10.0,0.0,0.0,0.0,0.0,0,1017.5,982.3,7,1,9,2,0.01,0.21,11.4,25.2,72,87,15.8,12.4,15.0,13.7,10.8,0.272,0.282,0.308,0.353,0,0.0,0.0,0.0,0.0,0.0,0.0,0.0,0.0,0.0,0.0,0.0,0.0,0.0,7.991971803739451,79.35603857550416,60.129225685919906,325.3524130859374,1.8926913032274497,82.25435031848194
39.964848,-6.913391,295.0,2015-04-07 04:00:00,12.5,76,8.5,9.9,0.0,0.0,0.0,0.0,0,1017.8,982.6,11,7,7,1,0.03,0.34,15.2,29.5,86,91,24.1,12.4,14.8,13.7,10.8,0.272,0.282,0.308,0.353,0,0.0,0.0,0.0,0.0,0.0,0.0,0.0,0.0,0.0,0.0,0.0,0.0,0.0,10.594487897372025,80.60585245160514,60.92052373391991,328.55641308593744,2.6097488417244445,83.25052433626156
39.964848,-6.913391,295.0,2015-04-07 05:00:00,12.3,72,7.3,9.4,0.0,0.0,0.0,0.0,0,1018.3,983.1,8,4,6,3,0.03,0.41,15.1,28.8,87,91,28.4,12.2,14.6,13.7,10.8,0.272,0.282,0.308,0.353,0,0.0,0.0,0.0,0.0,0.0,0.0,0.0,0.0,0.0,0.0,0.0,0.0,0.0,11.71437173992857,81.64275571336705,61.83012859791991,331.72441308593744,2.9229562908012716,84.35358550156799
39.964848,-6.913391,295.0,2015-04-07 06:00:00,11.6,70,6.4,8.7,0.0,0.0,0.0,0.0,0,1018.9,983.6,13,2,6,25,0.03,0.41,14.1,27.4,86,91,29.2,11.9,14.4,13.7,10.9,0.272,0.282,0.308,0.353,0,0.0,0.0,0.0,0.0,0.0,0.0,0.0,0.0,0.0,0.0,0.0,0.0,0.0,11.996801205131804,82.2254783081227,62.75379451791991,334.7664130859374,2.981764603832368,85.45845324296826
39.964848,-6.913391,295.0,2015-04-07 07:00:00,11.8,69,6.3,8.8,0.0,0.0,0.0,0.0,0,1019.7,984.4,9,1,2,22,0.05,0.43,14.4,26.3,89,93,29.2,12.0,14.3,13.7,10.9,0.272,0.282,0.308,0.353,1,1857.28,48.0,28.0,20.0,225.8,48.0,109.8,104.7,61.1,43.6,348.5,67.8,239.3,12.698206294509276,82.59791033308151,63.72328008591991,337.8444130859374,3.170371050366329,86.60742630961644
39.964848,-6.913391,295.0,2015-04-07 08:00:00,13.0,64,6.3,9.8,0.0,0.0,0.0,0.0,0,1020.1,984.9,11,0,1,33,0.13,0.55,15.5,23.9,95,97,33.5,13.0,14.2,13.6,10.9,0.272,0.282,0.308,0.353,1,3600.0,219.0,157.0,62.0,576.2,219.0,372.3,295.2,211.6,83.6,576.2,295.2,501.8,14.577477850201229,83.45208934414288,64.95386491791992,341.1384130859374,3.7383016950735866,88.0128815750605
39.964848,-6.913391,295.0,2015-04-07 09:00:00,14.5,55,5.6,10.7,0.0,0.0,0.0,0.0,0,1020.5,985.5,10,0,0,32,0.23,0.74,18.4,26.2,102,103,41.0,14.5,14.2,13.6,10.9,0.271,0.282,0.308,0.353,1,3600.0,411.0,330.0,81.0,724.2,411.0,622.5,486.6,390.7,95.9,724.2,486.6,737.1,19.316122320192264,85.0475811088785,66.65573755791992,344.7024130859374,5.36080379490903,89.86707331669568
39.964848,-6.913391,295.0,2015-04-07 10:00:00,15.9,46,4.4,12.1,0.0,0.0,0.0,0.0,0,1020.3,985.5,9,0,0,29,0.34,0.98,18.9,26.6,103,103,44.6,16.0,14.3,13.6,10.9,0.271,0.282,0.307,0.353,1,3600.0,596.0,498.0,98.0,812.5,596.0,837.4,661.3,552.5,108.7,812.5,661.3,929.1,23.93924566744334,86.87456009695555,68.88126331791992,348.51841308593737,7.102063975024741,92.20431763278434
39.964848,-6.913391,295.0,2015-04-07 11:00:00,17.3,38,3.0,14.0,0.0,0.0,0.0,0.0,0,1019.7,985.0,0,0,0,0,0.44,1.22,19.3,26.6,104,103,46.1,17.4,14.5,13.6,10.9,0.27,0.282,0.307,0.353,1,3600.0,760.0,662.0,98.0,902.4,760.0,1002.2,807.5,703.4,104.1,902.4,807.5,1064.9,29.423305480958835,88.67230009447508,71.64692757391991,352.58641308593735,9.37156104447873,95.02183897001919
39.964848,-6.913391,295.0,2015-04-07 12:00:00,18.4,32,1.3,15.0,0.0,0.0,0.0,0.0,0,1019.3,984.8,0,0,0,0,0.5,1.45,19.8,27.2,106,105,46.4,18.6,14.7,13.6,10.9,0.268,0.281,0.307,0.353,1,3600.0,828.0,724.0,104.0,894.5,828.0,1105.8,849.9,743.2,106.8,894.5,849.9,1135.1,1.2920472621917725,60.09566116333008,18.391117095947266,222.66030883789062,0.8888458609580994,30.46966552734375
39.964848,-6.913391,295.0,2015-04-07 13:00:00,19.4,27,-0.2,16.0,0.0,0.0,0.0,0.0,0,1018.7,984.3,4,2,3,0,0.56,1.65,20.0,27.8,108,107,46.8,19.6,15.0,13.6,10.9,0.267,0.281,0.307,0.353,1,3600.0,888.0,783.0,105.0,937.4,888.0,1141.1,883.3,778.9,104.4,937.4,883.3,1135.1,13.371056998599386,85.77440218132699,22.019111975947265,227.10630883789062,6.427653417671234,35.44644181062643
39.964848,-6.913391,295.0,2015-04-07 14:00:00,19.9,26,-0.4,16.3,0.0,0.0,0.0,0.0,0,1018.5,984.2,1,1,0,0,0.56,1.74,20.4,28.4,111,110,47.2,20.2,15.3,13.6,10.9,0.266,0.28,0.307,0.353,1,3600.0,862.0,758.0,104.0,936.5,862.0,1105.7,830.1,729.9,100.1,936.5,830.1,1064.8,25.223152638822267,91.04443978056473,25.786505255947265,231.64230883789062,13.913180213408774,40.34496924186772
39.964848,-6.913391,295.0,2015-04-07 15:00:00,20.1,27,0.4,16.2,0.0,0.0,0.0,0.0,0,1018.2,983.9,0,0,0,0,0.51,1.73,20.7,28.7,113,112,46.8,20.4,15.6,13.7,10.9,0.265,0.28,0.307,0.353,1,3600.0,773.0,684.0,89.0,932.4,773.0,1002.1,716.6,634.1,82.5,932.4,716.6,929.0,28.62521682444043,91.69184151353092,29.538382887947265,236.21430883789063,15.486374167911235,45.00666136154108
39.964848,-6.913391,295.0,2015-04-07 16:00:00,20.0,29,1.6,15.7,0.0,0.0,0.0,0.0,0,1018.3,984.0,5,0,0,16,0.44,1.66,20.0,27.9,113,114,45.4,20.3,15.8,13.7,10.9,0.264,0.28,0.307,0.353,1,3600.0,638.0,560.0,78.0,913.6,638.0,837.4,561.6,493.0,68.7,913.6,561.6,737.1,29.35481209748795,91.74175755222646,33.170256679947265,240.76830883789063,15.055787382181949,49.34504701914745
39.964848,-6.913391,295.0,2015-04-07 17:00:00,19.7,32,2.5,15.2,0.0,0.0,0.0,0.0,1,1018.3,984.0,26,0,4,79,0.34,1.56,18.9,26.7,111,111,43.9,19.7,16.0,13.7,10.9,0.263,0.279,0.307,0.353,1,3600.0,450.0,373.0,77.0,818.3,450.0,622.7,362.9,300.8,62.1,818.3,362.9,502.2,29.49212593763465,91.79169007071944,36.59921488794726,245.26830883789063,14.345091257664729,53.31071614158139
39.964848,-6.913391,295.0,2015-04-07 18:00:00,19.0,35,3.2,15.1,0.0,0.0,0.0,0.0,1,1018.6,984.2,36,0,10,100,0.21,1.43,15.9,24.4,103,104,40.3,18.7,16.1,13.7,10.9,0.262,0.279,0.306,0.353,1,3600.0,232.0,157.0,75.0,575.3,232.0,372.8,149.5,101.2,48.3,575.3,149.5,240.2,26.820581601156807,91.54879691274196,39.766588967947264,249.64230883789062,11.915001291655358,56.88109635170555
39.964848,-6.913391,295.0,2015-04-07 19:00:00,17.3,40,3.7,13.8,0.0,0.0,0.0,0.0,1,1018.6,984.0,38,0,15,98,0.11,1.18,13.8,24.5,83,87,32.8,17.5,16.2,13.7,10.9,0.262,0.279,0.306,0.353,0,1872.2,47.0,24.0,23.0,192.9,47.0,110.3,0.0,0.0,0.0,0.0,0.0,0.0,23.303473043753975,90.61650091152816,42.443038247947264,253.71030883789064,9.386006243374869,59.853810544156815
39.964848,-6.913391,295.0,2015-04-07 20:00:00,16.4,40,2.8,12.4,0.0,0.0,0.0,0.0,1,1019.1,984.4,37,0,17,90,0.11,1.12,16.1,29.2,74,80,30.6,16.5,16.1,13.7,10.9,0.262,0.279,0.306,0.353,0,0.0,0.0,0.0,0.0,0.0,0.0,0.0,0.0,0.0,0.0,0.0,0.0,0.0,24.916022359255393,90.2429469166465,44.98857424794726,257.61630883789064,9.991253160766174,62.63266271957511
39.964848,-6.913391,295.0,2015-04-07 21:00:00,15.9,39,2.0,11.3,0.0,0.0,0.0,0.0,1,1019.8,985.0,35,2,19,74,0.12,1.1,18.9,33.5,82,86,37.1,15.9,16.1,13.7,10.9,0.262,0.279,0.306,0.353,0,0.0,0.0,0.0,0.0,0.0,0.0,0.0,0.0,0.0,0.0,0.0,0.0,0.0,27.95384030206015,90.20681801943314,47.502594087947266,261.4323088378906,11.445898589156297,65.32918929911712
39.964848,-6.913391,295.0,2015-04-07 22:00:00,15.4,40,1.8,10.5,0.0,0.0,0.0,0.0,1,1020.6,985.7,42,1,26,85,0.13,1.05,20.9,36.0,89,91,42.1,15.5,16.0,13.7,10.9,0.262,0.279,0.306,0.353,0,0.0,0.0,0.0,0.0,0.0,0.0,0.0,0.0,0.0,0.0,0.0,0.0,0.0,29.9093643662427,90.0024421810092,49.90267088794727,265.1583088378906,12.294439283696677,67.87175816413396
39.964848,-6.913391,295.0,2015-04-07 23:00:00,14.7,42,2.0,9.7,0.0,0.0,0.0,0.0,1,1021.2,986.2,42,2,27,79,0.12,0.97,22.0,37.3,94,96,44.3,15.1,15.9,13.7,10.9,0.262,0.279,0.306,0.353,0,0.0,0.0,0.0,0.0,0.0,0.0,0.0,0.0,0.0,0.0,0.0,0.0,0.0,30.36301000782544,89.59822304784473,52.124317735947265,268.75830883789064,12.26355091124444,70.20760751704722
39.964848,-6.913391,295.0,2015-04-08 00:00:00,13.9,45,2.1,8.8,0.0,0.0,0.0,0.0,1,1021.4,986.3,40,1,31,69,0.12,0.88,22.5,37.5,96,99,44.6,14.7,15.8,13.7,10.9,0.262,0.279,0.306,0.353,0,0.0,0.0,0.0,0.0,0.0,0.0,0.0,0.0,0.0,0.0,0.0,0.0,0.0,29.58592986621595,89.004705019452,54.12438173594727,272.21430883789066,11.549562810284527,72.30683590333612
39.964848,-6.913391,295.0,2015-04-08 01:00:00,13.0,48,2.2,8.1,0.0,0.0,0.0,0.0,1,1021.9,986.7,34,9,25,36,0.1,0.78,21.7,36.0,96,98,44.3,14.3,15.7,13.7,10.9,0.261,0.279,0.306,0.353,0,0.0,0.0,0.0,0.0,0.0,0.0,0.0,0.0,0.0,0.0,0.0,0.0,0.0,27.38286306300947,88.36398730116647,55.901893159947264,275.50830883789064,10.118536945121516,74.17677229778431
39.964848,-6.913391,295.0,2015-04-08 02:00:00,12.1,51,2.2,7.3,0.0,0.0,0.0,0.0,0,1021.8,986.5,19,9,15,8,0.09,0.7,21.0,34.8,95,97,42.1,13.8,15.5,13.7,10.9,0.261,0.279,0.306,0.353,0,0.0,0.0,0.0,0.0,0.0,0.0,0.0,0.0,0.0,0.0,0.0,0.0,0.0,25.35307129862648,87.71805677048596,57.469943335947264,278.64030883789064,8.904266012067746,75.83645582534393
39.964848,-6.913391,295.0,2015-04-08 03:00:00,11.3,53,2.2,6.7,0.0,0.0,0.0,0.0,0,1022.0,986.5,15,6,12,9,0.08,0.63,19.9,33.7,95,97,41.0,13.3,15.3,13.7,10.9,0.261,0.279,0.306,0.353,0,0.0,0.0,0.0,0.0,0.0,0.0,0.0,0.0,0.0,0.0,0.0,0.0,0.0,23.417440552303276,87.21011548203613,58.88283703194726,281.62830883789064,7.834536477352363,77.34004122821794
39.964848,-6.913391,295.0,2015-04-08 04:00:00,10.6,56,2.2,6.1,0.0,0.0,0.0,0.0,1,1022.3,986.7,25,4,26,18,0.07,0.56,18.8,32.0,97,98,39.6,12.8,15.1,13.7,10.9,0.261,0.279,0.306,0.353,0,0.0,0.0,0.0,0.0,0.0,0.0,0.0,0.0,0.0,0.0,0.0,0.0,0.0,21.431741926008527,86.63258910889685,60.13087696794726,284.49030883789067,6.827830278122995,78.68428345143236
39.964848,-6.913391,295.0,2015-04-08 05:00:00,10.1,58,2.3,5.7,0.0,0.0,0.0,0.0,2,1022.5,986.9,54,6,61,41,0.06,0.52,18.8,31.3,97,99,38.9,12.4,15.0,13.7,10.9,0.261,0.279,0.306,0.353,0,0.0,0.0,0.0,0.0,0.0,0.0,0.0,0.0,0.0,0.0,0.0,0.0,0.0,20.624840841697125,86.17236004329368,61.27127709594726,287.26230883789066,6.39801924924835,79.92420524896062
39.964848,-6.913391,295.0,2015-04-08 06:00:00,9.8,60,2.5,5.4,0.0,0.0,0.0,0.0,2,1022.9,987.2,69,3,77,67,0.06,0.48,18.8,31.6,94,97,38.5,12.2,14.8,13.7,10.9,0.261,0.279,0.306,0.353,0,0.0,0.0,0.0,0.0,0.0,0.0,0.0,0.0,0.0,0.0,0.0,0.0,0.0,19.937814120289456,85.76702109710934,62.328280615947264,289.9803088378907,6.044262289351742,81.08538851014151
39.964848,-6.913391,295.0,2015-04-08 07:00:00,10.1,62,3.2,6.2,0.0,0.0,0.0,0.0,2,1022.9,987.3,70,9,79,49,0.07,0.47,16.2,28.5,90,93,38.5,12.2,14.6,13.7,10.9,0.261,0.279,0.306,0.353,1,52.81,27.0,8.0,19.0,63.3,27.0,113.1,58.7,17.4,41.3,96.6,38.5,246.0,17.663593835952963,85.44645277519325,63.360071207947264,292.75230883789067,5.070378457328513,82.22854877050857
39.964848,-6.913391,295.0,2015-04-08 08:00:00,10.8,61,3.6,6.4,0.0,0.0,0.0,0.0,2,1023.0,987.4,54,13,60,21,0.11,0.5,19.8,30.3,93,94,42.5,12.7,14.5,13.7,10.9,0.261,0.279,0.306,0.353,1,2527.18,120.0,40.0,80.0,144.2,120.0,378.7,161.0,53.7,107.3,144.2,161.0,508.0,20.434010547078394,85.49430689663976,64.48519811994727,295.6503088378907,6.119440082081952,83.46071381511635
39.964848,-6.913391,295.0,2015-04-08 09:00:00,12.2,56,3.7,7.6,0.0,0.0,0.0,0.0,2,1022.7,987.3,51,10,58,24,0.19,0.62,21.5,31.0,99,99,47.5,13.7,14.4,13.7,10.9,0.261,0.279,0.306,0.353,1,3600.0,333.0,223.0,110.0,484.5,333.0,628.5,393.6,263.6,130.0,484.5,393.6,742.8,22.041077898797305,85.542176817141,65.90391018394727,298.80030883789067,6.711306738705648,84.96032934509181
39.964848,-6.913391,295.0,2015-04-08 10:00:00,13.5,51,3.5,9.2,0.0,0.0,0.0,0.0,2,1022.7,987.5,68,12,63,65,0.27,0.76,19.8,28.2,100,100,48.6,14.8,14.4,13.7,10.9,0.26,0.278,0.306,0.353,1,3600.0,499.0,316.0,183.0,511.9,499.0,842.9,553.1,350.3,202.9,511.9,553.1,934.3,21.962916332221734,86.00902625189127,67.63826871194728,302.1843088378907,6.575897788534731,86.73919675059977
39.964848,-6.913391,295.0,2015-04-08 11:00:00,14.6,46,3.2,10.5,0.0,0.0,0.0,0.0,3,1022.2,987.1,99,18,89,98,0.34,0.89,19.3,27.1,104,104,48.6,15.8,14.5,13.7,10.9,0.26,0.278,0.306,0.353,1,3600.0,613.0,386.0,227.0,523.3,613.0,1007.2,651.0,409.9,241.1,523.3,651.0,1069.6,23.928821172541845,86.92253405615973,69.69360720794728,305.7663088378907,7.296251790514623,88.79142714370171
39.964848,-6.913391,295.0,2015-04-08 12:00:00,14.8,45,3.1,10.5,0.0,0.0,0.0,0.0,3,1022.0,987.0,100,27,98,100,0.3,0.92,18.3,25.5,110,109,47.9,16.1,14.6,13.7,10.9,0.259,0.278,0.306,0.353,1,3600.0,490.0,170.0,320.0,209.0,490.0,1110.4,502.8,174.5,328.4,209.0,502.8,1139.5,2.7303359508514404,67.45658874511719,16.95170021057129,226.36126708984375,1.4386355876922607,28.48403549194336
39.964848,-6.913391,295.0,2015-04-08 13:00:00,15.0,46,3.3,10.9,0.0,0.0,0.0,0.0,3,1021.7,986.7,96,7,100,100,0.3,0.93,17.6,24.6,116,115,45.0,16.4,14.7,13.7,10.9,0.258,0.278,0.306,0.353,1,1919.52,463.0,104.0,359.0,124.0,463.0,1145.3,460.5,103.4,357.1,124.0,460.5,1139.1,7.290229532310071,81.79726045562799,19.05940401857129,230.01526708984375,3.3769177333057723,31.577427571716406
39.964848,-6.913391,295.0,2015-04-08 14:00:00,14.9,47,3.7,11.1,0.0,0.0,0.0,0.0,3,1021.9,986.9,92,4,98,100,0.26,0.9,16.4,23.2,119,118,42.1,16.4,14.8,13.7,10.9,0.258,0.278,0.306,0.353,1,0.0,392.0,45.0,347.0,55.4,392.0,1109.6,377.5,43.3,334.2,55.4,377.5,1068.6,11.282176617452977,85.69009527540997,21.11522737857129,233.65126708984374,5.298509883980803,34.447780174162546
39.964848,-6.913391,295.0,2015-04-08 15:00:00,14.4,50,4.2,11.2,0.0,0.0,0.0,0.0,3,1022.4,987.3,100,12,100,100,0.21,0.82,12.6,18.7,117,118,39.2,16.1,14.8,13.7,10.9,0.258,0.277,0.306,0.353,1,0.0,294.0,26.0,268.0,35.3,294.0,1005.9,272.6,24.1,248.5,35.3,272.6,932.8,10.724855077261317,86.26105839186599,22.994075378571292,237.19726708984373,4.7401455793736,37.017010932187205
39.964848,-6.913391,295.0,2015-04-08 16:00:00,13.2,59,5.4,10.7,0.2,0.2,0.0,0.0,51,1022.3,987.1,100,22,100,99,0.12,0.62,9.3,15.7,103,106,34.6,15.3,14.8,13.7,10.9,0.26,0.277,0.306,0.353,1,0.0,136.0,1.0,135.0,1.6,136.0,841.1,119.8,0.9,118.9,1.6,119.8,740.9,9.655934290776425,86.29693084246382,24.415454194571293,240.52726708984375,4.034328920244093,38.94725777687816
39.964848,-6.913391,295.0,2015-04-08 17:00:00,12.0,72,7.2,9.7,0.5,0.5,0.0,0.0,53,1022.5,987.1,100,11,100,100,0.08,0.39,10.9,19.4,98,100,29.9,14.5,14.8,13.7,10.9,0.264,0.277,0.306,0.353,1,0.0,91.0,0.0,91.0,0.0,91.0,626.5,73.5,0.0,73.5,0.0,73.5,506.1,6.312323419841036,81.9342897723732,25.30469477057129,243.64126708984375,2.4493332372504533,40.177305640819675
39.964848,-6.913391,295.0,2015-04-08 18:00:00,11.4,78,7.8,9.3,0.5,0.5,0.0,0.0,53,1022.7,987.2,100,85,94,98,0.05,0.29,10.5,19.1,86,90,23.4,13.6,14.7,13.7,10.9,0.267,0.277,0.306,0.353,1,0.0,51.0,3.0,48.0,10.9,51.0,376.8,33.1,1.9,31.1,10.9,33.1,244.4,3.0549755987880123,73.75321051263546,25.971382770571292,246.64726708984375,1.221083004723044,41.11854736520567
39.964848,-6.913391,295.0,2015-04-08 19:00:00,10.4,81,7.3,8.3,0.2,0.2,0.0,0.0,51,1022.5,986.9,100,96,98,90,0.03,0.24,9.4,19.0,72,80,22.7,12.8,14.6,13.7,10.9,0.267,0.277,0.306,0.353,0,0.0,15.0,0.0,15.0,0.0,15.0,112.4,0.0,0.0,0.0,0.0,0.0,0.0,2.044418523905125,66.6961374382213,26.50109669057129,249.47326708984374,0.9022090802041441,41.880079488211805
39.964848,-6.913391,295.0,2015-04-08 20:00:00,10.3,81,7.1,8.2,0.0,0.0,0.0,0.0,3,1022.7,987.1,100,92,97,70,0.01,0.24,9.0,18.8,61,73,20.5,12.3,14.4,13.7,10.9,0.267,0.277,0.306,0.353,0,0.0,0.0,0.0,0.0,0.0,0.0,0.0,0.0,0.0,0.0,0.0,0.0,0.0,1.5586846783004191,63.13006200923017,27.02620440257129,252.28126708984374,0.7650295144397353,42.6341958602288
39.964848,-6.913391,295.0,2015-04-08 21:00:00,10.3,79,6.9,8.3,0.0,0.0,0.0,0.0,3,1022.7,987.1,100,96,98,33,0.01,0.26,8.9,18.4,58,73,20.2,12.1,14.2,13.7,10.9,0.267,0.277,0.306,0.353,0,0.0,0.0,0.0,0.0,0.0,0.0,0.0,0.0,0.0,0.0,0.0,0.0,0.0,1.413607902730346,62.06805360198874,27.60658661057129,255.08926708984373,0.7219103929164332,43.4558430470751
39.964848,-6.913391,295.0,2015-04-08 22:00:00,10.5,77,6.5,8.5,0.0,0.0,0.0,0.0,3,1022.8,987.2,100,98,95,9,0.01,0.3,7.8,17.4,56,72,18.7,12.0,14.1,13.7,11.0,0.267,0.277,0.306,0.353,0,0.0,0.0,0.0,0.0,0.0,0.0,0.0,0.0,0.0,0.0,0.0,0.0,0.0,1.2557921727922547,61.9842631246687,28.253395186571293,257.93326708984375,0.6799836843896834,44.35926894432583
39.964848,-6.913391,295.0,2015-04-08 23:00:00,10.7,74,6.2,8.8,0.0,0.0,0.0,0.0,3,1021.8,986.3,100,96,89,30,0.0,0.34,6.1,15.1,50,72,17.3,11.9,14.0,13.7,11.0,0.267,0.277,0.306,0.353,0,0.0,0.0,0.0,0.0,0.0,0.0,0.0,0.0,0.0,0.0,0.0,0.0,0.0,1.0171026488686181,62.382777585975425,28.997176562571294,260.81326708984375,0.6371790234148441,45.38078297302316
39.964848,-6.913391,295.0,2015-04-09 00:00:00,10.8,71,5.9,9.0,0.0,0.0,0.0,0.0,3,1021.8,986.3,100,96,85,47,0.0,0.37,5.3,14.6,62,81,15.1,11.9,13.8,13.7,11.0,0.268,0.277,0.306,0.353,0,0.0,0.0,0.0,0.0,0.0,0.0,0.0,0.0,0.0,0.0,0.0,0.0,0.0,1.12292144239253,63.18970625596297,29.833809394571293,263.7112670898438,0.6366978786669345,46.51261941011634
39.964848,-6.913391,295.0,2015-04-09 01:00:00,10.6,72,5.7,8.9,0.0,0.0,0.0,0.0,3,1021.7,986.2,100,100,90,44,0.0,0.36,4.9,13.7,73,92,12.6,11.7,13.7,13.7,11.0,0.269,0.277,0.306,0.353,0,0.0,0.0,0.0,0.0,0.0,0.0,0.0,0.0,0.0,0.0,0.0,0.0,0.0,1.0555218191562936,63.01761042746527,30.628016626571295,266.5732670898438,0.6189031203670751,47.58717568236592
39.964848,-6.913391,295.0,2015-04-09 02:00:00,10.3,73,5.7,8.6,0.0,0.0,0.0,0.0,3,1021.0,985.5,100,99,79,34,0.0,0.34,4.3,12.6,66,93,10.8,11.4,13.6,13.7,11.0,0.27,0.277,0.306,0.353,0,0.0,0.0,0.0,0.0,0.0,0.0,0.0,0.0,0.0,0.0,0.0,0.0,0.0,0.951203930073113,62.21207158958917,31.374222322571296,269.3812670898438,0.5768586025041224,48.59815401012511
39.964848,-6.913391,295.0,2015-04-09 03:00:00,10.4,74,5.9,8.8,0.0,0.0,0.0,0.0,3,1020.9,985.4,100,100,85,68,0.0,0.33,4.2,11.5,59,86,11.2,11.4,13.4,13.7,11.0,0.271,0.277,0.306,0.353,0,0.0,0.0,0.0,0.0,0.0,0.0,0.0,0.0,0.0,0.0,0.0,0.0,0.0,0.9233508146310991,61.48317616809291,32.0990940025713,272.2072670898438,0.5520424637170915,49.58140246290661
39.964848,-6.913391,295.0,2015-04-09 04:00:00,10.3,75,6.1,8.6,0.1,0.1,0.0,0.0,51,1021.0,985.5,100,94,78,86,0.0,0.32,5.6,14.1,75,96,12.6,11.3,13.3,13.7,11.0,0.273,0.277,0.306,0.353,0,0.0,0.0,0.0,0.0,0.0,0.0,0.0,0.0,0.0,0.0,0.0,0.0,0.0,0.9518142554489519,60.5518354108209,32.7900252025713,275.0152670898438,0.5614943603193098,50.52101851910652
39.964848,-6.913391,295.0,2015-04-09 05:00:00,10.2,76,6.1,8.3,0.1,0.1,0.0,0.0,51,1021.3,985.7,100,98,67,96,0.0,0.3,6.3,15.1,77,93,13.3,11.1,13.2,13.7,11.0,0.276,0.277,0.306,0.353,0,0.0,0.0,0.0,0.0,0.0,0.0,0.0,0.0,0.0,0.0,0.0,0.0,0.0,0.8948242571632216,59.16887081449255,32.15343277745637,277.8052670898438,0.5327391677239008,49.87532696620366
39.964848,-6.913391,295.0,2015-04-09 06:00:00,10.0,78,6.3,8.0,0.0,0.0,0.0,0.0,3,1021.6,986.0,100,100,76,100,0.01,0.28,8.0,17.0,85,95,16.2,10.9,13.0,13.7,11.0,0.277,0.277,0.306,0.353,1,0.0,0.0,0.0,0.0,0.0,0.0,0.0,0.0,0.0,0.0,0.0,0.0,0.0,0.9107048288244214,58.33794496328297,31.470860144977433,280.55926708984384,0.5478267761009515,49.15671701427399
39.964848,-6.913391,295.0,2015-04-09 07:00:00,9.8,87,7.7,7.8,0.5,0.5,0.0,0.0,53,1021.9,986.3,100,99,83,100,0.03,0.16,9.7,18.8,86,94,20.2,11.0,12.9,13.6,11.0,0.284,0.277,0.306,0.353,1,0.0,8.0,0.0,8.0,0.0,8.0,117.2,17.2,0.0,17.2,0.0,11.5,252.5,0.4154622341008716,49.94339752192428,28.150634778871893,283.27726708984386,0.26565759728274013,45.09740129210246
39.964848,-6.913391,295.0,2015-04-09 08:00:00,9.8,89,8.1,7.7,0.5,0.5,0.0,0.0,53,1022.4,986.7,100,97,95,97,0.04,0.14,11.5,20.2,86,92,23.8,11.1,12.8,13.6,11.0,0.289,0.277,0.306,0.353,1,0.0,47.0,0.0,47.0,0.0,47.0,385.0,62.8,0.0,62.8,0.0,62.8,514.1,0.11691444212380717,41.58839244077232,23.328072393264204,285.9952670898439,0.08312589858201881,38.75352286481332
39.964848,-6.913391,295.0,2015-04-09 09:00:00,10.1,89,8.4,8.0,0.5,0.5,0.0,0.0,53,1022.7,987.1,100,95,91,89,0.06,0.14,11.9,20.5,87,90,27.0,11.4,12.7,13.6,11.0,0.296,0.278,0.306,0.353,1,0.0,100.0,0.0,100.0,0.0,100.0,634.3,118.0,0.0,118.0,0.0,118.0,748.4,0.02955479230119589,35.43617259656938,17.998934251198857,283.5581476314871,0.024447430889208338,31.067778294115858
39.964848,-6.913391,295.0,2015-04-09 10:00:00,10.5,85,8.2,8.1,0.5,0.5,0.0,0.0,53,1023.4,987.8,100,92,75,75,0.09,0.19,13.3,20.2,92,93,29.9,11.8,12.7,13.6,11.0,0.302,0.278,0.305,0.353,1,0.0,174.0,25.0,149.0,40.2,174.0,848.2,192.7,27.7,165.0,40.2,192.7,939.4,0.024752655495402596,35.17992310862287,13.022285833931821,279.58936964424856,0.024748078964497225,23.328207757160992
39.964848,-6.913391,295.0,2015-04-09 11:00:00,11.3,83,8.6,8.9,0.3,0.3,0.0,0.0,51,1023.5,988.0,100,99,84,61,0.12,0.22,14.2,21.1,97,99,32.4,12.3,12.7,13.6,11.0,0.305,0.278,0.305,0.353,1,0.0,237.0,22.0,215.0,29.7,237.0,1012.1,251.6,23.4,228.2,29.7,251.6,1074.3,0.029642689836955383,36.744991536047,8.993064331042925,274.8629116921309,0.03666795395419226,16.626175571529778
39.964848,-6.913391,295.0,2015-04-09 12:00:00,11.7,82,8.6,9.3,0.4,0.4,0.0,0.0,51,1023.8,988.3,100,100,79,60,0.13,0.25,14.2,21.3,99,102,34.2,12.6,12.7,13.6,11.0,0.308,0.278,0.305,0.353,1,72.86,257.0,51.0,206.0,62.4,257.0,1114.8,263.7,52.3,211.3,62.4,263.7,1143.7,0.22265298664569855,48.72948455810547,9.819129943847656,209.2649383544922,0.2635433077812195,17.684436798095703
39.964848,-6.913391,295.0,2015-04-09 13:00:00,12.4,78,8.7,9.7,0.0,0.0,0.0,0.0,3,1023.0,987.6,100,88,58,49,0.15,0.32,16.2,23.3,103,103,33.8,13.1,12.7,13.6,11.0,0.308,0.278,0.305,0.353,1,0.0,272.0,38.0,234.0,45.1,272.0,1149.4,270.5,37.8,232.7,45.1,270.5,1143.0,0.13856899896094294,45.65183806395477,6.6021415574480775,204.88665082423702,0.20551447888092017,12.219869219730159
39.964848,-6.913391,295.0,2015-04-09 14:00:00,13.5,73,8.7,10.9,0.0,0.0,0.0,0.0,3,1022.5,987.3,100,85,53,56,0.2,0.42,15.3,21.5,99,100,35.6,14.1,12.8,13.6,11.0,0.308,0.278,0.305,0.353,1,2869.22,366.0,127.0,239.0,155.6,366.0,1113.4,352.5,122.3,230.2,155.6,352.5,1072.3,0.1567425524948744,48.16162180350113,4.5750002577296405,200.7879429742557,0.2804789137116725,8.65687803680296
39.964848,-6.913391,295.0,2015-04-09 15:00:00,13.4,73,8.6,10.9,0.2,0.2,0.0,0.0,51,1022.0,986.8,100,85,53,60,0.18,0.42,14.9,20.7,98,98,34.6,14.3,12.9,13.6,11.0,0.311,0.278,0.305,0.353,1,1241.17,314.0,75.0,239.0,101.4,314.0,1009.5,291.3,69.6,221.7,101.4,291.3,936.4,0.12850159273885067,48.14783363218032,3.14322178895263,196.21725361708295,0.27437581919674525,6.044379917508497
39.964848,-6.913391,295.0,2015-04-09 16:00:00,13.5,71,8.3,11.0,0.0,0.0,0.0,0.0,3,1021.1,985.9,100,91,69,63,0.17,0.45,14.7,20.5,101,100,32.0,14.0,13.0,13.6,11.0,0.311,0.278,0.305,0.353,1,3094.35,301.0,101.0,200.0,163.1,301.0,844.7,265.3,89.0,176.3,163.1,265.3,744.6,0.1267919881250812,49.168191467906134,2.2797655093079063,191.75385968343807,0.31029528592486555,4.42792188683382
39.964848,-6.913391,295.0,2015-04-09 17:00:00,12.9,75,8.6,10.7,0.0,0.0,0.0,0.0,3,1021.4,986.2,100,58,75,66,0.11,0.37,12.9,18.9,108,108,33.5,13.8,13.1,13.5,11.0,0.312,0.278,0.305,0.353,1,1966.82,180.0,58.0,122.0,125.6,180.0,630.3,145.6,46.9,98.7,125.6,145.6,510.0,0.06988115936186537,46.4882121912457,1.5645392427269091,187.78665992574577,0.1968895614875641,3.0652337155692844
39.964848,-6.913391,295.0,2015-04-09 18:00:00,12.4,79,9.0,10.6,0.1,0.1,0.0,0.0,51,1021.1,985.8,76,30,55,53,0.07,0.3,11.2,18.4,90,91,28.8,13.3,13.1,13.5,11.0,0.313,0.278,0.305,0.353,1,887.04,106.0,25.0,81.0,89.6,106.0,380.8,69.2,16.3,52.9,89.6,69.2,248.5,0.032971851159272904,43.16471139928317,0.9767494906297884,184.82815876172586,0.10758559756380033,1.9280266845239755
39.964848,-6.913391,295.0,2015-04-09 19:00:00,11.4,83,8.6,9.6,0.0,0.0,0.0,0.0,2,1021.5,986.1,73,36,40,55,0.03,0.24,10.1,19.1,88,89,23.8,12.6,13.1,13.5,11.0,0.314,0.278,0.305,0.353,0,565.06,33.0,12.0,21.0,94.1,33.0,114.4,0.0,0.0,0.0,0.0,0.0,0.0,0.014450565620397591,39.72358801995395,0.515168,183.01376744963798,0.05478490383344132,1.0231359012950838
39.964848,-6.913391,295.0,2015-04-09 20:00:00,10.8,85,8.4,9.0,0.1,0.1,0.0,0.0,51,1022.0,986.5,91,58,38,53,0.0,0.19,9.4,19.4,83,91,19.4,12.0,13.0,13.5,11.0,0.316,0.279,0.305,0.353,0,0.0,0.0,0.0,0.0,0.0,0.0,0.0,0.0,0.0,0.0,0.0,0.0,0.0,0.006951127548706364,36.485387626270615,0.4327411200000001,181.36824144430335,0.02721368213982625,0.8603502920633742
39.964848,-6.913391,295.0,2015-04-09 21:00:00,10.5,87,8.3,8.6,0.2,0.2,0.0,0.0,51,1022.6,987.0,100,97,36,31,0.0,0.17,9.7,20.0,88,97,20.5,11.6,12.9,13.5,11.0,0.32,0.279,0.305,0.353,0,0.0,0.0,0.0,0.0,0.0,0.0,0.0,0.0,0.0,0.0,0.0,0.0,0.0,0.002866176099793275,32.74641628455906,0.3655874559999999,179.1791355874241,0.011538889755973782,0.7274642150091875
39.964848,-6.913391,295.0,2015-04-09 22:00:00,10.3,88,8.3,8.6,0.2,0.2,0.0,0.0,51,1022.6,987.0,93,81,24,20,0.0,0.15,8.8,17.7,81,94,20.5,11.4,12.9,13.5,11.0,0.323,0.279,0.305,0.353,0,0.0,0.0,0.0,0.0,0.0,0.0,0.0,0.0,0.0,0.0,0.0,0.0,0.0,0.0010338682099443508,29.139513668774143,0.331646976,176.47657899532604,0.004224367941793437,0.6601922547928247
39.964848,-6.913391,295.0,2015-04-09 23:00:00,9.7,91,8.4,8.1,0.1,0.1,0.0,0.0,51,1022.7,987.0,76,59,37,4,0.0,0.11,8.4,17.3,80,95,18.7,11.1,12.8,13.5,11.0,0.323,0.279,0.305,0.353,0,0.0,0.0,0.0,0.0,0.0,0.0,0.0,0.0,0.0,0.0,0.0,0.0,0.0,0.00020485152728064092,24.108304244304673,0.23564390399999996,173.45241383218544,0.0008755531367560983,0.46969255508718133
39.964848,-6.913391,295.0,2015-04-10 00:00:00,9.3,91,7.9,7.7,0.0,0.0,0.0,0.0,2,1022.6,986.9,76,62,33,0,0.0,0.11,7.7,16.7,79,97,17.3,10.8,12.6,13.5,11.0,0.323,0.279,0.305,0.353,0,0.0,0.0,0.0,0.0,0.0,0.0,0.0,0.0,0.0,0.0,0.0,0.0,0.0,7.95551322101205e-05,21.526195303263805,0.226916352,170.39905780490238,0.0003415138617033816,0.45232682195943863
39.964848,-6.913391,295.0,2015-04-10 01:00:00,9.3,90,7.8,7.7,0.0,0.0,0.0,0.0,3,1022.3,986.6,82,70,31,0,0.0,0.11,7.0,15.3,78,98,15.8,10.7,12.5,13.5,11.0,0.323,0.28,0.305,0.353,0,0.0,0.0,0.0,0.0,0.0,0.0,0.0,0.0,0.0,0.0,0.0,0.0,0.0,6.561124253985344e-05,21.066170518836074,0.25212928,167.3886016162152,0.0002781699951281459,0.5023668334012596
39.964848,-6.913391,295.0,2015-04-10 02:00:00,8.9,92,7.7,7.3,0.0,0.0,0.0,0.0,3,1021.7,986.0,94,84,30,0,0.0,0.09,6.7,14.1,74,96,13.7,10.5,12.4,13.5,11.0,0.324,0.28,0.305,0.353,0,0.0,0.0,0.0,0.0,0.0,0.0,0.0,0.0,0.0,0.0,0.0,0.0,0.0,2.5746780786764555e-05,18.763970326350847,0.19394559999999997,164.3481275820461,0.00011241798802970881,0.38675019978522684
39.964848,-6.913391,295.0,2015-04-10 03:00:00,8.9,93,7.8,7.4,0.0,0.0,0.0,0.0,3,1021.6,985.9,95,86,29,0,0.0,0.08,6.6,13.8,77,97,13.3,10.4,12.3,13.4,11.0,0.325,0.28,0.305,0.353,0,0.0,0.0,0.0,0.0,0.0,0.0,0.0,0.0,0.0,0.0,0.0,0.0,0.0,1.1260366128784321e-05,16.818040853226332,0.16970239999999998,161.3497392436659,4.981103242758065e-05,0.33851470315463295
39.964848,-6.913391,295.0,2015-04-10 04:00:00,8.9,93,7.9,7.5,0.0,0.0,0.0,0.0,3,1021.4,985.7,96,90,25,0,0.0,0.08,6.3,13.5,77,99,13.0,10.3,12.2,13.4,11.0,0.326,0.28,0.305,0.353,0,0.0,0.0,0.0,0.0,0.0,0.0,0.0,0.0,0.0,0.0,0.0,0.0,0.0,7.365188221172434e-06,15.880056109509464,0.16970239999999998,158.39254623365537,3.258058400388039e-05,0.33849812941600876
39.964848,-6.913391,295.0,2015-04-10 05:00:00,8.7,93,7.7,7.3,0.1,0.1,0.0,0.0,51,1021.5,985.7,100,98,19,0,0.0,0.07,6.2,13.2,83,101,12.6,10.2,12.1,13.4,11.0,0.329,0.281,0.305,0.353,0,0.0,0.0,0.0,0.0,0.0,0.0,0.0,0.0,0.0,0.0,0.0,0.0,0.0,5.835421187576151e-06,15.375004424909406,0.16630835199999996,155.43968532924416,2.586184267418234e-05,0.33172939249298977
39.964848,-6.913391,295.0,2015-04-10 06:00:00,8.7,94,7.7,7.2,0.1,0.1,0.0,0.0,51,1022.0,986.2,100,98,23,0,0.0,0.07,6.2,12.5,83,102,12.2,10.1,12.0,13.4,11.0,0.332,0.281,0.305,0.353,1,0.0,0.0,0.0,0.0,0.0,0.0,0.0,0.0,0.0,0.0,0.0,0.0,0.0,3.3058793665025034e-06,14.170262433066972,0.14255001599999995,152.52680503621485,1.4848643584302553e-05,0.2844354557185715
39.964848,-6.913391,295.0,2015-04-10 07:00:00,9.3,93,8.2,7.9,0.0,0.0,0.0,0.0,3,1022.2,986.5,100,100,21,0,0.02,0.08,6.8,12.1,87,102,15.5,10.4,11.9,13.4,11.0,0.333,0.281,0.305,0.353,1,0.0,24.0,7.0,17.0,53.3,24.0,123.8,50.2,14.6,35.6,77.1,34.7,258.9,5.128855476672365e-06,15.011863575072267,0.17649049600000002,149.76107978467184,2.2604532873918543e-05,0.3519440939655182
39.964848,-6.913391,295.0,2015-04-10 08:00:00,10.3,90,8.7,9.1,0.2,0.2,0.0,0.0,51,1022.7,987.1,89,82,25,0,0.05,0.12,6.2,9.7,100,105,17.3,11.1,11.9,13.4,11.0,0.336,0.281,0.305,0.353,1,1756.48,98.0,34.0,64.0,118.5,98.0,391.2,130.3,45.2,85.1,118.5,130.3,520.1,2.664204865396225e-05,18.809777881955533,0.27637248,147.91615715814478,0.00011165771236520249,0.5501750372410913
39.964848,-6.913391,295.0,2015-04-10 09:00:00,11.7,87,9.7,10.6,0.4,0.4,0.0,0.0,51,1022.7,987.3,100,96,31,0,0.11,0.18,7.1,9.5,120,119,19.1,12.1,11.9,13.4,11.0,0.339,0.282,0.305,0.353,1,3186.49,216.0,78.0,138.0,166.2,216.0,640.0,254.4,91.9,162.5,166.2,254.4,753.8,0.00024031066975546046,24.557076365708856,0.403406848,146.57835740502196,0.000952369324262244,0.8013004318450054
39.964848,-6.913391,295.0,2015-04-10 10:00:00,12.4,85,9.9,11.3,0.2,0.2,0.0,0.0,51,1023.1,987.7,100,98,38,0,0.1,0.22,7.7,9.9,131,134,19.8,12.5,12.0,13.3,11.0,0.339,0.282,0.305,0.353,1,0.0,178.0,14.0,164.0,22.4,178.0,853.4,197.0,15.5,181.5,22.4,197.0,944.4,0.0014424825831670955,30.304394779146794,0.4909248,146.08116638482466,0.005521186899199004,0.9736692439913852
39.964848,-6.913391,295.0,2015-04-10 11:00:00,13.2,81,10.1,12.5,0.0,0.0,0.0,0.0,3,1022.8,987.6,100,94,49,0,0.13,0.29,5.6,7.4,130,133,20.5,13.1,12.1,13.3,11.0,0.34,0.283,0.305,0.353,1,0.0,214.0,7.0,207.0,9.4,214.0,1016.8,227.0,7.4,219.6,9.4,227.0,1078.8,0.006556514561971137,36.71569720546226,0.658687744,149.41116638482467,0.023623028914523867,1.3030144520978846
39.964848,-6.913391,295.0,2015-04-10 12:00:00,14.1,77,10.1,13.7,0.1,0.1,0.0,0.0,51,1022.5,987.4,100,91,44,2,0.18,0.37,3.5,4.8,114,117,20.5,14.0,12.2,13.3,11.0,0.34,0.283,0.305,0.353,1,0.0,309.0,49.0,260.0,59.7,309.0,1119.1,316.9,50.3,266.7,59.7,316.9,1147.8,0.034423828125,40.87061309814453,6.015105724334717,189.09164428710938,0.0547485426068306,11.175996780395508
39.964848,-6.913391,295.0,2015-04-10 13:00:00,14.9,73,10.2,14.6,0.1,0.1,0.0,0.0,51,1022.0,987.0,81,52,54,7,0.23,0.45,2.2,2.5,99,98,20.5,14.8,12.4,13.3,11.0,0.339,0.283,0.305,0.353,1,3343.83,385.0,145.0,240.0,171.5,385.0,1153.3,382.8,144.2,238.7,171.5,382.8,1146.8,0.0712196430469046,46.538063470911624,5.5673077994684546,192.72764428710937,0.11566260784714946,10.384663287609012
39.964848,-6.913391,295.0,2015-04-10 14:00:00,15.9,69,10.2,15.8,0.1,0.1,0.0,0.0,51,1021.4,986.5,70,43,49,6,0.31,0.56,1.1,1.4,90,90,24.8,16.0,12.7,13.3,11.0,0.338,0.283,0.305,0.353,1,3600.0,523.0,281.0,242.0,343.0,523.0,1117.2,503.7,270.6,233.1,343.0,503.7,1075.9,0.09761918119277326,49.483335366854945,5.282146145961272,196.54364428710937,0.1627100410064923,9.899186221729812
39.964848,-6.913391,295.0,2015-04-10 15:00:00,16.2,66,9.9,15.9,0.0,0.0,0.0,0.0,2,1020.9,986.1,53,24,40,25,0.29,0.63,1.9,2.1,158,149,23.8,16.5,12.9,13.3,11.0,0.337,0.283,0.305,0.353,1,3600.0,495.0,279.0,216.0,375.6,495.0,1013.1,459.3,258.9,200.4,375.6,459.3,940.0,0.15975648809345147,53.59684730596817,5.1810252228275155,200.41364428710938,0.268716139309732,9.733014041678585
39.964848,-6.913391,295.0,2015-04-10 16:00:00,16.8,62,9.5,16.3,0.0,0.0,0.0,0.0,2,1020.4,985.7,54,29,39,15,0.26,0.73,2.6,3.1,146,144,19.1,17.0,13.2,13.3,11.0,0.336,0.284,0.305,0.353,1,3600.0,450.0,294.0,156.0,472.6,450.0,848.3,396.9,259.3,137.6,472.6,396.9,748.2,0.27568125472667065,59.35234566676482,5.547978130048664,204.3916442871094,0.4475683923007343,10.39083765938103
39.964848,-6.913391,295.0,2015-04-10 17:00:00,16.6,60,8.9,16.1,0.0,0.0,0.0,0.0,2,1020.1,985.3,51,17,36,46,0.16,0.75,2.0,2.8,135,130,16.9,16.7,13.4,13.3,11.0,0.335,0.284,0.305,0.352,1,3600.0,282.0,170.0,112.0,365.6,282.0,634.0,228.5,137.8,90.8,365.6,228.5,513.8,0.31749659857982065,61.58804427401858,5.947664744828933,208.3336442871094,0.49696875673209284,11.102895099445997
39.964848,-6.913391,295.0,2015-04-10 18:00:00,15.9,62,8.6,15.1,0.0,0.0,0.0,0.0,1,1020.6,985.7,35,5,18,67,0.09,0.69,2.8,2.8,220,220,11.9,15.8,13.6,13.3,11.0,0.334,0.284,0.305,0.352,1,3600.0,154.0,81.0,73.0,287.0,154.0,384.8,101.1,53.2,47.9,287.0,101.1,252.7,0.348256583456945,62.21209179741541,6.16050605956504,212.1496442871094,0.5348643825748397,11.487092470028259
39.964848,-6.913391,295.0,2015-04-10 19:00:00,14.2,75,9.8,13.5,0.0,0.0,0.0,0.0,1,1021.2,986.1,43,7,26,69,0.03,0.41,4.7,7.4,247,256,8.6,14.7,13.7,13.3,11.0,0.333,0.284,0.305,0.352,1,1090.87,36.0,16.0,20.0,123.9,36.0,117.7,0.0,0.0,0.0,0.0,0.0,0.0,0.31019380079270464,59.07172130973211,5.869714534785997,215.6596442871094,0.488262311730491,10.991524741570286
39.964848,-6.913391,295.0,2015-04-10 20:00:00,13.1,81,9.9,12.4,0.0,0.0,0.0,0.0,1,1021.9,986.7,40,8,24,63,0.0,0.29,4.9,7.7,306,298,8.3,13.6,13.6,13.3,11.0,0.334,0.285,0.305,0.352,0,0.0,0.0,0.0,0.0,0.0,0.0,0.0,0.0,0.0,0.0,0.0,0.0,0.0,0.20742456791571603,54.560498457917504,5.327139184511701,218.9716442871094,0.34303967283527914,10.043436879456264
39.964848,-6.913391,295.0,2015-04-10 21:00:00,12.1,86,9.8,11.5,0.0,0.0,0.0,0.0,1,1022.3,986.9,28,9,16,36,0.0,0.2,3.7,6.5,349,341,8.3,12.7,13.6,13.3,11.0,0.334,0.285,0.305,0.352,0,0.0,0.0,0.0,0.0,0.0,0.0,0.0,0.0,0.0,0.0,0.0,0.0,0.0,0.10325669849186057,49.25828338088346,4.779610251677582,222.1036442871094,0.18030736042859868,9.071196287136852
39.964848,-6.913391,295.0,2015-04-10 22:00:00,11.9,85,9.4,11.1,0.0,0.0,0.0,0.0,1,1022.9,987.5,28,15,21,5,0.0,0.21,4.7,7.4,337,331,7.2,11.9,13.5,13.3,11.1,0.333,0.285,0.305,0.352,0,0.0,0.0,0.0,0.0,0.0,0.0,0.0,0.0,0.0,0.0,0.0,0.0,0.0,0.10250302578374056,48.89720157091706,4.666305668553106,225.1996442871094,0.1810788406471534,8.872974602175653
39.964848,-6.913391,295.0,2015-04-10 23:00:00,11.0,87,8.9,10.0,0.0,0.0,0.0,0.0,1,1022.9,987.4,21,13,16,0,0.0,0.17,5.4,9.7,356,356,7.9,11.2,13.3,13.3,11.1,0.333,0.285,0.305,0.352,0,0.0,0.0,0.0,0.0,0.0,0.0,0.0,0.0,0.0,0.0,0.0,0.0,0.0,0.11358103227552677,49.11231456278099,5.047651204553105,228.1336442871094,0.19282496505084085,9.56615413721763
39.964848,-6.913391,295.0,2015-04-11 00:00:00,11.2,86,9.0,10.4,0.0,0.0,0.0,0.0,0,1023.1,987.6,14,14,2,0,0.0,0.19,4.0,8.3,355,5,8.6,10.7,13.1,13.3,11.1,0.332,0.286,0.305,0.352,0,0.0,0.0,0.0,0.0,0.0,0.0,0.0,0.0,0.0,0.0,0.0,0.0,0.0,0.12334813497102483,50.01175931363389,5.465119108553105,231.1036442871094,0.20100353287176256,10.320115223539656
39.964848,-6.913391,295.0,2015-04-11 01:00:00,9.0,92,7.8,7.8,0.0,0.0,0.0,0.0,0,1023.2,987.4,8,8,1,0,0.0,0.09,4.6,7.9,342,357,10.4,10.0,12.9,13.3,11.1,0.331,0.286,0.305,0.352,0,0.0,0.0,0.0,0.0,0.0,0.0,0.0,0.0,0.0,0.0,0.0,0.0,0.0,0.08384489307830428,46.72670990625463,5.661004164553105,233.67764428710942,0.1341203083949207,10.675457303262005
39.964848,-6.913391,295.0,2015-04-11 02:00:00,7.5,96,6.9,5.8,0.0,0.0,0.0,0.0,0,1022.4,986.5,2,2,0,0,0.0,0.05,6.5,10.2,341,352,13.3,9.5,12.7,13.2,11.1,0.33,0.286,0.305,0.352,0,0.0,0.0,0.0,0.0,0.0,0.0,0.0,0.0,0.0,0.0,0.0,0.0,0.0,0.04160436023987495,41.709758720762316,5.744400772553105,235.98164428710942,0.0660270507248438,10.829742037384365
39.964848,-6.913391,295.0,2015-04-11 03:00:00,6.8,97,6.4,4.9,0.0,0.0,0.0,0.0,0,1022.4,986.4,10,11,0,0,0.0,0.03,7.3,12.3,349,355,15.5,9.1,12.5,13.2,11.1,0.33,0.286,0.305,0.352,0,0.0,0.0,0.0,0.0,0.0,0.0,0.0,0.0,0.0,0.0,0.0,0.0,0.0,0.01777895792753562,37.11903886714283,5.801857156553105,238.15964428710942,0.02806144333715328,10.937582450132108
39.964848,-6.913391,295.0,2015-04-11 04:00:00,6.3,98,6.0,4.0,0.0,0.0,0.0,0.0,2,1022.6,986.5,52,58,0,0,0.0,0.02,8.8,14.8,348,357,17.3,8.7,12.3,13.2,11.1,0.329,0.287,0.305,0.352,0,0.0,0.0,0.0,0.0,0.0,0.0,0.0,0.0,0.0,0.0,0.0,0.0,0.0,0.006976040836408835,32.72635939610915,5.8377370925531045,240.2476442871094,0.010972202763195339,11.006840755417533
39.964848,-6.913391,295.0,2015-04-11 05:00:00,5.9,99,5.8,3.4,0.0,0.0,0.0,0.0,2,1022.7,986.5,61,68,0,0,0.0,0.01,10.2,17.6,350,1,19.1,8.5,12.0,13.2,11.1,0.328,0.287,0.305,0.352,0,0.0,0.0,0.0,0.0,0.0,0.0,0.0,0.0,0.0,0.0,0.0,0.0,0.0,0.002229896461724334,28.240702393909835,5.8547073325531045,242.2636442871094,0.003501024257550909,11.04227681194996
39.964848,-6.913391,295.0,2015-04-11 06:00:00,5.8,100,5.8,3.3,0.0,0.0,0.0,0.0,1,1023.1,986.9,43,48,0,0,0.0,0.0,10.2,18.4,352,3,19.4,8.4,11.8,13.2,11.1,0.328,0.287,0.305,0.352,1,0.0,0.0,0.0,0.0,0.0,0.0,0.0,0.0,0.0,0.0,0.0,0.0,0.0,0.000593107624249685,24.021083399272836,5.8547073325531045,244.2616442871094,0.000930961179241053,11.047425323356904
39.964848,-6.913391,295.0,2015-04-11 07:00:00,7.4,96,6.8,5.1,0.0,0.0,0.0,0.0,1,1023.6,987.6,49,54,0,0,0.01,0.04,10.5,18.8,352,3,21.2,9.2,11.7,13.2,11.1,0.327,0.287,0.305,0.352,1,272.96,44.0,10.0,34.0,74.8,44.0,130.4,89.5,20.4,69.2,104.6,64.0,265.3,0.0011443340951629154,25.96700696500595,5.937134212553104,246.5476442871094,0.001782538361306647,11.19999821675077
39.964848,-6.913391,295.0,2015-04-11 08:00:00,9.6,92,8.4,8.0,0.0,0.0,0.0,0.0,0,1024.6,988.8,19,21,0,0,0.07,0.09,8.4,15.5,353,360,22.0,10.8,11.7,13.2,11.1,0.326,0.287,0.305,0.352,1,3243.46,171.0,49.0,122.0,168.1,171.0,397.3,226.4,64.9,161.5,168.1,226.4,526.0,0.005502314176430486,31.760814760410334,6.144656004553104,249.22964428710938,0.008414241174091012,11.575819168357603
39.964848,-6.913391,295.0,2015-04-11 09:00:00,12.5,81,9.4,11.3,0.0,0.0,0.0,0.0,0,1024.3,988.9,5,6,0,0,0.17,0.27,7.6,11.2,360,4,21.2,12.6,11.8,13.2,11.1,0.326,0.288,0.305,0.352,1,3600.0,362.0,179.0,183.0,377.9,362.0,645.7,425.7,210.5,215.2,377.9,425.7,759.3,0.10402434794450575,46.49903720634902,6.771100292553104,252.4336442871094,0.15097925600471998,12.691154369506807
39.964848,-6.913391,295.0,2015-04-11 10:00:00,15.2,68,9.3,14.0,0.0,0.0,0.0,0.0,0,1024.6,989.5,2,2,0,0,0.29,0.56,8.1,11.0,21,23,24.1,14.7,12.0,13.1,11.1,0.324,0.288,0.305,0.352,1,3600.0,563.0,390.0,173.0,619.2,563.0,858.6,622.5,431.2,191.3,619.2,622.5,949.3,0.6232927276413927,65.97784225107549,8.035625604553104,256.1236442871094,0.8235353817227428,14.90238249096653
39.964848,-6.913391,295.0,2015-04-11 11:00:00,17.2,56,8.4,16.9,0.0,0.0,0.0,0.0,0,1024.0,989.2,15,11,8,0,0.42,0.87,7.9,10.2,51,51,24.8,16.6,12.3,13.1,11.1,0.323,0.287,0.304,0.352,1,3600.0,748.0,645.0,103.0,860.7,748.0,1021.5,793.2,684.0,109.2,860.7,793.2,1083.2,1.9663860999752079,78.96616597162446,9.987688068553103,260.1736442871094,1.5284911621540804,18.226184321555113
39.964848,-6.913391,295.0,2015-04-11 12:00:00,18.5,49,7.7,18.2,0.0,0.0,0.0,0.0,1,1023.2,988.6,49,41,20,0,0.47,1.08,8.1,10.4,58,56,25.9,17.9,12.7,13.1,11.1,0.321,0.287,0.304,0.352,1,3600.0,804.0,652.0,152.0,791.1,804.0,1123.4,824.4,668.6,155.9,791.1,824.4,1151.9,0.5760931372642517,63.75430679321289,6.535300254821777,188.7473602294922,0.85247802734375,11.961153030395508
39.964848,-6.913391,295.0,2015-04-11 13:00:00,19.5,45,7.2,19.4,0.0,0.0,0.0,0.0,1,1022.8,988.3,46,29,33,0,0.5,1.25,7.5,10.0,55,52,25.9,19.1,13.1,13.1,11.1,0.319,0.287,0.304,0.352,1,3600.0,817.0,631.0,186.0,743.2,817.0,1157.2,812.3,627.4,184.9,743.2,812.3,1150.6,2.4643327904819072,81.15640677100406,9.282054814821777,193.2113602294922,1.8832090422040455,16.573583429618182
39.964848,-6.913391,295.0,2015-04-11 14:00:00,20.3,41,6.7,19.4,0.0,0.0,0.0,0.0,1,1021.7,987.3,39,4,59,0,0.48,1.4,8.6,11.4,57,55,25.6,19.6,13.5,13.1,11.1,0.317,0.287,0.304,0.352,1,3600.0,755.0,568.0,187.0,690.7,755.0,1120.8,727.2,547.1,180.1,690.7,727.2,1079.5,7.398123861643504,87.21985473508968,12.343001246821778,197.8193602294922,4.439418187376094,21.354889814610374
39.964848,-6.913391,295.0,2015-04-11 15:00:00,20.9,39,6.3,19.7,0.0,0.0,0.0,0.0,1,1021.4,987.1,48,0,80,0,0.45,1.52,8.7,11.4,66,62,24.8,20.1,13.9,13.1,11.1,0.315,0.286,0.304,0.352,1,3600.0,706.0,528.0,178.0,707.8,706.0,1016.7,655.2,490.0,165.2,707.8,655.2,943.5,10.42487224583696,89.03852444307643,15.596438686821777,202.5353602294922,5.789933178936736,26.15721993911195
39.964848,-6.913391,295.0,2015-04-11 16:00:00,21.1,37,5.9,18.9,0.0,0.0,0.0,0.0,2,1020.9,986.6,52,0,87,0,0.37,1.57,8.4,11.3,70,68,23.8,20.0,14.3,13.1,11.1,0.314,0.286,0.304,0.352,1,3600.0,564.0,385.0,179.0,616.0,564.0,851.9,497.8,339.8,158.0,616.0,497.8,751.8,12.255692232731747,89.75631795136837,18.987092638821778,207.2873602294922,6.321769957134557,30.898572297930126
39.964848,-6.913391,295.0,2015-04-11 17:00:00,20.8,38,5.8,18.8,0.0,0.0,0.0,0.0,1,1021.1,986.8,50,0,83,0,0.25,1.54,6.7,9.6,74,70,21.2,19.4,14.6,13.1,11.1,0.312,0.286,0.304,0.352,1,3600.0,367.0,244.0,123.0,521.5,367.0,637.7,297.9,198.0,99.8,521.5,297.9,517.6,12.371333377200724,89.80559497629136,22.278834334821777,211.98536022949222,5.843913251415378,35.286488085858835
39.964848,-6.913391,295.0,2015-04-11 18:00:00,20.0,44,7.4,18.8,0.0,0.0,0.0,0.0,1,1021.2,986.8,36,0,60,0,0.12,1.3,3.6,8.0,90,82,17.6,18.5,14.8,13.1,11.1,0.312,0.286,0.304,0.352,1,3600.0,196.0,115.0,81.0,403.2,196.0,388.8,129.5,76.0,53.5,403.2,129.5,256.8,11.596875882768087,89.85488827004116,25.143410846821777,216.53936022949222,5.034213315755034,38.973366266044934
39.964848,-6.913391,295.0,2015-04-11 19:00:00,18.3,56,9.4,17.3,0.0,0.0,0.0,0.0,0,1021.3,986.7,8,0,13,0,0.05,0.93,6.3,8.6,114,105,8.6,17.1,14.9,13.1,11.1,0.311,0.286,0.304,0.352,1,2106.3,51.0,26.0,25.0,199.0,51.0,122.0,0.0,0.0,0.0,0.0,0.0,0.0,11.147997155800688,88.25056693273517,27.212810398821777,220.7873602294922,4.581806255150139,41.605549065662345
39.964848,-6.913391,295.0,2015-04-11 20:00:00,16.3,63,9.3,15.1,0.0,0.0,0.0,0.0,0,1022.0,987.1,9,1,14,0,0.02,0.68,6.8,10.6,93,108,9.7,15.6,14.9,13.1,11.1,0.311,0.286,0.304,0.352,0,0.0,0.0,0.0,0.0,0.0,0.0,0.0,0.0,0.0,0.0,0.0,0.0,0.0,9.75396656959909,86.71580573791783,28.77358761482178,224.6753602294922,3.773963489349266,43.59078103470879
39.964848,-6.913391,295.0,2015-04-11 21:00:00,14.7,68,8.8,13.5,0.0,0.0,0.0,0.0,0,1022.5,987.4,2,0,3,0,0.01,0.54,6.0,12.3,65,97,11.2,14.0,14.9,13.2,11.1,0.31,0.286,0.304,0.352,0,0.0,0.0,0.0,0.0,0.0,0.0,0.0,0.0,0.0,0.0,0.0,0.0,0.0,8.312894386874822,85.49999681875273,29.999323806821778,228.2753602294922,3.055306402032921,45.16123311573046
39.964848,-6.913391,295.0,2015-04-11 22:00:00,13.1,73,8.4,11.9,0.0,0.0,0.0,0.0,0,1023.4,988.1,7,0,12,0,0.0,0.41,5.4,13.7,53,88,11.2,13.0,14.7,13.2,11.1,0.31,0.287,0.304,0.352,0,0.0,0.0,0.0,0.0,0.0,0.0,0.0,0.0,0.0,0.0,0.0,0.0,0.0,7.126918275651012,84.32712052134816,30.92880809482178,231.58736022949222,2.524036885812356,46.37425390518378
39.964848,-6.913391,295.0,2015-04-11 23:00:00,11.7,78,8.0,10.5,0.0,0.0,0.0,0.0,0,1023.7,988.2,8,1,12,0,0.0,0.3,5.4,13.6,42,78,11.9,12.1,14.5,13.2,11.1,0.31,0.287,0.304,0.352,0,0.0,0.0,0.0,0.0,0.0,0.0,0.0,0.0,0.0,0.0,0.0,0.0,0.0,6.208953983778974,83.09723780689977,31.611496606821778,234.64736022949222,2.146267349358875,47.29435357295875
39.964848,-6.913391,295.0,2015-04-12 00:00:00,11.0,80,7.6,9.5,0.0,0.0,0.0,0.0,0,1023.3,987.8,4,2,4,0,0.0,0.27,5.9,14.6,38,74,12.6,11.5,14.3,13.2,11.1,0.31,0.287,0.304,0.352,0,0.0,0.0,0.0,0.0,0.0,0.0,0.0,0.0,0.0,0.0,0.0,0.0,0.0,5.8506903848032525,82.30982348135518,32.19818204682178,237.58136022949222,1.9931175569353492,48.09962574145086
39.964848,-6.913391,295.0,2015-04-12 01:00:00,10.7,79,7.2,9.0,0.0,0.0,0.0,0.0,0,1023.4,987.8,1,1,0,0,0.0,0.27,6.9,16.3,39,76,14.0,10.9,14.1,13.2,11.1,0.309,0.287,0.304,0.352,0,0.0,0.0,0.0,0.0,0.0,0.0,0.0,0.0,0.0,0.0,0.0,0.0,0.0,6.124488206220489,82.1901424281179,32.79892854282178,240.46136022949221,2.0655002893183387,48.917119754209715
39.964848,-6.913391,295.0,2015-04-12 02:00:00,11.3,73,6.7,9.5,0.0,0.0,0.0,0.0,0,1022.8,987.3,0,0,0,0,0.01,0.36,7.1,18.2,49,82,15.8,10.5,13.8,13.2,11.1,0.309,0.287,0.304,0.352,0,0.0,0.0,0.0,0.0,0.0,0.0,0.0,0.0,0.0,0.0,0.0,0.0,0.0,6.307488167854373,82.23692147757862,33.610590878821775,243.4493602294922,2.0984331818882604,49.973011204038585
39.964848,-6.913391,295.0,2015-04-12 03:00:00,11.1,75,6.9,9.3,0.0,0.0,0.0,0.0,0,1022.7,987.2,0,0,0,0,0.01,0.33,7.1,18.7,60,90,18.7,10.3,13.6,13.2,11.1,0.309,0.287,0.304,0.352,0,0.0,0.0,0.0,0.0,0.0,0.0,0.0,0.0,0.0,0.0,0.0,0.0,0.0,6.424454775986034,82.28371597115868,34.35000847882178,246.4013602294922,2.1105506350010743,50.94487171636249
39.964848,-6.913391,295.0,2015-04-12 04:00:00,11.1,75,6.9,9.2,0.0,0.0,0.0,0.0,0,1023.2,987.7,0,0,0,0,0.01,0.33,8.0,20.6,72,96,21.2,10.3,13.4,13.2,11.1,0.309,0.287,0.304,0.352,0,0.0,0.0,0.0,0.0,0.0,0.0,0.0,0.0,0.0,0.0,0.0,0.0,0.0,6.822988136671084,82.33052591395696,35.08942607882178,249.3533602294922,2.221261099670392,51.914952589569936
39.964848,-6.913391,295.0,2015-04-12 05:00:00,11.0,76,7.0,8.8,0.0,0.0,0.0,0.0,0,1023.3,987.8,0,0,0,0,0.01,0.31,9.6,22.4,77,95,22.0,10.3,13.2,13.2,11.1,0.308,0.287,0.304,0.352,0,0.0,0.0,0.0,0.0,0.0,0.0,0.0,0.0,0.0,0.0,0.0,0.0,0.0,7.46839587652546,82.37735131107404,35.793448606821784,252.2873602294922,2.4217526259704067,52.84377635794592
39.964848,-6.913391,295.0,2015-04-12 06:00:00,10.7,78,7.1,8.4,0.0,0.0,0.0,0.0,0,1023.6,988.0,0,0,0,0,0.01,0.28,10.5,23.4,74,88,21.6,10.4,13.0,13.1,11.1,0.308,0.287,0.304,0.352,1,0.0,0.0,0.0,0.0,0.0,0.0,0.0,0.0,0.0,0.0,0.0,0.0,1.8,7.849654379156576,82.36884859948127,36.42280207882178,255.1673602294922,2.531443186903833,53.687210876474076
39.964848,-6.913391,295.0,2015-04-12 07:00:00,11.5,77,7.6,9.2,0.0,0.0,0.0,0.0,0,1024.2,988.7,0,0,0,0,0.04,0.31,11.7,22.8,72,84,23.0,11.0,12.9,13.1,11.1,0.308,0.287,0.304,0.352,1,2305.28,65.0,40.0,25.0,293.9,65.0,136.9,129.0,79.4,49.6,398.1,95.2,271.6,8.412331927577423,82.4156866488462,37.12537001482178,258.1913602294922,2.704897324948877,54.6172028730094
39.964848,-6.913391,295.0,2015-04-12 08:00:00,13.5,68,7.8,11.1,0.0,0.0,0.0,0.0,0,1023.9,988.6,0,0,0,0,0.13,0.49,12.7,19.6,82,84,27.7,12.7,12.9,13.1,11.1,0.307,0.287,0.304,0.352,1,3600.0,248.0,186.0,62.0,628.1,248.0,403.4,326.9,245.2,81.7,628.1,326.9,531.8,9.460275902913004,82.95384587639161,38.258012318821784,261.5753602294922,3.044125826394828,56.02901517016965
39.964848,-6.913391,295.0,2015-04-12 09:00:00,15.5,57,7.1,12.5,0.0,0.0,0.0,0.0,0,1023.9,988.9,0,0,0,0,0.25,0.75,15.5,22.0,90,90,35.3,14.5,13.0,13.1,11.1,0.306,0.287,0.303,0.352,1,3600.0,452.0,371.0,81.0,776.0,452.0,651.3,530.6,435.5,95.1,776.0,530.6,764.6,13.171599229283292,84.7556679108489,39.98849193482178,265.31936022949225,4.450244729359717,58.089211084010145
39.964848,-6.913391,295.0,2015-04-12 10:00:00,17.1,50,6.5,14.1,0.0,0.0,0.0,0.0,0,1023.9,989.1,0,0,0,0,0.36,0.98,17.3,24.1,91,92,40.0,16.1,13.2,13.1,11.1,0.305,0.287,0.303,0.352,1,3600.0,636.0,545.0,91.0,859.6,636.0,863.7,702.6,602.1,100.5,859.6,702.6,954.2,17.257521559523063,86.41811048442791,42.19462313482178,269.35136022949223,6.14150368705905,60.64049866863969
39.964848,-6.913391,295.0,2015-04-12 11:00:00,18.4,45,6.3,16.0,0.0,0.0,0.0,0.0,0,1023.0,988.4,0,0,0,0,0.45,1.17,18.4,25.2,93,92,41.4,17.6,13.4,13.1,11.1,0.304,0.287,0.303,0.352,1,3600.0,780.0,684.0,96.0,908.1,780.0,1026.1,826.8,725.0,101.8,908.1,826.8,1087.6,21.043931877604237,87.69424295270441,44.79470633482178,273.61736022949225,7.78430191046203,63.57094476460053
39.964848,-6.913391,295.0,2015-04-12 12:00:00,19.5,42,6.4,17.5,0.0,0.0,0.0,0.0,0,1022.4,987.9,0,0,0,0,0.51,1.31,18.4,25.2,92,92,42.1,18.8,13.8,13.1,11.1,0.302,0.286,0.303,0.352,1,3600.0,853.0,747.0,106.0,902.5,853.0,1127.6,874.4,765.8,108.7,902.5,874.4,1155.9,4.177423000335693,82.18792724609375,9.28498649597168,193.46664428710938,2.899653673171997,16.56470489501953
39.964848,-6.913391,295.0,2015-04-12 13:00:00,20.4,40,6.3,18.1,0.0,0.0,0.0,0.0,0,1021.3,986.9,0,0,0,0,0.51,1.44,17.7,24.1,94,93,41.8,19.6,14.1,13.1,11.1,0.3,0.286,0.303,0.352,1,3600.0,796.0,622.0,174.0,729.8,796.0,1161.1,791.4,618.4,173.0,729.8,791.4,1154.3,12.031146184005584,87.99793471927771,12.41235929597168,198.09264428710938,7.848492017137397,21.462631449062496
39.964848,-6.913391,295.0,2015-04-12 14:00:00,20.9,38,6.0,18.2,0.0,0.0,0.0,0.0,0,1020.6,986.3,5,0,8,0,0.48,1.54,17.4,23.6,97,97,40.7,20.0,14.5,13.1,11.1,0.299,0.286,0.303,0.352,1,3600.0,706.0,490.0,216.0,593.6,706.0,1124.4,680.0,472.0,208.1,593.6,680.0,1083.1,15.488724370743764,89.43289517138416,15.719131775971679,202.8086442871094,9.498356595885191,26.335320619716278
39.964848,-6.913391,295.0,2015-04-12 15:00:00,20.6,39,6.0,17.0,0.0,0.0,0.0,0.0,0,1020.3,986.0,19,0,32,0,0.39,1.5,18.2,25.5,99,98,40.0,19.7,14.8,13.1,11.1,0.298,0.286,0.303,0.352,1,3600.0,519.0,303.0,216.0,404.6,519.0,1020.2,481.8,281.3,200.5,404.6,481.8,947.0,17.369894805385588,89.48206541816465,18.928204159971678,207.4706442871094,9.959092034017361,30.825612585263265
39.964848,-6.913391,295.0,2015-04-12 16:00:00,20.6,39,6.2,17.0,0.0,0.0,0.0,0.0,1,1020.3,986.0,23,0,38,0,0.37,1.47,18.2,25.8,99,98,40.0,19.6,15.1,13.1,11.1,0.296,0.285,0.303,0.352,1,3600.0,502.0,328.0,174.0,522.3,502.0,855.4,443.3,289.7,153.7,522.3,443.3,755.4,18.64202419538307,89.5312518985191,22.137276543971677,212.1326442871094,10.02961886406143,35.113744007773555
39.964848,-6.913391,295.0,2015-04-12 17:00:00,19.9,42,6.7,16.8,0.0,0.0,0.0,0.0,0,1020.2,985.8,4,0,7,0,0.23,1.34,15.6,22.9,98,97,38.9,18.8,15.3,13.1,11.1,0.296,0.285,0.303,0.352,1,2341.4,230.0,65.0,165.0,138.0,230.0,641.4,187.0,52.8,134.1,138.0,187.0,521.4,17.927767931086215,89.580454617807,25.090098303971676,216.6686442871094,8.860354893525345,38.914505851481614
39.964848,-6.913391,295.0,2015-04-12 18:00:00,19.5,45,7.3,17.3,0.0,0.0,0.0,0.0,0,1020.2,985.8,3,0,5,0,0.17,1.25,10.9,18.1,96,96,30.2,18.3,15.4,13.2,11.1,0.295,0.285,0.303,0.352,1,3600.0,190.0,96.0,94.0,333.0,190.0,392.7,126.2,63.8,62.4,333.0,126.2,260.9,15.776082976976577,89.62967358138968,27.836852863971675,221.1326442871094,7.041445669332506,42.34683371448133
39.964848,-6.913391,295.0,2015-04-12 19:00:00,17.8,50,7.2,16.0,0.0,0.0,0.0,0.0,0,1020.5,985.9,5,0,8,0,0.06,1.03,7.6,18.0,85,91,22.0,17.1,15.5,13.2,11.1,0.294,0.285,0.303,0.352,1,2164.76,60.0,38.0,22.0,287.4,60.0,126.3,0.0,0.0,0.0,0.0,0.0,0.0,13.230897445503645,88.8843373782572,30.127835263971676,225.2906442871094,5.357814429235956,45.15827263991685
39.964848,-6.913391,295.0,2015-04-12 20:00:00,16.4,54,7.1,14.6,0.0,0.0,0.0,0.0,0,1021.0,986.2,17,0,28,0,0.03,0.86,7.4,18.5,61,83,15.8,16.0,15.5,13.2,11.1,0.294,0.285,0.303,0.352,0,0.0,0.0,0.0,0.0,0.0,0.0,0.0,0.0,0.0,0.0,0.0,0.0,0.0,12.25877471776505,88.03088661122236,32.079412863971676,229.1966442871094,4.692786342846312,47.52817328024257
39.964848,-6.913391,295.0,2015-04-12 21:00:00,15.4,57,7.0,13.6,0.0,0.0,0.0,0.0,0,1021.2,986.3,0,0,0,0,0.03,0.75,7.7,18.9,49,77,15.8,15.2,15.4,13.2,11.1,0.294,0.285,0.303,0.352,0,0.0,0.0,0.0,0.0,0.0,0.0,0.0,0.0,0.0,0.0,0.0,0.0,0.0,11.704391708058264,87.30971404872041,33.799467903971674,232.9226442871094,4.297312322413442,49.603861437759136
39.964848,-6.913391,295.0,2015-04-12 22:00:00,14.6,60,6.8,12.4,0.0,0.0,0.0,0.0,0,1021.3,986.3,2,0,3,0,0.04,0.68,9.8,22.9,62,82,16.2,14.5,15.3,13.2,11.1,0.294,0.285,0.303,0.352,0,0.0,0.0,0.0,0.0,0.0,0.0,0.0,0.0,0.0,0.0,0.0,0.0,0.0,12.045658766798287,86.63483459304899,35.321940863971676,236.5046442871094,4.339743154866555,51.438170071644166
39.964848,-6.913391,295.0,2015-04-12 23:00:00,14.2,60,6.5,11.8,0.0,0.0,0.0,0.0,0,1021.4,986.3,10,1,15,0,0.04,0.65,10.9,25.1,63,82,17.3,14.0,15.2,13.2,11.1,0.294,0.285,0.303,0.352,0,0.0,0.0,0.0,0.0,0.0,0.0,0.0,0.0,0.0,0.0,0.0,0.0,0.0,12.496541479727137,86.39684831684136,36.805624703971674,240.01464428710938,4.435185410641575,53.211597432404574
39.964848,-6.913391,295.0,2015-04-13 00:00:00,14.2,58,6.0,11.4,0.0,0.0,0.0,0.0,0,1021.6,986.5,12,2,17,0,0.05,0.69,12.8,27.3,68,82,19.8,13.6,15.0,13.2,11.1,0.294,0.285,0.303,0.352,0,0.0,0.0,0.0,0.0,0.0,0.0,0.0,0.0,0.0,0.0,0.0,0.0,0.0,13.808894304711973,86.4450162117042,38.363492735971676,243.52464428710937,4.914143466400799,55.04736174584104
39.964848,-6.913391,295.0,2015-04-13 01:00:00,14.3,55,5.5,11.1,0.0,0.0,0.0,0.0,0,1021.5,986.4,8,1,12,0,0.06,0.73,14.6,29.0,74,83,27.0,13.4,14.9,13.2,11.1,0.293,0.285,0.303,0.352,0,0.0,0.0,0.0,0.0,0.0,0.0,0.0,0.0,0.0,0.0,0.0,0.0,0.0,15.1773727633754,86.49320000921416,40.043546495971675,247.05264428710936,5.417493535123915,56.99286210297274
39.964848,-6.913391,295.0,2015-04-13 02:00:00,14.0,56,5.3,10.7,0.0,0.0,0.0,0.0,0,1021.5,986.4,1,0,2,0,0.07,0.71,15.0,29.6,79,85,31.3,13.4,14.8,13.2,11.1,0.293,0.285,0.303,0.352,0,0.0,0.0,0.0,0.0,0.0,0.0,0.0,0.0,0.0,0.0,0.0,0.0,0.0,15.767269649010846,86.54139971462152,41.65426470397168,250.52664428710935,5.565627256301593,58.84754584068461
39.964848,-6.913391,295.0,2015-04-13 03:00:00,13.6,56,4.9,10.1,0.0,0.0,0.0,0.0,0,1021.6,986.4,0,0,0,0,0.06,0.69,15.3,29.2,81,86,31.3,13.3,14.7,13.2,11.1,0.293,0.285,0.302,0.352,0,0.0,0.0,0.0,0.0,0.0,0.0,0.0,0.0,0.0,0.0,0.0,0.0,0.0,16.296314158291153,86.58961533317827,43.22231487997168,253.92864428710934,5.689109088953737,60.64008761556227
39.964848,-6.913391,295.0,2015-04-13 04:00:00,13.2,55,4.4,9.7,0.0,0.0,0.0,0.0,0,1021.9,986.7,1,0,2,0,0.06,0.68,15.0,28.9,80,86,30.2,13.2,14.5,13.2,11.1,0.293,0.285,0.302,0.352,0,0.0,0.0,0.0,0.0,0.0,0.0,0.0,0.0,0.0,0.0,0.0,0.0,0.0,16.451103956400093,86.63784687013812,44.782364799971674,257.25864428710935,5.6421774436324785,62.40626356808629
39.964848,-6.913391,295.0,2015-04-13 05:00:00,12.9,55,4.0,9.4,0.0,0.0,0.0,0.0,0,1022.2,986.9,1,0,1,0,0.06,0.67,14.3,27.8,78,85,28.8,13.0,14.4,13.2,11.1,0.292,0.285,0.302,0.352,0,0.0,0.0,0.0,0.0,0.0,0.0,0.0,0.0,0.0,0.0,0.0,0.0,0.0,16.344206901865714,86.68609433075657,46.309686399971675,260.53464428710936,5.484011152895717,64.12433480339064
39.964848,-6.913391,295.0,2015-04-13 06:00:00,12.5,56,3.8,9.1,0.0,0.0,0.0,0.0,0,1022.5,987.2,1,0,1,0,0.05,0.64,13.1,26.5,74,83,27.4,12.8,14.3,13.2,11.2,0.292,0.285,0.302,0.352,1,0.0,0.0,0.0,0.0,0.0,0.0,0.0,0.0,0.0,0.0,0.0,0.0,8.5,15.849477370123052,86.6964071200261,47.760399487971675,263.73864428710937,5.16978598387488,65.75285664885897
39.964848,-6.913391,295.0,2015-04-13 07:00:00,13.1,57,4.7,9.9,0.0,0.0,0.0,0.0,0,1022.9,987.6,0,0,0,0,0.07,0.65,13.5,25.1,74,83,26.6,13.0,14.2,13.2,11.2,0.292,0.285,0.302,0.352,1,2393.66,70.0,45.0,25.0,324.9,70.0,143.4,135.7,87.2,48.4,427.3,103.2,277.9,16.23244513585387,86.64898335840994,49.240689279971676,267.0506442871094,5.239695851802024,67.40831989335372
39.964848,-6.913391,295.0,2015-04-13 08:00:00,14.7,53,5.2,11.7,0.0,0.0,0.0,0.0,0,1023.2,988.1,0,0,0,0,0.16,0.79,12.8,20.0,79,82,27.7,14.1,14.2,13.2,11.2,0.292,0.285,0.302,0.352,1,3600.0,258.0,198.0,60.0,658.4,258.0,409.5,338.7,260.0,78.8,658.4,338.7,537.6,16.142375900620245,86.69723449574383,51.04098931197168,270.6506442871094,5.0928196354465145,69.37435531819142
39.964848,-6.913391,295.0,2015-04-13 09:00:00,16.5,47,5.2,12.8,0.0,0.0,0.0,0.0,0,1022.8,987.9,0,0,0,0,0.28,0.99,17.3,25.2,90,90,37.4,15.7,14.2,13.2,11.2,0.291,0.285,0.302,0.352,1,3600.0,460.0,382.0,78.0,791.8,460.0,656.9,539.2,447.7,91.4,791.8,539.2,769.9,20.492014613667543,87.20223591116753,53.302395007971676,274.5746442871094,6.864782359641101,71.77237317421252
39.964848,-6.913391,295.0,2015-04-13 10:00:00,18.1,43,5.2,14.5,0.0,0.0,0.0,0.0,0,1022.6,987.9,0,0,0,0,0.39,1.19,19.8,27.7,91,91,43.9,17.2,14.4,13.2,11.2,0.29,0.285,0.302,0.352,1,3600.0,644.0,553.0,91.0,866.7,644.0,868.7,710.9,610.4,100.5,866.7,710.9,959.0,25.04370405944379,88.10725314745348,55.955570815971676,278.78664428710937,8.862318748561215,74.51911162387422
39.964848,-6.913391,295.0,2015-04-13 11:00:00,19.4,40,5.3,16.6,0.0,0.0,0.0,0.0,0,1022.1,987.6,0,0,0,0,0.48,1.37,20.0,28.0,98,97,46.1,18.6,14.7,13.2,11.2,0.288,0.284,0.302,0.352,1,3600.0,788.0,691.0,97.0,912.8,788.0,1030.7,834.9,732.1,102.8,912.8,834.9,1092.0,27.890209860592,88.91963621034016,58.937484415971674,283.2326442871094,10.058919834973551,77.53802247727698
39.964848,-6.913391,295.0,2015-04-13 12:00:00,20.5,38,5.6,18.2,0.0,0.0,0.0,0.0,0,1021.5,987.2,0,0,0,0,0.55,1.51,19.9,27.2,103,101,45.7,19.9,15.0,13.2,11.2,0.287,0.284,0.302,0.352,1,3600.0,877.0,776.0,101.0,933.6,877.0,1131.7,898.8,795.3,103.5,933.6,898.8,1159.8,8.306251525878906,87.63097381591797,12.587442398071289,198.55117797851562,5.013534069061279,21.66274642944336
39.964848,-6.913391,295.0,2015-04-13 13:00:00,21.3,37,6.0,19.2,0.0,0.0,0.0,0.0,0,1020.8,986.6,0,0,0,0,0.58,1.6,19.8,27.2,106,105,44.6,20.8,15.3,13.3,11.2,0.285,0.284,0.302,0.352,1,3600.0,907.0,804.0,103.0,939.7,907.0,1164.9,901.6,799.2,102.4,939.7,901.6,1158.0,17.443974903441692,89.61981747379924,16.00864278207129,203.33917797851564,11.010736803123343,26.751921142471513
39.964848,-6.913391,295.0,2015-04-13 14:00:00,21.9,37,6.6,19.8,0.0,0.0,0.0,0.0,0,1020.7,986.5,0,0,0,0,0.57,1.66,19.6,27.0,107,106,44.3,21.5,15.6,13.3,11.2,0.284,0.283,0.302,0.352,1,3600.0,870.0,769.0,101.0,928.1,870.0,1128.0,838.0,740.7,97.3,928.1,838.0,1086.5,19.587536338544474,90.00809521185545,19.52148246207129,208.23517797851562,11.524207837732272,31.629917695872997
39.964848,-6.913391,295.0,2015-04-13 15:00:00,22.3,37,6.9,19.8,0.0,0.0,0.0,0.0,0,1020.1,986.0,2,0,3,0,0.52,1.69,18.8,25.9,107,106,44.3,21.7,16.0,13.3,11.2,0.282,0.283,0.302,0.352,1,3600.0,764.0,655.0,109.0,871.1,764.0,1023.6,709.4,608.2,101.2,871.1,709.4,950.4,20.618665121722454,90.12156560878726,23.095415006071292,213.2031779785156,11.250227128200434,36.347417872178525
39.964848,-6.913391,295.0,2015-04-13 16:00:00,22.5,37,7.2,19.7,0.0,0.0,0.0,0.0,0,1019.6,985.5,6,0,10,0,0.44,1.71,16.7,23.3,109,110,42.5,21.6,16.3,13.3,11.2,0.281,0.283,0.301,0.352,1,3600.0,614.0,511.0,103.0,810.0,614.0,858.9,542.5,451.5,91.0,810.0,542.5,758.9,20.36651073388585,90.17096322035052,26.69989398207129,218.2071779785156,10.192389307580342,40.891154091839816
39.964848,-6.913391,295.0,2015-04-13 17:00:00,22.0,38,7.1,19.1,0.0,0.0,0.0,0.0,1,1019.5,985.4,24,0,40,0,0.29,1.63,14.8,21.3,113,114,38.2,20.8,16.5,13.3,11.2,0.28,0.282,0.301,0.352,1,3600.0,343.0,212.0,131.0,447.5,343.0,645.0,279.3,172.6,106.7,447.5,279.3,525.1,20.07498448774201,90.2203771405523,30.17200508607129,223.1211779785156,9.327556357851293,45.097882886589254
39.964848,-6.913391,295.0,2015-04-13 18:00:00,21.2,43,8.1,19.4,0.0,0.0,0.0,0.0,1,1019.2,985.0,27,0,45,0,0.16,1.44,9.1,15.5,97,102,31.3,19.9,16.7,13.3,11.2,0.28,0.282,0.301,0.352,1,3600.0,171.0,81.0,90.0,278.0,171.0,396.6,114.2,54.1,60.1,278.0,114.2,265.0,17.01064096620998,90.26980737477689,33.25355823807129,227.8911779785156,7.0485617167163195,48.73042852640415
39.964848,-6.913391,295.0,2015-04-13 19:00:00,19.9,46,7.9,18.3,0.0,0.0,0.0,0.0,0,1019.5,985.2,19,2,28,0,0.07,1.26,7.5,16.3,55,76,17.6,18.8,16.7,13.3,11.2,0.279,0.282,0.301,0.352,1,2223.23,54.0,32.0,22.0,239.2,54.0,130.6,0.0,0.0,0.0,0.0,0.0,0.0,15.746756997306369,89.80207165657494,36.002737118071295,232.4271779785156,6.081233651625066,51.90528324384796
39.964848,-6.913391,295.0,2015-04-13 20:00:00,18.3,50,7.6,16.4,0.0,0.0,0.0,0.0,0,1019.8,985.3,8,0,14,0,0.05,1.06,8.9,19.5,47,67,15.5,17.6,16.7,13.3,11.2,0.279,0.282,0.301,0.352,0,0.0,0.0,0.0,0.0,0.0,0.0,0.0,0.0,0.0,0.0,0.0,0.0,0.0,15.599009314572658,88.97169255666012,38.354327518071294,236.6751779785156,5.792733069797147,54.59159299888079
39.964848,-6.913391,295.0,2015-04-13 21:00:00,17.3,53,7.5,15.3,0.0,0.0,0.0,0.0,0,1020.4,985.7,5,0,9,0,0.05,0.93,9.4,21.9,50,70,17.3,16.8,16.7,13.4,11.2,0.279,0.282,0.301,0.352,0,0.0,0.0,0.0,0.0,0.0,0.0,0.0,0.0,0.0,0.0,0.0,0.0,0.0,15.048877174243156,88.25399213882622,40.45087945407129,240.7431779785156,5.359086642215667,56.97055924095467
39.964848,-6.913391,295.0,2015-04-13 22:00:00,16.4,55,7.4,14.5,0.0,0.0,0.0,0.0,0,1020.6,985.8,2,0,4,0,0.04,0.84,8.9,23.2,58,77,18.4,16.0,16.6,13.4,11.2,0.279,0.282,0.301,0.352,0,0.0,0.0,0.0,0.0,0.0,0.0,0.0,0.0,0.0,0.0,0.0,0.0,0.0,14.196597772541727,87.71380731204884,42.36003145407129,244.6491779785156,4.836558568742574,59.12633776201695
39.964848,-6.913391,295.0,2015-04-13 23:00:00,16.0,56,7.1,13.9,0.0,0.0,0.0,0.0,0,1019.7,984.9,0,0,0,0,0.05,0.81,10.0,25.0,64,83,20.2,15.5,16.4,13.4,11.2,0.279,0.282,0.301,0.352,0,0.0,0.0,0.0,0.0,0.0,0.0,0.0,0.0,0.0,0.0,0.0,0.0,0.0,14.574349613207843,87.39133300810843,44.18408982207129,248.4831779785156,4.881911806526288,61.17400669619979
39.964848,-6.913391,295.0,2015-04-14 00:00:00,15.9,55,6.9,13.4,0.0,0.0,0.0,0.0,0,1020.0,985.2,3,0,0,9,0.06,0.82,12.2,28.5,76,87,24.8,15.2,16.3,13.4,11.2,0.279,0.282,0.301,0.352,0,0.0,0.0,0.0,0.0,0.0,0.0,0.0,0.0,0.0,0.0,0.0,0.0,0.0,16.189723238417674,87.41265885519621,46.03869462207129,252.29917797851562,5.4708834922359975,63.231649285458964
39.964848,-6.913391,295.0,2015-04-14 01:00:00,15.8,54,6.6,12.8,0.0,0.0,0.0,0.0,0,1019.6,984.8,19,0,0,62,0.07,0.82,14.8,31.3,84,91,29.5,15.1,16.2,13.4,11.2,0.279,0.282,0.301,0.352,0,0.0,0.0,0.0,0.0,0.0,0.0,0.0,0.0,0.0,0.0,0.0,0.0,0.0,18.259100110505038,87.46116212025913,47.92336099007129,256.0971779785156,6.280074888272407,65.29851189753647
39.964848,-6.913391,295.0,2015-04-14 02:00:00,15.4,53,5.8,11.9,0.0,0.0,0.0,0.0,1,1019.4,984.5,29,0,0,96,0.08,0.83,16.6,33.1,86,91,32.8,15.0,16.0,13.4,11.2,0.279,0.282,0.301,0.352,0,0.0,0.0,0.0,0.0,0.0,0.0,0.0,0.0,0.0,0.0,0.0,0.0,0.0,19.934387386293064,87.50968139869177,49.80342115007129,259.8231779785156,6.924157534073019,67.33809424827288
39.964848,-6.913391,295.0,2015-04-14 03:00:00,15.1,51,4.9,11.4,0.0,0.0,0.0,0.0,1,1019.2,984.3,30,0,0,100,0.08,0.85,16.6,32.8,89,93,34.2,14.9,15.9,13.4,11.2,0.278,0.282,0.301,0.352,0,0.0,0.0,0.0,0.0,0.0,0.0,0.0,0.0,0.0,0.0,0.0,0.0,0.0,20.35698232392034,87.55821669578094,51.72784636607129,263.49517797851564,6.972358042244705,69.3967655829272
39.964848,-6.913391,295.0,2015-04-14 04:00:00,14.7,50,4.3,11.0,0.0,0.0,0.0,0.0,1,1019.2,984.3,30,0,0,100,0.09,0.85,16.6,32.1,88,93,34.2,14.8,15.8,13.4,11.2,0.278,0.282,0.301,0.352,0,0.0,0.0,0.0,0.0,0.0,0.0,0.0,0.0,0.0,0.0,0.0,0.0,0.0,20.773236137299513,87.60676801681521,53.64305916607129,267.09517797851566,7.020925812625789,71.42423487849648
39.964848,-6.913391,295.0,2015-04-14 05:00:00,14.4,48,3.6,10.6,0.0,0.0,0.0,0.0,1,1019.0,984.0,36,0,10,100,0.09,0.85,16.3,31.7,85,89,34.2,14.6,15.7,13.5,11.2,0.278,0.282,0.301,0.352,0,0.0,0.0,0.0,0.0,0.0,0.0,0.0,0.0,0.0,0.0,0.0,0.0,0.0,20.96151333128771,87.6553353670849,55.59706108607129,270.64117797851566,6.963791858399708,73.46489951280027
39.964848,-6.913391,295.0,2015-04-14 06:00:00,14.2,47,3.0,10.3,0.0,0.0,0.0,0.0,1,1018.7,983.7,30,0,0,100,0.09,0.86,15.9,31.3,84,88,33.1,14.5,15.6,13.5,11.2,0.278,0.282,0.301,0.352,1,0.0,0.0,0.0,0.0,0.0,0.0,0.0,0.0,0.0,0.0,0.0,0.0,15.2,21.0655881085469,87.70391875188204,57.562942174071296,274.15117797851565,6.872435243154228,75.49635825428606
39.964848,-6.913391,295.0,2015-04-14 07:00:00,14.7,47,3.4,10.9,0.0,0.0,0.0,0.0,1,1019.0,984.1,30,0,0,100,0.11,0.9,15.9,30.3,84,88,34.2,14.6,15.5,13.5,11.2,0.278,0.282,0.301,0.352,1,80.73,46.0,9.0,37.0,63.9,46.0,149.9,87.2,17.1,70.2,81.7,68.2,284.2,21.477356898636394,87.75251817650047,59.5930677420713,277.75117797851567,6.920397154348267,77.5754952091745
39.964848,-6.913391,295.0,2015-04-14 08:00:00,15.7,45,3.9,12.1,0.0,0.0,0.0,0.0,1,1018.6,983.8,30,0,0,100,0.16,0.97,14.6,26.7,81,86,34.9,15.2,15.4,13.5,11.2,0.277,0.282,0.301,0.352,1,1737.5,169.0,36.0,133.0,117.9,169.0,415.5,221.0,47.1,173.9,117.9,221.0,543.4,20.910038244472723,87.80113364623571,61.8331394220713,281.53117797851564,6.526853489966051,79.83213343522488
39.964848,-6.913391,295.0,2015-04-14 09:00:00,17.2,40,3.6,13.0,0.0,0.0,0.0,0.0,1,1018.6,984.0,30,0,0,100,0.26,1.17,18.7,28.4,88,89,39.6,16.4,15.4,13.5,11.2,0.277,0.282,0.301,0.352,1,3600.0,336.0,116.0,220.0,238.3,336.0,662.4,393.2,135.8,257.5,238.3,393.2,775.1,26.482939800472952,88.53838238928476,64.4950427820713,285.58117797851565,8.919358273710861,82.44313315614932
39.964848,-6.913391,295.0,2015-04-14 10:00:00,18.9,37,3.8,14.6,0.0,0.0,0.0,0.0,1,1018.2,983.8,30,0,0,100,0.37,1.38,19.6,28.2,96,95,43.9,17.8,15.5,13.5,11.2,0.276,0.282,0.301,0.352,1,3600.0,513.0,225.0,288.0,350.4,513.0,873.7,565.8,248.2,317.7,350.4,565.8,963.7,30.228030835314044,89.39083969994273,67.5496859820713,289.93717797851565,10.548060326046377,85.37349171626627
39.964848,-6.913391,295.0,2015-04-14 11:00:00,20.3,35,4.1,16.4,0.0,0.0,0.0,0.0,1,1018.0,983.7,35,0,8,100,0.44,1.56,19.4,27.5,105,104,44.3,19.0,15.7,13.5,11.2,0.275,0.281,0.301,0.352,1,3600.0,624.0,270.0,354.0,354.9,624.0,1035.2,660.8,285.9,374.9,354.9,660.8,1096.2,32.62556022916903,90.06594168799427,70.9219151020713,294.54517797851565,11.50356717129975,88.54385768084023
39.964848,-6.913391,295.0,2015-04-14 12:00:00,21.0,34,4.7,17.6,0.0,0.0,0.0,0.0,2,1017.5,983.3,74,0,73,100,0.46,1.63,17.9,25.1,112,111,43.9,19.9,15.9,13.5,11.2,0.273,0.281,0.301,0.352,1,3600.0,647.0,267.0,380.0,319.9,647.0,1135.7,662.9,273.6,389.4,319.9,662.9,1163.7,10.02587890625,87.67021179199219,14.791543960571289,202.9517822265625,5.699951171875,24.967121124267578
39.964848,-6.913391,295.0,2015-04-14 13:00:00,20.9,36,5.3,17.3,0.0,0.0,0.0,0.0,2,1017.0,982.8,77,0,78,100,0.39,1.58,16.8,23.4,113,113,42.5,20.0,16.1,13.5,11.2,0.273,0.281,0.301,0.352,1,2321.96,498.0,118.0,380.0,137.4,498.0,1168.6,495.0,117.3,377.7,137.4,495.0,1161.6,16.600290897320388,89.69958341995833,18.20498652057129,207.6677822265625,9.57485460961349,29.864803421057825
39.964848,-6.913391,295.0,2015-04-14 14:00:00,20.9,38,6.0,17.5,0.0,0.0,0.0,0.0,1,1015.8,981.7,47,0,29,100,0.36,1.54,17.0,24.1,103,104,39.6,20.1,16.3,13.5,11.2,0.272,0.28,0.301,0.352,1,0.0,426.0,48.0,378.0,57.7,426.0,1131.5,410.4,46.2,364.1,57.7,410.4,1090.0,18.038289155205835,89.74884171395621,21.51175900057129,212.38378222656252,9.74039163545602,34.330434010870526
39.964848,-6.913391,295.0,2015-04-14 15:00:00,21.2,38,6.4,17.7,0.0,0.0,0.0,0.0,2,1014.9,980.8,64,0,57,100,0.32,1.56,17.9,25.0,105,105,36.0,20.0,16.5,13.5,11.2,0.271,0.28,0.3,0.352,1,0.0,350.0,43.0,307.0,57.0,350.0,1027.0,325.1,39.9,285.1,57.0,325.1,953.8,19.90054496188795,89.79811627059685,24.86362383257129,217.15378222656253,10.264553616248733,38.660807144792656
39.964848,-6.913391,295.0,2015-04-14 16:00:00,21.8,38,6.9,18.6,0.0,0.0,0.0,0.0,2,1014.1,980.1,74,0,75,96,0.32,1.62,16.8,23.6,105,106,34.2,20.3,16.7,13.6,11.2,0.27,0.28,0.3,0.352,1,2507.7,353.0,91.0,262.0,143.6,353.0,862.3,312.1,80.5,231.7,143.6,312.1,762.4,20.277845724518606,89.85591243952817,28.305673368571288,222.03178222656254,9.791866197167055,42.92927391426275
39.964848,-6.913391,295.0,2015-04-14 17:00:00,22.4,38,7.3,19.7,0.0,0.0,0.0,0.0,1,1013.4,979.5,43,0,33,77,0.3,1.69,14.0,20.6,102,102,29.5,20.6,16.9,13.6,11.2,0.269,0.28,0.3,0.352,1,3600.0,369.0,224.0,145.0,469.9,369.0,648.6,300.9,182.6,118.2,469.9,300.9,528.8,19.391701909462704,89.94964677373595,31.83790760857129,227.01778222656253,8.618339277100597,47.145957636849474
39.964848,-6.913391,295.0,2015-04-14 18:00:00,22.0,43,8.8,20.4,0.0,0.0,0.0,0.0,1,1013.1,979.2,25,0,20,43,0.17,1.51,8.7,15.9,73,84,26.3,20.2,17.0,13.6,11.2,0.269,0.279,0.3,0.352,1,3600.0,204.0,128.0,76.0,434.9,204.0,400.5,137.0,86.0,51.1,434.9,137.0,269.0,16.651719735541583,89.99898762623643,35.03000975257129,231.93178222656252,6.645196109597411,50.856960949166414
39.964848,-6.913391,295.0,2015-04-14 19:00:00,20.4,47,8.7,18.9,0.0,0.0,0.0,0.0,1,1012.4,978.3,23,0,18,40,0.08,1.28,8.4,17.8,59,76,16.9,19.0,17.1,13.6,11.2,0.269,0.279,0.3,0.352,1,2281.67,59.0,33.0,26.0,243.9,59.0,134.9,0.3,0.2,0.1,2.0,0.2,0.7,16.38296362951228,89.65262006473942,37.792522392571286,236.55778222656252,6.228462396141622,54.01244505795232
39.964848,-6.913391,295.0,2015-04-14 20:00:00,18.4,57,9.8,17.6,0.0,0.0,0.0,0.0,2,1013.4,979.1,54,0,47,86,0.02,0.91,5.7,16.8,108,121,14.0,17.8,17.0,13.6,11.2,0.269,0.279,0.3,0.352,0,0.0,0.0,0.0,0.0,0.0,0.0,0.0,0.0,0.0,0.0,0.0,0.0,0.0,12.699721822920223,88.08870451227568,39.825314712571284,240.8237822265625,4.343369767973824,56.35280414967488
39.964848,-6.913391,295.0,2015-04-14 21:00:00,16.5,61,9.0,14.8,0.0,0.0,0.0,0.0,2,1014.5,979.9,55,0,42,98,0.04,0.73,9.6,22.3,193,194,14.8,16.5,16.9,13.6,11.2,0.27,0.279,0.3,0.352,0,0.0,0.0,0.0,0.0,0.0,0.0,0.0,0.0,0.0,0.0,0.0,0.0,0.0,13.237460467975223,86.9109879215914,41.489367960571286,244.74778222656252,4.467979112126566,58.27988500812746
39.964848,-6.913391,295.0,2015-04-14 22:00:00,15.4,71,10.1,13.9,0.4,0.4,0.0,0.0,51,1015.4,980.7,52,1,35,99,0.03,0.51,10.8,22.3,210,218,22.0,15.7,16.8,13.6,11.2,0.278,0.279,0.3,0.352,0,0.0,0.0,0.0,0.0,0.0,0.0,0.0,0.0,0.0,0.0,0.0,0.0,0.0,11.522107686703835,85.11641769133416,42.649405080571285,248.47378222656252,3.6900206799772803,59.686509255055356
39.964848,-6.913391,295.0,2015-04-14 23:00:00,14.1,87,11.9,13.6,1.1,1.1,0.0,0.0,55,1016.2,981.3,47,3,32,83,0.0,0.22,7.2,18.2,233,236,20.9,15.3,16.7,13.7,11.2,0.29,0.279,0.3,0.352,0,0.0,0.0,0.0,0.0,0.0,0.0,0.0,0.0,0.0,0.0,0.0,0.0,0.0,2.856773282432247,69.33563599244181,43.128450712571286,251.9657822265625,0.8803673243586964,60.40738863998758
39.964848,-6.913391,295.0,2015-04-15 00:00:00,13.6,85,11.2,13.6,0.5,0.5,0.0,0.0,53,1016.2,981.2,35,1,32,51,0.0,0.23,2.5,2.5,45,262,18.7,14.7,16.5,13.7,11.2,0.297,0.28,0.3,0.352,0,0.0,0.0,0.0,0.0,0.0,0.0,0.0,0.0,0.0,0.0,0.0,0.0,0.0,0.6086088339685617,55.45002313977435,39.45178810686748,255.3677822265625,0.32958759080708594,56.91973913781398
39.964848,-6.913391,295.0,2015-04-15 01:00:00,12.7,91,11.2,12.1,0.3,0.3,0.0,0.0,51,1015.9,980.8,25,0,29,24,0.0,0.13,6.5,10.8,71,94,16.6,14.3,16.3,13.7,11.2,0.301,0.28,0.3,0.352,0,0.0,0.0,0.0,0.0,0.0,0.0,0.0,0.0,0.0,0.0,0.0,0.0,0.0,0.16746950910929287,43.99564617498264,34.350779763671135,258.6077822265625,0.09734751901679436,51.57487781971944
39.964848,-6.913391,295.0,2015-04-15 02:00:00,12.2,92,11.0,11.5,0.2,0.2,0.0,0.0,51,1015.7,980.6,33,2,29,45,0.0,0.11,7.0,17.2,78,100,16.6,13.9,16.1,13.7,11.2,0.304,0.28,0.3,0.352,0,0.0,0.0,0.0,0.0,0.0,0.0,0.0,0.0,0.0,0.0,0.0,0.0,0.0,0.033052815932668775,35.8675183205721,28.96489934640718,261.7577822265625,0.021042913063216945,45.37682689190555
39.964848,-6.913391,295.0,2015-04-15 03:00:00,11.7,94,10.8,11.0,0.2,0.2,0.0,0.0,51,1015.2,980.0,40,7,37,38,0.0,0.08,6.5,17.0,87,103,13.3,13.6,15.9,13.7,11.2,0.306,0.28,0.3,0.352,0,0.0,0.0,0.0,0.0,0.0,0.0,0.0,0.0,0.0,0.0,0.0,0.0,0.0,0.003972691994418581,28.153222479521666,23.602968361219613,264.8177822265625,0.0028321571145592454,38.60407204241069
39.964848,-6.913391,295.0,2015-04-15 04:00:00,11.9,95,11.0,11.2,0.0,0.0,0.0,0.0,1,1015.2,980.0,39,11,34,30,0.0,0.08,7.0,17.7,102,117,14.0,13.6,15.7,13.7,11.2,0.306,0.28,0.3,0.352,0,0.0,0.0,0.0,0.0,0.0,0.0,0.0,0.0,0.0,0.0,0.0,0.0,0.0,0.000710120444757122,23.069312672279803,19.02416562479274,267.9137822265625,0.0005719937906893105,32.31222221154991
39.964848,-6.913391,295.0,2015-04-15 05:00:00,12.2,94,11.2,11.5,0.2,0.2,0.0,0.0,51,1015.3,980.2,33,6,18,56,0.0,0.09,7.3,16.9,101,119,13.7,13.6,15.5,13.7,11.2,0.31,0.28,0.3,0.352,0,0.0,0.0,0.0,0.0,0.0,0.0,0.0,0.0,0.0,0.0,0.0,0.0,0.0,0.0003006021095666258,21.049594520065146,14.743529482009999,266.7145123423411,0.0002806697742376962,25.90684232811325
39.964848,-6.913391,295.0,2015-04-15 06:00:00,12.3,94,11.3,11.7,0.4,0.4,0.0,0.0,51,1015.2,980.1,44,13,25,59,0.01,0.09,6.9,13.4,84,110,11.9,13.6,15.4,13.7,11.2,0.316,0.28,0.3,0.352,1,0.0,0.0,0.0,0.0,0.0,0.0,1.0,0.0,0.0,0.0,0.0,0.0,21.8,0.000106140283005301,18.896397180413576,10.617158780384038,264.28881916522226,0.00011975450024440091,19.296357319133797
39.964848,-6.913391,295.0,2015-04-15 07:00:00,12.2,93,11.1,11.7,0.0,0.0,0.0,0.0,1,1015.7,980.6,46,21,20,49,0.02,0.1,6.0,11.6,73,97,13.7,13.6,15.2,13.7,11.2,0.316,0.28,0.3,0.352,1,659.49,45.0,13.0,32.0,90.8,45.0,156.3,83.6,24.2,59.5,113.1,67.1,290.4,7.469539870058177e-05,18.644201616550625,7.368869515789788,261.8787108435549,0.00010340814121088219,13.769132778127577
39.964848,-6.913391,295.0,2015-04-15 08:00:00,13.7,85,11.2,12.8,0.0,0.0,0.0,0.0,3,1015.8,980.8,87,54,33,61,0.1,0.24,8.8,12.8,102,101,20.2,14.7,15.2,13.7,11.2,0.316,0.28,0.3,0.352,1,3600.0,198.0,102.0,96.0,329.2,198.0,421.4,258.0,132.9,125.1,329.2,258.0,549.1,0.0022076368096833284,28.672683808804674,5.148177702191793,259.77177326550975,0.0036975734213376033,9.810302035717298
39.964848,-6.913391,295.0,2015-04-15 09:00:00,14.8,80,11.4,13.5,0.0,0.0,0.0,0.0,2,1015.5,980.7,54,38,29,8,0.17,0.34,11.6,15.9,116,115,27.0,15.3,15.2,13.7,11.3,0.316,0.281,0.3,0.352,1,3600.0,339.0,189.0,150.0,384.9,339.0,667.8,396.1,220.8,175.3,384.9,396.1,780.3,0.028932253177019574,39.54448491217552,3.695843467229915,257.8916727926461,0.05707497925246207,7.136021277117591
39.964848,-6.913391,295.0,2015-04-15 10:00:00,15.8,76,11.5,14.7,0.1,0.1,0.0,0.0,51,1015.9,981.2,82,41,49,51,0.24,0.43,10.7,14.3,102,102,30.6,16.4,15.2,13.7,11.3,0.316,0.281,0.3,0.351,1,3600.0,443.0,246.0,197.0,380.8,443.0,878.6,488.2,271.1,217.1,380.8,488.2,968.4,0.08010362405950032,46.59579839645491,2.8103495650175976,255.91020040468248,0.17898801638561665,5.470509303513601
39.964848,-6.913391,295.0,2015-04-15 11:00:00,16.6,71,11.4,15.6,0.1,0.1,0.0,0.0,51,1015.5,980.9,66,27,32,76,0.31,0.55,10.9,15.0,99,100,31.3,17.4,15.3,13.7,11.3,0.316,0.281,0.3,0.351,1,3600.0,569.0,371.0,198.0,485.3,569.0,1039.6,602.3,392.7,209.6,485.3,602.3,1100.4,0.15682566091654426,52.385746829176455,2.4228126569252444,253.79583334036283,0.3732534444525084,4.7326763730922545
39.964848,-6.913391,295.0,2015-04-15 12:00:00,16.9,68,10.9,15.3,0.2,0.2,0.0,0.0,51,1015.3,980.7,66,22,37,79,0.28,0.63,13.1,17.8,106,104,31.0,17.7,15.4,13.7,11.3,0.317,0.281,0.3,0.351,1,3600.0,487.0,200.0,287.0,238.6,487.0,1139.7,498.9,204.9,294.0,238.6,498.9,1167.5,0.5420946478843689,59.594566345214844,10.663856506347656,199.642333984375,0.6272131204605103,18.876819610595703
39.964848,-6.913391,295.0,2015-04-15 13:00:00,17.3,68,11.2,16.0,0.2,0.2,0.0,0.0,51,1014.7,980.2,48,8,35,67,0.33,0.64,13.2,18.7,107,106,30.2,18.4,15.6,13.7,11.3,0.318,0.281,0.3,0.351,1,3600.0,591.0,349.0,242.0,404.9,591.0,1172.2,587.4,346.9,240.5,404.9,587.4,1165.1,0.5323917717025464,58.24046777037525,8.151763034692877,197.38244355506416,0.7069531177893034,14.777748247757224
39.964848,-6.913391,295.0,2015-04-15 14:00:00,16.1,71,10.9,14.5,1.7,1.7,0.0,0.0,61,1014.5,979.9,72,15,60,74,0.25,0.53,13.2,18.0,119,119,29.9,18.1,15.7,13.7,11.3,0.357,0.281,0.3,0.351,1,3600.0,429.0,231.0,198.0,276.8,429.0,1134.9,413.3,222.5,190.7,276.8,413.3,1093.3,0.22632849237008024,51.244916378394365,5.5140411065017005,190.48827820586536,0.369524519518332,10.283867543928622
39.964848,-6.913391,295.0,2015-04-15 15:00:00,16.4,70,10.9,15.2,1.9,1.9,0.0,0.0,61,1013.2,978.7,39,10,24,53,0.29,0.56,10.5,14.2,121,120,31.7,18.1,15.8,13.7,11.3,0.373,0.282,0.3,0.351,1,3600.0,534.0,300.0,234.0,395.9,534.0,1030.3,496.1,278.7,217.4,395.9,496.1,957.1,0.08201920263583838,46.01803160332816,3.702605948485272,178.99109891715648,0.1628628605411319,7.041082691455866
39.964848,-6.913391,295.0,2015-04-15 16:00:00,16.6,68,10.7,15.5,0.0,0.0,0.0,0.0,1,1012.8,978.3,48,16,25,62,0.21,0.6,9.6,13.0,124,124,29.5,17.8,15.9,13.8,11.3,0.37,0.283,0.3,0.351,1,3600.0,347.0,174.0,173.0,273.3,347.0,865.6,307.0,153.9,153.1,273.3,307.0,765.8,0.06284558695711844,45.43255526529011,2.7520934445441805,167.95828331087736,0.14256571230392556,5.287586495169677
39.964848,-6.913391,295.0,2015-04-15 17:00:00,16.7,66,10.4,15.8,0.0,0.0,0.0,0.0,1,1012.8,978.3,42,11,18,70,0.17,0.65,7.1,9.4,139,137,18.7,17.8,16.0,13.8,11.3,0.368,0.283,0.3,0.351,1,3600.0,286.0,159.0,127.0,331.5,286.0,652.1,233.5,129.8,103.7,331.5,233.5,532.5,0.04377118300178896,44.39997395368636,2.298096305152506,157.34352797857747,0.10705679029184614,4.434279356912074
39.964848,-6.913391,295.0,2015-04-15 18:00:00,15.9,70,10.5,15.3,0.3,0.3,0.0,0.0,51,1012.8,978.2,48,15,18,80,0.09,0.54,5.4,7.1,138,135,12.6,17.1,16.0,13.8,11.3,0.38,0.284,0.3,0.351,1,3600.0,133.0,66.0,67.0,222.0,133.0,404.3,89.8,44.6,45.2,222.0,89.8,273.0,0.014906721220972845,39.331112491103326,1.7991403782803153,146.25932051443343,0.04005967887951788,3.490925793960573
39.964848,-6.913391,295.0,2015-04-15 19:00:00,14.1,81,11.0,13.4,0.4,0.4,0.0,0.0,51,1013.6,978.8,58,17,26,90,0.03,0.3,7.3,12.5,169,168,14.0,15.8,16.0,13.8,11.3,0.39,0.286,0.3,0.351,1,1394.74,40.0,18.0,22.0,131.5,40.0,139.1,1.5,0.7,0.8,7.7,1.1,5.2,0.0019159171046804592,30.850758378317284,0.9719063732882292,134.34356730878451,0.0062686930929405395,1.9092810883925158
39.964848,-6.913391,295.0,2015-04-15 20:00:00,13.0,89,11.1,12.4,0.2,0.2,0.0,0.0,51,1014.6,979.6,70,25,30,98,0.0,0.17,6.5,12.7,186,188,16.2,14.9,15.9,13.8,11.3,0.394,0.288,0.3,0.351,0,0.0,0.0,0.0,0.0,0.0,0.0,0.0,0.0,0.0,0.0,0.0,0.0,0.0,5.1662234352575765e-05,20.350377687036357,0.37601203199999994,122.23351090669192,0.00020714351788859376,0.7462848018550542
39.964848,-6.913391,295.0,2015-04-15 21:00:00,12.0,94,11.1,12.1,0.2,0.2,0.0,0.0,51,1014.9,979.8,74,30,32,92,0.0,0.09,1.8,5.9,169,194,12.6,14.2,15.7,13.8,11.3,0.391,0.29,0.3,0.351,0,0.0,0.0,0.0,0.0,0.0,0.0,0.0,0.0,0.0,0.0,0.0,0.0,0.0,2.9612752291902726e-07,9.800502487751524,0.190551552,109.96728600940956,1.2954881667514525e-06,0.37945928432025805
39.964848,-6.913391,295.0,2015-04-15 22:00:00,12.1,91,10.7,12.1,0.1,0.1,0.0,0.0,51,1015.1,980.0,66,10,46,98,0.0,0.13,1.5,3.8,225,229,7.6,13.8,15.6,13.8,11.3,0.388,0.291,0.3,0.351,0,0.0,0.0,0.0,0.0,0.0,0.0,0.0,0.0,0.0,0.0,0.0,0.0,0.0,2.8908057088828625e-07,9.696504048503504,0.288009216,97.967835670849,1.2053634244458165e-06,0.5718158223991587
39.964848,-6.913391,295.0,2015-04-15 23:00:00,12.3,88,10.4,12.1,0.0,0.0,0.0,0.0,2,1015.3,980.2,51,13,17,97,0.0,0.17,2.5,3.9,352,304,5.8,13.3,15.4,13.8,11.3,0.384,0.293,0.3,0.351,0,0.0,0.0,0.0,0.0,0.0,0.0,0.0,0.0,0.0,0.0,0.0,0.0,0.0,1.930811773630121e-06,13.187010613655577,0.389830656,87.24906754047889,7.700909268945608e-06,0.7710486582284946
39.964848,-6.913391,295.0,2015-04-16 00:00:00,11.7,91,10.2,11.5,0.0,0.0,0.0,0.0,2,1015.5,980.3,79,17,57,97,0.0,0.13,1.8,2.1,143,211,6.1,12.6,15.2,13.8,11.3,0.38,0.294,0.3,0.351,0,0.0,0.0,0.0,0.0,0.0,0.0,0.0,0.0,0.0,0.0,0.0,0.0,0.0,7.131594649270047e-07,11.369695729211934,0.279281664,78.95017887392522,2.986395614195984e-06,0.5536669167437045
39.964848,-6.913391,295.0,2015-04-16 01:00:00,10.5,93,9.4,10.3,0.0,0.0,0.0,0.0,2,1015.4,980.1,74,19,47,96,0.0,0.09,0.5,4.4,315,235,6.8,12.0,14.9,13.8,11.3,0.377,0.295,0.3,0.351,0,0.0,0.0,0.0,0.0,0.0,0.0,0.0,0.0,0.0,0.0,0.0,0.0,0.0,1.0123505224850112e-07,8.010089420872651,0.19685478400000003,71.63436184769212,4.415222488435016e-07,0.3910231901344247
39.964848,-6.913391,295.0,2015-04-16 02:00:00,10.9,92,9.6,10.7,0.0,0.0,0.0,0.0,2,1014.8,979.5,51,11,21,96,0.0,0.11,1.0,3.9,315,248,7.9,12.0,14.7,13.8,11.3,0.376,0.296,0.3,0.351,0,0.0,0.0,0.0,0.0,0.0,0.0,0.0,0.0,0.0,0.0,0.0,0.0,0.0,1.3497569879023824e-07,8.432547082665408,0.23273471999999995,65.14464973225265,5.781060470205992e-07,0.4613489208036103
39.964848,-6.913391,295.0,2015-04-16 03:00:00,10.1,95,9.4,9.9,0.0,0.0,0.0,0.0,1,1014.7,979.3,47,10,28,72,0.0,0.06,0.4,2.4,360,243,5.8,11.9,14.5,13.8,11.3,0.374,0.297,0.3,0.351,0,0.0,0.0,0.0,0.0,0.0,0.0,0.0,0.0,0.0,0.0,0.0,0.0,0.0,2.6612597950990792e-08,5.867893186862197,0.13576192,59.03651749094902,1.2003739864117447e-07,0.2699717547261266
39.964848,-6.913391,295.0,2015-04-16 04:00:00,9.8,97,9.3,9.5,0.0,0.0,0.0,0.0,1,1014.8,979.4,29,22,16,0,0.0,0.04,1.1,2.9,342,263,6.1,11.7,14.3,13.8,11.3,0.372,0.298,0.3,0.351,0,0.0,0.0,0.0,0.0,0.0,0.0,0.0,0.0,0.0,0.0,0.0,0.0,0.0,7.45354506616366e-09,3.9161518024040314,0.07927526400000001,53.378216945431184,3.4818714833576105e-08,0.157964022851894
39.964848,-6.913391,295.0,2015-04-16 05:00:00,9.8,97,9.4,9.3,0.0,0.0,0.0,0.0,2,1015.2,979.8,79,59,23,39,0.0,0.03,2.6,5.5,344,293,7.2,11.4,14.1,13.8,11.3,0.369,0.299,0.3,0.351,0,0.0,0.0,0.0,0.0,0.0,0.0,0.0,0.0,0.0,0.0,0.0,0.0,0.0,4.4781261650216174e-09,3.0640137287260645,0.07927526400000001,47.8363649553768,2.0919729820232495e-08,0.15789635646360886
39.964848,-6.913391,295.0,2015-04-16 06:00:00,9.6,98,9.2,9.0,0.0,0.0,0.0,0.0,3,1015.5,980.1,100,70,17,98,0.01,0.03,2.5,5.4,352,318,7.6,11.5,13.9,13.8,11.3,0.367,0.3,0.3,0.351,1,0.0,0.0,0.0,0.0,0.0,0.0,4.3,0.0,0.0,0.0,0.0,0.0,28.4,1.91462336099851e-09,1.9059547677423774,0.051880448,42.732031533506316,9.117772837259957e-09,0.1034469118563305
39.964848,-6.913391,295.0,2015-04-16 07:00:00,9.9,95,9.2,9.5,0.0,0.0,0.0,0.0,3,1016.2,980.8,92,67,5,95,0.02,0.06,1.8,3.7,323,331,9.7,12.1,13.8,13.8,11.3,0.365,0.3,0.3,0.351,1,1106.44,52.0,16.0,36.0,110.0,52.0,162.6,94.8,29.2,65.6,133.7,78.0,296.5,1.0048608475778595e-08,4.258740871762675,0.1333376,38.4935019884437,4.539927026110864e-08,0.2643856867622969
39.964848,-6.913391,295.0,2015-04-16 08:00:00,11.1,90,9.5,10.5,0.0,0.0,0.0,0.0,2,1017.0,981.7,79,66,5,55,0.09,0.13,3.3,4.2,283,290,12.2,13.1,13.7,13.8,11.3,0.363,0.301,0.3,0.351,1,3600.0,194.0,80.0,114.0,254.5,194.0,427.3,251.8,103.9,148.0,254.5,251.8,554.7,4.4767478568967496e-07,10.331862656257252,0.2957670399999999,34.543856079069336,1.8634432955250766e-06,0.5791375344376397
39.964848,-6.913391,295.0,2015-04-16 09:00:00,12.6,83,9.8,11.8,0.0,0.0,0.0,0.0,2,1017.6,982.5,68,66,10,10,0.17,0.25,5.5,6.9,238,242,17.6,14.0,13.8,13.8,11.3,0.362,0.301,0.3,0.351,1,3600.0,361.0,201.0,160.0,405.9,361.0,673.1,421.2,234.5,186.7,405.9,421.2,785.4,7.889653120880322e-05,21.437742125517268,0.5646241279999998,30.931446449537884,0.00029591415128149426,1.0799639689528193
39.964848,-6.913391,295.0,2015-04-16 10:00:00,14.1,73,9.3,12.6,0.1,0.1,0.0,0.0,51,1018.5,983.5,79,70,27,0,0.26,0.44,9.4,12.3,230,232,24.8,15.2,13.9,13.8,11.3,0.36,0.302,0.3,0.351,1,3600.0,514.0,341.0,173.0,524.6,514.0,883.5,566.1,375.5,190.5,524.6,566.1,972.9,0.006906563503674446,35.70147842377996,0.994940928,27.47644379196102,0.022882259129208295,1.8246979376288648
39.964848,-6.913391,295.0,2015-04-16 11:00:00,15.6,62,8.3,13.8,0.0,0.0,0.0,0.0,2,1018.3,983.5,66,55,27,0,0.33,0.68,11.5,15.0,238,240,28.8,16.4,14.0,13.8,11.3,0.357,0.302,0.3,0.351,1,3600.0,613.0,417.0,196.0,542.9,613.0,1043.9,648.6,441.2,207.4,542.9,648.6,1104.5,0.0819022767684455,48.49990663246594,1.538473472,24.52272848631418,0.24222426734419142,2.6597824418555995
39.964848,-6.913391,295.0,2015-04-16 12:00:00,17.0,53,7.4,15.0,0.0,0.0,0.0,0.0,2,1018.0,983.4,69,67,14,0,0.37,0.91,12.9,17.4,243,246,31.3,17.6,14.3,13.8,11.3,0.355,0.302,0.299,0.351,1,3600.0,637.0,367.0,270.0,436.2,637.0,1143.6,652.4,375.9,276.5,436.2,652.4,1171.2,0.31283921003341675,53.11592102050781,6.813933849334717,179.75230407714844,0.45737048983573914,12.422403335571289
39.964848,-6.913391,295.0,2015-04-16 13:00:00,17.7,49,6.8,14.8,0.0,0.0,0.0,0.0,3,1017.7,983.2,100,89,27,34,0.35,1.04,14.8,20.3,247,247,32.4,18.1,14.5,13.8,11.3,0.352,0.302,0.299,0.351,1,3600.0,541.0,284.0,257.0,328.3,541.0,1175.8,537.6,282.2,255.4,328.3,537.6,1168.5,0.6236421469810655,62.40942048151534,5.876636535394921,174.85342666045253,0.9891017799088925,10.842279541819021
39.964848,-6.913391,295.0,2015-04-16 14:00:00,18.0,47,6.4,14.8,0.0,0.0,0.0,0.0,3,1017.2,982.7,100,98,70,87,0.33,1.11,16.0,22.0,247,249,33.8,18.2,14.7,13.8,11.3,0.35,0.302,0.299,0.351,1,3600.0,490.0,184.0,306.0,219.7,490.0,1138.3,472.1,177.3,294.8,219.7,472.1,1096.6,0.7450989520813174,66.07979699795578,5.4332314496988,170.61241983370147,1.2308082470350372,10.065140276610064
39.964848,-6.913391,295.0,2015-04-16 15:00:00,18.0,47,6.6,14.8,0.0,0.0,0.0,0.0,3,1016.9,982.4,100,100,92,96,0.29,1.09,16.3,22.3,248,249,34.2,18.2,14.9,13.8,11.3,0.348,0.302,0.299,0.351,1,3600.0,404.0,156.0,248.0,205.1,404.0,1033.6,375.4,145.0,230.4,205.1,375.4,960.4,0.9034717646276684,70.90506906771853,5.637040839644859,170.6484670305351,1.4649976078553346,10.414060960087207
39.964848,-6.913391,295.0,2015-04-16 16:00:00,17.5,50,7.1,14.6,0.0,0.0,0.0,0.0,3,1016.6,982.1,100,100,82,98,0.2,0.99,15.1,21.6,245,246,34.6,17.6,15.1,13.8,11.3,0.346,0.303,0.299,0.351,1,0.0,223.0,10.0,213.0,15.6,223.0,869.0,197.4,8.9,188.6,15.6,197.4,769.2,2.5236464961580136,78.48872334999831,7.891658439644859,174.75246703053512,2.103183132571845,14.182181637612622
39.964848,-6.913391,295.0,2015-04-16 17:00:00,17.1,54,7.7,14.5,0.0,0.0,0.0,0.0,3,1016.9,982.3,100,88,74,76,0.17,0.9,13.9,20.0,245,247,33.5,17.1,15.2,13.8,11.3,0.345,0.303,0.299,0.351,1,0.0,172.0,20.0,152.0,41.5,172.0,655.6,140.7,16.4,124.3,41.5,140.7,536.1,3.0009205872091615,79.22997612402419,9.921299143644859,178.78446703053513,2.1206639688539544,17.425159279463475
39.964848,-6.913391,295.0,2015-04-16 18:00:00,16.7,57,8.2,14.5,0.0,0.0,0.0,0.0,3,1016.9,982.3,100,85,90,43,0.11,0.81,11.9,18.3,245,248,30.6,16.6,15.3,13.8,11.3,0.343,0.303,0.299,0.351,1,0.0,81.0,7.0,74.0,23.3,81.0,408.1,55.0,4.8,50.2,23.3,55.0,277.0,2.6813703512120775,78.34609473641413,11.776873671644859,182.74446703053513,1.7675999317559798,20.285522111231007
39.964848,-6.913391,295.0,2015-04-16 19:00:00,15.7,62,8.6,13.9,0.0,0.0,0.0,0.0,3,1017.4,982.6,100,68,78,28,0.07,0.67,9.8,17.2,246,250,24.1,15.9,15.3,13.8,11.3,0.342,0.303,0.299,0.351,1,0.0,30.0,7.0,23.0,50.6,30.0,143.4,2.0,0.5,1.5,5.4,1.5,9.6,2.606100894990357,78.51929038807785,13.32455955964486,186.52446703053513,1.6146344787523457,22.611018086327668
39.964848,-6.913391,295.0,2015-04-16 20:00:00,15.2,66,9.0,13.6,0.0,0.0,0.0,0.0,3,1018.1,983.2,100,58,57,53,0.03,0.58,9.0,17.0,247,253,19.4,15.4,15.3,13.8,11.3,0.341,0.303,0.299,0.351,0,0.0,0.0,0.0,0.0,0.0,0.0,0.0,0.0,0.0,0.0,0.0,0.0,0.0,3.59688129832874,80.94196328514168,14.66811770364486,190.21446703053513,1.9821979089535073,24.59476057784296
39.964848,-6.913391,295.0,2015-04-16 21:00:00,14.6,71,9.4,13.3,0.0,0.0,0.0,0.0,2,1018.5,983.6,72,38,51,24,0.02,0.48,8.1,15.9,249,257,17.6,15.0,15.2,13.8,11.3,0.34,0.304,0.299,0.351,0,0.0,0.0,0.0,0.0,0.0,0.0,0.0,0.0,0.0,0.0,0.0,0.0,0.0,4.14741927737716,82.05833836929298,15.77191059964486,193.79646703053513,2.159227942472284,26.210948701783476
39.964848,-6.913391,295.0,2015-04-16 22:00:00,13.9,76,9.8,12.5,0.0,0.0,0.0,0.0,2,1019.1,984.1,68,30,58,21,0.01,0.38,9.4,17.3,247,253,16.2,14.5,15.1,13.8,11.3,0.34,0.304,0.299,0.351,0,0.0,0.0,0.0,0.0,0.0,0.0,0.0,0.0,0.0,0.0,0.0,0.0,0.0,4.627188077097241,82.10507390359817,16.64466579964486,197.25246703053512,2.3185650429411835,27.490116417677548
39.964848,-6.913391,295.0,2015-04-16 23:00:00,13.3,80,10.0,12.2,0.0,0.0,0.0,0.0,2,1019.0,983.9,80,31,59,55,0.01,0.3,8.2,15.6,247,255,14.0,14.1,15.0,13.8,11.3,0.339,0.304,0.299,0.351,0,0.0,0.0,0.0,0.0,0.0,0.0,0.0,0.0,0.0,0.0,0.0,0.0,0.0,4.482417008542657,82.15182486765615,17.342869959644858,200.60046703053513,2.19501521886124,28.521244803291466
39.964848,-6.913391,295.0,2015-04-17 00:00:00,12.7,84,10.1,11.6,0.0,0.0,0.0,0.0,2,1019.1,983.9,79,31,61,49,0.0,0.23,7.6,14.1,245,255,12.2,13.7,14.9,13.8,11.3,0.338,0.304,0.299,0.351,0,0.0,0.0,0.0,0.0,0.0,0.0,0.0,0.0,0.0,0.0,0.0,0.0,0.0,4.016058628244218,81.39629786628751,17.878159815644857,203.84046703053514,1.9458919878717542,29.32608879971336
39.964848,-6.913391,295.0,2015-04-17 01:00:00,12.1,88,10.1,11.1,0.0,0.0,0.0,0.0,2,1018.8,983.6,68,35,48,26,0.0,0.18,7.6,14.3,245,252,11.2,13.2,14.8,13.8,11.3,0.338,0.304,0.299,0.351,0,0.0,0.0,0.0,0.0,0.0,0.0,0.0,0.0,0.0,0.0,0.0,0.0,0.0,3.4914684396669085,80.16343649092121,18.262172103644858,206.97246703053514,1.6966498881752208,29.923590024532803
39.964848,-6.913391,295.0,2015-04-17 02:00:00,11.7,90,10.1,10.6,0.0,0.0,0.0,0.0,2,1018.7,983.4,54,41,27,3,0.0,0.14,7.9,14.2,246,254,11.9,12.9,14.7,13.8,11.3,0.337,0.305,0.299,0.351,0,0.0,0.0,0.0,0.0,0.0,0.0,0.0,0.0,0.0,0.0,0.0,0.0,0.0,3.2108117192324075,79.20640918408384,18.57248506364486,210.03246703053514,1.5637982865448201,30.420095832092674
39.964848,-6.913391,295.0,2015-04-17 03:00:00,11.4,91,10.0,10.4,0.0,0.0,0.0,0.0,2,1018.6,983.3,54,47,19,0,0.0,0.12,6.6,12.2,241,251,11.9,12.7,14.5,13.8,11.3,0.336,0.305,0.299,0.351,0,0.0,0.0,0.0,0.0,0.0,0.0,0.0,0.0,0.0,0.0,0.0,0.0,0.0,2.790589502561105,78.60432318495893,18.845221063644857,213.03846703053514,1.3847061160771659,30.86475920678789
39.964848,-6.913391,295.0,2015-04-17 04:00:00,11.0,93,9.9,10.1,0.0,0.0,0.0,0.0,2,1018.6,983.2,62,57,17,0,0.0,0.1,6.4,10.2,243,252,9.7,12.4,14.4,13.8,11.3,0.336,0.305,0.299,0.351,0,0.0,0.0,0.0,0.0,0.0,0.0,0.0,0.0,0.0,0.0,0.0,0.0,0.0,2.5126619734056814,77.71594224334184,19.050560967644856,215.97246703053514,1.2704963264476483,31.217103920726878
39.964848,-6.913391,295.0,2015-04-17 05:00:00,10.6,94,9.7,9.9,0.0,0.0,0.0,0.0,2,1018.6,983.2,79,82,9,0,0.0,0.07,4.7,7.2,238,252,9.4,12.0,14.2,13.8,11.3,0.335,0.305,0.299,0.351,0,0.0,0.0,0.0,0.0,0.0,0.0,0.0,0.0,0.0,0.0,0.0,0.0,0.0,2.0766983859264943,77.05834951280269,19.220748231644855,218.83446703053514,1.1081804630533085,31.52025115165026
39.964848,-6.913391,295.0,2015-04-17 06:00:00,10.4,95,9.6,9.8,0.0,0.0,0.0,0.0,3,1018.6,983.2,90,97,5,0,0.01,0.07,3.9,5.5,236,247,8.3,11.8,14.0,13.8,11.3,0.335,0.305,0.299,0.351,1,0.0,0.0,0.0,0.0,0.0,0.0,7.5,0.0,0.0,0.0,0.0,0.0,34.9,1.8267340181901612,76.451835328908,19.360146631644856,221.66046703053513,1.0193946590214307,31.780833131492944
39.964848,-6.913391,295.0,2015-04-17 07:00:00,11.3,92,10.0,10.7,0.0,0.0,0.0,0.0,3,1019.4,984.0,92,99,4,0,0.02,0.11,4.2,5.9,250,256,11.5,12.5,13.9,13.8,11.3,0.334,0.305,0.299,0.351,1,0.0,40.0,8.0,32.0,54.1,40.0,168.9,71.6,14.3,57.3,64.3,60.3,302.5,1.9116880139445052,76.49671987429798,19.600639175644854,224.64846703053513,1.0381067242461017,32.18163711465348
39.964848,-6.913391,295.0,2015-04-17 08:00:00,11.8,89,10.0,11.2,0.0,0.0,0.0,0.0,2,1019.7,984.4,67,73,2,2,0.07,0.15,4.0,5.1,265,266,12.6,13.4,13.9,13.8,11.4,0.334,0.306,0.299,0.351,1,270.35,128.0,22.0,106.0,69.0,128.0,433.1,165.6,28.5,137.1,69.0,165.6,560.2,1.9925376114319369,76.83715492332519,19.944650183644853,227.72646703053513,1.0526058733072536,32.724204282291026
39.964848,-6.913391,295.0,2015-04-17 09:00:00,12.9,80,9.6,12.3,0.0,0.0,0.0,0.0,3,1019.8,984.6,99,93,2,47,0.15,0.3,3.6,4.2,233,239,13.3,14.6,13.9,13.8,11.4,0.333,0.306,0.299,0.351,1,3600.0,297.0,125.0,172.0,250.3,297.0,678.4,346.0,145.6,200.4,250.3,346.0,790.4,2.403487883719616,78.38995763395457,20.623459783644854,231.00246703053514,1.1679294310874078,33.72063465711524
39.964848,-6.913391,295.0,2015-04-17 10:00:00,14.5,69,8.9,13.1,0.0,0.0,0.0,0.0,3,1019.7,984.7,100,89,0,72,0.22,0.51,7.4,10.0,219,221,17.3,15.7,14.0,13.8,11.4,0.332,0.306,0.299,0.351,1,3600.0,403.0,172.0,231.0,263.1,403.0,888.2,443.5,189.3,254.2,263.1,443.5,977.4,4.423496005984047,81.15609664379859,21.795860935644853,234.56646703053514,1.873676893392896,35.37429414545666
39.964848,-6.913391,295.0,2015-04-17 11:00:00,15.9,61,8.4,14.1,0.0,0.0,0.0,0.0,3,1019.0,984.2,96,83,0,72,0.31,0.7,9.2,12.0,222,224,22.0,17.0,14.2,13.8,11.4,0.33,0.305,0.299,0.351,1,3600.0,549.0,238.0,311.0,308.4,549.0,1048.2,580.6,251.7,328.9,308.4,580.6,1108.6,6.77730206836905,83.58213613608851,23.403185095644854,238.38246703053514,2.7681931346273823,37.58227574934403
39.964848,-6.913391,295.0,2015-04-17 12:00:00,17.0,55,7.9,15.1,0.0,0.0,0.0,0.0,3,1018.4,983.7,98,83,0,79,0.35,0.87,10.7,14.0,222,224,25.2,17.9,14.5,13.8,11.4,0.329,0.305,0.299,0.351,1,3600.0,588.0,277.0,311.0,327.9,588.0,1147.5,602.1,283.6,318.4,327.9,602.1,1174.9,0.9962075352668762,74.29078674316406,8.914205551147461,183.9041290283203,1.1713740825653076,15.775787353515625
39.964848,-6.913391,295.0,2015-04-17 13:00:00,17.3,52,7.3,14.9,0.0,0.0,0.0,0.0,3,1017.8,983.2,100,84,10,87,0.3,0.96,12.0,16.3,226,227,27.4,17.9,14.7,13.8,11.4,0.327,0.305,0.299,0.351,1,3600.0,464.0,175.0,289.0,201.6,464.0,1179.3,461.1,173.9,287.2,201.6,461.1,1171.9,4.760265336344073,83.10549249150534,11.05536497514746,187.97212902832032,2.9962608138246978,19.276427557132866
39.964848,-6.913391,295.0,2015-04-17 14:00:00,17.8,48,6.8,15.1,0.0,0.0,0.0,0.0,3,1017.4,982.9,100,86,52,90,0.32,1.06,13.0,17.6,226,227,29.2,18.2,14.9,13.8,11.4,0.326,0.305,0.299,0.351,1,3269.04,473.0,142.0,331.0,169.0,473.0,1141.6,455.7,136.8,318.9,169.0,455.7,1099.8,8.37324380056084,86.32891483248112,13.43798667114746,192.1301290283203,4.883176684719624,22.875986428810897
39.964848,-6.913391,295.0,2015-04-17 15:00:00,18.3,45,6.3,15.5,0.0,0.0,0.0,0.0,3,1016.8,982.4,100,70,64,94,0.35,1.15,13.2,17.8,225,227,30.6,18.6,15.1,13.8,11.4,0.325,0.305,0.299,0.351,1,3600.0,534.0,222.0,312.0,290.8,534.0,1036.8,496.3,206.3,290.0,290.8,496.3,963.6,10.728906103378842,87.61953338609247,16.02473611114746,196.3781290283203,5.926267422265506,26.619083946880952
39.964848,-6.913391,295.0,2015-04-17 16:00:00,18.1,44,5.7,15.2,0.0,0.0,0.0,0.0,3,1016.2,981.8,91,27,64,94,0.27,1.16,13.3,18.7,229,230,30.6,18.3,15.3,13.8,11.4,0.324,0.304,0.299,0.351,1,3600.0,359.0,127.0,232.0,197.8,359.0,872.3,318.0,112.5,205.5,197.8,318.0,772.6,12.10587181988099,88.02943669992719,18.631364975147463,200.5901290283203,6.3162123653891475,30.240643749963553
39.964848,-6.913391,295.0,2015-04-17 17:00:00,17.9,44,5.5,14.8,0.0,0.0,0.0,0.0,3,1016.1,981.6,100,33,68,100,0.23,1.14,13.6,19.2,238,240,29.9,17.9,15.4,13.8,11.4,0.322,0.304,0.299,0.351,1,3600.0,304.0,146.0,158.0,300.9,304.0,659.1,249.0,119.6,129.4,300.9,249.0,539.8,13.087353512568876,88.09746080438062,21.210841455147463,204.76612902832028,6.475246546652593,33.69570142151845
39.964848,-6.913391,295.0,2015-04-17 18:00:00,17.1,47,5.8,14.1,0.0,0.0,0.0,0.0,3,1016.3,981.7,95,41,48,99,0.16,1.03,13.2,19.5,253,254,28.4,17.2,15.5,13.8,11.4,0.322,0.304,0.298,0.351,1,3600.0,161.0,57.0,104.0,188.0,161.0,411.9,109.8,38.9,71.0,188.0,109.8,281.0,13.569942433854111,88.14619015704358,23.549340527147464,208.7981290283203,6.3905264615557975,36.73950049186999
39.964848,-6.913391,295.0,2015-04-17 19:00:00,15.4,57,6.9,12.9,0.0,0.0,0.0,0.0,2,1016.4,981.6,65,24,23,98,0.08,0.75,12.0,19.5,261,265,27.7,16.2,15.5,13.8,11.4,0.321,0.304,0.298,0.351,1,381.3,45.0,11.0,34.0,78.6,45.0,147.6,4.3,1.0,3.2,12.0,3.3,14.1,12.146336460376602,87.30559127482306,25.269395567147463,212.5241290283203,5.333877764169586,38.958307467337676
39.964848,-6.913391,295.0,2015-04-17 20:00:00,14.1,61,6.8,11.9,0.0,0.0,0.0,0.0,1,1017.1,982.2,40,9,3,100,0.03,0.62,9.8,18.4,264,269,23.8,15.2,15.5,13.8,11.4,0.321,0.304,0.298,0.351,0,0.0,0.0,0.0,0.0,0.0,0.0,0.0,0.0,0.0,0.0,0.0,0.0,0.0,10.32856244732653,86.45905969105347,26.70653246314746,216.01612902832028,4.233093007676044,40.801977312594616
39.964848,-6.913391,295.0,2015-04-17 21:00:00,13.1,65,6.7,11.1,0.0,0.0,0.0,0.0,1,1017.4,982.3,32,3,0,98,0.02,0.53,8.3,16.6,270,275,18.0,14.4,15.4,13.8,11.4,0.32,0.304,0.298,0.351,0,0.0,0.0,0.0,0.0,0.0,0.0,0.0,0.0,0.0,0.0,0.0,0.0,0.0,8.97964604238264,85.63144064484345,27.91141950314746,219.3281290283203,3.4941229567724523,42.34948473018182
39.964848,-6.913391,295.0,2015-04-17 22:00:00,12.1,69,6.5,10.2,0.0,0.0,0.0,0.0,1,1017.4,982.2,29,0,0,97,0.01,0.45,7.2,15.2,270,277,14.8,13.7,15.2,13.8,11.4,0.32,0.305,0.298,0.351,0,0.0,0.0,0.0,0.0,0.0,0.0,0.0,0.0,0.0,0.0,0.0,0.0,0.0,7.8739278016565635,84.79124611915857,28.90345124714746,222.4601290283203,2.9434530577309324,43.63390749924201
39.964848,-6.913391,295.0,2015-04-17 23:00:00,11.3,72,6.3,9.4,0.0,0.0,0.0,0.0,1,1017.2,981.9,29,0,0,97,0.01,0.38,6.5,14.5,270,277,13.7,13.0,15.1,13.8,11.4,0.32,0.305,0.298,0.351,0,0.0,0.0,0.0,0.0,0.0,0.0,0.0,0.0,0.0,0.0,0.0,0.0,0.0,7.095353962512564,84.06736163191249,29.745175151147457,225.4481290283203,2.5764626479235613,44.73480018363824
39.964848,-6.913391,295.0,2015-04-18 00:00:00,10.6,74,6.2,8.8,0.0,0.0,0.0,0.0,1,1017.6,982.2,27,0,0,91,0.0,0.33,5.8,13.4,266,275,11.9,12.4,14.9,13.8,11.4,0.32,0.305,0.298,0.351,0,0.0,0.0,0.0,0.0,0.0,0.0,0.0,0.0,0.0,0.0,0.0,0.0,0.0,6.5001753645646385,83.50288167697823,30.482653295147458,228.3101290283203,2.3082396720897864,45.70847565269411
39.964848,-6.913391,295.0,2015-04-18 01:00:00,9.9,77,6.0,8.2,0.0,0.0,0.0,0.0,0,1017.1,981.6,19,1,1,58,0.0,0.29,5.0,13.0,270,273,10.8,11.9,14.6,13.8,11.4,0.319,0.305,0.298,0.351,0,0.0,0.0,0.0,0.0,0.0,0.0,0.0,0.0,0.0,0.0,0.0,0.0,0.0,5.832461580111884,82.83373486511542,31.096006255147458,231.04612902832028,2.0338405679743956,46.53454824703439
39.964848,-6.913391,295.0,2015-04-18 02:00:00,9.3,79,5.8,7.4,0.0,0.0,0.0,0.0,0,1016.7,981.2,8,4,2,12,0.0,0.25,5.8,12.2,266,268,10.8,11.3,14.4,13.8,11.4,0.319,0.305,0.298,0.351,0,0.0,0.0,0.0,0.0,0.0,0.0,0.0,0.0,0.0,0.0,0.0,0.0,0.0,5.703646999793047,82.2391549151454,31.625477743147457,233.6741290283203,1.965916262594677,47.260391382904714
39.964848,-6.913391,295.0,2015-04-18 03:00:00,8.6,82,5.7,6.6,0.0,0.0,0.0,0.0,0,1016.7,981.1,7,6,3,0,0.0,0.21,6.6,11.7,261,259,11.2,10.6,14.2,13.8,11.4,0.319,0.305,0.298,0.351,0,0.0,0.0,0.0,0.0,0.0,0.0,0.0,0.0,0.0,0.0,0.0,0.0,0.0,5.465012608050397,81.46564955080416,32.048764015147455,236.1761290283203,1.8653107068688843,47.86089125045585
39.964848,-6.913391,295.0,2015-04-18 04:00:00,8.0,84,5.5,6.1,0.0,0.0,0.0,0.0,0,1016.2,980.5,13,12,3,0,0.0,0.17,6.0,12.3,253,255,12.2,10.0,13.9,13.8,11.4,0.319,0.305,0.298,0.351,0,0.0,0.0,0.0,0.0,0.0,0.0,0.0,0.0,0.0,0.0,0.0,0.0,0.0,4.939921838075708,80.78256177907457,32.401745007147454,238.5701290283203,1.6739548663073305,48.37738112136307
39.964848,-6.913391,295.0,2015-04-18 05:00:00,7.7,86,5.6,5.8,0.0,0.0,0.0,0.0,1,1016.3,980.6,26,29,0,0,0.0,0.15,6.0,13.3,253,257,12.6,9.6,13.6,13.8,11.4,0.318,0.305,0.298,0.351,0,0.0,0.0,0.0,0.0,0.0,0.0,0.0,0.0,0.0,0.0,0.0,0.0,0.0,4.613711784240028,80.11040888995021,32.70042123114745,240.9101290283203,1.5565072008806922,48.83055746993156
39.964848,-6.913391,295.0,2015-04-18 06:00:00,7.5,89,5.8,5.6,0.0,0.0,0.0,0.0,1,1016.3,980.6,45,50,0,0,0.02,0.11,5.8,12.9,248,257,13.0,9.3,13.3,13.8,11.4,0.318,0.305,0.298,0.351,1,0.0,1.0,0.0,1.0,0.0,1.0,10.8,3.8,0.0,3.8,0.0,0.6,41.4,4.145833923116416,79.1589527140398,32.92976190314745,243.21412902832031,1.400376867157944,49.20451823159102
39.964848,-6.913391,295.0,2015-04-18 07:00:00,8.4,91,7.0,6.8,0.0,0.0,0.0,0.0,1,1016.8,981.2,47,52,1,0,0.02,0.1,6.3,12.1,246,258,13.0,10.0,13.1,13.8,11.4,0.318,0.305,0.298,0.351,1,2829.73,65.0,36.0,29.0,239.9,65.0,175.1,114.5,63.4,51.1,279.1,98.4,308.5,3.9475841561226805,78.34080613483685,33.13704126314745,245.68012902832032,1.3323924801979021,49.561943668074065
39.964848,-6.913391,295.0,2015-04-18 08:00:00,10.5,80,7.2,8.3,0.0,0.0,0.0,0.0,2,1016.8,981.4,51,52,7,0,0.1,0.26,10.4,14.4,268,270,22.7,12.6,13.1,13.8,11.4,0.318,0.305,0.298,0.351,1,3600.0,234.0,149.0,85.0,461.0,234.0,438.8,301.7,192.1,109.6,461.0,301.7,565.7,5.420362213000247,79.27026929257518,33.699483503147455,248.52412902832032,1.7847189321142845,50.335447099832756
39.964848,-6.913391,295.0,2015-04-18 09:00:00,12.1,67,6.2,9.6,0.0,0.0,0.0,0.0,2,1016.8,981.6,54,45,23,0,0.19,0.46,11.3,14.8,263,264,27.0,13.6,13.1,13.7,11.4,0.317,0.305,0.298,0.351,1,3600.0,388.0,259.0,129.0,514.4,388.0,683.6,451.4,301.3,150.1,514.4,451.4,795.3,7.312189784985048,81.60932700548717,34.755517295147456,251.65612902832032,2.404058914553305,51.67077318026676
39.964848,-6.913391,295.0,2015-04-18 10:00:00,13.5,57,5.2,10.5,0.0,0.0,0.0,0.0,2,1016.8,981.8,64,53,28,0,0.28,0.66,12.2,15.8,251,253,29.9,14.8,13.3,13.7,11.4,0.316,0.305,0.298,0.351,1,3600.0,550.0,408.0,142.0,620.4,550.0,892.9,604.8,448.7,156.2,620.4,604.8,981.9,10.066930586036483,83.96508968762645,36.27750539114746,255.04012902832034,3.3871752291539767,53.522202227357326
39.964848,-6.913391,295.0,2015-04-18 11:00:00,14.5,51,4.5,11.5,0.0,0.0,0.0,0.0,3,1016.6,981.7,100,65,70,0,0.34,0.81,14.5,19.6,243,244,34.2,15.9,13.4,13.7,11.4,0.315,0.304,0.298,0.351,1,3600.0,623.0,383.0,240.0,494.1,623.0,1052.4,658.6,404.9,253.7,494.1,658.6,1112.5,13.636927198498698,85.65859351584159,38.13065559914746,258.60412902832036,4.79362989028849,55.72132106789162
39.964848,-6.913391,295.0,2015-04-18 12:00:00,14.6,52,4.8,11.2,0.0,0.0,0.0,0.0,1,1016.1,981.2,43,19,42,2,0.33,0.8,16.8,23.2,242,242,38.5,16.3,13.6,13.7,11.4,0.315,0.304,0.298,0.351,1,3600.0,590.0,339.0,251.0,399.8,590.0,1151.2,604.0,347.0,256.9,399.8,604.0,1178.5,5.591224670410156,83.23114013671875,11.111857414245605,187.90472412109375,3.5276260375976562,19.2273006439209
39.964848,-6.913391,295.0,2015-04-18 13:00:00,14.5,52,4.8,10.5,0.0,0.0,0.0,0.0,2,1016.1,981.2,72,45,49,7,0.27,0.79,19.1,26.2,248,249,39.2,15.9,13.8,13.7,11.4,0.314,0.304,0.298,0.351,1,3600.0,446.0,206.0,240.0,236.5,446.0,1182.7,443.2,204.7,238.5,236.5,443.2,1175.2,9.554946875830685,85.38493451604235,12.927188230245605,191.46872412109374,5.818289179881145,22.120638050200927
39.964848,-6.913391,295.0,2015-04-18 14:00:00,14.9,51,4.8,11.1,0.0,0.0,0.0,0.0,2,1015.8,981.0,54,26,44,15,0.33,0.84,19.4,27.1,255,256,43.6,16.5,14.0,13.7,11.4,0.313,0.304,0.298,0.351,1,3600.0,592.0,340.0,252.0,403.2,592.0,1144.8,570.4,327.6,242.8,403.2,570.4,1103.0,11.26656125980525,86.14584382778777,14.827855110245604,195.10472412109374,6.569841578191524,24.9207927779647
39.964848,-6.913391,295.0,2015-04-18 15:00:00,15.2,49,4.6,11.3,0.0,0.0,0.0,0.0,2,1015.4,980.6,67,32,52,23,0.32,0.88,18.6,26.2,260,262,44.6,16.7,14.1,13.7,11.4,0.313,0.304,0.298,0.351,1,3600.0,557.0,386.0,171.0,503.9,557.0,1040.0,517.8,358.8,159.0,503.9,517.8,966.8,12.222039958837456,86.63575935291522,16.843192326245603,198.79472412109374,6.762402456381166,27.798257995436167
39.964848,-6.913391,295.0,2015-04-18 16:00:00,15.3,49,4.5,11.4,0.0,0.0,0.0,0.0,1,1015.3,980.6,40,16,37,13,0.29,0.9,17.5,24.8,261,261,42.1,16.6,14.3,13.7,11.4,0.312,0.303,0.298,0.351,1,3600.0,498.0,363.0,135.0,562.9,498.0,875.5,441.4,321.7,119.6,562.9,441.4,775.9,12.49920634627584,86.77009328729827,18.870893574245603,202.50272412109373,6.520833453597914,30.61044534872962
39.964848,-6.913391,295.0,2015-04-18 17:00:00,14.7,51,4.6,10.9,0.0,0.0,0.0,0.0,2,1015.4,980.6,55,36,37,0,0.21,0.83,17.7,25.6,266,268,39.6,16.1,14.4,13.7,11.4,0.311,0.303,0.298,0.351,1,3600.0,306.0,192.0,114.0,393.4,306.0,662.5,250.9,157.5,93.5,393.4,250.9,543.3,13.220492714136467,86.81838440911703,20.747802118245602,206.10272412109373,6.632201244202092,33.152239260516836
39.964848,-6.913391,295.0,2015-04-18 18:00:00,14.2,53,4.7,10.7,0.0,0.0,0.0,0.0,1,1015.5,980.6,42,27,29,0,0.15,0.76,15.1,22.0,270,272,36.7,15.5,14.4,13.7,11.4,0.31,0.303,0.298,0.351,1,3600.0,199.0,127.0,72.0,414.8,199.0,415.7,136.4,87.1,49.4,414.8,136.4,285.0,12.429702505029455,86.86669147426633,22.4911306302456,209.61272412109372,5.857865456035419,35.46808150685596
39.964848,-6.913391,295.0,2015-04-18 19:00:00,13.2,60,5.7,10.3,0.0,0.0,0.0,0.0,1,1016.0,981.0,30,18,21,3,0.07,0.6,12.2,20.2,270,272,31.0,14.5,14.4,13.7,11.4,0.31,0.303,0.298,0.351,1,2515.02,62.0,33.0,29.0,233.4,62.0,151.7,7.6,4.0,3.5,46.1,6.0,18.5,10.703212920478217,86.34932170738965,23.8778416702456,212.94272412109373,4.70377092515841,37.2994606656411
39.964848,-6.913391,295.0,2015-04-18 20:00:00,12.2,65,5.9,9.6,0.0,0.0,0.0,0.0,0,1016.6,981.4,14,8,10,2,0.03,0.49,10.4,18.8,272,277,23.8,13.6,14.4,13.7,11.4,0.31,0.303,0.298,0.351,0,0.0,0.0,0.0,0.0,0.0,0.0,0.0,0.0,0.0,0.0,0.0,0.0,0.0,9.177238767337235,85.49374278115671,25.0063626302456,216.09272412109374,3.810369468593243,38.790564438846324
39.964848,-6.913391,295.0,2015-04-18 21:00:00,11.4,70,6.1,9.3,0.0,0.0,0.0,0.0,0,1017.5,982.2,13,10,4,4,0.01,0.4,7.9,16.0,273,279,19.8,12.9,14.3,13.7,11.4,0.31,0.303,0.298,0.351,0,0.0,0.0,0.0,0.0,0.0,0.0,0.0,0.0,0.0,0.0,0.0,0.0,0.0,7.471477419300848,84.54807709224478,25.915482630245602,219.09872412109374,2.949773495557339,40.002117496602686
39.964848,-6.913391,295.0,2015-04-18 22:00:00,10.6,75,6.4,8.7,0.0,0.0,0.0,0.0,0,1017.9,982.5,15,16,0,3,0.01,0.32,7.3,15.5,261,270,14.8,12.3,14.1,13.7,11.4,0.31,0.303,0.298,0.351,0,0.0,0.0,0.0,0.0,0.0,0.0,0.0,0.0,0.0,0.0,0.0,0.0,0.0,6.49236016915481,83.50365808998063,26.6245962302456,221.96072412109373,2.4897237139634183,40.96471160745246
39.964848,-6.913391,295.0,2015-04-18 23:00:00,9.8,80,6.5,8.1,0.0,0.0,0.0,0.0,1,1018.1,982.6,22,10,0,45,0.0,0.25,6.2,14.4,260,271,11.9,11.6,14.0,13.7,11.4,0.309,0.303,0.298,0.351,0,0.0,0.0,0.0,0.0,0.0,0.0,0.0,0.0,0.0,0.0,0.0,0.0,0.0,5.400324874538121,82.33901027436674,27.153097990245602,224.67872412109372,2.030783140353654,41.70558365884327
39.964848,-6.913391,295.0,2015-04-19 00:00:00,9.2,84,6.5,7.5,0.0,0.0,0.0,0.0,1,1018.4,982.8,43,17,0,93,0.0,0.19,5.9,13.3,256,268,10.8,10.9,13.8,13.7,11.4,0.309,0.303,0.298,0.351,0,0.0,0.0,0.0,0.0,0.0,0.0,0.0,0.0,0.0,0.0,0.0,0.0,0.0,4.66648342689456,81.17854663373001,27.5526259262456,227.28872412109374,1.741749513760816,42.28919258204472
39.964848,-6.913391,295.0,2015-04-19 01:00:00,8.5,87,6.5,6.9,0.0,0.0,0.0,0.0,1,1018.3,982.6,42,16,1,91,0.0,0.14,5.5,13.0,259,270,10.8,10.3,13.5,13.7,11.4,0.309,0.303,0.298,0.351,0,0.0,0.0,0.0,0.0,0.0,0.0,0.0,0.0,0.0,0.0,0.0,0.0,0.0,4.054349480119381,80.09516033876099,27.8551810622456,229.77272412109374,1.515351722838503,42.75305678782915
39.964848,-6.913391,295.0,2015-04-19 02:00:00,8.0,91,6.5,6.3,0.0,0.0,0.0,0.0,2,1018.0,982.3,56,30,0,96,0.0,0.1,5.5,12.6,259,273,10.4,9.9,13.3,13.7,11.4,0.309,0.303,0.298,0.351,0,0.0,0.0,0.0,0.0,0.0,0.0,0.0,0.0,0.0,0.0,0.0,0.0,0.0,3.4744873566452923,78.64563863023604,28.0537328702456,232.16672412109375,1.3149408891182444,43.09044327956655
39.964848,-6.913391,295.0,2015-04-19 03:00:00,7.6,93,6.5,6.0,0.0,0.0,0.0,0.0,2,1018.0,982.2,50,24,1,94,0.0,0.08,5.1,11.6,262,277,10.1,9.5,13.1,13.7,11.4,0.309,0.303,0.298,0.351,0,0.0,0.0,0.0,0.0,0.0,0.0,0.0,0.0,0.0,0.0,0.0,0.0,0.0,3.0317621138763045,77.49603593492019,28.2013739582456,234.48872412109375,1.1692295695235397,43.364421034631185
39.964848,-6.913391,295.0,2015-04-19 04:00:00,7.4,94,6.4,5.7,0.0,0.0,0.0,0.0,1,1017.9,982.1,38,10,0,96,0.0,0.07,5.8,9.9,274,289,9.7,9.2,12.8,13.7,11.4,0.309,0.303,0.298,0.351,0,0.0,0.0,0.0,0.0,0.0,0.0,0.0,0.0,0.0,0.0,0.0,0.0,0.0,2.961808692692647,76.72252520406387,28.3250142782456,236.77472412109375,1.143140574967993,43.608096417609474
39.964848,-6.913391,295.0,2015-04-19 05:00:00,6.8,95,6.1,5.2,0.0,0.0,0.0,0.0,1,1017.8,981.9,40,13,0,96,0.0,0.05,4.6,7.8,288,304,9.4,8.8,12.6,13.7,11.4,0.309,0.303,0.298,0.351,0,0.0,0.0,0.0,0.0,0.0,0.0,0.0,0.0,0.0,0.0,0.0,0.0,0.0,2.590671426680437,76.05103499337154,28.420774918245602,238.95272412109375,1.0282965301308313,43.81367400936267
39.964848,-6.913391,295.0,2015-04-19 06:00:00,6.7,95,5.9,5.1,0.0,0.0,0.0,0.0,1,1018.2,982.3,40,9,3,100,0.01,0.05,4.1,7.0,315,325,9.0,8.5,12.3,13.6,11.4,0.309,0.303,0.298,0.351,1,0.0,1.0,0.0,1.0,0.0,1.0,13.9,3.4,0.0,3.4,0.0,0.7,47.7,2.45828548094262,75.79483710955988,28.515323398245602,241.11272412109375,0.9866023115696797,44.016546591768545
39.964848,-6.913391,295.0,2015-04-19 07:00:00,8.2,93,7.2,7.1,0.0,0.0,0.0,0.0,1,1018.7,983.0,45,10,11,97,0.02,0.07,3.3,7.1,319,336,7.2,9.3,12.2,13.6,11.4,0.309,0.303,0.298,0.351,1,2915.17,74.0,29.0,45.0,190.4,74.0,181.3,128.3,50.3,78.0,217.1,112.6,314.4,2.346226324093187,75.83950474676084,28.6731466302456,243.54272412109376,0.9502596969153069,44.30564297790373
39.964848,-6.913391,295.0,2015-04-19 08:00:00,10.5,76,6.5,8.9,0.0,0.0,0.0,0.0,2,1018.6,983.2,50,14,14,97,0.11,0.31,5.2,7.3,348,349,12.6,12.2,12.2,13.6,11.4,0.309,0.303,0.298,0.351,1,3600.0,242.0,135.0,107.0,412.2,242.0,444.5,310.9,173.5,137.5,412.2,310.9,571.1,3.3938484244440783,78.20460597383537,29.3480773182456,246.38672412109375,1.2457483684482216,45.22796059027356
39.964848,-6.913391,295.0,2015-04-19 09:00:00,11.9,66,5.8,10.1,0.0,0.0,0.0,0.0,2,1018.6,983.3,53,16,16,97,0.2,0.47,5.2,6.6,348,347,16.6,13.5,12.3,13.6,11.4,0.308,0.303,0.298,0.351,1,3600.0,410.0,247.0,163.0,486.7,410.0,688.7,476.4,287.0,189.4,486.7,476.4,800.2,4.689032753144646,80.92443149045614,30.4196267582456,249.48272412109375,1.633541752117046,46.62629924218073
39.964848,-6.913391,295.0,2015-04-19 10:00:00,13.4,58,5.2,12.0,0.0,0.0,0.0,0.0,3,1018.2,983.1,100,72,25,96,0.31,0.65,3.9,5.5,326,328,17.3,15.0,12.5,13.6,11.5,0.307,0.303,0.298,0.351,1,3600.0,601.0,396.0,205.0,598.8,601.0,897.5,660.4,435.2,225.3,598.8,660.4,986.2,5.9791716583908805,83.2388100236255,31.8960376382456,252.84872412109377,2.026673504251558,48.497556018818926
39.964848,-6.913391,295.0,2015-04-19 11:00:00,14.8,52,5.0,14.2,0.0,0.0,0.0,0.0,3,1017.8,982.9,100,74,28,95,0.4,0.81,4.6,5.5,288,293,16.9,16.6,12.8,13.6,11.5,0.306,0.303,0.298,0.351,1,3600.0,748.0,538.0,210.0,691.0,748.0,1056.5,790.4,568.5,221.9,691.0,790.4,1116.4,8.01666198818568,85.10982334755492,33.7462786622456,256.46672412109376,2.697444928733091,50.78623400943294
39.964848,-6.913391,295.0,2015-04-19 12:00:00,16.1,47,4.9,15.8,0.0,0.0,0.0,0.0,3,1017.3,982.6,100,77,22,88,0.46,0.96,5.4,7.0,278,282,18.4,17.9,13.1,13.6,11.5,0.305,0.302,0.298,0.351,1,3600.0,825.0,597.0,228.0,701.4,825.0,1154.9,844.3,611.0,233.3,701.4,844.3,1182.0,7.91536283493042,86.41361999511719,13.514352798461914,192.05186462402344,4.572344779968262,22.980348587036133
39.964848,-6.913391,295.0,2015-04-19 13:00:00,17.3,43,4.6,17.1,0.0,0.0,0.0,0.0,3,1016.7,982.1,87,28,60,85,0.5,1.13,6.6,8.5,279,282,20.5,18.9,13.5,13.6,11.5,0.303,0.302,0.297,0.351,1,3600.0,876.0,647.0,229.0,740.2,876.0,1186.1,870.4,642.8,227.5,740.2,870.4,1178.4,8.164792243561633,87.69162152727637,16.056979614461916,196.11986462402345,4.293628058827745,26.657596122489434
39.964848,-6.913391,295.0,2015-04-19 14:00:00,18.4,38,4.0,17.3,0.0,0.0,0.0,0.0,2,1016.1,981.7,56,1,73,39,0.48,1.31,8.3,10.7,288,290,22.3,19.4,13.9,13.6,11.5,0.302,0.301,0.297,0.351,1,3600.0,794.0,606.0,188.0,716.3,794.0,1147.9,765.1,583.9,181.1,716.3,765.1,1106.1,11.028773039648012,88.91161058186326,18.987982494461917,200.38586462402344,5.571947268338203,30.70271479938352
39.964848,-6.913391,295.0,2015-04-19 15:00:00,18.9,36,3.5,16.9,0.0,0.0,0.0,0.0,1,1015.7,981.4,38,1,60,2,0.43,1.41,8.9,11.7,284,288,22.7,19.6,14.2,13.6,11.5,0.3,0.301,0.297,0.351,1,3600.0,682.0,459.0,223.0,597.1,682.0,1043.1,634.2,426.8,207.4,597.1,634.2,969.9,13.056920937167254,89.57407192515063,22.091112094461916,204.74186462402344,6.31582417872055,34.79618156397513
39.964848,-6.913391,295.0,2015-04-19 16:00:00,19.2,35,3.2,16.6,0.0,0.0,0.0,0.0,0,1015.2,980.9,14,1,22,0,0.38,1.45,9.1,11.8,277,282,23.0,19.5,14.6,13.6,11.5,0.299,0.3,0.297,0.351,1,3600.0,603.0,474.0,129.0,731.9,603.0,878.7,534.7,420.3,114.4,731.9,534.7,779.2,14.505399371208302,89.91666346857983,25.290002334461917,209.15186462402343,6.700990417161322,38.83920933273179
39.964848,-6.913391,295.0,2015-04-19 17:00:00,18.9,35,3.2,15.9,0.0,0.0,0.0,0.0,0,1015.6,981.3,1,0,2,0,0.28,1.41,10.1,13.1,274,278,22.0,18.9,14.8,13.6,11.5,0.298,0.3,0.297,0.351,1,3600.0,415.0,316.0,99.0,643.8,415.0,665.9,340.8,259.5,81.3,643.8,340.8,546.9,15.935357399704966,89.96599343163072,28.441618334461918,213.50786462402343,7.097293049960226,42.672207127410985
39.964848,-6.913391,295.0,2015-04-19 18:00:00,18.3,38,3.9,15.4,0.0,0.0,0.0,0.0,0,1015.4,981.0,0,0,0,0,0.19,1.3,10.1,14.8,270,274,20.2,18.0,15.0,13.6,11.5,0.298,0.3,0.297,0.351,1,3600.0,270.0,209.0,61.0,676.1,270.0,419.4,186.0,144.0,42.0,676.1,186.0,288.9,16.693173878704467,90.01533968098596,31.35759043046192,217.75586462402342,7.147642475378453,46.11381320055614
39.964848,-6.913391,295.0,2015-04-19 19:00:00,16.4,45,4.5,13.7,0.0,0.0,0.0,0.0,0,1015.9,981.3,0,0,0,0,0.08,1.03,9.7,19.1,270,274,20.2,16.5,15.1,13.6,11.5,0.297,0.3,0.297,0.351,1,2573.18,80.0,52.0,28.0,363.8,80.0,155.9,11.7,7.6,4.1,87.6,9.4,22.9,15.96268150932912,89.45847446467229,33.69099843046192,221.66186462402342,6.467477047248772,48.828174448742004
39.964848,-6.913391,295.0,2015-04-19 20:00:00,14.7,51,4.6,11.9,0.0,0.0,0.0,0.0,0,1016.7,981.8,0,0,0,0,0.08,0.82,10.0,21.2,285,288,18.4,15.2,15.1,13.6,11.5,0.297,0.3,0.297,0.351,0,0.0,0.0,0.0,0.0,0.0,0.0,1.6,0.0,0.0,0.0,0.0,0.0,0.0,14.686048081184047,88.37513722113135,35.56790697446192,225.26186462402342,5.620416454599558,51.00293733471005
39.964848,-6.913391,295.0,2015-04-19 21:00:00,13.3,58,5.2,10.8,0.0,0.0,0.0,0.0,0,1017.5,982.4,0,0,0,0,0.04,0.64,9.2,20.4,301,306,18.4,14.2,15.0,13.6,11.5,0.297,0.3,0.297,0.351,0,0.0,0.0,0.0,0.0,0.0,0.0,0.0,0.0,0.0,0.0,0.0,0.0,0.0,12.536304921489835,87.07590943304008,37.03413571046192,228.60986462402343,4.482791612643194,52.717902686165935
39.964848,-6.913391,295.0,2015-04-19 22:00:00,12.2,65,5.7,10.1,0.0,0.0,0.0,0.0,0,1018.1,982.9,0,0,0,0,0.02,0.51,7.6,17.8,315,318,17.3,13.4,14.8,13.6,11.5,0.297,0.3,0.297,0.351,0,0.0,0.0,0.0,0.0,0.0,0.0,0.0,0.0,0.0,0.0,0.0,0.0,0.0,10.233725071720558,85.75050886998426,38.16265667046192,231.75986462402344,3.4295637795980762,54.067711537221754
39.964848,-6.913391,295.0,2015-04-19 23:00:00,11.2,71,6.1,9.3,0.0,0.0,0.0,0.0,0,1018.2,982.9,0,0,0,0,0.01,0.39,6.7,16.0,324,329,15.8,12.6,14.7,13.6,11.5,0.297,0.3,0.297,0.351,0,0.0,0.0,0.0,0.0,0.0,0.0,0.0,0.0,0.0,0.0,0.0,0.0,0.0,8.607438677026565,84.49900799318885,39.02741161446192,234.72986462402343,2.758271085312909,55.13658338208515
39.964848,-6.913391,295.0,2015-04-20 00:00:00,10.1,78,6.5,8.4,0.0,0.0,0.0,0.0,0,1018.7,983.2,0,0,0,0,0.0,0.27,5.8,13.7,330,337,14.0,11.8,14.5,13.6,11.5,0.297,0.3,0.297,0.351,0,0.0,0.0,0.0,0.0,0.0,0.0,0.0,0.0,0.0,0.0,0.0,0.0,0.0,7.012292458132605,83.02350453702402,39.62476406246192,237.50186462402343,2.169351002030228,55.92375683490197
39.964848,-6.913391,295.0,2015-04-20 01:00:00,9.0,84,6.5,7.3,0.0,0.0,0.0,0.0,0,1018.4,982.8,0,0,0,0,0.0,0.18,6.0,12.4,335,343,13.3,10.9,14.2,13.6,11.5,0.297,0.3,0.297,0.351,0,0.0,0.0,0.0,0.0,0.0,0.0,0.0,0.0,0.0,0.0,0.0,0.0,0.0,5.9076107546625645,81.39236824717489,40.016534174461924,240.07586462402344,1.7943428282129603,56.4923152342247
39.964848,-6.913391,295.0,2015-04-20 02:00:00,8.2,88,6.3,6.4,0.0,0.0,0.0,0.0,0,1017.9,982.2,1,1,0,0,0.0,0.13,6.2,11.5,339,346,13.7,10.2,14.0,13.6,11.5,0.297,0.3,0.297,0.351,0,0.0,0.0,0.0,0.0,0.0,0.0,0.0,0.0,0.0,0.0,0.0,0.0,0.0,5.1012128537069445,79.89651748621789,40.28708828646192,242.50586462402345,1.537652017732842,56.92997565076798
39.964848,-6.913391,295.0,2015-04-20 03:00:00,7.5,91,6.0,5.6,0.0,0.0,0.0,0.0,0,1018.2,982.4,0,0,0,0,0.0,0.1,6.4,10.5,344,352,14.0,9.7,13.7,13.6,11.5,0.297,0.3,0.297,0.351,0,0.0,0.0,0.0,0.0,0.0,0.0,0.0,0.0,0.0,0.0,0.0,0.0,0.0,4.5194478933935605,78.52697369177706,40.47473065446192,244.80986462402345,1.3613389325554894,57.27576929203453
39.964848,-6.913391,295.0,2015-04-20 04:00:00,7.2,91,5.8,5.2,0.0,0.0,0.0,0.0,0,1018.4,982.6,1,1,0,0,0.0,0.09,6.6,9.7,351,2,13.7,9.2,13.4,13.6,11.5,0.297,0.3,0.297,0.351,0,0.0,0.0,0.0,0.0,0.0,0.0,0.0,0.0,0.0,0.0,0.0,0.0,0.0,4.381317060903413,78.02453882208528,40.65582735846192,247.05986462402345,1.3164808135002648,57.61078024338529
39.964848,-6.913391,295.0,2015-04-20 05:00:00,7.1,91,5.8,5.0,0.0,0.0,0.0,0.0,1,1018.7,982.8,32,35,0,0,0.0,0.09,6.9,10.0,354,13,13.7,8.8,13.1,13.6,11.5,0.297,0.3,0.297,0.351,0,0.0,0.0,0.0,0.0,0.0,0.0,0.0,0.0,0.0,0.0,0.0,0.0,0.0,4.398578196671245,77.8374386473946,40.83474217446192,249.29186462402345,1.3158930016245527,57.94186407400791
39.964848,-6.913391,295.0,2015-04-20 06:00:00,7.1,91,5.8,5.1,0.0,0.0,0.0,0.0,0,1019.2,983.3,19,21,0,0,0.01,0.09,6.5,10.3,3,25,14.0,8.6,12.8,13.6,11.5,0.297,0.3,0.297,0.351,1,0.0,2.0,0.0,2.0,0.0,2.0,17.1,6.3,0.0,6.3,0.0,1.4,54.0,4.299101970273095,77.77194069405029,41.013656990461925,251.52386462402345,1.2827377087879543,58.27244859165838
39.964848,-6.913391,295.0,2015-04-20 07:00:00,8.3,90,6.7,6.5,0.0,0.0,0.0,0.0,0,1019.6,983.9,0,0,0,0,0.03,0.11,6.3,9.7,13,39,15.1,9.7,12.6,13.6,11.5,0.297,0.3,0.297,0.351,1,2999.81,89.0,52.0,37.0,336.6,89.0,187.3,152.1,88.9,63.2,376.5,136.0,320.2,4.292190399771586,77.81726107268251,41.24154307046192,253.97186462402345,1.274590166824053,58.66650090969772
39.964848,-6.913391,295.0,2015-04-20 08:00:00,11.8,73,7.2,10.4,0.0,0.0,0.0,0.0,0,1020.0,984.7,0,0,0,0,0.13,0.37,4.6,7.8,45,56,15.5,13.2,12.7,13.5,11.5,0.297,0.3,0.297,0.351,1,3600.0,282.0,205.0,77.0,617.9,282.0,450.0,361.2,262.6,98.6,617.9,361.2,576.4,4.827736867943414,79.81793644170243,42.085933726461924,257.0498646240234,1.4071447498992775,59.725298096180744
39.964848,-6.913391,295.0,2015-04-20 09:00:00,14.6,60,6.8,12.8,0.0,0.0,0.0,0.0,0,1020.1,985.1,0,0,0,0,0.25,0.68,7.3,9.8,99,96,18.7,14.9,12.9,13.5,11.5,0.296,0.299,0.297,0.351,1,3600.0,482.0,378.0,104.0,739.0,482.0,693.7,559.3,438.6,120.7,739.0,559.3,804.9,7.893673920721358,82.92219232932331,43.608406686461926,260.6318646240234,2.3095921868988984,61.49412555243048
39.964848,-6.913391,295.0,2015-04-20 10:00:00,16.8,52,6.8,15.4,0.0,0.0,0.0,0.0,0,1020.0,985.3,0,0,0,0,0.38,0.93,9.4,12.3,122,122,25.2,16.6,13.1,13.5,11.5,0.295,0.299,0.297,0.351,1,3600.0,678.0,585.0,93.0,879.6,678.0,901.9,744.5,642.4,102.1,879.6,744.5,990.4,11.7705859655755,85.46478140923757,45.69138243046193,264.60986462402343,3.6085647425374736,63.82876208015734
39.964848,-6.913391,295.0,2015-04-20 11:00:00,18.5,45,6.5,17.7,0.0,0.0,0.0,0.0,0,1019.7,985.2,0,0,0,1,0.47,1.17,9.9,13.0,134,132,26.6,18.2,13.4,13.5,11.5,0.294,0.299,0.297,0.35,1,3600.0,812.0,704.0,108.0,900.3,812.0,1060.4,857.7,743.6,114.1,900.3,857.7,1120.2,15.241264633730527,87.39664214789657,48.30479939046193,268.8938646240234,4.861057353971007,66.66838827804379
39.964848,-6.913391,295.0,2015-04-20 12:00:00,19.8,41,6.2,19.4,0.0,0.0,0.0,0.0,0,1019.2,984.8,2,0,0,8,0.54,1.36,10.0,13.0,139,138,26.6,19.6,13.8,13.5,11.5,0.292,0.298,0.297,0.35,1,3600.0,896.0,782.0,114.0,915.4,896.0,1158.5,916.8,800.2,116.6,915.4,916.8,1185.4,7.3369140625,87.6259765625,16.264476776123047,196.5537872314453,3.7847900390625,26.933963775634766
39.964848,-6.913391,295.0,2015-04-20 13:00:00,20.7,39,6.2,20.5,0.0,0.0,0.0,0.0,0,1018.3,984.1,8,0,0,26,0.57,1.49,9.7,12.2,138,137,26.3,20.7,14.3,13.5,11.5,0.291,0.298,0.296,0.35,1,3600.0,917.0,803.0,114.0,915.6,917.0,1189.4,911.0,797.8,113.3,915.6,911.0,1181.6,12.089014988273416,89.10777113776658,19.488337512123046,201.23378723144532,6.149997299576021,31.37939032003582
39.964848,-6.913391,295.0,2015-04-20 14:00:00,21.4,37,6.1,21.2,0.0,0.0,0.0,0.0,0,1017.8,983.7,8,0,0,25,0.57,1.6,8.7,11.2,138,138,24.8,21.4,14.7,13.5,11.5,0.289,0.297,0.296,0.35,1,3600.0,902.0,783.0,119.0,922.5,902.0,1151.0,869.2,754.5,114.7,922.5,869.2,1109.1,13.53056627615334,89.8152379810681,22.924811112123045,206.03978723144533,6.472503371753199,35.87158268608938
39.964848,-6.913391,295.0,2015-04-20 15:00:00,21.7,36,6.1,21.1,0.0,0.0,0.0,0.0,0,1017.0,982.9,13,0,0,44,0.51,1.66,8.1,10.2,135,135,23.8,21.7,15.1,13.5,11.5,0.288,0.297,0.296,0.35,1,3600.0,795.0,676.0,119.0,876.3,795.0,1046.1,739.4,628.7,110.7,876.3,739.4,973.0,14.604407769760266,90.15235983945651,26.462378856123046,210.89978723144534,6.590466480423875,40.28727348343415
39.964848,-6.913391,295.0,2015-04-20 16:00:00,21.8,36,6.1,20.2,0.0,0.0,0.0,0.0,1,1016.5,982.5,39,0,25,80,0.42,1.67,7.9,10.4,133,134,22.0,21.5,15.5,13.5,11.5,0.287,0.296,0.296,0.35,1,3600.0,635.0,512.0,123.0,787.4,635.0,881.8,563.4,454.3,109.1,787.4,563.4,782.4,15.429803792986204,90.23301198009325,30.015462248123043,215.77778723144536,6.600136164954263,44.541291841125584
39.964848,-6.913391,295.0,2015-04-20 17:00:00,21.5,37,6.0,19.4,0.0,0.0,0.0,0.0,2,1016.3,982.2,51,1,36,94,0.28,1.63,7.5,10.1,125,125,20.5,20.7,15.8,13.5,11.5,0.286,0.296,0.296,0.35,1,3600.0,400.0,257.0,143.0,520.7,400.0,669.3,328.9,211.3,117.6,520.7,328.9,550.4,15.997105738030617,90.2824463857145,33.46720906412304,220.60178723144537,6.514353529528429,48.52881155590507
39.964848,-6.913391,295.0,2015-04-20 18:00:00,20.7,42,7.2,19.0,0.0,0.0,0.0,0.0,1,1016.1,982.0,32,0,8,92,0.16,1.43,6.7,10.6,106,108,18.7,19.6,16.0,13.6,11.5,0.286,0.296,0.296,0.35,1,3600.0,201.0,90.0,111.0,288.4,201.0,423.1,139.1,62.3,76.8,288.4,139.1,292.8,16.18995518022605,90.33189711212181,36.53251927212304,225.28178723144538,6.301390697494909,51.98844654817663
39.964848,-6.913391,295.0,2015-04-20 19:00:00,19.0,49,7.9,17.5,0.0,0.0,0.0,0.0,1,1016.1,981.8,28,0,2,88,0.07,1.13,6.6,14.1,81,93,13.7,18.2,16.1,13.6,11.5,0.285,0.296,0.296,0.35,1,506.44,57.0,12.0,45.0,83.1,57.0,160.0,9.7,2.0,7.7,23.4,7.9,27.3,14.904538177169414,89.3468374287993,39.01768970412304,229.65578723144537,5.4442354269983815,54.771625490474584
39.964848,-6.913391,295.0,2015-04-20 20:00:00,17.4,52,7.5,15.6,0.0,0.0,0.0,0.0,1,1016.4,981.9,28,0,4,84,0.07,0.95,8.2,18.0,75,89,13.7,17.0,16.1,13.6,11.5,0.285,0.296,0.296,0.35,0,0.0,0.0,0.0,0.0,0.0,0.0,3.8,0.0,0.0,0.0,0.0,0.0,0.0,14.797496516634991,88.50488571271494,41.170485864123044,233.7417872314454,5.229531583210281,57.16767196759729
39.964848,-6.913391,295.0,2015-04-20 21:00:00,16.2,56,7.3,14.3,0.0,0.0,0.0,0.0,1,1016.6,981.9,23,0,1,74,0.04,0.82,8.4,19.5,70,88,15.1,16.0,16.0,13.6,11.5,0.285,0.296,0.296,0.35,0,0.0,0.0,0.0,0.0,0.0,0.0,0.0,0.0,0.0,0.0,0.0,0.0,0.0,13.826002319348179,87.64318576626184,43.015878248123045,237.6117872314454,4.668815115036718,59.22663072698927
39.964848,-6.913391,295.0,2015-04-20 22:00:00,15.3,58,7.1,13.3,0.0,0.0,0.0,0.0,0,1017.1,982.3,20,0,2,61,0.03,0.73,8.4,19.8,70,90,15.5,15.3,15.9,13.6,11.5,0.285,0.296,0.296,0.35,0,0.0,0.0,0.0,0.0,0.0,0.0,0.0,0.0,0.0,0.0,0.0,0.0,0.0,13.18190183258083,87.05858804720157,44.685749864123046,241.3197872314454,4.29506900001054,61.09072046571067
39.964848,-6.913391,295.0,2015-04-20 23:00:00,14.6,59,6.7,12.7,0.0,0.0,0.0,0.0,0,1016.7,981.8,15,0,0,49,0.03,0.69,7.9,18.8,60,86,14.8,14.7,15.8,13.6,11.5,0.285,0.296,0.296,0.35,0,0.0,0.0,0.0,0.0,0.0,0.0,0.0,0.0,0.0,0.0,0.0,0.0,0.0,12.60728993139828,86.6953027903281,46.246284648123044,244.90178723144538,3.977472924315586,62.83077963878102
39.964848,-6.913391,295.0,2015-04-21 00:00:00,14.0,60,6.3,12.0,0.0,0.0,0.0,0.0,0,1016.7,981.8,17,0,1,54,0.03,0.65,7.4,17.9,51,81,14.0,14.1,15.7,13.6,11.5,0.285,0.296,0.296,0.35,0,0.0,0.0,0.0,0.0,0.0,0.0,0.0,0.0,0.0,0.0,0.0,0.0,0.0,12.13782637455481,86.40496853905225,47.71057392812305,248.37578723144537,3.7223368058880593,64.4639180610938
39.964848,-6.913391,295.0,2015-04-21 01:00:00,13.5,60,5.8,11.3,0.0,0.0,0.0,0.0,1,1016.3,981.3,25,0,11,62,0.03,0.63,7.6,18.0,45,78,13.7,13.5,15.5,13.6,11.5,0.285,0.296,0.296,0.35,0,0.0,0.0,0.0,0.0,0.0,0.0,0.0,0.0,0.0,0.0,0.0,0.0,0.0,12.208833113742374,86.26054766796894,49.12637680812305,251.7597872314454,3.6841721260769034,66.03762714349433
39.964848,-6.913391,295.0,2015-04-21 02:00:00,13.2,58,5.0,10.8,0.0,0.0,0.0,0.0,1,1015.9,980.9,24,0,8,63,0.03,0.64,7.9,18.9,43,77,14.0,12.9,15.3,13.6,11.5,0.285,0.296,0.296,0.35,0,0.0,0.0,0.0,0.0,0.0,0.0,0.0,0.0,0.0,0.0,0.0,0.0,0.0,12.597956339871695,86.30867056312547,50.58242340012305,255.0897872314454,3.76576196395825,67.6356970840134
39.964848,-6.913391,295.0,2015-04-21 03:00:00,13.0,56,4.4,10.4,0.0,0.0,0.0,0.0,0,1015.7,980.7,19,0,10,42,0.03,0.66,8.7,21.0,48,78,14.8,12.3,15.1,13.6,11.5,0.285,0.296,0.296,0.35,0,0.0,0.0,0.0,0.0,0.0,0.0,0.0,0.0,0.0,0.0,0.0,0.0,0.0,13.25667853317005,86.35680934607245,52.08647152812305,258.3837872314454,3.947398071698774,69.26557361133138
39.964848,-6.913391,295.0,2015-04-21 04:00:00,12.3,60,4.8,9.6,0.0,0.0,0.0,0.0,1,1015.7,980.6,38,0,39,48,0.03,0.57,9.7,23.5,63,85,16.9,11.8,14.8,13.6,11.5,0.285,0.296,0.296,0.35,0,0.0,0.0,0.0,0.0,0.0,0.0,0.0,0.0,0.0,0.0,0.0,0.0,0.0,13.582115384633157,86.11248827527957,53.38590704812305,261.5517872314454,4.010891118242685,70.69667956903065
39.964848,-6.913391,295.0,2015-04-21 05:00:00,12.4,58,4.2,9.3,0.0,0.0,0.0,0.0,2,1016.1,981.0,51,0,55,61,0.05,0.61,11.8,25.9,78,92,21.6,11.5,14.6,13.6,11.5,0.285,0.295,0.296,0.35,0,0.0,0.0,0.0,0.0,0.0,0.0,0.0,0.0,0.0,0.0,0.0,0.0,0.0,14.994848265543743,86.16056228857647,54.76049648812305,264.7377872314454,4.488854146426256,72.19005943643005
39.964848,-6.913391,295.0,2015-04-21 06:00:00,12.4,58,4.4,9.1,0.0,0.0,0.0,0.0,1,1016.8,981.7,43,0,42,58,0.07,0.61,13.7,28.3,87,97,27.7,11.7,14.4,13.6,11.5,0.285,0.295,0.296,0.35,1,0.0,2.0,0.0,2.0,0.0,2.0,20.2,6.0,0.0,6.0,0.0,1.5,60.2,16.39364468073077,86.20865217352548,56.135085928123054,267.9237872314454,4.973435595852989,73.67789881162402
39.964848,-6.913391,295.0,2015-04-21 07:00:00,13.6,60,6.0,10.3,0.0,0.0,0.0,0.0,0,1017.3,982.3,20,0,21,24,0.09,0.62,15.5,27.7,95,99,29.9,12.7,14.3,13.6,11.5,0.285,0.295,0.296,0.35,1,3083.57,90.0,48.0,42.0,306.4,90.0,193.3,151.8,80.9,70.8,336.6,138.1,326.0,17.738751018788754,86.20595325320373,57.56058608812305,271.32578723144536,5.443556689495592,75.22469318498334
39.964848,-6.913391,295.0,2015-04-21 08:00:00,15.4,59,7.3,12.3,0.0,0.0,0.0,0.0,1,1017.8,983.0,27,0,30,30,0.17,0.73,16.9,25.4,101,102,34.9,14.3,14.3,13.6,11.5,0.285,0.295,0.296,0.35,1,3600.0,269.0,184.0,85.0,547.6,269.0,455.5,343.5,234.9,108.5,547.6,343.5,581.5,19.014443437884392,86.25405812399538,59.200638568123054,275.05178723144536,5.881182873356438,76.97960622770499
39.964848,-6.913391,295.0,2015-04-21 09:00:00,17.1,56,8.2,14.0,0.0,0.0,0.0,0.0,1,1018.1,983.5,28,1,18,53,0.26,0.87,18.0,25.5,106,106,39.6,16.0,14.4,13.6,11.5,0.284,0.295,0.296,0.35,1,3600.0,429.0,325.0,104.0,630.6,429.0,698.7,497.1,376.6,120.5,630.6,497.1,809.6,20.175167546586334,86.30217887662674,61.142034024123056,279.08378723144534,6.258705247983487,79.01002437659949
39.964848,-6.913391,295.0,2015-04-21 10:00:00,18.7,52,8.6,16.0,0.0,0.0,0.0,0.0,1,1017.9,983.5,32,2,12,77,0.36,1.05,17.4,24.0,108,109,40.7,17.5,14.5,13.6,11.5,0.283,0.295,0.296,0.35,1,3600.0,590.0,456.0,134.0,682.0,590.0,906.3,647.4,500.4,147.0,682.0,647.4,994.5,20.934645904956998,86.7293784886218,63.446107752123055,283.40378723144534,6.450678337526806,81.35788244007549
39.964848,-6.913391,295.0,2015-04-21 11:00:00,20.3,47,8.6,18.7,0.0,0.0,0.0,0.0,1,1017.4,983.2,28,0,3,88,0.47,1.27,16.3,22.1,112,112,40.0,19.1,14.8,13.6,11.5,0.282,0.294,0.296,0.35,1,3600.0,768.0,602.0,166.0,766.6,768.0,1064.3,810.9,635.7,175.3,766.6,810.9,1123.8,22.68596460357302,87.73527981678193,66.19577149612306,288.01178723144534,7.0439008111416745,84.0798735893589
39.964848,-6.913391,295.0,2015-04-21 12:00:00,21.4,43,8.3,20.2,0.0,0.0,0.0,0.0,1,1017.0,982.9,34,0,10,92,0.54,1.46,16.2,21.7,122,122,39.2,20.5,15.2,13.6,11.5,0.281,0.294,0.295,0.35,1,3600.0,843.0,645.0,198.0,752.4,843.0,1162.0,862.4,659.8,202.6,752.4,862.4,1188.7,10.1328125,88.361328125,19.31281852722168,201.47293090820312,5.0390625,31.135272979736328
39.964848,-6.913391,295.0,2015-04-21 13:00:00,21.8,42,8.3,19.9,0.0,0.0,0.0,0.0,1,1016.6,982.6,50,0,35,95,0.5,1.52,16.6,22.3,131,129,38.9,21.0,15.5,13.6,11.5,0.28,0.293,0.295,0.35,1,3600.0,733.0,469.0,264.0,533.0,733.0,1192.5,728.2,465.9,262.3,533.0,728.2,1184.7,16.65692100647913,88.9965427075895,22.53280035122168,206.3509309082031,8.569203447399632,35.401343336815415
39.964848,-6.913391,295.0,2015-04-21 14:00:00,21.7,42,8.1,19.2,0.0,0.0,0.0,0.0,2,1016.3,982.3,63,0,57,97,0.42,1.52,15.2,20.6,126,126,36.4,21.0,15.8,13.7,11.5,0.279,0.293,0.295,0.35,1,3600.0,585.0,258.0,327.0,303.0,585.0,1154.0,563.8,248.6,315.1,303.0,563.8,1112.1,16.87524264661148,89.0870210444298,25.73872111922168,211.21093090820312,8.089912002415355,39.45669878220509
39.964848,-6.913391,295.0,2015-04-21 15:00:00,21.6,42,8.1,19.1,0.0,0.0,0.0,0.0,2,1015.9,981.9,80,2,80,99,0.34,1.51,13.8,19.0,123,123,34.6,20.7,16.1,13.7,11.5,0.278,0.293,0.295,0.35,1,2424.53,430.0,109.0,321.0,140.8,430.0,1049.1,400.0,101.4,298.6,140.8,400.0,976.0,16.903891750227647,89.13607710074783,28.93058083122168,216.05293090820314,7.592144107949473,43.34940117241316
39.964848,-6.913391,295.0,2015-04-21 16:00:00,21.0,43,8.1,18.5,0.0,0.0,0.0,0.0,3,1015.5,981.4,85,6,83,98,0.26,1.41,13.8,19.3,123,123,31.3,20.0,16.3,13.7,11.5,0.278,0.292,0.295,0.35,1,0.0,271.0,26.0,245.0,39.8,271.0,884.9,240.6,23.1,217.5,39.8,240.6,785.5,17.722252020380033,89.18514935293979,31.98449673522168,220.78693090820315,7.6458136322561705,46.961275317679664
39.964848,-6.913391,295.0,2015-04-21 17:00:00,20.2,49,9.2,18.2,0.0,0.0,0.0,0.0,3,1015.4,981.2,80,0,85,98,0.2,1.2,12.0,17.5,123,122,30.2,19.5,16.4,13.7,11.6,0.278,0.292,0.295,0.35,1,1101.6,227.0,48.0,179.0,96.7,227.0,672.6,186.9,39.5,147.4,96.7,186.9,553.8,17.079709155592866,89.15807136962513,34.61803555122168,225.37693090820315,6.955754578788212,50.02600721777677
39.964848,-6.913391,295.0,2015-04-21 18:00:00,19.3,59,11.0,18.9,0.0,0.0,0.0,0.0,2,1015.0,980.7,77,0,85,86,0.11,0.93,5.0,10.1,120,117,27.0,18.8,16.5,13.7,11.6,0.278,0.292,0.295,0.35,1,677.04,147.0,26.0,121.0,82.6,147.0,426.7,102.2,18.1,84.1,82.6,102.2,296.7,11.448014240811526,87.79586832799545,36.64573679922168,229.80493090820315,4.020584169135846,52.40115775933229
39.964848,-6.913391,295.0,2015-04-21 19:00:00,18.8,59,10.5,18.4,0.0,0.0,0.0,0.0,2,1014.9,980.6,50,0,45,78,0.05,0.9,3.6,3.8,360,49,14.0,18.0,16.6,13.7,11.6,0.278,0.292,0.295,0.35,1,498.68,43.0,12.0,31.0,82.3,43.0,164.1,8.3,2.3,6.0,26.5,6.9,31.6,10.566943397660632,87.3899169871503,38.623739487221684,234.14293090820314,3.5354434045567227,54.69255051034697
39.964848,-6.913391,295.0,2015-04-21 20:00:00,16.8,64,10.1,16.2,0.0,0.0,0.0,0.0,1,1015.3,980.7,48,0,52,55,0.04,0.68,4.7,6.8,360,32,9.7,16.8,16.5,13.7,11.6,0.279,0.292,0.295,0.35,0,0.0,0.0,0.0,0.0,0.0,0.0,6.0,0.0,0.0,0.0,0.0,0.0,0.0,10.07635308714042,86.43024926834671,40.185971295221684,238.12093090820315,3.2604692730381677,56.524043374977396
39.964848,-6.913391,295.0,2015-04-21 21:00:00,16.2,63,9.2,15.3,0.0,0.0,0.0,0.0,1,1015.5,980.9,33,5,35,24,0.01,0.67,4.7,7.4,4,51,11.9,15.8,16.4,13.7,11.6,0.279,0.292,0.295,0.35,0,0.0,0.0,0.0,0.0,0.0,0.0,0.0,0.0,0.0,0.0,0.0,0.0,0.0,10.00750287823802,86.21156865719672,41.737778527221685,241.99093090820315,3.1613898387599604,58.32591495984803
39.964848,-6.913391,295.0,2015-04-21 22:00:00,16.7,54,7.3,15.6,0.0,0.0,0.0,0.0,1,1015.5,980.9,32,1,36,33,0.01,0.88,3.1,11.3,69,107,12.2,15.0,16.3,13.7,11.6,0.279,0.292,0.295,0.35,0,0.0,0.0,0.0,0.0,0.0,0.0,0.0,0.0,0.0,0.0,0.0,0.0,0.0,9.6210804454661,86.25967538191593,43.72281174322168,245.95093090820316,2.936351591130997,60.540043871838215
39.964848,-6.913391,295.0,2015-04-21 23:00:00,15.9,57,7.3,14.8,0.0,0.0,0.0,0.0,1,1015.6,980.9,29,0,33,31,0.0,0.78,2.9,7.6,90,149,13.0,14.2,16.1,13.8,11.6,0.279,0.292,0.295,0.35,0,0.0,0.0,0.0,0.0,0.0,0.0,0.0,0.0,0.0,0.0,0.0,0.0,0.0,9.78521231791761,86.30779798908692,45.49498966322168,249.76693090820316,2.9267046826417062,62.51997929880439
39.964848,-6.913391,295.0,2015-04-22 00:00:00,14.3,65,7.9,13.5,0.0,0.0,0.0,0.0,1,1015.7,980.8,23,0,28,21,0.0,0.56,1.4,9.6,180,200,12.2,13.5,15.9,13.8,11.6,0.279,0.292,0.295,0.35,0,0.0,0.0,0.0,0.0,0.0,0.0,0.0,0.0,0.0,0.0,0.0,0.0,0.0,8.74657019070069,85.7853172125246,46.80169814322168,253.29493090820316,2.52157076779916,64.02732524065914
39.964848,-6.913391,295.0,2015-04-22 01:00:00,12.5,75,8.1,10.8,0.0,0.0,0.0,0.0,0,1016.2,981.1,6,0,9,2,0.01,0.37,8.7,16.4,197,209,11.5,13.0,15.7,13.8,11.6,0.279,0.292,0.295,0.35,0,0.0,0.0,0.0,0.0,0.0,0.0,0.0,0.0,0.0,0.0,0.0,0.0,0.0,9.820706077308479,84.00722001435744,47.62596694322168,256.49893090820314,2.8554969564408696,65.05423597505157
39.964848,-6.913391,295.0,2015-04-22 02:00:00,11.7,79,8.2,10.0,0.0,0.0,0.0,0.0,0,1016.1,980.9,8,1,11,0,0.01,0.28,8.7,19.4,197,211,11.2,12.6,15.4,13.8,11.6,0.279,0.292,0.295,0.35,0,0.0,0.0,0.0,0.0,0.0,0.0,0.0,0.0,0.0,0.0,0.0,0.0,0.0,8.6438825680157,82.78442384112023,48.27762415922167,259.55893090820314,2.4354218706868878,65.90816535333019
39.964848,-6.913391,295.0,2015-04-22 03:00:00,10.9,84,8.4,9.3,0.0,0.0,0.0,0.0,0,1016.7,981.4,10,3,13,0,0.0,0.21,8.0,17.7,190,209,13.0,12.2,15.2,13.8,11.6,0.28,0.292,0.295,0.35,0,0.0,0.0,0.0,0.0,0.0,0.0,0.0,0.0,0.0,0.0,0.0,0.0,0.0,7.275486390166118,81.41720848155356,48.74309359922167,262.47493090820313,1.9903565522410525,66.57690741862046
39.964848,-6.913391,295.0,2015-04-22 04:00:00,10.9,87,8.8,9.7,0.0,0.0,0.0,0.0,1,1017.1,981.8,26,8,31,0,0.0,0.18,6.1,14.8,177,203,12.2,12.2,15.0,13.8,11.6,0.28,0.292,0.295,0.35,0,0.0,0.0,0.0,0.0,0.0,0.0,0.0,0.0,0.0,0.0,0.0,0.0,0.0,5.986697910907517,80.3488115602257,49.121287519221674,265.39093090820313,1.6044965129703046,67.16404269358625
39.964848,-6.913391,295.0,2015-04-22 05:00:00,11.1,89,9.3,10.3,0.2,0.2,0.0,0.0,51,1017.7,982.4,30,7,37,4,0.0,0.15,4.8,12.5,167,198,14.4,12.4,14.8,13.8,11.6,0.283,0.292,0.295,0.35,0,0.0,0.0,0.0,0.0,0.0,0.0,0.0,0.0,0.0,0.0,0.0,0.0,0.0,5.1978274635665755,79.53355586752006,49.446631263221676,268.34293090820313,1.3811802395663175,67.70420744897476
39.964848,-6.913391,295.0,2015-04-22 06:00:00,11.6,91,10.2,11.0,1.1,1.1,0.0,0.0,55,1018.3,983.0,50,19,49,11,0.02,0.12,4.5,12.0,151,187,16.9,12.7,14.7,13.8,11.6,0.297,0.292,0.295,0.35,1,0.0,1.0,0.0,1.0,0.0,1.0,23.2,2.9,0.0,2.9,0.0,0.8,66.3,2.384111901095905,66.6926724503855,49.723731039221676,271.3849309082031,0.7047297355204368,68.205545177825
39.964848,-6.913391,295.0,2015-04-22 07:00:00,12.4,90,10.9,11.5,0.8,0.8,0.0,0.0,53,1019.2,984.0,66,43,34,23,0.03,0.14,8.5,15.1,168,180,21.2,13.2,14.5,13.8,11.6,0.315,0.292,0.295,0.35,1,3166.35,71.0,29.0,42.0,182.6,71.0,199.2,118.2,48.3,69.9,197.3,109.4,331.6,0.6723505223351198,52.55965849473495,44.518651463298355,274.5709309082031,0.3369084793680652,63.356077866663455
39.964848,-6.913391,295.0,2015-04-22 08:00:00,12.6,90,10.9,11.3,1.3,1.3,0.0,0.0,61,1019.9,984.7,100,92,18,36,0.07,0.15,11.2,16.2,178,181,31.3,13.6,14.5,13.8,11.6,0.339,0.292,0.295,0.35,1,3227.4,147.0,57.0,90.0,167.6,147.0,460.8,187.1,72.6,114.6,167.6,187.1,586.6,0.08361345448256204,38.80947333344793,34.06638108620929,271.7692140618734,0.048401287869146235,51.87605187417837
39.964848,-6.913391,295.0,2015-04-22 09:00:00,13.1,89,11.4,12.2,0.9,0.9,0.0,0.0,53,1020.3,985.1,100,98,23,17,0.1,0.16,9.3,13.2,167,169,29.2,14.1,14.4,13.8,11.6,0.357,0.292,0.295,0.35,1,510.99,182.0,40.0,142.0,77.0,182.0,703.5,210.6,46.3,164.3,77.0,210.6,814.1,0.009162650263062616,30.626309536752487,23.594871404092814,266.2515957544443,0.006528935875840853,38.631139089512395
39.964848,-6.913391,295.0,2015-04-22 10:00:00,14.4,85,11.9,13.5,0.0,0.0,0.0,0.0,2,1020.5,985.5,73,56,37,0,0.17,0.25,10.5,14.4,158,158,32.0,15.1,14.5,13.8,11.6,0.357,0.293,0.295,0.35,1,3600.0,320.0,131.0,189.0,194.9,320.0,910.6,350.9,143.7,207.3,194.9,350.9,998.6,0.013777482425710032,32.78404215115833,16.381743966921857,261.0876300497308,0.01212680583493762,28.321033832891235
39.964848,-6.913391,295.0,2015-04-22 11:00:00,15.0,83,12.1,14.4,0.0,0.0,0.0,0.0,2,1020.2,985.3,74,74,13,0,0.16,0.3,8.8,11.7,161,162,29.5,15.6,14.5,13.8,11.6,0.355,0.293,0.295,0.35,1,368.72,274.0,57.0,217.0,72.3,274.0,1068.2,289.2,60.2,229.0,72.3,289.2,1127.4,0.016388411913540332,34.7591889339077,11.272072794559651,256.14219422178,0.017904365016261442,20.309716720375967
39.964848,-6.913391,295.0,2015-04-22 12:00:00,16.4,78,12.6,16.1,0.1,0.1,0.0,0.0,51,1019.7,984.9,73,72,13,0,0.25,0.41,8.4,10.9,173,174,33.5,17.0,14.7,13.8,11.6,0.354,0.294,0.295,0.35,1,3570.43,443.0,154.0,289.0,179.0,443.0,1165.4,453.1,157.5,295.6,179.0,453.1,1191.9,12.868324279785156,88.43909454345703,21.865297317504883,205.95755004882812,6.242622375488281,34.43981170654297
39.964848,-6.913391,295.0,2015-04-22 13:00:00,17.1,75,12.7,16.9,0.0,0.0,0.0,0.0,2,1019.7,985.0,56,50,18,2,0.25,0.49,7.2,9.6,198,200,34.6,17.8,14.9,13.8,11.6,0.352,0.294,0.295,0.35,1,3600.0,423.0,190.0,233.0,215.3,423.0,1195.7,420.2,188.7,231.4,215.3,420.2,1187.7,0.5064995025442421,56.87184564864253,15.55056748231032,202.21872055093183,0.4707727832572684,26.086099203895337
39.964848,-6.913391,295.0,2015-04-22 14:00:00,18.0,69,12.3,17.6,0.0,0.0,0.0,0.0,1,1019.4,984.8,33,21,24,0,0.33,0.64,8.4,11.3,230,233,24.8,18.9,15.1,13.8,11.6,0.35,0.294,0.295,0.35,1,3600.0,555.0,315.0,240.0,368.8,555.0,1157.0,534.9,303.6,231.3,368.8,534.9,1115.0,0.33395933793724897,53.51621286010421,11.357234083475003,198.7134958477965,0.3698703581035316,19.874683308519025
39.964848,-6.913391,295.0,2015-04-22 15:00:00,18.2,65,11.5,17.1,0.0,0.0,0.0,0.0,1,1019.2,984.7,34,12,39,0,0.31,0.74,11.0,15.0,238,240,27.4,19.2,15.4,13.8,11.6,0.348,0.294,0.295,0.35,1,3600.0,523.0,338.0,185.0,435.2,523.0,1052.0,486.7,314.5,172.1,435.2,486.7,978.9,0.4229950683664261,56.37219462275043,8.560860292426904,195.31080834804948,0.5473745460208276,15.4308127301072
39.964848,-6.913391,295.0,2015-04-22 16:00:00,18.3,60,10.5,16.6,0.0,0.0,0.0,0.0,1,1018.9,984.4,35,17,33,0,0.28,0.84,12.9,17.4,252,252,26.3,19.0,15.6,13.8,11.6,0.347,0.295,0.295,0.35,1,3600.0,438.0,274.0,164.0,418.0,438.0,887.9,389.1,243.4,145.7,418.0,389.1,788.7,0.5468240332119984,60.30139940026563,6.830352295128229,191.99016676840634,0.7989423732270965,12.544939667351558
39.964848,-6.913391,295.0,2015-04-22 17:00:00,18.3,56,9.5,16.4,0.0,0.0,0.0,0.0,1,1019.2,984.7,39,16,27,27,0.24,0.92,12.4,17.5,262,262,27.0,18.7,15.7,13.8,11.6,0.345,0.295,0.295,0.35,1,3600.0,360.0,221.0,139.0,442.9,360.0,675.8,296.8,182.2,114.6,442.9,296.8,557.3,0.5514019248942919,62.409219722386375,5.815914446935928,188.73151351099608,0.8764249281788796,10.799816186816708
39.964848,-6.913391,295.0,2015-04-22 18:00:00,17.9,56,8.9,16.0,0.0,0.0,0.0,0.0,1,1019.3,984.7,25,3,15,43,0.15,0.91,10.8,15.9,274,275,25.2,18.0,15.8,13.8,11.6,0.343,0.295,0.295,0.35,1,3600.0,202.0,121.0,81.0,380.8,202.0,430.4,141.1,84.5,56.6,380.8,141.1,300.5,0.45537656350738165,61.62200149397204,5.077820022033906,185.4612023931913,0.7757364167040841,9.50503424893959
39.964848,-6.913391,295.0,2015-04-22 19:00:00,17.0,58,8.7,15.6,0.0,0.0,0.0,0.0,0,1019.6,984.9,13,0,4,34,0.06,0.81,7.6,15.0,289,291,22.7,16.9,15.9,13.8,11.6,0.342,0.295,0.295,0.35,1,2746.99,81.0,46.0,35.0,312.2,81.0,168.2,17.3,9.8,7.5,112.7,14.6,35.9,0.2832115690657959,57.85677654210791,4.39348776377913,182.0889661174414,0.5183350129971289,8.287092939873721
39.964848,-6.913391,295.0,2015-04-22 20:00:00,15.4,64,8.7,14.0,0.0,0.0,0.0,0.0,0,1020.1,985.2,18,0,0,60,0.05,0.63,7.4,16.6,309,309,13.3,15.7,15.8,13.8,11.6,0.341,0.295,0.295,0.35,0,0.0,1.0,0.0,1.0,0.0,1.0,8.2,0.0,0.0,0.0,0.0,0.0,0.0,0.1626572610374744,52.89507782895142,3.5311425442165483,178.49017413887893,0.3301401707184735,6.729456272265966
39.964848,-6.913391,295.0,2015-04-22 21:00:00,14.1,69,8.6,12.7,0.0,0.0,0.0,0.0,1,1020.8,985.7,26,0,0,86,0.02,0.49,7.5,17.4,325,326,14.0,14.8,15.7,13.8,11.6,0.34,0.296,0.295,0.35,0,0.0,0.0,0.0,0.0,0.0,0.0,0.0,0.0,0.0,0.0,0.0,0.0,0.0,0.08294032305963954,48.215770285011104,2.6618136458581763,174.7223958492022,0.1906969199568453,5.128308849434607
39.964848,-6.913391,295.0,2015-04-22 22:00:00,13.1,74,8.6,11.9,0.0,0.0,0.0,0.0,1,1021.1,985.9,29,0,0,98,0.0,0.39,6.0,14.4,335,338,14.0,14.0,15.6,13.8,11.6,0.339,0.296,0.295,0.35,0,0.0,0.0,0.0,0.0,0.0,0.0,0.0,0.0,0.0,0.0,0.0,0.0,0.0,0.027118633698257778,42.35011959986182,1.8477399961520589,170.84207135342143,0.07205144258478749,3.598189571787967
39.964848,-6.913391,295.0,2015-04-22 23:00:00,12.0,79,8.5,10.8,0.0,0.0,0.0,0.0,1,1021.2,985.9,29,0,0,98,0.0,0.3,5.8,12.1,338,348,12.6,13.2,15.4,13.8,11.6,0.339,0.296,0.295,0.35,0,0.0,0.0,0.0,0.0,0.0,0.0,0.0,0.0,0.0,0.0,0.0,0.0,0.0,0.007352071402807797,36.58710848345474,1.098785719557454,166.8325663162932,0.023206794353834343,2.161973685862392
39.964848,-6.913391,295.0,2015-04-23 00:00:00,11.0,84,8.5,9.8,0.0,0.0,0.0,0.0,1,1021.0,985.5,29,0,0,96,0.0,0.21,5.7,10.9,342,354,12.2,12.4,15.2,13.8,11.6,0.338,0.296,0.295,0.35,0,0.0,0.0,0.0,0.0,0.0,0.0,0.0,0.0,0.0,0.0,0.0,0.0,0.0,0.0013745106489518558,30.52855387679772,0.46934835199999997,162.71348622795813,0.005304287075984019,0.931975973631121
39.964848,-6.913391,295.0,2015-04-23 01:00:00,10.4,87,8.3,9.2,0.0,0.0,0.0,0.0,1,1020.5,985.0,29,0,0,98,0.0,0.17,5.0,8.7,339,355,12.2,11.8,14.9,13.8,11.6,0.337,0.297,0.295,0.35,0,0.0,0.0,0.0,0.0,0.0,0.0,0.0,0.0,0.0,0.0,0.0,0.0,0.0,0.00026374855422000833,25.21746279756541,0.36243583999999995,158.5580370517427,0.0010633684137892744,0.7207528935094374
39.964848,-6.913391,295.0,2015-04-23 02:00:00,9.9,87,7.9,8.7,0.0,0.0,0.0,0.0,1,1020.0,984.4,29,0,0,98,0.0,0.16,4.8,7.6,347,360,12.2,11.3,14.7,13.8,11.6,0.336,0.297,0.295,0.35,0,0.0,0.0,0.0,0.0,0.0,0.0,0.0,0.0,0.0,0.0,0.0,0.0,0.0,0.00011490183698300302,22.802766387389113,0.34667775999999995,154.38412047296606,0.000466439041486125,0.6894848327711773
39.964848,-6.913391,295.0,2015-04-23 03:00:00,9.6,87,7.6,8.4,0.0,0.0,0.0,0.0,1,1019.9,984.3,29,0,0,97,0.0,0.16,4.5,6.5,346,3,11.9,10.9,14.4,13.8,11.6,0.336,0.297,0.295,0.35,0,0.0,0.0,0.0,0.0,0.0,0.0,0.0,0.0,0.0,0.0,0.0,0.0,0.0,7.202540807810137e-05,21.553764004574088,0.337222912,150.22732287044352,0.00029360572255561593,0.6706820387939088
39.964848,-6.913391,295.0,2015-04-23 04:00:00,9.0,89,7.3,7.7,0.0,0.0,0.0,0.0,1,1019.7,984.0,28,0,0,93,0.0,0.13,4.4,5.9,351,11,11.5,10.5,14.1,13.8,11.6,0.335,0.297,0.295,0.35,0,0.0,0.0,0.0,0.0,0.0,0.0,0.0,0.0,0.0,0.0,0.0,0.0,0.0,2.922305490637658e-05,19.27789751366463,0.26934195199999994,146.03263120227314,0.00012288402139725986,0.5362114388660112
39.964848,-6.913391,295.0,2015-04-23 05:00:00,8.8,89,7.1,7.4,0.0,0.0,0.0,0.0,1,1019.5,983.8,26,0,0,88,0.0,0.12,4.3,5.2,355,16,11.5,10.2,13.9,13.8,11.6,0.334,0.298,0.295,0.35,0,0.0,0.0,0.0,0.0,0.0,0.0,0.0,0.0,0.0,0.0,0.0,0.0,0.0,1.973126075237899e-05,18.319179910865884,0.264008448,141.8719621443995,8.31833842951781e-05,0.5255718145867262
39.964848,-6.913391,295.0,2015-04-23 06:00:00,8.7,89,7.0,7.3,0.0,0.0,0.0,0.0,1,1019.7,984.0,27,0,0,90,0.01,0.13,4.3,4.6,360,18,11.2,9.9,13.6,13.8,11.6,0.334,0.298,0.295,0.35,1,0.0,3.0,0.0,3.0,0.0,3.0,26.2,8.3,0.0,8.3,0.0,2.5,72.3,1.9038397688906782e-05,18.234912942695487,0.26134169599999996,138.2205277220924,8.036625111835813e-05,0.5202243449458245
39.964848,-6.913391,295.0,2015-04-23 07:00:00,10.3,85,8.0,9.1,0.0,0.0,0.0,0.0,1,1019.7,984.2,25,0,0,83,0.04,0.18,4.7,3.9,9,34,10.8,10.9,13.4,13.8,11.6,0.333,0.298,0.295,0.35,1,3248.06,103.0,56.0,47.0,348.0,103.0,204.9,169.4,92.1,77.3,370.0,159.4,337.1,0.0001862610536055674,24.141826443140744,0.4145587200000001,137.4211545886725,0.0007348500245552605,0.822911244288594
39.964848,-6.913391,295.0,2015-04-23 08:00:00,13.4,74,8.8,12.8,0.0,0.0,0.0,0.0,1,1019.7,984.6,22,0,0,74,0.13,0.4,2.0,3.1,45,45,11.2,14.3,13.5,13.8,11.6,0.332,0.298,0.295,0.35,1,3600.0,284.0,184.0,100.0,534.6,284.0,466.1,360.5,233.6,126.9,534.6,360.5,591.6,0.003904804765030816,34.85237300996,0.9139686399999998,140.7871545886725,0.012987566794839306,1.7987443481171257
39.964848,-6.913391,295.0,2015-04-23 09:00:00,15.7,63,8.7,15.1,0.0,0.0,0.0,0.0,1,1019.3,984.5,28,0,2,89,0.26,0.66,2.0,2.3,135,141,11.9,16.2,13.7,13.8,11.6,0.331,0.298,0.294,0.35,1,3600.0,481.0,351.0,130.0,671.1,481.0,708.2,556.0,405.7,150.3,671.1,556.0,818.6,0.11313760245277533,53.64441997154403,2.4209259519999997,144.5671545886725,0.27135239659887905,4.647292645301837
39.964848,-6.913391,295.0,2015-04-23 10:00:00,17.4,54,7.9,17.3,0.0,0.0,0.0,0.0,1,1019.0,984.4,22,0,0,75,0.37,0.92,2.2,2.9,180,187,15.1,17.8,14.0,13.8,11.6,0.33,0.298,0.294,0.35,1,3600.0,650.0,472.0,178.0,698.6,650.0,914.8,712.3,517.3,195.1,698.6,712.3,1002.5,0.4057443236508794,71.71035978954667,4.484022272,148.65315458867252,0.7402102790799897,8.339180163571248
39.964848,-6.913391,295.0,2015-04-23 11:00:00,19.0,47,7.3,19.2,0.0,0.0,0.0,0.0,0,1018.7,984.3,9,0,0,30,0.47,1.17,4.5,5.5,209,212,18.4,19.4,14.3,13.8,11.6,0.328,0.298,0.294,0.35,1,3600.0,794.0,626.0,168.0,790.8,794.0,1071.9,837.8,660.5,177.3,790.8,837.8,1130.9,2.0127786802328846,82.60531074549469,7.066650368,153.02715458867252,1.926905795766809,12.670519043698757
39.964848,-6.913391,295.0,2015-04-23 12:00:00,20.2,42,6.8,20.9,0.0,0.0,0.0,0.0,0,1018.2,983.9,11,0,0,38,0.56,1.38,5.7,6.9,215,219,20.9,20.7,14.7,13.8,11.6,0.325,0.297,0.294,0.35,1,3600.0,917.0,805.0,112.0,932.6,917.0,1168.7,937.7,823.2,114.5,932.6,937.7,1195.1,12.368966102600098,89.45965576171875,25.267822265625,210.9558563232422,5.46764612197876,38.894649505615234
39.964848,-6.913391,295.0,2015-04-23 13:00:00,21.3,38,6.4,21.9,0.0,0.0,0.0,0.0,0,1017.3,983.2,19,0,0,62,0.6,1.57,6.2,7.2,216,217,21.2,21.7,15.1,13.8,11.6,0.323,0.297,0.294,0.35,1,3600.0,946.0,836.0,110.0,944.2,946.0,1198.7,939.6,830.4,109.3,944.2,939.6,1190.6,13.378378802007589,89.7144139179673,28.634717881625,215.7438563232422,5.6245050499257,43.00108212209363
39.964848,-6.913391,295.0,2015-04-23 14:00:00,22.1,35,6.1,22.3,0.0,0.0,0.0,0.0,0,1016.8,982.8,7,0,0,24,0.59,1.72,7.2,9.2,217,219,22.3,22.4,15.6,13.8,11.6,0.321,0.297,0.294,0.35,1,3600.0,912.0,809.0,103.0,944.3,912.0,1159.8,879.0,779.7,99.3,944.3,879.0,1117.9,15.69616189817371,90.3417553591005,32.290592441625,220.6758563232422,6.471289960989915,47.28400050951211
39.964848,-6.913391,295.0,2015-04-23 15:00:00,22.5,34,5.8,21.9,0.0,0.0,0.0,0.0,0,1016.4,982.5,18,0,0,60,0.54,1.81,8.4,10.7,223,225,23.0,22.6,16.0,13.8,11.6,0.319,0.296,0.294,0.35,1,3600.0,818.0,720.0,98.0,924.1,818.0,1054.8,761.4,670.1,91.2,924.1,761.4,981.8,17.8384369232553,90.68400349179957,36.066713273625,225.67985632324218,7.219265731596729,51.541030687173205
39.964848,-6.913391,295.0,2015-04-23 16:00:00,22.6,33,5.4,20.8,0.0,0.0,0.0,0.0,1,1015.8,981.9,29,0,0,95,0.45,1.84,9.2,11.8,231,232,23.0,22.4,16.4,13.8,11.6,0.317,0.296,0.294,0.35,1,3600.0,671.0,579.0,92.0,879.9,671.0,890.8,596.4,514.6,81.8,879.9,596.4,791.7,19.633638297573018,90.92499955178756,39.916291001625,230.70185632324217,7.779155116683123,55.72749817844962
39.964848,-6.913391,295.0,2015-04-23 17:00:00,22.3,33,5.1,19.7,0.0,0.0,0.0,0.0,1,1016.0,982.0,29,0,0,95,0.33,1.81,9.3,12.3,234,238,22.3,21.7,16.7,13.8,11.6,0.316,0.296,0.294,0.35,1,3600.0,464.0,348.0,116.0,693.8,464.0,679.1,383.1,287.3,95.8,693.8,383.1,560.7,20.53875866814791,90.97466241734458,43.717139897624996,235.66985632324216,7.8739952018596355,59.73290386077971
39.964848,-6.913391,295.0,2015-04-23 18:00:00,21.4,37,6.1,19.3,0.0,0.0,0.0,0.0,1,1015.9,981.8,30,0,0,100,0.19,1.61,8.3,12.3,236,238,20.5,20.5,16.9,13.9,11.6,0.315,0.296,0.293,0.35,1,3600.0,252.0,154.0,98.0,480.4,252.0,434.0,176.7,108.0,68.7,480.4,176.7,304.3,20.518443682391652,91.02434167911382,47.153613497624995,240.47585632324217,7.540243390502699,63.284457322759486
39.964848,-6.913391,295.0,2015-04-23 19:00:00,19.8,44,7.2,18.2,0.0,0.0,0.0,0.0,1,1015.9,981.7,30,0,0,100,0.07,1.29,6.1,14.3,242,245,16.2,19.0,16.9,13.9,11.6,0.314,0.296,0.293,0.35,1,2523.84,74.0,25.0,49.0,168.0,74.0,172.3,17.3,5.8,11.4,67.0,14.8,40.2,17.933666536978308,90.27866917654389,49.991037625625,244.99385632324217,6.067347623406863,66.20779563764107
39.964848,-6.913391,295.0,2015-04-23 20:00:00,17.9,52,7.9,16.5,0.0,0.0,0.0,0.0,1,1016.1,981.6,30,0,0,100,0.06,0.99,6.4,13.6,243,248,11.5,17.7,16.9,13.9,11.6,0.314,0.296,0.293,0.35,0,0.0,1.0,0.0,1.0,0.0,1.0,10.3,0.0,0.0,0.0,0.0,0.0,0.0,15.847196220364463,88.84558230411255,52.202017465625,249.16985632324216,5.015455907740963,68.5174036636506
39.964848,-6.913391,295.0,2015-04-23 21:00:00,16.9,56,8.0,15.4,0.0,0.0,0.0,0.0,1,1016.4,981.8,31,0,2,99,0.03,0.86,6.8,13.1,270,261,11.5,16.6,16.9,13.9,11.6,0.314,0.296,0.293,0.35,0,0.0,0.0,0.0,0.0,0.0,0.0,0.0,0.0,0.0,0.0,0.0,0.0,0.0,14.634423372901876,87.82891325742042,54.122078905624996,253.16585632324217,4.423185556572446,70.54251443245455
39.964848,-6.913391,295.0,2015-04-23 22:00:00,16.2,55,7.1,14.7,0.0,0.0,0.0,0.0,1,1016.7,982.0,40,0,17,99,0.02,0.83,5.4,11.5,290,266,10.8,15.6,16.7,13.9,11.6,0.313,0.296,0.293,0.35,0,0.0,0.0,0.0,0.0,0.0,0.0,0.0,0.0,0.0,0.0,0.0,0.0,0.0,13.70235589396003,87.58657545630032,56.009412025625,257.0358563232422,3.9814250229551678,72.51523412230871
39.964848,-6.913391,295.0,2015-04-23 23:00:00,14.5,67,8.4,13.4,0.0,0.0,0.0,0.0,2,1016.5,981.6,55,0,41,100,0.01,0.55,5.4,10.6,312,280,10.4,14.8,16.5,13.9,11.6,0.313,0.296,0.293,0.35,0,0.0,0.0,0.0,0.0,0.0,0.0,0.0,0.0,0.0,0.0,0.0,0.0,0.0,11.437218813136832,85.88430918290379,57.257451961624994,260.5998563232422,3.1277078436785026,73.91467237806452
39.964848,-6.913391,295.0,2015-04-24 00:00:00,14.0,69,8.3,12.9,0.0,0.0,0.0,0.0,2,1016.5,981.6,76,0,78,99,0.0,0.5,4.5,8.6,331,292,9.4,14.2,16.3,13.9,11.7,0.313,0.296,0.293,0.35,0,0.0,0.0,0.0,0.0,0.0,0.0,0.0,0.0,0.0,0.0,0.0,0.0,0.0,10.155655683547035,85.07834671864282,58.39227615362499,264.0738563232422,2.6722714481926135,75.20888948653015
39.964848,-6.913391,295.0,2015-04-24 01:00:00,13.6,70,8.3,12.7,0.0,0.0,0.0,0.0,2,1015.8,980.8,79,0,82,98,0.0,0.46,3.4,6.6,342,292,9.4,13.9,16.1,13.9,11.7,0.313,0.296,0.293,0.35,0,0.0,0.0,0.0,0.0,0.0,0.0,0.0,0.0,0.0,0.0,0.0,0.0,0.0,9.336113205478215,84.66586249819478,59.46140127362499,267.47585632324217,2.3892772038810484,76.44012065225878
39.964848,-6.913391,295.0,2015-04-24 02:00:00,13.3,72,8.3,12.5,0.0,0.0,0.0,0.0,3,1015.5,980.5,82,0,87,99,0.0,0.43,3.1,6.8,324,273,9.0,13.5,15.9,13.9,11.7,0.312,0.296,0.293,0.35,0,0.0,0.0,0.0,0.0,0.0,0.0,0.0,0.0,0.0,0.0,0.0,0.0,0.0,8.861797854210694,84.24603627564748,60.43888709762499,270.8238563232422,2.2234163981460675,77.58935725999211
39.964848,-6.913391,295.0,2015-04-24 03:00:00,13.2,72,8.3,12.3,0.0,0.0,0.0,0.0,2,1015.5,980.5,74,0,73,99,0.0,0.42,3.3,8.0,319,265,8.6,13.3,15.7,14.0,11.7,0.312,0.296,0.293,0.35,0,0.0,0.0,0.0,0.0,0.0,0.0,0.0,0.0,0.0,0.0,0.0,0.0,0.0,8.864924975432265,84.09343878033634,61.40958482562499,274.15385632324217,2.200437540555692,78.73064148446426
39.964848,-6.913391,295.0,2015-04-24 04:00:00,13.3,71,8.2,12.5,0.0,0.0,0.0,0.0,2,1015.5,980.5,71,0,71,96,0.0,0.44,2.3,7.1,321,255,8.3,13.1,15.5,14.0,11.7,0.312,0.296,0.293,0.35,0,0.0,0.0,0.0,0.0,0.0,0.0,0.0,0.0,0.0,0.0,0.0,0.0,0.0,8.615169361514518,84.14084620374511,62.42198085762499,277.5018563232422,2.1056269132966183,79.9074779824205
39.964848,-6.913391,295.0,2015-04-24 05:00:00,13.6,67,7.7,13.0,0.0,0.0,0.0,0.0,3,1015.3,980.4,82,0,88,98,0.0,0.51,0.5,6.0,315,237,6.8,12.9,15.3,14.0,11.7,0.312,0.296,0.293,0.35,0,0.0,0.0,0.0,0.0,0.0,0.0,0.0,0.0,0.0,0.0,0.0,0.0,0.0,8.082918567541459,84.18826927873111,63.59801848962499,280.90385632324217,1.9353160873899593,81.2228834616445
39.964848,-6.913391,295.0,2015-04-24 06:00:00,13.5,68,7.8,12.9,0.0,0.0,0.0,0.0,3,1015.6,980.6,86,0,96,96,0.01,0.49,0.5,5.1,135,225,5.0,12.7,15.1,14.0,11.7,0.311,0.296,0.293,0.35,1,0.0,3.0,0.0,3.0,0.0,3.0,29.1,8.1,0.0,8.1,0.0,2.7,78.2,8.212417787561625,84.2357080104617,64.73066079362499,284.2878563232422,1.947686703464722,82.49962936749112
39.964848,-6.913391,295.0,2015-04-24 07:00:00,13.1,80,9.7,12.8,0.0,0.0,0.0,0.0,3,1015.8,980.8,88,0,98,98,0.03,0.3,2.1,5.4,211,233,5.8,13.2,15.0,14.0,11.7,0.311,0.296,0.293,0.35,1,0.0,36.0,0.0,36.0,0.0,36.0,210.6,58.5,0.0,58.5,0.0,55.9,342.5,7.632991261637574,82.92923889474312,65.419167673625,287.5998563232422,1.7788037483946713,83.40745203747994
39.964848,-6.913391,295.0,2015-04-24 08:00:00,14.3,75,9.9,13.7,0.0,0.0,0.0,0.0,3,1016.3,981.4,84,0,91,98,0.07,0.41,4.2,7.2,239,243,10.8,14.7,14.9,14.0,11.7,0.311,0.296,0.293,0.35,1,0.0,110.0,4.0,106.0,11.5,110.0,471.2,139.2,5.1,134.2,11.5,139.2,596.5,8.49985148168642,82.97626195715758,66.352530873625,291.1278563232422,1.9892570911388139,84.53690110387653
39.964848,-6.913391,295.0,2015-04-24 09:00:00,15.7,68,9.9,14.9,0.0,0.0,0.0,0.0,3,1016.2,981.5,81,0,85,99,0.16,0.56,5.6,7.3,255,259,16.6,16.0,15.0,14.0,11.7,0.31,0.296,0.293,0.35,1,2016.25,260.0,67.0,193.0,127.2,260.0,712.8,300.2,77.4,222.8,127.2,300.2,822.9,9.519815756373102,83.3548734537295,67.655845305625,294.9078563232422,2.2414149125692964,85.9922383568347
39.964848,-6.913391,295.0,2015-04-24 10:00:00,16.9,57,8.4,15.4,0.0,0.0,0.0,0.0,3,1016.6,982.0,87,0,96,99,0.24,0.83,7.6,10.1,265,266,19.1,17.2,15.1,14.0,11.7,0.31,0.296,0.293,0.35,1,3600.0,388.0,136.0,252.0,200.3,388.0,918.9,424.9,148.9,276.0,200.3,424.9,1006.3,12.467703050724005,84.93608225464904,69.532268985625,298.90385632324217,3.06356129594025,87.92868755334474
39.964848,-6.913391,295.0,2015-04-24 11:00:00,17.5,50,7.1,15.8,0.0,0.0,0.0,0.0,3,1016.4,981.9,90,0,100,100,0.26,0.99,7.2,9.4,273,274,19.1,17.8,15.3,14.0,11.7,0.309,0.296,0.293,0.35,1,578.13,387.0,63.0,324.0,79.3,387.0,1075.5,408.2,66.4,341.7,79.3,408.2,1134.3,14.583647291769843,86.38452277107467,71.786886585625,303.00785632324215,3.6743833416861515,90.1683500072516
39.964848,-6.913391,295.0,2015-04-24 12:00:00,17.8,47,6.3,15.8,0.0,0.0,0.0,0.0,3,1016.3,981.8,90,0,100,100,0.26,1.09,7.6,9.8,262,262,22.3,18.2,15.4,14.0,11.7,0.308,0.296,0.293,0.35,1,0.0,371.0,45.0,326.0,52.0,371.0,1171.9,379.3,46.0,333.3,52.0,379.3,1198.1,1.1455078125,62.0029296875,20.96875,211.2452850341797,0.7083074450492859,33.4252815246582
39.964848,-6.913391,295.0,2015-04-24 13:00:00,17.4,46,5.8,15.1,0.0,0.0,0.0,0.0,3,1016.1,981.6,90,0,100,100,0.27,1.07,8.7,11.4,246,246,28.1,18.4,15.6,14.0,11.7,0.307,0.296,0.293,0.35,1,0.0,381.0,36.0,345.0,40.5,381.0,1201.6,378.4,35.8,342.7,40.5,378.4,1193.4,4.113355962844769,79.67223401155304,23.39064568,215.3312850341797,1.7046454798430297,36.79030302734848
39.964848,-6.913391,295.0,2015-04-24 14:00:00,16.1,53,6.6,14.0,0.2,0.2,0.0,0.0,51,1015.8,981.1,93,3,100,100,0.21,0.86,9.2,12.4,239,240,27.7,17.8,15.7,14.0,11.7,0.306,0.295,0.293,0.35,1,0.0,284.0,23.0,261.0,26.8,284.0,1162.6,273.7,22.2,251.6,26.8,273.7,1120.6,7.489532684343453,84.1700282481907,25.350465967999998,219.1832850341797,2.9928207499087,39.32905736413665
39.964848,-6.913391,295.0,2015-04-24 15:00:00,15.1,61,7.8,13.4,0.4,0.4,0.0,0.0,51,1015.7,980.9,83,6,95,68,0.16,0.66,8.2,11.4,241,242,25.2,17.3,15.8,14.0,11.7,0.307,0.295,0.293,0.35,1,0.0,224.0,20.0,204.0,25.6,224.0,1057.6,208.5,18.6,189.9,25.6,208.5,984.6,6.943104127310414,83.66499747029872,26.882151343999997,222.8552850341797,2.6609858138824074,41.3074246607359
39.964848,-6.913391,295.0,2015-04-24 16:00:00,14.0,72,9.0,12.7,0.5,0.5,0.0,0.0,53,1015.5,980.6,70,10,99,4,0.09,0.45,7.2,10.0,243,244,22.7,16.4,15.8,14.0,11.7,0.309,0.295,0.293,0.35,1,0.0,115.0,0.0,115.0,0.0,115.0,893.8,102.3,0.0,102.3,0.0,102.3,794.8,3.2184317931564674,76.8914870631505,27.907153839999996,226.3292850341797,1.2416550040115255,42.66306350546727
39.964848,-6.913391,295.0,2015-04-24 17:00:00,13.5,78,9.6,12.6,0.4,0.4,0.0,0.0,51,1015.6,980.6,100,63,96,0,0.07,0.35,5.6,8.5,243,242,18.4,15.5,15.7,14.0,11.7,0.311,0.295,0.293,0.35,1,0.0,76.0,1.0,75.0,2.0,76.0,682.3,62.8,0.8,62.0,2.0,62.8,564.0,1.677973621477592,68.08056483332784,28.685845423999996,229.7132850341797,0.7803298424786392,43.722029825788454
39.964848,-6.913391,295.0,2015-04-24 18:00:00,13.2,81,10.1,12.6,0.2,0.2,0.0,0.0,51,1015.7,980.7,100,84,93,0,0.05,0.28,5.1,9.2,225,228,16.6,14.9,15.6,14.0,11.7,0.312,0.295,0.293,0.35,1,0.0,51.0,13.0,38.0,40.2,51.0,437.5,35.9,9.2,26.8,40.2,35.9,308.1,0.833219719474321,60.74352275728724,27.679902188417838,233.04328503417972,0.5537933830334774,42.68495529049029
39.964848,-6.913391,295.0,2015-04-24 19:00:00,13.0,88,11.0,12.9,0.5,0.5,0.0,0.0,53,1015.4,980.4,100,72,71,0,0.02,0.19,3.4,7.6,212,225,13.7,14.6,15.5,14.0,11.7,0.316,0.295,0.293,0.35,1,156.14,24.0,10.0,14.0,66.5,24.0,176.3,6.1,2.5,3.5,29.0,5.3,44.5,0.2178267402890303,48.20098274075346,24.394433626310235,236.33728503417973,0.1547969298004553,38.78144009090961
39.964848,-6.913391,295.0,2015-04-24 20:00:00,12.8,91,11.4,12.6,0.0,0.0,0.0,0.0,3,1015.8,980.7,100,68,85,0,0.02,0.14,4.6,10.9,231,236,9.0,14.3,15.4,14.0,11.7,0.317,0.296,0.293,0.35,0,0.0,0.0,0.0,0.0,0.0,0.0,12.4,0.0,0.0,0.0,0.0,0.0,0.0,0.058033415471982,40.06959721589609,21.32211771014246,239.59528503417974,0.044366944055859524,34.88336473991803
39.964848,-6.913391,295.0,2015-04-24 21:00:00,12.7,92,11.5,12.5,0.0,0.0,0.0,0.0,3,1016.4,981.3,84,46,69,3,0.0,0.12,4.9,13.0,234,242,12.2,14.1,15.3,14.0,11.7,0.317,0.296,0.293,0.35,0,0.0,0.0,0.0,0.0,0.0,0.0,0.0,0.0,0.0,0.0,0.0,0.0,0.0,0.017700291845918214,34.73762196607073,18.502307147727766,242.83528503417975,0.014636434527049162,31.083722480392474
39.964848,-6.913391,295.0,2015-04-24 22:00:00,12.5,92,11.3,12.1,0.0,0.0,0.0,0.0,2,1016.6,981.5,59,36,45,0,0.0,0.12,5.9,14.1,223,238,11.5,13.8,15.2,14.0,11.7,0.317,0.296,0.293,0.35,0,0.0,0.0,0.0,0.0,0.0,0.0,0.0,0.0,0.0,0.0,0.0,0.0,0.0,0.008814463005254751,32.017640390807564,15.93650613446169,246.03928503417976,0.00792490845820481,27.43108315823824
39.964848,-6.913391,295.0,2015-04-24 23:00:00,12.3,94,11.3,11.9,0.0,0.0,0.0,0.0,2,1016.4,981.3,75,32,27,99,0.0,0.09,5.5,13.3,212,229,10.1,13.6,15.1,14.0,11.7,0.317,0.296,0.293,0.35,0,0.0,0.0,0.0,0.0,0.0,0.0,0.0,0.0,0.0,0.0,0.0,0.0,0.0,0.0027518548154445146,28.179119353138372,13.534066278035304,249.20728503417976,0.002713467515727684,23.832382060936286
39.964848,-6.913391,295.0,2015-04-25 00:00:00,11.9,95,11.2,11.4,0.0,0.0,0.0,0.0,3,1016.5,981.3,95,56,26,98,0.0,0.06,6.6,14.3,209,223,10.8,13.3,14.9,14.0,11.7,0.317,0.296,0.293,0.35,0,0.0,0.0,0.0,0.0,0.0,0.0,0.0,0.0,0.0,0.0,0.0,0.0,0.0,0.0009916462486306143,25.02309292867481,11.31300443882318,252.30328503417977,0.0010821748216769086,20.34535049797251
39.964848,-6.913391,295.0,2015-04-25 01:00:00,11.6,97,11.1,11.1,0.0,0.0,0.0,0.0,3,1016.6,981.4,100,76,21,96,0.0,0.04,5.5,14.1,203,220,10.4,13.1,14.8,14.0,11.7,0.316,0.296,0.293,0.349,0,0.0,0.0,0.0,0.0,0.0,0.0,0.0,0.0,0.0,0.0,0.0,0.0,0.0,0.00016581302519102012,20.427162303065806,9.234002777849335,255.34528503417977,0.00020280753903320555,16.93679990462999
39.964848,-6.913391,295.0,2015-04-25 02:00:00,11.3,98,11.0,10.8,0.0,0.0,0.0,0.0,3,1015.8,980.6,100,91,19,100,0.0,0.03,5.7,12.9,198,216,11.2,12.9,14.7,14.0,11.7,0.316,0.296,0.293,0.349,0,0.0,0.0,0.0,0.0,0.0,0.0,0.0,0.0,0.0,0.0,0.0,0.0,0.0,2.814051015144027e-05,16.36363571695615,7.326099392716499,258.33328503417977,3.910222905111154e-05,13.682164142020317
39.964848,-6.913391,295.0,2015-04-25 03:00:00,11.6,98,11.3,11.2,0.0,0.0,0.0,0.0,3,1015.6,980.4,100,100,20,98,0.0,0.03,5.4,11.8,188,207,11.5,13.0,14.5,14.0,11.7,0.316,0.296,0.293,0.349,0,0.0,0.0,0.0,0.0,0.0,0.0,0.0,0.0,0.0,0.0,0.0,0.0,0.0,7.3740878695108805e-06,13.770083095515115,5.620284898342387,261.37528503417974,1.180082836147941e-05,10.667138046405599
39.964848,-6.913391,295.0,2015-04-25 04:00:00,11.9,98,11.5,11.4,0.1,0.1,0.0,0.0,51,1015.5,980.3,100,100,13,100,0.0,0.03,6.8,13.1,183,201,12.6,13.1,14.4,14.0,11.7,0.317,0.296,0.293,0.349,0,0.0,0.0,0.0,0.0,0.0,0.0,0.0,0.0,0.0,0.0,0.0,0.0,0.0,2.8854317279093703e-06,12.060981787932837,4.009227655706903,264.47128503417974,5.4723345586391544e-06,7.725664109137778
39.964848,-6.913391,295.0,2015-04-25 05:00:00,12.1,97,11.7,11.4,0.0,0.0,0.0,0.0,3,1015.4,980.3,100,100,87,100,0.0,0.04,8.4,14.7,190,202,14.0,13.1,14.3,14.0,11.7,0.317,0.296,0.293,0.349,0,0.0,0.0,0.0,0.0,0.0,0.0,0.0,0.0,0.0,0.0,0.0,0.0,0.0,3.3641857004145148e-06,12.577455616188077,2.668230493398139,267.60328503417975,7.683723239423217e-06,5.20667366523027
39.964848,-6.913391,295.0,2015-04-25 06:00:00,12.1,97,11.7,11.3,0.1,0.1,0.0,0.0,51,1015.9,980.8,100,99,94,100,0.02,0.04,9.8,16.6,188,198,15.1,13.1,14.3,14.0,11.7,0.318,0.296,0.293,0.349,1,0.0,1.0,0.0,1.0,0.0,1.0,32.0,2.6,0.0,2.6,0.0,0.9,84.0,3.5222370979934194e-06,12.97650163875145,1.5037025156570658,270.73528503417975,1.0038743256303615e-05,2.9662180327550227
39.964848,-6.913391,295.0,2015-04-25 07:00:00,12.4,96,11.7,11.1,0.2,0.2,0.0,0.0,51,1015.7,980.6,100,79,89,100,0.02,0.06,12.8,20.5,196,202,23.8,13.3,14.2,14.0,11.7,0.321,0.296,0.293,0.349,1,0.0,33.0,0.0,33.0,0.0,33.0,216.1,53.1,0.0,53.1,0.0,51.4,347.8,8.098028398340958e-06,14.976339777444863,0.5679754631497204,273.92128503417973,3.0091840497063892e-05,1.130092811004999
39.964848,-6.913391,295.0,2015-04-25 08:00:00,12.9,91,11.5,11.6,0.2,0.2,0.0,0.0,51,1016.3,981.2,100,63,91,100,0.06,0.14,12.1,19.6,203,206,27.7,13.6,14.2,14.0,11.7,0.322,0.297,0.293,0.349,1,0.0,117.0,14.0,103.0,39.8,117.0,476.2,147.7,17.7,130.0,39.8,147.7,601.2,0.00015695561259268629,22.695051086905206,0.30546431999999996,273.1031907726663,0.0006487814754836986,0.6092251032218677
39.964848,-6.913391,295.0,2015-04-25 09:00:00,13.6,87,11.5,12.3,0.2,0.2,0.0,0.0,51,1016.0,981.0,100,68,66,98,0.09,0.2,12.2,19.0,204,207,29.2,13.9,14.1,14.0,11.7,0.322,0.297,0.293,0.349,1,0.0,155.0,19.0,136.0,35.8,155.0,717.2,178.7,21.9,156.8,35.8,178.7,827.1,0.002163425297368946,31.006702933257543,0.46328755199999994,271.77971613341055,0.008364215152057472,0.9226431596217366
39.964848,-6.913391,295.0,2015-04-25 10:00:00,14.8,81,11.6,13.8,0.3,0.3,0.0,0.0,51,1016.1,981.3,100,54,66,98,0.17,0.32,10.4,15.2,200,202,29.5,14.9,14.2,14.0,11.7,0.323,0.297,0.293,0.349,1,2377.05,321.0,95.0,226.0,139.2,321.0,922.8,351.3,104.0,247.4,139.2,351.3,1010.1,0.013942864299665797,39.070143101116315,0.7323870720000001,269.7332419572948,0.04895970518032902,1.4548981956202574
39.964848,-6.913391,295.0,2015-04-25 11:00:00,16.2,75,11.7,15.1,0.3,0.3,0.0,0.0,51,1015.9,981.2,100,53,85,100,0.26,0.47,11.3,16.1,202,204,32.8,16.2,14.3,14.0,11.7,0.324,0.297,0.293,0.349,1,3600.0,466.0,209.0,257.0,262.0,466.0,1078.9,491.3,220.4,271.0,262.0,491.3,1137.6,0.062472166788712,47.14802642449037,1.0485184,267.0200124153109,0.1995512809128328,2.076650627688352
39.964848,-6.913391,295.0,2015-04-25 12:00:00,17.1,69,11.4,15.9,0.3,0.3,0.0,0.0,51,1015.2,980.7,100,51,80,99,0.27,0.61,11.6,16.1,206,207,34.6,17.0,14.5,14.0,11.7,0.324,0.297,0.293,0.349,1,3600.0,457.0,207.0,250.0,238.3,457.0,1175.0,467.1,211.6,255.6,238.3,467.1,1201.1,3.768000841140747,67.90457153320312,17.529296875,211.87757873535156,1.8575079441070557,28.88504409790039
39.964848,-6.913391,295.0,2015-04-25 13:00:00,18.0,64,11.0,16.7,0.2,0.2,0.0,0.0,51,1014.7,980.3,100,41,75,71,0.33,0.75,11.4,15.8,208,210,42.1,17.9,14.7,14.0,11.7,0.324,0.297,0.293,0.349,1,3600.0,555.0,235.0,320.0,263.9,555.0,1204.5,551.2,233.4,317.8,263.9,551.2,1196.2,0.7689345904611185,61.09886200716144,13.313254241436775,209.003090729898,0.7765474184905158,22.968794604966764
39.964848,-6.913391,295.0,2015-04-25 14:00:00,18.3,63,11.1,16.9,0.1,0.1,0.0,0.0,51,1013.8,979.5,81,39,53,46,0.32,0.78,12.4,17.1,210,210,43.2,18.3,14.9,14.0,11.7,0.324,0.297,0.293,0.349,1,3600.0,520.0,251.0,269.0,291.3,520.0,1165.4,501.2,241.9,259.3,291.3,501.2,1123.3,0.6706965182885164,60.44712105693023,10.202003904179596,205.96214938801904,0.7859981853410478,18.155721614244374
39.964848,-6.913391,295.0,2015-04-25 15:00:00,18.4,65,11.6,16.9,0.1,0.1,0.0,0.0,51,1013.1,978.8,52,31,37,5,0.29,0.75,13.8,19.2,208,210,43.6,18.5,15.1,14.0,11.7,0.324,0.297,0.293,0.349,1,3600.0,465.0,242.0,223.0,308.6,465.0,1060.3,433.0,225.4,207.7,308.6,433.0,987.4,0.6291277542863772,60.521770350328005,7.91811374013682,203.26252687288698,0.8472509397817678,14.430840131184151
39.964848,-6.913391,295.0,2015-04-25 16:00:00,17.2,71,11.9,15.5,0.3,0.3,0.0,0.0,51,1012.5,978.1,59,31,48,8,0.23,0.58,16.1,22.9,204,204,44.6,18.2,15.3,14.0,11.7,0.327,0.297,0.293,0.349,1,3600.0,390.0,238.0,152.0,359.0,390.0,896.6,347.0,211.8,135.2,359.0,347.0,797.8,0.5127974903393056,57.99774925582819,5.9473905719437195,200.6603694850654,0.8038224126117343,11.074207580634399
39.964848,-6.913391,295.0,2015-04-25 17:00:00,16.4,75,11.9,14.6,0.4,0.4,0.0,0.0,51,1012.2,977.7,71,24,80,5,0.16,0.47,16.5,23.9,200,201,41.4,17.5,15.4,14.0,11.7,0.334,0.297,0.293,0.349,1,3600.0,267.0,157.0,110.0,309.8,267.0,685.4,221.0,130.0,91.1,309.8,221.0,567.3,0.34829948577381614,54.969800296884266,4.34775731441362,198.22248070213246,0.6391849618587356,8.243488605422167
39.964848,-6.913391,295.0,2015-04-25 18:00:00,16.0,78,12.1,14.5,0.2,0.2,0.0,0.0,51,1012.1,977.5,93,40,94,1,0.09,0.4,14.7,24.0,216,216,36.7,16.5,15.5,14.0,11.7,0.334,0.297,0.293,0.349,1,2339.25,109.0,45.0,64.0,138.0,109.0,441.0,77.1,31.8,45.3,138.0,77.1,311.8,0.1984612038687193,51.81656981115733,3.123701756773835,196.27916156255526,0.42492783447932925,6.00835239887177
39.964848,-6.913391,295.0,2015-04-25 19:00:00,15.1,80,11.7,13.9,0.4,0.4,0.0,0.0,51,1012.3,977.6,90,35,96,4,0.05,0.34,12.0,21.9,221,224,34.6,15.7,15.4,14.0,11.7,0.336,0.297,0.293,0.349,1,464.66,25.0,12.0,13.0,79.1,25.0,180.3,6.8,3.2,3.5,37.2,5.9,48.7,0.07805489532627718,46.807493900146916,2.1085244883255907,193.67583913497742,0.19699252628307642,4.105313887459961
39.964848,-6.913391,295.0,2015-04-25 20:00:00,14.3,83,11.4,13.1,0.4,0.4,0.0,0.0,51,1012.2,977.4,84,37,77,14,0.03,0.28,11.5,21.9,219,222,32.0,15.0,15.4,14.0,11.7,0.338,0.297,0.293,0.349,0,0.0,0.0,0.0,0.0,0.0,0.0,14.5,0.0,0.0,0.0,0.0,0.0,0.0,0.031624388548571795,42.343866684299456,1.2909785158334042,191.2300461240932,0.0949585976949656,2.539103822267246
39.964848,-6.913391,295.0,2015-04-25 21:00:00,14.1,84,11.4,12.7,0.3,0.3,0.0,0.0,51,1012.7,977.9,78,31,76,15,0.01,0.26,12.2,22.5,214,219,26.3,14.5,15.3,14.0,11.7,0.339,0.298,0.293,0.349,0,0.0,0.0,0.0,0.0,0.0,0.0,0.0,0.0,0.0,0.0,0.0,0.0,0.0,0.015339589398789173,39.17033542941377,0.689011163059149,188.00619996008624,0.05467819477685803,1.3655114009633296
39.964848,-6.913391,295.0,2015-04-25 22:00:00,13.4,90,11.8,12.3,0.4,0.4,0.0,0.0,51,1012.3,977.4,100,48,88,22,0.0,0.16,11.9,21.3,205,210,30.2,14.3,15.2,14.0,11.7,0.342,0.298,0.293,0.349,0,0.0,0.0,0.0,0.0,0.0,0.0,0.0,0.0,0.0,0.0,0.0,0.0,0.0,0.0017373658721518347,30.41842416149854,0.3515264,183.682729632792,0.0070369103403022945,0.6997051142869963
39.964848,-6.913391,295.0,2015-04-25 23:00:00,13.2,91,11.7,11.7,0.6,0.6,0.0,0.0,53,1011.8,976.9,100,100,100,31,0.0,0.14,13.8,24.0,200,204,30.2,14.0,15.1,14.0,11.7,0.347,0.298,0.293,0.349,0,0.0,0.0,0.0,0.0,0.0,0.0,0.0,0.0,0.0,0.0,0.0,0.0,0.0,0.0004175423058282902,25.335525524912136,0.31200998399999996,177.8856084679626,0.0017211538400743415,0.6212955987901
39.964848,-6.913391,295.0,2015-04-26 00:00:00,12.9,92,11.7,11.2,0.6,0.6,0.0,0.0,53,1011.3,976.4,100,98,94,36,0.0,0.11,15.1,25.8,198,203,32.4,13.9,15.0,14.0,11.7,0.354,0.299,0.293,0.349,0,0.0,0.0,0.0,0.0,0.0,0.0,0.0,0.0,0.0,0.0,0.0,0.0,0.0,0.00012431057063264336,21.667536260878606,0.27152384,170.67181720879546,0.0005221442202082107,0.540896383647562
39.964848,-6.913391,295.0,2015-04-26 01:00:00,12.6,94,11.6,11.1,0.5,0.5,0.0,0.0,53,1010.5,975.6,100,86,77,39,0.0,0.09,14.1,24.8,195,199,32.8,13.7,14.9,14.0,11.7,0.361,0.299,0.293,0.349,0,0.0,0.0,0.0,0.0,0.0,0.0,0.0,0.0,0.0,0.0,0.0,0.0,0.0,1.6103263838572356e-05,16.73430332027733,0.19927910399999996,162.37113862280123,7.011524366425007e-05,0.3973390662581283
39.964848,-6.913391,295.0,2015-04-26 02:00:00,12.3,95,11.4,10.7,0.6,0.6,0.0,0.0,53,1009.6,974.7,100,100,47,31,0.0,0.08,14.3,24.9,192,198,31.7,13.6,14.8,14.0,11.8,0.368,0.3,0.293,0.349,0,0.0,0.0,0.0,0.0,0.0,0.0,0.0,0.0,0.0,0.0,0.0,0.0,0.0,3.4657495614659272e-06,13.389169424319997,0.16242944,152.82214420033802,1.5392811780166573e-05,0.3239979640617525
39.964848,-6.913391,295.0,2015-04-26 03:00:00,12.0,96,11.4,10.1,0.5,0.5,0.0,0.0,53,1009.3,974.4,100,100,26,39,0.0,0.06,16.3,27.4,185,194,28.8,13.4,14.7,14.0,11.8,0.373,0.3,0.293,0.349,0,0.0,0.0,0.0,0.0,0.0,0.0,0.0,0.0,0.0,0.0,0.0,0.0,0.0,1.0739562176060829e-06,10.905938378895822,0.12703436799999998,142.35577479059793,4.867787112696245e-06,0.253503187863586
39.964848,-6.913391,295.0,2015-04-26 04:00:00,11.9,96,11.3,9.9,0.8,0.8,0.0,0.0,53,1008.6,973.7,100,100,35,42,0.0,0.05,16.6,27.8,182,190,27.0,13.3,14.6,14.0,11.8,0.383,0.301,0.293,0.349,0,0.0,0.0,0.0,0.0,0.0,0.0,0.0,0.0,0.0,0.0,0.0,0.0,0.0,6.499386561142183e-07,9.940420476740325,0.12606464,130.41539134270118,2.9476397319918017e-06,0.2515214537076529
39.964848,-6.913391,295.0,2015-04-26 05:00:00,11.8,96,11.3,9.8,1.4,1.4,0.0,0.0,61,1008.3,973.4,100,100,60,34,0.0,0.05,16.6,28.2,182,190,29.5,13.2,14.5,14.0,11.8,0.399,0.303,0.293,0.349,0,0.0,0.0,0.0,0.0,0.0,0.0,0.0,0.0,0.0,0.0,0.0,0.0,0.0,4.4074484053610176e-07,9.236701981512182,0.125094912,116.06400515437727,2.000090911035945e-06,0.24951749305650794
39.964848,-6.913391,295.0,2015-04-26 06:00:00,11.7,96,11.2,10.2,1.7,1.7,0.0,0.0,61,1008.1,973.2,100,100,56,22,0.02,0.05,13.5,23.1,196,201,29.5,13.1,14.4,14.0,11.8,0.413,0.305,0.293,0.349,1,0.0,1.0,0.0,1.0,0.0,1.0,34.8,2.6,0.0,2.6,0.0,1.0,89.7,1.9449785376598062e-07,8.075751675027469,0.12412518399999997,98.75223560011307,8.831686729684703e-07,0.24747272490848973
39.964848,-6.913391,295.0,2015-04-26 07:00:00,11.9,99,11.7,11.1,0.9,0.9,0.0,0.0,53,1008.5,973.6,100,100,65,4,0.02,0.02,9.4,16.0,203,211,25.9,13.2,14.3,14.0,11.8,0.421,0.309,0.293,0.349,1,0.0,15.0,0.0,15.0,0.0,15.0,221.5,23.9,0.0,23.9,0.0,23.5,352.9,3.885399022307492e-09,2.4270783812371928,0.03151616,80.72840778949467,1.879868259171287e-08,0.06297086085010989
39.964848,-6.913391,295.0,2015-04-26 08:00:00,12.0,98,11.8,11.6,1.2,1.2,0.0,0.0,55,1008.1,973.2,100,83,46,18,0.03,0.02,7.1,12.4,225,234,22.7,13.3,14.2,14.0,11.8,0.43,0.314,0.293,0.349,1,0.0,27.0,0.0,27.0,0.0,27.0,481.1,34.0,0.0,34.0,0.0,34.0,605.8,4.7841046394943855e-09,2.8499628474954384,0.06351718399999999,61.73378036711036,2.2591134216895065e-08,0.12670844580559007
39.964848,-6.913391,295.0,2015-04-26 09:00:00,12.7,97,12.2,11.8,0.4,0.4,0.0,0.0,51,1008.5,973.7,100,66,50,94,0.07,0.05,11.3,17.0,233,238,27.4,13.7,14.2,14.0,11.8,0.42,0.323,0.293,0.349,1,0.0,147.0,22.0,125.0,41.2,147.0,721.6,169.3,25.3,144.0,41.2,169.3,831.2,2.675449548135822e-08,5.049885133799642,0.100366848,43.50236551869099,1.2329428439068758e-07,0.19958252475410276
39.964848,-6.913391,295.0,2015-04-26 10:00:00,12.8,91,11.3,11.7,0.3,0.3,0.0,0.0,51,1008.5,973.7,70,61,5,42,0.15,0.14,10.8,16.3,244,248,31.7,14.0,14.2,14.0,11.8,0.412,0.327,0.293,0.349,1,3495.35,306.0,121.0,185.0,176.5,306.0,926.7,334.7,132.4,202.4,176.5,334.7,1013.7,2.9870669766279896e-06,13.30743150029731,0.30328243199999994,26.048479888544545,1.2403886504678462e-05,0.5894086527346898
39.964848,-6.913391,295.0,2015-04-26 11:00:00,14.3,76,10.2,12.6,0.2,0.2,0.0,0.0,51,1008.3,973.7,47,37,9,29,0.24,0.39,12.3,17.1,249,252,34.2,14.8,14.2,14.0,11.8,0.404,0.33,0.293,0.349,1,3600.0,455.0,163.0,292.0,203.6,455.0,1082.3,479.6,171.8,307.8,203.6,479.6,1140.8,0.002284540971077658,30.826900816243878,0.8960286720000001,9.893314269000978,0.00801369141217627,1.4612068359799413
39.964848,-6.913391,295.0,2015-04-26 12:00:00,15.6,63,8.6,13.7,0.0,0.0,0.0,0.0,1,1008.1,973.6,45,36,4,35,0.34,0.65,14.0,18.9,247,249,38.9,16.3,14.3,14.0,11.8,0.398,0.331,0.293,0.349,1,3600.0,644.0,314.0,330.0,360.3,644.0,1178.0,658.2,320.9,337.3,360.3,658.2,1204.0,0.070556640625,39.77961730957031,7.946031093597412,159.96463012695312,0.0986328199505806,14.003393173217773
39.964848,-6.913391,295.0,2015-04-26 13:00:00,16.4,59,8.3,14.6,0.0,0.0,0.0,0.0,1,1007.6,973.2,50,22,13,74,0.39,0.77,15.6,21.3,247,248,40.7,17.4,14.5,14.0,11.8,0.393,0.332,0.293,0.349,1,3600.0,721.0,433.0,288.0,484.8,721.0,1207.2,716.0,430.0,286.0,484.8,716.0,1198.9,0.18491916486741392,48.928996732640556,5.203777590645387,137.99032348597942,0.31490734972652473,9.510888197362755
39.964848,-6.913391,295.0,2015-04-26 14:00:00,15.6,57,7.1,12.2,0.2,0.2,0.0,0.0,51,1008.7,974.2,80,25,50,91,0.32,0.77,19.1,27.2,258,259,40.0,17.4,14.7,14.0,11.8,0.391,0.333,0.293,0.349,1,3600.0,561.0,299.0,262.0,346.0,561.0,1168.0,540.8,288.2,252.6,346.0,540.8,1125.9,0.27584276252137097,52.13701926735532,3.7819331079294165,117.21386838109258,0.549323409381129,6.99928246695737
39.964848,-6.913391,295.0,2015-04-26 15:00:00,14.3,62,7.0,11.3,0.2,0.2,0.0,0.0,51,1008.6,974.0,65,26,30,78,0.24,0.62,15.6,21.7,263,265,39.2,16.6,14.8,14.0,11.8,0.389,0.334,0.293,0.349,1,3600.0,426.0,201.0,225.0,255.6,426.0,1063.0,396.8,187.2,209.6,255.6,396.8,990.1,0.10767318890748331,47.18139851524982,2.706626754269503,97.20336835470896,0.2489938737007753,5.0609483748486825
39.964848,-6.913391,295.0,2015-04-26 16:00:00,13.2,71,8.0,10.7,0.3,0.3,0.0,0.0,51,1007.9,973.2,35,9,9,72,0.17,0.44,13.9,19.3,260,261,39.2,15.8,14.9,14.0,11.8,0.388,0.335,0.293,0.349,1,2167.16,292.0,88.0,204.0,132.2,292.0,899.4,259.9,78.3,181.6,132.2,259.9,800.7,0.023416710871590092,39.58305795979536,1.717668359117798,77.71810672098798,0.0645695102824159,3.2554621508184653
39.964848,-6.913391,295.0,2015-04-26 17:00:00,14.0,64,7.2,11.0,0.0,0.0,0.0,0.0,2,1008.5,973.8,52,19,23,70,0.21,0.58,15.7,22.6,259,262,32.4,15.8,14.9,14.0,11.8,0.385,0.335,0.293,0.349,1,3600.0,383.0,226.0,157.0,443.7,383.0,688.5,317.4,187.3,130.1,443.7,317.4,570.6,0.050475086139159804,43.650279213076935,1.500941625059372,59.996801759143636,0.1462899110342351,2.8251886937128883
39.964848,-6.913391,295.0,2015-04-26 18:00:00,13.8,64,7.0,10.9,0.0,0.0,0.0,0.0,1,1008.9,974.2,49,23,23,48,0.13,0.57,14.5,21.0,256,258,31.7,15.4,14.9,14.0,11.8,0.382,0.336,0.293,0.349,1,3600.0,192.0,108.0,84.0,328.4,192.0,444.5,136.3,76.7,59.6,328.4,136.3,315.5,0.04620171742081994,43.695414846245605,1.3686117450419277,43.85749231919422,0.13872943650408318,2.539133719818178
39.964848,-6.913391,295.0,2015-04-26 19:00:00,13.2,65,6.8,10.6,0.0,0.0,0.0,0.0,1,1009.5,974.7,40,17,14,55,0.07,0.53,12.7,20.3,255,258,29.5,14.7,14.9,14.0,11.8,0.38,0.336,0.293,0.349,1,2976.54,65.0,29.0,36.0,189.4,65.0,184.2,18.7,8.3,10.3,95.6,16.6,52.9,0.02808633814636334,41.58503581948342,1.2133721599999998,28.714473088626292,0.08825442075175112,2.194875151191655
39.964848,-6.913391,295.0,2015-04-26 20:00:00,12.5,68,6.9,10.0,0.0,0.0,0.0,0.0,1,1010.2,975.3,34,16,13,39,0.06,0.46,12.1,21.0,260,264,25.2,14.0,14.8,14.0,11.8,0.378,0.337,0.293,0.349,0,0.0,1.0,0.0,1.0,0.0,1.0,16.6,0.0,0.0,0.0,0.0,0.0,0.0,0.015118178180641298,38.77949594470208,1.055064064,14.78886364745961,0.05034447456272432,1.7907413726599315
39.964848,-6.913391,295.0,2015-04-26 21:00:00,11.8,72,7.0,9.5,0.0,0.0,0.0,0.0,1,1011.5,976.5,34,21,17,15,0.02,0.38,10.5,19.1,264,269,23.4,13.3,14.7,14.0,11.8,0.376,0.337,0.293,0.349,0,0.0,0.0,0.0,0.0,0.0,0.0,0.0,0.0,0.0,0.0,0.0,0.0,0.0,0.004961817935845868,34.60324496451215,0.875664384,3.0780000000000003,0.018810145766812135,1.0234336844537972
39.964848,-6.913391,295.0,2015-04-26 22:00:00,11.1,77,7.2,9.0,0.0,0.0,0.0,0.0,0,1012.1,977.0,20,12,15,0,0.01,0.31,9.8,18.7,264,271,19.8,12.8,14.6,14.0,11.8,0.375,0.338,0.293,0.349,0,0.0,0.0,0.0,0.0,0.0,0.0,0.0,0.0,0.0,0.0,0.0,0.0,0.0,0.0013880142318867172,29.85797098218803,0.6802641919999999,2.952,0.005430897747470171,0.8632221944481966
39.964848,-6.913391,295.0,2015-04-26 23:00:00,10.6,81,7.4,8.6,0.0,0.0,0.0,0.0,0,1012.9,977.7,16,8,14,0,0.01,0.25,9.4,18.4,266,273,16.9,12.4,14.4,14.0,11.8,0.373,0.338,0.293,0.349,0,0.0,0.0,0.0,0.0,0.0,0.0,0.0,0.0,0.0,0.0,0.0,0.0,0.0,0.00038756221227520727,25.71788859185143,0.538926336,2.8619999999999997,0.0015584614987790377,0.7328540942330428
39.964848,-6.913391,295.0,2015-04-27 00:00:00,10.1,84,7.6,8.3,0.0,0.0,0.0,0.0,0,1013.2,977.9,12,6,11,0,0.0,0.19,8.6,17.7,268,275,15.1,12.0,14.2,14.0,11.8,0.372,0.338,0.293,0.349,0,0.0,0.0,0.0,0.0,0.0,0.0,0.0,0.0,0.0,0.0,0.0,0.0,0.0,0.00010751271841255777,22.11755489688304,0.43443814399999997,2.772,0.00044287700844724794,0.6242782631313706
39.964848,-6.913391,295.0,2015-04-27 01:00:00,9.7,87,7.7,8.0,0.0,0.0,0.0,0.0,0,1013.5,978.1,13,9,8,0,0.0,0.15,7.9,17.0,267,276,15.1,11.6,14.0,14.0,11.8,0.37,0.339,0.293,0.349,0,0.0,0.0,0.0,0.0,0.0,0.0,0.0,0.0,0.0,0.0,0.0,0.0,0.0,2.7401241772332722e-05,18.686161630684328,0.340374528,2.7,0.00011574123458168539,0.5176162807673217
39.964848,-6.913391,295.0,2015-04-27 02:00:00,9.5,89,7.8,8.1,0.0,0.0,0.0,0.0,0,1013.2,977.8,15,13,6,0,0.0,0.13,5.8,13.9,270,280,14.4,11.4,13.9,14.0,11.8,0.369,0.339,0.293,0.349,0,0.0,0.0,0.0,0.0,0.0,0.0,0.0,0.0,0.0,0.0,0.0,0.0,0.0,5.994703253416304e-06,15.411815066717653,0.282675712,2.664,2.5769963198135878e-05,0.4468214268435921
39.964848,-6.913391,295.0,2015-04-27 03:00:00,9.2,91,7.7,7.8,0.0,0.0,0.0,0.0,0,1013.5,978.1,15,15,3,0,0.0,0.11,5.8,13.4,263,278,11.5,11.0,13.7,14.0,11.8,0.368,0.339,0.293,0.349,0,0.0,0.0,0.0,0.0,0.0,0.0,0.0,0.0,0.0,0.0,0.0,0.0,0.0,2.0960226227963143e-06,13.209310514965313,0.22473446399999997,2.6100000000000003,9.193206153124153e-06,0.36985324679569825
39.964848,-6.913391,295.0,2015-04-27 04:00:00,9.4,89,7.7,7.9,0.0,0.0,0.0,0.0,0,1013.9,978.5,18,17,4,0,0.0,0.13,6.6,14.4,261,274,12.2,11.1,13.5,14.0,11.8,0.367,0.34,0.293,0.349,0,0.0,0.0,0.0,0.0,0.0,0.0,0.0,0.0,0.0,0.0,0.0,0.0,0.0,5.661596161693824e-06,15.19848676759967,0.28000896000000003,2.646,2.436255506805061e-05,0.44285639460154247
39.964848,-6.913391,295.0,2015-04-27 05:00:00,9.5,88,7.6,7.8,0.0,0.0,0.0,0.0,1,1014.4,979.0,30,29,7,0,0.0,0.14,7.3,14.8,261,271,12.6,11.1,13.3,13.9,11.8,0.366,0.34,0.293,0.349,0,0.0,0.0,0.0,0.0,0.0,0.0,0.0,0.0,0.0,0.0,0.0,0.0,0.0,1.5694997780495738e-05,17.43020456517088,0.308373504,2.664,6.693753716636973e-05,0.4783248074373348
39.964848,-6.913391,295.0,2015-04-27 06:00:00,9.5,88,7.6,7.9,0.0,0.0,0.0,0.0,1,1014.6,979.2,34,32,9,0,0.02,0.14,6.9,14.4,261,273,11.9,11.0,13.2,13.9,11.8,0.365,0.34,0.293,0.349,1,0.0,4.0,1.0,3.0,14.0,4.0,37.6,10.1,2.5,7.6,29.1,3.9,95.2,2.952466403543724e-05,19.022039132186826,0.308373504,2.664,0.00012591962890575424,0.4783248074373348
39.964848,-6.913391,295.0,2015-04-27 07:00:00,10.3,85,7.8,8.5,0.0,0.0,0.0,0.0,1,1015.3,980.0,35,34,8,0,0.04,0.19,8.3,13.3,268,273,16.9,11.6,13.1,13.9,11.8,0.364,0.34,0.293,0.349,1,2789.12,72.0,26.0,46.0,154.0,72.0,226.8,113.6,41.0,72.6,154.9,112.9,358.0,0.00034408782061007336,25.60756232730047,0.4145587200000001,2.8080000000000003,0.0014234875321218591,0.6055987174684987
39.964848,-6.913391,295.0,2015-04-27 08:00:00,11.6,74,7.1,9.2,0.0,0.0,0.0,0.0,2,1015.6,980.4,68,69,9,0,0.11,0.35,11.5,15.5,290,292,24.8,12.7,13.1,13.9,11.8,0.363,0.34,0.293,0.349,1,3600.0,214.0,108.0,106.0,300.3,214.0,485.8,268.8,135.7,133.2,300.3,268.8,610.3,0.018887830252558503,40.59871484569836,0.800510464,5.85,0.06938882096771348,1.192923575471328
39.964848,-6.913391,295.0,2015-04-27 09:00:00,13.1,66,6.9,10.7,0.0,0.0,0.0,0.0,2,1015.9,980.9,73,75,9,0,0.18,0.51,11.2,14.8,291,293,25.2,13.8,13.1,13.9,11.8,0.362,0.34,0.293,0.349,1,3600.0,326.0,142.0,184.0,264.3,326.0,725.8,375.1,163.4,211.7,264.3,375.1,835.2,0.1882443576599981,57.23160671210992,1.5540389922915199,9.161999999999999,0.5925106381774652,2.1825705323969995
39.964848,-6.913391,295.0,2015-04-27 10:00:00,14.5,59,6.6,12.3,0.0,0.0,0.0,0.0,3,1016.1,981.2,100,99,24,0,0.25,0.68,9.7,13.0,270,272,26.6,15.0,13.3,13.9,11.8,0.36,0.34,0.293,0.349,1,3600.0,440.0,206.0,234.0,299.1,440.0,930.4,481.0,225.2,255.8,299.1,481.0,1017.1,0.3869319498082584,69.41059438253728,3.1046340642915196,12.725999999999999,1.0009341481670402,3.856928260916468
39.964848,-6.913391,295.0,2015-04-27 11:00:00,15.5,54,6.3,13.1,0.0,0.0,0.0,0.0,1,1016.0,981.3,45,17,50,0,0.26,0.8,10.1,13.3,270,272,26.6,15.7,13.5,13.9,11.8,0.359,0.34,0.293,0.349,1,3600.0,424.0,156.0,268.0,194.1,424.0,1085.6,446.8,164.4,282.4,194.1,446.8,1143.9,0.6932954921244887,77.67624778470372,4.95584481629152,16.47,1.5259923883740711,5.656539250016896
39.964848,-6.913391,295.0,2015-04-27 12:00:00,16.2,51,6.1,13.7,0.0,0.0,0.0,0.0,1,1016.0,981.3,45,22,40,4,0.29,0.9,10.5,13.8,276,277,26.3,16.2,13.7,13.9,11.8,0.358,0.34,0.293,0.349,1,3600.0,468.0,206.0,262.0,235.7,468.0,1180.9,478.2,210.5,267.7,235.7,478.2,1206.7,0.17626953125,49.65259552001953,5.5029072761535645,143.14402770996094,0.2878352403640747,10.109461784362793
39.964848,-6.913391,295.0,2015-04-27 13:00:00,16.9,49,6.0,14.4,0.0,0.0,0.0,0.0,1,1015.6,981.0,46,20,44,5,0.36,0.99,11.7,15.5,281,282,27.0,17.0,13.9,13.9,11.8,0.356,0.339,0.293,0.349,1,3600.0,592.0,312.0,280.0,348.4,592.0,1209.9,587.9,309.8,278.1,348.4,587.9,1201.5,0.93700834524216,73.85116742166522,7.7284330361535645,147.14002770996095,1.303083950468909,13.662793057699043
39.964848,-6.913391,295.0,2015-04-27 14:00:00,17.5,46,5.8,15.2,0.0,0.0,0.0,0.0,1,1015.5,981.0,46,15,52,6,0.39,1.08,12.0,16.1,279,280,28.4,17.7,14.1,13.9,11.8,0.355,0.339,0.293,0.349,1,3600.0,638.0,414.0,224.0,477.8,638.0,1170.6,615.1,399.1,216.0,477.8,615.1,1128.5,4.302003193400459,82.84962063769105,10.163420044153565,151.24402770996096,2.899888540440217,17.403160505806124
39.964848,-6.913391,295.0,2015-04-27 15:00:00,17.6,46,6.0,15.0,0.0,0.0,0.0,0.0,1,1015.6,981.1,35,10,43,0,0.36,1.08,12.4,16.5,278,280,28.8,18.0,14.4,13.9,11.8,0.353,0.339,0.293,0.349,1,3600.0,573.0,358.0,215.0,453.9,573.0,1065.6,533.8,333.5,200.3,453.9,533.8,992.8,7.9267442278174505,86.49701430664284,12.611498380153565,155.36602770996097,4.851630525851337,20.967931509481367
39.964848,-6.913391,295.0,2015-04-27 16:00:00,17.7,47,6.1,14.9,0.0,0.0,0.0,0.0,1,1015.2,980.7,32,13,33,0,0.31,1.08,12.8,17.3,280,282,29.2,18.0,14.6,13.9,11.8,0.352,0.339,0.293,0.349,1,3600.0,479.0,345.0,134.0,516.6,479.0,902.2,426.6,307.3,119.4,516.6,426.6,803.6,9.664130953459821,87.29609976152997,15.027090828153565,159.50602770996096,5.545774263453465,24.325020535658037
39.964848,-6.913391,295.0,2015-04-27 17:00:00,17.5,47,6.1,14.7,0.0,0.0,0.0,0.0,1,1015.6,981.1,38,19,28,15,0.25,1.06,13.1,18.1,286,287,28.8,17.6,14.8,13.9,11.8,0.351,0.338,0.293,0.349,1,3600.0,360.0,259.0,101.0,505.9,360.0,691.5,298.7,214.9,83.8,505.9,298.7,573.8,10.684434313661738,87.46662300535742,17.416985484153564,163.61002770996097,5.76900166224785,27.51203674305882
39.964848,-6.913391,295.0,2015-04-27 18:00:00,16.8,51,6.6,14.2,0.0,0.0,0.0,0.0,2,1015.8,981.2,55,24,35,41,0.17,0.94,12.6,18.4,294,296,28.1,16.9,14.9,13.9,11.8,0.35,0.338,0.293,0.349,1,3600.0,239.0,163.0,76.0,491.5,239.0,448.0,170.3,116.2,54.2,491.5,170.3,319.2,11.09016360824521,87.51514408670316,19.543356556153565,167.58802770996098,5.664604346196986,30.263679978553107
39.964848,-6.913391,295.0,2015-04-27 19:00:00,15.5,57,7.1,13.3,0.0,0.0,0.0,0.0,1,1016.4,981.6,41,9,20,69,0.08,0.76,10.0,17.7,291,297,25.2,15.9,15.0,13.9,11.8,0.349,0.338,0.293,0.349,1,3033.4,77.0,39.0,38.0,252.4,77.0,188.1,23.4,11.8,11.5,135.8,21.1,57.1,9.922461143326949,87.15754196279917,21.273836172153565,171.33202770996098,4.721784790842814,32.46877241190379
39.964848,-6.913391,295.0,2015-04-27 20:00:00,14.0,64,7.2,12.1,0.0,0.0,0.0,0.0,1,1017.3,982.3,46,10,15,93,0.05,0.58,8.4,18.0,290,299,18.0,14.8,14.9,13.9,11.8,0.349,0.338,0.293,0.349,0,0.0,2.0,0.0,2.0,0.0,2.0,18.7,0.0,0.0,0.0,0.0,0.0,0.0,8.335259654327208,86.04596680639635,22.591696524153566,174.80602770996097,3.7216017446064753,34.1497298582283
39.964848,-6.913391,295.0,2015-04-27 21:00:00,13.1,69,7.5,11.3,0.0,0.0,0.0,0.0,1,1018.2,983.1,40,5,11,96,0.02,0.47,7.7,17.1,298,305,15.5,14.0,14.9,13.9,11.8,0.348,0.338,0.293,0.349,0,0.0,0.0,0.0,0.0,0.0,0.0,0.0,0.0,0.0,0.0,0.0,0.0,0.0,7.270578752500993,85.00245546980008,23.658882188153566,178.11802770996098,3.1072366794298434,35.522047429284584
39.964848,-6.913391,295.0,2015-04-27 22:00:00,12.3,74,7.8,10.8,0.0,0.0,0.0,0.0,1,1019.0,983.8,37,3,7,100,0.01,0.38,6.7,15.5,306,312,14.0,13.4,14.7,13.9,11.8,0.348,0.338,0.293,0.349,0,0.0,0.0,0.0,0.0,0.0,0.0,0.0,0.0,0.0,0.0,0.0,0.0,0.0,6.194140518240678,83.94324210944194,24.503515276153564,181.286027709961,2.559835762963369,36.6294775903962
39.964848,-6.913391,295.0,2015-04-27 23:00:00,11.6,79,8.0,10.3,0.0,0.0,0.0,0.0,1,1018.8,983.5,31,0,2,99,0.0,0.29,5.6,13.8,315,319,12.6,12.8,14.6,13.9,11.8,0.347,0.338,0.293,0.349,0,0.0,0.0,0.0,0.0,0.0,0.0,0.0,0.0,0.0,0.0,0.0,0.0,0.0,5.156871418215996,82.80132465040174,25.150081420153565,184.328027709961,2.0876749954274683,37.50650734851865
39.964848,-6.913391,295.0,2015-04-28 00:00:00,10.9,82,8.0,9.6,0.0,0.0,0.0,0.0,1,1019.3,983.9,30,0,1,99,0.0,0.23,5.6,13.0,310,316,11.5,12.2,14.4,13.9,11.8,0.347,0.338,0.293,0.349,0,0.0,0.0,0.0,0.0,0.0,0.0,0.0,0.0,0.0,0.0,0.0,0.0,0.0,4.6378144482642645,81.85435821232512,25.673734540153564,187.244027709961,1.8573058685456514,38.23954771070233
39.964848,-6.913391,295.0,2015-04-28 01:00:00,10.3,86,8.0,8.9,0.0,0.0,0.0,0.0,1,1019.1,983.6,37,7,1,100,0.0,0.18,5.9,13.0,308,312,11.5,11.7,14.2,13.9,11.8,0.347,0.338,0.293,0.349,0,0.0,0.0,0.0,0.0,0.0,0.0,0.0,0.0,0.0,0.0,0.0,0.0,0.0,4.123298529407775,80.67741748057465,26.060656012153565,190.05202770996098,1.6462500653507908,38.815120193341755
39.964848,-6.913391,295.0,2015-04-28 02:00:00,10.0,87,8.0,8.6,0.0,0.0,0.0,0.0,1,1018.7,983.2,40,10,2,99,0.0,0.16,5.9,13.2,322,325,12.2,11.4,14.0,13.9,11.8,0.346,0.338,0.293,0.349,0,0.0,0.0,0.0,0.0,0.0,0.0,0.0,0.0,0.0,0.0,0.0,0.0,0.0,3.8639230681709607,80.04174997563297,26.410485388153564,192.80602770996097,1.5375811929668344,39.346727087479536
39.964848,-6.913391,295.0,2015-04-28 03:00:00,9.6,89,7.9,8.2,0.0,0.0,0.0,0.0,1,1018.4,982.9,38,5,5,100,0.0,0.13,6.2,13.6,339,343,13.7,11.0,13.8,13.9,11.8,0.346,0.338,0.293,0.349,0,0.0,0.0,0.0,0.0,0.0,0.0,0.0,0.0,0.0,0.0,0.0,0.0,0.0,3.6421025679689687,79.29446469012298,26.695827852153563,195.48802770996096,1.4476921696446177,39.80294055876033
39.964848,-6.913391,295.0,2015-04-28 04:00:00,9.2,91,7.8,7.7,0.0,0.0,0.0,0.0,2,1018.7,983.1,58,9,34,99,0.0,0.1,6.5,14.3,341,350,13.7,10.6,13.6,13.9,11.8,0.346,0.338,0.293,0.349,0,0.0,0.0,0.0,0.0,0.0,0.0,0.0,0.0,0.0,0.0,0.0,0.0,0.0,3.408876186559542,78.44640962973403,26.920562316153564,198.09802770996097,1.3584489499172747,40.187804693759375
39.964848,-6.913391,295.0,2015-04-28 05:00:00,8.8,92,7.7,7.3,0.0,0.0,0.0,0.0,2,1018.6,983.0,64,10,43,97,0.0,0.09,6.6,13.8,338,353,13.3,10.4,13.4,13.9,11.8,0.346,0.338,0.293,0.349,0,0.0,0.0,0.0,0.0,0.0,0.0,0.0,0.0,0.0,0.0,0.0,0.0,0.0,3.241707956876528,77.82342375594932,27.112568460153565,200.63602770996098,1.2946589194506242,40.53207464682998
39.964848,-6.913391,295.0,2015-04-28 06:00:00,8.5,94,7.6,7.0,0.0,0.0,0.0,0.0,2,1019.0,983.3,52,5,35,89,0.01,0.07,6.2,12.4,339,352,13.3,10.2,13.2,13.8,11.8,0.345,0.338,0.293,0.349,1,0.0,5.0,1.0,4.0,13.6,5.0,40.3,12.5,2.5,10.0,28.7,5.1,100.6,2.914845526829911,76.9118221629044,27.252209292153566,203.120027709961,1.1823843247448291,40.81443880862224
39.964848,-6.913391,295.0,2015-04-28 07:00:00,10.5,86,8.3,9.2,0.0,0.0,0.0,0.0,1,1019.8,984.3,42,6,16,91,0.04,0.17,6.2,10.3,339,348,14.4,11.3,13.1,13.8,11.8,0.345,0.338,0.293,0.349,1,3600.0,104.0,48.0,56.0,279.5,104.0,232.0,162.7,75.1,87.6,279.5,162.7,362.8,3.1204498695369485,77.50081071530681,27.645918860153564,205.964027709961,1.2363332578641546,41.3995137653422
39.964848,-6.913391,295.0,2015-04-28 08:00:00,12.6,77,8.6,11.6,0.0,0.0,0.0,0.0,1,1020.3,985.1,41,0,22,93,0.14,0.34,4.6,5.9,342,346,15.1,13.6,13.1,13.8,11.8,0.345,0.338,0.293,0.349,1,3600.0,293.0,187.0,106.0,514.9,293.0,490.5,367.2,234.4,132.8,514.9,367.2,614.7,3.464827748124421,79.22325056921997,28.409822092153565,209.186027709961,1.3263799640523501,42.41765438723285
39.964848,-6.913391,295.0,2015-04-28 09:00:00,14.4,69,8.8,13.8,0.0,0.0,0.0,0.0,1,1020.3,985.3,42,0,25,89,0.24,0.51,1.8,2.2,349,351,14.0,15.2,13.3,13.8,11.9,0.344,0.338,0.293,0.349,1,3600.0,464.0,303.0,161.0,560.6,464.0,729.9,533.4,348.3,185.1,560.6,533.4,839.0,3.8142304375644693,81.12516935373613,29.574707852153566,212.732027709961,1.4080166026548682,43.89377308370832
39.964848,-6.913391,295.0,2015-04-28 10:00:00,16.1,61,8.7,16.0,0.0,0.0,0.0,0.0,1,1020.4,985.6,32,5,15,63,0.37,0.71,3.4,4.2,162,160,13.7,17.1,13.5,13.8,11.9,0.343,0.337,0.293,0.349,1,3600.0,659.0,476.0,183.0,688.2,659.0,934.0,720.1,520.1,200.0,688.2,720.1,1020.5,5.680000240236328,83.3275475960492,31.200941708153564,216.584027709961,1.9991046935731622,45.87873735416923
39.964848,-6.913391,295.0,2015-04-28 11:00:00,17.5,54,8.1,17.5,0.0,0.0,0.0,0.0,1,1019.8,985.2,38,8,48,7,0.44,0.92,5.4,6.8,176,177,17.6,18.5,13.9,13.8,11.9,0.341,0.337,0.293,0.349,1,3600.0,759.0,565.0,194.0,700.7,759.0,1088.8,799.5,595.1,204.3,700.7,799.5,1146.8,8.257386703399618,85.31659842672244,33.27518990015356,220.688027709961,2.8898083865070823,48.33179304244405
39.964848,-6.913391,295.0,2015-04-28 12:00:00,18.5,48,7.2,17.9,0.0,0.0,0.0,0.0,3,1019.2,984.7,83,44,73,0,0.45,1.11,7.6,9.8,188,188,20.5,19.4,14.3,13.8,11.9,0.339,0.336,0.293,0.349,1,3600.0,753.0,486.0,267.0,554.4,753.0,1183.8,769.3,496.5,272.8,554.4,769.3,1209.4,0.8276535868644714,74.74315643310547,7.9052734375,147.54627990722656,1.1337008476257324,13.96538257598877
39.964848,-6.913391,295.0,2015-04-28 13:00:00,19.0,44,6.5,17.6,0.0,0.0,0.0,0.0,3,1018.6,984.2,100,69,69,1,0.43,1.24,9.1,11.5,198,200,23.4,19.8,14.6,13.8,11.9,0.338,0.336,0.293,0.349,1,3600.0,689.0,377.0,312.0,419.8,689.0,1212.5,684.2,374.4,309.8,419.8,684.2,1204.0,4.929837590978594,84.75668747044804,10.6340880295,151.92027990722656,3.2239339358388817,18.100659421383607
39.964848,-6.913391,295.0,2015-04-28 14:00:00,19.5,42,6.1,17.5,0.0,0.0,0.0,0.0,3,1018.0,983.6,100,71,84,19,0.4,1.32,9.1,12.2,214,214,23.8,20.0,15.0,13.8,11.9,0.336,0.335,0.293,0.349,1,3600.0,602.0,340.0,262.0,391.4,602.0,1173.1,580.4,327.8,252.6,391.4,580.4,1131.0,8.3364752605173,87.80027513320144,13.530665565500001,156.38427990722656,4.946385310037828,22.248808071924117
39.964848,-6.913391,295.0,2015-04-28 15:00:00,19.3,41,5.6,16.8,0.0,0.0,0.0,0.0,3,1017.7,983.3,82,28,84,20,0.3,1.33,9.4,12.7,227,227,23.4,19.4,15.2,13.8,11.9,0.335,0.335,0.293,0.349,1,2712.74,414.0,119.0,295.0,150.4,414.0,1068.1,385.8,110.9,274.9,150.4,385.8,995.4,10.247231960975135,88.641417237278,16.4485771175,160.81227990722655,5.6654462239483525,26.198033217185078
39.964848,-6.913391,295.0,2015-04-28 16:00:00,19.0,41,5.5,16.4,0.0,0.0,0.0,0.0,2,1017.3,982.9,67,16,84,6,0.24,1.3,10.3,13.8,241,242,21.2,18.9,15.5,13.8,11.9,0.334,0.334,0.293,0.349,1,1691.38,300.0,78.0,222.0,116.4,300.0,904.9,267.3,69.5,197.8,116.4,267.3,806.4,11.6429624244853,88.79795693679657,19.323578205500002,165.18627990722655,6.063020838884661,29.902214365392393
39.964848,-6.913391,295.0,2015-04-28 17:00:00,18.8,42,5.6,15.9,0.0,0.0,0.0,0.0,1,1017.4,983.0,42,12,52,1,0.22,1.26,12.1,17.6,258,259,20.9,18.5,15.6,13.8,11.9,0.333,0.334,0.293,0.349,1,3600.0,254.0,97.0,157.0,188.6,254.0,694.5,211.0,80.6,130.4,188.6,211.0,577.0,13.348378822990115,88.8469175584996,22.121728349500003,169.52427990722654,6.685486740975751,33.36025804302013
39.964848,-6.913391,295.0,2015-04-28 18:00:00,18.0,46,6.2,15.2,0.0,0.0,0.0,0.0,2,1017.6,983.1,52,17,61,0,0.16,1.11,13.0,20.2,268,271,20.9,17.7,15.7,13.8,11.9,0.333,0.334,0.293,0.349,1,2596.98,148.0,49.0,99.0,146.6,148.0,451.4,105.9,35.0,70.8,146.6,105.9,322.9,14.555368959985394,88.89589434456882,24.622171997500004,173.71827990722653,7.045022235946415,36.36038526179441
39.964848,-6.913391,295.0,2015-04-28 19:00:00,16.3,55,7.2,13.8,0.0,0.0,0.0,0.0,1,1017.8,983.1,29,12,30,0,0.09,0.84,12.4,21.0,278,283,27.0,16.7,15.8,13.8,11.9,0.332,0.334,0.293,0.349,1,3090.01,63.0,29.0,34.0,186.0,63.0,192.0,20.1,9.2,10.8,106.1,18.3,61.2,13.061239354009906,87.84638481456035,26.520414557500004,177.60627990722654,5.879935702277446,38.62280346968151
39.964848,-6.913391,295.0,2015-04-28 20:00:00,14.8,62,7.5,12.6,0.0,0.0,0.0,0.0,1,1018.0,983.1,20,4,12,32,0.06,0.65,11.0,20.9,289,294,23.8,15.7,15.7,13.9,11.9,0.332,0.334,0.293,0.349,0,0.0,2.0,0.0,2.0,0.0,2.0,20.8,0.0,0.0,0.0,0.0,0.0,0.0,10.889241197353588,86.53568627637235,27.985188701500004,181.22427990722653,4.545969403501709,40.380995746888004
39.964848,-6.913391,295.0,2015-04-28 21:00:00,13.6,68,7.9,11.8,0.0,0.0,0.0,0.0,1,1019.1,984.0,35,2,6,99,0.02,0.5,9.0,18.6,299,306,20.2,14.8,15.6,13.9,11.9,0.332,0.334,0.293,0.349,0,0.0,0.0,0.0,0.0,0.0,0.0,0.0,0.0,0.0,0.0,0.0,0.0,0.0,8.829367508821962,85.30525827638205,29.125588829500003,184.62627990722652,3.4591523848638968,41.775511594009906
39.964848,-6.913391,295.0,2015-04-28 22:00:00,12.7,74,8.1,11.1,0.0,0.0,0.0,0.0,1,1019.2,984.0,30,0,2,97,0.01,0.38,7.3,15.8,290,300,15.8,14.1,15.5,13.9,11.9,0.332,0.333,0.293,0.349,0,0.0,0.0,0.0,0.0,0.0,0.0,0.0,0.0,0.0,0.0,0.0,0.0,0.0,7.156768531168911,84.05972564413649,29.995434845500004,187.86627990722653,2.6797110413452483,42.876366129252474
39.964848,-6.913391,295.0,2015-04-28 23:00:00,11.9,78,8.1,10.4,0.0,0.0,0.0,0.0,1,1019.4,984.1,29,0,1,95,0.01,0.31,7.3,16.3,290,298,13.7,13.4,15.3,13.9,11.9,0.332,0.333,0.293,0.349,0,0.0,0.0,0.0,0.0,0.0,0.0,0.0,0.0,0.0,0.0,0.0,0.0,0.0,6.382847013229469,83.0029311979597,30.688790365500004,190.96227990722653,2.3335246288390143,43.785925009427245
39.964848,-6.913391,295.0,2015-04-29 00:00:00,11.5,80,8.1,10.0,0.0,0.0,0.0,0.0,0,1019.5,984.2,17,0,0,56,0.0,0.28,6.8,15.8,288,297,14.0,13.0,15.1,13.9,11.9,0.332,0.333,0.293,0.349,0,0.0,0.0,0.0,0.0,0.0,0.0,0.0,0.0,0.0,0.0,0.0,0.0,0.0,5.810005409299834,82.31613665351767,31.299719005500005,193.98627990722653,2.0872140312644114,44.606337713379396
39.964848,-6.913391,295.0,2015-04-29 01:00:00,11.0,81,7.9,9.4,0.0,0.0,0.0,0.0,0,1019.4,984.0,4,4,0,0,0.0,0.24,7.2,15.8,297,305,13.3,12.6,14.9,13.9,11.9,0.332,0.333,0.293,0.349,0,0.0,0.0,0.0,0.0,0.0,0.0,0.0,0.0,0.0,0.0,0.0,0.0,0.0,5.69127371771683,81.87863840429222,31.857070173500006,196.92027990722653,2.0191338788536246,45.36618556057428
39.964848,-6.913391,295.0,2015-04-29 02:00:00,10.3,84,7.6,8.6,0.0,0.0,0.0,0.0,0,1019.6,984.1,14,16,0,0,0.0,0.21,7.1,14.6,300,310,12.2,12.0,14.7,13.9,11.9,0.331,0.333,0.293,0.349,0,0.0,0.0,0.0,0.0,0.0,0.0,0.0,0.0,0.0,0.0,0.0,0.0,0.0,5.226667943895347,81.10263934451496,32.299266141500006,199.72827990722652,1.8343270909885534,46.00084590137291
39.964848,-6.913391,295.0,2015-04-29 03:00:00,9.4,87,7.3,7.7,0.0,0.0,0.0,0.0,1,1019.7,984.1,22,25,0,0,0.0,0.16,6.7,13.2,306,315,12.2,11.3,14.5,13.9,11.9,0.331,0.333,0.293,0.349,0,0.0,0.0,0.0,0.0,0.0,0.0,0.0,0.0,0.0,0.0,0.0,0.0,0.0,4.622795879131645,80.12111097451822,32.63018582150001,202.3742799072265,1.6142054229898877,46.51182462868941
39.964848,-6.913391,295.0,2015-04-29 04:00:00,8.5,90,6.9,6.8,0.0,0.0,0.0,0.0,1,1019.9,984.2,26,29,0,0,0.0,0.12,6.6,13.3,311,319,13.0,10.6,14.2,13.9,11.9,0.331,0.333,0.293,0.349,0,0.0,0.0,0.0,0.0,0.0,0.0,0.0,0.0,0.0,0.0,0.0,0.0,0.0,4.088254119837636,78.95577387681136,32.86292054150001,204.85827990722652,1.4301787721662433,46.912027181814096
39.964848,-6.913391,295.0,2015-04-29 05:00:00,7.8,91,6.5,6.0,0.0,0.0,0.0,0.0,1,1020.1,984.3,31,34,0,0,0.0,0.09,6.4,12.6,317,323,13.7,10.0,13.9,13.9,11.9,0.331,0.333,0.293,0.349,0,0.0,0.0,0.0,0.0,0.0,0.0,0.0,0.0,0.0,0.0,0.0,0.0,0.0,3.7796254042497495,78.22363819102735,33.05710857350001,207.21627990722652,1.3255710166012042,47.26415153433986
39.964848,-6.913391,295.0,2015-04-29 06:00:00,7.4,92,6.2,5.5,0.0,0.0,0.0,0.0,1,1020.7,984.8,29,32,0,0,0.01,0.08,6.4,12.2,317,326,13.7,9.6,13.6,13.9,11.9,0.331,0.333,0.293,0.349,1,0.0,7.0,2.0,5.0,26.5,7.0,42.9,17.3,4.9,12.3,56.6,7.3,105.9,3.594049430151683,77.63592355680728,33.22196233350001,209.50227990722652,1.2623335242522913,47.580966669692735
39.964848,-6.913391,295.0,2015-04-29 07:00:00,9.0,83,6.4,7.2,0.0,0.0,0.0,0.0,0,1021.0,985.3,8,3,0,16,0.04,0.19,6.6,9.8,319,324,16.6,10.9,13.5,13.9,11.9,0.331,0.333,0.293,0.349,1,3600.0,118.0,69.0,49.0,393.0,118.0,237.0,183.1,107.0,76.0,393.0,183.1,367.6,3.898704017679045,78.27051188404477,33.63821807750001,212.07627990722654,1.3444346734997628,48.17384739518693
39.964848,-6.913391,295.0,2015-04-29 08:00:00,11.1,71,6.1,9.2,0.0,0.0,0.0,0.0,0,1021.5,986.0,5,0,0,17,0.14,0.38,6.1,8.2,320,322,18.4,12.8,13.4,13.8,11.9,0.331,0.333,0.293,0.349,1,3600.0,324.0,245.0,79.0,668.1,324.0,495.0,405.1,306.4,98.8,668.1,405.1,618.9,4.767217265197146,80.30340927369774,34.49594249350001,215.02827990722653,1.5967108923527749,49.2425337320432
39.964848,-6.913391,295.0,2015-04-29 09:00:00,13.1,61,5.9,11.3,0.0,0.0,0.0,0.0,0,1021.5,986.3,7,0,0,23,0.26,0.58,5.9,7.7,308,311,18.7,14.6,13.5,13.8,11.9,0.33,0.332,0.293,0.349,1,3600.0,519.0,432.0,87.0,794.5,519.0,733.9,596.0,496.1,99.9,794.5,596.0,842.7,6.358758042509914,82.69511608462837,35.83853090950001,218.34027990722655,2.0912250941949933,50.82211525208639
39.964848,-6.913391,295.0,2015-04-29 10:00:00,15.0,53,5.5,14.1,0.0,0.0,0.0,0.0,0,1021.5,986.5,13,0,0,42,0.38,0.8,5.8,7.7,292,298,20.5,16.4,13.7,13.8,11.9,0.329,0.332,0.293,0.349,1,3600.0,718.0,628.0,90.0,904.1,718.0,937.4,784.1,685.8,98.3,904.1,784.1,1023.8,8.42017879011785,84.86428519537068,37.67301385350001,221.99427990722654,2.7705120196119815,52.90200418069449
39.964848,-6.913391,295.0,2015-04-29 11:00:00,16.5,48,5.6,16.3,0.0,0.0,0.0,0.0,0,1021.2,986.4,2,0,0,6,0.48,0.97,6.9,8.8,276,279,22.3,18.0,14.0,13.8,11.9,0.328,0.331,0.293,0.349,1,3600.0,860.0,764.0,96.0,944.4,860.0,1091.8,905.6,804.5,101.1,944.4,905.6,1149.7,10.955918699685444,86.46900763632183,39.89175151750001,225.91827990722655,3.662729379082575,55.34985831785482
39.964848,-6.913391,295.0,2015-04-29 12:00:00,17.7,46,6.0,17.8,0.0,0.0,0.0,0.0,1,1020.6,986.0,37,41,0,0,0.53,1.1,8.6,11.2,272,276,24.8,19.2,14.3,13.8,11.9,0.326,0.331,0.293,0.349,1,3600.0,933.0,829.0,104.0,943.0,933.0,1186.5,953.1,846.9,106.2,943.0,953.1,1212.0,4.4898681640625,82.92312622070312,9.95703125,151.7909393310547,3.059569835662842,17.072359085083008
39.964848,-6.913391,295.0,2015-04-29 13:00:00,18.9,44,6.3,18.5,0.0,0.0,0.0,0.0,3,1020.0,985.5,100,72,76,19,0.54,1.23,11.5,15.1,268,270,28.8,20.1,14.7,13.8,11.9,0.324,0.33,0.293,0.349,1,3600.0,925.0,792.0,133.0,879.7,925.0,1215.0,918.5,786.4,132.1,879.7,918.5,1206.5,8.158350796684697,87.02466701487897,12.67226965,156.14693933105468,4.997050605121154,21.06970411662365
39.964848,-6.913391,295.0,2015-04-29 14:00:00,19.7,41,6.2,18.0,0.0,0.0,0.0,0.0,3,1019.6,985.2,100,98,92,72,0.48,1.35,13.3,18.0,270,270,31.0,20.4,15.1,13.8,11.9,0.323,0.33,0.292,0.349,1,3600.0,754.0,536.0,218.0,615.4,754.0,1175.5,727.0,516.8,210.2,615.4,727.0,1133.4,11.674532451124769,88.56511243805585,15.647395154000002,160.64693933105468,6.820647229839406,25.1665783716919
39.964848,-6.913391,295.0,2015-04-29 15:00:00,19.6,41,5.9,16.5,0.0,0.0,0.0,0.0,3,1019.7,985.3,100,83,90,97,0.37,1.36,14.4,19.8,273,273,31.3,19.9,15.4,13.8,11.9,0.322,0.329,0.292,0.349,1,3600.0,514.0,269.0,245.0,339.1,514.0,1070.6,479.1,250.7,228.4,339.1,479.1,997.9,13.612769698914816,88.86716694072138,18.608217170000003,165.12893933105468,7.528855841859714,29.036264406322378
39.964848,-6.913391,295.0,2015-04-29 16:00:00,19.4,41,5.9,16.3,0.0,0.0,0.0,0.0,3,1019.7,985.3,100,67,94,97,0.31,1.33,14.5,20.3,276,276,31.0,19.5,15.6,13.8,11.9,0.321,0.329,0.292,0.349,1,3600.0,406.0,163.0,243.0,242.4,406.0,907.6,362.0,145.3,216.7,242.4,362.0,809.2,14.620857708155318,88.91615041213112,21.540432210000002,169.57493933105468,7.620289416283279,32.697332992180236
39.964848,-6.913391,295.0,2015-04-29 17:00:00,19.0,43,6.0,15.9,0.0,0.0,0.0,0.0,3,1019.9,985.4,100,90,64,95,0.25,1.26,14.1,20.0,276,278,30.2,18.9,15.8,13.9,11.9,0.32,0.328,0.292,0.349,1,3600.0,318.0,144.0,174.0,278.6,318.0,697.5,264.5,119.8,144.7,278.6,264.5,580.2,15.232207389871187,88.96515005545086,24.317975634000003,173.94893933105467,7.520953663234479,36.0400117502994
39.964848,-6.913391,295.0,2015-04-29 18:00:00,18.0,48,6.7,15.2,0.0,0.0,0.0,0.0,3,1020.2,985.6,82,60,3,89,0.16,1.08,13.4,19.7,276,278,29.2,18.0,15.9,13.9,11.9,0.319,0.328,0.292,0.349,1,2651.16,156.0,50.0,106.0,148.4,156.0,454.7,112.0,35.9,76.1,148.4,112.0,326.4,15.419082828317807,88.95807502130914,26.725810258000003,178.14293933105466,7.252920584861055,38.87217232452644
39.964848,-6.913391,295.0,2015-04-29 19:00:00,16.4,56,7.6,14.1,0.0,0.0,0.0,0.0,1,1020.4,985.6,23,3,7,55,0.09,0.82,11.2,19.7,274,278,27.4,17.0,15.9,13.9,11.9,0.319,0.328,0.292,0.349,1,2759.83,73.0,26.0,47.0,165.3,73.0,195.8,24.4,8.7,15.7,99.5,22.5,65.3,12.746186827500335,87.75505016568266,28.592536658000004,182.04893933105467,5.4630243318400415,41.06208498120051
39.964848,-6.913391,295.0,2015-04-29 20:00:00,15.0,62,7.7,13.1,0.0,0.0,0.0,0.0,1,1020.9,985.9,25,2,2,72,0.06,0.66,9.5,18.9,279,283,21.2,15.8,15.9,13.9,11.9,0.319,0.328,0.292,0.349,0,0.0,2.0,0.0,2.0,0.0,2.0,22.8,0.0,0.0,0.0,0.0,0.0,0.0,10.59910358928107,86.54842022878894,30.075735634000004,185.70293933105467,4.222631368628327,42.81577472270521
39.964848,-6.913391,295.0,2015-04-29 21:00:00,14.0,67,7.9,12.4,0.0,0.0,0.0,0.0,1,1021.8,986.7,29,0,0,95,0.02,0.53,7.5,17.1,287,292,16.9,15.0,15.8,13.9,11.9,0.319,0.328,0.292,0.349,0,0.0,0.0,0.0,0.0,0.0,0.0,0.0,0.0,0.0,0.0,0.0,0.0,0.0,8.76599256845689,85.49674356162633,31.283774290000004,189.17693933105465,3.293702956404009,44.26679309792848
39.964848,-6.913391,295.0,2015-04-29 22:00:00,13.1,72,8.2,11.8,0.0,0.0,0.0,0.0,1,1022.0,986.8,30,0,0,99,0.01,0.42,5.6,13.9,297,295,13.7,14.3,15.7,13.9,11.9,0.319,0.328,0.292,0.349,0,0.0,0.0,0.0,0.0,0.0,0.0,0.0,0.0,0.0,0.0,0.0,0.0,0.0,7.219534033836433,84.46199224677774,32.247683922,192.48893933105467,2.596489588710526,45.45688214478415
39.964848,-6.913391,295.0,2015-04-29 23:00:00,12.4,77,8.4,11.2,0.0,0.0,0.0,0.0,1,1021.9,986.6,29,0,0,98,0.0,0.34,5.2,12.6,295,290,11.9,13.7,15.5,13.9,11.9,0.319,0.328,0.292,0.349,0,0.0,0.0,0.0,0.0,0.0,0.0,0.0,0.0,0.0,0.0,0.0,0.0,0.0,6.271669422982028,83.35873063252927,33.000435282,195.67493933105467,2.197790961276906,46.426417322152616
39.964848,-6.913391,295.0,2015-04-30 00:00:00,11.9,79,8.5,10.8,0.0,0.0,0.0,0.0,1,1022.3,986.9,30,0,1,99,0.0,0.29,5.2,12.0,304,291,11.5,13.2,15.3,13.9,11.9,0.319,0.328,0.292,0.349,0,0.0,0.0,0.0,0.0,0.0,0.0,0.0,0.0,0.0,0.0,0.0,0.0,0.0,5.822373976454559,82.64836328908781,33.662274642,198.77093933105468,2.006904787172601,47.29906157451974
39.964848,-6.913391,295.0,2015-04-30 01:00:00,11.5,83,8.7,10.4,0.0,0.0,0.0,0.0,1,1022.1,986.7,28,0,0,94,0.0,0.23,4.8,11.4,312,298,11.9,12.8,15.1,13.9,11.9,0.319,0.327,0.292,0.349,0,0.0,0.0,0.0,0.0,0.0,0.0,0.0,0.0,0.0,0.0,0.0,0.0,0.0,5.129938268003785,81.67642673875314,34.181563986,201.79493933105468,1.7464253964895524,48.02572158391008
39.964848,-6.913391,295.0,2015-04-30 02:00:00,10.8,88,8.8,9.8,0.0,0.0,0.0,0.0,1,1021.3,985.8,33,5,0,95,0.0,0.16,4.7,9.7,328,309,10.4,12.2,14.9,13.9,11.9,0.319,0.327,0.292,0.349,0,0.0,0.0,0.0,0.0,0.0,0.0,0.0,0.0,0.0,0.0,0.0,0.0,0.0,4.330232873371391,80.19882750839237,34.527756882,204.69293933105467,1.4714795638699958,48.57242995428872
39.964848,-6.913391,295.0,2015-04-30 03:00:00,10.1,91,8.7,9.2,0.0,0.0,0.0,0.0,1,1021.3,985.7,35,11,1,83,0.0,0.11,4.2,8.7,329,315,10.1,11.7,14.7,13.9,11.9,0.319,0.327,0.292,0.349,0,0.0,0.0,0.0,0.0,0.0,0.0,0.0,0.0,0.0,0.0,0.0,0.0,0.0,3.6559044810616164,78.84791325508523,34.772128338,207.46493933105467,1.254594797032004,49.00892420442293
39.964848,-6.913391,295.0,2015-04-30 04:00:00,9.8,93,8.6,8.9,0.0,0.0,0.0,0.0,1,1021.4,985.8,22,14,7,16,0.0,0.09,3.7,7.9,331,313,10.4,11.4,14.4,13.9,11.9,0.319,0.327,0.292,0.349,0,0.0,0.0,0.0,0.0,0.0,0.0,0.0,0.0,0.0,0.0,0.0,0.0,0.0,3.1894636987274505,77.74400147241366,34.957103954000004,210.18293933105465,1.1114110949303495,49.381632162231014
39.964848,-6.913391,295.0,2015-04-30 05:00:00,9.7,93,8.7,8.9,0.0,0.0,0.0,0.0,1,1021.1,985.5,23,24,2,0,0.0,0.08,3.5,6.4,336,317,10.1,11.3,14.2,13.9,11.9,0.319,0.327,0.293,0.349,0,0.0,0.0,0.0,0.0,0.0,0.0,0.0,0.0,0.0,0.0,0.0,0.0,0.0,3.0538252000299653,77.35809696436544,35.140382546000005,212.88293933105464,1.0671188025060228,49.75021460946886
39.964848,-6.913391,295.0,2015-04-30 06:00:00,9.4,94,8.5,8.3,0.0,0.0,0.0,0.0,1,1021.7,986.0,21,21,4,0,0.01,0.07,4.8,8.2,333,322,9.7,10.9,14.0,13.9,11.9,0.319,0.327,0.293,0.349,1,0.0,7.0,2.0,5.0,25.8,7.0,45.4,17.1,4.9,12.2,56.1,7.4,111.0,3.1750546722939603,76.84101609578094,35.293114706000004,215.52893933105463,1.0962103225099034,50.08325226508663
39.964848,-6.913391,295.0,2015-04-30 07:00:00,11.8,88,9.9,11.2,0.0,0.0,0.0,0.0,1,1022.1,986.7,31,28,9,0,0.04,0.16,3.7,6.8,331,328,11.9,12.6,13.9,13.9,11.9,0.319,0.327,0.293,0.349,1,3600.0,89.0,43.0,46.0,239.9,89.0,241.8,137.0,66.2,70.8,239.9,137.0,372.2,3.09858655171728,77.20963240993717,35.668399442,218.60693933105463,1.065748790074908,50.66873659068527
39.964848,-6.913391,295.0,2015-04-30 08:00:00,13.5,77,9.5,12.9,0.0,0.0,0.0,0.0,0,1022.0,986.8,12,12,1,1,0.12,0.36,3.3,4.4,319,325,11.9,14.4,13.9,13.9,11.9,0.319,0.327,0.293,0.349,1,3600.0,250.0,145.0,105.0,391.8,250.0,499.3,311.9,180.9,131.0,391.8,311.9,623.0,3.711299567701478,79.06312632473275,36.482486098,221.99093933105462,1.223399467227989,51.71682590149784
39.964848,-6.913391,295.0,2015-04-30 09:00:00,15.5,69,9.9,15.1,0.0,0.0,0.0,0.0,0,1021.9,987.0,17,5,1,39,0.27,0.54,2.9,3.7,277,281,14.0,16.4,14.1,13.9,11.9,0.318,0.326,0.292,0.348,1,3600.0,514.0,408.0,106.0,746.1,514.0,737.7,589.7,468.1,121.6,746.1,589.7,846.3,4.790599415788065,81.29535406496397,37.73004117,225.73493933105462,1.5176632589984873,53.22119246397135
39.964848,-6.913391,295.0,2015-04-30 10:00:00,17.4,63,10.4,17.9,0.0,0.0,0.0,0.0,0,1022.2,987.5,3,1,0,6,0.39,0.73,3.3,4.3,257,265,16.6,18.1,14.4,13.9,11.9,0.317,0.326,0.292,0.348,1,3600.0,688.0,589.0,99.0,844.5,688.0,940.8,751.0,642.9,108.1,844.5,751.0,1026.9,6.4161446932736474,83.33585414050522,39.38948821,229.82093933105463,1.9912032089028913,55.14880555267581
39.964848,-6.913391,295.0,2015-04-30 11:00:00,19.2,59,10.9,20.6,0.0,0.0,0.0,0.0,1,1021.5,987.0,25,0,0,82,0.5,0.92,4.9,6.0,234,237,19.8,19.8,14.7,13.9,11.9,0.316,0.325,0.292,0.348,1,3600.0,835.0,738.0,97.0,909.3,835.0,1094.7,879.0,776.9,102.1,909.3,879.0,1152.5,8.583615238430468,84.92506219006152,41.407249746000005,234.23093933105463,2.6698249657356024,57.432336877471265
39.964848,-6.913391,295.0,2015-04-30 12:00:00,20.7,54,11.0,22.1,0.0,0.0,0.0,0.0,1,1020.9,986.6,33,3,0,100,0.55,1.14,7.4,9.7,241,243,24.8,21.1,15.1,13.9,11.9,0.315,0.325,0.292,0.348,1,3600.0,904.0,774.0,130.0,878.0,904.0,1189.1,923.3,790.6,132.8,878.0,923.3,1214.5,4.41650390625,84.794921875,11.95703125,156.47897338867188,2.719970703125,20.078125
39.964848,-6.913391,295.0,2015-04-30 13:00:00,21.8,49,10.6,22.5,0.0,0.0,0.0,0.0,2,1020.1,985.9,61,34,0,100,0.57,1.34,10.7,13.8,258,261,28.8,21.9,15.5,13.9,11.9,0.313,0.324,0.292,0.348,1,3600.0,904.0,710.0,194.0,786.7,904.0,1217.4,897.6,705.0,192.6,786.7,897.6,1208.8,8.688252910944954,87.2137845693266,14.788394578,161.35697338867186,4.930679635100744,24.06327975525716
39.964848,-6.913391,295.0,2015-04-30 14:00:00,22.4,47,10.4,22.2,0.0,0.0,0.0,0.0,2,1019.9,985.8,64,37,1,99,0.52,1.45,11.8,15.4,258,259,29.5,22.2,15.9,13.9,11.9,0.311,0.324,0.292,0.348,1,3600.0,794.0,528.0,266.0,604.7,794.0,1177.8,765.7,509.2,256.5,604.7,765.7,1135.8,11.046123301110207,88.11017713246241,17.807885138,166.34297338867185,5.924567037528296,28.096166434455995
39.964848,-6.913391,295.0,2015-04-30 15:00:00,22.7,45,10.3,22.2,0.0,0.0,0.0,0.0,1,1019.5,985.5,29,1,0,95,0.49,1.51,11.9,15.9,256,257,29.5,22.3,16.3,13.9,11.9,0.31,0.323,0.292,0.348,1,3600.0,737.0,509.0,228.0,639.8,737.0,1073.0,687.1,474.6,212.6,639.8,687.1,1000.4,12.643557732479694,88.6160782164639,20.981320017999998,171.38297338867184,6.402724086567387,32.12920725621029
39.964848,-6.913391,295.0,2015-04-30 16:00:00,22.7,45,10.3,21.1,0.0,0.0,0.0,0.0,2,1019.1,985.1,62,35,4,93,0.41,1.51,13.5,18.2,261,262,30.6,22.1,16.7,13.9,11.9,0.309,0.322,0.292,0.348,1,3600.0,598.0,401.0,197.0,594.2,598.0,910.2,533.5,357.7,175.7,594.2,533.5,812.0,14.459326275587753,88.70959061264949,24.154754897999997,176.42297338867183,7.034106486592059,35.99050874973415
39.964848,-6.913391,295.0,2015-04-30 17:00:00,22.4,46,10.3,20.5,0.0,0.0,0.0,0.0,1,1019.1,985.0,37,8,2,96,0.33,1.45,13.6,18.6,259,260,31.0,21.6,16.9,13.9,11.9,0.308,0.322,0.292,0.348,1,3600.0,461.0,357.0,104.0,687.4,461.0,700.4,383.9,297.3,86.6,687.4,383.9,583.3,15.35276728354977,88.7585220601801,27.231216977999996,181.40897338867182,7.119474845358575,39.60115599279559
39.964848,-6.913391,295.0,2015-04-30 18:00:00,21.5,50,10.8,20.0,0.0,0.0,0.0,0.0,1,1018.9,984.8,31,0,2,100,0.21,1.28,12.2,18.1,256,257,29.5,20.7,17.1,14.0,11.9,0.308,0.322,0.292,0.348,1,3600.0,268.0,200.0,68.0,588.9,268.0,458.1,193.1,144.1,49.0,588.9,193.1,330.0,15.234267334523029,88.807469662445,29.970698577999997,186.23297338867184,6.681314919857544,42.74420507321237
39.964848,-6.913391,295.0,2015-04-30 19:00:00,19.9,57,11.2,18.9,0.0,0.0,0.0,0.0,1,1019.0,984.7,30,0,0,100,0.09,0.99,9.6,17.9,250,255,25.2,19.4,17.2,14.0,11.9,0.307,0.322,0.292,0.348,1,3202.52,99.0,58.0,41.0,365.5,99.0,199.6,34.4,20.2,14.2,231.3,32.1,69.4,12.943350886261545,87.97749007629577,32.159859538,190.76897338867184,5.202987458136619,45.24936062183032
39.964848,-6.913391,295.0,2015-04-30 20:00:00,18.2,64,11.3,17.5,0.0,0.0,0.0,0.0,1,1019.1,984.6,30,0,0,100,0.05,0.75,8.2,18.4,255,259,17.6,18.1,17.2,14.0,12.0,0.307,0.321,0.292,0.348,0,0.0,3.0,1.0,2.0,16.1,3.0,24.8,0.0,0.0,0.0,0.0,0.0,0.0,10.781022833623497,86.67073114936738,33.844277074,194.99897338867183,4.024012020395923,47.20580212540215
39.964848,-6.913391,295.0,2015-04-30 21:00:00,17.0,70,11.5,16.6,0.0,0.0,0.0,0.0,1,1019.6,984.9,30,0,0,100,0.01,0.58,6.6,16.1,257,260,14.8,17.1,17.1,14.0,12.0,0.307,0.321,0.292,0.348,0,0.0,0.0,0.0,0.0,0.0,0.0,0.0,0.0,0.0,0.0,0.0,0.0,0.0,8.858154337240238,85.41621604377504,35.160682834,199.01297338867184,3.1126437665818307,48.77709307601971
39.964848,-6.913391,295.0,2015-04-30 22:00:00,16.0,75,11.7,15.7,0.0,0.0,0.0,0.0,1,1020.1,985.3,32,0,4,99,0.01,0.45,6.3,15.6,257,255,13.0,16.3,17.0,14.0,12.0,0.307,0.321,0.292,0.348,0,0.0,0.0,0.0,0.0,0.0,0.0,0.0,0.0,0.0,0.0,0.0,0.0,0.0,7.72578507996417,84.25091125338716,36.197079634,202.84697338867184,2.6141748564932334,50.0612002962173
39.964848,-6.913391,295.0,2015-04-30 23:00:00,15.2,80,11.8,14.9,0.0,0.0,0.0,0.0,1,1019.5,984.6,45,0,32,85,0.0,0.34,5.8,14.6,263,254,12.6,15.7,16.9,14.0,12.0,0.308,0.321,0.292,0.348,0,0.0,0.0,0.0,0.0,0.0,0.0,0.0,0.0,0.0,0.0,0.0,0.0,0.0,6.603384912435803,83.02139231034309,36.987407954,206.53697338867184,2.168764348960658,51.09783909768658
39.964848,-6.913391,295.0,2015-05-01 00:00:00,14.5,84,11.8,14.2,0.0,0.0,0.0,0.0,2,1020.2,985.2,74,0,81,83,0.0,0.27,6.2,12.9,263,252,12.2,15.1,16.7,14.0,12.0,0.308,0.321,0.292,0.348,0,0.0,0.0,0.0,0.0,0.0,0.0,0.0,0.0,0.0,0.0,0.0,0.0,0.0,5.917488565518376,81.81298809998174,37.64451989,211.55097338867185,1.9048437395737734,52.10806518158103
39.964848,-6.913391,295.0,2015-05-01 01:00:00,13.8,88,11.8,13.6,0.0,0.0,0.0,0.0,1,1019.6,984.5,31,1,0,99,0.0,0.19,5.4,12.1,270,258,11.2,14.5,16.5,14.1,12.0,0.308,0.321,0.292,0.348,0,0.0,0.0,0.0,0.0,0.0,0.0,0.0,0.0,0.0,0.0,0.0,0.0,0.0,4.928720868406654,80.45329647456407,38.115239498,216.43897338867185,1.5664364908063462,52.92850088986144
39.964848,-6.913391,295.0,2015-05-01 02:00:00,13.0,91,11.6,12.7,0.0,0.0,0.0,0.0,1,1019.0,983.9,41,2,16,100,0.0,0.14,5.4,12.3,274,263,10.4,13.9,16.3,14.1,12.0,0.308,0.321,0.292,0.348,0,0.0,0.0,0.0,0.0,0.0,0.0,0.0,0.0,0.0,0.0,0.0,0.0,0.0,4.314108667360458,79.11511890977388,38.449324052,221.18297338867185,1.3666960554058167,53.60332436092775
39.964848,-6.913391,295.0,2015-05-01 03:00:00,12.8,92,11.5,12.6,0.0,0.0,0.0,0.0,2,1018.7,983.5,51,9,21,100,0.0,0.13,5.2,11.5,282,268,10.4,13.6,16.1,14.1,12.0,0.308,0.321,0.292,0.348,0,0.0,0.0,0.0,0.0,0.0,0.0,0.0,0.0,0.0,0.0,0.0,0.0,0.0,4.003855629029339,78.38446062900685,38.742075844,225.89097338867185,1.2653810269910013,54.23138197639811
39.964848,-6.913391,295.0,2015-05-01 04:00:00,12.9,92,11.5,12.6,0.0,0.0,0.0,0.0,1,1018.5,983.4,38,14,15,56,0.0,0.13,5.1,10.5,274,264,10.8,13.7,15.9,14.1,12.0,0.308,0.321,0.292,0.348,0,0.0,0.0,0.0,0.0,0.0,0.0,0.0,0.0,0.0,0.0,0.0,0.0,0.0,3.9410185098618986,78.18260940189165,39.036933764,230.61697338867185,1.2371470685690416,54.85877030976855
39.964848,-6.913391,295.0,2015-05-01 05:00:00,13.0,91,11.5,12.7,0.0,0.0,0.0,0.0,2,1018.5,983.4,74,22,46,90,0.0,0.14,5.4,12.0,270,261,9.4,13.8,15.7,14.1,12.0,0.308,0.321,0.292,0.348,0,0.0,0.0,0.0,0.0,0.0,0.0,0.0,0.0,0.0,0.0,0.0,0.0,0.0,4.063204112267435,78.22806536293962,39.371018318,235.36097338867185,1.260911768966726,55.52258787863665
39.964848,-6.913391,295.0,2015-05-01 06:00:00,12.7,91,11.3,12.4,0.0,0.0,0.0,0.0,3,1018.5,983.3,88,31,51,99,0.02,0.13,4.7,10.7,261,256,9.7,13.5,15.5,14.1,12.0,0.308,0.321,0.292,0.348,1,0.0,4.0,0.0,4.0,0.0,4.0,47.9,9.7,0.0,9.7,0.0,4.3,116.0,3.961693984305279,78.27353633128884,39.697994689999994,240.05097338867185,1.2220073243494132,56.17244758069157
39.964848,-6.913391,295.0,2015-05-01 07:00:00,13.3,89,11.5,13.0,0.0,0.0,0.0,0.0,3,1019.0,983.9,100,29,77,99,0.04,0.17,5.6,9.5,255,259,13.3,14.5,15.4,14.1,12.0,0.308,0.32,0.292,0.348,1,1480.81,70.0,20.0,50.0,109.4,70.0,246.6,106.9,30.6,76.4,109.4,106.9,376.7,4.224829143274842,78.31902231189396,40.11500803399999,244.84897338867185,1.2837703061898624,56.91729921543336
39.964848,-6.913391,295.0,2015-05-01 08:00:00,14.3,82,11.3,13.6,0.0,0.0,0.0,0.0,2,1019.0,984.0,74,19,45,99,0.09,0.3,7.6,10.8,251,255,20.2,15.3,15.4,14.1,12.0,0.308,0.32,0.292,0.348,1,1332.78,155.0,39.0,116.0,104.4,155.0,503.5,193.0,48.6,144.4,104.4,193.0,627.0,5.20738256515766,79.26258398066416,40.844781385999994,249.82697338867186,1.548713281983097,57.98806175611818
39.964848,-6.913391,295.0,2015-05-01 09:00:00,15.6,78,11.7,14.9,0.6,0.6,0.0,0.0,53,1019.4,984.5,86,9,81,97,0.18,0.4,8.2,11.4,247,252,29.2,16.4,15.4,14.1,12.0,0.312,0.32,0.292,0.348,1,3600.0,338.0,139.0,199.0,252.8,338.0,741.4,387.4,159.3,228.1,252.8,387.4,849.8,5.53678439924313,79.41804002741868,41.812020669999995,255.03897338867185,1.6206589321837077,59.313756656844504
39.964848,-6.913391,295.0,2015-05-01 10:00:00,17.1,72,12.0,16.0,0.3,0.3,0.0,0.0,51,1019.3,984.6,100,59,50,92,0.28,0.54,12.0,16.3,254,256,42.5,17.3,15.5,14.1,12.0,0.312,0.32,0.292,0.348,1,3600.0,501.0,257.0,244.0,367.0,501.0,944.0,546.6,280.4,266.2,367.0,546.6,1029.9,6.221138489605784,78.43867423610136,43.153624205999996,260.52097338867185,1.791053908993028,61.03295638645191
39.964848,-6.913391,295.0,2015-05-01 11:00:00,18.1,68,12.1,16.8,0.2,0.2,0.0,0.0,51,1018.7,984.2,100,91,35,95,0.28,0.66,13.3,18.2,251,252,44.3,18.2,15.7,14.1,12.0,0.312,0.32,0.292,0.348,1,3600.0,461.0,160.0,301.0,196.5,461.0,1097.6,485.2,168.4,316.8,196.5,485.2,1155.1,6.493086949746672,77.93068570400237,44.77113051,266.1829733886718,1.8307448406263418,63.036087050274624
39.964848,-6.913391,295.0,2015-05-01 12:00:00,19.7,65,13.0,18.9,0.3,0.3,0.0,0.0,51,1018.7,984.3,100,100,9,89,0.37,0.8,14.0,18.8,258,258,41.4,19.6,15.9,14.1,12.0,0.311,0.319,0.292,0.348,1,3600.0,613.0,351.0,262.0,397.1,613.0,1191.6,626.0,358.5,267.6,397.1,626.0,1216.9,6.4033203125,85.587890625,14.2587890625,162.7446746826172,3.58349609375,23.28125
39.964848,-6.913391,295.0,2015-05-01 13:00:00,19.8,66,13.2,18.9,0.1,0.1,0.0,0.0,51,1018.2,983.9,100,100,26,99,0.28,0.79,13.3,17.7,257,258,31.7,19.9,16.1,14.1,12.0,0.311,0.319,0.292,0.348,1,2477.32,415.0,129.0,286.0,142.6,415.0,1219.8,412.1,128.1,284.0,142.6,412.1,1211.1,3.5502974643029264,78.29354860057288,16.1295572585,168.71267468261718,1.8881291685623256,26.036217249374115
39.964848,-6.913391,295.0,2015-05-01 14:00:00,19.7,67,13.4,19.0,0.2,0.2,0.0,0.0,51,1018.0,983.7,100,100,28,58,0.19,0.76,12.3,16.8,255,255,30.2,19.4,16.3,14.1,12.0,0.311,0.319,0.292,0.348,1,0.0,235.0,1.0,234.0,1.1,235.0,1180.1,226.6,1.0,225.7,1.1,226.6,1138.1,2.520821057786177,74.73274952543865,16.735999462927456,174.66267468261717,1.4031953430417259,27.003402633204836
39.964848,-6.913391,295.0,2015-05-01 15:00:00,19.9,68,13.8,19.5,0.1,0.1,0.0,0.0,51,1017.4,983.1,100,100,29,42,0.21,0.74,11.5,15.9,256,257,39.6,19.5,16.5,14.1,12.0,0.311,0.319,0.292,0.348,1,0.0,289.0,15.0,274.0,18.8,289.0,1075.4,269.5,14.0,255.5,18.8,269.5,1002.9,2.1201359994241944,72.78014879833661,16.955321917746158,180.64867468261716,1.2316073987699738,27.46590668902124
39.964848,-6.913391,295.0,2015-05-01 16:00:00,19.5,71,14.1,19.3,0.0,0.0,0.0,0.0,3,1017.0,982.7,100,100,26,85,0.16,0.66,11.0,15.3,251,251,37.1,19.3,16.6,14.1,12.0,0.312,0.318,0.292,0.348,1,0.0,202.0,0.0,202.0,0.0,202.0,912.8,180.3,0.0,180.3,0.0,180.3,814.7,1.8312296813223587,70.88273886014922,16.96827389960495,186.56267468261714,1.1207959276155857,27.649577430562143
39.964848,-6.913391,295.0,2015-05-01 17:00:00,19.8,70,14.2,19.6,0.0,0.0,0.0,0.0,3,1017.0,982.7,100,100,21,98,0.17,0.68,11.1,16.1,245,246,21.6,19.4,16.8,14.2,12.0,0.312,0.318,0.292,0.348,1,2627.42,238.0,77.0,161.0,147.6,238.0,703.3,198.4,64.2,134.2,147.6,198.4,586.4,1.865577888191106,70.85422275196329,17.058563203447505,192.53067468261713,1.1253848464094063,27.930414350685428
39.964848,-6.913391,295.0,2015-05-01 18:00:00,19.5,72,14.3,19.5,0.0,0.0,0.0,0.0,3,1017.0,982.7,100,98,18,95,0.09,0.63,10.0,15.9,240,242,20.2,18.8,16.8,14.2,12.0,0.312,0.318,0.292,0.348,1,0.0,87.0,7.0,80.0,20.5,87.0,461.4,62.9,5.1,57.8,20.5,62.9,333.6,1.5683756424100905,69.60961618924082,17.012582825165,198.44467468261712,1.0226161953843287,28.019841133611173
39.964848,-6.913391,295.0,2015-05-01 19:00:00,18.9,76,14.7,19.3,0.0,0.0,0.0,0.0,3,1017.0,982.6,100,85,5,98,0.05,0.52,8.1,14.3,238,242,20.5,18.3,16.9,14.2,12.0,0.312,0.318,0.292,0.348,1,0.0,30.0,5.0,25.0,31.2,30.0,203.4,10.8,1.8,9.0,20.7,10.2,73.4,0.943883826279833,66.59872921813245,16.713854363521264,204.25067468261713,0.8421254162927192,27.75061857657816
39.964848,-6.913391,295.0,2015-05-01 20:00:00,18.1,80,14.7,18.8,0.0,0.0,0.0,0.0,3,1016.8,982.3,98,73,4,100,0.03,0.41,6.3,13.2,239,244,15.5,17.7,16.9,14.2,12.0,0.312,0.318,0.292,0.348,0,0.0,2.0,0.0,2.0,0.0,2.0,26.9,0.0,0.0,0.0,0.0,0.0,0.0,0.7115212303886019,62.408491506615526,16.17597713105771,209.91267468261714,0.6444743979848914,27.126080477636677
39.964848,-6.913391,295.0,2015-05-01 21:00:00,17.5,84,14.7,18.4,0.0,0.0,0.0,0.0,3,1017.4,982.8,91,66,2,100,0.0,0.32,4.6,11.6,252,254,11.9,17.1,16.8,14.2,12.0,0.312,0.318,0.292,0.348,0,0.0,0.0,0.0,0.0,0.0,0.0,0.0,0.0,0.0,0.0,0.0,0.0,0.0,0.4571886231812193,57.20283205353558,15.435047437189558,215.46667468261714,0.42392132968464113,26.1813197642129
39.964848,-6.913391,295.0,2015-05-01 22:00:00,16.9,87,14.7,18.0,0.0,0.0,0.0,0.0,3,1017.9,983.3,100,97,4,100,0.0,0.25,3.5,8.6,246,255,9.4,16.6,16.8,14.2,12.0,0.312,0.318,0.292,0.348,0,0.0,0.0,0.0,0.0,0.0,0.0,0.0,0.0,0.0,0.0,0.0,0.0,0.0,0.2513824435764251,51.76383035782581,14.56021919986827,220.91267468261714,0.24025992986865885,25.00094580354813
39.964848,-6.913391,295.0,2015-05-01 23:00:00,16.1,92,14.8,17.3,0.0,0.0,0.0,0.0,3,1017.4,982.7,100,93,16,94,0.0,0.15,3.1,7.4,225,247,8.3,16.1,16.7,14.2,12.0,0.312,0.318,0.292,0.348,0,0.0,0.0,0.0,0.0,0.0,0.0,0.0,0.0,0.0,0.0,0.0,0.0,0.0,0.08965560599484375,44.529885549845275,13.471138682550665,226.21467468261713,0.08933484481428162,23.450996114786022
39.964848,-6.913391,295.0,2015-05-02 00:00:00,16.0,91,14.5,17.0,0.0,0.0,0.0,0.0,3,1017.4,982.7,91,80,14,36,0.0,0.16,3.5,7.4,204,231,7.9,15.7,16.6,14.2,12.0,0.312,0.318,0.292,0.348,0,0.0,0.0,0.0,0.0,0.0,0.0,0.0,0.0,0.0,0.0,0.0,0.0,0.0,0.04967892666168906,41.17986915060998,12.474233622379213,231.49867468261712,0.05160123530890923,21.986612864657136
39.964848,-6.913391,295.0,2015-05-02 01:00:00,16.0,90,14.4,17.0,0.0,0.0,0.0,0.0,2,1016.5,981.8,76,61,19,34,0.0,0.18,3.3,6.6,193,229,7.6,15.2,16.4,14.2,12.0,0.312,0.318,0.292,0.348,0,0.0,0.0,0.0,0.0,0.0,0.0,0.0,0.0,0.0,0.0,0.0,0.0,0.0,0.036640679480029505,39.824212135763354,11.567661681076764,236.7826746826171,0.03965093756009172,20.617260213525153
39.964848,-6.913391,295.0,2015-05-02 02:00:00,15.9,91,14.4,16.9,0.0,0.0,0.0,0.0,3,1015.9,981.2,84,53,18,84,0.0,0.17,3.6,6.4,186,223,6.8,14.9,16.3,14.3,12.0,0.312,0.318,0.292,0.348,0,0.0,0.0,0.0,0.0,0.0,0.0,0.0,0.0,0.0,0.0,0.0,0.0,0.0,0.02631368479493616,38.30066137704828,10.655275450257045,242.0486746826171,0.02978420913554114,19.19777743770073
39.964848,-6.913391,295.0,2015-05-02 03:00:00,15.7,92,14.4,16.7,0.0,0.0,0.0,0.0,3,1015.3,980.6,100,73,16,96,0.0,0.14,2.9,5.7,180,215,5.8,14.7,16.1,14.3,12.0,0.312,0.318,0.292,0.348,0,0.0,0.0,0.0,0.0,0.0,0.0,0.0,0.0,0.0,0.0,0.0,0.0,0.0,0.014597704876318469,35.931648145786376,9.736316761488748,247.2786746826171,0.017361378815649812,17.727621185102326
39.964848,-6.913391,295.0,2015-05-02 04:00:00,14.8,95,14.0,15.8,0.0,0.0,0.0,0.0,3,1015.1,980.3,100,100,5,97,0.0,0.09,2.5,4.8,172,207,4.7,14.4,16.0,14.3,12.0,0.312,0.318,0.292,0.348,0,0.0,0.0,0.0,0.0,0.0,0.0,0.0,0.0,0.0,0.0,0.0,0.0,0.0,0.004278052775685398,31.205352229434464,8.716338735171975,252.3466746826171,0.005407015482026702,16.04697586107765
39.964848,-6.913391,295.0,2015-05-02 05:00:00,13.7,98,13.5,14.5,0.0,0.0,0.0,0.0,3,1014.9,980.0,100,100,0,98,0.0,0.03,2.4,5.1,153,188,5.8,14.2,15.9,14.3,12.0,0.312,0.317,0.292,0.348,0,0.0,0.0,0.0,0.0,0.0,0.0,0.0,0.0,0.0,0.0,0.0,0.0,0.0,0.0006162513849288869,24.8900681970744,7.614634517455761,257.2166746826171,0.0008385465910946055,14.179821534644505
39.964848,-6.913391,295.0,2015-05-02 06:00:00,13.4,99,13.3,14.1,0.0,0.0,0.0,0.0,3,1015.1,980.1,100,100,0,93,0.01,0.02,2.9,5.1,150,176,6.1,14.2,15.7,14.3,12.0,0.312,0.317,0.292,0.348,1,0.0,7.0,1.0,6.0,12.3,7.0,50.4,16.8,2.4,14.4,26.8,7.7,120.9,8.346166654524937e-05,19.479737884467337,6.52903932087486,262.0326746826171,0.00012336747590234085,12.292360177062019
39.964848,-6.913391,295.0,2015-05-02 07:00:00,15.2,97,14.8,16.4,0.0,0.0,0.0,0.0,3,1015.3,980.5,100,98,0,80,0.04,0.05,3.1,3.5,159,156,9.7,15.4,15.7,14.3,12.0,0.312,0.317,0.292,0.348,1,1257.23,66.0,19.0,47.0,101.9,66.0,251.3,100.1,28.8,71.3,101.9,100.1,381.1,4.6153007566414546e-05,18.18131188395046,5.592283138253848,267.17267468261707,7.400701995549172e-05,10.628399560369115
39.964848,-6.913391,295.0,2015-05-02 08:00:00,16.8,88,14.9,18.0,0.0,0.0,0.0,0.0,3,1015.4,980.8,100,89,0,81,0.11,0.22,3.6,4.3,180,180,11.9,16.8,15.7,14.3,12.0,0.312,0.317,0.292,0.348,1,3600.0,190.0,89.0,101.0,236.2,190.0,507.7,236.1,110.6,125.5,236.2,236.1,630.9,0.0011970526128296586,27.47700410682416,5.146193733106656,272.60067468261707,0.0020029433088738315,9.828526705449036
39.964848,-6.913391,295.0,2015-05-02 09:00:00,18.7,79,15.0,19.6,0.0,0.0,0.0,0.0,3,1015.3,981.0,95,73,0,98,0.24,0.46,5.2,6.8,196,198,15.8,18.5,15.9,14.3,12.0,0.312,0.317,0.292,0.348,1,3600.0,411.0,253.0,158.0,457.6,411.0,745.1,470.6,289.7,180.9,457.6,470.6,853.2,0.049370146714932485,43.32464236079101,5.256489686195245,278.37067468261705,0.08166784243764919,10.039059029421317
39.964848,-6.913391,295.0,2015-05-02 10:00:00,20.7,68,14.7,21.2,0.0,0.0,0.0,0.0,3,1015.1,981.0,100,81,0,99,0.35,0.78,8.2,10.8,209,210,23.4,20.1,16.1,14.3,12.0,0.311,0.317,0.292,0.348,1,3600.0,565.0,376.0,189.0,534.9,565.0,947.2,616.1,410.0,206.1,534.9,616.1,1032.9,0.5485175284371345,64.25556625886894,7.093033302195245,284.50067468261705,0.7730493635298761,13.353743885023285
39.964848,-6.913391,295.0,2015-05-02 11:00:00,22.4,61,14.5,23.0,0.0,0.0,0.0,0.0,2,1014.7,980.8,79,54,0,100,0.45,1.06,12.3,16.2,212,212,27.7,21.5,16.4,14.3,12.0,0.309,0.316,0.292,0.348,1,3600.0,710.0,480.0,230.0,587.8,710.0,1100.4,747.0,505.0,242.0,587.8,747.0,1157.8,2.3971599923365314,78.20323500780162,9.505866192195246,290.936674682617,1.7813785635990989,17.576061789262308
39.964848,-6.913391,295.0,2015-05-02 12:00:00,23.8,54,13.9,25.1,0.0,0.0,0.0,0.0,2,1014.2,980.5,52,25,0,99,0.56,1.36,11.8,15.7,211,212,29.9,22.9,16.8,14.3,12.0,0.308,0.316,0.291,0.348,1,3600.0,846.0,649.0,197.0,732.4,846.0,1194.1,863.9,662.7,201.2,732.4,863.9,1219.3,10.0703125,87.48686981201172,17.4541015625,169.34375,5.370361328125,27.583984375
39.964848,-6.913391,295.0,2015-05-02 13:00:00,24.9,47,12.7,25.7,0.0,0.0,0.0,0.0,1,1013.7,980.1,34,4,0,100,0.59,1.68,12.6,16.7,217,217,33.1,23.8,17.2,14.3,12.0,0.306,0.315,0.291,0.348,1,3600.0,866.0,617.0,249.0,680.3,866.0,1222.1,859.8,612.6,247.2,680.3,859.8,1213.4,12.954945933717363,88.5365649039078,21.0819070425,176.22975,6.557334258215908,32.4569597146812
39.964848,-6.913391,295.0,2015-05-02 14:00:00,25.5,41,11.1,25.3,0.0,0.0,0.0,0.0,1,1012.7,979.2,32,2,0,100,0.59,1.94,14.0,18.8,226,227,35.6,24.3,17.6,14.3,12.0,0.305,0.314,0.291,0.348,1,3600.0,833.0,605.0,228.0,689.5,833.0,1182.4,803.4,583.5,219.9,689.5,803.4,1140.4,16.846770437102624,89.73598598866431,25.213603646499998,183.22375,8.358408924129055,37.51947575340832
39.964848,-6.913391,295.0,2015-05-02 15:00:00,25.6,36,9.5,24.4,0.0,0.0,0.0,0.0,1,1012.0,978.5,30,0,0,100,0.55,2.1,14.9,20.3,233,233,37.4,24.4,18.0,14.4,12.0,0.303,0.314,0.291,0.348,1,3600.0,746.0,510.0,236.0,637.6,746.0,1077.7,695.9,475.7,220.1,637.6,695.9,1005.3,20.700697283950223,90.74719036543499,29.712293054499998,190.23575,10.107804961900422,42.737150419585895
39.964848,-6.913391,295.0,2015-05-02 16:00:00,25.1,35,8.4,22.6,0.0,0.0,0.0,0.0,1,1011.5,978.0,30,0,0,100,0.46,2.08,15.5,21.5,234,235,37.8,24.0,18.3,14.4,12.0,0.302,0.313,0.291,0.348,1,3600.0,575.0,309.0,266.0,454.9,575.0,915.3,513.5,275.9,237.5,454.9,513.5,817.4,22.865679208736722,90.96826338868865,34.1957130345,197.15775,10.751783057716079,47.70578894699968
39.964848,-6.913391,295.0,2015-05-02 17:00:00,24.1,37,8.4,21.6,0.0,0.0,0.0,0.0,1,1011.3,977.7,30,0,0,99,0.33,1.91,14.6,20.8,232,233,35.6,23.1,18.5,14.4,12.0,0.301,0.313,0.291,0.348,1,3600.0,380.0,172.0,208.0,328.1,380.0,706.2,317.2,143.6,173.6,328.1,317.2,589.5,23.286132797571735,91.01794053781639,38.375324050500005,203.89974999999998,10.348064354618115,52.19296694203035
39.964848,-6.913391,295.0,2015-05-02 18:00:00,22.9,42,9.4,21.0,0.0,0.0,0.0,0.0,1,1011.3,977.6,29,0,0,97,0.21,1.62,12.5,19.7,229,230,30.6,22.0,18.7,14.4,12.0,0.3,0.313,0.291,0.348,1,3592.77,215.0,62.0,153.0,179.8,215.0,464.7,156.0,45.0,111.0,179.8,156.0,337.1,22.083092395225588,90.8737940268385,42.03998677050001,210.42575,9.119670096715549,56.073373874879735
39.964848,-6.913391,295.0,2015-05-02 19:00:00,21.4,48,9.9,19.8,0.0,0.0,0.0,0.0,1,1011.5,977.6,29,0,0,98,0.12,1.33,11.0,20.9,232,234,25.2,20.8,18.7,14.4,12.0,0.3,0.313,0.291,0.348,1,738.12,76.0,14.0,62.0,86.7,76.0,207.2,28.4,5.2,23.2,60.1,27.1,77.5,19.32927198381446,89.82295331152982,45.120198970500006,216.68175,7.2758882214608285,59.34598145816352
39.964848,-6.913391,295.0,2015-05-02 20:00:00,19.8,53,9.9,18.3,0.0,0.0,0.0,0.0,1,1011.8,977.7,30,0,0,100,0.09,1.09,10.4,21.7,236,238,20.5,19.6,18.7,14.5,12.0,0.3,0.313,0.291,0.348,0,0.0,3.0,0.0,3.0,0.0,3.0,28.9,0.0,0.0,0.0,0.0,0.0,0.0,17.254109052192145,88.72778488178268,47.706260888500005,222.64974999999998,6.032572254652626,62.13108266696949
39.964848,-6.913391,295.0,2015-05-02 21:00:00,18.6,58,10.2,17.3,0.0,0.0,0.0,0.0,1,1012.4,978.1,38,0,13,100,0.05,0.9,9.7,20.8,239,242,19.4,18.7,18.6,14.5,12.0,0.3,0.312,0.291,0.348,0,0.0,0.0,0.0,0.0,0.0,0.0,0.0,0.0,0.0,0.0,0.0,0.0,0.0,15.319284353558755,87.68024411652453,49.8845237725,228.40175,5.0113901521986035,64.53294333495995
39.964848,-6.913391,295.0,2015-05-02 22:00:00,17.7,64,10.7,16.5,0.0,0.0,0.0,0.0,1,1012.7,978.3,45,0,26,97,0.04,0.74,10.2,20.9,247,251,18.7,18.0,18.5,14.5,12.0,0.3,0.312,0.291,0.348,0,0.0,0.0,0.0,0.0,0.0,0.0,0.0,0.0,0.0,0.0,0.0,0.0,0.0,14.008589388931174,86.52668938125153,51.6663080605,233.99175,4.360800619108991,66.57986778894403
39.964848,-6.913391,295.0,2015-05-02 23:00:00,16.9,70,11.3,16.0,0.0,0.0,0.0,0.0,3,1012.5,978.0,83,1,90,93,0.02,0.59,9.0,18.0,254,258,18.4,17.5,18.4,14.5,12.0,0.3,0.312,0.291,0.348,0,0.0,0.0,0.0,0.0,0.0,0.0,0.0,0.0,0.0,0.0,0.0,0.0,0.0,11.886421102828201,85.34052759157419,53.0879444605,239.43775,3.4760956289785505,68.31115416087003
39.964848,-6.913391,295.0,2015-05-03 00:00:00,16.2,74,11.6,15.7,0.0,0.0,0.0,0.0,3,1012.7,978.2,88,5,94,91,0.01,0.48,7.3,14.4,250,257,16.2,17.1,18.2,14.5,12.1,0.3,0.312,0.291,0.348,0,0.0,0.0,0.0,0.0,0.0,0.0,0.0,0.0,0.0,0.0,0.0,0.0,0.0,10.100869158868706,84.39670272554345,54.272114928499995,244.75775,2.803846683219821,69.83276872719318
39.964848,-6.913391,295.0,2015-05-03 01:00:00,15.9,77,11.8,15.7,0.0,0.0,0.0,0.0,3,1012.4,977.8,81,0,96,79,0.0,0.42,5.6,11.6,230,244,14.4,16.8,18.0,14.5,12.1,0.3,0.312,0.291,0.348,0,0.0,0.0,0.0,0.0,0.0,0.0,0.0,0.0,0.0,0.0,0.0,0.0,0.0,8.74507767636059,83.6582157562897,55.30148498849999,250.02374999999998,2.3321483334996658,71.22063984549334
39.964848,-6.913391,295.0,2015-05-03 02:00:00,15.5,78,11.7,15.5,0.0,0.0,0.0,0.0,3,1011.9,977.3,82,0,98,78,0.0,0.39,4.3,9.7,222,239,13.7,16.6,17.9,14.6,12.1,0.3,0.312,0.291,0.348,0,0.0,0.0,0.0,0.0,0.0,0.0,0.0,0.0,0.0,0.0,0.0,0.0,0.0,7.985374960978348,83.26013212441711,56.26293242049999,255.21774999999997,2.073650532018319,72.54459655622077
39.964848,-6.913391,295.0,2015-05-03 03:00:00,15.2,79,11.7,15.2,0.0,0.0,0.0,0.0,3,1011.8,977.2,90,1,99,99,0.0,0.36,4.0,7.6,207,225,12.6,16.4,17.7,14.6,12.1,0.3,0.312,0.291,0.348,0,0.0,0.0,0.0,0.0,0.0,0.0,0.0,0.0,0.0,0.0,0.0,0.0,0.0,7.689359350722944,82.94798408492122,57.16409193849999,260.35774999999995,1.9622126683879488,73.81252716159281
39.964848,-6.913391,295.0,2015-05-03 04:00:00,14.9,81,11.8,14.8,0.0,0.0,0.0,0.0,3,1011.9,977.2,90,1,99,100,0.0,0.32,5.0,9.1,201,214,11.2,16.2,17.6,14.6,12.1,0.3,0.312,0.291,0.348,0,0.0,0.0,0.0,0.0,0.0,0.0,0.0,0.0,0.0,0.0,0.0,0.0,0.0,7.6942435609771715,82.46128958107144,57.9644205785,265.44374999999997,1.9408357557602116,74.99019439132636
39.964848,-6.913391,295.0,2015-05-03 05:00:00,14.8,81,11.6,14.6,0.1,0.1,0.0,0.0,51,1011.9,977.2,87,1,93,100,0.0,0.32,5.0,10.4,201,214,9.7,15.9,17.4,14.6,12.1,0.301,0.312,0.291,0.348,0,0.0,0.0,0.0,0.0,0.0,0.0,0.0,0.0,0.0,0.0,0.0,0.0,0.0,7.648659360654587,82.31546249625288,58.7597471645,270.51174999999995,1.9060727273721096,76.1608943938387
39.964848,-6.913391,295.0,2015-05-03 06:00:00,14.4,84,11.7,14.2,0.2,0.2,0.0,0.0,51,1012.4,977.6,96,8,98,100,0.02,0.26,5.1,11.1,188,205,10.4,15.7,17.2,14.6,12.1,0.301,0.312,0.291,0.348,1,0.0,4.0,0.0,4.0,0.0,4.0,52.7,9.5,0.0,9.5,0.0,4.5,125.7,7.191570564436482,81.62603974036905,59.412646844499996,275.50774999999993,1.762470888108427,77.20341988614635
39.964848,-6.913391,295.0,2015-05-03 07:00:00,14.9,85,12.3,14.9,0.3,0.3,0.0,0.0,51,1012.7,978.0,100,11,100,100,0.04,0.26,4.8,8.7,167,185,12.6,16.0,17.1,14.6,12.1,0.303,0.312,0.291,0.348,1,0.0,33.0,1.0,32.0,5.3,33.0,255.8,49.7,1.5,48.2,5.3,49.7,385.5,5.719139169800566,79.43608071428376,60.044485244499995,280.59374999999994,1.3679091607490235,78.2350273369016
39.964848,-6.913391,295.0,2015-05-03 08:00:00,15.4,81,12.2,15.3,0.3,0.3,0.0,0.0,51,1013.0,978.3,100,22,100,100,0.06,0.33,5.1,7.2,176,180,13.0,16.3,17.0,14.6,12.1,0.304,0.312,0.291,0.348,1,0.0,80.0,0.0,80.0,0.0,80.0,511.8,99.2,0.0,99.2,0.0,99.2,634.7,4.221456246946079,75.26514873705862,60.869824154499995,285.76974999999993,1.005309465192785,79.43820261454668
39.964848,-6.913391,295.0,2015-05-03 09:00:00,15.7,83,12.9,15.8,0.5,0.5,0.0,0.0,53,1013.2,978.6,100,50,100,100,0.09,0.3,5.9,7.9,191,196,13.3,16.8,16.9,14.6,12.1,0.308,0.312,0.291,0.348,1,0.0,126.0,0.0,126.0,0.0,126.0,748.6,144.2,0.0,144.2,0.0,144.2,856.5,3.171758110719919,67.42722296278558,61.62171185049999,290.99974999999995,0.7754131270578248,80.58303733650716
39.964848,-6.913391,295.0,2015-05-03 10:00:00,16.2,83,13.4,16.1,0.4,0.4,0.0,0.0,51,1013.8,979.2,100,90,99,99,0.14,0.3,8.0,11.0,198,203,18.0,17.0,16.9,14.6,12.1,0.312,0.312,0.291,0.348,1,0.0,217.0,13.0,204.0,18.4,217.0,950.3,236.5,14.2,222.3,18.4,236.5,1035.8,2.4588705884497273,61.089303969803666,57.89041764100663,296.31974999999994,0.6539204558226187,77.78817670253707
39.964848,-6.913391,295.0,2015-05-03 11:00:00,16.7,81,13.5,16.3,0.4,0.4,0.0,0.0,51,1014.0,979.5,100,98,100,100,0.15,0.35,10.3,15.5,209,211,21.2,17.3,16.9,14.7,12.1,0.315,0.312,0.291,0.348,1,0.0,237.0,1.0,236.0,1.2,237.0,1103.1,249.3,1.1,248.2,1.2,249.3,1160.3,1.9492499138885893,57.8297799801861,51.42768179970601,301.72974999999997,0.5926846399571237,72.12316651134857
39.964848,-6.913391,295.0,2015-05-03 12:00:00,17.4,81,14.0,17.3,0.7,0.7,0.0,0.0,53,1013.8,979.3,100,100,100,100,0.19,0.38,9.4,13.3,212,213,23.4,17.8,16.9,14.7,12.1,0.319,0.312,0.291,0.348,1,0.0,310.0,27.0,283.0,30.4,310.0,1196.5,316.5,27.6,288.9,30.4,316.5,1221.6,5.111328125,83.357421875,18.90234375,175.09268188476562,2.50732421875,29.53125
39.964848,-6.913391,295.0,2015-05-03 13:00:00,17.0,86,14.6,17.4,0.8,0.8,0.0,0.0,53,1013.2,978.7,100,100,100,99,0.13,0.28,8.2,11.2,221,222,22.7,17.6,16.9,14.7,12.1,0.324,0.312,0.291,0.348,1,0.0,200.0,1.0,199.0,1.1,200.0,1224.3,198.6,1.0,197.6,1.1,198.6,1215.6,0.32621063181303267,52.45640294343022,13.830156136316067,175.1017551146243,0.3282380323348342,23.099175713389126
39.964848,-6.913391,295.0,2015-05-03 14:00:00,17.2,86,14.7,17.5,0.8,0.8,0.0,0.0,53,1013.2,978.7,100,100,100,100,0.13,0.28,8.4,13.2,227,227,20.2,17.6,16.9,14.7,12.1,0.329,0.312,0.291,0.348,1,0.0,195.0,3.0,192.0,3.4,195.0,1184.6,188.1,2.9,185.2,3.4,188.1,1142.6,0.04102024519795319,39.816421083109724,9.292036381568241,173.15413851682365,0.051193263445260505,16.385781679654897
39.964848,-6.913391,295.0,2015-05-03 15:00:00,17.1,87,14.9,17.3,0.9,0.9,0.0,0.0,53,1013.1,978.6,100,99,100,100,0.11,0.26,9.7,15.1,228,230,19.1,17.6,16.9,14.7,12.1,0.336,0.312,0.291,0.348,1,0.0,157.0,3.0,154.0,3.7,157.0,1080.0,146.5,2.8,143.7,3.7,146.5,1007.7,0.007967589783894224,33.17484508673764,5.719359575476766,169.0051289431159,0.012830550472368876,10.54645389202492
39.964848,-6.913391,295.0,2015-05-03 16:00:00,16.9,89,15.0,17.5,0.9,0.9,0.0,0.0,53,1012.6,978.1,100,82,99,99,0.09,0.22,7.4,11.8,227,230,18.7,17.4,16.9,14.7,12.1,0.344,0.312,0.291,0.348,1,0.0,132.0,2.0,130.0,2.9,132.0,917.8,117.9,1.8,116.2,2.9,117.9,820.1,0.0006966886871412715,25.881354746757363,3.186344860477707,162.73351299178967,0.0014840480520126292,6.075301591637767
39.964848,-6.913391,295.0,2015-05-03 17:00:00,16.5,91,14.9,17.5,0.8,0.8,0.0,0.0,53,1012.3,977.8,100,44,100,98,0.06,0.18,4.7,7.4,203,209,16.2,17.1,16.9,14.7,12.1,0.352,0.312,0.291,0.348,1,0.0,82.0,0.0,82.0,0.0,82.0,709.1,68.5,0.0,68.5,0.0,68.5,592.5,3.324119179191548e-05,18.59279176003888,1.513934622254797,154.66662632976875,9.485964404951653e-05,2.955544319301444
39.964848,-6.913391,295.0,2015-05-03 18:00:00,16.4,90,14.7,17.5,0.4,0.4,0.0,0.0,51,1012.0,977.5,100,19,99,100,0.05,0.19,3.4,5.6,148,153,10.8,16.9,16.8,14.7,12.1,0.355,0.312,0.291,0.348,1,0.0,60.0,0.0,60.0,0.0,60.0,468.0,43.7,0.0,43.7,0.0,43.7,340.6,1.0084675778741072e-05,16.522531491019848,0.5823752763755656,145.91591931528,3.731560482969102e-05,1.153243574136873
39.964848,-6.913391,295.0,2015-05-03 19:00:00,16.5,94,15.5,17.9,0.2,0.2,0.0,0.0,51,1011.8,977.3,99,11,99,100,0.03,0.12,3.4,7.7,108,127,8.6,16.7,16.8,14.7,12.1,0.356,0.313,0.291,0.348,1,0.0,23.0,0.0,23.0,0.0,23.0,211.0,8.9,0.0,8.9,0.0,8.6,81.5,9.113289143306176e-07,11.6895080224886,0.278008896,137.02886871966075,3.81665379032473e-06,0.5532118537667499
39.964848,-6.913391,295.0,2015-05-03 20:00:00,16.0,95,15.2,17.2,0.1,0.1,0.0,0.0,51,1011.5,977.0,100,22,96,100,0.02,0.1,4.0,8.6,90,123,7.9,16.4,16.7,14.7,12.1,0.357,0.313,0.291,0.348,0,0.0,1.0,0.0,1.0,0.0,1.0,30.9,0.0,0.0,0.0,0.0,0.0,0.0,2.8600102063318936e-07,9.503101999283599,0.22509243,128.1375812806273,1.2290227626623304e-06,0.4482164653195232
39.964848,-6.913391,295.0,2015-05-03 21:00:00,15.7,95,14.9,16.7,0.0,0.0,0.0,0.0,3,1011.2,976.6,100,17,97,100,0.0,0.08,4.5,9.7,76,112,8.6,16.1,16.6,14.7,12.1,0.356,0.313,0.291,0.348,0,0.0,0.0,0.0,0.0,0.0,0.0,0.0,0.0,0.0,0.0,0.0,0.0,0.0,2.3126757869918486e-07,9.080044606550937,0.22114344000000002,119.49856940564806,9.958344594689382e-07,0.44025006869889943
39.964848,-6.913391,295.0,2015-05-03 22:00:00,15.5,95,14.7,16.4,0.0,0.0,0.0,0.0,3,1010.7,976.1,90,6,92,99,0.0,0.09,4.9,9.4,54,92,8.6,15.9,16.6,14.7,12.1,0.355,0.314,0.291,0.348,0,0.0,0.0,0.0,0.0,0.0,0.0,0.0,0.0,0.0,0.0,0.0,0.0,0.0,2.3550151142499694e-07,9.078899054655633,0.21851078000000002,111.11491024117497,1.0154572983371883e-06,0.43488353146128933
39.964848,-6.913391,295.0,2015-05-03 23:00:00,15.3,95,14.6,16.1,0.0,0.0,0.0,0.0,2,1009.9,975.3,64,0,73,67,0.0,0.08,5.5,10.8,58,88,8.3,15.8,16.5,14.7,12.1,0.355,0.314,0.291,0.348,0,0.0,0.0,0.0,0.0,0.0,0.0,0.0,0.0,0.0,0.0,0.0,0.0,0.0,2.695451200356311e-07,9.268754528122614,0.21587812000000003,102.97223565025224,1.1638541519421456e-06,0.429505129318028
39.964848,-6.913391,295.0,2015-05-04 00:00:00,15.3,95,14.5,16.0,0.1,0.1,0.0,0.0,51,1009.4,974.9,68,4,65,86,0.0,0.08,5.7,13.9,72,100,18.0,15.7,16.4,14.7,12.1,0.355,0.314,0.291,0.348,0,0.0,0.0,0.0,0.0,0.0,0.0,0.0,0.0,0.0,0.0,0.0,0.0,0.0,2.872053265743914e-07,9.364792179604807,0.21587812000000003,94.88873532081098,1.2401689662168045e-06,0.4293144434414925
39.964848,-6.913391,295.0,2015-05-04 01:00:00,15.1,95,14.3,15.8,0.1,0.1,0.0,0.0,51,1008.9,974.4,86,4,95,86,0.0,0.09,4.9,11.2,73,111,15.1,15.6,16.3,14.7,12.1,0.355,0.315,0.291,0.348,0,0.0,0.0,0.0,0.0,0.0,0.0,0.0,0.0,0.0,0.0,0.0,0.0,0.0,2.2281285926273913e-07,8.985374659922964,0.21324546,86.82942820738849,9.634638676235535e-07,0.4238883385478231
39.964848,-6.913391,295.0,2015-05-04 02:00:00,15.1,95,14.2,15.8,0.0,0.0,0.0,0.0,3,1008.2,973.7,82,9,100,45,0.0,0.09,4.5,10.4,104,136,9.4,15.5,16.2,14.7,12.1,0.355,0.315,0.291,0.348,0,0.0,0.0,0.0,0.0,0.0,0.0,0.0,0.0,0.0,0.0,0.0,0.0,0.0,1.8677916653868559e-07,8.709271091158051,0.21324546,79.02884274942151,8.077039498220268e-07,0.4236331706265229
39.964848,-6.913391,295.0,2015-05-04 03:00:00,15.0,94,14.1,15.8,0.0,0.0,0.0,0.0,3,1007.6,973.1,100,42,90,76,0.0,0.1,4.1,11.7,105,146,9.0,15.4,16.1,14.7,12.1,0.354,0.315,0.291,0.348,0,0.0,0.0,0.0,0.0,0.0,0.0,0.0,0.0,0.0,0.0,0.0,0.0,0.0,3.05264573498844e-07,9.58683816058354,0.254314956,71.45591239539448,1.2936580726055616e-06,0.5041442293875902
39.964848,-6.913391,295.0,2015-05-04 04:00:00,14.9,94,14.0,15.4,0.0,0.0,0.0,0.0,3,1007.0,972.5,83,32,41,100,0.0,0.1,6.1,14.7,118,149,9.0,15.3,16.0,14.8,12.1,0.353,0.316,0.291,0.348,0,0.0,0.0,0.0,0.0,0.0,0.0,0.0,0.0,0.0,0.0,0.0,0.0,0.0,6.309839250258663e-07,10.746372377773794,0.25273535999999996,64.09906877708259,2.6763632146906343e-06,0.5005368201846006
39.964848,-6.913391,295.0,2015-05-04 05:00:00,14.5,95,13.7,14.8,0.0,0.0,0.0,0.0,2,1006.4,971.9,67,16,38,100,0.0,0.09,6.4,15.8,117,150,12.6,15.0,16.0,14.8,12.1,0.352,0.316,0.291,0.348,0,0.0,0.0,0.0,0.0,0.0,0.0,0.0,0.0,0.0,0.0,0.0,0.0,0.0,3.687252910570229e-07,9.764318813746268,0.20534747999999997,56.893555341857336,1.601398213485942e-06,0.40702226822578086
39.964848,-6.913391,295.0,2015-05-04 06:00:00,14.7,94,13.8,14.6,0.2,0.2,0.0,0.0,51,1006.1,971.6,77,7,68,99,0.02,0.09,8.9,18.9,130,149,28.1,15.0,15.9,14.8,12.1,0.354,0.316,0.291,0.348,1,0.0,6.0,0.0,6.0,0.0,6.0,55.1,14.2,0.0,14.2,0.0,6.9,130.5,1.2328295393197956e-06,11.766915981404617,0.249576168,49.75620246261897,5.238866368633911e-06,0.4929705091859425
39.964848,-6.913391,295.0,2015-05-04 07:00:00,15.5,92,14.2,15.3,0.9,0.9,0.0,0.0,53,1005.9,971.5,91,10,87,100,0.04,0.15,10.8,21.4,143,153,40.3,15.3,15.8,14.8,12.1,0.361,0.316,0.291,0.348,1,0.0,44.0,1.0,43.0,5.2,44.0,260.3,65.9,1.5,64.4,5.2,65.9,389.7,9.976710867436971e-06,15.86167772449727,0.349617248,41.72017098138775,4.054120316117278e-05,0.6848860424978246
39.964848,-6.913391,295.0,2015-05-04 08:00:00,16.4,89,14.5,16.2,0.7,0.7,0.0,0.0,53,1005.7,971.4,92,23,69,100,0.07,0.21,12.2,22.4,146,154,42.1,15.8,15.8,14.8,12.1,0.365,0.317,0.291,0.348,1,0.0,113.0,7.0,106.0,18.3,113.0,515.7,139.9,8.7,131.2,18.3,139.9,638.4,0.00012119151425839025,21.742290610220923,0.50678705,33.403432186640366,0.00046360888196087826,0.9765348510379109
39.964848,-6.913391,295.0,2015-05-04 09:00:00,17.8,82,14.6,17.4,0.0,0.0,0.0,0.0,3,1005.4,971.3,100,46,77,99,0.14,0.38,13.4,21.6,153,156,29.9,16.4,15.8,14.8,12.1,0.363,0.317,0.291,0.348,1,0.0,213.0,27.0,186.0,48.3,213.0,752.1,243.5,30.9,212.6,48.3,243.5,859.7,0.004036720182308703,32.69800115284131,0.8956309320000001,26.131010485906287,0.013736735050892795,1.6498885324191506
39.964848,-6.913391,295.0,2015-05-04 10:00:00,19.0,70,13.3,17.8,0.1,0.1,0.0,0.0,51,1005.3,971.3,90,44,38,93,0.21,0.66,15.5,23.1,177,178,37.4,17.4,15.9,14.8,12.1,0.362,0.318,0.291,0.348,1,1080.69,308.0,68.0,240.0,96.0,308.0,953.3,335.5,74.1,261.5,96.0,335.5,1038.6,0.08372323680258476,47.18730397984638,1.58749398,19.979532897020313,0.24794741701800785,2.6488252427975114
39.964848,-6.913391,295.0,2015-05-04 11:00:00,20.4,57,11.5,18.3,0.3,0.3,0.0,0.0,51,1004.8,971.0,89,48,33,86,0.33,1.04,17.3,25.7,184,185,43.6,18.9,16.1,14.8,12.1,0.36,0.318,0.291,0.348,1,3600.0,475.0,229.0,246.0,278.8,475.0,1105.7,499.5,240.8,258.7,278.8,499.5,1162.8,0.3533995286781309,59.401928958785106,2.5833708198777834,14.426943111706514,0.9418434514457958,3.569019228943304
39.964848,-6.913391,295.0,2015-05-04 12:00:00,20.9,53,10.9,18.4,0.4,0.4,0.0,0.0,51,1004.4,970.7,98,47,57,71,0.35,1.17,19.2,28.7,186,187,54.7,19.6,16.3,14.8,12.1,0.359,0.318,0.291,0.348,1,3600.0,479.0,239.0,240.0,268.4,479.0,1198.9,489.0,244.0,245.0,268.4,489.0,1223.9,8.6669921875,73.3083267211914,18.508344650268555,179.54879760742188,4.41943359375,28.91796875
39.964848,-6.913391,295.0,2015-05-04 13:00:00,21.2,54,11.5,18.1,0.5,0.5,0.0,0.0,53,1003.7,970.0,100,87,86,47,0.38,1.17,25.0,37.3,195,195,70.2,20.3,16.5,14.8,12.1,0.358,0.318,0.291,0.348,1,3600.0,525.0,286.0,239.0,313.9,525.0,1226.5,521.2,284.0,237.3,313.9,521.2,1217.7,3.417821686487979,68.52663940709213,12.391961085869148,169.05145617972207,2.104028459382881,20.94550652525043
39.964848,-6.913391,295.0,2015-05-04 14:00:00,20.3,64,13.1,18.0,0.8,0.8,0.0,0.0,53,1003.9,970.1,100,99,80,5,0.23,0.87,22.3,35.0,203,204,60.1,19.8,16.7,14.8,12.1,0.361,0.318,0.291,0.348,1,2861.89,268.0,137.0,131.0,155.4,268.0,1186.7,258.5,132.2,126.4,155.4,258.5,1144.8,1.2922433971622864,62.00836130469439,8.317196483608495,158.81642835620804,1.4137395105754786,14.708665532809613
39.964848,-6.913391,295.0,2015-05-04 15:00:00,18.9,76,14.7,16.9,1.9,1.9,0.0,0.0,61,1004.4,970.4,100,96,70,16,0.17,0.52,24.8,40.1,213,214,58.7,19.3,16.8,14.8,12.1,0.376,0.318,0.291,0.348,1,0.0,232.0,38.0,194.0,47.3,232.0,1082.3,216.5,35.5,181.1,47.3,216.5,1010.0,0.45520295626167084,52.714093948643985,5.130911566355523,146.1720232516117,0.7785484386714542,9.43394989229811
39.964848,-6.913391,295.0,2015-05-04 16:00:00,17.9,83,14.9,15.9,1.0,1.0,0.0,0.0,55,1004.5,970.4,70,61,18,13,0.16,0.35,25.3,41.1,220,221,62.3,18.7,16.9,14.8,12.1,0.385,0.319,0.291,0.348,1,3377.36,269.0,118.0,151.0,172.6,269.0,920.3,240.5,105.5,135.0,172.6,240.5,822.7,0.10985168670674773,43.79389228833461,2.9531673752763985,133.683987849125,0.24294629263125564,5.597219105504407
39.964848,-6.913391,295.0,2015-05-04 17:00:00,17.4,78,13.5,15.1,0.2,0.2,0.0,0.0,51,1005.0,970.9,42,24,0,68,0.16,0.45,23.6,37.0,219,221,56.2,18.1,17.0,14.8,12.1,0.383,0.32,0.291,0.348,1,3600.0,249.0,122.0,127.0,230.7,249.0,711.9,208.3,102.1,106.2,230.7,208.3,595.6,0.11946009473577576,45.916224974978746,1.9830216434142323,123.18252730518486,0.31041955765239876,3.812602817817328
39.964848,-6.913391,295.0,2015-05-04 18:00:00,16.6,69,10.9,13.1,0.0,0.0,0.0,0.0,3,1005.9,971.6,100,92,0,72,0.15,0.59,26.5,42.0,224,225,58.0,17.6,17.0,14.8,12.1,0.38,0.321,0.291,0.348,1,3600.0,192.0,90.0,102.0,257.1,192.0,471.2,140.2,65.7,74.5,257.1,140.2,344.1,0.3305601510281756,53.13920878682586,1.8258415334207156,114.65860335937272,0.8863440185166356,3.5118739900830116
39.964848,-6.913391,295.0,2015-05-04 19:00:00,15.5,68,9.6,11.6,0.0,0.0,0.0,0.0,3,1007.3,972.8,100,96,2,45,0.1,0.56,26.1,41.3,231,232,56.5,16.9,16.9,14.8,12.1,0.378,0.322,0.291,0.348,1,26.22,51.0,10.0,41.0,60.9,51.0,214.8,20.3,4.0,16.3,45.7,19.7,85.5,0.3428134454446742,53.974377588766316,1.698230049572283,107.06736324542483,0.9440729324863902,3.2669160702329982
39.964848,-6.913391,295.0,2015-05-04 20:00:00,14.4,71,9.3,10.9,0.0,0.0,0.0,0.0,3,1008.9,974.3,100,98,12,49,0.08,0.47,23.3,36.9,232,234,54.4,16.2,16.8,14.8,12.1,0.376,0.322,0.291,0.348,0,0.0,1.0,0.0,1.0,0.0,1.0,32.9,0.0,0.0,0.0,0.0,0.0,0.0,0.19311900538138632,50.53582501515592,1.4141473142701475,99.92883030922742,0.5661031134451702,2.7316518934872063
39.964848,-6.913391,295.0,2015-05-04 21:00:00,13.6,75,9.3,10.4,0.0,0.0,0.0,0.0,3,1010.4,975.6,100,89,44,100,0.04,0.39,20.7,32.8,235,237,46.4,15.7,16.7,14.8,12.1,0.374,0.323,0.291,0.348,0,0.0,0.0,0.0,0.0,0.0,0.0,0.0,0.0,0.0,0.0,0.0,0.0,0.0,0.0807008837324128,45.70561804603073,1.0373306656064125,93.06141191471312,0.25991358887407906,2.018414514494917
39.964848,-6.913391,295.0,2015-05-04 22:00:00,13.1,78,9.4,10.4,0.0,0.0,0.0,0.0,3,1011.4,976.5,100,68,68,26,0.03,0.33,17.5,27.2,238,241,42.8,15.3,16.6,14.8,12.2,0.372,0.324,0.291,0.348,0,0.0,0.0,0.0,0.0,0.0,0.0,0.0,0.0,0.0,0.0,0.0,0.0,0.0,0.027887197102836398,40.693231000916136,0.8224429839999998,86.30063583959009,0.09554789229609269,1.6066086143611653
39.964848,-6.913391,295.0,2015-05-04 23:00:00,12.7,80,9.4,10.3,0.0,0.0,0.0,0.0,1,1012.0,977.1,27,15,6,32,0.02,0.29,15.1,24.3,242,245,35.3,14.9,16.4,14.8,12.2,0.37,0.324,0.291,0.348,0,0.0,0.0,0.0,0.0,0.0,0.0,0.0,0.0,0.0,0.0,0.0,0.0,0.0,0.010221113787437406,36.463426126859446,0.7266141599999999,79.65827060718736,0.03609499473294697,1.4208276207294834
39.964848,-6.913391,295.0,2015-05-05 00:00:00,12.2,82,9.3,10.2,0.0,0.0,0.0,0.0,0,1012.4,977.4,19,18,2,4,0.01,0.25,12.6,21.3,246,251,32.4,14.4,16.3,14.8,12.2,0.369,0.324,0.291,0.348,0,0.0,0.0,0.0,0.0,0.0,0.0,0.0,0.0,0.0,0.0,0.0,0.0,0.0,0.0031208518646205475,32.11295639394516,0.6302588039999999,73.10995919786893,0.011381500383195166,1.2339243874191874
39.964848,-6.913391,295.0,2015-05-05 01:00:00,11.6,85,9.2,9.9,0.0,0.0,0.0,0.0,0,1013.1,978.0,13,14,0,0,0.0,0.21,10.3,17.8,245,252,28.1,14.0,16.1,14.8,12.2,0.367,0.325,0.291,0.348,0,0.0,0.0,0.0,0.0,0.0,0.0,0.0,0.0,0.0,0.0,0.0,0.0,0.0,0.0006162645880196978,26.89475142007357,0.5015217299999999,66.82309989036952,0.0023537952907761255,0.9845699374036678
39.964848,-6.913391,295.0,2015-05-05 02:00:00,11.3,87,9.2,9.9,0.0,0.0,0.0,0.0,1,1012.9,977.8,28,28,5,0,0.0,0.18,8.1,14.7,238,248,22.7,13.7,15.9,14.8,12.2,0.366,0.325,0.291,0.348,0,0.0,0.0,0.0,0.0,0.0,0.0,0.0,0.0,0.0,0.0,0.0,0.0,0.0,0.00012256185410162922,22.427329840665077,0.424384792,60.83619997963536,0.00048240954427690105,0.8342210614200526
39.964848,-6.913391,295.0,2015-05-05 03:00:00,11.2,88,9.2,10.0,0.0,0.0,0.0,0.0,1,1013.3,978.1,35,36,4,0,0.0,0.16,7.1,12.2,221,236,19.1,13.5,15.7,14.8,12.2,0.364,0.326,0.291,0.348,0,0.0,0.0,0.0,0.0,0.0,0.0,0.0,0.0,0.0,0.0,0.0,0.0,0.0,4.248728147037629e-05,19.754486260747296,0.3885806159999999,54.984198772754056,0.0001697237047721493,0.7636688595329675
39.964848,-6.913391,295.0,2015-05-05 04:00:00,11.1,88,9.2,9.8,0.0,0.0,0.0,0.0,1,1013.7,978.5,41,44,3,0,0.0,0.16,7.6,12.5,211,221,16.6,13.4,15.5,14.8,12.2,0.363,0.326,0.291,0.348,0,0.0,0.0,0.0,0.0,0.0,0.0,0.0,0.0,0.0,0.0,0.0,0.0,0.0,3.7184267089129786e-05,19.353862265868447,0.38542142399999996,49.26151089578228,0.00014878131311313656,0.7560544474585761
39.964848,-6.913391,295.0,2015-05-05 05:00:00,11.1,88,9.2,9.6,0.0,0.0,0.0,0.0,3,1014.2,979.0,81,89,1,0,0.0,0.15,8.6,13.3,213,218,16.6,13.4,15.4,14.8,12.2,0.362,0.326,0.291,0.348,0,0.0,0.0,0.0,0.0,0.0,0.0,0.0,0.0,0.0,0.0,0.0,0.0,0.0,4.636279244203966e-05,19.78979885835365,0.38542142399999996,43.68086315538996,0.00018557968228101598,0.7542058657066487
39.964848,-6.913391,295.0,2015-05-05 06:00:00,11.1,87,9.0,9.6,0.0,0.0,0.0,0.0,3,1014.8,979.6,85,92,3,0,0.02,0.17,8.8,13.3,215,221,17.6,13.3,15.2,14.8,12.2,0.361,0.327,0.291,0.348,1,0.0,5.0,0.0,5.0,0.0,5.0,57.4,11.8,0.0,11.8,0.0,5.8,135.1,7.267673616077506e-05,20.909894747011403,0.4175398759999999,38.23683422714161,0.0002873272273785347,0.8128882407195641
39.964848,-6.913391,295.0,2015-05-05 07:00:00,11.2,87,9.1,9.6,0.0,0.0,0.0,0.0,2,1015.7,980.4,68,64,18,0,0.04,0.17,9.4,13.5,220,224,20.5,13.5,15.1,14.8,12.2,0.36,0.327,0.291,0.348,1,29.9,54.0,12.0,42.0,61.0,54.0,264.7,80.3,17.9,62.5,61.0,80.3,393.8,0.00010031302920812203,21.699088839555888,0.4209623339999999,33.293376058138215,0.0003963199615092673,0.8161268440928184
39.964848,-6.913391,295.0,2015-05-05 08:00:00,11.9,82,8.9,10.3,0.0,0.0,0.0,0.0,2,1016.1,980.9,50,39,25,0,0.11,0.26,9.0,12.4,233,234,22.7,14.2,15.0,14.8,12.2,0.359,0.327,0.291,0.348,1,3600.0,223.0,126.0,97.0,326.3,223.0,519.6,275.5,155.7,119.9,326.3,275.5,642.0,0.0006490889626035301,27.165069471817883,0.6160424400000001,30.154230484809958,0.0023935099229799436,1.1722148324182124
39.964848,-6.913391,295.0,2015-05-05 09:00:00,13.3,70,8.0,11.5,0.0,0.0,0.0,0.0,2,1016.2,981.2,50,36,30,0,0.2,0.46,9.2,12.2,244,246,23.8,15.4,15.1,14.8,12.2,0.358,0.327,0.291,0.348,1,3600.0,381.0,240.0,141.0,427.4,381.0,755.5,435.2,274.1,161.0,427.4,435.2,862.9,0.01276687891989155,38.46417762827965,1.13730912,28.538387343345995,0.040827171168861656,2.068530985768258
39.964848,-6.913391,295.0,2015-05-05 10:00:00,14.4,63,7.4,12.1,0.0,0.0,0.0,0.0,2,1016.1,981.2,76,72,19,0,0.28,0.61,10.9,14.2,253,254,25.6,16.4,15.2,14.8,12.2,0.356,0.327,0.291,0.348,1,3600.0,517.0,321.0,196.0,451.7,517.0,956.2,563.0,349.6,213.4,451.7,563.0,1041.3,0.06873596212030994,47.43339318936686,1.50983051,27.146195972934628,0.20350621018301124,2.6510434203734046
39.964848,-6.913391,295.0,2015-05-05 11:00:00,15.4,55,6.5,13.1,0.0,0.0,0.0,0.0,3,1016.2,981.4,87,80,25,0,0.34,0.78,12.2,16.3,251,252,27.7,17.6,15.3,14.8,12.2,0.354,0.327,0.291,0.348,1,3600.0,608.0,363.0,245.0,440.7,608.0,1108.2,639.2,381.6,257.6,440.7,639.2,1165.1,0.19407080391593962,55.04603493802309,2.1383206157145467,26.128158988490718,0.5182467705749241,3.550260601391369
39.964848,-6.913391,295.0,2015-05-05 12:00:00,16.3,49,5.6,13.6,0.0,0.0,0.0,0.0,3,1016.4,981.7,100,91,91,0,0.37,0.94,13.4,18.1,246,247,29.9,18.3,15.5,14.8,12.2,0.352,0.327,0.291,0.348,1,3600.0,622.0,264.0,358.0,295.7,622.0,1201.1,634.9,269.5,365.4,295.7,634.9,1226.0,2.45263671875,72.55522155761719,17.728515625,181.9778594970703,1.35009765625,28.509765625
39.964848,-6.913391,295.0,2015-05-05 13:00:00,17.2,45,5.0,14.7,0.0,0.0,0.0,0.0,3,1016.2,981.6,100,78,89,0,0.42,1.09,14.7,19.7,245,246,32.0,19.1,15.7,14.8,12.2,0.35,0.326,0.291,0.348,1,3600.0,710.0,360.0,350.0,394.2,710.0,1228.6,704.9,357.4,347.5,394.2,704.9,1219.8,1.8193622143806747,68.16773277573517,14.134971191545771,180.1550833103953,1.2377880698272818,23.63411050683583
39.964848,-6.913391,295.0,2015-05-05 14:00:00,17.2,43,4.3,13.7,0.0,0.0,0.0,0.0,3,1016.3,981.7,100,83,100,0,0.34,1.13,14.5,19.9,247,248,32.4,18.8,15.9,14.8,12.2,0.348,0.326,0.291,0.347,1,3258.75,501.0,149.0,352.0,168.6,501.0,1188.8,483.3,143.7,339.6,168.6,483.3,1146.9,1.6029396187269458,69.05196224083198,12.062078848686022,179.62583076670364,1.2604239281683003,20.65640497405843
39.964848,-6.913391,295.0,2015-05-05 15:00:00,17.3,41,4.0,13.7,0.0,0.0,0.0,0.0,2,1016.1,981.6,76,22,93,0,0.32,1.16,14.7,20.1,248,249,32.4,18.7,16.1,14.8,12.2,0.346,0.326,0.291,0.347,1,3600.0,459.0,213.0,246.0,264.2,459.0,1084.5,428.5,198.8,229.6,264.2,428.5,1012.4,1.8730303457145299,72.24323753099067,11.355529669939619,181.1449960461176,1.4171272677841875,19.63403688238538
39.964848,-6.913391,295.0,2015-05-05 16:00:00,17.1,42,4.1,13.7,0.0,0.0,0.0,0.0,3,1015.9,981.3,89,39,90,0,0.28,1.14,13.9,19.3,249,249,32.0,18.5,16.2,14.8,12.2,0.345,0.326,0.291,0.347,1,3600.0,393.0,186.0,207.0,271.2,393.0,922.8,351.5,166.4,185.1,271.2,351.5,825.3,4.3976591509917276,80.55509685432797,14.134565565939619,186.6269960461176,2.43072889838513,23.768705954302014
39.964848,-6.913391,295.0,2015-05-05 17:00:00,16.6,44,4.3,13.3,0.0,0.0,0.0,0.0,3,1016.0,981.4,89,42,85,0,0.21,1.06,13.0,18.1,251,253,31.0,17.8,16.3,14.8,12.2,0.344,0.326,0.291,0.347,1,2830.47,250.0,82.0,168.0,154.3,250.0,714.7,209.4,68.7,140.7,154.3,209.4,598.6,8.942489231810102,86.0129978979342,16.74405815793962,192.0189960461176,4.670736913430894,27.494347870580945
39.964848,-6.913391,295.0,2015-05-05 18:00:00,16.1,47,4.7,13.1,0.0,0.0,0.0,0.0,3,1016.0,981.3,100,62,80,0,0.16,0.97,11.7,16.9,252,254,28.8,17.2,16.3,14.8,12.2,0.343,0.326,0.291,0.347,1,3600.0,183.0,86.0,97.0,243.8,183.0,474.5,134.1,63.0,71.1,243.8,134.1,347.6,10.091421993474084,86.9463009673267,19.14399101393962,197.32099604611759,4.991699411812246,30.814066197685882
39.964848,-6.913391,295.0,2015-05-05 19:00:00,15.2,52,5.4,12.6,0.0,0.0,0.0,0.0,2,1016.3,981.5,76,51,51,0,0.09,0.83,9.7,15.8,255,258,24.1,16.4,16.3,14.8,12.2,0.342,0.326,0.291,0.347,1,3484.15,89.0,40.0,49.0,241.7,89.0,218.5,36.5,16.4,20.1,188.0,35.8,89.5,9.799655552245332,86.9946502641719,21.20378419793962,202.46099604611757,4.544302373928699,33.60810738578203
39.964848,-6.913391,295.0,2015-05-05 20:00:00,13.9,58,5.7,11.6,0.0,0.0,0.0,0.0,0,1016.8,981.8,7,2,8,0,0.06,0.67,8.6,17.3,270,272,18.0,15.3,16.2,14.8,12.2,0.341,0.326,0.291,0.347,0,0.0,5.0,1.0,4.0,14.4,5.0,34.8,0.0,0.0,0.0,0.0,0.0,0.0,9.388572424004211,86.7171616720921,22.86235999793962,207.36699604611758,4.133068547007234,35.84490406126084
39.964848,-6.913391,295.0,2015-05-05 21:00:00,12.8,63,6.0,10.6,0.0,0.0,0.0,0.0,0,1017.8,982.7,2,0,4,0,0.03,0.54,8.7,18.1,287,291,15.8,14.4,16.1,14.8,12.2,0.341,0.326,0.291,0.347,0,0.0,0.0,0.0,0.0,0.0,0.0,0.0,0.0,0.0,0.0,0.0,0.0,0.0,8.823225939475977,85.92338357816968,24.21633703593962,212.07499604611758,3.713832921140462,37.67704478833453
39.964848,-6.913391,295.0,2015-05-05 22:00:00,12.0,69,6.4,10.1,0.0,0.0,0.0,0.0,0,1018.8,983.5,1,0,1,0,0.01,0.44,7.1,15.8,300,300,15.5,13.8,15.9,14.8,12.2,0.341,0.326,0.291,0.347,0,0.0,0.0,0.0,0.0,0.0,0.0,0.0,0.0,0.0,0.0,0.0,0.0,0.0,7.399662669196559,84.87519370624571,25.28546026193962,216.63899604611757,2.9625002052453127,39.1478643513696
39.964848,-6.913391,295.0,2015-05-05 23:00:00,11.1,75,6.8,9.6,0.0,0.0,0.0,0.0,0,1018.6,983.2,0,0,0,0,0.0,0.34,4.8,12.5,312,311,13.7,13.1,15.7,14.8,12.2,0.34,0.326,0.291,0.347,0,0.0,0.0,0.0,0.0,0.0,0.0,0.0,0.0,0.0,0.0,0.0,0.0,0.0,5.831007046140832,83.69185559818467,26.08842156193962,221.04099604611756,2.2499517611744264,40.289033690004636
39.964848,-6.913391,295.0,2015-05-06 00:00:00,9.9,84,7.3,8.6,0.0,0.0,0.0,0.0,0,1018.9,983.4,1,0,0,4,0.0,0.2,4.4,10.7,325,318,10.8,12.3,15.4,14.8,12.2,0.34,0.326,0.291,0.347,0,0.0,0.0,0.0,0.0,0.0,0.0,0.0,0.0,0.0,0.0,0.0,0.0,0.0,4.503099187188803,81.71740296945148,26.551769721939618,225.22699604611756,1.7199336973431072,41.01538866656778
39.964848,-6.913391,295.0,2015-05-06 01:00:00,9.0,88,7.0,7.6,0.0,0.0,0.0,0.0,0,1018.7,983.1,0,0,0,0,0.0,0.14,4.4,10.0,325,322,10.4,11.4,15.2,14.8,12.2,0.339,0.326,0.291,0.347,0,0.0,0.0,0.0,0.0,0.0,0.0,0.0,0.0,0.0,0.0,0.0,0.0,0.0,3.730846496922007,80.1015997397797,26.87084811393962,229.25099604611756,1.434612420838596,41.56264777425279
39.964848,-6.913391,295.0,2015-05-06 02:00:00,8.4,89,6.7,6.9,0.0,0.0,0.0,0.0,0,1018.7,983.0,1,1,0,0,0.0,0.12,4.7,8.6,337,338,10.4,10.7,14.9,14.8,12.2,0.339,0.326,0.291,0.347,0,0.0,0.0,0.0,0.0,0.0,0.0,0.0,0.0,0.0,0.0,0.0,0.0,0.0,3.466582684496197,79.23832084737329,27.145961083939618,233.16699604611756,1.3350208409419422,42.0523022768301
39.964848,-6.913391,295.0,2015-05-06 03:00:00,7.7,92,6.4,6.1,0.0,0.0,0.0,0.0,0,1018.5,982.7,9,10,0,0,0.0,0.09,5.0,8.3,339,342,11.2,10.2,14.5,14.8,12.2,0.339,0.326,0.291,0.347,0,0.0,0.0,0.0,0.0,0.0,0.0,0.0,0.0,0.0,0.0,0.0,0.0,0.0,3.1212571039096755,78.03452318531392,27.331300347939617,236.95699604611755,1.2155283365692842,42.428141509666006
39.964848,-6.913391,295.0,2015-05-06 04:00:00,6.9,95,6.1,5.1,0.0,0.0,0.0,0.0,1,1019.1,983.2,43,48,0,0,0.0,0.05,6.2,10.7,339,348,13.0,9.7,14.2,14.8,12.2,0.339,0.326,0.291,0.347,0,0.0,0.0,0.0,0.0,0.0,0.0,0.0,0.0,0.0,0.0,0.0,0.0,0.0,2.925383364247739,76.50530956426981,27.436606747939617,240.60299604611754,1.148858508327118,42.70017422131626
39.964848,-6.913391,295.0,2015-05-06 05:00:00,6.4,96,5.8,4.3,0.0,0.0,0.0,0.0,1,1019.3,983.3,47,52,0,0,0.0,0.04,7.3,12.6,351,358,14.4,9.3,13.9,14.8,12.2,0.338,0.326,0.291,0.347,0,0.0,0.0,0.0,0.0,0.0,0.0,0.0,0.0,0.0,0.0,0.0,0.0,0.0,2.911873845998794,75.52383800384378,27.515586547939616,244.15899604611755,1.1402859519590622,42.93479296238571
39.964848,-6.913391,295.0,2015-05-06 06:00:00,6.4,96,5.9,4.2,0.0,0.0,0.0,0.0,1,1019.9,983.9,50,55,0,1,0.01,0.04,8.3,13.0,358,5,15.8,9.1,13.6,14.8,12.2,0.338,0.326,0.291,0.347,1,0.0,14.0,5.0,9.0,56.7,14.0,59.6,32.8,11.7,21.1,112.7,16.5,139.7,3.0382934460867532,75.17259732645962,27.594566347939615,247.71499604611756,1.1750045344405937,43.16739765964758
39.964848,-6.913391,295.0,2015-05-06 07:00:00,8.1,93,7.0,6.2,0.0,0.0,0.0,0.0,2,1020.4,984.6,62,52,0,50,0.04,0.07,7.6,11.6,3,7,18.7,10.9,13.5,14.8,12.2,0.338,0.326,0.291,0.347,1,3600.0,117.0,51.0,66.0,255.0,117.0,269.0,173.0,75.4,97.6,255.0,173.0,397.9,2.936974244234773,75.21705953098127,27.764109651939616,251.57699604611756,1.137146818874833,43.52079944043192
39.964848,-6.913391,295.0,2015-05-06 08:00:00,10.5,81,7.4,9.1,0.0,0.0,0.0,0.0,0,1020.7,985.2,10,10,0,2,0.13,0.24,5.0,7.2,360,3,18.7,12.8,13.4,14.7,12.2,0.337,0.326,0.291,0.347,1,3600.0,311.0,184.0,127.0,472.8,311.0,523.4,383.6,227.0,156.6,472.8,383.6,645.6,2.9600154229681417,77.09717119020776,28.344347915939615,255.87099604611757,1.12831627750985,44.39417939828514
39.964848,-6.913391,295.0,2015-05-06 09:00:00,13.0,66,6.9,11.8,0.0,0.0,0.0,0.0,0,1020.9,985.7,0,0,0,0,0.28,0.51,3.9,4.9,34,36,16.2,14.8,13.6,14.7,12.2,0.336,0.326,0.291,0.347,1,3600.0,561.0,462.0,99.0,818.9,561.0,758.8,640.2,527.3,113.0,818.9,640.2,865.9,4.092438224949736,80.43142293852486,29.606445119939615,260.61499604611754,1.4489677873842894,46.11575776371911
39.964848,-6.913391,295.0,2015-05-06 10:00:00,15.0,54,5.6,14.7,0.0,0.0,0.0,0.0,0,1020.3,985.3,0,0,0,0,0.41,0.79,3.6,4.7,90,90,16.6,16.8,13.8,14.7,12.2,0.335,0.325,0.291,0.347,1,3600.0,756.0,666.0,90.0,933.9,756.0,959.1,822.9,724.9,98.0,933.9,822.9,1043.9,6.279452063703671,83.72923953310908,31.556193115939614,265.7189960461175,2.1284024898927356,48.6642444202538
39.964848,-6.913391,295.0,2015-05-06 11:00:00,16.6,47,5.2,17.3,0.0,0.0,0.0,0.0,0,1020.1,985.3,4,0,0,13,0.51,1.0,2.7,3.2,157,153,16.9,18.5,14.1,14.7,12.2,0.333,0.325,0.291,0.347,1,3600.0,889.0,788.0,101.0,954.1,889.0,1110.7,934.4,828.3,106.2,954.1,934.4,1167.5,8.382149558240053,86.06020024539235,34.025891461939615,271.1109960461175,2.7980741530159308,51.799113111082285
39.964848,-6.913391,295.0,2015-05-06 12:00:00,17.9,42,4.9,18.9,0.0,0.0,0.0,0.0,1,1019.8,985.2,29,0,0,98,0.57,1.19,3.8,4.6,197,198,17.3,19.9,14.5,14.7,12.2,0.331,0.324,0.291,0.347,1,3600.0,967.0,861.0,106.0,962.2,967.0,1203.3,986.9,878.8,108.2,962.2,986.9,1228.1,5.245542526245117,84.28626251220703,21.08048439025879,187.9740447998047,2.3183510303497314,32.81220245361328
39.964848,-6.913391,295.0,2015-05-06 13:00:00,19.0,39,4.6,20.0,0.0,0.0,0.0,0.0,1,1019.0,984.6,30,0,0,100,0.59,1.36,3.8,4.5,197,194,17.6,20.9,14.9,14.7,12.2,0.329,0.324,0.291,0.347,1,3600.0,982.0,846.0,136.0,924.4,982.0,1230.7,975.0,839.9,135.0,924.4,975.0,1221.8,8.875730261383726,87.79807376347168,24.30838881625879,193.7980447998047,3.7858670190642214,37.010931520994234
39.964848,-6.913391,295.0,2015-05-06 14:00:00,19.8,36,4.2,20.2,0.0,0.0,0.0,0.0,1,1018.6,984.3,30,0,0,100,0.56,1.49,4.1,5.2,195,192,17.6,21.5,15.4,14.7,12.2,0.327,0.323,0.29,0.347,1,3600.0,914.0,708.0,206.0,799.5,914.0,1190.9,881.9,683.1,198.8,799.5,881.9,1149.0,11.551841637367836,89.36615685180789,27.82983483225879,199.7660447998047,4.813164999356345,41.28197066337744
39.964848,-6.913391,295.0,2015-05-06 15:00:00,20.3,34,3.9,19.5,0.0,0.0,0.0,0.0,1,1018.0,983.7,32,0,5,97,0.48,1.57,4.9,6.0,197,197,17.3,21.6,15.8,14.7,12.2,0.326,0.323,0.29,0.347,1,3600.0,769.0,502.0,267.0,621.2,769.0,1086.7,718.0,468.7,249.3,621.2,718.0,1014.6,13.78431973431754,90.14839379705462,31.54820381625879,205.82404479980468,5.605836830636767,45.616460284420604
39.964848,-6.913391,295.0,2015-05-06 16:00:00,20.4,33,3.5,18.3,0.0,0.0,0.0,0.0,2,1017.7,983.5,50,0,35,98,0.39,1.61,6.2,7.6,201,199,16.6,21.1,16.1,14.7,12.2,0.324,0.322,0.29,0.347,1,3600.0,603.0,376.0,227.0,546.5,603.0,925.2,539.6,336.5,203.1,546.5,539.6,827.9,15.830529532173346,90.5068536727118,35.34055054625879,211.90004479980468,6.300257229752464,49.88262313586465
39.964848,-6.913391,295.0,2015-05-06 17:00:00,20.4,33,3.4,18.1,0.0,0.0,0.0,0.0,2,1017.3,983.1,69,0,66,99,0.32,1.62,5.2,6.6,196,193,16.2,20.8,16.4,14.7,12.2,0.323,0.322,0.29,0.347,1,3600.0,508.0,405.0,103.0,759.0,508.0,717.5,425.9,339.6,86.4,759.0,425.9,601.6,16.04784900296569,90.58670256019707,39.13289727625879,217.97604479980467,6.059392215559855,54.02033128461684
39.964848,-6.913391,295.0,2015-05-06 18:00:00,20.1,33,3.4,18.1,0.0,0.0,0.0,0.0,1,1017.1,982.8,48,0,32,96,0.18,1.57,3.3,4.3,186,185,14.0,19.8,16.6,14.7,12.2,0.322,0.322,0.29,0.347,1,3600.0,307.0,234.0,73.0,658.7,307.0,477.7,225.6,172.0,53.6,658.7,225.6,351.1,15.598070627488019,90.63625373688546,42.87232754025879,223.99804479980466,5.545273656602977,57.994749056031374
39.964848,-6.913391,295.0,2015-05-06 19:00:00,18.6,58,10.2,18.5,0.0,0.0,0.0,0.0,1,1017.2,982.8,30,0,4,91,0.04,0.91,1.1,1.8,198,191,8.3,18.5,16.7,14.7,12.3,0.322,0.322,0.29,0.347,1,0.0,76.0,10.0,66.0,59.9,76.0,222.2,32.0,4.2,27.8,48.3,31.7,93.5,11.502728471327382,88.48848065252061,45.050590424258786,229.75004479980467,3.6480706375705414,60.46194489165797
39.964848,-6.913391,295.0,2015-05-06 20:00:00,17.6,49,6.9,16.4,0.0,0.0,0.0,0.0,1,1017.1,982.6,34,0,8,97,0.04,1.02,3.1,3.4,45,72,5.8,17.0,16.7,14.7,12.3,0.322,0.322,0.29,0.347,0,0.0,5.0,0.0,5.0,0.0,5.0,36.8,0.0,0.0,0.0,0.0,0.0,0.0,12.864761829892933,88.53733910052149,47.561358266258786,235.32204479980467,4.063278944184344,63.192728709521994
39.964848,-6.913391,295.0,2015-05-06 21:00:00,15.9,58,7.6,14.5,0.0,0.0,0.0,0.0,1,1017.5,982.7,28,0,0,94,0.02,0.76,5.4,7.9,42,74,8.3,15.5,16.5,14.7,12.3,0.322,0.322,0.29,0.347,0,0.0,0.0,0.0,0.0,0.0,0.0,0.0,0.0,0.0,0.0,0.0,0.0,0.0,12.662160147087404,87.41963389090702,49.441077506258786,240.58804479980466,3.887569756366131,65.32254069326737
39.964848,-6.913391,295.0,2015-05-06 22:00:00,14.7,59,6.9,13.2,0.0,0.0,0.0,0.0,1,1017.8,982.9,28,0,2,90,0.01,0.68,4.8,10.9,42,73,10.1,14.5,16.4,14.7,12.3,0.322,0.322,0.29,0.347,0,0.0,0.0,0.0,0.0,0.0,0.0,0.0,0.0,0.0,0.0,0.0,0.0,0.0,11.774283695222632,86.842504712844,51.14651465425879,245.63804479980467,3.474087468932674,67.27381077329163
39.964848,-6.913391,295.0,2015-05-06 23:00:00,13.6,64,6.8,12.1,0.0,0.0,0.0,0.0,1,1017.3,982.3,30,0,4,93,0.01,0.57,5.4,12.4,42,80,11.2,13.7,16.2,14.7,12.3,0.322,0.321,0.29,0.347,0,0.0,0.0,0.0,0.0,0.0,0.0,0.0,0.0,0.0,0.0,0.0,0.0,0.0,11.0577776368667,85.95433294843329,52.539718326258786,250.49004479980468,3.1585666370657175,68.93305637968682
39.964848,-6.913391,295.0,2015-05-07 00:00:00,12.8,67,6.9,11.2,0.0,0.0,0.0,0.0,1,1017.0,981.9,30,0,3,95,0.01,0.48,5.6,14.1,50,86,11.5,13.2,15.9,14.7,12.3,0.322,0.321,0.29,0.347,0,0.0,0.0,0.0,0.0,0.0,0.0,0.0,0.0,0.0,0.0,0.0,0.0,0.0,10.391019872001852,85.2273787645398,53.74731946825879,255.19804479980468,2.883262032188518,70.41784318090346
39.964848,-6.913391,295.0,2015-05-07 01:00:00,12.1,70,6.8,10.4,0.0,0.0,0.0,0.0,1,1016.4,981.2,26,0,0,87,0.01,0.42,6.2,15.5,54,90,11.5,12.6,15.7,14.7,12.3,0.322,0.321,0.29,0.347,0,0.0,0.0,0.0,0.0,0.0,0.0,0.0,0.0,0.0,0.0,0.0,0.0,0.0,9.97152950466034,84.5453779343509,54.78985282825879,259.78004479980467,2.7066155618323604,71.74867116662739
39.964848,-6.913391,295.0,2015-05-07 02:00:00,11.5,72,6.7,9.9,0.0,0.0,0.0,0.0,1,1015.9,980.7,27,0,2,86,0.0,0.38,5.5,14.9,58,97,11.5,12.2,15.4,14.7,12.3,0.321,0.321,0.29,0.347,0,0.0,0.0,0.0,0.0,0.0,0.0,0.0,0.0,0.0,0.0,0.0,0.0,0.0,9.207826127364788,84.01456447304628,55.71865527625879,264.25404479980466,2.432641087562172,72.97165212779848
39.964848,-6.913391,295.0,2015-05-07 03:00:00,11.2,74,6.7,9.5,0.0,0.0,0.0,0.0,1,1015.8,980.5,34,1,9,92,0.0,0.35,5.6,14.4,63,103,11.5,11.9,15.2,14.7,12.3,0.321,0.321,0.29,0.347,0,0.0,0.0,0.0,0.0,0.0,0.0,0.0,0.0,0.0,0.0,0.0,0.0,0.0,8.851773968139304,83.5420766343878,56.560579944258784,268.6740447998047,2.296848927058851,74.11493731138225
39.964848,-6.913391,295.0,2015-05-07 04:00:00,10.9,75,6.6,9.3,0.0,0.0,0.0,0.0,1,1015.9,980.6,25,3,9,57,0.0,0.33,5.5,15.0,67,107,11.2,11.6,15.0,14.7,12.3,0.321,0.321,0.29,0.347,0,0.0,0.0,0.0,0.0,0.0,0.0,0.0,0.0,0.0,0.0,0.0,0.0,0.0,8.577957138554456,83.2187065377607,57.35037794425878,273.04004479980466,2.1911379949231637,75.20820598630017
39.964848,-6.913391,295.0,2015-05-07 05:00:00,10.7,76,6.6,9.0,0.0,0.0,0.0,0.0,0,1015.4,980.1,3,1,4,0,0.0,0.32,6.0,15.4,65,106,10.8,11.4,14.7,14.7,12.3,0.321,0.321,0.29,0.347,0,0.0,0.0,0.0,0.0,0.0,0.0,0.0,0.0,0.0,0.0,0.0,0.0,0.0,8.582424905443045,82.94737380418941,58.09594725625878,277.37004479980465,2.170103544712047,76.25980839415926
39.964848,-6.913391,295.0,2015-05-07 06:00:00,10.6,77,6.7,8.9,0.0,0.0,0.0,0.0,0,1015.7,980.4,9,4,9,0,0.02,0.29,6.0,15.1,57,102,10.8,11.3,14.5,14.7,12.3,0.321,0.321,0.29,0.347,1,0.0,13.0,3.0,10.0,33.4,13.0,61.8,30.3,7.0,23.3,65.2,15.5,144.1,8.42385153636346,82.70123297101922,58.80439606225878,281.68204479980466,2.103410076072385,77.27740446147406
39.964848,-6.913391,295.0,2015-05-07 07:00:00,13.6,66,7.4,11.9,0.0,0.0,0.0,0.0,0,1015.7,980.7,11,4,12,0,0.08,0.53,7.1,14.1,66,103,13.7,13.0,14.4,14.7,12.3,0.321,0.321,0.29,0.347,1,3600.0,144.0,94.0,50.0,462.5,144.0,273.2,211.8,138.2,73.5,462.5,211.8,401.8,9.513948553223116,83.25782299760142,60.12019953025878,286.53404479980463,2.3871583831730456,78.86960496579503
39.964848,-6.913391,295.0,2015-05-07 08:00:00,16.6,53,6.9,14.9,0.0,0.0,0.0,0.0,0,1015.9,981.3,8,4,8,0,0.18,0.9,6.7,10.7,106,110,15.8,15.5,14.5,14.7,12.3,0.321,0.321,0.29,0.347,1,3600.0,312.0,233.0,79.0,594.2,312.0,527.1,384.2,286.9,97.3,594.2,384.2,649.0,11.981174913580343,85.32990229343761,62.31030938425878,291.92604479980463,3.091141073507482,81.2594518354926
39.964848,-6.913391,295.0,2015-05-07 09:00:00,19.0,46,7.0,16.9,0.0,0.0,0.0,0.0,0,1015.6,981.3,2,0,3,0,0.32,1.19,8.9,12.2,133,135,21.6,17.5,14.7,14.7,12.3,0.32,0.321,0.29,0.347,1,3600.0,529.0,426.0,103.0,751.5,529.0,761.9,603.2,485.8,117.5,751.5,603.2,868.9,16.504824089875356,87.28143774932434,65.16779854825877,297.75004479980464,4.546798907743537,84.24136263903395
39.964848,-6.913391,295.0,2015-05-07 10:00:00,21.2,41,7.3,20.1,0.0,0.0,0.0,0.0,0,1015.2,981.1,0,0,0,0,0.46,1.5,9.9,12.8,147,148,25.6,19.4,15.0,14.7,12.3,0.319,0.32,0.29,0.347,1,3600.0,721.0,613.0,108.0,856.7,721.0,961.8,784.5,667.0,117.5,856.7,784.5,1046.5,20.579301973061465,88.81248406456815,68.63158931025878,303.97004479980467,5.954443117517883,87.73836758931611
39.964848,-6.913391,295.0,2015-05-07 11:00:00,22.9,36,6.9,22.2,0.0,0.0,0.0,0.0,0,1014.9,981.0,0,0,0,0,0.57,1.81,11.7,15.6,171,172,29.5,21.1,15.4,14.7,12.3,0.317,0.32,0.29,0.347,1,3600.0,860.0,751.0,109.0,906.9,860.0,1113.1,903.7,789.2,114.5,906.9,903.7,1169.7,25.754966717207267,90.16770708031409,72.67535507025877,310.4960447998047,7.918685177178798,91.69493716102961
39.964848,-6.913391,295.0,2015-05-07 12:00:00,24.2,32,6.3,23.6,0.0,0.0,0.0,0.0,0,1014.3,980.6,0,0,0,0,0.65,2.06,12.6,16.6,185,185,31.7,22.5,15.8,14.7,12.3,0.315,0.319,0.29,0.347,1,3600.0,943.0,835.0,108.0,931.1,943.0,1205.4,962.3,852.1,110.2,931.1,962.3,1230.2,17.861328125,89.6708984375,25.275390625,194.62501525878906,8.99169921875,38.013671875
39.964848,-6.913391,295.0,2015-05-07 13:00:00,25.1,30,6.1,24.5,0.0,0.0,0.0,0.0,0,1013.6,980.0,0,0,0,0,0.68,2.24,13.3,17.3,193,192,32.8,23.5,16.3,14.7,12.3,0.313,0.318,0.29,0.347,1,3600.0,966.0,857.0,109.0,934.5,966.0,1232.6,959.1,850.8,108.2,934.5,959.1,1223.8,21.83247301243836,91.71050563500252,30.103689065,201.54701525878906,10.694400317485755,43.837947619191006
39.964848,-6.913391,295.0,2015-05-07 14:00:00,25.7,29,6.1,24.8,0.0,0.0,0.0,0.0,0,1013.1,979.6,0,0,0,0,0.67,2.36,13.7,18.6,198,198,33.5,24.2,16.8,14.7,12.3,0.311,0.318,0.29,0.347,1,3600.0,930.0,822.0,108.0,926.2,930.0,1192.9,897.4,793.2,104.2,926.2,897.4,1151.0,24.797721070641067,92.24428020209446,35.113114513,208.57701525878906,11.767773117125708,49.42497992961608
39.964848,-6.913391,295.0,2015-05-07 15:00:00,25.9,28,6.1,24.3,0.0,0.0,0.0,0.0,0,1012.3,978.9,0,0,0,0,0.62,2.41,14.8,20.3,206,205,34.6,24.4,17.3,14.7,12.3,0.309,0.317,0.29,0.347,1,3600.0,836.0,733.0,103.0,904.8,836.0,1088.8,780.8,684.6,96.2,904.8,780.8,1016.9,27.881380996250147,92.52418620634774,40.231005553,215.64301525878906,12.938863915022443,54.87015892295676
39.964848,-6.913391,295.0,2015-05-07 16:00:00,25.7,29,6.2,23.2,0.0,0.0,0.0,0.0,0,1012.0,978.5,0,0,0,0,0.53,2.35,15.8,21.8,215,214,35.3,24.2,17.7,14.7,12.3,0.308,0.317,0.29,0.347,1,3600.0,692.0,595.0,97.0,862.1,692.0,927.6,619.5,532.7,86.8,862.1,619.5,830.5,30.291720845897064,92.5743770439311,45.240431001000005,222.67301525878906,13.703989067953637,60.00357621254374
39.964848,-6.913391,295.0,2015-05-07 17:00:00,24.8,31,6.5,21.6,0.0,0.0,0.0,0.0,0,1011.9,978.4,0,0,0,0,0.42,2.17,16.3,22.9,229,228,35.6,23.5,18.0,14.8,12.3,0.307,0.316,0.289,0.347,1,3600.0,513.0,428.0,85.0,798.7,513.0,720.2,430.6,359.2,71.3,798.7,430.6,604.5,32.11530946916757,92.62458445203681,49.945257687,229.54101525878906,14.153223004707009,64.69723816885866
39.964848,-6.913391,295.0,2015-05-07 18:00:00,23.3,37,7.6,20.5,0.0,0.0,0.0,0.0,0,1012.3,978.6,0,0,0,0,0.28,1.81,15.0,23.2,246,246,34.9,22.3,18.2,14.8,12.3,0.306,0.316,0.289,0.347,1,3600.0,314.0,245.0,69.0,684.7,314.0,480.9,231.5,180.6,50.9,684.7,231.5,354.5,29.79728034505189,91.98763007860458,53.992182639,236.13901525878907,12.117111930276446,68.70919909577408
39.964848,-6.913391,295.0,2015-05-07 19:00:00,21.2,41,7.4,18.4,0.0,0.0,0.0,0.0,0,1012.8,978.8,0,0,0,0,0.16,1.48,14.6,25.4,254,254,31.0,20.8,18.3,14.8,12.3,0.305,0.316,0.289,0.347,1,3596.26,122.0,80.0,42.0,475.7,122.0,225.9,52.6,34.5,18.1,395.8,52.6,97.4,27.397009676839687,91.00888478313738,57.455973401,242.35901525878907,10.334721370925585,72.15031636168042
39.964848,-6.913391,295.0,2015-05-07 20:00:00,19.0,46,7.2,16.1,0.0,0.0,0.0,0.0,0,1013.5,979.2,0,0,0,0,0.11,1.18,14.7,26.9,253,254,28.1,19.3,18.3,14.8,12.3,0.305,0.316,0.289,0.347,0,0.0,7.0,3.0,4.0,41.7,7.0,38.7,0.0,0.0,0.0,0.0,0.0,0.0,24.959934240846675,89.82907646554948,60.313462565,248.18301525878908,8.774822959223414,75.0377315346915
39.964848,-6.913391,295.0,2015-05-07 21:00:00,17.3,53,7.6,14.5,0.0,0.0,0.0,0.0,0,1014.8,980.3,2,2,0,0,0.08,0.93,15.0,27.3,249,252,29.2,18.1,18.2,14.8,12.3,0.305,0.316,0.289,0.347,0,0.0,0.0,0.0,0.0,0.0,0.0,0.0,0.0,0.0,0.0,0.0,0.0,0.0,22.22993055209868,88.4157996918339,62.590186933000005,253.70101525878908,7.273153529171879,77.42615505317477
39.964848,-6.913391,295.0,2015-05-07 22:00:00,16.0,62,8.7,13.4,0.0,0.0,0.0,0.0,0,1016.1,981.4,4,4,0,0,0.06,0.7,16.1,28.5,246,249,29.9,17.3,18.1,14.8,12.3,0.305,0.316,0.289,0.347,0,0.0,0.0,0.0,0.0,0.0,0.0,0.0,0.0,0.0,0.0,0.0,0.0,0.0,19.718440132611583,86.73315069958733,64.300889401,258.9850152587891,6.044891284494385,79.34948479585576
39.964848,-6.913391,295.0,2015-05-07 23:00:00,15.1,72,10.0,13.1,0.0,0.0,0.0,0.0,1,1016.1,981.3,28,31,1,0,0.04,0.48,14.2,25.0,243,247,29.5,16.6,17.9,14.8,12.3,0.305,0.316,0.289,0.347,0,0.0,0.0,0.0,0.0,0.0,0.0,0.0,0.0,0.0,0.0,0.0,0.0,0.0,15.247791633828905,84.8507613298605,65.495063977,264.1070152587891,4.222621032901331,80.85974590199498
39.964848,-6.913391,295.0,2015-05-08 00:00:00,14.5,80,11.2,13.0,0.0,0.0,0.0,0.0,2,1017.2,982.3,74,79,5,0,0.02,0.33,13.3,23.4,237,241,27.7,16.2,17.8,14.9,12.3,0.305,0.315,0.289,0.347,0,0.0,0.0,0.0,0.0,0.0,0.0,0.0,0.0,0.0,0.0,0.0,0.0,0.0,12.25850181872513,83.00244684280594,66.316453897,269.1210152587891,3.157112609209202,82.07244337078384
39.964848,-6.913391,295.0,2015-05-08 01:00:00,14.4,85,12.0,13.3,0.0,0.0,0.0,0.0,3,1017.4,982.5,94,99,8,0,0.01,0.24,12.1,21.2,233,238,27.0,16.1,17.6,14.9,12.3,0.305,0.315,0.289,0.347,0,0.0,0.0,0.0,0.0,0.0,0.0,0.0,0.0,0.0,0.0,0.0,0.0,0.0,10.107822236904411,81.49277908848227,66.928547347,274.1170152587891,2.468845698137352,83.12033712907791
39.964848,-6.913391,295.0,2015-05-08 02:00:00,14.4,87,12.2,13.2,0.0,0.0,0.0,0.0,3,1017.8,982.9,96,92,22,0,0.01,0.21,12.8,23.0,230,235,27.4,16.0,17.4,14.9,12.3,0.305,0.315,0.289,0.347,0,0.0,0.0,0.0,0.0,0.0,0.0,0.0,0.0,0.0,0.0,0.0,0.0,0.0,9.65764866789356,80.62729586492168,67.459028337,279.11301525878906,2.3179245723241646,84.10160871689085
39.964848,-6.913391,295.0,2015-05-08 03:00:00,14.3,87,12.3,13.3,0.0,0.0,0.0,0.0,2,1018.0,983.0,79,72,23,0,0.0,0.2,12.2,20.2,225,230,26.6,15.9,17.3,14.9,12.3,0.306,0.315,0.289,0.347,0,0.0,0.0,0.0,0.0,0.0,0.0,0.0,0.0,0.0,0.0,0.0,0.0,0.0,9.305589091220003,80.42385750978193,67.986086869,284.09101525878907,2.1995896605459895,85.07420474625552
39.964848,-6.913391,295.0,2015-05-08 04:00:00,14.2,88,12.3,13.4,0.0,0.0,0.0,0.0,2,1018.7,983.7,68,59,25,0,0.0,0.19,11.0,18.3,221,225,26.3,15.7,17.2,14.9,12.3,0.307,0.315,0.29,0.347,0,0.0,0.0,0.0,0.0,0.0,0.0,0.0,0.0,0.0,0.0,0.0,0.0,0.0,8.6275319367628,80.08852762933232,68.46944324500001,289.05101525878905,1.9978998115038162,86.00653280650151
39.964848,-6.913391,295.0,2015-05-08 05:00:00,14.0,90,12.4,13.3,0.0,0.0,0.0,0.0,2,1018.7,983.7,69,69,12,0,0.0,0.15,10.3,17.6,216,223,25.6,15.5,17.0,14.9,12.3,0.307,0.315,0.29,0.347,0,0.0,0.0,0.0,0.0,0.0,0.0,0.0,0.0,0.0,0.0,0.0,0.0,0.0,7.9055443420352995,79.38186291168864,68.866974905,293.975015258789,1.7951686080950453,86.86258841700074
39.964848,-6.913391,295.0,2015-05-08 06:00:00,14.0,91,12.6,13.3,0.0,0.0,0.0,0.0,3,1019.7,984.7,90,93,11,0,0.02,0.14,10.9,17.3,224,228,23.8,15.5,16.9,14.9,12.3,0.308,0.315,0.29,0.347,1,0.0,7.0,0.0,7.0,0.0,7.0,64.0,16.2,0.0,16.2,0.0,8.4,148.5,7.828447575254209,78.87694085275541,69.22475339900001,298.899015258789,1.7631797714731778,87.68188499097731
39.964848,-6.913391,295.0,2015-05-08 07:00:00,14.4,88,12.4,13.3,0.0,0.0,0.0,0.0,2,1020.3,985.3,72,78,3,0,0.05,0.2,12.9,18.8,240,241,26.6,15.6,16.7,14.9,12.3,0.308,0.315,0.29,0.347,1,1688.77,76.0,24.0,52.0,116.3,76.0,277.3,111.2,35.1,76.1,116.3,111.2,405.6,8.643426267087495,78.9226260475717,69.71442815900001,303.895015258789,1.9584532605441924,88.61022673057049
39.964848,-6.913391,295.0,2015-05-08 08:00:00,15.4,80,11.9,14.2,0.0,0.0,0.0,0.0,2,1020.9,986.0,68,75,1,0,0.11,0.35,12.6,17.4,246,248,28.8,16.2,16.7,14.9,12.3,0.308,0.315,0.29,0.347,1,2985.38,193.0,63.0,130.0,159.5,193.0,530.7,237.3,77.4,159.8,159.5,237.3,652.3,9.506551107023494,80.09083572920393,70.58320595900001,309.071015258789,2.166174480810949,89.86166334460431
39.964848,-6.913391,295.0,2015-05-08 09:00:00,16.6,71,11.4,15.1,0.0,0.0,0.0,0.0,2,1021.4,986.6,77,86,0,0,0.2,0.54,13.0,17.6,246,247,30.6,17.2,16.7,14.9,12.3,0.308,0.315,0.29,0.347,1,3600.0,337.0,148.0,189.0,259.9,337.0,765.0,384.0,168.6,215.4,259.9,384.0,871.7,11.782162633289927,82.0817831392134,71.934550337,314.46301525878897,2.7718486675730745,91.52653637650484
39.964848,-6.913391,295.0,2015-05-08 10:00:00,17.8,62,10.5,16.1,0.0,0.0,0.0,0.0,3,1021.7,987.0,90,100,0,0,0.29,0.77,12.9,17.1,247,248,31.0,18.3,16.7,14.9,12.3,0.307,0.314,0.289,0.347,1,3600.0,487.0,312.0,175.0,434.6,487.0,964.5,529.7,339.3,190.3,434.6,529.7,1048.9,14.636824460691798,84.13942302459078,73.825326749,320.071015258789,3.591451917201351,93.6493844347344
39.964848,-6.913391,295.0,2015-05-08 11:00:00,18.7,59,10.4,17.3,0.0,0.0,0.0,0.0,3,1022.0,987.4,91,100,1,0,0.35,0.9,11.6,15.8,244,246,30.2,19.5,16.9,14.9,12.3,0.306,0.314,0.289,0.347,1,3600.0,561.0,253.0,308.0,304.7,561.0,1115.4,589.4,265.8,323.6,304.7,589.4,1171.9,15.818500854471935,85.23689993440749,75.962520137,325.84101525878896,3.9062529553138114,95.98384299567034
39.964848,-6.913391,295.0,2015-05-08 12:00:00,19.3,55,10.1,17.6,0.0,0.0,0.0,0.0,3,1022.3,987.8,92,100,3,0,0.32,1.0,11.8,15.6,243,244,29.9,19.9,17.0,14.9,12.3,0.306,0.314,0.289,0.347,1,3600.0,484.0,174.0,310.0,193.6,484.0,1207.5,493.9,177.6,316.3,193.6,493.9,1232.1,13.856851577758789,88.6325454711914,27.97265625,200.87562561035156,6.086994647979736,41.36328125
39.964848,-6.913391,295.0,2015-05-08 13:00:00,20.6,51,10.0,20.0,0.0,0.0,0.0,0.0,3,1022.3,987.9,89,98,2,0,0.46,1.2,11.3,15.1,243,245,30.2,21.2,17.3,14.9,12.3,0.304,0.313,0.289,0.347,1,3600.0,731.0,385.0,346.0,419.0,731.0,1234.6,725.8,382.2,343.5,419.0,725.8,1225.7,14.896244920871528,88.68145148224194,30.771963628,206.98762561035156,6.270608067331556,44.86806842626909
39.964848,-6.913391,295.0,2015-05-08 14:00:00,21.1,48,9.6,19.7,0.0,0.0,0.0,0.0,3,1022.4,988.1,89,99,0,0,0.41,1.31,11.4,15.3,246,246,30.2,21.6,17.5,15.0,12.3,0.303,0.313,0.289,0.347,1,3600.0,612.0,307.0,305.0,345.2,612.0,1194.8,590.6,296.3,294.3,345.2,590.6,1153.0,15.665865257969832,88.73037363962891,33.811106332,213.18962561035156,6.346700810922706,48.422949465718695
39.964848,-6.913391,295.0,2015-05-08 15:00:00,21.4,47,9.5,19.5,0.0,0.0,0.0,0.0,3,1022.0,987.7,95,98,12,0,0.38,1.36,12.0,15.7,249,250,29.9,21.7,17.7,15.0,12.3,0.302,0.312,0.289,0.347,1,3600.0,551.0,247.0,304.0,304.2,551.0,1090.9,514.7,230.7,284.0,304.2,514.7,1019.1,16.743065836406796,88.77931194868303,36.950553382,219.44562561035156,6.587635657791207,52.00811403830239
39.964848,-6.913391,295.0,2015-05-08 16:00:00,21.6,46,9.4,19.7,0.0,0.0,0.0,0.0,3,1022.4,988.1,100,100,20,0,0.35,1.4,12.2,16.6,251,252,29.5,21.8,17.9,15.0,12.3,0.301,0.312,0.289,0.347,1,3600.0,481.0,232.0,249.0,335.1,481.0,929.9,430.8,207.8,223.0,335.1,430.8,833.0,17.57687694729161,88.82826641473679,40.177668010000005,225.73762561035156,6.701292500222522,55.61077595683832
39.964848,-6.913391,295.0,2015-05-08 17:00:00,21.5,46,9.4,19.6,0.0,0.0,0.0,0.0,3,1022.3,988.0,90,87,20,0,0.29,1.39,12.4,16.9,244,246,29.2,21.5,18.1,15.0,12.3,0.3,0.312,0.289,0.347,1,3600.0,380.0,209.0,171.0,388.4,380.0,722.9,319.3,175.6,143.7,388.4,319.3,607.4,18.393410208671792,88.87723704312444,43.39056627400001,232.01162561035156,6.8169270041793055,59.13344726637173
39.964848,-6.913391,295.0,2015-05-08 18:00:00,20.9,49,9.8,19.1,0.0,0.0,0.0,0.0,1,1022.5,988.2,30,30,5,0,0.21,1.26,11.9,17.6,241,242,26.3,20.9,18.2,15.0,12.4,0.3,0.311,0.289,0.347,1,3600.0,267.0,182.0,85.0,505.1,267.0,484.0,197.4,134.6,62.8,505.1,197.4,357.9,18.67022723857305,88.92622383918196,46.344410794000005,238.17762561035155,6.694233844549418,62.35591307507195
39.964848,-6.913391,295.0,2015-05-08 19:00:00,19.2,59,11.1,18.0,0.0,0.0,0.0,0.0,0,1022.9,988.4,5,6,0,0,0.1,0.91,11.3,19.2,243,247,25.6,19.7,18.3,15.0,12.4,0.299,0.311,0.289,0.347,1,3600.0,102.0,55.0,47.0,321.9,102.0,229.5,45.0,24.3,20.7,278.5,45.0,101.3,16.25191322283019,87.63795768259719,48.535573712,244.03762561035154,5.399403898999595,64.83451576569213
39.964848,-6.913391,295.0,2015-05-08 20:00:00,17.7,66,11.2,16.8,0.0,0.0,0.0,0.0,0,1023.3,988.6,3,3,0,0,0.05,0.7,9.3,19.1,254,258,21.6,18.5,18.2,15.0,12.4,0.299,0.311,0.289,0.347,0,0.0,7.0,2.0,5.0,27.0,7.0,40.7,0.0,0.0,0.0,0.0,0.0,0.0,13.140761176481641,86.24927098807156,50.218369984,249.62762561035154,4.007305430476532,66.82716541222365
39.964848,-6.913391,295.0,2015-05-08 21:00:00,16.6,71,11.4,16.1,0.0,0.0,0.0,0.0,0,1024.1,989.2,0,0,0,0,0.01,0.54,6.8,16.6,273,274,16.9,17.5,18.1,15.0,12.4,0.299,0.311,0.289,0.347,0,0.0,0.0,0.0,0.0,0.0,0.0,0.0,0.0,0.0,0.0,0.0,0.0,0.0,10.61577654409337,85.12300131489555,51.569714362,255.01962561035154,3.0191634542307844,68.50630446267238
39.964848,-6.913391,295.0,2015-05-08 22:00:00,15.7,77,11.6,15.5,0.0,0.0,0.0,0.0,0,1024.5,989.5,0,0,0,0,0.0,0.42,5.0,12.9,300,288,13.0,16.6,18.0,15.1,12.4,0.299,0.311,0.289,0.347,0,0.0,0.0,0.0,0.0,0.0,0.0,0.0,0.0,0.0,0.0,0.0,0.0,0.0,8.594550833437333,83.8412911874005,52.586974186,260.24962561035153,2.3180812937702426,69.87564088384245
39.964848,-6.913391,295.0,2015-05-08 23:00:00,14.7,82,11.7,14.5,0.0,0.0,0.0,0.0,0,1024.5,989.4,2,2,0,1,0.0,0.3,5.7,12.0,325,314,11.2,15.8,17.8,15.1,12.4,0.3,0.311,0.289,0.347,0,0.0,0.0,0.0,0.0,0.0,0.0,0.0,0.0,0.0,0.0,0.0,0.0,0.0,7.676661322074394,82.48131791297344,53.33570269,265.29962561035154,2.0155364036003895,70.99127848456338
39.964848,-6.913391,295.0,2015-05-09 00:00:00,13.5,88,11.6,13.3,0.0,0.0,0.0,0.0,0,1024.3,989.0,5,6,0,0,0.0,0.18,5.4,10.8,340,334,10.8,14.9,17.5,15.1,12.4,0.3,0.311,0.289,0.347,0,0.0,0.0,0.0,0.0,0.0,0.0,0.0,0.0,0.0,0.0,0.0,0.0,0.0,6.236464011485534,80.61473021269519,53.796944722,270.13362561035154,1.5942543782098406,71.83109427717478
39.964848,-6.913391,295.0,2015-05-09 01:00:00,12.8,91,11.3,12.4,0.0,0.0,0.0,0.0,0,1024.3,988.9,3,3,0,0,0.0,0.14,5.4,10.6,340,342,10.8,14.2,17.3,15.1,12.4,0.3,0.311,0.289,0.347,0,0.0,0.0,0.0,0.0,0.0,0.0,0.0,0.0,0.0,0.0,0.0,0.0,0.0,5.425235282083517,79.14545210328902,54.126290488,274.84162561035157,1.3706609501043867,72.53878346734146
39.964848,-6.913391,295.0,2015-05-09 02:00:00,12.3,91,11.0,11.8,0.0,0.0,0.0,0.0,0,1024.0,988.6,6,7,0,0,0.0,0.12,5.7,11.4,342,347,11.5,13.6,17.0,15.1,12.4,0.3,0.311,0.289,0.347,0,0.0,0.0,0.0,0.0,0.0,0.0,0.0,0.0,0.0,0.0,0.0,0.0,0.0,5.308760625773411,78.67491855439218,54.443789284000005,279.45962561035157,1.331792431958692,73.22412091421077
39.964848,-6.913391,295.0,2015-05-09 03:00:00,11.9,93,10.7,11.2,0.0,0.0,0.0,0.0,0,1024.0,988.5,8,7,0,4,0.0,0.1,6.0,12.0,343,353,11.9,13.1,16.7,15.1,12.4,0.3,0.311,0.289,0.347,0,0.0,0.0,0.0,0.0,0.0,0.0,0.0,0.0,0.0,0.0,0.0,0.0,0.0,5.032945502031958,77.81619254096731,54.683361344000005,284.00562561035156,1.255357090434806,73.82868732468197
39.964848,-6.913391,295.0,2015-05-09 04:00:00,11.4,94,10.4,10.6,0.0,0.0,0.0,0.0,0,1024.1,988.6,20,21,0,2,0.0,0.09,6.2,11.9,350,360,11.9,12.7,16.4,15.1,12.4,0.3,0.311,0.289,0.347,0,0.0,0.0,0.0,0.0,0.0,0.0,0.0,0.0,0.0,0.0,0.0,0.0,0.0,4.844611861905488,77.14224705932965,54.880810844,288.4616256103516,1.2027002654876444,74.38270949234632
39.964848,-6.913391,295.0,2015-05-09 05:00:00,10.9,95,10.1,10.0,0.0,0.0,0.0,0.0,0,1024.2,988.6,15,14,0,9,0.0,0.07,6.2,12.0,353,7,12.2,12.2,16.1,15.1,12.4,0.3,0.311,0.289,0.347,0,0.0,0.0,0.0,0.0,0.0,0.0,0.0,0.0,0.0,0.0,0.0,0.0,0.0,4.641557244678215,76.49754571043265,55.038770444,292.82762561035156,1.148245716522859,74.88825812195262
39.964848,-6.913391,295.0,2015-05-09 06:00:00,10.5,97,10.0,9.6,0.0,0.0,0.0,0.0,1,1024.5,988.9,36,40,0,1,0.01,0.04,6.5,12.1,357,10,12.6,12.0,15.8,15.1,12.4,0.3,0.311,0.289,0.347,1,167.83,18.0,8.0,10.0,85.9,18.0,66.1,41.6,18.5,23.1,162.6,22.0,152.7,4.396842944132126,75.38166447202735,55.130387012,297.12162561035154,1.0860878126106852,75.321397188408
39.964848,-6.913391,295.0,2015-05-09 07:00:00,12.8,95,11.9,12.5,0.0,0.0,0.0,0.0,1,1025.0,989.6,30,28,0,17,0.05,0.08,6.1,10.5,3,8,15.5,14.0,15.7,15.1,12.4,0.3,0.311,0.289,0.347,1,3600.0,118.0,47.0,71.0,224.4,118.0,281.3,171.7,68.4,103.3,224.4,171.7,409.4,4.3399175355555215,75.4261957001393,55.313356882,301.82962561035157,1.0671946214494097,75.86782995794168
39.964848,-6.913391,295.0,2015-05-09 08:00:00,15.3,83,12.5,15.4,0.0,0.0,0.0,0.0,1,1025.2,990.1,21,5,0,56,0.16,0.29,5.1,6.9,4,9,15.8,16.3,15.7,15.1,12.4,0.3,0.31,0.289,0.347,1,3600.0,315.0,183.0,132.0,460.1,315.0,534.1,386.6,224.6,162.0,460.1,386.6,655.6,4.806626072182051,77.43728914456406,56.04734249,306.9876256103516,1.1638566674851083,76.9653786430949
39.964848,-6.913391,295.0,2015-05-09 09:00:00,18.1,70,12.6,18.5,0.0,0.0,0.0,0.0,1,1024.9,990.2,28,1,0,89,0.31,0.62,2.9,4.0,30,27,15.5,18.3,15.9,15.1,12.4,0.299,0.31,0.289,0.347,1,3600.0,555.0,452.0,103.0,790.3,555.0,768.0,631.9,514.7,117.3,790.3,631.9,874.5,5.991406645558738,80.75323146792506,57.56375465,312.64962561035156,1.4272083747198674,78.83881757993298
39.964848,-6.913391,295.0,2015-05-09 10:00:00,20.3,59,12.2,21.7,0.0,0.0,0.0,0.0,1,1024.6,990.1,29,0,0,96,0.44,0.97,3.4,4.3,72,66,13.3,20.3,16.2,15.1,12.4,0.298,0.31,0.289,0.347,1,3600.0,724.0,578.0,146.0,802.7,724.0,967.0,787.1,628.4,158.7,802.7,787.1,1051.3,9.091180481363839,84.08992965473512,59.873650534,318.70762561035156,2.2105156753834274,81.47961153910953
39.964848,-6.913391,295.0,2015-05-09 11:00:00,22.2,51,11.6,24.3,0.0,0.0,0.0,0.0,1,1024.2,990.0,29,0,0,95,0.55,1.31,3.3,4.3,96,85,14.8,22.2,16.5,15.1,12.4,0.297,0.309,0.289,0.347,1,3600.0,860.0,719.0,141.0,863.9,860.0,1117.6,903.4,755.2,148.1,863.9,903.4,1173.9,12.31974586232948,86.57451874536922,62.879358456,325.10762561035153,3.101034122278787,84.7700754526913
39.964848,-6.913391,295.0,2015-05-09 12:00:00,23.7,45,11.2,26.2,0.0,0.0,0.0,0.0,1,1023.7,989.6,30,0,0,99,0.63,1.6,3.4,4.4,108,99,16.9,23.7,17.0,15.1,12.4,0.295,0.308,0.289,0.347,1,3600.0,949.0,818.0,131.0,908.2,949.0,1209.5,968.3,834.6,133.7,908.2,968.3,1234.0,12.3818359375,88.68119049072266,31.01953125,207.375,4.958251953125,44.96484375
39.964848,-6.913391,295.0,2015-05-09 13:00:00,24.9,41,10.7,27.4,0.0,0.0,0.0,0.0,1,1023.3,989.4,29,0,0,97,0.65,1.87,3.5,4.9,114,107,17.3,24.8,17.4,15.1,12.4,0.294,0.308,0.288,0.347,1,3600.0,964.0,821.0,143.0,891.6,964.0,1236.4,957.1,815.1,142.0,891.6,957.1,1227.6,12.84017922605838,89.579289811139,35.05803169,214.261,4.814829987576084,49.76096504723233
39.964848,-6.913391,295.0,2015-05-09 14:00:00,25.8,37,10.2,27.8,0.0,0.0,0.0,0.0,1,1022.7,988.9,29,0,0,95,0.63,2.08,3.7,4.7,119,113,17.6,25.5,17.9,15.1,12.4,0.292,0.307,0.288,0.347,1,3600.0,915.0,752.0,163.0,843.8,915.0,1196.7,883.1,725.8,157.3,843.8,883.1,1155.0,15.121311800335475,90.51019635128381,39.519600592,221.309,5.5571932718068675,54.644327832969665
39.964848,-6.913391,295.0,2015-05-09 15:00:00,26.3,36,9.8,27.3,0.0,0.0,0.0,0.0,1,1022.2,988.5,29,0,0,96,0.53,2.21,3.1,4.0,126,117,16.9,25.7,18.3,15.1,12.4,0.291,0.307,0.288,0.346,1,3600.0,775.0,538.0,237.0,661.0,775.0,1092.9,724.2,502.7,221.5,661.0,724.2,1021.2,16.18267412892847,90.91572249706066,44.136233168000004,228.447,5.713010684849487,59.52278399123624
39.964848,-6.913391,295.0,2015-05-09 16:00:00,26.4,35,9.6,26.1,0.0,0.0,0.0,0.0,1,1021.7,988.0,29,0,0,98,0.42,2.24,3.3,4.2,131,121,15.1,25.5,18.7,15.1,12.4,0.29,0.306,0.288,0.346,1,3600.0,600.0,346.0,254.0,498.4,600.0,932.2,537.7,310.1,227.6,498.4,537.7,835.4,17.471416530102083,91.1667222121087,48.842112918000005,235.603,5.980949598192249,64.33928930015385
39.964848,-6.913391,295.0,2015-05-09 17:00:00,26.1,36,9.7,25.5,0.0,0.0,0.0,0.0,1,1021.3,987.6,30,0,0,99,0.27,2.18,3.6,4.5,127,119,13.7,24.6,19.0,15.2,12.4,0.289,0.306,0.288,0.346,1,3600.0,365.0,116.0,249.0,214.7,365.0,725.6,307.0,97.6,209.4,214.7,307.0,610.3,18.433099313841907,91.21646488248551,53.42504744600001,242.705,6.115184596516549,68.9218285012662
39.964848,-6.913391,295.0,2015-05-09 18:00:00,25.1,47,12.9,25.6,0.0,0.0,0.0,0.0,1,1021.0,987.2,30,0,0,99,0.13,1.7,3.1,4.1,144,135,11.5,23.4,19.2,15.2,12.4,0.288,0.306,0.288,0.346,1,0.0,168.0,12.0,156.0,33.1,168.0,487.1,124.6,8.9,115.7,33.1,124.6,361.2,17.368964235464375,90.55901603156944,57.08075912200001,249.627,5.429435319542989,72.63751784315238
39.964848,-6.913391,295.0,2015-05-09 19:00:00,23.5,63,16.0,25.2,0.0,0.0,0.0,0.0,1,1021.0,987.0,30,0,0,99,0.06,1.07,2.9,3.4,180,148,7.6,22.1,19.3,15.2,12.4,0.288,0.305,0.288,0.346,1,2347.14,93.0,24.0,69.0,138.2,93.0,233.1,41.9,10.8,31.1,124.2,41.9,105.1,13.348151554202676,88.04037364406832,59.47700625400001,256.261,3.745784766494686,75.27598359409805
39.964848,-6.913391,295.0,2015-05-09 20:00:00,21.8,61,14.0,22.9,0.0,0.0,0.0,0.0,1,1020.9,986.7,29,0,0,98,0.02,1.02,1.5,2.4,346,117,6.5,19.9,19.3,15.2,12.4,0.289,0.305,0.288,0.346,0,0.0,7.0,0.0,7.0,0.0,7.0,42.6,0.0,0.0,0.0,0.0,0.0,0.0,12.192399776487827,87.56155411848732,61.82823490000001,262.589,3.2593949414481833,77.83790602144958
39.964848,-6.913391,295.0,2015-05-09 21:00:00,19.9,67,13.5,20.5,0.0,0.0,0.0,0.0,1,1021.2,986.8,29,0,0,97,0.0,0.78,3.4,3.1,18,69,5.8,18.5,19.2,15.2,12.4,0.289,0.305,0.288,0.346,0,0.0,0.0,0.0,0.0,0.0,0.0,0.0,0.0,0.0,0.0,0.0,0.0,0.0,11.72377849627972,86.40653305144781,63.652668280000015,268.575,3.0435137711631577,79.94037294448493
39.964848,-6.913391,295.0,2015-05-09 22:00:00,18.9,67,12.5,19.0,0.0,0.0,0.0,0.0,1,1021.3,986.8,26,0,0,86,0.01,0.73,4.5,6.8,29,65,8.3,17.6,19.0,15.3,12.4,0.289,0.305,0.288,0.346,0,0.0,0.0,0.0,0.0,0.0,0.0,0.0,0.0,0.0,0.0,0.0,0.0,0.0,11.86220942283076,85.98983442150917,65.39022388000001,274.381,3.0335984368748043,81.95302603533557
39.964848,-6.913391,295.0,2015-05-09 23:00:00,17.5,71,12.1,17.4,0.0,0.0,0.0,0.0,1,1021.5,986.8,21,0,0,69,0.01,0.59,5.2,8.7,25,60,9.4,16.7,18.8,15.3,12.4,0.289,0.305,0.288,0.346,0,0.0,0.0,0.0,0.0,0.0,0.0,0.0,0.0,0.0,0.0,0.0,0.0,0.0,11.267132308450044,85.16727162070828,66.810280684,279.93499999999995,2.8023641866367375,83.68760766538371
39.964848,-6.913391,295.0,2015-05-10 00:00:00,15.9,77,11.9,15.7,0.0,0.0,0.0,0.0,0,1021.4,986.5,7,0,0,22,0.0,0.41,5.5,8.7,23,60,10.8,16.0,18.5,15.3,12.4,0.289,0.305,0.288,0.346,0,0.0,0.0,0.0,0.0,0.0,0.0,0.0,0.0,0.0,0.0,0.0,0.0,0.0,9.960074972740477,83.86226678714644,67.83965074400001,285.20099999999996,2.3838490889488733,85.0832490545693
39.964848,-6.913391,295.0,2015-05-10 01:00:00,14.6,82,11.5,14.2,0.0,0.0,0.0,0.0,0,1021.1,986.1,4,0,0,13,0.0,0.3,5.8,9.5,22,61,11.5,15.3,18.3,15.3,12.4,0.289,0.305,0.288,0.346,0,0.0,0.0,0.0,0.0,0.0,0.0,0.0,0.0,0.0,0.0,0.0,0.0,0.0,8.741350479900708,82.47655197344183,68.58364046000001,290.23299999999995,2.0245161262442894,86.22731760862477
39.964848,-6.913391,295.0,2015-05-10 02:00:00,14.0,83,11.1,13.5,0.0,0.0,0.0,0.0,0,1020.4,985.3,1,0,0,2,0.0,0.28,6.0,10.1,25,63,11.5,14.8,18.0,15.3,12.4,0.289,0.305,0.288,0.346,0,0.0,0.0,0.0,0.0,0.0,0.0,0.0,0.0,0.0,0.0,0.0,0.0,0.0,8.304199165525167,81.83673926039293,69.25944428200002,295.1569999999999,1.8911187174450235,87.30371504696566
39.964848,-6.913391,295.0,2015-05-10 03:00:00,13.6,83,10.8,13.0,0.0,0.0,0.0,0.0,0,1020.2,985.1,0,0,0,1,0.0,0.26,6.0,10.5,25,63,11.2,14.3,17.7,15.3,12.4,0.289,0.305,0.288,0.346,0,0.0,0.0,0.0,0.0,0.0,0.0,0.0,0.0,0.0,0.0,0.0,0.0,0.0,8.179588054297254,81.61775007013532,69.91734601600002,300.0089999999999,1.842433482351429,88.35605972243641
39.964848,-6.913391,295.0,2015-05-10 04:00:00,13.2,84,10.6,12.6,0.0,0.0,0.0,0.0,0,1020.2,985.0,0,0,0,0,0.0,0.24,6.0,10.6,25,62,10.8,13.9,17.4,15.3,12.4,0.289,0.305,0.288,0.346,0,0.0,0.0,0.0,0.0,0.0,0.0,0.0,0.0,0.0,0.0,0.0,0.0,0.0,7.977672235796423,81.30485745730923,70.51969862400003,304.7889999999999,1.7762070658961544,89.3542030078663
39.964848,-6.913391,295.0,2015-05-10 05:00:00,12.9,85,10.4,12.3,0.0,0.0,0.0,0.0,0,1020.1,984.9,4,0,0,13,0.0,0.23,5.6,11.1,27,65,10.8,13.5,17.1,15.3,12.4,0.29,0.305,0.288,0.346,0,0.0,0.0,0.0,0.0,0.0,0.0,0.0,0.0,0.0,0.0,0.0,0.0,0.0,7.623626525842212,80.96722867264513,71.07255722400002,309.5149999999999,1.6748596977600536,90.30453781080118
39.964848,-6.913391,295.0,2015-05-10 06:00:00,12.9,86,10.6,12.3,0.0,0.0,0.0,0.0,0,1020.4,985.2,8,0,0,26,0.01,0.21,5.8,10.8,22,69,11.2,13.4,16.9,15.3,12.4,0.29,0.305,0.288,0.346,1,318.69,20.0,10.0,10.0,105.6,20.0,68.1,46.0,23.0,23.0,197.1,24.7,156.8,7.49299631965939,80.63768249929666,71.58855858400003,314.2409999999999,1.630821720905206,91.22260672869847
39.964848,-6.913391,295.0,2015-05-10 07:00:00,16.0,80,12.6,15.9,0.0,0.0,0.0,0.0,0,1020.7,985.9,20,0,0,65,0.08,0.36,6.4,10.7,27,70,13.7,15.4,16.7,15.3,12.4,0.29,0.305,0.288,0.346,1,3600.0,161.0,111.0,50.0,522.6,161.0,285.1,233.2,160.8,72.4,522.6,233.2,413.0,7.970046928028863,80.89623079877158,72.48892830400003,319.52499999999986,1.7298750875571947,92.5098302320694
39.964848,-6.913391,295.0,2015-05-10 08:00:00,20.3,62,12.7,20.5,0.0,0.0,0.0,0.0,1,1020.6,986.3,28,0,0,94,0.21,0.92,4.9,9.1,54,72,14.0,18.7,16.8,15.3,12.4,0.29,0.305,0.288,0.346,1,3600.0,350.0,259.0,91.0,646.8,350.0,537.5,428.9,317.4,111.5,646.8,428.9,658.7,10.36886277362468,83.85178023071677,74.62980741600002,325.58299999999986,2.309639663399361,94.88563853241888
39.964848,-6.913391,295.0,2015-05-10 09:00:00,22.9,51,12.2,22.6,0.0,0.0,0.0,0.0,1,1020.5,986.5,28,0,0,94,0.34,1.37,6.5,9.0,90,92,17.3,20.6,17.0,15.3,12.4,0.289,0.304,0.288,0.346,1,3600.0,518.0,358.0,160.0,623.3,518.0,770.9,589.4,407.3,182.1,623.3,589.4,877.2,15.509293951913499,86.7742277633985,77.72581557600002,332.10899999999987,3.7482875421838924,98.07100547634103
39.964848,-6.913391,295.0,2015-05-10 10:00:00,25.0,45,12.1,25.4,0.0,0.0,0.0,0.0,1,1020.1,986.3,29,0,0,98,0.48,1.75,7.6,10.0,109,111,21.6,22.5,17.4,15.3,12.4,0.288,0.304,0.288,0.346,1,3600.0,690.0,505.0,185.0,699.2,690.0,969.5,749.9,548.8,201.0,699.2,749.9,1053.6,20.154173066151206,88.67474608459712,81.50499900600002,339.01299999999986,5.199007771529766,101.81467053883532
39.964848,-6.913391,295.0,2015-05-10 11:00:00,26.7,39,11.7,27.7,0.0,0.0,0.0,0.0,1,1020.0,986.4,29,0,0,98,0.58,2.13,8.2,10.5,128,128,23.0,24.3,17.8,15.3,12.4,0.286,0.303,0.288,0.346,1,3600.0,819.0,602.0,217.0,721.6,819.0,1119.7,860.1,632.2,227.9,721.6,860.1,1175.9,24.608980540462387,90.22780585263119,85.96946383400002,346.22299999999984,6.695677890314081,106.0849429238752
39.964848,-6.913391,295.0,2015-05-10 12:00:00,28.1,35,11.0,29.3,0.0,0.0,0.0,0.0,1,1019.3,985.9,25,0,0,84,0.66,2.49,8.3,10.7,146,147,23.4,25.8,18.2,15.4,12.5,0.285,0.302,0.288,0.346,1,3600.0,907.0,693.0,214.0,767.8,907.0,1211.4,925.3,707.0,218.3,767.8,925.3,1235.9,15.228515625,90.82510375976562,36.009765625,214.9765625,5.987184047698975,50.4609375
39.964848,-6.913391,295.0,2015-05-10 13:00:00,29.0,31,10.4,30.4,0.0,0.0,0.0,0.0,0,1018.8,985.5,16,0,0,52,0.71,2.76,8.2,10.4,165,166,23.4,27.0,18.7,15.4,12.5,0.283,0.302,0.288,0.346,1,3600.0,956.0,811.0,145.0,879.1,956.0,1238.3,949.1,805.2,144.0,879.1,949.1,1229.4,21.908393732516295,92.2756188662252,41.477537179,222.6005625,8.958839813978134,56.59259216839756
39.964848,-6.913391,295.0,2015-05-10 14:00:00,29.7,30,10.0,30.9,0.0,0.0,0.0,0.0,0,1018.4,985.2,20,0,0,66,0.69,2.94,7.6,9.7,177,176,23.0,27.8,19.2,15.4,12.5,0.282,0.301,0.287,0.346,1,3600.0,923.0,785.0,138.0,879.1,923.0,1198.5,890.9,757.7,133.2,879.1,890.9,1156.9,23.590632592380363,92.7315211572406,47.153552139,230.3505625,9.268076838749511,62.38238337526185
39.964848,-6.913391,295.0,2015-05-10 15:00:00,30.0,29,9.8,30.7,0.0,0.0,0.0,0.0,0,1017.7,984.5,15,0,0,49,0.62,3.03,6.5,8.7,186,185,21.2,28.1,19.7,15.4,12.5,0.28,0.301,0.287,0.346,1,3600.0,824.0,678.0,146.0,831.1,824.0,1094.9,770.1,633.7,136.5,831.1,770.1,1023.3,24.39051279177632,93.0109248705447,52.966728685,238.1545625,9.118755053511109,68.08009811032179
39.964848,-6.913391,295.0,2015-05-10 16:00:00,30.0,28,9.5,29.8,0.0,0.0,0.0,0.0,0,1017.5,984.3,8,0,0,27,0.51,3.06,6.0,7.5,197,197,18.7,28.0,20.2,15.4,12.5,0.279,0.3,0.287,0.346,1,3600.0,674.0,529.0,145.0,759.7,674.0,934.5,604.3,474.3,130.0,759.7,604.3,837.9,25.483981749997984,93.22759082053967,58.861780957,245.9585625,9.16552694780408,73.65596396920414
39.964848,-6.913391,295.0,2015-05-10 17:00:00,29.8,28,9.4,29.0,0.0,0.0,0.0,0.0,0,1017.1,983.9,17,0,0,56,0.37,3.03,4.7,6.5,203,199,15.1,27.4,20.5,15.5,12.5,0.278,0.3,0.287,0.346,1,3600.0,492.0,360.0,132.0,663.4,492.0,728.2,414.3,303.1,111.1,663.4,414.3,613.2,25.370803782438653,93.27801388739937,64.718922925,253.7265625,8.645048210968715,79.03714340103942
39.964848,-6.913391,295.0,2015-05-10 18:00:00,29.2,36,12.4,29.5,0.0,0.0,0.0,0.0,0,1017.0,983.8,19,0,0,64,0.21,2.61,2.8,3.8,230,229,10.1,26.5,20.8,15.5,12.5,0.277,0.3,0.287,0.346,1,3600.0,307.0,220.0,87.0,602.3,307.0,490.2,228.3,163.6,64.7,602.3,228.3,364.5,24.010331100071852,93.09563191003737,69.824177197,261.3865625,7.657983212559951,83.7308270361715
39.964848,-6.913391,295.0,2015-05-10 19:00:00,27.7,39,12.6,28.0,0.0,0.0,0.0,0.0,1,1016.8,983.4,21,0,0,70,0.1,2.26,3.9,4.2,338,329,6.5,24.9,21.0,15.5,12.5,0.277,0.299,0.287,0.346,1,3600.0,122.0,72.0,50.0,408.3,122.0,236.7,56.2,33.1,23.0,380.3,56.2,108.9,23.989754494463305,92.43042465103187,74.449234285,268.7765625,7.372699566199734,87.9763673175318
39.964848,-6.913391,295.0,2015-05-10 20:00:00,25.1,47,12.9,25.2,0.0,0.0,0.0,0.0,1,1017.1,983.4,21,0,0,70,0.07,1.7,5.8,8.4,356,353,10.8,23.1,21.0,15.5,12.5,0.277,0.299,0.287,0.346,0,0.0,8.0,2.0,6.0,26.0,8.0,44.5,0.0,0.0,0.0,0.0,0.0,0.0,22.226986559592316,90.79339938365929,78.104945961,275.69856250000004,6.432433117064109,91.44461917191977
39.964848,-6.913391,295.0,2015-05-10 21:00:00,22.4,56,13.1,22.5,0.0,0.0,0.0,0.0,1,1017.6,983.6,24,0,0,79,0.03,1.2,6.5,10.8,354,4,12.6,21.5,20.9,15.6,12.5,0.277,0.299,0.287,0.346,0,0.0,0.0,0.0,0.0,0.0,0.0,0.0,0.0,0.0,0.0,0.0,0.0,0.0,18.97051176647842,88.86405519093049,80.827116401,282.1345625,5.054178617148958,94.19253317947769
39.964848,-6.913391,295.0,2015-05-10 22:00:00,20.5,63,13.2,20.5,0.0,0.0,0.0,0.0,1,1018.4,984.2,26,0,0,88,0.03,0.9,7.6,11.2,352,360,14.0,20.2,20.8,15.6,12.5,0.277,0.299,0.287,0.346,0,0.0,0.0,0.0,0.0,0.0,0.0,0.0,0.0,0.0,0.0,0.0,0.0,0.0,16.87467672857291,87.25287562693654,82.931138273,288.2285625,4.241183186565571,96.46983623350766
39.964848,-6.913391,295.0,2015-05-10 23:00:00,19.2,68,13.1,18.9,0.0,0.0,0.0,0.0,1,1018.1,983.7,28,0,0,93,0.03,0.72,8.7,13.0,355,360,15.1,19.1,20.6,15.6,12.5,0.278,0.299,0.287,0.346,0,0.0,0.0,0.0,0.0,0.0,0.0,0.0,0.0,0.0,0.0,0.0,0.0,0.0,15.625137550041474,86.03969413157537,84.641314209,294.0885625,3.774960062598742,98.44747357971293
39.964848,-6.913391,295.0,2015-05-11 00:00:00,18.0,74,13.2,17.8,0.0,0.0,0.0,0.0,1,1018.4,983.9,30,0,0,99,0.02,0.55,8.7,13.7,353,358,15.8,18.3,20.3,15.6,12.5,0.278,0.299,0.287,0.346,0,0.0,0.0,0.0,0.0,0.0,0.0,0.0,0.0,0.0,0.0,0.0,0.0,0.0,13.707714508279194,84.72717347590063,85.948693165,299.73256250000003,3.1468978624491966,100.12206378969888
39.964848,-6.913391,295.0,2015-05-11 01:00:00,17.3,76,13.0,17.0,0.0,0.0,0.0,0.0,1,1018.2,983.6,30,0,0,100,0.02,0.48,9.0,14.4,355,1,15.5,17.6,20.1,15.6,12.5,0.278,0.299,0.287,0.346,0,0.0,0.0,0.0,0.0,0.0,0.0,0.0,0.0,0.0,0.0,0.0,0.0,0.0,12.990191778093882,84.02809028074907,87.11127582099999,305.2505625,2.9070747785017548,101.67993954482944
39.964848,-6.913391,295.0,2015-05-11 02:00:00,16.7,78,12.8,16.3,0.0,0.0,0.0,0.0,1,1017.8,983.1,30,0,0,100,0.01,0.42,8.6,13.4,358,6,15.5,17.1,19.8,15.7,12.5,0.278,0.299,0.287,0.346,0,0.0,0.0,0.0,0.0,0.0,0.0,0.0,0.0,0.0,0.0,0.0,0.0,0.0,12.132839446559187,83.45611373497185,88.142225477,310.6605625,2.6418138577010573,103.13175813707856
39.964848,-6.913391,295.0,2015-05-11 03:00:00,16.1,80,12.6,15.8,0.0,0.0,0.0,0.0,1,1017.9,983.2,29,0,0,98,0.01,0.37,8.3,13.1,360,9,15.5,16.6,19.5,15.7,12.5,0.278,0.299,0.287,0.346,0,0.0,0.0,0.0,0.0,0.0,0.0,0.0,0.0,0.0,0.0,0.0,0.0,0.0,11.378461800622471,82.88700668482834,89.047860517,315.96256250000005,2.4180972868151334,104.4809482139111
39.964848,-6.913391,295.0,2015-05-11 04:00:00,15.5,82,12.5,15.1,0.0,0.0,0.0,0.0,1,1018.0,983.2,30,0,0,99,0.0,0.31,8.3,12.8,2,11,15.1,16.1,19.2,15.7,12.5,0.278,0.299,0.287,0.346,0,0.0,0.0,0.0,0.0,0.0,0.0,0.0,0.0,0.0,0.0,0.0,0.0,0.0,10.77116003667465,82.28693656824706,89.83449932500001,321.15656250000006,2.2429988212907337,105.73089897115602
39.964848,-6.913391,295.0,2015-05-11 05:00:00,15.4,81,12.2,15.0,0.0,0.0,0.0,0.0,1,1018.2,983.4,30,0,0,100,0.0,0.33,7.3,12.1,9,23,14.8,15.6,18.9,15.7,12.5,0.278,0.299,0.287,0.346,0,0.0,0.0,0.0,0.0,0.0,0.0,0.0,0.0,0.0,0.0,0.0,0.0,0.0,10.449616735809213,82.33276329658267,90.65983823500001,326.33256250000005,2.1448690898362996,107.00257465587765
39.964848,-6.913391,295.0,2015-05-11 06:00:00,15.4,82,12.2,15.2,0.0,0.0,0.0,0.0,1,1018.5,983.7,30,0,0,100,0.02,0.32,6.4,11.0,16,38,14.4,15.5,18.7,15.7,12.5,0.279,0.299,0.287,0.346,1,173.2,20.0,8.0,12.0,83.1,20.0,70.1,45.9,18.4,27.5,153.2,24.9,160.8,9.935236623164162,82.14648898254511,91.441738255,331.50856250000004,2.0033777807229054,108.24145903802207
39.964848,-6.913391,295.0,2015-05-11 07:00:00,17.7,78,13.8,18.0,0.0,0.0,0.0,0.0,1,1018.9,984.3,30,0,0,100,0.08,0.44,6.1,10.3,28,61,15.1,17.2,18.5,15.7,12.5,0.279,0.299,0.287,0.346,1,3600.0,150.0,82.0,68.0,380.8,150.0,288.9,216.3,118.2,98.0,380.8,216.3,416.5,9.932533782821098,82.1932536198057,92.53060643100001,337.0985625,1.9846484073119326,109.74862155344047
39.964848,-6.913391,295.0,2015-05-11 08:00:00,21.1,63,13.8,21.6,0.0,0.0,0.0,0.0,1,1019.4,985.2,29,0,0,95,0.21,0.93,5.0,8.5,69,78,15.1,20.3,18.6,15.7,12.5,0.279,0.298,0.287,0.346,1,3600.0,347.0,249.0,98.0,617.8,347.0,540.7,424.6,304.7,119.9,617.8,424.6,661.7,11.992382180252003,84.29759930582064,94.69307335500001,343.3005625,2.463850370492386,112.09076575562487
39.964848,-6.913391,295.0,2015-05-11 09:00:00,23.3,53,13.1,23.1,0.0,0.0,0.0,0.0,1,1019.4,985.4,29,0,0,96,0.36,1.35,8.1,11.0,103,101,20.9,22.1,18.7,15.8,12.5,0.278,0.298,0.287,0.346,1,3600.0,543.0,429.0,114.0,743.9,543.0,773.7,617.4,487.8,129.6,743.9,617.4,879.7,17.736911177295667,86.71335440514247,97.71220784300002,349.8985625,4.028060695120529,115.08099861644517
39.964848,-6.913391,295.0,2015-05-11 10:00:00,25.1,48,13.3,25.8,0.0,0.0,0.0,0.0,1,1019.3,985.5,29,0,0,96,0.49,1.67,9.2,12.5,111,108,25.9,23.8,19.0,15.8,12.5,0.277,0.297,0.287,0.346,1,3600.0,712.0,583.0,129.0,804.8,712.0,971.9,773.5,633.3,140.1,804.8,773.5,1055.8,21.946758895486354,88.25259834813282,101.29894382700002,356.82056250000005,5.304288548898878,118.4967929292528
39.964848,-6.913391,295.0,2015-05-11 11:00:00,26.8,44,13.4,28.1,0.0,0.0,0.0,0.0,1,1019.2,985.6,29,0,0,98,0.6,1.99,10.7,13.9,123,121,27.7,25.4,19.3,15.8,12.5,0.275,0.297,0.287,0.346,1,3600.0,846.0,709.0,137.0,847.9,846.0,1121.8,888.3,744.4,143.8,847.9,888.3,1177.9,26.318246903372263,89.3997722297938,105.41221181100002,364.04856250000006,6.74467168347058,122.29586570758003
39.964848,-6.913391,295.0,2015-05-11 12:00:00,28.3,40,13.4,30.0,0.0,0.0,0.0,0.0,1,1018.8,985.4,29,0,0,97,0.68,2.3,10.4,13.5,134,134,27.7,26.8,19.8,15.8,12.5,0.274,0.296,0.287,0.346,1,3600.0,925.0,772.0,153.0,853.7,925.0,1213.2,943.6,787.5,156.1,853.7,943.6,1237.6,21.594558715820312,92.3753433227539,41.65625,222.828125,8.882316589355469,56.466796875
39.964848,-6.913391,295.0,2015-05-11 13:00:00,29.4,36,12.9,31.2,0.0,0.0,0.0,0.0,1,1018.3,985.0,30,0,0,99,0.71,2.62,9.7,12.6,149,149,27.0,28.0,20.2,15.8,12.5,0.272,0.296,0.286,0.346,1,3600.0,944.0,772.0,172.0,835.2,944.0,1240.0,937.2,766.5,170.8,835.2,937.2,1231.1,24.591942018596523,92.42548501980784,46.79520232,230.524125,9.868522670289531,62.083720900231505
39.964848,-6.913391,295.0,2015-05-11 14:00:00,30.2,33,12.0,31.6,0.0,0.0,0.0,0.0,1,1017.8,984.6,30,0,0,99,0.69,2.89,9.3,12.0,164,164,25.2,28.8,20.6,15.8,12.5,0.271,0.295,0.286,0.346,1,3600.0,910.0,747.0,163.0,834.9,910.0,1200.3,878.5,721.1,157.4,834.9,878.5,1158.7,25.43818812415827,92.4756432711604,52.316153606,238.364125,9.740161076125352,67.56138079382404
39.964848,-6.913391,295.0,2015-05-11 15:00:00,30.5,31,11.5,31.3,0.0,0.0,0.0,0.0,1,1017.3,984.2,30,0,0,100,0.63,3.02,8.6,10.8,178,176,23.4,29.1,21.1,15.9,12.5,0.269,0.295,0.286,0.346,1,3600.0,816.0,656.0,160.0,802.3,816.0,1096.8,762.8,613.3,149.6,802.3,762.8,1025.4,26.387817728739904,92.69482829003897,58.05640547,246.258125,9.696952437666043,73.05515082982033
39.964848,-6.913391,295.0,2015-05-11 16:00:00,30.6,31,11.3,30.6,0.0,0.0,0.0,0.0,1,1017.0,983.9,30,0,0,99,0.53,3.05,8.3,10.5,185,186,21.2,29.0,21.5,15.9,12.5,0.268,0.294,0.286,0.346,1,3600.0,679.0,545.0,134.0,780.5,679.0,936.7,609.1,488.9,120.2,780.5,609.1,840.3,27.20250190101597,92.74507546516519,63.814822688,254.170125,9.619116312129524,78.41208553367338
39.964848,-6.913391,295.0,2015-05-11 17:00:00,30.3,31,11.3,29.6,0.0,0.0,0.0,0.0,1,1016.6,983.5,29,0,0,98,0.4,2.98,7.3,9.9,191,190,19.1,28.4,21.8,15.9,12.5,0.267,0.294,0.286,0.346,1,3600.0,500.0,381.0,119.0,699.3,500.0,730.8,421.4,321.1,100.3,699.3,421.4,616.0,27.270059946865782,92.79533922941366,69.518743844,262.028125,9.211189489649083,83.59257383143907
39.964848,-6.913391,295.0,2015-05-11 18:00:00,29.5,38,13.5,29.8,0.0,0.0,0.0,0.0,1,1016.5,983.3,29,0,0,98,0.24,2.57,5.8,8.4,202,200,15.8,27.4,22.0,15.9,12.5,0.267,0.293,0.286,0.346,1,3600.0,306.0,215.0,91.0,584.7,306.0,493.3,228.2,160.3,67.9,584.7,228.2,367.8,26.41084543590985,92.72162605121937,74.513426396,269.742125,8.452684769057297,88.15034053653298
39.964848,-6.913391,295.0,2015-05-11 19:00:00,28.3,43,14.5,29.2,0.0,0.0,0.0,0.0,1,1016.5,983.2,30,0,0,100,0.1,2.2,4.1,6.5,225,214,11.2,25.9,22.2,16.0,12.5,0.267,0.293,0.286,0.346,1,3600.0,122.0,67.0,55.0,374.2,122.0,240.2,57.2,31.4,25.8,360.7,57.2,112.7,23.330859382379835,91.83437716676517,78.925238024,277.240125,6.846114893520096,92.21828840466812
39.964848,-6.913391,295.0,2015-05-11 20:00:00,28.1,34,10.6,27.9,0.0,0.0,0.0,0.0,1,1016.7,983.4,30,0,0,99,0.04,2.52,2.4,4.5,297,241,7.2,23.4,22.1,16.0,12.5,0.267,0.293,0.286,0.346,0,0.0,9.0,2.0,7.0,25.5,9.0,46.3,0.0,0.0,0.0,0.0,0.0,0.0,22.607007592538235,91.88434026365587,83.998900376,284.70212499999997,6.3286791237542115,96.68362887771666
39.964848,-6.913391,295.0,2015-05-11 21:00:00,27.0,36,10.8,26.9,0.0,0.0,0.0,0.0,1,1017.3,983.8,25,0,0,84,0.01,2.26,2.3,3.2,342,270,5.4,21.6,22.0,16.0,12.5,0.267,0.293,0.286,0.346,0,0.0,0.0,0.0,0.0,0.0,0.0,0.0,0.0,0.0,0.0,0.0,0.0,0.0,23.119162649024684,91.93431985588026,88.73347611999999,291.966125,6.341562012091962,100.84538144650608
39.964848,-6.913391,295.0,2015-05-11 22:00:00,25.5,40,11.1,25.4,0.0,0.0,0.0,0.0,0,1017.7,984.0,11,0,0,37,0.02,1.95,3.3,3.1,354,315,6.5,20.3,21.8,16.1,12.5,0.267,0.293,0.286,0.346,0,0.0,0.0,0.0,0.0,0.0,0.0,0.0,0.0,0.0,0.0,0.0,0.0,0.0,23.887097665459073,91.72958211884074,92.93520147999999,298.96012499999995,6.478726912266899,104.58880974922198
39.964848,-6.913391,295.0,2015-05-11 23:00:00,23.8,45,11.3,23.7,0.0,0.0,0.0,0.0,0,1018.0,984.1,0,0,0,0,0.02,1.62,3.6,3.7,354,331,7.6,19.3,21.5,16.1,12.5,0.267,0.293,0.286,0.346,0,0.0,0.0,0.0,0.0,0.0,0.0,0.0,0.0,0.0,0.0,0.0,0.0,0.0,22.341112521047627,90.81085571123813,96.54062934999999,305.64812499999994,5.771808034614695,107.88840445362875
39.964848,-6.913391,295.0,2015-05-12 00:00:00,22.1,51,11.4,22.1,0.0,0.0,0.0,0.0,0,1018.4,984.3,0,0,0,0,0.01,1.31,2.9,3.4,353,328,8.6,18.5,21.2,16.1,12.5,0.267,0.293,0.286,0.346,0,0.0,0.0,0.0,0.0,0.0,0.0,0.0,0.0,0.0,0.0,0.0,0.0,0.0,19.487777831434247,89.60979697162092,99.53343723799999,312.03012499999994,4.691923486603384,110.74858244901566
39.964848,-6.913391,295.0,2015-05-12 01:00:00,20.5,57,11.7,20.7,0.0,0.0,0.0,0.0,0,1018.2,984.0,0,0,0,0,0.0,1.04,2.5,1.1,360,288,9.0,17.8,20.9,16.1,12.6,0.268,0.293,0.286,0.346,0,0.0,0.0,0.0,0.0,0.0,0.0,0.0,0.0,0.0,0.0,0.0,0.0,0.0,16.993916107467623,88.35786916059575,101.97865184599999,318.12412499999994,3.8420394439634173,113.22116553996358
39.964848,-6.913391,295.0,2015-05-12 02:00:00,19.0,63,11.7,19.4,0.0,0.0,0.0,0.0,0,1018.1,983.7,0,0,0,0,0.0,0.82,1.4,2.6,360,214,9.4,17.2,20.6,16.1,12.6,0.268,0.293,0.286,0.346,0,0.0,0.0,0.0,0.0,0.0,0.0,0.0,0.0,0.0,0.0,0.0,0.0,0.0,14.394835713634787,87.13553612511325,103.93656108799999,323.94812499999995,3.0516950272029306,115.34997626594821
39.964848,-6.913391,295.0,2015-05-12 03:00:00,18.2,66,11.8,18.7,0.0,0.0,0.0,0.0,0,1018.4,983.9,0,0,0,0,0.0,0.7,0.7,4.2,360,211,8.3,16.7,20.3,16.2,12.6,0.268,0.293,0.286,0.346,0,0.0,0.0,0.0,0.0,0.0,0.0,0.0,0.0,0.0,0.0,0.0,0.0,0.0,12.914675591382647,86.33117116750607,105.66411258,329.62812499999995,2.628247884041628,117.31405642547573
39.964848,-6.913391,295.0,2015-05-12 04:00:00,17.8,69,11.9,18.2,0.0,0.0,0.0,0.0,0,1018.8,984.2,0,0,0,0,0.0,0.64,1.1,4.8,360,228,7.2,16.2,19.9,16.2,12.6,0.268,0.293,0.286,0.346,0,0.0,0.0,0.0,0.0,0.0,0.0,0.0,0.0,0.0,0.0,0.0,0.0,0.0,12.241205061186275,85.64004432787418,107.206588074,335.23612499999996,2.433849840559911,119.15247923426625
39.964848,-6.913391,295.0,2015-05-12 05:00:00,17.6,69,12.0,18.0,0.0,0.0,0.0,0.0,0,1019.3,984.7,0,0,0,0,0.0,0.62,1.6,3.1,27,225,6.5,15.8,19.6,16.2,12.6,0.268,0.293,0.286,0.346,0,0.0,0.0,0.0,0.0,0.0,0.0,0.0,0.0,0.0,0.0,0.0,0.0,0.0,12.237459801224567,85.3912692081897,108.732741076,340.80812499999996,2.4110446974869624,120.97480726591805
39.964848,-6.913391,295.0,2015-05-12 06:00:00,17.4,71,12.1,17.7,0.0,0.0,0.0,0.0,0,1019.8,985.1,0,0,0,0,0.01,0.58,2.3,1.8,51,127,6.5,15.7,19.3,16.2,12.6,0.268,0.292,0.286,0.346,1,419.02,22.0,11.0,11.0,112.6,22.0,72.0,50.3,25.2,25.2,204.9,27.7,164.7,12.167917904274416,85.02374269338425,110.145163166,346.34412499999996,2.373949489716767,122.72060034722539
39.964848,-6.913391,295.0,2015-05-12 07:00:00,17.7,83,14.7,18.8,0.0,0.0,0.0,0.0,0,1020.4,985.8,0,0,0,0,0.08,0.35,3.9,4.8,56,103,9.4,17.6,19.1,16.2,12.6,0.269,0.292,0.286,0.346,1,3600.0,168.0,118.0,50.0,541.0,168.0,292.5,241.1,169.4,71.8,541.0,241.1,419.9,10.34158311866767,82.86435642406923,110.986561302,351.93412499999994,1.931670442108304,124.11797126027575
39.964848,-6.913391,295.0,2015-05-12 08:00:00,21.6,63,14.3,22.5,0.0,0.0,0.0,0.0,0,1020.9,986.7,0,0,0,0,0.22,0.96,3.8,4.9,107,107,12.2,21.6,19.2,16.2,12.6,0.269,0.292,0.286,0.346,1,3600.0,367.0,296.0,71.0,729.8,367.0,543.9,448.5,361.7,86.8,729.8,448.5,664.6,12.439223070136743,84.54742063222935,113.197732436,358.2261249999999,2.398971901433553,126.4787630032924
39.964848,-6.913391,295.0,2015-05-12 09:00:00,23.7,58,15.1,24.8,0.0,0.0,0.0,0.0,0,1020.9,986.9,0,0,0,0,0.36,1.22,4.8,6.1,138,135,15.5,23.1,19.4,16.2,12.6,0.268,0.292,0.286,0.346,1,3600.0,563.0,475.0,88.0,820.5,563.0,776.4,639.7,539.8,100.0,820.5,639.7,882.2,15.365200435286331,86.0589186060186,115.93991109199999,364.8961249999999,3.10983680283275,129.2288324796473
39.964848,-6.913391,295.0,2015-05-12 10:00:00,25.7,51,14.9,27.6,0.0,0.0,0.0,0.0,0,1020.9,987.2,0,0,0,0,0.5,1.61,5.8,7.3,150,147,20.2,24.8,19.7,16.2,12.6,0.267,0.291,0.286,0.346,1,3600.0,734.0,634.0,100.0,872.8,734.0,974.1,797.1,688.5,108.6,872.8,797.1,1057.9,19.210742430559588,87.72091152621462,119.39712020399999,371.9261249999999,4.14130513557879,132.47510344327398
39.964848,-6.913391,295.0,2015-05-12 11:00:00,27.4,43,13.6,29.3,0.0,0.0,0.0,0.0,0,1020.9,987.3,0,0,0,0,0.62,2.1,8.2,10.8,157,159,23.4,26.4,20.0,16.3,12.6,0.266,0.291,0.286,0.346,1,3600.0,866.0,760.0,106.0,906.9,866.0,1123.7,909.1,797.9,111.3,906.9,909.1,1179.7,25.49488411455734,89.54998593137385,123.67387637399999,379.2621249999999,6.07590002522228,136.2627179759346
39.964848,-6.913391,295.0,2015-05-12 12:00:00,29.0,36,12.4,30.7,0.0,0.0,0.0,0.0,0,1020.4,987.0,0,0,0,0,0.7,2.56,9.6,12.5,160,162,25.2,27.8,20.4,16.3,12.6,0.264,0.29,0.285,0.346,1,3600.0,948.0,838.0,110.0,924.9,948.0,1215.0,967.0,854.8,112.2,924.9,967.0,1239.3,30.9189453125,93.86572265625,48.056640625,230.9765625,13.6826171875,62.92578125
39.964848,-6.913391,295.0,2015-05-12 13:00:00,30.4,31,11.3,31.7,0.0,0.0,0.0,0.0,0,1020.0,986.8,12,0,12,16,0.75,3.0,10.3,13.3,168,167,25.9,28.9,20.9,16.3,12.6,0.263,0.29,0.285,0.346,1,3600.0,974.0,864.0,110.0,933.1,974.0,1241.7,967.0,857.8,109.2,933.1,967.0,1232.8,30.50159971724984,93.91635640255565,53.778727135,238.8525625,12.528704109486993,68.81975947867741
39.964848,-6.913391,295.0,2015-05-12 14:00:00,31.5,27,10.3,32.3,0.0,0.0,0.0,0.0,0,1019.8,986.7,11,0,7,24,0.74,3.36,10.4,13.7,178,178,26.3,29.8,21.4,16.3,12.6,0.261,0.289,0.285,0.346,1,3600.0,939.0,828.0,111.0,923.7,939.0,1202.0,906.6,799.4,107.2,923.7,906.6,1160.5,32.01678716814325,93.96700686561013,60.043931402999995,246.92656250000002,12.680747653307224,74.68555485660013
39.964848,-6.913391,295.0,2015-05-12 15:00:00,32.1,25,9.5,32.1,0.0,0.0,0.0,0.0,0,1019.5,986.5,14,0,9,30,0.67,3.6,10.3,13.6,192,192,25.9,30.2,21.8,16.3,12.6,0.26,0.288,0.285,0.346,1,3600.0,828.0,685.0,143.0,836.0,828.0,1098.7,774.2,640.5,133.7,836.0,774.2,1027.4,33.921025163639,94.2286160010656,66.599254803,255.1085625,13.082285684887516,80.5966327205496
39.964848,-6.913391,295.0,2015-05-12 16:00:00,32.4,24,9.1,31.4,0.0,0.0,0.0,0.0,0,1019.3,986.3,19,0,18,27,0.57,3.71,10.6,14.2,204,204,24.8,30.1,22.2,16.4,12.6,0.258,0.288,0.285,0.346,1,3600.0,682.0,546.0,136.0,779.8,682.0,938.9,612.1,490.0,122.1,779.8,612.1,842.6,36.33924497710307,94.49627253835331,73.302007163,263.3445625,13.781332606302756,86.44739428146549
39.964848,-6.913391,295.0,2015-05-12 17:00:00,32.1,24,9.1,30.4,0.0,0.0,0.0,0.0,0,1019.4,986.4,10,0,11,12,0.44,3.63,10.3,14.2,209,210,24.1,29.6,22.6,16.4,12.6,0.257,0.288,0.285,0.346,1,3600.0,498.0,366.0,132.0,669.1,498.0,733.4,420.2,308.8,111.4,669.1,420.2,618.7,37.26529196305117,94.54711446092034,79.944734875,271.5265625,13.669973624750291,92.09865607627609
39.964848,-6.913391,295.0,2015-05-12 18:00:00,30.9,32,12.5,30.5,0.0,0.0,0.0,0.0,0,1019.2,986.1,4,0,0,13,0.27,3.03,8.2,13.3,221,221,22.0,28.5,22.8,16.4,12.6,0.257,0.287,0.285,0.346,1,3600.0,295.0,192.0,103.0,518.8,295.0,496.3,220.6,143.6,77.0,518.8,220.6,371.1,34.436580537355354,94.17356098756682,85.67340303499999,279.4925625,11.679416166377427,97.00724990823785
39.964848,-6.913391,295.0,2015-05-12 19:00:00,28.7,43,15.0,29.4,0.0,0.0,0.0,0.0,0,1019.3,985.9,7,0,0,24,0.13,2.23,6.6,13.4,248,239,15.8,26.9,22.9,16.5,12.6,0.257,0.287,0.285,0.346,1,3600.0,128.0,77.0,51.0,423.7,128.0,243.7,61.2,36.8,24.4,422.1,61.2,116.4,27.39477904010633,92.1188482810399,90.145239311,287.0625625,8.08401099090893,100.9993268273408
39.964848,-6.913391,295.0,2015-05-12 20:00:00,26.3,49,14.7,26.7,0.0,0.0,0.0,0.0,0,1019.4,985.8,15,0,0,51,0.09,1.75,8.5,13.0,282,264,12.6,25.0,22.9,16.5,12.6,0.257,0.287,0.285,0.346,0,0.0,10.0,4.0,6.0,50.1,10.0,48.2,0.0,0.0,0.0,0.0,0.0,0.0,25.419612292607578,90.52258608901161,93.824118395,294.2005625,7.090357399766978,104.40677657886107
39.964848,-6.913391,295.0,2015-05-12 21:00:00,24.3,55,14.6,24.8,0.0,0.0,0.0,0.0,1,1020.4,986.5,23,0,1,75,0.04,1.38,6.9,11.4,313,283,12.6,22.8,22.8,16.5,12.6,0.257,0.287,0.285,0.346,0,0.0,0.0,0.0,0.0,0.0,0.0,0.0,0.0,0.0,0.0,0.0,0.0,0.0,21.16575887739887,89.14482168356733,96.833248775,300.9785625,5.3691968373638685,107.33488608643904
39.964848,-6.913391,295.0,2015-05-12 22:00:00,23.3,51,12.7,23.4,0.0,0.0,0.0,0.0,1,1021.1,987.1,28,0,0,94,0.04,1.4,5.9,12.3,317,285,11.5,21.3,22.6,16.5,12.6,0.257,0.287,0.285,0.346,0,0.0,0.0,0.0,0.0,0.0,0.0,0.0,0.0,0.0,0.0,0.0,0.0,0.0,20.78357815527831,89.19389682278631,99.980857071,307.5765625,5.141438504725258,110.3145651448084
39.964848,-6.913391,295.0,2015-05-12 23:00:00,23.1,46,10.8,22.7,0.0,0.0,0.0,0.0,1,1021.1,987.1,28,0,1,92,0.03,1.53,4.5,9.3,331,286,10.1,20.1,22.3,16.6,12.6,0.257,0.287,0.285,0.346,0,0.0,0.0,0.0,0.0,0.0,0.0,0.0,0.0,0.0,0.0,0.0,0.0,0.0,20.1123119618413,89.24298816417945,103.42121715900001,314.13856250000003,4.8251095024873685,113.45929356788307
39.964848,-6.913391,295.0,2015-05-13 00:00:00,22.0,49,10.8,22.0,0.0,0.0,0.0,0.0,1,1021.1,986.9,30,0,2,95,0.0,1.34,1.8,4.7,360,266,9.7,19.2,22.0,16.6,12.6,0.257,0.287,0.285,0.346,0,0.0,0.0,0.0,0.0,0.0,0.0,0.0,0.0,0.0,0.0,0.0,0.0,0.0,18.51794951855799,89.29209571309593,106.522753905,320.5025625,4.241126173715167,116.36082462672769
39.964848,-6.913391,295.0,2015-05-13 01:00:00,22.4,45,10.0,22.3,0.0,0.0,0.0,0.0,1,1020.7,986.6,30,0,1,98,0.0,1.48,1.1,3.5,360,246,9.7,18.6,21.7,16.6,12.6,0.258,0.287,0.285,0.346,0,0.0,0.0,0.0,0.0,0.0,0.0,0.0,0.0,0.0,0.0,0.0,0.0,0.0,18.350884616065933,89.34121947488661,109.925466955,326.9385625,4.123103168547503,119.4474149439475
39.964848,-6.913391,295.0,2015-05-13 02:00:00,21.7,48,10.3,21.7,0.0,0.0,0.0,0.0,1,1020.4,986.2,37,0,13,98,0.0,1.34,0.8,3.1,27,234,8.6,18.2,21.4,16.6,12.6,0.258,0.287,0.285,0.346,0,0.0,0.0,0.0,0.0,0.0,0.0,0.0,0.0,0.0,0.0,0.0,0.0,0.0,18.43290317645605,89.39035945490424,113.046748651,333.2485625,4.089984055032133,122.34057765107613
39.964848,-6.913391,295.0,2015-05-13 03:00:00,21.0,51,10.3,21.0,0.0,0.0,0.0,0.0,1,1020.3,986.0,36,0,14,93,0.0,1.23,0.8,2.3,63,219,6.8,17.7,21.1,16.7,12.6,0.258,0.287,0.285,0.346,0,0.0,0.0,0.0,0.0,0.0,0.0,0.0,0.0,0.0,0.0,0.0,0.0,0.0,18.057095192279128,89.10804798137917,115.897656165,339.4325625,3.927567921542353,125.05052471817551
39.964848,-6.913391,295.0,2015-05-13 04:00:00,20.3,53,10.4,20.3,0.0,0.0,0.0,0.0,1,1020.7,986.4,44,0,30,86,0.0,1.13,1.0,1.0,45,225,7.2,17.4,20.8,16.7,12.6,0.258,0.287,0.285,0.346,0,0.0,0.0,0.0,0.0,0.0,0.0,0.0,0.0,0.0,0.0,0.0,0.0,0.0,17.581123191684945,88.70745168790884,118.545585593,345.4905625,3.7456255109289525,127.61888982186414
39.964848,-6.913391,295.0,2015-05-13 05:00:00,19.7,55,10.4,19.6,0.0,0.0,0.0,0.0,1,1020.7,986.3,28,0,3,88,0.0,1.04,1.8,1.5,11,284,7.6,17.0,20.5,16.7,12.6,0.258,0.287,0.285,0.346,0,0.0,0.0,0.0,0.0,0.0,0.0,0.0,0.0,0.0,0.0,0.0,0.0,0.0,17.41476728942731,88.26559015893099,121.009755353,351.4405625,3.660109394861791,130.06121025861157
39.964848,-6.913391,295.0,2015-05-13 06:00:00,19.3,57,10.7,19.2,0.0,0.0,0.0,0.0,1,1021.3,986.8,40,0,23,88,0.03,0.96,2.6,1.9,16,338,7.9,17.0,20.2,16.7,12.6,0.259,0.286,0.285,0.346,1,0.0,19.0,4.0,15.0,40.4,19.0,73.9,43.3,9.1,34.2,72.6,24.1,168.5,17.26259875377686,87.83622330549382,123.31912470500001,357.3185625,3.5832450111583465,132.40122710975007
39.964848,-6.913391,295.0,2015-05-13 07:00:00,19.8,69,14.0,20.7,0.0,0.0,0.0,0.0,1,1021.5,987.1,23,0,2,73,0.08,0.71,2.6,1.9,34,68,6.8,18.7,20.0,16.7,12.7,0.259,0.286,0.285,0.346,1,3600.0,132.0,50.0,82.0,226.4,132.0,296.0,188.7,71.5,117.2,226.4,188.7,423.1,14.57497890687445,86.21014592327137,125.02482511900001,363.2865625,2.8433766604518316,134.40831939149666
39.964848,-6.913391,295.0,2015-05-13 08:00:00,23.4,57,14.3,24.4,0.0,0.0,0.0,0.0,1,1021.8,987.8,30,0,9,82,0.21,1.24,2.9,4.3,83,90,9.4,22.5,20.1,16.7,12.7,0.259,0.286,0.285,0.346,1,3600.0,324.0,194.0,130.0,475.5,324.0,546.9,395.4,236.7,158.6,475.5,395.4,667.4,15.492704283943498,86.59638528716896,127.79833242900001,369.9025625,3.0485820240651953,137.14256107776245
39.964848,-6.913391,295.0,2015-05-13 09:00:00,25.8,49,14.3,26.6,0.0,0.0,0.0,0.0,1,1022.0,988.2,29,0,14,70,0.34,1.7,4.4,5.4,125,127,13.7,24.2,20.3,16.7,12.7,0.258,0.286,0.285,0.346,1,3600.0,497.0,334.0,163.0,574.8,497.0,778.9,564.4,379.3,185.1,574.8,564.4,884.6,19.4098864508294,88.10949793897436,131.41007868300002,376.9505625,4.08011120327805,140.43034769436056
39.964848,-6.913391,295.0,2015-05-13 10:00:00,28.0,42,13.9,29.1,0.0,0.0,0.0,0.0,1,1021.2,987.7,21,0,14,43,0.49,2.19,6.2,8.0,159,162,19.4,26.0,20.6,16.7,12.7,0.257,0.285,0.285,0.345,1,3600.0,672.0,489.0,183.0,671.4,672.0,976.3,729.5,530.9,198.7,671.4,729.5,1059.9,24.928985218199305,89.83901036226432,135.85348223100002,384.3945625,5.725875620707909,144.2522127069685
39.964848,-6.913391,295.0,2015-05-13 11:00:00,29.9,35,12.7,30.6,0.0,0.0,0.0,0.0,0,1021.2,987.9,17,0,8,41,0.59,2.75,9.0,11.5,180,180,23.0,27.6,20.9,16.8,12.7,0.256,0.285,0.284,0.345,1,3600.0,757.0,510.0,247.0,607.3,757.0,1125.6,794.6,535.3,259.3,607.3,794.6,1181.5,32.86581197245988,91.60207670113724,141.15829213100002,392.1805625,8.47963537589271,148.6009927906584
39.964848,-6.913391,295.0,2015-05-13 12:00:00,31.5,29,11.4,32.3,0.0,0.0,0.0,0.0,1,1020.6,987.5,29,0,6,86,0.67,3.28,9.5,12.7,205,205,24.8,29.2,21.4,16.8,12.7,0.255,0.284,0.284,0.345,1,3600.0,845.0,593.0,252.0,653.3,845.0,1216.7,861.9,604.9,257.0,653.3,861.9,1241.0,30.412109375,94.16864013671875,54.65625,239.328125,12.423828125,69.1875
39.964848,-6.913391,295.0,2015-05-13 13:00:00,32.8,26,10.8,33.4,0.0,0.0,0.0,0.0,1,1020.1,987.2,34,0,7,98,0.73,3.69,10.9,14.5,226,226,27.7,30.4,21.8,16.8,12.7,0.253,0.284,0.284,0.345,1,3600.0,893.0,632.0,261.0,681.3,893.0,1243.3,886.6,627.5,259.1,681.3,886.6,1234.4,33.54873354524792,94.21937389133522,61.260540876,247.636125,13.46664066417608,75.70257965293163
39.964848,-6.913391,295.0,2015-05-13 14:00:00,33.7,24,10.1,33.9,0.0,0.0,0.0,0.0,1,1019.5,986.7,30,0,7,85,0.75,3.99,12.0,15.6,237,236,29.9,31.3,22.3,16.8,12.7,0.252,0.283,0.284,0.345,1,3600.0,889.0,685.0,204.0,762.7,889.0,1203.7,858.4,661.4,197.0,762.7,858.4,1162.2,37.77370973586424,94.70636901076828,68.223400044,256.106125,15.22252328845816,81.902410424061
39.964848,-6.913391,295.0,2015-05-13 15:00:00,34.1,23,9.7,33.8,0.0,0.0,0.0,0.0,1,1019.1,986.3,38,0,17,91,0.71,4.14,12.2,16.4,242,241,31.7,31.6,22.8,16.8,12.7,0.25,0.283,0.284,0.345,1,3600.0,824.0,667.0,157.0,812.3,824.0,1100.6,770.7,623.9,146.8,812.3,770.7,1029.4,40.428140629855584,95.00328865638822,75.35896170800001,264.648125,16.016145328620286,88.04240028636625
39.964848,-6.913391,295.0,2015-05-13 16:00:00,33.8,23,9.7,32.5,0.0,0.0,0.0,0.0,1,1018.8,986.0,29,0,7,82,0.61,4.05,13.1,17.4,249,248,33.1,31.4,23.2,16.9,12.7,0.249,0.282,0.284,0.345,1,3600.0,676.0,527.0,149.0,750.6,676.0,941.0,607.0,473.2,133.8,750.6,607.0,844.9,43.10891078884346,95.05429797050172,82.43370892600001,273.136125,16.876689803338603,93.96771903523813
39.964848,-6.913391,295.0,2015-05-13 17:00:00,32.7,25,10.3,30.9,0.0,0.0,0.0,0.0,1,1018.7,985.8,34,0,10,95,0.46,3.69,13.1,18.3,261,260,33.1,30.5,23.5,16.9,12.7,0.248,0.282,0.284,0.345,1,3600.0,477.0,329.0,148.0,599.2,477.0,735.9,402.8,277.8,125.0,599.2,402.8,621.5,44.43525028392416,95.10532412535791,89.107502026,281.426125,16.994954430745214,99.47415174217525
39.964848,-6.913391,295.0,2015-05-13 18:00:00,30.9,30,11.5,29.8,0.0,0.0,0.0,0.0,1,1018.6,985.5,31,0,2,98,0.29,3.12,10.8,17.3,270,271,31.7,29.1,23.7,16.9,12.7,0.248,0.282,0.284,0.345,1,3600.0,262.0,130.0,132.0,349.0,262.0,499.2,196.4,97.5,99.0,349.0,196.4,374.2,40.259876262848046,94.58806769648048,95.004660426,289.392125,14.098032528544142,104.35909482718104
39.964848,-6.913391,295.0,2015-05-13 19:00:00,28.5,32,10.2,27.4,0.0,0.0,0.0,0.0,0,1018.9,985.5,18,0,6,47,0.15,2.66,8.4,17.5,277,278,22.0,27.4,23.8,17.0,12.7,0.247,0.282,0.284,0.345,1,3600.0,107.0,40.0,67.0,217.0,107.0,247.1,52.0,19.4,32.6,217.0,52.0,120.1,35.508977126616315,93.87060873327724,100.30367847400001,296.926125,11.312793198536037,108.75873944582331
39.964848,-6.913391,295.0,2015-05-13 20:00:00,26.2,36,10.2,25.3,0.0,0.0,0.0,0.0,0,1018.8,985.2,15,0,2,45,0.09,2.17,7.1,16.8,285,280,15.8,25.7,23.8,17.0,12.7,0.247,0.282,0.284,0.345,0,0.0,10.0,2.0,8.0,24.6,10.0,50.0,0.0,0.0,0.0,0.0,0.0,0.0,31.354286484567414,92.83608912599871,104.90346202600001,304.046125,9.171119393464929,112.64425888981201
39.964848,-6.913391,295.0,2015-05-13 21:00:00,24.3,43,10.8,23.8,0.0,0.0,0.0,0.0,0,1019.5,985.6,9,0,11,8,0.04,1.74,5.3,14.8,298,283,14.0,24.3,23.7,17.0,12.7,0.247,0.281,0.284,0.345,0,0.0,0.0,0.0,0.0,0.0,0.0,0.0,0.0,0.0,0.0,0.0,0.0,0.0,25.969010364685115,91.39039930274019,108.71502717400001,310.82412500000004,6.828941371686718,115.99922763472499
39.964848,-6.913391,295.0,2015-05-13 22:00:00,22.2,54,12.4,22.2,0.0,0.0,0.0,0.0,0,1019.7,985.6,18,0,0,61,0.03,1.24,5.5,14.9,302,285,12.6,23.0,23.6,17.1,12.7,0.247,0.281,0.284,0.345,0,0.0,0.0,0.0,0.0,0.0,0.0,0.0,0.0,0.0,0.0,0.0,0.0,0.0,21.373129678768052,89.28537014196684,111.53671216200001,317.224125,5.105439537757425,118.71887185671774
39.964848,-6.913391,295.0,2015-05-13 23:00:00,20.6,63,13.3,21.0,0.0,0.0,0.0,0.0,1,1019.5,985.2,23,0,0,76,0.01,0.9,4.6,11.6,321,300,12.2,21.6,23.3,17.1,12.7,0.247,0.281,0.284,0.345,0,0.0,0.0,0.0,0.0,0.0,0.0,0.0,0.0,0.0,0.0,0.0,0.0,0.0,17.152940288643617,87.4225166278749,113.65047487600002,323.33612500000004,3.7355083679472396,120.98628478970397
39.964848,-6.913391,295.0,2015-05-14 00:00:00,19.8,65,13.0,20.1,0.0,0.0,0.0,0.0,0,1019.3,984.9,18,0,2,57,0.01,0.82,4.6,11.4,321,305,12.2,20.5,23.0,17.1,12.7,0.248,0.281,0.284,0.345,0,0.0,0.0,0.0,0.0,0.0,0.0,0.0,0.0,0.0,0.0,0.0,0.0,0.0,15.854588186907629,86.61460305029908,115.57626566600001,329.30412500000006,3.3298271096950516,123.12191450028418
39.964848,-6.913391,295.0,2015-05-14 01:00:00,18.6,70,13.1,18.9,0.0,0.0,0.0,0.0,1,1019.0,984.5,21,0,15,40,0.01,0.64,4.9,12.2,324,315,13.3,19.7,22.7,17.1,12.7,0.248,0.281,0.284,0.345,0,0.0,0.0,0.0,0.0,0.0,0.0,0.0,0.0,0.0,0.0,0.0,0.0,0.0,14.457279367536962,85.58651158090606,117.132167726,335.05612500000007,2.9255831059641886,125.00936860795237
39.964848,-6.913391,295.0,2015-05-14 02:00:00,17.8,75,13.3,18.1,0.0,0.0,0.0,0.0,1,1018.8,984.2,33,0,27,57,0.0,0.51,5.0,12.1,330,330,14.4,19.1,22.4,17.2,12.7,0.248,0.281,0.284,0.345,0,0.0,0.0,0.0,0.0,0.0,0.0,0.0,0.0,0.0,0.0,0.0,0.0,0.0,12.97605387317508,84.48773804269464,118.376099576,340.66412500000007,2.5279625752867014,126.69247034350943
39.964848,-6.913391,295.0,2015-05-14 03:00:00,17.2,79,13.5,17.4,0.0,0.0,0.0,0.0,1,1018.6,984.0,20,0,21,25,0.0,0.41,6.6,14.7,331,332,14.4,18.7,22.1,17.2,12.7,0.248,0.281,0.284,0.345,0,0.0,0.0,0.0,0.0,0.0,0.0,0.0,0.0,0.0,0.0,0.0,0.0,0.0,12.460639928269135,83.44816620695663,119.387830814,346.16412500000007,2.386071730863996,128.22098459609387
39.964848,-6.913391,295.0,2015-05-14 04:00:00,16.6,81,13.2,16.5,0.0,0.0,0.0,0.0,0,1018.9,984.2,18,3,17,16,0.01,0.37,7.7,16.6,332,336,14.8,18.1,21.7,17.2,12.7,0.248,0.281,0.284,0.345,0,0.0,0.0,0.0,0.0,0.0,0.0,0.0,0.0,0.0,0.0,0.0,0.0,0.0,12.176759677612196,82.74488781504685,120.27319437199999,351.55612500000007,2.3041941231671124,129.654224796495
39.964848,-6.913391,295.0,2015-05-14 05:00:00,15.7,84,13.0,15.6,0.0,0.0,0.0,0.0,0,1018.8,984.0,13,6,12,1,0.0,0.29,7.7,17.1,332,338,16.6,17.4,21.4,17.2,12.7,0.249,0.281,0.284,0.345,0,0.0,0.0,0.0,0.0,0.0,0.0,0.0,0.0,0.0,0.0,0.0,0.0,0.0,11.175665916071113,81.8394412910989,120.98085337999999,356.7861250000001,2.0609265840232984,130.95201719066236
39.964848,-6.913391,295.0,2015-05-14 06:00:00,15.3,86,12.9,15.1,0.0,0.0,0.0,0.0,0,1019.4,984.5,10,10,2,0,0.02,0.25,7.7,16.3,332,338,18.0,17.0,21.0,17.2,12.7,0.249,0.281,0.284,0.345,1,351.3,23.0,10.0,13.0,99.5,23.0,75.6,52.3,22.8,29.6,177.1,29.4,172.1,10.44771525088403,81.0970880839688,121.58531211599998,361.9441250000001,1.8894368141801055,132.17179763157196
39.964848,-6.913391,295.0,2015-05-14 07:00:00,17.1,73,12.3,16.7,0.0,0.0,0.0,0.0,0,1019.5,984.8,1,0,0,4,0.09,0.52,8.1,14.0,328,334,19.1,18.7,20.8,17.2,12.7,0.249,0.281,0.284,0.345,1,3600.0,163.0,105.0,58.0,469.9,163.0,299.4,232.1,149.5,82.6,469.9,232.1,426.3,11.824455541260678,82.15386018465247,122.87900123999998,367.4261250000001,2.1845259745058363,133.84931505183195
39.964848,-6.913391,295.0,2015-05-14 08:00:00,19.4,55,10.1,18.2,0.0,0.0,0.0,0.0,0,1020.0,985.6,4,0,0,12,0.22,1.01,8.5,12.0,324,327,21.2,20.4,20.7,17.2,12.7,0.249,0.281,0.284,0.345,1,3600.0,361.0,274.0,87.0,667.7,361.0,549.8,439.9,333.9,106.0,667.7,439.9,670.1,16.559750603183673,85.2341657254081,125.30763008999998,373.32212500000014,3.340069317787842,136.26772591487514
39.964848,-6.913391,295.0,2015-05-14 09:00:00,21.7,41,7.9,19.8,0.0,0.0,0.0,0.0,0,1020.1,985.9,3,0,0,10,0.38,1.54,10.3,14.2,324,324,25.2,22.2,20.8,17.3,12.7,0.248,0.28,0.284,0.345,1,3600.0,573.0,484.0,89.0,829.9,573.0,781.4,650.3,549.3,101.0,829.9,650.3,886.8,24.860299285459412,88.48260159640509,128.84908432199998,379.63212500000014,5.794694484890529,139.40837793972074
39.964848,-6.913391,295.0,2015-05-14 10:00:00,23.4,35,6.9,22.1,0.0,0.0,0.0,0.0,0,1020.1,986.1,0,0,0,1,0.51,1.89,11.5,15.1,319,322,29.2,24.0,20.9,17.3,12.7,0.247,0.28,0.283,0.345,1,3600.0,740.0,644.0,96.0,881.9,740.0,978.4,803.1,698.9,104.2,881.9,803.1,1061.8,31.397748847885047,90.35842209418583,133.041595372,386.24812500000013,8.056154192404037,142.96978696842248
39.964848,-6.913391,295.0,2015-05-14 11:00:00,24.6,34,7.5,24.1,0.0,0.0,0.0,0.0,0,1020.0,986.2,2,0,0,5,0.62,2.05,12.5,16.5,311,314,32.0,25.6,21.1,17.3,12.8,0.246,0.279,0.283,0.345,1,3600.0,898.0,801.0,97.0,951.9,898.0,1127.4,942.4,840.6,101.8,951.9,942.4,1183.1,34.80277638873499,91.00762726533475,137.507113264,393.0801250000001,9.295320092336206,146.70955205715404
39.964848,-6.913391,295.0,2015-05-14 12:00:00,25.3,34,8.2,25.2,0.0,0.0,0.0,0.0,0,1019.7,986.0,10,0,0,32,0.68,2.14,13.7,18.2,305,308,34.2,26.7,21.4,17.3,12.8,0.245,0.279,0.283,0.345,1,3600.0,969.0,860.0,109.0,945.8,969.0,1218.3,988.3,877.1,111.2,945.8,988.3,1242.5,38.42988967895508,91.9166259765625,58.7578125,246.1796875,16.96506118774414,73.2421875
39.964848,-6.913391,295.0,2015-05-14 13:00:00,25.8,33,8.2,25.6,0.0,0.0,0.0,0.0,0,1019.0,985.3,20,0,0,66,0.7,2.23,14.3,18.7,304,304,35.6,27.4,21.7,17.3,12.8,0.243,0.278,0.283,0.345,1,3600.0,990.0,877.0,113.0,943.9,990.0,1244.8,983.0,870.8,112.2,943.9,983.0,1236.0,30.93882444410133,91.96661622792617,63.502655618,253.2276875,11.662443685657454,78.0642834988946
39.964848,-6.913391,295.0,2015-05-14 14:00:00,25.9,31,7.5,25.1,0.0,0.0,0.0,0.0,1,1018.5,984.9,29,0,0,97,0.67,2.31,15.6,20.7,304,305,38.2,27.7,21.9,17.3,12.8,0.242,0.278,0.283,0.345,1,3600.0,934.0,776.0,158.0,862.5,934.0,1205.3,901.9,749.4,152.6,862.5,901.9,1163.9,33.38030812115196,92.0166229835886,68.407301198,260.2936875,12.54035889278433,82.56663917217476
39.964848,-6.913391,295.0,2015-05-14 15:00:00,25.4,30,6.8,23.4,0.0,0.0,0.0,0.0,1,1018.3,984.6,26,0,0,88,0.6,2.26,17.4,23.7,310,312,40.7,27.5,22.2,17.3,12.8,0.241,0.277,0.283,0.345,1,3600.0,799.0,611.0,188.0,742.5,799.0,1102.4,747.5,571.6,175.9,742.5,747.5,1031.3,36.52619235376408,92.06664624899868,73.290885498,267.2696875,13.828405286889257,86.96367060245635
39.964848,-6.913391,295.0,2015-05-14 16:00:00,24.4,32,6.6,21.7,0.0,0.0,0.0,0.0,0,1017.9,984.1,20,0,0,65,0.5,2.09,16.6,22.4,312,314,41.0,26.7,22.4,17.4,12.8,0.24,0.277,0.283,0.345,1,3600.0,662.0,485.0,177.0,688.9,662.0,943.1,594.7,435.7,159.0,688.9,594.7,847.2,36.53893080891517,92.11668602960711,77.85591793799999,274.06568749999997,13.376276593548917,91.04922591844384
39.964848,-6.913391,295.0,2015-05-14 17:00:00,23.3,34,6.5,19.9,0.0,0.0,0.0,0.0,1,1017.9,984.0,26,0,0,87,0.41,1.89,17.6,24.2,314,316,41.0,25.8,22.5,17.4,12.8,0.239,0.277,0.283,0.345,1,3600.0,521.0,426.0,95.0,772.9,521.0,738.4,440.4,360.1,80.3,772.9,440.4,624.1,38.67406919606539,92.1667423308664,82.095553602,280.6636875,14.167375690407734,94.83893336857605
39.964848,-6.913391,295.0,2015-05-14 18:00:00,21.6,37,6.1,17.8,0.0,0.0,0.0,0.0,1,1018.5,984.4,28,0,0,92,0.29,1.63,19.5,28.2,322,325,42.8,24.3,22.5,17.4,12.8,0.239,0.276,0.283,0.345,1,3600.0,309.0,211.0,98.0,562.9,309.0,502.1,232.2,158.6,73.7,562.9,232.2,377.4,39.919402604508804,91.65844948091842,85.86052066799999,286.95568749999995,14.508839614535743,98.2369275921064
39.964848,-6.913391,295.0,2015-05-14 19:00:00,20.0,40,6.1,16.4,0.0,0.0,0.0,0.0,0,1019.0,984.7,18,0,0,60,0.18,1.4,17.6,27.1,329,331,41.0,22.7,22.4,17.4,12.8,0.239,0.276,0.283,0.345,1,3600.0,116.0,44.0,72.0,235.3,116.0,250.5,57.3,21.7,35.6,235.3,57.3,123.7,35.50589795306947,90.91886578798524,89.19346822799999,292.9596875,11.868042492419935,101.2905396315651
39.964848,-6.913391,295.0,2015-05-14 20:00:00,18.3,43,5.3,14.6,0.0,0.0,0.0,0.0,0,1019.5,985.0,16,0,0,55,0.13,1.21,17.2,28.2,334,337,36.0,21.2,22.3,17.4,12.8,0.239,0.276,0.283,0.345,0,0.0,12.0,4.0,8.0,48.5,12.0,51.8,0.0,0.0,0.0,0.0,0.0,0.0,32.89997603932846,90.12703215259239,92.10466365599999,298.65768749999995,10.386916715425958,104.0149732854788
39.964848,-6.913391,295.0,2015-05-14 21:00:00,17.0,45,4.9,13.3,0.0,0.0,0.0,0.0,1,1020.5,985.8,28,0,0,92,0.1,1.07,16.8,28.2,337,341,34.9,20.1,22.0,17.5,12.8,0.239,0.276,0.283,0.345,0,0.0,0.0,0.0,0.0,0.0,0.0,0.0,0.0,0.0,0.0,0.0,0.0,0.0,30.935423803173986,89.51447132440434,94.72547668599998,304.12168749999995,9.323976592120678,106.51206382837896
39.964848,-6.913391,295.0,2015-05-14 22:00:00,15.9,48,4.9,12.3,0.0,0.0,0.0,0.0,1,1021.3,986.4,27,0,0,90,0.09,0.95,16.7,27.9,341,345,34.6,19.1,21.8,17.5,12.8,0.239,0.276,0.283,0.345,0,0.0,0.0,0.0,0.0,0.0,0.0,0.0,0.0,0.0,0.0,0.0,0.0,0.0,29.15080709968052,88.8395262024782,97.05274812599998,309.38768749999997,8.420522634086783,108.78935314203528
39.964848,-6.913391,295.0,2015-05-14 23:00:00,15.1,51,4.9,11.3,0.0,0.0,0.0,0.0,1,1021.4,986.4,22,0,0,73,0.09,0.85,17.4,29.3,342,346,36.0,18.4,21.5,17.5,12.8,0.239,0.276,0.283,0.345,0,0.0,0.0,0.0,0.0,0.0,0.0,0.0,0.0,0.0,0.0,0.0,0.0,0.0,28.251749833679064,88.18618723992932,99.14255363399998,314.5096875,7.942194619238259,110.89322466947002
39.964848,-6.913391,295.0,2015-05-15 00:00:00,14.2,52,4.5,10.2,0.0,0.0,0.0,0.0,1,1021.8,986.7,23,0,0,78,0.09,0.78,18.6,31.2,345,349,37.4,17.7,21.2,17.5,12.8,0.239,0.276,0.283,0.345,0,0.0,0.0,0.0,0.0,0.0,0.0,0.0,0.0,0.0,0.0,0.0,0.0,0.0,28.530042140384754,87.78532515630631,101.07597913799998,319.46968749999996,7.966314362548162,112.87308462262554
39.964848,-6.913391,295.0,2015-05-15 01:00:00,13.5,52,3.9,9.2,0.0,0.0,0.0,0.0,1,1021.8,986.6,23,0,0,78,0.09,0.74,19.8,32.7,350,352,39.6,17.1,20.9,17.5,12.8,0.239,0.276,0.283,0.345,0,0.0,0.0,0.0,0.0,0.0,0.0,0.0,0.0,0.0,0.0,0.0,0.0,0.0,29.3994972592447,87.5975778797859,102.92094726599998,324.30368749999997,8.238587979556268,114.77749378380636
39.964848,-6.913391,295.0,2015-05-15 02:00:00,12.6,52,2.9,8.0,0.0,0.0,0.0,0.0,0,1021.9,986.6,12,0,0,39,0.09,0.71,20.0,33.6,353,354,40.7,16.5,20.6,17.5,12.8,0.239,0.276,0.283,0.345,0,0.0,0.0,0.0,0.0,0.0,0.0,0.0,0.0,0.0,0.0,0.0,0.0,0.0,29.351500130679124,87.44241594251835,104.65218448199998,328.9756875,8.139527022719202,116.58539083560787
39.964848,-6.913391,295.0,2015-05-15 03:00:00,11.7,52,2.2,7.0,0.0,0.0,0.0,0.0,0,1022.0,986.6,10,0,0,33,0.08,0.66,20.7,34.7,353,356,40.7,15.9,20.2,17.5,12.8,0.239,0.275,0.283,0.345,0,0.0,0.0,0.0,0.0,0.0,0.0,0.0,0.0,0.0,0.0,0.0,0.0,0.0,29.81571488259774,87.29526949345139,106.26969078599998,333.4856875,8.256483617063482,118.29703568813038
39.964848,-6.913391,295.0,2015-05-15 04:00:00,11.1,54,2.1,6.3,0.0,0.0,0.0,0.0,0,1022.4,986.9,3,0,0,9,0.08,0.61,21.0,35.3,354,356,41.0,15.4,19.9,17.5,12.8,0.239,0.275,0.283,0.345,0,0.0,0.0,0.0,0.0,0.0,0.0,0.0,0.0,0.0,0.0,0.0,0.0,0.0,29.278583043178287,86.94394762828503,107.74713957799999,337.88768749999997,7.973062987388939,119.904816479339
39.964848,-6.913391,295.0,2015-05-15 05:00:00,10.6,56,2.2,5.8,0.0,0.0,0.0,0.0,0,1022.6,987.0,3,0,0,9,0.07,0.56,21.3,36.0,355,358,41.4,14.9,19.5,17.5,12.8,0.239,0.275,0.283,0.345,0,0.0,0.0,0.0,0.0,0.0,0.0,0.0,0.0,0.0,0.0,0.0,0.0,0.0,28.615962173822933,86.54773398839752,109.102432946,342.1996875,7.651971569463687,121.42277636587407
39.964848,-6.913391,295.0,2015-05-15 06:00:00,10.6,58,2.7,6.0,0.0,0.0,0.0,0.0,0,1023.3,987.7,0,0,0,0,0.08,0.53,20.2,36.4,358,360,42.5,14.6,19.2,17.5,12.8,0.239,0.275,0.283,0.345,1,631.69,26.0,13.0,13.0,127.7,26.0,77.4,59.0,29.5,29.5,225.0,33.5,175.6,26.759666675354957,86.19693724239974,110.39612206999999,346.5116875,6.889480002606543,122.9025673879356
39.964848,-6.913391,295.0,2015-05-15 07:00:00,11.6,56,3.2,6.8,0.0,0.0,0.0,0.0,0,1023.3,987.8,0,0,0,0,0.13,0.6,22.3,34.6,1,2,45.4,15.2,18.9,17.5,12.8,0.239,0.275,0.283,0.345,1,3600.0,175.0,123.0,52.0,544.2,175.0,302.7,248.2,174.5,73.8,544.2,248.2,429.3,29.051352313745017,86.24503913655231,111.86725247799998,351.0036875,7.710573095102063,124.52060474660563
39.964848,-6.913391,295.0,2015-05-15 08:00:00,13.5,50,3.4,8.6,0.0,0.0,0.0,0.0,0,1023.8,988.6,0,0,0,0,0.22,0.77,23.2,34.6,7,8,50.0,16.4,18.8,17.5,12.8,0.239,0.275,0.282,0.345,1,3600.0,373.0,296.0,77.0,717.3,373.0,552.6,454.0,360.3,93.7,717.3,454.0,672.6,30.366884311894587,86.32512593165409,113.78909427799998,355.8376875,8.159959759500776,126.47130736546528
39.964848,-6.913391,295.0,2015-05-15 09:00:00,15.8,44,3.7,11.1,0.0,0.0,0.0,0.0,0,1023.6,988.6,0,0,0,0,0.33,1.0,22.9,32.6,13,13,50.8,18.0,18.7,17.5,12.8,0.239,0.275,0.282,0.345,1,3600.0,571.0,481.0,90.0,821.9,571.0,783.8,647.7,545.6,102.1,821.9,647.7,889.0,33.72093737977566,87.46153397334214,116.28064370199998,361.0856875,9.446025084034035,128.83735655210782
39.964848,-6.913391,295.0,2015-05-15 10:00:00,18.0,39,4.0,14.6,0.0,0.0,0.0,0.0,0,1023.6,988.9,0,0,0,0,0.44,1.26,20.3,28.7,17,18,50.0,19.7,18.7,17.5,12.8,0.238,0.274,0.282,0.345,1,3600.0,745.0,643.0,102.0,878.3,745.0,980.4,808.3,697.6,110.7,878.3,808.3,1063.7,35.19695702257609,88.74805534509461,119.34795586799999,366.7296875,9.963659329200189,131.6146936838247
39.964848,-6.913391,295.0,2015-05-15 11:00:00,20.1,35,4.3,17.6,0.0,0.0,0.0,0.0,0,1023.0,988.6,0,0,0,0,0.55,1.53,19.5,27.2,19,20,47.9,21.5,18.9,17.5,12.8,0.237,0.274,0.282,0.345,1,3600.0,878.0,770.0,108.0,913.3,878.0,1129.1,921.3,807.9,113.3,913.3,921.3,1184.7,38.62586305798856,89.9328319343059,122.97576134799999,372.7516875,11.343309923191303,134.7839546249665
39.964848,-6.913391,295.0,2015-05-15 12:00:00,21.9,32,4.6,19.9,0.0,0.0,0.0,0.0,0,1022.8,988.6,0,0,0,0,0.62,1.78,18.6,25.7,22,22,45.7,23.0,19.1,17.5,12.9,0.236,0.273,0.282,0.345,1,3600.0,960.0,849.0,111.0,932.1,960.0,1219.8,979.1,865.9,113.2,932.1,979.1,1244.0,38.782806396484375,92.13845825195312,63.41015625,252.828125,16.487163543701172,77.69921875
39.964848,-6.913391,295.0,2015-05-15 13:00:00,23.2,31,4.9,21.6,0.0,0.0,0.0,0.0,0,1022.1,988.0,0,0,0,0,0.66,1.98,18.1,24.9,21,22,43.6,24.3,19.4,17.5,12.9,0.235,0.273,0.282,0.345,1,3600.0,985.0,872.0,113.0,936.9,985.0,1246.3,978.0,865.8,112.2,936.9,978.0,1237.5,36.74117949071913,92.18852174131912,67.824337272,259.408125,14.573598957763197,82.03010225072703
39.964848,-6.913391,295.0,2015-05-15 14:00:00,24.2,29,5.2,22.5,0.0,0.0,0.0,0.0,0,1021.7,987.8,0,0,0,0,0.66,2.13,17.5,24.0,19,19,42.5,25.2,19.7,17.5,12.9,0.234,0.272,0.282,0.345,1,3600.0,949.0,838.0,111.0,929.8,949.0,1206.8,916.5,809.3,107.2,929.8,916.5,1165.5,37.09568290095147,92.23860175916344,72.55338443,266.168125,14.239865993582159,86.29797724770489
39.964848,-6.913391,295.0,2015-05-15 15:00:00,24.7,29,5.5,22.7,0.0,0.0,0.0,0.0,0,1021.6,987.7,0,0,0,0,0.62,2.21,17.2,23.7,16,17,41.0,25.6,20.0,17.5,12.9,0.233,0.272,0.282,0.345,1,3600.0,855.0,749.0,106.0,908.4,855.0,1104.1,800.1,700.9,99.2,908.4,800.1,1033.2,37.77092799817209,92.28869831094293,77.37589101799999,273.018125,14.1256954695062,90.57633211952727
39.964848,-6.913391,295.0,2015-05-15 16:00:00,24.9,29,5.7,22.1,0.0,0.0,0.0,0.0,0,1021.4,987.5,0,0,0,0,0.54,2.23,17.4,23.7,13,14,39.6,25.5,20.3,17.5,12.9,0.232,0.272,0.282,0.345,1,3600.0,713.0,614.0,99.0,869.9,713.0,945.1,640.8,551.8,89.0,869.9,640.8,849.4,39.0294698830895,92.3388114021163,82.23578137799998,279.904125,14.36995578920003,94.82364114485618
39.964848,-6.913391,295.0,2015-05-15 17:00:00,24.6,30,5.9,21.1,0.0,0.0,0.0,0.0,0,1021.3,987.4,0,0,0,0,0.43,2.17,17.4,24.4,13,14,38.5,25.0,20.5,17.5,12.9,0.231,0.271,0.282,0.345,1,3600.0,533.0,446.0,87.0,806.2,533.0,740.8,451.0,377.4,73.6,806.2,451.0,626.8,39.98087414028936,92.38894103814404,86.97193671799998,286.736125,14.471841546564868,98.92772523618052
39.964848,-6.913391,295.0,2015-05-15 18:00:00,24.0,32,6.2,20.6,0.0,0.0,0.0,0.0,0,1021.6,987.6,0,0,0,0,0.31,2.04,16.6,24.5,13,14,37.1,24.1,20.7,17.5,12.9,0.231,0.271,0.281,0.345,1,3600.0,333.0,262.0,71.0,694.7,333.0,505.0,250.9,197.4,53.5,694.7,250.9,380.5,39.81357226115704,92.43908722448842,91.46536080599998,293.460125,13.998595607626571,102.81642112069675
39.964848,-6.913391,295.0,2015-05-15 19:00:00,22.7,34,6.1,19.8,0.0,0.0,0.0,0.0,0,1021.7,987.6,0,0,0,0,0.18,1.82,13.4,23.1,8,11,33.8,22.8,20.7,17.5,12.9,0.231,0.271,0.281,0.345,1,3600.0,140.0,94.0,46.0,496.0,140.0,253.8,70.2,47.1,23.1,496.0,70.2,127.3,35.98657885718086,92.31842856246118,95.60074313399998,299.950125,11.71307768679365,106.41190965583729
39.964848,-6.913391,295.0,2015-05-15 20:00:00,21.0,38,6.2,18.2,0.0,0.0,0.0,0.0,0,1022.4,988.1,0,0,0,0,0.12,1.55,13.0,24.7,3,8,25.6,21.4,20.7,17.6,12.9,0.231,0.271,0.281,0.345,0,0.0,13.0,5.0,8.0,59.6,13.0,53.5,0.0,0.0,0.0,0.0,0.0,0.0,33.347883381317075,91.50829743620372,99.20801386599999,306.13412500000004,10.236076203944592,109.61194818501689
39.964848,-6.913391,295.0,2015-05-15 21:00:00,19.8,41,6.2,16.9,0.0,0.0,0.0,0.0,0,1023.2,988.7,0,0,0,0,0.1,1.36,13.7,27.3,5,8,25.6,20.3,20.6,17.6,12.9,0.231,0.271,0.281,0.345,0,0.0,0.0,0.0,0.0,0.0,0.0,0.0,0.0,0.0,0.0,0.0,0.0,0.0,32.107669757980176,90.74168150865337,102.45434691199999,312.10212500000006,9.507240476972315,112.54516530449116
39.964848,-6.913391,295.0,2015-05-15 22:00:00,18.9,43,6.2,16.2,0.0,0.0,0.0,0.0,0,1023.8,989.2,0,0,0,0,0.09,1.24,12.6,26.4,3,11,27.0,19.5,20.5,17.6,12.9,0.231,0.271,0.281,0.345,0,0.0,0.0,0.0,0.0,0.0,0.0,0.0,0.0,0.0,0.0,0.0,0.0,0.0,29.600120998762133,90.17798645980618,105.455579312,317.90812500000004,8.298274895816911,115.296549600982
39.964848,-6.913391,295.0,2015-05-15 23:00:00,18.3,44,5.9,15.3,0.0,0.0,0.0,0.0,0,1024.5,989.8,0,0,0,0,0.09,1.17,13.8,28.3,7,15,29.9,18.9,20.3,17.6,12.9,0.231,0.271,0.281,0.345,0,0.0,0.0,0.0,0.0,0.0,0.0,0.0,0.0,0.0,0.0,0.0,0.0,0.0,30.079311728047177,89.82425218151762,108.315701136,323.606125,8.3799678670481,117.94043368457787
39.964848,-6.913391,295.0,2015-05-16 00:00:00,17.7,44,5.4,14.2,0.0,0.0,0.0,0.0,0,1024.6,989.8,0,0,0,0,0.11,1.13,16.3,31.3,14,19,33.1,18.4,20.2,17.6,12.9,0.231,0.27,0.281,0.345,0,0.0,0.0,0.0,0.0,0.0,0.0,0.0,0.0,0.0,0.0,0.0,0.0,0.0,32.491847655767685,89.65661330681142,111.087365584,329.196125,9.279272855915993,120.5096531362593
39.964848,-6.913391,295.0,2015-05-16 01:00:00,16.9,44,4.7,13.1,0.0,0.0,0.0,0.0,0,1024.7,989.8,0,0,0,0,0.11,1.07,17.4,32.9,18,23,35.3,18.0,20.0,17.6,12.9,0.231,0.27,0.281,0.345,0,0.0,0.0,0.0,0.0,0.0,0.0,0.0,0.0,0.0,0.0,0.0,0.0,0.0,33.52487534174715,89.51498162635716,113.741086864,334.642125,9.610886068291682,122.9818292997666
39.964848,-6.913391,295.0,2015-05-16 02:00:00,16.2,46,4.5,12.3,0.0,0.0,0.0,0.0,0,1024.6,989.6,0,0,0,0,0.1,1.0,17.7,33.2,20,24,35.6,17.5,19.8,17.6,12.9,0.231,0.27,0.281,0.345,0,0.0,0.0,0.0,0.0,0.0,0.0,0.0,0.0,0.0,0.0,0.0,0.0,0.0,32.88072106004274,89.13162407189193,116.20051783599999,339.962125,9.23495558459309,125.31662818856918
39.964848,-6.913391,295.0,2015-05-16 03:00:00,15.5,48,4.7,11.7,0.0,0.0,0.0,0.0,0,1024.6,989.6,0,0,0,0,0.1,0.91,17.8,33.0,21,25,34.9,17.1,19.6,17.6,12.9,0.231,0.27,0.281,0.345,0,0.0,0.0,0.0,0.0,0.0,0.0,0.0,0.0,0.0,0.0,0.0,0.0,0.0,31.834528915596408,88.69166333145256,118.47302994799999,345.15612500000003,8.71350584455423,127.51980175888161
39.964848,-6.913391,295.0,2015-05-16 04:00:00,14.9,51,4.8,11.1,0.0,0.0,0.0,0.0,0,1024.9,989.8,0,0,0,0,0.09,0.83,17.6,32.7,23,27,33.1,16.7,19.4,17.6,12.9,0.231,0.27,0.281,0.345,0,0.0,0.0,0.0,0.0,0.0,0.0,0.0,0.0,0.0,0.0,0.0,0.0,0.0,30.114023869630905,88.12527693754294,120.53703538799999,350.24212500000004,7.952881592647783,129.58298911178207
39.964848,-6.913391,295.0,2015-05-16 05:00:00,14.4,53,4.8,10.7,0.0,0.0,0.0,0.0,0,1024.7,989.5,0,0,0,0,0.08,0.78,16.8,31.6,23,27,31.7,16.2,19.2,17.6,12.9,0.231,0.27,0.281,0.345,0,0.0,0.0,0.0,0.0,0.0,0.0,0.0,0.0,0.0,0.0,0.0,0.0,0.0,28.188156051098208,87.67149766533431,122.45492819799999,355.238125,7.1580035178098695,131.54603602650988
39.964848,-6.913391,295.0,2015-05-16 06:00:00,14.2,54,5.0,10.7,0.0,0.0,0.0,0.0,0,1025.5,990.3,0,0,0,0,0.08,0.74,16.0,29.8,23,27,30.6,16.0,19.0,17.6,12.9,0.231,0.27,0.281,0.345,1,739.87,27.0,14.0,13.0,135.8,27.0,79.0,61.2,31.7,29.4,237.2,35.0,179.0,26.854749033670384,87.40625220069631,124.30779430599999,360.198125,6.6194165620265855,133.46526334067426
39.964848,-6.913391,295.0,2015-05-16 07:00:00,15.6,52,5.7,12.4,0.0,0.0,0.0,0.0,0,1025.4,990.3,0,0,0,0,0.14,0.86,14.8,26.6,23,27,32.0,16.8,18.8,17.6,12.9,0.231,0.27,0.281,0.345,1,3600.0,179.0,126.0,53.0,551.5,179.0,305.8,253.0,178.1,74.9,551.5,253.0,432.2,26.023537274317388,87.45475335060006,126.41813456199999,365.410125,6.27432802749356,135.57589297861134
39.964848,-6.913391,295.0,2015-05-16 08:00:00,17.8,44,5.3,14.2,0.0,0.0,0.0,0.0,0,1025.7,990.9,0,0,0,0,0.26,1.15,16.4,23.7,29,30,35.6,18.4,18.8,17.6,12.9,0.231,0.27,0.281,0.345,1,3600.0,380.0,304.0,76.0,732.9,380.0,555.3,462.0,369.6,92.4,732.9,462.0,675.1,29.086910784559503,87.96074678678386,129.204541906,371.018125,7.31177511533291,138.14175990241714
39.964848,-6.913391,295.0,2015-05-16 09:00:00,20.0,38,5.1,16.4,0.0,0.0,0.0,0.0,0,1025.4,990.9,0,0,0,0,0.39,1.46,17.4,24.6,34,35,38.5,20.2,18.8,17.6,12.9,0.23,0.269,0.281,0.345,1,3600.0,578.0,488.0,90.0,831.1,578.0,786.0,655.2,553.2,102.0,831.1,655.2,891.0,34.41352300343944,89.285881619915,132.64858771800002,377.022125,9.300060988408163,141.14698226953865
39.964848,-6.913391,295.0,2015-05-16 10:00:00,22.1,33,5.1,19.5,0.0,0.0,0.0,0.0,0,1025.2,990.9,0,0,0,0,0.51,1.78,16.9,23.5,40,40,39.6,22.1,19.0,17.6,12.9,0.229,0.269,0.281,0.345,1,3600.0,752.0,651.0,101.0,887.2,752.0,982.3,815.6,706.1,109.5,887.2,815.6,1065.4,38.77607718056152,90.65573334693919,136.74079442200002,383.404125,11.03455517378436,144.5750924067594
39.964848,-6.913391,295.0,2015-05-16 11:00:00,24.0,29,5.1,22.1,0.0,0.0,0.0,0.0,0,1024.4,990.3,0,0,0,0,0.62,2.1,16.8,22.9,45,45,40.3,23.9,19.3,17.6,12.9,0.229,0.269,0.281,0.345,1,3600.0,885.0,777.0,108.0,919.8,885.0,1130.7,928.5,815.2,113.3,919.8,928.5,1186.3,43.47888599088084,91.8602609235214,141.432457808,390.128125,13.030581654607362,148.382659300155
39.964848,-6.913391,295.0,2015-05-16 12:00:00,25.5,27,5.2,24.1,0.0,0.0,0.0,0.0,0,1024.1,990.2,0,0,0,0,0.7,2.39,16.6,22.7,48,48,40.7,25.4,19.6,17.6,12.9,0.227,0.268,0.281,0.345,1,3600.0,966.0,855.0,111.0,937.1,966.0,1221.3,985.1,871.9,113.2,937.1,985.1,1245.4,39.77928161621094,94.47526550292969,69.71577453613281,260.484375,16.2890625,83.2578125
39.964848,-6.913391,295.0,2015-05-16 13:00:00,26.7,25,5.3,25.5,0.0,0.0,0.0,0.0,0,1023.3,989.6,0,0,0,0,0.73,2.62,16.4,22.5,50,50,40.7,26.6,20.0,17.6,13.0,0.226,0.268,0.281,0.345,1,3600.0,990.0,878.0,112.0,941.9,990.0,1247.7,983.0,871.8,111.2,941.9,983.0,1238.9,44.473197489595755,94.52610049001672,75.20487063613281,267.694375,18.535474409580328,88.35475712007529
39.964848,-6.913391,295.0,2015-05-16 14:00:00,27.6,24,5.4,26.2,0.0,0.0,0.0,0.0,0,1022.9,989.3,0,0,0,0,0.73,2.8,16.4,22.0,50,50,40.3,27.4,20.4,17.6,13.0,0.225,0.267,0.281,0.345,1,3600.0,954.0,844.0,110.0,934.9,954.0,1208.3,921.5,815.2,106.2,934.9,921.5,1167.1,45.809549073663554,94.57695226029229,80.9472286281328,275.066375,18.665728071594327,93.27295466418207
39.964848,-6.913391,295.0,2015-05-16 15:00:00,28.2,24,5.5,26.3,0.0,0.0,0.0,0.0,0,1022.3,988.8,0,0,0,0,0.68,2.92,16.4,22.3,50,51,38.9,27.8,20.7,17.6,13.0,0.224,0.267,0.28,0.344,1,3600.0,861.0,755.0,106.0,913.9,861.0,1105.8,805.9,706.7,99.2,913.9,805.9,1035.0,47.09591904846487,94.62782081929738,86.8096359161328,282.546375,18.796862675151125,98.1953484918983
39.964848,-6.913391,295.0,2015-05-16 16:00:00,28.3,23,5.5,25.7,0.0,0.0,0.0,0.0,0,1022.1,988.6,0,0,0,0,0.59,2.95,16.4,22.8,52,52,37.1,27.8,21.1,17.6,13.0,0.223,0.266,0.28,0.344,1,3600.0,719.0,620.0,99.0,876.2,719.0,947.1,646.5,557.4,89.0,876.2,646.5,851.6,48.325611875836096,94.67870617257478,92.7694516241328,290.044375,18.928883686993185,103.09926051445957
39.964848,-6.913391,295.0,2015-05-16 17:00:00,28.1,24,5.5,24.7,0.0,0.0,0.0,0.0,0,1021.5,988.0,0,0,0,0,0.48,2.9,15.9,22.3,52,52,35.3,27.2,21.4,17.6,13.0,0.222,0.266,0.28,0.344,1,3600.0,539.0,452.0,87.0,814.1,539.0,743.2,456.5,382.8,73.7,814.1,456.5,629.4,48.696176349694866,94.72960832566913,98.6118506961328,297.506375,18.587534249761514,107.85188531199645
39.964848,-6.913391,295.0,2015-05-16 18:00:00,27.3,26,5.9,24.3,0.0,0.0,0.0,0.0,0,1021.5,987.9,0,0,0,0,0.33,2.71,14.1,21.3,50,51,33.5,26.3,21.6,17.6,13.0,0.222,0.266,0.28,0.344,1,3600.0,339.0,267.0,72.0,703.8,339.0,507.8,256.0,201.7,54.4,703.8,256.0,383.5,46.507098539257214,94.66624331553844,104.14464895213281,304.824375,16.82857233928509,112.3376292886658
39.964848,-6.913391,295.0,2015-05-16 19:00:00,25.8,29,6.6,23.4,0.0,0.0,0.0,0.0,0,1021.5,987.7,0,0,0,0,0.17,2.35,10.2,20.1,39,44,28.1,24.9,21.7,17.6,13.0,0.222,0.266,0.28,0.344,1,3600.0,145.0,98.0,47.0,510.3,145.0,257.0,73.8,49.9,23.9,510.3,73.8,130.8,39.27062341035225,94.01417892823687,109.17276628613281,311.872375,12.635932849625414,116.44227119239746
39.964848,-6.913391,295.0,2015-05-16 20:00:00,23.6,32,6.2,21.2,0.0,0.0,0.0,0.0,0,1021.8,987.8,0,0,0,0,0.12,1.97,10.2,22.8,23,35,18.7,23.1,21.7,17.7,13.0,0.222,0.265,0.28,0.344,0,42.07,14.0,6.0,8.0,70.4,14.0,55.2,0.0,0.0,0.0,0.0,0.0,0.0,36.71933957535796,93.13925780303995,113.59458202213281,318.52437499999996,11.186838500264738,120.10620037705623
39.964848,-6.913391,295.0,2015-05-16 21:00:00,22.1,34,5.5,19.0,0.0,0.0,0.0,0.0,0,1022.3,988.1,0,0,0,0,0.12,1.75,13.4,27.9,24,33,23.8,21.8,21.7,17.7,13.0,0.222,0.265,0.28,0.344,0,0.0,0.0,0.0,0.0,0.0,0.0,0.0,0.0,0.0,0.0,0.0,0.0,0.0,38.594110042583075,92.41840796291794,117.62571101413282,324.90637499999997,11.87928676487525,123.48677022362689
39.964848,-6.913391,295.0,2015-05-16 22:00:00,21.0,35,4.8,17.4,0.0,0.0,0.0,0.0,0,1022.9,988.6,0,0,0,0,0.14,1.62,15.9,31.1,28,35,29.9,21.0,21.5,17.7,13.0,0.222,0.265,0.28,0.344,0,0.0,0.0,0.0,0.0,0.0,0.0,0.0,0.0,0.0,0.0,0.0,0.0,0.0,40.496780874094966,91.94980100945206,121.40752710413281,331.090375,12.611627738802188,126.68226094200573
39.964848,-6.913391,295.0,2015-05-16 23:00:00,20.0,36,4.5,16.2,0.0,0.0,0.0,0.0,0,1022.7,988.2,0,0,0,0,0.14,1.49,16.9,32.9,29,35,32.4,20.3,21.4,17.7,13.0,0.222,0.265,0.28,0.344,0,0.0,0.0,0.0,0.0,0.0,0.0,0.0,0.0,0.0,0.0,0.0,0.0,0.0,40.72938236759915,91.56552667684281,124.96267116813281,337.094375,12.560568971636739,129.7125334788925
39.964848,-6.913391,295.0,2015-05-17 00:00:00,19.0,38,4.5,15.3,0.0,0.0,0.0,0.0,0,1022.7,988.1,0,0,0,0,0.13,1.36,16.9,32.3,27,33,33.1,19.7,21.2,17.7,13.0,0.222,0.265,0.28,0.344,0,0.0,0.0,0.0,0.0,0.0,0.0,0.0,0.0,0.0,0.0,0.0,0.0,0.0,39.190673766261426,91.06607548798351,128.2434920601328,342.918375,11.699584946630013,132.55539844637542
39.964848,-6.913391,295.0,2015-05-17 01:00:00,18.1,41,4.7,14.5,0.0,0.0,0.0,0.0,0,1022.4,987.7,0,0,0,0,0.11,1.22,15.9,31.2,25,31,32.0,19.1,21.0,17.7,13.0,0.222,0.265,0.28,0.344,0,0.0,0.0,0.0,0.0,0.0,0.0,0.0,0.0,0.0,0.0,0.0,0.0,0.0,35.9549130545296,90.42329745843907,131.2257693081328,348.580375,10.14955112877856,135.2045504288865
39.964848,-6.913391,295.0,2015-05-17 02:00:00,17.2,44,5.0,14.0,0.0,0.0,0.0,0.0,0,1021.8,987.1,0,0,0,0,0.09,1.1,14.2,28.6,24,31,29.2,18.6,20.8,17.7,13.0,0.222,0.265,0.28,0.344,0,0.0,0.0,0.0,0.0,0.0,0.0,0.0,0.0,0.0,0.0,0.0,0.0,0.0,32.08793426695298,89.76017507185644,133.9237192761328,354.080375,8.472403438357398,137.6701163862165
39.964848,-6.913391,295.0,2015-05-17 03:00:00,16.4,48,5.3,13.3,0.0,0.0,0.0,0.0,0,1021.5,986.7,0,0,0,0,0.08,0.98,13.4,27.1,24,30,25.9,18.0,20.6,17.7,13.0,0.222,0.265,0.28,0.344,0,0.0,0.0,0.0,0.0,0.0,0.0,0.0,0.0,0.0,0.0,0.0,0.0,0.0,29.108144634819922,88.97823636855918,136.3194398761328,359.436375,7.273944132271068,139.9477806225726
39.964848,-6.913391,295.0,2015-05-17 04:00:00,15.6,51,5.5,12.7,0.0,0.0,0.0,0.0,0,1021.9,987.0,0,0,0,0,0.07,0.87,12.6,25.7,24,31,24.1,17.4,20.4,17.7,13.0,0.222,0.265,0.28,0.344,0,0.0,0.0,0.0,0.0,0.0,0.0,0.0,0.0,0.0,0.0,0.0,0.0,0.0,26.628705831679888,88.3033601667183,138.4737455541328,364.648375,6.341546652180795,142.07062656021947
39.964848,-6.913391,295.0,2015-05-17 05:00:00,14.9,54,5.7,12.1,0.0,0.0,0.0,0.0,0,1021.8,986.8,0,0,0,0,0.06,0.78,12.6,25.4,24,32,22.7,16.9,20.1,17.7,13.0,0.222,0.265,0.28,0.344,0,0.0,0.0,0.0,0.0,0.0,0.0,0.0,0.0,0.0,0.0,0.0,0.0,0.0,25.11131696562274,87.6678634853134,140.4113833141328,369.734375,5.789658015308547,144.05547193908788
39.964848,-6.913391,295.0,2015-05-17 06:00:00,14.7,57,6.3,12.0,0.0,0.0,0.0,0.0,0,1022.3,987.2,0,0,0,0,0.07,0.72,12.4,24.2,22,30,23.0,16.6,19.9,17.7,13.0,0.222,0.265,0.28,0.344,1,852.46,28.0,15.0,13.0,143.7,28.0,80.6,63.3,33.9,29.4,249.0,36.5,182.2,23.65831923574764,87.10079456133215,142.20001251813278,374.784375,5.285874294297515,145.95503438710418
39.964848,-6.913391,295.0,2015-05-17 07:00:00,16.6,55,7.7,14.4,0.0,0.0,0.0,0.0,0,1022.3,987.5,0,0,0,0,0.13,0.84,11.3,20.9,22,29,24.8,17.6,19.7,17.7,13.0,0.222,0.265,0.28,0.344,1,3600.0,181.0,128.0,53.0,554.6,181.0,308.8,254.9,180.3,74.7,554.6,254.9,435.0,22.964101918574446,87.14919486429073,144.2969262081328,380.176375,5.0354574941643495,148.0817882753763
39.964848,-6.913391,295.0,2015-05-17 08:00:00,19.2,47,7.7,17.0,0.0,0.0,0.0,0.0,0,1022.3,987.8,0,0,0,0,0.25,1.17,11.0,15.6,32,34,25.6,19.6,19.7,17.7,13.0,0.222,0.264,0.28,0.344,1,3600.0,381.0,305.0,76.0,731.6,381.0,557.8,462.7,370.4,92.3,731.6,462.7,677.4,24.009272865967773,87.64624442649871,147.12940510213278,386.036375,5.324702277358294,150.68397489791263
39.964848,-6.913391,295.0,2015-05-17 09:00:00,21.6,41,7.6,19.8,0.0,0.0,0.0,0.0,0,1022.1,987.9,0,0,0,0,0.38,1.54,9.4,12.7,47,47,26.3,21.6,19.7,17.7,13.0,0.221,0.264,0.28,0.344,1,3600.0,579.0,488.0,91.0,828.5,579.0,788.1,656.0,552.9,103.1,828.5,656.0,893.0,25.98503688892207,88.94329042441132,150.65532664013278,392.328375,5.9163617388909495,153.72931007663945
39.964848,-6.913391,295.0,2015-05-17 10:00:00,23.7,36,7.6,23.1,0.0,0.0,0.0,0.0,0,1021.4,987.4,0,0,0,0,0.51,1.89,8.7,11.5,52,51,24.8,23.7,19.9,17.7,13.0,0.221,0.264,0.28,0.344,1,3600.0,751.0,651.0,100.0,885.2,751.0,984.1,814.3,705.9,108.4,885.2,814.3,1067.0,29.122732535775715,90.28863883120421,154.8338845921328,398.998375,6.926550702371491,157.18050524101753
39.964848,-6.913391,295.0,2015-05-17 11:00:00,25.5,32,7.5,25.7,0.0,0.0,0.0,0.0,0,1020.6,986.8,0,0,0,0,0.61,2.23,8.2,10.5,61,59,24.5,25.6,20.2,17.7,13.0,0.22,0.263,0.28,0.344,1,3600.0,883.0,776.0,107.0,917.0,883.0,1132.2,926.2,814.0,112.2,917.0,926.2,1187.7,32.233018293669,91.45968579380563,159.5958400001328,405.99237500000004,7.981637704235572,160.98421116012491
39.964848,-6.913391,295.0,2015-05-17 12:00:00,27.1,29,7.3,27.7,0.0,0.0,0.0,0.0,0,1019.9,986.3,0,0,0,0,0.69,2.56,7.9,10.3,66,65,24.5,27.2,20.6,17.8,13.0,0.219,0.263,0.28,0.344,1,3600.0,964.0,852.0,112.0,932.4,964.0,1222.6,983.0,868.8,114.2,932.4,983.0,1246.8,43.235267639160156,96.36474609375,77.21794128417969,268.734375,17.603836059570312,89.47265625
39.964848,-6.913391,295.0,2015-05-17 13:00:00,28.2,26,6.9,29.0,0.0,0.0,0.0,0.0,0,1018.8,985.4,0,0,0,0,0.72,2.84,7.3,9.6,70,70,24.1,28.5,21.0,17.8,13.0,0.218,0.262,0.279,0.344,1,3600.0,987.0,875.0,112.0,937.3,987.0,1249.1,980.0,868.8,111.2,937.3,980.0,1240.3,36.401041882695644,95.23889493925323,82.92607469617968,276.214375,12.921777329932937,94.74239304402165
39.964848,-6.913391,295.0,2015-05-17 14:00:00,29.0,24,6.6,29.7,0.0,0.0,0.0,0.0,0,1017.7,984.4,0,0,0,0,0.7,3.04,6.5,8.6,71,68,23.0,29.3,21.4,17.8,13.0,0.216,0.262,0.279,0.344,1,3600.0,951.0,840.0,111.0,929.0,951.0,1209.8,918.7,811.4,107.2,929.0,918.7,1168.6,36.47695732888195,95.2899820388624,88.94854771217967,283.83837500000004,12.498118259697218,99.74921078266624
39.964848,-6.913391,295.0,2015-05-17 15:00:00,29.5,23,6.4,29.6,0.0,0.0,0.0,0.0,0,1016.6,983.4,0,0,0,0,0.64,3.17,6.4,8.5,63,62,21.6,29.7,21.8,17.8,13.1,0.215,0.261,0.279,0.344,1,3600.0,859.0,753.0,106.0,909.7,859.0,1107.4,804.2,705.0,99.2,909.7,804.2,1036.8,37.344596562800064,95.34108600489516,95.15162120417968,291.55237500000004,12.522326243576874,104.79801416938707
39.964848,-6.913391,295.0,2015-05-17 16:00:00,29.7,23,6.2,28.8,0.0,0.0,0.0,0.0,0,1016.0,982.8,1,0,0,3,0.54,3.22,6.6,8.6,61,57,20.5,29.6,22.2,17.8,13.1,0.215,0.261,0.279,0.344,1,3600.0,717.0,619.0,98.0,872.6,717.0,949.1,644.9,556.8,88.2,872.6,644.9,853.7,38.53212321177229,95.39220684291993,101.39523766017967,299.30237500000004,12.737663244192843,109.79869277421156
39.964848,-6.913391,295.0,2015-05-17 17:00:00,29.5,23,6.2,27.6,0.0,0.0,0.0,0.0,0,1015.2,982.1,4,0,0,14,0.41,3.19,6.5,8.8,56,55,19.1,29.0,22.5,17.8,13.1,0.214,0.261,0.279,0.344,1,3600.0,539.0,452.0,87.0,811.2,539.0,745.5,456.9,383.1,73.7,811.2,456.9,631.9,39.285847733114636,95.44334455850705,107.59831115217968,307.01637500000004,12.762284225083894,114.70050859472248
39.964848,-6.913391,295.0,2015-05-17 18:00:00,29.0,25,7.1,27.4,0.0,0.0,0.0,0.0,0,1015.0,981.8,3,0,0,9,0.26,2.99,5.6,7.6,63,59,16.9,27.9,22.7,17.8,13.1,0.214,0.26,0.279,0.344,1,3600.0,340.0,269.0,71.0,704.9,340.0,510.5,257.4,203.6,53.7,704.9,257.4,386.5,38.057588717666626,95.2380507077617,113.54154110217968,314.64037500000006,11.85957710589838,119.38211402454907
39.964848,-6.913391,295.0,2015-05-17 19:00:00,27.6,42,13.5,28.3,0.0,0.0,0.0,0.0,0,1014.6,981.3,0,0,0,0,0.1,2.16,3.3,5.5,77,67,11.9,26.5,22.9,17.9,13.1,0.213,0.26,0.279,0.344,1,3600.0,146.0,100.0,46.0,514.1,146.0,260.2,75.3,51.6,23.7,514.1,75.3,134.2,27.716728847331865,92.51968620567672,117.92386693817969,322.0123750000001,7.243591938614252,123.12447304106098
39.964848,-6.913391,295.0,2015-05-17 20:00:00,27.7,25,5.7,26.2,0.0,0.0,0.0,0.0,0,1014.4,981.1,0,0,0,0,0.05,2.81,2.9,4.3,7,42,6.1,24.4,22.9,17.9,13.1,0.214,0.26,0.279,0.344,0,93.43,15.0,7.0,8.0,80.9,15.0,56.9,0.0,0.0,0.0,0.0,0.0,0.0,30.00646843373017,93.3535579072262,123.61041253817969,329.40237500000006,7.979147291595617,127.555613315784
39.964848,-6.913391,295.0,2015-05-17 21:00:00,25.6,33,8.2,24.3,0.0,0.0,0.0,0.0,0,1015.0,981.4,6,0,0,21,0.06,2.2,5.8,7.3,360,20,7.9,22.1,22.7,17.9,13.1,0.214,0.26,0.279,0.344,0,0.0,0.0,0.0,0.0,0.0,0.0,0.0,0.0,0.0,0.0,0.0,0.0,0.0,32.61389521951971,93.08200127545443,128.3199780121797,336.41437500000006,8.890747811856908,131.3686689023488
39.964848,-6.913391,295.0,2015-05-17 22:00:00,22.1,48,10.6,21.2,0.0,0.0,0.0,0.0,0,1015.9,981.9,12,0,0,41,0.05,1.39,7.6,12.1,360,17,11.9,20.5,22.5,17.9,13.1,0.214,0.26,0.279,0.344,0,0.0,0.0,0.0,0.0,0.0,0.0,0.0,0.0,0.0,0.0,0.0,0.0,0.0,27.17217428704382,90.45756310114163,131.4960190361797,342.79637500000007,6.713304018575385,134.2484402518378
39.964848,-6.913391,295.0,2015-05-17 23:00:00,19.4,60,11.4,18.4,0.0,0.0,0.0,0.0,0,1015.4,981.1,19,0,0,62,0.05,0.9,10.1,17.7,360,13,15.8,19.4,22.2,17.9,13.1,0.214,0.26,0.279,0.344,0,0.0,0.0,0.0,0.0,0.0,0.0,0.0,0.0,0.0,0.0,0.0,0.0,0.0,23.03062662038401,87.86506647685997,133.65480023617968,348.6923750000001,5.25050370805647,136.50382186385806
39.964848,-6.913391,295.0,2015-05-18 00:00:00,18.3,60,10.3,16.8,0.0,0.0,0.0,0.0,1,1015.1,980.7,24,0,0,79,0.05,0.85,11.2,20.9,360,15,18.0,18.6,22.0,17.9,13.1,0.214,0.26,0.279,0.344,0,0.0,0.0,0.0,0.0,0.0,0.0,0.0,0.0,0.0,0.0,0.0,0.0,0.0,22.445842279652364,87.16917302454968,135.69774439617967,354.39037500000006,5.024432227748685,138.66080237330684
39.964848,-6.913391,295.0,2015-05-18 01:00:00,17.8,55,8.5,15.9,0.0,0.0,0.0,0.0,1,1014.8,980.4,25,0,0,83,0.05,0.93,10.4,21.3,2,16,18.7,17.9,21.6,17.9,13.1,0.214,0.26,0.279,0.344,0,0.0,0.0,0.0,0.0,0.0,0.0,0.0,0.0,0.0,0.0,0.0,0.0,0.0,22.03872426593642,87.21759590268152,137.93682172617966,359.99837500000007,4.859343060087717,140.90290400145457
39.964848,-6.913391,295.0,2015-05-18 02:00:00,16.8,57,8.4,14.8,0.0,0.0,0.0,0.0,1,1014.2,979.7,29,0,0,95,0.05,0.82,10.8,19.7,4,15,19.1,17.3,21.3,18.0,13.1,0.215,0.26,0.279,0.344,0,0.0,0.0,0.0,0.0,0.0,0.0,0.0,0.0,0.0,0.0,0.0,0.0,0.0,22.48773213494905,87.22707909579493,139.96318012817966,365.42637500000006,4.964990817694047,142.99953388871896
39.964848,-6.913391,295.0,2015-05-18 03:00:00,15.6,66,9.3,13.9,0.0,0.0,0.0,0.0,1,1013.9,979.2,30,0,0,99,0.03,0.61,10.5,18.5,4,13,19.1,16.8,21.0,18.0,13.1,0.215,0.26,0.279,0.344,0,0.0,0.0,0.0,0.0,0.0,0.0,0.0,0.0,0.0,0.0,0.0,0.0,0.0,19.571537937838322,85.92834409140008,141.45800447617967,370.63837500000005,4.06926365091598,144.77693651254796
39.964848,-6.913391,295.0,2015-05-18 04:00:00,15.2,66,8.8,13.4,0.0,0.0,0.0,0.0,1,1013.8,979.1,30,0,0,100,0.03,0.59,10.5,18.0,6,12,17.3,16.3,20.7,18.0,13.1,0.215,0.26,0.279,0.344,0,0.0,0.0,0.0,0.0,0.0,0.0,0.0,0.0,0.0,0.0,0.0,0.0,0.0,18.919908570718775,85.5583211470069,142.91702464817968,375.77837500000004,3.8641870078580625,146.5209561566181
39.964848,-6.913391,295.0,2015-05-18 05:00:00,14.6,68,8.8,12.9,0.0,0.0,0.0,0.0,1,1013.6,978.8,30,0,0,100,0.03,0.53,9.8,17.7,6,12,17.3,15.8,20.3,18.0,13.1,0.215,0.26,0.279,0.344,0,0.0,0.0,0.0,0.0,0.0,0.0,0.0,0.0,0.0,0.0,0.0,0.0,0.0,17.712737500050256,85.1319245724393,144.23967303217967,380.810375,3.5161981469585526,148.1717180893007
39.964848,-6.913391,295.0,2015-05-18 06:00:00,15.2,65,8.6,13.7,0.0,0.0,0.0,0.0,1,1013.7,979.0,30,0,0,100,0.04,0.61,8.0,14.8,8,14,17.3,15.8,20.0,18.0,13.1,0.215,0.26,0.279,0.344,1,668.33,28.0,13.0,15.0,123.2,28.0,82.1,63.2,29.3,33.8,211.7,36.8,185.4,16.698733010222117,85.17967485229103,145.74160556217967,385.950375,3.2325385542979275,149.93655415472622
39.964848,-6.913391,295.0,2015-05-18 07:00:00,17.5,57,8.9,16.3,0.0,0.0,0.0,0.0,1,1014.2,979.8,30,0,0,100,0.11,0.87,6.6,11.6,9,16,18.4,17.8,19.9,18.0,13.1,0.215,0.259,0.279,0.344,1,3600.0,167.0,92.0,75.0,394.8,167.0,311.7,234.5,129.2,105.3,394.8,234.5,437.7,16.628328615470057,85.6049578672697,147.84720703017967,391.504375,3.1954480848818463,152.09860844583739
39.964848,-6.913391,295.0,2015-05-18 08:00:00,20.6,46,8.6,19.5,0.0,0.0,0.0,0.0,1,1014.0,979.9,30,0,0,100,0.22,1.3,4.8,6.8,13,18,17.3,20.6,19.9,18.0,13.1,0.215,0.259,0.279,0.344,1,3600.0,351.0,231.0,120.0,551.5,351.0,560.3,425.8,280.2,145.6,551.5,425.8,679.7,19.063154437313134,87.50014407776526,150.93215801817968,397.616375,3.815422863430427,154.88314775115748
39.964848,-6.913391,295.0,2015-05-18 09:00:00,23.4,39,8.6,22.7,0.0,0.0,0.0,0.0,1,1014.0,980.2,30,0,0,99,0.35,1.77,2.8,3.6,40,45,15.1,22.9,20.0,18.0,13.1,0.215,0.259,0.279,0.344,1,3600.0,548.0,406.0,142.0,687.2,548.0,790.2,620.6,459.8,160.8,687.2,620.6,894.8,21.612619764706285,89.35772035022806,154.86666838817968,404.232375,4.502519618116129,158.20620833356134
39.964848,-6.913391,295.0,2015-05-18 10:00:00,25.7,34,8.7,26.4,0.0,0.0,0.0,0.0,1,1013.5,980.0,29,0,0,98,0.47,2.18,0.7,1.1,360,360,15.1,25.2,20.3,18.0,13.1,0.214,0.259,0.279,0.344,1,3600.0,718.0,553.0,165.0,750.3,718.0,985.7,778.3,599.5,178.9,750.3,778.3,1068.6,23.423906986038705,90.82953713320396,159.52331739617966,411.26237499999996,5.000407385510574,161.97583971898908
39.964848,-6.913391,295.0,2015-05-18 11:00:00,27.6,29,8.1,28.7,0.0,0.0,0.0,0.0,1,1012.9,979.6,29,0,0,96,0.59,2.61,2.5,3.2,262,270,16.9,27.3,20.6,18.0,13.1,0.213,0.258,0.278,0.344,1,3600.0,850.0,686.0,164.0,809.3,850.0,1133.7,891.5,719.5,172.0,809.3,891.5,1189.1,29.06730252131759,92.32814430052792,164.88788867817965,418.634375,6.77219189090541,166.1609144045938
39.964848,-6.913391,295.0,2015-05-18 12:00:00,29.0,25,6.8,30.0,0.0,0.0,0.0,0.0,1,1012.3,979.2,25,0,0,84,0.67,3.02,4.7,5.9,279,281,19.1,29.0,21.1,18.0,13.1,0.212,0.258,0.278,0.344,1,3600.0,930.0,745.0,185.0,814.1,930.0,1223.9,948.3,759.7,188.6,814.1,948.3,1248.1,40.068359375,95.51468658447266,83.36247253417969,276.53125,15.05517578125,94.67578125
39.964848,-6.913391,295.0,2015-05-18 13:00:00,29.9,22,5.8,30.4,0.0,0.0,0.0,0.0,1,1011.3,978.3,25,0,0,83,0.69,3.3,6.2,7.8,280,283,20.5,30.0,21.5,18.0,13.1,0.211,0.257,0.278,0.344,1,3600.0,930.0,700.0,230.0,748.7,930.0,1250.3,923.5,695.1,228.4,748.7,923.5,1241.6,37.1133437602119,95.56586473678875,89.72824441417968,284.31725,12.782272035767267,100.31218536203082
39.964848,-6.913391,295.0,2015-05-18 14:00:00,30.4,21,5.3,30.0,0.0,0.0,0.0,0.0,1,1010.7,977.8,27,0,0,90,0.66,3.45,7.6,9.4,273,274,22.3,30.6,22.0,18.0,13.1,0.21,0.257,0.278,0.344,1,3600.0,865.0,617.0,248.0,681.3,865.0,1211.2,835.7,596.1,239.6,681.3,835.7,1170.1,39.933555135825685,95.6170597855895,96.27961882417968,292.19325,13.812423152775729,105.58326659320065
39.964848,-6.913391,295.0,2015-05-18 15:00:00,30.6,20,5.1,29.5,0.0,0.0,0.0,0.0,1,1010.0,977.1,27,0,0,90,0.62,3.52,9.0,11.5,270,270,24.8,30.6,22.4,18.0,13.1,0.209,0.256,0.278,0.344,1,3600.0,781.0,547.0,234.0,659.6,781.0,1109.0,731.3,512.2,219.1,659.6,731.3,1038.5,42.85189331399044,95.66827173645329,102.95604458417968,300.10524999999996,14.925565957664245,110.84450790049627
39.964848,-6.913391,295.0,2015-05-18 16:00:00,30.4,20,4.9,27.7,0.0,0.0,0.0,0.0,1,1009.5,976.6,29,0,1,94,0.52,3.47,11.5,15.1,272,273,28.1,30.1,22.8,18.0,13.2,0.208,0.256,0.278,0.344,1,3600.0,594.0,352.0,242.0,495.0,594.0,951.0,534.5,316.8,217.8,495.0,534.5,855.8,47.48873614259739,95.71950059496035,109.59034778417967,307.98124999999993,17.047604492995017,115.99401801218178
39.964848,-6.913391,295.0,2015-05-18 17:00:00,29.7,21,5.2,26.5,0.0,0.0,0.0,0.0,1,1009.1,976.2,31,0,3,98,0.43,3.28,13.6,18.4,281,282,29.5,29.1,23.0,18.1,13.2,0.208,0.256,0.278,0.344,1,3600.0,426.0,231.0,195.0,413.1,426.0,747.7,361.4,196.0,165.4,413.1,361.4,634.4,51.77955965720822,95.77074636669275,115.99613609617967,315.73124999999993,19.08276853214627,120.92553950496863
39.964848,-6.913391,295.0,2015-05-18 18:00:00,28.3,26,7.0,25.4,0.0,0.0,0.0,0.0,1,1009.0,975.9,30,0,1,99,0.3,2.84,14.5,21.3,289,292,31.0,27.7,23.2,18.1,13.2,0.207,0.256,0.278,0.344,1,3600.0,228.0,76.0,152.0,198.0,228.0,513.2,173.0,57.7,115.3,198.0,173.0,389.4,50.63063526415575,95.02093121629811,121.72375119217966,323.2292499999999,18.027722254774897,125.39364128596914
39.964848,-6.913391,295.0,2015-05-18 19:00:00,26.5,34,9.2,24.4,0.0,0.0,0.0,0.0,1,1009.0,975.7,29,0,1,93,0.19,2.3,13.1,21.7,291,294,30.2,26.2,23.3,18.1,13.2,0.207,0.255,0.278,0.344,1,3600.0,108.0,37.0,71.0,187.9,108.0,263.4,56.4,19.3,37.1,187.9,56.4,137.5,42.259509816931164,93.3455698916509,126.51940464817966,330.4032499999999,13.32570296271578,129.27882670082354
39.964848,-6.913391,295.0,2015-05-18 20:00:00,24.5,43,11.2,23.1,0.0,0.0,0.0,0.0,1,1009.4,975.9,27,0,0,89,0.13,1.75,12.7,22.9,299,303,25.9,24.7,23.3,18.1,13.2,0.207,0.255,0.278,0.344,0,0.0,12.0,3.0,9.0,34.2,12.0,58.6,0.0,0.0,0.0,0.0,0.0,0.0,35.150571593519,91.38365398199008,130.36098212017967,337.2172499999999,9.905569145464968,132.58532824913894
39.964848,-6.913391,295.0,2015-05-18 21:00:00,22.9,53,12.7,22.0,0.0,0.0,0.0,0.0,1,1010.0,976.3,26,0,0,86,0.08,1.33,12.2,22.7,313,317,24.5,23.5,23.2,18.1,13.2,0.207,0.255,0.278,0.344,0,0.0,0.0,0.0,0.0,0.0,0.0,0.0,0.0,0.0,0.0,0.0,0.0,0.0,28.681953524341548,89.36173296589881,133.33062260017968,343.74324999999993,7.23462845633886,135.38190921257336
39.964848,-6.913391,295.0,2015-05-18 22:00:00,21.5,61,13.6,20.9,0.0,0.0,0.0,0.0,1,1010.7,976.8,25,0,0,84,0.06,1.01,12.8,23.9,320,326,24.5,22.5,23.1,18.2,13.2,0.207,0.255,0.278,0.344,0,0.0,0.0,0.0,0.0,0.0,0.0,0.0,0.0,0.0,0.0,0.0,0.0,0.0,24.942619637866365,87.67609026185856,135.65104912417968,350.01724999999993,5.855187980674495,137.79455974308556
39.964848,-6.913391,295.0,2015-05-18 23:00:00,20.5,66,13.9,19.8,0.0,0.0,0.0,0.0,1,1010.7,976.7,20,0,0,67,0.05,0.82,13.2,24.2,331,335,25.9,21.6,22.9,18.2,13.2,0.207,0.255,0.278,0.344,0,0.0,0.0,0.0,0.0,0.0,0.0,0.0,0.0,0.0,0.0,0.0,0.0,0.0,22.666009077795596,86.52476520857682,137.5844746281797,356.1112499999999,5.071077709535975,139.97231338075653
39.964848,-6.913391,295.0,2015-05-19 00:00:00,19.5,69,13.6,18.6,0.0,0.0,0.0,0.0,0,1010.5,976.4,11,3,0,28,0.05,0.71,14.7,26.4,338,343,29.2,20.9,22.7,18.2,13.2,0.208,0.255,0.278,0.344,0,0.0,0.0,0.0,0.0,0.0,0.0,0.0,0.0,0.0,0.0,0.0,0.0,0.0,22.215687776935667,85.7388125015933,139.26569130417968,362.0252499999999,4.896728809180868,141.98378954955083
39.964848,-6.913391,295.0,2015-05-19 01:00:00,18.8,68,12.8,17.6,0.0,0.0,0.0,0.0,0,1010.3,976.1,5,5,0,2,0.05,0.69,14.8,25.6,342,346,32.0,20.3,22.5,18.2,13.2,0.208,0.255,0.278,0.344,0,0.0,0.0,0.0,0.0,0.0,0.0,0.0,0.0,0.0,0.0,0.0,0.0,0.0,22.22198455985446,85.65999382646595,140.94216919217968,367.8132499999999,4.867596647111669,143.96737669268992
39.964848,-6.913391,295.0,2015-05-19 02:00:00,17.9,66,11.4,16.0,0.0,0.0,0.0,0.0,0,1010.4,976.1,3,3,0,0,0.06,0.71,16.5,27.7,344,347,34.2,19.8,22.2,18.2,13.2,0.208,0.255,0.278,0.344,0,0.0,0.0,0.0,0.0,0.0,0.0,0.0,0.0,0.0,0.0,0.0,0.0,0.0,23.822599889736857,85.70791844856429,142.64286755217967,373.4392499999999,5.338546389127275,145.93166708008584
39.964848,-6.913391,295.0,2015-05-19 03:00:00,17.0,63,9.9,14.4,0.0,0.0,0.0,0.0,0,1010.2,975.8,0,0,0,0,0.07,0.72,18.3,30.5,345,348,38.5,19.3,22.0,18.2,13.2,0.208,0.255,0.278,0.344,0,0.0,0.0,0.0,0.0,0.0,0.0,0.0,0.0,0.0,0.0,0.0,0.0,0.0,25.60297667076912,85.75585889299317,144.40595995417968,378.9032499999999,5.884689128233292,147.89713579665369
39.964848,-6.913391,295.0,2015-05-19 04:00:00,16.2,62,9.0,13.2,0.0,0.0,0.0,0.0,0,1010.4,975.9,0,0,0,0,0.07,0.69,18.9,31.4,347,350,40.0,18.8,21.7,18.2,13.2,0.208,0.255,0.278,0.344,0,0.0,0.0,0.0,0.0,0.0,0.0,0.0,0.0,0.0,0.0,0.0,0.0,0.0,26.365954028259072,85.80381516497633,146.13667063817968,384.2232499999999,6.106139450714532,149.817859786509
39.964848,-6.913391,295.0,2015-05-19 05:00:00,15.7,62,8.4,12.4,0.0,0.0,0.0,0.0,0,1010.2,975.7,0,0,0,0,0.07,0.68,20.0,33.6,352,355,42.1,18.3,21.5,18.2,13.2,0.208,0.255,0.278,0.344,0,0.0,0.0,0.0,0.0,0.0,0.0,0.0,0.0,0.0,0.0,0.0,0.0,0.0,27.615197061790585,85.85178726973925,147.8173607821797,389.4532499999999,6.497638112658032,151.69487616243524
39.964848,-6.913391,295.0,2015-05-19 06:00:00,15.5,61,8.1,12.2,0.0,0.0,0.0,0.0,0,1010.9,976.3,1,1,0,0,0.09,0.69,19.5,34.2,356,360,44.6,18.1,21.2,18.2,13.2,0.208,0.255,0.278,0.344,1,883.78,29.0,15.0,14.0,140.6,29.0,83.6,65.3,33.8,31.5,239.9,38.3,188.3,27.360787391042923,85.89977521250911,149.5217448661797,394.64724999999993,6.378716082711414,153.5772571557435
39.964848,-6.913391,295.0,2015-05-19 07:00:00,16.2,59,8.2,12.4,0.0,0.0,0.0,0.0,0,1011.2,976.7,1,1,0,0,0.15,0.76,23.4,35.7,1,3,46.1,18.6,21.0,18.2,13.2,0.208,0.255,0.278,0.344,1,3600.0,174.0,116.0,58.0,493.2,174.0,314.5,243.6,162.4,81.2,493.2,243.6,440.2,31.51421896877255,85.94777899851486,151.3890906041797,399.9672499999999,7.816359415218392,155.56929262648623
39.964848,-6.913391,295.0,2015-05-19 08:00:00,17.6,52,7.8,13.4,0.0,0.0,0.0,0.0,0,1011.5,977.2,0,0,0,0,0.26,0.96,25.0,36.3,6,7,52.9,19.7,20.9,18.3,13.2,0.208,0.254,0.278,0.344,1,3600.0,377.0,295.0,82.0,701.1,377.0,562.6,456.9,357.5,99.4,701.1,456.9,681.8,35.224869346758645,86.5237780342549,153.7521662201797,405.5392499999999,9.189078500521234,157.87058075420148
39.964848,-6.913391,295.0,2015-05-19 09:00:00,19.3,46,7.5,15.1,0.0,0.0,0.0,0.0,0,1012.1,977.9,0,0,0,0,0.37,1.2,25.2,35.9,9,10,54.7,21.1,20.9,18.3,13.2,0.207,0.254,0.277,0.344,1,3600.0,575.0,478.0,97.0,806.8,575.0,792.1,650.9,541.1,109.8,806.8,650.9,896.6,39.86080794214721,87.7393514774914,156.6523044761797,411.4172499999999,11.036586503161386,160.51209744785191
39.964848,-6.913391,295.0,2015-05-19 10:00:00,20.9,41,7.1,17.8,0.0,0.0,0.0,0.0,0,1012.3,978.3,1,1,0,0,0.49,1.47,23.2,32.7,7,8,54.7,22.5,20.9,18.3,13.2,0.207,0.254,0.277,0.344,1,3600.0,750.0,636.0,114.0,861.2,750.0,987.3,812.8,689.3,123.5,861.2,812.8,1070.0,41.923740269009755,88.94267484539449,160.0694971561797,417.5832499999999,11.858149036974154,163.47727119295402
39.964848,-6.913391,295.0,2015-05-19 11:00:00,22.5,35,6.4,19.8,0.0,0.0,0.0,0.0,0,1012.5,978.7,0,0,0,0,0.59,1.76,23.1,32.1,4,4,53.6,24.0,21.0,18.3,13.2,0.206,0.254,0.277,0.344,1,3600.0,887.0,766.0,121.0,902.2,887.0,1135.0,930.2,803.3,126.9,902.2,930.2,1190.3,47.755121207280546,90.35776252241644,164.1079975961797,424.0372499999999,14.452479058162506,166.81601293752462
39.964848,-6.913391,295.0,2015-05-19 12:00:00,23.6,31,5.5,21.3,0.0,0.0,0.0,0.0,0,1012.4,978.7,0,0,0,0,0.67,2.01,22.7,31.4,2,3,52.2,25.3,21.2,18.3,13.2,0.205,0.253,0.277,0.344,1,3600.0,980.0,873.0,107.0,952.6,980.0,1225.2,999.3,890.2,109.1,952.6,999.3,1249.3,58.0484733581543,93.11683654785156,87.81169128417969,283.28125,26.28662109375,98.52734375
39.964848,-6.913391,295.0,2015-05-19 13:00:00,24.4,28,4.8,22.0,0.0,0.0,0.0,0.0,0,1012.2,978.6,0,0,0,0,0.71,2.2,22.7,31.3,360,1,51.5,26.3,21.5,18.3,13.2,0.205,0.253,0.277,0.344,1,3600.0,1003.0,897.0,106.0,958.1,1003.0,1251.6,996.0,890.7,105.3,958.1,996.0,1242.8,51.68748991098811,93.1672230491499,92.64525504417969,290.07725,21.084198338388138,103.02770166749376
39.964848,-6.913391,295.0,2015-05-19 14:00:00,25.0,26,4.1,22.3,0.0,0.0,0.0,0.0,0,1012.3,978.8,0,0,0,0,0.7,2.35,22.7,31.4,357,357,50.4,26.8,21.7,18.3,13.2,0.204,0.252,0.277,0.344,1,3600.0,966.0,856.0,110.0,943.8,966.0,1212.5,933.4,827.1,106.3,943.8,933.4,1171.5,52.795595819534455,93.21762618556902,97.72997456817968,296.98125,21.23328152088212,107.23679402837048
39.964848,-6.913391,295.0,2015-05-19 15:00:00,25.0,24,3.3,21.7,0.0,0.0,0.0,0.0,0,1012.2,978.7,0,0,0,0,0.66,2.4,22.8,31.4,355,355,49.7,27.0,21.9,18.3,13.3,0.203,0.252,0.277,0.344,1,3600.0,875.0,769.0,106.0,925.7,875.0,1110.6,819.5,720.3,99.3,925.7,819.5,1040.2,54.047245870467414,93.27001926791797,102.95211894417969,303.88525,21.497336866660635,111.48245443004146
39.964848,-6.913391,295.0,2015-05-19 16:00:00,24.9,23,2.4,20.9,0.0,0.0,0.0,0.0,0,1012.4,978.9,0,0,0,0,0.58,2.43,22.1,31.1,353,354,49.0,26.7,22.1,18.3,13.3,0.202,0.252,0.277,0.344,1,3600.0,735.0,637.0,98.0,893.7,735.0,952.8,661.7,573.5,88.2,893.7,661.7,857.8,54.56026379852689,93.46373124617759,108.22270426417968,310.77125,21.32086074224445,115.70921911830612
39.964848,-6.913391,295.0,2015-05-19 17:00:00,24.3,23,1.6,19.3,0.0,0.0,0.0,0.0,0,1012.5,978.9,0,0,0,0,0.48,2.35,21.8,31.2,352,353,48.2,26.0,22.3,18.3,13.3,0.202,0.251,0.277,0.344,1,3600.0,553.0,465.0,88.0,828.8,553.0,749.9,469.6,394.8,74.7,828.8,469.6,636.8,55.00399795473819,93.51423227488037,113.37166069217969,317.54925000000003,21.149294908476158,119.80825174547071
39.964848,-6.913391,295.0,2015-05-19 18:00:00,23.4,23,1.0,18.3,0.0,0.0,0.0,0.0,0,1013.2,979.5,0,0,0,0,0.36,2.22,21.5,31.3,350,352,47.2,24.9,22.4,18.3,13.3,0.201,0.251,0.277,0.344,1,3600.0,352.0,279.0,73.0,723.0,352.0,515.8,267.7,212.1,55.5,723.0,267.7,392.2,55.3732564762848,93.56474997651523,118.3381737821797,324.16525,20.979078304472914,123.74342781636423
39.964848,-6.913391,295.0,2015-05-19 19:00:00,21.7,25,1.0,17.0,0.0,0.0,0.0,0.0,0,1013.8,979.8,0,0,0,0,0.24,1.95,19.3,30.1,346,348,44.6,23.5,22.4,18.3,13.3,0.201,0.251,0.277,0.344,1,3600.0,154.0,106.0,48.0,531.8,154.0,266.5,81.4,56.0,25.4,531.8,81.4,140.8,52.44364028223061,93.61528435658671,122.8400223821797,330.47525,18.910215139473042,127.34366192530383
39.964848,-6.913391,295.0,2015-05-19 20:00:00,20.0,29,1.2,15.3,0.0,0.0,0.0,0.0,0,1014.6,980.4,0,0,0,0,0.18,1.67,19.3,32.4,346,348,40.0,22.0,22.3,18.4,13.3,0.201,0.251,0.277,0.344,0,158.19,17.0,8.0,9.0,89.8,17.0,60.2,0.0,0.0,0.0,0.0,0.0,0.0,50.19502195382381,93.0151112923685,126.7840103281797,336.47925000000004,17.39028291517884,130.57124138629294
39.964848,-6.913391,295.0,2015-05-19 21:00:00,18.5,33,1.9,13.7,0.0,0.0,0.0,0.0,0,1016.0,981.6,0,0,0,0,0.16,1.43,20.5,34.3,349,351,41.0,20.8,22.1,18.4,13.3,0.201,0.251,0.277,0.344,0,0.0,0.0,0.0,0.0,0.0,0.0,0.0,0.0,0.0,0.0,0.0,0.0,0.0,48.3577161496793,92.08093951824225,130.2412194401797,342.21325,16.199065949211906,133.48063256914676
39.964848,-6.913391,295.0,2015-05-19 22:00:00,17.2,37,2.3,12.4,0.0,0.0,0.0,0.0,0,1017.4,982.8,0,0,0,0,0.15,1.24,21.0,34.7,353,356,42.5,19.8,21.9,18.4,13.3,0.201,0.251,0.277,0.344,0,0.0,0.0,0.0,0.0,0.0,0.0,0.0,0.0,0.0,0.0,0.0,0.0,0.0,45.32660732043729,91.11159072324125,133.2764131541797,347.71325,14.478054387834916,136.11891107455065
39.964848,-6.913391,295.0,2015-05-19 23:00:00,16.3,39,2.4,11.6,0.0,0.0,0.0,0.0,0,1017.7,983.0,0,0,0,0,0.13,1.12,20.5,34.4,3,5,42.5,19.0,21.7,18.4,13.3,0.201,0.251,0.276,0.344,0,0.0,0.0,0.0,0.0,0.0,0.0,0.0,0.0,0.0,0.0,0.0,0.0,0.0,42.36258389442771,90.48322629160218,136.07071847817969,353.05125000000004,12.907268066465942,138.59778902706145
39.964848,-6.913391,295.0,2015-05-20 00:00:00,15.7,40,2.2,11.2,0.0,0.0,0.0,0.0,0,1018.1,983.3,0,0,0,0,0.12,1.07,19.4,33.4,11,14,40.3,18.4,21.4,18.4,13.3,0.201,0.251,0.276,0.344,0,0.0,0.0,0.0,0.0,0.0,0.0,0.0,0.0,0.0,0.0,0.0,0.0,0.0,39.72209874142103,90.11564026326013,138.7244397581797,358.28125000000006,11.585727102521515,140.9811515462491
39.964848,-6.913391,295.0,2015-05-20 01:00:00,15.2,40,1.7,10.6,0.0,0.0,0.0,0.0,0,1018.4,983.5,4,0,0,14,0.12,1.03,18.6,31.9,15,18,38.2,17.9,21.2,18.4,13.3,0.201,0.251,0.276,0.344,0,0.0,0.0,0.0,0.0,0.0,0.0,0.0,0.0,0.0,0.0,0.0,0.0,0.0,38.318854824763015,89.95736557932727,141.2991812381797,363.42125000000004,10.878543092558857,143.30495812505745
39.964848,-6.913391,295.0,2015-05-20 02:00:00,14.6,41,1.5,10.2,0.0,0.0,0.0,0.0,0,1018.8,983.9,0,0,0,0,0.11,0.99,17.8,30.6,18,21,37.1,17.4,20.9,18.4,13.3,0.201,0.251,0.276,0.344,0,0.0,0.0,0.0,0.0,0.0,0.0,0.0,0.0,0.0,0.0,0.0,0.0,0.0,36.65243316463423,89.71510058129844,143.7378141961797,368.45325,10.092124973865976,145.53675717160738
39.964848,-6.913391,295.0,2015-05-20 03:00:00,13.9,43,1.4,9.5,0.0,0.0,0.0,0.0,0,1019.5,984.4,0,0,0,0,0.1,0.91,17.3,29.8,21,23,34.9,16.8,20.6,18.4,13.3,0.201,0.251,0.276,0.344,0,0.0,0.0,0.0,0.0,0.0,0.0,0.0,0.0,0.0,0.0,0.0,0.0,0.0,34.85222323975397,89.31313616494327,145.9887384961797,373.35925000000003,9.289582666427952,147.64716315193354
39.964848,-6.913391,295.0,2015-05-20 04:00:00,13.2,45,1.5,9.0,0.0,0.0,0.0,0.0,0,1020.0,984.8,0,0,0,0,0.09,0.84,16.5,29.2,20,24,32.8,16.3,20.4,18.4,13.3,0.201,0.25,0.276,0.343,0,0.0,0.0,0.0,0.0,0.0,0.0,0.0,0.0,0.0,0.0,0.0,0.0,0.0,32.65540560218447,88.87080457268625,148.0593255861797,378.13925,8.37360347916586,149.64044580927688
39.964848,-6.913391,295.0,2015-05-20 05:00:00,12.6,47,1.6,8.4,0.0,0.0,0.0,0.0,0,1020.3,985.1,1,0,0,2,0.08,0.77,15.7,27.7,20,25,31.3,15.8,20.1,18.4,13.3,0.201,0.25,0.276,0.343,0,0.0,0.0,0.0,0.0,0.0,0.0,0.0,0.0,0.0,0.0,0.0,0.0,0.0,30.574597294620695,88.43126415413245,149.9709000121797,382.81125000000003,7.5510145746069375,151.53129396217963
39.964848,-6.913391,295.0,2015-05-20 06:00:00,12.4,49,2.0,8.4,0.0,0.0,0.0,0.0,0,1021.1,985.8,12,0,0,40,0.08,0.73,15.3,26.1,19,24,28.4,15.5,19.8,18.4,13.3,0.201,0.25,0.276,0.343,1,1107.73,33.0,17.0,16.0,157.8,33.0,85.0,74.2,38.2,36.0,267.3,43.8,191.1,29.12183609990429,88.03624849059759,151.7834864221797,387.44725000000005,6.992764290414787,153.36455057759687
39.964848,-6.913391,295.0,2015-05-20 07:00:00,12.9,51,2.9,8.9,0.0,0.0,0.0,0.0,0,1021.3,986.1,10,0,0,34,0.14,0.73,16.3,24.3,22,24,32.4,16.1,19.5,18.4,13.3,0.201,0.25,0.276,0.343,1,3600.0,190.0,133.0,57.0,560.6,190.0,317.1,265.2,185.7,79.6,560.6,265.2,442.6,29.341310457272073,87.72864949599844,153.5894911821797,392.17325000000005,7.0372205285458,155.21207099570557
39.964848,-6.913391,295.0,2015-05-20 08:00:00,14.6,45,2.7,10.7,0.0,0.0,0.0,0.0,0,1021.6,986.6,17,0,0,58,0.23,0.92,15.1,21.4,28,29,35.6,17.4,19.4,18.4,13.3,0.201,0.25,0.276,0.343,1,3600.0,389.0,302.0,87.0,714.6,389.0,564.8,471.0,365.6,105.3,714.6,471.0,683.7,28.39386815690778,87.77725708548057,155.8627930921797,397.20525000000004,6.670548269730557,157.3579646364486
39.964848,-6.913391,295.0,2015-05-20 09:00:00,16.3,39,2.4,12.8,0.0,0.0,0.0,0.0,1,1021.3,986.5,23,0,0,78,0.34,1.13,13.5,18.2,29,30,34.9,19.1,19.4,18.4,13.3,0.201,0.25,0.276,0.343,1,3600.0,582.0,464.0,118.0,781.1,582.0,793.9,658.5,525.0,133.5,781.1,658.5,898.2,29.045683265549147,88.53184098971678,158.65709841617968,402.54325000000006,6.8569119541654056,159.82848635597554
39.964848,-6.913391,295.0,2015-05-20 10:00:00,18.2,34,2.0,15.8,0.0,0.0,0.0,0.0,1,1021.8,987.2,27,0,0,90,0.46,1.38,11.9,15.8,25,27,32.8,21.0,19.4,18.4,13.3,0.201,0.25,0.276,0.343,1,3600.0,762.0,643.0,119.0,869.0,762.0,988.8,825.6,696.7,128.9,869.0,825.6,1071.4,30.992416485569592,89.71868252464478,162.01058072417968,408.22325000000006,7.500487571137968,162.64742710726983
39.964848,-6.913391,295.0,2015-05-20 11:00:00,19.7,29,1.3,18.0,0.0,0.0,0.0,0.0,1,1021.4,987.0,29,0,0,98,0.55,1.63,11.9,15.9,14,13,32.8,22.7,19.6,18.4,13.3,0.2,0.249,0.276,0.343,1,3600.0,892.0,759.0,133.0,892.6,892.0,1136.3,935.3,795.9,139.5,892.6,935.3,1191.5,35.210020448817,91.01146750581734,165.89849301217967,414.17325000000005,9.023427252511388,165.89581486567752
39.964848,-6.913391,295.0,2015-05-20 12:00:00,21.0,26,0.8,19.4,0.0,0.0,0.0,0.0,1,1021.1,986.8,26,0,0,88,0.62,1.85,13.0,17.4,5,6,33.5,24.1,19.8,18.4,13.3,0.199,0.249,0.276,0.343,1,3600.0,966.0,806.0,160.0,878.3,966.0,1226.3,985.0,821.8,163.1,878.3,985.0,1250.4,51.84700012207031,94.2266845703125,93.31559753417969,290.140625,21.21923828125,103.1328125
39.964848,-6.913391,295.0,2015-05-20 13:00:00,22.0,24,0.6,20.2,0.0,0.0,0.0,0.0,1,1020.4,986.3,25,0,0,82,0.65,2.01,14.0,18.7,1,1,34.2,25.0,20.1,18.4,13.3,0.198,0.248,0.276,0.343,1,3600.0,979.0,801.0,178.0,854.4,979.0,1252.7,972.2,795.4,176.8,854.4,972.2,1244.0,43.60829645514853,94.18620354037947,97.9374954301797,296.504625,15.671415938512727,107.28367280606882
39.964848,-6.913391,295.0,2015-05-20 14:00:00,22.6,23,0.5,20.5,0.0,0.0,0.0,0.0,1,1020.0,985.9,24,0,0,80,0.65,2.11,15.1,20.2,359,360,35.3,25.7,20.4,18.4,13.3,0.198,0.248,0.276,0.343,1,3600.0,954.0,818.0,136.0,900.6,954.0,1213.7,921.9,790.5,131.4,900.6,921.9,1172.9,46.059058786414006,94.23694309355972,102.7418366641797,302.97662499999996,16.681194278593434,111.20628501034271
39.964848,-6.913391,295.0,2015-05-20 15:00:00,22.9,23,0.6,20.2,0.0,0.0,0.0,0.0,1,1019.5,985.5,26,0,0,86,0.6,2.15,15.8,21.2,359,360,36.7,25.8,20.6,18.4,13.4,0.197,0.248,0.276,0.343,1,3600.0,867.0,749.0,118.0,900.0,867.0,1112.1,812.2,701.7,110.5,900.0,812.2,1041.8,47.96896309720334,94.28769939842098,107.6069923441797,309.50262499999997,17.40169888606802,115.13738679606848
39.964848,-6.913391,295.0,2015-05-20 16:00:00,22.7,23,0.7,19.3,0.0,0.0,0.0,0.0,0,1019.3,985.3,20,0,0,65,0.52,2.12,16.2,22.0,359,359,37.4,25.5,20.9,18.4,13.4,0.196,0.247,0.275,0.343,1,3600.0,729.0,636.0,93.0,890.3,729.0,954.6,656.6,572.8,83.8,890.3,656.6,859.8,49.419944305314026,94.33847246049382,112.4316050601797,315.992625,17.88093268232016,119.00601460734195
39.964848,-6.913391,295.0,2015-05-20 17:00:00,22.3,24,0.8,18.0,0.0,0.0,0.0,0.0,1,1019.0,984.9,21,0,0,69,0.41,2.04,15.5,21.2,359,360,37.1,24.7,21.0,18.4,13.4,0.196,0.247,0.275,0.343,1,3600.0,524.0,414.0,110.0,735.5,524.0,752.1,445.3,351.8,93.5,735.5,445.3,639.2,48.534548028135724,94.25299182076941,117.11352760417971,322.410625,17.058623219410855,122.7535326381361
39.964848,-6.913391,295.0,2015-05-20 18:00:00,21.7,25,0.8,17.7,0.0,0.0,0.0,0.0,1,1019.0,984.9,21,0,0,69,0.29,1.95,14.4,20.5,359,1,35.3,23.6,21.1,18.4,13.4,0.196,0.247,0.275,0.343,1,3600.0,334.0,242.0,92.0,623.7,334.0,518.4,254.5,184.4,70.1,623.7,254.5,395.0,46.36988327725151,94.01205492939198,121.61537620417971,328.720625,15.609633788807358,126.35925632514831
39.964848,-6.913391,295.0,2015-05-20 19:00:00,20.8,27,1.1,17.2,0.0,0.0,0.0,0.0,1,1018.7,984.5,23,0,0,78,0.17,1.79,11.2,18.4,354,359,30.2,22.3,21.2,18.4,13.4,0.196,0.247,0.275,0.343,1,3600.0,151.0,101.0,50.0,500.8,151.0,269.5,80.7,54.0,26.7,500.8,80.7,144.1,40.56463181932388,93.56173696674257,125.82420974617972,334.868625,12.479522804922064,129.7588201902674
39.964848,-6.913391,295.0,2015-05-20 20:00:00,19.3,30,1.3,15.7,0.0,0.0,0.0,0.0,1,1019.4,985.0,24,0,0,80,0.12,1.57,11.5,22.1,346,353,22.3,20.8,21.1,18.4,13.4,0.196,0.247,0.275,0.343,0,100.14,17.0,7.0,10.0,77.6,17.0,61.8,0.0,0.0,0.0,0.0,0.0,0.0,38.65531826312347,92.83195040019362,129.58364822617972,340.746625,11.440900249407273,132.85635360559795
39.964848,-6.913391,295.0,2015-05-20 21:00:00,18.0,33,1.3,13.6,0.0,0.0,0.0,0.0,1,1020.3,985.7,24,0,0,79,0.14,1.39,17.1,30.3,353,356,33.1,19.6,21.0,18.4,13.4,0.196,0.247,0.275,0.343,0,0.0,0.0,0.0,0.0,0.0,0.0,0.0,0.0,0.0,0.0,0.0,0.0,0.0,43.299010682742946,92.00131103801655,132.95266322817972,346.390625,13.495715021853403,135.69663128464492
39.964848,-6.913391,295.0,2015-05-20 22:00:00,17.0,37,2.1,12.4,0.0,0.0,0.0,0.0,0,1021.4,986.6,16,0,0,53,0.13,1.23,19.1,32.6,3,7,40.3,18.8,20.8,18.4,13.4,0.196,0.247,0.275,0.343,0,0.0,0.0,0.0,0.0,0.0,0.0,0.0,0.0,0.0,0.0,0.0,0.0,0.0,42.740498473374366,91.08191612330845,135.9546854261797,351.854625,13.100722711695221,138.3068560188279
39.964848,-6.913391,295.0,2015-05-20 23:00:00,16.4,37,1.7,11.6,0.0,0.0,0.0,0.0,1,1021.9,987.1,21,0,0,69,0.14,1.18,20.5,34.6,15,19,42.1,18.3,20.6,18.4,13.4,0.196,0.247,0.275,0.343,0,0.0,0.0,0.0,0.0,0.0,0.0,0.0,0.0,0.0,0.0,0.0,0.0,0.0,43.66929388577075,90.76184592947811,138.8571930761797,357.210625,13.431241191532775,140.8419412718808
39.964848,-6.913391,295.0,2015-05-21 00:00:00,15.9,37,1.2,10.9,0.0,0.0,0.0,0.0,1,1022.2,987.3,22,0,0,72,0.14,1.14,21.3,36.4,24,27,43.6,17.8,20.4,18.4,13.4,0.196,0.246,0.275,0.343,0,0.0,0.0,0.0,0.0,0.0,0.0,0.0,0.0,0.0,0.0,0.0,0.0,0.0,44.43770560775003,90.61448797401638,141.6767719361797,362.476625,13.692625154904388,143.3145567374701
39.964848,-6.913391,295.0,2015-05-21 01:00:00,15.1,40,1.6,10.3,0.0,0.0,0.0,0.0,1,1022.5,987.5,23,0,0,76,0.13,1.04,20.6,35.6,27,30,43.9,17.4,20.2,18.4,13.4,0.196,0.246,0.275,0.343,0,0.0,0.0,0.0,0.0,0.0,0.0,0.0,0.0,0.0,0.0,0.0,0.0,0.0,41.55920608019978,90.07923296169177,144.2357174561797,367.598625,12.243909201336843,145.62408975906064
39.964848,-6.913391,295.0,2015-05-21 02:00:00,14.4,44,2.1,9.8,0.0,0.0,0.0,0.0,1,1022.9,987.8,21,0,0,71,0.11,0.93,19.7,33.6,28,31,42.1,16.9,20.0,18.4,13.4,0.196,0.246,0.275,0.343,0,0.0,0.0,0.0,0.0,0.0,0.0,0.0,0.0,0.0,0.0,0.0,0.0,0.0,37.804697009417,89.33135077981947,146.52086633617972,372.594625,10.511225338019582,147.7686408276533
39.964848,-6.913391,295.0,2015-05-21 03:00:00,13.7,47,2.5,9.3,0.0,0.0,0.0,0.0,0,1023.3,988.1,10,0,0,34,0.1,0.84,18.5,32.4,29,32,38.2,16.4,19.8,18.4,13.4,0.196,0.246,0.275,0.343,0,0.0,0.0,0.0,0.0,0.0,0.0,0.0,0.0,0.0,0.0,0.0,0.0,0.0,34.264201450397394,88.67020424105604,148.58592484017973,377.464625,8.99858040786605,149.77627429686456
39.964848,-6.913391,295.0,2015-05-21 04:00:00,13.1,49,2.6,8.8,0.0,0.0,0.0,0.0,0,1023.6,988.3,9,0,0,31,0.09,0.77,18.0,31.6,29,32,35.6,15.9,19.5,18.4,13.4,0.196,0.246,0.275,0.343,0,0.0,0.0,0.0,0.0,0.0,0.0,0.0,0.0,0.0,0.0,0.0,0.0,0.0,32.24046676134788,88.17148610896531,150.49249721217973,382.226625,8.168747761018372,151.68209526682386
39.964848,-6.913391,295.0,2015-05-21 05:00:00,12.6,51,2.6,8.3,0.0,0.0,0.0,0.0,0,1024.0,988.6,9,0,0,31,0.08,0.72,17.6,30.9,28,32,34.9,15.5,19.3,18.4,13.4,0.196,0.246,0.275,0.343,0,0.0,0.0,0.0,0.0,0.0,0.0,0.0,0.0,0.0,0.0,0.0,0.0,0.0,30.58602142083426,87.73075123694312,152.25980187017973,386.89862500000004,7.515902021796336,153.49945028529783
39.964848,-6.913391,295.0,2015-05-21 06:00:00,12.5,51,2.6,8.2,0.0,0.0,0.0,0.0,0,1025.0,989.6,3,0,0,10,0.09,0.71,17.6,30.1,28,32,33.8,15.3,19.0,18.4,13.4,0.196,0.246,0.275,0.343,1,1124.73,32.0,17.0,15.0,156.3,32.0,86.3,71.9,38.2,33.7,263.2,42.7,193.8,30.27657396194085,87.5931532145875,154.01420649417972,391.55262500000003,7.369414795966107,155.3066899634891
39.964848,-6.913391,295.0,2015-05-21 07:00:00,13.1,49,2.5,8.8,0.0,0.0,0.0,0.0,0,1025.6,990.2,3,0,0,10,0.14,0.78,18.0,27.3,33,34,36.4,15.8,18.8,18.4,13.4,0.196,0.246,0.275,0.343,1,3600.0,186.0,131.0,55.0,547.7,186.0,319.5,258.9,182.4,76.6,547.7,258.9,444.8,30.93200162035711,87.64171606992552,155.92077886617972,396.31462500000004,7.571862754233999,157.21252341962486
39.964848,-6.913391,295.0,2015-05-21 08:00:00,14.8,44,2.5,10.6,0.0,0.0,0.0,0.0,0,1025.7,990.5,0,0,0,0,0.24,0.95,16.9,23.5,40,41,38.2,17.2,18.7,18.4,13.4,0.196,0.246,0.275,0.343,1,3600.0,385.0,307.0,78.0,723.5,385.0,566.8,465.7,371.3,94.3,723.5,465.7,685.6,30.041227062495803,87.69029495830702,158.26489933017973,401.382625,7.213536164729947,159.40076365705409
39.964848,-6.913391,295.0,2015-05-21 09:00:00,16.6,39,2.5,12.9,0.0,0.0,0.0,0.0,0,1025.7,990.8,0,0,0,0,0.35,1.16,15.0,20.4,48,49,37.1,18.8,18.7,18.3,13.4,0.195,0.246,0.275,0.343,1,3600.0,583.0,490.0,93.0,822.8,583.0,795.6,659.3,554.2,105.2,822.8,659.3,899.7,30.752516120308368,88.56102916847681,161.10738233217972,406.774625,7.426326462832639,161.9046511167194
39.964848,-6.913391,295.0,2015-05-21 10:00:00,18.4,35,2.7,15.9,0.0,0.0,0.0,0.0,0,1025.8,991.1,0,0,0,0,0.46,1.37,13.7,18.6,55,54,34.9,20.7,18.8,18.3,13.4,0.195,0.245,0.275,0.343,1,3600.0,757.0,654.0,103.0,882.3,757.0,990.2,820.0,708.5,111.6,882.3,820.0,1072.7,32.68572285670678,89.60963580010849,164.44427888217973,412.490625,8.085169893486922,164.71980203272145
39.964848,-6.913391,295.0,2015-05-21 11:00:00,19.9,32,2.6,18.2,0.0,0.0,0.0,0.0,0,1025.3,990.7,0,0,0,0,0.55,1.58,12.8,16.9,58,56,33.1,22.4,19.0,18.3,13.4,0.195,0.245,0.275,0.343,1,3600.0,891.0,782.0,109.0,918.3,891.0,1137.5,934.2,819.9,114.3,918.3,934.2,1192.6,34.734627954583964,90.517744189468,168.20371736217973,418.476625,8.799728099139259,168.19416066592854
39.964848,-6.913391,295.0,2015-05-21 12:00:00,21.2,29,2.5,20.1,0.0,0.0,0.0,0.0,0,1024.6,990.2,1,0,0,3,0.62,1.78,12.0,15.9,57,57,31.7,23.9,19.3,18.3,13.4,0.194,0.245,0.275,0.343,1,3600.0,973.0,860.0,113.0,935.9,973.0,1227.4,992.1,876.9,115.2,935.9,992.1,1251.5,44.8134765625,94.27733612060547,99.06897735595703,297.296875,16.361328125,107.58984375
39.964848,-6.913391,295.0,2015-05-21 13:00:00,22.2,27,2.4,21.3,0.0,0.0,0.0,0.0,0,1023.8,989.6,4,0,0,14,0.65,1.96,11.7,15.3,56,56,30.6,25.1,19.6,18.3,13.4,0.193,0.244,0.275,0.343,1,3600.0,998.0,884.0,114.0,941.8,998.0,1253.8,991.1,877.9,113.2,941.8,991.1,1245.2,39.75851499628368,93.79110023206019,103.54686874995703,303.696875,13.212751999416417,111.79832991492437
39.964848,-6.913391,295.0,2015-05-21 14:00:00,23.0,26,2.3,22.0,0.0,0.0,0.0,0.0,0,1023.2,989.1,10,0,0,34,0.65,2.09,11.2,14.6,57,57,29.5,25.9,19.9,18.3,13.4,0.192,0.244,0.275,0.343,1,3600.0,963.0,850.0,113.0,934.5,963.0,1215.0,930.7,821.5,109.2,934.5,930.7,1174.2,39.83785379429015,93.84170934174674,108.24195459395703,310.24087499999996,12.974877841537399,115.62821296687011
39.964848,-6.913391,295.0,2015-05-21 15:00:00,23.5,25,2.3,22.0,0.0,0.0,0.0,0.0,0,1022.6,988.6,19,0,0,64,0.6,2.18,11.1,14.6,54,52,28.1,26.2,20.2,18.3,13.5,0.192,0.244,0.274,0.343,1,3600.0,871.0,763.0,108.0,915.3,871.0,1113.5,816.2,715.0,101.2,915.3,816.2,1043.4,40.41471550766601,93.89233516004832,113.09921229395704,316.874875,13.000684268578183,119.53612317168904
39.964848,-6.913391,295.0,2015-05-21 16:00:00,23.8,24,2.2,21.4,0.0,0.0,0.0,0.0,1,1022.4,988.4,24,0,0,80,0.51,2.23,11.2,14.8,50,49,27.0,26.1,20.5,18.3,13.5,0.191,0.243,0.274,0.343,1,3600.0,729.0,626.0,103.0,874.3,729.0,956.4,656.8,564.0,92.8,874.3,656.8,861.7,41.23522212320537,93.9429776924813,118.08125807795705,323.56287499999996,13.158465829898184,123.49324332737855
39.964848,-6.913391,295.0,2015-05-21 17:00:00,23.6,24,2.1,20.2,0.0,0.0,0.0,0.0,1,1021.9,987.9,22,0,0,73,0.41,2.21,11.7,15.5,47,46,26.3,25.5,20.8,18.3,13.5,0.191,0.243,0.274,0.343,1,3600.0,550.0,459.0,91.0,812.8,550.0,754.3,467.8,390.4,77.4,812.8,467.8,641.5,42.57406995836135,93.99363694456387,123.02328742995705,330.21487499999995,13.589304417892544,127.39364482456617
39.964848,-6.913391,295.0,2015-05-21 18:00:00,23.2,25,2.0,19.7,0.0,0.0,0.0,0.0,0,1022.0,987.9,3,0,0,10,0.29,2.13,11.7,16.6,43,42,25.9,24.5,20.9,18.3,13.5,0.19,0.243,0.274,0.343,1,3600.0,352.0,278.0,74.0,712.7,352.0,521.0,268.8,212.3,56.5,712.7,268.8,397.8,43.201443652826946,94.04431292181599,127.82131027995705,336.79487499999993,13.685051197830562,131.1790462795354
39.964848,-6.913391,295.0,2015-05-21 19:00:00,22.0,27,2.0,18.8,0.0,0.0,0.0,0.0,0,1022.0,987.8,0,0,0,0,0.16,1.94,9.8,16.6,36,39,25.6,23.0,21.0,18.3,13.5,0.19,0.243,0.274,0.343,1,3600.0,156.0,107.0,49.0,524.5,156.0,272.5,84.3,57.8,26.5,524.5,84.3,147.3,39.77065007952045,93.70808724624715,132.26076483795705,343.1588749999999,11.868712689437743,134.7157277315631
39.964848,-6.913391,295.0,2015-05-21 20:00:00,20.3,30,2.3,17.3,0.0,0.0,0.0,0.0,0,1022.3,987.9,0,0,0,0,0.1,1.66,8.9,19.0,27,33,19.1,21.3,21.0,18.3,13.5,0.19,0.243,0.274,0.343,0,234.55,18.0,9.0,9.0,98.4,18.0,63.4,0.0,0.0,0.0,0.0,0.0,0.0,36.50647316479162,93.00704943970351,136.20448951795706,349.2168749999999,10.285411273559813,137.92364345758165
39.964848,-6.913391,295.0,2015-05-21 21:00:00,18.8,32,1.7,15.4,0.0,0.0,0.0,0.0,0,1022.8,988.2,0,0,0,0,0.1,1.48,10.8,23.2,26,33,19.8,20.0,20.9,18.3,13.5,0.19,0.243,0.274,0.343,0,0.0,0.0,0.0,0.0,0.0,0.0,0.0,0.0,0.0,0.0,0.0,0.0,0.0,36.7648555572542,92.33000239578656,139.76700502995706,355.0048749999999,10.291556074955789,140.87561390717156
39.964848,-6.913391,295.0,2015-05-21 22:00:00,17.8,32,1.0,13.7,0.0,0.0,0.0,0.0,0,1023.8,989.1,0,0,0,0,0.12,1.38,14.5,27.9,23,30,23.4,19.0,20.7,18.3,13.5,0.19,0.242,0.274,0.343,0,0.0,0.0,0.0,0.0,0.0,0.0,0.0,0.0,0.0,0.0,0.0,0.0,0.0,40.45717401467305,91.98682794135144,143.15049966195707,360.6128749999999,11.814294879185047,143.6957401449995
39.964848,-6.913391,295.0,2015-05-21 23:00:00,16.9,32,0.2,12.5,0.0,0.0,0.0,0.0,0,1023.8,989.0,0,0,0,0,0.13,1.31,16.0,29.5,23,28,27.0,18.3,20.5,18.4,13.5,0.19,0.242,0.274,0.343,0,0.0,0.0,0.0,0.0,0.0,0.0,0.0,0.0,0.0,0.0,0.0,0.0,0.0,41.89000485061894,91.77578647348845,146.37287550195708,366.05887499999994,12.366904765126023,146.39820836584173
39.964848,-6.913391,295.0,2015-05-22 00:00:00,16.2,33,-0.3,11.6,0.0,0.0,0.0,0.0,0,1023.7,988.8,2,0,0,6,0.13,1.24,16.7,31.0,25,31,32.0,17.7,20.3,18.4,13.5,0.19,0.242,0.274,0.343,0,0.0,0.0,0.0,0.0,0.0,0.0,0.0,0.0,0.0,0.0,0.0,0.0,0.0,42.00397224245524,91.49504831637319,149.42439170795708,371.37887499999994,12.310841205714533,149.41445230021486
39.964848,-6.913391,295.0,2015-05-22 01:00:00,15.4,34,-0.5,10.8,0.0,0.0,0.0,0.0,0,1023.3,988.3,2,0,0,8,0.12,1.17,16.9,31.1,27,32,34.2,17.3,20.1,18.4,13.5,0.19,0.242,0.274,0.343,0,0.0,0.0,0.0,0.0,0.0,0.0,0.0,0.0,0.0,0.0,0.0,0.0,0.0,41.30303295663205,91.18491573394121,152.2913584479571,376.5548749999999,11.899217705973168,152.27221050731072
39.964848,-6.913391,295.0,2015-05-22 02:00:00,14.6,36,-0.4,10.0,0.0,0.0,0.0,0.0,0,1023.1,988.0,4,0,0,12,0.11,1.07,16.9,31.3,24,29,34.9,16.8,19.9,18.4,13.5,0.19,0.242,0.274,0.343,0,0.0,0.0,0.0,0.0,0.0,0.0,0.0,0.0,0.0,0.0,0.0,0.0,0.0,39.81259849744661,90.73744385406783,154.9366552159571,381.5868749999999,11.164028219477485,154.91008452341603
39.964848,-6.913391,295.0,2015-05-22 03:00:00,13.8,38,-0.1,9.0,0.0,0.0,0.0,0.0,0,1023.1,987.9,4,0,0,12,0.11,0.98,18.5,33.0,24,28,34.9,16.3,19.7,18.3,13.5,0.191,0.242,0.274,0.343,0,0.0,0.0,0.0,0.0,0.0,0.0,0.0,0.0,0.0,0.0,0.0,0.0,0.0,40.234648437987076,90.24562718936392,157.36870652395712,386.4748749999999,11.279981179234554,157.33645403339074
39.964848,-6.913391,295.0,2015-05-22 04:00:00,13.0,41,0.0,8.2,0.0,0.0,0.0,0.0,0,1023.5,988.2,3,0,0,9,0.11,0.89,19.0,33.2,27,30,34.2,15.8,19.4,18.3,13.5,0.191,0.242,0.274,0.343,0,0.0,0.0,0.0,0.0,0.0,0.0,0.0,0.0,0.0,0.0,0.0,0.0,0.0,38.72792535432247,89.62291171782745,159.55881637795713,391.2188749999999,10.580394057959927,159.52300586513437
39.964848,-6.913391,295.0,2015-05-22 05:00:00,12.3,43,0.0,7.6,0.0,0.0,0.0,0.0,0,1023.6,988.2,3,0,0,11,0.1,0.82,17.9,31.7,28,32,33.1,15.2,19.2,18.3,13.5,0.191,0.242,0.274,0.343,0,0.0,0.0,0.0,0.0,0.0,0.0,0.0,0.0,0.0,0.0,0.0,0.0,0.0,35.70776507358299,89.11242576285021,161.56964208595713,395.8368749999999,9.302822357128864,161.53177693747952
39.964848,-6.913391,295.0,2015-05-22 06:00:00,12.0,45,0.3,7.4,0.0,0.0,0.0,0.0,0,1024.0,988.6,1,0,0,3,0.1,0.78,17.4,30.0,30,33,32.4,15.0,18.9,18.3,13.5,0.191,0.242,0.274,0.343,1,1359.5,35.0,19.0,16.0,173.1,35.0,87.6,78.5,42.6,35.9,289.8,46.9,196.4,33.794459792344384,88.67881514317199,163.4664736159571,400.4008749999999,8.5238992313848,163.4276415530546
39.964848,-6.913391,295.0,2015-05-22 07:00:00,12.6,43,0.2,8.0,0.0,0.0,0.0,0.0,0,1024.1,988.7,1,0,0,2,0.15,0.84,17.5,27.0,32,34,36.4,15.5,18.7,18.3,13.5,0.191,0.242,0.274,0.343,1,3600.0,193.0,138.0,55.0,572.5,193.0,321.9,268.0,191.6,76.4,572.5,268.0,447.0,34.161947937824664,88.72773643017071,165.52231780995712,405.07287499999995,8.627334048537424,165.48112060440505
39.964848,-6.913391,295.0,2015-05-22 08:00:00,14.3,38,0.1,9.7,0.0,0.0,0.0,0.0,0,1024.0,988.8,2,0,0,5,0.25,1.01,17.4,25.0,40,41,38.5,16.9,18.6,18.3,13.5,0.191,0.242,0.274,0.343,1,3600.0,395.0,317.0,78.0,744.3,395.0,568.8,477.4,383.1,94.3,744.3,477.4,687.4,34.31920490586268,88.77667386854921,168.0359815779571,410.05087499999996,8.644487104797848,167.98834140672915
39.964848,-6.913391,295.0,2015-05-22 09:00:00,16.2,34,0.2,12.0,0.0,0.0,0.0,0.0,0,1023.6,988.7,4,0,0,15,0.36,1.23,16.3,22.4,47,48,38.5,18.5,18.6,18.3,13.5,0.19,0.242,0.274,0.343,1,3600.0,595.0,502.0,93.0,840.9,595.0,797.2,672.6,567.5,105.1,840.9,672.6,901.2,35.591280482484564,89.50809679274195,171.0419527659571,415.37087499999996,9.083682547641608,170.98343962081597
39.964848,-6.913391,295.0,2015-05-22 10:00:00,18.0,30,0.2,14.7,0.0,0.0,0.0,0.0,0,1023.1,988.4,6,0,0,20,0.46,1.44,15.5,21.2,48,48,37.4,20.3,18.7,18.3,13.5,0.19,0.241,0.274,0.343,1,3600.0,757.0,649.0,108.0,874.0,757.0,991.5,819.9,702.9,117.0,874.0,819.9,1073.9,38.43330092625672,90.56676170406034,174.5618191859571,421.01487499999996,10.153086648056304,174.48748493707237
39.964848,-6.913391,295.0,2015-05-22 11:00:00,19.7,27,0.0,17.4,0.0,0.0,0.0,0.0,0,1022.4,987.9,9,0,0,30,0.57,1.68,14.6,19.5,50,51,36.0,22.1,18.9,18.3,13.5,0.189,0.241,0.274,0.343,1,3600.0,905.0,795.0,110.0,932.3,905.0,1138.6,948.8,833.5,115.3,932.3,948.8,1193.7,40.97948718487798,91.5358452931846,178.5592501299571,426.96487499999995,11.139005392218374,178.46428556716418
39.964848,-6.913391,295.0,2015-05-22 12:00:00,21.1,24,-0.3,19.4,0.0,0.0,0.0,0.0,0,1021.6,987.3,10,0,0,33,0.64,1.91,13.4,18.0,54,53,35.3,23.7,19.1,18.3,13.5,0.189,0.241,0.274,0.343,1,3600.0,988.0,874.0,114.0,950.0,988.0,1228.4,1007.4,891.1,116.2,950.0,1007.4,1252.5,45.7431640625,94.35462188720703,104.81897735595703,304.4375,16.433515548706055,112.29426574707031
39.964848,-6.913391,295.0,2015-05-22 13:00:00,22.2,22,-0.8,20.6,0.0,0.0,0.0,0.0,0,1020.8,986.7,10,0,0,33,0.66,2.11,12.7,17.1,55,55,33.8,24.9,19.4,18.3,13.5,0.188,0.24,0.273,0.343,1,3600.0,1000.0,884.0,116.0,940.6,1000.0,1254.9,993.2,877.9,115.2,940.6,993.2,1246.3,44.100899220539475,94.40541704376267,109.60357363995703,310.8375,15.128915766222475,116.50545796263204
39.964848,-6.913391,295.0,2015-05-22 14:00:00,23.1,20,-1.2,21.4,0.0,0.0,0.0,0.0,0,1019.8,985.8,4,0,0,14,0.66,2.26,12.4,16.2,54,53,33.1,25.7,19.8,18.3,13.5,0.187,0.24,0.273,0.343,1,3600.0,977.0,864.0,113.0,948.6,977.0,1216.2,944.3,835.1,109.2,948.6,944.3,1175.5,44.44925118499586,94.45622897035675,114.70040339995704,317.3995,15.00671612518483,120.51914275249226
39.964848,-6.913391,295.0,2015-05-22 15:00:00,23.6,19,-1.4,21.3,0.0,0.0,0.0,0.0,0,1019.0,985.1,4,0,0,13,0.62,2.37,12.8,16.9,52,50,32.4,26.1,20.1,18.3,13.6,0.187,0.24,0.273,0.343,1,3600.0,884.0,776.0,108.0,929.3,884.0,1115.0,828.5,727.3,101.2,929.3,828.5,1045.0,45.78326643263496,94.50705767252596,119.96756626195705,324.0515,15.419902160099868,124.60741350288005
39.964848,-6.913391,295.0,2015-05-22 16:00:00,23.8,19,-1.4,20.7,0.0,0.0,0.0,0.0,0,1018.5,984.6,2,0,0,5,0.54,2.4,12.8,17.6,50,49,32.4,25.9,20.4,18.3,13.6,0.186,0.239,0.273,0.343,1,3600.0,742.0,642.0,100.0,894.6,742.0,958.1,668.8,578.7,90.1,894.6,668.8,863.7,46.51244891253486,94.55790315580876,125.27737821595704,330.73949999999996,15.528272463163702,128.69096920554944
39.964848,-6.913391,295.0,2015-05-22 17:00:00,23.6,19,-1.4,19.4,0.0,0.0,0.0,0.0,0,1018.0,984.1,0,0,0,1,0.43,2.37,13.2,18.1,47,47,32.0,25.3,20.6,18.3,13.6,0.186,0.239,0.273,0.343,1,3600.0,561.0,472.0,89.0,833.1,561.0,756.4,477.5,401.8,75.8,833.1,477.5,643.9,47.80909505940165,94.60876542574543,130.54454107795704,337.39149999999995,15.955760708694067,132.713911065779
39.964848,-6.913391,295.0,2015-05-22 18:00:00,23.1,20,-1.3,18.9,0.0,0.0,0.0,0.0,0,1017.8,983.9,0,0,0,0,0.31,2.28,13.2,19.1,45,46,31.0,24.3,20.8,18.3,13.6,0.186,0.239,0.273,0.343,1,3600.0,359.0,285.0,74.0,726.8,359.0,523.6,274.7,218.1,56.6,726.8,274.7,400.6,48.46651603423379,94.65964448787807,135.64137083795703,343.95349999999996,16.06783816213414,136.60449779182716
39.964848,-6.913391,295.0,2015-05-22 19:00:00,22.1,24,0.3,18.6,0.0,0.0,0.0,0.0,0,1017.8,983.8,0,0,0,0,0.17,2.04,10.2,17.6,39,41,27.7,22.9,20.8,18.3,13.6,0.185,0.239,0.273,0.343,1,3600.0,160.0,111.0,49.0,538.0,160.0,275.4,87.4,60.6,26.8,538.0,87.4,150.5,43.21356135302462,94.3504804961342,140.283276949957,350.33549999999997,13.237483810538594,140.28160684458175
39.964848,-6.913391,295.0,2015-05-22 20:00:00,20.3,27,0.9,17.0,0.0,0.0,0.0,0.0,0,1018.0,983.7,0,0,0,0,0.1,1.74,9.0,19.4,23,31,19.1,21.2,20.8,18.3,13.6,0.185,0.239,0.273,0.343,0,241.67,20.0,9.0,11.0,97.1,20.0,64.9,0.0,0.0,0.0,0.0,0.0,0.0,39.37313035662358,93.64770860070293,144.396018401957,356.39349999999996,11.304454113870648,144.37517288895828
39.964848,-6.913391,295.0,2015-05-22 21:00:00,18.9,29,0.6,15.1,0.0,0.0,0.0,0.0,0,1018.6,984.2,0,0,0,0,0.11,1.55,12.0,24.7,21,29,20.9,19.8,20.7,18.3,13.6,0.185,0.239,0.273,0.343,0,0.0,0.0,0.0,0.0,0.0,0.0,0.0,0.0,0.0,0.0,0.0,0.0,0.0,41.087303096607926,92.95712880014499,148.134395601957,362.19949999999994,11.940570834292172,148.09710854631194
39.964848,-6.913391,295.0,2015-05-22 22:00:00,17.9,30,0.1,13.4,0.0,0.0,0.0,0.0,0,1019.5,984.9,0,0,0,0,0.14,1.44,16.9,30.6,34,37,28.1,18.9,20.6,18.3,13.6,0.185,0.239,0.273,0.343,0,0.0,0.0,0.0,0.0,0.0,0.0,0.0,0.0,0.0,0.0,0.0,0.0,0.0,46.2918035140622,92.45933575024607,151.635833401957,367.8254999999999,14.252403060021539,151.5837183422933
39.964848,-6.913391,295.0,2015-05-22 23:00:00,17.1,32,0.0,12.3,0.0,0.0,0.0,0.0,0,1019.6,984.9,0,0,0,0,0.14,1.34,18.2,32.4,34,37,33.5,18.3,20.4,18.3,13.6,0.185,0.239,0.273,0.343,0,0.0,0.0,0.0,0.0,0.0,0.0,0.0,0.0,0.0,0.0,0.0,0.0,0.0,46.28340765701097,91.93313974346782,154.894013417957,373.30749999999995,14.128007155230158,154.82902117162607
39.964848,-6.913391,295.0,2015-05-23 00:00:00,16.3,34,0.4,11.6,0.0,0.0,0.0,0.0,0,1019.6,984.8,0,0,0,0,0.14,1.23,18.6,33.2,32,34,36.7,17.8,20.2,18.3,13.6,0.185,0.239,0.273,0.343,0,0.0,0.0,0.0,0.0,0.0,0.0,0.0,0.0,0.0,0.0,0.0,0.0,0.0,44.93233091450332,91.40964331087595,157.91736016195702,378.64549999999997,13.384415619592751,157.84142936454808
39.964848,-6.913391,295.0,2015-05-23 01:00:00,15.5,37,0.9,10.8,0.0,0.0,0.0,0.0,0,1019.1,984.2,0,0,0,0,0.12,1.11,18.4,33.0,28,32,37.4,17.3,20.0,18.3,13.6,0.186,0.239,0.273,0.343,0,0.0,0.0,0.0,0.0,0.0,0.0,0.0,0.0,0.0,0.0,0.0,0.0,0.0,42.25624805382851,90.76082624685384,160.670595989957,383.8395,12.08081805675194,160.58617261736129
39.964848,-6.913391,295.0,2015-05-23 02:00:00,14.6,41,1.4,10.1,0.0,0.0,0.0,0.0,0,1018.8,983.9,0,0,0,0,0.11,0.99,18.4,32.6,26,29,37.8,16.8,19.8,18.3,13.6,0.186,0.238,0.273,0.343,0,0.0,0.0,0.0,0.0,0.0,0.0,0.0,0.0,0.0,0.0,0.0,0.0,0.0,39.3254646569311,89.94435816967,163.109228947957,388.87149999999997,10.749407739516027,163.019294630203
39.964848,-6.913391,295.0,2015-05-23 03:00:00,13.8,44,1.8,9.5,0.0,0.0,0.0,0.0,0,1018.5,983.5,0,0,0,0,0.1,0.88,17.1,31.3,25,29,36.7,16.3,19.6,18.3,13.6,0.186,0.238,0.273,0.343,0,0.0,0.0,0.0,0.0,0.0,0.0,0.0,0.0,0.0,0.0,0.0,0.0,0.0,35.389397398009336,89.24416673670707,165.305920451957,393.75949999999995,9.105845731792895,165.21271136194946
39.964848,-6.913391,295.0,2015-05-23 04:00:00,13.1,47,2.1,9.1,0.0,0.0,0.0,0.0,0,1018.8,983.7,0,0,0,0,0.08,0.8,15.8,29.6,24,27,33.8,15.8,19.4,18.3,13.6,0.186,0.238,0.273,0.343,0,0.0,0.0,0.0,0.0,0.0,0.0,0.0,0.0,0.0,0.0,0.0,0.0,0.0,31.9370880858464,88.59620623829532,167.287260367957,398.52149999999995,7.770948514026476,167.1928074945865
39.964848,-6.913391,295.0,2015-05-23 05:00:00,12.5,50,2.3,8.6,0.0,0.0,0.0,0.0,0,1018.6,983.4,0,0,0,0,0.07,0.73,14.7,28.0,22,26,29.9,15.2,19.1,18.3,13.6,0.186,0.238,0.273,0.343,0,0.0,0.0,0.0,0.0,0.0,0.0,0.0,0.0,0.0,0.0,0.0,0.0,0.0,29.05170719812678,87.9798483903827,169.077469167957,403.17549999999994,6.729897230822579,168.9836136296111
39.964848,-6.913391,295.0,2015-05-23 06:00:00,12.3,52,2.7,8.5,0.0,0.0,0.0,0.0,0,1019.2,984.0,0,0,0,0,0.08,0.69,14.7,26.4,22,26,27.0,15.0,18.9,18.3,13.6,0.186,0.238,0.273,0.343,1,1378.11,35.0,19.0,16.0,171.6,35.0,88.8,78.4,42.6,35.8,285.8,47.1,198.9,27.870501883327766,87.53261913624947,170.770796079957,407.79349999999994,6.3126374509423435,170.67857098204064
39.964848,-6.913391,295.0,2015-05-23 07:00:00,13.3,50,3.0,9.5,0.0,0.0,0.0,0.0,0,1019.1,984.0,0,0,0,0,0.14,0.77,15.1,22.9,25,26,31.0,15.8,18.7,18.3,13.6,0.186,0.238,0.273,0.343,1,3600.0,192.0,137.0,55.0,564.2,192.0,324.1,266.0,189.8,76.2,564.2,266.0,449.0,28.45663003651926,87.58116200624062,172.666311279957,412.59149999999994,6.486018157920386,172.57408195878037
39.964848,-6.913391,295.0,2015-05-23 08:00:00,15.3,44,3.2,11.6,0.0,0.0,0.0,0.0,0,1019.2,984.3,0,0,0,0,0.24,0.97,14.8,21.0,34,35,33.1,17.3,18.6,18.3,13.6,0.186,0.238,0.273,0.343,1,3600.0,391.0,313.0,78.0,732.2,391.0,570.6,472.1,378.0,94.2,732.2,472.1,689.0,28.472872454765792,87.66402385237964,175.084146223957,417.74949999999995,6.464863951966187,174.98712887109832
39.964848,-6.913391,295.0,2015-05-23 09:00:00,17.4,39,3.3,14.0,0.0,0.0,0.0,0.0,0,1018.9,984.3,0,0,0,0,0.36,1.21,14.3,19.6,41,41,33.8,19.2,18.6,18.3,13.6,0.185,0.238,0.273,0.343,1,3600.0,587.0,495.0,92.0,827.3,587.0,798.6,663.3,559.4,104.0,827.3,663.3,902.5,30.947537188293744,88.6650329444068,178.05510303395698,423.28549999999996,7.276765902005818,177.9481140312451
39.964848,-6.913391,295.0,2015-05-23 10:00:00,19.3,35,3.3,17.3,0.0,0.0,0.0,0.0,0,1018.7,984.3,0,0,0,0,0.47,1.47,11.6,15.2,54,54,33.1,21.1,18.8,18.2,13.6,0.185,0.238,0.273,0.343,1,3600.0,759.0,658.0,101.0,884.7,759.0,992.7,821.9,712.5,109.4,884.7,821.9,1075.0,31.46856518422425,89.74989884474259,181.546010193957,429.16349999999994,7.421097020027367,181.42394374656297
39.964848,-6.913391,295.0,2015-05-23 11:00:00,21.1,31,3.2,20.0,0.0,0.0,0.0,0.0,0,1018.3,984.1,0,0,0,0,0.57,1.73,10.4,13.8,56,57,32.4,23.0,19.0,18.2,13.6,0.185,0.237,0.272,0.342,1,3600.0,890.0,781.0,109.0,914.7,890.0,1139.7,933.0,818.7,114.3,914.7,933.0,1194.7,33.78062283322019,90.87675037238138,185.57871878195698,435.36549999999994,8.207400301301119,185.43587236280064
39.964848,-6.913391,295.0,2015-05-23 12:00:00,22.5,28,2.9,21.9,0.0,0.0,0.0,0.0,0,1017.2,983.2,0,0,0,0,0.64,1.98,10.1,12.9,55,54,32.0,24.6,19.3,18.2,13.6,0.184,0.237,0.272,0.342,1,3600.0,971.0,858.0,113.0,931.5,971.0,1229.4,990.0,874.8,115.2,931.5,990.0,1253.5,47.68359375,94.92724609375,110.92053985595703,311.796875,17.07763671875,117.44660949707031
39.964848,-6.913391,295.0,2015-05-23 13:00:00,23.7,25,2.8,23.4,0.0,0.0,0.0,0.0,0,1016.4,982.6,0,0,0,0,0.67,2.19,8.8,11.8,55,52,31.3,25.9,19.6,18.2,13.6,0.183,0.237,0.272,0.342,1,3600.0,995.0,881.0,114.0,936.3,995.0,1255.9,988.2,875.0,113.2,936.3,988.2,1247.4,39.71362681699437,94.4709579641478,115.81728745595703,318.466875,12.542516677463752,121.32683319866294
39.964848,-6.913391,295.0,2015-05-23 14:00:00,24.5,24,2.7,23.9,0.0,0.0,0.0,0.0,0,1015.5,981.8,0,0,0,0,0.66,2.34,9.2,12.0,48,46,29.5,26.7,20.0,18.2,13.6,0.183,0.236,0.272,0.342,1,3600.0,961.0,850.0,111.0,931.9,961.0,1217.3,929.0,821.7,107.3,931.9,929.0,1176.8,40.91120750167326,94.5217915290994,120.93939075195703,325.28087500000004,12.887848156106918,125.35828902180383
39.964848,-6.913391,295.0,2015-05-23 15:00:00,25.1,23,2.6,23.8,0.0,0.0,0.0,0.0,0,1014.8,981.2,0,0,0,0,0.62,2.45,10.2,13.3,42,41,28.4,27.1,20.3,18.2,13.6,0.182,0.236,0.272,0.342,1,3600.0,872.0,767.0,105.0,917.0,872.0,1116.4,817.5,719.0,98.4,917.0,817.5,1046.6,42.93725048188441,94.57264187677002,126.25051903595704,332.20287500000006,13.649156239361702,129.4810026115873
39.964848,-6.913391,295.0,2015-05-23 16:00:00,25.3,23,2.4,23.0,0.0,0.0,0.0,0.0,0,1014.3,980.7,0,0,0,0,0.53,2.5,11.2,15.3,42,41,28.1,27.0,20.7,18.2,13.6,0.182,0.236,0.272,0.342,1,3600.0,732.0,633.0,99.0,880.1,732.0,959.9,660.1,570.8,89.3,880.1,660.1,865.6,45.01008595310199,94.6235090127005,131.60219028395704,339.1608750000001,14.455409715771024,133.60239994486915
39.964848,-6.913391,295.0,2015-05-23 17:00:00,25.1,22,2.2,21.7,0.0,0.0,0.0,0.0,0,1014.0,980.4,0,0,0,0,0.43,2.48,12.0,16.3,44,43,27.7,26.4,20.9,18.2,13.7,0.181,0.235,0.272,0.342,1,3600.0,554.0,466.0,88.0,819.9,554.0,758.5,471.9,397.0,75.0,819.9,471.9,646.2,46.829407882569036,94.67439294243344,136.98229425995703,346.0828750000001,15.155748392978246,137.70390066240603
39.964848,-6.913391,295.0,2015-05-23 18:00:00,24.6,23,1.9,21.0,0.0,0.0,0.0,0.0,0,1013.5,979.9,0,0,0,0,0.31,2.4,12.5,17.6,49,47,27.4,25.3,21.1,18.3,13.7,0.181,0.235,0.272,0.342,1,3600.0,354.0,280.0,74.0,710.3,354.0,526.1,271.4,214.7,56.7,710.3,271.4,403.3,48.252279978138894,94.72529367151338,142.19206513395704,352.9148750000001,15.651585331847714,142.18050191689582
39.964848,-6.913391,295.0,2015-05-23 19:00:00,23.6,26,2.9,20.8,0.0,0.0,0.0,0.0,0,1013.9,980.2,0,0,0,0,0.15,2.16,8.0,16.5,54,54,25.9,23.9,21.2,18.3,13.7,0.181,0.235,0.272,0.342,1,3600.0,158.0,107.0,51.0,512.9,158.0,278.4,87.2,59.0,28.1,512.9,87.2,153.6,40.45379182727375,94.25609525774463,147.00404108195704,359.5668750000001,11.694979733064118,146.96771084291242
39.964848,-6.913391,295.0,2015-05-23 20:00:00,21.7,31,3.7,19.4,0.0,0.0,0.0,0.0,0,1013.8,979.8,0,0,0,0,0.07,1.81,6.1,16.2,45,53,16.9,22.2,21.2,18.3,13.7,0.181,0.235,0.272,0.342,0,321.62,20.0,10.0,10.0,106.5,20.0,66.5,0.0,0.0,0.0,0.0,0.0,0.0,34.89101083083196,93.23019966132705,151.14574179395703,365.8768750000001,9.215187449359421,151.09026745486614
39.964848,-6.913391,295.0,2015-05-23 21:00:00,20.0,35,4.0,17.6,0.0,0.0,0.0,0.0,0,1014.4,980.2,0,0,0,0,0.06,1.53,6.8,17.6,32,47,13.7,20.7,21.1,18.3,13.7,0.181,0.235,0.272,0.342,0,0.0,0.0,0.0,0.0,0.0,0.0,0.0,0.0,0.0,0.0,0.0,0.0,0.0,32.54087668079983,92.16403907967612,154.75643498395704,371.8808750000001,8.218174911382954,154.6863055214108
39.964848,-6.913391,295.0,2015-05-23 22:00:00,18.7,37,3.8,15.8,0.0,0.0,0.0,0.0,0,1015.2,980.9,0,0,0,0,0.08,1.35,9.7,21.4,22,36,15.8,19.5,21.0,18.3,13.7,0.181,0.235,0.272,0.342,0,0.0,0.0,0.0,0.0,0.0,0.0,0.0,0.0,0.0,0.0,0.0,0.0,0.0,33.5065284291303,91.38586663232304,158.04041506795704,377.6508750000001,8.518511057256333,157.95820651896298
39.964848,-6.913391,295.0,2015-05-23 23:00:00,17.9,37,3.0,14.5,0.0,0.0,0.0,0.0,0,1015.4,981.0,0,0,0,0,0.1,1.29,12.6,25.7,24,34,20.5,18.6,20.8,18.3,13.7,0.181,0.235,0.272,0.342,0,0.0,0.0,0.0,0.0,0.0,0.0,0.0,0.0,0.0,0.0,0.0,0.0,0.0,35.90936937682568,91.04474123971505,161.19170908795704,383.2768750000001,9.391805466103834,161.09815742146912
39.964848,-6.913391,295.0,2015-05-24 00:00:00,17.4,37,2.4,13.5,0.0,0.0,0.0,0.0,0,1015.6,981.1,0,0,0,0,0.11,1.26,15.0,29.1,27,34,26.6,18.1,20.6,18.3,13.7,0.181,0.235,0.272,0.342,0,0.0,0.0,0.0,0.0,0.0,0.0,0.0,0.0,0.0,0.0,0.0,0.0,0.0,38.440659744183336,90.8808802834179,164.26007431795705,388.8128750000001,10.354478804143449,164.15559518451758
39.964848,-6.913391,295.0,2015-05-24 01:00:00,16.7,38,2.4,12.7,0.0,0.0,0.0,0.0,0,1015.2,980.6,0,0,0,0,0.11,1.17,15.9,30.4,25,31,29.5,17.7,20.4,18.3,13.7,0.181,0.235,0.272,0.342,0,0.0,0.0,0.0,0.0,0.0,0.0,0.0,0.0,0.0,0.0,0.0,0.0,0.0,38.78298462549933,90.61763250049287,167.16547789395705,394.2228750000001,10.435364851080614,167.05133572046603
39.964848,-6.913391,295.0,2015-05-24 02:00:00,16.0,41,2.9,12.1,0.0,0.0,0.0,0.0,0,1015.0,980.4,0,0,0,0,0.1,1.07,15.6,29.4,26,31,31.0,17.4,20.2,18.3,13.7,0.181,0.235,0.272,0.342,0,0.0,0.0,0.0,0.0,0.0,0.0,0.0,0.0,0.0,0.0,0.0,0.0,0.0,36.6058055365609,90.06902847233175,169.82156856795706,399.5068750000001,9.50309220064727,169.70016752055386
39.964848,-6.913391,295.0,2015-05-24 03:00:00,15.3,45,3.4,11.7,0.0,0.0,0.0,0.0,0,1015.2,980.5,0,0,0,0,0.09,0.96,14.5,27.9,27,33,31.0,17.0,20.0,18.3,13.7,0.181,0.235,0.272,0.342,0,0.0,0.0,0.0,0.0,0.0,0.0,0.0,0.0,0.0,0.0,0.0,0.0,0.0,32.982320175528464,89.32539497000779,172.19622788795706,404.6648750000001,8.08136670064062,172.07044485160492
39.964848,-6.913391,295.0,2015-05-24 04:00:00,14.6,48,3.8,11.1,0.0,0.0,0.0,0.0,0,1015.5,980.7,0,0,0,0,0.08,0.86,14.4,27.9,22,29,28.1,16.5,19.8,18.3,13.7,0.181,0.235,0.272,0.342,0,0.0,0.0,0.0,0.0,0.0,0.0,0.0,0.0,0.0,0.0,0.0,0.0,0.0,30.91167294872291,88.66000662757952,174.34553151195706,409.6968750000001,7.308251273225921,174.21757882229664
39.964848,-6.913391,295.0,2015-05-24 05:00:00,14.0,51,4.1,10.5,0.0,0.0,0.0,0.0,0,1015.5,980.6,0,0,0,0,0.07,0.78,14.0,26.9,18,25,25.2,16.0,19.6,18.3,13.7,0.181,0.235,0.272,0.342,0,0.0,0.0,0.0,0.0,0.0,0.0,0.0,0.0,0.0,0.0,0.0,0.0,0.0,28.7629391536988,88.03598960984164,176.29343664595706,414.62087500000007,6.549127535019373,176.16533989112526
39.964848,-6.913391,295.0,2015-05-24 06:00:00,13.8,53,4.5,10.5,0.0,0.0,0.0,0.0,0,1015.9,981.0,0,0,0,0,0.08,0.74,14.2,26.7,16,21,28.1,15.9,19.3,18.3,13.7,0.181,0.235,0.272,0.342,1,1395.4,36.0,19.0,17.0,170.3,36.0,89.9,80.6,42.5,38.0,282.1,48.6,201.2,27.78288460639333,87.59043325653225,178.13708844395705,419.50887500000005,6.206662989723045,178.01000525486543
39.964848,-6.913391,295.0,2015-05-24 07:00:00,14.9,52,5.2,11.5,0.0,0.0,0.0,0.0,0,1016.1,981.3,0,0,0,0,0.14,0.82,15.7,24.5,20,22,31.7,16.7,19.2,18.3,13.7,0.181,0.235,0.272,0.342,1,3600.0,192.0,137.0,55.0,560.3,192.0,326.2,265.4,189.4,76.0,560.3,265.4,450.9,29.451436921866748,87.63899521387519,180.15897132395705,424.59487500000006,6.740627029814012,180.03160831548948
39.964848,-6.913391,295.0,2015-05-24 08:00:00,16.7,47,5.3,13.1,0.0,0.0,0.0,0.0,0,1016.1,981.5,0,0,0,0,0.25,1.02,17.1,24.4,30,31,37.4,18.3,19.1,18.3,13.7,0.181,0.234,0.272,0.342,1,3600.0,390.0,313.0,77.0,729.7,390.0,572.3,470.6,377.7,92.9,729.7,470.6,690.6,31.10865188171083,87.68757320396512,182.64262276795705,430.0048750000001,7.283764902517073,182.51063441123136
39.964848,-6.913391,295.0,2015-05-24 09:00:00,18.7,41,5.3,15.3,0.0,0.0,0.0,0.0,0,1016.4,982.0,0,0,0,0,0.37,1.27,16.4,22.7,40,41,38.2,20.0,19.1,18.3,13.7,0.181,0.234,0.271,0.342,1,3600.0,586.0,493.0,93.0,822.2,586.0,800.0,662.0,556.9,105.1,822.2,662.0,903.8,33.16455523516964,88.57201017503785,185.71809617995706,435.77487500000007,7.981715606319339,185.57552964623557
39.964848,-6.913391,295.0,2015-05-24 10:00:00,20.5,36,5.0,18.2,0.0,0.0,0.0,0.0,0,1016.4,982.2,0,0,0,0,0.48,1.54,14.8,19.9,43,44,37.8,21.9,19.3,18.3,13.7,0.181,0.234,0.271,0.342,1,3600.0,758.0,656.0,102.0,880.7,758.0,993.9,820.7,710.2,110.4,880.7,820.7,1076.0,35.356458599711424,89.77523650828681,189.35748536395707,441.86887500000006,8.751346264013222,189.1983808683337
39.964848,-6.913391,295.0,2015-05-24 11:00:00,22.0,32,4.8,20.7,0.0,0.0,0.0,0.0,0,1016.2,982.2,0,0,0,0,0.58,1.79,13.2,17.8,45,45,36.7,23.7,19.5,18.3,13.7,0.18,0.234,0.271,0.342,1,3600.0,889.0,782.0,107.0,914.7,889.0,1140.6,931.9,819.7,112.2,914.7,931.9,1195.6,37.26951650919471,90.86675515099468,193.49286769195706,448.23287500000004,9.437610383533992,193.3116438800776
39.964848,-6.913391,295.0,2015-05-24 12:00:00,23.3,30,4.5,22.6,0.0,0.0,0.0,0.0,0,1015.2,981.4,0,0,0,0,0.65,2.01,12.0,15.8,46,47,35.3,25.2,19.8,18.3,13.7,0.18,0.233,0.271,0.342,1,3600.0,970.0,857.0,113.0,929.4,970.0,1230.3,989.0,873.8,115.2,929.4,989.0,1254.4,41.77135467529297,94.97802734375,116.97470092773438,319.1875,13.5105619430542,122.63670349121094
39.964848,-6.913391,295.0,2015-05-24 13:00:00,24.3,27,4.3,23.9,0.0,0.0,0.0,0.0,0,1014.5,980.8,0,0,0,0,0.68,2.21,10.7,14.3,50,49,33.8,26.4,20.1,18.3,13.7,0.179,0.233,0.271,0.342,1,3600.0,995.0,883.0,112.0,937.3,995.0,1256.9,988.3,877.0,111.2,937.3,988.3,1248.4,41.93632893320017,94.2326875145401,121.85617909973438,325.9655,13.356161701198735,125.97696069978528
39.964848,-6.913391,295.0,2015-05-24 14:00:00,25.0,26,4.1,24.4,0.0,0.0,0.0,0.0,0,1013.7,980.1,8,0,14,0,0.67,2.35,10.7,14.3,48,47,31.7,27.3,20.5,18.3,13.7,0.178,0.233,0.271,0.342,1,3600.0,967.0,865.0,102.0,947.1,967.0,1218.5,934.9,836.3,98.6,947.1,934.9,1178.0,42.46860254419224,94.2510664915761,126.94089862373437,332.8695,13.390128929074379,129.9702868383754
39.964848,-6.913391,295.0,2015-05-24 15:00:00,25.6,24,3.5,24.3,0.0,0.0,0.0,0.0,1,1013.1,979.6,34,0,57,0,0.63,2.5,11.2,15.3,48,47,29.9,27.7,20.8,18.3,13.7,0.178,0.232,0.271,0.342,1,3600.0,882.0,779.0,103.0,929.8,882.0,1117.8,827.0,730.5,96.6,929.8,827.0,1048.1,43.808882751506616,94.3018274592821,132.28309229573438,339.8815,13.828409662692343,134.09274641808028
39.964848,-6.913391,295.0,2015-05-24 16:00:00,25.6,23,2.8,22.9,0.0,0.0,0.0,0.0,1,1012.6,979.1,37,0,61,0,0.49,2.54,10.7,14.8,50,49,29.5,27.3,21.1,18.3,13.7,0.177,0.232,0.271,0.342,1,3600.0,639.0,488.0,151.0,677.1,639.0,961.6,576.5,440.2,136.2,677.1,576.5,867.5,43.72420939662323,94.3526051857391,137.69557798973437,346.8935,13.579220914949012,138.22444983075746
39.964848,-6.913391,295.0,2015-05-24 17:00:00,25.7,22,2.3,22.5,0.0,0.0,0.0,0.0,1,1012.4,978.9,38,0,64,0,0.42,2.59,10.6,14.4,55,53,27.4,26.8,21.4,18.3,13.7,0.177,0.232,0.271,0.342,1,3600.0,536.0,439.0,97.0,770.0,536.0,760.6,457.0,374.3,82.7,770.0,457.0,648.5,44.24630256630499,94.40339967648002,143.19889045373438,353.9235,13.605996080840429,143.18046182239846
39.964848,-6.913391,295.0,2015-05-24 18:00:00,25.3,22,2.0,22.1,0.0,0.0,0.0,0.0,1,1012.3,978.8,37,0,61,0,0.3,2.53,10.2,14.3,58,56,25.2,25.9,21.6,18.3,13.7,0.177,0.232,0.271,0.342,1,3600.0,346.0,256.0,90.0,646.1,346.0,528.6,265.8,196.7,69.1,646.1,265.8,406.1,44.33624271940407,94.4542109370396,148.62006392573437,360.8815,13.428262579133184,148.57096769657318
39.964848,-6.913391,295.0,2015-05-24 19:00:00,24.2,26,3.5,21.6,0.0,0.0,0.0,0.0,1,1012.8,979.2,37,0,62,0,0.15,2.23,7.4,13.6,67,68,22.0,24.5,21.7,18.3,13.8,0.177,0.232,0.27,0.342,1,3600.0,152.0,99.0,53.0,469.5,152.0,281.3,84.7,55.2,29.5,469.5,84.7,156.7,40.060915371539345,94.23483286508898,153.54892997773436,367.6415,11.313394096835513,153.47311525358418
39.964848,-6.913391,295.0,2015-05-24 20:00:00,22.4,33,5.3,20.4,0.0,0.0,0.0,0.0,1,1013.3,979.4,20,0,34,0,0.07,1.83,6.2,13.4,54,70,14.0,22.7,21.7,18.3,13.8,0.177,0.232,0.27,0.342,0,253.47,20.0,9.0,11.0,94.7,20.0,68.0,0.0,0.0,0.0,0.0,0.0,0.0,34.65514755411867,93.00196137207261,157.69405314773437,374.0775,8.970674452045076,157.59880660110207
39.964848,-6.913391,295.0,2015-05-24 21:00:00,20.6,38,5.7,18.4,0.0,0.0,0.0,0.0,0,1014.0,979.9,17,0,29,0,0.07,1.52,8.3,17.4,34,52,15.1,21.3,21.6,18.3,13.8,0.177,0.231,0.27,0.342,0,0.0,0.0,0.0,0.0,0.0,0.0,0.0,0.0,0.0,0.0,0.0,0.0,0.0,33.115977848099725,91.7074852048348,161.23603391173435,380.1895,8.309023875203778,161.12684482255563
39.964848,-6.913391,295.0,2015-05-24 22:00:00,19.5,38,4.9,16.4,0.0,0.0,0.0,0.0,0,1016.0,981.7,16,0,26,0,0.1,1.4,12.8,25.0,22,30,20.5,20.0,21.4,18.3,13.8,0.177,0.231,0.27,0.342,0,0.0,0.0,0.0,0.0,0.0,0.0,0.0,0.0,0.0,0.0,0.0,0.0,0.0,36.78344385930025,91.18050216296726,164.59846726373436,386.1035,9.67210092994767,164.47636980554955
39.964848,-6.913391,295.0,2015-05-24 23:00:00,18.8,38,4.3,15.0,0.0,0.0,0.0,0.0,0,1015.9,981.5,7,0,11,0,0.12,1.34,16.4,30.0,26,30,27.4,19.3,21.3,18.3,13.8,0.177,0.231,0.27,0.342,0,0.0,0.0,0.0,0.0,0.0,0.0,0.0,0.0,0.0,0.0,0.0,0.0,0.0,40.669404570964915,90.94611788588593,167.84664317173437,391.8915,11.21515715260329,167.71225106371563
39.964848,-6.913391,295.0,2015-05-25 00:00:00,18.3,39,4.2,14.8,0.0,0.0,0.0,0.0,0,1016.1,981.7,3,0,5,0,0.11,1.28,15.1,28.1,28,33,33.5,18.9,21.1,18.3,13.8,0.177,0.231,0.27,0.342,0,0.0,0.0,0.0,0.0,0.0,0.0,0.0,0.0,0.0,0.0,0.0,0.0,0.0,38.213515150356244,90.69098331995859,170.96213301573437,397.5895,10.128596431778707,170.81651015503914
39.964848,-6.913391,295.0,2015-05-25 01:00:00,17.7,42,4.7,14.8,0.0,0.0,0.0,0.0,0,1016.2,981.7,10,0,17,0,0.08,1.17,11.8,23.7,31,36,33.8,18.7,20.9,18.3,13.8,0.177,0.231,0.27,0.342,0,0.0,0.0,0.0,0.0,0.0,0.0,0.0,0.0,0.0,0.0,0.0,0.0,0.0,32.704003832698845,90.16626959805708,173.83278547973435,403.17949999999996,7.957050582610529,173.67840419314638
39.964848,-6.913391,295.0,2015-05-25 02:00:00,17.1,46,5.4,14.5,0.0,0.0,0.0,0.0,0,1016.1,981.5,11,0,19,0,0.06,1.06,10.1,21.4,27,36,31.0,18.3,20.7,18.3,13.8,0.177,0.231,0.27,0.342,0,0.0,0.0,0.0,0.0,0.0,0.0,0.0,0.0,0.0,0.0,0.0,0.0,0.0,28.88455903514405,89.44758541259198,176.42016372773435,408.6615,6.588855580903551,176.2600711929901
39.964848,-6.913391,295.0,2015-05-25 03:00:00,16.5,50,6.0,14.0,0.0,0.0,0.0,0.0,0,1016.5,981.9,3,0,5,0,0.06,0.94,10.0,21.0,21,31,27.0,17.9,20.5,18.3,13.8,0.177,0.231,0.27,0.342,0,0.0,0.0,0.0,0.0,0.0,0.0,0.0,0.0,0.0,0.0,0.0,0.0,0.0,26.74567571616526,88.67435417638647,178.73690452773434,414.0355,5.867024098377972,178.5740466315131
39.964848,-6.913391,295.0,2015-05-25 04:00:00,15.9,53,6.4,13.4,0.0,0.0,0.0,0.0,0,1016.9,982.2,2,0,4,0,0.06,0.85,11.0,22.5,19,27,23.8,17.4,20.3,18.3,13.8,0.177,0.231,0.27,0.342,0,0.0,0.0,0.0,0.0,0.0,0.0,0.0,0.0,0.0,0.0,0.0,0.0,0.0,25.98934645516203,88.01147984410363,180.84039986773433,419.30150000000003,5.610553557965539,180.6770087982882
39.964848,-6.913391,295.0,2015-05-25 05:00:00,15.4,56,6.7,13.0,0.0,0.0,0.0,0.0,0,1017.3,982.5,3,0,5,0,0.05,0.77,11.0,22.2,19,27,21.6,17.0,20.1,18.3,13.8,0.177,0.231,0.27,0.342,0,0.0,0.0,0.0,0.0,0.0,0.0,0.0,0.0,0.0,0.0,0.0,0.0,0.0,24.506547702657013,87.40198496129595,182.75171102773433,424.4775,5.14202970403468,182.5898562138823
39.964848,-6.913391,295.0,2015-05-25 06:00:00,15.4,58,7.2,13.1,0.0,0.0,0.0,0.0,0,1017.8,983.0,4,0,6,2,0.06,0.74,11.3,21.7,22,29,22.3,16.9,19.9,18.3,13.8,0.177,0.231,0.27,0.342,1,1181.1,34.0,17.0,17.0,151.2,34.0,91.0,76.0,38.0,38.0,249.3,46.1,203.4,23.80220885153461,86.98633911916353,184.57614440773432,429.6535,4.920035285319749,184.4169805862678
39.964848,-6.913391,295.0,2015-05-25 07:00:00,16.3,57,7.8,14.1,0.0,0.0,0.0,0.0,0,1018.2,983.5,4,0,3,6,0.13,0.79,11.3,17.9,27,30,24.5,17.8,19.8,18.3,13.8,0.177,0.231,0.27,0.342,1,3600.0,180.0,122.0,58.0,495.8,180.0,328.2,248.3,168.3,80.0,495.8,248.3,452.7,23.96141551556917,87.03470163461836,186.5459006197343,434.99150000000003,4.9540139750977605,186.3883514807797
39.964848,-6.913391,295.0,2015-05-25 08:00:00,18.6,49,7.8,16.4,0.0,0.0,0.0,0.0,0,1018.2,983.7,6,0,7,7,0.24,1.09,11.3,15.6,37,38,27.0,19.6,19.7,18.3,13.8,0.177,0.231,0.27,0.342,1,3600.0,376.0,292.0,84.0,678.6,376.0,573.9,453.4,352.1,101.3,678.6,453.4,692.0,24.598858918540678,87.27448802415947,189.1909341217343,440.74350000000004,5.12621738541641,189.02817192228284
39.964848,-6.913391,295.0,2015-05-25 09:00:00,20.7,41,6.8,18.4,0.0,0.0,0.0,0.0,0,1018.3,984.1,3,0,4,3,0.36,1.45,10.0,13.4,64,66,27.0,21.4,19.8,18.3,13.8,0.177,0.231,0.27,0.342,1,3600.0,552.0,442.0,110.0,735.7,552.0,801.3,623.4,499.1,124.2,735.7,623.4,904.9,27.249072661180175,88.73541053147886,192.5770614137343,446.87350000000004,5.918672505710181,192.40104026895108
39.964848,-6.913391,295.0,2015-05-25 10:00:00,22.5,35,6.3,21.5,0.0,0.0,0.0,0.0,0,1018.0,984.0,1,0,1,0,0.49,1.77,8.3,10.5,88,86,26.3,23.5,20.0,18.3,13.8,0.177,0.23,0.27,0.342,1,3600.0,742.0,634.0,108.0,849.9,742.0,994.9,803.2,686.3,116.9,849.9,803.2,1077.0,29.809662292579848,90.22068302334158,196.6155618537343,453.32750000000004,6.7226461227392855,196.41887422742607
39.964848,-6.913391,295.0,2015-05-25 11:00:00,24.0,32,6.2,24.2,0.0,0.0,0.0,0.0,0,1017.9,984.1,0,0,0,0,0.59,2.03,6.1,7.9,87,87,25.6,25.4,20.2,18.3,13.8,0.176,0.23,0.27,0.342,1,3600.0,882.0,773.0,109.0,903.1,882.0,1141.5,924.5,810.2,114.2,903.1,924.5,1196.5,30.48440350944853,91.19841470721407,201.10898594173432,460.05150000000003,6.918379893924183,200.8863349381058
39.964848,-6.913391,295.0,2015-05-25 12:00:00,25.2,29,6.1,26.2,0.0,0.0,0.0,0.0,0,1017.4,983.7,2,0,3,0,0.66,2.27,5.2,6.4,78,74,23.8,27.1,20.6,18.3,13.8,0.176,0.23,0.27,0.342,1,3600.0,971.0,863.0,108.0,934.9,971.0,1231.2,990.0,879.9,110.1,934.9,990.0,1255.3,42.905948638916016,94.8306884765625,122.62651824951172,326.59375,13.849308967590332,127.52993774414062
39.964848,-6.913391,295.0,2015-05-25 13:00:00,26.0,27,5.8,26.1,0.0,0.0,0.0,0.0,1,1016.6,983.0,33,0,55,0,0.59,2.45,5.2,6.5,74,71,23.0,27.9,20.9,18.3,13.8,0.175,0.23,0.27,0.342,1,3600.0,839.0,628.0,211.0,665.9,839.0,1257.8,833.4,623.8,209.6,665.9,833.4,1249.4,36.10582832563916,94.42813263893545,127.83470952751172,333.67775,10.400104540411567,130.59211603193282
39.964848,-6.913391,295.0,2015-05-25 14:00:00,26.5,26,5.4,25.4,0.0,0.0,0.0,0.0,2,1016.2,982.7,53,0,88,0,0.51,2.57,5.8,7.1,68,66,23.0,28.1,21.3,18.3,13.8,0.174,0.229,0.27,0.342,1,3600.0,692.0,459.0,233.0,501.9,692.0,1219.6,669.1,443.8,225.3,501.9,669.1,1179.3,37.39549439577209,94.47895206509115,133.21165431151172,340.85175,10.794708219690625,134.75801569887363
39.964848,-6.913391,295.0,2015-05-25 15:00:00,26.7,25,5.2,24.8,0.0,0.0,0.0,0.0,2,1015.8,982.3,61,0,91,20,0.43,2.62,5.5,7.2,67,63,23.0,27.9,21.6,18.4,13.8,0.174,0.229,0.27,0.342,1,3600.0,567.0,273.0,294.0,325.3,567.0,1119.1,531.8,256.0,275.7,325.3,531.8,1049.6,37.56927930120816,94.52978826929794,138.70075041151173,348.06174999999996,10.707489037783557,138.96223132660432
39.964848,-6.913391,295.0,2015-05-25 16:00:00,26.9,24,4.9,24.8,0.0,0.0,0.0,0.0,2,1015.4,982.0,79,0,87,90,0.4,2.69,6.4,8.4,52,50,23.0,27.6,21.8,18.4,13.8,0.174,0.229,0.269,0.342,1,3600.0,512.0,253.0,259.0,350.3,512.0,963.3,462.1,228.3,233.7,350.3,462.1,869.4,39.316944188783566,94.58064125709511,144.30305089151173,355.30774999999994,11.28299767147298,144.2783094243837
39.964848,-6.913391,295.0,2015-05-25 17:00:00,26.6,25,4.7,24.5,0.0,0.0,0.0,0.0,2,1015.3,981.8,79,0,82,98,0.28,2.63,5.9,7.9,52,47,23.0,26.8,22.0,18.4,13.8,0.173,0.229,0.269,0.342,1,3600.0,334.0,117.0,217.0,204.6,334.0,762.7,285.0,99.8,185.1,204.6,285.0,650.8,39.2640098414263,94.63151103402376,149.77240204151173,362.49974999999995,11.079567947004584,149.717306282134
39.964848,-6.913391,295.0,2015-05-25 18:00:00,26.2,26,5.2,24.3,0.0,0.0,0.0,0.0,2,1015.4,981.9,75,0,79,91,0.21,2.52,5.4,7.4,48,47,21.2,26.1,22.2,18.4,13.8,0.173,0.228,0.269,0.342,1,3600.0,241.0,84.0,157.0,210.9,241.0,531.1,185.5,64.6,120.8,210.9,185.5,408.7,38.60421554127278,94.52281543197742,155.09090177351172,369.61974999999995,10.643441823602654,155.00591145141337
39.964848,-6.913391,295.0,2015-05-25 19:00:00,25.6,28,5.7,24.3,0.0,0.0,0.0,0.0,1,1015.4,981.8,31,0,9,84,0.08,2.37,1.8,4.3,53,42,11.5,25.0,22.3,18.4,13.8,0.173,0.228,0.269,0.342,1,3600.0,131.0,54.0,77.0,253.4,131.0,284.2,73.7,30.4,43.3,253.4,73.7,159.8,33.515253598139346,94.19145870582905,160.1519273575117,376.63174999999995,8.480819715637343,160.03876507279796
39.964848,-6.913391,295.0,2015-05-25 20:00:00,25.0,28,5.1,23.4,0.0,0.0,0.0,0.0,1,1015.7,982.1,26,0,4,78,0.04,2.3,2.9,3.4,300,342,5.0,23.3,22.2,18.4,13.8,0.173,0.228,0.269,0.342,0,0.0,19.0,5.0,14.0,52.0,19.0,69.5,0.0,0.0,0.0,0.0,0.0,0.0,34.36674810975645,93.98770588053353,165.0992220295117,383.53574999999995,8.714855059296777,164.95797251495696
39.964848,-6.913391,295.0,2015-05-25 21:00:00,21.7,53,11.7,21.4,0.0,0.0,0.0,0.0,0,1016.2,982.2,2,0,0,8,0.03,1.23,5.6,6.8,315,328,8.6,21.2,22.1,18.4,13.8,0.173,0.228,0.269,0.342,0,0.0,0.0,0.0,0.0,0.0,0.0,0.0,0.0,0.0,0.0,0.0,0.0,0.0,25.82615941551798,89.99664690049731,167.9203804855117,389.84574999999995,5.682264831045153,167.77476132304304
39.964848,-6.913391,295.0,2015-05-25 22:00:00,19.8,55,10.5,19.0,0.0,0.0,0.0,0.0,0,1017.1,982.8,1,0,1,0,0.04,1.05,7.0,12.6,325,329,11.5,19.7,21.9,18.4,13.9,0.173,0.228,0.269,0.342,0,0.0,0.0,0.0,0.0,0.0,0.0,0.0,0.0,0.0,0.0,0.0,0.0,0.0,23.53944790249523,88.54730631531987,170.3963972155117,395.81374999999997,4.952744012168708,170.24907862684506
39.964848,-6.913391,295.0,2015-05-25 23:00:00,18.6,52,8.6,17.0,0.0,0.0,0.0,0.0,0,1016.7,982.3,0,0,0,0,0.05,1.03,8.6,17.0,338,339,13.7,18.6,21.7,18.4,13.9,0.174,0.228,0.269,0.342,0,0.0,0.0,0.0,0.0,0.0,0.0,0.0,0.0,0.0,0.0,0.0,0.0,0.0,24.665641678610825,88.41903837857447,172.8858405115117,401.56575,5.270676259723724,172.73553146995027
39.964848,-6.913391,295.0,2015-05-26 00:00:00,17.6,53,8.0,15.8,0.0,0.0,0.0,0.0,0,1017.2,982.7,1,0,0,2,0.05,0.95,9.0,19.8,344,350,15.8,17.8,21.4,18.4,13.9,0.174,0.228,0.269,0.342,0,0.0,0.0,0.0,0.0,0.0,0.0,0.0,0.0,0.0,0.0,0.0,0.0,0.0,24.394961120682254,88.14110056586188,175.1996853855117,407.13775,5.167809677805558,175.04772218291163
39.964848,-6.913391,295.0,2015-05-26 01:00:00,17.6,47,6.1,15.1,0.0,0.0,0.0,0.0,0,1017.2,982.7,0,0,0,0,0.07,1.07,10.9,23.9,354,5,19.1,17.1,21.1,18.5,13.9,0.174,0.228,0.269,0.342,0,0.0,0.0,0.0,0.0,0.0,0.0,0.0,0.0,0.0,0.0,0.0,0.0,0.0,26.277485525939507,88.18984432620718,177.8089147115117,412.70975,5.72692677598153,177.65141712558273
39.964848,-6.913391,295.0,2015-05-26 02:00:00,17.1,47,5.8,14.2,0.0,0.0,0.0,0.0,0,1017.2,982.6,0,0,0,0,0.08,1.03,13.0,27.6,5,15,22.7,16.7,20.9,18.5,13.9,0.174,0.228,0.269,0.342,0,0.0,0.0,0.0,0.0,0.0,0.0,0.0,0.0,0.0,0.0,0.0,0.0,0.0,28.46825485053419,88.23860417932178,180.34837854751171,418.19175,6.4108417851478965,180.18574288867464
39.964848,-6.913391,295.0,2015-05-26 03:00:00,16.9,45,4.8,13.5,0.0,0.0,0.0,0.0,0,1017.3,982.7,0,0,0,0,0.09,1.07,15.0,29.7,11,19,26.3,16.5,20.6,18.5,13.9,0.174,0.228,0.269,0.342,0,0.0,0.0,0.0,0.0,0.0,0.0,0.0,0.0,0.0,0.0,0.0,0.0,0.0,30.703243644850033,88.28738013051873,182.95471194751173,423.63775000000004,7.14038342058007,182.78581168540595
39.964848,-6.913391,295.0,2015-05-26 04:00:00,16.5,46,4.7,13.0,0.0,0.0,0.0,0.0,0,1017.4,982.7,0,0,0,0,0.09,1.03,15.5,29.7,12,19,28.1,16.6,20.3,18.5,13.9,0.174,0.228,0.269,0.342,0,0.0,0.0,0.0,0.0,0.0,0.0,0.0,0.0,0.0,0.0,0.0,0.0,0.0,31.446993171123477,88.3361721851128,185.45679201151174,429.01175000000006,7.374002486932375,185.28257745286115
39.964848,-6.913391,295.0,2015-05-26 05:00:00,16.1,48,4.9,12.7,0.0,0.0,0.0,0.0,0,1017.4,982.7,0,0,0,0,0.09,0.96,15.1,29.6,12,18,28.1,16.6,20.1,18.5,13.9,0.174,0.228,0.269,0.342,0,0.0,0.0,0.0,0.0,0.0,0.0,0.0,0.0,0.0,0.0,0.0,0.0,0.0,31.234260992547974,88.38498034842056,187.81144311551174,434.3137500000001,7.27764262100927,187.6334644072883
39.964848,-6.913391,295.0,2015-05-26 06:00:00,16.1,48,5.2,12.7,0.0,0.0,0.0,0.0,0,1018.2,983.4,0,0,0,0,0.1,0.95,15.5,28.9,13,19,28.8,16.8,19.9,18.5,13.9,0.174,0.228,0.269,0.342,1,1543.29,37.0,20.0,17.0,176.6,37.0,92.0,82.7,44.7,38.0,289.9,50.3,205.5,31.87022412462933,88.43380462576029,190.16609421951173,439.6157500000001,7.478023127074814,189.98431779837773
39.964848,-6.913391,295.0,2015-05-26 07:00:00,17.5,44,5.1,14.0,0.0,0.0,0.0,0.0,0,1018.3,983.7,0,0,0,0,0.17,1.12,15.5,25.4,18,21,31.7,17.9,19.8,18.5,13.9,0.174,0.228,0.269,0.342,1,3600.0,193.0,137.0,56.0,553.3,193.0,330.1,265.7,188.6,77.1,553.3,265.7,454.4,32.0883397853021,88.48264502245208,192.90827287551173,445.1697500000001,7.530617071065166,192.71873637226867
39.964848,-6.913391,295.0,2015-05-26 08:00:00,19.6,35,3.6,15.8,0.0,0.0,0.0,0.0,0,1018.6,984.2,0,0,0,0,0.29,1.49,15.6,22.1,29,30,35.3,19.7,19.7,18.4,13.9,0.174,0.228,0.269,0.342,1,3600.0,392.0,314.0,78.0,727.5,392.0,575.5,472.3,378.3,94.0,727.5,472.3,693.4,36.5395878018937,89.78780705033755,196.45051690551173,451.1017500000001,9.127772376104005,196.24415851523887
39.964848,-6.913391,295.0,2015-05-26 09:00:00,21.7,29,3.1,18.2,0.0,0.0,0.0,0.0,0,1018.7,984.6,0,0,0,0,0.42,1.84,14.8,20.5,39,39,34.6,21.7,19.8,18.4,13.9,0.174,0.228,0.269,0.342,1,3600.0,588.0,496.0,92.0,824.0,588.0,802.5,663.8,559.9,103.9,824.0,663.8,906.0,41.29637330698424,91.35944901685511,200.71226691351174,457.4117500000001,10.973421913688266,200.4807869597178
39.964848,-6.913391,295.0,2015-05-26 10:00:00,23.6,26,3.2,21.5,0.0,0.0,0.0,0.0,0,1018.8,984.9,0,0,0,0,0.53,2.15,11.8,15.9,50,51,34.2,23.8,20.0,18.4,13.9,0.173,0.227,0.269,0.342,1,3600.0,761.0,660.0,101.0,883.6,761.0,995.9,823.6,714.3,109.3,883.6,823.6,1077.9,41.40935165619392,92.42712243135058,205.52424286151174,464.0637500000001,10.972584054320787,205.26112451741324
39.964848,-6.913391,295.0,2015-05-26 11:00:00,25.3,24,3.1,24.3,0.0,0.0,0.0,0.0,0,1018.1,984.4,0,0,0,0,0.63,2.46,9.7,13.0,51,51,32.0,25.8,20.3,18.4,13.9,0.173,0.227,0.269,0.342,1,3600.0,894.0,786.0,108.0,917.3,894.0,1142.4,937.0,823.8,113.2,917.3,937.0,1197.3,41.626536310021294,93.20896199881636,210.80641188551175,471.0217500000001,11.015340699415706,210.50571669269044
39.964848,-6.913391,295.0,2015-05-26 12:00:00,26.6,22,3.1,26.2,0.0,0.0,0.0,0.0,0,1017.8,984.3,0,0,0,0,0.7,2.72,9.2,12.0,45,44,30.2,27.5,20.6,18.4,13.9,0.172,0.227,0.269,0.342,1,3600.0,977.0,865.0,112.0,936.1,977.0,1232.0,996.1,881.9,114.2,936.1,996.1,1256.1,51.948394775390625,95.62140655517578,129.63043212890625,334.703125,18.188602447509766,133.56768798828125
39.964848,-6.913391,295.0,2015-05-26 13:00:00,27.6,20,2.9,27.3,0.0,0.0,0.0,0.0,0,1017.0,983.6,0,0,0,0,0.73,2.95,9.2,12.0,42,41,29.2,28.9,21.0,18.5,13.9,0.172,0.226,0.269,0.342,1,3600.0,1003.0,889.0,114.0,941.6,1003.0,1258.7,996.4,883.1,113.2,941.6,996.4,1250.4,46.5376088201198,95.67261994112707,135.67501948890626,342.075125,15.085656980863964,136.25008690837424
39.964848,-6.913391,295.0,2015-05-26 14:00:00,28.5,19,2.4,27.8,0.0,0.0,0.0,0.0,0,1016.5,983.2,0,0,0,0,0.72,3.16,9.7,12.8,42,40,28.4,29.7,21.4,18.5,13.9,0.171,0.226,0.268,0.342,1,3600.0,969.0,857.0,112.0,936.0,969.0,1220.6,937.1,828.8,108.3,936.0,937.1,1180.4,48.08894534674386,95.72385023519541,141.98708510490627,349.609125,15.578602930611854,141.96284234121185
39.964848,-6.913391,295.0,2015-05-26 15:00:00,29.0,17,1.8,27.5,0.0,0.0,0.0,0.0,0,1015.9,982.7,0,0,0,0,0.67,3.31,10.7,14.3,42,41,28.8,30.1,21.8,18.5,13.9,0.171,0.226,0.268,0.341,1,3600.0,878.0,771.0,107.0,917.4,878.0,1120.4,823.7,723.3,100.4,917.4,823.7,1051.1,50.48335494418941,95.77509744296303,148.56425958290626,357.23312500000003,16.498100496090306,148.49870713146402
39.964848,-6.913391,295.0,2015-05-26 16:00:00,29.1,17,1.2,26.6,0.0,0.0,0.0,0.0,0,1015.4,982.2,0,0,0,0,0.59,3.37,11.2,15.0,42,42,29.5,29.9,22.2,18.5,13.9,0.17,0.226,0.268,0.341,1,3600.0,738.0,638.0,100.0,881.5,738.0,964.9,666.3,576.0,90.3,881.5,666.3,871.2,52.07712148959037,95.82636157001397,155.16328513890628,364.875125,17.037129957365092,155.05445647028984
39.964848,-6.913391,295.0,2015-05-26 17:00:00,28.9,16,0.8,25.3,0.0,0.0,0.0,0.0,0,1015.2,982.0,0,0,0,0,0.47,3.35,11.5,15.5,44,44,29.5,29.3,22.5,18.5,13.9,0.17,0.225,0.268,0.341,1,3600.0,561.0,472.0,89.0,822.8,561.0,764.7,479.0,403.0,76.0,822.8,479.0,653.0,53.30814324438935,95.8776426219342,161.79758833890628,372.481125,17.417315106415273,161.64302637424504
39.964848,-6.913391,295.0,2015-05-26 18:00:00,28.3,17,0.6,24.7,0.0,0.0,0.0,0.0,0,1015.2,981.9,0,0,0,0,0.34,3.22,11.2,15.8,45,45,29.2,28.1,22.7,18.5,13.9,0.169,0.225,0.268,0.341,1,3600.0,363.0,289.0,74.0,722.1,363.0,533.5,279.9,222.8,57.1,722.1,279.9,411.4,53.47208264362438,95.92894060431142,168.2218052709063,379.979125,17.275658900615856,168.0218467619325
39.964848,-6.913391,295.0,2015-05-26 19:00:00,26.9,21,2.5,24.2,0.0,0.0,0.0,0.0,0,1015.1,981.7,0,0,0,0,0.16,2.81,6.9,14.0,43,44,23.4,26.6,22.9,18.5,13.9,0.169,0.225,0.268,0.341,1,3600.0,167.0,116.0,51.0,538.8,167.0,287.0,94.7,65.8,28.9,538.8,94.7,162.8,46.22009085852253,95.73528142035521,174.04524919090628,387.225125,13.549620560458454,173.8050187473396
39.964848,-6.913391,295.0,2015-05-26 20:00:00,25.0,26,4.1,22.5,0.0,0.0,0.0,0.0,0,1015.5,981.9,0,0,0,0,0.1,2.35,7.6,13.5,19,34,14.0,24.7,22.9,18.5,13.9,0.169,0.225,0.268,0.341,0,511.62,23.0,12.0,11.0,123.2,23.0,71.0,0.0,0.0,0.0,0.0,0.0,0.0,43.5283781158104,94.72697511583956,179.12996871490628,394.129125,12.230004135775918,178.856623139173
39.964848,-6.913391,295.0,2015-05-26 21:00:00,22.9,29,3.9,20.6,0.0,0.0,0.0,0.0,0,1015.8,981.9,0,0,0,0,0.06,1.99,6.2,15.0,7,30,12.6,22.9,22.8,18.5,13.9,0.169,0.225,0.268,0.341,0,0.0,0.0,0.0,0.0,0.0,0.0,0.0,0.0,0.0,0.0,0.0,0.0,0.0,38.39481575222339,93.78194475732715,183.61602135490628,400.655125,10.001805974888088,183.31512102443605
39.964848,-6.913391,295.0,2015-05-26 22:00:00,21.2,31,3.4,18.5,0.0,0.0,0.0,0.0,0,1016.8,982.7,0,0,0,0,0.08,1.75,8.0,17.5,5,32,14.8,21.5,22.7,18.6,13.9,0.169,0.225,0.268,0.341,0,0.0,0.0,0.0,0.0,0.0,0.0,0.0,0.0,0.0,0.0,0.0,0.0,0.0,38.04194661054275,92.99182171572784,187.6668952969063,406.875125,9.808433418068134,187.34241460860812
39.964848,-6.913391,295.0,2015-05-26 23:00:00,20.4,30,2.2,17.2,0.0,0.0,0.0,0.0,0,1016.4,982.2,0,0,0,0,0.1,1.69,10.2,22.1,8,26,20.2,20.5,22.5,18.6,14.0,0.169,0.225,0.268,0.341,0,0.0,0.0,0.0,0.0,0.0,0.0,0.0,0.0,0.0,0.0,0.0,0.0,0.0,40.199186067905096,92.77319247316058,191.6290485969063,412.95112500000005,10.627459962153168,191.28102688611827
39.964848,-6.913391,295.0,2015-05-27 00:00:00,19.9,29,1.5,16.2,0.0,0.0,0.0,0.0,0,1016.6,982.3,0,0,0,0,0.12,1.64,12.6,26.9,13,26,28.8,20.0,22.3,18.6,14.0,0.169,0.225,0.268,0.341,0,0.0,0.0,0.0,0.0,0.0,0.0,0.0,0.0,0.0,0.0,0.0,0.0,0.0,43.59418618919231,92.77958951909577,195.5543446569063,418.93712500000004,12.00442400013794,195.18238478290738
39.964848,-6.913391,295.0,2015-05-27 01:00:00,19.2,31,1.5,15.1,0.0,0.0,0.0,0.0,0,1016.7,982.4,0,0,0,0,0.13,1.54,15.3,30.8,15,24,34.6,19.7,22.1,18.6,14.0,0.169,0.225,0.268,0.341,0,0.0,0.0,0.0,0.0,0.0,0.0,0.0,0.0,0.0,0.0,0.0,0.0,0.0,46.11887040745814,92.41464728036995,199.2419115189063,424.79712500000005,13.065922586971125,198.84844417448352
39.964848,-6.913391,295.0,2015-05-27 02:00:00,18.2,33,1.7,13.7,0.0,0.0,0.0,0.0,0,1016.3,981.9,0,0,0,0,0.15,1.4,18.4,34.7,17,23,35.3,19.3,21.9,18.6,14.0,0.169,0.225,0.268,0.341,0,0.0,0.0,0.0,0.0,0.0,0.0,0.0,0.0,0.0,0.0,0.0,0.0,0.0,48.712285965741444,91.89946560624024,202.6462041649063,430.47712500000006,14.20327022759182,202.23415575378442
39.964848,-6.913391,295.0,2015-05-27 03:00:00,17.3,36,2.2,12.6,0.0,0.0,0.0,0.0,0,1016.5,981.9,0,0,0,0,0.14,1.26,20.1,36.4,21,25,34.2,18.8,21.6,18.6,14.0,0.169,0.225,0.268,0.341,0,0.0,0.0,0.0,0.0,0.0,0.0,0.0,0.0,0.0,0.0,0.0,0.0,0.0,48.482733587896924,91.22362498358255,205.7464245809063,435.99512500000003,14.058520669815236,205.31926435966304
39.964848,-6.913391,295.0,2015-05-27 04:00:00,16.4,41,3.0,12.1,0.0,0.0,0.0,0.0,0,1016.7,982.0,0,0,0,0,0.12,1.11,18.2,33.3,25,28,30.2,18.2,21.4,18.6,14.0,0.169,0.225,0.268,0.341,0,0.0,0.0,0.0,0.0,0.0,0.0,0.0,0.0,0.0,0.0,0.0,0.0,0.0,41.86935489890075,90.26218519744506,208.4646460309063,441.351125,11.137100795072678,208.0271614003014
39.964848,-6.913391,295.0,2015-05-27 05:00:00,15.5,45,3.7,11.9,0.0,0.0,0.0,0.0,0,1016.9,982.1,0,0,0,0,0.09,0.97,14.7,28.5,31,35,24.5,17.6,21.2,18.6,14.0,0.169,0.225,0.268,0.341,0,0.0,0.0,0.0,0.0,0.0,0.0,0.0,0.0,0.0,0.0,0.0,0.0,0.0,34.47491060919121,89.39944234463022,210.8682646109063,446.54512500000004,8.250431273204192,210.42429869278274
39.964848,-6.913391,295.0,2015-05-27 06:00:00,15.3,49,4.8,12.2,0.0,0.0,0.0,0.0,0,1017.8,983.0,0,0,0,0,0.08,0.88,12.8,24.1,32,38,21.2,17.4,20.9,18.6,14.0,0.17,0.225,0.268,0.341,1,1620.43,39.0,22.0,17.0,193.0,39.0,92.9,87.0,49.1,37.9,315.5,53.2,207.4,30.095590585565564,88.63930851023144,213.0702214349063,451.70312500000006,6.7221562417377445,212.622665417524
39.964848,-6.913391,295.0,2015-05-27 07:00:00,17.2,46,5.6,14.6,0.0,0.0,0.0,0.0,0,1018.2,983.6,0,0,0,0,0.15,1.06,11.0,17.7,32,38,25.2,18.5,20.8,18.6,14.0,0.17,0.225,0.268,0.341,1,3600.0,198.0,142.0,56.0,570.3,198.0,331.9,272.1,195.1,76.9,570.3,272.1,456.0,28.469192319061893,88.68821675410167,215.67181604690632,457.20312500000006,6.182529351667106,215.216415914018
39.964848,-6.913391,295.0,2015-05-27 08:00:00,19.6,40,5.5,16.9,0.0,0.0,0.0,0.0,0,1018.3,984.0,0,0,0,0,0.27,1.37,10.7,15.0,42,46,26.6,20.4,20.7,18.6,14.0,0.169,0.225,0.268,0.341,1,3600.0,396.0,318.0,78.0,734.7,396.0,576.9,476.8,382.9,93.9,734.7,476.8,694.6,29.185764270404924,89.03297116712172,218.94157976690633,463.1351250000001,6.3987555040983315,218.4702875097303
39.964848,-6.913391,295.0,2015-05-27 09:00:00,21.8,34,5.3,19.4,0.0,0.0,0.0,0.0,0,1018.4,984.3,0,0,0,0,0.4,1.73,10.5,13.9,63,65,27.4,22.5,20.8,18.6,14.0,0.169,0.224,0.268,0.341,1,3600.0,591.0,499.0,92.0,827.6,591.0,803.7,667.0,563.2,103.8,827.6,667.0,907.0,32.97631458516793,90.35294572694325,222.92058209090632,469.46312500000005,7.65426520888019,222.4242328656673
39.964848,-6.913391,295.0,2015-05-27 10:00:00,23.9,30,5.3,22.6,0.0,0.0,0.0,0.0,0,1017.9,984.1,0,0,0,0,0.52,2.07,9.5,12.7,61,61,27.7,24.5,20.9,18.6,14.0,0.169,0.224,0.268,0.341,1,3600.0,761.0,660.0,101.0,882.5,761.0,996.8,823.5,714.2,109.3,882.5,823.5,1078.7,35.86291026012859,91.57860143704272,227.52773709090633,476.16912500000007,8.667078579732467,226.99801008994888
39.964848,-6.913391,295.0,2015-05-27 11:00:00,25.8,26,5.0,25.3,0.0,0.0,0.0,0.0,0,1017.3,983.7,0,0,0,0,0.63,2.45,8.7,11.4,66,66,27.7,26.5,21.2,18.6,14.0,0.168,0.224,0.268,0.341,1,3600.0,892.0,784.0,108.0,914.0,892.0,1143.2,934.8,821.6,113.2,914.0,934.8,1198.1,39.10216982855523,92.78369353790993,232.76831008690633,483.21712500000007,9.868327162246802,232.19616003749036
39.964848,-6.913391,295.0,2015-05-27 12:00:00,27.5,23,4.6,27.7,0.0,0.0,0.0,0.0,0,1016.7,983.3,0,0,0,0,0.7,2.82,7.2,9.1,72,72,27.0,28.3,21.5,18.6,14.0,0.168,0.223,0.267,0.341,1,3600.0,972.0,860.0,112.0,929.7,972.0,1232.8,991.0,876.8,114.2,929.7,991.0,1256.9,43.4873046875,96.3147201538086,137.03224182128906,342.953125,13.443603515625,139.80337524414062
39.964848,-6.913391,295.0,2015-05-27 13:00:00,28.7,21,4.3,29.4,0.0,0.0,0.0,0.0,0,1015.7,982.5,0,0,0,0,0.72,3.1,5.2,6.3,78,77,25.2,29.8,21.9,18.6,14.0,0.167,0.223,0.267,0.341,1,3600.0,996.0,883.0,113.0,934.3,996.0,1259.5,989.5,877.2,112.3,934.3,989.5,1251.3,42.99699534929575,96.06679500409385,143.23004999328907,350.523125,13.008663507188057,143.19571716770355
39.964848,-6.913391,295.0,2015-05-27 14:00:00,29.6,20,4.0,30.3,0.0,0.0,0.0,0.0,0,1015.3,982.2,0,0,0,0,0.69,3.33,3.7,4.5,79,76,22.3,30.9,22.3,18.7,14.0,0.167,0.223,0.267,0.341,1,3600.0,961.0,850.0,111.0,927.3,961.0,1221.7,929.5,822.1,107.4,927.3,929.5,1181.6,41.65661618085195,96.11815543519536,149.69586295328907,358.255125,12.145679695847885,149.62165015785942
39.964848,-6.913391,295.0,2015-05-27 15:00:00,30.1,19,3.8,30.4,0.0,0.0,0.0,0.0,0,1014.5,981.4,0,0,0,0,0.62,3.48,2.9,3.7,83,79,20.2,31.4,22.7,18.7,14.0,0.166,0.223,0.267,0.341,1,3600.0,871.0,764.0,107.0,907.7,871.0,1121.7,817.3,716.9,100.4,907.7,817.3,1052.6,41.230170835290906,96.16953282296096,156.34912130528906,366.077125,11.747052825358455,156.2314842777169
39.964848,-6.913391,295.0,2015-05-27 16:00:00,30.3,18,3.6,29.8,0.0,0.0,0.0,0.0,0,1014.2,981.2,0,0,0,0,0.5,3.54,1.8,2.5,101,82,18.4,31.4,23.1,18.7,14.0,0.166,0.222,0.267,0.341,1,3600.0,732.0,632.0,100.0,871.4,732.0,966.6,661.2,570.8,90.3,871.4,661.2,873.0,40.360493798545704,96.22092717298885,163.12769427328905,373.935125,11.191025165287291,162.96337776977867
39.964848,-6.913391,295.0,2015-05-27 17:00:00,30.2,18,3.5,28.5,0.0,0.0,0.0,0.0,0,1013.6,980.6,0,0,0,0,0.37,3.52,1.5,1.6,135,117,16.2,30.8,23.4,18.7,14.0,0.166,0.222,0.267,0.341,1,3600.0,556.0,467.0,89.0,811.7,556.0,766.8,475.1,399.1,76.1,811.7,475.1,655.2,40.49595240425223,96.27233849087918,169.88467942928906,381.775125,11.099851840616395,169.67193096841586
39.964848,-6.913391,295.0,2015-05-27 18:00:00,29.7,19,3.7,28.0,0.0,0.0,0.0,0.0,0,1013.5,980.4,0,0,0,0,0.22,3.39,1.8,1.8,180,169,13.7,29.7,23.7,18.7,14.0,0.165,0.222,0.267,0.341,1,3600.0,360.0,285.0,75.0,708.7,360.0,535.9,278.1,220.1,57.9,708.7,278.1,414.0,41.375891116130376,96.32376678223385,176.45263959728908,389.525125,11.347338966299837,176.19164278921585
39.964848,-6.913391,295.0,2015-05-27 19:00:00,28.8,25,7.1,27.6,0.0,0.0,0.0,0.0,0,1013.5,980.3,0,0,0,0,0.11,2.95,2.7,5.4,203,200,10.1,28.1,23.8,18.7,14.0,0.165,0.222,0.267,0.341,1,3600.0,165.0,115.0,50.0,528.8,165.0,289.8,94.4,65.8,28.6,528.8,94.4,165.8,40.05951405168003,95.55317274053952,182.3563796472891,397.113125,10.69704210704187,182.05389266422384
39.964848,-6.913391,295.0,2015-05-27 20:00:00,27.2,31,8.7,26.0,0.0,0.0,0.0,0.0,0,1013.5,980.2,0,0,0,0,0.07,2.48,5.7,7.3,215,213,10.1,25.8,23.8,18.8,14.0,0.165,0.222,0.267,0.341,0,523.83,24.0,12.0,12.0,121.8,24.0,72.4,0.0,0.0,0.0,0.0,0.0,0.0,39.22407651366875,94.16407168934379,187.4971748292891,404.41312500000004,10.283498142139374,187.16138459288038
39.964848,-6.913391,295.0,2015-05-27 21:00:00,27.0,23,4.3,25.2,0.0,0.0,0.0,0.0,0,1013.9,980.5,0,0,0,0,0.03,2.74,3.0,4.8,284,228,10.1,23.4,23.7,18.8,14.0,0.165,0.222,0.267,0.341,0,0.0,0.0,0.0,0.0,0.0,0.0,0.0,0.0,0.0,0.0,0.0,0.0,0.0,36.21638753447699,94.21480393568575,193.1934612712891,411.67712500000005,9.03858669529252,192.8150674257119
39.964848,-6.913391,295.0,2015-05-27 22:00:00,25.7,27,5.3,23.9,0.0,0.0,0.0,0.0,0,1014.8,981.3,0,0,0,0,0.05,2.41,4.4,3.7,351,299,7.2,21.7,23.5,18.8,14.0,0.165,0.222,0.267,0.341,0,0.0,0.0,0.0,0.0,0.0,0.0,0.0,0.0,0.0,0.0,0.0,0.0,0.0,37.987685284236456,94.19309997722391,198.34399729528909,418.707125,9.67019098954942,197.92872025567232
39.964848,-6.913391,295.0,2015-05-27 23:00:00,21.8,44,9.1,20.6,0.0,0.0,0.0,0.0,0,1014.7,980.7,0,0,0,0,0.05,1.46,6.8,9.7,3,2,10.4,20.5,23.3,18.8,14.0,0.166,0.222,0.267,0.341,0,0.0,0.0,0.0,0.0,0.0,0.0,0.0,0.0,0.0,0.0,0.0,0.0,0.0,31.58203835159172,91.31758102006118,201.72012047928908,425.035125,7.289277802291119,201.29031618764049
39.964848,-6.913391,295.0,2015-05-28 00:00:00,19.2,55,10.1,17.9,0.0,0.0,0.0,0.0,0,1014.7,980.4,0,0,0,0,0.05,1.0,9.4,15.0,7,17,14.8,19.5,23.0,18.8,14.0,0.166,0.222,0.267,0.341,0,0.0,0.0,0.0,0.0,0.0,0.0,0.0,0.0,0.0,0.0,0.0,0.0,0.0,26.9569207486846,88.75753956940612,204.1250553892891,430.895125,5.760676537528126,203.69278322702132
39.964848,-6.913391,295.0,2015-05-28 01:00:00,18.4,51,8.2,16.5,0.0,0.0,0.0,0.0,0,1014.4,980.1,0,0,0,0,0.06,1.04,10.2,20.5,10,24,18.0,18.7,22.7,18.8,14.0,0.166,0.222,0.267,0.341,0,0.0,0.0,0.0,0.0,0.0,0.0,0.0,0.0,0.0,0.0,0.0,0.0,0.0,27.255147388823428,88.57312226769633,206.6405620192891,436.611125,5.840958980008311,206.20323470889738
39.964848,-6.913391,295.0,2015-05-28 02:00:00,17.6,52,7.7,15.5,0.0,0.0,0.0,0.0,0,1014.1,979.7,0,0,0,0,0.06,0.96,10.3,21.6,12,28,19.1,18.0,22.4,18.8,14.1,0.166,0.222,0.267,0.341,0,0.0,0.0,0.0,0.0,0.0,0.0,0.0,0.0,0.0,0.0,0.0,0.0,0.0,26.66666044795983,88.30343997038149,209.0036376352891,442.183125,5.647636491954348,208.56272645242558
39.964848,-6.913391,295.0,2015-05-28 03:00:00,16.8,54,7.5,14.7,0.0,0.0,0.0,0.0,0,1014.4,979.9,0,0,0,0,0.05,0.88,9.7,20.0,15,28,19.1,17.4,22.1,18.8,14.1,0.166,0.222,0.267,0.341,0,0.0,0.0,0.0,0.0,0.0,0.0,0.0,0.0,0.0,0.0,0.0,0.0,0.0,25.095911480305116,87.8912228811276,211.1713698792891,447.611125,5.165045919560001,210.7290340209481
39.964848,-6.913391,295.0,2015-05-28 04:00:00,15.9,58,7.8,14.1,0.0,0.0,0.0,0.0,0,1014.6,980.0,0,0,0,0,0.04,0.75,9.0,17.9,16,25,18.4,16.9,21.7,18.8,14.1,0.166,0.222,0.267,0.341,0,0.0,0.0,0.0,0.0,0.0,0.0,0.0,0.0,0.0,0.0,0.0,0.0,0.0,22.833907377338733,87.18662312713161,213.0510891192891,452.87712500000004,4.508397073769727,212.6108460482403
39.964848,-6.913391,295.0,2015-05-28 05:00:00,15.2,62,8.0,13.4,0.0,0.0,0.0,0.0,0,1014.9,980.2,0,0,0,0,0.03,0.66,8.9,17.1,14,22,17.6,16.4,21.4,18.8,14.1,0.166,0.222,0.267,0.341,0,0.0,0.0,0.0,0.0,0.0,0.0,0.0,0.0,0.0,0.0,0.0,0.0,0.0,21.069291690886196,86.41898476896434,214.68175872328908,458.017125,4.022554552072081,214.2467451525782
39.964848,-6.913391,295.0,2015-05-28 06:00:00,15.4,63,8.5,13.7,0.0,0.0,0.0,0.0,0,1015.6,980.9,0,0,0,0,0.05,0.65,9.3,17.1,13,22,18.7,16.5,21.1,18.8,14.1,0.166,0.222,0.267,0.341,1,1650.97,39.0,22.0,17.0,191.8,39.0,93.8,87.0,49.1,37.9,312.4,53.4,209.3,20.718353955876857,86.10241069942644,216.28899765328907,463.193125,3.925288984557757,215.85979812598367
39.964848,-6.913391,295.0,2015-05-28 07:00:00,18.7,46,6.9,16.7,0.0,0.0,0.0,0.0,0,1015.9,981.5,0,0,0,0,0.14,1.16,8.6,15.6,22,29,20.5,18.7,20.9,18.9,14.1,0.166,0.222,0.267,0.341,1,3600.0,196.0,140.0,56.0,559.3,196.0,333.5,268.8,192.0,76.8,559.3,268.8,457.5,23.141605624315147,87.4317054740455,219.10383772528908,468.963125,4.575684385657586,218.66513028960946
39.964848,-6.913391,295.0,2015-05-28 08:00:00,22.0,38,7.0,20.2,0.0,0.0,0.0,0.0,0,1016.3,982.3,0,0,0,0,0.27,1.65,7.7,10.7,37,40,20.5,21.4,20.9,18.9,14.1,0.166,0.221,0.267,0.341,1,3600.0,392.0,315.0,77.0,725.9,392.0,578.2,471.7,379.1,92.7,725.9,471.7,695.8,27.32278048355935,89.39628435937813,222.87433337728908,475.32712499999997,5.795503180931742,222.41448502144846
39.964848,-6.913391,295.0,2015-05-28 09:00:00,24.9,32,6.9,23.2,0.0,0.0,0.0,0.0,0,1016.0,982.3,0,0,0,0,0.41,2.15,8.0,10.5,72,74,22.3,24.0,21.1,18.9,14.1,0.166,0.221,0.267,0.341,1,3600.0,585.0,494.0,91.0,817.9,585.0,804.7,660.1,557.4,102.7,817.9,660.1,907.9,32.98895476593517,91.22198929083929,227.52887625728908,482.213125,7.639078268425199,227.0365348810749
39.964848,-6.913391,295.0,2015-05-28 10:00:00,27.1,28,6.9,26.5,0.0,0.0,0.0,0.0,0,1015.7,982.3,0,0,0,0,0.54,2.59,7.3,9.1,99,97,24.1,26.3,21.3,18.9,14.1,0.166,0.221,0.266,0.341,1,3600.0,754.0,653.0,101.0,872.1,754.0,997.6,815.9,706.6,109.3,872.1,815.9,1079.5,36.58088763629948,92.55801675095803,232.8742291212891,489.495125,8.909076286521875,232.33986414660546
39.964848,-6.913391,295.0,2015-05-28 11:00:00,28.9,24,6.5,29.3,0.0,0.0,0.0,0.0,0,1015.4,982.2,0,0,0,0,0.64,3.01,5.3,6.4,118,117,23.8,28.5,21.6,18.9,14.1,0.165,0.221,0.266,0.341,1,3600.0,884.0,776.0,108.0,903.8,884.0,1143.9,926.4,813.2,113.2,903.8,926.4,1198.7,38.2899596919232,93.75999389006462,238.8766939212891,497.10112499999997,9.529240771322694,238.29032583417091
39.964848,-6.913391,295.0,2015-05-28 12:00:00,30.2,22,5.8,31.5,0.0,0.0,0.0,0.0,0,1014.7,981.7,0,0,0,0,0.7,3.38,2.8,3.3,140,139,21.6,30.5,22.0,18.9,14.1,0.165,0.22,0.266,0.341,1,3600.0,964.0,852.0,112.0,920.2,964.0,1233.5,982.9,868.7,114.2,920.2,982.9,1257.6,43.58039093017578,96.18453216552734,143.98431396484375,351.25,13.218711853027344,145.59243774414062
39.964848,-6.913391,295.0,2015-05-28 13:00:00,31.1,19,5.0,32.8,0.0,0.0,0.0,0.0,0,1013.9,981.0,0,0,0,0,0.7,3.66,0.8,1.0,207,225,19.1,32.1,22.5,18.9,14.1,0.164,0.22,0.266,0.341,1,3600.0,988.0,874.0,114.0,923.9,988.0,1260.3,981.6,868.3,113.3,923.9,981.6,1252.2,38.370237927617445,96.23593146759339,150.85081777684374,359.252,10.662650525202244,150.76747351021748
39.964848,-6.913391,295.0,2015-05-28 14:00:00,31.7,18,4.4,32.9,0.0,0.0,0.0,0.0,0,1013.3,980.5,0,0,0,0,0.69,3.85,1.8,2.3,270,288,17.6,33.1,23.0,18.9,14.1,0.164,0.22,0.266,0.341,1,3600.0,954.0,844.0,110.0,919.6,954.0,1222.7,922.8,816.4,106.4,919.6,922.8,1182.7,40.290641476757685,96.28734773915674,157.93162011284375,367.362,11.29175754159565,157.8005432948262
39.964848,-6.913391,295.0,2015-05-28 15:00:00,32.0,17,3.9,32.3,0.0,0.0,0.0,0.0,0,1012.6,979.8,0,0,0,0,0.62,3.96,2.6,3.5,286,294,17.6,33.4,23.5,18.9,14.1,0.163,0.22,0.266,0.341,1,3600.0,863.0,755.0,108.0,895.7,863.0,1123.0,810.0,708.6,101.4,895.7,810.0,1054.0,41.962359120954126,96.33878098581991,165.16432693084374,375.526,11.838050011869209,164.98166883172175
39.964848,-6.913391,295.0,2015-05-28 16:00:00,32.0,17,3.7,31.3,0.0,0.0,0.0,0.0,0,1012.1,979.3,1,0,1,1,0.52,3.97,2.7,3.2,293,297,17.3,33.1,23.9,18.9,14.1,0.163,0.219,0.266,0.341,1,3600.0,725.0,625.0,100.0,860.0,725.0,968.2,655.1,564.7,90.4,860.0,655.1,874.8,42.657584040251145,96.39023121318723,172.39703374884374,383.69,11.980611946191118,172.16049635364814
39.964848,-6.913391,295.0,2015-05-28 17:00:00,31.9,17,3.5,29.8,0.0,0.0,0.0,0.0,0,1011.3,978.5,2,0,2,3,0.4,3.94,4.2,5.2,290,295,16.9,32.3,24.2,18.9,14.1,0.162,0.219,0.266,0.341,1,3600.0,540.0,437.0,103.0,757.3,540.0,768.7,461.8,373.7,88.1,757.3,461.8,657.4,45.299481304281905,96.4416984268649,179.60788948884374,391.836,13.011118829606406,179.3153686799236
39.964848,-6.913391,295.0,2015-05-28 18:00:00,30.9,18,4.2,28.0,0.0,0.0,0.0,0.0,0,1011.5,978.6,8,0,3,21,0.32,3.64,10.6,14.2,298,300,20.2,30.8,24.5,19.0,14.1,0.162,0.219,0.266,0.341,1,3600.0,287.0,178.0,109.0,440.5,287.0,538.3,222.1,137.7,84.3,440.5,222.1,416.5,56.00622369970759,96.49318263246094,186.51598932884374,399.802,18.08762059521805,186.1685829935544
39.964848,-6.913391,295.0,2015-05-28 19:00:00,29.3,22,5.3,26.5,0.0,0.0,0.0,0.0,0,1011.3,978.3,5,0,3,11,0.22,3.18,11.0,17.9,319,322,26.3,28.9,24.6,19.0,14.1,0.162,0.219,0.266,0.341,1,3600.0,145.0,85.0,60.0,387.1,145.0,292.5,83.6,49.0,34.6,387.1,83.6,168.7,54.63913878577615,95.99137434591763,192.75855272084374,407.48,17.24761955187496,192.36253450799117
39.964848,-6.913391,295.0,2015-05-28 20:00:00,27.4,26,6.1,25.2,0.0,0.0,0.0,0.0,0,1011.6,978.3,3,0,3,4,0.12,2.7,8.2,18.2,322,326,22.3,27.1,24.6,19.0,14.1,0.162,0.219,0.266,0.341,0,268.56,21.0,9.0,12.0,90.3,21.0,73.9,0.0,0.0,0.0,0.0,0.0,0.0,46.28132899280861,95.03611042899182,198.31083266084374,414.81600000000003,13.151453749657513,197.87325716003588
39.964848,-6.913391,295.0,2015-05-28 21:00:00,25.7,30,6.9,23.9,0.0,0.0,0.0,0.0,0,1012.0,978.6,0,0,0,1,0.08,2.31,7.2,18.3,323,328,15.8,25.7,24.6,19.0,14.1,0.162,0.219,0.266,0.341,0,0.0,0.0,0.0,0.0,0.0,0.0,0.0,0.0,0.0,0.0,0.0,0.0,0.0,40.98715170839823,93.9874791453151,203.24970282084374,421.846,10.823012161369268,202.77725112333965
39.964848,-6.913391,295.0,2015-05-28 22:00:00,24.2,35,7.7,22.6,0.0,0.0,0.0,0.0,0,1012.4,978.8,2,0,1,3,0.07,1.98,7.2,17.4,333,338,14.0,24.4,24.5,19.0,14.1,0.162,0.219,0.266,0.341,0,0.0,0.0,0.0,0.0,0.0,0.0,0.0,0.0,0.0,0.0,0.0,0.0,0.0,36.878373571968005,92.79498852877738,207.57911219084374,428.606,9.164439938712754,207.07907665979585
39.964848,-6.913391,295.0,2015-05-28 23:00:00,22.8,39,8.0,21.1,0.0,0.0,0.0,0.0,0,1012.2,978.4,1,0,1,0,0.07,1.71,8.2,19.1,337,340,15.1,23.1,24.3,19.1,14.1,0.162,0.219,0.266,0.341,0,0.0,0.0,0.0,0.0,0.0,0.0,0.0,0.0,0.0,0.0,0.0,0.0,0.0,34.62344619225856,91.73645406833266,211.41726720484374,435.114,8.30127321245961,210.89552009046923
39.964848,-6.913391,295.0,2015-05-29 00:00:00,22.4,37,6.9,20.3,0.0,0.0,0.0,0.0,0,1012.1,978.3,2,0,2,1,0.08,1.71,8.7,19.5,336,341,16.9,22.1,24.1,19.1,14.1,0.162,0.219,0.266,0.341,0,0.0,0.0,0.0,0.0,0.0,0.0,0.0,0.0,0.0,0.0,0.0,0.0,0.0,35.100522818226935,91.68510740245691,215.31492033484375,441.54999999999995,8.451347231022316,214.76972628692093
39.964848,-6.913391,295.0,2015-05-29 01:00:00,21.2,43,8.1,19.4,0.0,0.0,0.0,0.0,0,1011.8,977.9,0,0,0,1,0.07,1.44,9.0,18.7,337,341,17.6,21.2,23.9,19.1,14.1,0.162,0.219,0.266,0.341,0,0.0,0.0,0.0,0.0,0.0,0.0,0.0,0.0,0.0,0.0,0.0,0.0,0.0,32.37467041338642,90.70728988974383,218.66129446084375,447.77,7.465643803935663,218.10002371599697
39.964848,-6.913391,295.0,2015-05-29 02:00:00,20.2,49,9.0,18.6,0.0,0.0,0.0,0.0,0,1011.2,977.2,0,0,0,0,0.06,1.22,9.0,17.5,337,341,17.6,20.4,23.6,19.1,14.2,0.162,0.219,0.266,0.341,0,0.0,0.0,0.0,0.0,0.0,0.0,0.0,0.0,0.0,0.0,0.0,0.0,0.0,28.95301149415616,89.53700341763499,221.52115301884376,453.81,6.314065161040184,220.95054132242987
39.964848,-6.913391,295.0,2015-05-29 03:00:00,18.9,57,10.3,17.8,0.0,0.0,0.0,0.0,0,1011.0,976.8,0,0,0,0,0.04,0.93,8.1,14.9,339,340,16.6,19.6,23.3,19.1,14.2,0.162,0.219,0.265,0.341,0,0.0,0.0,0.0,0.0,0.0,0.0,0.0,0.0,0.0,0.0,0.0,0.0,0.0,24.26441353075149,88.05941708616834,223.78524061884377,459.616,4.881187437662225,223.21361994718993
39.964848,-6.913391,295.0,2015-05-29 04:00:00,17.9,62,10.6,17.2,0.0,0.0,0.0,0.0,0,1011.1,976.8,0,0,0,0,0.02,0.77,6.8,11.6,342,338,15.1,18.9,23.0,19.1,14.2,0.162,0.219,0.265,0.341,0,0.0,0.0,0.0,0.0,0.0,0.0,0.0,0.0,0.0,0.0,0.0,0.0,0.0,20.708806194786174,86.94821554658321,225.68602113884378,465.24199999999996,3.90062854074267,225.11827418744173
39.964848,-6.913391,295.0,2015-05-29 05:00:00,17.2,66,10.9,16.6,0.0,0.0,0.0,0.0,0,1011.0,976.6,0,0,0,0,0.02,0.66,6.3,9.6,347,340,15.1,18.3,22.7,19.1,14.2,0.163,0.219,0.265,0.341,0,0.0,0.0,0.0,0.0,0.0,0.0,0.0,0.0,0.0,0.0,0.0,0.0,0.0,18.580716680511628,86.0658349564796,227.3240621908438,470.74199999999996,3.35726735096824,226.76375190906057
39.964848,-6.913391,295.0,2015-05-29 06:00:00,17.4,68,11.5,16.8,0.0,0.0,0.0,0.0,0,1011.4,977.0,0,0,0,0,0.04,0.63,7.3,10.0,349,345,16.6,18.3,22.4,19.1,14.2,0.163,0.219,0.265,0.341,1,1679.82,39.0,22.0,17.0,190.7,39.0,94.7,86.9,49.0,37.9,309.5,53.5,211.0,18.35691033804491,85.58220696274329,228.8825969108438,476.27799999999996,3.299695193706316,228.3312638774686
39.964848,-6.913391,295.0,2015-05-29 07:00:00,20.5,53,10.7,19.8,0.0,0.0,0.0,0.0,0,1011.5,977.5,0,0,0,0,0.13,1.12,6.1,9.7,3,360,16.2,20.4,22.3,19.2,14.2,0.163,0.219,0.265,0.341,1,3600.0,191.0,133.0,58.0,528.7,191.0,335.1,261.5,182.1,79.4,528.7,261.5,458.9,19.487596491426885,86.5838887744375,231.5552733428438,482.37199999999996,3.575677264236989,230.99798466972965
39.964848,-6.913391,295.0,2015-05-29 08:00:00,23.9,41,9.8,23.6,0.0,0.0,0.0,0.0,0,1012.2,978.5,0,0,0,0,0.23,1.75,1.8,2.7,37,23,16.6,23.6,22.3,19.2,14.2,0.163,0.219,0.265,0.341,1,3600.0,373.0,280.0,93.0,643.7,373.0,579.4,448.6,336.8,111.9,643.7,448.6,696.8,21.105699031906966,88.85954517726844,235.4384468428438,489.078,3.985787375452625,234.8587862380454
39.964848,-6.913391,295.0,2015-05-29 09:00:00,26.0,34,8.9,25.1,0.0,0.0,0.0,0.0,0,1012.1,978.7,0,0,0,0,0.36,2.23,4.3,5.4,175,176,15.5,25.6,22.4,19.2,14.2,0.163,0.218,0.265,0.341,1,3600.0,509.0,387.0,122.0,639.8,509.0,805.6,574.2,436.5,137.6,639.8,574.2,908.7,28.32786413342448,90.90409413083611,240.1472225188438,496.162,6.059069485947296,239.53326327835336
39.964848,-6.913391,295.0,2015-05-29 10:00:00,28.1,27,7.5,27.3,0.0,0.0,0.0,0.0,0,1012.7,979.5,14,0,13,20,0.54,2.77,8.2,10.5,203,207,22.7,27.9,22.6,19.2,14.2,0.162,0.218,0.265,0.341,1,3600.0,719.0,598.0,121.0,797.8,719.0,998.4,777.9,647.0,130.9,797.8,777.9,1080.1,38.9408238148675,92.88043237044701,245.75900057484378,503.62399999999997,9.754301055362665,245.0969076375771
39.964848,-6.913391,295.0,2015-05-29 11:00:00,29.7,21,5.3,28.7,0.0,0.0,0.0,0.0,0,1012.2,979.2,11,0,8,22,0.65,3.28,10.2,13.3,212,213,28.4,29.7,22.9,19.2,14.2,0.162,0.218,0.265,0.341,1,3600.0,838.0,705.0,133.0,820.4,838.0,1144.5,878.2,738.8,139.4,820.4,878.2,1199.4,48.309125799842136,94.56696774831991,252.16478888684378,511.37399999999997,13.638497598934451,251.44124497459433
39.964848,-6.913391,295.0,2015-05-29 12:00:00,31.0,18,4.1,30.2,0.0,0.0,0.0,0.0,0,1011.9,979.0,2,0,1,3,0.76,3.67,11.8,15.1,218,220,32.4,31.3,23.3,19.2,14.2,0.161,0.218,0.265,0.341,1,3600.0,956.0,835.0,121.0,901.1,956.0,1234.1,974.8,851.4,123.4,901.1,974.8,1258.3,53.654296875,95.20807647705078,150.58587646484375,359.25,18.1494140625,151.77993774414062
39.964848,-6.913391,295.0,2015-05-29 13:00:00,31.6,17,3.6,30.5,0.0,0.0,0.0,0.0,0,1011.3,978.5,0,0,0,1,0.79,3.85,13.0,16.9,228,230,35.3,32.2,23.7,19.2,14.2,0.161,0.217,0.265,0.341,1,3600.0,968.0,857.0,111.0,905.1,968.0,1261.1,961.8,851.5,110.3,905.1,961.8,1253.0,55.68791009095233,95.90880486626008,157.73117897084376,367.342,18.8643277438386,157.60251756541186
39.964848,-6.913391,295.0,2015-05-29 14:00:00,31.9,16,3.3,30.5,0.0,0.0,0.0,0.0,0,1010.9,978.2,0,0,0,1,0.78,3.96,13.9,18.2,239,240,37.1,32.7,24.1,19.2,14.2,0.16,0.217,0.265,0.341,1,3600.0,948.0,832.0,116.0,905.6,948.0,1223.6,917.1,804.9,112.2,905.6,917.1,1183.8,59.327249417095125,96.21642266165775,165.02891249084377,375.488,20.578012574962308,164.84782846993414
39.964848,-6.913391,295.0,2015-05-29 15:00:00,30.7,18,3.9,28.5,0.1,0.1,0.0,0.0,51,1010.4,977.5,3,0,1,8,0.68,3.62,14.7,19.6,248,250,39.6,32.5,24.4,19.2,14.2,0.161,0.217,0.265,0.341,1,3600.0,808.0,645.0,163.0,764.1,808.0,1124.2,758.5,605.5,153.0,764.1,758.5,1055.4,61.55127792552706,96.26783249238211,171.89383670684376,383.418,21.573635035433522,171.66268446779134
39.964848,-6.913391,295.0,2015-05-29 16:00:00,30.6,16,2.2,26.7,0.0,0.0,0.0,0.0,1,1010.8,977.9,39,0,20,90,0.56,3.69,15.9,21.6,266,266,40.7,31.6,24.7,19.3,14.2,0.16,0.217,0.265,0.341,1,3600.0,578.0,351.0,227.0,482.0,578.0,969.7,522.5,317.3,205.2,482.0,522.5,876.5,64.57110712795263,96.31925929607985,178.90408375484375,391.33,23.07788175205262,178.61870256499884
39.964848,-6.913391,295.0,2015-05-29 17:00:00,30.0,17,2.5,26.2,0.0,0.0,0.0,0.0,0,1010.6,977.7,17,0,6,46,0.45,3.51,14.1,19.6,283,283,38.5,30.5,24.9,19.3,14.2,0.16,0.216,0.264,0.34,1,3600.0,436.0,267.0,169.0,461.4,436.0,770.7,373.1,228.5,144.6,461.4,373.1,659.5,61.72973301208739,96.37070307835458,185.69976901284375,399.13399999999996,21.223418527513616,185.36048683863808
39.964848,-6.913391,295.0,2015-05-29 18:00:00,29.3,19,3.6,25.9,0.0,0.0,0.0,0.0,0,1010.8,977.8,2,0,0,6,0.35,3.29,13.2,19.0,299,299,32.8,29.6,25.0,19.3,14.2,0.16,0.216,0.264,0.34,1,3600.0,318.0,217.0,101.0,534.6,318.0,540.6,246.5,168.2,78.3,534.6,246.5,419.0,60.59418415072708,96.42216384481179,192.18243099684375,406.81199999999995,20.423468278974127,191.7911978240106
39.964848,-6.913391,295.0,2015-05-29 19:00:00,27.8,25,6.0,25.2,0.0,0.0,0.0,0.0,0,1011.5,978.3,0,0,0,0,0.21,2.8,10.8,17.4,296,300,28.8,28.2,25.1,19.3,14.2,0.16,0.216,0.264,0.34,1,3600.0,156.0,102.0,54.0,460.1,156.0,295.2,90.6,59.3,31.4,460.1,90.6,171.5,51.46483445393337,95.31639395160511,197.88872154684375,414.21999999999997,15.578005425838807,197.45411935024282
39.964848,-6.913391,295.0,2015-05-29 20:00:00,25.9,31,7.3,24.0,0.0,0.0,0.0,0.0,0,1011.8,978.4,0,0,0,0,0.11,2.33,8.8,18.5,289,297,22.0,26.5,25.1,19.3,14.2,0.16,0.216,0.264,0.34,0,545.43,25.0,12.0,13.0,119.2,25.0,75.3,0.0,0.0,0.0,0.0,0.0,0.0,42.81210793705535,93.89803556655542,202.79336712684375,421.28599999999994,11.587139993088806,202.3247052977247
39.964848,-6.913391,295.0,2015-05-29 21:00:00,24.3,36,8.2,22.6,0.0,0.0,0.0,0.0,0,1013.1,979.5,0,0,0,0,0.08,1.96,8.5,19.1,306,314,16.6,25.1,25.0,19.4,14.2,0.16,0.216,0.264,0.34,0,0.0,0.0,0.0,0.0,0.0,0.0,0.0,0.0,0.0,0.0,0.0,0.0,0.0,37.835438241232424,92.61074892600551,207.07301922284375,428.06399999999996,9.534865128806402,206.57773592652552
39.964848,-6.913391,295.0,2015-05-29 22:00:00,23.0,38,8.1,21.3,0.0,0.0,0.0,0.0,0,1014.5,980.7,0,0,0,0,0.07,1.73,8.2,18.4,331,337,20.9,23.9,24.8,19.4,14.2,0.16,0.216,0.264,0.34,0,0.0,0.0,0.0,0.0,0.0,0.0,0.0,0.0,0.0,0.0,0.0,0.0,0.0,34.994976898244396,91.85272337608347,211.00673979484375,434.60799999999995,8.439119016877887,210.4884932357764
39.964848,-6.913391,295.0,2015-05-29 23:00:00,22.0,36,6.2,19.5,0.0,0.0,0.0,0.0,0,1015.0,981.0,0,0,0,0,0.1,1.7,11.3,23.2,343,347,28.8,22.9,24.6,19.4,14.2,0.16,0.216,0.264,0.34,0,0.0,0.0,0.0,0.0,0.0,0.0,0.0,0.0,0.0,0.0,0.0,0.0,0.0,38.650628859927195,91.80088656682297,214.89886433884377,440.9719999999999,9.793769673248198,214.35686417107203
39.964848,-6.913391,295.0,2015-05-30 00:00:00,21.1,33,4.2,18.0,0.0,0.0,0.0,0.0,0,1014.8,980.7,0,0,0,0,0.11,1.68,12.4,24.6,343,349,30.6,22.2,24.4,19.4,14.2,0.16,0.216,0.264,0.34,0,0.0,0.0,0.0,0.0,0.0,0.0,0.0,0.0,0.0,0.0,0.0,0.0,0.0,40.31644629547984,91.85083860678053,218.81468282284376,447.1739999999999,10.42544110931139,218.24716529204713
39.964848,-6.913391,295.0,2015-05-30 01:00:00,20.3,32,3.1,16.9,0.0,0.0,0.0,0.0,0,1015.0,980.8,0,0,0,0,0.11,1.62,12.2,24.4,346,351,30.2,21.7,24.2,19.4,14.2,0.16,0.216,0.264,0.34,0,0.0,0.0,0.0,0.0,0.0,0.0,0.0,0.0,0.0,0.0,0.0,0.0,0.0,40.299173319525316,91.90080713842133,222.64572965484376,453.2319999999999,10.394159789236504,222.05280588673773
39.964848,-6.913391,295.0,2015-05-30 02:00:00,19.5,34,3.1,16.2,0.0,0.0,0.0,0.0,0,1014.8,980.6,0,0,0,0,0.1,1.51,11.8,24.3,348,353,29.5,21.1,23.9,19.4,14.3,0.16,0.216,0.264,0.34,0,0.0,0.0,0.0,0.0,0.0,0.0,0.0,0.0,0.0,0.0,0.0,0.0,0.0,39.40905814860608,91.78517271324348,226.22509419084375,459.1459999999999,10.02132787091287,225.60971468183368
39.964848,-6.913391,295.0,2015-05-30 03:00:00,18.9,36,3.5,15.8,0.0,0.0,0.0,0.0,0,1014.7,980.4,0,0,0,0,0.09,1.41,11.1,23.9,347,355,28.4,20.6,23.7,19.5,14.3,0.16,0.216,0.264,0.34,0,0.0,0.0,0.0,0.0,0.0,0.0,0.0,0.0,0.0,0.0,0.0,0.0,0.0,37.264603903363565,91.41553540944757,229.59489899084375,464.9519999999999,9.179779060452557,228.95964150079564
39.964848,-6.913391,295.0,2015-05-30 04:00:00,18.3,38,3.9,15.3,0.0,0.0,0.0,0.0,0,1015.0,980.6,0,0,0,0,0.08,1.3,10.8,23.2,345,353,27.0,20.1,23.4,19.5,14.3,0.16,0.216,0.264,0.34,0,0.0,0.0,0.0,0.0,0.0,0.0,0.0,0.0,0.0,0.0,0.0,0.0,0.0,35.4434617070041,90.9743570466911,232.76146243884375,470.64999999999986,8.491851555889964,232.10888188434888
39.964848,-6.913391,295.0,2015-05-30 05:00:00,17.8,41,4.4,15.0,0.0,0.0,0.0,0.0,0,1015.3,980.8,0,0,0,0,0.07,1.2,9.8,22.2,343,352,25.6,19.6,23.2,19.5,14.3,0.16,0.216,0.264,0.34,0,0.0,0.0,0.0,0.0,0.0,0.0,0.0,0.0,0.0,0.0,0.0,0.0,0.0,32.50297432959483,90.40310046482736,235.69714160484375,476.25799999999987,7.442171199898464,235.03046139978457
39.964848,-6.913391,295.0,2015-05-30 06:00:00,17.7,43,5.1,15.1,0.0,0.0,0.0,0.0,0,1016.0,981.5,0,0,0,0,0.08,1.15,9.8,20.7,343,352,23.8,19.4,22.9,19.5,14.3,0.16,0.216,0.264,0.34,1,1706.98,41.0,23.0,18.0,198.2,41.0,95.5,91.3,51.2,40.1,320.8,56.4,212.6,31.192749013013447,89.96550744197963,238.51830006084376,481.84799999999984,6.990323414797221,237.83926550392513
39.964848,-6.913391,295.0,2015-05-30 07:00:00,19.0,42,5.9,16.6,0.0,0.0,0.0,0.0,0,1016.6,982.2,0,0,0,0,0.15,1.27,9.3,16.0,344,351,20.9,20.4,22.7,19.5,14.3,0.16,0.216,0.264,0.34,1,3600.0,198.0,142.0,56.0,561.8,198.0,336.5,270.7,194.2,76.6,561.8,270.7,460.1,30.840103781128864,90.0148535308852,241.58745508884377,487.67199999999985,6.864759058219213,240.89316135575453
39.964848,-6.913391,295.0,2015-05-30 08:00:00,21.1,37,5.8,18.7,0.0,0.0,0.0,0.0,0,1016.8,982.7,0,0,0,0,0.27,1.58,9.4,13.4,353,355,24.5,22.4,22.6,19.5,14.3,0.16,0.216,0.264,0.34,1,3600.0,393.0,316.0,77.0,724.8,393.0,580.5,472.4,379.9,92.6,724.8,472.4,697.8,31.120651684953586,90.06421591141907,245.26949336484375,493.87399999999985,6.948390304151554,244.5514721369488
39.964848,-6.913391,295.0,2015-05-30 09:00:00,23.3,32,5.8,21.2,0.0,0.0,0.0,0.0,0,1016.9,983.0,0,0,0,0,0.4,1.94,8.4,11.2,353,354,24.5,24.5,22.7,19.5,14.3,0.16,0.216,0.264,0.34,1,3600.0,586.0,494.0,92.0,815.6,586.0,806.5,660.9,557.1,103.8,815.6,660.9,909.5,33.19898141107138,91.0834788878582,249.63760283684377,500.47199999999987,7.642440230171667,248.88592536611046
39.964848,-6.913391,295.0,2015-05-30 10:00:00,25.2,27,4.9,23.9,0.0,0.0,0.0,0.0,0,1017.0,983.3,0,0,0,0,0.53,2.34,8.7,11.4,330,332,23.8,26.7,22.8,19.5,14.3,0.16,0.215,0.264,0.34,1,3600.0,755.0,653.0,102.0,870.3,755.0,999.0,816.8,706.4,110.3,870.3,816.8,1080.7,38.06180285262988,92.43152705852171,254.69204677084377,507.41199999999986,9.391558035867437,253.89600252162572
39.964848,-6.913391,295.0,2015-05-30 11:00:00,26.7,24,4.2,26.1,0.0,0.0,0.0,0.0,0,1016.7,983.2,0,0,0,0,0.64,2.68,8.7,11.2,318,320,23.8,28.6,23.1,19.5,14.3,0.159,0.215,0.264,0.34,1,3600.0,885.0,776.0,109.0,902.2,885.0,1145.1,927.4,813.2,114.2,902.2,927.4,1199.9,41.67708903709193,93.42117064190887,260.25433081884375,514.6219999999998,10.788987804750917,259.4055048517606
39.964848,-6.913391,295.0,2015-05-30 12:00:00,27.9,22,4.0,27.6,0.0,0.0,0.0,0.0,0,1016.4,983.0,0,0,0,0,0.71,2.94,8.9,11.7,313,315,24.8,30.2,23.4,19.5,14.3,0.159,0.215,0.264,0.34,1,3600.0,965.0,852.0,113.0,918.7,965.0,1234.7,984.0,868.7,115.2,918.7,984.0,1259.0,53.8994140625,94.9580078125,156.68353271484375,366.90625,17.96484375,157.62498474121094
39.964848,-6.913391,295.0,2015-05-30 13:00:00,28.7,21,3.9,28.4,0.0,0.0,0.0,0.0,0,1016.1,982.8,0,0,0,0,0.74,3.14,9.8,12.5,306,309,26.3,31.3,23.7,19.5,14.3,0.158,0.215,0.264,0.34,1,3600.0,989.0,875.0,114.0,923.2,989.0,1261.8,982.7,869.5,113.3,923.2,982.7,1253.8,46.98245409538957,95.00900217712727,162.88134088684376,374.47625,14.202867781750511,162.72292839959337
39.964848,-6.913391,295.0,2015-05-30 14:00:00,29.4,20,3.8,28.6,0.0,0.0,0.0,0.0,0,1015.6,982.4,0,0,0,0,0.73,3.3,11.0,14.1,302,302,28.1,31.9,24.1,19.6,14.3,0.158,0.214,0.264,0.34,1,3600.0,955.0,842.0,113.0,915.5,955.0,1224.5,924.0,814.7,109.3,915.5,924.0,1184.8,49.41817697776169,95.06001337756163,169.30503128684376,382.17225,15.193941392828496,169.102074127234
39.964848,-6.913391,295.0,2015-05-30 15:00:00,29.6,19,3.7,28.1,0.0,0.0,0.0,0.0,0,1015.0,981.9,0,0,0,0,0.67,3.35,11.8,15.1,297,298,30.2,32.0,24.4,19.6,14.3,0.158,0.214,0.263,0.34,1,3600.0,856.0,745.0,111.0,881.3,856.0,1125.4,803.8,699.5,104.2,881.3,803.8,1056.7,51.49654390297795,95.16334556443572,175.85166690884375,389.90425000000005,16.044158092016794,175.6009828006265
39.964848,-6.913391,295.0,2015-05-30 16:00:00,29.5,19,3.6,27.0,0.0,0.0,0.0,0.0,0,1014.7,981.6,4,0,1,12,0.58,3.33,12.9,16.9,293,297,32.8,31.6,24.7,19.6,14.3,0.157,0.214,0.263,0.34,1,3600.0,705.0,581.0,124.0,796.4,705.0,971.2,637.5,525.4,112.1,796.4,637.5,878.2,53.8648058707096,95.21440772139269,182.37697798484376,397.61825000000005,17.077345482797934,182.07697570776443
39.964848,-6.913391,295.0,2015-05-30 17:00:00,28.8,20,3.8,25.3,0.0,0.0,0.0,0.0,0,1014.6,981.4,4,0,2,9,0.47,3.17,14.0,18.7,296,298,34.6,30.6,24.9,19.6,14.3,0.157,0.214,0.263,0.34,1,3600.0,526.0,418.0,108.0,720.3,526.0,772.5,450.4,358.0,92.5,720.3,450.4,661.6,56.27190762554897,95.26548673653842,188.67430070484377,405.20625000000007,18.177030706988266,188.32581803170888
39.964848,-6.913391,295.0,2015-05-30 18:00:00,27.6,23,4.5,24.1,0.0,0.0,0.0,0.0,0,1014.6,981.3,2,0,3,0,0.34,2.86,15.0,20.6,297,299,34.6,29.1,25.0,19.6,14.3,0.157,0.214,0.263,0.34,1,3600.0,289.0,191.0,98.0,468.4,289.0,542.9,224.4,148.3,76.1,468.4,224.4,421.5,58.47584223496438,95.30477874053409,194.49221603884376,412.5782500000001,19.21925827581528,194.09958503426765
39.964848,-6.913391,295.0,2015-05-30 19:00:00,26.3,28,6.2,23.2,0.0,0.0,0.0,0.0,0,1015.1,981.6,1,0,2,0,0.23,2.47,14.7,22.4,298,300,32.4,27.6,25.0,19.6,14.3,0.157,0.214,0.263,0.34,1,3600.0,166.0,114.0,52.0,509.6,166.0,297.8,97.2,66.7,30.4,509.6,97.2,174.3,53.59113098740704,94.34560080399166,199.68592768684377,419.71625000000006,16.595539197632885,199.25606473528086
39.964848,-6.913391,295.0,2015-05-30 20:00:00,24.3,34,7.4,21.7,0.0,0.0,0.0,0.0,0,1015.5,981.8,0,0,0,0,0.15,2.01,13.7,23.8,300,305,29.2,25.9,25.0,19.7,14.3,0.157,0.214,0.263,0.34,0,649.08,26.0,13.0,13.0,127.7,26.0,76.6,0.0,0.0,0.0,0.0,0.0,0.0,46.08655427874348,92.94860466466926,204.09931891084378,426.4942500000001,12.99299517969668,203.64135034799259
39.964848,-6.913391,295.0,2015-05-30 21:00:00,22.7,40,8.4,20.4,0.0,0.0,0.0,0.0,0,1016.6,982.7,0,0,0,0,0.11,1.65,12.7,22.9,313,318,27.0,24.5,24.9,19.7,14.3,0.157,0.214,0.263,0.34,0,0.0,0.0,0.0,0.0,0.0,0.0,0.0,0.0,0.0,0.0,0.0,0.0,0.0,39.42937485715769,91.55732538320194,207.85875739084378,432.9842500000001,10.152912341533142,207.38074076294316
39.964848,-6.913391,295.0,2015-05-30 22:00:00,21.4,45,9.0,19.6,0.0,0.0,0.0,0.0,0,1017.3,983.2,0,0,0,0,0.08,1.4,10.5,20.4,322,328,24.1,23.3,24.7,19.7,14.3,0.157,0.214,0.263,0.34,0,0.0,0.0,0.0,0.0,0.0,0.0,0.0,0.0,0.0,0.0,0.0,0.0,0.0,32.958359251129814,90.40242200212987,211.11667414084377,439.24025000000006,7.708615656421247,210.6248790141819
39.964848,-6.913391,295.0,2015-05-30 23:00:00,20.3,49,9.3,18.9,0.0,0.0,0.0,0.0,0,1017.5,983.3,0,0,0,0,0.06,1.21,8.9,18.6,320,328,21.6,22.4,24.5,19.7,14.3,0.157,0.213,0.263,0.34,0,0.0,0.0,0.0,0.0,0.0,0.0,0.0,0.0,0.0,0.0,0.0,0.0,0.0,28.581381342873495,89.47403683841448,213.98995926484378,445.29825000000005,6.225831376530695,213.48917728109166
39.964848,-6.913391,295.0,2015-05-31 00:00:00,19.4,53,9.5,18.0,0.0,0.0,0.0,0.0,0,1017.4,983.1,0,0,0,0,0.05,1.07,8.7,18.3,318,328,19.1,21.5,24.3,19.7,14.3,0.157,0.213,0.263,0.34,0,0.0,0.0,0.0,0.0,0.0,0.0,0.0,0.0,0.0,0.0,0.0,0.0,0.0,26.119016037582316,88.61769698491037,216.52652717484378,451.19425000000007,5.4505029576166635,216.02109542000338
39.964848,-6.913391,295.0,2015-05-31 01:00:00,18.6,56,9.6,17.2,0.0,0.0,0.0,0.0,0,1017.1,982.7,0,0,0,0,0.04,0.95,8.7,19.0,322,331,18.7,20.7,24.0,19.7,14.4,0.157,0.213,0.263,0.34,0,0.0,0.0,0.0,0.0,0.0,0.0,0.0,0.0,0.0,0.0,0.0,0.0,0.0,24.40145052505788,87.92538222060517,218.8085168628438,456.9462500000001,4.935316541575781,218.30161747432865
39.964848,-6.913391,295.0,2015-05-31 02:00:00,17.9,59,9.6,16.5,0.0,0.0,0.0,0.0,0,1016.9,982.4,0,0,0,0,0.04,0.85,9.1,19.3,326,336,18.7,19.9,23.7,19.7,14.4,0.157,0.213,0.263,0.34,0,0.0,0.0,0.0,0.0,0.0,0.0,0.0,0.0,0.0,0.0,0.0,0.0,0.0,23.224935767379332,87.28349584271513,220.85935900284377,462.57225000000005,4.594201922578176,220.35393437918563
39.964848,-6.913391,295.0,2015-05-31 03:00:00,17.3,60,9.6,15.9,0.0,0.0,0.0,0.0,0,1016.7,982.1,0,0,0,0,0.04,0.79,9.0,19.4,331,342,19.1,19.2,23.4,19.7,14.4,0.157,0.213,0.263,0.34,0,0.0,0.0,0.0,0.0,0.0,0.0,0.0,0.0,0.0,0.0,0.0,0.0,0.0,22.342009311352903,86.9263536775091,222.79699676284378,468.0902500000001,4.344396511202289,222.29421042056654
39.964848,-6.913391,295.0,2015-05-31 04:00:00,16.7,64,9.8,15.4,0.0,0.0,0.0,0.0,0,1016.8,982.2,0,0,0,0,0.03,0.69,8.9,19.5,333,344,19.1,18.6,23.1,19.8,14.4,0.157,0.213,0.263,0.34,0,0.0,0.0,0.0,0.0,0.0,0.0,0.0,0.0,0.0,0.0,0.0,0.0,0.0,20.802666072210773,86.24989620587715,224.48400529084378,473.5002500000001,3.927688909364658,223.98724242615958
39.964848,-6.913391,295.0,2015-05-31 05:00:00,16.1,66,9.9,14.8,0.0,0.0,0.0,0.0,0,1016.9,982.2,0,0,0,0,0.03,0.62,9.2,20.1,334,345,19.1,17.9,22.8,19.8,14.4,0.158,0.213,0.263,0.34,0,0.0,0.0,0.0,0.0,0.0,0.0,0.0,0.0,0.0,0.0,0.0,0.0,0.0,19.995942630529488,85.74589709995458,226.02358485884378,478.80225000000013,3.715125617754016,225.53456335179715
39.964848,-6.913391,295.0,2015-05-31 06:00:00,16.2,68,10.2,14.7,0.0,0.0,0.0,0.0,0,1017.0,982.3,1,1,0,0,0.05,0.6,10.8,20.9,334,345,19.8,17.8,22.5,19.8,14.4,0.158,0.213,0.263,0.34,1,1732.44,41.0,23.0,18.0,197.3,41.0,96.2,91.3,51.2,40.1,318.3,56.6,214.1,20.38689596004966,85.35339407863935,227.4810254348438,484.1222500000001,3.812919547048127,227.0011791920519
39.964848,-6.913391,295.0,2015-05-31 07:00:00,18.0,63,10.8,16.6,0.0,0.0,0.0,0.0,0,1017.4,982.9,0,0,0,0,0.13,0.76,11.2,17.6,339,345,24.1,19.7,22.3,19.8,14.4,0.158,0.213,0.263,0.34,1,3600.0,196.0,138.0,58.0,543.7,196.0,337.8,267.6,188.4,79.2,543.7,267.6,461.3,20.798804366861013,85.40121747672505,229.3415262568438,489.7662500000001,3.916445991522755,228.86636482100522
39.964848,-6.913391,295.0,2015-05-31 08:00:00,20.4,53,10.4,18.7,0.0,0.0,0.0,0.0,0,1017.3,983.1,0,0,0,0,0.26,1.14,12.5,17.5,348,351,29.2,21.6,22.2,19.8,14.4,0.158,0.213,0.263,0.34,1,3600.0,394.0,317.0,77.0,725.6,394.0,581.5,473.4,380.9,92.5,725.6,473.4,698.7,24.564724519270527,86.59779169248246,232.0018291868438,495.84225000000015,4.946200910404042,231.5211244501128
39.964848,-6.913391,295.0,2015-05-31 09:00:00,22.7,44,9.7,21.0,0.0,0.0,0.0,0.0,0,1017.5,983.5,0,0,0,0,0.4,1.55,12.3,16.6,355,358,30.6,23.7,22.2,19.8,14.4,0.157,0.213,0.263,0.34,1,3600.0,584.0,491.0,93.0,809.6,584.0,807.2,658.5,553.6,104.9,809.6,658.5,910.1,29.417829879451617,88.49112776975959,235.5106384348438,502.33225000000016,6.41697174709834,235.0131067031152
39.964848,-6.913391,295.0,2015-05-31 10:00:00,24.7,35,8.4,23.9,0.0,0.0,0.0,0.0,0,1017.6,983.9,0,0,0,0,0.52,2.01,10.5,13.7,356,358,30.2,25.8,22.4,19.8,14.4,0.157,0.213,0.263,0.34,1,3600.0,752.0,649.0,103.0,864.1,752.0,999.6,813.4,702.0,111.4,864.1,813.4,1081.3,33.8308049493735,90.56446359649537,239.9256092548438,509.1822500000002,7.889237083608373,239.39833932060472
39.964848,-6.913391,295.0,2015-05-31 11:00:00,26.2,30,7.1,26.3,0.0,0.0,0.0,0.0,0,1017.3,983.7,0,0,0,0,0.62,2.39,8.1,10.7,347,348,27.7,27.8,22.6,19.8,14.4,0.157,0.213,0.263,0.34,1,3600.0,883.0,772.0,111.0,896.9,883.0,1145.6,925.3,809.0,116.3,896.9,925.3,1200.5,35.66845164687768,91.96462912017469,244.95662251484381,516.3022500000002,8.530727789408424,244.39044720477827
39.964848,-6.913391,295.0,2015-05-31 12:00:00,27.4,26,6.3,28.0,0.0,0.0,0.0,0.0,0,1016.9,983.5,0,0,0,0,0.69,2.69,7.2,9.1,323,326,24.5,29.6,22.9,19.8,14.4,0.157,0.212,0.263,0.34,1,3600.0,968.0,857.0,111.0,923.4,968.0,1235.3,987.0,873.9,113.2,923.4,987.0,1259.6,53.3857421875,93.9130859375,161.88153076171875,374.15625,17.45947265625,162.4140625
39.964848,-6.913391,295.0,2015-05-31 13:00:00,28.3,24,5.8,28.7,0.0,0.0,0.0,0.0,0,1016.6,983.3,0,0,0,0,0.72,2.92,7.9,10.4,309,314,24.1,30.9,23.3,19.8,14.4,0.156,0.212,0.262,0.34,1,3600.0,987.0,872.0,115.0,919.3,987.0,1262.5,980.8,866.5,114.3,919.3,980.8,1254.6,40.56800172988414,93.9637353208093,167.76394626571874,381.65425,11.174745582145231,167.57866609539357
39.964848,-6.913391,295.0,2015-05-31 14:00:00,28.9,23,5.5,28.7,0.0,0.0,0.0,0.0,0,1016.1,982.9,1,0,1,0,0.71,3.08,9.5,12.3,307,310,25.2,31.6,23.6,19.8,14.4,0.156,0.212,0.262,0.34,1,3600.0,949.0,839.0,110.0,911.2,949.0,1225.4,918.4,811.9,106.4,911.2,918.4,1185.8,43.669997456432824,94.13090478962036,173.84539086571874,389.26025,12.396744979556987,173.61864444926408
39.964848,-6.913391,295.0,2015-05-31 15:00:00,29.2,22,5.1,28.1,0.0,0.0,0.0,0.0,0,1015.6,982.4,2,0,4,0,0.64,3.17,10.2,13.2,309,313,26.6,31.7,24.0,19.8,14.4,0.156,0.212,0.262,0.34,1,3600.0,832.0,720.0,112.0,850.6,832.0,1126.5,781.4,676.2,105.2,850.6,781.4,1058.0,45.99992794227441,94.39550205423124,180.06741950971875,396.92025,13.319979232681336,179.79610917158163
39.964848,-6.913391,295.0,2015-05-31 16:00:00,29.0,22,4.8,26.3,0.0,0.0,0.0,0.0,0,1015.5,982.3,8,0,13,1,0.5,3.14,10.9,14.5,314,316,26.6,31.0,24.3,19.8,14.4,0.155,0.211,0.262,0.34,1,3600.0,585.0,420.0,165.0,574.6,585.0,972.7,529.2,379.9,149.3,574.6,529.2,879.9,47.50376100102277,94.44631070738812,186.24837865771875,404.54425000000003,13.895227472286178,185.93135758176192
39.964848,-6.913391,295.0,2015-05-31 17:00:00,28.6,22,4.9,25.7,0.0,0.0,0.0,0.0,1,1015.1,981.9,29,0,47,3,0.38,3.04,11.5,15.3,319,321,26.6,30.0,24.5,19.8,14.4,0.155,0.211,0.262,0.34,1,3600.0,394.0,284.0,110.0,488.1,394.0,774.4,337.6,243.4,94.3,488.1,337.6,663.6,48.85874320441686,94.4971361350394,192.34719881371873,412.09625000000005,14.422434799286034,191.98375441531695
39.964848,-6.913391,295.0,2015-05-31 18:00:00,28.0,24,5.7,25.1,0.0,0.0,0.0,0.0,1,1015.0,981.7,21,0,33,5,0.33,2.86,12.3,16.9,320,322,29.5,29.0,24.6,19.8,14.4,0.155,0.211,0.262,0.34,1,3600.0,327.0,255.0,72.0,622.6,327.0,545.1,254.3,198.3,56.0,622.6,254.3,423.9,50.52678355500615,94.54797834272317,198.16958966971873,419.54025000000007,15.121244719881899,197.76181718285656
39.964848,-6.913391,295.0,2015-05-31 19:00:00,26.6,29,7.1,24.0,0.0,0.0,0.0,0.0,0,1015.1,981.6,5,0,0,16,0.22,2.48,12.7,19.9,313,316,27.7,27.6,24.7,19.9,14.4,0.155,0.211,0.262,0.34,1,3600.0,167.0,115.0,52.0,509.5,167.0,300.4,98.4,67.8,30.6,509.5,98.4,177.0,49.228885991716936,94.06570473008092,203.34724209171873,426.7322500000001,14.435012386909838,202.90236700472144
39.964848,-6.913391,295.0,2015-05-31 20:00:00,24.8,35,8.1,22.4,0.0,0.0,0.0,0.0,0,1015.8,982.1,7,0,0,24,0.14,2.05,13.2,23.5,315,319,25.9,25.9,24.7,19.9,14.4,0.155,0.211,0.262,0.34,0,660.25,27.0,13.0,14.0,126.5,27.0,78.0,0.0,0.0,0.0,0.0,0.0,0.0,44.824704350563586,92.79417516093226,207.77932520171873,433.6002500000001,12.398265805624503,207.30626267609279
39.964848,-6.913391,295.0,2015-05-31 21:00:00,23.2,41,9.4,21.0,0.0,0.0,0.0,0.0,0,1016.4,982.5,7,0,0,24,0.12,1.66,14.0,25.3,325,330,28.1,24.5,24.6,19.9,14.4,0.155,0.211,0.262,0.34,0,0.0,0.0,0.0,0.0,0.0,0.0,0.0,0.0,0.0,0.0,0.0,0.0,0.0,40.68556088103668,91.41718979657139,211.55376984371873,440.18025000000006,10.626694423982238,211.0607248754234
39.964848,-6.913391,295.0,2015-05-31 22:00:00,21.9,48,10.4,19.9,0.0,0.0,0.0,0.0,0,1017.6,983.5,2,0,0,6,0.1,1.37,14.3,25.5,335,338,28.1,23.4,24.4,19.9,14.4,0.155,0.211,0.262,0.34,0,0.0,0.0,0.0,0.0,0.0,0.0,0.0,0.0,0.0,0.0,0.0,0.0,0.0,35.93670465761381,89.95991150707526,214.70243120371873,446.52625000000006,8.762489802215633,214.19773396880592
39.964848,-6.913391,295.0,2015-05-31 23:00:00,20.8,53,11.0,19.3,0.0,0.0,0.0,0.0,0,1017.4,983.2,0,0,0,1,0.07,1.14,12.6,23.6,340,344,26.6,22.6,24.3,19.9,14.5,0.155,0.211,0.262,0.34,0,0.0,0.0,0.0,0.0,0.0,0.0,0.0,0.0,0.0,0.0,0.0,0.0,0.0,30.56869371955153,88.84981490716902,217.41222814171874,452.6742500000001,6.858919830786813,216.90161711911878
39.964848,-6.913391,295.0,2015-06-01 00:00:00,19.9,58,11.3,18.7,0.0,0.0,0.0,0.0,0,1017.4,983.1,0,0,0,0,0.05,0.98,10.8,21.6,339,345,24.5,21.8,24.1,19.9,14.5,0.155,0.211,0.262,0.34,0,0.0,0.0,0.0,0.0,0.0,0.0,0.0,0.0,0.0,0.0,0.0,0.0,0.0,26.056625478020834,87.84107947108862,219.73423426171874,459.6602500000001,5.420359568758459,219.2290712705089
39.964848,-6.913391,295.0,2015-06-01 01:00:00,19.1,61,11.5,18.3,0.0,0.0,0.0,0.0,0,1017.1,982.7,0,0,0,0,0.04,0.86,9.4,19.6,337,346,22.3,21.1,23.8,19.9,14.5,0.155,0.211,0.262,0.34,0,0.0,0.0,0.0,0.0,0.0,0.0,0.0,0.0,0.0,0.0,0.0,0.0,0.0,23.128877595712684,87.13220771766672,221.80824380971873,466.50225000000006,4.564655120038917,221.3116441024541
39.964848,-6.913391,295.0,2015-06-01 02:00:00,18.5,64,11.6,17.7,0.0,0.0,0.0,0.0,0,1017.0,982.6,0,0,0,0,0.03,0.76,8.7,18.2,336,346,20.2,20.5,23.6,19.9,14.5,0.155,0.211,0.262,0.34,0,0.0,0.0,0.0,0.0,0.0,0.0,0.0,0.0,0.0,0.0,0.0,0.0,0.0,21.17743161741491,86.50052414411927,223.66584870571873,473.23625000000004,4.028396364494085,223.18063089283092
39.964848,-6.913391,295.0,2015-06-01 03:00:00,17.8,68,11.7,17.1,0.0,0.0,0.0,0.0,0,1016.8,982.3,1,0,0,2,0.03,0.66,8.7,18.4,336,348,18.0,19.8,23.3,19.9,14.5,0.155,0.211,0.262,0.34,0,0.0,0.0,0.0,0.0,0.0,0.0,0.0,0.0,0.0,0.0,0.0,0.0,0.0,19.57821782865449,85.7210350549362,225.25808147371873,479.84425000000005,3.6101290459251585,224.7877181364174
39.964848,-6.913391,295.0,2015-06-01 04:00:00,17.1,71,11.8,16.4,0.0,0.0,0.0,0.0,0,1016.9,982.3,0,0,0,1,0.02,0.56,8.7,18.5,336,347,16.6,19.0,23.1,20.0,14.5,0.155,0.211,0.262,0.34,0,0.0,0.0,0.0,0.0,0.0,0.0,0.0,0.0,0.0,0.0,0.0,0.0,0.0,18.257690070063152,85.027676977259,226.64759942171872,486.3262500000001,3.2791760874878952,226.19452654318772
39.964848,-6.913391,295.0,2015-06-01 05:00:00,16.4,75,12.0,15.9,0.0,0.0,0.0,0.0,0,1016.9,982.2,0,0,0,0,0.01,0.46,7.9,17.0,336,347,15.8,18.3,22.8,20.0,14.5,0.156,0.211,0.262,0.34,0,0.0,0.0,0.0,0.0,0.0,0.0,0.0,0.0,0.0,0.0,0.0,0.0,0.0,16.26049098526292,84.17577772228984,227.79938817171873,492.68225000000007,2.805216049877048,227.36655842581328
39.964848,-6.913391,295.0,2015-06-01 06:00:00,16.4,76,12.2,15.9,0.0,0.0,0.0,0.0,0,1017.1,982.4,0,0,0,0,0.03,0.44,7.9,15.2,336,346,15.8,18.2,22.5,20.0,14.5,0.156,0.211,0.262,0.34,1,1756.2,41.0,22.0,19.0,187.8,41.0,96.9,91.2,49.0,42.3,302.2,56.7,215.5,15.673230463348455,83.80643329833697,228.90510537171872,499.03825000000006,2.670466190918012,228.49316448103855
39.964848,-6.913391,295.0,2015-06-01 07:00:00,18.2,73,13.2,18.1,0.0,0.0,0.0,0.0,0,1017.5,983.0,1,1,0,0,0.11,0.57,7.9,12.0,336,339,18.7,20.3,22.3,20.0,14.5,0.156,0.211,0.262,0.34,1,3600.0,193.0,136.0,57.0,533.7,193.0,339.1,263.2,185.4,77.7,533.7,263.2,462.3,15.756282521474128,83.85374596678676,230.27698449771873,505.71825000000007,2.687260340025764,229.8836352510526
39.964848,-6.913391,295.0,2015-06-01 08:00:00,20.6,62,13.1,20.4,0.0,0.0,0.0,0.0,0,1017.8,983.6,0,0,0,0,0.24,0.92,8.4,11.3,335,338,22.0,22.2,22.3,20.0,14.5,0.156,0.211,0.262,0.34,1,3600.0,384.0,298.0,86.0,680.8,384.0,582.4,461.2,357.9,103.3,680.8,461.2,699.5,18.010271889340842,84.98164674474832,232.44787593371873,512.8302500000001,3.2096019440411636,232.063219231481
39.964848,-6.913391,295.0,2015-06-01 09:00:00,22.9,52,12.7,23.2,0.0,0.0,0.0,0.0,0,1017.6,983.7,0,0,0,0,0.37,1.33,5.2,6.8,335,335,22.0,24.3,22.3,20.0,14.5,0.156,0.211,0.262,0.34,1,3600.0,580.0,485.0,95.0,798.8,580.0,807.9,653.8,546.7,107.1,798.8,653.8,910.7,19.461314715952792,86.87717941598265,235.48070025371874,520.35625,3.56232947930267,235.09377432786704
39.964848,-6.913391,295.0,2015-06-01 10:00:00,25.0,43,11.4,26.5,0.0,0.0,0.0,0.0,0,1017.4,983.7,0,0,0,0,0.5,1.82,2.5,2.9,270,277,18.4,26.6,22.5,20.0,14.5,0.155,0.21,0.262,0.34,1,3600.0,757.0,661.0,96.0,879.4,757.0,1000.2,818.8,714.9,103.8,879.4,818.8,1081.8,21.665177633995462,88.85625005709166,239.39730853571874,528.26025,4.126934252597619,238.99644181140854
39.964848,-6.913391,295.0,2015-06-01 11:00:00,26.9,34,9.9,28.1,0.0,0.0,0.0,0.0,0,1016.9,983.4,0,0,0,0,0.63,2.32,5.8,7.3,248,250,22.7,28.8,22.8,20.0,14.5,0.155,0.21,0.262,0.34,1,3600.0,888.0,789.0,99.0,916.0,888.0,1146.1,930.5,826.8,103.7,916.0,930.5,1200.9,30.391819274263334,91.08960705148428,244.26246421571872,536.50625,6.709843689521088,243.8343762615966
39.964848,-6.913391,295.0,2015-06-01 12:00:00,28.2,30,9.1,29.3,0.0,0.0,0.0,0.0,0,1016.7,983.4,1,0,1,0,0.71,2.68,8.2,10.4,255,256,27.4,30.3,23.1,20.0,14.5,0.155,0.21,0.261,0.34,1,3600.0,971.0,869.0,102.0,935.6,971.0,1235.8,990.1,886.1,104.0,935.6,990.1,1260.1,42.66015625,92.36767578125,166.42752075195312,382.5,12.107666015625,167.01171875
39.964848,-6.913391,295.0,2015-06-01 13:00:00,28.9,29,8.9,29.3,0.0,0.0,0.0,0.0,0,1016.1,982.9,6,0,4,12,0.69,2.85,10.2,13.0,262,264,28.8,31.1,23.5,20.0,14.5,0.155,0.21,0.261,0.34,1,3600.0,909.0,780.0,129.0,821.6,909.0,1263.1,903.4,775.2,128.2,821.6,903.4,1255.3,39.59610984847475,92.80743948225992,172.03508655195313,391.106,10.678669431385545,171.842237313369
39.964848,-6.913391,295.0,2015-06-01 14:00:00,29.4,29,9.3,29.3,0.0,0.0,0.0,0.0,0,1015.6,982.4,19,0,1,61,0.66,2.93,10.8,14.0,268,270,29.2,31.5,23.8,20.0,14.5,0.154,0.209,0.261,0.34,1,3600.0,840.0,702.0,138.0,761.7,840.0,1226.2,813.0,679.4,133.6,761.7,813.0,1186.8,41.07678884350848,92.92957973635023,177.73611178195313,399.802,11.196631099362893,177.51231440989145
39.964848,-6.913391,295.0,2015-06-01 15:00:00,29.6,29,9.6,29.0,0.0,0.0,0.0,0.0,0,1014.9,981.8,1,0,2,0,0.61,2.95,11.5,14.8,270,271,29.2,31.6,24.1,20.0,14.5,0.154,0.209,0.261,0.34,1,3600.0,755.0,596.0,159.0,703.2,755.0,1127.7,709.2,559.9,149.4,703.2,709.2,1059.3,42.43894234208114,92.97990441474757,183.47452078395312,408.534,11.680702098660406,183.21855795030996
39.964848,-6.913391,295.0,2015-06-01 16:00:00,29.5,30,9.9,28.3,0.0,0.0,0.0,0.0,1,1014.8,981.7,28,0,8,79,0.52,2.9,11.5,15.1,272,273,28.4,31.3,24.4,20.0,14.5,0.154,0.209,0.261,0.34,1,3600.0,635.0,517.0,118.0,706.1,635.0,974.2,574.6,467.8,106.8,706.1,574.6,881.5,42.831886992826234,93.03024570785483,189.11367850395314,417.248,11.7633523780925,188.82594918983588
39.964848,-6.913391,295.0,2015-06-01 17:00:00,29.2,31,10.2,27.4,0.0,0.0,0.0,0.0,1,1014.7,981.5,33,0,6,97,0.44,2.81,12.4,16.5,280,281,27.4,30.6,24.7,20.0,14.5,0.154,0.209,0.261,0.34,1,3600.0,506.0,408.0,98.0,699.3,506.0,776.2,433.9,349.9,84.0,699.3,433.9,665.6,44.469223701681955,93.08060362115741,194.61778076595314,425.908,12.396194853461909,194.29908651443597
39.964848,-6.913391,295.0,2015-06-01 18:00:00,28.3,33,10.5,26.6,0.0,0.0,0.0,0.0,1,1014.9,981.6,39,0,15,99,0.32,2.57,12.9,17.7,293,294,27.0,29.5,24.8,20.0,14.5,0.154,0.209,0.261,0.34,1,3600.0,333.0,251.0,82.0,610.3,333.0,547.2,259.3,195.5,63.9,610.3,259.3,426.2,45.54406375372666,93.13097816014245,199.80359443395315,434.406,12.802402345223275,199.4569361115534
39.964848,-6.913391,295.0,2015-06-01 19:00:00,26.5,39,11.4,25.1,0.0,0.0,0.0,0.0,1,1015.4,981.9,29,0,1,94,0.19,2.12,12.5,18.8,303,306,28.4,27.9,24.9,20.1,14.5,0.153,0.209,0.261,0.339,1,3600.0,135.0,60.0,75.0,263.6,135.0,302.9,80.1,35.6,44.5,263.6,80.1,179.7,41.47230640643548,92.20229254360903,204.23594080995315,442.58,11.01184399850761,203.87012961441758
39.964848,-6.913391,295.0,2015-06-01 20:00:00,24.9,43,11.5,23.6,0.0,0.0,0.0,0.0,1,1015.8,982.1,27,0,1,87,0.12,1.79,12.2,20.9,313,318,25.2,26.2,24.9,20.1,14.5,0.153,0.209,0.261,0.339,0,0.0,22.0,4.0,18.0,38.5,22.0,79.2,0.0,0.0,0.0,0.0,0.0,0.0,37.61521134712956,91.2228532543168,208.13754292995316,450.466,9.440773066337725,207.75861404017527
39.964848,-6.913391,295.0,2015-06-01 21:00:00,23.4,47,11.5,22.3,0.0,0.0,0.0,0.0,0,1016.5,982.6,19,0,1,60,0.08,1.53,11.2,20.5,327,332,23.8,24.9,24.8,20.1,14.6,0.154,0.209,0.261,0.339,0,0.0,0.0,0.0,0.0,0.0,0.0,0.0,0.0,0.0,0.0,0.0,0.0,0.0,33.33184059628838,90.27131341487674,211.55605193995316,458.082,7.8370154110381645,211.1696137197396
39.964848,-6.913391,295.0,2015-06-01 22:00:00,22.2,51,11.4,21.4,0.0,0.0,0.0,0.0,0,1017.5,983.5,6,0,0,19,0.05,1.32,8.2,16.4,322,331,20.9,23.8,24.7,20.1,14.6,0.154,0.209,0.261,0.339,0,0.0,0.0,0.0,0.0,0.0,0.0,0.0,0.0,0.0,0.0,0.0,0.0,0.0,27.69233741429771,89.39412657148851,214.56175986195316,465.48199999999997,5.941535839777104,214.1727854238437
39.964848,-6.913391,295.0,2015-06-01 23:00:00,21.0,55,11.6,20.7,0.0,0.0,0.0,0.0,0,1017.5,983.3,1,0,0,4,0.03,1.13,5.6,13.2,315,331,14.8,22.7,24.5,20.1,14.6,0.154,0.209,0.261,0.339,0,0.0,0.0,0.0,0.0,0.0,0.0,0.0,0.0,0.0,0.0,0.0,0.0,0.0,23.256821072687007,88.54461407068203,217.17994023195317,472.666,4.613604203046061,216.7930833659073
39.964848,-6.913391,295.0,2015-06-02 00:00:00,19.9,59,11.5,19.6,0.0,0.0,0.0,0.0,0,1017.3,983.0,1,0,0,3,0.02,0.96,5.1,11.6,315,330,12.6,21.7,24.3,20.1,14.6,0.154,0.209,0.261,0.339,0,0.0,0.0,0.0,0.0,0.0,0.0,0.0,0.0,0.0,0.0,0.0,0.0,0.0,20.96936949648862,87.69541725469726,219.44666049195317,479.652,3.9832184252452367,219.06615790879107
39.964848,-6.913391,295.0,2015-06-02 01:00:00,18.8,63,11.7,18.5,0.0,0.0,0.0,0.0,0,1017.3,982.9,2,0,0,5,0.02,0.79,5.4,12.1,323,333,13.0,20.7,24.0,20.1,14.6,0.154,0.209,0.261,0.339,0,0.0,0.0,0.0,0.0,0.0,0.0,0.0,0.0,0.0,0.0,0.0,0.0,0.0,19.414675585059218,86.83432055257722,221.38508804995317,486.44,3.57656646776507,221.01482223707666
39.964848,-6.913391,295.0,2015-06-02 02:00:00,18.0,65,11.3,17.5,0.0,0.0,0.0,0.0,0,1017.0,982.5,2,0,0,8,0.02,0.72,6.0,12.9,327,337,13.3,19.8,23.7,20.1,14.6,0.154,0.209,0.261,0.339,0,0.0,0.0,0.0,0.0,0.0,0.0,0.0,0.0,0.0,0.0,0.0,0.0,0.0,18.71199943930528,86.25702910906689,223.14502125995318,493.084,3.3971123579496063,222.7868835919478
39.964848,-6.913391,295.0,2015-06-02 03:00:00,17.0,72,11.8,16.7,0.0,0.0,0.0,0.0,0,1017.0,982.4,5,0,0,16,0.01,0.55,6.0,12.8,335,344,13.3,19.0,23.4,20.1,14.6,0.154,0.209,0.261,0.339,0,0.0,0.0,0.0,0.0,0.0,0.0,0.0,0.0,0.0,0.0,0.0,0.0,0.0,16.486122770449825,85.02773447661723,224.47925334795318,499.548,2.8620756338263624,224.13866535837482
39.964848,-6.913391,295.0,2015-06-02 04:00:00,16.1,78,12.3,16.0,0.0,0.0,0.0,0.0,0,1017.1,982.4,1,0,0,3,0.0,0.4,5.4,11.7,340,349,13.3,18.3,23.1,20.1,14.6,0.154,0.209,0.261,0.339,0,0.0,0.0,0.0,0.0,0.0,0.0,0.0,0.0,0.0,0.0,0.0,0.0,0.0,14.02049519085225,83.67422751692018,225.47545189195318,505.85,2.3136356120916,225.1565288728927
39.964848,-6.913391,295.0,2015-06-02 05:00:00,15.9,76,11.7,15.7,0.0,0.0,0.0,0.0,0,1017.3,982.6,2,0,0,5,0.0,0.43,5.2,10.4,348,360,13.0,17.8,22.8,20.1,14.6,0.154,0.209,0.261,0.339,0,0.0,0.0,0.0,0.0,0.0,0.0,0.0,0.0,0.0,0.0,0.0,0.0,0.0,13.85418386034544,83.62961849318506,226.5495771719532,512.116,2.277029621781144,226.25084991698884
39.964848,-6.913391,295.0,2015-06-02 06:00:00,16.4,73,11.6,16.1,0.0,0.0,0.0,0.0,0,1017.7,983.0,1,0,0,3,0.03,0.51,5.9,9.4,349,4,12.2,17.9,22.5,20.1,14.6,0.154,0.209,0.261,0.339,1,1778.25,41.0,22.0,19.0,187.0,41.0,97.5,91.2,48.9,42.3,300.2,56.8,216.8,14.314640323577725,83.67687278616586,227.79350902195318,518.472,2.3734950574588454,227.51289741720683
39.964848,-6.913391,295.0,2015-06-02 07:00:00,18.5,67,12.3,18.6,0.0,0.0,0.0,0.0,0,1017.9,983.4,0,0,0,1,0.11,0.7,4.3,7.6,355,3,14.0,20.2,22.3,20.1,14.6,0.154,0.209,0.261,0.339,1,3600.0,196.0,139.0,57.0,543.5,196.0,340.2,266.9,189.3,77.6,543.5,266.9,463.3,13.94097407457041,84.02091601500588,229.49631350995318,525.206,2.2918444769365536,229.22914787618228
39.964848,-6.913391,295.0,2015-06-02 08:00:00,21.3,56,12.2,21.7,0.0,0.0,0.0,0.0,0,1018.2,984.0,0,0,0,0,0.23,1.11,1.9,2.6,22,16,13.7,22.7,22.3,20.1,14.6,0.154,0.208,0.261,0.339,1,3600.0,389.0,311.0,78.0,709.3,389.0,583.2,467.0,373.3,93.6,709.3,467.0,700.2,15.154557015895715,85.68758103317855,232.0910632059532,532.444,2.5508320878666764,231.82702612875136
39.964848,-6.913391,295.0,2015-06-02 09:00:00,23.7,48,12.1,24.2,0.0,0.0,0.0,0.0,0,1018.2,984.3,0,0,0,0,0.37,1.52,2.6,3.1,164,159,13.7,25.2,22.4,20.1,14.6,0.154,0.208,0.261,0.339,1,3600.0,580.0,487.0,93.0,801.2,580.0,808.5,653.7,548.9,104.8,801.2,653.7,911.3,19.15015555806133,87.64050789106943,235.4861415419532,540.1139999999999,3.4842761029392135,235.21580373041175
39.964848,-6.913391,295.0,2015-06-02 10:00:00,25.8,40,11.2,26.4,0.0,0.0,0.0,0.0,0,1018.5,984.8,0,0,0,0,0.52,1.99,6.5,8.3,177,175,19.8,27.4,22.6,20.1,14.6,0.154,0.208,0.26,0.339,1,3600.0,748.0,644.0,104.0,856.1,748.0,1000.6,809.0,696.5,112.5,856.1,809.0,1082.2,27.21979186891419,89.72179303679508,239.7352547819532,548.1619999999999,5.7162216638727115,239.4478493398275
39.964848,-6.913391,295.0,2015-06-02 11:00:00,27.4,33,9.9,28.3,0.0,0.0,0.0,0.0,0,1018.0,984.5,0,0,0,0,0.63,2.44,7.8,9.6,193,193,23.0,29.3,22.9,20.2,14.6,0.154,0.208,0.26,0.339,1,3600.0,876.0,766.0,110.0,888.7,876.0,1146.5,917.9,802.7,115.3,888.7,917.9,1201.3,33.83573529682691,91.5077716425429,244.7623190519532,556.4979999999999,7.875964987124897,244.44730845203446
39.964848,-6.913391,295.0,2015-06-02 12:00:00,28.8,29,8.8,29.7,0.0,0.0,0.0,0.0,0,1017.9,984.6,0,0,0,0,0.71,2.83,8.4,10.5,205,207,24.8,30.8,23.3,20.2,14.6,0.153,0.208,0.26,0.339,1,3600.0,957.0,843.0,114.0,907.0,957.0,1236.2,975.9,859.6,116.2,907.0,975.9,1260.6,34.3974609375,92.87890625,171.97439575195312,391.0,8.60791015625,172.34765625
39.964848,-6.913391,295.0,2015-06-02 13:00:00,29.9,25,7.5,30.4,0.0,0.0,0.0,0.0,0,1017.3,984.1,0,0,0,0,0.75,3.18,9.3,11.6,216,216,26.3,32.0,23.7,20.2,14.6,0.153,0.207,0.26,0.339,1,3600.0,982.0,867.0,115.0,912.6,982.0,1263.7,976.0,861.7,114.3,912.6,976.0,1255.9,42.26074880181165,93.78396891397443,178.09533025195313,399.786,11.696104674313798,177.86656404471364
39.964848,-6.913391,295.0,2015-06-02 14:00:00,30.6,22,6.3,30.5,0.0,0.0,0.0,0.0,0,1017.1,984.0,0,0,0,0,0.74,3.44,10.2,12.7,222,223,27.4,32.7,24.1,20.2,14.6,0.153,0.207,0.26,0.339,1,3600.0,949.0,834.0,115.0,904.1,949.0,1227.0,918.6,807.3,111.3,904.1,918.6,1187.7,46.95133988350276,94.58333084772151,184.60484536795312,408.698,13.669255794037243,184.3339901782118
39.964848,-6.913391,295.0,2015-06-02 15:00:00,31.0,20,5.3,30.2,0.0,0.0,0.0,0.0,0,1016.6,983.6,0,0,0,0,0.69,3.61,10.2,13.0,231,231,27.7,33.0,24.4,20.2,14.6,0.152,0.207,0.26,0.339,1,3600.0,865.0,757.0,108.0,892.0,865.0,1128.7,812.7,711.2,101.5,892.0,812.7,1060.5,49.465624419066735,95.12539381825796,191.3655162479531,417.68199999999996,14.724767720970789,191.04791296623347
39.964848,-6.913391,295.0,2015-06-02 16:00:00,31.1,19,4.6,29.4,0.0,0.0,0.0,0.0,0,1016.4,983.4,0,0,0,0,0.59,3.68,10.3,13.2,234,235,27.4,32.8,24.8,20.2,14.6,0.152,0.207,0.26,0.339,1,3600.0,733.0,634.0,99.0,864.4,733.0,975.5,663.5,573.9,89.6,864.4,663.5,883.1,51.007570566279796,95.39324636206237,198.2320200599531,426.68399999999997,15.350498416845019,197.86456732106035
39.964848,-6.913391,295.0,2015-06-02 17:00:00,30.8,19,4.2,28.1,0.0,0.0,0.0,0.0,0,1016.1,983.1,0,0,0,0,0.47,3.63,9.7,12.6,239,239,26.3,32.1,25.1,20.2,14.6,0.152,0.207,0.26,0.339,1,3600.0,561.0,473.0,88.0,808.7,561.0,777.9,481.4,405.9,75.5,808.7,481.4,667.5,50.47044743294206,95.44438442084709,205.0345502339531,435.63199999999995,14.997506662226494,204.61619416148136
39.964848,-6.913391,295.0,2015-06-02 18:00:00,30.2,19,4.1,27.5,0.0,0.0,0.0,0.0,0,1016.1,983.0,0,0,0,0,0.33,3.48,9.3,12.4,242,244,23.8,30.9,25.3,20.2,14.6,0.152,0.206,0.26,0.339,1,3600.0,365.0,290.0,75.0,702.2,365.0,549.3,284.7,226.2,58.5,702.2,284.7,428.4,50.22365525518956,95.49553936287957,211.7091331319531,444.4719999999999,14.801018188816334,211.23956386886314
39.964848,-6.913391,295.0,2015-06-02 19:00:00,28.8,22,5.1,26.5,0.0,0.0,0.0,0.0,0,1016.2,983.0,0,0,0,0,0.18,3.09,7.5,12.9,253,257,21.2,29.3,25.4,20.2,14.7,0.152,0.206,0.26,0.339,1,3600.0,174.0,121.0,53.0,527.2,174.0,305.3,103.9,72.2,31.6,527.2,103.9,182.2,47.778228041033465,95.54671119373384,217.8490227839531,453.05999999999995,13.612111741388809,217.3337373496925
39.964848,-6.913391,295.0,2015-06-02 20:00:00,27.0,26,5.9,25.0,0.0,0.0,0.0,0.0,0,1016.6,983.1,0,0,0,1,0.09,2.64,6.8,15.9,270,274,14.0,27.4,25.4,20.3,14.7,0.152,0.206,0.26,0.339,0,781.28,29.0,14.0,15.0,133.6,29.0,80.5,0.0,0.0,0.0,0.0,0.0,0.0,44.217333632032705,94.88602351622147,223.3233759879531,461.32399999999996,12.006129268006552,222.7700840645013
39.964848,-6.913391,295.0,2015-06-02 21:00:00,25.3,31,7.0,23.5,0.0,0.0,0.0,0.0,0,1017.1,983.4,0,0,0,0,0.08,2.22,7.2,16.9,297,294,12.6,25.8,25.3,20.3,14.7,0.152,0.206,0.26,0.339,0,0.0,0.0,0.0,0.0,0.0,0.0,0.0,0.0,0.0,0.0,0.0,0.0,0.0,40.58208501701264,93.7522941132667,228.1190294439531,469.282,10.475468030808564,227.53629667985206
39.964848,-6.913391,295.0,2015-06-02 22:00:00,23.8,38,8.5,22.3,0.0,0.0,0.0,0.0,0,1017.8,983.9,0,0,0,0,0.07,1.85,7.7,16.9,311,304,13.0,24.6,25.2,20.3,14.7,0.152,0.206,0.26,0.339,0,0.0,0.0,0.0,0.0,0.0,0.0,0.0,0.0,0.0,0.0,0.0,0.0,0.0,35.985276674151315,92.23996875218943,232.1833299519531,476.96999999999997,8.692115731322861,231.581266147642
39.964848,-6.913391,295.0,2015-06-02 23:00:00,22.6,44,9.7,21.4,0.0,0.0,0.0,0.0,0,1017.8,983.8,0,0,0,0,0.06,1.55,8.2,16.8,331,325,14.4,23.5,25.0,20.3,14.7,0.152,0.206,0.26,0.339,0,0.0,0.0,0.0,0.0,0.0,0.0,0.0,0.0,0.0,0.0,0.0,0.0,0.0,32.190459272565796,90.86628591295285,235.67739630395312,484.44199999999995,7.335208898116987,235.0640557442619
39.964848,-6.913391,295.0,2015-06-03 00:00:00,21.6,49,10.5,20.5,0.0,0.0,0.0,0.0,0,1017.8,983.7,0,0,0,0,0.06,1.31,8.4,16.6,340,338,15.5,22.6,24.8,20.3,14.7,0.152,0.206,0.26,0.339,0,0.0,0.0,0.0,0.0,0.0,0.0,0.0,0.0,0.0,0.0,0.0,0.0,0.0,29.083492022405448,89.73395304055933,238.7252267859531,491.7339999999999,6.301530881155654,238.10695632737858
39.964848,-6.913391,295.0,2015-06-03 01:00:00,20.6,55,11.1,19.7,0.0,0.0,0.0,0.0,0,1017.7,983.5,0,0,0,0,0.05,1.1,8.3,15.8,342,348,16.2,21.7,24.6,20.3,14.7,0.152,0.206,0.26,0.339,0,0.0,0.0,0.0,0.0,0.0,0.0,0.0,0.0,0.0,0.0,0.0,0.0,0.0,25.8061327811952,88.54781924876953,241.2960192759531,498.84599999999995,5.288435132606172,240.6797780429921
39.964848,-6.913391,295.0,2015-06-03 02:00:00,19.6,62,12.0,19.1,0.0,0.0,0.0,0.0,0,1017.3,983.0,0,0,0,0,0.03,0.87,7.7,14.1,349,357,15.8,20.8,24.3,20.3,14.7,0.152,0.206,0.26,0.339,0,0.0,0.0,0.0,0.0,0.0,0.0,0.0,0.0,0.0,0.0,0.0,0.0,0.0,22.137234787788778,87.22789552327535,243.3668696319531,505.77799999999996,4.247450269062165,242.76004258814066
39.964848,-6.913391,295.0,2015-06-03 03:00:00,18.5,71,13.2,18.5,0.0,0.0,0.0,0.0,0,1017.6,983.1,0,0,0,0,0.01,0.61,6.9,12.3,351,3,15.5,20.0,24.0,20.3,14.7,0.152,0.206,0.26,0.339,0,0.0,0.0,0.0,0.0,0.0,0.0,0.0,0.0,0.0,0.0,0.0,0.0,0.0,18.099836665667162,85.54031531847649,244.86327357595312,512.512,3.2150424614246043,244.2743688599753
39.964848,-6.913391,295.0,2015-06-03 04:00:00,18.0,72,12.9,18.0,0.0,0.0,0.0,0.0,0,1017.6,983.1,0,0,0,0,0.01,0.57,6.5,11.0,354,11,14.8,19.3,23.7,20.3,14.7,0.152,0.206,0.26,0.339,0,0.0,0.0,0.0,0.0,0.0,0.0,0.0,0.0,0.0,0.0,0.0,0.0,0.0,16.78595908785127,84.94932185379105,246.27122014395312,519.156,2.903643548481857,245.70111719292535
39.964848,-6.913391,295.0,2015-06-03 05:00:00,17.7,72,12.6,17.7,0.0,0.0,0.0,0.0,0,1017.8,983.3,0,0,0,0,0.01,0.57,6.1,9.9,360,19,14.0,18.8,23.4,20.4,14.7,0.152,0.206,0.26,0.339,0,0.0,0.0,0.0,0.0,0.0,0.0,0.0,0.0,0.0,0.0,0.0,0.0,0.0,16.243956420010218,84.77397988583535,247.65705236795313,525.746,2.778175981467491,247.10573238858564
39.964848,-6.913391,295.0,2015-06-03 06:00:00,18.3,69,12.5,18.1,0.0,0.0,0.0,0.0,0,1018.1,983.6,0,0,0,0,0.04,0.66,6.9,9.5,6,29,13.7,19.0,23.2,20.4,14.7,0.152,0.206,0.26,0.339,1,1798.6,42.0,23.0,19.0,194.8,42.0,98.0,93.4,51.1,42.2,312.0,58.3,218.0,16.831981030005746,84.82161199012518,249.24033409195312,532.444,2.911356974761539,248.70513300734112
39.964848,-6.913391,295.0,2015-06-03 07:00:00,21.0,62,13.5,21.4,0.0,0.0,0.0,0.0,0,1018.4,984.2,0,0,0,0,0.12,0.94,5.6,8.7,15,38,14.4,21.3,23.0,20.4,14.7,0.152,0.206,0.26,0.339,1,3600.0,197.0,141.0,56.0,549.6,197.0,341.2,268.0,191.8,76.2,549.6,268.0,464.2,16.83964353801166,85.29681170786816,251.4512419599531,539.6279999999999,2.9110912039432417,250.92473715967262
39.964848,-6.913391,295.0,2015-06-03 08:00:00,24.6,46,12.4,24.8,0.0,0.0,0.0,0.0,0,1018.6,984.8,0,0,0,0,0.26,1.66,3.8,5.4,49,48,14.4,24.2,23.0,20.4,14.7,0.152,0.206,0.259,0.339,1,3600.0,389.0,313.0,76.0,712.7,389.0,584.0,466.8,375.6,91.2,712.7,466.8,700.8,20.93426736095236,88.02897915140935,255.1048475079531,547.4599999999999,3.913175322114005,254.5669547931087
39.964848,-6.913391,295.0,2015-06-03 09:00:00,27.6,35,10.5,27.4,0.0,0.0,0.0,0.0,0,1018.6,985.1,0,0,0,0,0.4,2.42,3.4,4.5,108,104,15.1,26.9,23.2,20.4,14.7,0.152,0.206,0.259,0.339,1,3600.0,577.0,486.0,91.0,798.8,577.0,809.0,650.2,547.7,102.5,798.8,650.2,911.7,27.390682640365576,90.83264472092881,260.0160747379531,555.8319999999999,5.7317200571636056,259.4487203823251
39.964848,-6.913391,295.0,2015-06-03 10:00:00,29.7,28,9.3,30.4,0.0,0.0,0.0,0.0,0,1018.5,985.3,0,0,0,0,0.52,3.0,2.3,3.1,141,135,18.0,29.4,23.4,20.4,14.7,0.152,0.206,0.259,0.339,1,3600.0,740.0,638.0,102.0,847.5,740.0,1001.0,800.3,690.0,110.3,847.5,800.3,1082.5,32.03283295117272,92.84706639445214,265.8542615539531,564.5819999999999,7.2118634676054745,265.24328843856165
39.964848,-6.913391,295.0,2015-06-03 11:00:00,31.2,25,8.6,32.3,0.0,0.0,0.0,0.0,0,1018.2,985.1,0,0,0,0,0.63,3.43,3.3,3.8,167,163,20.5,31.6,23.8,20.4,14.7,0.152,0.206,0.259,0.339,1,3600.0,854.0,739.0,115.0,856.8,854.0,1146.8,894.9,774.4,120.5,856.8,894.9,1201.7,36.70059504744929,93.94953489127992,272.2318804039531,573.6019999999999,8.845364747759543,271.5685265986874
39.964848,-6.913391,295.0,2015-06-03 12:00:00,32.0,22,8.0,32.7,0.0,0.0,0.0,0.0,0,1018.0,985.0,11,0,18,0,0.64,3.69,4.5,5.5,151,148,21.6,32.9,24.2,20.4,14.7,0.151,0.205,0.259,0.339,1,3600.0,836.0,698.0,138.0,750.5,836.0,1236.6,852.5,711.8,140.7,750.5,852.5,1261.1,45.8828125,94.91357421875,179.02517700195312,400.453125,13.30078125,179.0859375
39.964848,-6.913391,295.0,2015-06-03 13:00:00,32.5,21,7.7,32.3,0.0,0.0,0.0,0.0,0,1017.4,984.5,17,0,29,0,0.62,3.85,6.5,8.0,146,144,22.0,33.6,24.6,20.4,14.7,0.151,0.205,0.259,0.339,1,3600.0,765.0,591.0,174.0,621.6,765.0,1264.2,760.4,587.4,173.0,621.6,760.4,1256.6,43.95088488304925,95.17067485434308,186.01330970595313,409.707125,12.296071239849383,185.72812696729508
39.964848,-6.913391,295.0,2015-06-03 14:00:00,32.7,21,7.6,31.9,0.0,0.0,0.0,0.0,0,1016.9,984.0,14,0,23,0,0.58,3.9,7.2,9.3,143,144,21.6,33.7,25.0,20.4,14.7,0.151,0.205,0.259,0.339,1,3600.0,694.0,482.0,212.0,522.0,694.0,1227.7,671.9,466.6,205.2,522.0,671.9,1188.6,45.39631970131164,95.22225314068699,193.04303843795313,418.99712500000004,12.827632839836287,192.708441447469
39.964848,-6.913391,295.0,2015-06-03 15:00:00,33.0,21,7.5,32.3,0.0,0.0,0.0,0.0,0,1016.4,983.6,7,0,11,0,0.58,3.99,6.6,8.4,139,140,21.2,33.9,25.3,20.4,14.7,0.151,0.205,0.259,0.339,1,3600.0,707.0,550.0,157.0,647.3,707.0,1129.7,664.4,516.9,147.5,647.3,664.4,1061.7,44.9403245792773,95.27333474600061,200.13516121195312,428.34112500000003,12.532739052669983,199.7487466875518
39.964848,-6.913391,295.0,2015-06-03 16:00:00,33.2,20,7.4,32.2,0.0,0.0,0.0,0.0,0,1016.0,983.2,11,0,18,0,0.52,4.05,6.1,8.1,135,135,20.5,34.0,25.7,20.4,14.8,0.15,0.205,0.259,0.339,1,3600.0,642.0,525.0,117.0,714.6,642.0,976.9,581.3,475.4,105.9,714.6,581.3,884.6,45.33561256407498,95.51212764178405,207.35918025195312,437.72112500000003,12.625348780430452,206.91729689092674
39.964848,-6.913391,295.0,2015-06-03 17:00:00,32.9,21,7.4,31.3,0.0,0.0,0.0,0.0,0,1015.5,982.7,5,0,8,0,0.41,3.98,6.4,8.2,128,128,19.4,33.3,26.0,20.5,14.8,0.15,0.204,0.259,0.339,1,3600.0,485.0,395.0,90.0,673.7,485.0,779.6,416.4,339.1,77.3,673.7,416.4,669.3,46.13190834567166,95.56330494926432,214.43050501195313,447.04712500000005,12.907246981286715,213.9333358845826
39.964848,-6.913391,295.0,2015-06-03 18:00:00,32.3,21,7.4,30.6,0.0,0.0,0.0,0.0,0,1015.5,982.6,7,0,12,0,0.28,3.8,7.1,9.4,120,122,18.4,32.2,26.2,20.5,14.8,0.15,0.204,0.258,0.339,1,3600.0,298.0,200.0,98.0,482.3,298.0,551.3,232.8,156.2,76.5,482.3,232.8,430.6,47.51575462172387,95.61449915295033,221.37704168795312,456.26512500000007,13.464077848102205,220.82416065556893
39.964848,-6.913391,295.0,2015-06-03 19:00:00,31.1,24,8.3,29.7,0.0,0.0,0.0,0.0,0,1015.5,982.5,7,0,11,1,0.16,3.42,6.3,11.9,114,115,16.2,30.7,26.3,20.5,14.8,0.15,0.204,0.258,0.339,1,3600.0,136.0,82.0,54.0,354.5,136.0,307.6,81.7,49.2,32.4,354.5,81.7,184.7,46.631307033988115,95.66571025842038,227.8196872399531,465.2671250000001,13.022446260697475,227.2164825433865
39.964848,-6.913391,295.0,2015-06-03 20:00:00,29.2,27,8.5,27.7,0.0,0.0,0.0,0.0,0,1015.5,982.3,3,0,5,1,0.1,2.94,7.3,16.4,99,105,12.2,28.8,26.3,20.5,14.8,0.15,0.204,0.258,0.339,0,895.56,29.0,15.0,14.0,141.9,29.0,81.7,0.0,0.0,0.0,0.0,0.0,0.0,45.55377748890083,95.0050888768377,233.6428678939531,473.9271250000001,12.515062085390023,232.9964057966829
39.964848,-6.913391,295.0,2015-06-03 21:00:00,27.6,30,8.6,26.0,0.0,0.0,0.0,0.0,0,1016.2,982.8,7,0,11,0,0.1,2.59,8.6,20.1,88,100,15.8,27.4,26.3,20.5,14.8,0.15,0.204,0.258,0.339,0,0.0,0.0,0.0,0.0,0.0,0.0,0.0,0.0,0.0,0.0,0.0,0.0,0.0,44.20476866553972,94.16925451216632,238.9318818339531,482.2991250000001,11.910118850690912,238.24860692903033
39.964848,-6.913391,295.0,2015-06-03 22:00:00,26.7,32,8.6,25.4,0.0,0.0,0.0,0.0,0,1016.5,983.0,5,0,8,0,0.07,2.39,6.9,17.6,62,89,17.3,26.5,26.2,20.5,14.8,0.15,0.204,0.258,0.339,0,0.0,0.0,0.0,0.0,0.0,0.0,0.0,0.0,0.0,0.0,0.0,0.0,0.0,39.70363572594771,93.56817183775505,243.9086622979531,490.5091250000001,10.057394429329333,243.19231037953318
39.964848,-6.913391,295.0,2015-06-03 23:00:00,25.8,34,8.7,24.5,0.0,0.0,0.0,0.0,0,1016.7,983.1,5,0,8,0,0.07,2.19,6.6,15.4,41,79,17.3,25.7,26.1,20.6,14.8,0.15,0.204,0.258,0.339,0,0.0,0.0,0.0,0.0,0.0,0.0,0.0,0.0,0.0,0.0,0.0,0.0,0.0,37.42798119132621,93.01496225433237,248.5826868619531,498.5571250000001,9.170004020280155,247.8370228176461
39.964848,-6.913391,295.0,2015-06-04 00:00:00,24.9,36,8.9,23.7,0.0,0.0,0.0,0.0,0,1016.6,982.9,8,0,13,0,0.06,2.01,6.3,13.6,24,68,16.9,25.0,25.9,20.6,14.8,0.15,0.204,0.258,0.339,0,0.0,0.0,0.0,0.0,0.0,0.0,0.0,0.0,0.0,0.0,0.0,0.0,0.0,35.30630892088455,92.47949876143406,252.96343310195311,506.4431250000001,8.378177955598789,252.19222031849608
39.964848,-6.913391,295.0,2015-06-04 01:00:00,24.3,39,9.3,23.2,0.0,0.0,0.0,0.0,0,1016.3,982.5,15,0,25,0,0.05,1.87,6.2,11.3,21,63,14.8,24.4,25.8,20.6,14.8,0.15,0.204,0.258,0.339,0,0.0,0.0,0.0,0.0,0.0,0.0,0.0,0.0,0.0,0.0,0.0,0.0,0.0,33.19486243461122,91.84742712758379,257.0424765059531,514.2211250000001,7.624357665400019,256.250146653536
39.964848,-6.913391,295.0,2015-06-04 02:00:00,23.0,55,13.4,23.5,0.0,0.0,0.0,0.0,0,1016.1,982.2,16,0,27,0,0.02,1.27,4.0,7.9,5,66,13.3,23.8,25.6,20.6,14.8,0.15,0.204,0.258,0.339,0,0.0,0.0,0.0,0.0,0.0,0.0,0.0,0.0,0.0,0.0,0.0,0.0,0.0,24.21094904271083,89.37863413799461,259.8975962759531,521.7651250000001,4.797555157764147,259.10479240232104
39.964848,-6.913391,295.0,2015-06-04 03:00:00,22.1,59,13.7,22.8,0.0,0.0,0.0,0.0,0,1016.3,982.3,7,0,11,0,0.01,1.09,3.4,7.6,18,87,11.9,23.0,25.4,20.6,14.8,0.15,0.204,0.258,0.339,0,0.0,0.0,0.0,0.0,0.0,0.0,0.0,0.0,0.0,0.0,0.0,0.0,0.0,20.956152708831674,88.16688152694638,262.4017824679531,529.1471250000001,3.9116582505584896,261.61382385943745
39.964848,-6.913391,295.0,2015-06-04 04:00:00,21.3,54,11.5,21.1,0.0,0.0,0.0,0.0,0,1016.6,982.5,1,0,2,0,0.02,1.17,4.8,10.9,42,96,10.1,22.0,25.1,20.6,14.8,0.15,0.204,0.258,0.339,0,0.0,0.0,0.0,0.0,0.0,0.0,0.0,0.0,0.0,0.0,0.0,0.0,0.0,22.160640446036318,88.2156337988849,265.11447533195314,536.385125,4.227024517991625,264.3265541079644
39.964848,-6.913391,295.0,2015-06-04 05:00:00,20.5,54,10.9,19.8,0.0,0.0,0.0,0.0,0,1017.1,982.9,2,0,3,0,0.04,1.11,7.0,16.2,69,103,13.7,21.3,24.8,20.6,14.8,0.15,0.204,0.258,0.339,1,0.0,0.0,0.0,0.0,0.0,0.0,0.0,0.0,0.0,0.0,0.0,0.0,0.0,24.093747149851158,88.26440216640282,267.7302863079531,543.4791250000001,4.755732072109276,266.9431914531819
39.964848,-6.913391,295.0,2015-06-04 06:00:00,20.8,52,10.6,19.5,0.0,0.0,0.0,0.0,0,1017.9,983.7,2,0,3,0,0.08,1.17,10.1,19.8,92,109,19.8,21.2,24.6,20.7,14.8,0.15,0.204,0.258,0.339,1,1817.23,42.0,23.0,19.0,194.1,42.0,98.5,93.3,51.1,42.2,310.3,58.4,219.0,26.99572584883577,88.31318663481412,270.49773849995313,550.6271250000001,5.598827901178213,269.70905043086344
39.964848,-6.913391,295.0,2015-06-04 07:00:00,22.3,50,11.3,21.1,0.0,0.0,0.0,0.0,0,1018.5,984.5,6,0,10,0,0.17,1.36,11.4,17.9,108,112,23.4,22.7,24.4,20.7,14.8,0.15,0.204,0.258,0.339,1,3600.0,184.0,123.0,61.0,478.0,184.0,342.1,250.1,167.2,82.9,478.0,250.1,464.9,28.38193875173734,88.36198720943452,273.57795069995313,558.0451250000001,6.0198668065919385,272.7837475916993
39.964848,-6.913391,295.0,2015-06-04 08:00:00,24.1,44,11.1,22.7,0.0,0.0,0.0,0.0,0,1019.1,985.2,3,0,5,0,0.28,1.68,11.9,16.0,125,126,28.1,24.5,24.4,20.7,14.8,0.15,0.204,0.258,0.339,1,3600.0,346.0,258.0,88.0,586.7,346.0,584.6,415.1,309.5,105.6,586.7,415.1,701.3,30.77116330611721,89.01269250596405,277.29316049195313,565.7871250000001,6.777852324694201,276.4838434516125
39.964848,-6.913391,295.0,2015-06-04 09:00:00,25.8,39,10.8,24.5,0.0,0.0,0.0,0.0,0,1018.8,985.1,0,0,0,0,0.41,2.03,10.7,14.0,135,136,28.4,26.5,24.4,20.7,14.8,0.15,0.204,0.258,0.339,1,3600.0,543.0,428.0,115.0,702.9,543.0,809.5,611.8,482.3,129.6,702.9,611.8,912.1,32.99655127904457,90.15649151695649,281.61309228595314,573.8351250000001,7.517469813054646,280.7792996878691
39.964848,-6.913391,295.0,2015-06-04 10:00:00,27.7,34,10.4,27.5,0.0,0.0,0.0,0.0,0,1018.7,985.2,1,0,1,0,0.53,2.46,9.2,11.8,149,149,27.7,28.6,24.6,20.7,14.8,0.15,0.204,0.258,0.339,1,3600.0,714.0,610.0,104.0,809.8,714.0,1001.3,772.1,659.7,112.5,809.8,772.1,1082.8,35.48999856494649,91.45242161652084,286.61725241395317,582.225125,8.385482177124757,285.74808182116334
39.964848,-6.913391,295.0,2015-06-04 11:00:00,29.5,30,9.9,29.9,0.0,0.0,0.0,0.0,0,1018.4,985.1,2,0,4,0,0.65,2.9,9.2,11.6,159,158,28.1,30.7,24.8,20.7,14.8,0.15,0.204,0.258,0.339,1,3600.0,849.0,719.0,130.0,833.2,849.0,1147.1,889.6,753.4,136.2,833.2,889.6,1202.0,39.54203431570918,92.61834043574632,292.2564101339532,590.9391250000001,9.88773889684604,291.341360773703
39.964848,-6.913391,295.0,2015-06-04 12:00:00,30.9,26,9.4,31.4,0.0,0.0,0.0,0.0,0,1017.9,984.8,1,0,2,0,0.7,3.29,9.3,12.0,164,164,28.1,32.3,25.1,20.7,14.8,0.15,0.203,0.258,0.339,1,3600.0,900.0,744.0,156.0,799.5,900.0,1236.9,917.8,758.7,159.1,799.5,917.8,1261.5,41.90522003173828,95.76203918457031,186.46746826171875,409.90625,11.43795394897461,186.171875
39.964848,-6.913391,295.0,2015-06-04 13:00:00,32.0,24,8.8,32.7,0.0,0.0,0.0,0.0,0,1017.2,984.3,0,0,0,0,0.75,3.62,9.1,11.7,171,169,28.1,33.7,25.5,20.7,14.8,0.149,0.203,0.258,0.339,1,3600.0,946.0,784.0,162.0,824.0,946.0,1264.7,940.4,779.3,161.0,824.0,940.4,1257.2,50.72788125883206,95.81329900043276,193.09018775771875,419.07025,15.299258123196271,192.75531426108495
39.964848,-6.913391,295.0,2015-06-04 14:00:00,32.7,22,8.1,33.3,0.0,0.0,0.0,0.0,0,1016.6,983.8,0,0,0,0,0.75,3.88,8.6,10.8,178,176,27.0,34.7,25.8,20.7,14.9,0.149,0.203,0.258,0.339,1,3600.0,939.0,825.0,114.0,892.7,939.0,1228.4,909.1,798.8,110.4,892.7,909.1,1189.4,50.37933309274795,95.86457573974113,200.03093258171876,428.36025,15.022703470408999,199.64619702160016
39.964848,-6.913391,295.0,2015-06-04 15:00:00,33.1,21,7.7,33.2,0.0,0.0,0.0,0.0,0,1015.6,982.8,0,0,0,1,0.67,4.01,7.6,9.7,183,184,25.2,35.2,26.2,20.7,14.9,0.149,0.203,0.258,0.339,1,3600.0,850.0,734.0,116.0,862.9,850.0,1130.7,798.9,689.9,109.0,862.9,798.9,1062.8,49.221481018433785,95.91586940808268,207.14385336971876,437.72225000000003,14.384105749271116,206.70531674719012
39.964848,-6.913391,295.0,2015-06-04 16:00:00,33.0,20,7.3,31.9,0.0,0.0,0.0,0.0,0,1015.0,982.2,1,0,0,4,0.55,4.02,7.6,9.8,188,186,24.1,34.9,26.5,20.8,14.9,0.149,0.202,0.257,0.339,1,3600.0,664.0,535.0,129.0,727.0,664.0,978.2,601.5,484.6,116.8,727.0,601.5,886.0,49.60650882647763,95.96718001104657,214.32574984971876,447.06625,14.484410829160948,213.83037023294153
39.964848,-6.913391,295.0,2015-06-04 17:00:00,32.8,20,6.9,30.9,0.0,0.0,0.0,0.0,0,1014.0,981.2,2,0,0,5,0.41,3.97,7.3,9.5,191,191,23.0,34.1,26.8,20.8,14.9,0.149,0.202,0.257,0.339,1,3600.0,479.0,357.0,122.0,607.4,479.0,781.2,411.5,306.7,104.8,607.4,411.5,671.1,49.49680904679389,96.01850755422375,221.46552376971877,456.37425,14.36655583129994,220.91187028656918
39.964848,-6.913391,295.0,2015-06-04 18:00:00,32.1,21,7.1,30.5,0.0,0.0,0.0,0.0,0,1014.1,981.3,7,0,3,16,0.27,3.79,6.3,8.4,239,239,18.7,32.7,27.0,20.8,14.9,0.148,0.202,0.257,0.339,1,3600.0,283.0,180.0,103.0,432.5,283.0,553.2,221.3,140.8,80.6,432.5,221.3,432.7,48.280154214316475,96.069852043207,228.37046441771878,465.55625000000003,13.755764003099367,227.75982876058424
39.964848,-6.913391,295.0,2015-06-04 19:00:00,31.2,23,7.5,29.6,0.0,0.0,0.0,0.0,1,1014.2,981.3,21,0,20,30,0.17,3.52,6.8,11.3,302,301,16.9,31.2,27.1,20.8,14.9,0.148,0.202,0.257,0.339,1,3600.0,139.0,77.0,62.0,330.3,139.0,309.8,83.9,46.5,37.4,330.3,83.9,187.1,48.7339455329311,95.97039569259317,234.91815310371877,474.57625,13.918185828338387,234.2539649656928
39.964848,-6.913391,295.0,2015-06-04 20:00:00,29.4,27,8.5,27.6,0.0,0.0,0.0,0.0,1,1014.3,981.2,27,0,23,44,0.15,2.99,9.9,19.1,327,328,18.4,29.4,27.1,20.8,14.9,0.148,0.202,0.257,0.339,0,169.09,22.0,8.0,14.0,75.0,22.0,82.9,0.0,0.0,0.0,0.0,0.0,0.0,49.86229791814041,95.0728355637654,240.77977059371875,483.27225000000004,14.39992219463103,240.07054898780106
39.964848,-6.913391,295.0,2015-06-04 21:00:00,27.8,34,10.4,26.3,0.0,0.0,0.0,0.0,1,1015.2,981.9,28,0,18,57,0.12,2.49,11.3,22.0,343,345,23.4,28.1,27.1,20.9,14.9,0.148,0.202,0.257,0.339,0,0.0,0.0,0.0,0.0,0.0,0.0,0.0,0.0,0.0,0.0,0.0,0.0,0.0,45.63668017630775,93.53159840566926,245.80130627771877,491.68025000000006,12.490030329522272,245.0591499576813
39.964848,-6.913391,295.0,2015-06-04 22:00:00,26.6,40,11.8,25.4,0.0,0.0,0.0,0.0,2,1015.8,982.3,51,0,52,66,0.11,2.1,11.7,23.1,351,356,23.8,27.2,27.0,20.9,14.9,0.148,0.202,0.257,0.339,0,0.0,0.0,0.0,0.0,0.0,0.0,0.0,0.0,0.0,0.0,0.0,0.0,0.0,40.83752290609459,92.1392778652329,250.17678719771877,499.87225000000007,10.483080863064691,249.41134792306883
39.964848,-6.913391,295.0,2015-06-04 23:00:00,25.7,44,12.5,24.8,0.0,0.0,0.0,0.0,1,1016.0,982.4,43,0,35,72,0.1,1.85,11.5,23.0,4,9,23.0,26.3,26.8,20.9,14.9,0.148,0.202,0.257,0.339,0,0.0,0.0,0.0,0.0,0.0,0.0,0.0,0.0,0.0,0.0,0.0,0.0,0.0,37.12726600135915,91.16751130932198,254.12788332571876,507.90225000000004,9.04208385226551,253.3454754854091
39.964848,-6.913391,295.0,2015-06-05 00:00:00,24.9,47,12.7,24.2,0.0,0.0,0.0,0.0,1,1016.0,982.3,45,0,32,86,0.08,1.68,10.5,21.8,6,13,22.3,25.6,26.7,20.9,14.9,0.148,0.202,0.257,0.339,0,0.0,0.0,0.0,0.0,0.0,0.0,0.0,0.0,0.0,0.0,0.0,0.0,0.0,33.601865235471536,90.45243366841244,257.75568880571876,515.7882500000001,7.763932439803705,256.96106328888015
39.964848,-6.913391,295.0,2015-06-05 01:00:00,24.1,49,12.8,23.6,0.0,0.0,0.0,0.0,1,1015.5,981.8,35,0,12,93,0.07,1.52,9.7,21.4,2,13,19.8,24.9,26.5,20.9,14.9,0.148,0.202,0.257,0.339,0,0.0,0.0,0.0,0.0,0.0,0.0,0.0,0.0,0.0,0.0,0.0,0.0,0.0,31.137581846453635,89.93145545968387,261.13918343771877,523.53025,6.921336624719691,260.3357343655003
39.964848,-6.913391,295.0,2015-06-05 02:00:00,23.4,51,12.8,23.2,0.0,0.0,0.0,0.0,1,1015.1,981.3,30,0,6,89,0.05,1.4,7.9,17.9,357,10,18.7,24.3,26.3,21.0,14.9,0.149,0.202,0.257,0.339,0,0.0,0.0,0.0,0.0,0.0,0.0,0.0,0.0,0.0,0.0,0.0,0.0,0.0,28.00336807327561,89.46720293339247,264.2996917677188,531.14625,5.9140830408465765,263.49059974428377
39.964848,-6.913391,295.0,2015-06-05 03:00:00,22.6,57,13.5,22.8,0.0,0.0,0.0,0.0,1,1015.2,981.3,29,0,2,91,0.03,1.19,6.5,13.5,357,16,17.6,23.7,26.0,21.0,14.9,0.149,0.202,0.257,0.338,0,0.0,0.0,0.0,0.0,0.0,0.0,0.0,0.0,0.0,0.0,0.0,0.0,0.0,24.140099814341337,88.46028075731472,266.9826355737188,538.61825,4.7695772086063135,266.1757095769936
39.964848,-6.913391,295.0,2015-06-05 04:00:00,21.6,60,13.6,21.8,0.0,0.0,0.0,0.0,1,1015.2,981.2,24,0,0,80,0.03,1.03,6.5,12.6,6,27,15.5,22.7,25.8,21.0,14.9,0.149,0.202,0.257,0.338,0,0.0,0.0,0.0,0.0,0.0,0.0,0.0,0.0,0.0,0.0,0.0,0.0,0.0,22.398170540798276,87.71600881915445,269.37309085371885,545.91025,4.286979660311787,268.5725038779671
39.964848,-6.913391,295.0,2015-06-05 05:00:00,21.4,57,12.5,21.1,0.0,0.0,0.0,0.0,1,1015.5,981.5,23,0,1,73,0.04,1.1,7.6,15.3,25,51,15.5,21.9,25.5,21.0,14.9,0.149,0.202,0.257,0.338,1,0.0,0.0,0.0,0.0,0.0,0.0,0.0,0.0,0.0,0.0,0.0,0.0,0.0,23.41704935891431,87.76461223531275,271.92018940371884,553.16625,4.562939899456161,271.1228072654873
39.964848,-6.913391,295.0,2015-06-05 06:00:00,21.0,56,11.9,20.2,0.0,0.0,0.0,0.0,0,1016.1,982.0,18,0,0,59,0.07,1.09,9.3,19.1,54,74,18.0,21.6,25.2,21.0,14.9,0.149,0.202,0.257,0.338,1,1397.07,40.0,18.0,22.0,151.4,40.0,99.5,88.4,39.8,48.6,240.5,55.7,219.9,24.995533445496825,87.81323169790568,274.48018798771886,560.35025,5.0057635939066865,273.6852835137388
39.964848,-6.913391,295.0,2015-06-05 07:00:00,22.9,40,8.7,20.8,0.0,0.0,0.0,0.0,0,1016.7,982.8,9,0,1,27,0.19,1.66,12.4,19.5,82,86,23.4,23.2,25.1,21.0,14.9,0.149,0.202,0.257,0.338,1,3600.0,176.0,106.0,70.0,410.9,176.0,342.9,239.0,143.9,95.1,410.9,239.0,465.6,32.36487111383363,89.36054600584238,278.2712183877189,567.8762499999999,7.3066629523034194,277.4582566380972
39.964848,-6.913391,295.0,2015-06-05 08:00:00,24.4,33,7.2,21.6,0.0,0.0,0.0,0.0,0,1017.1,983.3,0,0,0,0,0.33,2.05,14.8,20.6,94,94,32.8,25.1,25.0,21.0,14.9,0.149,0.202,0.257,0.338,1,3600.0,377.0,287.0,90.0,651.8,377.0,585.2,452.1,344.2,107.9,651.8,452.1,701.7,40.98408266710599,91.02590542810891,282.76911799771887,575.67225,10.464747678605523,281.92648570180955
39.964848,-6.913391,295.0,2015-06-05 09:00:00,26.1,32,8.2,23.5,0.0,0.0,0.0,0.0,0,1017.2,983.6,0,0,0,0,0.45,2.29,14.9,20.7,98,98,34.9,26.9,25.0,21.0,15.0,0.149,0.202,0.257,0.338,1,3600.0,560.0,465.0,95.0,763.1,560.0,809.8,630.9,523.9,107.0,763.1,630.9,912.4,43.67179525393713,91.68222174843544,287.63848593371887,583.7742499999999,11.545950305194845,286.760861392009
39.964848,-6.913391,295.0,2015-06-05 10:00:00,27.8,31,9.0,26.6,0.0,0.0,0.0,0.0,0,1017.7,984.3,2,0,4,0,0.58,2.6,14.1,19.1,103,102,35.3,28.8,25.1,21.0,15.0,0.149,0.202,0.257,0.338,1,3600.0,740.0,634.0,106.0,841.2,740.0,1001.6,800.2,685.6,114.6,841.2,800.2,1083.1,44.61800537468069,92.20011756892066,292.88827323971884,592.18225,11.93277036911828,291.9699657352552
39.964848,-6.913391,295.0,2015-06-05 11:00:00,29.3,29,9.4,28.9,0.0,0.0,0.0,0.0,0,1017.5,984.3,4,0,7,0,0.64,2.89,12.2,16.0,114,113,34.6,30.5,25.3,21.1,15.0,0.148,0.201,0.257,0.338,1,3600.0,821.0,686.0,135.0,794.6,821.0,1147.4,860.3,718.8,141.5,794.6,860.3,1202.3,44.549601326881785,92.85885019250047,298.57060658371887,600.86025,11.896465748152847,297.60440603439423
39.964848,-6.913391,295.0,2015-06-05 12:00:00,30.6,27,9.6,31.0,0.0,0.0,0.0,0.0,0,1017.1,984.0,4,0,6,0,0.7,3.19,10.4,13.5,124,124,31.7,32.1,25.6,21.1,15.0,0.148,0.201,0.257,0.338,1,3600.0,894.0,755.0,139.0,810.9,894.0,1237.2,911.8,770.0,141.8,810.9,911.8,1261.8,38.7608642578125,94.62470245361328,192.31459045410156,419.046875,10.0416259765625,192.01953125
39.964848,-6.913391,295.0,2015-06-05 13:00:00,31.2,26,9.3,31.3,0.0,0.0,0.0,0.0,0,1016.4,983.4,1,0,1,2,0.64,3.38,8.4,10.7,137,135,29.2,32.9,25.9,21.1,15.0,0.148,0.201,0.257,0.338,1,3600.0,797.0,630.0,167.0,661.8,797.0,1265.1,792.3,626.3,166.0,661.8,792.3,1257.7,45.14973035862836,94.67558677736118,198.60717438610155,428.066875,12.643459627712812,198.24205823642112
39.964848,-6.913391,295.0,2015-06-05 14:00:00,31.9,24,8.8,32.4,0.0,0.0,0.0,0.0,1,1015.9,983.0,24,0,38,4,0.66,3.6,6.9,8.5,152,152,24.5,34.0,26.2,21.1,15.0,0.148,0.201,0.257,0.338,1,3600.0,836.0,667.0,169.0,721.1,836.0,1229.1,809.5,645.9,163.6,721.1,809.5,1190.2,43.38722403871801,94.72648790058612,205.20988566610154,437.212875,11.805344250342031,204.7981253607832
39.964848,-6.913391,295.0,2015-06-05 15:00:00,32.3,23,8.6,32.7,0.0,0.0,0.0,0.0,0,1015.1,982.3,16,0,24,7,0.6,3.73,5.2,6.3,168,167,20.9,34.6,26.5,21.1,15.0,0.148,0.201,0.256,0.338,1,3600.0,779.0,609.0,170.0,715.1,779.0,1131.6,732.4,572.5,159.8,715.1,732.4,1063.9,41.395816243916244,94.7774058288345,211.98056065410154,446.430875,10.91223613841633,211.51849600732527
39.964848,-6.913391,295.0,2015-06-05 16:00:00,32.3,22,8.2,31.8,0.0,0.0,0.0,0.0,0,1014.9,982.1,10,0,15,5,0.49,3.76,4.5,5.5,194,191,19.4,34.5,26.8,21.1,15.0,0.147,0.201,0.256,0.338,1,3600.0,633.0,480.0,153.0,651.3,633.0,979.4,573.6,434.9,138.6,651.3,573.6,887.4,41.117183667822644,94.92368975688089,218.83916648610153,455.64887500000003,10.747635635007901,218.32380564722175
39.964848,-6.913391,295.0,2015-06-05 17:00:00,32.0,22,7.7,30.7,0.0,0.0,0.0,0.0,1,1014.4,981.5,41,0,31,75,0.35,3.7,4.4,5.2,215,214,18.4,33.7,27.1,21.1,15.0,0.147,0.2,0.256,0.338,1,3600.0,444.0,312.0,132.0,529.7,444.0,782.8,381.6,268.2,113.5,529.7,381.6,672.8,41.27528854514408,94.97467279139023,225.63616807410153,464.812875,10.76860402490676,225.06654856057315
39.964848,-6.913391,295.0,2015-06-05 18:00:00,30.6,28,9.8,30.0,0.0,0.0,0.0,0.0,1,1014.3,981.3,29,0,16,65,0.21,3.17,4.0,5.1,265,266,15.8,32.3,27.2,21.2,15.0,0.148,0.2,0.256,0.338,1,3600.0,243.0,143.0,100.0,342.3,243.0,555.1,190.3,112.0,78.3,342.3,190.3,434.7,40.42755069192792,94.86451586375964,231.64495125810154,473.724875,10.395517767924927,231.0312277093557
39.964848,-6.913391,295.0,2015-06-05 19:00:00,30.4,23,7.0,28.9,0.0,0.0,0.0,0.0,1,1015.0,982.0,24,0,11,58,0.15,3.35,5.4,8.7,312,312,11.9,30.7,27.3,21.2,15.0,0.148,0.2,0.256,0.338,1,3600.0,142.0,79.0,63.0,336.5,142.0,312.0,86.2,47.9,38.2,336.5,86.2,189.3,42.57309822128313,94.91547936198772,238.03046808810154,482.600875,11.233619499304478,237.36483338833142
39.964848,-6.913391,295.0,2015-06-05 20:00:00,28.9,26,7.4,27.2,0.0,0.0,0.0,0.0,1,1015.1,981.9,22,0,11,50,0.1,2.95,6.8,14.8,335,337,11.5,29.0,27.3,21.2,15.0,0.148,0.2,0.256,0.338,0,381.46,26.0,10.0,16.0,93.0,26.0,84.0,0.0,0.0,0.0,0.0,0.0,0.0,44.6332840702924,94.92402520761492,243.87497328810153,491.20687499999997,12.068862423118496,243.1638586547424
39.964848,-6.913391,295.0,2015-06-05 21:00:00,27.1,30,8.0,25.2,0.0,0.0,0.0,0.0,0,1016.0,982.6,15,0,6,37,0.11,2.52,9.8,20.2,352,357,16.6,27.5,27.2,21.2,15.0,0.148,0.2,0.256,0.338,0,0.0,0.0,0.0,0.0,0.0,0.0,0.0,0.0,0.0,0.0,0.0,0.0,0.0,45.677003312615994,94.07792921210608,249.07184412810153,499.48887499999995,12.493622828085728,248.323689604502
39.964848,-6.913391,295.0,2015-06-05 22:00:00,25.8,35,9.1,24.1,0.0,0.0,0.0,0.0,0,1016.7,983.1,9,0,1,28,0.11,2.17,10.4,21.7,358,7,20.2,26.4,27.0,21.2,15.0,0.148,0.2,0.256,0.338,0,0.0,0.0,0.0,0.0,0.0,0.0,0.0,0.0,0.0,0.0,0.0,0.0,0.0,42.144396164118,92.94530426370315,253.67505013810154,507.53687499999995,10.99742163379376,252.89837876878536
39.964848,-6.913391,295.0,2015-06-05 23:00:00,24.9,39,9.9,23.5,0.0,0.0,0.0,0.0,0,1016.5,982.8,6,0,0,19,0.09,1.93,10.1,22.1,6,16,21.2,25.6,26.9,21.3,15.0,0.148,0.2,0.256,0.338,0,0.0,0.0,0.0,0.0,0.0,0.0,0.0,0.0,0.0,0.0,0.0,0.0,0.0,38.281792612334975,91.98817765966031,257.85044889810155,515.422875,9.466744688286374,257.05157848344
39.964848,-6.913391,295.0,2015-06-06 00:00:00,24.2,41,10.1,22.8,0.0,0.0,0.0,0.0,0,1016.6,982.8,2,0,0,6,0.09,1.78,9.8,21.3,8,22,21.2,24.9,26.7,21.3,15.0,0.148,0.2,0.256,0.338,0,0.0,0.0,0.0,0.0,0.0,0.0,0.0,0.0,0.0,0.0,0.0,0.0,0.0,35.92808952725493,91.40346253769418,261.78022048010155,523.182875,8.582977172309171,260.96255116874465
39.964848,-6.913391,295.0,2015-06-06 01:00:00,23.4,43,10.0,22.1,0.0,0.0,0.0,0.0,0,1016.4,982.6,0,0,0,0,0.08,1.66,9.5,20.3,9,23,20.2,24.2,26.5,21.3,15.0,0.148,0.2,0.256,0.338,0,0.0,0.0,0.0,0.0,0.0,0.0,0.0,0.0,0.0,0.0,0.0,0.0,0.0,33.91853644449825,90.8911587143809,265.45673017010154,530.798875,7.85963233882794,264.6237731127188
39.964848,-6.913391,295.0,2015-06-06 02:00:00,22.7,45,10.0,21.4,0.0,0.0,0.0,0.0,0,1016.1,982.2,0,0,0,0,0.07,1.53,9.4,18.9,4,21,19.4,23.6,26.2,21.3,15.0,0.148,0.2,0.256,0.338,0,0.0,0.0,0.0,0.0,0.0,0.0,0.0,0.0,0.0,0.0,0.0,0.0,0.0,32.310509741630085,90.41026545749682,268.90288211010153,538.288875,7.301144724627212,268.05792663536204
39.964848,-6.913391,295.0,2015-06-06 03:00:00,21.8,48,10.2,20.5,0.0,0.0,0.0,0.0,0,1016.0,982.0,1,0,0,3,0.07,1.37,9.5,17.9,9,22,16.9,22.9,26.0,21.3,15.0,0.148,0.2,0.256,0.338,0,0.0,0.0,0.0,0.0,0.0,0.0,0.0,0.0,0.0,0.0,0.0,0.0,0.0,30.522749414809176,89.77842260857014,272.0378536381015,545.6168749999999,6.70328240264769,271.1855182224778
39.964848,-6.913391,295.0,2015-06-06 04:00:00,21.1,50,10.4,20.1,0.0,0.0,0.0,0.0,0,1016.4,982.3,5,0,0,17,0.05,1.25,8.2,15.9,15,28,16.6,22.2,25.7,21.3,15.0,0.148,0.2,0.256,0.338,0,0.0,0.0,0.0,0.0,0.0,0.0,0.0,0.0,0.0,0.0,0.0,0.0,0.0,27.8377455428025,89.28626068311829,274.9601062381015,552.8188749999999,5.8502673650385635,274.10346938458343
39.964848,-6.913391,295.0,2015-06-06 05:00:00,20.2,55,11.0,19.3,0.0,0.0,0.0,0.0,0,1016.5,982.3,3,0,0,11,0.04,1.06,8.3,15.0,18,35,16.6,21.5,25.4,21.3,15.1,0.148,0.2,0.256,0.338,1,0.0,0.0,0.0,0.0,0.0,0.0,0.0,0.0,0.0,0.0,0.0,0.0,0.0,25.598433800907795,88.40024809020844,277.4835108481015,559.8588749999999,5.177620454774231,276.62894697798083
39.964848,-6.913391,295.0,2015-06-06 06:00:00,20.0,59,11.8,19.2,0.0,0.0,0.0,0.0,0,1017.1,982.8,0,0,0,0,0.06,0.95,9.0,15.3,16,39,16.2,21.3,25.2,21.3,15.1,0.148,0.2,0.256,0.338,1,1849.34,44.0,24.0,20.0,201.3,44.0,100.5,96.7,52.7,44.0,317.4,61.3,220.8,24.307431795416232,87.63324852610286,279.7610250141015,566.8628749999999,4.805293108898713,278.91293685304333
39.964848,-6.913391,295.0,2015-06-06 07:00:00,22.1,51,11.6,21.5,0.0,0.0,0.0,0.0,0,1017.4,983.4,0,0,0,0,0.15,1.3,7.6,14.1,19,38,18.4,23.1,25.0,21.3,15.1,0.148,0.2,0.256,0.338,1,3600.0,198.0,140.0,58.0,541.4,198.0,343.6,268.6,190.0,78.7,541.4,268.6,466.1,23.25266281445426,87.68182461892181,282.7538329021015,574.2448749999999,4.509203192930362,281.9013775737212
39.964848,-6.913391,295.0,2015-06-06 08:00:00,25.4,39,10.3,24.6,0.0,0.0,0.0,0.0,0,1017.5,983.8,0,0,0,0,0.27,1.99,6.4,9.2,47,51,18.4,25.4,24.9,21.3,15.1,0.148,0.2,0.256,0.338,1,3600.0,379.0,298.0,81.0,676.1,379.0,585.6,454.4,357.3,97.1,676.1,454.4,702.1,27.606486652546536,89.82035087433258,287.0095277921015,582.2208749999999,5.768423721258639,286.13282780471604
39.964848,-6.913391,295.0,2015-06-06 09:00:00,27.9,27,7.4,26.1,0.0,0.0,0.0,0.0,0,1017.7,984.3,0,0,0,0,0.44,2.74,9.0,11.9,95,95,24.1,27.9,25.0,21.3,15.1,0.148,0.2,0.256,0.338,1,3600.0,570.0,473.0,97.0,775.7,570.0,810.1,642.1,532.8,109.3,775.7,642.1,912.6,39.67963160836975,92.72794520950063,292.58286901210147,590.6468749999999,9.940523305430503,291.65935984045194
39.964848,-6.913391,295.0,2015-06-06 10:00:00,29.9,22,6.2,28.6,0.0,0.0,0.0,0.0,0,1017.7,984.5,0,0,0,0,0.59,3.28,10.2,13.2,113,112,28.8,30.0,25.2,21.4,15.1,0.148,0.2,0.256,0.338,1,3600.0,746.0,641.0,105.0,850.1,746.0,1001.8,806.7,693.1,113.5,850.1,806.7,1083.2,47.79113160109171,94.37958859296316,298.9486408921015,599.4328749999999,13.29076644205261,297.9644437558216
39.964848,-6.913391,295.0,2015-06-06 11:00:00,31.7,19,5.4,31.1,0.0,0.0,0.0,0.0,0,1017.2,984.2,0,0,0,0,0.7,3.79,10.0,13.2,120,119,30.2,32.0,25.5,21.4,15.1,0.148,0.2,0.256,0.338,1,3600.0,879.0,769.0,110.0,890.3,879.0,1147.5,921.1,805.8,115.3,890.3,921.1,1202.5,51.99925883887497,95.43015389066287,305.9430919801015,608.5428749999999,15.196449315264394,304.8866149249113
39.964848,-6.913391,295.0,2015-06-06 12:00:00,33.0,17,4.8,32.1,0.0,0.0,0.0,0.0,0,1016.8,984.0,1,0,1,0,0.73,4.17,10.3,13.4,126,126,30.6,33.5,25.8,21.4,15.1,0.147,0.199,0.256,0.338,1,3600.0,882.0,710.0,172.0,762.2,882.0,1237.5,899.6,724.1,175.4,762.2,899.6,1262.1,40.20642852783203,95.03225708007812,199.41259765625,428.5509338378906,10.552694320678711,199.1171875
39.964848,-6.913391,295.0,2015-06-06 13:00:00,33.7,16,4.2,32.8,0.0,0.0,0.0,0.0,0,1015.9,983.2,1,0,2,0,0.74,4.42,10.2,13.3,132,131,30.6,34.6,26.2,21.4,15.1,0.147,0.199,0.256,0.338,1,3600.0,884.0,699.0,185.0,733.8,884.0,1265.5,878.9,694.9,183.9,733.8,878.9,1258.2,55.76330334150316,96.43063533036276,207.10838936825,438.02093383789065,17.578122866256894,206.6721729509921
39.964848,-6.913391,295.0,2015-06-06 14:00:00,34.3,15,3.9,33.7,0.0,0.0,0.0,0.0,0,1015.9,983.2,0,0,0,0,0.78,4.61,10.0,12.8,139,140,29.5,35.7,26.5,21.4,15.1,0.147,0.199,0.255,0.338,1,3600.0,942.0,805.0,137.0,869.7,942.0,1229.7,912.3,779.6,132.7,869.7,912.3,1190.9,57.4153783047007,96.81411126855986,215.03006330825,447.5989338378906,18.321522509304263,214.52666531744913
39.964848,-6.913391,295.0,2015-06-06 15:00:00,34.5,15,3.9,33.1,0.0,0.0,0.0,0.0,0,1015.2,982.6,0,0,0,0,0.67,4.66,9.4,12.2,148,146,28.1,35.9,26.9,21.4,15.1,0.147,0.199,0.255,0.338,1,3600.0,792.0,657.0,135.0,770.7,792.0,1132.5,744.7,617.8,126.9,770.7,744.7,1064.9,56.773655482948,96.8657184263842,222.99649246824998,457.2129338378906,17.899169636685883,222.4228342985913
39.964848,-6.913391,295.0,2015-06-06 16:00:00,34.3,15,3.9,32.0,0.0,0.0,0.0,0.0,0,1015.0,982.4,2,0,3,1,0.53,4.61,8.1,10.4,148,146,25.6,35.4,27.2,21.4,15.1,0.147,0.199,0.255,0.338,1,3600.0,597.0,454.0,143.0,615.1,597.0,980.6,541.1,411.5,129.6,615.1,541.1,888.8,54.90011140993945,96.91734262232956,230.91816640825,466.7909338378906,16.880464487942955,230.27218910808298
39.964848,-6.913391,295.0,2015-06-06 17:00:00,34.1,15,3.9,31.5,0.0,0.0,0.0,0.0,0,1014.6,982.0,1,0,1,0,0.44,4.55,8.0,10.3,144,144,22.3,34.9,27.5,21.5,15.1,0.146,0.199,0.255,0.338,1,3600.0,496.0,368.0,128.0,623.4,496.0,784.2,426.6,316.5,110.1,623.4,426.6,674.5,55.08285707415756,96.96898386202102,238.79508512824998,476.33293383789055,16.91203515422596,238.0747915540507
39.964848,-6.913391,295.0,2015-06-06 18:00:00,33.5,16,4.0,31.0,0.0,0.0,0.0,0.0,0,1014.4,981.7,1,0,2,0,0.31,4.36,7.2,9.5,143,143,20.5,33.9,27.7,21.5,15.1,0.146,0.199,0.255,0.338,1,3600.0,341.0,248.0,93.0,591.6,341.0,556.9,267.4,194.5,72.9,591.6,267.4,436.7,54.05137246589783,97.0206421510856,246.44664815225,485.7669338378906,16.35639291695729,245.6528921761627
39.964848,-6.913391,295.0,2015-06-06 19:00:00,32.4,19,5.7,30.7,0.0,0.0,0.0,0.0,0,1014.6,981.8,2,0,2,1,0.14,3.96,4.3,9.4,138,140,17.3,32.2,27.8,21.5,15.1,0.146,0.199,0.255,0.338,1,3600.0,160.0,96.0,64.0,406.1,160.0,314.0,97.6,58.5,39.0,406.1,97.6,191.5,49.26297606121435,96.98420517126722,253.59037106225,495.00293383789057,14.06399027645011,252.7289383555232
39.964848,-6.913391,295.0,2015-06-06 20:00:00,30.6,20,5.1,28.8,0.0,0.0,0.0,0.0,0,1015.0,982.0,2,0,3,1,0.07,3.52,4.3,10.2,114,113,12.2,30.2,27.8,21.5,15.1,0.146,0.199,0.255,0.338,0,819.57,28.0,14.0,14.0,129.2,28.0,85.0,0.0,0.0,0.0,0.0,0.0,0.0,47.9319436580808,96.64560313725873,260.26679682225,503.91493383789054,13.440247656771405,259.34242231257434
39.964848,-6.913391,295.0,2015-06-06 21:00:00,28.9,21,4.7,27.0,0.0,0.0,0.0,0.0,0,1015.6,982.4,5,0,7,2,0.05,3.14,4.3,10.9,66,96,12.6,28.6,27.8,21.5,15.1,0.146,0.199,0.255,0.338,0,0.0,0.0,0.0,0.0,0.0,0.0,0.0,0.0,0.0,0.0,0.0,0.0,0.0,46.25092093034819,96.21491797498679,266.50620102225,512.5209338378905,12.683171787932793,265.52361713853793
39.964848,-6.913391,295.0,2015-06-06 22:00:00,27.6,24,5.2,25.7,0.0,0.0,0.0,0.0,0,1016.3,982.9,4,0,5,4,0.06,2.81,4.8,10.9,48,82,13.7,27.5,27.7,21.6,15.1,0.146,0.199,0.255,0.338,0,0.0,0.0,0.0,0.0,0.0,0.0,0.0,0.0,0.0,0.0,0.0,0.0,0.0,44.19360881663831,95.49219927861635,272.24855901425,520.8929338378905,11.792764211929576,271.21459442761653
39.964848,-6.913391,295.0,2015-06-06 23:00:00,25.4,39,10.6,24.9,0.0,0.0,0.0,0.0,0,1016.1,982.5,3,0,0,11,0.04,1.97,5.2,10.9,34,73,12.6,26.1,27.5,21.6,15.1,0.146,0.199,0.255,0.338,0,0.0,0.0,0.0,0.0,0.0,0.0,0.0,0.0,0.0,0.0,0.0,0.0,0.0,35.05561183431983,92.75853131774228,276.50425390425,528.8689338378905,8.2435644353837,275.44470052142015
39.964848,-6.913391,295.0,2015-06-07 00:00:00,24.1,44,11.1,23.4,0.0,0.0,0.0,0.0,0,1016.7,982.9,2,0,0,8,0.06,1.69,7.2,15.0,37,66,12.2,24.6,27.2,21.6,15.2,0.146,0.199,0.255,0.338,0,0.0,0.0,0.0,0.0,0.0,0.0,0.0,0.0,0.0,0.0,0.0,0.0,0.0,32.28487852119826,91.16464899449713,280.21946369625,536.6109338378905,7.277630067700993,279.14313542469387
39.964848,-6.913391,295.0,2015-06-07 01:00:00,22.5,47,10.8,21.6,0.0,0.0,0.0,0.0,0,1016.5,982.5,0,0,0,0,0.06,1.44,8.2,18.2,38,65,13.0,23.5,27.0,21.6,15.2,0.146,0.199,0.255,0.338,0,0.0,0.0,0.0,0.0,0.0,0.0,0.0,0.0,0.0,0.0,0.0,0.0,0.0,30.4043991337965,90.18206789689698,283.51239482425,544.0649338378904,6.651988811781231,282.4255017586132
39.964848,-6.913391,295.0,2015-06-07 02:00:00,21.3,48,9.7,20.0,0.0,0.0,0.0,0.0,0,1016.1,982.0,0,0,0,1,0.06,1.33,8.5,18.2,36,63,14.0,22.5,26.6,21.6,15.2,0.146,0.199,0.255,0.338,0,0.0,0.0,0.0,0.0,0.0,0.0,0.0,0.0,0.0,0.0,0.0,0.0,0.0,29.243291845589226,89.67193025613726,286.57891719225,551.3029338378904,6.2772865728416045,285.48434463051245
39.964848,-6.913391,295.0,2015-06-07 03:00:00,20.5,48,9.2,19.0,0.0,0.0,0.0,0.0,0,1016.4,982.2,0,0,0,0,0.06,1.24,8.7,19.2,42,64,14.8,21.7,26.3,21.6,15.2,0.146,0.199,0.255,0.338,0,0.0,0.0,0.0,0.0,0.0,0.0,0.0,0.0,0.0,0.0,0.0,0.0,0.0,28.820514375760013,89.44953227950299,289.53592090425,558.3969338378904,6.141770291511643,288.4347622147696
39.964848,-6.913391,295.0,2015-06-07 04:00:00,19.7,54,10.2,18.6,0.0,0.0,0.0,0.0,0,1016.8,982.5,0,0,0,0,0.05,1.05,8.5,20.1,54,81,14.8,21.1,26.0,21.6,15.2,0.146,0.198,0.255,0.338,0,0.0,0.0,0.0,0.0,0.0,0.0,0.0,0.0,0.0,0.0,0.0,0.0,0.0,26.110489293844783,88.51467233464548,292.05484999225,565.3469338378904,5.316648976265386,290.95488261843167
39.964848,-6.913391,295.0,2015-06-07 05:00:00,19.2,57,10.4,18.2,0.0,0.0,0.0,0.0,0,1017.3,982.9,0,0,0,0,0.04,0.97,7.9,19.2,66,98,14.0,20.5,25.6,21.6,15.2,0.147,0.198,0.255,0.338,1,0.0,0.0,0.0,0.0,0.0,0.0,0.0,0.0,0.0,0.0,0.0,0.0,0.0,23.91169206123432,87.84307497582785,294.35289890625,572.2069338378905,4.684770312901559,293.257932053321
39.964848,-6.913391,295.0,2015-06-07 06:00:00,19.5,59,11.2,18.8,0.0,0.0,0.0,0.0,0,1017.9,983.6,0,0,0,0,0.05,0.93,7.4,16.3,76,108,13.7,20.7,25.3,21.6,15.2,0.147,0.198,0.255,0.338,1,1862.81,43.0,23.0,20.0,192.5,43.0,101.3,94.0,50.3,43.7,301.5,60.0,221.5,22.595414416327888,87.45631922139292,296.57644354225,579.1209338378904,4.322370928692973,295.48840517056595
39.964848,-6.913391,295.0,2015-06-07 07:00:00,22.8,43,9.5,21.6,0.0,0.0,0.0,0.0,0,1018.6,984.6,0,0,0,0,0.16,1.59,7.4,12.4,104,116,18.0,22.9,25.1,21.7,15.2,0.147,0.198,0.255,0.338,1,3600.0,199.0,142.0,57.0,548.0,199.0,344.2,269.8,192.5,77.3,548.0,269.8,466.6,25.773343211286026,88.76370964244946,300.16291626025,586.6289338378905,5.213026957370809,299.05857187176525
39.964848,-6.913391,295.0,2015-06-07 08:00:00,24.8,42,11.0,24.0,0.0,0.0,0.0,0.0,0,1018.8,985.0,0,0,0,0,0.28,1.82,7.6,10.4,135,136,22.3,25.4,25.1,21.7,15.2,0.147,0.198,0.255,0.338,1,3600.0,389.0,311.0,78.0,704.9,389.0,586.0,466.3,372.8,93.5,704.9,466.3,702.4,27.835570584097418,89.46943322524854,304.11769811224997,594.4969338378905,5.827216635852673,302.9920986822044
39.964848,-6.913391,295.0,2015-06-07 09:00:00,26.6,39,11.4,26.1,0.0,0.0,0.0,0.0,0,1019.1,985.5,0,0,0,0,0.42,2.13,7.2,9.0,143,143,23.0,27.6,25.2,21.7,15.2,0.147,0.198,0.255,0.338,1,3600.0,579.0,487.0,92.0,798.3,579.0,810.3,652.2,548.6,103.6,798.3,652.2,912.7,29.85651440124062,90.32618310801939,308.56610371424995,602.6889338378905,6.456891438745415,307.41131516596965
39.964848,-6.913391,295.0,2015-06-07 10:00:00,28.4,34,11.2,28.8,0.0,0.0,0.0,0.0,1,1018.6,985.2,23,0,38,0,0.55,2.53,7.4,9.2,141,141,24.1,29.7,25.3,21.7,15.2,0.146,0.198,0.255,0.338,1,3600.0,740.0,633.0,107.0,839.2,740.0,1001.9,800.2,684.5,115.7,839.2,800.2,1083.4,33.86856585779273,91.57333018634861,313.69189273424996,611.2049338378905,7.790965599808818,312.49590485667846
39.964848,-6.913391,295.0,2015-06-07 11:00:00,30.1,31,11.0,31.3,0.0,0.0,0.0,0.0,0,1018.2,985.0,13,0,21,0,0.66,2.97,7.7,10.0,139,139,26.3,31.8,25.6,21.7,15.2,0.146,0.198,0.255,0.338,1,3600.0,870.0,761.0,109.0,880.7,870.0,1147.7,911.7,797.4,114.2,880.7,911.7,1202.6,37.42009541578476,92.5355557657869,319.35948318224996,620.0269338378905,9.061787503404863,318.11260547540405
39.964848,-6.913391,295.0,2015-06-07 12:00:00,31.6,27,10.5,33.0,0.0,0.0,0.0,0.0,0,1017.9,984.9,2,0,3,0,0.73,3.37,7.7,9.7,139,138,27.7,33.4,25.9,21.7,15.2,0.146,0.198,0.255,0.338,1,3600.0,943.0,831.0,112.0,891.7,943.0,1237.7,961.8,847.6,114.2,891.7,961.8,1262.4,45.67990493774414,95.89766693115234,207.1109619140625,438.19696044921875,12.859955787658691,206.5625
39.964848,-6.913391,295.0,2015-06-07 13:00:00,32.7,25,9.8,34.0,0.0,0.0,0.0,0.0,0,1016.8,983.9,2,0,1,3,0.75,3.73,7.9,9.9,137,136,28.1,34.7,26.3,21.7,15.2,0.146,0.197,0.254,0.338,1,3600.0,960.0,839.0,121.0,880.3,960.0,1265.9,954.5,834.2,120.3,880.3,954.5,1258.6,49.39122159163949,95.8072578942578,213.7847550140625,447.48696044921877,14.389760230810023,213.30054647945448
39.964848,-6.913391,295.0,2015-06-07 14:00:00,33.1,22,8.8,33.1,0.0,0.0,0.0,0.0,0,1016.3,983.5,18,0,27,5,0.7,3.94,9.6,12.0,124,123,26.3,35.1,26.6,21.7,15.2,0.146,0.197,0.254,0.338,1,3600.0,844.0,707.0,137.0,763.2,844.0,1230.3,817.5,684.8,132.7,763.2,817.5,1191.6,52.4852144706748,95.85853263909289,220.8076388300625,456.8489604492188,15.786156507446494,220.26771597627427
39.964848,-6.913391,295.0,2015-06-07 15:00:00,33.3,21,7.8,32.4,0.0,0.0,0.0,0.0,0,1016.0,983.2,9,0,9,11,0.64,4.07,10.0,13.5,105,106,25.6,35.2,26.9,21.7,15.2,0.146,0.197,0.254,0.338,1,3600.0,745.0,601.0,144.0,704.3,745.0,1133.4,700.6,565.2,135.4,704.3,700.6,1065.9,53.510400324863234,95.90982431230269,227.9621556460625,466.2469604492188,16.219931710490155,227.36279267761049
39.964848,-6.913391,295.0,2015-06-07 16:00:00,33.3,20,7.2,31.6,0.0,0.0,0.0,0.0,1,1015.7,982.9,23,0,13,52,0.51,4.11,8.3,11.2,92,94,23.4,35.0,27.3,21.7,15.2,0.145,0.197,0.254,0.338,1,3600.0,582.0,410.0,172.0,554.7,582.0,981.7,527.7,371.7,155.9,554.7,527.7,890.0,51.06161862982606,95.96113291947611,235.2072359660625,475.64496044921884,14.992157190629417,234.5450217739504
39.964848,-6.913391,295.0,2015-06-07 17:00:00,33.4,19,6.4,31.7,0.0,0.0,0.0,0.0,1,1015.1,982.4,23,0,5,68,0.41,4.18,5.4,7.6,82,85,20.9,34.6,27.5,21.7,15.2,0.145,0.197,0.254,0.338,1,3600.0,501.0,390.0,111.0,659.3,501.0,785.7,431.1,335.6,95.5,659.3,431.1,676.0,46.87396051340179,96.0124584662039,242.56420433606252,485.06096044921884,13.0441987493673,241.83534917180629
39.964848,-6.913391,295.0,2015-06-07 18:00:00,32.4,19,6.1,30.8,0.0,0.0,0.0,0.0,1,1015.0,982.2,21,0,11,49,0.23,3.92,4.3,5.8,90,90,17.6,33.0,27.7,21.8,15.2,0.145,0.197,0.254,0.338,1,3600.0,259.0,154.0,105.0,366.1,259.0,558.6,203.3,120.9,82.4,366.1,203.3,438.5,45.5274528315451,96.06380095807867,249.70792724606252,494.29696044921883,12.42685286353502,248.9130658097204
39.964848,-6.913391,295.0,2015-06-07 19:00:00,31.5,21,6.7,30.5,0.0,0.0,0.0,0.0,1,1014.9,982.0,22,0,22,28,0.1,3.65,1.5,2.7,135,113,11.9,31.6,27.8,21.8,15.3,0.145,0.197,0.254,0.338,1,3600.0,153.0,80.0,73.0,336.2,153.0,316.0,93.7,49.0,44.7,336.2,93.7,193.6,41.84312116571823,96.11516040069486,256.4880798100625,503.37096044921884,10.866783750022028,255.63099130142376
39.964848,-6.913391,295.0,2015-06-07 20:00:00,30.0,34,12.2,30.2,0.0,0.0,0.0,0.0,0,1015.4,982.3,15,0,21,9,0.05,2.82,3.4,3.5,328,336,7.6,29.8,27.8,21.8,15.3,0.145,0.197,0.254,0.338,0,938.17,32.0,15.0,17.0,137.5,32.0,86.1,0.0,0.0,0.0,0.0,0.0,0.0,37.617693865750326,94.20231215667401,261.8918777260625,512.1749604492188,9.206703087265096,260.99516844789514
39.964848,-6.913391,295.0,2015-06-07 21:00:00,27.6,42,13.6,28.1,0.0,0.0,0.0,0.0,0,1015.7,982.3,14,0,19,10,0.04,2.15,4.7,7.0,23,21,10.4,27.6,27.7,21.8,15.3,0.145,0.197,0.254,0.338,0,0.0,0.0,0.0,0.0,0.0,0.0,0.0,0.0,0.0,0.0,0.0,0.0,0.0,32.72847458845494,92.21601910928219,266.2742035620625,520.5469604492188,7.447413239716467,265.353640505335
39.964848,-6.913391,295.0,2015-06-07 22:00:00,26.2,48,14.2,26.5,0.0,0.0,0.0,0.0,1,1017.0,983.4,21,0,23,23,0.06,1.78,7.3,13.7,11,30,12.6,26.3,27.5,21.8,15.3,0.145,0.197,0.254,0.338,0,0.0,0.0,0.0,0.0,0.0,0.0,0.0,0.0,0.0,0.0,0.0,0.0,0.0,30.93710316904292,90.69599621375272,270.0115276980625,528.6669604492188,6.84170120461511,269.0774200551833
39.964848,-6.913391,295.0,2015-06-07 23:00:00,25.1,39,10.3,24.0,0.0,0.0,0.0,0.0,1,1017.2,983.5,26,0,15,56,0.07,1.93,8.0,15.3,355,8,13.0,25.1,27.3,21.9,15.3,0.146,0.197,0.254,0.338,0,0.0,0.0,0.0,0.0,0.0,0.0,0.0,0.0,0.0,0.0,0.0,0.0,0.0,31.846526809881457,90.7455834737786,274.2190449100625,536.5889604492188,7.137678327410752,273.260756309431
39.964848,-6.913391,295.0,2015-06-08 00:00:00,23.9,40,9.6,22.4,0.0,0.0,0.0,0.0,1,1017.1,983.3,27,0,9,71,0.09,1.78,9.7,18.4,358,1,11.5,24.3,27.0,21.9,15.3,0.146,0.197,0.254,0.338,0,0.0,0.0,0.0,0.0,0.0,0.0,0.0,0.0,0.0,0.0,0.0,0.0,0.0,33.8926272763418,90.7951871050555,278.1680349100625,544.2949604492188,7.83130322427118,277.1887717748588
39.964848,-6.913391,295.0,2015-06-08 01:00:00,23.5,40,9.1,21.8,0.0,0.0,0.0,0.0,1,1016.2,982.4,22,0,2,70,0.09,1.74,10.2,21.2,8,10,12.2,23.6,26.8,21.9,15.3,0.146,0.197,0.254,0.338,0,0.0,0.0,0.0,0.0,0.0,0.0,0.0,0.0,0.0,0.0,0.0,0.0,0.0,34.63898413815992,90.84480711298842,282.0538410700625,551.9289604492188,8.088170001281572,281.05410938300446
39.964848,-6.913391,295.0,2015-06-08 02:00:00,22.2,53,12.2,21.4,0.0,0.0,0.0,0.0,1,1015.5,981.5,23,0,1,75,0.06,1.25,9.9,21.5,19,21,12.6,23.0,26.5,21.9,15.3,0.146,0.197,0.254,0.338,0,0.0,0.0,0.0,0.0,0.0,0.0,0.0,0.0,0.0,0.0,0.0,0.0,0.0,29.34022878193637,89.21578242363695,284.9368670360625,559.3289604492188,6.30936093559223,283.9345787700802
39.964848,-6.913391,295.0,2015-06-08 03:00:00,21.2,59,12.9,20.8,0.0,0.0,0.0,0.0,0,1015.2,981.1,14,0,1,46,0.05,1.03,9.2,21.6,26,30,12.2,22.2,26.2,21.9,15.3,0.146,0.197,0.254,0.338,0,0.0,0.0,0.0,0.0,0.0,0.0,0.0,0.0,0.0,0.0,0.0,0.0,0.0,25.262057263703518,87.94075402253755,287.3439080740625,566.5489604492188,5.072398842643608,286.3471309751272
39.964848,-6.913391,295.0,2015-06-08 04:00:00,20.5,60,12.5,20.3,0.0,0.0,0.0,0.0,0,1015.2,981.1,15,0,6,37,0.03,0.96,7.2,18.7,27,34,13.3,21.5,25.9,21.9,15.3,0.146,0.197,0.254,0.338,0,0.0,0.0,0.0,0.0,0.0,0.0,0.0,0.0,0.0,0.0,0.0,0.0,0.0,22.44299045209006,87.46585550309626,289.6185263140625,573.6429604492189,4.28486221675107,288.6289602482676
39.964848,-6.913391,295.0,2015-06-08 05:00:00,20.3,60,12.2,20.3,0.0,0.0,0.0,0.0,0,1015.8,981.6,13,0,9,25,0.02,0.96,5.3,14.1,28,40,13.3,21.1,25.6,21.9,15.3,0.146,0.197,0.254,0.338,1,0.0,0.0,0.0,0.0,0.0,0.0,0.0,0.0,0.0,0.0,0.0,0.0,0.0,20.688354951250354,87.33690449309931,291.8720832740625,580.7009604492189,3.8226124083778386,290.8898928909001
39.964848,-6.913391,295.0,2015-06-08 06:00:00,20.0,65,13.2,20.1,0.0,0.0,0.0,0.0,0,1016.1,981.9,20,0,24,18,0.04,0.83,6.6,13.3,29,57,13.0,21.2,25.3,21.9,15.3,0.146,0.197,0.254,0.338,1,1801.92,42.0,21.0,21.0,175.4,42.0,102.1,91.4,45.7,45.7,273.2,58.7,222.1,20.103182019908655,86.59524269263052,293.8163026840625,587.7049604492189,3.6728125353568415,292.847200408729
39.964848,-6.913391,295.0,2015-06-08 07:00:00,23.0,47,10.9,22.1,0.0,0.0,0.0,0.0,1,1016.5,982.6,20,0,24,19,0.15,1.5,8.4,15.3,47,71,18.0,23.0,25.2,21.9,15.3,0.146,0.197,0.254,0.338,1,3600.0,155.0,82.0,73.0,315.9,155.0,344.6,210.0,111.1,98.9,315.9,210.0,467.0,24.831718648758923,88.04149182371341,297.1789993020625,595.2489604492189,4.942821891073356,296.1989908455514
39.964848,-6.913391,295.0,2015-06-08 08:00:00,24.8,37,9.1,23.0,0.0,0.0,0.0,0.0,0,1016.4,982.7,16,0,21,12,0.25,1.97,10.6,14.8,80,84,23.8,24.7,25.1,21.9,15.3,0.146,0.197,0.254,0.337,1,3600.0,264.0,149.0,115.0,337.5,264.0,586.3,316.4,178.6,137.8,337.5,316.4,702.6,33.003056609602226,90.17652089670143,301.4747106240625,603.1169604492189,7.501161395698139,300.46753738619
39.964848,-6.913391,295.0,2015-06-08 09:00:00,27.0,28,6.8,24.4,0.0,0.0,0.0,0.0,0,1016.6,983.1,13,0,16,12,0.42,2.59,12.6,17.3,93,94,31.3,26.9,25.1,21.9,15.3,0.146,0.197,0.254,0.337,1,3600.0,495.0,338.0,157.0,553.8,495.0,810.5,557.5,380.7,176.8,553.8,557.5,912.8,43.57849091273747,92.46392544116729,306.8011083360625,611.380960449219,11.483311417407407,305.7486121118113
39.964848,-6.913391,295.0,2015-06-08 10:00:00,28.9,23,5.8,26.6,0.0,0.0,0.0,0.0,0,1016.5,983.3,12,0,20,1,0.56,3.07,13.6,18.0,107,106,34.9,29.0,25.3,21.9,15.3,0.146,0.196,0.254,0.337,1,3600.0,672.0,512.0,160.0,678.5,672.0,1002.0,726.6,553.6,173.0,678.5,726.6,1083.4,51.55353695183769,94.00559281063153,312.8825529360625,619.9869604492189,14.979473949323232,311.7710826586773
39.964848,-6.913391,295.0,2015-06-08 11:00:00,30.7,21,5.9,29.4,0.0,0.0,0.0,0.0,0,1015.9,982.9,5,0,7,2,0.7,3.5,13.6,17.8,112,111,35.6,31.1,25.5,21.9,15.3,0.146,0.196,0.254,0.337,1,3600.0,852.0,671.0,181.0,776.3,852.0,1147.7,892.8,703.1,189.7,776.3,892.8,1202.7,55.351872154973016,94.8326632244067,319.4963213880625,628.9169604492189,16.789397682956615,318.31609370898565
39.964848,-6.913391,295.0,2015-06-08 12:00:00,32.1,20,6.1,31.4,0.0,0.0,0.0,0.0,0,1015.7,982.8,4,0,6,2,0.76,3.84,12.4,16.3,112,112,35.3,32.8,25.8,21.9,15.3,0.145,0.196,0.254,0.337,1,3600.0,926.0,757.0,169.0,812.0,926.0,1237.9,944.5,772.1,172.4,812.0,944.5,1262.6,48.596710205078125,95.4663314819336,214.0077667236328,447.5125732421875,14.0277099609375,213.5625
39.964848,-6.913391,295.0,2015-06-08 13:00:00,32.9,18,5.5,32.1,0.0,0.0,0.0,0.0,0,1014.8,982.0,19,0,31,1,0.76,4.11,11.8,15.2,113,112,34.6,33.9,26.1,21.9,15.3,0.145,0.196,0.253,0.337,1,3600.0,903.0,693.0,210.0,726.7,903.0,1266.2,897.9,689.1,208.8,726.7,897.9,1259.1,56.448917515591454,95.9058633637962,221.34762280363282,456.8385732421875,17.750366706489853,220.79879870057653
39.964848,-6.913391,295.0,2015-06-08 14:00:00,33.5,16,4.6,32.7,0.0,0.0,0.0,0.0,1,1014.1,981.4,22,0,36,2,0.75,4.32,10.6,14.0,118,119,32.8,34.9,26.5,22.0,15.4,0.145,0.196,0.253,0.337,1,3600.0,910.0,738.0,172.0,796.2,910.0,1230.8,881.5,714.9,166.6,796.2,881.5,1192.3,57.05774349425828,96.4513885343394,228.99918582763283,466.27257324218755,17.986194300441543,228.3825117053345
39.964848,-6.913391,295.0,2015-06-08 15:00:00,33.7,16,4.1,32.5,0.0,0.0,0.0,0.0,0,1013.5,980.9,14,0,19,7,0.67,4.42,9.3,12.2,126,124,29.9,35.4,26.8,22.0,15.4,0.145,0.196,0.253,0.337,1,3600.0,810.0,643.0,167.0,752.8,810.0,1134.1,761.9,604.8,157.1,752.8,761.9,1066.8,55.19666480555339,96.51187669215676,236.69497753963282,475.7425732421875,16.983377090378706,236.00760182349708
39.964848,-6.913391,295.0,2015-06-08 16:00:00,33.7,15,3.7,32.0,0.0,0.0,0.0,0.0,0,1013.0,980.4,17,0,21,15,0.58,4.45,7.9,10.5,133,131,26.3,35.3,27.2,22.0,15.4,0.145,0.195,0.253,0.337,1,3600.0,704.0,586.0,118.0,791.7,704.0,982.8,638.4,531.4,107.0,791.7,638.4,891.2,53.90600609953221,96.72981534677524,244.4823858196328,485.21257324218755,16.296623473915982,243.7203228252121
39.964848,-6.913391,295.0,2015-06-08 17:00:00,33.3,15,3.4,30.7,0.0,0.0,0.0,0.0,0,1012.4,979.8,13,0,10,22,0.45,4.35,7.9,10.1,156,153,22.0,34.6,27.4,22.0,15.4,0.145,0.195,0.253,0.337,1,3600.0,516.0,388.0,128.0,654.6,516.0,787.0,444.2,334.0,110.2,654.6,444.2,677.5,54.22252760378784,96.78139467427191,252.1802836596328,494.61057324218757,16.409711891464276,251.34226178242687
39.964848,-6.913391,295.0,2015-06-08 18:00:00,32.8,16,3.4,29.9,0.0,0.0,0.0,0.0,0,1012.6,979.9,14,0,13,21,0.33,4.19,9.0,12.4,203,202,18.7,33.5,27.6,22.0,15.4,0.145,0.195,0.253,0.337,1,3600.0,332.0,232.0,100.0,549.8,332.0,560.2,260.9,182.3,78.6,549.8,260.9,440.2,56.423881981600644,96.83299103070134,259.6770462756328,503.91857324218756,17.46529182836764,258.76389499621376
39.964848,-6.913391,295.0,2015-06-08 19:00:00,30.5,20,4.7,28.2,0.0,0.0,0.0,0.0,0,1013.1,980.1,16,0,15,22,0.17,3.52,7.1,11.2,246,249,23.4,31.5,27.7,22.0,15.4,0.145,0.195,0.253,0.337,1,3600.0,116.0,59.0,57.0,246.4,116.0,317.9,71.4,36.3,35.1,246.4,71.4,195.6,52.034088407907475,96.56039032641607,266.3324107556328,512.8125732421876,15.300710149028827,265.35530060432586
39.964848,-6.913391,295.0,2015-06-08 20:00:00,28.9,24,6.2,27.0,0.0,0.0,0.0,0.0,0,1013.3,980.2,17,0,9,40,0.11,3.05,6.7,11.3,306,301,17.6,29.6,27.7,22.0,15.4,0.145,0.195,0.253,0.337,0,158.52,22.0,8.0,14.0,72.8,22.0,87.0,0.0,0.0,0.0,0.0,0.0,0.0,47.791008913558755,95.69584276429997,272.3348755556328,521.4185732421876,13.342100256864239,271.30306293524905
39.964848,-6.913391,295.0,2015-06-08 21:00:00,27.5,27,7.0,25.9,0.0,0.0,0.0,0.0,0,1013.8,980.5,15,0,9,31,0.06,2.67,5.5,12.2,337,341,15.8,28.0,27.6,22.1,15.4,0.145,0.195,0.253,0.337,0,0.0,0.0,0.0,0.0,0.0,0.0,0.0,0.0,0.0,0.0,0.0,0.0,0.0,42.77532674365624,94.85335786061881,277.8313431036328,529.7725732421876,11.194568500343495,276.7520001480436
39.964848,-6.913391,295.0,2015-06-08 22:00:00,26.0,34,8.9,24.9,0.0,0.0,0.0,0.0,0,1014.7,981.2,18,0,6,48,0.06,2.23,5.8,14.2,353,9,12.6,26.7,27.5,22.1,15.4,0.145,0.195,0.253,0.337,0,0.0,0.0,0.0,0.0,0.0,0.0,0.0,0.0,0.0,0.0,0.0,0.0,0.0,37.92373574463721,93.39224350080057,282.5401187796328,537.8565732421876,9.284629303553952,281.4263721683037
39.964848,-6.913391,295.0,2015-06-08 23:00:00,24.2,41,10.1,23.2,0.0,0.0,0.0,0.0,0,1014.2,980.5,15,0,2,46,0.06,1.79,7.2,17.5,357,14,12.2,25.1,27.3,22.1,15.4,0.145,0.195,0.253,0.337,0,0.0,0.0,0.0,0.0,0.0,0.0,0.0,0.0,0.0,0.0,0.0,0.0,0.0,34.17816501658958,91.76123900954006,286.4698903616328,545.6165732421875,7.921106497273314,285.33475069747544
39.964848,-6.913391,295.0,2015-06-09 00:00:00,23.1,43,9.7,21.9,0.0,0.0,0.0,0.0,0,1014.2,980.4,10,0,0,35,0.07,1.63,8.3,19.1,355,12,14.8,24.0,27.0,22.1,15.4,0.145,0.195,0.253,0.337,0,0.0,0.0,0.0,0.0,0.0,0.0,0.0,0.0,0.0,0.0,0.0,0.0,0.0,32.847713443110486,90.94735560210123,290.1013815656328,553.1785732421876,7.457972584958765,288.94926786263744
39.964848,-6.913391,295.0,2015-06-09 01:00:00,22.6,43,9.5,21.1,0.0,0.0,0.0,0.0,0,1013.8,979.9,15,0,1,48,0.08,1.56,9.7,22.3,360,9,16.2,23.1,26.8,22.1,15.4,0.145,0.195,0.253,0.337,0,0.0,0.0,0.0,0.0,0.0,0.0,0.0,0.0,0.0,0.0,0.0,0.0,0.0,33.59276106707065,90.68607991296571,293.6578419596328,560.6505732421875,7.710296950122733,292.48948103283374
39.964848,-6.913391,295.0,2015-06-09 02:00:00,22.5,43,9.4,20.7,0.0,0.0,0.0,0.0,0,1013.4,979.5,20,0,10,45,0.09,1.55,11.5,24.5,2,10,16.6,22.4,26.5,22.1,15.4,0.145,0.195,0.253,0.337,0,0.0,0.0,0.0,0.0,0.0,0.0,0.0,0.0,0.0,0.0,0.0,0.0,0.0,35.42342104057693,90.60989577268157,297.19929619163275,568.1045732421875,8.350984777268328,296.0147389899981
39.964848,-6.913391,295.0,2015-06-09 03:00:00,21.9,48,10.3,20.4,0.0,0.0,0.0,0.0,1,1013.1,979.2,25,0,16,50,0.08,1.38,11.5,24.1,4,10,17.6,22.1,26.2,22.1,15.4,0.145,0.195,0.253,0.337,0,0.0,0.0,0.0,0.0,0.0,0.0,0.0,0.0,0.0,0.0,0.0,0.0,0.0,32.8764085853721,89.82056469165526,300.34795755163276,575.4505732421875,7.458978743656779,299.15444020141456
39.964848,-6.913391,295.0,2015-06-09 04:00:00,21.6,49,10.5,20.2,0.0,0.0,0.0,0.0,1,1013.2,979.3,42,0,36,68,0.07,1.32,10.8,22.7,4,11,17.6,21.7,25.9,22.1,15.4,0.145,0.195,0.253,0.337,0,0.0,0.0,0.0,0.0,0.0,0.0,0.0,0.0,0.0,0.0,0.0,0.0,0.0,31.08198514250345,89.47969437038799,303.39578803363275,582.7425732421875,6.8569292951627405,302.19495213091324
39.964848,-6.913391,295.0,2015-06-09 05:00:00,21.0,54,11.4,20.0,0.0,0.0,0.0,0.0,2,1013.3,979.3,56,0,60,66,0.06,1.14,10.1,21.3,2,12,17.3,21.4,25.6,22.1,15.4,0.145,0.195,0.253,0.337,1,0.0,0.0,0.0,0.0,0.0,0.0,0.0,0.0,0.0,0.0,0.0,0.0,0.0,28.011436358902117,88.65476806803451,306.07215018963274,589.9265732421875,5.880107601429909,304.8709055739758
39.964848,-6.913391,295.0,2015-06-09 06:00:00,20.8,58,12.4,20.3,0.0,0.0,0.0,0.0,1,1013.4,979.4,45,0,58,35,0.07,1.02,9.0,18.1,355,6,16.2,21.6,25.4,22.1,15.4,0.145,0.195,0.253,0.337,1,628.6,31.0,12.0,19.0,100.0,31.0,102.7,67.2,26.0,41.2,155.1,43.3,222.6,25.066873057470303,87.91738069742108,308.49367085763276,597.0745732421875,5.004750907262482,307.29707846180725
39.964848,-6.913391,295.0,2015-06-09 07:00:00,22.7,52,12.4,22.3,0.0,0.0,0.0,0.0,1,1013.9,980.1,35,0,50,18,0.13,1.32,8.0,13.0,352,358,18.4,23.1,25.2,22.1,15.4,0.145,0.195,0.253,0.337,1,3600.0,138.0,53.0,85.0,203.9,138.0,345.0,186.9,71.8,115.1,203.9,186.9,467.3,24.322580197503278,87.96605059657453,311.50122164163275,604.5645732421875,4.7921059098792345,310.2996557135231
39.964848,-6.913391,295.0,2015-06-09 08:00:00,24.6,47,12.4,24.4,0.0,0.0,0.0,0.0,1,1013.7,980.1,39,0,56,18,0.23,1.65,6.2,8.4,10,10,19.1,25.2,25.1,22.1,15.5,0.145,0.195,0.253,0.337,1,3600.0,315.0,189.0,126.0,427.8,315.0,586.5,377.4,226.5,151.0,427.8,377.4,702.7,24.185661877580408,88.54039316581029,315.08716782763275,612.3965732421875,4.7523421837368245,313.8710816943625
39.964848,-6.913391,295.0,2015-06-09 09:00:00,26.9,38,11.5,26.8,0.0,0.0,0.0,0.0,2,1013.9,980.5,52,0,64,46,0.38,2.2,3.8,5.1,49,51,17.6,27.7,25.2,22.1,15.5,0.145,0.195,0.253,0.337,1,3600.0,536.0,399.0,137.0,653.5,536.0,810.5,603.7,449.4,154.3,653.5,603.7,912.9,26.574820209256604,90.32639499243443,319.65746558763277,620.6425732421875,5.440398488523063,318.40908521834393
39.964848,-6.913391,295.0,2015-06-09 10:00:00,28.6,32,10.2,28.6,0.0,0.0,0.0,0.0,2,1014.2,981.0,50,0,65,38,0.44,2.67,2.7,3.5,293,294,18.0,29.7,25.4,22.1,15.5,0.145,0.195,0.253,0.337,1,3600.0,607.0,456.0,151.0,604.2,607.0,1002.0,656.3,493.1,163.3,604.2,656.3,1083.4,29.78658172997238,91.88663699622886,324.9743857236328,629.1945732421875,6.42716551745488,323.6797019522271
39.964848,-6.913391,295.0,2015-06-09 11:00:00,30.2,27,9.2,30.0,0.0,0.0,0.0,0.0,1,1013.9,980.9,49,0,65,34,0.59,3.14,7.9,10.2,313,312,22.0,31.9,25.6,22.1,15.5,0.145,0.195,0.253,0.337,1,3600.0,743.0,492.0,251.0,569.1,743.0,1147.8,778.6,515.6,263.0,569.1,778.6,1202.8,40.53716642280268,93.33800576346918,330.9897505576328,638.0345732421875,10.24316823443813,329.6351470701868
39.964848,-6.913391,295.0,2015-06-09 12:00:00,31.1,24,8.5,30.4,0.0,0.0,0.0,0.0,1,1013.2,980.3,28,0,36,22,0.59,3.42,8.8,11.6,325,324,22.3,33.0,25.9,22.2,15.5,0.145,0.195,0.252,0.337,1,3600.0,702.0,474.0,228.0,508.3,702.0,1238.0,716.1,483.5,232.6,508.3,716.1,1262.8,46.682945251464844,95.35716247558594,220.9608917236328,456.8073425292969,13.101797103881836,220.31640625
39.964848,-6.913391,295.0,2015-06-09 13:00:00,32.2,21,7.3,32.1,0.0,0.0,0.0,0.0,0,1012.7,979.9,3,0,1,7,0.67,3.78,7.7,10.3,307,306,24.5,34.3,26.3,22.2,15.5,0.144,0.194,0.252,0.337,1,3600.0,835.0,549.0,286.0,575.5,835.0,1266.5,830.4,545.9,284.4,575.5,830.4,1259.4,47.69004434300398,95.40828862126308,227.88663038563283,466.00734252929686,13.493183370219757,227.28701156961253
39.964848,-6.913391,295.0,2015-06-09 14:00:00,32.4,20,6.8,31.6,0.0,0.0,0.0,0.0,0,1011.9,979.2,8,0,11,3,0.62,3.89,8.2,10.5,285,286,27.0,34.6,26.6,22.2,15.5,0.144,0.194,0.252,0.337,1,3600.0,747.0,467.0,280.0,503.5,747.0,1231.3,723.7,452.4,271.3,503.5,723.7,1192.9,48.76965600432902,95.45943164625488,234.94215918563282,475.24334252929685,13.934239056534746,234.28190241398335
39.964848,-6.913391,295.0,2015-06-09 15:00:00,30.3,26,8.8,28.9,0.0,0.0,0.0,0.0,0,1010.6,977.7,14,0,20,5,0.45,3.18,7.4,9.5,284,281,26.6,33.4,26.9,22.2,15.5,0.148,0.194,0.252,0.337,1,3600.0,518.0,243.0,275.0,284.2,518.0,1134.9,487.3,228.6,258.7,284.2,487.3,1067.7,46.73224884914555,95.24015002762494,241.05940796163281,484.10134252929686,12.989281133095682,240.3507603542666
39.964848,-6.913391,295.0,2015-06-09 16:00:00,28.9,29,9.2,26.7,0.2,0.2,0.0,0.0,51,1010.9,977.8,26,0,34,19,0.38,2.82,13.5,18.4,295,293,29.9,31.6,27.0,22.2,15.5,0.149,0.194,0.252,0.337,1,3017.16,333.0,119.0,214.0,160.6,333.0,983.8,302.1,107.9,194.1,160.6,302.1,892.4,53.22600789987301,94.49828151488754,246.66697376163282,492.70734252929685,15.954210771413441,245.9162404752215
39.964848,-6.913391,295.0,2015-06-09 17:00:00,27.0,37,10.9,25.0,0.3,0.3,0.0,0.0,51,1011.3,978.0,53,0,64,49,0.33,2.26,16.0,22.6,278,279,49.0,30.2,27.1,22.2,15.5,0.15,0.194,0.252,0.337,1,3600.0,280.0,111.0,169.0,186.9,280.0,788.3,241.2,95.6,145.6,186.9,241.2,679.0,49.67391491207045,92.78612589814887,251.3275717596328,500.97134252929686,14.260860896614812,250.54878211038832
39.964848,-6.913391,295.0,2015-06-09 18:00:00,25.9,39,10.9,24.6,0.0,0.0,0.0,0.0,1,1011.6,978.2,28,0,22,49,0.22,2.04,11.3,15.6,297,296,52.2,28.8,27.1,22.2,15.5,0.15,0.194,0.252,0.337,1,1531.68,165.0,47.0,118.0,111.1,165.0,561.8,129.8,37.0,92.8,111.1,129.8,441.9,40.09398220836525,92.06897350897064,255.6635627796328,509.03734252929684,10.172364782724006,254.8608952574429
39.964848,-6.913391,295.0,2015-06-09 19:00:00,26.9,36,10.5,25.7,0.0,0.0,0.0,0.0,0,1011.6,978.3,16,0,2,51,0.17,2.27,9.6,14.2,340,339,24.1,28.1,27.1,22.2,15.5,0.15,0.194,0.252,0.337,1,3432.54,129.0,42.0,87.0,174.4,129.0,319.6,79.7,25.9,53.7,174.4,79.7,197.4,38.13114908630406,92.11901405792473,260.38128949963277,517.2833425292969,9.40349637947151,259.5486156447148
39.964848,-6.913391,295.0,2015-06-09 20:00:00,25.8,41,11.5,25.6,0.0,0.0,0.0,0.0,1,1012.0,978.6,22,0,9,57,0.07,1.97,5.1,10.1,4,6,17.6,27.0,27.0,22.2,15.5,0.15,0.194,0.252,0.337,0,0.0,23.0,6.0,17.0,54.3,23.0,87.9,0.0,0.0,0.0,0.0,0.0,0.0,31.478250288681043,91.66455922738787,264.5595841856328,525.3313425292969,7.02874699012988,263.70518694755856
39.964848,-6.913391,295.0,2015-06-09 21:00:00,24.7,47,12.5,25.0,0.0,0.0,0.0,0.0,0,1012.3,978.7,10,0,7,19,0.02,1.67,4.0,5.6,27,27,9.0,25.7,26.8,22.2,15.5,0.15,0.194,0.252,0.337,0,0.0,0.0,0.0,0.0,0.0,0.0,0.0,0.0,0.0,0.0,0.0,0.0,0.0,27.398849727219172,90.61113563133947,268.1594834696328,533.1813425292969,5.723792219965129,267.29262141459685
39.964848,-6.913391,295.0,2015-06-09 22:00:00,23.2,61,15.2,24.3,0.0,0.0,0.0,0.0,1,1013.0,979.2,30,0,26,47,0.02,1.12,4.7,10.2,32,45,7.9,24.4,26.6,22.3,15.5,0.15,0.194,0.252,0.337,0,0.0,0.0,0.0,0.0,0.0,0.0,0.0,0.0,0.0,0.0,0.0,0.0,0.0,22.157873661990166,88.24142507893458,270.6544553516328,540.7613425292969,4.2213634041597805,269.7939803991721
39.964848,-6.913391,295.0,2015-06-09 23:00:00,22.2,65,15.3,23.3,0.0,0.0,0.0,0.0,1,1012.9,979.0,29,0,25,48,0.01,0.94,5.1,8.2,45,61,7.2,23.3,26.4,22.3,15.5,0.15,0.194,0.252,0.337,0,0.0,0.0,0.0,0.0,0.0,0.0,0.0,0.0,0.0,0.0,0.0,0.0,0.0,19.90986140114114,87.05580867797131,272.8013895816328,548.1613425292969,3.6356390832378644,271.95259491614434
39.964848,-6.913391,295.0,2015-06-10 00:00:00,21.5,65,14.7,22.5,0.0,0.0,0.0,0.0,1,1012.7,978.8,37,0,38,48,0.01,0.89,4.5,7.8,76,103,8.3,22.4,26.1,22.3,15.5,0.15,0.194,0.252,0.337,0,0.0,0.0,0.0,0.0,0.0,0.0,0.0,0.0,0.0,0.0,0.0,0.0,0.0,18.816040270562084,86.72038366067083,274.88382364163283,555.4353425292969,3.3631505319972494,274.04704112837965
39.964848,-6.913391,295.0,2015-06-10 01:00:00,20.8,67,14.6,21.6,0.0,0.0,0.0,0.0,1,1012.7,978.7,38,0,40,47,0.01,0.8,5.4,9.0,53,90,7.9,21.8,25.8,22.3,15.5,0.15,0.194,0.252,0.337,0,0.0,0.0,0.0,0.0,0.0,0.0,0.0,0.0,0.0,0.0,0.0,0.0,0.0,18.58238780878423,86.27697917388032,276.78644702363283,562.5833425292969,3.3052259493202456,275.9641669264951
39.964848,-6.913391,295.0,2015-06-10 02:00:00,20.1,70,14.5,20.7,0.0,0.0,0.0,0.0,1,1011.8,977.7,29,0,39,19,0.01,0.7,6.3,9.1,66,99,8.3,21.2,25.6,22.3,15.6,0.15,0.194,0.252,0.337,0,0.0,0.0,0.0,0.0,0.0,0.0,0.0,0.0,0.0,0.0,0.0,0.0,0.0,18.02181042431108,85.65529688454262,278.4608187836328,569.605342529297,3.169677911353126,277.6564174670676
39.964848,-6.913391,295.0,2015-06-10 03:00:00,19.6,72,14.4,20.3,0.0,0.0,0.0,0.0,1,1011.1,977.0,22,0,37,1,0.01,0.64,5.8,8.6,86,123,8.6,20.7,25.3,22.3,15.6,0.151,0.194,0.252,0.337,0,0.0,0.0,0.0,0.0,0.0,0.0,0.0,0.0,0.0,0.0,0.0,0.0,0.0,16.809979589606602,85.1605098423426,279.9867085196328,576.537342529297,2.8856902362232684,279.2022967493522
39.964848,-6.913391,295.0,2015-06-10 04:00:00,19.5,70,13.9,20.1,0.0,0.0,0.0,0.0,0,1010.6,976.5,10,0,16,0,0.01,0.68,4.7,7.5,90,145,7.6,20.2,25.0,22.3,15.6,0.151,0.194,0.252,0.337,0,0.0,0.0,0.0,0.0,0.0,0.0,0.0,0.0,0.0,0.0,0.0,0.0,0.0,16.20763595656158,85.20826955963106,281.61369239963284,583.451342529297,2.7481566359656617,280.8472391123284
39.964848,-6.913391,295.0,2015-06-10 05:00:00,18.9,73,14.1,19.6,0.0,0.0,0.0,0.0,0,1010.8,976.6,2,0,4,0,0.0,0.58,4.3,6.8,85,155,7.2,19.9,24.7,22.3,15.6,0.151,0.194,0.252,0.337,1,0.0,0.0,0.0,0.0,0.0,0.0,0.0,0.0,0.0,0.0,0.0,0.0,0.0,15.350435772023337,84.8319495954097,283.03532879963285,590.257342529297,2.5574735093414165,282.2898533217826
39.964848,-6.913391,295.0,2015-06-10 06:00:00,18.8,77,14.7,19.7,0.0,0.0,0.0,0.0,0,1010.8,976.6,7,0,12,0,0.02,0.5,4.6,8.8,129,161,8.3,20.1,24.4,22.3,15.6,0.151,0.194,0.252,0.337,1,1810.71,40.0,21.0,19.0,174.8,40.0,103.2,86.4,45.4,41.1,270.1,55.9,223.0,14.36176450424227,84.07771543430056,284.2402972816329,597.045342529297,2.3444725260420585,283.51960648280607
39.964848,-6.913391,295.0,2015-06-10 07:00:00,21.2,61,13.3,21.3,0.0,0.0,0.0,0.0,0,1011.2,977.3,19,0,31,0,0.13,0.99,6.3,9.3,156,164,13.3,22.4,24.3,22.3,15.6,0.151,0.194,0.252,0.337,1,3600.0,192.0,133.0,59.0,511.2,192.0,345.3,259.9,180.1,79.9,511.2,259.9,467.5,17.25008580246564,85.22150767522136,286.5299216836329,604.2653425292971,2.9843554096638907,285.81709725120555
39.964848,-6.913391,295.0,2015-06-10 08:00:00,22.9,54,13.1,22.7,0.0,0.0,0.0,0.0,0,1011.3,977.6,15,0,25,0,0.25,1.29,8.7,12.0,185,187,20.5,24.2,24.2,22.3,15.6,0.151,0.194,0.252,0.337,1,3600.0,353.0,276.0,77.0,624.5,353.0,586.5,422.9,330.7,92.3,624.5,422.9,702.7,21.999520149149344,86.73794954560827,289.4363783236329,611.791342529297,4.166216873739743,288.72224676157555
39.964848,-6.913391,295.0,2015-06-10 09:00:00,24.7,49,13.3,24.0,0.0,0.0,0.0,0.0,0,1011.0,977.5,10,0,17,0,0.38,1.58,12.0,16.5,201,203,27.0,26.2,24.3,22.3,15.6,0.151,0.194,0.252,0.337,1,3600.0,521.0,415.0,106.0,679.6,521.0,810.5,586.8,467.4,119.4,679.6,586.8,912.8,28.228310704388893,88.07529283904333,292.9004323516329,619.641342529297,5.954725120866103,292.1769594934975
39.964848,-6.913391,295.0,2015-06-10 10:00:00,26.0,44,12.9,25.3,0.0,0.0,0.0,0.0,0,1011.0,977.6,12,0,10,21,0.47,1.87,13.9,18.5,211,213,41.0,27.7,24.4,22.3,15.6,0.151,0.194,0.252,0.337,1,3600.0,619.0,466.0,153.0,617.3,619.0,1001.9,669.3,503.9,165.4,617.3,669.3,1083.4,33.79643288913085,89.26907590897189,296.8957571676329,627.725342529297,7.7775693373047465,296.15463146085403
39.964848,-6.913391,295.0,2015-06-10 11:00:00,27.0,40,12.2,26.0,0.0,0.0,0.0,0.0,1,1010.8,977.5,23,1,8,58,0.54,2.14,16.0,21.4,224,224,41.8,28.8,24.6,22.3,15.6,0.151,0.194,0.252,0.337,1,3600.0,678.0,536.0,142.0,619.8,678.0,1147.7,710.5,561.7,148.8,619.8,710.5,1202.8,39.696596131484014,90.24036452138913,301.3344219276329,635.989342529297,9.937360846244355,300.56839957046225
39.964848,-6.913391,295.0,2015-06-10 12:00:00,28.3,35,11.4,27.6,0.0,0.0,0.0,0.0,1,1010.1,977.0,30,5,12,60,0.65,2.5,17.6,23.5,229,229,41.0,30.2,24.8,22.3,15.6,0.15,0.193,0.252,0.337,1,3600.0,827.0,688.0,139.0,737.5,827.0,1238.0,843.6,701.8,141.8,737.5,843.6,1262.9,21.52088165283203,85.0953598022461,135.34982299804688,459.1107177734375,4.7342000007629395,155.3555908203125
39.964848,-6.913391,295.0,2015-06-10 13:00:00,28.9,32,10.7,27.7,0.0,0.0,0.0,0.0,1,1009.3,976.3,29,1,21,53,0.66,2.7,18.6,25.3,234,234,44.3,30.9,25.1,22.3,15.6,0.15,0.193,0.252,0.337,1,3600.0,803.0,597.0,206.0,625.5,803.0,1266.7,798.6,593.7,204.9,625.5,798.6,1259.8,46.11989089632226,91.6539120347751,140.72044939804687,467.7167177734375,13.856627753046356,160.62446331656946
39.964848,-6.913391,295.0,2015-06-10 14:00:00,28.7,32,10.2,26.2,0.0,0.0,0.0,0.0,1,1008.8,975.8,30,0,30,39,0.54,2.7,18.7,25.6,245,244,44.3,30.6,25.3,22.3,15.6,0.15,0.193,0.252,0.337,1,3600.0,580.0,388.0,192.0,418.1,580.0,1231.7,562.0,375.9,186.0,418.1,562.0,1193.4,48.72498456855891,92.1622672607023,146.05527162204686,476.2867177734375,14.965371722354314,165.34853246337136
39.964848,-6.913391,295.0,2015-06-10 15:00:00,28.9,30,9.7,26.2,0.0,0.0,0.0,0.0,1,1008.8,975.8,48,0,43,74,0.52,2.77,17.9,25.3,248,250,45.4,30.4,25.5,22.3,15.6,0.15,0.193,0.251,0.337,1,3600.0,539.0,333.0,206.0,389.2,539.0,1135.6,507.2,313.3,193.8,389.2,507.2,1068.5,49.719517338817184,92.61061860423195,151.58385762204685,484.8927177734375,15.31147840377978,170.17238579368203
39.964848,-6.913391,295.0,2015-06-10 16:00:00,27.2,36,10.7,25.2,0.0,0.0,0.0,0.0,1,1009.0,975.8,48,0,35,91,0.42,2.32,15.2,21.3,234,236,44.3,29.7,25.7,22.3,15.6,0.153,0.193,0.251,0.337,1,3600.0,462.0,322.0,140.0,434.0,462.0,984.8,419.2,292.2,127.0,434.0,419.2,893.5,46.054467479060776,92.66083797750133,156.35213141404685,493.1927177734375,13.458480032651496,174.44651874354346
39.964848,-6.913391,295.0,2015-06-10 17:00:00,26.6,37,10.5,24.5,0.2,0.2,0.0,0.0,51,1008.9,975.6,40,1,16,100,0.36,2.21,15.5,21.9,224,225,42.1,28.8,25.8,22.3,15.6,0.154,0.193,0.251,0.337,1,3600.0,372.0,204.0,168.0,342.9,372.0,789.6,320.5,175.8,144.8,342.9,320.5,680.3,45.74172793157788,92.42986515177536,160.94638638004685,501.3847177734375,13.226589032860849,178.58035399616534
39.964848,-6.913391,295.0,2015-06-10 18:00:00,25.4,40,11.0,23.8,0.0,0.0,0.0,0.0,1,1008.9,975.5,40,1,15,100,0.26,1.94,13.2,18.6,225,226,38.5,27.8,25.8,22.3,15.6,0.154,0.193,0.251,0.337,1,3600.0,256.0,141.0,115.0,332.2,256.0,563.3,201.6,111.0,90.6,332.2,201.6,443.5,40.16880416494613,91.773906541832,165.13231578004684,509.3607177734375,10.736676670745686,182.417457186416
39.964848,-6.913391,295.0,2015-06-10 19:00:00,25.2,43,11.6,23.9,0.0,0.0,0.0,0.0,1,1008.8,975.4,36,0,10,99,0.17,1.84,12.5,18.6,224,226,29.2,26.8,25.8,22.3,15.6,0.154,0.193,0.251,0.337,1,677.7,111.0,20.0,91.0,82.6,111.0,321.4,68.8,12.4,56.4,82.6,68.8,199.3,37.28524976059089,91.18003688715474,169.07893638604685,517.3007177734376,9.52635656500935,186.09539528250943
39.964848,-6.913391,295.0,2015-06-10 20:00:00,24.2,46,11.9,23.2,0.0,0.0,0.0,0.0,1,1009.2,975.7,37,0,12,99,0.11,1.63,11.2,19.1,220,223,26.6,25.7,25.7,22.3,15.7,0.154,0.193,0.251,0.337,0,0.0,22.0,3.0,19.0,27.0,22.0,88.8,0.0,0.0,0.0,0.0,0.0,0.0,33.61568011922034,90.50643352421072,172.67567647804685,525.0607177734375,8.10499402154278,189.52751138763279
39.964848,-6.913391,295.0,2015-06-10 21:00:00,23.3,50,12.2,22.4,0.0,0.0,0.0,0.0,1,1009.8,976.2,34,0,10,95,0.08,1.45,11.5,20.5,229,231,23.0,24.8,25.6,22.3,15.7,0.154,0.193,0.251,0.337,0,0.0,0.0,0.0,0.0,0.0,0.0,0.0,0.0,0.0,0.0,0.0,0.0,0.0,31.48063778490541,89.68832088444206,175.88752167804685,532.6587177734375,7.318887317951436,192.6988636670807
39.964848,-6.913391,295.0,2015-06-10 22:00:00,22.3,54,12.5,21.5,0.0,0.0,0.0,0.0,1,1010.5,976.7,35,0,14,90,0.06,1.24,10.6,18.7,242,247,23.8,24.0,25.5,22.3,15.7,0.154,0.193,0.251,0.337,0,0.0,0.0,0.0,0.0,0.0,0.0,0.0,0.0,0.0,0.0,0.0,0.0,0.0,28.19937953967288,88.84892428198982,178.72131690204685,540.0767177734375,6.200575495501068,195.61288352737233
39.964848,-6.913391,295.0,2015-06-10 23:00:00,21.0,60,12.8,20.3,0.0,0.0,0.0,0.0,1,1010.5,976.6,37,0,16,90,0.05,1.0,10.9,18.1,243,247,23.0,23.2,25.3,22.3,15.7,0.155,0.193,0.251,0.337,0,0.0,0.0,0.0,0.0,0.0,0.0,0.0,0.0,0.0,0.0,0.0,0.0,0.0,25.45279361729127,87.68733336819506,181.04858834204686,547.2607177734375,5.329170367724606,198.1849092518311
39.964848,-6.913391,295.0,2015-06-11 00:00:00,19.4,68,13.3,18.9,0.0,0.0,0.0,0.0,1,1010.2,976.1,30,0,11,79,0.04,0.73,11.1,17.1,245,248,21.6,22.3,25.1,22.3,15.7,0.156,0.193,0.251,0.337,0,0.0,0.0,0.0,0.0,0.0,0.0,0.0,0.0,0.0,0.0,0.0,0.0,0.0,21.95637835823302,86.12281114066211,182.77561330204685,554.1567177734374,4.310317841974468,200.34963820875333
39.964848,-6.913391,295.0,2015-06-11 01:00:00,18.6,72,13.6,18.5,0.0,0.0,0.0,0.0,1,1010.6,976.4,30,1,20,58,0.02,0.59,8.7,13.6,222,230,23.8,21.6,24.9,22.3,15.7,0.157,0.193,0.251,0.337,0,0.0,0.0,0.0,0.0,0.0,0.0,0.0,0.0,0.0,0.0,0.0,0.0,0.0,18.217139706061893,85.12877082931122,184.22778855804685,560.9087177734374,3.325155344498662,202.32438392530113
39.964848,-6.913391,295.0,2015-06-11 02:00:00,17.8,76,13.5,17.6,0.0,0.0,0.0,0.0,2,1011.2,976.9,72,17,48,93,0.02,0.49,9.1,13.2,189,191,24.1,21.0,24.7,22.3,15.7,0.158,0.193,0.251,0.337,0,0.0,0.0,0.0,0.0,0.0,0.0,0.0,0.0,0.0,0.0,0.0,0.0,0.0,16.80237154135559,84.1693280187156,185.42196313404685,567.5167177734373,2.9774982077585683,204.11785429326142
39.964848,-6.913391,295.0,2015-06-11 03:00:00,17.2,79,13.6,17.0,0.0,0.0,0.0,0.0,3,1011.0,976.6,89,34,52,90,0.01,0.41,9.4,13.7,198,198,17.6,20.4,24.4,22.3,15.7,0.161,0.193,0.251,0.337,0,0.0,0.0,0.0,0.0,0.0,0.0,0.0,0.0,0.0,0.0,0.0,0.0,0.0,15.682873707648675,83.35161129745329,186.43369437204686,574.0167177734373,2.7132992149369284,205.7801349854733
39.964848,-6.913391,295.0,2015-06-11 04:00:00,16.6,84,13.8,16.6,0.0,0.0,0.0,0.0,3,1010.8,976.4,84,44,30,88,0.0,0.31,8.7,12.8,218,220,18.4,19.9,24.1,22.3,15.7,0.164,0.193,0.251,0.337,0,0.0,0.0,0.0,0.0,0.0,0.0,0.0,0.0,0.0,0.0,0.0,0.0,0.0,13.473345897735495,82.05723982119254,187.17926368404684,580.4087177734374,2.225209683257992,207.2585754218084
39.964848,-6.913391,295.0,2015-06-11 05:00:00,16.2,87,14.0,16.4,0.1,0.1,0.0,0.0,51,1011.0,976.5,81,44,27,84,0.0,0.24,7.9,11.4,210,215,19.8,19.5,23.9,22.3,15.7,0.166,0.193,0.251,0.337,1,0.0,0.0,0.0,0.0,0.0,0.0,0.0,0.0,0.0,0.0,0.0,0.0,0.0,11.803195554512948,80.97075918564452,187.77134891804684,586.7287177734374,1.8814165275505295,208.6258641280782
39.964848,-6.913391,295.0,2015-06-11 06:00:00,16.1,87,14.0,16.4,0.0,0.0,0.0,0.0,3,1011.8,977.3,100,85,33,76,0.03,0.23,7.6,10.1,211,215,17.6,19.4,23.6,22.3,15.7,0.166,0.193,0.251,0.337,1,0.0,19.0,0.0,19.0,0.0,19.0,103.6,41.0,0.0,41.0,0.0,26.6,223.2,11.399862669928357,80.7117290438018,188.36001169404685,593.0307177734375,1.800301129625651,209.98222534466433
39.964848,-6.913391,295.0,2015-06-11 07:00:00,16.5,83,13.7,16.7,0.0,0.0,0.0,0.0,3,1011.9,977.4,100,87,22,63,0.07,0.32,6.9,9.2,223,225,18.4,19.8,23.4,22.3,15.7,0.166,0.193,0.251,0.337,1,1887.62,112.0,32.0,80.0,122.9,112.0,345.4,151.6,43.3,108.3,122.9,151.6,467.5,11.133873176774216,80.75801999457309,189.14770356604686,599.4047177734375,1.746846233860027,211.46839024039946
39.964848,-6.913391,295.0,2015-06-11 08:00:00,17.3,79,13.7,17.5,0.0,0.0,0.0,0.0,2,1012.3,977.9,78,50,27,55,0.15,0.41,6.9,8.9,223,227,19.4,20.7,23.3,22.3,15.7,0.167,0.193,0.251,0.337,1,3600.0,256.0,111.0,145.0,251.1,256.0,586.5,306.7,133.0,173.7,251.1,306.7,702.7,11.60797159265173,81.20184002648887,190.16496339004686,605.9227177734375,1.8366688155330424,213.11667150281374
39.964848,-6.913391,295.0,2015-06-11 09:00:00,18.2,74,13.5,18.1,0.0,0.0,0.0,0.0,2,1012.8,978.5,61,32,25,58,0.22,0.54,8.2,10.7,221,225,20.9,21.8,23.2,22.2,15.7,0.168,0.193,0.251,0.337,1,3600.0,376.0,155.0,221.0,253.8,376.0,810.4,423.5,174.6,248.9,253.8,423.5,912.7,13.439281972845446,82.18950649396831,191.48603217804686,612.6027177734375,2.2051632374479766,214.97837553718915
39.964848,-6.913391,295.0,2015-06-11 10:00:00,18.8,71,13.4,18.9,0.0,0.0,0.0,0.0,2,1013.0,978.7,58,32,17,64,0.27,0.64,7.2,9.3,233,234,23.4,22.6,23.1,22.2,15.7,0.168,0.193,0.251,0.337,1,3600.0,444.0,186.0,258.0,246.4,444.0,1001.8,480.1,201.1,279.0,246.4,480.1,1083.2,14.038815314554888,83.0271158487405,193.00534026404685,619.3907177734375,2.3289942591303032,216.98026110421463
39.964848,-6.913391,295.0,2015-06-11 11:00:00,20.8,59,12.5,20.9,0.0,0.0,0.0,0.0,2,1012.9,978.9,58,30,21,61,0.44,1.0,10.6,13.5,235,236,31.0,24.5,23.2,22.2,15.7,0.168,0.193,0.251,0.337,1,3600.0,702.0,461.0,241.0,533.0,702.0,1147.6,735.7,483.1,252.6,533.0,735.7,1202.7,19.908442628027142,85.21992226908614,195.36920567804685,626.5387177734375,3.7055869197849627,219.57053432106616
39.964848,-6.913391,295.0,2015-06-11 12:00:00,22.3,53,12.2,22.4,0.0,0.0,0.0,0.0,1,1012.7,978.8,44,30,20,17,0.49,1.27,11.8,15.4,232,233,34.6,26.0,23.3,22.2,15.7,0.168,0.193,0.251,0.337,1,3600.0,752.0,505.0,247.0,541.2,752.0,1238.1,767.2,515.2,252.0,541.2,767.2,1263.0,15.589999198913574,79.38418579101562,123.00724792480469,462.02239990234375,3.1644113063812256,145.5633544921875
39.964848,-6.913391,295.0,2015-06-11 13:00:00,22.9,51,12.3,22.6,0.0,0.0,0.0,0.0,1,1011.7,977.9,38,28,17,7,0.47,1.36,12.5,16.2,231,233,35.3,26.7,23.5,22.2,15.7,0.167,0.193,0.251,0.337,1,3600.0,689.0,371.0,318.0,388.6,689.0,1266.9,685.3,369.0,316.3,388.6,685.3,1260.1,21.53102619212185,86.02597996869245,126.10325608480468,469.54839990234376,4.562839842348698,150.8947214136817
39.964848,-6.913391,295.0,2015-06-11 14:00:00,23.5,49,12.3,23.2,0.0,0.0,0.0,0.0,2,1011.4,977.7,61,54,16,11,0.49,1.47,13.4,17.6,234,235,34.9,27.4,23.6,22.2,15.7,0.167,0.193,0.251,0.337,1,3600.0,710.0,390.0,320.0,420.0,710.0,1232.2,688.0,377.9,310.1,420.0,688.0,1194.0,26.62780911936332,87.77543316607411,129.40619132080468,477.1823999023438,6.121321354699033,154.2413402547406
39.964848,-6.913391,295.0,2015-06-11 15:00:00,23.5,48,12.0,22.3,0.0,0.0,0.0,0.0,2,1011.1,977.4,55,22,16,86,0.42,1.5,13.2,17.9,241,242,35.3,27.3,23.8,22.2,15.8,0.167,0.193,0.251,0.337,1,3600.0,569.0,239.0,330.0,279.1,569.0,1136.3,535.5,224.9,310.6,279.1,535.5,1069.3,27.820516250281546,88.23256939626742,132.77388999280467,484.8163999023438,6.470174595638308,157.62686425796042
39.964848,-6.913391,295.0,2015-06-11 16:00:00,21.1,56,12.1,19.7,0.3,0.3,0.0,0.0,51,1010.6,976.7,56,21,12,100,0.27,1.09,13.9,18.6,245,248,35.6,26.0,23.9,22.2,15.8,0.173,0.192,0.251,0.337,1,1067.09,348.0,71.0,277.0,95.6,348.0,985.7,315.8,64.4,251.4,95.6,315.8,894.6,23.8104700397192,86.36542227656675,135.34547228080467,492.0183999023438,5.136134704768058,160.38993196279543
39.964848,-6.913391,295.0,2015-06-11 17:00:00,21.3,52,11.2,19.8,0.0,0.0,0.0,0.0,2,1010.3,976.4,79,30,42,88,0.23,1.21,13.1,17.9,254,255,35.3,24.9,23.9,22.2,15.8,0.173,0.192,0.251,0.337,1,817.43,266.0,52.0,214.0,87.2,266.0,790.8,229.3,44.8,184.5,87.2,229.3,681.7,23.678028909110093,86.54883955090966,138.17610831280467,499.2563999023438,5.062810889118637,163.3374648745253
39.964848,-6.913391,295.0,2015-06-11 18:00:00,21.4,50,10.5,19.6,0.0,0.0,0.0,0.0,2,1010.5,976.6,76,30,38,88,0.19,1.28,13.3,18.4,270,271,32.0,24.2,23.9,22.2,15.8,0.173,0.192,0.251,0.336,1,0.0,174.0,22.0,152.0,51.7,174.0,564.8,137.1,17.3,119.8,51.7,137.1,445.1,26.093519778653405,87.41335247193668,141.1378508128047,506.51239990234376,5.783263670043605,166.37571880287535
39.964848,-6.913391,295.0,2015-06-11 19:00:00,20.0,56,10.9,18.7,0.0,0.0,0.0,0.0,3,1010.8,976.7,81,38,35,86,0.12,1.03,10.7,15.3,284,285,29.2,23.3,23.8,22.2,15.8,0.173,0.192,0.251,0.336,1,1280.35,100.0,25.0,75.0,102.7,100.0,323.0,62.2,15.6,46.7,102.7,62.2,201.0,24.018239557093064,87.46185596599742,143.58201235680468,513.5163999023438,5.108378454169342,169.0180686124472
39.964848,-6.913391,295.0,2015-06-11 20:00:00,19.4,56,10.5,18.2,0.0,0.0,0.0,0.0,2,1011.2,977.1,58,35,31,28,0.07,0.98,9.0,13.1,286,291,23.4,22.3,23.7,22.2,15.8,0.173,0.192,0.251,0.336,0,0.0,20.0,5.0,15.0,44.7,20.0,89.7,0.0,0.0,0.0,0.0,0.0,0.0,22.797752051802856,87.51037547350346,145.9566716768047,520.4123999023437,4.721618182381996,171.5967735442656
39.964848,-6.913391,295.0,2015-06-11 21:00:00,18.8,58,10.3,18.0,0.0,0.0,0.0,0.0,1,1011.9,977.7,39,33,14,4,0.03,0.92,6.5,11.1,276,283,15.8,21.5,23.6,22.2,15.8,0.173,0.192,0.251,0.336,0,0.0,0.0,0.0,0.0,0.0,0.0,0.0,0.0,0.0,0.0,0.0,0.0,0.0,20.71110874381405,87.4212484831791,148.1570489048047,527.2003999023437,4.1100854032006,174.03980089466862
39.964848,-6.913391,295.0,2015-06-11 22:00:00,18.2,59,10.1,17.3,0.0,0.0,0.0,0.0,1,1012.5,978.2,37,27,21,0,0.02,0.85,6.3,9.5,257,261,13.0,20.7,23.4,22.2,15.8,0.173,0.192,0.251,0.336,0,0.0,0.0,0.0,0.0,0.0,0.0,0.0,0.0,0.0,0.0,0.0,0.0,0.0,20.15944492534534,87.2026088741503,150.2402727628047,533.8803999023437,3.943889845941219,176.38703763792412
39.964848,-6.913391,295.0,2015-06-11 23:00:00,17.6,60,9.6,16.5,0.0,0.0,0.0,0.0,1,1012.4,978.0,23,20,9,0,0.03,0.81,6.6,10.2,257,262,14.0,20.2,23.2,22.2,15.8,0.173,0.192,0.251,0.336,0,0.0,0.0,0.0,0.0,0.0,0.0,0.0,0.0,0.0,0.0,0.0,0.0,0.0,19.905900142563272,86.94888961906649,152.2095024428047,540.4523999023437,3.861885638200931,178.64087000819123
