Only Weather:
Accuracy: 0.8248587570621468
Precision: 0.8532608695652174
Recall: 0.8177083333333334
F1 Score: 0.8351063829787234
