Only Weather:
Accuracy: 0.8248587570621468
Precision: 0.8532608695652174
Recall: 0.8177083333333334
F1 Score: 0.8351063829787234


Weather + Topography(Except High):
Accuracy: 0.9844632768361582
Precision: 1.0
Recall: 0.9713541666666666
F1 Score: 0.9854689564068693