latitude,longitude,elevation,hourly.time,hourly.temperature_2m,hourly.relative_humidity_2m,hourly.dew_point_2m,hourly.apparent_temperature,hourly.precipitation,hourly.rain,hourly.snowfall,hourly.snow_depth,hourly.weather_code,hourly.pressure_msl,hourly.surface_pressure,hourly.cloud_cover,hourly.cloud_cover_low,hourly.cloud_cover_mid,hourly.cloud_cover_high,hourly.et0_fao_evapotranspiration,hourly.vapour_pressure_deficit,hourly.wind_speed_10m,hourly.wind_speed_100m,hourly.wind_direction_10m,hourly.wind_direction_100m,hourly.wind_gusts_10m,hourly.soil_temperature_0_to_7cm,hourly.soil_temperature_7_to_28cm,hourly.soil_temperature_28_to_100cm,hourly.soil_temperature_100_to_255cm,hourly.soil_moisture_0_to_7cm,hourly.soil_moisture_7_to_28cm,hourly.soil_moisture_28_to_100cm,hourly.soil_moisture_100_to_255cm,hourly.is_day,hourly.sunshine_duration,hourly.shortwave_radiation,hourly.direct_radiation,hourly.diffuse_radiation,hourly.direct_normal_irradiance,hourly.global_tilted_irradiance,hourly.terrestrial_radiation,hourly.shortwave_radiation_instant,hourly.direct_radiation_instant,hourly.diffuse_radiation_instant,hourly.direct_normal_irradiance_instant,hourly.global_tilted_irradiance_instant,hourly.terrestrial_radiation_instant
39.191563,-9.160919,44.0,2006-04-13T00:00,11.2,93,10.0,10.3,0.0,0.0,0.0,0.0,0,1019.0,1013.6,0,0,0,0,0.0,0.1,6.2,9.0,350,360,13.7,12.3,15.9,14.8,13.2,0.263,0.31,0.335,0.269,0,0.0,0.0,0.0,0.0,0.0,0.0,0.0,0.0,0.0,0.0,0.0,0.0,0.0
39.191563,-9.160919,44.0,2006-04-13T01:00,11.0,94,10.0,10.3,0.0,0.0,0.0,0.0,0,1018.8,1013.4,0,0,0,0,0.0,0.08,5.2,7.6,348,360,11.9,11.7,15.6,14.8,13.2,0.264,0.31,0.335,0.269,0,0.0,0.0,0.0,0.0,0.0,0.0,0.0,0.0,0.0,0.0,0.0,0.0,0.0
39.191563,-9.160919,44.0,2006-04-13T02:00,11.5,93,10.5,11.1,0.0,0.0,0.0,0.0,0,1018.4,1013.0,14,16,0,0,0.0,0.09,3.6,6.1,354,360,10.1,11.2,15.3,14.8,13.2,0.264,0.31,0.334,0.269,0,0.0,0.0,0.0,0.0,0.0,0.0,0.0,0.0,0.0,0.0,0.0,0.0,0.0
39.191563,-9.160919,44.0,2006-04-13T03:00,11.6,95,10.7,11.4,0.0,0.0,0.0,0.0,0,1018.1,1012.7,14,16,0,0,0.0,0.07,2.4,4.7,27,9,9.0,10.7,15.0,14.8,13.2,0.265,0.31,0.334,0.269,0,0.0,0.0,0.0,0.0,0.0,0.0,0.0,0.0,0.0,0.0,0.0,0.0,0.0
39.191563,-9.160919,44.0,2006-04-13T04:00,11.3,97,10.8,11.2,0.0,0.0,0.0,0.0,0,1017.7,1012.3,14,16,0,0,0.0,0.04,2.3,4.2,72,31,7.6,10.4,14.7,14.8,13.2,0.265,0.309,0.334,0.269,0,0.0,0.0,0.0,0.0,0.0,0.0,0.0,0.0,0.0,0.0,0.0,0.0,0.0
39.191563,-9.160919,44.0,2006-04-13T05:00,10.9,98,10.6,10.4,0.0,0.0,0.0,0.0,2,1017.5,1012.1,63,70,0,0,0.0,0.03,4.4,5.4,81,53,5.8,10.1,14.4,14.8,13.2,0.266,0.309,0.334,0.269,0,0.0,0.0,0.0,0.0,0.0,0.0,0.0,0.0,0.0,0.0,0.0,0.0,0.0
39.191563,-9.160919,44.0,2006-04-13T06:00,9.3,99,9.2,8.2,0.0,0.0,0.0,0.0,3,1017.5,1012.1,90,100,0,0,0.0,0.01,5.9,6.2,101,80,7.2,10.1,14.1,14.8,13.2,0.266,0.309,0.334,0.269,0,0.0,0.0,0.0,0.0,0.0,0.0,0.0,0.0,0.0,0.0,0.0,0.0,0.0
39.191563,-9.160919,44.0,2006-04-13T07:00,9.4,97,9.0,8.2,0.0,0.0,0.0,0.0,3,1017.7,1012.3,83,92,0,0,0.01,0.03,6.4,7.7,106,101,12.6,10.8,13.9,14.8,13.2,0.267,0.309,0.334,0.269,1,1433.53,41.0,19.0,22.0,153.3,41.0,109.2,89.5,41.5,48.0,236.9,57.9,238.5
39.191563,-9.160919,44.0,2006-04-13T08:00,11.6,95,10.8,10.9,0.0,0.0,0.0,0.0,1,1017.9,1012.5,42,47,0,0,0.07,0.07,6.2,9.1,111,108,14.0,13.7,13.9,14.8,13.2,0.267,0.309,0.334,0.269,1,3600.0,185.0,88.0,97.0,321.6,185.0,372.5,250.1,119.0,131.1,321.6,250.1,503.6
39.191563,-9.160919,44.0,2006-04-13T09:00,14.4,82,11.4,13.9,0.0,0.0,0.0,0.0,0,1018.0,1012.7,0,0,0,0,0.18,0.29,6.4,9.2,117,116,14.8,15.8,14.1,14.8,13.2,0.267,0.309,0.334,0.269,1,3600.0,380.0,231.0,149.0,502.0,380.0,626.5,451.0,274.2,176.8,502.0,451.0,743.6
39.191563,-9.160919,44.0,2006-04-13T10:00,16.9,73,12.0,17.1,0.0,0.0,0.0,0.0,0,1017.8,1012.5,4,4,0,0,0.32,0.52,4.2,5.8,121,120,17.3,18.1,14.4,14.8,13.2,0.265,0.308,0.334,0.269,1,3600.0,582.0,433.0,149.0,696.0,582.0,847.0,647.3,481.6,165.7,696.0,647.3,942.0
39.191563,-9.160919,44.0,2006-04-13T11:00,19.0,66,12.6,20.6,0.0,0.0,0.0,0.0,0,1017.9,1012.7,0,0,0,0,0.44,0.74,3.5,5.6,114,117,18.4,20.3,14.7,14.8,13.2,0.263,0.308,0.334,0.269,1,3600.0,756.0,638.0,118.0,852.4,756.0,1018.9,805.4,679.7,125.7,852.4,805.4,1085.5
39.191563,-9.160919,44.0,2006-04-13T12:00,20.4,59,12.2,22.7,0.0,0.0,0.0,0.0,0,1017.2,1012.0,0,0,0,0,0.53,0.98,3.2,5.3,117,118,17.6,21.9,15.2,14.8,13.2,0.26,0.307,0.334,0.269,1,3600.0,861.0,750.0,111.0,903.0,861.0,1130.7,886.6,772.3,114.3,903.0,886.6,1164.3
39.191563,-9.160919,44.0,2006-04-13T13:00,21.3,55,11.8,23.9,0.0,0.0,0.0,0.0,0,1016.5,1011.3,0,0,0,0,0.57,1.14,1.8,3.9,143,124,19.1,23.2,15.7,14.8,13.2,0.257,0.307,0.334,0.269,1,3600.0,902.0,792.0,110.0,917.9,902.0,1174.6,900.7,790.9,109.8,917.9,900.7,1172.9
39.191563,-9.160919,44.0,2006-04-13T14:00,21.7,52,11.3,23.5,0.0,0.0,0.0,0.0,0,1016.3,1011.1,3,1,4,0,0.55,1.25,4.3,3.6,246,217,19.1,23.9,16.2,14.8,13.2,0.254,0.306,0.334,0.269,1,3600.0,876.0,768.0,108.0,910.8,876.0,1147.8,847.9,743.3,104.5,910.8,847.9,1110.9
39.191563,-9.160919,44.0,2006-04-13T15:00,21.7,50,10.8,22.3,0.0,0.0,0.0,0.0,1,1015.4,1010.2,28,9,33,0,0.48,1.29,6.7,5.4,286,274,19.8,23.9,16.7,14.8,13.2,0.251,0.305,0.333,0.269,1,3600.0,772.0,666.0,106.0,861.8,772.0,1052.0,721.0,622.0,99.0,861.8,721.0,982.5
39.191563,-9.160919,44.0,2006-04-13T16:00,20.7,57,11.9,19.8,0.0,0.0,0.0,0.0,1,1015.0,1009.8,32,0,53,0,0.35,1.05,9.7,9.9,312,314,19.1,23.1,17.0,14.8,13.2,0.249,0.305,0.333,0.269,1,3600.0,550.0,445.0,105.0,677.6,550.0,893.9,490.1,396.5,93.6,677.6,490.1,796.4
39.191563,-9.160919,44.0,2006-04-13T17:00,19.4,68,13.4,18.9,0.0,0.0,0.0,0.0,0,1014.5,1009.3,16,0,26,0,0.26,0.72,10.6,12.4,336,338,23.0,22.0,17.3,14.8,13.2,0.248,0.305,0.333,0.269,1,3600.0,442.0,346.0,96.0,688.4,442.0,684.2,365.3,286.0,79.3,688.4,365.3,565.5
39.191563,-9.160919,44.0,2006-04-13T18:00,17.9,77,13.9,17.5,0.0,0.0,0.0,0.0,0,1013.7,1008.5,8,0,13,0,0.13,0.46,11.2,14.8,356,360,22.7,20.3,17.5,14.8,13.2,0.247,0.304,0.333,0.269,1,3600.0,224.0,144.0,80.0,448.3,224.0,437.2,156.4,100.6,55.9,448.3,156.4,305.3
39.191563,-9.160919,44.0,2006-04-13T19:00,17.9,80,14.4,18.1,0.0,0.0,0.0,0.0,0,1013.5,1008.3,7,0,12,0,0.05,0.41,8.7,16.2,5,12,17.6,18.9,17.5,14.8,13.2,0.247,0.304,0.333,0.269,1,2738.36,78.0,47.0,31.0,316.0,78.0,169.8,15.5,9.4,6.2,107.4,13.0,33.8
39.191563,-9.160919,44.0,2006-04-13T20:00,16.8,83,13.9,16.8,0.0,0.0,0.0,0.0,1,1013.3,1008.1,26,0,18,50,0.03,0.32,8.4,17.5,10,19,14.0,17.4,17.4,14.9,13.2,0.248,0.304,0.333,0.269,0,0.0,1.0,0.0,1.0,0.0,1.0,7.1,0.0,0.0,0.0,0.0,0.0,0.0
39.191563,-9.160919,44.0,2006-04-13T21:00,16.0,84,13.3,15.9,0.0,0.0,0.0,0.0,1,1013.7,1008.4,41,0,20,98,0.0,0.29,7.7,16.9,11,24,13.7,16.4,17.3,14.9,13.2,0.248,0.304,0.333,0.269,0,0.0,0.0,0.0,0.0,0.0,0.0,0.0,0.0,0.0,0.0,0.0,0.0,0.0
39.191563,-9.160919,44.0,2006-04-13T22:00,15.3,86,13.0,15.4,0.0,0.0,0.0,0.0,1,1013.8,1008.5,44,1,23,96,0.0,0.25,5.8,10.7,4,40,11.5,15.7,17.2,14.9,13.2,0.249,0.303,0.333,0.269,0,0.0,0.0,0.0,0.0,0.0,0.0,0.0,0.0,0.0,0.0,0.0,0.0,0.0
39.191563,-9.160919,44.0,2006-04-13T23:00,14.8,88,12.7,14.8,0.0,0.0,0.0,0.0,1,1013.4,1008.1,44,2,35,69,0.0,0.21,5.4,9.2,360,45,11.2,15.1,17.0,14.9,13.2,0.25,0.303,0.333,0.269,0,0.0,0.0,0.0,0.0,0.0,0.0,0.0,0.0,0.0,0.0,0.0,0.0,0.0
39.191563,-9.160919,44.0,2006-04-14T00:00,14.7,85,12.2,14.8,0.0,0.0,0.0,0.0,1,1013.0,1007.7,47,0,49,58,0.0,0.25,3.9,5.4,338,48,11.2,14.5,16.8,14.9,13.2,0.25,0.303,0.333,0.269,0,0.0,0.0,0.0,0.0,0.0,0.0,0.0,0.0,0.0,0.0,0.0,0.0,0.0
39.191563,-9.160919,44.0,2006-04-14T01:00,15.2,81,12.0,15.5,0.0,0.0,0.0,0.0,1,1012.3,1007.0,21,2,20,23,0.0,0.32,1.8,1.8,281,79,10.8,14.1,16.6,14.9,13.2,0.251,0.303,0.333,0.269,0,0.0,0.0,0.0,0.0,0.0,0.0,0.0,0.0,0.0,0.0,0.0,0.0,0.0
39.191563,-9.160919,44.0,2006-04-14T02:00,14.3,86,11.9,14.5,0.0,0.0,0.0,0.0,0,1011.6,1006.3,13,1,5,29,0.0,0.23,2.5,2.2,225,180,9.7,13.8,16.4,14.9,13.2,0.251,0.303,0.333,0.269,0,0.0,0.0,0.0,0.0,0.0,0.0,0.0,0.0,0.0,0.0,0.0,0.0,0.0
39.191563,-9.160919,44.0,2006-04-14T03:00,13.0,92,11.7,12.9,0.0,0.0,0.0,0.0,0,1011.2,1005.9,19,0,2,60,0.0,0.13,4.5,5.8,209,210,10.8,13.3,16.1,14.9,13.2,0.252,0.303,0.333,0.269,0,0.0,0.0,0.0,0.0,0.0,0.0,0.0,0.0,0.0,0.0,0.0,0.0,0.0
39.191563,-9.160919,44.0,2006-04-14T04:00,12.8,93,11.6,12.6,0.0,0.0,0.0,0.0,1,1010.7,1005.4,23,0,0,76,0.0,0.11,4.3,6.3,175,204,10.8,12.8,15.9,14.9,13.2,0.252,0.303,0.333,0.269,0,0.0,0.0,0.0,0.0,0.0,0.0,0.0,0.0,0.0,0.0,0.0,0.0,0.0
39.191563,-9.160919,44.0,2006-04-14T05:00,12.1,95,11.3,11.7,0.0,0.0,0.0,0.0,0,1010.4,1005.1,3,2,0,3,0.0,0.08,5.5,7.2,148,174,9.7,12.4,15.7,14.9,13.2,0.253,0.302,0.333,0.269,0,0.0,0.0,0.0,0.0,0.0,0.0,0.0,0.0,0.0,0.0,0.0,0.0,0.0
39.191563,-9.160919,44.0,2006-04-14T06:00,11.0,99,10.9,10.4,0.0,0.0,0.0,0.0,0,1010.3,1005.0,1,0,0,4,0.0,0.01,5.9,10.6,137,156,10.8,12.2,15.4,14.9,13.2,0.253,0.302,0.333,0.269,0,0.0,0.0,0.0,0.0,0.0,0.0,0.0,0.0,0.0,0.0,0.0,0.0,0.0
39.191563,-9.160919,44.0,2006-04-14T07:00,11.9,97,11.5,11.0,0.0,0.0,0.0,0.0,3,1010.3,1005.0,98,84,0,75,0.01,0.04,9.5,14.5,143,157,16.6,12.8,15.2,14.9,13.2,0.254,0.302,0.333,0.269,1,1709.53,44.0,21.0,23.0,166.3,44.0,112.3,95.9,45.8,50.1,254.4,62.7,244.7
39.191563,-9.160919,44.0,2006-04-14T08:00,13.7,93,12.6,13.0,0.0,0.0,0.0,0.0,3,1010.5,1005.2,86,65,0,91,0.07,0.1,10.2,16.6,148,158,18.7,14.6,15.2,14.9,13.2,0.254,0.302,0.333,0.269,1,3600.0,168.0,75.0,93.0,269.6,168.0,378.5,226.1,100.9,125.1,269.6,226.1,509.3
39.191563,-9.160919,44.0,2006-04-14T09:00,16.0,82,12.9,15.1,0.0,0.0,0.0,0.0,3,1010.6,1005.4,100,89,0,93,0.15,0.33,11.9,16.6,151,156,20.9,16.3,15.3,14.9,13.2,0.254,0.302,0.333,0.269,1,3600.0,288.0,121.0,167.0,260.5,288.0,632.0,341.2,143.4,197.9,260.5,341.2,748.8
39.191563,-9.160919,44.0,2006-04-14T10:00,17.1,77,13.0,16.2,0.0,0.0,0.0,0.0,3,1010.6,1005.4,100,98,5,98,0.19,0.45,13.0,17.3,174,175,23.8,17.4,15.4,14.9,13.3,0.253,0.301,0.333,0.269,1,3600.0,338.0,117.0,221.0,186.9,338.0,851.9,375.6,130.0,245.6,186.9,375.6,946.7
39.191563,-9.160919,44.0,2006-04-14T11:00,17.3,76,12.9,16.0,0.3,0.3,0.0,0.0,51,1010.6,1005.4,100,86,2,93,0.18,0.48,14.9,19.2,188,186,28.1,17.7,15.5,14.9,13.3,0.256,0.301,0.333,0.269,1,34.7,279.0,46.0,233.0,61.2,279.0,1023.4,297.1,49.0,248.1,61.2,297.1,1089.7
39.191563,-9.160919,44.0,2006-04-14T12:00,17.8,73,12.8,16.7,0.1,0.1,0.0,0.0,51,1010.2,1005.0,100,92,6,95,0.27,0.56,13.0,16.2,199,197,30.2,18.5,15.7,14.9,13.3,0.257,0.301,0.333,0.269,1,3600.0,462.0,193.0,269.0,231.4,462.0,1134.7,475.6,198.7,276.9,231.4,475.6,1168.1
39.191563,-9.160919,44.0,2006-04-14T13:00,17.6,73,12.8,16.5,0.2,0.2,0.0,0.0,51,1009.9,1004.7,100,76,55,97,0.3,0.54,13.9,16.6,205,202,32.8,19.4,15.9,14.9,13.3,0.258,0.301,0.332,0.269,1,3600.0,548.0,182.0,366.0,210.2,548.0,1178.2,547.1,181.7,365.4,210.2,547.1,1176.4
39.191563,-9.160919,44.0,2006-04-14T14:00,17.3,73,12.5,15.7,0.2,0.2,0.0,0.0,51,1009.6,1004.4,100,44,98,99,0.28,0.53,16.1,19.8,219,217,34.9,19.5,16.1,14.9,13.3,0.259,0.3,0.332,0.269,1,3600.0,519.0,232.0,287.0,274.2,519.0,1151.1,502.3,224.6,277.8,274.2,502.3,1114.2
39.191563,-9.160919,44.0,2006-04-14T15:00,16.8,76,12.5,15.3,0.0,0.0,0.0,0.0,3,1009.9,1004.7,100,55,99,96,0.19,0.46,15.1,19.0,237,237,30.2,18.9,16.3,14.9,13.3,0.259,0.3,0.332,0.269,1,0.0,318.0,43.0,275.0,55.4,318.0,1055.3,297.0,40.2,256.9,55.4,297.0,985.7
39.191563,-9.160919,44.0,2006-04-14T16:00,16.1,78,12.3,14.8,0.0,0.0,0.0,0.0,2,1009.3,1004.1,64,21,44,62,0.14,0.4,14.2,17.4,246,246,28.4,18.1,16.4,14.9,13.3,0.259,0.3,0.332,0.269,1,0.0,210.0,20.0,190.0,30.3,210.0,897.1,187.2,17.8,169.4,30.3,187.2,799.8
39.191563,-9.160919,44.0,2006-04-14T17:00,15.7,77,11.8,13.5,0.0,0.0,0.0,0.0,3,1009.7,1004.5,92,20,78,90,0.13,0.4,18.7,23.5,242,243,29.5,17.5,16.4,14.9,13.3,0.258,0.3,0.332,0.269,1,0.0,190.0,9.0,181.0,17.8,190.0,687.6,157.2,7.4,149.8,17.8,157.2,569.0
39.191563,-9.160919,44.0,2006-04-14T18:00,15.4,78,11.6,13.3,0.0,0.0,0.0,0.0,2,1009.6,1004.4,77,23,52,84,0.1,0.38,17.7,23.2,243,244,30.2,17.0,16.4,14.9,13.3,0.258,0.3,0.332,0.269,1,2365.38,158.0,45.0,113.0,138.8,158.0,440.9,110.8,31.6,79.3,138.8,110.8,309.2
39.191563,-9.160919,44.0,2006-04-14T19:00,14.8,83,11.9,12.9,0.1,0.1,0.0,0.0,51,1010.0,1004.7,43,14,45,11,0.05,0.29,16.8,22.4,239,240,30.6,16.3,16.4,15.0,13.3,0.258,0.299,0.332,0.269,1,1548.58,53.0,19.0,34.0,126.5,53.0,173.9,11.6,4.2,7.4,47.8,9.9,38.1
39.191563,-9.160919,44.0,2006-04-14T20:00,14.1,85,11.6,12.1,0.0,0.0,0.0,0.0,1,1010.4,1005.1,45,18,45,6,0.04,0.24,17.3,24.9,234,236,27.7,15.3,16.3,15.0,13.3,0.259,0.299,0.332,0.269,0,0.0,1.0,0.0,1.0,0.0,1.0,9.2,0.0,0.0,0.0,0.0,0.0,0.0
39.191563,-9.160919,44.0,2006-04-14T21:00,13.9,85,11.5,12.0,0.0,0.0,0.0,0.0,1,1010.9,1005.6,30,23,15,0,0.01,0.23,16.1,23.7,236,237,25.9,14.8,16.2,15.0,13.3,0.26,0.299,0.332,0.269,0,0.0,0.0,0.0,0.0,0.0,0.0,0.0,0.0,0.0,0.0,0.0,0.0,0.0
39.191563,-9.160919,44.0,2006-04-14T22:00,13.6,86,11.3,11.6,0.0,0.0,0.0,0.0,1,1011.0,1005.7,29,26,10,0,0.01,0.21,16.3,24.8,242,244,25.2,14.3,16.0,15.0,13.3,0.26,0.299,0.332,0.269,0,0.0,0.0,0.0,0.0,0.0,0.0,0.0,0.0,0.0,0.0,0.0,0.0,0.0
39.191563,-9.160919,44.0,2006-04-14T23:00,13.5,86,11.2,11.7,0.0,0.0,0.0,0.0,1,1011.6,1006.3,28,19,18,0,0.01,0.21,14.7,23.0,239,241,23.8,14.0,15.9,15.0,13.3,0.261,0.299,0.332,0.269,0,0.0,0.0,0.0,0.0,0.0,0.0,0.0,0.0,0.0,0.0,0.0,0.0,0.0
39.191563,-9.160919,44.0,2006-04-15T00:00,13.5,86,11.2,12.1,0.0,0.0,0.0,0.0,1,1011.6,1006.3,28,19,19,0,0.01,0.21,12.2,20.5,236,239,21.6,13.9,15.7,15.0,13.3,0.261,0.299,0.332,0.269,0,0.0,0.0,0.0,0.0,0.0,0.0,0.0,0.0,0.0,0.0,0.0,0.0,0.0
39.191563,-9.160919,44.0,2006-04-15T01:00,13.1,87,11.1,11.8,0.0,0.0,0.0,0.0,1,1011.6,1006.3,31,21,20,0,0.0,0.19,11.2,19.0,228,233,18.0,13.5,15.6,15.0,13.3,0.262,0.299,0.332,0.269,0,0.0,0.0,0.0,0.0,0.0,0.0,0.0,0.0,0.0,0.0,0.0,0.0,0.0
39.191563,-9.160919,44.0,2006-04-15T02:00,12.6,89,10.8,11.1,0.0,0.0,0.0,0.0,1,1011.8,1006.5,46,32,29,0,0.0,0.17,12.0,20.1,221,226,15.8,12.9,15.4,15.0,13.3,0.263,0.299,0.332,0.269,0,0.0,0.0,0.0,0.0,0.0,0.0,0.0,0.0,0.0,0.0,0.0,0.0,0.0
39.191563,-9.160919,44.0,2006-04-15T03:00,12.1,90,10.5,10.4,0.0,0.0,0.0,0.0,2,1011.9,1006.6,58,25,59,0,0.0,0.14,12.2,21.1,223,227,17.6,12.5,15.2,15.0,13.3,0.264,0.299,0.332,0.269,0,0.0,0.0,0.0,0.0,0.0,0.0,0.0,0.0,0.0,0.0,0.0,0.0,0.0
39.191563,-9.160919,44.0,2006-04-15T04:00,12.2,89,10.4,10.6,0.0,0.0,0.0,0.0,2,1012.2,1006.9,52,26,47,0,0.0,0.16,11.8,19.9,220,225,19.1,12.5,15.0,15.0,13.3,0.265,0.299,0.332,0.269,0,0.0,0.0,0.0,0.0,0.0,0.0,0.0,0.0,0.0,0.0,0.0,0.0,0.0
39.191563,-9.160919,44.0,2006-04-15T05:00,12.3,90,10.7,10.9,0.1,0.1,0.0,0.0,51,1012.3,1007.0,49,30,37,0,0.0,0.14,11.2,18.7,213,218,21.2,12.8,14.9,15.0,13.3,0.267,0.298,0.332,0.269,0,0.0,0.0,0.0,0.0,0.0,0.0,0.0,0.0,0.0,0.0,0.0,0.0,0.0
39.191563,-9.160919,44.0,2006-04-15T06:00,12.5,91,11.0,11.1,0.1,0.1,0.0,0.0,51,1012.9,1007.6,32,24,18,0,0.0,0.13,11.3,18.6,207,212,22.0,12.9,14.8,15.0,13.3,0.269,0.298,0.332,0.269,1,0.0,0.0,0.0,0.0,0.0,0.0,0.0,0.0,0.0,0.0,0.0,0.0,0.0
39.191563,-9.160919,44.0,2006-04-15T07:00,13.0,89,11.2,11.5,0.1,0.1,0.0,0.0,51,1013.5,1008.2,35,28,17,0,0.02,0.17,12.6,19.0,204,209,21.6,13.1,14.7,14.9,13.3,0.271,0.298,0.332,0.269,1,820.68,37.0,14.0,23.0,108.9,37.0,115.4,80.5,30.4,50.0,165.0,53.1,250.8
39.191563,-9.160919,44.0,2006-04-15T08:00,14.4,84,11.7,12.8,0.2,0.2,0.0,0.0,51,1014.2,1008.9,46,28,34,0,0.09,0.27,14.8,19.2,214,214,23.0,14.3,14.6,14.9,13.3,0.274,0.298,0.332,0.269,1,3600.0,174.0,93.0,81.0,329.0,174.0,384.4,233.1,124.6,108.5,329.0,233.1,514.9
39.191563,-9.160919,44.0,2006-04-15T09:00,15.5,77,11.5,13.2,0.3,0.3,0.0,0.0,51,1014.7,1009.4,33,19,27,0,0.17,0.41,18.6,23.4,226,225,29.9,15.5,14.7,14.9,13.3,0.277,0.298,0.332,0.269,1,3600.0,339.0,227.0,112.0,484.3,339.0,637.3,401.0,268.5,132.5,484.3,401.0,753.9
39.191563,-9.160919,44.0,2006-04-15T10:00,16.2,71,10.9,13.7,0.2,0.2,0.0,0.0,51,1015.2,1009.9,34,15,35,0,0.24,0.54,18.7,23.6,232,232,32.8,16.5,14.8,14.9,13.3,0.28,0.298,0.332,0.269,1,3600.0,461.0,293.0,168.0,465.1,461.0,856.7,511.9,325.3,186.5,465.1,511.9,951.3
39.191563,-9.160919,44.0,2006-04-15T11:00,16.7,68,10.8,14.4,0.2,0.2,0.0,0.0,51,1015.9,1010.6,41,19,40,0,0.31,0.61,19.1,23.5,234,234,34.6,17.7,15.0,14.9,13.3,0.28,0.298,0.332,0.269,1,3600.0,601.0,385.0,216.0,509.4,601.0,1027.7,639.7,409.8,229.9,509.4,639.7,1093.8
39.191563,-9.160919,44.0,2006-04-15T12:00,17.2,65,10.7,15.4,0.0,0.0,0.0,0.0,1,1016.0,1010.8,43,26,32,0,0.37,0.68,19.2,23.6,236,236,37.4,18.9,15.3,14.9,13.3,0.279,0.298,0.331,0.269,1,3600.0,713.0,518.0,195.0,618.6,713.0,1138.5,733.8,533.1,200.7,618.6,733.8,1171.8
39.191563,-9.160919,44.0,2006-04-15T13:00,17.4,64,10.6,15.6,0.0,0.0,0.0,0.0,1,1016.2,1011.0,40,24,30,0,0.38,0.71,20.0,24.4,236,236,38.9,19.6,15.5,14.9,13.3,0.277,0.297,0.331,0.269,1,3600.0,731.0,514.0,217.0,591.4,731.0,1181.8,729.8,513.1,216.6,591.4,729.8,1179.8
39.191563,-9.160919,44.0,2006-04-15T14:00,17.4,66,11.0,15.6,0.0,0.0,0.0,0.0,0,1016.3,1011.1,18,11,14,0,0.38,0.67,20.9,26.1,238,237,40.7,20.0,15.8,14.9,13.3,0.275,0.297,0.331,0.269,1,3600.0,747.0,568.0,179.0,669.0,747.0,1154.4,723.0,549.8,173.3,669.0,723.0,1117.4
39.191563,-9.160919,44.0,2006-04-15T15:00,17.4,67,11.1,15.4,0.0,0.0,0.0,0.0,0,1016.7,1011.5,14,7,12,0,0.36,0.66,21.1,26.1,243,242,39.6,20.2,16.1,14.9,13.3,0.273,0.297,0.331,0.269,1,3600.0,705.0,574.0,131.0,737.4,705.0,1058.4,658.7,536.3,122.4,737.4,658.7,988.9
39.191563,-9.160919,44.0,2006-04-15T16:00,17.1,69,11.3,14.5,0.0,0.0,0.0,0.0,1,1016.9,1011.6,39,16,14,53,0.3,0.61,20.9,26.1,246,246,38.2,19.9,16.3,14.9,13.3,0.272,0.296,0.331,0.269,1,3600.0,579.0,452.0,127.0,682.6,579.0,900.3,516.4,403.1,113.3,682.6,516.4,803.0
39.191563,-9.160919,44.0,2006-04-15T17:00,16.5,71,11.3,14.0,0.0,0.0,0.0,0.0,1,1017.5,1012.2,45,21,27,32,0.2,0.54,19.2,24.2,247,247,35.6,19.0,16.4,14.9,13.3,0.272,0.296,0.331,0.269,1,3600.0,372.0,274.0,98.0,539.2,372.0,690.9,308.2,227.0,81.2,539.2,308.2,572.5
39.191563,-9.160919,44.0,2006-04-15T18:00,15.9,74,11.3,13.8,0.0,0.0,0.0,0.0,1,1017.9,1012.6,49,26,42,0,0.13,0.47,17.3,22.0,249,249,32.8,17.9,16.5,14.9,13.3,0.271,0.296,0.331,0.269,1,3600.0,226.0,147.0,79.0,449.6,226.0,444.5,159.1,103.5,55.6,449.6,159.1,313.0
39.191563,-9.160919,44.0,2006-04-15T19:00,15.1,80,11.7,13.9,0.0,0.0,0.0,0.0,1,1018.2,1012.9,43,18,25,38,0.05,0.35,11.8,17.3,258,258,27.4,16.7,16.5,15.0,13.3,0.271,0.296,0.331,0.269,1,2850.36,65.0,31.0,34.0,204.4,65.0,178.0,15.5,7.4,8.1,84.7,13.4,42.4
39.191563,-9.160919,44.0,2006-04-15T20:00,14.4,84,11.8,13.8,0.0,0.0,0.0,0.0,2,1018.5,1013.2,56,17,18,99,0.03,0.26,7.9,13.3,270,270,18.7,15.6,16.4,15.0,13.3,0.271,0.296,0.331,0.269,0,0.0,1.0,0.0,1.0,0.0,1.0,11.3,0.0,0.0,0.0,0.0,0.0,0.0
39.191563,-9.160919,44.0,2006-04-15T21:00,13.8,88,11.8,13.2,0.0,0.0,0.0,0.0,1,1018.5,1013.2,45,13,8,96,0.0,0.19,7.7,11.0,281,281,12.2,14.7,16.3,15.0,13.3,0.272,0.296,0.331,0.269,0,0.0,0.0,0.0,0.0,0.0,0.0,0.0,0.0,0.0,0.0,0.0,0.0,0.0
39.191563,-9.160919,44.0,2006-04-15T22:00,13.0,92,11.7,12.4,0.0,0.0,0.0,0.0,1,1019.2,1013.9,31,3,0,95,0.0,0.13,7.6,11.2,289,291,10.8,13.9,16.1,15.0,13.3,0.272,0.296,0.331,0.269,0,0.0,0.0,0.0,0.0,0.0,0.0,0.0,0.0,0.0,0.0,0.0,0.0,0.0
39.191563,-9.160919,44.0,2006-04-15T23:00,12.5,93,11.4,11.6,0.0,0.0,0.0,0.0,1,1019.2,1013.9,33,5,0,94,0.0,0.1,8.8,12.9,282,288,11.5,13.3,15.9,15.0,13.3,0.272,0.296,0.331,0.269,0,0.0,0.0,0.0,0.0,0.0,0.0,0.0,0.0,0.0,0.0,0.0,0.0,0.0
39.191563,-9.160919,44.0,2006-04-16T00:00,12.3,93,11.2,11.3,0.0,0.0,0.0,0.0,2,1019.7,1014.3,55,19,17,92,0.0,0.1,8.8,14.3,282,288,11.9,12.9,15.7,15.0,13.3,0.272,0.296,0.331,0.269,0,0.0,0.0,0.0,0.0,0.0,0.0,0.0,0.0,0.0,0.0,0.0,0.0,0.0
39.191563,-9.160919,44.0,2006-04-16T01:00,11.8,95,11.0,10.8,0.0,0.0,0.0,0.0,2,1019.3,1013.9,52,6,30,96,0.0,0.07,8.8,14.5,289,293,11.9,12.4,15.5,15.0,13.3,0.273,0.296,0.331,0.269,0,0.0,0.0,0.0,0.0,0.0,0.0,0.0,0.0,0.0,0.0,0.0,0.0,0.0
39.191563,-9.160919,44.0,2006-04-16T02:00,11.5,95,10.7,10.4,0.0,0.0,0.0,0.0,2,1019.1,1013.7,54,11,27,92,0.0,0.07,9.0,15.3,299,300,11.9,12.1,15.2,15.0,13.3,0.274,0.296,0.331,0.269,0,0.0,0.0,0.0,0.0,0.0,0.0,0.0,0.0,0.0,0.0,0.0,0.0,0.0
39.191563,-9.160919,44.0,2006-04-16T03:00,11.4,94,10.5,10.2,0.0,0.0,0.0,0.0,2,1018.7,1013.3,54,14,21,96,0.0,0.08,9.1,15.8,304,305,12.6,12.0,15.0,15.0,13.3,0.274,0.296,0.331,0.269,0,0.0,0.0,0.0,0.0,0.0,0.0,0.0,0.0,0.0,0.0,0.0,0.0,0.0
39.191563,-9.160919,44.0,2006-04-16T04:00,11.5,93,10.4,10.3,0.0,0.0,0.0,0.0,1,1018.7,1013.3,44,10,14,89,0.0,0.1,9.3,15.7,306,307,13.0,11.9,14.8,15.0,13.3,0.274,0.296,0.331,0.269,0,0.0,0.0,0.0,0.0,0.0,0.0,0.0,0.0,0.0,0.0,0.0,0.0,0.0
39.191563,-9.160919,44.0,2006-04-16T05:00,11.1,94,10.1,9.7,0.0,0.0,0.0,0.0,2,1018.6,1013.2,51,20,15,81,0.0,0.09,10.3,17.2,306,307,14.0,11.6,14.6,15.0,13.3,0.275,0.296,0.331,0.269,0,0.0,0.0,0.0,0.0,0.0,0.0,0.0,0.0,0.0,0.0,0.0,0.0,0.0
39.191563,-9.160919,44.0,2006-04-16T06:00,11.5,93,10.3,9.7,0.0,0.0,0.0,0.0,2,1018.9,1013.5,53,15,31,70,0.0,0.1,12.5,20.2,309,310,15.8,11.6,14.4,14.9,13.3,0.275,0.296,0.331,0.269,1,0.0,0.0,0.0,0.0,0.0,0.0,0.0,0.0,0.0,0.0,0.0,0.0,0.0
39.191563,-9.160919,44.0,2006-04-16T07:00,12.3,89,10.5,10.4,0.0,0.0,0.0,0.0,2,1019.8,1014.4,53,16,41,47,0.03,0.16,14.0,20.6,314,314,21.6,12.1,14.3,14.9,13.3,0.275,0.296,0.33,0.269,1,554.58,37.0,12.0,25.0,91.7,37.0,121.3,78.3,25.4,52.9,134.4,53.4,256.8
39.191563,-9.160919,44.0,2006-04-16T08:00,13.4,84,10.7,11.3,0.0,0.0,0.0,0.0,2,1020.1,1014.8,54,19,47,28,0.08,0.25,15.8,19.6,319,319,25.9,13.5,14.3,14.9,13.3,0.275,0.296,0.33,0.269,1,3600.0,167.0,91.0,76.0,317.0,167.0,390.1,222.8,121.4,101.4,317.0,222.8,520.4
39.191563,-9.160919,44.0,2006-04-16T09:00,14.0,82,11.0,12.0,0.0,0.0,0.0,0.0,2,1020.4,1015.1,66,42,33,28,0.15,0.29,15.9,19.2,322,322,27.0,14.7,14.3,14.9,13.3,0.275,0.295,0.33,0.269,1,3600.0,311.0,198.0,113.0,418.8,311.0,642.5,367.3,233.8,133.4,418.8,367.3,758.8
39.191563,-9.160919,44.0,2006-04-16T10:00,14.4,79,10.9,12.2,0.0,0.0,0.0,0.0,1,1020.7,1015.4,50,17,42,31,0.19,0.34,16.8,19.9,318,318,28.4,15.8,14.4,14.9,13.3,0.274,0.295,0.33,0.269,1,3600.0,391.0,245.0,146.0,386.5,391.0,861.4,433.8,271.8,162.0,386.5,433.8,955.7
39.191563,-9.160919,44.0,2006-04-16T11:00,15.4,74,10.8,13.9,0.1,0.1,0.0,0.0,51,1020.7,1015.4,53,21,29,54,0.33,0.45,17.3,20.9,317,316,32.4,17.9,14.6,14.9,13.3,0.274,0.295,0.33,0.269,1,3600.0,712.0,537.0,175.0,707.2,712.0,1031.9,757.5,571.3,186.2,707.2,757.5,1097.8
39.191563,-9.160919,44.0,2006-04-16T12:00,15.5,70,10.1,13.5,0.0,0.0,0.0,0.0,2,1020.4,1015.1,60,37,13,63,0.33,0.53,18.3,22.2,313,313,34.2,18.4,14.9,14.9,13.3,0.272,0.295,0.33,0.269,1,3600.0,678.0,506.0,172.0,602.0,678.0,1142.3,697.6,520.6,177.0,602.0,697.6,1175.3
39.191563,-9.160919,44.0,2006-04-16T13:00,15.9,63,8.8,14.4,0.0,0.0,0.0,0.0,1,1020.2,1014.9,38,27,1,45,0.41,0.67,18.1,21.9,311,311,35.6,19.3,15.2,14.9,13.3,0.269,0.295,0.33,0.269,1,3600.0,832.0,629.0,203.0,721.2,832.0,1185.2,830.5,627.9,202.6,721.2,830.5,1183.1
39.191563,-9.160919,44.0,2006-04-16T14:00,16.0,59,8.0,13.9,0.0,0.0,0.0,0.0,1,1019.9,1014.6,33,31,1,15,0.39,0.74,18.2,21.8,309,309,35.6,19.6,15.4,14.9,13.3,0.266,0.294,0.33,0.269,1,3600.0,774.0,584.0,190.0,685.6,774.0,1157.6,749.2,565.3,183.9,685.6,749.2,1120.5
39.191563,-9.160919,44.0,2006-04-16T15:00,16.0,57,7.4,13.4,0.0,0.0,0.0,0.0,1,1019.9,1014.6,35,36,4,0,0.37,0.79,18.9,22.7,305,306,36.7,19.6,15.7,14.9,13.3,0.263,0.294,0.33,0.269,1,3600.0,713.0,526.0,187.0,673.3,713.0,1061.5,666.3,491.5,174.8,673.3,666.3,992.0
39.191563,-9.160919,44.0,2006-04-16T16:00,16.1,58,7.8,13.0,0.0,0.0,0.0,0.0,2,1019.6,1014.3,74,71,17,0,0.33,0.77,19.4,23.8,301,302,37.1,19.4,15.9,14.9,13.3,0.261,0.294,0.33,0.269,1,3600.0,628.0,488.0,140.0,734.0,628.0,903.5,560.4,435.5,124.9,734.0,560.4,806.2
39.191563,-9.160919,44.0,2006-04-16T17:00,15.4,64,8.6,12.1,0.0,0.0,0.0,0.0,3,1019.5,1014.2,81,71,28,0,0.21,0.63,20.1,24.6,297,297,37.1,18.3,16.1,14.9,13.3,0.26,0.293,0.33,0.269,1,3600.0,350.0,203.0,147.0,397.3,350.0,694.3,290.4,168.4,121.9,397.3,290.4,576.0
39.191563,-9.160919,44.0,2006-04-16T18:00,14.7,68,9.0,11.6,0.0,0.0,0.0,0.0,1,1019.5,1014.2,44,29,30,0,0.13,0.53,19.3,24.6,297,297,34.9,17.2,16.1,14.9,13.3,0.259,0.293,0.33,0.269,1,3600.0,197.0,104.0,93.0,315.3,197.0,448.2,139.3,73.5,65.8,315.3,139.3,316.8
39.191563,-9.160919,44.0,2006-04-16T19:00,13.6,74,9.2,10.7,0.0,0.0,0.0,0.0,1,1019.7,1014.4,38,25,25,0,0.07,0.4,18.2,24.5,304,303,31.3,15.8,16.1,14.9,13.3,0.26,0.293,0.33,0.269,1,2906.2,66.0,36.0,30.0,235.1,66.0,182.0,16.9,9.2,7.7,105.8,14.8,46.6
39.191563,-9.160919,44.0,2006-04-16T20:00,13.1,78,9.3,10.5,0.0,0.0,0.0,0.0,1,1019.8,1014.5,38,27,23,0,0.05,0.33,16.4,23.5,310,310,29.2,14.8,16.0,14.9,13.3,0.26,0.293,0.33,0.27,0,0.0,1.0,0.0,1.0,0.0,1.0,13.5,0.0,0.0,0.0,0.0,0.0,0.0
39.191563,-9.160919,44.0,2006-04-16T21:00,12.9,80,9.5,10.4,0.0,0.0,0.0,0.0,1,1020.0,1014.7,33,18,28,0,0.02,0.3,16.0,23.2,314,314,27.4,14.2,15.8,14.9,13.3,0.26,0.293,0.329,0.27,0,0.0,0.0,0.0,0.0,0.0,0.0,0.0,0.0,0.0,0.0,0.0,0.0,0.0
39.191563,-9.160919,44.0,2006-04-16T22:00,12.5,82,9.6,10.1,0.0,0.0,0.0,0.0,1,1019.9,1014.6,26,6,34,0,0.02,0.26,15.8,23.4,313,313,26.6,13.7,15.7,14.9,13.3,0.26,0.293,0.329,0.27,0,0.0,0.0,0.0,0.0,0.0,0.0,0.0,0.0,0.0,0.0,0.0,0.0,0.0
39.191563,-9.160919,44.0,2006-04-16T23:00,12.3,83,9.6,9.7,0.0,0.0,0.0,0.0,1,1020.1,1014.7,35,8,46,0,0.02,0.24,17.3,25.5,313,314,27.0,13.3,15.5,14.9,13.3,0.261,0.293,0.329,0.27,0,0.0,0.0,0.0,0.0,0.0,0.0,0.0,0.0,0.0,0.0,0.0,0.0,0.0
39.191563,-9.160919,44.0,2006-04-17T00:00,12.2,84,9.6,9.2,0.0,0.0,0.0,0.0,1,1019.8,1014.4,43,18,45,0,0.02,0.23,19.9,28.8,316,318,29.5,13.1,15.3,14.9,13.3,0.261,0.293,0.329,0.27,0,0.0,0.0,0.0,0.0,0.0,0.0,0.0,0.0,0.0,0.0,0.0,0.0,0.0
39.191563,-9.160919,44.0,2006-04-17T01:00,12.4,82,9.5,9.1,0.0,0.0,0.0,0.0,1,1019.8,1014.4,43,21,40,0,0.03,0.25,21.5,30.5,320,321,31.7,13.0,15.2,14.9,13.3,0.262,0.293,0.329,0.27,0,0.0,0.0,0.0,0.0,0.0,0.0,0.0,0.0,0.0,0.0,0.0,0.0,0.0
39.191563,-9.160919,44.0,2006-04-17T02:00,12.0,83,9.1,8.5,0.0,0.0,0.0,0.0,1,1019.1,1013.7,37,14,41,0,0.03,0.24,22.5,31.6,325,325,32.4,12.7,15.0,14.9,13.3,0.263,0.293,0.329,0.27,0,0.0,0.0,0.0,0.0,0.0,0.0,0.0,0.0,0.0,0.0,0.0,0.0,0.0
39.191563,-9.160919,44.0,2006-04-17T03:00,12.0,82,8.9,8.4,0.1,0.1,0.0,0.0,51,1018.8,1013.4,41,19,40,0,0.03,0.26,22.6,32.1,329,330,34.2,12.6,14.9,14.9,13.3,0.263,0.293,0.329,0.27,0,0.0,0.0,0.0,0.0,0.0,0.0,0.0,0.0,0.0,0.0,0.0,0.0,0.0
39.191563,-9.160919,44.0,2006-04-17T04:00,11.7,82,8.8,8.1,0.1,0.1,0.0,0.0,51,1019.0,1013.6,39,21,33,0,0.03,0.25,22.4,31.7,334,335,34.6,12.4,14.7,14.9,13.3,0.264,0.293,0.329,0.27,0,0.0,0.0,0.0,0.0,0.0,0.0,0.0,0.0,0.0,0.0,0.0,0.0,0.0
39.191563,-9.160919,44.0,2006-04-17T05:00,11.7,82,8.6,8.2,0.1,0.1,0.0,0.0,51,1019.0,1013.6,42,27,30,0,0.03,0.25,21.5,31.1,339,340,34.2,12.2,14.6,14.9,13.3,0.265,0.292,0.329,0.27,0,0.0,0.0,0.0,0.0,0.0,0.0,0.0,0.0,0.0,0.0,0.0,0.0,0.0
39.191563,-9.160919,44.0,2006-04-17T06:00,11.7,81,8.6,8.1,0.0,0.0,0.0,0.0,1,1019.0,1013.6,39,31,18,0,0.03,0.26,21.6,31.6,345,345,35.6,12.1,14.4,14.9,13.3,0.265,0.292,0.329,0.27,1,0.0,0.0,0.0,0.0,0.0,0.0,0.0,0.0,0.0,0.0,0.0,0.0,0.0
39.191563,-9.160919,44.0,2006-04-17T07:00,12.1,81,8.9,8.5,0.0,0.0,0.0,0.0,1,1019.4,1014.0,29,28,6,0,0.05,0.27,22.9,32.0,352,352,36.0,12.4,14.3,14.9,13.3,0.265,0.292,0.329,0.27,1,2180.82,52.0,31.0,21.0,233.0,52.0,127.4,107.2,63.9,43.3,330.5,75.6,262.7
39.191563,-9.160919,44.0,2006-04-17T08:00,13.2,74,8.7,9.2,0.0,0.0,0.0,0.0,1,1019.6,1014.3,23,26,0,0,0.12,0.39,25.3,32.9,354,355,40.7,13.4,14.2,14.9,13.3,0.265,0.292,0.329,0.27,1,3600.0,217.0,152.0,65.0,521.8,217.0,395.7,288.3,202.0,86.4,521.8,288.3,525.8
39.191563,-9.160919,44.0,2006-04-17T09:00,14.3,67,8.2,9.7,0.0,0.0,0.0,0.0,1,1019.8,1014.5,24,27,0,0,0.21,0.54,28.2,36.1,354,355,47.5,14.9,14.3,14.9,13.3,0.264,0.292,0.329,0.27,1,3600.0,436.0,349.0,87.0,732.0,436.0,647.6,514.1,411.5,102.6,732.0,514.1,763.6
39.191563,-9.160919,44.0,2006-04-17T10:00,14.8,64,8.2,10.3,0.0,0.0,0.0,0.0,1,1020.1,1014.8,40,44,0,0,0.26,0.6,27.9,35.1,353,354,47.9,16.0,14.4,14.9,13.3,0.262,0.292,0.329,0.27,1,3600.0,536.0,369.0,167.0,578.8,536.0,866.0,594.2,409.1,185.1,578.8,594.2,960.1
39.191563,-9.160919,44.0,2006-04-17T11:00,15.4,62,8.0,11.6,0.0,0.0,0.0,0.0,1,1020.4,1015.1,49,54,0,0,0.34,0.67,27.7,34.6,347,348,49.0,17.4,14.6,14.9,13.4,0.26,0.292,0.329,0.27,1,3600.0,726.0,566.0,160.0,742.1,726.0,1036.0,772.0,601.9,170.1,742.1,772.0,1101.7
39.191563,-9.160919,44.0,2006-04-17T12:00,15.6,60,8.0,12.1,0.0,0.0,0.0,0.0,1,1020.4,1015.1,42,47,0,0,0.38,0.7,28.7,35.8,342,343,49.7,18.4,14.9,14.9,13.4,0.257,0.291,0.329,0.27,1,3600.0,817.0,671.0,146.0,795.3,817.0,1146.0,840.4,690.2,150.2,795.3,840.4,1178.8
39.191563,-9.160919,44.0,2006-04-17T13:00,15.7,61,8.1,12.1,0.0,0.0,0.0,0.0,2,1020.5,1015.2,52,58,0,0,0.39,0.7,30.3,37.7,342,343,51.5,19.1,15.1,14.9,13.4,0.254,0.291,0.329,0.27,1,3600.0,860.0,698.0,162.0,797.6,860.0,1188.5,858.4,696.7,161.7,797.6,858.4,1186.3
39.191563,-9.160919,44.0,2006-04-17T14:00,15.6,62,8.3,12.0,0.0,0.0,0.0,0.0,1,1020.3,1015.0,46,51,0,0,0.39,0.68,30.7,38.8,344,345,52.6,19.4,15.4,14.9,13.4,0.252,0.291,0.329,0.27,1,3600.0,857.0,694.0,163.0,812.0,857.0,1160.8,829.6,671.8,157.8,812.0,829.6,1123.6
39.191563,-9.160919,44.0,2006-04-17T15:00,15.4,63,8.3,11.4,0.0,0.0,0.0,0.0,1,1019.9,1014.6,39,43,0,0,0.35,0.66,30.8,38.8,349,349,52.9,19.3,15.6,14.9,13.4,0.249,0.29,0.328,0.27,1,3600.0,770.0,630.0,140.0,803.7,770.0,1064.6,719.7,588.9,130.9,803.7,719.7,995.1
39.191563,-9.160919,44.0,2006-04-17T16:00,15.1,64,8.2,10.5,0.0,0.0,0.0,0.0,0,1019.5,1014.2,19,21,0,0,0.29,0.62,30.0,37.9,355,356,52.6,18.8,15.8,14.9,13.4,0.247,0.29,0.328,0.27,1,3600.0,624.0,480.0,144.0,719.1,624.0,906.6,557.1,428.6,128.6,719.1,557.1,809.4
39.191563,-9.160919,44.0,2006-04-17T17:00,14.9,64,8.1,10.3,0.0,0.0,0.0,0.0,0,1018.9,1013.6,13,14,0,0,0.24,0.61,27.8,35.3,357,358,50.4,18.1,15.9,14.9,13.4,0.246,0.29,0.328,0.27,1,3600.0,478.0,368.0,110.0,716.5,478.0,697.5,397.0,305.7,91.4,716.5,397.0,579.4
39.191563,-9.160919,44.0,2006-04-17T18:00,14.3,68,8.4,10.3,0.0,0.0,0.0,0.0,0,1019.1,1013.8,10,11,0,0,0.15,0.53,24.4,31.2,352,353,47.9,17.0,16.0,14.9,13.4,0.245,0.289,0.328,0.27,1,3600.0,262.0,172.0,90.0,517.1,262.0,451.8,186.0,122.1,63.9,517.1,186.0,320.6
39.191563,-9.160919,44.0,2006-04-17T19:00,13.6,76,9.4,10.2,0.0,0.0,0.0,0.0,0,1019.5,1014.2,7,8,0,0,0.07,0.38,21.8,30.3,347,347,38.9,15.7,15.9,14.9,13.4,0.245,0.289,0.328,0.27,1,2962.0,92.0,55.0,37.0,355.8,92.0,186.0,25.1,15.0,10.1,172.5,22.3,50.8
39.191563,-9.160919,44.0,2006-04-17T20:00,12.9,80,9.5,9.6,0.0,0.0,0.0,0.0,1,1019.5,1014.2,22,25,0,0,0.05,0.3,21.5,30.7,346,347,34.6,14.5,15.8,14.9,13.4,0.245,0.289,0.328,0.27,0,0.0,2.0,0.0,2.0,0.0,2.0,15.6,0.0,0.0,0.0,0.0,0.0,0.0
39.191563,-9.160919,44.0,2006-04-17T21:00,12.6,83,9.7,9.6,0.0,0.0,0.0,0.0,1,1020.6,1015.2,28,31,0,0,0.02,0.26,20.4,30.4,346,346,33.5,13.8,15.7,14.9,13.4,0.245,0.289,0.328,0.27,0,0.0,0.0,0.0,0.0,0.0,0.0,0.0,0.0,0.0,0.0,0.0,0.0,0.0
39.191563,-9.160919,44.0,2006-04-17T22:00,12.5,85,10.0,9.8,0.0,0.0,0.0,0.0,0,1020.8,1015.4,17,10,0,28,0.02,0.22,18.3,27.6,344,345,32.0,13.3,15.5,14.9,13.4,0.246,0.289,0.328,0.27,0,0.0,0.0,0.0,0.0,0.0,0.0,0.0,0.0,0.0,0.0,0.0,0.0,0.0
39.191563,-9.160919,44.0,2006-04-17T23:00,12.4,86,10.2,9.6,0.0,0.0,0.0,0.0,1,1020.6,1015.2,41,13,0,98,0.01,0.2,19.6,29.1,347,348,31.7,13.0,15.4,14.9,13.4,0.246,0.289,0.328,0.27,0,0.0,0.0,0.0,0.0,0.0,0.0,0.0,0.0,0.0,0.0,0.0,0.0,0.0
39.191563,-9.160919,44.0,2006-04-18T00:00,12.3,88,10.4,9.6,0.0,0.0,0.0,0.0,1,1020.2,1014.8,50,22,0,100,0.01,0.17,19.6,29.4,353,353,31.7,12.8,15.2,14.9,13.4,0.246,0.289,0.328,0.27,0,0.0,0.0,0.0,0.0,0.0,0.0,0.0,0.0,0.0,0.0,0.0,0.0,0.0
39.191563,-9.160919,44.0,2006-04-18T01:00,12.3,89,10.5,9.6,0.0,0.0,0.0,0.0,2,1019.6,1014.2,54,27,0,100,0.01,0.16,19.5,28.9,355,356,31.7,12.7,15.0,14.9,13.4,0.246,0.289,0.328,0.27,0,0.0,0.0,0.0,0.0,0.0,0.0,0.0,0.0,0.0,0.0,0.0,0.0,0.0
39.191563,-9.160919,44.0,2006-04-18T02:00,12.2,90,10.6,9.7,0.0,0.0,0.0,0.0,2,1019.0,1013.6,52,24,0,100,0.01,0.14,18.8,28.1,357,357,31.7,12.6,14.9,14.9,13.4,0.247,0.289,0.328,0.27,0,0.0,0.0,0.0,0.0,0.0,0.0,0.0,0.0,0.0,0.0,0.0,0.0,0.0
39.191563,-9.160919,44.0,2006-04-18T03:00,12.2,91,10.7,9.8,0.0,0.0,0.0,0.0,1,1018.1,1012.8,44,16,0,100,0.01,0.13,18.4,27.7,358,359,30.6,12.5,14.7,14.9,13.4,0.247,0.289,0.328,0.27,0,0.0,0.0,0.0,0.0,0.0,0.0,0.0,0.0,0.0,0.0,0.0,0.0,0.0
39.191563,-9.160919,44.0,2006-04-18T04:00,12.2,91,10.8,9.8,0.0,0.0,0.0,0.0,1,1017.9,1012.6,34,4,0,100,0.0,0.12,17.6,27.4,360,1,29.2,12.4,14.6,14.9,13.4,0.247,0.289,0.328,0.27,0,0.0,0.0,0.0,0.0,0.0,0.0,0.0,0.0,0.0,0.0,0.0,0.0,0.0
39.191563,-9.160919,44.0,2006-04-18T05:00,12.1,92,10.9,9.9,0.0,0.0,0.0,0.0,1,1017.3,1012.0,33,3,0,100,0.0,0.11,16.9,25.9,1,2,28.8,12.3,14.4,14.9,13.4,0.248,0.288,0.328,0.27,0,0.0,0.0,0.0,0.0,0.0,0.0,0.0,0.0,0.0,0.0,0.0,0.0,0.0
39.191563,-9.160919,44.0,2006-04-18T06:00,12.0,93,10.8,9.9,0.0,0.0,0.0,0.0,1,1017.4,1012.1,34,5,0,100,0.0,0.1,15.8,24.5,1,3,27.4,12.2,14.3,14.9,13.4,0.248,0.288,0.328,0.27,1,0.0,0.0,0.0,0.0,0.0,0.0,0.0,0.0,0.0,0.0,0.0,0.0,0.0
39.191563,-9.160919,44.0,2006-04-18T07:00,12.4,94,11.5,10.4,0.0,0.0,0.0,0.0,2,1017.8,1012.5,51,23,0,100,0.02,0.08,16.9,23.8,2,2,24.8,12.5,14.2,14.8,13.4,0.248,0.288,0.328,0.27,1,0.0,46.0,8.0,38.0,59.2,46.0,133.4,92.5,16.1,76.5,81.4,67.3,268.5
39.191563,-9.160919,44.0,2006-04-18T08:00,13.6,89,11.7,11.4,0.0,0.0,0.0,0.0,2,1018.3,1013.0,57,30,0,100,0.08,0.18,18.4,22.7,2,3,29.2,13.6,14.2,14.8,13.4,0.248,0.288,0.328,0.27,1,3275.1,178.0,50.0,128.0,169.2,178.0,401.3,235.6,66.2,169.4,169.2,235.6,531.1
39.191563,-9.160919,44.0,2006-04-18T09:00,14.6,81,11.3,12.4,0.0,0.0,0.0,0.0,2,1018.3,1013.0,68,42,0,100,0.16,0.32,18.1,21.7,5,5,29.9,15.2,14.3,14.8,13.4,0.248,0.288,0.328,0.27,1,3600.0,347.0,156.0,191.0,324.5,347.0,652.6,408.5,183.7,224.9,324.5,408.5,768.4
39.191563,-9.160919,44.0,2006-04-18T10:00,15.5,77,11.4,13.6,0.0,0.0,0.0,0.0,1,1018.4,1013.1,49,21,0,100,0.24,0.41,15.9,18.8,6,7,29.5,16.8,14.4,14.8,13.4,0.247,0.288,0.328,0.27,1,3600.0,498.0,212.0,286.0,330.6,498.0,870.5,551.7,234.8,316.8,330.6,551.7,964.3
39.191563,-9.160919,44.0,2006-04-18T11:00,16.4,72,11.4,15.2,0.0,0.0,0.0,0.0,1,1018.3,1013.0,40,11,0,100,0.33,0.52,15.2,17.8,5,7,28.8,18.5,14.7,14.8,13.4,0.245,0.288,0.327,0.27,1,3600.0,658.0,353.0,305.0,460.8,658.0,1040.0,699.4,375.2,324.2,460.8,699.4,1105.4
39.191563,-9.160919,44.0,2006-04-18T12:00,17.0,70,11.4,15.9,0.0,0.0,0.0,0.0,1,1018.0,1012.7,32,2,0,100,0.36,0.59,15.1,17.3,359,1,28.8,19.6,15.0,14.8,13.4,0.243,0.287,0.327,0.27,1,3600.0,692.0,325.0,367.0,383.8,692.0,1149.6,711.7,334.2,377.4,383.8,711.7,1182.2
39.191563,-9.160919,44.0,2006-04-18T13:00,17.4,68,11.4,16.7,0.0,0.0,0.0,0.0,1,1017.6,1012.4,30,0,0,100,0.4,0.64,14.9,17.0,352,354,29.2,20.5,15.3,14.8,13.4,0.241,0.287,0.327,0.27,1,3600.0,751.0,385.0,366.0,438.5,751.0,1191.8,749.5,384.2,365.3,438.5,749.5,1189.4
39.191563,-9.160919,44.0,2006-04-18T14:00,17.4,68,11.4,16.3,0.0,0.0,0.0,0.0,1,1017.1,1011.9,30,0,0,100,0.37,0.64,16.5,18.9,344,346,32.0,20.8,15.7,14.8,13.4,0.238,0.286,0.327,0.27,1,3600.0,712.0,317.0,395.0,369.7,712.0,1163.8,689.2,306.9,382.4,369.7,689.2,1126.6
39.191563,-9.160919,44.0,2006-04-18T15:00,17.0,68,11.1,15.0,0.0,0.0,0.0,0.0,1,1016.9,1011.6,30,0,0,100,0.34,0.61,19.5,23.6,341,341,37.4,20.7,16.0,14.8,13.4,0.236,0.286,0.327,0.27,1,3600.0,658.0,351.0,307.0,446.3,658.0,1067.6,615.2,328.1,287.0,446.3,615.2,998.1
39.191563,-9.160919,44.0,2006-04-18T16:00,16.1,68,10.2,13.0,0.0,0.0,0.0,0.0,1,1016.6,1011.3,30,0,0,100,0.27,0.59,22.1,27.0,341,341,40.7,19.9,16.2,14.8,13.4,0.235,0.286,0.327,0.27,1,3600.0,525.0,226.0,299.0,337.2,525.0,909.6,469.0,201.9,267.1,337.2,469.0,812.6
39.191563,-9.160919,44.0,2006-04-18T17:00,15.4,68,9.4,12.0,0.0,0.0,0.0,0.0,1,1016.4,1011.1,30,0,0,100,0.21,0.57,22.1,27.7,344,344,40.7,18.8,16.3,14.8,13.4,0.233,0.286,0.327,0.27,1,3600.0,397.0,187.0,210.0,362.2,397.0,700.8,330.1,155.5,174.6,362.2,330.1,582.8
39.191563,-9.160919,44.0,2006-04-18T18:00,14.6,71,9.4,11.2,0.0,0.0,0.0,0.0,1,1016.6,1011.3,30,0,0,99,0.14,0.48,22.0,28.3,345,345,40.0,17.5,16.4,14.8,13.4,0.233,0.285,0.327,0.27,1,3600.0,241.0,125.0,116.0,372.6,241.0,455.3,171.7,89.1,82.6,372.6,171.7,324.4
39.191563,-9.160919,44.0,2006-04-18T19:00,13.7,78,9.8,10.5,0.0,0.0,0.0,0.0,1,1016.7,1011.4,25,1,0,81,0.07,0.35,21.6,29.7,345,346,36.0,16.1,16.3,14.9,13.4,0.233,0.285,0.327,0.27,1,3017.89,87.0,37.0,50.0,237.1,87.0,190.0,25.2,10.7,14.5,123.0,22.6,55.1
39.191563,-9.160919,44.0,2006-04-18T20:00,12.7,83,9.8,9.5,0.0,0.0,0.0,0.0,0,1017.1,1011.8,8,0,0,26,0.04,0.26,21.7,31.0,348,347,34.6,14.7,16.2,14.9,13.4,0.233,0.285,0.327,0.27,0,0.0,2.0,0.0,2.0,0.0,2.0,17.7,0.0,0.0,0.0,0.0,0.0,0.0
39.191563,-9.160919,44.0,2006-04-18T21:00,12.3,85,9.8,9.0,0.0,0.0,0.0,0.0,0,1017.5,1012.2,3,3,0,0,0.02,0.22,22.0,31.9,349,349,34.6,13.9,16.0,14.9,13.4,0.233,0.285,0.327,0.27,0,0.0,0.0,0.0,0.0,0.0,0.0,0.0,0.0,0.0,0.0,0.0,0.0,0.0
39.191563,-9.160919,44.0,2006-04-18T22:00,12.0,86,9.7,9.0,0.0,0.0,0.0,0.0,0,1017.8,1012.5,5,6,0,0,0.02,0.2,19.7,29.2,351,351,34.6,13.3,15.8,14.9,13.4,0.234,0.285,0.327,0.27,0,0.0,0.0,0.0,0.0,0.0,0.0,0.0,0.0,0.0,0.0,0.0,0.0,0.0
39.191563,-9.160919,44.0,2006-04-18T23:00,11.8,87,9.7,8.8,0.0,0.0,0.0,0.0,0,1017.7,1012.3,4,5,0,0,0.01,0.18,19.9,29.4,347,348,34.2,12.9,15.6,14.9,13.4,0.234,0.285,0.327,0.27,0,0.0,0.0,0.0,0.0,0.0,0.0,0.0,0.0,0.0,0.0,0.0,0.0,0.0
39.191563,-9.160919,44.0,2006-04-19T00:00,11.7,87,9.6,8.5,0.0,0.0,0.0,0.0,0,1017.7,1012.3,3,3,0,0,0.01,0.18,20.9,30.9,345,345,34.2,12.6,15.4,14.9,13.4,0.234,0.285,0.327,0.27,0,0.0,0.0,0.0,0.0,0.0,0.0,0.0,0.0,0.0,0.0,0.0,0.0,0.0
39.191563,-9.160919,44.0,2006-04-19T01:00,11.7,86,9.5,8.4,0.0,0.0,0.0,0.0,0,1017.8,1012.4,7,7,0,3,0.02,0.19,21.4,31.5,343,344,35.3,12.5,15.2,14.9,13.4,0.235,0.285,0.327,0.27,0,0.0,0.0,0.0,0.0,0.0,0.0,0.0,0.0,0.0,0.0,0.0,0.0,0.0
39.191563,-9.160919,44.0,2006-04-19T02:00,11.6,85,9.2,8.2,0.0,0.0,0.0,0.0,0,1017.5,1012.1,6,7,0,0,0.02,0.2,21.4,31.6,343,343,36.0,12.3,15.0,14.9,13.4,0.235,0.285,0.327,0.27,0,0.0,0.0,0.0,0.0,0.0,0.0,0.0,0.0,0.0,0.0,0.0,0.0,0.0
39.191563,-9.160919,44.0,2006-04-19T03:00,11.6,83,8.8,8.2,0.0,0.0,0.0,0.0,1,1017.1,1011.7,23,26,0,0,0.02,0.23,21.1,30.8,343,344,36.4,12.2,14.9,14.9,13.4,0.235,0.285,0.327,0.27,0,0.0,0.0,0.0,0.0,0.0,0.0,0.0,0.0,0.0,0.0,0.0,0.0,0.0
39.191563,-9.160919,44.0,2006-04-19T04:00,11.7,81,8.5,8.2,0.0,0.0,0.0,0.0,1,1017.4,1012.0,25,28,0,0,0.03,0.26,21.0,30.2,344,345,35.6,12.2,14.7,14.9,13.4,0.235,0.284,0.326,0.27,0,0.0,0.0,0.0,0.0,0.0,0.0,0.0,0.0,0.0,0.0,0.0,0.0,0.0
39.191563,-9.160919,44.0,2006-04-19T05:00,11.5,80,8.1,8.0,0.0,0.0,0.0,0.0,1,1017.4,1012.0,40,44,0,0,0.03,0.28,20.6,29.9,344,345,34.2,12.1,14.5,14.8,13.4,0.236,0.284,0.326,0.27,0,0.0,0.0,0.0,0.0,0.0,0.0,0.0,0.0,0.0,0.0,0.0,0.0,0.0
39.191563,-9.160919,44.0,2006-04-19T06:00,11.6,78,7.8,8.0,0.0,0.0,0.0,0.0,1,1017.8,1012.4,49,54,0,0,0.03,0.3,20.3,29.3,343,344,32.4,12.1,14.4,14.8,13.4,0.236,0.284,0.326,0.27,1,0.0,0.0,0.0,0.0,0.0,0.0,0.0,0.0,0.0,0.0,0.0,0.0,4.7
39.191563,-9.160919,44.0,2006-04-19T07:00,12.0,78,8.2,8.5,0.0,0.0,0.0,0.0,2,1018.1,1012.7,52,58,0,0,0.05,0.31,20.6,28.4,344,345,33.1,12.3,14.3,14.8,13.4,0.236,0.284,0.326,0.27,1,2343.5,59.0,33.0,26.0,240.2,59.0,139.4,116.0,64.9,51.1,321.2,86.8,274.2
39.191563,-9.160919,44.0,2006-04-19T08:00,12.8,71,7.7,8.8,0.0,0.0,0.0,0.0,1,1018.4,1013.1,27,30,0,0,0.12,0.43,23.1,29.3,346,346,37.4,13.3,14.2,14.8,13.4,0.236,0.284,0.326,0.27,1,3600.0,201.0,115.0,86.0,383.6,201.0,406.7,265.0,151.6,113.4,383.6,265.0,536.3
39.191563,-9.160919,44.0,2006-04-19T09:00,13.7,66,7.4,9.7,0.0,0.0,0.0,0.0,2,1018.6,1013.3,65,72,0,0,0.2,0.54,22.6,28.1,346,347,39.2,14.7,14.3,14.8,13.4,0.235,0.284,0.326,0.27,1,3600.0,389.0,248.0,141.0,511.7,389.0,657.6,457.3,291.6,165.8,511.7,457.3,773.1
39.191563,-9.160919,44.0,2006-04-19T10:00,14.5,62,7.2,10.8,0.0,0.0,0.0,0.0,2,1019.0,1013.7,58,65,0,0,0.27,0.64,20.6,25.1,344,344,38.9,16.2,14.4,14.8,13.4,0.233,0.284,0.326,0.27,1,3600.0,544.0,385.0,159.0,597.0,544.0,874.9,602.2,426.2,176.0,597.0,602.2,968.5
39.191563,-9.160919,44.0,2006-04-19T11:00,15.2,60,7.5,12.2,0.0,0.0,0.0,0.0,2,1019.3,1014.0,60,59,0,22,0.34,0.69,20.7,24.9,337,338,37.4,17.7,14.6,14.8,13.4,0.231,0.283,0.326,0.27,1,3600.0,695.0,525.0,170.0,682.3,695.0,1043.9,738.4,557.8,180.6,682.3,738.4,1109.2
39.191563,-9.160919,44.0,2006-04-19T12:00,15.7,60,7.8,13.6,0.0,0.0,0.0,0.0,1,1019.3,1014.0,36,30,0,31,0.41,0.72,20.9,25.3,333,334,38.5,19.1,14.9,14.8,13.4,0.229,0.283,0.326,0.27,1,3600.0,864.0,692.0,172.0,814.2,864.0,1153.1,888.3,711.5,176.8,814.2,888.3,1185.6
39.191563,-9.160919,44.0,2006-04-19T13:00,16.0,59,8.1,14.3,0.0,0.0,0.0,0.0,1,1019.1,1013.8,26,5,0,70,0.44,0.74,20.1,24.5,331,332,38.5,20.0,15.2,14.8,13.4,0.226,0.282,0.326,0.27,1,3600.0,906.0,742.0,164.0,842.4,906.0,1195.0,904.1,740.5,163.7,842.4,904.1,1192.5
39.191563,-9.160919,44.0,2006-04-19T14:00,16.0,60,8.2,14.1,0.0,0.0,0.0,0.0,1,1018.9,1013.6,26,6,0,67,0.43,0.73,20.2,24.4,325,326,38.5,20.5,15.5,14.8,13.4,0.224,0.282,0.326,0.27,1,3600.0,877.0,715.0,162.0,831.3,877.0,1166.8,849.0,692.2,156.8,831.3,849.0,1129.6
39.191563,-9.160919,44.0,2006-04-19T15:00,15.9,61,8.3,13.8,0.0,0.0,0.0,0.0,0,1018.9,1013.6,15,2,0,45,0.39,0.71,20.2,24.6,321,322,38.5,20.5,15.8,14.8,13.4,0.221,0.282,0.326,0.27,1,3600.0,805.0,685.0,120.0,868.1,805.0,1070.5,752.7,640.5,112.2,868.1,752.7,1001.0
39.191563,-9.160919,44.0,2006-04-19T16:00,15.8,62,8.6,13.2,0.0,0.0,0.0,0.0,0,1018.6,1013.3,1,0,0,2,0.33,0.68,19.2,23.8,320,321,37.4,20.1,16.0,14.8,13.4,0.22,0.281,0.325,0.27,1,3600.0,667.0,567.0,100.0,842.8,667.0,912.7,596.1,506.7,89.4,842.8,596.1,815.7
39.191563,-9.160919,44.0,2006-04-19T17:00,15.5,66,9.1,12.5,0.0,0.0,0.0,0.0,0,1018.7,1013.4,0,0,0,0,0.25,0.61,18.9,23.5,320,320,35.3,19.3,16.2,14.8,13.4,0.218,0.281,0.325,0.27,1,3600.0,486.0,397.0,89.0,765.0,486.0,704.0,404.6,330.5,74.1,765.0,404.6,586.1
39.191563,-9.160919,44.0,2006-04-19T18:00,15.1,70,9.7,12.3,0.0,0.0,0.0,0.0,0,1018.7,1013.4,13,14,0,0,0.15,0.51,18.4,23.4,318,317,33.5,18.1,16.3,14.8,13.4,0.218,0.281,0.325,0.27,1,3600.0,277.0,203.0,74.0,600.1,277.0,458.9,198.1,145.2,52.9,600.1,198.1,328.1
39.191563,-9.160919,44.0,2006-04-19T19:00,14.6,73,9.9,12.3,0.0,0.0,0.0,0.0,1,1018.8,1013.5,41,46,0,0,0.07,0.45,15.5,22.7,314,314,29.9,16.7,16.3,14.8,13.4,0.218,0.281,0.325,0.27,1,3073.84,90.0,53.0,37.0,336.6,90.0,193.9,27.5,16.2,11.3,185.8,25.0,59.3
39.191563,-9.160919,44.0,2006-04-19T20:00,14.1,79,10.6,12.4,0.0,0.0,0.0,0.0,2,1019.1,1013.8,72,79,2,0,0.04,0.33,13.3,20.7,311,311,24.8,15.5,16.2,14.8,13.4,0.218,0.281,0.325,0.27,0,0.0,2.0,0.0,2.0,0.0,2.0,19.8,0.0,0.0,0.0,0.0,0.0,0.0
39.191563,-9.160919,44.0,2006-04-19T21:00,14.3,83,11.5,12.9,0.0,0.0,0.0,0.0,3,1019.6,1014.3,88,95,5,0,0.01,0.27,12.1,18.7,307,308,21.2,15.1,16.1,14.8,13.4,0.218,0.28,0.325,0.27,0,0.0,0.0,0.0,0.0,0.0,0.0,0.0,0.0,0.0,0.0,0.0,0.0,0.0
39.191563,-9.160919,44.0,2006-04-19T22:00,14.4,86,12.1,13.4,0.0,0.0,0.0,0.0,2,1019.9,1014.6,73,70,17,0,0.0,0.22,11.0,17.4,293,297,19.8,15.0,16.0,14.9,13.4,0.219,0.28,0.325,0.27,0,0.0,0.0,0.0,0.0,0.0,0.0,0.0,0.0,0.0,0.0,0.0,0.0,0.0
39.191563,-9.160919,44.0,2006-04-19T23:00,14.2,90,12.5,13.2,0.0,0.0,0.0,0.0,2,1019.6,1014.3,54,43,26,0,0.0,0.16,11.9,18.7,295,298,17.6,14.7,15.9,14.9,13.4,0.219,0.28,0.325,0.27,0,0.0,0.0,0.0,0.0,0.0,0.0,0.0,0.0,0.0,0.0,0.0,0.0,0.0
39.191563,-9.160919,44.0,2006-04-20T00:00,13.9,92,12.7,13.0,0.0,0.0,0.0,0.0,2,1019.5,1014.2,55,43,27,0,0.0,0.12,12.1,19.6,300,302,16.9,14.4,15.8,14.9,13.4,0.22,0.28,0.325,0.27,0,0.0,0.0,0.0,0.0,0.0,0.0,0.0,0.0,0.0,0.0,0.0,0.0,0.0
39.191563,-9.160919,44.0,2006-04-20T01:00,13.7,94,12.8,12.6,0.0,0.0,0.0,0.0,2,1019.3,1014.0,74,60,33,0,0.0,0.09,13.4,20.3,306,307,18.0,14.2,15.7,14.9,13.4,0.221,0.28,0.325,0.27,0,0.0,0.0,0.0,0.0,0.0,0.0,0.0,0.0,0.0,0.0,0.0,0.0,0.0
39.191563,-9.160919,44.0,2006-04-20T02:00,13.7,95,12.9,12.8,0.0,0.0,0.0,0.0,2,1019.0,1013.7,55,46,22,0,0.0,0.08,12.0,18.7,309,310,18.0,14.1,15.6,14.9,13.4,0.221,0.28,0.325,0.27,0,0.0,0.0,0.0,0.0,0.0,0.0,0.0,0.0,0.0,0.0,0.0,0.0,0.0
39.191563,-9.160919,44.0,2006-04-20T03:00,13.5,96,12.8,12.7,0.0,0.0,0.0,0.0,2,1018.7,1013.4,54,49,16,0,0.0,0.06,11.2,17.6,310,311,17.3,14.0,15.5,14.9,13.4,0.222,0.28,0.325,0.27,0,0.0,0.0,0.0,0.0,0.0,0.0,0.0,0.0,0.0,0.0,0.0,0.0,0.0
39.191563,-9.160919,44.0,2006-04-20T04:00,13.3,96,12.7,12.7,0.0,0.0,0.0,0.0,2,1018.3,1013.0,55,48,19,0,0.0,0.05,10.0,16.6,311,312,16.2,13.8,15.3,14.9,13.4,0.223,0.28,0.325,0.27,0,0.0,0.0,0.0,0.0,0.0,0.0,0.0,0.0,0.0,0.0,0.0,0.0,0.0
39.191563,-9.160919,44.0,2006-04-20T05:00,13.5,97,13.0,13.2,0.0,0.0,0.0,0.0,2,1018.2,1012.9,67,68,10,0,0.0,0.05,8.4,14.5,310,312,16.9,13.9,15.2,14.9,13.4,0.223,0.28,0.325,0.27,0,0.0,0.0,0.0,0.0,0.0,0.0,0.0,0.0,0.0,0.0,0.0,0.0,0.0
39.191563,-9.160919,44.0,2006-04-20T06:00,13.4,97,13.0,13.2,0.0,0.0,0.0,0.0,2,1018.3,1013.0,54,54,5,8,0.0,0.04,7.6,12.6,301,307,16.6,13.9,15.2,14.9,13.4,0.224,0.28,0.325,0.27,1,0.0,0.0,0.0,0.0,0.0,0.0,0.0,0.0,0.0,0.0,0.0,0.0,10.8
39.191563,-9.160919,44.0,2006-04-20T07:00,13.8,92,12.6,13.3,0.0,0.0,0.0,0.0,2,1018.7,1013.4,59,54,14,8,0.02,0.12,8.9,11.4,297,298,15.1,14.0,15.1,14.9,13.4,0.224,0.279,0.325,0.27,1,814.65,37.0,14.0,23.0,100.3,37.0,145.3,71.3,27.0,44.3,130.7,54.7,279.9
39.191563,-9.160919,44.0,2006-04-20T08:00,14.5,89,12.7,13.9,0.0,0.0,0.0,0.0,3,1018.7,1013.4,98,87,33,0,0.07,0.19,10.2,12.6,288,290,17.3,14.7,15.1,14.9,13.4,0.225,0.279,0.325,0.27,1,3600.0,135.0,63.0,72.0,207.3,135.0,412.1,177.4,82.8,94.6,207.3,177.4,541.4
39.191563,-9.160919,44.0,2006-04-20T09:00,15.7,82,12.6,14.8,0.0,0.0,0.0,0.0,3,1018.9,1013.6,100,85,56,1,0.15,0.32,11.7,14.2,279,279,19.8,16.3,15.1,14.9,13.4,0.225,0.279,0.325,0.27,1,3419.74,271.0,85.0,186.0,174.0,271.0,662.5,318.1,99.8,218.3,174.0,318.1,777.7
39.191563,-9.160919,44.0,2006-04-20T10:00,16.0,81,12.6,15.2,0.0,0.0,0.0,0.0,3,1018.9,1013.6,100,100,79,5,0.14,0.35,10.8,13.3,270,270,21.6,16.7,15.2,14.9,13.4,0.226,0.279,0.325,0.27,1,0.0,225.0,9.0,216.0,13.9,225.0,879.3,248.9,10.0,238.9,13.9,248.9,972.6
39.191563,-9.160919,44.0,2006-04-20T11:00,16.6,79,12.8,15.5,0.1,0.1,0.0,0.0,51,1018.9,1013.6,100,99,87,0,0.2,0.41,13.4,17.1,262,263,24.5,17.7,15.4,14.9,13.4,0.227,0.279,0.325,0.27,1,3053.05,357.0,125.0,232.0,161.8,357.0,1047.8,379.2,132.8,246.4,161.8,379.2,1112.8
39.191563,-9.160919,44.0,2006-04-20T12:00,16.9,78,13.1,15.6,0.1,0.1,0.0,0.0,51,1018.9,1013.6,100,93,86,36,0.22,0.42,15.5,20.2,258,259,27.4,18.4,15.5,14.9,13.4,0.227,0.279,0.325,0.27,1,415.89,387.0,63.0,324.0,73.9,387.0,1156.5,397.8,64.8,333.1,73.9,397.8,1188.9
39.191563,-9.160919,44.0,2006-04-20T13:00,17.5,81,14.2,16.5,0.0,0.0,0.0,0.0,3,1018.4,1013.1,100,95,75,79,0.29,0.38,17.4,22.8,257,258,29.9,19.7,15.8,14.9,13.4,0.226,0.278,0.325,0.27,1,3600.0,572.0,236.0,336.0,267.1,572.0,1198.1,570.8,235.5,335.3,267.1,570.8,1195.6
39.191563,-9.160919,44.0,2006-04-20T14:00,18.1,82,15.0,17.4,0.0,0.0,0.0,0.0,3,1018.1,1012.9,100,97,58,92,0.33,0.37,19.8,26.0,258,260,31.7,20.9,16.1,14.9,13.4,0.225,0.278,0.324,0.27,1,3600.0,671.0,388.0,283.0,449.7,671.0,1169.8,649.6,375.6,274.0,449.7,649.6,1132.5
39.191563,-9.160919,44.0,2006-04-20T15:00,17.5,85,15.0,16.0,0.2,0.2,0.0,0.0,51,1017.9,1012.7,100,97,46,77,0.24,0.3,21.4,28.7,262,263,34.2,20.7,16.3,14.9,13.4,0.225,0.278,0.324,0.27,1,3600.0,490.0,187.0,303.0,236.2,490.0,1073.4,458.3,174.9,283.4,236.2,458.3,1003.9
39.191563,-9.160919,44.0,2006-04-20T16:00,17.0,87,14.8,15.5,0.0,0.0,0.0,0.0,3,1017.5,1012.2,100,77,48,87,0.2,0.26,21.4,29.3,263,264,34.9,20.0,16.5,14.9,13.4,0.224,0.278,0.324,0.27,1,3600.0,411.0,250.0,161.0,370.2,411.0,915.6,367.5,223.5,144.0,370.2,367.5,818.7
39.191563,-9.160919,44.0,2006-04-20T17:00,16.4,88,14.4,14.7,0.0,0.0,0.0,0.0,2,1017.6,1012.3,80,43,40,57,0.13,0.23,21.4,28.9,263,264,34.2,19.1,16.6,14.9,13.4,0.224,0.278,0.324,0.27,1,2973.53,247.0,83.0,164.0,159.1,247.0,707.2,205.9,69.2,136.7,159.1,205.9,589.5
39.191563,-9.160919,44.0,2006-04-20T18:00,16.0,89,14.2,14.3,0.0,0.0,0.0,0.0,2,1017.4,1012.1,53,38,20,22,0.09,0.19,20.5,28.1,259,260,33.5,18.2,16.7,14.9,13.5,0.224,0.277,0.324,0.27,1,3600.0,188.0,85.0,103.0,249.2,188.0,462.4,134.9,61.0,73.9,249.2,134.9,331.9
39.191563,-9.160919,44.0,2006-04-20T19:00,15.2,90,13.6,13.7,0.0,0.0,0.0,0.0,1,1017.0,1011.7,50,39,20,9,0.04,0.18,18.2,26.9,252,254,33.8,17.0,16.7,14.9,13.5,0.225,0.277,0.324,0.27,1,3129.83,70.0,34.0,36.0,213.9,70.0,197.9,22.4,10.9,11.5,125.1,20.6,63.5
39.191563,-9.160919,44.0,2006-04-20T20:00,14.9,93,13.8,13.4,0.0,0.0,0.0,0.0,2,1016.9,1011.6,63,59,17,0,0.02,0.12,18.4,27.4,247,251,29.9,16.2,16.6,14.9,13.5,0.226,0.277,0.324,0.27,0,0.0,2.0,0.0,2.0,0.0,2.0,21.9,0.0,0.0,0.0,0.0,0.0,0.0
39.191563,-9.160919,44.0,2006-04-20T21:00,14.7,94,13.8,13.0,0.1,0.1,0.0,0.0,51,1016.8,1011.5,85,75,19,19,0.0,0.09,19.7,28.9,246,249,30.6,15.7,16.5,14.9,13.5,0.227,0.277,0.324,0.27,0,0.0,0.0,0.0,0.0,0.0,0.0,0.0,0.0,0.0,0.0,0.0,0.0,0.0
39.191563,-9.160919,44.0,2006-04-20T22:00,14.8,94,13.8,13.1,0.2,0.2,0.0,0.0,51,1016.4,1011.1,89,70,9,69,0.0,0.1,19.8,29.5,237,240,32.4,15.6,16.4,14.9,13.5,0.229,0.277,0.324,0.27,0,0.0,0.0,0.0,0.0,0.0,0.0,0.0,0.0,0.0,0.0,0.0,0.0,0.0
39.191563,-9.160919,44.0,2006-04-20T23:00,14.7,94,13.8,13.0,0.2,0.2,0.0,0.0,51,1016.0,1010.7,65,36,11,87,0.0,0.1,19.9,30.6,238,240,34.9,15.4,16.3,14.9,13.5,0.231,0.277,0.324,0.27,0,0.0,0.0,0.0,0.0,0.0,0.0,0.0,0.0,0.0,0.0,0.0,0.0,0.0
39.191563,-9.160919,44.0,2006-04-21T00:00,14.6,95,13.8,12.8,0.4,0.4,0.0,0.0,51,1015.3,1010.0,73,34,29,84,0.0,0.08,20.8,31.6,244,246,36.7,15.3,16.3,14.9,13.5,0.235,0.277,0.324,0.27,0,0.0,0.0,0.0,0.0,0.0,0.0,0.0,0.0,0.0,0.0,0.0,0.0,0.0
39.191563,-9.160919,44.0,2006-04-21T01:00,14.7,94,13.7,12.7,0.2,0.2,0.0,0.0,51,1014.8,1009.5,100,68,71,37,0.0,0.1,21.9,32.6,245,247,36.7,15.2,16.2,14.9,13.5,0.237,0.277,0.324,0.27,0,0.0,0.0,0.0,0.0,0.0,0.0,0.0,0.0,0.0,0.0,0.0,0.0,0.0
39.191563,-9.160919,44.0,2006-04-21T02:00,14.6,95,13.8,12.5,0.2,0.2,0.0,0.0,51,1014.0,1008.7,100,85,100,1,0.0,0.09,22.7,34.0,247,249,36.7,15.1,16.1,14.9,13.5,0.239,0.277,0.324,0.27,0,0.0,0.0,0.0,0.0,0.0,0.0,0.0,0.0,0.0,0.0,0.0,0.0,0.0
39.191563,-9.160919,44.0,2006-04-21T03:00,14.5,94,13.6,12.2,0.4,0.4,0.0,0.0,51,1013.2,1007.9,100,100,72,0,0.0,0.09,24.0,35.1,262,264,38.2,15.0,16.0,14.9,13.5,0.242,0.277,0.324,0.27,0,0.0,0.0,0.0,0.0,0.0,0.0,0.0,0.0,0.0,0.0,0.0,0.0,0.0
39.191563,-9.160919,44.0,2006-04-21T04:00,14.2,95,13.5,12.0,0.4,0.4,0.0,0.0,51,1012.8,1007.5,100,99,86,0,0.0,0.08,23.0,32.7,299,300,38.2,14.9,15.9,14.9,13.5,0.246,0.277,0.324,0.27,0,0.0,0.0,0.0,0.0,0.0,0.0,0.0,0.0,0.0,0.0,0.0,0.0,0.0
39.191563,-9.160919,44.0,2006-04-21T05:00,13.8,91,12.4,11.0,0.1,0.1,0.0,0.0,51,1013.3,1008.0,100,77,65,0,0.01,0.14,24.3,33.8,320,322,38.2,14.6,15.8,14.9,13.5,0.248,0.277,0.324,0.27,0,0.0,0.0,0.0,0.0,0.0,0.0,0.0,0.0,0.0,0.0,0.0,0.0,0.0
39.191563,-9.160919,44.0,2006-04-21T06:00,13.2,85,10.8,9.8,0.0,0.0,0.0,0.0,2,1013.6,1008.3,73,68,20,0,0.02,0.22,24.7,34.8,326,327,38.9,14.2,15.7,14.9,13.5,0.248,0.277,0.324,0.27,1,0.0,0.0,0.0,0.0,0.0,0.0,0.0,0.0,0.0,0.0,0.0,0.0,16.9
39.191563,-9.160919,44.0,2006-04-21T07:00,12.9,81,9.7,8.9,0.0,0.0,0.0,0.0,2,1014.6,1009.3,64,70,1,0,0.06,0.28,26.9,36.6,328,328,42.8,13.9,15.6,14.9,13.5,0.249,0.277,0.324,0.27,1,515.62,39.0,12.0,27.0,84.7,39.0,151.1,73.7,22.7,51.0,107.6,58.0,285.5
39.191563,-9.160919,44.0,2006-04-21T08:00,12.7,69,7.1,8.1,0.0,0.0,0.0,0.0,2,1014.6,1009.3,66,73,0,0,0.12,0.46,26.4,34.7,325,325,45.0,14.0,15.4,14.9,13.5,0.249,0.277,0.324,0.27,1,3600.0,180.0,98.0,82.0,318.2,180.0,417.5,235.6,128.3,107.3,318.2,235.6,546.5
39.191563,-9.160919,44.0,2006-04-21T09:00,13.0,59,5.2,8.1,0.0,0.0,0.0,0.0,3,1014.8,1009.5,80,80,14,0,0.17,0.61,25.4,32.4,322,323,43.6,14.4,15.4,14.9,13.5,0.248,0.277,0.324,0.27,1,2282.49,236.0,67.0,169.0,136.1,236.0,667.3,276.7,78.5,198.1,136.1,276.7,782.2
39.191563,-9.160919,44.0,2006-04-21T10:00,13.8,55,4.9,9.3,0.0,0.0,0.0,0.0,3,1014.9,1009.6,83,74,28,0,0.24,0.72,22.1,27.8,316,317,40.7,15.6,15.4,14.9,13.5,0.246,0.277,0.324,0.27,1,3600.0,392.0,145.0,247.0,222.4,392.0,883.6,433.3,160.3,273.0,222.4,433.3,976.6
39.191563,-9.160919,44.0,2006-04-21T11:00,14.1,54,4.9,9.4,0.0,0.0,0.0,0.0,2,1014.8,1009.5,50,17,58,0,0.25,0.74,23.2,28.5,313,313,40.3,16.1,15.4,14.9,13.5,0.245,0.276,0.323,0.27,1,3600.0,403.0,146.0,257.0,188.2,403.0,1051.6,427.8,155.0,272.8,188.2,427.8,1116.4
39.191563,-9.160919,44.0,2006-04-21T12:00,14.7,53,5.2,10.4,0.0,0.0,0.0,0.0,2,1015.0,1009.7,51,19,57,0,0.35,0.79,25.5,31.7,310,310,43.2,17.5,15.5,14.9,13.5,0.243,0.276,0.323,0.27,1,3600.0,686.0,486.0,200.0,567.8,686.0,1159.9,705.0,499.5,205.5,567.8,705.0,1192.1
39.191563,-9.160919,44.0,2006-04-21T13:00,14.9,54,5.5,10.5,0.0,0.0,0.0,0.0,2,1014.9,1009.6,58,34,46,0,0.34,0.79,25.6,32.3,308,309,43.9,18.1,15.7,14.9,13.5,0.242,0.276,0.323,0.27,1,3600.0,657.0,378.0,279.0,426.5,657.0,1201.2,655.5,377.2,278.4,426.5,655.5,1198.5
39.191563,-9.160919,44.0,2006-04-21T14:00,14.8,56,6.1,10.7,0.0,0.0,0.0,0.0,1,1014.4,1009.1,45,27,34,0,0.35,0.74,25.8,32.0,306,306,43.6,18.4,15.8,15.0,13.5,0.24,0.276,0.323,0.27,1,3600.0,691.0,481.0,210.0,555.8,691.0,1172.7,669.0,465.7,203.3,555.8,669.0,1135.3
39.191563,-9.160919,44.0,2006-04-21T15:00,15.0,56,6.2,10.7,0.0,0.0,0.0,0.0,1,1014.4,1009.1,43,32,24,0,0.35,0.76,27.1,33.7,303,304,43.9,18.7,16.0,15.0,13.5,0.238,0.275,0.323,0.27,1,3600.0,696.0,515.0,181.0,648.4,696.0,1076.3,651.1,481.8,169.3,648.4,651.1,1006.8
39.191563,-9.160919,44.0,2006-04-21T16:00,14.8,56,6.2,10.1,0.0,0.0,0.0,0.0,0,1013.9,1008.6,19,14,11,0,0.3,0.74,26.6,33.5,297,297,44.6,18.5,16.1,15.0,13.5,0.236,0.275,0.323,0.27,1,3600.0,573.0,395.0,178.0,582.7,573.0,918.6,512.6,353.4,159.2,582.7,512.6,821.7
39.191563,-9.160919,44.0,2006-04-21T17:00,14.7,56,6.1,10.0,0.0,0.0,0.0,0.0,1,1013.6,1008.3,24,19,11,1,0.23,0.73,25.5,32.4,289,289,44.6,17.7,16.2,15.0,13.5,0.235,0.275,0.323,0.27,1,3600.0,394.0,235.0,159.0,448.3,394.0,710.4,328.8,196.1,132.7,448.3,328.8,592.8
39.191563,-9.160919,44.0,2006-04-21T18:00,14.2,64,7.6,9.7,0.2,0.2,0.0,0.0,51,1012.7,1007.4,100,89,53,26,0.15,0.57,26.1,34.2,282,282,45.4,16.8,16.2,15.0,13.5,0.234,0.275,0.323,0.27,1,3600.0,204.0,113.0,91.0,328.6,204.0,465.9,146.9,81.4,65.5,328.6,146.9,335.6
39.191563,-9.160919,44.0,2006-04-21T19:00,13.6,68,7.7,9.1,0.0,0.0,0.0,0.0,3,1012.4,1007.1,100,92,67,75,0.1,0.51,26.7,36.1,275,275,43.6,15.7,16.2,15.0,13.5,0.234,0.275,0.323,0.27,1,3185.85,80.0,37.0,43.0,230.7,80.0,201.8,26.8,12.4,14.4,142.3,24.9,67.6
39.191563,-9.160919,44.0,2006-04-21T20:00,12.9,76,8.8,8.6,0.1,0.1,0.0,0.0,51,1011.9,1006.6,100,81,93,100,0.07,0.35,27.4,36.7,270,271,43.2,14.9,16.0,15.0,13.5,0.234,0.275,0.323,0.27,0,0.0,1.0,0.0,1.0,0.0,1.0,24.0,0.0,0.0,0.0,0.0,0.0,0.0
39.191563,-9.160919,44.0,2006-04-21T21:00,12.8,82,9.8,8.8,0.3,0.3,0.0,0.0,51,1011.7,1006.4,100,75,100,93,0.03,0.26,26.7,36.4,268,269,44.3,14.4,15.9,15.0,13.5,0.237,0.275,0.323,0.27,0,0.0,0.0,0.0,0.0,0.0,0.0,0.0,0.0,0.0,0.0,0.0,0.0,0.0
39.191563,-9.160919,44.0,2006-04-21T22:00,12.5,86,10.2,8.2,0.7,0.7,0.0,0.0,53,1010.8,1005.5,100,33,100,50,0.03,0.21,29.9,41.0,255,255,43.9,14.1,15.8,15.0,13.5,0.243,0.275,0.323,0.27,0,0.0,0.0,0.0,0.0,0.0,0.0,0.0,0.0,0.0,0.0,0.0,0.0,0.0
39.191563,-9.160919,44.0,2006-04-21T23:00,12.0,90,10.4,7.5,1.0,1.0,0.0,0.0,55,1009.5,1004.2,100,37,100,30,0.02,0.14,31.6,43.5,253,254,45.7,13.7,15.7,15.0,13.5,0.253,0.275,0.323,0.27,0,0.0,0.0,0.0,0.0,0.0,0.0,0.0,0.0,0.0,0.0,0.0,0.0,0.0
39.191563,-9.160919,44.0,2006-04-22T00:00,11.9,94,11.0,7.8,1.8,1.8,0.0,0.0,61,1008.3,1003.0,100,66,97,38,0.0,0.09,29.9,42.0,260,261,45.0,13.6,15.5,15.0,13.5,0.271,0.275,0.323,0.27,0,0.0,0.0,0.0,0.0,0.0,0.0,0.0,0.0,0.0,0.0,0.0,0.0,0.0
39.191563,-9.160919,44.0,2006-04-22T01:00,11.9,94,10.9,8.4,2.7,2.7,0.0,0.0,63,1007.2,1001.9,100,75,65,60,0.0,0.09,25.8,35.9,277,277,41.8,13.5,15.4,15.0,13.5,0.308,0.275,0.323,0.27,0,0.0,0.0,0.0,0.0,0.0,0.0,0.0,0.0,0.0,0.0,0.0,0.0,0.0
39.191563,-9.160919,44.0,2006-04-22T02:00,11.9,91,10.4,8.9,0.6,0.6,0.0,0.0,53,1006.2,1000.9,95,65,36,49,0.01,0.13,20.8,29.6,279,280,40.0,13.3,15.2,15.0,13.5,0.317,0.275,0.323,0.27,0,0.0,0.0,0.0,0.0,0.0,0.0,0.0,0.0,0.0,0.0,0.0,0.0,0.0
39.191563,-9.160919,44.0,2006-04-22T03:00,11.9,89,10.2,9.1,0.2,0.2,0.0,0.0,51,1005.6,1000.3,58,39,28,19,0.01,0.15,19.4,27.4,269,269,32.0,13.2,15.1,15.0,13.5,0.319,0.276,0.323,0.27,0,0.0,0.0,0.0,0.0,0.0,0.0,0.0,0.0,0.0,0.0,0.0,0.0,0.0
39.191563,-9.160919,44.0,2006-04-22T04:00,11.5,89,9.8,8.8,0.1,0.1,0.0,0.0,51,1005.4,1000.1,50,29,29,21,0.01,0.15,18.0,26.0,267,266,25.9,12.9,14.9,15.0,13.5,0.319,0.276,0.322,0.27,0,0.0,0.0,0.0,0.0,0.0,0.0,0.0,0.0,0.0,0.0,0.0,0.0,0.0
39.191563,-9.160919,44.0,2006-04-22T05:00,11.1,90,9.6,9.0,0.2,0.2,0.0,0.0,51,1005.2,999.9,71,49,20,50,0.0,0.13,14.1,20.7,257,257,24.8,12.7,14.8,15.0,13.5,0.321,0.276,0.322,0.27,0,0.0,0.0,0.0,0.0,0.0,0.0,0.0,0.0,0.0,0.0,0.0,0.0,0.0
39.191563,-9.160919,44.0,2006-04-22T06:00,10.6,93,9.5,9.1,0.0,0.0,0.0,0.0,2,1005.0,999.7,55,26,31,42,0.02,0.09,9.4,15.3,212,219,21.2,12.4,14.6,15.0,13.5,0.32,0.277,0.322,0.27,1,0.0,0.0,0.0,0.0,0.0,0.0,1.6,0.0,0.0,0.0,0.0,0.0,22.9
39.191563,-9.160919,44.0,2006-04-22T07:00,11.1,92,9.8,9.3,0.0,0.0,0.0,0.0,1,1005.1,999.8,49,26,23,39,0.02,0.11,11.8,16.7,168,173,22.0,12.6,14.5,15.0,13.5,0.32,0.277,0.322,0.27,1,2583.98,60.0,29.0,31.0,201.7,60.0,156.9,111.3,53.8,57.5,250.3,89.6,291.0
39.191563,-9.160919,44.0,2006-04-22T08:00,12.0,86,9.8,9.9,0.0,0.0,0.0,0.0,3,1005.7,1000.4,83,42,43,66,0.09,0.19,14.3,18.2,141,142,25.9,13.3,14.4,14.9,13.5,0.32,0.277,0.322,0.27,1,3600.0,208.0,125.0,83.0,400.5,208.0,422.7,271.4,163.1,108.3,400.5,271.4,551.5
39.191563,-9.160919,44.0,2006-04-22T09:00,13.2,82,10.3,10.6,0.0,0.0,0.0,0.0,3,1006.2,1000.9,92,44,48,77,0.16,0.27,18.8,23.5,119,119,31.7,14.6,14.5,14.9,13.5,0.319,0.278,0.322,0.27,1,3600.0,359.0,233.0,126.0,469.7,359.0,672.0,420.3,272.8,147.5,469.7,420.3,786.7
39.191563,-9.160919,44.0,2006-04-22T10:00,13.8,83,10.9,11.2,0.2,0.2,0.0,0.0,51,1007.4,1002.1,100,66,51,77,0.17,0.27,19.4,24.0,108,109,35.6,15.2,14.5,14.9,13.5,0.32,0.278,0.322,0.27,1,3600.0,369.0,218.0,151.0,332.6,369.0,887.8,407.6,240.8,166.8,332.6,407.6,980.6
39.191563,-9.160919,44.0,2006-04-22T11:00,14.9,82,11.8,12.3,0.6,0.6,0.0,0.0,53,1007.9,1002.7,93,66,22,69,0.23,0.31,21.4,26.9,97,98,38.9,16.4,14.7,14.9,13.5,0.322,0.278,0.322,0.27,1,3600.0,523.0,276.0,247.0,354.3,523.0,1055.3,555.0,292.9,262.1,354.3,555.0,1119.9
39.191563,-9.160919,44.0,2006-04-22T12:00,15.8,79,12.3,13.6,0.7,0.7,0.0,0.0,53,1008.4,1003.2,100,86,7,61,0.29,0.37,23.1,28.8,87,89,40.3,17.4,14.8,14.9,13.5,0.325,0.278,0.322,0.27,1,3600.0,653.0,389.0,264.0,453.0,653.0,1163.2,670.9,399.7,271.3,453.0,670.9,1195.2
39.191563,-9.160919,44.0,2006-04-22T13:00,16.7,76,12.5,14.9,0.6,0.6,0.0,0.0,53,1008.9,1003.7,73,58,11,48,0.34,0.45,24.0,30.5,81,83,42.5,18.5,15.1,14.9,13.5,0.327,0.279,0.322,0.27,1,3600.0,748.0,496.0,252.0,557.9,748.0,1204.2,746.3,494.8,251.4,557.9,746.3,1201.4
39.191563,-9.160919,44.0,2006-04-22T14:00,17.0,74,12.3,14.6,0.8,0.8,0.0,0.0,53,1008.7,1003.5,22,7,5,42,0.31,0.5,24.0,31.2,73,76,42.1,18.8,15.3,14.9,13.5,0.331,0.279,0.322,0.27,1,3600.0,645.0,383.0,262.0,441.3,645.0,1175.5,624.5,370.8,253.7,441.3,624.5,1138.1
39.191563,-9.160919,44.0,2006-04-22T15:00,16.9,69,11.2,13.4,0.5,0.5,0.0,0.0,53,1009.2,1004.0,52,16,30,66,0.28,0.6,26.6,34.6,77,78,41.0,18.7,15.5,14.9,13.5,0.332,0.279,0.322,0.27,1,3600.0,541.0,306.0,235.0,384.1,541.0,1079.0,506.2,286.3,219.9,384.1,506.2,1009.6
39.191563,-9.160919,44.0,2006-04-22T16:00,16.0,71,10.8,12.6,1.9,1.9,0.0,0.0,61,1009.9,1004.7,82,20,67,79,0.24,0.52,25.0,33.6,84,86,45.7,18.3,15.7,14.9,13.5,0.365,0.28,0.322,0.27,1,3600.0,475.0,303.0,172.0,445.3,475.0,921.5,425.1,271.2,153.9,445.3,425.1,824.7
39.191563,-9.160919,44.0,2006-04-22T17:00,15.6,74,11.0,12.6,0.5,0.5,0.0,0.0,53,1009.8,1004.6,58,18,27,84,0.17,0.46,22.6,30.2,81,82,44.3,17.4,15.8,14.9,13.5,0.365,0.281,0.322,0.27,1,3600.0,287.0,148.0,139.0,280.9,287.0,713.5,239.8,123.6,116.1,280.9,239.8,596.1
39.191563,-9.160919,44.0,2006-04-22T18:00,15.5,75,11.0,13.3,0.2,0.2,0.0,0.0,51,1010.4,1005.2,25,0,5,72,0.11,0.44,17.0,23.9,73,74,39.6,16.5,15.8,14.9,13.5,0.362,0.282,0.322,0.27,1,2008.49,147.0,44.0,103.0,126.9,147.0,469.4,106.3,31.8,74.4,126.9,106.3,339.3
39.191563,-9.160919,44.0,2006-04-22T19:00,15.3,73,10.6,14.0,0.0,0.0,0.0,0.0,1,1011.3,1006.0,30,3,13,64,0.06,0.46,9.9,17.1,44,51,27.4,15.7,15.8,14.9,13.5,0.359,0.284,0.322,0.27,1,2387.03,81.0,24.0,57.0,148.4,81.0,205.8,28.3,8.4,19.9,96.1,26.6,71.8
39.191563,-9.160919,44.0,2006-04-22T20:00,14.4,78,10.6,12.8,0.0,0.0,0.0,0.0,2,1011.8,1006.5,55,10,29,95,0.04,0.37,12.0,20.6,7,12,18.0,14.7,15.7,14.9,13.5,0.356,0.284,0.322,0.27,0,0.0,3.0,0.0,3.0,0.0,3.0,26.0,0.0,0.0,0.0,0.0,0.0,0.0
39.191563,-9.160919,44.0,2006-04-22T21:00,13.9,81,10.6,11.8,0.0,0.0,0.0,0.0,1,1012.6,1007.3,29,4,28,29,0.02,0.31,15.2,26.0,4,5,21.6,14.0,15.6,14.9,13.5,0.353,0.285,0.322,0.27,0,0.0,0.0,0.0,0.0,0.0,0.0,0.0,0.0,0.0,0.0,0.0,0.0,0.0
39.191563,-9.160919,44.0,2006-04-22T22:00,13.8,83,11.1,11.7,0.0,0.0,0.0,0.0,1,1012.7,1007.4,20,1,30,4,0.02,0.26,17.0,29.3,4,6,24.1,13.9,15.5,14.9,13.5,0.351,0.286,0.322,0.27,0,0.0,0.0,0.0,0.0,0.0,0.0,0.0,0.0,0.0,0.0,0.0,0.0,0.0
39.191563,-9.160919,44.0,2006-04-22T23:00,13.6,87,11.4,11.5,0.0,0.0,0.0,0.0,1,1012.3,1007.0,26,1,40,3,0.01,0.21,17.3,29.3,1,5,24.8,13.7,15.3,14.9,13.5,0.349,0.287,0.322,0.27,0,0.0,0.0,0.0,0.0,0.0,0.0,0.0,0.0,0.0,0.0,0.0,0.0,0.0
39.191563,-9.160919,44.0,2006-04-23T00:00,13.6,89,11.8,11.7,0.0,0.0,0.0,0.0,0,1012.1,1006.8,17,0,29,0,0.01,0.18,16.6,28.2,2,6,26.3,13.6,15.2,14.9,13.5,0.347,0.287,0.322,0.27,0,0.0,0.0,0.0,0.0,0.0,0.0,0.0,0.0,0.0,0.0,0.0,0.0,0.0
39.191563,-9.160919,44.0,2006-04-23T01:00,13.5,89,11.8,11.8,0.0,0.0,0.0,0.0,0,1011.6,1006.3,10,0,17,0,0.0,0.16,15.3,26.7,9,14,26.3,13.4,15.1,14.9,13.5,0.346,0.288,0.322,0.27,0,0.0,0.0,0.0,0.0,0.0,0.0,0.0,0.0,0.0,0.0,0.0,0.0,0.0
39.191563,-9.160919,44.0,2006-04-23T02:00,13.2,90,11.5,11.6,0.0,0.0,0.0,0.0,0,1011.0,1005.7,4,0,6,0,0.0,0.16,13.9,25.0,25,30,25.9,13.2,14.9,14.9,13.5,0.344,0.288,0.322,0.27,0,0.0,0.0,0.0,0.0,0.0,0.0,0.0,0.0,0.0,0.0,0.0,0.0,0.0
39.191563,-9.160919,44.0,2006-04-23T03:00,12.8,89,11.1,11.4,0.0,0.0,0.0,0.0,0,1010.9,1005.6,2,0,3,0,0.0,0.16,12.0,23.0,41,49,24.1,12.9,14.8,14.9,13.5,0.343,0.289,0.322,0.27,0,0.0,0.0,0.0,0.0,0.0,0.0,0.0,0.0,0.0,0.0,0.0,0.0,0.0
39.191563,-9.160919,44.0,2006-04-23T04:00,12.3,89,10.5,11.0,0.0,0.0,0.0,0.0,0,1010.8,1005.5,1,0,1,0,0.0,0.16,10.1,21.1,55,63,21.6,12.5,14.7,14.9,13.5,0.341,0.289,0.322,0.27,0,0.0,0.0,0.0,0.0,0.0,0.0,0.0,0.0,0.0,0.0,0.0,0.0,0.0
39.191563,-9.160919,44.0,2006-04-23T05:00,11.8,88,9.9,10.5,0.0,0.0,0.0,0.0,0,1011.1,1005.8,1,0,1,0,0.0,0.16,8.7,19.1,60,70,20.5,12.2,14.5,14.9,13.5,0.34,0.29,0.322,0.27,0,0.0,0.0,0.0,0.0,0.0,0.0,0.0,0.0,0.0,0.0,0.0,0.0,0.0
39.191563,-9.160919,44.0,2006-04-23T06:00,11.3,89,9.5,9.7,0.0,0.0,0.0,0.0,0,1011.5,1006.2,2,0,3,0,0.02,0.15,9.5,15.1,53,65,20.5,11.9,14.3,14.9,13.5,0.339,0.29,0.322,0.27,1,0.0,0.0,0.0,0.0,0.0,0.0,4.5,0.0,0.0,0.0,0.0,0.0,28.8
39.191563,-9.160919,44.0,2006-04-23T07:00,11.8,87,9.7,10.4,0.0,0.0,0.0,0.0,0,1012.1,1006.8,1,0,2,0,0.03,0.18,9.3,14.0,28,44,15.5,12.3,14.2,14.9,13.5,0.337,0.291,0.322,0.27,1,2662.9,77.0,46.0,31.0,315.4,77.0,162.6,140.4,83.9,56.5,383.0,115.6,296.4
39.191563,-9.160919,44.0,2006-04-23T08:00,14.8,75,10.5,13.5,0.0,0.0,0.0,0.0,0,1012.4,1007.1,2,0,3,0,0.12,0.41,9.8,15.3,28,34,15.8,14.9,14.3,14.9,13.5,0.336,0.291,0.322,0.27,1,3600.0,249.0,177.0,72.0,560.0,249.0,427.9,323.8,230.1,93.6,560.0,323.8,556.4
39.191563,-9.160919,44.0,2006-04-23T09:00,16.9,70,11.4,15.7,0.0,0.0,0.0,0.0,0,1012.4,1007.2,1,0,1,0,0.24,0.57,11.0,14.5,38,42,19.4,16.7,14.4,14.9,13.5,0.334,0.291,0.321,0.27,1,3600.0,460.0,373.0,87.0,746.3,460.0,676.7,537.8,436.1,101.7,746.3,537.8,791.1
39.191563,-9.160919,44.0,2006-04-23T10:00,18.6,67,12.3,18.4,0.0,0.0,0.0,0.0,0,1012.4,1007.2,0,0,0,0,0.36,0.71,10.1,13.2,27,35,22.3,18.7,14.7,14.9,13.5,0.331,0.291,0.321,0.27,1,3600.0,646.0,548.0,98.0,831.8,646.0,891.9,713.0,604.9,108.2,831.8,713.0,984.4
39.191563,-9.160919,44.0,2006-04-23T11:00,19.8,64,12.9,20.3,0.0,0.0,0.0,0.0,0,1011.9,1006.7,13,6,6,14,0.45,0.83,12.1,14.8,10,18,25.6,20.5,15.1,14.9,13.5,0.327,0.291,0.321,0.27,1,3600.0,793.0,689.0,104.0,880.8,793.0,1058.9,841.2,730.9,110.3,880.8,841.2,1123.3
39.191563,-9.160919,44.0,2006-04-23T12:00,20.4,62,12.8,20.4,0.0,0.0,0.0,0.0,1,1011.7,1006.5,37,19,22,23,0.5,0.92,17.7,22.3,354,359,33.1,21.7,15.6,14.9,13.5,0.323,0.291,0.321,0.27,1,3600.0,884.0,769.0,115.0,892.5,884.0,1166.5,908.1,790.0,118.1,892.5,908.1,1198.3
39.191563,-9.160919,44.0,2006-04-23T13:00,20.1,65,13.3,19.4,0.0,0.0,0.0,0.0,1,1011.3,1006.1,49,20,23,56,0.46,0.82,21.6,28.0,345,348,39.2,21.9,16.0,14.9,13.5,0.318,0.291,0.321,0.27,1,3600.0,846.0,699.0,147.0,783.9,846.0,1207.2,844.0,697.3,146.6,783.9,844.0,1204.2
39.191563,-9.160919,44.0,2006-04-23T14:00,19.5,68,13.4,18.1,0.0,0.0,0.0,0.0,1,1010.8,1005.6,38,11,17,59,0.4,0.73,23.2,30.4,347,349,40.0,21.6,16.3,14.9,13.5,0.314,0.291,0.321,0.27,1,3600.0,742.0,565.0,177.0,649.1,742.0,1178.3,718.4,547.0,171.4,649.1,718.4,1140.8
39.191563,-9.160919,44.0,2006-04-23T15:00,19.0,69,13.1,16.8,0.0,0.0,0.0,0.0,1,1010.4,1005.2,24,0,22,37,0.34,0.68,23.9,31.4,353,355,40.7,21.1,16.6,14.9,13.5,0.311,0.291,0.321,0.27,1,3600.0,632.0,484.0,148.0,605.6,632.0,1081.8,591.5,453.0,138.5,605.6,591.5,1012.4
39.191563,-9.160919,44.0,2006-04-23T16:00,18.7,69,12.9,16.5,0.0,0.0,0.0,0.0,1,1010.2,1005.0,29,1,17,60,0.34,0.67,24.3,32.5,354,356,42.8,21.0,16.9,14.9,13.5,0.308,0.291,0.321,0.27,1,3600.0,647.0,524.0,123.0,767.4,647.0,924.3,579.4,469.2,110.1,767.4,579.4,827.7
39.191563,-9.160919,44.0,2006-04-23T17:00,18.1,72,12.9,15.3,0.0,0.0,0.0,0.0,1,1010.0,1004.8,24,3,16,38,0.25,0.59,25.1,33.3,352,354,42.5,20.2,17.0,14.9,13.5,0.305,0.291,0.321,0.27,1,3600.0,458.0,348.0,110.0,657.3,458.0,716.6,383.1,291.1,92.0,657.3,383.1,599.3
39.191563,-9.160919,44.0,2006-04-23T18:00,16.8,77,12.7,14.1,0.0,0.0,0.0,0.0,1,1010.3,1005.1,24,4,21,25,0.15,0.45,24.0,34.4,351,354,41.4,19.0,17.1,14.9,13.5,0.304,0.291,0.321,0.27,1,3600.0,253.0,165.0,88.0,472.3,253.0,472.8,183.5,119.7,63.8,472.3,183.5,342.9
39.191563,-9.160919,44.0,2006-04-23T19:00,15.8,80,12.4,13.0,0.0,0.0,0.0,0.0,0,1010.4,1005.2,16,6,18,0,0.07,0.35,23.7,35.8,351,355,38.5,17.6,17.1,14.9,13.5,0.303,0.291,0.321,0.27,1,3297.86,96.0,61.0,35.0,373.8,96.0,209.7,34.8,22.1,12.7,253.6,33.0,76.0
39.191563,-9.160919,44.0,2006-04-23T20:00,14.9,84,12.1,12.0,0.0,0.0,0.0,0.0,0,1010.9,1005.6,14,1,21,2,0.05,0.28,23.8,36.7,350,353,37.4,16.4,17.0,15.0,13.5,0.303,0.291,0.321,0.27,0,0.0,3.0,1.0,2.0,15.5,3.0,28.1,0.0,0.0,0.0,0.0,0.0,0.0
39.191563,-9.160919,44.0,2006-04-23T21:00,14.3,88,12.4,11.4,0.0,0.0,0.0,0.0,1,1011.5,1006.2,22,2,21,25,0.02,0.19,25.0,37.6,348,351,38.5,15.6,16.9,15.0,13.5,0.302,0.291,0.321,0.27,0,0.0,0.0,0.0,0.0,0.0,0.0,0.0,0.0,0.0,0.0,0.0,0.0,0.0
39.191563,-9.160919,44.0,2006-04-23T22:00,14.2,92,12.8,11.8,0.0,0.0,0.0,0.0,1,1011.6,1006.3,27,17,16,7,0.01,0.14,22.4,33.1,349,352,40.0,15.2,16.7,15.0,13.5,0.302,0.291,0.321,0.27,0,0.0,0.0,0.0,0.0,0.0,0.0,0.0,0.0,0.0,0.0,0.0,0.0,0.0
39.191563,-9.160919,44.0,2006-04-23T23:00,14.0,93,12.9,11.6,0.0,0.0,0.0,0.0,1,1011.6,1006.3,35,32,10,0,0.0,0.11,22.7,33.1,350,352,40.0,15.0,16.6,15.0,13.5,0.302,0.291,0.32,0.27,0,0.0,0.0,0.0,0.0,0.0,0.0,0.0,0.0,0.0,0.0,0.0,0.0,0.0
39.191563,-9.160919,44.0,2006-04-24T00:00,13.9,94,13.0,11.4,0.0,0.0,0.0,0.0,2,1011.2,1005.9,66,65,12,0,0.0,0.09,23.3,34.1,351,353,39.2,14.8,16.4,15.0,13.5,0.302,0.291,0.32,0.27,0,0.0,0.0,0.0,0.0,0.0,0.0,0.0,0.0,0.0,0.0,0.0,0.0,0.0
39.191563,-9.160919,44.0,2006-04-24T01:00,13.8,95,13.0,11.1,0.0,0.0,0.0,0.0,3,1011.1,1005.8,83,88,6,0,0.0,0.08,24.3,34.8,352,353,38.9,14.5,16.3,15.0,13.5,0.302,0.291,0.32,0.27,0,0.0,0.0,0.0,0.0,0.0,0.0,0.0,0.0,0.0,0.0,0.0,0.0,0.0
39.191563,-9.160919,44.0,2006-04-24T02:00,13.8,96,13.1,11.3,0.0,0.0,0.0,0.0,3,1010.7,1005.4,89,96,5,0,0.0,0.07,23.8,33.9,357,358,38.5,14.4,16.1,15.0,13.5,0.302,0.291,0.32,0.27,0,0.0,0.0,0.0,0.0,0.0,0.0,0.0,0.0,0.0,0.0,0.0,0.0,0.0
39.191563,-9.160919,44.0,2006-04-24T03:00,13.8,96,13.2,11.5,0.0,0.0,0.0,0.0,3,1010.2,1004.9,91,98,4,0,0.0,0.06,22.3,32.4,360,1,37.4,14.4,16.0,15.0,13.5,0.301,0.291,0.32,0.27,0,0.0,0.0,0.0,0.0,0.0,0.0,0.0,0.0,0.0,0.0,0.0,0.0,0.0
39.191563,-9.160919,44.0,2006-04-24T04:00,13.8,96,13.3,11.9,0.0,0.0,0.0,0.0,3,1009.8,1004.5,88,97,1,0,0.0,0.06,20.5,30.6,360,1,35.6,14.4,15.9,15.0,13.6,0.301,0.291,0.32,0.27,0,0.0,0.0,0.0,0.0,0.0,0.0,0.0,0.0,0.0,0.0,0.0,0.0,0.0
39.191563,-9.160919,44.0,2006-04-24T05:00,13.9,97,13.4,12.1,0.0,0.0,0.0,0.0,3,1010.0,1004.7,88,97,1,0,0.0,0.05,19.4,29.2,359,1,34.9,14.4,15.8,15.0,13.6,0.301,0.292,0.32,0.27,0,0.0,0.0,0.0,0.0,0.0,0.0,0.0,0.0,0.0,0.0,0.0,0.0,0.0
39.191563,-9.160919,44.0,2006-04-24T06:00,14.0,97,13.5,12.2,0.0,0.0,0.0,0.0,3,1010.3,1005.0,83,92,0,0,0.01,0.05,19.8,28.8,357,358,36.4,14.4,15.7,15.0,13.6,0.301,0.292,0.32,0.27,1,0.0,1.0,0.0,1.0,0.0,1.0,7.5,4.7,0.0,4.7,0.0,0.5,34.7
39.191563,-9.160919,44.0,2006-04-24T07:00,14.6,93,13.5,12.4,0.0,0.0,0.0,0.0,3,1010.5,1005.2,81,90,0,0,0.03,0.11,23.2,29.3,354,355,35.3,14.7,15.6,15.0,13.6,0.301,0.292,0.32,0.27,1,1101.05,55.0,16.0,39.0,108.2,55.0,168.2,98.7,28.7,70.0,128.7,83.0,301.8
39.191563,-9.160919,44.0,2006-04-24T08:00,15.4,90,13.7,13.2,0.0,0.0,0.0,0.0,3,1011.0,1005.7,80,89,0,0,0.08,0.18,22.8,29.2,355,356,37.1,15.6,15.6,15.0,13.6,0.3,0.292,0.32,0.27,1,2418.47,173.0,45.0,128.0,140.6,173.0,433.0,224.2,58.3,165.9,140.6,224.2,561.3
39.191563,-9.160919,44.0,2006-04-24T09:00,16.9,85,14.3,15.1,0.0,0.0,0.0,0.0,2,1011.0,1005.8,53,59,0,0,0.19,0.29,22.0,28.1,359,1,37.4,17.2,15.7,15.0,13.6,0.299,0.292,0.32,0.27,1,3600.0,428.0,314.0,114.0,623.7,428.0,681.2,499.7,366.6,133.1,623.7,499.7,795.4
39.191563,-9.160919,44.0,2006-04-24T10:00,18.3,80,14.8,17.3,0.0,0.0,0.0,0.0,1,1011.3,1006.1,35,39,0,0,0.3,0.42,19.5,23.8,2,3,36.4,19.0,15.9,15.0,13.6,0.296,0.291,0.32,0.27,1,3600.0,616.0,484.0,132.0,731.0,616.0,895.9,679.5,533.9,145.6,731.0,679.5,988.2
39.191563,-9.160919,44.0,2006-04-24T11:00,19.4,76,15.2,19.3,0.0,0.0,0.0,0.0,0,1011.0,1005.8,9,10,0,0,0.39,0.53,19.9,24.5,355,357,36.4,20.7,16.2,15.0,13.6,0.293,0.291,0.32,0.27,1,3600.0,773.0,640.0,133.0,815.0,773.0,1062.5,819.7,678.6,141.0,815.0,819.7,1126.6
39.191563,-9.160919,44.0,2006-04-24T12:00,20.0,75,15.4,20.2,0.0,0.0,0.0,0.0,0,1011.1,1005.9,2,2,0,0,0.44,0.59,21.7,26.9,349,352,38.9,21.9,16.5,15.0,13.6,0.29,0.291,0.32,0.27,1,3600.0,869.0,749.0,120.0,866.4,869.0,1169.6,892.5,769.3,123.2,866.4,892.5,1201.3
39.191563,-9.160919,44.0,2006-04-24T13:00,20.2,74,15.3,20.3,0.0,0.0,0.0,0.0,0,1010.9,1005.7,1,1,0,0,0.46,0.62,23.4,29.7,346,349,42.1,22.7,16.9,15.0,13.6,0.286,0.291,0.32,0.27,1,3600.0,920.0,805.0,115.0,900.1,920.0,1210.0,917.7,803.0,114.7,900.1,917.7,1207.0
39.191563,-9.160919,44.0,2006-04-24T14:00,20.0,73,15.0,19.6,0.0,0.0,0.0,0.0,0,1010.7,1005.5,2,1,2,0,0.44,0.63,24.1,31.2,346,349,43.2,22.9,17.2,15.0,13.6,0.282,0.29,0.32,0.27,1,3600.0,864.0,740.0,124.0,847.8,864.0,1181.0,836.6,716.5,120.1,847.8,836.6,1143.5
39.191563,-9.160919,44.0,2006-04-24T15:00,19.8,71,14.4,18.9,0.0,0.0,0.0,0.0,0,1010.7,1005.5,3,1,3,0,0.41,0.66,23.9,31.4,348,350,44.3,22.7,17.5,15.0,13.6,0.279,0.29,0.32,0.27,1,3600.0,810.0,701.0,109.0,874.5,810.0,1084.5,758.2,656.2,102.0,874.5,758.2,1015.1
39.191563,-9.160919,44.0,2006-04-24T16:00,19.3,72,14.0,17.7,0.0,0.0,0.0,0.0,0,1010.9,1005.7,3,0,5,0,0.35,0.63,23.8,30.9,350,352,44.6,22.2,17.8,15.1,13.6,0.276,0.29,0.32,0.27,1,3600.0,672.0,568.0,104.0,828.8,672.0,927.1,602.0,508.9,93.2,828.8,602.0,830.6
39.191563,-9.160919,44.0,2006-04-24T17:00,18.6,73,13.7,16.5,0.0,0.0,0.0,0.0,0,1011.1,1005.9,4,1,6,0,0.25,0.57,22.3,30.1,351,352,43.9,21.3,18.0,15.1,13.6,0.274,0.29,0.319,0.27,1,3600.0,474.0,372.0,102.0,699.3,474.0,719.7,396.9,311.5,85.4,699.3,396.9,602.6
39.191563,-9.160919,44.0,2006-04-24T18:00,17.7,76,13.4,15.7,0.0,0.0,0.0,0.0,0,1011.7,1006.5,7,2,8,0,0.16,0.49,21.3,30.6,348,351,42.5,20.1,18.0,15.1,13.6,0.273,0.289,0.319,0.27,1,3600.0,295.0,223.0,72.0,633.4,295.0,476.3,214.7,162.3,52.4,633.4,214.7,346.6
39.191563,-9.160919,44.0,2006-04-24T19:00,16.5,81,13.2,14.4,0.0,0.0,0.0,0.0,0,1011.9,1006.7,12,3,14,2,0.07,0.36,21.4,32.5,347,350,34.6,18.6,18.0,15.1,13.6,0.273,0.289,0.319,0.27,1,3353.8,103.0,64.0,39.0,388.8,103.0,213.5,38.6,24.0,14.6,275.4,37.1,80.1
39.191563,-9.160919,44.0,2006-04-24T20:00,15.5,85,13.0,13.1,0.0,0.0,0.0,0.0,0,1012.6,1007.3,17,3,7,34,0.04,0.26,22.5,35.0,347,351,34.9,17.3,17.9,15.1,13.6,0.273,0.289,0.319,0.27,0,0.0,4.0,1.0,3.0,15.2,4.0,30.2,0.0,0.0,0.0,0.0,0.0,0.0
39.191563,-9.160919,44.0,2006-04-24T21:00,15.1,88,13.2,12.7,0.0,0.0,0.0,0.0,1,1013.4,1008.1,23,1,8,56,0.02,0.2,23.7,36.5,351,354,36.7,16.5,17.8,15.1,13.6,0.272,0.289,0.319,0.27,0,0.0,0.0,0.0,0.0,0.0,0.0,0.0,0.0,0.0,0.0,0.0,0.0,0.0
39.191563,-9.160919,44.0,2006-04-24T22:00,14.9,90,13.3,13.0,0.0,0.0,0.0,0.0,1,1014.1,1008.8,31,1,12,76,0.01,0.17,20.4,33.2,352,355,36.7,16.0,17.6,15.1,13.6,0.273,0.289,0.319,0.27,0,0.0,0.0,0.0,0.0,0.0,0.0,0.0,0.0,0.0,0.0,0.0,0.0,0.0
39.191563,-9.160919,44.0,2006-04-24T23:00,14.8,91,13.4,13.0,0.0,0.0,0.0,0.0,1,1014.1,1008.8,34,2,8,92,0.01,0.15,20.0,31.8,352,355,34.6,15.6,17.4,15.2,13.6,0.273,0.289,0.319,0.27,0,0.0,0.0,0.0,0.0,0.0,0.0,0.0,0.0,0.0,0.0,0.0,0.0,0.0
39.191563,-9.160919,44.0,2006-04-25T00:00,14.7,92,13.5,12.9,0.0,0.0,0.0,0.0,1,1014.2,1008.9,34,3,7,90,0.0,0.13,19.9,32.0,347,352,31.7,15.4,17.3,15.2,13.6,0.273,0.289,0.319,0.27,0,0.0,0.0,0.0,0.0,0.0,0.0,0.0,0.0,0.0,0.0,0.0,0.0,0.0
39.191563,-9.160919,44.0,2006-04-25T01:00,14.6,93,13.5,12.7,0.0,0.0,0.0,0.0,1,1014.0,1008.7,42,8,11,93,0.0,0.11,20.8,32.6,346,349,32.4,15.3,17.1,15.2,13.6,0.273,0.289,0.319,0.27,0,0.0,0.0,0.0,0.0,0.0,0.0,0.0,0.0,0.0,0.0,0.0,0.0,0.0
39.191563,-9.160919,44.0,2006-04-25T02:00,14.6,94,13.6,12.6,0.0,0.0,0.0,0.0,1,1013.9,1008.6,39,11,5,88,0.0,0.1,21.5,33.7,346,349,34.6,15.2,16.9,15.2,13.6,0.273,0.289,0.319,0.27,0,0.0,0.0,0.0,0.0,0.0,0.0,0.0,0.0,0.0,0.0,0.0,0.0,0.0
39.191563,-9.160919,44.0,2006-04-25T03:00,14.4,94,13.5,12.5,0.0,0.0,0.0,0.0,1,1014.0,1008.7,34,17,4,54,0.0,0.09,21.0,33.9,348,351,35.6,15.1,16.8,15.2,13.6,0.273,0.289,0.319,0.27,0,0.0,0.0,0.0,0.0,0.0,0.0,0.0,0.0,0.0,0.0,0.0,0.0,0.0
39.191563,-9.160919,44.0,2006-04-25T04:00,14.3,95,13.5,12.5,0.0,0.0,0.0,0.0,0,1013.9,1008.6,18,11,4,20,0.0,0.09,20.0,31.8,353,355,34.6,14.9,16.6,15.2,13.6,0.273,0.289,0.319,0.27,0,0.0,0.0,0.0,0.0,0.0,0.0,0.0,0.0,0.0,0.0,0.0,0.0,0.0
39.191563,-9.160919,44.0,2006-04-25T05:00,14.3,95,13.4,12.6,0.0,0.0,0.0,0.0,1,1013.9,1008.6,20,19,2,7,0.0,0.09,18.5,28.9,352,356,31.7,14.8,16.5,15.2,13.6,0.273,0.289,0.319,0.27,0,0.0,0.0,0.0,0.0,0.0,0.0,0.0,0.0,0.0,0.0,0.0,0.0,0.0
39.191563,-9.160919,44.0,2006-04-25T06:00,14.2,95,13.4,12.5,0.0,0.0,0.0,0.0,0,1014.3,1009.0,16,17,0,2,0.02,0.08,18.5,28.9,347,350,28.1,14.7,16.3,15.2,13.6,0.273,0.289,0.319,0.27,1,0.0,1.0,0.0,1.0,0.0,1.0,10.3,3.9,0.0,3.9,0.0,0.6,40.5
39.191563,-9.160919,44.0,2006-04-25T07:00,14.5,93,13.5,12.5,0.0,0.0,0.0,0.0,1,1014.9,1009.6,34,38,0,0,0.03,0.11,21.1,28.7,346,348,31.3,14.9,16.2,15.2,13.6,0.273,0.289,0.319,0.27,1,2818.41,77.0,42.0,35.0,280.2,77.0,173.8,136.1,74.2,61.9,326.9,116.7,307.1
39.191563,-9.160919,44.0,2006-04-25T08:00,15.7,89,13.9,13.9,0.0,0.0,0.0,0.0,1,1015.4,1010.1,23,26,0,0,0.1,0.2,20.7,26.8,352,353,35.6,16.2,16.2,15.2,13.6,0.273,0.289,0.319,0.27,1,3600.0,242.0,149.0,93.0,460.0,242.0,438.0,312.7,192.5,120.2,460.0,312.7,566.0
39.191563,-9.160919,44.0,2006-04-25T09:00,17.0,85,14.5,15.7,0.0,0.0,0.0,0.0,0,1015.7,1010.5,8,9,0,0,0.2,0.29,19.1,23.8,357,358,33.8,17.8,16.3,15.2,13.6,0.272,0.289,0.319,0.27,1,3600.0,442.0,336.0,106.0,662.7,442.0,685.7,515.4,391.8,123.6,662.7,515.4,799.6
39.191563,-9.160919,44.0,2006-04-25T10:00,18.5,81,15.2,18.3,0.0,0.0,0.0,0.0,1,1016.1,1010.9,42,47,0,0,0.32,0.4,16.6,19.9,2,4,31.7,19.8,16.5,15.2,13.6,0.27,0.289,0.319,0.27,1,3600.0,639.0,535.0,104.0,804.0,639.0,899.9,704.4,589.7,114.6,804.0,704.4,991.9
39.191563,-9.160919,44.0,2006-04-25T11:00,19.8,78,15.9,21.0,0.0,0.0,0.0,0.0,1,1016.0,1010.8,30,33,0,0,0.42,0.5,14.1,16.7,3,6,29.2,21.7,16.8,15.2,13.6,0.267,0.288,0.319,0.27,1,3600.0,780.0,662.0,118.0,839.8,780.0,1066.0,826.8,701.7,125.1,839.8,826.8,1129.9
39.191563,-9.160919,44.0,2006-04-25T12:00,20.9,77,16.7,23.2,0.0,0.0,0.0,0.0,0,1016.1,1010.9,2,2,0,0,0.49,0.58,12.6,15.1,355,360,27.4,23.3,17.2,15.2,13.6,0.264,0.288,0.319,0.27,1,3600.0,879.0,763.0,116.0,879.8,879.0,1172.7,902.6,783.5,119.1,879.8,902.6,1204.2
39.191563,-9.160919,44.0,2006-04-25T13:00,21.6,76,17.1,24.1,0.0,0.0,0.0,0.0,0,1015.5,1010.3,0,0,0,0,0.52,0.62,13.7,16.2,342,348,26.6,24.4,17.6,15.2,13.6,0.26,0.288,0.319,0.27,1,3600.0,915.0,796.0,119.0,887.5,915.0,1212.8,912.7,794.0,118.7,887.5,912.7,1209.7
39.191563,-9.160919,44.0,2006-04-25T14:00,21.5,77,17.3,23.5,0.0,0.0,0.0,0.0,0,1015.6,1010.4,0,0,0,0,0.49,0.59,16.1,19.1,333,338,30.6,24.9,18.0,15.3,13.6,0.257,0.287,0.318,0.27,1,3600.0,890.0,777.0,113.0,887.7,890.0,1183.6,861.8,752.4,109.4,887.7,861.8,1146.1
39.191563,-9.160919,44.0,2006-04-25T15:00,20.8,78,16.8,21.9,0.0,0.0,0.0,0.0,0,1015.7,1010.5,0,0,0,0,0.43,0.54,17.6,21.4,332,335,33.1,24.7,18.4,15.3,13.6,0.254,0.287,0.318,0.27,1,3600.0,806.0,697.0,109.0,867.0,806.0,1087.1,754.6,652.6,102.0,867.0,754.6,1017.8
39.191563,-9.160919,44.0,2006-04-25T16:00,20.1,77,15.9,20.1,0.0,0.0,0.0,0.0,0,1015.7,1010.5,0,0,0,0,0.35,0.55,18.1,22.1,337,338,33.1,23.9,18.7,15.3,13.6,0.251,0.286,0.318,0.27,1,3600.0,665.0,564.0,101.0,820.1,665.0,929.9,596.1,505.5,90.5,820.1,596.1,833.5
39.191563,-9.160919,44.0,2006-04-25T17:00,19.5,75,15.0,18.6,0.0,0.0,0.0,0.0,0,1016.1,1010.9,1,0,1,0,0.27,0.55,17.3,21.9,339,343,32.8,22.9,18.9,15.3,13.6,0.25,0.286,0.318,0.27,1,3600.0,497.0,408.0,89.0,763.4,497.0,722.7,416.6,342.0,74.6,763.4,416.6,605.8
39.191563,-9.160919,44.0,2006-04-25T18:00,18.7,77,14.6,17.8,0.0,0.0,0.0,0.0,0,1016.3,1011.1,2,0,3,0,0.16,0.49,16.2,21.5,343,346,31.3,21.5,18.9,15.3,13.6,0.249,0.286,0.318,0.27,1,3600.0,294.0,225.0,69.0,634.3,294.0,479.7,214.6,164.3,50.4,634.3,214.6,350.2
39.191563,-9.160919,44.0,2006-04-25T19:00,17.2,83,14.2,16.5,0.0,0.0,0.0,0.0,0,1016.7,1011.5,2,0,4,0,0.06,0.34,14.5,21.7,341,348,26.6,19.8,18.9,15.3,13.6,0.248,0.286,0.318,0.27,1,3409.67,100.0,64.0,36.0,385.6,100.0,217.4,38.7,24.8,13.9,284.4,37.5,84.2
39.191563,-9.160919,44.0,2006-04-25T20:00,16.0,88,13.9,15.3,0.0,0.0,0.0,0.0,0,1017.0,1011.7,5,0,9,0,0.03,0.22,13.1,21.5,344,351,23.0,18.2,18.8,15.4,13.6,0.249,0.286,0.318,0.27,0,0.0,5.0,1.0,4.0,14.8,5.0,32.2,0.0,0.0,0.0,0.0,0.0,0.0
39.191563,-9.160919,44.0,2006-04-25T21:00,15.4,90,13.7,14.9,0.0,0.0,0.0,0.0,0,1017.8,1012.5,4,0,6,0,0.0,0.18,11.8,20.7,348,353,20.5,17.2,18.6,15.4,13.6,0.249,0.286,0.318,0.27,0,0.0,0.0,0.0,0.0,0.0,0.0,0.0,0.0,0.0,0.0,0.0,0.0,0.0
39.191563,-9.160919,44.0,2006-04-25T22:00,15.0,91,13.5,14.8,0.0,0.0,0.0,0.0,0,1018.2,1012.9,0,0,0,0,0.0,0.16,9.5,18.4,351,358,18.0,16.5,18.4,15.4,13.6,0.249,0.286,0.318,0.27,0,0.0,0.0,0.0,0.0,0.0,0.0,0.0,0.0,0.0,0.0,0.0,0.0,0.0
39.191563,-9.160919,44.0,2006-04-25T23:00,14.7,92,13.4,14.4,0.0,0.0,0.0,0.0,0,1018.1,1012.8,2,0,1,3,0.0,0.14,9.5,18.4,351,359,16.6,15.9,18.2,15.4,13.6,0.249,0.286,0.318,0.27,0,0.0,0.0,0.0,0.0,0.0,0.0,0.0,0.0,0.0,0.0,0.0,0.0,0.0
39.191563,-9.160919,44.0,2006-04-26T00:00,14.4,93,13.4,14.2,0.0,0.0,0.0,0.0,0,1018.1,1012.8,0,0,0,0,0.0,0.11,9.1,18.0,351,359,15.5,15.5,18.0,15.4,13.6,0.25,0.286,0.318,0.27,0,0.0,0.0,0.0,0.0,0.0,0.0,0.0,0.0,0.0,0.0,0.0,0.0,0.0
39.191563,-9.160919,44.0,2006-04-26T01:00,14.2,94,13.3,13.8,0.0,0.0,0.0,0.0,0,1017.8,1012.5,1,0,1,2,0.0,0.09,9.5,18.4,349,356,15.5,15.2,17.8,15.4,13.6,0.25,0.285,0.318,0.27,0,0.0,0.0,0.0,0.0,0.0,0.0,0.0,0.0,0.0,0.0,0.0,0.0,0.0
39.191563,-9.160919,44.0,2006-04-26T02:00,14.0,95,13.2,13.6,0.0,0.0,0.0,0.0,0,1017.8,1012.5,0,0,0,0,0.0,0.08,9.8,19.1,352,356,14.8,14.9,17.5,15.4,13.6,0.25,0.285,0.318,0.27,0,0.0,0.0,0.0,0.0,0.0,0.0,0.0,0.0,0.0,0.0,0.0,0.0,0.0
39.191563,-9.160919,44.0,2006-04-26T03:00,13.8,96,13.2,13.3,0.0,0.0,0.0,0.0,0,1017.5,1012.2,0,0,0,0,0.0,0.07,10.5,20.2,354,357,15.1,14.6,17.3,15.5,13.6,0.25,0.285,0.318,0.27,0,0.0,0.0,0.0,0.0,0.0,0.0,0.0,0.0,0.0,0.0,0.0,0.0,0.0
39.191563,-9.160919,44.0,2006-04-26T04:00,13.7,96,13.1,13.2,0.0,0.0,0.0,0.0,0,1017.5,1012.2,2,2,0,0,0.0,0.07,10.5,20.5,356,360,15.1,14.4,17.1,15.5,13.6,0.251,0.285,0.318,0.27,0,0.0,0.0,0.0,0.0,0.0,0.0,0.0,0.0,0.0,0.0,0.0,0.0,0.0
39.191563,-9.160919,44.0,2006-04-26T05:00,13.6,96,13.0,13.0,0.0,0.0,0.0,0.0,0,1017.8,1012.5,3,3,0,0,0.0,0.06,10.1,19.8,358,2,15.1,14.2,16.9,15.5,13.6,0.251,0.285,0.318,0.27,0,0.0,0.0,0.0,0.0,0.0,0.0,0.0,0.0,0.0,0.0,0.0,0.0,0.0
39.191563,-9.160919,44.0,2006-04-26T06:00,13.4,96,12.9,12.9,0.0,0.0,0.0,0.0,0,1018.0,1012.7,2,2,0,0,0.01,0.05,9.4,19.1,358,3,14.4,14.0,16.7,15.5,13.6,0.251,0.285,0.318,0.27,1,0.0,1.0,0.0,1.0,0.0,1.0,13.2,3.5,0.0,3.5,0.0,0.6,46.2
39.191563,-9.160919,44.0,2006-04-26T07:00,14.5,95,13.7,14.1,0.0,0.0,0.0,0.0,0,1018.5,1013.2,4,4,0,0,0.03,0.08,10.9,18.0,354,2,17.3,14.7,16.5,15.5,13.6,0.251,0.285,0.318,0.27,1,2894.85,86.0,53.0,33.0,349.0,86.0,179.2,149.9,92.3,57.5,399.7,130.8,312.3
39.191563,-9.160919,44.0,2006-04-26T08:00,16.9,88,14.9,17.0,0.0,0.0,0.0,0.0,0,1018.9,1013.6,2,2,0,0,0.13,0.23,10.1,15.5,354,360,18.0,17.0,16.5,15.5,13.6,0.251,0.285,0.318,0.27,1,3600.0,272.0,205.0,67.0,625.5,272.0,443.0,350.4,264.1,86.3,625.5,350.4,570.6
39.191563,-9.160919,44.0,2006-04-26T09:00,18.8,82,15.6,19.2,0.0,0.0,0.0,0.0,0,1019.0,1013.8,4,4,0,0,0.25,0.39,10.0,13.1,345,352,18.4,19.1,16.7,15.5,13.6,0.251,0.285,0.318,0.27,1,3600.0,473.0,387.0,86.0,758.0,473.0,690.1,550.9,450.7,100.2,758.0,550.9,803.7
39.191563,-9.160919,44.0,2006-04-26T10:00,20.2,78,16.3,21.2,0.0,0.0,0.0,0.0,0,1019.3,1014.1,2,2,0,0,0.36,0.52,11.9,14.7,335,343,19.8,21.3,16.9,15.5,13.6,0.249,0.285,0.318,0.27,1,3600.0,657.0,559.0,98.0,836.1,657.0,903.7,723.7,615.8,108.0,836.1,723.7,995.5
39.191563,-9.160919,44.0,2006-04-26T11:00,21.2,76,16.7,23.0,0.0,0.0,0.0,0.0,0,1019.2,1014.0,0,0,0,0,0.45,0.62,13.4,16.3,333,338,23.0,23.1,17.3,15.5,13.6,0.246,0.284,0.318,0.27,1,3600.0,801.0,694.0,107.0,877.2,801.0,1069.3,848.7,735.4,113.4,877.2,848.7,1133.1
39.191563,-9.160919,44.0,2006-04-26T12:00,21.9,73,16.9,24.0,0.0,0.0,0.0,0.0,0,1019.3,1014.1,0,0,0,0,0.51,0.7,14.7,17.9,332,338,24.5,24.4,17.7,15.5,13.6,0.243,0.284,0.317,0.27,1,3600.0,896.0,783.0,113.0,900.1,896.0,1175.7,919.9,803.9,116.0,900.1,919.9,1207.0
39.191563,-9.160919,44.0,2006-04-26T13:00,22.2,72,17.0,24.5,0.0,0.0,0.0,0.0,0,1018.8,1013.6,0,0,0,0,0.53,0.74,15.1,18.7,332,337,25.9,25.3,18.1,15.5,13.6,0.24,0.283,0.317,0.27,1,3600.0,934.0,822.0,112.0,914.0,934.0,1215.5,931.5,819.8,111.7,914.0,931.5,1212.3
39.191563,-9.160919,44.0,2006-04-26T14:00,22.0,73,16.9,24.1,0.0,0.0,0.0,0.0,0,1018.9,1013.7,0,0,0,0,0.52,0.72,15.5,19.2,332,337,27.7,25.6,18.5,15.5,13.6,0.236,0.283,0.317,0.27,1,3600.0,908.0,797.0,111.0,908.1,908.0,1186.2,879.3,771.8,107.5,908.1,879.3,1148.7
39.191563,-9.160919,44.0,2006-04-26T15:00,21.6,73,16.4,22.8,0.0,0.0,0.0,0.0,0,1018.5,1013.3,2,0,4,0,0.46,0.71,16.3,20.0,332,337,28.4,25.4,18.9,15.5,13.6,0.233,0.282,0.317,0.27,1,3600.0,824.0,718.0,106.0,890.5,824.0,1089.7,771.6,672.4,99.3,890.5,771.6,1020.4
39.191563,-9.160919,44.0,2006-04-26T16:00,20.9,73,15.8,21.2,0.0,0.0,0.0,0.0,0,1018.6,1013.4,4,0,6,0,0.38,0.67,15.9,20.1,335,339,28.4,24.7,19.2,15.6,13.6,0.231,0.282,0.317,0.27,1,3600.0,686.0,587.0,99.0,850.6,686.0,932.6,615.2,526.4,88.8,850.6,615.2,836.3
39.191563,-9.160919,44.0,2006-04-26T17:00,20.0,74,15.2,19.5,0.0,0.0,0.0,0.0,0,1018.6,1013.4,10,0,16,0,0.28,0.61,15.6,20.3,337,340,27.7,23.7,19.4,15.6,13.6,0.229,0.282,0.317,0.27,1,3600.0,507.0,419.0,88.0,780.3,507.0,725.7,425.4,351.6,73.8,780.3,425.4,608.9
39.191563,-9.160919,44.0,2006-04-26T18:00,18.9,78,14.9,18.2,0.0,0.0,0.0,0.0,0,1018.8,1013.6,8,0,13,2,0.17,0.49,15.5,20.8,338,342,26.3,22.2,19.5,15.6,13.6,0.229,0.282,0.317,0.27,1,3600.0,298.0,229.0,69.0,640.7,298.0,483.0,218.3,167.7,50.5,640.7,218.3,353.8
39.191563,-9.160919,44.0,2006-04-26T19:00,17.2,83,14.2,16.4,0.0,0.0,0.0,0.0,0,1018.9,1013.6,20,2,14,32,0.07,0.34,15.3,22.4,341,345,26.3,20.3,19.5,15.6,13.6,0.229,0.281,0.317,0.27,1,3465.44,109.0,69.0,40.0,412.2,109.0,221.2,43.5,27.5,16.0,315.9,42.5,88.3
39.191563,-9.160919,44.0,2006-04-26T20:00,16.0,87,13.9,15.0,0.0,0.0,0.0,0.0,1,1019.3,1014.0,26,2,7,67,0.03,0.24,15.4,24.6,344,349,24.5,18.6,19.3,15.6,13.6,0.229,0.281,0.317,0.27,0,0.0,5.0,1.0,4.0,14.5,5.0,34.2,0.0,0.0,0.0,0.0,0.0,0.0
39.191563,-9.160919,44.0,2006-04-26T21:00,15.2,90,13.6,14.0,0.0,0.0,0.0,0.0,1,1019.8,1014.5,29,5,1,80,0.0,0.16,15.8,26.1,348,353,25.2,17.4,19.1,15.7,13.6,0.229,0.281,0.317,0.27,0,0.0,0.0,0.0,0.0,0.0,0.0,0.0,0.0,0.0,0.0,0.0,0.0,0.0
39.191563,-9.160919,44.0,2006-04-26T22:00,14.8,92,13.5,13.6,0.0,0.0,0.0,0.0,1,1020.1,1014.8,31,8,0,79,0.0,0.14,15.5,25.1,348,352,25.2,16.6,18.9,15.7,13.6,0.229,0.281,0.317,0.27,0,0.0,0.0,0.0,0.0,0.0,0.0,0.0,0.0,0.0,0.0,0.0,0.0,0.0
39.191563,-9.160919,44.0,2006-04-26T23:00,14.5,93,13.4,13.1,0.0,0.0,0.0,0.0,1,1020.1,1014.8,32,7,0,87,0.0,0.11,16.9,26.8,349,353,25.6,16.1,18.7,15.7,13.6,0.23,0.281,0.317,0.27,0,0.0,0.0,0.0,0.0,0.0,0.0,0.0,0.0,0.0,0.0,0.0,0.0,0.0
39.191563,-9.160919,44.0,2006-04-27T00:00,14.3,94,13.3,12.6,0.0,0.0,0.0,0.0,1,1019.9,1014.6,37,13,0,83,0.0,0.1,18.6,28.0,350,353,27.0,15.7,18.4,15.7,13.7,0.23,0.281,0.317,0.27,0,0.0,0.0,0.0,0.0,0.0,0.0,0.0,0.0,0.0,0.0,0.0,0.0,0.0
39.191563,-9.160919,44.0,2006-04-27T01:00,14.2,94,13.3,12.5,0.0,0.0,0.0,0.0,1,1019.6,1014.3,35,10,0,88,0.0,0.09,18.6,28.7,350,352,27.7,15.5,18.2,15.7,13.7,0.231,0.281,0.317,0.27,0,0.0,0.0,0.0,0.0,0.0,0.0,0.0,0.0,0.0,0.0,0.0,0.0,0.0
39.191563,-9.160919,44.0,2006-04-27T02:00,14.1,95,13.3,12.3,0.0,0.0,0.0,0.0,1,1019.2,1013.9,36,10,0,91,0.0,0.08,19.1,29.2,349,351,28.4,15.3,18.0,15.7,13.7,0.231,0.281,0.317,0.27,0,0.0,0.0,0.0,0.0,0.0,0.0,0.0,0.0,0.0,0.0,0.0,0.0,0.0
39.191563,-9.160919,44.0,2006-04-27T03:00,14.0,96,13.3,12.1,0.0,0.0,0.0,0.0,1,1019.0,1013.7,38,15,0,81,0.0,0.07,20.1,30.6,350,351,29.2,15.1,17.8,15.7,13.7,0.231,0.281,0.317,0.27,0,0.0,0.0,0.0,0.0,0.0,0.0,0.0,0.0,0.0,0.0,0.0,0.0,0.0
39.191563,-9.160919,44.0,2006-04-27T04:00,14.1,96,13.4,12.1,0.0,0.0,0.0,0.0,1,1018.7,1013.4,42,28,0,55,0.0,0.07,20.7,30.8,352,353,31.0,15.1,17.6,15.7,13.7,0.232,0.281,0.317,0.27,0,0.0,0.0,0.0,0.0,0.0,0.0,0.0,0.0,0.0,0.0,0.0,0.0,0.0
39.191563,-9.160919,44.0,2006-04-27T05:00,14.1,96,13.4,12.2,0.0,0.0,0.0,0.0,2,1018.5,1013.2,52,42,0,46,0.0,0.07,20.0,29.7,353,354,31.3,15.0,17.4,15.7,13.7,0.232,0.28,0.316,0.27,0,0.0,0.0,0.0,0.0,0.0,0.0,0.0,0.0,0.0,0.0,0.0,0.0,0.0
39.191563,-9.160919,44.0,2006-04-27T06:00,14.1,96,13.4,12.1,0.0,0.0,0.0,0.0,2,1018.8,1013.5,70,57,0,63,0.02,0.07,20.7,30.4,353,354,31.3,15.0,17.2,15.7,13.7,0.232,0.28,0.316,0.27,1,0.0,1.0,0.0,1.0,0.0,1.0,16.0,3.2,0.0,3.2,0.0,0.7,51.7
39.191563,-9.160919,44.0,2006-04-27T07:00,14.5,92,13.1,12.1,0.0,0.0,0.0,0.0,3,1019.0,1013.7,94,79,0,77,0.04,0.14,23.2,30.5,353,353,38.2,15.2,17.0,15.7,13.7,0.232,0.28,0.316,0.27,1,2970.31,82.0,45.0,37.0,292.6,82.0,184.6,141.0,77.4,63.6,329.4,125.2,317.4
39.191563,-9.160919,44.0,2006-04-27T08:00,15.3,88,13.3,12.8,0.0,0.0,0.0,0.0,2,1019.4,1014.1,54,32,0,83,0.1,0.21,24.3,30.8,353,353,39.6,16.2,17.0,15.7,13.7,0.232,0.28,0.316,0.27,1,3600.0,210.0,94.0,116.0,283.6,210.0,447.8,269.8,120.7,149.0,283.6,269.8,575.2
39.191563,-9.160919,44.0,2006-04-27T09:00,16.3,83,13.4,13.9,0.0,0.0,0.0,0.0,2,1019.5,1014.2,57,36,0,82,0.19,0.31,23.9,30.1,353,354,40.7,17.6,17.0,15.8,13.7,0.232,0.28,0.316,0.27,1,3600.0,428.0,285.0,143.0,554.5,428.0,694.3,497.9,331.5,166.3,554.5,497.9,807.7
39.191563,-9.160919,44.0,2006-04-27T10:00,17.2,79,13.5,15.3,0.0,0.0,0.0,0.0,3,1019.6,1014.3,82,65,0,77,0.29,0.42,23.4,29.1,350,351,40.0,19.3,17.1,15.8,13.7,0.23,0.28,0.316,0.27,1,3600.0,629.0,460.0,169.0,684.8,629.0,907.5,692.5,506.4,186.1,684.8,692.5,999.0
39.191563,-9.160919,44.0,2006-04-27T11:00,18.2,74,13.4,17.0,0.0,0.0,0.0,0.0,1,1019.7,1014.5,45,32,0,55,0.39,0.55,24.1,29.5,346,347,41.0,21.0,17.3,15.8,13.7,0.228,0.279,0.316,0.27,1,3600.0,813.0,690.0,123.0,869.0,813.0,1072.6,861.2,730.9,130.3,869.0,861.2,1136.1
39.191563,-9.160919,44.0,2006-04-27T12:00,18.8,70,13.3,17.9,0.0,0.0,0.0,0.0,0,1019.4,1014.2,17,17,0,7,0.45,0.65,25.2,30.8,343,344,41.4,22.3,17.6,15.8,13.7,0.225,0.279,0.316,0.27,1,3600.0,917.0,804.0,113.0,921.5,917.0,1178.6,941.3,825.3,116.0,921.5,941.3,1209.8
39.191563,-9.160919,44.0,2006-04-27T13:00,19.0,68,13.0,18.0,0.0,0.0,0.0,0.0,0,1019.0,1013.8,13,12,0,6,0.47,0.7,26.1,32.3,342,343,42.1,23.1,17.9,15.8,13.7,0.223,0.279,0.316,0.27,1,3600.0,954.0,839.0,115.0,930.3,954.0,1218.2,951.4,836.7,114.7,930.3,951.4,1214.9
39.191563,-9.160919,44.0,2006-04-27T14:00,18.9,67,12.7,17.6,0.0,0.0,0.0,0.0,0,1018.7,1013.5,14,11,0,12,0.46,0.71,26.2,32.4,342,343,42.8,23.4,18.2,15.8,13.7,0.22,0.278,0.316,0.27,1,3600.0,930.0,818.0,112.0,929.5,930.0,1188.7,900.6,792.2,108.5,929.5,900.6,1151.2
39.191563,-9.160919,44.0,2006-04-27T15:00,18.6,67,12.3,16.8,0.0,0.0,0.0,0.0,0,1018.2,1013.0,14,9,0,21,0.42,0.71,26.3,32.7,341,341,43.2,23.2,18.4,15.8,13.7,0.217,0.278,0.316,0.27,1,3600.0,844.0,736.0,108.0,910.2,844.0,1092.2,790.5,689.4,101.2,910.2,790.5,1023.0
39.191563,-9.160919,44.0,2006-04-27T16:00,18.0,69,12.2,15.5,0.0,0.0,0.0,0.0,0,1017.7,1012.5,15,7,0,28,0.35,0.64,26.9,33.9,340,341,44.3,22.7,18.6,15.8,13.7,0.215,0.277,0.316,0.27,1,3600.0,707.0,607.0,100.0,876.6,707.0,935.2,634.3,544.6,89.7,876.6,634.3,839.1
39.191563,-9.160919,44.0,2006-04-27T17:00,17.3,73,12.4,14.2,0.0,0.0,0.0,0.0,0,1017.5,1012.3,10,4,0,20,0.26,0.54,26.5,34.0,339,340,44.3,21.7,18.8,15.8,13.7,0.214,0.277,0.315,0.27,1,3600.0,525.0,435.0,90.0,806.4,525.0,728.6,441.0,365.4,75.6,806.4,441.0,612.0
39.191563,-9.160919,44.0,2006-04-27T18:00,16.6,77,12.6,13.7,0.0,0.0,0.0,0.0,0,1017.4,1012.1,14,0,0,45,0.16,0.43,25.5,33.5,338,339,42.8,20.3,18.8,15.8,13.7,0.213,0.277,0.315,0.27,1,3600.0,320.0,248.0,72.0,688.7,320.0,486.3,235.1,182.2,52.9,688.7,235.1,357.3
39.191563,-9.160919,44.0,2006-04-27T19:00,15.4,84,12.7,13.0,0.0,0.0,0.0,0.0,0,1017.0,1011.7,13,1,0,41,0.07,0.28,22.7,32.7,335,336,41.0,18.7,18.7,15.9,13.7,0.213,0.277,0.315,0.27,1,3521.08,121.0,78.0,43.0,462.2,121.0,225.0,49.7,32.0,17.6,367.3,49.0,92.3
39.191563,-9.160919,44.0,2006-04-27T20:00,14.7,89,12.8,12.4,0.0,0.0,0.0,0.0,0,1017.0,1011.7,8,1,0,24,0.03,0.19,21.7,33.4,333,336,36.4,17.2,18.6,15.9,13.7,0.214,0.277,0.315,0.27,0,0.0,6.0,2.0,4.0,28.3,6.0,36.3,0.0,0.0,0.0,0.0,0.0,0.0
39.191563,-9.160919,44.0,2006-04-27T21:00,14.5,90,12.9,12.5,0.0,0.0,0.0,0.0,0,1017.1,1011.8,0,0,0,1,0.01,0.16,20.3,32.8,335,339,33.8,16.3,18.4,15.9,13.7,0.214,0.276,0.315,0.27,0,0.0,0.0,0.0,0.0,0.0,0.0,0.0,0.0,0.0,0.0,0.0,0.0,0.0
39.191563,-9.160919,44.0,2006-04-27T22:00,14.6,90,12.9,12.6,0.0,0.0,0.0,0.0,0,1017.2,1011.9,0,0,0,0,0.01,0.17,19.5,31.8,337,342,32.0,15.8,18.2,15.9,13.7,0.215,0.276,0.315,0.27,0,0.0,0.0,0.0,0.0,0.0,0.0,0.0,0.0,0.0,0.0,0.0,0.0,0.0
39.191563,-9.160919,44.0,2006-04-27T23:00,14.7,89,12.9,12.7,0.0,0.0,0.0,0.0,0,1016.8,1011.5,1,1,0,0,0.01,0.18,19.9,32.1,340,344,30.6,15.4,18.0,15.9,13.7,0.215,0.276,0.315,0.27,0,0.0,0.0,0.0,0.0,0.0,0.0,0.0,0.0,0.0,0.0,0.0,0.0,0.0
39.191563,-9.160919,44.0,2006-04-28T00:00,14.7,89,12.9,12.7,0.0,0.0,0.0,0.0,0,1016.5,1011.2,0,0,0,0,0.01,0.19,20.3,32.8,343,347,30.6,15.2,17.8,15.9,13.7,0.215,0.276,0.315,0.27,0,0.0,0.0,0.0,0.0,0.0,0.0,0.0,0.0,0.0,0.0,0.0,0.0,0.0
39.191563,-9.160919,44.0,2006-04-28T01:00,14.7,89,12.8,12.5,0.0,0.0,0.0,0.0,0,1015.8,1010.5,0,0,0,0,0.01,0.19,20.6,33.5,348,351,30.2,15.0,17.6,15.9,13.7,0.216,0.276,0.315,0.27,0,0.0,0.0,0.0,0.0,0.0,0.0,0.0,0.0,0.0,0.0,0.0,0.0,0.0
39.191563,-9.160919,44.0,2006-04-28T02:00,14.6,90,12.9,12.5,0.0,0.0,0.0,0.0,0,1015.4,1010.1,2,2,0,0,0.01,0.17,20.3,32.5,353,356,29.9,14.9,17.4,15.9,13.7,0.216,0.276,0.315,0.27,0,0.0,0.0,0.0,0.0,0.0,0.0,0.0,0.0,0.0,0.0,0.0,0.0,0.0
39.191563,-9.160919,44.0,2006-04-28T03:00,14.5,90,12.9,12.8,0.0,0.0,0.0,0.0,0,1015.0,1009.7,2,2,0,0,0.01,0.16,18.0,30.2,357,1,28.4,14.8,17.2,15.9,13.7,0.216,0.276,0.315,0.27,0,0.0,0.0,0.0,0.0,0.0,0.0,0.0,0.0,0.0,0.0,0.0,0.0,0.0
39.191563,-9.160919,44.0,2006-04-28T04:00,14.3,92,13.0,13.0,0.0,0.0,0.0,0.0,0,1014.9,1009.6,2,2,0,0,0.0,0.13,15.1,26.0,3,10,25.2,14.6,17.0,15.9,13.7,0.217,0.276,0.315,0.27,0,0.0,0.0,0.0,0.0,0.0,0.0,0.0,0.0,0.0,0.0,0.0,0.0,0.0
39.191563,-9.160919,44.0,2006-04-28T05:00,14.3,90,12.7,13.3,0.0,0.0,0.0,0.0,0,1014.8,1009.5,2,2,0,0,0.0,0.16,12.2,22.2,14,27,21.6,14.4,16.8,15.9,13.7,0.217,0.276,0.315,0.27,0,0.0,0.0,0.0,0.0,0.0,0.0,0.0,0.0,0.0,0.0,0.0,0.0,0.0
39.191563,-9.160919,44.0,2006-04-28T06:00,14.2,84,11.5,13.1,0.0,0.0,0.0,0.0,0,1014.8,1009.5,0,0,0,0,0.03,0.26,10.9,20.9,27,44,20.5,14.0,16.6,15.9,13.7,0.218,0.276,0.315,0.27,1,0.0,2.0,0.0,2.0,0.0,2.0,18.7,6.1,0.0,6.1,0.0,1.5,57.2
39.191563,-9.160919,44.0,2006-04-28T07:00,14.9,84,12.3,13.7,0.0,0.0,0.0,0.0,0,1015.3,1010.0,0,0,0,0,0.05,0.26,13.0,21.2,42,55,20.5,14.6,16.5,15.9,13.7,0.218,0.275,0.315,0.27,1,3044.7,95.0,60.0,35.0,385.4,95.0,189.8,161.3,101.9,59.4,426.8,145.7,322.3
39.191563,-9.160919,44.0,2006-04-28T08:00,17.1,68,11.1,15.5,0.0,0.0,0.0,0.0,0,1015.7,1010.5,0,0,0,0,0.16,0.63,13.2,19.1,45,54,21.6,16.7,16.5,15.9,13.7,0.218,0.275,0.315,0.27,1,3600.0,286.0,219.0,67.0,653.5,286.0,452.5,366.4,280.5,85.8,653.5,366.4,579.6
39.191563,-9.160919,44.0,2006-04-28T09:00,18.7,59,10.4,16.7,0.0,0.0,0.0,0.0,0,1015.8,1010.6,0,0,0,0,0.29,0.9,14.5,19.4,42,48,24.8,18.7,16.6,15.9,13.7,0.217,0.275,0.315,0.27,1,3600.0,490.0,403.0,87.0,779.0,490.0,698.5,569.3,468.2,101.1,779.0,569.3,811.6
39.191563,-9.160919,44.0,2006-04-28T10:00,20.2,55,10.9,18.9,0.0,0.0,0.0,0.0,0,1016.2,1011.0,0,0,0,0,0.4,1.06,14.9,19.0,32,37,27.0,20.7,16.9,15.9,13.7,0.215,0.275,0.315,0.27,1,3600.0,673.0,575.0,98.0,852.1,673.0,911.1,740.5,632.6,107.8,852.1,740.5,1002.4
39.191563,-9.160919,44.0,2006-04-28T11:00,21.3,54,11.5,21.0,0.0,0.0,0.0,0.0,0,1015.7,1010.5,0,0,0,0,0.49,1.18,15.4,19.6,21,26,28.4,22.5,17.2,15.9,13.7,0.212,0.274,0.315,0.27,1,3600.0,819.0,713.0,106.0,894.8,819.0,1075.8,867.2,755.0,112.2,894.8,867.2,1139.1
39.191563,-9.160919,44.0,2006-04-28T12:00,22.1,53,12.0,22.2,0.0,0.0,0.0,0.0,0,1015.4,1010.2,0,0,0,0,0.56,1.26,16.4,20.9,9,15,31.0,24.0,17.6,15.9,13.7,0.209,0.274,0.315,0.27,1,3600.0,914.0,803.0,111.0,917.7,914.0,1181.4,938.0,824.1,113.9,917.7,938.0,1212.4
39.191563,-9.160919,44.0,2006-04-28T13:00,22.4,54,12.5,22.5,0.0,0.0,0.0,0.0,0,1014.8,1009.7,0,0,0,0,0.58,1.26,18.7,23.5,360,5,34.6,24.9,18.0,15.9,13.7,0.206,0.273,0.314,0.27,1,3600.0,949.0,836.0,113.0,924.6,949.0,1220.7,946.4,833.7,112.7,924.6,946.4,1217.4
39.191563,-9.160919,44.0,2006-04-28T14:00,22.3,56,13.2,22.1,0.0,0.0,0.0,0.0,0,1014.7,1009.6,0,0,0,0,0.55,1.18,21.0,27.0,354,359,38.2,25.2,18.3,15.9,13.7,0.203,0.273,0.314,0.27,1,3600.0,923.0,812.0,111.0,920.3,923.0,1191.1,893.9,786.4,107.5,920.3,893.9,1153.6
39.191563,-9.160919,44.0,2006-04-28T15:00,21.9,61,13.9,21.1,0.0,0.0,0.0,0.0,0,1014.0,1008.8,0,0,0,0,0.49,1.03,22.9,30.0,352,356,40.7,25.1,18.7,16.0,13.7,0.2,0.272,0.314,0.27,1,3600.0,837.0,729.0,108.0,899.1,837.0,1094.6,784.1,682.9,101.2,899.1,784.1,1025.5
39.191563,-9.160919,44.0,2006-04-28T16:00,21.1,64,14.0,19.6,0.0,0.0,0.0,0.0,0,1013.9,1008.7,0,0,0,0,0.4,0.9,24.1,32.2,351,354,42.1,24.4,19.0,16.0,13.7,0.198,0.272,0.314,0.27,1,3600.0,697.0,597.0,100.0,859.3,697.0,937.9,625.6,535.9,89.8,859.3,625.6,841.8
39.191563,-9.160919,44.0,2006-04-28T17:00,20.2,67,13.8,17.9,0.0,0.0,0.0,0.0,0,1013.6,1008.4,0,0,0,0,0.3,0.78,24.1,33.0,351,353,42.1,23.4,19.2,16.0,13.7,0.197,0.272,0.314,0.27,1,3600.0,517.0,428.0,89.0,789.9,517.0,731.5,434.7,359.9,74.8,789.9,434.7,615.1
39.191563,-9.160919,44.0,2006-04-28T18:00,18.9,71,13.5,16.6,0.0,0.0,0.0,0.0,0,1013.5,1008.3,0,0,0,0,0.19,0.63,23.3,32.5,352,355,41.4,21.9,19.3,16.0,13.7,0.196,0.271,0.314,0.27,1,3600.0,316.0,244.0,72.0,672.7,316.0,489.6,232.9,179.8,53.1,672.7,232.9,360.8
39.191563,-9.160919,44.0,2006-04-28T19:00,17.7,74,12.9,15.4,0.0,0.0,0.0,0.0,0,1013.5,1008.3,0,0,0,0,0.1,0.53,21.6,33.1,356,359,36.7,20.1,19.3,16.0,13.7,0.196,0.271,0.314,0.27,1,3576.56,122.0,79.0,43.0,464.4,122.0,228.8,51.4,33.3,18.1,381.8,51.2,96.4
39.191563,-9.160919,44.0,2006-04-28T20:00,16.5,77,12.5,14.3,0.0,0.0,0.0,0.0,0,1013.5,1008.3,0,0,0,0,0.06,0.43,19.8,32.4,360,3,33.8,18.5,19.1,16.0,13.7,0.196,0.271,0.314,0.27,0,0.0,6.0,2.0,4.0,27.7,6.0,38.3,0.0,0.0,0.0,0.0,0.0,0.0
39.191563,-9.160919,44.0,2006-04-28T21:00,16.0,79,12.4,14.1,0.0,0.0,0.0,0.0,0,1014.0,1008.7,0,0,0,0,0.03,0.38,18.1,30.9,5,7,30.6,17.4,19.0,16.0,13.7,0.196,0.271,0.314,0.27,0,0.0,0.0,0.0,0.0,0.0,0.0,0.0,0.0,0.0,0.0,0.0,0.0,0.0
39.191563,-9.160919,44.0,2006-04-28T22:00,15.8,80,12.4,14.5,0.0,0.0,0.0,0.0,0,1014.3,1009.0,0,0,0,0,0.02,0.35,14.1,26.0,6,10,27.7,16.7,18.8,16.0,13.7,0.197,0.271,0.314,0.27,0,0.0,0.0,0.0,0.0,0.0,0.0,0.0,0.0,0.0,0.0,0.0,0.0,0.0
39.191563,-9.160919,44.0,2006-04-28T23:00,15.5,82,12.5,14.4,0.0,0.0,0.0,0.0,0,1014.2,1008.9,0,0,0,0,0.02,0.32,13.0,24.6,5,11,24.5,16.2,18.6,16.1,13.7,0.197,0.271,0.314,0.27,0,0.0,0.0,0.0,0.0,0.0,0.0,0.0,0.0,0.0,0.0,0.0,0.0,0.0
39.191563,-9.160919,44.0,2006-04-29T00:00,15.2,84,12.6,14.3,0.0,0.0,0.0,0.0,0,1013.7,1008.4,0,0,0,0,0.01,0.27,11.6,22.8,5,12,21.6,15.7,18.4,16.1,13.7,0.197,0.271,0.314,0.27,0,0.0,0.0,0.0,0.0,0.0,0.0,0.0,0.0,0.0,0.0,0.0,0.0,0.0
39.191563,-9.160919,44.0,2006-04-29T01:00,14.8,86,12.6,14.0,0.0,0.0,0.0,0.0,0,1013.3,1008.0,0,0,0,0,0.0,0.23,11.2,21.7,4,12,19.1,15.3,18.1,16.1,13.7,0.198,0.27,0.314,0.27,0,0.0,0.0,0.0,0.0,0.0,0.0,0.0,0.0,0.0,0.0,0.0,0.0,0.0
39.191563,-9.160919,44.0,2006-04-29T02:00,14.4,87,12.4,13.7,0.0,0.0,0.0,0.0,0,1012.8,1007.5,0,0,0,0,0.0,0.21,10.1,19.9,6,17,17.3,14.8,17.9,16.1,13.7,0.198,0.27,0.314,0.27,0,0.0,0.0,0.0,0.0,0.0,0.0,0.0,0.0,0.0,0.0,0.0,0.0,0.0
39.191563,-9.160919,44.0,2006-04-29T03:00,14.1,86,11.8,13.2,0.0,0.0,0.0,0.0,0,1012.5,1007.2,0,0,0,0,0.0,0.22,9.6,18.5,13,27,16.9,14.4,17.7,16.1,13.7,0.199,0.27,0.314,0.27,0,0.0,0.0,0.0,0.0,0.0,0.0,0.0,0.0,0.0,0.0,0.0,0.0,0.0
39.191563,-9.160919,44.0,2006-04-29T04:00,13.9,79,10.4,12.6,0.0,0.0,0.0,0.0,0,1012.5,1007.2,0,0,0,0,0.01,0.33,9.3,18.1,28,44,17.6,13.9,17.4,16.1,13.7,0.199,0.27,0.314,0.27,0,0.0,0.0,0.0,0.0,0.0,0.0,0.0,0.0,0.0,0.0,0.0,0.0,0.0
39.191563,-9.160919,44.0,2006-04-29T05:00,13.8,68,7.9,11.8,0.0,0.0,0.0,0.0,0,1012.2,1006.9,0,0,0,0,0.03,0.51,9.7,20.4,51,64,19.4,13.4,17.2,16.1,13.7,0.199,0.27,0.314,0.27,0,0.0,0.0,0.0,0.0,0.0,0.0,0.0,0.0,0.0,0.0,0.0,0.0,0.0
39.191563,-9.160919,44.0,2006-04-29T06:00,13.5,60,5.8,10.8,0.0,0.0,0.0,0.0,0,1012.6,1007.3,0,0,0,0,0.07,0.62,11.0,23.5,71,79,22.0,13.1,16.9,16.1,13.7,0.2,0.27,0.314,0.27,1,0.0,2.0,1.0,1.0,16.8,2.0,21.4,5.9,2.9,2.9,33.6,1.6,62.6
39.191563,-9.160919,44.0,2006-04-29T07:00,14.1,63,7.0,11.1,0.0,0.0,0.0,0.0,0,1012.9,1007.6,0,0,0,0,0.09,0.6,15.2,26.3,85,86,23.4,13.8,16.7,16.1,13.8,0.2,0.27,0.314,0.27,1,3117.95,100.0,63.0,37.0,399.8,100.0,194.9,167.9,105.8,62.1,436.1,153.9,327.2
39.191563,-9.160919,44.0,2006-04-29T08:00,15.9,53,6.4,12.4,0.0,0.0,0.0,0.0,0,1013.2,1007.9,0,0,0,0,0.19,0.84,17.3,26.6,90,90,28.1,15.7,16.6,16.1,13.8,0.199,0.27,0.314,0.27,1,3600.0,294.0,227.0,67.0,670.2,294.0,457.1,375.6,290.0,85.6,670.2,375.6,584.0
39.191563,-9.160919,44.0,2006-04-29T09:00,17.7,49,6.7,14.1,0.0,0.0,0.0,0.0,0,1013.3,1008.1,0,0,0,0,0.31,1.04,18.7,25.6,91,92,32.8,17.8,16.7,16.1,13.8,0.198,0.269,0.313,0.27,1,3600.0,500.0,415.0,85.0,797.1,500.0,702.6,580.3,481.6,98.6,797.1,580.3,815.4
39.191563,-9.160919,44.0,2006-04-29T10:00,19.5,47,7.8,17.0,0.0,0.0,0.0,0.0,0,1013.5,1008.3,0,0,0,0,0.41,1.21,17.5,22.2,81,82,33.1,19.9,16.9,16.1,13.8,0.196,0.269,0.313,0.27,1,3600.0,685.0,588.0,97.0,867.5,685.0,914.7,753.2,646.6,106.7,867.5,753.2,1005.7
39.191563,-9.160919,44.0,2006-04-29T11:00,21.0,45,8.5,20.1,0.0,0.0,0.0,0.0,0,1013.4,1008.2,0,0,0,0,0.51,1.37,13.5,17.7,74,77,30.2,21.9,17.1,16.1,13.8,0.194,0.269,0.313,0.27,1,3600.0,830.0,725.0,105.0,906.8,830.0,1078.9,878.6,767.4,111.1,906.8,878.6,1142.0
39.191563,-9.160919,44.0,2006-04-29T12:00,22.2,43,8.9,22.7,0.0,0.0,0.0,0.0,0,1013.0,1007.9,0,0,0,0,0.59,1.53,9.4,12.9,50,60,24.8,23.8,17.5,16.1,13.8,0.191,0.268,0.313,0.27,1,3600.0,923.0,813.0,110.0,926.5,923.0,1184.1,947.1,834.2,112.9,926.5,947.1,1215.0
39.191563,-9.160919,44.0,2006-04-29T13:00,22.8,43,9.5,23.4,0.0,0.0,0.0,0.0,0,1012.8,1007.7,0,0,0,0,0.61,1.58,10.9,13.1,9,21,23.0,25.3,17.9,16.1,13.8,0.188,0.267,0.313,0.27,1,3600.0,956.0,844.0,112.0,931.0,956.0,1223.2,953.3,841.6,111.7,931.0,953.3,1219.8
39.191563,-9.160919,44.0,2006-04-29T14:00,23.1,43,9.8,22.7,0.0,0.0,0.0,0.0,0,1012.6,1007.5,0,0,0,0,0.6,1.61,15.9,19.4,355,1,26.6,26.2,18.4,16.1,13.8,0.185,0.267,0.313,0.27,1,3600.0,927.0,816.0,111.0,922.5,927.0,1193.5,897.8,790.3,107.5,922.5,897.8,1156.0
39.191563,-9.160919,44.0,2006-04-29T15:00,22.7,46,10.5,21.3,0.0,0.0,0.0,0.0,0,1012.3,1007.2,0,0,0,0,0.54,1.49,20.4,25.7,351,354,34.6,26.0,18.8,16.1,13.8,0.182,0.266,0.313,0.27,1,3600.0,839.0,733.0,106.0,901.6,839.0,1097.0,786.2,686.8,99.3,901.6,786.2,1027.9
39.191563,-9.160919,44.0,2006-04-29T16:00,21.7,52,11.3,19.4,0.0,0.0,0.0,0.0,0,1012.5,1007.4,0,0,0,0,0.44,1.25,23.3,30.4,351,354,40.3,25.1,19.1,16.1,13.8,0.18,0.266,0.312,0.27,1,3600.0,700.0,601.0,99.0,862.3,700.0,940.4,628.6,539.7,88.9,862.3,628.6,844.5
39.191563,-9.160919,44.0,2006-04-29T17:00,20.5,55,11.2,17.3,0.0,0.0,0.0,0.0,0,1012.2,1007.0,0,0,0,0,0.34,1.09,24.3,32.1,354,356,41.4,23.8,19.3,16.1,13.8,0.179,0.266,0.312,0.27,1,3600.0,521.0,433.0,88.0,795.6,521.0,734.4,438.6,364.5,74.1,795.6,438.6,618.2
39.191563,-9.160919,44.0,2006-04-29T18:00,19.2,59,11.0,16.2,0.0,0.0,0.0,0.0,0,1012.5,1007.3,0,0,0,0,0.23,0.91,22.8,31.4,355,357,40.7,22.1,19.4,16.2,13.8,0.178,0.265,0.312,0.27,1,3600.0,320.0,249.0,71.0,681.6,320.0,492.9,236.5,184.1,52.5,681.6,236.5,364.3
39.191563,-9.160919,44.0,2006-04-29T19:00,17.3,66,10.9,14.5,0.0,0.0,0.0,0.0,0,1012.3,1007.1,0,0,0,0,0.11,0.67,20.5,31.7,357,360,36.4,20.2,19.4,16.2,13.8,0.178,0.265,0.312,0.27,1,3600.0,125.0,82.0,43.0,475.8,125.0,232.5,54.0,35.4,18.6,406.1,54.0,100.4
39.191563,-9.160919,44.0,2006-04-29T20:00,16.0,71,10.7,13.5,0.0,0.0,0.0,0.0,0,1012.6,1007.4,0,0,0,0,0.07,0.53,18.7,30.6,360,2,32.0,18.3,19.2,16.2,13.8,0.178,0.265,0.312,0.27,0,0.0,7.0,3.0,4.0,40.8,7.0,40.2,0.0,0.0,0.0,0.0,0.0,0.0
39.191563,-9.160919,44.0,2006-04-29T21:00,15.3,75,10.8,13.0,0.0,0.0,0.0,0.0,0,1012.9,1007.6,0,0,0,0,0.04,0.44,17.3,29.7,2,6,28.8,17.1,19.1,16.2,13.8,0.178,0.265,0.312,0.27,0,0.0,0.0,0.0,0.0,0.0,0.0,0.0,0.0,0.0,0.0,0.0,0.0,0.0
39.191563,-9.160919,44.0,2006-04-29T22:00,14.9,76,10.8,12.9,0.0,0.0,0.0,0.0,0,1013.1,1007.8,0,0,0,0,0.03,0.4,15.5,26.2,5,9,26.6,16.3,18.9,16.2,13.8,0.179,0.265,0.312,0.27,0,0.0,0.0,0.0,0.0,0.0,0.0,0.0,0.0,0.0,0.0,0.0,0.0,0.0
39.191563,-9.160919,44.0,2006-04-29T23:00,14.6,78,10.9,12.8,0.0,0.0,0.0,0.0,0,1013.1,1007.8,0,0,0,0,0.02,0.36,14.2,25.2,7,10,25.2,15.7,18.6,16.2,13.8,0.179,0.265,0.312,0.27,0,0.0,0.0,0.0,0.0,0.0,0.0,0.0,0.0,0.0,0.0,0.0,0.0,0.0
39.191563,-9.160919,44.0,2006-04-30T00:00,14.3,81,11.0,12.8,0.0,0.0,0.0,0.0,0,1012.4,1007.1,0,0,0,0,0.02,0.32,12.3,23.4,7,10,23.0,15.3,18.4,16.2,13.8,0.179,0.265,0.312,0.27,0,0.0,0.0,0.0,0.0,0.0,0.0,0.0,0.0,0.0,0.0,0.0,0.0,0.0
39.191563,-9.160919,44.0,2006-04-30T01:00,14.0,83,11.2,12.8,0.0,0.0,0.0,0.0,0,1012.1,1006.8,0,0,0,0,0.01,0.27,10.9,20.8,6,10,20.2,14.8,18.1,16.2,13.8,0.18,0.264,0.312,0.27,0,0.0,0.0,0.0,0.0,0.0,0.0,0.0,0.0,0.0,0.0,0.0,0.0,0.0
39.191563,-9.160919,44.0,2006-04-30T02:00,13.7,86,11.3,12.7,0.0,0.0,0.0,0.0,0,1011.4,1006.1,0,0,0,0,0.0,0.22,9.4,18.9,2,9,16.6,14.4,17.9,16.2,13.8,0.18,0.264,0.312,0.27,0,0.0,0.0,0.0,0.0,0.0,0.0,0.0,0.0,0.0,0.0,0.0,0.0,0.0
39.191563,-9.160919,44.0,2006-04-30T03:00,13.2,89,11.4,12.3,0.0,0.0,0.0,0.0,0,1011.1,1005.8,0,0,0,0,0.0,0.17,9.4,16.6,356,5,14.4,13.9,17.6,16.2,13.8,0.181,0.264,0.312,0.27,0,0.0,0.0,0.0,0.0,0.0,0.0,0.0,0.0,0.0,0.0,0.0,0.0,0.0
39.191563,-9.160919,44.0,2006-04-30T04:00,12.8,91,11.4,11.7,0.0,0.0,0.0,0.0,0,1010.8,1005.5,0,0,0,0,0.0,0.13,10.3,15.1,348,359,13.7,13.5,17.4,16.2,13.8,0.181,0.264,0.312,0.27,0,0.0,0.0,0.0,0.0,0.0,0.0,0.0,0.0,0.0,0.0,0.0,0.0,0.0
39.191563,-9.160919,44.0,2006-04-30T05:00,12.3,94,11.4,11.2,0.0,0.0,0.0,0.0,0,1010.7,1005.4,0,0,0,0,0.0,0.09,10.5,14.5,344,354,13.7,13.1,17.1,16.2,13.8,0.181,0.264,0.312,0.27,0,0.0,0.0,0.0,0.0,0.0,0.0,0.0,0.0,0.0,0.0,0.0,0.0,0.0
39.191563,-9.160919,44.0,2006-04-30T06:00,12.1,95,11.4,11.0,0.0,0.0,0.0,0.0,0,1010.6,1005.3,14,16,0,0,0.01,0.06,10.4,14.2,346,353,13.7,12.7,16.8,16.2,13.8,0.182,0.264,0.312,0.27,1,0.0,3.0,1.0,2.0,16.3,3.0,24.0,8.5,2.8,5.7,32.4,2.5,67.9
39.191563,-9.160919,44.0,2006-04-30T07:00,13.3,96,12.6,12.8,0.0,0.0,0.0,0.0,0,1010.9,1005.6,13,14,0,0,0.03,0.06,9.0,14.0,355,359,14.8,13.8,16.7,16.2,13.8,0.182,0.264,0.312,0.27,1,3189.98,100.0,61.0,39.0,382.7,100.0,200.0,166.0,101.3,64.8,411.5,154.4,332.0
39.191563,-9.160919,44.0,2006-04-30T08:00,16.1,86,13.8,16.1,0.0,0.0,0.0,0.0,0,1010.9,1005.7,0,0,0,0,0.14,0.25,8.3,10.5,5,6,15.5,16.9,16.7,16.2,13.8,0.183,0.264,0.312,0.27,1,3600.0,292.0,220.0,72.0,642.9,292.0,461.6,372.1,280.3,91.7,642.9,372.1,588.2
39.191563,-9.160919,44.0,2006-04-30T09:00,18.0,73,13.1,17.9,0.0,0.0,0.0,0.0,0,1010.8,1005.6,0,0,0,0,0.27,0.55,7.0,8.3,12,18,15.1,19.3,16.8,16.2,13.8,0.182,0.263,0.312,0.27,1,3600.0,497.0,409.0,88.0,780.8,497.0,706.5,576.2,474.2,102.0,780.8,576.2,819.1
39.191563,-9.160919,44.0,2006-04-30T10:00,19.6,64,12.5,20.4,0.0,0.0,0.0,0.0,0,1010.9,1005.7,0,0,0,0,0.4,0.82,5.5,6.8,23,32,14.8,21.7,17.1,16.2,13.8,0.181,0.263,0.312,0.27,1,3600.0,682.0,582.0,100.0,855.0,682.0,918.1,749.5,639.6,109.9,855.0,749.5,1008.9
39.191563,-9.160919,44.0,2006-04-30T11:00,20.9,57,12.1,22.7,0.0,0.0,0.0,0.0,0,1010.6,1005.4,0,0,0,0,0.51,1.06,4.0,4.1,355,15,13.7,24.0,17.4,16.2,13.8,0.179,0.263,0.312,0.27,1,3600.0,828.0,721.0,107.0,898.8,828.0,1081.9,876.2,762.9,113.2,898.8,876.2,1144.8
39.191563,-9.160919,44.0,2006-04-30T12:00,21.8,53,11.8,23.7,0.0,0.0,0.0,0.0,0,1010.8,1005.7,0,0,0,0,0.58,1.22,6.1,5.3,320,332,15.5,25.9,17.9,16.2,13.8,0.176,0.262,0.311,0.27,1,3600.0,922.0,810.0,112.0,920.5,922.0,1186.8,945.9,831.0,114.9,920.5,945.9,1217.5
39.191563,-9.160919,44.0,2006-04-30T13:00,22.2,52,11.8,23.9,0.0,0.0,0.0,0.0,0,1010.3,1005.2,0,0,0,0,0.6,1.3,8.7,8.7,315,322,19.8,26.9,18.4,16.2,13.8,0.173,0.262,0.311,0.27,1,3600.0,956.0,842.0,114.0,926.5,956.0,1225.6,953.2,839.6,113.7,926.5,953.2,1222.1
39.191563,-9.160919,44.0,2006-04-30T14:00,22.3,52,12.1,23.4,0.0,0.0,0.0,0.0,0,1010.0,1004.9,0,0,0,0,0.58,1.28,11.5,12.0,316,321,24.1,27.2,18.8,16.3,13.8,0.17,0.261,0.311,0.27,1,3600.0,928.0,816.0,112.0,920.3,928.0,1195.8,898.8,790.4,108.5,920.3,898.8,1158.3
39.191563,-9.160919,44.0,2006-04-30T15:00,22.1,55,12.7,22.4,0.0,0.0,0.0,0.0,0,1009.8,1004.7,0,0,0,0,0.52,1.19,14.3,16.4,317,320,28.1,26.9,19.2,16.3,13.8,0.168,0.261,0.311,0.27,1,3600.0,842.0,732.0,110.0,897.9,842.0,1099.4,789.1,686.0,103.1,897.9,789.1,1030.4
39.191563,-9.160919,44.0,2006-04-30T16:00,21.3,58,12.6,20.5,0.0,0.0,0.0,0.0,0,1009.6,1004.5,0,0,0,0,0.42,1.07,16.9,20.7,322,325,31.0,26.0,19.5,16.3,13.8,0.166,0.26,0.311,0.27,1,3600.0,703.0,601.0,102.0,859.5,703.0,942.9,631.6,539.9,91.6,859.5,631.6,847.2
39.191563,-9.160919,44.0,2006-04-30T17:00,20.4,59,12.0,18.5,0.0,0.0,0.0,0.0,0,1009.5,1004.3,0,0,0,0,0.32,0.99,17.3,22.2,329,331,31.3,24.6,19.8,16.3,13.8,0.165,0.26,0.311,0.27,1,3600.0,525.0,436.0,89.0,797.6,525.0,737.2,442.4,367.4,75.0,797.6,442.4,621.2
39.191563,-9.160919,44.0,2006-04-30T18:00,19.3,60,11.4,17.4,0.0,0.0,0.0,0.0,0,1009.7,1004.5,0,0,0,0,0.21,0.88,15.8,21.3,336,338,30.2,22.9,19.9,16.3,13.8,0.164,0.26,0.311,0.27,1,3600.0,322.0,247.0,75.0,671.4,322.0,496.1,238.7,183.1,55.6,671.4,238.7,367.8
39.191563,-9.160919,44.0,2006-04-30T19:00,17.8,66,11.3,16.2,0.0,0.0,0.0,0.0,0,1009.6,1004.4,0,0,0,0,0.1,0.7,13.3,20.5,341,345,25.9,20.9,19.9,16.3,13.8,0.164,0.259,0.311,0.27,1,3600.0,128.0,85.0,43.0,485.2,128.0,236.2,56.5,37.5,19.0,430.7,56.5,104.3
39.191563,-9.160919,44.0,2006-04-30T20:00,16.3,72,11.3,14.9,0.0,0.0,0.0,0.0,0,1009.9,1004.7,0,0,0,0,0.05,0.51,12.1,21.0,348,353,21.2,18.9,19.7,16.4,13.8,0.165,0.259,0.311,0.27,0,0.0,8.0,3.0,5.0,40.0,8.0,42.2,0.0,0.0,0.0,0.0,0.0,0.0
39.191563,-9.160919,44.0,2006-04-30T21:00,15.5,76,11.3,14.1,0.0,0.0,0.0,0.0,0,1010.2,1005.0,0,0,0,0,0.02,0.42,12.3,21.2,357,1,19.1,17.5,19.5,16.4,13.8,0.165,0.259,0.311,0.27,0,0.0,0.0,0.0,0.0,0.0,0.0,0.0,0.0,0.0,0.0,0.0,0.0,0.0
39.191563,-9.160919,44.0,2006-04-30T22:00,15.0,78,11.2,13.9,0.0,0.0,0.0,0.0,0,1010.8,1005.5,0,0,0,0,0.01,0.37,9.7,18.4,360,6,18.7,16.5,19.3,16.4,13.8,0.165,0.259,0.31,0.27,0,0.0,0.0,0.0,0.0,0.0,0.0,0.0,0.0,0.0,0.0,0.0,0.0,0.0
39.191563,-9.160919,44.0,2006-04-30T23:00,14.5,79,11.0,13.4,0.0,0.0,0.0,0.0,0,1010.4,1005.1,0,0,0,0,0.01,0.34,9.7,18.8,356,3,18.4,15.8,19.1,16.4,13.8,0.166,0.259,0.31,0.27,0,0.0,0.0,0.0,0.0,0.0,0.0,0.0,0.0,0.0,0.0,0.0,0.0,0.0
39.191563,-9.160919,44.0,2006-05-01T00:00,14.2,81,10.9,13.0,0.0,0.0,0.0,0.0,0,1010.4,1005.1,0,0,0,0,0.01,0.31,9.7,18.4,356,2,17.3,15.2,18.8,16.4,13.8,0.166,0.259,0.31,0.27,0,0.0,0.0,0.0,0.0,0.0,0.0,0.0,0.0,0.0,0.0,0.0,0.0,0.0
39.191563,-9.160919,44.0,2006-05-01T01:00,13.8,83,11.0,12.7,0.0,0.0,0.0,0.0,0,1009.9,1004.6,0,0,0,0,0.01,0.27,9.4,18.0,353,360,16.2,14.6,18.5,16.4,13.8,0.166,0.259,0.31,0.27,0,0.0,0.0,0.0,0.0,0.0,0.0,0.0,0.0,0.0,0.0,0.0,0.0,0.0
39.191563,-9.160919,44.0,2006-05-01T02:00,13.4,86,11.1,12.4,0.0,0.0,0.0,0.0,0,1009.4,1004.1,0,0,0,0,0.0,0.22,9.1,16.9,351,358,14.4,14.2,18.2,16.4,13.8,0.167,0.259,0.31,0.27,0,0.0,0.0,0.0,0.0,0.0,0.0,0.0,0.0,0.0,0.0,0.0,0.0,0.0
39.191563,-9.160919,44.0,2006-05-01T03:00,13.0,88,11.0,12.0,0.0,0.0,0.0,0.0,0,1009.4,1004.1,0,0,0,0,0.0,0.19,9.3,16.7,344,353,14.0,13.7,17.9,16.4,13.8,0.167,0.259,0.31,0.27,0,0.0,0.0,0.0,0.0,0.0,0.0,0.0,0.0,0.0,0.0,0.0,0.0,0.0
39.191563,-9.160919,44.0,2006-05-01T04:00,12.7,90,11.1,11.6,0.0,0.0,0.0,0.0,0,1009.1,1003.8,0,0,0,0,0.0,0.15,9.9,16.9,341,348,14.4,13.3,17.7,16.4,13.8,0.168,0.258,0.31,0.27,0,0.0,0.0,0.0,0.0,0.0,0.0,0.0,0.0,0.0,0.0,0.0,0.0,0.0
39.191563,-9.160919,44.0,2006-05-01T05:00,12.6,91,11.1,11.4,0.0,0.0,0.0,0.0,0,1009.1,1003.8,0,0,0,0,0.0,0.13,10.0,17.6,339,345,15.5,12.9,17.4,16.4,13.8,0.168,0.258,0.31,0.27,0,0.0,0.0,0.0,0.0,0.0,0.0,0.0,0.0,0.0,0.0,0.0,0.0,0.0
39.191563,-9.160919,44.0,2006-05-01T06:00,12.5,92,11.3,11.5,0.0,0.0,0.0,0.0,0,1009.2,1003.9,0,0,0,0,0.02,0.11,9.8,17.6,343,345,16.6,12.8,17.1,16.4,13.8,0.169,0.258,0.31,0.27,1,0.0,3.0,1.0,2.0,15.8,3.0,26.6,8.2,2.7,5.5,31.5,2.6,73.1
39.191563,-9.160919,44.0,2006-05-01T07:00,13.8,93,12.7,12.8,0.0,0.0,0.0,0.0,0,1009.5,1004.2,1,1,0,0,0.04,0.11,12.3,17.8,345,346,19.1,13.9,16.9,16.4,13.9,0.169,0.258,0.31,0.27,1,3260.71,106.0,67.0,39.0,415.7,106.0,204.9,174.2,110.1,64.1,440.9,164.2,336.6
39.191563,-9.160919,44.0,2006-05-01T08:00,15.9,85,13.3,14.9,0.0,0.0,0.0,0.0,0,1009.8,1004.6,13,14,0,0,0.14,0.27,13.9,17.2,350,350,23.8,16.4,16.9,16.4,13.9,0.169,0.258,0.31,0.27,1,3600.0,299.0,229.0,70.0,662.5,299.0,466.0,380.1,291.1,89.0,662.5,380.1,592.3
39.191563,-9.160919,44.0,2006-05-01T09:00,17.5,75,13.0,16.3,0.0,0.0,0.0,0.0,0,1010.2,1005.0,4,5,0,0,0.26,0.5,14.2,17.1,351,353,24.8,18.6,17.0,16.4,13.9,0.169,0.258,0.31,0.27,1,3600.0,500.0,407.0,93.0,772.4,500.0,710.4,579.0,471.3,107.7,772.4,579.0,822.7
39.191563,-9.160919,44.0,2006-05-01T10:00,18.9,67,12.7,18.8,0.0,0.0,0.0,0.0,0,1010.5,1005.3,3,3,0,0,0.38,0.72,11.9,14.0,357,359,25.9,20.9,17.2,16.4,13.9,0.168,0.257,0.31,0.27,1,3600.0,685.0,583.0,102.0,852.9,685.0,921.4,752.4,640.3,112.0,852.9,752.4,1012.1
39.191563,-9.160919,44.0,2006-05-01T11:00,20.1,62,12.5,20.9,0.0,0.0,0.0,0.0,0,1010.1,1004.9,2,1,0,4,0.48,0.9,10.7,12.4,346,350,25.9,23.0,17.5,16.4,13.9,0.166,0.257,0.31,0.27,1,3600.0,831.0,722.0,109.0,897.2,831.0,1084.8,879.1,763.8,115.3,897.2,879.1,1147.6
39.191563,-9.160919,44.0,2006-05-01T12:00,20.8,59,12.5,21.7,0.0,0.0,0.0,0.0,0,1010.2,1005.0,4,0,0,14,0.54,1.0,12.9,14.2,333,336,27.0,24.6,17.8,16.4,13.9,0.164,0.257,0.31,0.27,1,3600.0,924.0,812.0,112.0,920.3,924.0,1189.3,947.8,832.9,114.9,920.3,947.8,1220.0
39.191563,-9.160919,44.0,2006-05-01T13:00,20.8,61,13.0,21.4,0.0,0.0,0.0,0.0,0,1010.0,1004.9,14,5,0,31,0.54,0.96,16.9,19.8,333,335,32.4,25.7,18.2,16.4,13.9,0.161,0.256,0.31,0.27,1,3600.0,956.0,832.0,124.0,913.3,956.0,1228.0,953.2,829.6,123.6,913.3,953.2,1224.4
39.191563,-9.160919,44.0,2006-05-01T14:00,20.4,65,13.5,20.4,0.0,0.0,0.0,0.0,0,1010.0,1004.8,14,1,0,44,0.5,0.84,20.1,23.8,339,340,37.1,25.8,18.6,16.4,13.9,0.159,0.256,0.309,0.27,1,3600.0,915.0,776.0,139.0,873.1,915.0,1198.1,886.3,751.7,134.6,873.1,886.3,1160.5
39.191563,-9.160919,44.0,2006-05-01T15:00,20.0,64,13.0,19.4,0.0,0.0,0.0,0.0,0,1009.9,1004.7,7,0,0,23,0.46,0.84,20.4,24.8,343,343,37.8,25.5,19.0,16.4,13.9,0.157,0.255,0.309,0.27,1,3600.0,842.0,727.0,115.0,889.5,842.0,1101.7,789.3,681.5,107.8,889.5,789.3,1032.7
39.191563,-9.160919,44.0,2006-05-01T16:00,19.5,62,12.1,17.9,0.0,0.0,0.0,0.0,0,1009.9,1004.7,4,0,0,12,0.39,0.86,20.5,24.9,345,346,37.1,24.7,19.2,16.4,13.9,0.156,0.255,0.309,0.27,1,3600.0,704.0,596.0,108.0,849.7,704.0,945.4,632.8,535.7,97.1,849.7,632.8,849.8
39.191563,-9.160919,44.0,2006-05-01T17:00,18.7,64,11.6,16.2,0.0,0.0,0.0,0.0,0,1009.9,1004.7,2,0,0,5,0.3,0.78,20.3,24.6,348,348,36.4,23.6,19.4,16.5,13.9,0.155,0.255,0.309,0.27,1,3600.0,529.0,437.0,92.0,796.0,529.0,739.9,446.2,368.6,77.6,796.0,446.2,624.1
39.191563,-9.160919,44.0,2006-05-01T18:00,17.5,68,11.5,15.1,0.0,0.0,0.0,0.0,0,1010.0,1004.8,0,0,0,0,0.19,0.64,19.3,24.0,351,352,35.3,22.0,19.5,16.5,13.9,0.155,0.254,0.309,0.27,1,3600.0,328.0,254.0,74.0,685.7,328.0,499.3,243.8,188.8,55.0,685.7,243.8,371.2
39.191563,-9.160919,44.0,2006-05-01T19:00,16.0,75,11.5,13.8,0.0,0.0,0.0,0.0,0,1009.8,1004.6,0,0,0,0,0.09,0.46,18.1,23.5,354,355,32.0,19.9,19.5,16.5,13.9,0.155,0.254,0.309,0.27,1,3600.0,132.0,87.0,45.0,488.8,132.0,239.9,59.6,39.3,20.3,450.4,59.6,108.2
39.191563,-9.160919,44.0,2006-05-01T20:00,14.6,82,11.6,12.5,0.0,0.0,0.0,0.0,0,1009.9,1004.6,0,0,0,0,0.04,0.3,17.7,24.9,355,356,29.2,18.0,19.3,16.5,13.9,0.155,0.254,0.309,0.27,0,0.0,9.0,3.0,6.0,39.2,9.0,44.2,0.0,0.0,0.0,0.0,0.0,0.0
39.191563,-9.160919,44.0,2006-05-01T21:00,13.8,87,11.7,11.7,0.0,0.0,0.0,0.0,0,1010.2,1004.9,0,0,0,0,0.01,0.2,18.0,26.0,357,357,28.4,16.6,19.1,16.5,13.9,0.155,0.254,0.309,0.27,0,0.0,0.0,0.0,0.0,0.0,0.0,0.0,0.0,0.0,0.0,0.0,0.0,0.0
39.191563,-9.160919,44.0,2006-05-01T22:00,13.3,90,11.7,11.3,0.0,0.0,0.0,0.0,0,1010.8,1005.5,0,0,0,0,0.01,0.15,17.3,25.2,356,358,28.8,15.7,18.9,16.5,13.9,0.156,0.254,0.309,0.27,0,0.0,0.0,0.0,0.0,0.0,0.0,0.0,0.0,0.0,0.0,0.0,0.0,0.0
39.191563,-9.160919,44.0,2006-05-01T23:00,12.9,91,11.5,11.0,0.0,0.0,0.0,0.0,0,1010.6,1005.3,0,0,0,0,0.0,0.14,16.2,24.1,357,357,28.1,15.1,18.6,16.5,13.9,0.156,0.254,0.309,0.27,0,0.0,0.0,0.0,0.0,0.0,0.0,0.0,0.0,0.0,0.0,0.0,0.0,0.0
39.191563,-9.160919,44.0,2006-05-02T00:00,12.7,91,11.3,10.8,0.0,0.0,0.0,0.0,0,1010.3,1005.0,0,0,0,0,0.0,0.13,15.1,22.7,360,360,25.2,14.5,18.4,16.5,13.9,0.157,0.254,0.309,0.27,0,0.0,0.0,0.0,0.0,0.0,0.0,0.0,0.0,0.0,0.0,0.0,0.0,0.0
39.191563,-9.160919,44.0,2006-05-02T01:00,12.4,92,11.1,10.7,0.0,0.0,0.0,0.0,0,1010.3,1005.0,0,0,0,0,0.0,0.11,13.7,21.3,3,3,22.3,14.1,18.1,16.5,13.9,0.157,0.254,0.309,0.27,0,0.0,0.0,0.0,0.0,0.0,0.0,0.0,0.0,0.0,0.0,0.0,0.0,0.0
39.191563,-9.160919,44.0,2006-05-02T02:00,12.1,93,11.0,10.5,0.0,0.0,0.0,0.0,0,1009.6,1004.3,0,0,0,0,0.0,0.1,13.0,20.6,5,4,19.8,13.7,17.8,16.5,13.9,0.158,0.254,0.309,0.27,0,0.0,0.0,0.0,0.0,0.0,0.0,0.0,0.0,0.0,0.0,0.0,0.0,0.0
39.191563,-9.160919,44.0,2006-05-02T03:00,11.9,93,10.9,10.3,0.0,0.0,0.0,0.0,0,1009.4,1004.1,0,0,0,0,0.0,0.09,12.7,20.0,7,7,18.7,13.4,17.6,16.5,13.9,0.158,0.254,0.309,0.27,0,0.0,0.0,0.0,0.0,0.0,0.0,0.0,0.0,0.0,0.0,0.0,0.0,0.0
39.191563,-9.160919,44.0,2006-05-02T04:00,11.7,94,10.8,10.2,0.0,0.0,0.0,0.0,0,1009.2,1003.9,0,0,0,0,0.0,0.08,12.1,19.7,10,9,17.6,13.1,17.3,16.5,13.9,0.158,0.253,0.309,0.27,0,0.0,0.0,0.0,0.0,0.0,0.0,0.0,0.0,0.0,0.0,0.0,0.0,0.0
39.191563,-9.160919,44.0,2006-05-02T05:00,11.5,95,10.7,10.0,0.0,0.0,0.0,0.0,0,1009.0,1003.7,0,0,0,0,0.0,0.07,11.7,19.1,11,11,17.3,12.8,17.0,16.5,13.9,0.159,0.253,0.309,0.27,0,0.0,0.0,0.0,0.0,0.0,0.0,0.0,0.0,0.0,0.0,0.0,0.0,0.0
39.191563,-9.160919,44.0,2006-05-02T06:00,11.4,95,10.7,10.0,0.0,0.0,0.0,0.0,0,1009.1,1003.8,2,2,0,0,0.01,0.07,11.4,17.9,11,10,17.3,12.6,16.8,16.5,13.9,0.159,0.253,0.309,0.27,1,0.0,4.0,1.0,3.0,15.3,4.0,29.1,10.7,2.7,8.1,30.8,3.6,78.1
39.191563,-9.160919,44.0,2006-05-02T07:00,12.5,93,11.4,11.1,0.0,0.0,0.0,0.0,0,1009.3,1004.0,5,6,0,0,0.04,0.1,12.3,16.7,7,7,20.2,13.4,16.6,16.5,13.9,0.16,0.253,0.309,0.27,1,3330.04,107.0,67.0,40.0,411.3,107.0,209.6,174.1,109.0,65.1,430.6,166.3,341.2
39.191563,-9.160919,44.0,2006-05-02T08:00,14.2,84,11.6,12.8,0.0,0.0,0.0,0.0,0,1009.5,1004.2,6,7,0,0,0.13,0.26,12.6,15.2,5,4,22.3,15.5,16.5,16.5,13.9,0.16,0.253,0.309,0.27,1,3600.0,286.0,205.0,81.0,587.4,286.0,470.2,362.7,260.0,102.7,587.4,362.7,596.3
39.191563,-9.160919,44.0,2006-05-02T09:00,15.9,73,11.0,14.3,0.0,0.0,0.0,0.0,0,1009.4,1004.2,2,2,0,0,0.25,0.49,12.6,14.8,360,1,23.8,17.8,16.6,16.5,13.9,0.159,0.253,0.309,0.27,1,3600.0,497.0,399.0,98.0,752.9,497.0,714.1,575.0,461.6,113.4,752.9,575.0,826.1
39.191563,-9.160919,44.0,2006-05-02T10:00,17.2,66,10.8,16.2,0.0,0.0,0.0,0.0,0,1009.6,1004.4,1,1,0,0,0.35,0.67,12.3,13.7,357,357,24.1,20.1,16.8,16.5,13.9,0.158,0.253,0.308,0.27,1,3600.0,652.0,487.0,165.0,709.6,652.0,924.7,715.7,534.6,181.1,709.6,715.7,1015.1
39.191563,-9.160919,44.0,2006-05-02T11:00,18.3,62,10.8,18.0,0.0,0.0,0.0,0.0,0,1009.4,1004.2,0,0,0,0,0.44,0.81,13.2,14.9,349,352,26.3,22.2,17.1,16.5,13.9,0.157,0.252,0.308,0.27,1,3600.0,805.0,667.0,138.0,826.3,805.0,1087.6,851.3,705.4,145.9,826.3,851.3,1150.2
39.191563,-9.160919,44.0,2006-05-02T12:00,19.2,59,11.0,19.4,0.0,0.0,0.0,0.0,0,1009.2,1004.0,0,0,0,0,0.51,0.92,14.6,16.7,344,346,28.1,23.9,17.4,16.5,13.9,0.155,0.252,0.308,0.27,1,3600.0,926.0,811.0,115.0,916.8,926.0,1191.8,949.7,831.8,117.9,916.8,949.7,1222.3
39.191563,-9.160919,44.0,2006-05-02T13:00,19.7,58,11.1,19.8,0.0,0.0,0.0,0.0,0,1009.0,1003.8,0,0,0,0,0.54,0.97,15.9,18.3,342,344,30.2,25.0,17.8,16.5,13.9,0.153,0.251,0.308,0.27,1,3600.0,962.0,851.0,111.0,932.0,962.0,1230.2,959.1,848.5,110.7,932.0,959.1,1226.6
39.191563,-9.160919,44.0,2006-05-02T14:00,19.7,58,11.1,19.5,0.0,0.0,0.0,0.0,0,1008.8,1003.6,4,0,0,13,0.52,0.97,17.2,19.7,340,342,32.0,25.4,18.2,16.5,13.9,0.151,0.251,0.308,0.27,1,3600.0,935.0,825.0,110.0,926.1,935.0,1200.2,905.7,799.2,106.6,926.1,905.7,1162.7
39.191563,-9.160919,44.0,2006-05-02T15:00,19.5,58,10.9,18.5,0.0,0.0,0.0,0.0,0,1008.6,1003.4,18,2,1,53,0.47,0.96,18.8,22.4,340,341,33.5,25.3,18.6,16.5,13.9,0.149,0.25,0.308,0.27,1,3600.0,845.0,737.0,108.0,899.5,845.0,1103.9,792.3,691.0,101.3,899.5,792.3,1035.0
39.191563,-9.160919,44.0,2006-05-02T16:00,18.9,57,10.3,16.7,0.0,0.0,0.0,0.0,1,1008.6,1003.4,26,0,0,88,0.39,0.93,20.9,25.4,341,342,36.4,24.6,18.8,16.5,13.9,0.148,0.25,0.308,0.27,1,3600.0,708.0,604.0,104.0,858.5,708.0,947.8,636.7,543.1,93.5,858.5,636.7,852.3
39.191563,-9.160919,44.0,2006-05-02T17:00,17.9,58,9.5,14.5,0.0,0.0,0.0,0.0,1,1008.5,1003.3,30,0,0,99,0.3,0.86,22.1,27.3,341,342,38.5,23.1,19.0,16.5,13.9,0.147,0.25,0.307,0.27,1,3600.0,513.0,392.0,121.0,711.1,513.0,742.7,433.1,331.0,102.2,711.1,433.1,627.1
39.191563,-9.160919,44.0,2006-05-02T18:00,16.7,63,9.6,13.3,0.0,0.0,0.0,0.0,1,1008.0,1002.8,30,0,0,99,0.19,0.7,22.6,28.5,343,344,39.6,21.3,19.1,16.5,13.9,0.146,0.25,0.307,0.27,1,3600.0,283.0,160.0,123.0,429.0,283.0,502.4,211.0,119.3,91.7,429.0,211.0,374.6
39.191563,-9.160919,44.0,2006-05-02T19:00,15.5,68,9.6,12.2,0.0,0.0,0.0,0.0,1,1008.4,1003.2,30,0,1,99,0.1,0.57,22.1,29.1,348,348,37.4,19.3,19.1,16.6,13.9,0.146,0.25,0.307,0.27,1,3344.62,97.0,31.0,66.0,171.5,97.0,243.5,44.7,14.3,30.4,163.8,44.7,112.1
39.191563,-9.160919,44.0,2006-05-02T20:00,14.8,74,10.1,11.7,0.0,0.0,0.0,0.0,1,1008.6,1003.4,32,3,1,96,0.07,0.44,21.4,29.4,352,352,35.3,17.7,18.9,16.6,13.9,0.147,0.249,0.307,0.27,0,0.0,7.0,0.0,7.0,0.0,7.0,46.1,0.0,0.0,0.0,0.0,0.0,0.0
39.191563,-9.160919,44.0,2006-05-02T21:00,14.4,78,10.7,11.5,0.0,0.0,0.0,0.0,1,1009.3,1004.0,48,13,19,84,0.04,0.35,21.3,29.6,354,355,34.6,16.8,18.8,16.6,13.9,0.147,0.249,0.307,0.27,0,0.0,0.0,0.0,0.0,0.0,0.0,0.0,0.0,0.0,0.0,0.0,0.0,0.0
39.191563,-9.160919,44.0,2006-05-02T22:00,14.1,82,11.0,11.8,0.0,0.0,0.0,0.0,2,1010.0,1004.7,53,20,18,81,0.02,0.3,17.7,24.9,348,350,33.8,16.1,18.6,16.6,13.9,0.147,0.249,0.307,0.27,0,0.0,0.0,0.0,0.0,0.0,0.0,0.0,0.0,0.0,0.0,0.0,0.0,0.0
39.191563,-9.160919,44.0,2006-05-02T23:00,14.0,83,11.1,11.7,0.0,0.0,0.0,0.0,2,1009.8,1004.5,55,20,11,100,0.02,0.28,18.3,25.9,345,346,33.1,15.7,18.4,16.6,13.9,0.147,0.249,0.307,0.27,0,0.0,0.0,0.0,0.0,0.0,0.0,0.0,0.0,0.0,0.0,0.0,0.0,0.0
39.191563,-9.160919,44.0,2006-05-03T00:00,13.9,83,11.2,11.5,0.0,0.0,0.0,0.0,2,1009.8,1004.5,64,32,11,97,0.02,0.26,19.1,27.3,344,344,32.4,15.4,18.2,16.6,13.9,0.148,0.249,0.307,0.27,0,0.0,0.0,0.0,0.0,0.0,0.0,0.0,0.0,0.0,0.0,0.0,0.0,0.0
39.191563,-9.160919,44.0,2006-05-03T01:00,14.0,84,11.3,11.5,0.0,0.0,0.0,0.0,2,1009.7,1004.4,65,33,11,97,0.02,0.26,19.7,27.5,345,346,32.4,15.3,18.0,16.6,13.9,0.148,0.249,0.307,0.27,0,0.0,0.0,0.0,0.0,0.0,0.0,0.0,0.0,0.0,0.0,0.0,0.0,0.0
39.191563,-9.160919,44.0,2006-05-03T02:00,13.8,85,11.4,11.6,0.0,0.0,0.0,0.0,2,1009.4,1004.1,70,41,7,95,0.02,0.23,18.3,26.0,344,346,32.4,15.1,17.8,16.6,13.9,0.148,0.249,0.307,0.27,0,0.0,0.0,0.0,0.0,0.0,0.0,0.0,0.0,0.0,0.0,0.0,0.0,0.0
39.191563,-9.160919,44.0,2006-05-03T03:00,13.8,86,11.4,11.5,0.0,0.0,0.0,0.0,2,1009.6,1004.3,68,41,8,87,0.02,0.22,18.7,26.4,341,343,31.3,14.9,17.7,16.6,13.9,0.149,0.249,0.307,0.27,0,0.0,0.0,0.0,0.0,0.0,0.0,0.0,0.0,0.0,0.0,0.0,0.0,0.0
39.191563,-9.160919,44.0,2006-05-03T04:00,13.7,86,11.4,11.4,0.0,0.0,0.0,0.0,2,1009.6,1004.3,52,31,0,81,0.02,0.22,18.9,27.2,339,340,31.7,14.7,17.5,16.6,13.9,0.149,0.249,0.307,0.27,0,0.0,0.0,0.0,0.0,0.0,0.0,0.0,0.0,0.0,0.0,0.0,0.0,0.0
39.191563,-9.160919,44.0,2006-05-03T05:00,13.8,85,11.3,11.6,0.0,0.0,0.0,0.0,2,1009.8,1004.5,62,38,0,93,0.02,0.24,18.1,26.3,337,338,32.4,14.7,17.3,16.6,14.0,0.149,0.249,0.307,0.27,0,0.0,0.0,0.0,0.0,0.0,0.0,0.0,0.0,0.0,0.0,0.0,0.0,0.0
39.191563,-9.160919,44.0,2006-05-03T06:00,13.9,83,11.1,11.6,0.0,0.0,0.0,0.0,2,1010.5,1005.2,68,50,1,73,0.04,0.26,17.9,24.8,335,336,32.8,14.6,17.2,16.6,14.0,0.15,0.249,0.307,0.27,1,0.0,3.0,0.0,3.0,0.0,3.0,31.5,7.9,0.0,7.9,0.0,2.8,83.0
39.191563,-9.160919,44.0,2006-05-03T07:00,14.4,77,10.5,11.5,0.0,0.0,0.0,0.0,2,1010.7,1005.4,57,58,0,16,0.07,0.37,20.9,26.7,333,334,30.6,15.0,17.0,16.6,14.0,0.15,0.248,0.307,0.27,1,2774.07,65.0,26.0,39.0,158.0,65.0,214.3,104.8,41.9,62.9,163.4,101.3,345.6
39.191563,-9.160919,44.0,2006-05-03T08:00,15.3,70,9.9,11.9,0.0,0.0,0.0,0.0,1,1010.7,1005.4,35,33,0,19,0.14,0.52,23.2,29.5,336,336,38.2,16.1,17.0,16.6,14.0,0.15,0.248,0.307,0.27,1,3600.0,203.0,89.0,114.0,252.7,203.0,474.3,256.8,112.6,144.2,252.7,256.8,600.2
39.191563,-9.160919,44.0,2006-05-03T09:00,16.3,65,9.7,12.9,0.0,0.0,0.0,0.0,2,1010.7,1005.5,54,51,0,28,0.24,0.65,22.8,28.5,339,339,40.0,17.7,17.0,16.6,14.0,0.149,0.248,0.307,0.27,1,3600.0,420.0,268.0,152.0,502.9,420.0,717.7,485.4,309.7,175.7,502.9,485.4,829.5
39.191563,-9.160919,44.0,2006-05-03T10:00,17.7,58,9.4,15.2,0.0,0.0,0.0,0.0,2,1011.5,1006.3,59,66,0,0,0.35,0.84,18.5,22.4,333,334,38.9,19.7,17.1,16.6,14.0,0.148,0.248,0.307,0.27,1,3600.0,629.0,464.0,165.0,673.5,629.0,927.8,690.1,509.1,181.0,673.5,690.1,1017.9
39.191563,-9.160919,44.0,2006-05-03T11:00,17.9,59,9.9,16.0,0.0,0.0,0.0,0.0,2,1011.5,1006.3,60,56,0,32,0.39,0.84,18.2,21.6,326,327,34.9,21.3,17.4,16.6,14.0,0.147,0.248,0.307,0.27,1,3600.0,710.0,448.0,262.0,553.3,710.0,1090.3,750.6,473.6,277.0,553.3,750.6,1152.7
39.191563,-9.160919,44.0,2006-05-03T12:00,18.4,59,10.2,17.4,0.0,0.0,0.0,0.0,2,1011.9,1006.7,61,54,0,41,0.47,0.87,18.5,21.9,323,324,34.2,23.0,17.6,16.6,14.0,0.146,0.247,0.307,0.27,1,3600.0,877.0,704.0,173.0,793.9,877.0,1194.2,899.3,721.9,177.4,793.9,899.3,1224.5
39.191563,-9.160919,44.0,2006-05-03T13:00,18.6,59,10.3,17.9,0.0,0.0,0.0,0.0,1,1012.0,1006.8,33,33,0,10,0.5,0.88,18.8,22.2,324,324,35.3,24.1,18.0,16.6,14.0,0.144,0.247,0.306,0.27,1,3600.0,937.0,798.0,139.0,872.0,937.0,1232.4,934.2,795.6,138.6,872.0,934.2,1228.7
39.191563,-9.160919,44.0,2006-05-03T14:00,18.5,58,10.2,17.6,0.0,0.0,0.0,0.0,1,1012.2,1007.0,37,34,0,20,0.47,0.88,18.2,21.5,321,322,36.0,24.4,18.3,16.6,14.0,0.142,0.246,0.306,0.27,1,3600.0,881.0,706.0,175.0,790.7,881.0,1202.3,853.5,684.0,169.5,790.7,853.5,1164.8
39.191563,-9.160919,44.0,2006-05-03T15:00,18.3,59,10.1,17.0,0.0,0.0,0.0,0.0,1,1011.8,1006.6,36,31,0,26,0.43,0.87,17.8,21.4,315,316,36.4,24.3,18.6,16.6,14.0,0.141,0.246,0.306,0.27,1,3600.0,799.0,637.0,162.0,775.5,799.0,1106.1,749.3,597.4,151.9,775.5,749.3,1037.3
39.191563,-9.160919,44.0,2006-05-03T16:00,18.0,60,10.2,16.0,0.0,0.0,0.0,0.0,1,1011.9,1006.7,49,42,0,38,0.36,0.82,17.1,20.6,312,313,37.1,23.6,18.8,16.6,14.0,0.14,0.246,0.306,0.27,1,3600.0,646.0,476.0,170.0,674.5,646.0,950.2,581.2,428.2,152.9,674.5,581.2,854.8
39.191563,-9.160919,44.0,2006-05-03T17:00,17.5,62,10.1,15.1,0.0,0.0,0.0,0.0,2,1011.9,1006.7,55,47,0,41,0.27,0.77,16.4,20.0,308,309,37.1,22.5,18.9,16.6,14.0,0.139,0.245,0.306,0.27,1,3600.0,473.0,331.0,142.0,597.9,473.0,745.4,399.7,279.7,120.0,597.9,399.7,629.9
39.191563,-9.160919,44.0,2006-05-03T18:00,16.8,66,10.5,14.5,0.0,0.0,0.0,0.0,2,1011.8,1006.6,62,52,0,51,0.17,0.65,16.6,20.5,304,304,35.6,21.0,19.0,16.6,14.0,0.139,0.245,0.306,0.27,1,3600.0,263.0,175.0,88.0,466.1,263.0,505.6,196.6,130.8,65.8,466.1,196.6,377.9
39.191563,-9.160919,44.0,2006-05-03T19:00,15.9,67,9.8,13.6,0.0,0.0,0.0,0.0,3,1012.4,1007.2,86,75,0,60,0.1,0.59,15.1,19.7,308,310,28.1,19.4,19.0,16.6,14.0,0.139,0.245,0.306,0.27,1,3600.0,119.0,64.0,55.0,348.7,119.0,247.1,55.9,30.0,25.8,344.7,55.9,116.0
39.191563,-9.160919,44.0,2006-05-03T20:00,15.1,74,10.5,13.3,0.0,0.0,0.0,0.0,3,1012.6,1007.3,81,67,0,70,0.05,0.45,13.3,19.4,311,312,24.8,17.8,18.9,16.6,14.0,0.139,0.245,0.306,0.27,0,0.0,8.0,3.0,5.0,37.8,8.0,48.0,0.0,0.0,0.0,0.0,0.0,0.0
39.191563,-9.160919,44.0,2006-05-03T21:00,14.6,80,11.1,13.0,0.0,0.0,0.0,0.0,2,1013.3,1008.0,60,47,0,60,0.02,0.34,13.2,19.1,315,316,20.9,16.7,18.7,16.6,14.0,0.14,0.245,0.306,0.27,0,0.0,0.0,0.0,0.0,0.0,0.0,0.0,0.0,0.0,0.0,0.0,0.0,0.0
39.191563,-9.160919,44.0,2006-05-03T22:00,14.4,83,11.5,13.1,0.0,0.0,0.0,0.0,2,1013.8,1008.5,65,55,0,53,0.01,0.28,11.8,16.6,310,311,19.8,16.1,18.5,16.6,14.0,0.14,0.245,0.306,0.27,0,0.0,0.0,0.0,0.0,0.0,0.0,0.0,0.0,0.0,0.0,0.0,0.0,0.0
39.191563,-9.160919,44.0,2006-05-03T23:00,13.8,87,11.7,12.7,0.0,0.0,0.0,0.0,2,1013.8,1008.5,53,43,0,48,0.0,0.21,11.0,16.1,311,312,19.8,15.4,18.3,16.6,14.0,0.14,0.245,0.306,0.27,0,0.0,0.0,0.0,0.0,0.0,0.0,0.0,0.0,0.0,0.0,0.0,0.0,0.0
39.191563,-9.160919,44.0,2006-05-04T00:00,13.6,89,11.8,12.7,0.0,0.0,0.0,0.0,1,1013.9,1008.6,34,29,0,25,0.0,0.18,9.7,15.8,315,315,16.6,14.9,18.1,16.6,14.0,0.141,0.245,0.306,0.27,0,0.0,0.0,0.0,0.0,0.0,0.0,0.0,0.0,0.0,0.0,0.0,0.0,0.0
39.191563,-9.160919,44.0,2006-05-04T01:00,13.3,90,11.7,12.4,0.0,0.0,0.0,0.0,1,1013.7,1008.4,34,33,0,16,0.0,0.15,9.4,15.0,313,316,14.4,14.4,17.9,16.6,14.0,0.141,0.245,0.306,0.27,0,0.0,0.0,0.0,0.0,0.0,0.0,0.0,0.0,0.0,0.0,0.0,0.0,0.0
39.191563,-9.160919,44.0,2006-05-04T02:00,13.1,91,11.7,12.4,0.0,0.0,0.0,0.0,1,1013.5,1008.2,36,29,0,33,0.0,0.13,8.4,14.0,313,316,13.3,14.1,17.7,16.6,14.0,0.142,0.245,0.306,0.27,0,0.0,0.0,0.0,0.0,0.0,0.0,0.0,0.0,0.0,0.0,0.0,0.0,0.0
39.191563,-9.160919,44.0,2006-05-04T03:00,13.1,92,11.7,12.2,0.0,0.0,0.0,0.0,2,1013.6,1008.3,52,39,0,55,0.0,0.13,9.3,14.1,306,308,13.7,13.9,17.5,16.6,14.0,0.142,0.245,0.306,0.27,0,0.0,0.0,0.0,0.0,0.0,0.0,0.0,0.0,0.0,0.0,0.0,0.0,0.0
39.191563,-9.160919,44.0,2006-05-04T04:00,13.0,92,11.7,12.1,0.0,0.0,0.0,0.0,1,1014.2,1008.9,41,26,3,52,0.0,0.12,9.8,15.2,298,301,16.2,13.7,17.2,16.6,14.0,0.142,0.244,0.306,0.27,0,0.0,0.0,0.0,0.0,0.0,0.0,0.0,0.0,0.0,0.0,0.0,0.0,0.0
39.191563,-9.160919,44.0,2006-05-04T05:00,13.1,92,11.8,12.1,0.0,0.0,0.0,0.0,1,1014.3,1009.0,36,21,8,40,0.0,0.13,10.6,16.4,294,296,17.6,13.7,17.1,16.6,14.0,0.143,0.244,0.306,0.27,0,0.0,0.0,0.0,0.0,0.0,0.0,0.0,0.0,0.0,0.0,0.0,0.0,0.0
39.191563,-9.160919,44.0,2006-05-04T06:00,13.5,90,11.9,12.3,0.0,0.0,0.0,0.0,1,1014.9,1009.6,39,29,11,20,0.02,0.15,11.6,17.3,292,293,19.4,13.9,16.9,16.6,14.0,0.143,0.244,0.306,0.27,1,0.0,3.0,0.0,3.0,0.0,3.0,33.9,7.8,0.0,7.8,0.0,2.8,87.8
39.191563,-9.160919,44.0,2006-05-04T07:00,14.2,86,11.8,12.8,0.0,0.0,0.0,0.0,2,1015.3,1010.0,55,43,22,9,0.05,0.23,12.9,16.5,293,293,21.2,14.7,16.8,16.6,14.0,0.144,0.244,0.306,0.27,1,3464.2,78.0,30.0,48.0,180.5,78.0,218.8,124.7,48.0,76.7,184.5,121.9,349.8
39.191563,-9.160919,44.0,2006-05-04T08:00,15.0,79,11.4,13.2,0.0,0.0,0.0,0.0,1,1015.6,1010.3,45,32,27,1,0.12,0.36,14.8,18.4,299,298,25.9,16.1,16.7,16.6,14.0,0.145,0.244,0.306,0.27,1,3600.0,222.0,140.0,82.0,394.0,222.0,478.3,280.3,176.7,103.5,394.0,280.3,603.9
39.191563,-9.160919,44.0,2006-05-04T09:00,15.9,72,10.9,13.9,0.0,0.0,0.0,0.0,2,1016.1,1010.8,56,37,37,1,0.21,0.5,15.4,18.6,303,302,27.4,17.5,16.8,16.6,14.0,0.145,0.244,0.305,0.27,1,3600.0,384.0,276.0,108.0,515.1,384.0,721.2,443.4,318.7,124.7,515.1,443.4,832.7
39.191563,-9.160919,44.0,2006-05-04T10:00,16.5,69,10.8,14.5,0.0,0.0,0.0,0.0,1,1016.4,1011.1,30,28,8,0,0.27,0.58,15.3,18.7,300,300,28.4,19.0,16.9,16.6,14.0,0.145,0.244,0.305,0.27,1,3600.0,494.0,296.0,198.0,428.1,494.0,930.8,541.7,324.6,217.1,428.1,541.7,1020.7
39.191563,-9.160919,44.0,2006-05-04T11:00,17.2,64,10.4,15.3,0.0,0.0,0.0,0.0,0,1017.1,1011.9,17,16,4,0,0.35,0.7,17.2,20.9,299,299,30.2,20.6,17.1,16.6,14.0,0.144,0.243,0.305,0.27,1,3600.0,646.0,423.0,223.0,521.0,646.0,1092.9,682.8,447.1,235.7,521.0,682.8,1155.1
39.191563,-9.160919,44.0,2006-05-04T12:00,17.7,61,10.1,16.0,0.0,0.0,0.0,0.0,0,1017.6,1012.4,17,19,0,0,0.41,0.79,19.1,23.0,302,302,33.1,22.0,17.3,16.6,14.0,0.143,0.243,0.305,0.27,1,3600.0,762.0,540.0,222.0,607.5,762.0,1196.5,781.3,553.7,227.6,607.5,781.3,1226.7
39.191563,-9.160919,44.0,2006-05-04T13:00,18.1,58,9.7,17.2,0.0,0.0,0.0,0.0,1,1017.9,1012.7,28,31,0,0,0.49,0.87,18.8,22.6,306,307,34.2,23.5,17.6,16.6,14.0,0.141,0.243,0.305,0.27,1,3600.0,927.0,782.0,145.0,852.6,927.0,1234.5,924.2,779.6,144.6,852.6,924.2,1230.7
39.191563,-9.160919,44.0,2006-05-04T14:00,18.2,56,9.4,17.2,0.0,0.0,0.0,0.0,0,1018.2,1013.0,20,22,0,0,0.48,0.92,18.4,22.5,310,310,34.9,24.2,18.0,16.6,14.0,0.139,0.242,0.305,0.27,1,3600.0,905.0,752.0,153.0,840.4,905.0,1204.4,876.8,728.6,148.2,840.4,876.8,1166.8
39.191563,-9.160919,44.0,2006-05-04T15:00,18.0,55,8.7,16.0,0.0,0.0,0.0,0.0,0,1018.3,1013.1,14,15,0,0,0.42,0.93,17.8,21.4,312,312,34.6,23.8,18.2,16.6,14.0,0.138,0.242,0.305,0.27,1,3600.0,747.0,512.0,235.0,621.8,747.0,1108.2,700.7,480.3,220.4,621.8,700.7,1039.5
39.191563,-9.160919,44.0,2006-05-04T16:00,17.9,53,8.0,15.7,0.0,0.0,0.0,0.0,0,1018.6,1013.4,14,15,0,0,0.39,0.97,16.6,20.6,312,313,32.0,23.5,18.5,16.6,14.0,0.137,0.242,0.305,0.27,1,3600.0,695.0,575.0,120.0,812.4,695.0,952.5,625.5,517.5,108.0,812.4,625.5,857.3
39.191563,-9.160919,44.0,2006-05-04T17:00,17.6,55,8.6,14.8,0.0,0.0,0.0,0.0,0,1018.7,1013.4,5,6,0,0,0.3,0.9,16.6,20.9,311,312,30.2,22.7,18.7,16.6,14.0,0.136,0.242,0.305,0.27,1,3600.0,524.0,423.0,101.0,761.0,524.0,748.0,443.3,357.8,85.4,761.0,443.3,632.8
39.191563,-9.160919,44.0,2006-05-04T18:00,17.0,61,9.4,14.5,0.0,0.0,0.0,0.0,0,1018.9,1013.6,6,7,0,0,0.2,0.76,16.3,20.9,311,312,28.8,21.3,18.8,16.6,14.0,0.136,0.241,0.304,0.27,1,3600.0,324.0,244.0,80.0,645.6,324.0,508.6,242.8,182.9,60.0,645.6,242.8,381.2
39.191563,-9.160919,44.0,2006-05-04T19:00,16.3,68,10.4,14.5,0.0,0.0,0.0,0.0,0,1019.4,1014.1,3,2,2,0,0.09,0.59,13.6,18.6,310,311,27.4,19.6,18.8,16.6,14.0,0.136,0.241,0.304,0.27,1,3600.0,131.0,83.0,48.0,445.6,131.0,250.7,62.6,39.7,22.9,445.6,62.6,119.8
39.191563,-9.160919,44.0,2006-05-04T20:00,15.3,77,11.2,14.3,0.0,0.0,0.0,0.0,0,1019.5,1014.2,5,4,3,0,0.03,0.41,9.2,16.1,309,312,21.6,17.8,18.7,16.6,14.0,0.136,0.241,0.304,0.27,0,0.0,10.0,4.0,6.0,49.5,10.0,49.9,0.0,0.0,0.0,0.0,0.0,0.0
39.191563,-9.160919,44.0,2006-05-04T21:00,14.7,82,11.7,14.2,0.0,0.0,0.0,0.0,0,1020.5,1015.2,0,0,0,0,0.0,0.3,6.9,14.0,309,314,14.8,16.6,18.5,16.7,14.0,0.136,0.241,0.304,0.27,0,0.0,0.0,0.0,0.0,0.0,0.0,0.0,0.0,0.0,0.0,0.0,0.0,0.0
39.191563,-9.160919,44.0,2006-05-04T22:00,14.3,86,12.0,13.9,0.0,0.0,0.0,0.0,0,1021.1,1015.8,1,1,0,0,0.0,0.23,6.4,12.8,297,302,11.5,15.6,18.3,16.7,14.0,0.137,0.241,0.304,0.27,0,0.0,0.0,0.0,0.0,0.0,0.0,0.0,0.0,0.0,0.0,0.0,0.0,0.0
39.191563,-9.160919,44.0,2006-05-04T23:00,13.8,89,12.0,13.4,0.0,0.0,0.0,0.0,0,1021.2,1015.9,1,1,0,0,0.0,0.17,7.1,13.5,294,299,10.8,14.8,18.1,16.7,14.0,0.137,0.241,0.304,0.27,0,0.0,0.0,0.0,0.0,0.0,0.0,0.0,0.0,0.0,0.0,0.0,0.0,0.0
39.191563,-9.160919,44.0,2006-05-05T00:00,13.3,91,11.9,12.8,0.0,0.0,0.0,0.0,0,1021.2,1015.9,6,7,0,0,0.0,0.13,7.6,14.5,295,300,11.2,14.1,17.9,16.7,14.0,0.137,0.241,0.304,0.27,0,0.0,0.0,0.0,0.0,0.0,0.0,0.0,0.0,0.0,0.0,0.0,0.0,0.0
39.191563,-9.160919,44.0,2006-05-05T01:00,13.1,92,11.8,12.5,0.0,0.0,0.0,0.0,0,1020.9,1015.6,10,10,0,5,0.0,0.12,7.6,14.6,301,303,11.9,13.6,17.6,16.7,14.0,0.138,0.241,0.304,0.27,0,0.0,0.0,0.0,0.0,0.0,0.0,0.0,0.0,0.0,0.0,0.0,0.0,0.0
39.191563,-9.160919,44.0,2006-05-05T02:00,13.0,92,11.8,12.4,0.0,0.0,0.0,0.0,0,1020.7,1015.4,12,7,0,20,0.0,0.11,7.8,15.0,304,305,13.3,13.2,17.4,16.7,14.1,0.138,0.241,0.304,0.27,0,0.0,0.0,0.0,0.0,0.0,0.0,0.0,0.0,0.0,0.0,0.0,0.0,0.0
39.191563,-9.160919,44.0,2006-05-05T03:00,12.8,93,11.8,12.2,0.0,0.0,0.0,0.0,0,1020.5,1015.2,15,5,0,34,0.0,0.1,7.9,14.8,309,311,14.4,13.0,17.1,16.7,14.1,0.138,0.241,0.304,0.27,0,0.0,0.0,0.0,0.0,0.0,0.0,0.0,0.0,0.0,0.0,0.0,0.0,0.0
39.191563,-9.160919,44.0,2006-05-05T04:00,12.7,94,11.7,12.1,0.0,0.0,0.0,0.0,1,1020.5,1015.2,26,5,0,73,0.0,0.09,7.6,14.0,315,318,14.4,12.9,16.9,16.7,14.1,0.139,0.241,0.304,0.27,0,0.0,0.0,0.0,0.0,0.0,0.0,0.0,0.0,0.0,0.0,0.0,0.0,0.0
39.191563,-9.160919,44.0,2006-05-05T05:00,12.3,95,11.5,11.4,0.0,0.0,0.0,0.0,1,1020.6,1015.2,35,9,0,91,0.0,0.07,9.0,12.7,323,325,14.0,12.6,16.7,16.7,14.1,0.139,0.241,0.304,0.27,0,0.0,0.0,0.0,0.0,0.0,0.0,0.0,0.0,0.0,0.0,0.0,0.0,0.0
39.191563,-9.160919,44.0,2006-05-05T06:00,12.1,95,11.4,11.3,0.0,0.0,0.0,0.0,1,1021.1,1015.7,38,10,0,97,0.01,0.06,8.4,11.4,329,332,13.0,12.5,16.5,16.6,14.1,0.14,0.241,0.304,0.27,1,0.0,5.0,1.0,4.0,14.1,5.0,36.2,12.8,2.6,10.2,29.3,4.9,92.4
39.191563,-9.160919,44.0,2006-05-05T07:00,13.4,93,12.4,13.2,0.0,0.0,0.0,0.0,1,1021.4,1016.1,34,5,0,100,0.04,0.1,6.8,10.2,335,337,12.6,13.6,16.3,16.6,14.1,0.14,0.24,0.304,0.27,1,3528.86,101.0,50.0,51.0,297.9,101.0,223.2,160.2,79.3,80.9,301.4,158.3,353.9
39.191563,-9.160919,44.0,2006-05-05T08:00,15.5,78,11.7,14.7,0.0,0.0,0.0,0.0,1,1021.8,1016.5,44,17,0,96,0.14,0.38,8.7,10.3,336,335,16.6,16.7,16.4,16.6,14.1,0.14,0.24,0.304,0.27,1,3600.0,267.0,185.0,82.0,516.2,267.0,482.2,336.4,233.1,103.3,516.2,336.4,607.5
39.191563,-9.160919,44.0,2006-05-05T09:00,16.6,70,11.1,15.5,0.0,0.0,0.0,0.0,1,1022.0,1016.7,47,20,2,93,0.24,0.56,9.7,11.5,329,328,18.7,18.5,16.5,16.6,14.1,0.14,0.24,0.304,0.27,1,3600.0,446.0,277.0,169.0,514.4,446.0,724.5,514.5,319.6,195.0,514.4,514.5,835.8
39.191563,-9.160919,44.0,2006-05-05T10:00,17.2,64,10.4,15.9,0.0,0.0,0.0,0.0,1,1021.9,1016.6,37,19,0,65,0.3,0.7,10.0,11.2,319,320,21.6,20.0,16.6,16.6,14.1,0.139,0.24,0.304,0.27,1,3600.0,527.0,335.0,192.0,482.7,527.0,933.6,577.7,367.2,210.5,482.7,577.7,1023.4
39.191563,-9.160919,44.0,2006-05-05T11:00,18.3,59,10.1,18.0,0.0,0.0,0.0,0.0,1,1022.1,1016.8,25,23,2,9,0.44,0.87,11.5,13.2,311,313,24.8,22.3,16.9,16.6,14.1,0.138,0.24,0.304,0.27,1,3600.0,787.0,633.0,154.0,777.5,787.0,1095.4,831.6,668.9,162.7,777.5,831.6,1157.4
39.191563,-9.160919,44.0,2006-05-05T12:00,18.8,55,9.6,18.6,0.0,0.0,0.0,0.0,0,1021.8,1016.6,20,22,0,0,0.5,0.97,13.1,15.1,307,308,27.0,23.8,17.3,16.6,14.1,0.136,0.239,0.304,0.27,1,3600.0,885.0,738.0,147.0,828.3,885.0,1198.6,907.3,756.6,150.7,828.3,907.3,1228.8
39.191563,-9.160919,44.0,2006-05-05T13:00,18.8,54,9.4,18.1,0.0,0.0,0.0,0.0,1,1021.8,1016.6,25,28,0,0,0.48,0.99,14.2,16.2,306,307,28.4,24.3,17.6,16.6,14.1,0.135,0.239,0.303,0.27,1,3600.0,833.0,623.0,210.0,677.8,833.0,1236.5,830.4,621.1,209.4,677.8,830.4,1232.7
39.191563,-9.160919,44.0,2006-05-05T14:00,19.1,54,9.5,18.6,0.0,0.0,0.0,0.0,0,1021.4,1016.2,14,16,0,0,0.51,1.03,15.9,18.7,308,308,30.2,25.1,18.0,16.6,14.1,0.133,0.239,0.303,0.27,1,3600.0,913.0,790.0,123.0,881.0,913.0,1206.3,884.6,765.4,119.2,881.0,884.6,1168.8
39.191563,-9.160919,44.0,2006-05-05T15:00,18.9,55,9.6,17.5,0.0,0.0,0.0,0.0,0,1021.4,1016.2,1,1,0,0,0.46,0.99,18.4,21.9,310,311,32.8,25.0,18.3,16.6,14.1,0.132,0.238,0.303,0.27,1,3600.0,818.0,684.0,134.0,828.8,818.0,1110.2,767.4,641.7,125.7,828.8,767.4,1041.6
39.191563,-9.160919,44.0,2006-05-05T16:00,18.6,55,9.5,16.4,0.0,0.0,0.0,0.0,0,1021.4,1016.2,0,0,0,0,0.4,0.96,19.9,24.4,314,314,34.2,24.4,18.6,16.6,14.1,0.131,0.238,0.303,0.27,1,3600.0,711.0,607.0,104.0,855.2,711.0,954.8,640.2,546.6,93.6,855.2,640.2,859.7
39.191563,-9.160919,44.0,2006-05-05T17:00,18.0,57,9.3,15.0,0.0,0.0,0.0,0.0,0,1021.3,1016.0,0,0,0,0,0.31,0.9,19.6,24.2,317,318,34.2,23.3,18.8,16.6,14.1,0.13,0.238,0.303,0.27,1,3600.0,533.0,440.0,93.0,788.5,533.0,750.6,451.3,372.6,78.7,788.5,451.3,635.6
39.191563,-9.160919,44.0,2006-05-05T18:00,17.2,61,9.7,14.4,0.0,0.0,0.0,0.0,0,1021.4,1016.1,0,0,0,0,0.21,0.76,18.7,23.6,320,321,33.1,21.7,18.9,16.6,14.1,0.13,0.238,0.303,0.27,1,3600.0,333.0,257.0,76.0,675.6,333.0,511.7,250.2,193.1,57.1,675.6,250.2,384.5
39.191563,-9.160919,44.0,2006-05-05T19:00,16.2,71,10.9,14.0,0.0,0.0,0.0,0.0,0,1021.6,1016.3,0,0,0,0,0.1,0.54,17.2,22.7,323,324,31.0,19.8,18.9,16.6,14.1,0.13,0.237,0.303,0.27,1,3600.0,138.0,91.0,47.0,481.6,138.0,254.2,67.1,44.2,22.8,481.6,67.1,123.6
39.191563,-9.160919,44.0,2006-05-05T20:00,15.1,79,11.6,13.3,0.0,0.0,0.0,0.0,0,1021.8,1016.5,0,0,0,0,0.04,0.36,15.4,22.6,327,329,27.4,18.0,18.8,16.7,14.1,0.13,0.237,0.303,0.27,0,0.0,11.0,4.0,7.0,48.6,11.0,51.7,0.0,0.0,0.0,0.0,0.0,0.0
39.191563,-9.160919,44.0,2006-05-05T21:00,14.5,85,12.0,13.0,0.0,0.0,0.0,0.0,0,1022.4,1017.1,0,0,0,0,0.01,0.25,14.8,22.6,334,335,24.1,16.7,18.7,16.7,14.1,0.13,0.237,0.303,0.27,0,0.0,0.0,0.0,0.0,0.0,0.0,0.0,0.0,0.0,0.0,0.0,0.0,0.0
39.191563,-9.160919,44.0,2006-05-05T22:00,14.2,88,12.2,12.8,0.0,0.0,0.0,0.0,0,1023.0,1017.7,4,5,0,0,0.01,0.2,14.2,22.1,333,334,23.0,15.8,18.5,16.7,14.1,0.131,0.237,0.303,0.27,0,0.0,0.0,0.0,0.0,0.0,0.0,0.0,0.0,0.0,0.0,0.0,0.0,0.0
39.191563,-9.160919,44.0,2006-05-05T23:00,13.9,89,12.2,12.6,0.0,0.0,0.0,0.0,0,1023.0,1017.7,8,9,0,0,0.0,0.17,13.9,21.8,335,338,22.3,15.2,18.3,16.7,14.1,0.131,0.237,0.303,0.27,0,0.0,0.0,0.0,0.0,0.0,0.0,0.0,0.0,0.0,0.0,0.0,0.0,0.0
39.191563,-9.160919,44.0,2006-05-06T00:00,13.9,90,12.3,12.6,0.0,0.0,0.0,0.0,0,1023.0,1017.7,9,10,0,1,0.0,0.16,13.7,21.2,342,342,22.0,14.9,18.1,16.7,14.1,0.131,0.237,0.303,0.27,0,0.0,0.0,0.0,0.0,0.0,0.0,0.0,0.0,0.0,0.0,0.0,0.0,0.0
39.191563,-9.160919,44.0,2006-05-06T01:00,13.7,90,12.2,12.4,0.0,0.0,0.0,0.0,0,1022.5,1017.2,13,14,0,2,0.0,0.15,13.4,21.0,346,347,22.3,14.6,17.9,16.7,14.1,0.132,0.237,0.303,0.27,0,0.0,0.0,0.0,0.0,0.0,0.0,0.0,0.0,0.0,0.0,0.0,0.0,0.0
39.191563,-9.160919,44.0,2006-05-06T02:00,13.6,91,12.1,12.2,0.0,0.0,0.0,0.0,1,1022.2,1016.9,23,20,0,17,0.0,0.15,13.9,21.5,350,350,23.4,14.3,17.7,16.7,14.1,0.132,0.237,0.303,0.27,0,0.0,0.0,0.0,0.0,0.0,0.0,0.0,0.0,0.0,0.0,0.0,0.0,0.0
39.191563,-9.160919,44.0,2006-05-06T03:00,13.4,91,12.0,12.0,0.0,0.0,0.0,0.0,1,1021.8,1016.5,23,22,0,12,0.0,0.14,14.2,22.1,353,354,24.1,14.1,17.5,16.7,14.1,0.132,0.237,0.303,0.27,0,0.0,0.0,0.0,0.0,0.0,0.0,0.0,0.0,0.0,0.0,0.0,0.0,0.0
39.191563,-9.160919,44.0,2006-05-06T04:00,13.5,91,12.1,11.9,0.0,0.0,0.0,0.0,0,1021.7,1016.4,20,19,0,9,0.0,0.14,14.8,22.0,357,358,25.6,14.1,17.3,16.7,14.1,0.133,0.237,0.303,0.27,0,0.0,0.0,0.0,0.0,0.0,0.0,0.0,0.0,0.0,0.0,0.0,0.0,0.0
39.191563,-9.160919,44.0,2006-05-06T05:00,13.5,91,12.1,12.0,0.0,0.0,0.0,0.0,1,1021.5,1016.2,31,29,0,17,0.0,0.14,14.8,22.0,360,360,26.3,14.1,17.1,16.7,14.1,0.133,0.237,0.303,0.27,0,0.0,0.0,0.0,0.0,0.0,0.0,0.0,0.0,0.0,0.0,0.0,0.0,0.0
39.191563,-9.160919,44.0,2006-05-06T06:00,13.4,91,12.0,11.9,0.0,0.0,0.0,0.0,1,1022.2,1016.9,22,21,0,9,0.02,0.13,14.4,22.0,359,360,26.3,13.9,16.9,16.7,14.1,0.133,0.237,0.303,0.27,1,0.0,5.0,1.0,4.0,13.9,5.0,38.4,12.6,2.5,10.1,28.9,5.0,96.9
39.191563,-9.160919,44.0,2006-05-06T07:00,14.0,89,12.2,12.4,0.0,0.0,0.0,0.0,0,1022.3,1017.0,20,21,0,2,0.05,0.18,15.9,20.9,356,356,25.2,14.6,16.8,16.7,14.1,0.134,0.237,0.303,0.27,1,3591.78,102.0,56.0,46.0,330.7,102.0,227.4,160.5,88.1,72.4,331.1,160.3,357.9
39.191563,-9.160919,44.0,2006-05-06T08:00,15.2,77,11.2,13.0,0.0,0.0,0.0,0.0,1,1022.7,1017.4,29,32,0,0,0.15,0.4,17.8,22.1,353,354,29.9,16.3,16.8,16.7,14.1,0.134,0.237,0.303,0.27,1,3600.0,291.0,206.0,85.0,570.1,291.0,485.9,365.9,259.0,106.9,570.1,365.9,611.0
39.191563,-9.160919,44.0,2006-05-06T09:00,16.3,69,10.5,13.7,0.0,0.0,0.0,0.0,1,1022.7,1017.4,22,25,0,0,0.24,0.58,18.5,22.9,352,353,31.7,18.1,16.9,16.7,14.1,0.133,0.236,0.302,0.27,1,3600.0,462.0,343.0,119.0,633.8,462.0,727.7,532.5,395.4,137.2,633.8,532.5,838.8
39.191563,-9.160919,44.0,2006-05-06T10:00,17.3,63,10.1,15.1,0.0,0.0,0.0,0.0,1,1022.8,1017.5,26,28,0,2,0.34,0.73,18.4,22.0,348,349,34.2,20.3,17.0,16.7,14.1,0.133,0.236,0.302,0.27,1,3600.0,643.0,494.0,149.0,709.4,643.0,936.4,704.5,541.2,163.2,709.4,704.5,1025.9
39.191563,-9.160919,44.0,2006-05-06T11:00,18.0,59,9.9,16.3,0.0,0.0,0.0,0.0,0,1022.6,1017.3,18,20,0,0,0.43,0.84,20.3,24.2,340,342,37.1,22.1,17.3,16.6,14.1,0.131,0.236,0.302,0.27,1,3600.0,810.0,660.0,150.0,808.5,810.0,1097.7,855.7,697.2,158.5,808.5,855.7,1159.6
39.191563,-9.160919,44.0,2006-05-06T12:00,18.3,57,9.7,16.7,0.0,0.0,0.0,0.0,1,1022.6,1017.3,28,31,0,2,0.47,0.9,21.9,26.1,337,337,39.6,23.4,17.6,16.6,14.1,0.13,0.236,0.302,0.27,1,3600.0,899.0,752.0,147.0,842.1,899.0,1200.7,921.5,770.8,150.7,842.1,921.5,1230.8
39.191563,-9.160919,44.0,2006-05-06T13:00,18.3,57,9.7,16.5,0.0,0.0,0.0,0.0,1,1022.3,1017.0,21,21,0,8,0.46,0.9,22.6,26.9,335,337,40.7,23.9,17.9,16.7,14.1,0.129,0.235,0.302,0.27,1,3600.0,868.0,651.0,217.0,706.8,868.0,1238.4,865.3,649.0,216.3,706.8,865.3,1234.6
39.191563,-9.160919,44.0,2006-05-06T14:00,18.4,57,9.8,16.6,0.0,0.0,0.0,0.0,1,1021.8,1016.5,22,19,0,18,0.47,0.9,23.5,28.4,337,338,41.8,24.4,18.2,16.7,14.1,0.128,0.235,0.302,0.27,1,3600.0,906.0,727.0,179.0,809.1,906.0,1208.2,877.9,704.5,173.4,809.1,877.9,1170.7
39.191563,-9.160919,44.0,2006-05-06T15:00,18.2,57,9.6,15.9,0.0,0.0,0.0,0.0,1,1021.5,1016.2,26,21,0,25,0.44,0.9,24.4,30.1,338,339,42.5,24.4,18.5,16.7,14.1,0.126,0.235,0.302,0.27,1,3600.0,846.0,727.0,119.0,878.8,846.0,1112.2,793.9,682.2,111.7,878.8,793.9,1043.7
39.191563,-9.160919,44.0,2006-05-06T16:00,17.8,58,9.5,14.7,0.0,0.0,0.0,0.0,1,1021.5,1016.2,25,18,0,29,0.37,0.86,24.8,30.7,341,342,42.8,23.8,18.7,16.7,14.1,0.126,0.234,0.302,0.27,1,3600.0,701.0,577.0,124.0,810.6,701.0,957.0,631.5,519.8,111.7,810.6,631.5,862.1
39.191563,-9.160919,44.0,2006-05-06T17:00,17.3,60,9.4,13.5,0.0,0.0,0.0,0.0,0,1021.4,1016.1,9,9,0,4,0.29,0.79,24.7,31.0,344,345,42.8,22.7,18.9,16.7,14.1,0.125,0.234,0.301,0.27,1,3600.0,518.0,414.0,104.0,739.0,518.0,753.2,439.0,350.9,88.1,739.0,439.0,638.3
39.191563,-9.160919,44.0,2006-05-06T18:00,16.5,63,9.5,12.9,0.0,0.0,0.0,0.0,0,1021.3,1016.0,14,15,0,0,0.2,0.69,24.1,30.3,346,347,41.8,21.2,18.9,16.7,14.1,0.125,0.234,0.301,0.27,1,3600.0,335.0,256.0,79.0,668.8,335.0,514.6,252.4,192.9,59.5,668.8,252.4,387.7
39.191563,-9.160919,44.0,2006-05-06T19:00,15.5,69,9.8,12.2,0.0,0.0,0.0,0.0,0,1021.3,1016.0,12,13,0,0,0.11,0.55,22.5,29.5,347,347,39.6,19.4,18.9,16.7,14.1,0.125,0.234,0.301,0.27,1,3600.0,137.0,87.0,50.0,454.0,137.0,257.6,67.7,43.0,24.7,454.0,67.7,127.3
39.191563,-9.160919,44.0,2006-05-06T20:00,14.6,75,10.3,11.7,0.0,0.0,0.0,0.0,0,1021.4,1016.1,9,10,0,0,0.06,0.41,20.3,28.7,348,348,36.4,17.6,18.8,16.7,14.1,0.125,0.234,0.301,0.27,0,0.0,12.0,5.0,7.0,59.7,12.0,53.6,0.0,0.0,0.0,0.0,0.0,0.0
39.191563,-9.160919,44.0,2006-05-06T21:00,14.0,81,10.7,11.3,0.0,0.0,0.0,0.0,0,1021.6,1016.3,12,13,0,0,0.03,0.31,19.5,28.3,348,348,32.4,16.4,18.6,16.7,14.1,0.125,0.234,0.301,0.27,0,0.0,0.0,0.0,0.0,0.0,0.0,0.0,0.0,0.0,0.0,0.0,0.0,0.0
39.191563,-9.160919,44.0,2006-05-06T22:00,13.6,82,10.7,11.1,0.0,0.0,0.0,0.0,0,1021.7,1016.4,10,11,0,0,0.02,0.28,18.8,27.4,343,343,31.0,15.5,18.4,16.7,14.1,0.125,0.234,0.301,0.27,0,0.0,0.0,0.0,0.0,0.0,0.0,0.0,0.0,0.0,0.0,0.0,0.0,0.0
39.191563,-9.160919,44.0,2006-05-06T23:00,13.4,83,10.5,10.8,0.0,0.0,0.0,0.0,0,1021.4,1016.1,13,14,0,0,0.02,0.26,18.8,27.8,343,343,29.9,15.0,18.2,16.7,14.1,0.126,0.234,0.301,0.27,0,0.0,0.0,0.0,0.0,0.0,0.0,0.0,0.0,0.0,0.0,0.0,0.0,0.0
39.191563,-9.160919,44.0,2006-05-07T00:00,13.1,84,10.4,10.5,0.0,0.0,0.0,0.0,0,1020.9,1015.6,12,13,0,1,0.02,0.25,18.3,26.8,344,345,29.5,14.5,18.0,16.7,14.1,0.126,0.234,0.301,0.27,0,0.0,0.0,0.0,0.0,0.0,0.0,0.0,0.0,0.0,0.0,0.0,0.0,0.0
39.191563,-9.160919,44.0,2006-05-07T01:00,12.9,84,10.3,10.4,0.0,0.0,0.0,0.0,1,1020.6,1015.3,26,20,0,27,0.02,0.24,17.9,25.9,345,346,28.1,14.1,17.8,16.7,14.2,0.126,0.234,0.301,0.27,0,0.0,0.0,0.0,0.0,0.0,0.0,0.0,0.0,0.0,0.0,0.0,0.0,0.0
39.191563,-9.160919,44.0,2006-05-07T02:00,12.7,85,10.2,10.1,0.0,0.0,0.0,0.0,1,1019.9,1014.6,37,17,0,71,0.02,0.22,18.1,26.7,343,344,26.3,13.8,17.6,16.7,14.2,0.127,0.234,0.301,0.27,0,0.0,0.0,0.0,0.0,0.0,0.0,0.0,0.0,0.0,0.0,0.0,0.0,0.0
39.191563,-9.160919,44.0,2006-05-07T03:00,12.6,85,10.2,10.1,0.0,0.0,0.0,0.0,1,1019.7,1014.4,37,29,0,37,0.01,0.21,17.9,26.2,341,342,27.0,13.5,17.4,16.7,14.2,0.127,0.234,0.301,0.27,0,0.0,0.0,0.0,0.0,0.0,0.0,0.0,0.0,0.0,0.0,0.0,0.0,0.0
39.191563,-9.160919,44.0,2006-05-07T04:00,12.5,85,10.1,10.1,0.0,0.0,0.0,0.0,1,1019.2,1013.9,37,21,0,59,0.01,0.21,17.0,25.3,339,340,26.6,13.3,17.1,16.7,14.2,0.127,0.233,0.301,0.27,0,0.0,0.0,0.0,0.0,0.0,0.0,0.0,0.0,0.0,0.0,0.0,0.0,0.0
39.191563,-9.160919,44.0,2006-05-07T05:00,12.6,84,10.0,10.1,0.0,0.0,0.0,0.0,2,1019.3,1014.0,56,29,0,99,0.02,0.23,16.9,25.0,336,337,26.3,13.2,16.9,16.7,14.2,0.128,0.233,0.301,0.27,0,0.0,0.0,0.0,0.0,0.0,0.0,0.0,0.0,0.0,0.0,0.0,0.0,0.0
39.191563,-9.160919,44.0,2006-05-07T06:00,12.8,82,9.8,10.2,0.0,0.0,0.0,0.0,2,1019.4,1014.1,64,38,0,100,0.04,0.27,17.6,24.8,334,336,28.1,13.3,16.8,16.7,14.2,0.128,0.233,0.301,0.27,1,0.0,6.0,1.0,5.0,13.5,6.0,40.6,15.0,2.5,12.5,28.6,6.1,101.3
39.191563,-9.160919,44.0,2006-05-07T07:00,13.6,78,9.8,10.8,0.0,0.0,0.0,0.0,2,1019.7,1014.4,62,35,0,100,0.07,0.35,19.2,25.0,334,335,29.9,14.1,16.6,16.7,14.2,0.128,0.233,0.301,0.27,1,3424.64,83.0,30.0,53.0,174.2,83.0,231.5,129.7,46.9,82.8,174.2,129.7,361.8
39.191563,-9.160919,44.0,2006-05-07T08:00,14.4,70,9.0,11.2,0.0,0.0,0.0,0.0,2,1019.9,1014.6,69,44,0,99,0.14,0.49,20.1,25.3,333,334,34.2,15.3,16.6,16.7,14.2,0.128,0.233,0.301,0.27,1,3600.0,226.0,98.0,128.0,269.1,226.0,489.5,283.6,123.0,160.6,269.1,283.6,614.3
39.191563,-9.160919,44.0,2006-05-07T09:00,15.5,63,8.5,12.3,0.0,0.0,0.0,0.0,3,1020.0,1014.7,88,48,25,100,0.24,0.65,19.5,23.8,335,335,35.3,17.4,16.6,16.7,14.2,0.128,0.233,0.301,0.27,1,3600.0,453.0,306.0,147.0,562.8,453.0,730.8,521.7,352.4,169.3,562.8,521.7,841.7
39.191563,-9.160919,44.0,2006-05-07T10:00,16.3,58,7.9,13.4,0.0,0.0,0.0,0.0,3,1020.0,1014.7,88,57,12,100,0.33,0.79,17.9,21.7,335,336,34.2,19.3,16.7,16.7,14.2,0.127,0.233,0.301,0.27,1,3600.0,602.0,396.0,206.0,566.8,602.0,939.0,659.3,433.7,225.6,566.8,659.3,1028.4
39.191563,-9.160919,44.0,2006-05-07T11:00,17.1,52,7.3,14.6,0.0,0.0,0.0,0.0,3,1019.9,1014.6,80,53,5,99,0.39,0.93,16.8,19.7,329,329,33.1,21.0,17.0,16.7,14.2,0.126,0.233,0.301,0.27,1,3600.0,688.0,485.0,203.0,592.6,688.0,1100.0,726.6,512.2,214.4,592.6,726.6,1161.7
39.191563,-9.160919,44.0,2006-05-07T12:00,17.6,51,7.3,15.5,0.0,0.0,0.0,0.0,3,1020.0,1014.7,90,69,6,82,0.44,0.99,18.3,21.7,324,324,34.6,22.4,17.2,16.7,14.2,0.125,0.232,0.301,0.27,1,3600.0,791.0,530.0,261.0,592.2,791.0,1202.7,810.7,543.2,267.5,592.2,810.7,1232.7
39.191563,-9.160919,44.0,2006-05-07T13:00,17.7,51,7.5,15.3,0.0,0.0,0.0,0.0,2,1019.8,1014.5,79,71,0,51,0.45,0.99,20.4,24.3,319,320,38.2,23.2,17.5,16.7,14.2,0.124,0.232,0.3,0.27,1,3600.0,816.0,593.0,223.0,642.6,816.0,1240.2,813.5,591.1,222.3,642.6,813.5,1236.4
39.191563,-9.160919,44.0,2006-05-07T14:00,17.2,53,7.7,14.1,0.0,0.0,0.0,0.0,2,1019.6,1014.3,70,74,0,13,0.39,0.92,21.8,26.1,321,322,38.9,22.9,17.8,16.7,14.2,0.123,0.232,0.3,0.27,1,3600.0,684.0,411.0,273.0,456.5,684.0,1210.0,662.8,398.3,264.6,456.5,662.8,1172.6
39.191563,-9.160919,44.0,2006-05-07T15:00,17.3,53,7.7,14.7,0.0,0.0,0.0,0.0,1,1019.5,1014.2,48,52,0,3,0.42,0.92,21.4,26.1,324,325,39.2,23.4,18.0,16.7,14.2,0.122,0.231,0.3,0.27,1,3600.0,797.0,624.0,173.0,752.7,797.0,1114.2,748.0,585.7,162.4,752.7,748.0,1045.7
39.191563,-9.160919,44.0,2006-05-07T16:00,16.9,55,7.8,13.7,0.0,0.0,0.0,0.0,0,1019.4,1014.1,13,13,0,5,0.35,0.87,21.3,25.8,326,327,38.5,22.9,18.2,16.7,14.2,0.121,0.231,0.3,0.27,1,3600.0,649.0,491.0,158.0,687.9,649.0,959.2,584.9,442.5,142.4,687.9,584.9,864.4
39.191563,-9.160919,44.0,2006-05-07T17:00,16.5,56,7.6,12.7,0.0,0.0,0.0,0.0,0,1019.4,1014.1,18,19,0,2,0.29,0.83,21.7,26.7,328,328,38.2,22.0,18.4,16.7,14.2,0.121,0.231,0.3,0.27,1,3600.0,519.0,416.0,103.0,739.7,519.0,755.7,440.3,352.9,87.4,739.7,440.3,641.1
39.191563,-9.160919,44.0,2006-05-07T18:00,15.9,57,7.4,12.1,0.0,0.0,0.0,0.0,0,1019.5,1014.2,4,4,0,0,0.2,0.77,21.1,26.6,330,330,37.8,20.6,18.5,16.7,14.2,0.12,0.231,0.3,0.27,1,3600.0,312.0,224.0,88.0,581.6,312.0,517.6,235.6,169.2,66.5,581.6,235.6,390.9
39.191563,-9.160919,44.0,2006-05-07T19:00,15.3,60,7.6,11.8,0.0,0.0,0.0,0.0,0,1019.4,1014.1,1,1,0,0,0.12,0.7,19.7,25.3,332,332,35.3,18.9,18.5,16.7,14.2,0.12,0.231,0.3,0.27,1,3600.0,141.0,91.0,50.0,468.4,141.0,261.1,70.7,45.6,25.1,468.4,70.7,131.0
39.191563,-9.160919,44.0,2006-05-07T20:00,14.5,64,7.8,11.5,0.0,0.0,0.0,0.0,0,1019.7,1014.4,0,0,0,0,0.07,0.59,16.6,23.8,333,333,31.0,17.2,18.4,16.7,14.2,0.12,0.231,0.3,0.27,0,0.0,12.0,5.0,7.0,58.8,12.0,55.4,0.0,0.0,0.0,0.0,0.0,0.0
39.191563,-9.160919,44.0,2006-05-07T21:00,14.0,68,8.1,11.2,0.0,0.0,0.0,0.0,0,1020.1,1014.8,1,0,0,2,0.05,0.52,15.3,23.0,333,333,25.9,15.9,18.2,16.7,14.2,0.121,0.231,0.3,0.27,0,0.0,0.0,0.0,0.0,0.0,0.0,0.0,0.0,0.0,0.0,0.0,0.0,0.0
39.191563,-9.160919,44.0,2006-05-07T22:00,13.6,70,8.3,11.2,0.0,0.0,0.0,0.0,0,1020.8,1015.5,0,0,0,0,0.03,0.46,13.1,21.4,323,324,23.8,15.0,18.0,16.7,14.2,0.121,0.231,0.3,0.27,0,0.0,0.0,0.0,0.0,0.0,0.0,0.0,0.0,0.0,0.0,0.0,0.0,0.0
39.191563,-9.160919,44.0,2006-05-07T23:00,13.3,72,8.4,11.2,0.0,0.0,0.0,0.0,0,1020.4,1015.1,2,1,0,3,0.03,0.43,11.5,19.7,319,320,22.3,14.4,17.8,16.7,14.2,0.121,0.231,0.3,0.27,0,0.0,0.0,0.0,0.0,0.0,0.0,0.0,0.0,0.0,0.0,0.0,0.0,0.0
39.191563,-9.160919,44.0,2006-05-08T00:00,13.1,73,8.5,11.2,0.0,0.0,0.0,0.0,0,1020.4,1015.1,11,10,2,2,0.02,0.4,10.4,18.3,316,317,20.5,13.9,17.6,16.7,14.2,0.121,0.23,0.3,0.27,0,0.0,0.0,0.0,0.0,0.0,0.0,0.0,0.0,0.0,0.0,0.0,0.0,0.0
39.191563,-9.160919,44.0,2006-05-08T01:00,13.0,74,8.5,11.0,0.0,0.0,0.0,0.0,1,1020.1,1014.8,29,24,8,9,0.02,0.39,11.0,19.1,311,313,18.7,13.5,17.4,16.7,14.2,0.122,0.23,0.3,0.27,0,0.0,0.0,0.0,0.0,0.0,0.0,0.0,0.0,0.0,0.0,0.0,0.0,0.0
39.191563,-9.160919,44.0,2006-05-08T02:00,12.9,76,8.7,10.8,0.0,0.0,0.0,0.0,2,1019.9,1014.6,67,39,18,71,0.02,0.36,11.5,19.9,314,314,18.4,13.2,17.2,16.7,14.2,0.122,0.23,0.3,0.27,0,0.0,0.0,0.0,0.0,0.0,0.0,0.0,0.0,0.0,0.0,0.0,0.0,0.0
39.191563,-9.160919,44.0,2006-05-08T03:00,12.6,79,9.0,10.7,0.0,0.0,0.0,0.0,2,1019.7,1014.4,60,19,26,90,0.02,0.31,11.5,19.2,321,320,18.7,12.9,17.0,16.7,14.2,0.122,0.23,0.3,0.27,0,0.0,0.0,0.0,0.0,0.0,0.0,0.0,0.0,0.0,0.0,0.0,0.0,0.0
39.191563,-9.160919,44.0,2006-05-08T04:00,12.5,81,9.3,10.6,0.0,0.0,0.0,0.0,2,1019.6,1014.3,69,29,25,93,0.01,0.27,11.6,18.7,330,330,18.7,12.7,16.7,16.7,14.2,0.122,0.23,0.3,0.27,0,0.0,0.0,0.0,0.0,0.0,0.0,0.0,0.0,0.0,0.0,0.0,0.0,0.0
39.191563,-9.160919,44.0,2006-05-08T05:00,12.2,84,9.5,10.5,0.0,0.0,0.0,0.0,2,1019.5,1014.1,58,26,14,88,0.01,0.23,11.0,18.0,341,340,18.7,12.4,16.5,16.7,14.2,0.123,0.23,0.3,0.27,0,0.0,0.0,0.0,0.0,0.0,0.0,0.0,0.0,0.0,0.0,0.0,0.0,0.0
39.191563,-9.160919,44.0,2006-05-08T06:00,12.2,84,9.6,10.6,0.0,0.0,0.0,0.0,1,1019.8,1014.4,47,20,2,94,0.03,0.23,10.7,17.2,348,349,18.0,12.4,16.3,16.7,14.2,0.123,0.23,0.3,0.27,1,0.0,6.0,1.0,5.0,13.2,6.0,42.7,14.8,2.5,12.4,28.3,6.2,105.5
39.191563,-9.160919,44.0,2006-05-08T07:00,13.3,82,10.3,11.6,0.0,0.0,0.0,0.0,1,1020.1,1014.8,47,20,0,96,0.05,0.27,12.2,16.2,358,357,19.4,13.3,16.2,16.7,14.2,0.123,0.23,0.3,0.27,1,3600.0,93.0,38.0,55.0,216.8,93.0,235.5,144.3,59.0,85.4,216.8,144.3,365.5
39.191563,-9.160919,44.0,2006-05-08T08:00,14.6,65,8.1,12.1,0.0,0.0,0.0,0.0,2,1020.5,1015.2,58,32,0,98,0.15,0.58,13.7,16.6,360,360,24.1,15.5,16.2,16.7,14.2,0.123,0.23,0.3,0.27,1,3600.0,260.0,169.0,91.0,460.5,260.0,493.0,325.7,211.7,114.0,460.5,325.7,617.5
39.191563,-9.160919,44.0,2006-05-08T09:00,15.2,57,6.8,12.5,0.0,0.0,0.0,0.0,2,1020.5,1015.2,64,39,0,98,0.23,0.74,13.0,15.2,355,355,24.8,17.2,16.2,16.6,14.2,0.123,0.23,0.299,0.27,1,3600.0,388.0,242.0,146.0,443.0,388.0,733.8,446.5,278.5,168.0,443.0,446.5,844.4
39.191563,-9.160919,44.0,2006-05-08T10:00,15.8,53,6.2,13.3,0.0,0.0,0.0,0.0,2,1020.4,1015.1,71,52,0,80,0.3,0.85,10.6,12.1,342,343,24.5,19.1,16.4,16.6,14.2,0.122,0.23,0.299,0.27,1,3600.0,535.0,321.0,214.0,458.0,535.0,941.6,585.6,351.4,234.3,458.0,585.6,1030.7
39.191563,-9.160919,44.0,2006-05-08T11:00,16.5,49,5.7,14.4,0.0,0.0,0.0,0.0,2,1020.7,1015.4,54,36,0,72,0.38,0.96,11.4,12.6,336,336,24.1,21.1,16.6,16.6,14.2,0.121,0.229,0.299,0.27,1,3600.0,663.0,350.0,313.0,426.6,663.0,1102.2,700.1,369.6,330.5,426.6,700.1,1163.8
39.191563,-9.160919,44.0,2006-05-08T12:00,17.2,46,5.4,15.8,0.0,0.0,0.0,0.0,1,1020.4,1015.1,38,15,1,81,0.47,1.06,12.1,13.7,333,333,25.6,22.9,16.9,16.6,14.2,0.12,0.229,0.299,0.27,1,3600.0,832.0,568.0,264.0,633.4,832.0,1204.6,852.6,582.1,270.5,633.4,852.6,1234.5
39.191563,-9.160919,44.0,2006-05-08T13:00,17.7,43,5.1,16.6,0.0,0.0,0.0,0.0,1,1020.1,1014.8,43,3,18,97,0.5,1.15,12.2,13.9,336,335,27.0,24.2,17.3,16.6,14.2,0.119,0.229,0.299,0.27,1,3600.0,884.0,611.0,273.0,660.8,884.0,1242.0,881.2,609.1,272.1,660.8,881.2,1238.1
39.191563,-9.160919,44.0,2006-05-08T14:00,18.1,42,4.9,16.8,0.0,0.0,0.0,0.0,1,1019.6,1014.4,46,0,30,95,0.51,1.2,13.1,14.9,339,340,28.8,24.9,17.6,16.6,14.2,0.118,0.228,0.299,0.27,1,3600.0,889.0,661.0,228.0,732.7,889.0,1211.8,861.6,640.6,221.0,732.7,861.6,1174.4
39.191563,-9.160919,44.0,2006-05-08T15:00,18.1,41,4.8,16.0,0.0,0.0,0.0,0.0,1,1019.4,1014.2,43,0,24,95,0.45,1.22,14.0,16.1,342,344,29.5,24.8,18.0,16.6,14.2,0.117,0.228,0.299,0.27,1,3600.0,763.0,525.0,238.0,631.9,763.0,1116.1,716.3,492.9,223.4,631.9,716.3,1047.7
39.191563,-9.160919,44.0,2006-05-08T16:00,17.7,43,4.9,14.3,0.0,0.0,0.0,0.0,1,1019.2,1013.9,40,0,16,100,0.35,1.16,15.0,17.6,343,345,29.5,23.8,18.2,16.6,14.2,0.116,0.228,0.299,0.27,1,3600.0,558.0,269.0,289.0,375.8,558.0,961.4,503.1,242.5,260.6,375.8,503.1,866.8
39.191563,-9.160919,44.0,2006-05-08T17:00,17.1,46,5.4,13.7,0.0,0.0,0.0,0.0,2,1018.9,1013.6,52,0,38,98,0.25,1.05,15.5,18.4,347,348,29.5,22.2,18.4,16.6,14.2,0.115,0.228,0.298,0.27,1,3600.0,340.0,106.0,234.0,187.8,340.0,758.2,288.7,90.0,198.7,187.8,288.7,643.8
39.191563,-9.160919,44.0,2006-05-08T18:00,16.2,51,6.0,13.0,0.0,0.0,0.0,0.0,1,1018.8,1013.5,44,0,25,98,0.17,0.91,15.4,19.0,349,350,29.2,20.5,18.4,16.7,14.2,0.115,0.228,0.298,0.27,1,754.58,189.0,33.0,156.0,85.2,189.0,520.5,143.1,25.0,118.1,85.2,143.1,394.1
39.191563,-9.160919,44.0,2006-05-08T19:00,15.4,52,5.7,12.2,0.0,0.0,0.0,0.0,1,1018.8,1013.5,32,0,6,93,0.12,0.83,15.0,18.9,350,351,26.3,18.8,18.4,16.7,14.2,0.115,0.228,0.298,0.27,1,0.0,76.0,8.0,68.0,40.6,76.0,264.5,38.7,4.1,34.6,40.6,38.7,134.6
39.191563,-9.160919,44.0,2006-05-08T20:00,14.5,59,6.5,11.6,0.0,0.0,0.0,0.0,1,1019.0,1013.7,32,0,9,87,0.08,0.68,13.4,18.8,354,353,24.5,17.2,18.3,16.7,14.2,0.115,0.228,0.298,0.27,0,0.0,10.0,1.0,9.0,11.6,10.0,57.2,0.0,0.0,0.0,0.0,0.0,0.0
39.191563,-9.160919,44.0,2006-05-08T21:00,13.7,65,7.2,11.1,0.0,0.0,0.0,0.0,0,1019.1,1013.8,13,0,10,22,0.04,0.56,12.6,18.7,2,1,21.2,16.0,18.2,16.7,14.2,0.115,0.227,0.298,0.27,0,0.0,0.0,0.0,0.0,0.0,0.0,0.0,0.0,0.0,0.0,0.0,0.0,0.0
39.191563,-9.160919,44.0,2006-05-08T22:00,13.1,70,7.8,11.0,0.0,0.0,0.0,0.0,0,1019.3,1014.0,11,0,19,0,0.03,0.45,10.8,17.3,4,5,19.4,14.9,18.0,16.7,14.2,0.116,0.227,0.298,0.27,0,0.0,0.0,0.0,0.0,0.0,0.0,0.0,0.0,0.0,0.0,0.0,0.0,0.0
39.191563,-9.160919,44.0,2006-05-08T23:00,12.8,75,8.4,11.0,0.0,0.0,0.0,0.0,0,1019.4,1014.1,0,0,0,0,0.02,0.38,9.4,16.3,7,6,17.6,14.2,17.8,16.7,14.2,0.116,0.227,0.298,0.27,0,0.0,0.0,0.0,0.0,0.0,0.0,0.0,0.0,0.0,0.0,0.0,0.0,0.0
39.191563,-9.160919,44.0,2006-05-09T00:00,12.3,79,8.8,10.7,0.0,0.0,0.0,0.0,0,1019.1,1013.8,0,0,0,0,0.01,0.3,8.7,15.5,5,5,16.6,13.6,17.6,16.7,14.2,0.116,0.227,0.298,0.27,0,0.0,0.0,0.0,0.0,0.0,0.0,0.0,0.0,0.0,0.0,0.0,0.0,0.0
39.191563,-9.160919,44.0,2006-05-09T01:00,12.0,82,9.0,10.5,0.0,0.0,0.0,0.0,0,1018.9,1013.5,0,0,0,0,0.0,0.25,8.3,15.2,5,5,15.5,13.0,17.3,16.7,14.3,0.116,0.227,0.298,0.27,0,0.0,0.0,0.0,0.0,0.0,0.0,0.0,0.0,0.0,0.0,0.0,0.0,0.0
39.191563,-9.160919,44.0,2006-05-09T02:00,11.7,84,9.1,10.2,0.0,0.0,0.0,0.0,0,1018.2,1012.8,0,0,0,0,0.0,0.22,9.1,15.9,7,6,14.0,12.5,17.1,16.7,14.3,0.117,0.227,0.298,0.27,0,0.0,0.0,0.0,0.0,0.0,0.0,0.0,0.0,0.0,0.0,0.0,0.0,0.0
39.191563,-9.160919,44.0,2006-05-09T03:00,11.4,86,9.1,9.8,0.0,0.0,0.0,0.0,0,1017.9,1012.5,2,0,0,7,0.0,0.19,9.4,16.7,7,7,13.7,12.0,16.8,16.7,14.3,0.117,0.227,0.298,0.27,0,0.0,0.0,0.0,0.0,0.0,0.0,0.0,0.0,0.0,0.0,0.0,0.0,0.0
39.191563,-9.160919,44.0,2006-05-09T04:00,11.2,87,9.1,9.6,0.0,0.0,0.0,0.0,0,1017.8,1012.4,5,0,0,16,0.0,0.18,9.5,17.1,9,8,13.3,11.6,16.6,16.7,14.3,0.117,0.227,0.298,0.27,0,0.0,0.0,0.0,0.0,0.0,0.0,0.0,0.0,0.0,0.0,0.0,0.0,0.0
39.191563,-9.160919,44.0,2006-05-09T05:00,11.0,88,9.0,9.3,0.0,0.0,0.0,0.0,0,1017.9,1012.5,8,0,0,28,0.0,0.16,9.3,16.6,16,13,14.8,11.3,16.3,16.6,14.3,0.118,0.227,0.298,0.27,0,0.0,0.0,0.0,0.0,0.0,0.0,0.0,0.0,0.0,0.0,0.0,0.0,0.0
39.191563,-9.160919,44.0,2006-05-09T06:00,10.8,89,9.0,9.2,0.0,0.0,0.0,0.0,0,1018.2,1012.8,13,0,0,42,0.02,0.14,8.9,15.6,21,19,14.4,11.1,16.1,16.6,14.3,0.118,0.227,0.298,0.27,1,0.0,8.0,3.0,5.0,38.9,8.0,44.7,19.6,7.4,12.3,84.3,8.5,109.6
39.191563,-9.160919,44.0,2006-05-09T07:00,12.4,86,10.2,11.1,0.0,0.0,0.0,0.0,0,1018.2,1012.9,3,0,0,9,0.05,0.2,9.2,13.9,26,25,16.6,12.5,15.9,16.6,14.3,0.118,0.227,0.298,0.27,1,3600.0,124.0,79.0,45.0,443.1,124.0,239.4,191.2,121.8,69.4,443.1,191.2,369.1
39.191563,-9.160919,44.0,2006-05-09T08:00,15.0,67,8.9,13.4,0.0,0.0,0.0,0.0,0,1018.3,1013.0,1,0,0,2,0.16,0.57,9.0,11.1,29,29,17.6,15.8,15.9,16.6,14.3,0.118,0.227,0.298,0.27,1,3600.0,317.0,241.0,76.0,652.0,317.0,496.4,396.4,301.3,95.0,652.0,396.4,620.7
39.191563,-9.160919,44.0,2006-05-09T09:00,16.9,52,6.9,14.8,0.0,0.0,0.0,0.0,0,1018.1,1012.8,14,0,0,45,0.29,0.93,8.8,10.3,35,36,18.4,18.4,16.1,16.6,14.3,0.118,0.227,0.298,0.27,1,3600.0,519.0,428.0,91.0,780.1,519.0,736.7,596.8,492.1,104.6,780.1,596.8,847.1
39.191563,-9.160919,44.0,2006-05-09T10:00,18.5,41,5.0,16.9,0.0,0.0,0.0,0.0,0,1017.9,1012.7,17,0,0,58,0.41,1.26,8.4,9.9,43,46,18.7,21.2,16.3,16.6,14.3,0.117,0.227,0.298,0.27,1,3600.0,697.0,593.0,104.0,843.4,697.0,944.0,762.7,648.9,113.8,843.4,762.7,1033.0
39.191563,-9.160919,44.0,2006-05-09T11:00,20.1,35,4.0,19.2,0.0,0.0,0.0,0.0,0,1017.5,1012.3,5,0,0,16,0.51,1.53,7.9,9.2,43,48,18.4,23.7,16.7,16.6,14.3,0.116,0.226,0.298,0.27,1,3600.0,838.0,718.0,120.0,873.0,838.0,1104.3,884.6,758.0,126.7,873.0,884.6,1165.7
39.191563,-9.160919,44.0,2006-05-09T12:00,21.2,34,4.6,21.2,0.0,0.0,0.0,0.0,0,1016.9,1011.7,2,0,0,5,0.58,1.67,6.9,8.2,28,38,18.4,25.9,17.1,16.6,14.3,0.114,0.226,0.297,0.27,1,3600.0,931.0,817.0,114.0,909.2,931.0,1206.5,954.0,837.2,116.8,909.2,954.0,1236.3
39.191563,-9.160919,44.0,2006-05-09T13:00,22.0,35,5.9,22.4,0.0,0.0,0.0,0.0,0,1016.6,1011.4,6,0,1,18,0.61,1.72,7.4,7.6,346,357,20.5,27.5,17.6,16.6,14.3,0.113,0.225,0.297,0.27,1,3600.0,963.0,841.0,122.0,907.9,963.0,1243.8,960.0,838.4,121.6,907.9,960.0,1239.9
39.191563,-9.160919,44.0,2006-05-09T14:00,22.4,37,6.9,22.3,0.0,0.0,0.0,0.0,0,1016.1,1010.9,10,0,2,31,0.6,1.72,10.2,10.8,328,334,24.5,28.3,18.1,16.6,14.3,0.111,0.225,0.297,0.27,1,3600.0,933.0,814.0,119.0,900.6,933.0,1213.6,904.3,789.0,115.3,900.6,904.3,1176.2
39.191563,-9.160919,44.0,2006-05-09T15:00,22.3,39,7.6,21.5,0.0,0.0,0.0,0.0,1,1015.7,1010.5,24,0,2,75,0.55,1.65,12.3,13.5,322,326,27.7,28.2,18.6,16.6,14.3,0.11,0.225,0.297,0.27,1,3600.0,848.0,732.0,116.0,879.1,848.0,1118.0,796.3,687.3,108.9,879.1,796.3,1049.7
39.191563,-9.160919,44.0,2006-05-09T16:00,21.8,41,8.0,19.8,0.0,0.0,0.0,0.0,1,1015.6,1010.4,21,0,1,68,0.47,1.54,15.6,18.1,322,325,30.2,27.4,18.9,16.6,14.3,0.109,0.224,0.297,0.27,1,3600.0,709.0,596.0,113.0,830.5,709.0,963.5,639.5,537.6,101.9,830.5,639.5,869.0
39.191563,-9.160919,44.0,2006-05-09T17:00,21.0,43,7.8,17.7,0.0,0.0,0.0,0.0,0,1015.1,1009.9,19,0,2,59,0.37,1.42,18.2,22.6,330,331,31.0,25.9,19.2,16.6,14.3,0.108,0.224,0.297,0.27,1,3600.0,535.0,439.0,96.0,774.8,535.0,760.7,454.7,373.1,81.6,774.8,454.7,646.5
39.191563,-9.160919,44.0,2006-05-09T18:00,19.8,45,7.5,16.4,0.0,0.0,0.0,0.0,0,1014.7,1009.5,12,0,0,39,0.26,1.27,18.3,23.1,340,342,31.3,24.0,19.4,16.6,14.3,0.108,0.224,0.297,0.27,1,3600.0,339.0,262.0,77.0,672.0,339.0,523.4,257.3,198.8,58.4,672.0,257.3,397.2
39.191563,-9.160919,44.0,2006-05-09T19:00,17.8,53,8.2,14.9,0.0,0.0,0.0,0.0,0,1014.5,1009.3,4,0,0,13,0.14,0.95,16.6,22.0,347,349,30.6,21.7,19.5,16.6,14.3,0.108,0.224,0.297,0.27,1,3600.0,141.0,87.0,54.0,436.0,141.0,267.9,72.8,44.9,27.9,436.0,72.8,138.3
39.191563,-9.160919,44.0,2006-05-09T20:00,16.4,60,8.6,13.9,0.0,0.0,0.0,0.0,0,1014.8,1009.5,3,0,0,11,0.08,0.75,14.9,22.1,353,354,27.0,19.5,19.4,16.7,14.3,0.108,0.224,0.296,0.27,0,39.48,14.0,6.0,8.0,68.3,14.0,59.0,0.0,0.0,0.0,0.0,0.0,0.0
39.191563,-9.160919,44.0,2006-05-09T21:00,15.6,66,9.2,13.3,0.0,0.0,0.0,0.0,0,1015.3,1010.0,5,0,0,18,0.05,0.6,14.4,22.3,357,359,23.8,17.9,19.3,16.7,14.3,0.108,0.224,0.296,0.27,0,0.0,0.0,0.0,0.0,0.0,0.0,0.0,0.0,0.0,0.0,0.0,0.0,0.0
39.191563,-9.160919,44.0,2006-05-09T22:00,15.0,71,9.8,13.0,0.0,0.0,0.0,0.0,0,1015.3,1010.0,7,0,0,22,0.04,0.5,13.3,22.3,357,360,23.0,16.8,19.1,16.7,14.3,0.109,0.224,0.296,0.27,0,0.0,0.0,0.0,0.0,0.0,0.0,0.0,0.0,0.0,0.0,0.0,0.0,0.0
39.191563,-9.160919,44.0,2006-05-09T23:00,14.7,74,10.2,12.7,0.0,0.0,0.0,0.0,0,1015.2,1009.9,11,0,0,37,0.03,0.43,14.0,23.4,359,360,22.0,16.0,18.9,16.7,14.3,0.109,0.224,0.296,0.27,0,0.0,0.0,0.0,0.0,0.0,0.0,0.0,0.0,0.0,0.0,0.0,0.0,0.0
39.191563,-9.160919,44.0,2006-05-10T00:00,14.4,77,10.5,12.5,0.0,0.0,0.0,0.0,0,1014.8,1009.5,9,0,0,30,0.03,0.37,14.4,23.8,1,3,20.9,15.5,18.7,16.7,14.3,0.109,0.224,0.296,0.27,0,0.0,0.0,0.0,0.0,0.0,0.0,0.0,0.0,0.0,0.0,0.0,0.0,0.0
39.191563,-9.160919,44.0,2006-05-10T01:00,14.1,81,10.8,12.3,0.0,0.0,0.0,0.0,0,1014.1,1008.8,5,0,0,18,0.02,0.31,14.1,23.4,3,4,20.5,15.0,18.5,16.7,14.3,0.109,0.224,0.296,0.27,0,0.0,0.0,0.0,0.0,0.0,0.0,0.0,0.0,0.0,0.0,0.0,0.0,0.0
39.191563,-9.160919,44.0,2006-05-10T02:00,14.0,83,11.1,12.3,0.0,0.0,0.0,0.0,0,1013.7,1008.4,3,0,0,9,0.01,0.28,13.7,23.1,5,5,19.8,14.7,18.3,16.7,14.3,0.11,0.224,0.296,0.27,0,0.0,0.0,0.0,0.0,0.0,0.0,0.0,0.0,0.0,0.0,0.0,0.0,0.0
39.191563,-9.160919,44.0,2006-05-10T03:00,13.8,85,11.2,12.2,0.0,0.0,0.0,0.0,0,1013.3,1008.0,1,0,0,2,0.01,0.24,13.4,22.5,6,7,19.1,14.3,18.1,16.7,14.3,0.11,0.224,0.296,0.27,0,0.0,0.0,0.0,0.0,0.0,0.0,0.0,0.0,0.0,0.0,0.0,0.0,0.0
39.191563,-9.160919,44.0,2006-05-10T04:00,13.5,86,11.3,12.0,0.0,0.0,0.0,0.0,0,1012.9,1007.6,0,0,0,0,0.01,0.21,12.8,22.3,10,10,19.1,14.0,17.9,16.7,14.3,0.11,0.224,0.296,0.27,0,0.0,0.0,0.0,0.0,0.0,0.0,0.0,0.0,0.0,0.0,0.0,0.0,0.0
39.191563,-9.160919,44.0,2006-05-10T05:00,13.3,88,11.3,11.9,0.0,0.0,0.0,0.0,0,1012.4,1007.1,0,0,0,0,0.0,0.19,12.1,21.3,12,12,18.4,13.7,17.6,16.7,14.3,0.11,0.224,0.296,0.27,0,0.0,0.0,0.0,0.0,0.0,0.0,0.0,0.0,0.0,0.0,0.0,0.0,0.0
39.191563,-9.160919,44.0,2006-05-10T06:00,13.2,89,11.3,11.8,0.0,0.0,0.0,0.0,0,1012.7,1007.4,0,0,0,0,0.02,0.17,11.8,20.3,12,13,17.3,13.5,17.4,16.7,14.3,0.111,0.223,0.296,0.27,1,0.0,9.0,3.0,6.0,38.1,9.0,46.7,21.9,7.3,14.6,83.7,9.7,113.7
39.191563,-9.160919,44.0,2006-05-10T07:00,14.7,80,11.2,13.3,0.0,0.0,0.0,0.0,0,1012.5,1007.2,0,0,0,0,0.07,0.34,12.1,18.4,10,12,20.2,14.5,17.3,16.7,14.3,0.111,0.223,0.296,0.27,1,3600.0,128.0,84.0,44.0,463.6,128.0,243.2,196.2,128.7,67.4,463.6,196.2,372.7
39.191563,-9.160919,44.0,2006-05-10T08:00,17.1,67,10.9,15.5,0.0,0.0,0.0,0.0,0,1012.7,1007.5,5,0,0,18,0.18,0.65,12.7,16.1,8,10,21.6,17.3,17.3,16.7,14.3,0.111,0.223,0.296,0.27,1,3600.0,320.0,248.0,72.0,666.2,320.0,499.6,399.5,309.6,89.9,666.2,399.5,623.7
39.191563,-9.160919,44.0,2006-05-10T09:00,19.2,57,10.6,17.4,0.0,0.0,0.0,0.0,1,1012.7,1007.5,23,0,0,77,0.31,0.94,13.0,15.6,3,7,23.8,20.0,17.4,16.7,14.3,0.111,0.223,0.296,0.27,1,3600.0,518.0,425.0,93.0,771.3,518.0,739.5,595.2,488.3,106.9,771.3,595.2,849.7
39.191563,-9.160919,44.0,2006-05-10T10:00,20.8,52,10.6,19.8,0.0,0.0,0.0,0.0,1,1012.3,1007.1,20,0,0,67,0.43,1.18,13.3,15.9,3,6,25.2,22.8,17.6,16.7,14.3,0.11,0.223,0.296,0.27,1,3600.0,694.0,584.0,110.0,828.2,694.0,946.4,759.1,638.8,120.3,828.2,759.1,1035.2
39.191563,-9.160919,44.0,2006-05-10T11:00,22.0,49,10.9,22.0,0.0,0.0,0.0,0.0,0,1012.1,1007.0,14,0,0,47,0.52,1.34,13.0,15.5,355,1,26.3,25.2,18.0,16.7,14.3,0.109,0.223,0.296,0.27,1,3600.0,833.0,716.0,117.0,868.6,833.0,1106.3,879.2,755.7,123.5,868.6,879.2,1167.6
39.191563,-9.160919,44.0,2006-05-10T12:00,22.8,48,11.2,23.2,0.0,0.0,0.0,0.0,1,1011.7,1006.6,23,0,0,78,0.59,1.45,13.9,16.6,350,355,28.4,27.2,18.4,16.7,14.3,0.108,0.222,0.296,0.27,1,3600.0,923.0,801.0,122.0,889.7,923.0,1208.3,945.7,820.7,125.0,889.7,945.7,1238.0
39.191563,-9.160919,44.0,2006-05-10T13:00,23.1,48,11.4,23.4,0.0,0.0,0.0,0.0,1,1011.1,1006.0,29,0,0,96,0.6,1.48,15.5,18.1,342,347,32.0,28.4,18.8,16.7,14.3,0.106,0.222,0.295,0.27,1,3600.0,948.0,802.0,146.0,864.2,948.0,1245.4,945.0,799.5,145.5,864.2,945.0,1241.5
39.191563,-9.160919,44.0,2006-05-10T14:00,22.9,47,11.2,22.5,0.0,0.0,0.0,0.0,1,1010.8,1005.7,28,0,0,93,0.58,1.47,17.6,20.9,337,341,35.3,28.7,19.2,16.7,14.3,0.105,0.222,0.295,0.27,1,3600.0,907.0,729.0,178.0,805.0,907.0,1215.3,879.2,706.6,172.5,805.0,879.2,1178.0
39.191563,-9.160919,44.0,2006-05-10T15:00,22.4,46,10.3,21.0,0.0,0.0,0.0,0.0,1,1010.5,1005.4,29,0,0,96,0.53,1.46,19.5,24.1,337,340,37.4,28.4,19.6,16.7,14.3,0.104,0.221,0.295,0.27,1,3600.0,829.0,681.0,148.0,816.1,829.0,1119.8,778.6,639.6,139.0,816.1,778.6,1051.7
39.191563,-9.160919,44.0,2006-05-10T16:00,21.7,45,9.2,19.1,0.0,0.0,0.0,0.0,1,1010.2,1005.1,29,0,0,95,0.46,1.44,21.2,26.6,339,341,38.5,27.4,19.9,16.7,14.3,0.104,0.221,0.295,0.27,1,3600.0,691.0,540.0,151.0,750.5,691.0,965.6,623.5,487.3,136.3,750.5,623.5,871.3
39.191563,-9.160919,44.0,2006-05-10T17:00,20.9,45,8.6,17.3,0.0,0.0,0.0,0.0,1,1010.1,1005.0,22,0,0,73,0.37,1.35,21.8,27.9,344,345,38.5,26.0,20.1,16.8,14.3,0.103,0.221,0.295,0.27,1,3600.0,529.0,415.0,114.0,729.7,529.0,763.2,450.0,353.0,97.0,729.7,450.0,649.2
39.191563,-9.160919,44.0,2006-05-10T18:00,19.8,49,8.7,16.2,0.0,0.0,0.0,0.0,1,1009.9,1004.7,22,0,0,75,0.26,1.18,21.7,28.2,349,350,37.8,24.3,20.3,16.8,14.3,0.103,0.221,0.295,0.27,1,3600.0,342.0,264.0,78.0,673.0,342.0,526.4,260.1,200.8,59.3,673.0,260.1,400.4
39.191563,-9.160919,44.0,2006-05-10T19:00,18.2,55,9.0,15.0,0.0,0.0,0.0,0.0,1,1010.2,1005.0,28,0,0,94,0.15,0.94,20.0,27.5,353,354,35.6,22.1,20.3,16.8,14.3,0.103,0.221,0.295,0.27,1,3600.0,149.0,98.0,51.0,484.7,149.0,271.3,77.9,51.3,26.7,484.7,77.9,141.9
39.191563,-9.160919,44.0,2006-05-10T20:00,16.9,63,9.9,14.2,0.0,0.0,0.0,0.0,1,1010.4,1005.2,29,0,0,97,0.09,0.7,18.4,27.7,358,359,32.4,19.9,20.2,16.8,14.3,0.103,0.22,0.295,0.27,0,0.0,15.0,5.0,10.0,56.0,15.0,60.8,0.0,0.0,0.0,0.0,0.0,0.0
39.191563,-9.160919,44.0,2006-05-10T21:00,16.1,69,10.4,13.6,0.0,0.0,0.0,0.0,1,1010.9,1005.7,30,0,0,99,0.05,0.57,18.0,27.7,360,2,29.5,18.5,20.1,16.8,14.3,0.104,0.22,0.295,0.27,0,0.0,0.0,0.0,0.0,0.0,0.0,0.0,0.0,0.0,0.0,0.0,0.0,0.0
39.191563,-9.160919,44.0,2006-05-10T22:00,15.7,72,10.7,13.5,0.0,0.0,0.0,0.0,1,1011.2,1006.0,30,0,0,100,0.04,0.5,16.6,25.6,355,358,28.4,17.6,19.9,16.8,14.3,0.104,0.22,0.295,0.27,0,0.0,0.0,0.0,0.0,0.0,0.0,0.0,0.0,0.0,0.0,0.0,0.0,0.0
39.191563,-9.160919,44.0,2006-05-10T23:00,15.4,76,11.1,13.1,0.0,0.0,0.0,0.0,1,1011.0,1005.7,30,0,0,100,0.04,0.43,17.8,26.8,352,355,28.1,16.9,19.7,16.8,14.3,0.104,0.22,0.295,0.27,0,0.0,0.0,0.0,0.0,0.0,0.0,0.0,0.0,0.0,0.0,0.0,0.0,0.0
39.191563,-9.160919,44.0,2006-05-11T00:00,15.2,79,11.6,13.0,0.0,0.0,0.0,0.0,1,1010.8,1005.5,30,0,0,100,0.03,0.36,17.9,26.9,351,352,27.4,16.4,19.5,16.9,14.3,0.104,0.22,0.295,0.27,0,0.0,0.0,0.0,0.0,0.0,0.0,0.0,0.0,0.0,0.0,0.0,0.0,0.0
39.191563,-9.160919,44.0,2006-05-11T01:00,15.0,82,12.0,13.1,0.0,0.0,0.0,0.0,1,1010.4,1005.1,30,0,0,100,0.02,0.31,17.5,26.5,351,353,26.6,16.0,19.3,16.9,14.3,0.104,0.22,0.295,0.27,0,0.0,0.0,0.0,0.0,0.0,0.0,0.0,0.0,0.0,0.0,0.0,0.0,0.0
39.191563,-9.160919,44.0,2006-05-11T02:00,14.8,84,12.2,13.1,0.0,0.0,0.0,0.0,1,1009.9,1004.6,30,0,0,100,0.02,0.26,16.3,25.3,354,355,24.8,15.7,19.1,16.9,14.3,0.105,0.22,0.295,0.27,0,0.0,0.0,0.0,0.0,0.0,0.0,0.0,0.0,0.0,0.0,0.0,0.0,0.0
39.191563,-9.160919,44.0,2006-05-11T03:00,14.6,87,12.4,13.1,0.0,0.0,0.0,0.0,1,1009.8,1004.5,30,0,0,100,0.01,0.22,15.7,24.3,351,353,23.0,15.4,18.9,16.9,14.4,0.105,0.22,0.295,0.27,0,0.0,0.0,0.0,0.0,0.0,0.0,0.0,0.0,0.0,0.0,0.0,0.0,0.0
39.191563,-9.160919,44.0,2006-05-11T04:00,14.5,89,12.6,12.9,0.0,0.0,0.0,0.0,1,1009.7,1004.4,30,0,0,100,0.01,0.19,16.4,25.1,345,347,22.7,15.1,18.6,16.9,14.4,0.105,0.22,0.295,0.27,0,0.0,0.0,0.0,0.0,0.0,0.0,0.0,0.0,0.0,0.0,0.0,0.0,0.0
39.191563,-9.160919,44.0,2006-05-11T05:00,14.4,90,12.8,12.6,0.0,0.0,0.0,0.0,1,1010.2,1004.9,30,0,0,100,0.01,0.16,18.3,27.7,338,339,26.3,14.9,18.4,16.9,14.4,0.105,0.22,0.294,0.27,0,0.0,0.0,0.0,0.0,0.0,0.0,0.0,0.0,0.0,0.0,0.0,0.0,0.0
39.191563,-9.160919,44.0,2006-05-11T06:00,14.5,91,13.0,12.6,0.0,0.0,0.0,0.0,1,1010.6,1005.3,31,1,0,99,0.03,0.15,19.9,29.5,340,340,29.2,14.9,18.2,16.9,14.4,0.106,0.22,0.294,0.27,1,0.0,8.0,1.0,7.0,12.5,8.0,48.7,19.3,2.4,16.9,27.6,8.7,117.6
39.191563,-9.160919,44.0,2006-05-11T07:00,15.2,85,12.7,12.8,0.0,0.0,0.0,0.0,1,1011.1,1005.8,33,4,0,97,0.06,0.26,22.0,29.1,345,345,34.6,15.4,18.1,16.9,14.4,0.106,0.22,0.294,0.27,1,2765.38,100.0,28.0,72.0,152.2,100.0,246.8,152.4,42.7,109.7,152.2,152.4,376.1
39.191563,-9.160919,44.0,2006-05-11T08:00,16.5,75,12.0,13.8,0.0,0.0,0.0,0.0,1,1011.2,1006.0,32,8,0,81,0.16,0.47,22.9,29.1,352,352,38.2,17.2,18.0,16.9,14.4,0.106,0.22,0.294,0.27,1,3600.0,293.0,182.0,111.0,485.6,293.0,502.8,365.1,226.8,138.3,485.6,365.1,626.6
39.191563,-9.160919,44.0,2006-05-11T09:00,17.9,66,11.4,15.0,0.0,0.0,0.0,0.0,0,1011.5,1006.3,20,5,0,51,0.27,0.7,22.8,28.5,355,356,39.2,19.3,18.1,16.9,14.4,0.106,0.22,0.294,0.27,1,3600.0,478.0,327.0,151.0,591.0,478.0,742.2,548.8,375.4,173.4,591.0,548.8,852.1
39.191563,-9.160919,44.0,2006-05-11T10:00,19.3,58,11.0,17.3,0.0,0.0,0.0,0.0,0,1011.8,1006.6,8,5,0,13,0.39,0.93,20.6,24.9,348,349,39.2,21.7,18.2,16.9,14.4,0.105,0.22,0.294,0.27,1,3600.0,686.0,568.0,118.0,803.2,686.0,948.7,750.1,621.0,129.0,803.2,750.1,1037.3
39.191563,-9.160919,44.0,2006-05-11T11:00,20.2,55,10.8,18.4,0.0,0.0,0.0,0.0,0,1012.1,1006.9,5,6,0,0,0.45,1.07,21.6,26.4,342,343,38.9,23.6,18.4,16.9,14.4,0.105,0.219,0.294,0.27,1,3600.0,780.0,646.0,134.0,781.9,780.0,1108.3,823.1,681.7,141.4,781.9,823.1,1169.5
39.191563,-9.160919,44.0,2006-05-11T12:00,20.9,52,10.6,19.6,0.0,0.0,0.0,0.0,0,1012.1,1006.9,6,7,0,0,0.54,1.19,22.3,27.1,339,341,39.2,25.5,18.7,16.9,14.4,0.104,0.219,0.294,0.27,1,3600.0,924.0,803.0,121.0,890.2,924.0,1210.0,946.6,822.7,124.0,890.2,946.6,1239.7
39.191563,-9.160919,44.0,2006-05-11T13:00,21.3,50,10.4,20.0,0.0,0.0,0.0,0.0,0,1012.3,1007.1,4,4,0,0,0.56,1.26,22.6,27.3,338,339,39.6,26.7,19.1,16.9,14.4,0.103,0.219,0.294,0.27,1,3600.0,957.0,833.0,124.0,896.0,957.0,1247.1,954.0,830.4,123.6,896.0,954.0,1243.1
39.191563,-9.160919,44.0,2006-05-11T14:00,21.2,50,10.4,19.7,0.0,0.0,0.0,0.0,0,1012.2,1007.0,1,1,0,0,0.55,1.25,23.0,27.9,335,336,41.0,27.3,19.4,16.9,14.4,0.102,0.219,0.294,0.27,1,3600.0,927.0,797.0,130.0,878.5,927.0,1216.9,898.6,772.6,126.0,878.5,898.6,1179.7
39.191563,-9.160919,44.0,2006-05-11T15:00,20.8,51,10.4,18.9,0.0,0.0,0.0,0.0,0,1012.5,1007.3,1,1,0,0,0.5,1.2,23.7,29.0,334,335,41.8,27.2,19.7,16.9,14.4,0.102,0.218,0.293,0.27,1,3600.0,847.0,727.0,120.0,869.4,847.0,1121.6,795.7,682.9,112.7,869.4,795.7,1053.6
39.191563,-9.160919,44.0,2006-05-11T16:00,20.2,54,10.6,17.6,0.0,0.0,0.0,0.0,0,1012.5,1007.3,0,0,0,0,0.42,1.09,24.1,30.1,333,334,42.5,26.5,20.0,16.9,14.4,0.101,0.218,0.293,0.27,1,3600.0,715.0,606.0,109.0,840.0,715.0,967.7,645.5,547.1,98.4,840.0,645.5,873.6
39.191563,-9.160919,44.0,2006-05-11T17:00,19.5,58,11.0,16.3,0.0,0.0,0.0,0.0,0,1012.7,1007.5,0,0,0,0,0.33,0.96,24.3,30.9,335,335,42.1,25.3,20.2,17.0,14.4,0.101,0.218,0.293,0.27,1,3600.0,543.0,451.0,92.0,790.1,543.0,765.6,462.3,384.0,78.3,790.1,462.3,651.8
39.191563,-9.160919,44.0,2006-05-11T18:00,18.6,64,11.6,15.6,0.0,0.0,0.0,0.0,0,1012.8,1007.6,1,1,0,0,0.22,0.78,23.9,30.8,337,337,40.7,23.6,20.3,17.0,14.4,0.101,0.218,0.293,0.27,1,3600.0,345.0,269.0,76.0,681.7,345.0,529.2,263.0,205.1,57.9,681.7,263.0,403.5
39.191563,-9.160919,44.0,2006-05-11T19:00,17.3,73,12.4,14.8,0.0,0.0,0.0,0.0,0,1013.0,1007.8,1,1,0,0,0.11,0.54,22.1,29.6,341,342,39.6,21.6,20.3,17.0,14.4,0.101,0.218,0.293,0.27,1,3600.0,149.0,98.0,51.0,478.6,149.0,274.7,79.0,51.9,27.0,478.6,79.0,145.5
39.191563,-9.160919,44.0,2006-05-11T20:00,16.4,81,13.1,14.5,0.0,0.0,0.0,0.0,0,1013.8,1008.6,13,14,0,0,0.05,0.35,19.8,28.4,344,345,36.0,19.6,20.2,17.0,14.4,0.101,0.218,0.293,0.27,0,97.43,16.0,7.0,9.0,77.2,16.0,62.6,0.0,0.0,0.0,0.0,0.0,0.0
39.191563,-9.160919,44.0,2006-05-11T21:00,16.0,84,13.3,14.2,0.0,0.0,0.0,0.0,1,1014.5,1009.2,36,40,0,1,0.02,0.29,19.6,28.0,346,347,32.4,18.4,20.0,17.0,14.4,0.101,0.218,0.293,0.27,0,0.0,0.0,0.0,0.0,0.0,0.0,0.0,0.0,0.0,0.0,0.0,0.0,0.0
39.191563,-9.160919,44.0,2006-05-11T22:00,15.7,86,13.4,14.6,0.0,0.0,0.0,0.0,1,1015.2,1009.9,46,43,0,24,0.01,0.25,15.1,23.7,335,336,31.7,17.6,19.9,17.0,14.4,0.101,0.218,0.293,0.27,0,0.0,0.0,0.0,0.0,0.0,0.0,0.0,0.0,0.0,0.0,0.0,0.0,0.0
39.191563,-9.160919,44.0,2006-05-11T23:00,15.6,88,13.6,14.6,0.0,0.0,0.0,0.0,2,1015.5,1010.2,54,39,0,62,0.01,0.21,14.7,23.1,335,337,29.5,17.1,19.7,17.0,14.4,0.102,0.218,0.293,0.27,0,0.0,0.0,0.0,0.0,0.0,0.0,0.0,0.0,0.0,0.0,0.0,0.0,0.0
39.191563,-9.160919,44.0,2006-05-12T00:00,15.3,90,13.6,14.4,0.0,0.0,0.0,0.0,2,1015.6,1010.3,58,39,0,75,0.0,0.18,13.9,21.9,339,340,27.0,16.6,19.5,17.0,14.4,0.102,0.217,0.293,0.27,0,0.0,0.0,0.0,0.0,0.0,0.0,0.0,0.0,0.0,0.0,0.0,0.0,0.0
39.191563,-9.160919,44.0,2006-05-12T01:00,15.1,91,13.6,14.3,0.0,0.0,0.0,0.0,1,1015.6,1010.3,50,28,0,81,0.0,0.16,13.4,20.9,340,341,24.8,16.3,19.3,17.0,14.4,0.102,0.217,0.293,0.27,0,0.0,0.0,0.0,0.0,0.0,0.0,0.0,0.0,0.0,0.0,0.0,0.0,0.0
39.191563,-9.160919,44.0,2006-05-12T02:00,14.9,92,13.6,14.2,0.0,0.0,0.0,0.0,2,1015.4,1010.1,53,35,0,72,0.0,0.14,13.0,20.5,341,342,23.8,15.9,19.1,17.0,14.4,0.102,0.217,0.293,0.27,0,0.0,0.0,0.0,0.0,0.0,0.0,0.0,0.0,0.0,0.0,0.0,0.0,0.0
39.191563,-9.160919,44.0,2006-05-12T03:00,14.7,93,13.6,14.0,0.0,0.0,0.0,0.0,1,1015.3,1010.0,48,35,0,54,0.0,0.12,12.5,19.6,342,343,23.0,15.6,18.9,17.1,14.4,0.103,0.217,0.293,0.27,0,0.0,0.0,0.0,0.0,0.0,0.0,0.0,0.0,0.0,0.0,0.0,0.0,0.0
39.191563,-9.160919,44.0,2006-05-12T04:00,14.8,93,13.7,14.3,0.0,0.0,0.0,0.0,2,1015.5,1010.2,63,50,0,61,0.0,0.12,11.6,18.3,344,345,23.0,15.5,18.7,17.1,14.4,0.103,0.217,0.293,0.27,0,0.0,0.0,0.0,0.0,0.0,0.0,0.0,0.0,0.0,0.0,0.0,0.0,0.0
39.191563,-9.160919,44.0,2006-05-12T05:00,14.7,93,13.6,14.3,0.0,0.0,0.0,0.0,2,1015.8,1010.5,63,48,0,67,0.0,0.12,10.7,17.2,348,349,22.7,15.4,18.5,17.1,14.4,0.103,0.217,0.293,0.27,0,0.0,0.0,0.0,0.0,0.0,0.0,0.0,0.0,0.0,0.0,0.0,0.0,0.0
39.191563,-9.160919,44.0,2006-05-12T06:00,14.7,93,13.6,14.3,0.0,0.0,0.0,0.0,3,1016.3,1011.0,91,72,0,88,0.02,0.12,10.5,16.3,354,355,21.6,15.3,18.4,17.1,14.4,0.104,0.217,0.293,0.27,1,0.0,9.0,2.0,7.0,24.5,9.0,50.6,21.6,4.8,16.8,53.0,10.0,121.4
39.191563,-9.160919,44.0,2006-05-12T07:00,15.4,90,13.8,14.8,0.0,0.0,0.0,0.0,3,1016.7,1011.4,85,64,0,92,0.05,0.18,12.6,15.8,358,359,21.2,15.9,18.2,17.1,14.4,0.104,0.217,0.293,0.27,1,3600.0,99.0,39.0,60.0,208.9,99.0,250.4,150.0,59.1,90.9,208.9,150.0,379.4
39.191563,-9.160919,44.0,2006-05-12T08:00,16.4,81,13.2,15.7,0.0,0.0,0.0,0.0,3,1017.0,1011.7,83,61,0,95,0.12,0.35,11.9,14.0,358,359,22.0,17.6,18.2,17.1,14.4,0.104,0.217,0.293,0.27,1,3600.0,225.0,88.0,137.0,233.3,225.0,505.9,280.0,109.5,170.5,233.3,280.0,629.4
39.191563,-9.160919,44.0,2006-05-12T09:00,17.5,74,12.8,16.8,0.0,0.0,0.0,0.0,3,1017.7,1012.5,85,62,0,97,0.2,0.52,10.5,11.9,354,355,21.2,19.4,18.2,17.1,14.4,0.104,0.217,0.293,0.27,1,3600.0,347.0,136.0,211.0,244.8,347.0,744.8,398.1,156.0,242.1,244.8,398.1,854.5
39.191563,-9.160919,44.0,2006-05-12T10:00,18.7,68,12.7,18.2,0.0,0.0,0.0,0.0,2,1017.9,1012.7,71,47,0,95,0.32,0.69,9.4,10.8,342,345,21.2,22.1,18.4,17.1,14.4,0.103,0.217,0.293,0.27,1,3600.0,561.0,274.0,287.0,386.4,561.0,950.9,613.2,299.5,313.7,386.4,613.2,1039.3
39.191563,-9.160919,44.0,2006-05-12T11:00,19.7,63,12.5,19.8,0.0,0.0,0.0,0.0,2,1018.0,1012.8,63,38,0,95,0.41,0.84,9.5,10.5,331,333,22.3,24.3,18.6,17.1,14.4,0.103,0.217,0.293,0.27,1,3600.0,683.0,331.0,352.0,399.8,683.0,1110.1,720.6,349.2,371.4,399.8,720.6,1171.2
39.191563,-9.160919,44.0,2006-05-12T12:00,20.4,60,12.3,20.8,0.0,0.0,0.0,0.0,1,1017.9,1012.7,36,8,0,96,0.46,0.97,10.8,11.9,323,325,23.8,26.0,18.9,17.1,14.4,0.102,0.216,0.292,0.27,1,3600.0,760.0,379.0,381.0,419.4,760.0,1211.7,778.5,388.3,390.3,419.4,778.5,1241.3
39.191563,-9.160919,44.0,2006-05-12T13:00,21.1,57,12.2,21.5,0.0,0.0,0.0,0.0,1,1017.8,1012.6,31,3,0,95,0.52,1.08,13.0,14.6,321,322,26.6,27.4,19.3,17.1,14.4,0.101,0.216,0.292,0.27,1,3600.0,856.0,565.0,291.0,606.7,856.0,1248.6,853.3,563.2,290.1,606.7,853.3,1244.7
39.191563,-9.160919,44.0,2006-05-12T14:00,21.2,57,12.3,21.0,0.0,0.0,0.0,0.0,1,1017.7,1012.5,26,0,0,88,0.5,1.08,15.9,18.5,322,323,30.2,28.0,19.6,17.1,14.4,0.101,0.216,0.292,0.27,1,3600.0,825.0,498.0,327.0,548.0,825.0,1218.5,799.8,482.8,317.0,548.0,799.8,1181.4
39.191563,-9.160919,44.0,2006-05-12T15:00,20.9,59,12.5,20.1,0.0,0.0,0.0,0.0,1,1017.8,1012.6,21,0,0,69,0.45,1.02,17.9,21.1,326,327,33.5,27.8,20.0,17.1,14.4,0.1,0.216,0.292,0.27,1,3600.0,755.0,470.0,285.0,560.9,755.0,1123.4,709.4,441.6,267.8,560.9,709.4,1055.5
39.191563,-9.160919,44.0,2006-05-12T16:00,20.3,61,12.4,18.8,0.0,0.0,0.0,0.0,0,1017.9,1012.7,3,0,0,10,0.39,0.94,18.9,22.4,329,330,34.6,27.0,20.2,17.1,14.4,0.1,0.215,0.292,0.27,1,3600.0,660.0,458.0,202.0,633.2,660.0,969.7,596.1,413.6,182.4,633.2,596.1,875.8
39.191563,-9.160919,44.0,2006-05-12T17:00,19.7,61,12.0,17.5,0.0,0.0,0.0,0.0,0,1018.0,1012.8,18,0,0,59,0.32,0.89,19.0,23.0,333,333,34.2,25.9,20.4,17.1,14.4,0.099,0.215,0.292,0.27,1,3600.0,540.0,433.0,107.0,755.8,540.0,768.0,460.1,369.0,91.2,755.8,460.1,654.5
39.191563,-9.160919,44.0,2006-05-12T18:00,18.7,64,11.8,16.6,0.0,0.0,0.0,0.0,1,1018.1,1012.9,20,0,0,67,0.22,0.77,18.6,22.8,338,339,33.8,24.2,20.5,17.1,14.4,0.099,0.215,0.292,0.27,1,3600.0,350.0,272.0,78.0,685.3,350.0,532.1,267.4,207.8,59.6,685.3,267.4,406.6
39.191563,-9.160919,44.0,2006-05-12T19:00,17.2,72,12.1,15.2,0.0,0.0,0.0,0.0,0,1018.3,1013.0,18,0,0,60,0.11,0.56,18.0,22.9,344,344,31.7,22.0,20.5,17.2,14.4,0.099,0.215,0.292,0.27,1,3600.0,147.0,86.0,61.0,414.7,147.0,278.0,78.9,46.1,32.7,414.7,78.9,149.1
39.191563,-9.160919,44.0,2006-05-12T20:00,16.0,79,12.5,14.3,0.0,0.0,0.0,0.0,0,1018.7,1013.4,16,3,0,46,0.05,0.37,17.2,23.8,349,350,29.9,19.8,20.4,17.2,14.4,0.099,0.215,0.292,0.27,0,31.86,17.0,6.0,11.0,65.2,17.0,64.4,0.0,0.0,0.0,0.0,0.0,0.0
39.191563,-9.160919,44.0,2006-05-12T21:00,15.3,85,12.8,13.7,0.0,0.0,0.0,0.0,1,1019.4,1014.1,39,22,0,65,0.02,0.25,17.0,24.2,356,356,27.4,18.2,20.3,17.2,14.4,0.1,0.215,0.292,0.27,0,0.0,0.0,0.0,0.0,0.0,0.0,0.0,0.0,0.0,0.0,0.0,0.0,0.0
39.191563,-9.160919,44.0,2006-05-12T22:00,14.8,89,13.0,13.5,0.0,0.0,0.0,0.0,1,1019.7,1014.4,39,18,0,75,0.01,0.19,15.5,22.4,355,354,27.0,17.2,20.1,17.2,14.4,0.1,0.215,0.292,0.27,0,0.0,0.0,0.0,0.0,0.0,0.0,0.0,0.0,0.0,0.0,0.0,0.0,0.0
39.191563,-9.160919,44.0,2006-05-12T23:00,14.5,90,13.0,13.2,0.0,0.0,0.0,0.0,1,1019.8,1014.5,46,26,0,75,0.0,0.16,15.1,22.3,357,357,25.6,16.5,19.9,17.2,14.4,0.1,0.215,0.292,0.27,0,0.0,0.0,0.0,0.0,0.0,0.0,0.0,0.0,0.0,0.0,0.0,0.0,0.0
39.191563,-9.160919,44.0,2006-05-13T00:00,14.2,91,12.8,12.9,0.0,0.0,0.0,0.0,2,1019.8,1014.5,64,44,0,81,0.0,0.14,14.8,21.6,359,360,23.8,15.9,19.6,17.2,14.4,0.1,0.215,0.291,0.27,0,0.0,0.0,0.0,0.0,0.0,0.0,0.0,0.0,0.0,0.0,0.0,0.0,0.0
39.191563,-9.160919,44.0,2006-05-13T01:00,13.9,92,12.7,12.5,0.0,0.0,0.0,0.0,2,1019.6,1014.3,68,46,0,88,0.0,0.12,14.8,21.6,357,358,22.3,15.4,19.4,17.2,14.5,0.101,0.215,0.291,0.27,0,0.0,0.0,0.0,0.0,0.0,0.0,0.0,0.0,0.0,0.0,0.0,0.0,0.0
39.191563,-9.160919,44.0,2006-05-13T02:00,13.7,92,12.5,12.3,0.0,0.0,0.0,0.0,2,1019.6,1014.3,63,42,0,85,0.0,0.12,14.8,21.6,356,356,22.3,15.1,19.2,17.2,14.5,0.101,0.215,0.291,0.27,0,0.0,0.0,0.0,0.0,0.0,0.0,0.0,0.0,0.0,0.0,0.0,0.0,0.0
39.191563,-9.160919,44.0,2006-05-13T03:00,13.5,92,12.3,11.8,0.0,0.0,0.0,0.0,3,1019.6,1014.3,82,61,0,92,0.0,0.12,15.9,22.4,356,356,23.8,14.7,18.9,17.2,14.5,0.101,0.215,0.291,0.27,0,0.0,0.0,0.0,0.0,0.0,0.0,0.0,0.0,0.0,0.0,0.0,0.0,0.0
39.191563,-9.160919,44.0,2006-05-13T04:00,13.4,92,12.2,11.8,0.0,0.0,0.0,0.0,3,1019.7,1014.4,83,61,0,94,0.0,0.12,15.8,22.7,359,359,24.5,14.6,18.7,17.2,14.5,0.101,0.215,0.291,0.27,0,0.0,0.0,0.0,0.0,0.0,0.0,0.0,0.0,0.0,0.0,0.0,0.0,0.0
39.191563,-9.160919,44.0,2006-05-13T05:00,13.3,92,12.0,11.6,0.0,0.0,0.0,0.0,2,1019.8,1014.5,79,56,0,94,0.0,0.12,15.8,22.3,1,1,24.8,14.4,18.5,17.2,14.5,0.102,0.215,0.291,0.27,0,0.0,0.0,0.0,0.0,0.0,0.0,0.0,0.0,0.0,0.0,0.0,0.0,0.0
39.191563,-9.160919,44.0,2006-05-13T06:00,13.2,92,11.9,11.5,0.0,0.0,0.0,0.0,2,1020.1,1014.8,68,43,0,99,0.02,0.13,15.5,21.7,5,5,24.1,14.2,18.2,17.2,14.5,0.102,0.215,0.291,0.27,1,0.0,10.0,1.0,9.0,12.0,10.0,52.4,23.9,2.4,21.5,25.6,11.2,125.1
39.191563,-9.160919,44.0,2006-05-13T07:00,14.0,84,11.3,12.0,0.0,0.0,0.0,0.0,1,1020.4,1015.1,48,23,0,91,0.06,0.26,16.4,20.7,9,8,26.3,14.9,18.1,17.2,14.5,0.102,0.215,0.291,0.27,1,3600.0,115.0,49.0,66.0,258.7,115.0,253.9,173.3,73.9,99.5,258.7,173.3,382.6
39.191563,-9.160919,44.0,2006-05-13T08:00,15.4,73,10.7,13.2,0.0,0.0,0.0,0.0,1,1020.5,1015.2,29,1,0,95,0.16,0.47,16.5,19.8,11,12,28.8,16.8,18.0,17.2,14.5,0.102,0.215,0.291,0.27,1,3600.0,308.0,206.0,102.0,542.6,308.0,508.8,382.7,255.9,126.7,542.6,382.7,632.2
39.191563,-9.160919,44.0,2006-05-13T09:00,17.1,62,9.9,14.8,0.0,0.0,0.0,0.0,1,1020.4,1015.1,28,0,0,93,0.28,0.73,15.5,18.4,12,12,29.2,19.3,18.0,17.2,14.5,0.102,0.215,0.291,0.27,1,3600.0,514.0,393.0,121.0,704.8,514.0,747.3,589.3,450.6,138.7,704.8,589.3,856.8
39.191563,-9.160919,44.0,2006-05-13T10:00,18.8,52,8.8,17.3,0.0,0.0,0.0,0.0,1,1020.2,1015.0,27,0,0,89,0.41,1.04,13.6,15.6,12,15,28.4,22.0,18.2,17.2,14.5,0.102,0.214,0.291,0.27,1,3600.0,700.0,567.0,133.0,797.4,700.0,953.0,764.8,619.5,145.3,797.4,764.8,1041.2
39.191563,-9.160919,44.0,2006-05-13T11:00,20.3,45,8.1,19.7,0.0,0.0,0.0,0.0,1,1020.2,1015.0,26,0,0,88,0.51,1.31,12.2,14.1,2,4,26.6,24.6,18.5,17.2,14.5,0.101,0.214,0.291,0.27,1,3600.0,851.0,728.0,123.0,877.5,851.0,1111.9,897.6,767.9,129.7,877.5,897.6,1172.9
39.191563,-9.160919,44.0,2006-05-13T12:00,21.3,42,7.9,20.8,0.0,0.0,0.0,0.0,1,1019.8,1014.6,22,0,0,75,0.57,1.47,13.4,15.2,352,356,27.7,26.7,18.8,17.2,14.5,0.1,0.214,0.291,0.27,1,3600.0,926.0,762.0,164.0,841.7,926.0,1213.3,948.5,780.5,168.0,841.7,948.5,1242.8
39.191563,-9.160919,44.0,2006-05-13T13:00,21.9,42,8.3,21.6,0.0,0.0,0.0,0.0,0,1019.5,1014.3,17,0,0,56,0.6,1.54,14.3,16.4,348,351,29.9,28.0,19.2,17.2,14.5,0.099,0.214,0.291,0.27,1,3600.0,961.0,790.0,171.0,846.9,961.0,1250.2,958.0,787.5,170.5,846.9,958.0,1246.2
39.191563,-9.160919,44.0,2006-05-13T14:00,22.2,42,8.8,21.8,0.0,0.0,0.0,0.0,0,1019.1,1013.9,10,0,0,35,0.6,1.54,15.4,17.8,344,346,31.3,28.8,19.6,17.2,14.5,0.098,0.213,0.29,0.27,1,3600.0,953.0,831.0,122.0,912.8,953.0,1220.1,924.0,805.7,118.3,912.8,924.0,1183.0
39.191563,-9.160919,44.0,2006-05-13T15:00,22.1,45,9.5,21.3,0.0,0.0,0.0,0.0,0,1018.8,1013.6,1,0,0,4,0.55,1.47,16.2,18.9,343,346,32.4,28.9,20.0,17.2,14.5,0.097,0.213,0.29,0.27,1,3600.0,865.0,742.0,123.0,883.8,865.0,1125.1,812.9,697.3,115.6,883.8,812.9,1057.4
39.191563,-9.160919,44.0,2006-05-13T16:00,21.7,47,10.0,20.2,0.0,0.0,0.0,0.0,0,1018.4,1013.2,0,0,0,0,0.46,1.36,16.5,19.3,344,346,32.8,28.2,20.3,17.3,14.5,0.097,0.213,0.29,0.27,1,3600.0,732.0,624.0,108.0,860.5,732.0,971.7,661.4,563.8,97.6,860.5,661.4,878.0
39.191563,-9.160919,44.0,2006-05-13T17:00,20.9,50,10.1,18.6,0.0,0.0,0.0,0.0,1,1018.5,1013.3,27,0,0,91,0.36,1.24,16.3,19.5,342,344,32.4,26.9,20.6,17.3,14.5,0.097,0.213,0.29,0.27,1,3600.0,560.0,469.0,91.0,815.8,560.0,770.4,477.6,400.0,77.6,815.8,477.6,657.1
39.191563,-9.160919,44.0,2006-05-13T18:00,19.8,54,10.2,17.4,0.0,0.0,0.0,0.0,1,1018.0,1012.8,30,0,0,99,0.24,1.06,16.6,20.3,342,343,31.3,25.1,20.7,17.3,14.5,0.096,0.212,0.29,0.27,1,3600.0,349.0,260.0,89.0,651.3,349.0,534.9,267.3,199.1,68.2,651.3,267.3,409.7
39.191563,-9.160919,44.0,2006-05-13T19:00,18.1,66,11.6,16.3,0.0,0.0,0.0,0.0,1,1018.1,1012.9,30,0,0,99,0.12,0.71,15.8,20.3,343,343,28.8,22.7,20.7,17.3,14.5,0.097,0.212,0.29,0.27,1,3600.0,134.0,54.0,80.0,257.2,134.0,281.3,72.7,29.3,43.4,257.2,72.7,152.7
39.191563,-9.160919,44.0,2006-05-13T20:00,16.7,73,11.9,15.4,0.0,0.0,0.0,0.0,1,1018.1,1012.8,29,0,0,98,0.05,0.51,13.3,18.4,347,349,26.6,20.4,20.6,17.3,14.5,0.097,0.212,0.29,0.27,0,0.0,16.0,3.0,13.0,32.1,16.0,66.1,0.0,0.0,0.0,0.0,0.0,0.0
39.191563,-9.160919,44.0,2006-05-13T21:00,16.0,79,12.3,15.1,0.0,0.0,0.0,0.0,1,1018.2,1012.9,29,0,0,98,0.02,0.39,10.9,16.3,354,355,21.2,18.9,20.5,17.3,14.5,0.097,0.212,0.29,0.27,0,0.0,0.0,0.0,0.0,0.0,0.0,0.0,0.0,0.0,0.0,0.0,0.0,0.0
39.191563,-9.160919,44.0,2006-05-13T22:00,15.5,83,12.7,15.3,0.0,0.0,0.0,0.0,1,1018.5,1013.2,28,0,0,94,0.0,0.3,7.2,11.6,354,355,18.0,17.8,20.3,17.3,14.5,0.097,0.212,0.29,0.27,0,0.0,0.0,0.0,0.0,0.0,0.0,0.0,0.0,0.0,0.0,0.0,0.0,0.0
39.191563,-9.160919,44.0,2006-05-13T23:00,15.3,86,13.0,15.3,0.0,0.0,0.0,0.0,1,1018.3,1013.0,29,0,0,96,0.0,0.24,5.9,10.3,346,348,14.0,17.1,20.1,17.3,14.5,0.097,0.212,0.29,0.27,0,0.0,0.0,0.0,0.0,0.0,0.0,0.0,0.0,0.0,0.0,0.0,0.0,0.0
39.191563,-9.160919,44.0,2006-05-14T00:00,15.0,89,13.2,15.1,0.0,0.0,0.0,0.0,1,1018.3,1013.0,25,0,0,83,0.0,0.18,6.1,10.2,332,337,12.6,16.5,19.9,17.4,14.5,0.098,0.212,0.29,0.27,0,0.0,0.0,0.0,0.0,0.0,0.0,0.0,0.0,0.0,0.0,0.0,0.0,0.0
39.191563,-9.160919,44.0,2006-05-14T01:00,14.6,92,13.3,14.5,0.0,0.0,0.0,0.0,0,1017.9,1012.6,16,0,0,53,0.0,0.13,7.4,12.2,331,332,12.2,15.8,19.7,17.4,14.5,0.098,0.212,0.29,0.27,0,0.0,0.0,0.0,0.0,0.0,0.0,0.0,0.0,0.0,0.0,0.0,0.0,0.0
39.191563,-9.160919,44.0,2006-05-14T02:00,14.1,94,13.2,13.8,0.0,0.0,0.0,0.0,0,1017.7,1012.4,13,0,0,42,0.0,0.09,8.5,12.7,332,335,12.2,15.2,19.4,17.4,14.5,0.098,0.212,0.29,0.27,0,0.0,0.0,0.0,0.0,0.0,0.0,0.0,0.0,0.0,0.0,0.0,0.0,0.0
39.191563,-9.160919,44.0,2006-05-14T03:00,13.6,96,13.0,13.2,0.0,0.0,0.0,0.0,1,1017.2,1011.9,22,0,0,75,0.0,0.06,9.0,12.7,331,335,13.0,14.6,19.2,17.4,14.5,0.098,0.212,0.29,0.27,0,0.0,0.0,0.0,0.0,0.0,0.0,0.0,0.0,0.0,0.0,0.0,0.0,0.0
39.191563,-9.160919,44.0,2006-05-14T04:00,13.2,97,12.7,12.6,0.0,0.0,0.0,0.0,1,1017.4,1012.1,30,1,0,96,0.0,0.05,9.3,12.2,332,336,13.0,14.0,18.9,17.4,14.5,0.098,0.212,0.29,0.27,0,0.0,0.0,0.0,0.0,0.0,0.0,0.0,0.0,0.0,0.0,0.0,0.0,0.0
39.191563,-9.160919,44.0,2006-05-14T05:00,12.6,98,12.3,12.1,0.0,0.0,0.0,0.0,1,1017.5,1012.2,36,7,0,98,0.0,0.03,8.4,10.5,335,338,13.3,13.5,18.6,17.4,14.5,0.099,0.212,0.29,0.27,0,0.0,0.0,0.0,0.0,0.0,0.0,0.0,0.0,0.0,0.0,0.0,0.0,0.0
39.191563,-9.160919,44.0,2006-05-14T06:00,12.5,97,12.1,12.2,0.0,0.0,0.0,0.0,1,1017.5,1012.2,46,19,0,98,0.01,0.04,6.5,8.3,341,342,13.0,13.3,18.4,17.4,14.5,0.099,0.212,0.29,0.27,1,0.0,11.0,2.0,9.0,23.7,11.0,54.2,26.1,4.8,21.4,49.5,12.5,128.7
39.191563,-9.160919,44.0,2006-05-14T07:00,14.1,97,13.6,14.5,0.0,0.0,0.0,0.0,1,1017.8,1012.5,36,7,0,98,0.05,0.05,5.2,7.1,335,336,10.4,14.7,18.2,17.4,14.5,0.099,0.212,0.29,0.27,1,3600.0,122.0,55.0,67.0,286.5,122.0,257.2,183.0,82.5,100.5,286.5,183.0,385.7
39.191563,-9.160919,44.0,2006-05-14T08:00,16.4,83,13.5,16.7,0.0,0.0,0.0,0.0,1,1018.1,1012.8,28,0,0,94,0.15,0.32,5.4,6.7,323,324,12.6,18.1,18.2,17.4,14.5,0.099,0.212,0.29,0.27,1,3600.0,284.0,151.0,133.0,395.3,284.0,511.7,352.3,187.3,165.0,395.3,352.3,634.8
39.191563,-9.160919,44.0,2006-05-14T09:00,17.8,68,11.9,17.5,0.0,0.0,0.0,0.0,1,1018.3,1013.1,29,0,0,95,0.23,0.64,5.9,6.4,313,313,14.4,20.0,18.2,17.4,14.5,0.099,0.212,0.29,0.27,1,3600.0,399.0,166.0,233.0,296.6,399.0,749.7,457.2,190.2,267.0,296.6,457.2,859.0
39.191563,-9.160919,44.0,2006-05-14T10:00,19.2,57,10.4,18.8,0.0,0.0,0.0,0.0,1,1018.5,1013.3,29,0,0,97,0.35,0.97,4.3,4.8,312,312,16.2,22.4,18.4,17.4,14.5,0.099,0.212,0.289,0.27,1,3600.0,570.0,264.0,306.0,370.3,570.0,955.0,622.6,288.3,334.2,370.3,622.6,1043.1
39.191563,-9.160919,44.0,2006-05-14T11:00,20.6,48,9.1,20.7,0.0,0.0,0.0,0.0,1,1018.2,1013.0,30,0,0,100,0.45,1.27,5.2,5.2,286,286,16.6,25.0,18.7,17.4,14.5,0.098,0.212,0.289,0.27,1,3600.0,718.0,394.0,324.0,473.9,718.0,1113.7,757.2,415.5,341.7,473.9,757.2,1174.5
39.191563,-9.160919,44.0,2006-05-14T12:00,21.7,43,8.5,21.3,0.0,0.0,0.0,0.0,1,1018.3,1013.1,29,0,0,96,0.49,1.48,8.4,9.1,280,279,18.4,26.8,19.0,17.4,14.5,0.098,0.211,0.289,0.27,1,3600.0,759.0,401.0,358.0,442.2,759.0,1214.8,777.4,410.7,366.7,442.2,777.4,1244.3
39.191563,-9.160919,44.0,2006-05-14T13:00,22.1,42,8.5,21.1,0.0,0.0,0.0,0.0,1,1018.0,1012.8,46,0,26,100,0.48,1.54,10.2,11.4,288,288,23.0,27.7,19.4,17.4,14.5,0.097,0.211,0.289,0.27,1,3600.0,718.0,286.0,432.0,306.1,718.0,1251.6,715.8,285.1,430.6,306.1,715.8,1247.7
39.191563,-9.160919,44.0,2006-05-14T14:00,21.7,44,8.8,20.5,0.0,0.0,0.0,0.0,3,1017.5,1012.3,82,0,87,99,0.42,1.47,8.7,9.7,300,301,25.6,27.5,19.7,17.4,14.5,0.096,0.211,0.289,0.27,1,3600.0,622.0,186.0,436.0,204.0,622.0,1221.6,603.1,180.4,422.8,204.0,603.1,1184.6
39.191563,-9.160919,44.0,2006-05-14T15:00,21.1,45,8.8,19.6,0.0,0.0,0.0,0.0,2,1017.3,1012.1,80,0,84,98,0.33,1.37,7.9,8.2,294,293,24.8,26.6,20.0,17.4,14.5,0.096,0.211,0.289,0.27,1,874.73,473.0,75.0,398.0,89.2,473.0,1126.8,444.6,70.5,374.1,89.2,444.6,1059.2
39.191563,-9.160919,44.0,2006-05-14T16:00,20.8,49,9.6,19.2,0.2,0.2,0.0,0.0,51,1017.2,1012.0,52,0,38,99,0.28,1.26,10.0,11.5,285,284,17.6,25.9,20.2,17.4,14.5,0.099,0.211,0.289,0.27,1,139.64,380.0,47.0,333.0,64.7,380.0,973.7,343.5,42.5,301.0,64.7,343.5,880.2
39.191563,-9.160919,44.0,2006-05-14T17:00,20.3,51,9.9,18.6,0.0,0.0,0.0,0.0,1,1017.4,1012.2,23,0,4,69,0.2,1.17,11.5,13.7,284,284,16.9,24.3,20.3,17.4,14.5,0.099,0.21,0.289,0.27,1,71.91,226.0,36.0,190.0,62.4,226.0,772.8,192.9,30.7,162.2,62.4,192.9,659.6
39.191563,-9.160919,44.0,2006-05-14T18:00,19.7,54,10.1,17.9,0.0,0.0,0.0,0.0,0,1017.7,1012.5,2,0,0,5,0.19,1.06,12.9,15.6,288,289,20.2,23.4,20.4,17.4,14.5,0.099,0.21,0.289,0.27,1,3281.27,223.0,68.0,155.0,169.4,223.0,537.8,171.1,52.2,119.0,169.4,171.1,412.7
39.191563,-9.160919,44.0,2006-05-14T19:00,18.6,58,10.1,16.8,0.0,0.0,0.0,0.0,0,1017.6,1012.4,0,0,0,0,0.12,0.9,12.1,15.3,293,294,23.0,21.9,20.4,17.4,14.5,0.099,0.21,0.288,0.27,1,3600.0,157.0,106.0,51.0,498.9,157.0,284.6,86.2,58.2,28.0,498.9,86.2,156.2
39.191563,-9.160919,44.0,2006-05-14T20:00,17.1,67,11.0,16.0,0.0,0.0,0.0,0.0,0,1017.8,1012.5,0,0,0,0,0.05,0.64,9.3,14.5,298,300,20.2,19.9,20.4,17.5,14.6,0.099,0.21,0.288,0.27,0,244.07,19.0,9.0,10.0,95.1,19.0,67.9,0.0,0.0,0.0,0.0,0.0,0.0
39.191563,-9.160919,44.0,2006-05-14T21:00,16.3,74,11.7,15.7,0.0,0.0,0.0,0.0,0,1018.3,1013.0,0,0,0,0,0.01,0.47,7.3,12.9,303,306,15.1,18.4,20.2,17.5,14.6,0.099,0.21,0.288,0.27,0,0.0,0.0,0.0,0.0,0.0,0.0,0.0,0.0,0.0,0.0,0.0,0.0,0.0
39.191563,-9.160919,44.0,2006-05-14T22:00,15.7,80,12.3,15.5,0.0,0.0,0.0,0.0,0,1018.5,1013.2,0,0,0,0,0.0,0.36,6.1,13.5,298,299,12.2,17.4,20.0,17.5,14.6,0.099,0.21,0.288,0.27,0,0.0,0.0,0.0,0.0,0.0,0.0,0.0,0.0,0.0,0.0,0.0,0.0,0.0
39.191563,-9.160919,44.0,2006-05-14T23:00,15.0,87,12.8,14.9,0.0,0.0,0.0,0.0,0,1018.2,1012.9,0,0,0,0,0.0,0.23,6.4,10.5,313,308,9.4,16.4,19.8,17.5,14.6,0.1,0.21,0.288,0.27,0,0.0,0.0,0.0,0.0,0.0,0.0,0.0,0.0,0.0,0.0,0.0,0.0,0.0
39.191563,-9.160919,44.0,2006-05-15T00:00,15.3,83,12.5,15.5,0.0,0.0,0.0,0.0,0,1017.9,1012.6,13,0,0,44,0.0,0.29,4.2,7.9,329,317,7.6,15.5,19.6,17.5,14.6,0.1,0.21,0.288,0.27,0,0.0,0.0,0.0,0.0,0.0,0.0,0.0,0.0,0.0,0.0,0.0,0.0,0.0
39.191563,-9.160919,44.0,2006-05-15T01:00,15.3,83,12.5,15.7,0.0,0.0,0.0,0.0,0,1017.3,1012.0,20,0,0,66,0.0,0.29,2.6,5.7,344,325,5.8,14.8,19.3,17.5,14.6,0.1,0.21,0.288,0.27,0,0.0,0.0,0.0,0.0,0.0,0.0,0.0,0.0,0.0,0.0,0.0,0.0,0.0
39.191563,-9.160919,44.0,2006-05-15T02:00,15.1,85,12.6,15.6,0.0,0.0,0.0,0.0,1,1017.1,1011.8,30,0,0,99,0.0,0.26,2.2,4.7,351,328,4.7,14.2,19.1,17.5,14.6,0.1,0.21,0.288,0.27,0,0.0,0.0,0.0,0.0,0.0,0.0,0.0,0.0,0.0,0.0,0.0,0.0,0.0
39.191563,-9.160919,44.0,2006-05-15T03:00,14.9,86,12.6,15.5,0.0,0.0,0.0,0.0,1,1017.0,1011.7,30,0,0,100,0.0,0.24,1.4,3.9,360,326,4.3,13.7,18.8,17.5,14.6,0.1,0.21,0.288,0.27,0,0.0,0.0,0.0,0.0,0.0,0.0,0.0,0.0,0.0,0.0,0.0,0.0,0.0
39.191563,-9.160919,44.0,2006-05-15T04:00,14.8,87,12.7,15.5,0.0,0.0,0.0,0.0,1,1016.8,1011.5,30,0,0,100,0.0,0.22,0.7,3.1,270,315,5.4,13.4,18.5,17.5,14.6,0.101,0.21,0.288,0.27,0,0.0,0.0,0.0,0.0,0.0,0.0,0.0,0.0,0.0,0.0,0.0,0.0,0.0
39.191563,-9.160919,44.0,2006-05-15T05:00,14.8,88,12.8,15.4,0.0,0.0,0.0,0.0,1,1017.1,1011.8,30,0,0,100,0.0,0.2,1.8,2.1,191,301,5.8,13.2,18.3,17.5,14.6,0.101,0.21,0.288,0.27,0,0.0,0.0,0.0,0.0,0.0,0.0,0.0,0.0,0.0,0.0,0.0,0.0,0.0
39.191563,-9.160919,44.0,2006-05-15T06:00,14.8,88,12.9,15.3,0.0,0.0,0.0,0.0,1,1017.2,1011.9,29,0,0,97,0.01,0.2,2.8,1.0,140,135,5.0,13.2,18.0,17.5,14.6,0.101,0.21,0.288,0.27,1,0.0,11.0,1.0,10.0,11.7,11.0,55.9,26.0,2.4,23.6,24.0,12.7,132.2
39.191563,-9.160919,44.0,2006-05-15T07:00,15.4,88,13.4,15.9,0.0,0.0,0.0,0.0,1,1017.4,1012.1,29,0,0,97,0.05,0.22,3.9,2.6,146,146,7.9,14.8,17.9,17.5,14.6,0.101,0.21,0.288,0.27,1,3600.0,113.0,39.0,74.0,200.5,113.0,260.4,168.7,58.2,110.4,200.5,168.7,388.7
39.191563,-9.160919,44.0,2006-05-15T08:00,17.6,75,13.2,18.2,0.0,0.0,0.0,0.0,1,1017.4,1012.2,30,0,0,99,0.15,0.5,2.9,2.5,173,172,9.4,18.5,17.9,17.5,14.6,0.102,0.21,0.288,0.27,1,3600.0,275.0,135.0,140.0,351.4,275.0,514.5,340.7,167.2,173.4,351.4,340.7,637.3
39.191563,-9.160919,44.0,2006-05-15T09:00,19.2,66,12.7,19.7,0.0,0.0,0.0,0.0,1,1017.6,1012.4,32,0,3,100,0.27,0.75,1.8,1.5,217,225,11.2,21.6,18.0,17.5,14.6,0.101,0.21,0.288,0.27,1,3600.0,451.0,259.0,192.0,461.2,451.0,752.0,516.4,296.6,219.9,461.2,516.4,861.1
39.191563,-9.160919,44.0,2006-05-15T10:00,20.6,58,12.1,21.2,0.0,0.0,0.0,0.0,2,1017.5,1012.3,55,0,42,99,0.37,1.01,2.5,2.2,262,270,12.2,24.2,18.3,17.5,14.6,0.101,0.21,0.288,0.27,1,3600.0,597.0,346.0,251.0,484.2,597.0,957.0,651.8,377.8,274.1,484.2,651.8,1044.9
39.191563,-9.160919,44.0,2006-05-15T11:00,21.7,53,11.8,22.8,0.0,0.0,0.0,0.0,2,1017.3,1012.1,73,0,73,98,0.44,1.21,2.7,2.6,293,304,13.0,26.4,18.7,17.5,14.6,0.1,0.21,0.288,0.27,1,3600.0,685.0,345.0,340.0,414.2,685.0,1115.3,722.3,363.8,358.5,414.2,722.3,1176.0
39.191563,-9.160919,44.0,2006-05-15T12:00,22.6,51,12.0,23.6,0.0,0.0,0.0,0.0,2,1017.1,1011.9,64,0,58,99,0.47,1.34,4.7,4.2,293,301,15.8,27.8,19.1,17.5,14.6,0.099,0.209,0.288,0.27,1,3600.0,720.0,360.0,360.0,396.3,720.0,1216.3,737.4,368.7,368.7,396.3,737.4,1245.7
39.191563,-9.160919,44.0,2006-05-15T13:00,23.0,51,12.2,23.6,0.0,0.0,0.0,0.0,1,1016.7,1011.6,44,0,26,95,0.46,1.39,5.7,5.2,288,295,18.0,28.5,19.4,17.5,14.6,0.098,0.209,0.288,0.27,1,3600.0,685.0,323.0,362.0,345.2,685.0,1253.0,682.9,322.0,360.9,345.2,682.9,1249.1
39.191563,-9.160919,44.0,2006-05-15T14:00,23.3,51,12.5,23.8,0.0,0.0,0.0,0.0,1,1016.3,1011.2,40,0,18,98,0.46,1.4,6.8,6.3,288,294,19.4,28.9,19.8,17.5,14.6,0.098,0.209,0.287,0.27,1,3600.0,681.0,274.0,407.0,300.0,681.0,1223.1,660.4,265.7,394.7,300.0,660.4,1186.1
39.191563,-9.160919,44.0,2006-05-15T15:00,23.2,52,12.9,22.9,0.0,0.0,0.0,0.0,1,1016.0,1010.9,41,0,18,100,0.4,1.36,9.2,9.2,291,296,20.9,28.6,20.2,17.5,14.6,0.097,0.209,0.287,0.27,1,3600.0,575.0,212.0,363.0,251.5,575.0,1128.5,540.6,199.3,341.3,251.5,540.6,1061.0
39.191563,-9.160919,44.0,2006-05-15T16:00,23.1,54,13.3,22.4,0.0,0.0,0.0,0.0,2,1016.0,1010.9,51,0,36,98,0.37,1.29,12.1,13.2,297,299,23.8,28.2,20.5,17.5,14.6,0.097,0.208,0.287,0.27,1,3600.0,530.0,237.0,293.0,325.2,530.0,975.7,479.3,214.3,265.0,325.2,479.3,882.3
39.191563,-9.160919,44.0,2006-05-15T17:00,22.1,59,13.7,21.3,0.0,0.0,0.0,0.0,1,1015.9,1010.7,33,0,22,65,0.26,1.09,13.4,16.1,301,304,24.5,26.7,20.7,17.5,14.6,0.096,0.208,0.287,0.27,1,3600.0,359.0,127.0,232.0,219.4,359.0,775.1,306.7,108.5,198.2,219.4,306.7,662.2
39.191563,-9.160919,44.0,2006-05-15T18:00,21.3,62,13.7,20.5,0.0,0.0,0.0,0.0,0,1015.8,1010.6,15,0,15,20,0.2,0.96,13.4,16.9,306,308,24.1,25.4,20.9,17.5,14.6,0.096,0.208,0.287,0.27,1,3600.0,280.0,157.0,123.0,388.9,280.0,540.5,215.3,120.7,94.6,388.9,215.3,415.7
39.191563,-9.160919,44.0,2006-05-15T19:00,20.3,67,14.0,19.7,0.0,0.0,0.0,0.0,0,1016.0,1010.8,10,0,8,19,0.12,0.78,13.0,17.9,309,310,24.1,23.6,20.9,17.5,14.6,0.096,0.208,0.287,0.27,1,3600.0,145.0,87.0,58.0,404.7,145.0,287.8,80.4,48.3,32.2,404.7,80.4,159.7
39.191563,-9.160919,44.0,2006-05-15T20:00,18.8,77,14.7,18.7,0.0,0.0,0.0,0.0,0,1016.0,1010.8,5,0,0,18,0.04,0.5,10.9,17.6,314,314,22.0,21.6,20.9,17.6,14.6,0.096,0.208,0.287,0.27,0,95.54,19.0,7.0,12.0,72.9,19.0,69.6,0.0,0.0,0.0,0.0,0.0,0.0
39.191563,-9.160919,44.0,2006-05-15T21:00,17.8,85,15.2,18.2,0.0,0.0,0.0,0.0,0,1016.6,1011.4,1,0,0,4,0.01,0.31,9.4,16.1,320,320,17.6,20.0,20.8,17.6,14.6,0.097,0.208,0.287,0.27,0,0.0,0.0,0.0,0.0,0.0,0.0,0.0,0.0,0.0,0.0,0.0,0.0,0.0
39.191563,-9.160919,44.0,2006-05-15T22:00,17.3,90,15.6,18.1,0.0,0.0,0.0,0.0,0,1017.2,1012.0,2,2,0,0,0.0,0.2,7.4,14.5,317,318,14.4,19.0,20.7,17.6,14.6,0.097,0.208,0.287,0.27,0,0.0,0.0,0.0,0.0,0.0,0.0,0.0,0.0,0.0,0.0,0.0,0.0,0.0
39.191563,-9.160919,44.0,2006-05-15T23:00,16.9,94,15.9,17.9,0.0,0.0,0.0,0.0,0,1017.6,1012.3,4,4,0,0,0.0,0.12,6.6,14.1,331,328,13.0,18.2,20.5,17.6,14.6,0.097,0.208,0.287,0.27,0,0.0,0.0,0.0,0.0,0.0,0.0,0.0,0.0,0.0,0.0,0.0,0.0,0.0
39.191563,-9.160919,44.0,2006-05-16T00:00,16.6,96,15.9,17.8,0.0,0.0,0.0,0.0,0,1017.2,1011.9,18,6,0,43,0.0,0.08,5.8,12.7,353,345,12.6,17.6,20.3,17.6,14.6,0.097,0.208,0.287,0.27,0,0.0,0.0,0.0,0.0,0.0,0.0,0.0,0.0,0.0,0.0,0.0,0.0,0.0
39.191563,-9.160919,44.0,2006-05-16T01:00,16.4,97,15.9,17.5,0.0,0.0,0.0,0.0,1,1017.1,1011.8,20,4,0,55,0.0,0.06,6.1,12.7,357,352,11.9,17.2,20.1,17.6,14.6,0.097,0.208,0.287,0.27,0,0.0,0.0,0.0,0.0,0.0,0.0,0.0,0.0,0.0,0.0,0.0,0.0,0.0
39.191563,-9.160919,44.0,2006-05-16T02:00,16.2,97,15.8,17.3,0.0,0.0,0.0,0.0,1,1016.9,1011.6,26,12,0,50,0.0,0.05,6.1,13.1,357,352,13.0,16.9,19.9,17.6,14.6,0.098,0.208,0.287,0.27,0,0.0,0.0,0.0,0.0,0.0,0.0,0.0,0.0,0.0,0.0,0.0,0.0,0.0
39.191563,-9.160919,44.0,2006-05-16T03:00,16.1,97,15.7,17.1,0.0,0.0,0.0,0.0,1,1016.4,1011.1,22,12,0,39,0.0,0.05,5.9,11.9,11,5,13.0,16.7,19.7,17.6,14.6,0.098,0.208,0.287,0.27,0,0.0,0.0,0.0,0.0,0.0,0.0,0.0,0.0,0.0,0.0,0.0,0.0,0.0
39.191563,-9.160919,44.0,2006-05-16T04:00,15.8,98,15.5,16.7,0.0,0.0,0.0,0.0,0,1016.5,1011.2,13,14,0,2,0.0,0.04,6.3,10.8,13,15,11.5,16.4,19.5,17.6,14.6,0.098,0.208,0.287,0.27,0,0.0,0.0,0.0,0.0,0.0,0.0,0.0,0.0,0.0,0.0,0.0,0.0,0.0
39.191563,-9.160919,44.0,2006-05-16T05:00,15.5,98,15.2,16.3,0.0,0.0,0.0,0.0,0,1017.2,1011.9,15,17,0,0,0.0,0.03,6.6,10.4,351,2,10.4,15.9,19.4,17.6,14.6,0.098,0.208,0.287,0.27,0,0.0,0.0,0.0,0.0,0.0,0.0,0.0,0.0,0.0,0.0,0.0,0.0,0.0
39.191563,-9.160919,44.0,2006-05-16T06:00,15.4,98,15.1,16.2,0.0,0.0,0.0,0.0,0,1017.2,1011.9,15,13,0,11,0.01,0.03,5.7,11.6,35,22,12.2,15.7,19.2,17.6,14.6,0.098,0.208,0.287,0.27,1,0.0,12.0,4.0,8.0,46.0,12.0,57.6,28.3,9.4,18.8,93.0,14.0,135.5
39.191563,-9.160919,44.0,2006-05-16T07:00,17.3,94,16.3,18.5,0.0,0.0,0.0,0.0,0,1017.4,1012.2,18,6,0,42,0.06,0.12,6.1,11.0,50,41,12.2,17.2,19.0,17.6,14.6,0.099,0.208,0.287,0.27,1,3600.0,130.0,80.0,50.0,406.3,130.0,263.6,193.2,118.9,74.3,406.3,193.2,391.6
39.191563,-9.160919,44.0,2006-05-16T08:00,19.5,82,16.3,20.7,0.0,0.0,0.0,0.0,1,1017.2,1012.0,27,0,0,90,0.17,0.41,6.6,9.4,61,58,13.7,20.3,19.1,17.6,14.6,0.099,0.208,0.287,0.27,1,3600.0,316.0,234.0,82.0,605.7,316.0,517.1,391.0,289.5,101.4,605.7,391.0,639.8
39.191563,-9.160919,44.0,2006-05-16T09:00,21.3,73,16.2,22.7,0.0,0.0,0.0,0.0,1,1017.7,1012.5,29,0,0,97,0.3,0.69,4.8,6.2,48,54,14.0,22.9,19.2,17.6,14.6,0.099,0.208,0.287,0.27,1,3600.0,496.0,371.0,125.0,658.4,496.0,754.2,567.6,424.6,143.1,658.4,567.6,863.2
39.191563,-9.160919,44.0,2006-05-16T10:00,22.7,65,15.9,25.1,0.0,0.0,0.0,0.0,1,1017.4,1012.2,30,0,0,99,0.43,0.95,2.9,4.2,30,59,13.7,26.0,19.5,17.6,14.6,0.098,0.208,0.287,0.27,1,3600.0,674.0,541.0,133.0,755.2,674.0,958.8,735.7,590.5,145.2,755.2,735.7,1046.6
39.191563,-9.160919,44.0,2006-05-16T11:00,23.9,61,15.8,26.9,0.0,0.0,0.0,0.0,1,1017.3,1012.2,30,0,0,100,0.51,1.16,3.0,3.1,346,36,15.5,28.6,19.9,17.6,14.6,0.098,0.207,0.286,0.27,1,3600.0,769.0,555.0,214.0,665.1,769.0,1116.9,810.7,585.1,225.6,665.1,810.7,1177.5
39.191563,-9.160919,44.0,2006-05-16T12:00,24.7,57,15.7,27.8,0.0,0.0,0.0,0.0,1,1016.9,1011.8,30,0,0,100,0.52,1.32,1.5,1.1,315,72,16.2,30.1,20.3,17.7,14.7,0.097,0.207,0.286,0.27,1,3600.0,761.0,403.0,358.0,443.0,761.0,1217.7,779.4,412.7,366.6,443.0,779.4,1247.0
39.191563,-9.160919,44.0,2006-05-16T13:00,25.4,55,15.6,28.2,0.0,0.0,0.0,0.0,1,1016.7,1011.6,27,0,0,89,0.54,1.47,4.0,2.2,280,261,16.2,31.4,20.7,17.7,14.7,0.096,0.207,0.286,0.27,1,3600.0,783.0,435.0,348.0,464.1,783.0,1254.4,780.6,433.7,346.9,464.1,780.6,1250.5
39.191563,-9.160919,44.0,2006-05-16T14:00,26.1,53,15.7,29.0,0.0,0.0,0.0,0.0,0,1016.4,1011.3,3,0,0,9,0.61,1.59,7.1,6.2,285,277,20.2,32.8,21.2,17.7,14.7,0.095,0.207,0.286,0.27,1,3600.0,884.0,672.0,212.0,734.5,884.0,1224.5,857.4,651.8,205.6,734.5,857.4,1187.6
39.191563,-9.160919,44.0,2006-05-16T15:00,26.2,53,16.0,28.5,0.0,0.0,0.0,0.0,0,1016.2,1011.1,0,0,0,0,0.57,1.59,9.5,9.8,295,294,23.0,33.1,21.7,17.7,14.7,0.094,0.206,0.286,0.27,1,3600.0,838.0,713.0,125.0,844.4,838.0,1130.1,788.1,670.5,117.6,844.4,788.1,1062.7
39.191563,-9.160919,44.0,2006-05-16T16:00,25.7,57,16.6,27.1,0.0,0.0,0.0,0.0,0,1016.0,1010.9,3,0,0,10,0.48,1.41,11.8,13.1,308,307,25.6,32.4,22.1,17.7,14.7,0.093,0.206,0.286,0.27,1,3600.0,710.0,605.0,105.0,828.2,710.0,977.6,642.3,547.3,95.0,828.2,642.3,884.4
39.191563,-9.160919,44.0,2006-05-16T17:00,24.7,62,17.0,25.4,0.0,0.0,0.0,0.0,1,1015.7,1010.6,26,0,0,88,0.36,1.17,12.0,14.1,321,322,26.3,30.9,22.4,17.7,14.7,0.093,0.206,0.285,0.27,1,3600.0,536.0,438.0,98.0,754.0,536.0,777.4,458.3,374.5,83.8,754.0,458.3,664.7
39.191563,-9.160919,44.0,2006-05-16T18:00,23.4,67,17.0,24.0,0.0,0.0,0.0,0.0,1,1015.4,1010.3,30,0,0,100,0.23,0.95,12.5,15.1,327,327,25.9,28.8,22.6,17.8,14.7,0.093,0.206,0.285,0.27,1,3600.0,342.0,256.0,86.0,630.6,342.0,543.3,263.6,197.3,66.3,630.6,263.6,418.7
39.191563,-9.160919,44.0,2006-05-16T19:00,22.3,71,16.8,23.0,0.0,0.0,0.0,0.0,1,1015.8,1010.6,29,0,0,98,0.11,0.77,11.6,15.6,334,334,21.6,26.3,22.6,17.8,14.7,0.093,0.206,0.285,0.27,1,3600.0,128.0,40.0,88.0,183.9,128.0,291.0,71.7,22.4,49.3,183.9,71.7,163.1
39.191563,-9.160919,44.0,2006-05-16T20:00,20.7,78,16.7,21.4,0.0,0.0,0.0,0.0,1,1015.9,1010.7,30,0,0,100,0.04,0.54,10.7,17.3,346,348,19.8,23.9,22.6,17.8,14.7,0.093,0.206,0.285,0.27,0,0.0,16.0,1.0,15.0,10.3,16.0,71.3,0.0,0.0,0.0,0.0,0.0,0.0
39.191563,-9.160919,44.0,2006-05-16T21:00,19.8,81,16.5,20.5,0.0,0.0,0.0,0.0,1,1016.4,1011.2,30,0,0,100,0.01,0.43,10.1,17.3,358,356,17.3,22.3,22.5,17.8,14.7,0.093,0.206,0.285,0.27,0,0.0,0.0,0.0,0.0,0.0,0.0,0.0,0.0,0.0,0.0,0.0,0.0,0.0
39.191563,-9.160919,44.0,2006-05-16T22:00,19.4,82,16.3,20.3,0.0,0.0,0.0,0.0,1,1016.4,1011.2,29,0,0,97,0.01,0.4,8.4,16.3,7,5,15.8,21.2,22.4,17.8,14.7,0.093,0.206,0.285,0.27,0,0.0,0.0,0.0,0.0,0.0,0.0,0.0,0.0,0.0,0.0,0.0,0.0,0.0
39.191563,-9.160919,44.0,2006-05-16T23:00,19.0,84,16.1,19.9,0.0,0.0,0.0,0.0,1,1016.7,1011.5,29,0,0,95,0.0,0.36,7.9,16.2,3,4,14.0,20.4,22.2,17.9,14.7,0.094,0.206,0.285,0.27,0,0.0,0.0,0.0,0.0,0.0,0.0,0.0,0.0,0.0,0.0,0.0,0.0,0.0
39.191563,-9.160919,44.0,2006-05-17T00:00,18.5,86,16.1,19.4,0.0,0.0,0.0,0.0,1,1016.6,1011.4,29,0,0,97,0.0,0.3,7.6,16.2,360,3,12.2,19.6,22.0,17.9,14.7,0.094,0.206,0.285,0.27,0,0.0,0.0,0.0,0.0,0.0,0.0,0.0,0.0,0.0,0.0,0.0,0.0,0.0
39.191563,-9.160919,44.0,2006-05-17T01:00,18.0,88,16.0,19.1,0.0,0.0,0.0,0.0,1,1016.4,1011.2,27,0,0,91,0.0,0.24,6.5,14.5,3,6,10.8,18.9,21.8,17.9,14.7,0.094,0.206,0.285,0.27,0,0.0,0.0,0.0,0.0,0.0,0.0,0.0,0.0,0.0,0.0,0.0,0.0,0.0
39.191563,-9.160919,44.0,2006-05-17T02:00,17.1,93,16.0,18.2,0.0,0.0,0.0,0.0,0,1015.6,1010.4,0,0,0,0,0.0,0.14,6.8,12.5,3,12,8.6,18.2,21.6,17.9,14.7,0.094,0.206,0.285,0.27,0,0.0,0.0,0.0,0.0,0.0,0.0,0.0,0.0,0.0,0.0,0.0,0.0,0.0
39.191563,-9.160919,44.0,2006-05-17T03:00,16.5,94,15.5,17.3,0.0,0.0,0.0,0.0,0,1015.5,1010.2,1,0,0,4,0.0,0.11,6.9,11.5,6,14,8.3,17.3,21.3,17.9,14.7,0.094,0.206,0.285,0.27,0,0.0,0.0,0.0,0.0,0.0,0.0,0.0,0.0,0.0,0.0,0.0,0.0,0.0
39.191563,-9.160919,44.0,2006-05-17T04:00,16.0,96,15.3,16.9,0.0,0.0,0.0,0.0,0,1015.4,1010.1,9,0,0,29,0.0,0.08,6.3,9.9,13,19,7.9,16.7,21.0,17.9,14.7,0.095,0.206,0.285,0.27,0,0.0,0.0,0.0,0.0,0.0,0.0,0.0,0.0,0.0,0.0,0.0,0.0,0.0
39.191563,-9.160919,44.0,2006-05-17T05:00,15.7,97,15.2,16.6,0.0,0.0,0.0,0.0,0,1015.4,1010.1,16,0,0,55,0.0,0.06,5.2,8.2,12,15,8.3,16.2,20.8,17.9,14.7,0.095,0.206,0.285,0.27,0,0.0,0.0,0.0,0.0,0.0,0.0,0.0,0.0,0.0,0.0,0.0,0.0,0.0
39.191563,-9.160919,44.0,2006-05-17T06:00,15.4,98,15.1,16.6,0.0,0.0,0.0,0.0,0,1015.6,1010.3,18,0,0,61,0.01,0.03,3.6,5.9,315,346,8.3,16.0,20.5,17.9,14.7,0.095,0.206,0.285,0.27,1,0.0,14.0,5.0,9.0,56.7,14.0,59.2,32.8,11.7,21.1,113.1,16.5,138.8
39.191563,-9.160919,44.0,2006-05-17T07:00,17.8,90,16.1,19.3,0.0,0.0,0.0,0.0,1,1016.2,1011.0,29,0,0,95,0.06,0.21,4.2,5.2,250,282,8.3,17.7,20.3,17.9,14.7,0.095,0.206,0.285,0.27,1,3600.0,132.0,75.0,57.0,376.4,132.0,266.6,195.3,111.0,84.3,376.4,195.3,394.4
39.191563,-9.160919,44.0,2006-05-17T08:00,20.8,72,15.6,21.6,0.0,0.0,0.0,0.0,1,1016.5,1011.3,29,0,0,97,0.18,0.68,7.2,9.4,264,268,13.7,21.3,20.3,18.0,14.7,0.095,0.206,0.285,0.27,1,3600.0,287.0,170.0,117.0,437.7,287.0,519.7,354.6,210.1,144.6,437.7,354.6,642.1
39.191563,-9.160919,44.0,2006-05-17T09:00,22.2,63,14.8,22.3,0.0,0.0,0.0,0.0,1,1017.3,1012.1,29,0,2,93,0.29,0.99,10.5,13.4,278,278,19.4,23.6,20.4,18.0,14.7,0.095,0.205,0.285,0.27,1,3600.0,435.0,238.0,197.0,421.0,435.0,756.4,497.5,272.2,225.3,421.0,497.5,865.1
39.191563,-9.160919,44.0,2006-05-17T10:00,22.9,60,14.9,22.8,0.0,0.0,0.0,0.0,1,1017.4,1012.2,35,0,11,96,0.38,1.1,13.0,16.9,294,294,23.0,25.7,20.6,18.0,14.7,0.095,0.205,0.285,0.27,1,3600.0,579.0,307.0,272.0,427.6,579.0,960.6,631.8,335.0,296.8,427.6,631.8,1048.2
39.191563,-9.160919,44.0,2006-05-17T11:00,23.3,60,15.2,23.6,0.0,0.0,0.0,0.0,1,1018.1,1013.0,36,0,13,95,0.44,1.13,14.0,18.2,299,300,25.6,27.3,20.9,18.0,14.7,0.094,0.205,0.285,0.269,1,3600.0,680.0,383.0,297.0,458.2,680.0,1118.3,716.8,403.7,313.1,458.2,716.8,1178.9
39.191563,-9.160919,44.0,2006-05-17T12:00,23.6,60,15.4,24.6,0.0,0.0,0.0,0.0,2,1018.6,1013.5,68,0,64,98,0.51,1.16,15.1,19.5,303,304,27.4,29.0,21.2,18.0,14.7,0.094,0.205,0.285,0.269,1,3600.0,806.0,558.0,248.0,612.4,806.0,1219.0,825.4,571.4,254.0,612.4,825.4,1248.3
39.191563,-9.160919,44.0,2006-05-17T13:00,23.6,61,15.7,24.6,0.0,0.0,0.0,0.0,2,1018.6,1013.5,53,0,38,100,0.51,1.13,14.8,19.4,311,312,29.9,29.7,21.5,18.0,14.7,0.093,0.205,0.284,0.269,1,3600.0,793.0,444.0,349.0,473.1,793.0,1255.7,790.6,442.6,347.9,473.1,790.6,1251.8
39.191563,-9.160919,44.0,2006-05-17T14:00,23.2,64,16.0,24.2,0.0,0.0,0.0,0.0,1,1018.6,1013.4,45,0,26,98,0.45,1.03,13.3,17.3,311,312,30.6,29.6,21.8,18.0,14.7,0.093,0.204,0.284,0.269,1,3600.0,703.0,457.0,246.0,498.7,703.0,1225.9,681.9,443.3,238.6,498.7,681.9,1189.1
39.191563,-9.160919,44.0,2006-05-17T15:00,22.8,67,16.4,23.4,0.0,0.0,0.0,0.0,1,1018.8,1013.6,43,0,23,98,0.4,0.92,13.8,17.8,311,313,31.3,29.2,22.0,18.0,14.7,0.093,0.204,0.284,0.269,1,3600.0,623.0,265.0,358.0,313.3,623.0,1131.7,586.0,249.3,336.7,313.3,586.0,1064.5
39.191563,-9.160919,44.0,2006-05-17T16:00,22.5,71,16.9,22.8,0.0,0.0,0.0,0.0,1,1018.7,1013.5,48,5,23,98,0.35,0.8,15.0,19.4,316,318,33.5,28.6,22.3,18.0,14.7,0.093,0.204,0.284,0.269,1,3600.0,563.0,295.0,268.0,402.9,563.0,979.5,509.5,267.0,242.5,402.9,509.5,886.4
39.191563,-9.160919,44.0,2006-05-17T17:00,21.8,74,17.0,21.9,0.0,0.0,0.0,0.0,1,1019.0,1013.8,36,4,5,98,0.25,0.67,15.8,20.7,319,321,33.8,27.3,22.4,18.1,14.7,0.093,0.204,0.284,0.269,1,3600.0,394.0,170.0,224.0,291.7,394.0,779.7,337.1,145.5,191.7,291.7,337.1,667.2
39.191563,-9.160919,44.0,2006-05-17T18:00,20.9,79,17.2,20.9,0.0,0.0,0.0,0.0,1,1019.3,1014.1,49,19,3,99,0.16,0.52,17.2,22.8,323,325,33.8,25.8,22.5,18.1,14.7,0.093,0.204,0.284,0.269,1,3600.0,256.0,96.0,160.0,235.2,256.0,546.0,197.7,74.1,123.6,235.2,197.7,421.6
39.191563,-9.160919,44.0,2006-05-17T19:00,20.0,85,17.4,19.9,0.0,0.0,0.0,0.0,1,1019.8,1014.6,46,18,0,99,0.08,0.36,18.5,25.4,327,328,30.2,24.0,22.5,18.1,14.7,0.093,0.204,0.284,0.269,1,109.63,94.0,14.0,80.0,63.7,94.0,294.2,53.2,7.9,45.3,63.7,53.2,166.5
39.191563,-9.160919,44.0,2006-05-17T20:00,19.1,89,17.3,18.9,0.0,0.0,0.0,0.0,2,1020.4,1015.2,52,25,0,98,0.03,0.24,18.5,26.7,331,333,31.0,22.4,22.4,18.1,14.7,0.093,0.204,0.284,0.269,0,0.0,14.0,0.0,14.0,0.0,14.0,72.9,0.0,0.0,0.0,0.0,0.0,0.0
39.191563,-9.160919,44.0,2006-05-17T21:00,18.5,91,17.0,18.4,0.0,0.0,0.0,0.0,1,1020.5,1015.3,49,22,0,98,0.01,0.19,17.4,26.3,338,341,29.5,21.2,22.2,18.1,14.7,0.093,0.204,0.284,0.269,0,0.0,0.0,0.0,0.0,0.0,0.0,0.0,0.0,0.0,0.0,0.0,0.0,0.0
39.191563,-9.160919,44.0,2006-05-17T22:00,18.0,91,16.6,18.4,0.0,0.0,0.0,0.0,2,1021.1,1015.8,70,45,0,100,0.0,0.18,13.4,22.4,346,349,27.7,20.3,22.1,18.1,14.7,0.093,0.204,0.284,0.269,0,0.0,0.0,0.0,0.0,0.0,0.0,0.0,0.0,0.0,0.0,0.0,0.0,0.0
39.191563,-9.160919,44.0,2006-05-17T23:00,17.8,90,16.2,18.1,0.0,0.0,0.0,0.0,1,1021.2,1015.9,36,6,1,99,0.0,0.2,12.6,18.9,347,351,24.8,19.7,21.9,18.2,14.7,0.093,0.204,0.284,0.269,0,0.0,0.0,0.0,0.0,0.0,0.0,0.0,0.0,0.0,0.0,0.0,0.0,0.0
39.191563,-9.160919,44.0,2006-05-18T00:00,17.6,90,16.0,17.4,0.0,0.0,0.0,0.0,2,1021.1,1015.8,51,7,25,100,0.0,0.19,15.0,21.1,333,337,22.3,19.2,21.7,18.2,14.7,0.094,0.204,0.284,0.269,0,0.0,0.0,0.0,0.0,0.0,0.0,0.0,0.0,0.0,0.0,0.0,0.0,0.0
39.191563,-9.160919,44.0,2006-05-18T01:00,17.4,90,15.8,16.6,0.0,0.0,0.0,0.0,3,1021.5,1016.2,80,13,64,100,0.01,0.19,18.8,26.6,328,330,28.1,18.9,21.5,18.2,14.7,0.094,0.204,0.284,0.269,0,0.0,0.0,0.0,0.0,0.0,0.0,0.0,0.0,0.0,0.0,0.0,0.0,0.0
39.191563,-9.160919,44.0,2006-05-18T02:00,17.2,90,15.5,16.1,0.0,0.0,0.0,0.0,3,1021.2,1015.9,80,15,61,100,0.01,0.2,20.1,27.7,331,332,31.0,18.6,21.3,18.2,14.8,0.094,0.204,0.284,0.269,0,0.0,0.0,0.0,0.0,0.0,0.0,0.0,0.0,0.0,0.0,0.0,0.0,0.0
39.191563,-9.160919,44.0,2006-05-18T03:00,17.0,90,15.4,15.9,0.0,0.0,0.0,0.0,2,1021.6,1016.3,75,28,40,87,0.01,0.19,20.3,27.2,335,336,31.0,18.4,21.2,18.2,14.8,0.094,0.204,0.284,0.269,0,0.0,0.0,0.0,0.0,0.0,0.0,0.0,0.0,0.0,0.0,0.0,0.0,0.0
39.191563,-9.160919,44.0,2006-05-18T04:00,16.8,91,15.4,15.7,0.0,0.0,0.0,0.0,3,1021.8,1016.5,85,53,31,63,0.01,0.17,20.1,27.2,339,340,29.9,18.1,21.0,18.2,14.8,0.094,0.204,0.284,0.269,0,0.0,0.0,0.0,0.0,0.0,0.0,0.0,0.0,0.0,0.0,0.0,0.0,0.0
39.191563,-9.160919,44.0,2006-05-18T05:00,16.4,94,15.4,15.3,0.0,0.0,0.0,0.0,2,1022.0,1016.7,50,32,16,40,0.0,0.12,20.2,28.3,341,342,29.9,17.7,20.8,18.2,14.8,0.094,0.204,0.284,0.269,0,0.0,0.0,0.0,0.0,0.0,0.0,0.0,0.0,0.0,0.0,0.0,0.0,0.0
39.191563,-9.160919,44.0,2006-05-18T06:00,16.5,94,15.5,15.5,0.0,0.0,0.0,0.0,2,1022.8,1017.5,54,41,9,38,0.02,0.12,19.7,27.9,342,343,31.3,17.6,20.6,18.2,14.8,0.095,0.204,0.284,0.269,1,0.0,12.0,3.0,9.0,33.6,12.0,60.7,28.1,7.0,21.0,66.1,14.2,141.9
39.191563,-9.160919,44.0,2006-05-18T07:00,16.8,89,15.0,15.5,0.0,0.0,0.0,0.0,2,1023.6,1018.3,50,50,2,13,0.06,0.21,20.6,26.6,344,344,33.1,18.2,20.4,18.2,14.8,0.095,0.204,0.284,0.269,1,3600.0,104.0,38.0,66.0,188.6,104.0,269.5,153.2,56.0,97.2,188.6,153.2,397.0
39.191563,-9.160919,44.0,2006-05-18T08:00,17.9,76,13.6,16.0,0.0,0.0,0.0,0.0,1,1024.0,1018.7,29,32,0,0,0.16,0.5,20.6,26.1,344,345,35.6,19.7,20.4,18.2,14.8,0.095,0.204,0.284,0.269,1,3600.0,272.0,157.0,115.0,402.2,272.0,522.1,335.7,193.8,141.9,402.2,335.7,644.3
39.191563,-9.160919,44.0,2006-05-18T09:00,18.9,66,12.5,16.7,0.0,0.0,0.0,0.0,1,1024.7,1019.4,23,26,0,0,0.29,0.73,20.8,26.0,342,343,36.4,21.6,20.4,18.2,14.8,0.095,0.204,0.284,0.269,1,3600.0,506.0,390.0,116.0,687.7,506.0,758.4,578.4,445.8,132.6,687.7,578.4,866.9
39.191563,-9.160919,44.0,2006-05-18T10:00,19.9,60,11.9,18.1,0.0,0.0,0.0,0.0,1,1025.0,1019.8,38,42,0,0,0.39,0.93,20.1,24.3,336,336,38.5,23.7,20.5,18.2,14.8,0.094,0.204,0.283,0.269,1,3600.0,681.0,525.0,156.0,729.7,681.0,962.2,742.9,572.7,170.2,729.7,742.9,1049.7
39.191563,-9.160919,44.0,2006-05-18T11:00,20.7,55,11.3,19.6,0.0,0.0,0.0,0.0,1,1025.3,1020.1,21,23,0,0,0.5,1.1,20.9,25.6,333,334,40.7,25.7,20.7,18.3,14.8,0.094,0.203,0.283,0.269,1,3600.0,857.0,736.0,121.0,879.0,857.0,1119.8,903.3,775.7,127.5,879.0,903.3,1180.2
39.191563,-9.160919,44.0,2006-05-18T12:00,21.2,52,10.9,20.0,0.0,0.0,0.0,0.0,0,1025.6,1020.4,14,15,0,0,0.55,1.21,22.5,27.1,333,335,42.5,27.2,20.9,18.3,14.8,0.093,0.203,0.283,0.269,1,3600.0,944.0,807.0,137.0,884.4,944.0,1220.3,966.7,826.4,140.3,884.4,966.7,1249.6
39.191563,-9.160919,44.0,2006-05-18T13:00,21.4,50,10.6,20.0,0.0,0.0,0.0,0.0,0,1025.7,1020.5,5,6,0,0,0.57,1.26,24.0,29.0,334,335,44.6,28.2,21.2,18.3,14.8,0.093,0.203,0.283,0.269,1,3600.0,969.0,820.0,149.0,872.4,969.0,1256.9,966.0,817.5,148.5,872.4,966.0,1253.1
39.191563,-9.160919,44.0,2006-05-18T14:00,21.3,49,10.1,19.5,0.0,0.0,0.0,0.0,0,1025.7,1020.5,6,7,0,0,0.56,1.3,25.1,30.6,335,335,46.4,28.6,21.5,18.3,14.8,0.092,0.203,0.283,0.269,1,3600.0,952.0,817.0,135.0,890.3,952.0,1227.2,923.5,792.6,131.0,890.3,923.5,1190.5
39.191563,-9.160919,44.0,2006-05-18T15:00,21.1,48,9.8,18.7,0.0,0.0,0.0,0.0,0,1025.7,1020.5,6,7,0,0,0.52,1.29,25.8,31.9,335,336,46.8,28.3,21.7,18.3,14.8,0.092,0.202,0.283,0.269,1,3600.0,859.0,725.0,134.0,855.5,859.0,1133.2,808.2,682.1,126.1,855.5,808.2,1066.1
39.191563,-9.160919,44.0,2006-05-18T16:00,20.7,50,9.8,17.6,0.0,0.0,0.0,0.0,0,1025.4,1020.2,11,12,0,0,0.45,1.22,26.6,33.1,337,338,46.8,27.6,21.9,18.3,14.8,0.092,0.202,0.283,0.269,1,3600.0,742.0,630.0,112.0,858.5,742.0,981.3,671.8,570.4,101.4,858.5,671.8,888.5
39.191563,-9.160919,44.0,2006-05-18T17:00,19.9,54,10.3,16.1,0.0,0.0,0.0,0.0,0,1025.7,1020.5,6,7,0,0,0.35,1.08,27.0,34.2,339,340,47.2,26.3,22.0,18.3,14.8,0.092,0.202,0.282,0.269,1,3600.0,554.0,442.0,112.0,755.9,554.0,781.9,474.4,378.5,95.9,755.9,474.4,669.6
39.191563,-9.160919,44.0,2006-05-18T18:00,19.0,60,10.9,15.4,0.0,0.0,0.0,0.0,0,1025.8,1020.5,16,18,0,0,0.24,0.89,26.5,33.9,342,343,46.8,24.6,22.1,18.3,14.8,0.092,0.202,0.282,0.269,1,3600.0,359.0,272.0,87.0,662.9,359.0,548.6,277.8,210.5,67.3,662.9,277.8,424.5
39.191563,-9.160919,44.0,2006-05-18T19:00,17.5,69,11.7,14.3,0.0,0.0,0.0,0.0,1,1026.0,1020.7,21,23,0,0,0.13,0.62,25.5,33.3,344,344,43.9,22.6,22.0,18.3,14.8,0.092,0.202,0.282,0.269,1,3600.0,162.0,103.0,59.0,463.2,162.0,297.3,92.6,58.8,33.7,463.2,92.6,169.9
39.191563,-9.160919,44.0,2006-05-18T20:00,16.5,75,12.2,13.6,0.0,0.0,0.0,0.0,1,1026.1,1020.8,25,28,0,0,0.07,0.46,24.5,33.4,346,346,42.1,20.6,21.9,18.4,14.8,0.092,0.202,0.282,0.269,0,434.47,23.0,11.0,12.0,110.2,23.0,74.6,0.0,0.0,0.0,0.0,0.0,0.0
39.191563,-9.160919,44.0,2006-05-18T21:00,16.0,79,12.4,13.2,0.0,0.0,0.0,0.0,1,1026.6,1021.3,22,25,0,0,0.04,0.38,24.2,33.4,349,349,39.2,19.2,21.7,18.4,14.8,0.092,0.202,0.282,0.269,0,0.0,0.0,0.0,0.0,0.0,0.0,0.0,0.0,0.0,0.0,0.0,0.0,0.0
39.191563,-9.160919,44.0,2006-05-18T22:00,15.7,81,12.4,13.1,0.0,0.0,0.0,0.0,0,1027.0,1021.7,20,22,0,0,0.04,0.34,23.1,32.0,346,346,38.2,18.3,21.5,18.4,14.8,0.092,0.202,0.282,0.269,0,0.0,0.0,0.0,0.0,0.0,0.0,0.0,0.0,0.0,0.0,0.0,0.0,0.0
39.191563,-9.160919,44.0,2006-05-18T23:00,15.5,82,12.4,13.0,0.0,0.0,0.0,0.0,0,1026.9,1021.6,17,19,0,0,0.03,0.33,22.1,31.6,348,348,37.4,17.6,21.3,18.4,14.8,0.092,0.202,0.282,0.269,0,0.0,0.0,0.0,0.0,0.0,0.0,0.0,0.0,0.0,0.0,0.0,0.0,0.0
39.191563,-9.160919,44.0,2006-05-19T00:00,15.5,82,12.3,13.0,0.0,0.0,0.0,0.0,1,1026.5,1021.2,22,24,0,0,0.03,0.33,21.7,31.2,349,349,35.3,17.2,21.0,18.4,14.8,0.092,0.202,0.282,0.269,0,0.0,0.0,0.0,0.0,0.0,0.0,0.0,0.0,0.0,0.0,0.0,0.0,0.0
39.191563,-9.160919,44.0,2006-05-19T01:00,15.5,81,12.3,13.0,0.0,0.0,0.0,0.0,1,1026.6,1021.3,30,33,0,0,0.03,0.33,21.5,30.7,346,347,34.6,16.9,20.8,18.4,14.8,0.092,0.202,0.282,0.269,0,0.0,0.0,0.0,0.0,0.0,0.0,0.0,0.0,0.0,0.0,0.0,0.0,0.0
39.191563,-9.160919,44.0,2006-05-19T02:00,15.5,81,12.2,13.0,0.0,0.0,0.0,0.0,1,1026.1,1020.8,37,41,0,0,0.03,0.34,21.2,30.7,345,346,33.8,16.6,20.6,18.4,14.8,0.093,0.202,0.282,0.269,0,0.0,0.0,0.0,0.0,0.0,0.0,0.0,0.0,0.0,0.0,0.0,0.0,0.0
39.191563,-9.160919,44.0,2006-05-19T03:00,15.5,80,12.2,13.2,0.0,0.0,0.0,0.0,1,1025.6,1020.3,33,37,0,0,0.03,0.34,20.4,29.3,346,346,33.8,16.6,20.4,18.4,14.8,0.093,0.202,0.282,0.269,0,0.0,0.0,0.0,0.0,0.0,0.0,0.0,0.0,0.0,0.0,0.0,0.0,0.0
39.191563,-9.160919,44.0,2006-05-19T04:00,15.4,82,12.3,13.2,0.0,0.0,0.0,0.0,1,1025.8,1020.5,31,34,0,0,0.03,0.32,19.8,28.3,344,345,33.1,16.4,20.2,18.4,14.8,0.093,0.202,0.282,0.269,0,0.0,0.0,0.0,0.0,0.0,0.0,0.0,0.0,0.0,0.0,0.0,0.0,0.0
39.191563,-9.160919,44.0,2006-05-19T05:00,15.0,84,12.4,12.9,0.0,0.0,0.0,0.0,1,1025.8,1020.5,32,36,0,0,0.02,0.27,19.5,27.9,344,345,32.0,16.1,20.0,18.4,14.8,0.093,0.202,0.282,0.269,0,0.0,0.0,0.0,0.0,0.0,0.0,0.0,0.0,0.0,0.0,0.0,0.0,0.0
39.191563,-9.160919,44.0,2006-05-19T06:00,15.0,85,12.4,12.9,0.0,0.0,0.0,0.0,1,1026.4,1021.1,35,39,0,0,0.04,0.26,19.0,26.7,345,346,31.0,16.0,19.8,18.4,14.8,0.093,0.202,0.282,0.269,1,0.0,13.0,4.0,9.0,44.2,13.0,62.2,30.3,9.3,21.0,86.0,15.6,144.9
39.191563,-9.160919,44.0,2006-05-19T07:00,15.9,73,11.1,13.3,0.0,0.0,0.0,0.0,1,1026.4,1021.1,31,34,0,0,0.1,0.49,20.2,25.6,349,349,33.8,16.9,19.6,18.4,14.8,0.093,0.202,0.282,0.269,1,3600.0,132.0,80.0,52.0,392.8,132.0,272.2,193.7,117.4,76.3,392.8,193.7,399.6
39.191563,-9.160919,44.0,2006-05-19T08:00,16.7,65,10.1,14.0,0.0,0.0,0.0,0.0,1,1026.4,1021.1,47,52,0,0,0.17,0.66,18.4,22.8,354,355,33.8,18.2,19.5,18.4,14.8,0.093,0.202,0.282,0.269,1,3600.0,260.0,139.0,121.0,354.3,260.0,524.4,320.5,171.3,149.2,354.3,320.5,646.4
39.191563,-9.160919,44.0,2006-05-19T09:00,17.7,59,9.6,15.2,0.0,0.0,0.0,0.0,1,1026.3,1021.0,43,48,0,0,0.27,0.83,16.7,20.2,354,355,32.4,20.3,19.5,18.4,14.8,0.093,0.202,0.282,0.269,1,3600.0,459.0,293.0,166.0,515.2,459.0,760.3,524.4,334.8,189.7,515.2,524.4,868.7
39.191563,-9.160919,44.0,2006-05-19T10:00,18.8,54,9.3,16.9,0.0,0.0,0.0,0.0,1,1026.2,1020.9,30,31,0,8,0.39,1.0,16.0,18.5,346,347,32.4,22.9,19.7,18.4,14.8,0.093,0.202,0.282,0.269,1,3600.0,671.0,492.0,179.0,682.4,671.0,963.8,731.8,536.6,195.2,682.4,731.8,1051.1
39.191563,-9.160919,44.0,2006-05-19T11:00,19.6,50,9.0,17.7,0.0,0.0,0.0,0.0,0,1026.0,1020.7,19,18,0,10,0.47,1.14,19.4,23.1,338,339,36.4,25.0,19.9,18.4,14.8,0.093,0.201,0.282,0.269,1,3600.0,794.0,611.0,183.0,728.5,794.0,1121.1,836.7,643.9,192.9,728.5,836.7,1181.4
39.191563,-9.160919,44.0,2006-05-19T12:00,20.2,48,8.7,18.7,0.0,0.0,0.0,0.0,0,1025.9,1020.7,4,4,0,0,0.54,1.24,20.9,25.0,336,337,37.1,26.6,20.1,18.4,14.8,0.092,0.201,0.282,0.269,1,3600.0,933.0,799.0,134.0,874.4,933.0,1221.5,955.4,818.1,137.2,874.4,955.4,1250.7
39.191563,-9.160919,44.0,2006-05-19T13:00,20.7,45,8.4,19.2,0.0,0.0,0.0,0.0,0,1025.4,1020.2,0,0,0,0,0.58,1.33,21.3,25.4,332,333,36.4,27.8,20.4,18.4,14.9,0.092,0.201,0.281,0.269,1,3600.0,977.0,861.0,116.0,914.8,977.0,1258.1,974.0,858.4,115.6,914.8,974.0,1254.3
39.191563,-9.160919,44.0,2006-05-19T14:00,20.8,45,8.5,19.1,0.0,0.0,0.0,0.0,0,1025.0,1019.8,0,0,0,0,0.57,1.35,21.9,26.3,330,331,36.7,28.5,20.8,18.4,14.9,0.091,0.201,0.281,0.269,1,3600.0,951.0,835.0,116.0,908.5,951.0,1228.5,922.7,810.1,112.5,908.5,922.7,1191.9
39.191563,-9.160919,44.0,2006-05-19T15:00,20.5,48,9.0,17.9,0.0,0.0,0.0,0.0,0,1025.0,1019.8,10,1,0,29,0.51,1.26,26.0,31.6,329,330,42.8,28.4,21.0,18.4,14.9,0.091,0.201,0.281,0.269,1,3600.0,868.0,759.0,109.0,894.1,868.0,1134.7,816.8,714.2,102.6,894.1,816.8,1067.8
39.191563,-9.160919,44.0,2006-05-19T16:00,19.5,53,9.8,16.3,0.0,0.0,0.0,0.0,0,1025.0,1019.8,4,0,0,15,0.42,1.06,27.0,33.3,333,334,47.5,27.3,21.3,18.4,14.9,0.09,0.2,0.281,0.269,1,3600.0,729.0,621.0,108.0,844.3,729.0,983.1,660.3,562.5,97.8,844.3,660.3,890.4
39.191563,-9.160919,44.0,2006-05-19T17:00,18.9,57,10.1,15.8,0.0,0.0,0.0,0.0,0,1024.2,1018.9,15,0,0,50,0.33,0.95,22.1,27.4,341,341,46.8,25.9,21.4,18.4,14.9,0.09,0.2,0.281,0.269,1,3600.0,555.0,459.0,96.0,782.4,555.0,784.1,475.7,393.4,82.3,782.4,475.7,672.0
39.191563,-9.160919,44.0,2006-05-19T18:00,18.3,61,10.6,15.4,0.0,0.0,0.0,0.0,1,1023.8,1018.5,27,0,0,89,0.23,0.82,21.1,26.3,340,341,39.6,24.3,21.5,18.5,14.9,0.09,0.2,0.281,0.269,1,3600.0,355.0,266.0,89.0,645.0,355.0,551.2,275.2,206.2,69.0,645.0,275.2,427.3
39.191563,-9.160919,44.0,2006-05-19T19:00,17.0,67,10.8,14.0,0.0,0.0,0.0,0.0,0,1024.0,1018.7,20,0,0,66,0.13,0.65,22.3,28.7,339,340,37.8,22.2,21.5,18.5,14.9,0.09,0.2,0.281,0.269,1,3600.0,158.0,92.0,66.0,409.4,158.0,300.4,91.1,53.0,38.0,409.4,91.1,173.2
39.191563,-9.160919,44.0,2006-05-19T20:00,16.1,73,11.2,13.4,0.0,0.0,0.0,0.0,0,1023.8,1018.5,0,0,0,1,0.07,0.49,20.9,28.6,341,341,37.1,20.1,21.3,18.5,14.9,0.09,0.2,0.281,0.269,0,83.85,23.0,7.0,16.0,69.2,23.0,76.2,0.0,0.0,0.0,0.0,0.0,0.0
39.191563,-9.160919,44.0,2006-05-19T21:00,15.5,77,11.5,13.4,0.0,0.0,0.0,0.0,0,1023.8,1018.5,8,0,0,26,0.03,0.4,17.7,25.1,343,344,33.5,18.7,21.2,18.5,14.9,0.091,0.2,0.281,0.269,0,0.0,0.0,0.0,0.0,0.0,0.0,0.0,0.0,0.0,0.0,0.0,0.0,0.0
39.191563,-9.160919,44.0,2006-05-19T22:00,15.3,80,11.8,13.1,0.0,0.0,0.0,0.0,1,1024.4,1019.1,45,33,0,52,0.03,0.35,18.7,26.2,332,333,28.4,17.8,21.0,18.5,14.9,0.091,0.2,0.281,0.269,0,0.0,0.0,0.0,0.0,0.0,0.0,0.0,0.0,0.0,0.0,0.0,0.0,0.0
39.191563,-9.160919,44.0,2006-05-19T23:00,15.1,83,12.1,13.0,0.0,0.0,0.0,0.0,2,1024.0,1018.7,69,45,0,94,0.02,0.3,18.7,26.4,330,331,27.4,17.1,20.8,18.5,14.9,0.091,0.2,0.281,0.269,0,0.0,0.0,0.0,0.0,0.0,0.0,0.0,0.0,0.0,0.0,0.0,0.0,0.0
39.191563,-9.160919,44.0,2006-05-20T00:00,15.0,84,12.4,13.0,0.0,0.0,0.0,0.0,2,1023.7,1018.4,75,50,0,100,0.02,0.26,18.5,27.1,331,331,25.9,16.6,20.5,18.5,14.9,0.091,0.2,0.281,0.269,0,0.0,0.0,0.0,0.0,0.0,0.0,0.0,0.0,0.0,0.0,0.0,0.0,0.0
39.191563,-9.160919,44.0,2006-05-20T01:00,15.0,86,12.6,13.5,0.0,0.0,0.0,0.0,1,1023.2,1017.9,48,21,0,98,0.01,0.24,15.8,23.7,333,334,24.5,16.3,20.3,18.5,14.9,0.091,0.2,0.281,0.269,0,0.0,0.0,0.0,0.0,0.0,0.0,0.0,0.0,0.0,0.0,0.0,0.0,0.0
39.191563,-9.160919,44.0,2006-05-20T02:00,14.9,87,12.8,13.8,0.0,0.0,0.0,0.0,1,1022.3,1017.0,33,3,0,100,0.01,0.22,12.9,19.8,330,331,20.2,16.1,20.1,18.5,14.9,0.091,0.2,0.281,0.269,0,0.0,0.0,0.0,0.0,0.0,0.0,0.0,0.0,0.0,0.0,0.0,0.0,0.0
39.191563,-9.160919,44.0,2006-05-20T03:00,14.6,89,12.9,13.5,0.0,0.0,0.0,0.0,2,1021.7,1016.4,74,37,18,100,0.0,0.18,13.6,21.2,323,325,15.8,15.6,19.9,18.5,14.9,0.092,0.2,0.281,0.269,0,0.0,0.0,0.0,0.0,0.0,0.0,0.0,0.0,0.0,0.0,0.0,0.0,0.0
39.191563,-9.160919,44.0,2006-05-20T04:00,14.9,89,13.1,14.1,0.0,0.0,0.0,0.0,2,1021.2,1015.9,71,30,23,100,0.0,0.19,12.0,19.2,319,320,20.2,15.5,19.7,18.5,14.9,0.092,0.2,0.281,0.269,0,0.0,0.0,0.0,0.0,0.0,0.0,0.0,0.0,0.0,0.0,0.0,0.0,0.0
39.191563,-9.160919,44.0,2006-05-20T05:00,14.9,89,13.1,14.1,0.0,0.0,0.0,0.0,2,1020.7,1015.4,80,38,26,100,0.0,0.18,11.7,19.1,315,317,20.5,15.4,19.5,18.5,14.9,0.092,0.2,0.281,0.269,0,0.0,0.0,0.0,0.0,0.0,0.0,0.0,0.0,0.0,0.0,0.0,0.0,0.0
39.191563,-9.160919,44.0,2006-05-20T06:00,15.1,88,13.2,14.5,0.0,0.0,0.0,0.0,3,1020.6,1015.3,100,46,50,100,0.02,0.2,11.2,17.8,312,315,20.2,15.5,19.3,18.5,14.9,0.092,0.2,0.281,0.269,1,0.0,14.0,4.0,10.0,43.7,14.0,63.6,32.5,9.3,23.2,84.0,16.9,147.8
39.191563,-9.160919,44.0,2006-05-20T07:00,16.1,82,13.0,15.0,0.0,0.0,0.0,0.0,3,1020.6,1015.3,100,49,52,94,0.07,0.33,13.8,17.8,313,313,21.2,16.4,19.1,18.5,14.9,0.092,0.2,0.281,0.269,1,1991.67,100.0,26.0,74.0,126.4,100.0,274.9,146.2,38.0,108.2,126.4,146.2,402.0
39.191563,-9.160919,44.0,2006-05-20T08:00,17.4,73,12.5,15.7,0.0,0.0,0.0,0.0,3,1020.9,1015.6,92,49,37,86,0.15,0.53,16.5,20.6,316,316,29.2,18.4,19.1,18.5,14.9,0.092,0.2,0.281,0.269,1,3600.0,246.0,104.0,142.0,263.9,246.0,526.6,302.9,128.1,174.8,263.9,302.9,648.4
39.191563,-9.160919,44.0,2006-05-20T09:00,18.4,68,12.4,17.0,0.0,0.0,0.0,0.0,2,1021.0,1015.8,55,23,23,67,0.26,0.67,14.5,17.3,318,318,29.2,20.6,19.1,18.5,14.9,0.092,0.2,0.281,0.269,1,3600.0,449.0,245.0,204.0,429.6,449.0,762.1,512.7,279.8,233.0,429.6,512.7,870.3
39.191563,-9.160919,44.0,2006-05-20T10:00,19.5,61,11.8,19.1,0.0,0.0,0.0,0.0,1,1020.7,1015.5,49,24,1,89,0.39,0.89,11.7,13.3,326,327,27.0,23.4,19.3,18.5,14.9,0.092,0.2,0.28,0.269,1,3600.0,676.0,528.0,148.0,730.9,676.0,965.3,737.1,575.7,161.4,730.9,737.1,1052.5
39.191563,-9.160919,44.0,2006-05-20T11:00,20.5,56,11.5,20.8,0.0,0.0,0.0,0.0,1,1020.3,1015.1,40,13,0,94,0.48,1.06,11.5,13.1,321,323,26.6,25.9,19.6,18.5,14.9,0.091,0.2,0.28,0.269,1,3600.0,812.0,649.0,163.0,772.7,812.0,1122.4,855.6,683.9,171.8,772.7,855.6,1182.6
39.191563,-9.160919,44.0,2006-05-20T12:00,21.1,53,11.3,21.5,0.0,0.0,0.0,0.0,1,1019.8,1014.6,34,4,0,100,0.53,1.17,12.0,13.7,314,315,28.4,27.6,19.9,18.5,14.9,0.091,0.199,0.28,0.269,1,3600.0,864.0,627.0,237.0,685.3,864.0,1222.6,884.7,642.0,242.7,685.3,884.7,1251.8
39.191563,-9.160919,44.0,2006-05-20T13:00,21.6,52,11.4,22.0,0.0,0.0,0.0,0.0,1,1019.5,1014.3,29,0,0,95,0.56,1.22,13.6,15.9,307,309,29.5,28.9,20.3,18.5,14.9,0.09,0.199,0.28,0.269,1,3600.0,911.0,698.0,213.0,740.7,911.0,1259.2,908.3,695.9,212.4,740.7,908.3,1255.4
39.191563,-9.160919,44.0,2006-05-20T14:00,21.9,52,11.5,22.2,0.0,0.0,0.0,0.0,1,1018.8,1013.6,33,0,7,97,0.56,1.26,14.3,16.5,304,306,29.5,29.6,20.6,18.5,14.9,0.09,0.199,0.28,0.269,1,3600.0,912.0,751.0,161.0,816.0,912.0,1229.7,884.9,728.7,156.2,816.0,884.9,1193.2
39.191563,-9.160919,44.0,2006-05-20T15:00,22.0,52,11.8,21.5,0.0,0.0,0.0,0.0,1,1018.7,1013.5,30,0,4,91,0.52,1.26,17.4,20.2,304,305,30.2,29.8,21.0,18.5,14.9,0.09,0.199,0.28,0.269,1,3600.0,846.0,728.0,118.0,856.1,846.0,1136.1,796.3,685.2,111.1,856.1,796.3,1069.3
39.191563,-9.160919,44.0,2006-05-20T16:00,21.4,56,12.3,19.9,0.0,0.0,0.0,0.0,1,1018.4,1013.2,29,6,0,80,0.44,1.12,20.7,25.0,309,310,34.6,29.1,21.3,18.5,14.9,0.089,0.198,0.28,0.269,1,3600.0,714.0,603.0,111.0,818.0,714.0,984.9,646.9,546.4,100.6,818.0,646.9,892.4
39.191563,-9.160919,44.0,2006-05-20T17:00,20.5,61,12.7,18.5,0.0,0.0,0.0,0.0,1,1017.9,1012.7,32,8,0,81,0.33,0.94,19.6,24.2,314,316,35.3,27.6,21.5,18.5,14.9,0.089,0.198,0.279,0.269,1,3600.0,535.0,424.0,111.0,720.5,535.0,786.2,458.9,363.7,95.2,720.5,458.9,674.3
39.191563,-9.160919,44.0,2006-05-20T18:00,19.5,66,12.9,17.9,0.0,0.0,0.0,0.0,1,1017.7,1012.5,22,0,0,75,0.22,0.78,17.6,21.7,317,318,34.2,25.7,21.6,18.5,14.9,0.089,0.198,0.279,0.269,1,3600.0,345.0,255.0,90.0,615.2,345.0,553.8,268.0,198.1,69.9,615.2,268.0,430.1
39.191563,-9.160919,44.0,2006-05-20T19:00,18.2,70,12.6,16.7,0.0,0.0,0.0,0.0,0,1017.4,1012.2,10,0,0,33,0.11,0.62,15.3,19.5,321,322,30.2,23.4,21.7,18.5,14.9,0.089,0.198,0.279,0.269,1,3600.0,152.0,79.0,73.0,347.9,152.0,303.4,88.4,45.9,42.4,347.9,88.4,176.4
39.191563,-9.160919,44.0,2006-05-20T20:00,17.2,76,12.9,16.4,0.0,0.0,0.0,0.0,1,1016.7,1011.5,30,0,0,99,0.04,0.47,11.1,15.6,324,326,25.9,21.2,21.6,18.5,14.9,0.089,0.198,0.279,0.269,0,450.39,25.0,11.0,14.0,107.5,25.0,77.8,0.0,0.0,0.0,0.0,0.0,0.0
39.191563,-9.160919,44.0,2006-05-20T21:00,16.6,80,13.1,16.5,0.0,0.0,0.0,0.0,1,1016.8,1011.5,30,0,0,100,0.01,0.38,7.4,11.8,317,320,18.0,19.6,21.5,18.5,14.9,0.089,0.198,0.279,0.269,0,0.0,0.0,0.0,0.0,0.0,0.0,0.0,0.0,0.0,0.0,0.0,0.0,0.0
39.191563,-9.160919,44.0,2006-05-20T22:00,16.2,83,13.3,16.6,0.0,0.0,0.0,0.0,1,1016.9,1011.6,44,0,24,100,0.0,0.31,4.6,7.6,288,295,12.2,18.5,21.3,18.5,15.0,0.09,0.198,0.279,0.269,0,0.0,0.0,0.0,0.0,0.0,0.0,0.0,0.0,0.0,0.0,0.0,0.0,0.0
39.191563,-9.160919,44.0,2006-05-20T23:00,15.7,87,13.5,15.9,0.0,0.0,0.0,0.0,1,1015.9,1010.6,48,0,30,100,0.0,0.23,6.0,7.6,253,262,7.9,17.6,21.1,18.6,15.0,0.09,0.198,0.279,0.269,0,0.0,0.0,0.0,0.0,0.0,0.0,0.0,0.0,0.0,0.0,0.0,0.0,0.0
39.191563,-9.160919,44.0,2006-05-21T00:00,15.4,88,13.4,15.3,0.0,0.0,0.0,0.0,1,1015.5,1010.2,43,0,22,100,0.0,0.21,8.2,12.1,247,253,9.4,16.9,20.8,18.6,15.0,0.09,0.198,0.279,0.269,0,0.0,0.0,0.0,0.0,0.0,0.0,0.0,0.0,0.0,0.0,0.0,0.0,0.0
39.191563,-9.160919,44.0,2006-05-21T01:00,15.3,89,13.5,14.8,0.0,0.0,0.0,0.0,1,1014.9,1009.6,41,13,0,97,0.0,0.19,11.0,16.4,251,255,14.4,16.6,20.6,18.6,15.0,0.09,0.198,0.279,0.269,0,0.0,0.0,0.0,0.0,0.0,0.0,0.0,0.0,0.0,0.0,0.0,0.0,0.0
39.191563,-9.160919,44.0,2006-05-21T02:00,14.9,91,13.4,14.3,0.0,0.0,0.0,0.0,1,1014.3,1009.0,40,12,0,97,0.0,0.15,11.0,17.1,251,255,16.2,16.0,20.4,18.6,15.0,0.09,0.198,0.279,0.269,0,0.0,0.0,0.0,0.0,0.0,0.0,0.0,0.0,0.0,0.0,0.0,0.0,0.0
39.191563,-9.160919,44.0,2006-05-21T03:00,14.7,92,13.4,14.0,0.0,0.0,0.0,0.0,2,1013.7,1008.4,58,32,0,96,0.0,0.13,12.2,19.1,256,259,19.1,15.6,20.1,18.6,15.0,0.09,0.198,0.279,0.269,0,0.0,0.0,0.0,0.0,0.0,0.0,0.0,0.0,0.0,0.0,0.0,0.0,0.0
39.191563,-9.160919,44.0,2006-05-21T04:00,14.8,91,13.4,14.1,0.0,0.0,0.0,0.0,2,1013.2,1007.9,64,37,1,99,0.0,0.15,12.4,20.0,253,256,22.7,15.5,19.9,18.6,15.0,0.091,0.198,0.279,0.269,0,0.0,0.0,0.0,0.0,0.0,0.0,0.0,0.0,0.0,0.0,0.0,0.0,0.0
39.191563,-9.160919,44.0,2006-05-21T05:00,15.2,89,13.4,14.2,0.0,0.0,0.0,0.0,2,1013.1,1007.8,52,30,1,82,0.0,0.18,14.2,21.8,254,257,25.6,15.6,19.7,18.6,15.0,0.091,0.198,0.279,0.269,0,0.0,0.0,0.0,0.0,0.0,0.0,0.0,0.0,0.0,0.0,0.0,0.0,0.0
39.191563,-9.160919,44.0,2006-05-21T06:00,15.6,87,13.4,14.5,0.0,0.0,0.0,0.0,3,1013.0,1007.7,92,70,2,92,0.03,0.23,14.9,22.1,255,258,27.0,15.8,19.5,18.6,15.0,0.091,0.198,0.279,0.269,1,0.0,12.0,1.0,11.0,10.8,12.0,65.0,27.8,2.3,25.5,20.6,14.6,150.6
39.191563,-9.160919,44.0,2006-05-21T07:00,16.5,80,13.1,15.1,0.0,0.0,0.0,0.0,3,1013.1,1007.9,88,63,5,95,0.07,0.37,16.2,20.5,249,252,24.5,16.7,19.4,18.6,15.0,0.091,0.198,0.279,0.269,1,2966.52,101.0,33.0,68.0,158.9,101.0,277.4,147.2,48.1,99.1,158.9,147.2,404.3
39.191563,-9.160919,44.0,2006-05-21T08:00,17.7,72,12.6,15.8,0.0,0.0,0.0,0.0,2,1013.1,1007.9,67,38,4,100,0.16,0.57,17.9,22.1,248,248,30.2,18.7,19.3,18.6,15.0,0.091,0.198,0.279,0.269,1,3600.0,263.0,133.0,130.0,336.0,263.0,528.7,323.5,163.6,159.9,336.0,323.5,650.3
39.191563,-9.160919,44.0,2006-05-21T09:00,18.6,67,12.4,16.6,0.0,0.0,0.0,0.0,2,1013.3,1008.1,58,29,4,97,0.25,0.71,19.1,23.6,248,249,32.8,20.8,19.4,18.6,15.0,0.091,0.198,0.279,0.269,1,3600.0,415.0,248.0,167.0,433.7,415.0,763.8,473.7,283.1,190.6,433.7,473.7,871.9
39.191563,-9.160919,44.0,2006-05-21T10:00,19.5,64,12.4,17.7,0.0,0.0,0.0,0.0,1,1013.5,1008.3,46,18,2,97,0.35,0.82,19.2,23.6,253,254,34.9,22.9,19.5,18.6,15.0,0.091,0.198,0.279,0.269,1,3600.0,608.0,351.0,257.0,485.0,608.0,966.7,662.8,382.6,280.1,485.0,662.8,1053.8
39.191563,-9.160919,44.0,2006-05-21T11:00,20.0,60,12.0,18.8,0.0,0.0,0.0,0.0,2,1013.5,1008.3,58,27,6,100,0.42,0.94,18.6,22.7,248,250,36.0,24.7,19.7,18.6,15.0,0.091,0.198,0.279,0.269,1,3600.0,719.0,446.0,273.0,530.2,719.0,1123.5,757.5,469.9,287.6,530.2,757.5,1183.7
39.191563,-9.160919,44.0,2006-05-21T12:00,20.6,59,12.2,19.5,0.0,0.0,0.0,0.0,3,1013.2,1008.0,95,67,8,100,0.45,1.0,19.7,24.2,246,247,37.1,26.1,20.0,18.6,15.0,0.09,0.198,0.279,0.269,1,3600.0,766.0,461.0,305.0,503.2,766.0,1223.7,784.3,472.0,312.3,503.2,784.3,1252.9
39.191563,-9.160919,44.0,2006-05-21T13:00,21.0,58,12.4,19.9,0.0,0.0,0.0,0.0,3,1012.7,1007.5,100,77,18,98,0.47,1.05,20.5,26.5,246,248,39.2,27.2,20.3,18.6,15.0,0.09,0.197,0.279,0.269,1,3600.0,788.0,483.0,305.0,511.9,788.0,1260.3,785.7,481.6,304.1,511.9,785.7,1256.5
39.191563,-9.160919,44.0,2006-05-21T14:00,21.0,62,13.5,19.6,0.0,0.0,0.0,0.0,3,1012.4,1007.2,100,99,15,98,0.43,0.94,23.1,30.2,249,250,42.5,27.5,20.5,18.6,15.0,0.09,0.197,0.278,0.269,1,3600.0,737.0,440.0,297.0,477.4,737.0,1230.9,715.2,427.0,288.2,477.4,715.2,1194.4
39.191563,-9.160919,44.0,2006-05-21T15:00,19.7,71,14.4,17.7,0.3,0.3,0.0,0.0,51,1012.1,1006.9,100,90,21,97,0.24,0.65,23.0,30.6,256,258,41.8,25.6,20.7,18.6,15.0,0.093,0.197,0.278,0.269,1,137.28,351.0,55.0,296.0,64.6,351.0,1137.5,330.4,51.8,278.7,64.6,330.4,1070.9
39.191563,-9.160919,44.0,2006-05-21T16:00,18.8,78,14.8,17.6,0.1,0.1,0.0,0.0,51,1011.9,1006.7,100,99,17,99,0.2,0.49,19.5,25.9,268,268,40.3,24.2,20.8,18.6,15.0,0.094,0.197,0.278,0.269,1,880.39,329.0,66.0,263.0,89.3,329.0,986.6,298.2,59.8,238.4,89.3,298.2,894.3
39.191563,-9.160919,44.0,2006-05-21T17:00,18.5,78,14.6,17.2,0.2,0.2,0.0,0.0,51,1011.7,1006.5,100,75,8,97,0.18,0.47,19.2,24.1,283,284,37.4,23.5,20.9,18.6,15.0,0.097,0.197,0.278,0.269,1,3536.53,299.0,105.0,194.0,177.9,299.0,788.3,256.6,90.1,166.5,177.9,256.6,676.6
39.191563,-9.160919,44.0,2006-05-21T18:00,17.9,75,13.5,15.7,0.0,0.0,0.0,0.0,2,1012.3,1007.1,73,46,6,94,0.15,0.5,22.6,28.8,295,294,38.5,22.3,20.9,18.6,15.0,0.097,0.197,0.278,0.269,1,3600.0,217.0,78.0,139.0,187.3,217.0,556.3,168.8,60.7,108.2,187.3,168.8,432.9
39.191563,-9.160919,44.0,2006-05-21T19:00,17.2,74,12.6,14.5,0.0,0.0,0.0,0.0,2,1012.7,1007.5,51,35,2,62,0.1,0.5,24.4,31.7,301,302,39.6,21.0,20.9,18.6,15.0,0.098,0.197,0.278,0.269,1,2515.91,95.0,33.0,62.0,143.9,95.0,306.3,55.7,19.3,36.3,143.9,55.7,179.5
39.191563,-9.160919,44.0,2006-05-21T20:00,16.5,72,11.4,13.5,0.0,0.0,0.0,0.0,1,1013.4,1008.2,44,49,0,0,0.08,0.53,23.2,31.1,306,307,40.0,19.7,20.8,18.6,15.0,0.098,0.197,0.278,0.269,0,75.26,20.0,7.0,13.0,67.6,20.0,79.3,0.0,0.0,0.0,0.0,0.0,0.0
39.191563,-9.160919,44.0,2006-05-21T21:00,15.9,70,10.5,12.9,0.0,0.0,0.0,0.0,2,1013.9,1008.6,62,69,0,0,0.06,0.54,21.5,29.2,308,309,37.4,18.5,20.7,18.6,15.0,0.098,0.197,0.278,0.269,0,0.0,0.0,0.0,0.0,0.0,0.0,0.0,0.0,0.0,0.0,0.0,0.0,0.0
39.191563,-9.160919,44.0,2006-05-21T22:00,15.6,65,9.2,12.7,0.0,0.0,0.0,0.0,2,1014.6,1009.3,70,77,0,4,0.06,0.61,18.2,24.8,297,298,34.2,17.7,20.5,18.6,15.0,0.098,0.197,0.278,0.269,0,0.0,0.0,0.0,0.0,0.0,0.0,0.0,0.0,0.0,0.0,0.0,0.0,0.0
39.191563,-9.160919,44.0,2006-05-21T23:00,15.5,62,8.3,12.4,0.0,0.0,0.0,0.0,2,1014.6,1009.3,53,55,1,9,0.07,0.66,17.8,24.8,288,289,30.2,17.2,20.3,18.6,15.0,0.098,0.197,0.278,0.269,0,0.0,0.0,0.0,0.0,0.0,0.0,0.0,0.0,0.0,0.0,0.0,0.0,0.0
39.191563,-9.160919,44.0,2006-05-22T00:00,15.4,60,7.6,12.0,0.0,0.0,0.0,0.0,2,1014.7,1009.4,73,67,19,3,0.07,0.7,18.5,25.7,283,285,28.8,16.8,20.1,18.6,15.0,0.098,0.197,0.278,0.269,0,0.0,0.0,0.0,0.0,0.0,0.0,0.0,0.0,0.0,0.0,0.0,0.0,0.0
39.191563,-9.160919,44.0,2006-05-22T01:00,15.0,62,7.8,11.6,0.0,0.0,0.0,0.0,2,1014.5,1009.2,55,44,25,0,0.07,0.65,19.1,26.9,282,282,29.5,16.3,19.9,18.6,15.0,0.098,0.197,0.278,0.269,0,0.0,0.0,0.0,0.0,0.0,0.0,0.0,0.0,0.0,0.0,0.0,0.0,0.0
39.191563,-9.160919,44.0,2006-05-22T02:00,14.7,66,8.5,11.3,0.0,0.0,0.0,0.0,1,1014.4,1009.1,49,13,57,10,0.06,0.57,20.3,28.5,287,286,32.4,16.0,19.7,18.6,15.0,0.098,0.197,0.278,0.269,0,0.0,0.0,0.0,0.0,0.0,0.0,0.0,0.0,0.0,0.0,0.0,0.0,0.0
39.191563,-9.160919,44.0,2006-05-22T03:00,14.8,68,8.9,11.6,0.0,0.0,0.0,0.0,1,1014.5,1009.2,37,9,47,1,0.06,0.54,19.9,27.7,290,291,33.5,15.9,19.5,18.6,15.0,0.099,0.197,0.278,0.269,0,0.0,0.0,0.0,0.0,0.0,0.0,0.0,0.0,0.0,0.0,0.0,0.0,0.0
39.191563,-9.160919,44.0,2006-05-22T04:00,14.5,69,8.9,11.4,0.0,0.0,0.0,0.0,1,1014.6,1009.3,22,16,13,0,0.05,0.51,19.2,27.1,293,293,32.4,15.6,19.3,18.6,15.0,0.099,0.197,0.278,0.269,0,0.0,0.0,0.0,0.0,0.0,0.0,0.0,0.0,0.0,0.0,0.0,0.0,0.0
39.191563,-9.160919,44.0,2006-05-22T05:00,14.3,71,9.0,11.3,0.0,0.0,0.0,0.0,0,1014.9,1009.6,13,10,6,0,0.05,0.48,18.5,26.6,294,295,31.3,15.3,19.2,18.6,15.0,0.099,0.197,0.278,0.269,0,0.0,0.0,0.0,0.0,0.0,0.0,0.0,0.0,0.0,0.0,0.0,0.0,0.0
39.191563,-9.160919,44.0,2006-05-22T06:00,14.5,70,9.1,11.5,0.0,0.0,0.0,0.0,0,1015.7,1010.4,16,14,5,0,0.07,0.49,18.7,26.4,295,296,32.4,15.3,19.0,18.6,15.0,0.099,0.197,0.278,0.269,1,27.36,16.0,6.0,10.0,64.1,16.0,66.3,37.0,13.9,23.1,120.9,19.6,153.2
39.191563,-9.160919,44.0,2006-05-22T07:00,15.2,68,9.3,12.0,0.0,0.0,0.0,0.0,1,1016.3,1011.0,22,19,8,0,0.11,0.56,20.8,26.6,298,298,31.7,16.1,18.8,18.6,15.0,0.099,0.197,0.278,0.269,1,3600.0,133.0,82.0,51.0,391.2,133.0,279.9,193.2,119.1,74.1,391.2,193.2,406.5
39.191563,-9.160919,44.0,2006-05-22T08:00,16.2,62,8.9,12.6,0.0,0.0,0.0,0.0,1,1017.1,1011.8,31,25,14,0,0.19,0.7,22.5,28.2,302,302,37.4,17.8,18.8,18.6,15.0,0.099,0.197,0.278,0.269,1,3600.0,299.0,208.0,91.0,523.3,299.0,530.7,367.4,255.6,111.8,523.3,367.4,652.1
39.191563,-9.160919,44.0,2006-05-22T09:00,16.8,59,8.8,13.1,0.0,0.0,0.0,0.0,1,1017.7,1012.4,34,25,20,0,0.27,0.78,22.9,28.3,307,307,38.5,19.4,18.8,18.6,15.1,0.099,0.197,0.278,0.269,1,3600.0,451.0,321.0,130.0,559.9,451.0,765.5,514.5,366.2,148.3,559.9,514.5,873.3
39.191563,-9.160919,44.0,2006-05-22T10:00,17.3,57,8.7,14.0,0.0,0.0,0.0,0.0,1,1018.3,1013.0,31,25,14,0,0.32,0.85,20.7,25.3,310,310,38.9,20.9,18.9,18.6,15.1,0.099,0.197,0.278,0.269,1,3600.0,558.0,370.0,188.0,510.3,558.0,968.0,608.1,403.2,204.9,510.3,608.1,1055.0
39.191563,-9.160919,44.0,2006-05-22T11:00,17.8,54,8.5,15.2,0.0,0.0,0.0,0.0,1,1018.6,1013.4,21,21,4,0,0.39,0.93,20.4,24.4,315,315,38.9,22.5,19.1,18.6,15.1,0.098,0.197,0.278,0.269,1,3600.0,701.0,469.0,232.0,556.8,701.0,1124.6,738.5,494.1,244.4,556.8,738.5,1184.8
39.191563,-9.160919,44.0,2006-05-22T12:00,18.6,51,8.4,16.5,0.0,0.0,0.0,0.0,1,1018.9,1013.7,24,27,0,0,0.47,1.04,20.4,24.7,318,318,39.6,24.2,19.3,18.5,15.1,0.098,0.197,0.278,0.269,1,3600.0,829.0,630.0,199.0,686.8,829.0,1224.7,848.8,645.0,203.7,686.8,848.8,1253.9
39.191563,-9.160919,44.0,2006-05-22T13:00,18.9,50,8.1,17.0,0.0,0.0,0.0,0.0,1,1018.9,1013.7,25,28,0,0,0.51,1.1,21.8,25.9,321,321,41.0,25.5,19.5,18.5,15.1,0.097,0.196,0.277,0.269,1,3600.0,925.0,784.0,141.0,829.9,925.0,1261.3,922.3,781.7,140.6,829.9,922.3,1257.6
39.191563,-9.160919,44.0,2006-05-22T14:00,19.1,48,7.9,17.2,0.0,0.0,0.0,0.0,0,1018.9,1013.7,9,10,0,0,0.53,1.14,22.5,27.4,325,325,42.5,26.4,19.8,18.5,15.1,0.096,0.196,0.277,0.269,1,3600.0,960.0,832.0,128.0,901.6,960.0,1232.0,931.7,807.5,124.2,901.6,931.7,1195.7
39.191563,-9.160919,44.0,2006-05-22T15:00,18.6,47,7.2,15.9,0.0,0.0,0.0,0.0,1,1018.9,1013.7,24,27,0,0,0.47,1.13,23.0,28.0,328,328,42.5,26.2,20.1,18.5,15.1,0.096,0.196,0.277,0.269,1,3600.0,832.0,669.0,163.0,784.2,832.0,1138.9,783.4,629.9,153.5,784.2,783.4,1072.4
39.191563,-9.160919,44.0,2006-05-22T16:00,18.2,47,6.8,14.7,0.0,0.0,0.0,0.0,1,1019.1,1013.9,22,25,0,0,0.41,1.1,23.7,29.0,330,330,42.5,25.5,20.3,18.5,15.1,0.095,0.196,0.277,0.269,1,3600.0,704.0,572.0,132.0,772.7,704.0,988.2,638.4,518.7,119.7,772.7,638.4,896.1
39.191563,-9.160919,44.0,2006-05-22T17:00,17.6,48,6.6,13.3,0.0,0.0,0.0,0.0,1,1019.1,1013.8,28,31,0,0,0.33,1.04,23.7,29.3,334,334,42.5,24.4,20.4,18.6,15.1,0.095,0.196,0.277,0.269,1,3600.0,544.0,416.0,128.0,702.7,544.0,790.4,467.3,357.3,109.9,702.7,467.3,678.9
39.191563,-9.160919,44.0,2006-05-22T18:00,16.9,51,6.7,12.7,0.0,0.0,0.0,0.0,1,1019.5,1014.2,28,31,0,0,0.24,0.94,22.7,28.6,337,337,42.1,22.7,20.5,18.6,15.1,0.095,0.196,0.277,0.269,1,3600.0,346.0,247.0,99.0,590.1,346.0,558.8,269.7,192.5,77.2,590.1,269.7,435.5
39.191563,-9.160919,44.0,2006-05-22T19:00,16.0,54,6.8,12.0,0.0,0.0,0.0,0.0,1,1019.8,1014.5,22,25,0,0,0.15,0.83,21.7,27.8,339,339,38.2,20.9,20.5,18.6,15.1,0.095,0.196,0.277,0.269,1,3600.0,160.0,97.0,63.0,418.8,160.0,309.2,94.5,57.3,37.2,418.8,94.5,182.6
39.191563,-9.160919,44.0,2006-05-22T20:00,15.4,57,6.9,11.7,0.0,0.0,0.0,0.0,1,1020.2,1014.9,21,23,0,0,0.1,0.75,19.5,26.1,341,340,36.0,19.1,20.4,18.6,15.1,0.095,0.196,0.277,0.269,0,463.07,25.0,11.0,14.0,105.1,25.0,80.9,0.0,0.0,0.0,0.0,0.0,0.0
39.191563,-9.160919,44.0,2006-05-22T21:00,14.8,60,7.1,11.5,0.0,0.0,0.0,0.0,1,1020.7,1015.4,20,22,0,2,0.07,0.68,17.2,24.0,340,341,31.3,17.8,20.2,18.6,15.1,0.095,0.196,0.277,0.269,0,0.0,0.0,0.0,0.0,0.0,0.0,0.0,0.0,0.0,0.0,0.0,0.0,0.0
39.191563,-9.160919,44.0,2006-05-22T22:00,14.6,61,7.2,11.7,0.0,0.0,0.0,0.0,1,1021.4,1016.1,29,28,0,12,0.06,0.64,14.5,20.2,341,341,27.4,16.9,20.1,18.6,15.1,0.095,0.196,0.277,0.269,0,0.0,0.0,0.0,0.0,0.0,0.0,0.0,0.0,0.0,0.0,0.0,0.0,0.0
39.191563,-9.160919,44.0,2006-05-22T23:00,14.3,62,7.2,11.6,0.0,0.0,0.0,0.0,1,1021.5,1016.2,37,33,0,23,0.05,0.62,13.4,19.9,336,338,25.9,16.3,19.9,18.6,15.1,0.095,0.196,0.277,0.269,0,0.0,0.0,0.0,0.0,0.0,0.0,0.0,0.0,0.0,0.0,0.0,0.0,0.0
39.191563,-9.160919,44.0,2006-05-23T00:00,14.0,64,7.4,11.5,0.0,0.0,0.0,0.0,1,1021.8,1016.5,31,29,9,0,0.04,0.57,12.7,19.0,335,335,24.8,15.7,19.7,18.6,15.1,0.095,0.196,0.277,0.269,0,0.0,0.0,0.0,0.0,0.0,0.0,0.0,0.0,0.0,0.0,0.0,0.0,0.0
39.191563,-9.160919,44.0,2006-05-23T01:00,13.9,66,7.7,11.3,0.0,0.0,0.0,0.0,1,1021.5,1016.2,37,19,33,0,0.04,0.54,13.7,19.8,330,331,24.5,15.3,19.5,18.6,15.1,0.095,0.196,0.277,0.269,0,0.0,0.0,0.0,0.0,0.0,0.0,0.0,0.0,0.0,0.0,0.0,0.0,0.0
39.191563,-9.160919,44.0,2006-05-23T02:00,13.5,69,7.9,10.9,0.0,0.0,0.0,0.0,1,1021.7,1016.4,34,9,42,2,0.04,0.49,14.2,20.3,330,330,26.3,14.9,19.2,18.6,15.1,0.095,0.196,0.277,0.269,0,0.0,0.0,0.0,0.0,0.0,0.0,0.0,0.0,0.0,0.0,0.0,0.0,0.0
39.191563,-9.160919,44.0,2006-05-23T03:00,13.3,70,8.0,10.7,0.0,0.0,0.0,0.0,1,1021.9,1016.6,26,11,26,0,0.04,0.45,14.5,20.3,330,330,26.6,14.5,19.0,18.6,15.1,0.095,0.196,0.277,0.269,0,0.0,0.0,0.0,0.0,0.0,0.0,0.0,0.0,0.0,0.0,0.0,0.0,0.0
39.191563,-9.160919,44.0,2006-05-23T04:00,13.2,71,8.0,10.7,0.0,0.0,0.0,0.0,1,1022.1,1016.8,28,16,22,0,0.03,0.44,13.5,20.5,331,332,26.6,14.3,18.8,18.5,15.1,0.095,0.196,0.277,0.269,0,0.0,0.0,0.0,0.0,0.0,0.0,0.0,0.0,0.0,0.0,0.0,0.0,0.0
39.191563,-9.160919,44.0,2006-05-23T05:00,13.2,71,8.0,10.6,0.0,0.0,0.0,0.0,1,1022.4,1017.0,20,12,16,0,0.03,0.44,13.7,20.3,333,335,26.3,14.1,18.6,18.5,15.1,0.096,0.196,0.277,0.269,0,0.0,0.0,0.0,0.0,0.0,0.0,0.0,0.0,0.0,0.0,0.0,0.0,0.0
39.191563,-9.160919,44.0,2006-05-23T06:00,13.3,70,7.9,10.5,0.0,0.0,0.0,0.0,1,1022.9,1017.5,30,19,22,0,0.06,0.46,15.5,21.7,338,339,27.0,14.1,18.4,18.5,15.1,0.096,0.196,0.277,0.269,1,98.68,17.0,7.0,10.0,74.0,17.0,67.5,39.2,16.2,23.1,138.4,21.0,155.7
39.191563,-9.160919,44.0,2006-05-23T07:00,14.2,66,7.8,11.0,0.0,0.0,0.0,0.0,1,1023.4,1018.1,25,20,12,0,0.1,0.56,17.7,22.1,343,344,28.1,15.1,18.3,18.5,15.1,0.096,0.196,0.277,0.269,1,3600.0,138.0,85.0,53.0,402.1,138.0,282.1,199.9,123.1,76.8,402.1,199.9,408.6
39.191563,-9.160919,44.0,2006-05-23T08:00,15.1,60,7.3,11.6,0.0,0.0,0.0,0.0,1,1023.8,1018.5,28,20,16,0,0.19,0.69,19.6,23.7,346,346,33.8,17.0,18.2,18.5,15.1,0.097,0.196,0.277,0.269,1,3600.0,315.0,231.0,84.0,578.9,315.0,532.6,386.7,283.6,103.1,578.9,386.7,653.8
39.191563,-9.160919,44.0,2006-05-23T09:00,16.0,55,7.0,12.2,0.0,0.0,0.0,0.0,1,1024.2,1018.9,30,20,20,0,0.28,0.81,20.5,24.9,349,349,35.3,18.9,18.2,18.5,15.1,0.097,0.196,0.276,0.269,1,3600.0,495.0,378.0,117.0,657.8,495.0,767.0,564.5,431.1,133.4,657.8,564.5,874.7
39.191563,-9.160919,44.0,2006-05-23T10:00,16.6,53,7.0,13.3,0.0,0.0,0.0,0.0,1,1024.4,1019.1,36,29,16,0,0.34,0.89,18.8,22.4,348,349,36.0,20.6,18.3,18.5,15.1,0.097,0.195,0.276,0.269,1,3600.0,597.0,450.0,147.0,619.6,597.0,969.3,650.5,490.3,160.2,619.6,650.5,1056.1
39.191563,-9.160919,44.0,2006-05-23T11:00,17.2,50,6.6,14.4,0.0,0.0,0.0,0.0,1,1024.4,1019.1,43,42,8,0,0.39,0.99,18.5,22.2,347,347,37.1,22.1,18.5,18.5,15.1,0.096,0.195,0.276,0.269,1,3600.0,689.0,505.0,184.0,598.7,689.0,1125.7,725.8,531.9,193.8,598.7,725.8,1185.7
39.191563,-9.160919,44.0,2006-05-23T12:00,18.0,46,6.2,15.7,0.0,0.0,0.0,0.0,2,1024.3,1019.0,70,58,29,0,0.48,1.11,19.4,22.8,342,342,37.4,23.8,18.7,18.5,15.1,0.096,0.195,0.276,0.269,1,3600.0,844.0,673.0,171.0,732.9,844.0,1225.6,864.1,689.0,175.1,732.9,864.1,1254.8
39.191563,-9.160919,44.0,2006-05-23T13:00,18.5,44,6.0,16.4,0.0,0.0,0.0,0.0,2,1024.6,1019.3,58,52,18,0,0.52,1.2,20.5,24.7,338,339,38.2,25.2,19.0,18.5,15.1,0.095,0.195,0.276,0.269,1,3600.0,926.0,746.0,180.0,788.8,926.0,1262.2,923.3,743.8,179.5,788.8,923.3,1258.6
39.191563,-9.160919,44.0,2006-05-23T14:00,18.5,44,6.1,15.9,0.0,0.0,0.0,0.0,1,1024.7,1019.4,29,32,0,0,0.49,1.19,21.2,25.7,339,340,40.0,25.5,19.3,18.5,15.1,0.095,0.195,0.276,0.269,1,3600.0,854.0,659.0,195.0,713.2,854.0,1233.1,828.9,639.6,189.3,713.2,828.9,1196.9
39.191563,-9.160919,44.0,2006-05-23T15:00,18.5,46,6.5,15.6,0.0,0.0,0.0,0.0,0,1024.4,1019.1,4,4,0,0,0.48,1.16,22.8,27.7,339,339,41.4,25.8,19.6,18.5,15.1,0.094,0.195,0.276,0.269,1,3600.0,840.0,653.0,187.0,764.3,840.0,1140.2,791.1,615.0,176.1,764.3,791.1,1073.8
39.191563,-9.160919,44.0,2006-05-23T16:00,18.2,47,6.7,14.7,0.0,0.0,0.0,0.0,0,1024.7,1019.4,0,0,0,0,0.43,1.1,24.1,29.4,340,341,42.5,25.4,19.8,18.5,15.1,0.094,0.194,0.276,0.269,1,3600.0,749.0,640.0,109.0,862.8,749.0,989.9,679.4,580.5,98.9,862.8,679.4,897.9
39.191563,-9.160919,44.0,2006-05-23T17:00,17.6,49,6.8,13.1,0.0,0.0,0.0,0.0,0,1024.6,1019.3,0,0,0,0,0.34,1.02,25.7,31.8,338,338,45.4,24.3,20.0,18.5,15.1,0.093,0.194,0.276,0.269,1,3600.0,575.0,477.0,98.0,803.4,575.0,792.4,494.2,410.0,84.2,803.4,494.2,681.1
39.191563,-9.160919,44.0,2006-05-23T18:00,16.7,53,7.1,11.9,0.0,0.0,0.0,0.0,0,1025.1,1019.8,0,0,0,0,0.25,0.89,28.2,35.6,337,337,47.2,22.6,20.1,18.5,15.1,0.093,0.194,0.276,0.269,1,3600.0,377.0,293.0,84.0,696.8,377.0,561.2,294.4,228.8,65.6,696.8,294.4,438.2
39.191563,-9.160919,44.0,2006-05-23T19:00,15.8,59,7.7,11.2,0.0,0.0,0.0,0.0,1,1025.3,1020.0,26,0,0,87,0.16,0.74,27.6,35.9,343,342,46.8,20.6,20.1,18.5,15.1,0.093,0.194,0.275,0.269,1,3600.0,179.0,121.0,58.0,517.4,179.0,312.0,106.5,72.0,34.5,517.4,106.5,185.7
39.191563,-9.160919,44.0,2006-05-23T20:00,14.9,65,8.3,10.7,0.0,0.0,0.0,0.0,1,1025.2,1019.9,30,0,0,100,0.09,0.59,25.6,35.2,349,349,45.0,18.7,20.0,18.5,15.2,0.093,0.194,0.275,0.269,0,569.07,29.0,12.0,17.0,113.4,29.0,82.3,0.0,0.0,0.0,0.0,0.0,0.0
39.191563,-9.160919,44.0,2006-05-23T21:00,14.5,68,8.8,10.4,0.0,0.0,0.0,0.0,1,1025.8,1020.5,29,0,0,98,0.07,0.52,25.6,35.4,356,356,41.4,17.4,19.8,18.5,15.2,0.093,0.194,0.275,0.269,0,0.0,0.0,0.0,0.0,0.0,0.0,0.0,0.0,0.0,0.0,0.0,0.0,0.0
39.191563,-9.160919,44.0,2006-05-23T22:00,14.3,70,9.0,10.8,0.0,0.0,0.0,0.0,1,1026.2,1020.9,31,2,0,98,0.06,0.49,22.3,31.3,358,359,41.4,16.7,19.7,18.5,15.2,0.093,0.194,0.275,0.269,0,0.0,0.0,0.0,0.0,0.0,0.0,0.0,0.0,0.0,0.0,0.0,0.0,0.0
39.191563,-9.160919,44.0,2006-05-23T23:00,14.2,71,9.1,10.6,0.0,0.0,0.0,0.0,1,1026.2,1020.8,29,0,0,96,0.06,0.46,23.5,32.5,356,356,41.4,16.3,19.5,18.5,15.2,0.094,0.194,0.275,0.269,0,0.0,0.0,0.0,0.0,0.0,0.0,0.0,0.0,0.0,0.0,0.0,0.0,0.0
39.191563,-9.160919,44.0,2006-05-24T00:00,14.1,73,9.2,10.3,0.0,0.0,0.0,0.0,1,1026.3,1020.9,33,4,14,69,0.06,0.44,24.1,33.5,357,358,41.8,15.9,19.3,18.5,15.2,0.094,0.194,0.275,0.269,0,0.0,0.0,0.0,0.0,0.0,0.0,0.0,0.0,0.0,0.0,0.0,0.0,0.0
39.191563,-9.160919,44.0,2006-05-24T01:00,13.8,75,9.4,10.1,0.0,0.0,0.0,0.0,0,1026.0,1020.6,19,3,13,27,0.05,0.4,24.1,34.2,358,359,41.8,15.4,19.1,18.5,15.2,0.094,0.194,0.275,0.269,0,0.0,0.0,0.0,0.0,0.0,0.0,0.0,0.0,0.0,0.0,0.0,0.0,0.0
39.191563,-9.160919,44.0,2006-05-24T02:00,13.6,76,9.4,9.9,0.0,0.0,0.0,0.0,0,1025.8,1020.4,18,2,25,3,0.05,0.38,24.1,34.6,360,1,40.0,15.0,18.9,18.5,15.2,0.094,0.194,0.275,0.269,0,0.0,0.0,0.0,0.0,0.0,0.0,0.0,0.0,0.0,0.0,0.0,0.0,0.0
39.191563,-9.160919,44.0,2006-05-24T03:00,13.4,76,9.4,9.7,0.0,0.0,0.0,0.0,0,1025.6,1020.2,15,3,21,0,0.04,0.36,24.1,34.6,2,2,40.3,14.7,18.8,18.5,15.2,0.094,0.194,0.275,0.269,0,0.0,0.0,0.0,0.0,0.0,0.0,0.0,0.0,0.0,0.0,0.0,0.0,0.0
39.191563,-9.160919,44.0,2006-05-24T04:00,13.4,77,9.5,9.9,0.0,0.0,0.0,0.0,0,1025.6,1020.2,3,2,2,1,0.04,0.35,23.4,33.9,3,2,41.0,14.5,18.6,18.5,15.2,0.094,0.194,0.275,0.269,0,0.0,0.0,0.0,0.0,0.0,0.0,0.0,0.0,0.0,0.0,0.0,0.0,0.0
39.191563,-9.160919,44.0,2006-05-24T05:00,13.4,78,9.6,9.9,0.0,0.0,0.0,0.0,0,1025.5,1020.1,4,4,0,0,0.04,0.35,23.4,33.5,2,2,41.8,14.3,18.4,18.5,15.2,0.094,0.194,0.275,0.269,0,0.0,0.0,0.0,0.0,0.0,0.0,0.0,0.0,0.0,0.0,0.0,0.0,0.0
39.191563,-9.160919,44.0,2006-05-24T06:00,13.5,78,9.7,10.0,0.0,0.0,0.0,0.0,0,1026.2,1020.8,7,8,0,0,0.05,0.35,23.8,33.9,2,2,42.1,14.3,18.2,18.4,15.2,0.094,0.194,0.275,0.269,1,174.87,19.0,8.0,11.0,83.7,19.0,68.7,43.7,18.4,25.3,155.4,23.6,158.1
39.191563,-9.160919,44.0,2006-05-24T07:00,14.6,75,10.3,11.1,0.0,0.0,0.0,0.0,0,1026.3,1021.0,3,3,0,0,0.1,0.41,24.9,32.4,2,3,39.6,15.3,18.1,18.4,15.2,0.094,0.194,0.275,0.269,1,3600.0,153.0,98.0,55.0,459.9,153.0,284.3,221.0,141.5,79.4,459.9,221.0,410.6
39.191563,-9.160919,44.0,2006-05-24T08:00,15.9,68,9.9,12.1,0.0,0.0,0.0,0.0,0,1026.7,1021.4,10,11,0,0,0.19,0.59,25.9,32.8,2,3,43.2,17.1,18.0,18.4,15.2,0.094,0.194,0.275,0.269,1,3600.0,345.0,264.0,81.0,659.1,345.0,534.4,423.1,323.8,99.3,659.1,423.1,655.4
39.191563,-9.160919,44.0,2006-05-24T09:00,17.1,61,9.5,13.1,0.0,0.0,0.0,0.0,0,1026.8,1021.5,5,6,0,0,0.29,0.77,26.3,32.9,4,4,44.3,19.3,18.1,18.4,15.2,0.094,0.194,0.275,0.269,1,3600.0,530.0,411.0,119.0,713.6,530.0,768.4,604.2,468.5,135.7,713.6,604.2,875.9
39.191563,-9.160919,44.0,2006-05-24T10:00,18.3,56,9.3,15.2,0.0,0.0,0.0,0.0,0,1027.1,1021.8,2,2,0,0,0.4,0.93,24.9,30.4,5,6,44.6,21.5,18.3,18.4,15.2,0.094,0.194,0.275,0.269,1,3600.0,725.0,615.0,110.0,845.5,725.0,970.4,789.8,670.0,119.8,845.5,789.8,1057.1
39.191563,-9.160919,44.0,2006-05-24T11:00,19.3,52,9.2,16.9,0.0,0.0,0.0,0.0,0,1027.3,1022.0,0,0,0,0,0.48,1.08,24.9,30.4,4,5,44.3,23.6,18.5,18.4,15.2,0.093,0.194,0.275,0.269,1,3600.0,854.0,723.0,131.0,856.2,854.0,1126.6,899.5,761.5,138.0,856.2,899.5,1186.6
39.191563,-9.160919,44.0,2006-05-24T12:00,20.1,50,9.3,18.2,0.0,0.0,0.0,0.0,0,1026.8,1021.6,0,0,0,0,0.54,1.17,24.5,29.2,2,4,43.9,25.4,18.8,18.4,15.2,0.093,0.194,0.275,0.269,1,3600.0,957.0,837.0,120.0,910.4,957.0,1226.5,979.8,856.9,122.9,910.4,979.8,1255.7
39.191563,-9.160919,44.0,2006-05-24T13:00,20.4,50,9.6,18.8,0.0,0.0,0.0,0.0,0,1026.5,1021.3,0,0,0,0,0.56,1.2,24.5,29.5,357,359,43.9,26.8,19.1,18.4,15.2,0.092,0.193,0.275,0.269,1,3600.0,990.0,869.0,121.0,917.8,990.0,1263.1,987.2,866.5,120.7,917.8,987.2,1259.5
39.191563,-9.160919,44.0,2006-05-24T14:00,20.4,50,9.8,18.4,0.0,0.0,0.0,0.0,0,1026.3,1021.1,0,0,0,0,0.55,1.19,26.2,31.6,351,352,45.7,27.4,19.5,18.4,15.2,0.092,0.193,0.275,0.269,1,3600.0,964.0,844.0,120.0,912.3,964.0,1234.1,935.8,819.3,116.5,912.3,935.8,1198.0
39.191563,-9.160919,44.0,2006-05-24T15:00,20.1,50,9.2,17.3,0.0,0.0,0.0,0.0,0,1026.1,1020.9,1,0,0,3,0.5,1.18,27.9,34.4,349,350,47.2,27.3,19.8,18.4,15.2,0.091,0.193,0.274,0.269,1,3600.0,882.0,766.0,116.0,895.2,882.0,1141.4,830.8,721.6,109.3,895.2,830.8,1075.2
39.191563,-9.160919,44.0,2006-05-24T16:00,19.5,48,8.3,15.6,0.0,0.0,0.0,0.0,0,1025.9,1020.6,0,0,0,1,0.44,1.17,29.1,36.4,348,349,48.6,26.5,20.0,18.4,15.2,0.091,0.193,0.274,0.269,1,3600.0,750.0,642.0,108.0,863.8,750.0,991.4,680.6,582.6,98.0,863.8,680.6,899.7
39.191563,-9.160919,44.0,2006-05-24T17:00,18.7,48,7.5,13.9,0.0,0.0,0.0,0.0,0,1025.9,1020.6,0,0,0,0,0.36,1.11,29.4,37.4,349,349,49.7,25.1,20.2,18.4,15.2,0.091,0.193,0.274,0.269,1,3600.0,579.0,483.0,96.0,811.2,579.0,794.3,498.0,415.5,82.6,811.2,498.0,683.2
39.191563,-9.160919,44.0,2006-05-24T18:00,17.6,51,7.5,12.6,0.0,0.0,0.0,0.0,0,1026.0,1020.7,0,0,0,0,0.27,0.98,29.9,38.5,351,352,50.0,23.4,20.3,18.4,15.2,0.091,0.193,0.274,0.269,1,3600.0,384.0,303.0,81.0,717.3,384.0,563.5,300.3,237.0,63.3,717.3,300.3,440.7
39.191563,-9.160919,44.0,2006-05-24T19:00,16.5,58,8.2,11.7,0.0,0.0,0.0,0.0,0,1026.2,1020.9,0,0,0,0,0.17,0.78,29.3,38.6,355,356,49.7,21.3,20.3,18.4,15.2,0.091,0.193,0.274,0.269,1,3600.0,184.0,128.0,56.0,542.4,184.0,314.8,110.3,76.7,33.6,542.4,110.3,188.6
39.191563,-9.160919,44.0,2006-05-24T20:00,15.4,65,8.8,11.1,0.0,0.0,0.0,0.0,0,1026.3,1021.0,0,0,0,0,0.1,0.62,27.0,38.2,358,359,47.5,19.2,20.3,18.4,15.2,0.091,0.193,0.274,0.269,0,989.04,31.0,16.0,15.0,149.6,31.0,83.8,0.0,0.0,0.0,0.0,0.0,0.0
39.191563,-9.160919,44.0,2006-05-24T21:00,14.8,68,9.1,10.8,0.0,0.0,0.0,0.0,0,1026.9,1021.6,0,0,0,0,0.07,0.53,25.9,37.1,2,2,43.2,17.7,20.1,18.4,15.2,0.091,0.193,0.274,0.269,0,0.0,0.0,0.0,0.0,0.0,0.0,0.0,0.0,0.0,0.0,0.0,0.0,0.0
39.191563,-9.160919,44.0,2006-05-24T22:00,14.5,70,9.2,10.4,0.0,0.0,0.0,0.0,0,1027.4,1022.0,0,0,0,0,0.07,0.49,26.3,37.9,3,4,41.0,16.8,19.9,18.4,15.2,0.091,0.193,0.274,0.269,0,0.0,0.0,0.0,0.0,0.0,0.0,0.0,0.0,0.0,0.0,0.0,0.0,0.0
39.191563,-9.160919,44.0,2006-05-24T23:00,14.2,73,9.3,10.2,0.0,0.0,0.0,0.0,0,1027.1,1021.7,0,0,0,0,0.06,0.44,25.6,37.6,4,4,40.0,16.1,19.8,18.4,15.2,0.091,0.193,0.274,0.269,0,0.0,0.0,0.0,0.0,0.0,0.0,0.0,0.0,0.0,0.0,0.0,0.0,0.0
39.191563,-9.160919,44.0,2006-05-25T00:00,13.9,74,9.4,10.1,0.0,0.0,0.0,0.0,0,1027.2,1021.8,0,0,0,0,0.05,0.41,24.9,36.9,5,5,40.0,15.5,19.5,18.4,15.2,0.091,0.193,0.274,0.269,0,0.0,0.0,0.0,0.0,0.0,0.0,0.0,0.0,0.0,0.0,0.0,0.0,0.0
39.191563,-9.160919,44.0,2006-05-25T01:00,13.7,75,9.4,10.0,0.0,0.0,0.0,0.0,0,1026.3,1020.9,0,0,0,0,0.05,0.39,24.6,36.6,7,7,39.6,15.1,19.3,18.4,15.2,0.091,0.193,0.274,0.269,0,0.0,0.0,0.0,0.0,0.0,0.0,0.0,0.0,0.0,0.0,0.0,0.0,0.0
39.191563,-9.160919,44.0,2006-05-25T02:00,13.5,77,9.5,9.9,0.0,0.0,0.0,0.0,0,1025.8,1020.4,0,0,0,0,0.04,0.36,23.6,35.6,8,8,38.5,14.8,19.1,18.4,15.2,0.091,0.193,0.274,0.269,0,0.0,0.0,0.0,0.0,0.0,0.0,0.0,0.0,0.0,0.0,0.0,0.0,0.0
39.191563,-9.160919,44.0,2006-05-25T03:00,13.4,78,9.6,9.9,0.0,0.0,0.0,0.0,0,1025.7,1020.3,0,0,0,0,0.04,0.34,23.0,35.0,9,9,36.7,14.5,18.9,18.4,15.2,0.092,0.193,0.274,0.269,0,0.0,0.0,0.0,0.0,0.0,0.0,0.0,0.0,0.0,0.0,0.0,0.0,0.0
39.191563,-9.160919,44.0,2006-05-25T04:00,13.3,80,9.9,10.0,0.0,0.0,0.0,0.0,0,1025.4,1020.0,0,0,0,0,0.03,0.3,22.6,34.4,9,10,35.6,14.2,18.7,18.4,15.2,0.092,0.193,0.274,0.269,0,0.0,0.0,0.0,0.0,0.0,0.0,0.0,0.0,0.0,0.0,0.0,0.0,0.0
39.191563,-9.160919,44.0,2006-05-25T05:00,13.3,82,10.3,10.1,0.0,0.0,0.0,0.0,0,1025.9,1020.5,0,0,0,0,0.03,0.27,22.6,34.7,9,10,36.4,14.0,18.5,18.4,15.2,0.092,0.193,0.274,0.269,0,0.0,0.0,0.0,0.0,0.0,0.0,0.0,0.0,0.0,0.0,0.0,0.0,0.0
39.191563,-9.160919,44.0,2006-05-25T06:00,13.5,82,10.6,10.3,0.0,0.0,0.0,0.0,0,1025.9,1020.5,0,0,0,0,0.04,0.27,23.3,35.0,9,9,37.1,14.1,18.3,18.4,15.2,0.092,0.193,0.274,0.269,1,334.9,21.0,10.0,11.0,103.7,21.0,69.8,48.3,23.0,25.3,191.1,26.2,160.4
39.191563,-9.160919,44.0,2006-05-25T07:00,15.1,77,11.1,11.8,0.0,0.0,0.0,0.0,0,1026.3,1021.0,0,0,0,0,0.1,0.39,24.8,34.3,9,9,38.5,15.3,18.2,18.4,15.2,0.092,0.193,0.274,0.269,1,3600.0,158.0,106.0,52.0,493.7,158.0,286.4,227.6,152.7,74.9,493.7,227.6,412.4
39.191563,-9.160919,44.0,2006-05-25T08:00,17.0,66,10.7,13.4,0.0,0.0,0.0,0.0,0,1026.5,1021.2,0,0,0,0,0.21,0.66,26.1,33.8,11,12,42.8,17.5,18.2,18.4,15.2,0.092,0.193,0.274,0.269,1,3600.0,351.0,274.0,77.0,681.7,351.0,536.1,430.1,335.8,94.4,681.7,430.1,656.9
39.191563,-9.160919,44.0,2006-05-25T09:00,18.9,56,10.1,15.1,0.0,0.0,0.0,0.0,0,1026.4,1021.1,0,0,0,0,0.33,0.95,26.5,33.6,12,13,44.3,20.0,18.2,18.4,15.2,0.092,0.193,0.274,0.269,1,3600.0,548.0,455.0,93.0,788.4,548.0,769.7,624.5,518.5,106.0,788.4,624.5,877.1
39.191563,-9.160919,44.0,2006-05-25T10:00,20.7,49,9.8,17.8,0.0,0.0,0.0,0.0,0,1026.2,1021.0,0,0,0,0,0.45,1.23,24.8,30.9,13,15,44.3,22.6,18.4,18.4,15.3,0.092,0.193,0.274,0.269,1,3600.0,722.0,617.0,105.0,847.0,722.0,971.4,786.4,672.0,114.4,847.0,786.4,1058.1
39.191563,-9.160919,44.0,2006-05-25T11:00,22.3,45,9.6,20.1,0.0,0.0,0.0,0.0,0,1026.0,1020.8,0,0,0,0,0.55,1.49,24.2,30.0,11,13,43.9,25.0,18.7,18.4,15.3,0.091,0.192,0.273,0.269,1,3600.0,859.0,745.0,114.0,881.2,859.0,1127.5,904.7,784.6,120.1,881.2,904.7,1187.5
39.191563,-9.160919,44.0,2006-05-25T12:00,23.5,42,9.8,21.9,0.0,0.0,0.0,0.0,0,1025.7,1020.5,0,0,0,0,0.62,1.69,23.6,29.2,7,10,42.8,27.1,19.1,18.4,15.3,0.091,0.192,0.273,0.269,1,3600.0,948.0,831.0,117.0,903.0,948.0,1227.3,970.6,850.8,119.8,903.0,970.6,1256.5
39.191563,-9.160919,44.0,2006-05-25T13:00,24.3,41,10.3,22.8,0.0,0.0,0.0,0.0,0,1024.8,1019.6,0,0,0,0,0.65,1.78,24.5,30.7,360,3,42.5,28.7,19.5,18.4,15.3,0.09,0.192,0.273,0.269,1,3600.0,980.0,862.0,118.0,909.5,980.0,1264.0,977.3,859.6,117.7,909.5,977.3,1260.4
39.191563,-9.160919,44.0,2006-05-25T14:00,24.3,45,11.6,23.0,0.0,0.0,0.0,0.0,0,1024.0,1018.8,0,0,0,0,0.63,1.68,25.2,32.8,357,360,44.3,29.5,19.9,18.4,15.3,0.09,0.192,0.273,0.269,1,3600.0,953.0,836.0,117.0,902.6,953.0,1235.1,925.2,811.6,113.6,902.6,925.2,1199.1
39.191563,-9.160919,44.0,2006-05-25T15:00,23.9,50,12.7,22.6,0.0,0.0,0.0,0.0,0,1023.7,1018.5,0,0,0,0,0.56,1.5,25.0,32.8,354,358,45.4,29.5,20.2,18.4,15.3,0.089,0.192,0.273,0.269,1,3600.0,868.0,756.0,112.0,882.3,868.0,1142.7,817.8,712.3,105.5,882.3,817.8,1076.6
39.191563,-9.160919,44.0,2006-05-25T16:00,23.0,54,13.3,20.9,0.0,0.0,0.0,0.0,0,1023.2,1018.0,0,0,0,0,0.47,1.28,26.9,35.5,352,354,47.5,28.8,20.6,18.4,15.3,0.089,0.191,0.273,0.269,1,3600.0,733.0,627.0,106.0,842.1,733.0,992.9,665.4,569.2,96.2,842.1,665.4,901.3
39.191563,-9.160919,44.0,2006-05-25T17:00,21.5,59,13.3,18.3,0.0,0.0,0.0,0.0,0,1023.1,1017.9,0,0,0,0,0.36,1.04,29.5,39.9,351,353,50.0,27.3,20.8,18.4,15.3,0.089,0.191,0.273,0.269,1,3600.0,561.0,466.0,95.0,780.5,561.0,796.2,482.9,401.1,81.8,780.5,482.9,685.3
39.191563,-9.160919,44.0,2006-05-25T18:00,20.2,66,13.5,16.9,0.0,0.0,0.0,0.0,0,1022.9,1017.7,0,0,0,1,0.24,0.81,30.4,42.2,355,356,52.6,25.4,21.0,18.4,15.3,0.089,0.191,0.273,0.269,1,3600.0,365.0,283.0,82.0,667.0,365.0,565.8,285.9,221.7,64.2,667.0,285.9,443.2
39.191563,-9.160919,44.0,2006-05-25T19:00,19.0,71,13.7,15.9,0.0,0.0,0.0,0.0,0,1023.0,1017.8,5,3,0,8,0.14,0.63,29.2,42.8,358,360,50.8,23.3,21.0,18.4,15.3,0.089,0.191,0.273,0.269,1,3600.0,177.0,121.0,56.0,508.2,177.0,317.5,106.8,73.0,33.8,508.2,106.8,191.5
39.191563,-9.160919,44.0,2006-05-25T20:00,17.8,79,14.2,15.1,0.0,0.0,0.0,0.0,0,1022.7,1017.4,17,5,0,42,0.07,0.42,28.1,43.6,1,3,46.8,21.2,21.0,18.4,15.3,0.089,0.191,0.273,0.269,0,899.28,30.0,15.0,15.0,138.8,30.0,85.2,0.0,0.0,0.0,0.0,0.0,0.0
39.191563,-9.160919,44.0,2006-05-25T21:00,17.3,84,14.5,14.9,0.0,0.0,0.0,0.0,1,1023.4,1018.1,21,4,0,58,0.04,0.32,27.1,42.0,4,6,45.4,19.8,20.9,18.4,15.3,0.089,0.191,0.273,0.269,0,0.0,0.0,0.0,0.0,0.0,0.0,0.0,0.0,0.0,0.0,0.0,0.0,0.0
39.191563,-9.160919,44.0,2006-05-25T22:00,17.1,87,14.8,14.9,0.0,0.0,0.0,0.0,1,1023.9,1018.6,31,6,0,84,0.03,0.26,26.0,39.5,5,7,43.6,19.0,20.8,18.4,15.3,0.089,0.191,0.273,0.269,0,0.0,0.0,0.0,0.0,0.0,0.0,0.0,0.0,0.0,0.0,0.0,0.0,0.0
39.191563,-9.160919,44.0,2006-05-25T23:00,16.9,89,15.1,14.9,0.0,0.0,0.0,0.0,1,1023.5,1018.2,35,7,0,97,0.02,0.21,25.3,39.1,4,6,41.8,18.4,20.6,18.4,15.3,0.089,0.191,0.273,0.269,0,0.0,0.0,0.0,0.0,0.0,0.0,0.0,0.0,0.0,0.0,0.0,0.0,0.0
39.191563,-9.160919,44.0,2006-05-26T00:00,16.7,91,15.3,14.9,0.0,0.0,0.0,0.0,1,1023.1,1017.8,32,5,0,93,0.01,0.16,24.5,38.0,3,6,40.0,17.9,20.5,18.4,15.3,0.089,0.191,0.273,0.269,0,0.0,0.0,0.0,0.0,0.0,0.0,0.0,0.0,0.0,0.0,0.0,0.0,0.0
39.191563,-9.160919,44.0,2006-05-26T01:00,16.6,93,15.4,15.1,0.0,0.0,0.0,0.0,1,1022.5,1017.2,27,0,0,89,0.01,0.14,23.1,36.3,5,7,37.8,17.6,20.3,18.4,15.3,0.089,0.191,0.272,0.269,0,0.0,0.0,0.0,0.0,0.0,0.0,0.0,0.0,0.0,0.0,0.0,0.0,0.0
39.191563,-9.160919,44.0,2006-05-26T02:00,16.7,93,15.5,15.4,0.0,0.0,0.0,0.0,1,1021.7,1016.4,27,1,0,86,0.0,0.13,21.8,34.7,8,10,35.3,17.3,20.2,18.4,15.3,0.09,0.191,0.272,0.269,0,0.0,0.0,0.0,0.0,0.0,0.0,0.0,0.0,0.0,0.0,0.0,0.0,0.0
39.191563,-9.160919,44.0,2006-05-26T03:00,16.9,92,15.5,15.8,0.0,0.0,0.0,0.0,1,1021.4,1016.1,23,0,0,78,0.01,0.16,20.1,33.3,10,13,33.1,17.2,20.0,18.4,15.3,0.09,0.191,0.272,0.269,0,0.0,0.0,0.0,0.0,0.0,0.0,0.0,0.0,0.0,0.0,0.0,0.0,0.0
39.191563,-9.160919,44.0,2006-05-26T04:00,17.0,91,15.5,16.0,0.0,0.0,0.0,0.0,0,1021.0,1015.7,1,0,0,4,0.01,0.18,19.4,32.4,11,15,29.9,17.1,19.8,18.4,15.3,0.09,0.191,0.272,0.269,0,0.0,0.0,0.0,0.0,0.0,0.0,0.0,0.0,0.0,0.0,0.0,0.0,0.0
39.191563,-9.160919,44.0,2006-05-26T05:00,17.0,90,15.3,16.2,0.0,0.0,0.0,0.0,0,1020.9,1015.6,0,0,0,0,0.01,0.2,17.8,30.4,14,19,27.0,16.9,19.7,18.4,15.3,0.09,0.191,0.272,0.269,0,0.0,0.0,0.0,0.0,0.0,0.0,0.0,0.0,0.0,0.0,0.0,0.0,0.0
39.191563,-9.160919,44.0,2006-05-26T06:00,16.9,90,15.2,16.5,0.0,0.0,0.0,0.0,0,1021.0,1015.7,2,0,0,6,0.02,0.2,14.5,25.2,30,34,24.8,16.8,19.6,18.4,15.3,0.09,0.191,0.272,0.269,1,258.43,20.0,9.0,11.0,92.6,20.0,70.8,45.9,20.7,25.2,169.4,25.1,162.5
39.191563,-9.160919,44.0,2006-05-26T07:00,18.3,84,15.6,18.4,0.0,0.0,0.0,0.0,0,1021.4,1016.1,7,0,0,24,0.08,0.33,12.3,20.1,50,57,23.0,18.1,19.5,18.4,15.3,0.09,0.191,0.272,0.269,1,3600.0,152.0,100.0,52.0,462.5,152.0,288.3,218.4,143.7,74.7,462.5,218.4,414.2
39.191563,-9.160919,44.0,2006-05-26T08:00,21.0,68,14.9,20.9,0.0,0.0,0.0,0.0,0,1021.3,1016.1,0,0,0,0,0.21,0.79,11.4,16.5,66,74,21.2,20.8,19.5,18.4,15.3,0.09,0.191,0.272,0.269,1,3600.0,340.0,262.0,78.0,649.7,340.0,537.6,416.3,320.8,95.5,649.7,416.3,658.3
39.191563,-9.160919,44.0,2006-05-26T09:00,23.4,51,12.7,22.5,0.0,0.0,0.0,0.0,0,1021.8,1016.6,0,0,0,0,0.37,1.42,11.9,16.9,85,89,23.4,23.8,19.7,18.4,15.3,0.09,0.191,0.272,0.269,1,3600.0,536.0,442.0,94.0,764.3,536.0,770.9,610.6,503.5,107.1,764.3,610.6,878.2
39.191563,-9.160919,44.0,2006-05-26T10:00,25.4,39,10.6,24.5,0.0,0.0,0.0,0.0,0,1022.0,1016.9,0,0,0,0,0.51,1.97,13.7,19.1,88,93,27.0,26.7,19.9,18.4,15.3,0.09,0.191,0.272,0.269,1,3600.0,710.0,606.0,104.0,830.8,710.0,972.4,773.2,659.9,113.3,830.8,773.2,1058.9
39.191563,-9.160919,44.0,2006-05-26T11:00,27.2,31,8.5,26.6,0.0,0.0,0.0,0.0,0,1022.0,1016.9,0,0,0,0,0.63,2.49,12.7,18.3,97,100,25.9,29.3,20.3,18.4,15.3,0.089,0.191,0.272,0.269,1,3600.0,848.0,736.0,112.0,869.6,848.0,1128.3,893.0,775.1,117.9,869.6,893.0,1188.2
39.191563,-9.160919,44.0,2006-05-26T12:00,28.4,26,7.0,28.6,0.0,0.0,0.0,0.0,0,1021.6,1016.5,0,0,0,0,0.69,2.86,8.8,13.7,78,87,24.5,31.6,20.8,18.4,15.3,0.088,0.19,0.272,0.269,1,3600.0,938.0,823.0,115.0,893.4,938.0,1228.0,960.3,842.6,117.7,893.4,960.3,1257.2
39.191563,-9.160919,44.0,2006-05-26T13:00,28.9,25,7.0,29.1,0.0,0.0,0.0,0.0,0,1021.0,1015.9,0,0,0,0,0.72,2.97,9.7,12.8,27,38,25.2,33.7,21.3,18.4,15.3,0.088,0.19,0.272,0.268,1,3600.0,972.0,855.0,117.0,901.2,972.0,1264.7,969.3,852.6,116.7,901.2,969.3,1261.3
39.191563,-9.160919,44.0,2006-05-26T14:00,29.5,25,7.3,28.3,0.0,0.0,0.0,0.0,0,1020.5,1015.4,0,0,0,0,0.75,3.09,17.0,22.4,5,11,26.3,35.0,21.8,18.5,15.3,0.087,0.19,0.271,0.268,1,3600.0,948.0,832.0,116.0,897.3,948.0,1236.0,920.4,807.8,112.6,897.3,920.4,1200.1
39.191563,-9.160919,44.0,2006-05-26T15:00,29.4,28,8.9,27.4,0.0,0.0,0.0,0.0,0,1020.0,1014.9,0,0,0,0,0.72,2.96,22.0,30.0,2,6,34.2,35.0,22.3,18.5,15.3,0.086,0.19,0.271,0.268,1,3600.0,868.0,756.0,112.0,881.1,868.0,1143.8,818.0,712.4,105.5,881.1,818.0,1077.9
39.191563,-9.160919,44.0,2006-05-26T16:00,28.4,38,12.7,26.6,0.0,0.0,0.0,0.0,0,1019.5,1014.4,0,0,0,0,0.6,2.41,24.1,33.6,2,5,40.0,33.8,22.7,18.5,15.3,0.086,0.189,0.271,0.268,1,3600.0,737.0,632.0,105.0,847.2,737.0,994.4,669.2,573.9,95.3,847.2,669.2,903.0
39.191563,-9.160919,44.0,2006-05-26T17:00,27.6,44,14.3,25.5,0.0,0.0,0.0,0.0,0,1019.1,1014.0,0,0,0,0,0.48,2.05,24.1,34.6,2,4,41.8,32.1,23.0,18.5,15.3,0.086,0.189,0.271,0.268,1,3600.0,566.0,472.0,94.0,788.4,566.0,798.0,487.5,406.5,81.0,788.4,487.5,687.3
39.191563,-9.160919,44.0,2006-05-26T18:00,26.3,49,14.8,24.6,0.0,0.0,0.0,0.0,0,1018.8,1013.7,1,0,1,0,0.34,1.73,22.3,32.8,2,3,42.5,30.1,23.2,18.5,15.3,0.086,0.189,0.271,0.268,1,3600.0,372.0,294.0,78.0,689.9,372.0,568.0,291.8,230.6,61.2,689.9,291.8,445.6
39.191563,-9.160919,44.0,2006-05-26T19:00,24.6,55,15.0,23.2,0.0,0.0,0.0,0.0,0,1019.1,1014.0,2,0,4,0,0.21,1.39,21.0,33.0,6,7,36.0,27.8,23.3,18.5,15.3,0.086,0.189,0.271,0.268,1,3600.0,175.0,120.0,55.0,499.7,175.0,320.1,106.2,72.8,33.4,499.7,106.2,194.3
39.191563,-9.160919,44.0,2006-05-26T20:00,22.9,61,15.0,21.7,0.0,0.0,0.0,0.0,0,1019.3,1014.1,3,0,5,0,0.11,1.08,19.4,31.5,11,14,33.5,25.5,23.3,18.6,15.3,0.086,0.189,0.271,0.268,0,803.85,30.0,14.0,16.0,128.3,30.0,86.6,0.0,0.0,0.0,0.0,0.0,0.0
39.191563,-9.160919,44.0,2006-05-26T21:00,21.8,67,15.3,21.1,0.0,0.0,0.0,0.0,0,1020.1,1014.9,5,0,0,18,0.07,0.87,17.0,28.7,17,22,30.6,23.8,23.3,18.6,15.3,0.086,0.189,0.271,0.268,0,0.0,0.0,0.0,0.0,0.0,0.0,0.0,0.0,0.0,0.0,0.0,0.0,0.0
39.191563,-9.160919,44.0,2006-05-26T22:00,21.5,70,15.7,21.5,0.0,0.0,0.0,0.0,0,1020.7,1015.5,14,0,0,46,0.05,0.78,13.2,23.7,29,42,26.6,22.8,23.2,18.6,15.3,0.086,0.189,0.271,0.268,0,0.0,0.0,0.0,0.0,0.0,0.0,0.0,0.0,0.0,0.0,0.0,0.0,0.0
39.191563,-9.160919,44.0,2006-05-26T23:00,21.2,71,15.7,21.5,0.0,0.0,0.0,0.0,0,1020.6,1015.4,12,0,0,41,0.04,0.73,11.2,22.4,42,60,21.6,21.8,23.0,18.6,15.3,0.086,0.189,0.271,0.268,0,0.0,0.0,0.0,0.0,0.0,0.0,0.0,0.0,0.0,0.0,0.0,0.0,0.0
39.191563,-9.160919,44.0,2006-05-27T00:00,21.1,68,15.0,21.1,0.0,0.0,0.0,0.0,0,1020.4,1015.2,6,0,0,20,0.04,0.8,10.8,22.8,53,69,18.7,21.1,22.9,18.6,15.3,0.086,0.189,0.271,0.268,0,0.0,0.0,0.0,0.0,0.0,0.0,0.0,0.0,0.0,0.0,0.0,0.0,0.0
39.191563,-9.160919,44.0,2006-05-27T01:00,21.1,60,12.9,20.3,0.0,0.0,0.0,0.0,0,1020.1,1014.9,3,0,0,9,0.06,1.01,11.3,24.9,63,72,18.7,20.5,22.7,18.7,15.4,0.086,0.189,0.271,0.268,0,0.0,0.0,0.0,0.0,0.0,0.0,0.0,0.0,0.0,0.0,0.0,0.0,0.0
39.191563,-9.160919,44.0,2006-05-27T02:00,21.2,48,9.8,19.4,0.0,0.0,0.0,0.0,0,1019.7,1014.5,0,0,0,0,0.08,1.3,12.1,26.2,67,74,19.4,20.0,22.5,18.7,15.4,0.086,0.189,0.271,0.268,0,0.0,0.0,0.0,0.0,0.0,0.0,0.0,0.0,0.0,0.0,0.0,0.0,0.0
39.191563,-9.160919,44.0,2006-05-27T03:00,21.0,41,7.3,18.5,0.0,0.0,0.0,0.0,0,1019.6,1014.4,0,0,0,0,0.1,1.47,12.4,26.8,73,78,20.2,19.6,22.3,18.7,15.4,0.086,0.189,0.271,0.268,0,0.0,0.0,0.0,0.0,0.0,0.0,0.0,0.0,0.0,0.0,0.0,0.0,0.0
39.191563,-9.160919,44.0,2006-05-27T04:00,20.7,39,6.3,17.9,0.0,0.0,0.0,0.0,0,1019.5,1014.3,0,0,0,0,0.1,1.48,12.5,27.1,78,85,20.9,19.2,22.1,18.7,15.4,0.086,0.189,0.271,0.268,0,0.0,0.0,0.0,0.0,0.0,0.0,0.0,0.0,0.0,0.0,0.0,0.0,0.0
39.191563,-9.160919,44.0,2006-05-27T05:00,20.3,39,5.9,17.4,0.0,0.0,0.0,0.0,0,1019.8,1014.6,0,0,0,0,0.1,1.46,12.6,26.0,77,87,22.3,18.9,21.9,18.7,15.4,0.086,0.189,0.271,0.268,0,0.0,0.0,0.0,0.0,0.0,0.0,0.0,0.0,0.0,0.0,0.0,0.0,0.0
39.191563,-9.160919,44.0,2006-05-27T06:00,20.3,39,5.9,17.2,0.0,0.0,0.0,0.0,0,1020.2,1015.0,0,0,0,0,0.13,1.45,14.5,27.2,76,83,24.5,18.8,21.8,18.7,15.4,0.086,0.189,0.271,0.268,1,344.58,21.0,10.0,11.0,102.1,21.0,71.8,48.1,22.9,25.2,185.6,26.5,164.5
39.191563,-9.160919,44.0,2006-05-27T07:00,21.5,38,6.7,18.0,0.0,0.0,0.0,0.0,0,1020.4,1015.2,0,0,0,0,0.21,1.59,18.2,30.0,82,84,28.1,20.1,21.6,18.7,15.4,0.086,0.189,0.27,0.268,1,3600.0,157.0,106.0,51.0,487.0,157.0,290.1,225.0,151.9,73.1,487.0,225.0,415.8
39.191563,-9.160919,44.0,2006-05-27T08:00,23.9,34,6.9,20.2,0.0,0.0,0.0,0.0,0,1020.6,1015.5,0,0,0,0,0.34,1.97,19.8,29.2,90,91,32.8,22.6,21.6,18.7,15.4,0.086,0.189,0.27,0.268,1,3600.0,347.0,271.0,76.0,670.0,347.0,539.0,424.6,331.6,93.0,670.0,424.6,659.5
39.191563,-9.160919,44.0,2006-05-27T09:00,26.2,30,7.4,22.6,0.0,0.0,0.0,0.0,0,1020.9,1015.8,0,0,0,0,0.47,2.37,19.9,27.8,95,94,35.6,25.4,21.7,18.7,15.4,0.086,0.189,0.27,0.268,1,3600.0,540.0,448.0,92.0,773.3,540.0,772.1,614.9,510.2,104.8,773.3,614.9,879.2
39.191563,-9.160919,44.0,2006-05-27T10:00,28.0,27,7.4,25.6,0.0,0.0,0.0,0.0,0,1020.7,1015.6,0,0,0,0,0.59,2.76,17.7,24.2,95,93,35.6,28.2,21.9,18.7,15.4,0.086,0.189,0.27,0.268,1,3600.0,712.0,609.0,103.0,833.9,712.0,973.3,775.2,663.1,112.1,833.9,775.2,1059.7
39.191563,-9.160919,44.0,2006-05-27T11:00,29.6,24,7.1,28.1,0.0,0.0,0.0,0.0,0,1020.6,1015.5,0,0,0,0,0.69,3.14,16.2,22.7,89,89,33.8,30.8,22.2,18.8,15.4,0.086,0.188,0.27,0.268,1,3600.0,847.0,737.0,110.0,869.9,847.0,1129.0,891.9,776.1,115.8,869.9,891.9,1188.9
39.191563,-9.160919,44.0,2006-05-27T12:00,30.9,23,7.4,30.3,0.0,0.0,0.0,0.0,0,1020.1,1015.1,2,0,0,8,0.75,3.44,13.9,20.0,80,83,31.3,33.1,22.6,18.8,15.4,0.085,0.188,0.27,0.268,1,3600.0,933.0,817.0,116.0,886.1,933.0,1228.7,955.2,836.4,118.8,886.1,955.2,1257.9
39.191563,-9.160919,44.0,2006-05-27T13:00,31.7,23,8.3,31.8,0.0,0.0,0.0,0.0,0,1019.3,1014.3,0,0,0,0,0.77,3.57,11.6,16.9,60,70,32.0,34.9,23.1,18.8,15.4,0.085,0.188,0.27,0.268,1,3600.0,963.0,845.0,118.0,889.8,963.0,1265.5,960.4,842.7,117.7,889.8,960.4,1262.1
39.191563,-9.160919,44.0,2006-05-27T14:00,32.0,25,9.5,32.5,0.0,0.0,0.0,0.0,0,1018.6,1013.6,0,0,0,0,0.74,3.57,10.7,15.3,42,51,32.4,36.2,23.5,18.8,15.4,0.084,0.188,0.269,0.268,1,3600.0,935.0,819.0,116.0,882.4,935.0,1236.9,907.9,795.3,112.6,882.4,907.9,1201.1
39.191563,-9.160919,44.0,2006-05-27T15:00,32.3,25,10.0,32.3,0.0,0.0,0.0,0.0,0,1018.2,1013.2,0,0,0,0,0.7,3.61,11.9,17.3,25,31,33.5,36.7,24.0,18.8,15.4,0.084,0.187,0.269,0.268,1,3600.0,853.0,741.0,112.0,862.4,853.0,1144.9,804.0,698.4,105.6,862.4,804.0,1079.2
39.191563,-9.160919,44.0,2006-05-27T16:00,32.3,26,10.3,31.1,0.0,0.0,0.0,0.0,1,1017.5,1012.5,43,0,72,0,0.63,3.58,14.9,21.7,20,24,35.3,36.4,24.4,18.9,15.4,0.083,0.187,0.269,0.268,1,3600.0,724.0,619.0,105.0,828.3,724.0,995.8,657.7,562.3,95.4,828.3,657.7,904.6
39.191563,-9.160919,44.0,2006-05-27T17:00,30.9,31,11.7,28.5,0.0,0.0,0.0,0.0,1,1017.6,1012.6,47,0,78,0,0.51,3.1,19.8,28.7,2,7,38.5,34.7,24.8,18.9,15.4,0.083,0.187,0.269,0.268,1,3600.0,498.0,383.0,115.0,638.1,498.0,799.8,429.2,330.1,99.1,638.1,429.2,689.3
39.191563,-9.160919,44.0,2006-05-27T18:00,28.7,40,13.8,26.6,0.0,0.0,0.0,0.0,1,1017.5,1012.4,39,0,65,0,0.37,2.35,22.7,34.0,2,5,41.0,32.3,25.0,18.9,15.4,0.083,0.187,0.269,0.268,1,3600.0,303.0,220.0,83.0,514.1,303.0,570.2,238.1,172.8,65.2,514.1,238.1,448.0
39.191563,-9.160919,44.0,2006-05-27T19:00,27.0,45,14.1,24.9,0.0,0.0,0.0,0.0,1,1017.6,1012.5,38,0,63,0,0.25,1.95,23.2,36.8,6,9,36.7,29.8,25.1,18.9,15.4,0.083,0.187,0.269,0.268,1,3600.0,127.0,57.0,70.0,235.4,127.0,322.6,77.6,34.8,42.7,235.4,77.6,197.0
39.191563,-9.160919,44.0,2006-05-27T20:00,25.6,49,14.1,23.4,0.0,0.0,0.0,0.0,1,1017.7,1012.6,31,0,52,0,0.19,1.68,23.9,39.1,12,15,38.2,27.7,25.1,19.0,15.4,0.083,0.187,0.269,0.268,0,262.91,23.0,9.0,14.0,81.7,23.0,87.9,0.0,0.0,0.0,0.0,0.0,0.0
39.191563,-9.160919,44.0,2006-05-27T21:00,24.9,50,13.9,22.7,0.0,0.0,0.0,0.0,1,1018.2,1013.1,27,0,45,0,0.16,1.57,23.5,39.2,18,20,38.5,26.2,25.0,19.0,15.4,0.083,0.187,0.269,0.268,0,0.0,0.0,0.0,0.0,0.0,0.0,0.0,0.0,0.0,0.0,0.0,0.0,0.0
39.191563,-9.160919,44.0,2006-05-27T22:00,24.4,53,14.2,22.8,0.0,0.0,0.0,0.0,1,1019.2,1014.1,35,0,58,0,0.13,1.44,20.8,36.1,34,36,37.8,25.1,24.9,19.0,15.4,0.084,0.187,0.269,0.268,0,0.0,0.0,0.0,0.0,0.0,0.0,0.0,0.0,0.0,0.0,0.0,0.0,0.0
39.191563,-9.160919,44.0,2006-05-27T23:00,24.1,56,14.7,23.3,0.0,0.0,0.0,0.0,1,1019.2,1014.1,25,0,42,0,0.1,1.33,16.3,29.5,43,47,34.2,24.4,24.8,19.0,15.4,0.084,0.187,0.269,0.268,0,0.0,0.0,0.0,0.0,0.0,0.0,0.0,0.0,0.0,0.0,0.0,0.0,0.0
39.191563,-9.160919,44.0,2006-05-28T00:00,23.7,59,15.1,23.6,0.0,0.0,0.0,0.0,0,1018.8,1013.7,10,0,16,0,0.07,1.21,12.2,23.7,56,64,28.8,23.7,24.6,19.1,15.4,0.084,0.187,0.269,0.268,0,0.0,0.0,0.0,0.0,0.0,0.0,0.0,0.0,0.0,0.0,0.0,0.0,0.0
39.191563,-9.160919,44.0,2006-05-28T01:00,23.5,59,15.1,23.9,0.0,0.0,0.0,0.0,0,1018.7,1013.6,3,0,5,0,0.05,1.19,9.0,18.4,74,92,23.4,23.3,24.5,19.1,15.4,0.084,0.187,0.269,0.268,0,0.0,0.0,0.0,0.0,0.0,0.0,0.0,0.0,0.0,0.0,0.0,0.0,0.0
39.191563,-9.160919,44.0,2006-05-28T02:00,22.8,61,14.9,23.3,0.0,0.0,0.0,0.0,0,1018.2,1013.0,1,0,2,0,0.04,1.08,7.5,16.3,107,131,18.7,22.6,24.3,19.1,15.4,0.084,0.187,0.269,0.268,0,0.0,0.0,0.0,0.0,0.0,0.0,0.0,0.0,0.0,0.0,0.0,0.0,0.0
39.191563,-9.160919,44.0,2006-05-28T03:00,22.2,62,14.5,22.4,0.0,0.0,0.0,0.0,0,1018.3,1013.1,1,0,2,0,0.04,1.02,8.2,17.8,139,159,14.0,22.0,24.1,19.1,15.4,0.084,0.187,0.269,0.268,0,0.0,0.0,0.0,0.0,0.0,0.0,0.0,0.0,0.0,0.0,0.0,0.0,0.0
39.191563,-9.160919,44.0,2006-05-28T04:00,21.5,62,13.8,21.5,0.0,0.0,0.0,0.0,0,1018.4,1013.2,0,0,0,0,0.04,0.99,8.2,17.3,151,168,13.3,21.3,23.9,19.1,15.4,0.084,0.187,0.269,0.268,0,0.0,0.0,0.0,0.0,0.0,0.0,0.0,0.0,0.0,0.0,0.0,0.0,0.0
39.191563,-9.160919,44.0,2006-05-28T05:00,21.0,62,13.4,20.8,0.0,0.0,0.0,0.0,0,1018.6,1013.4,1,0,1,0,0.04,0.94,8.4,15.0,149,169,15.5,20.8,23.7,19.1,15.4,0.084,0.187,0.268,0.268,0,0.0,0.0,0.0,0.0,0.0,0.0,0.0,0.0,0.0,0.0,0.0,0.0,0.0
39.191563,-9.160919,44.0,2006-05-28T06:00,20.5,64,13.6,20.7,0.0,0.0,0.0,0.0,0,1019.1,1013.9,0,0,0,0,0.04,0.86,6.4,12.2,137,161,15.1,20.6,23.5,19.2,15.4,0.084,0.187,0.268,0.268,1,263.11,21.0,9.0,12.0,91.2,21.0,72.7,48.0,20.6,27.5,164.9,26.6,166.3
39.191563,-9.160919,44.0,2006-05-28T07:00,22.2,60,13.9,22.4,0.0,0.0,0.0,0.0,0,1019.3,1014.1,0,0,0,0,0.11,1.08,7.3,10.3,123,144,14.0,22.0,23.4,19.2,15.4,0.084,0.187,0.268,0.268,1,3600.0,152.0,101.0,51.0,461.2,152.0,291.7,217.4,144.5,72.9,461.2,217.4,417.3
39.191563,-9.160919,44.0,2006-05-28T08:00,24.8,50,13.6,24.8,0.0,0.0,0.0,0.0,0,1019.5,1014.4,0,0,0,0,0.24,1.56,7.4,9.0,119,127,15.5,24.9,23.3,19.2,15.4,0.084,0.187,0.268,0.268,1,3600.0,335.0,255.0,80.0,628.7,335.0,540.3,409.6,311.8,97.8,628.7,409.6,660.7
39.191563,-9.160919,44.0,2006-05-28T09:00,27.1,44,13.7,27.1,0.0,0.0,0.0,0.0,0,1019.7,1014.6,1,0,0,2,0.39,2.01,8.0,10.0,117,120,18.0,28.0,23.5,19.2,15.4,0.084,0.187,0.268,0.268,1,3600.0,526.0,432.0,94.0,744.5,526.0,773.1,598.8,491.8,107.0,744.5,598.8,880.1
39.191563,-9.160919,44.0,2006-05-28T10:00,28.9,39,13.4,30.3,0.0,0.0,0.0,0.0,0,1019.7,1014.6,1,0,0,2,0.5,2.45,4.3,6.3,114,114,19.1,31.1,23.7,19.2,15.4,0.084,0.186,0.268,0.268,1,3600.0,695.0,590.0,105.0,806.9,695.0,974.1,756.6,642.3,114.3,806.9,756.6,1060.4
39.191563,-9.160919,44.0,2006-05-28T11:00,30.2,36,13.3,32.5,0.0,0.0,0.0,0.0,0,1019.7,1014.7,0,0,0,0,0.6,2.75,3.4,3.8,18,49,19.1,33.9,24.0,19.2,15.4,0.084,0.186,0.268,0.268,1,3600.0,830.0,717.0,113.0,845.5,830.0,1129.7,874.0,755.0,119.0,845.5,874.0,1189.5
39.191563,-9.160919,44.0,2006-05-28T12:00,30.9,35,13.5,32.9,0.0,0.0,0.0,0.0,0,1019.3,1014.3,0,0,0,0,0.7,2.92,9.2,10.1,349,356,22.3,36.4,24.5,19.3,15.5,0.083,0.186,0.268,0.268,1,3600.0,918.0,800.0,118.0,866.9,918.0,1229.3,939.8,819.0,120.8,866.9,939.8,1258.5
39.191563,-9.160919,44.0,2006-05-28T13:00,31.5,33,13.4,32.9,0.0,0.0,0.0,0.0,0,1018.7,1013.7,0,0,0,0,0.75,3.09,12.9,15.5,342,348,26.3,38.3,24.9,19.3,15.5,0.083,0.186,0.268,0.268,1,3600.0,950.0,831.0,119.0,874.3,950.0,1266.2,947.5,828.8,118.7,874.3,947.5,1262.8
39.191563,-9.160919,44.0,2006-05-28T14:00,31.6,34,13.9,32.4,0.0,0.0,0.0,0.0,0,1018.0,1013.0,0,0,0,1,0.75,3.05,16.1,20.3,336,340,31.7,38.9,25.4,19.3,15.5,0.083,0.185,0.267,0.268,1,3600.0,923.0,805.0,118.0,866.4,923.0,1237.8,896.4,781.8,114.6,866.4,896.4,1202.0
39.191563,-9.160919,44.0,2006-05-28T15:00,30.7,37,14.6,31.0,0.0,0.0,0.0,0.0,0,1017.6,1012.6,2,0,1,4,0.68,2.76,18.7,23.9,335,339,35.3,38.1,25.8,19.3,15.5,0.082,0.185,0.267,0.268,1,3600.0,843.0,728.0,115.0,846.2,843.0,1146.0,794.7,686.3,108.4,846.2,794.7,1080.4
39.191563,-9.160919,44.0,2006-05-28T16:00,29.1,42,14.8,28.2,0.0,0.0,0.0,0.0,0,1017.0,1012.0,4,0,1,10,0.53,2.35,19.8,26.0,335,338,36.0,36.0,26.1,19.4,15.5,0.082,0.185,0.267,0.268,1,3600.0,625.0,490.0,135.0,654.5,625.0,997.2,567.9,445.3,122.7,654.5,567.9,906.2
39.191563,-9.160919,44.0,2006-05-28T17:00,27.7,45,14.6,26.3,0.0,0.0,0.0,0.0,0,1016.8,1011.7,8,0,5,16,0.4,2.04,20.1,27.8,339,341,35.6,33.7,26.3,19.4,15.5,0.082,0.185,0.267,0.268,1,3600.0,436.0,308.0,128.0,511.8,436.0,801.6,376.0,265.6,110.4,511.8,376.0,691.3
39.191563,-9.160919,44.0,2006-05-28T18:00,26.1,49,14.5,24.6,0.0,0.0,0.0,0.0,0,1016.7,1011.6,14,0,5,36,0.29,1.73,19.8,28.2,348,350,35.3,31.4,26.4,19.4,15.5,0.082,0.185,0.267,0.268,1,3600.0,263.0,142.0,121.0,330.5,263.0,572.3,206.9,111.7,95.2,330.5,206.9,450.3
39.191563,-9.160919,44.0,2006-05-28T19:00,25.1,50,13.9,23.4,0.0,0.0,0.0,0.0,0,1016.5,1011.4,13,0,8,28,0.21,1.59,19.9,29.9,356,357,32.4,29.3,26.4,19.5,15.5,0.082,0.185,0.267,0.268,1,3600.0,154.0,93.0,61.0,381.0,154.0,325.2,94.6,57.1,37.5,381.0,94.6,199.7
39.191563,-9.160919,44.0,2006-05-28T20:00,23.6,54,13.9,22.1,0.0,0.0,0.0,0.0,0,1016.9,1011.8,14,0,12,22,0.13,1.33,18.8,30.9,5,7,32.4,27.1,26.3,19.5,15.5,0.082,0.185,0.267,0.268,0,1046.51,32.0,16.0,16.0,143.9,32.0,89.2,0.0,0.0,0.0,0.0,0.0,0.0
39.191563,-9.160919,44.0,2006-05-28T21:00,23.0,55,13.6,21.8,0.0,0.0,0.0,0.0,0,1017.1,1012.0,18,0,14,33,0.1,1.26,16.0,28.0,9,12,30.6,25.6,26.2,19.5,15.5,0.083,0.185,0.267,0.268,0,0.0,0.0,0.0,0.0,0.0,0.0,0.0,0.0,0.0,0.0,0.0,0.0,0.0
39.191563,-9.160919,44.0,2006-05-28T22:00,22.9,55,13.2,21.9,0.0,0.0,0.0,0.0,0,1016.9,1011.8,7,0,12,0,0.09,1.27,13.7,25.8,14,19,26.6,24.5,26.0,19.5,15.5,0.083,0.185,0.267,0.268,0,0.0,0.0,0.0,0.0,0.0,0.0,0.0,0.0,0.0,0.0,0.0,0.0,0.0
39.191563,-9.160919,44.0,2006-05-28T23:00,22.8,54,13.0,21.8,0.0,0.0,0.0,0.0,0,1016.7,1011.6,11,0,19,0,0.08,1.28,13.2,25.7,11,18,24.1,23.8,25.8,19.6,15.5,0.083,0.185,0.267,0.268,0,0.0,0.0,0.0,0.0,0.0,0.0,0.0,0.0,0.0,0.0,0.0,0.0,0.0
39.191563,-9.160919,44.0,2006-05-29T00:00,22.6,54,12.9,21.6,0.0,0.0,0.0,0.0,0,1016.4,1011.2,10,0,16,0,0.08,1.25,13.1,25.7,8,15,22.0,23.2,25.6,19.6,15.5,0.083,0.185,0.267,0.268,0,0.0,0.0,0.0,0.0,0.0,0.0,0.0,0.0,0.0,0.0,0.0,0.0,0.0
39.191563,-9.160919,44.0,2006-05-29T01:00,22.2,56,13.1,21.3,0.0,0.0,0.0,0.0,0,1015.7,1010.5,3,0,5,0,0.07,1.17,12.7,25.1,7,13,20.5,22.7,25.3,19.6,15.5,0.083,0.185,0.267,0.268,0,0.0,0.0,0.0,0.0,0.0,0.0,0.0,0.0,0.0,0.0,0.0,0.0,0.0
39.191563,-9.160919,44.0,2006-05-29T02:00,21.8,59,13.3,21.0,0.0,0.0,0.0,0.0,0,1015.0,1009.8,3,0,5,0,0.07,1.08,12.3,24.4,7,13,19.4,22.2,25.1,19.6,15.5,0.083,0.185,0.267,0.268,0,0.0,0.0,0.0,0.0,0.0,0.0,0.0,0.0,0.0,0.0,0.0,0.0,0.0
39.191563,-9.160919,44.0,2006-05-29T03:00,21.4,62,13.7,20.9,0.0,0.0,0.0,0.0,0,1014.6,1009.4,7,0,12,0,0.05,0.97,11.3,22.6,7,14,19.1,21.9,24.9,19.7,15.5,0.083,0.185,0.267,0.268,0,0.0,0.0,0.0,0.0,0.0,0.0,0.0,0.0,0.0,0.0,0.0,0.0,0.0
39.191563,-9.160919,44.0,2006-05-29T04:00,20.8,66,14.1,20.7,0.0,0.0,0.0,0.0,0,1014.4,1009.2,7,0,12,0,0.04,0.85,10.1,21.2,6,15,18.7,21.4,24.7,19.7,15.5,0.083,0.185,0.267,0.268,0,0.0,0.0,0.0,0.0,0.0,0.0,0.0,0.0,0.0,0.0,0.0,0.0,0.0
39.191563,-9.160919,44.0,2006-05-29T05:00,20.3,69,14.5,20.4,0.0,0.0,0.0,0.0,0,1014.3,1009.1,8,0,13,0,0.03,0.73,9.7,19.9,2,13,17.6,21.0,24.4,19.7,15.5,0.083,0.185,0.267,0.268,0,0.0,0.0,0.0,0.0,0.0,0.0,0.0,0.0,0.0,0.0,0.0,0.0,0.0
39.191563,-9.160919,44.0,2006-05-29T06:00,20.2,72,15.0,20.3,0.0,0.0,0.0,0.0,0,1014.4,1009.2,7,0,11,0,0.05,0.67,10.8,19.7,356,8,18.0,20.9,24.2,19.7,15.5,0.083,0.185,0.267,0.268,1,352.13,21.0,10.0,11.0,100.6,21.0,73.5,48.0,22.9,25.1,181.1,26.7,168.1
39.191563,-9.160919,44.0,2006-05-29T07:00,21.7,70,15.9,21.9,0.0,0.0,0.0,0.0,0,1014.3,1009.1,7,0,11,0,0.12,0.79,11.9,19.5,355,5,19.4,22.1,24.0,19.7,15.5,0.083,0.185,0.267,0.268,1,3600.0,151.0,99.0,52.0,449.6,151.0,293.3,215.5,141.3,74.2,449.6,215.5,418.6
39.191563,-9.160919,44.0,2006-05-29T08:00,23.8,62,16.1,23.9,0.0,0.0,0.0,0.0,0,1014.5,1009.4,4,0,7,0,0.24,1.11,13.3,18.4,357,4,22.7,24.7,24.0,19.7,15.5,0.083,0.185,0.266,0.268,1,3600.0,333.0,251.0,82.0,617.3,333.0,541.5,406.9,306.7,100.2,617.3,406.9,661.7
39.191563,-9.160919,44.0,2006-05-29T09:00,25.8,57,16.5,25.9,0.0,0.0,0.0,0.0,0,1014.3,1009.2,4,1,5,0,0.38,1.44,14.8,19.5,359,4,25.9,27.5,24.0,19.7,15.5,0.083,0.184,0.266,0.268,1,3600.0,516.0,415.0,101.0,714.1,516.0,774.0,587.3,472.3,114.9,714.1,587.3,880.9
39.191563,-9.160919,44.0,2006-05-29T10:00,27.6,52,16.7,28.6,0.0,0.0,0.0,0.0,0,1014.0,1008.9,1,0,2,0,0.51,1.78,14.0,18.1,359,7,28.8,30.4,24.2,19.8,15.5,0.083,0.184,0.266,0.268,1,3600.0,692.0,582.0,110.0,795.1,692.0,974.8,753.3,633.5,119.7,795.1,753.3,1061.1
39.191563,-9.160919,44.0,2006-05-29T11:00,28.9,49,17.0,30.6,0.0,0.0,0.0,0.0,0,1013.7,1008.7,2,1,2,0,0.61,2.03,14.9,19.1,353,1,30.2,32.9,24.5,19.8,15.5,0.083,0.184,0.266,0.268,1,3600.0,821.0,700.0,121.0,824.8,821.0,1130.3,864.4,737.0,127.4,824.8,864.4,1190.1
39.191563,-9.160919,44.0,2006-05-29T12:00,29.8,47,17.2,31.9,0.0,0.0,0.0,0.0,0,1013.7,1008.7,3,1,3,0,0.69,2.24,16.2,20.2,347,356,31.3,34.9,24.8,19.8,15.5,0.083,0.184,0.266,0.268,1,3600.0,912.0,781.0,131.0,845.7,912.0,1229.9,933.7,799.6,134.1,845.7,933.7,1259.1
39.191563,-9.160919,44.0,2006-05-29T13:00,30.2,46,17.4,32.2,0.0,0.0,0.0,0.0,0,1013.0,1008.0,2,0,2,1,0.72,2.3,17.8,22.7,342,349,33.5,36.3,25.2,19.8,15.5,0.083,0.184,0.266,0.268,1,3600.0,950.0,829.0,121.0,871.5,950.0,1266.8,947.5,826.9,120.7,871.5,947.5,1263.5
39.191563,-9.160919,44.0,2006-05-29T14:00,29.8,47,17.4,31.3,0.0,0.0,0.0,0.0,0,1012.6,1007.6,0,0,0,1,0.69,2.2,19.8,25.1,341,347,36.0,36.7,25.6,19.8,15.5,0.082,0.183,0.266,0.268,1,3600.0,918.0,776.0,142.0,834.3,918.0,1238.6,891.6,753.7,137.9,834.3,891.6,1203.0
39.191563,-9.160919,44.0,2006-05-29T15:00,28.8,49,16.9,29.3,0.0,0.0,0.0,0.0,0,1012.2,1007.2,13,0,7,29,0.59,2.03,19.9,26.1,343,349,36.4,35.9,25.9,19.9,15.5,0.082,0.183,0.265,0.268,1,3600.0,759.0,627.0,132.0,727.9,759.0,1147.1,715.7,591.2,124.5,727.9,715.7,1081.6
39.191563,-9.160919,44.0,2006-05-29T16:00,28.4,48,16.5,28.2,0.0,0.0,0.0,0.0,1,1012.0,1007.0,27,0,16,57,0.53,2.0,20.9,27.5,349,355,34.6,35.1,26.2,19.9,15.5,0.082,0.183,0.265,0.268,1,3600.0,676.0,522.0,154.0,696.1,676.0,998.6,614.5,474.5,140.0,696.1,614.5,907.7
39.191563,-9.160919,44.0,2006-05-29T17:00,26.9,53,16.4,26.0,0.0,0.0,0.0,0.0,1,1011.7,1006.6,27,0,21,47,0.4,1.67,21.0,28.0,347,353,34.6,33.4,26.4,19.9,15.5,0.082,0.183,0.265,0.268,1,3600.0,484.0,321.0,163.0,532.1,484.0,803.3,417.7,277.0,140.7,532.1,417.7,693.2
39.191563,-9.160919,44.0,2006-05-29T18:00,25.0,57,16.0,23.9,0.0,0.0,0.0,0.0,0,1011.5,1006.4,17,0,10,38,0.27,1.35,21.2,29.7,350,354,34.6,31.1,26.4,19.9,15.6,0.082,0.183,0.265,0.268,1,3600.0,297.0,142.0,155.0,329.2,297.0,574.5,234.0,111.9,122.1,329.2,234.0,452.6
39.191563,-9.160919,44.0,2006-05-29T19:00,23.5,58,14.7,22.0,0.0,0.0,0.0,0.0,0,1011.6,1006.5,6,0,4,11,0.19,1.23,20.9,30.6,356,360,35.6,28.8,26.4,20.0,15.6,0.082,0.183,0.265,0.268,1,3600.0,160.0,82.0,78.0,333.3,160.0,327.6,98.8,50.7,48.2,333.3,98.8,202.4
39.191563,-9.160919,44.0,2006-05-29T20:00,22.1,62,14.5,20.6,0.0,0.0,0.0,0.0,0,1011.4,1006.3,2,0,1,3,0.11,1.0,20.2,32.4,357,2,34.2,26.5,26.3,20.0,15.6,0.082,0.183,0.265,0.268,0,830.28,32.0,14.0,18.0,124.7,32.0,90.5,0.0,0.0,0.0,0.0,0.0,0.0
39.191563,-9.160919,44.0,2006-05-29T21:00,21.0,67,14.7,19.7,0.0,0.0,0.0,0.0,0,1011.7,1006.5,2,0,0,5,0.08,0.81,19.4,31.8,360,5,32.4,24.7,26.1,20.0,15.6,0.082,0.183,0.265,0.268,0,0.0,0.0,0.0,0.0,0.0,0.0,0.0,0.0,0.0,0.0,0.0,0.0,0.0
39.191563,-9.160919,44.0,2006-05-29T22:00,20.4,71,14.9,19.6,0.0,0.0,0.0,0.0,0,1012.2,1007.0,4,0,0,13,0.05,0.7,16.2,26.0,360,4,31.0,23.4,25.9,20.0,15.6,0.083,0.183,0.265,0.268,0,0.0,0.0,0.0,0.0,0.0,0.0,0.0,0.0,0.0,0.0,0.0,0.0,0.0
39.191563,-9.160919,44.0,2006-05-29T23:00,19.8,75,15.2,19.3,0.0,0.0,0.0,0.0,0,1011.9,1006.7,6,0,1,17,0.04,0.58,14.8,24.5,357,3,29.5,22.4,25.7,20.1,15.6,0.083,0.183,0.265,0.268,0,0.0,0.0,0.0,0.0,0.0,0.0,0.0,0.0,0.0,0.0,0.0,0.0,0.0
39.191563,-9.160919,44.0,2006-05-30T00:00,19.3,79,15.5,19.0,0.0,0.0,0.0,0.0,0,1011.9,1006.7,3,0,0,10,0.03,0.48,14.5,24.1,353,358,27.4,21.7,25.4,20.1,15.6,0.083,0.183,0.265,0.268,0,0.0,0.0,0.0,0.0,0.0,0.0,0.0,0.0,0.0,0.0,0.0,0.0,0.0
39.191563,-9.160919,44.0,2006-05-30T01:00,18.7,83,15.7,18.4,0.0,0.0,0.0,0.0,0,1011.3,1006.1,0,0,0,0,0.02,0.37,15.3,24.9,352,357,26.3,21.0,25.1,20.1,15.6,0.083,0.183,0.265,0.268,0,0.0,0.0,0.0,0.0,0.0,0.0,0.0,0.0,0.0,0.0,0.0,0.0,0.0
39.191563,-9.160919,44.0,2006-05-30T02:00,18.2,85,15.7,17.9,0.0,0.0,0.0,0.0,0,1010.8,1005.6,3,3,0,0,0.02,0.31,15.3,24.9,351,355,25.2,20.4,24.9,20.1,15.6,0.083,0.183,0.265,0.268,0,0.0,0.0,0.0,0.0,0.0,0.0,0.0,0.0,0.0,0.0,0.0,0.0,0.0
39.191563,-9.160919,44.0,2006-05-30T03:00,17.8,87,15.6,17.5,0.0,0.0,0.0,0.0,0,1010.6,1005.4,2,2,0,0,0.01,0.26,14.6,23.5,350,355,25.2,19.9,24.6,20.1,15.6,0.083,0.183,0.265,0.268,0,0.0,0.0,0.0,0.0,0.0,0.0,0.0,0.0,0.0,0.0,0.0,0.0,0.0
39.191563,-9.160919,44.0,2006-05-30T04:00,17.4,89,15.5,17.3,0.0,0.0,0.0,0.0,0,1010.2,1005.0,6,7,0,0,0.0,0.23,12.8,21.1,349,352,24.5,19.4,24.3,20.1,15.6,0.083,0.183,0.265,0.268,0,0.0,0.0,0.0,0.0,0.0,0.0,0.0,0.0,0.0,0.0,0.0,0.0,0.0
39.191563,-9.160919,44.0,2006-05-30T05:00,17.0,90,15.4,17.3,0.0,0.0,0.0,0.0,0,1010.3,1005.1,6,7,0,0,0.0,0.19,10.7,17.9,346,351,22.3,19.0,24.0,20.1,15.6,0.083,0.183,0.265,0.268,0,0.0,0.0,0.0,0.0,0.0,0.0,0.0,0.0,0.0,0.0,0.0,0.0,0.0
39.191563,-9.160919,44.0,2006-05-30T06:00,16.9,90,15.3,17.2,0.0,0.0,0.0,0.0,0,1010.3,1005.1,4,4,0,0,0.02,0.19,10.1,14.3,343,348,19.4,18.8,23.7,20.2,15.6,0.083,0.183,0.265,0.268,1,355.26,22.0,10.0,12.0,100.0,22.0,74.3,50.2,22.8,27.4,179.1,28.0,169.7
39.191563,-9.160919,44.0,2006-05-30T07:00,17.6,87,15.4,18.1,0.0,0.0,0.0,0.0,0,1010.4,1005.2,0,0,0,0,0.08,0.26,8.5,10.2,332,337,16.2,20.0,23.5,20.2,15.6,0.083,0.183,0.265,0.268,1,3600.0,159.0,106.0,53.0,478.9,159.0,294.7,226.5,151.0,75.5,478.9,226.5,419.9
39.191563,-9.160919,44.0,2006-05-30T08:00,19.0,78,15.2,19.7,0.0,0.0,0.0,0.0,0,1010.3,1005.1,1,1,0,0,0.19,0.48,7.1,7.9,319,321,15.8,22.5,23.4,20.2,15.6,0.083,0.183,0.265,0.268,1,3600.0,354.0,277.0,77.0,679.6,354.0,542.6,432.3,338.3,94.0,679.6,432.3,662.7
39.191563,-9.160919,44.0,2006-05-30T09:00,20.6,70,15.0,21.2,0.0,0.0,0.0,0.0,0,1010.4,1005.2,0,0,0,0,0.32,0.73,7.0,7.7,305,307,17.3,25.6,23.4,20.2,15.6,0.083,0.183,0.265,0.268,1,3600.0,548.0,459.0,89.0,788.7,548.0,774.8,623.5,522.3,101.3,788.7,623.5,881.6
39.191563,-9.160919,44.0,2006-05-30T10:00,22.2,62,14.7,24.2,0.0,0.0,0.0,0.0,0,1010.7,1005.6,0,0,0,0,0.45,1.01,4.6,4.1,288,285,18.7,28.7,23.6,20.2,15.6,0.083,0.183,0.265,0.268,1,3600.0,722.0,624.0,98.0,851.7,722.0,975.4,785.8,679.2,106.7,851.7,785.8,1061.6
39.191563,-9.160919,44.0,2006-05-30T11:00,23.7,55,14.3,26.1,0.0,0.0,0.0,0.0,0,1010.7,1005.6,0,0,0,0,0.56,1.31,6.5,6.2,270,263,20.2,31.5,23.9,20.2,15.6,0.083,0.182,0.264,0.268,1,3600.0,860.0,754.0,106.0,887.7,860.0,1130.8,905.5,793.9,111.6,887.7,905.5,1190.6
39.191563,-9.160919,44.0,2006-05-30T12:00,24.9,50,13.9,27.2,0.0,0.0,0.0,0.0,0,1010.5,1005.4,0,0,0,0,0.63,1.57,8.7,8.8,263,258,22.0,33.7,24.2,20.2,15.6,0.083,0.182,0.264,0.268,1,3600.0,946.0,837.0,109.0,905.6,946.0,1230.4,968.5,856.9,111.6,905.6,968.5,1259.7
39.191563,-9.160919,44.0,2006-05-30T13:00,25.7,47,13.4,27.6,0.0,0.0,0.0,0.0,0,1010.3,1005.2,0,0,0,0,0.67,1.76,10.9,11.4,264,259,23.8,35.1,24.6,20.2,15.6,0.083,0.182,0.264,0.268,1,3600.0,982.0,874.0,108.0,918.0,982.0,1267.4,979.5,871.8,107.7,918.0,979.5,1264.2
39.191563,-9.160919,44.0,2006-05-30T14:00,26.0,44,12.9,27.3,0.0,0.0,0.0,0.0,0,1010.2,1005.1,0,0,0,0,0.66,1.86,12.3,13.4,265,262,25.9,35.7,24.9,20.2,15.6,0.082,0.182,0.264,0.268,1,3600.0,954.0,839.0,115.0,901.2,954.0,1239.4,926.7,815.0,111.7,901.2,926.7,1203.9
39.191563,-9.160919,44.0,2006-05-30T15:00,25.7,45,12.7,26.4,0.0,0.0,0.0,0.0,0,1009.8,1004.7,0,0,0,0,0.6,1.82,13.0,14.0,270,269,27.0,35.4,25.3,20.3,15.6,0.082,0.182,0.264,0.268,1,3600.0,869.0,756.0,113.0,876.5,869.0,1148.2,819.6,713.0,106.6,876.5,819.6,1082.8
39.191563,-9.160919,44.0,2006-05-30T16:00,24.9,48,13.0,24.9,0.0,0.0,0.0,0.0,0,1009.7,1004.6,0,0,0,0,0.51,1.65,13.1,14.6,279,280,27.0,34.4,25.6,20.3,15.6,0.082,0.181,0.264,0.268,1,3600.0,743.0,639.0,104.0,850.6,743.0,1000.0,675.6,581.0,94.6,850.6,675.6,909.3
39.191563,-9.160919,44.0,2006-05-30T17:00,23.8,53,13.5,23.1,0.0,0.0,0.0,0.0,0,1009.2,1004.1,0,0,0,0,0.39,1.39,13.1,15.2,291,292,26.3,32.8,25.8,20.3,15.6,0.082,0.181,0.263,0.268,1,3600.0,571.0,471.0,100.0,778.8,571.0,805.1,493.0,406.7,86.3,778.8,493.0,695.1
39.191563,-9.160919,44.0,2006-05-30T18:00,22.5,59,14.0,22.1,0.0,0.0,0.0,0.0,0,1009.3,1004.2,0,0,0,0,0.26,1.13,11.7,13.9,304,307,25.2,30.6,25.9,20.3,15.6,0.082,0.181,0.263,0.268,1,3600.0,382.0,301.0,81.0,694.9,382.0,576.6,301.4,237.5,63.9,694.9,301.4,454.9
39.191563,-9.160919,44.0,2006-05-30T19:00,20.9,66,14.3,20.9,0.0,0.0,0.0,0.0,0,1009.3,1004.2,1,0,0,2,0.13,0.84,9.7,12.0,315,321,22.0,28.0,25.9,20.3,15.6,0.082,0.181,0.263,0.268,1,3600.0,190.0,133.0,57.0,536.3,190.0,330.1,118.0,82.6,35.4,536.3,118.0,205.0
39.191563,-9.160919,44.0,2006-05-30T20:00,19.8,71,14.5,20.3,0.0,0.0,0.0,0.0,0,1009.2,1004.0,0,0,0,0,0.03,0.66,6.6,8.9,315,328,18.0,25.4,25.8,20.4,15.6,0.082,0.181,0.263,0.268,0,1419.35,37.0,19.0,18.0,167.8,37.0,91.8,0.0,0.0,0.0,0.0,0.0,0.0
39.191563,-9.160919,44.0,2006-05-30T21:00,19.1,76,14.7,20.1,0.0,0.0,0.0,0.0,0,1009.6,1004.4,0,0,0,0,0.0,0.54,3.4,5.5,302,328,11.5,23.3,25.6,20.4,15.7,0.082,0.181,0.263,0.268,0,0.0,0.0,0.0,0.0,0.0,0.0,0.0,0.0,0.0,0.0,0.0,0.0,0.0
39.191563,-9.160919,44.0,2006-05-30T22:00,18.6,79,14.8,19.7,0.0,0.0,0.0,0.0,0,1010.4,1005.2,0,0,0,0,0.0,0.45,3.4,2.2,252,261,5.8,21.9,25.3,20.4,15.7,0.083,0.181,0.263,0.268,0,0.0,0.0,0.0,0.0,0.0,0.0,0.0,0.0,0.0,0.0,0.0,0.0,0.0
39.191563,-9.160919,44.0,2006-05-30T23:00,18.0,83,15.0,19.1,0.0,0.0,0.0,0.0,0,1010.6,1005.4,0,0,0,0,0.0,0.36,4.1,5.4,218,200,6.1,20.6,25.0,20.4,15.7,0.083,0.181,0.263,0.268,0,0.0,0.0,0.0,0.0,0.0,0.0,0.0,0.0,0.0,0.0,0.0,0.0,0.0
39.191563,-9.160919,44.0,2006-05-31T00:00,17.5,86,15.2,18.3,0.0,0.0,0.0,0.0,0,1010.7,1005.5,1,1,0,0,0.0,0.28,6.2,10.3,201,192,7.9,19.7,24.7,20.4,15.7,0.083,0.181,0.263,0.268,0,0.0,0.0,0.0,0.0,0.0,0.0,0.0,0.0,0.0,0.0,0.0,0.0,0.0
39.191563,-9.160919,44.0,2006-05-31T01:00,17.1,89,15.2,17.6,0.0,0.0,0.0,0.0,0,1010.5,1005.3,5,6,0,0,0.0,0.22,8.5,14.2,192,189,10.4,19.0,24.4,20.4,15.7,0.083,0.181,0.263,0.268,0,0.0,0.0,0.0,0.0,0.0,0.0,0.0,0.0,0.0,0.0,0.0,0.0,0.0
39.191563,-9.160919,44.0,2006-05-31T02:00,16.8,90,15.2,17.0,0.0,0.0,0.0,0.0,0,1010.2,1005.0,13,14,0,0,0.0,0.19,10.2,15.6,190,188,11.9,18.5,24.1,20.4,15.7,0.083,0.181,0.263,0.268,0,0.0,0.0,0.0,0.0,0.0,0.0,0.0,0.0,0.0,0.0,0.0,0.0,0.0
39.191563,-9.160919,44.0,2006-05-31T03:00,16.6,92,15.2,16.7,0.0,0.0,0.0,0.0,1,1010.2,1005.0,38,42,0,0,0.0,0.16,10.9,15.6,188,187,14.0,18.2,23.8,20.4,15.7,0.083,0.181,0.263,0.268,0,0.0,0.0,0.0,0.0,0.0,0.0,0.0,0.0,0.0,0.0,0.0,0.0,0.0
39.191563,-9.160919,44.0,2006-05-31T04:00,16.4,94,15.3,16.5,0.0,0.0,0.0,0.0,2,1010.4,1005.2,56,62,0,0,0.0,0.12,11.2,15.1,182,180,14.8,17.9,23.5,20.5,15.7,0.083,0.181,0.263,0.268,0,0.0,0.0,0.0,0.0,0.0,0.0,0.0,0.0,0.0,0.0,0.0,0.0,0.0
39.191563,-9.160919,44.0,2006-05-31T05:00,16.3,94,15.4,16.6,0.0,0.0,0.0,0.0,2,1010.5,1005.3,61,68,0,0,0.0,0.11,10.2,13.8,172,171,14.8,17.8,23.2,20.5,15.7,0.083,0.181,0.263,0.268,0,0.0,0.0,0.0,0.0,0.0,0.0,0.0,0.0,0.0,0.0,0.0,0.0,0.0
39.191563,-9.160919,44.0,2006-05-31T06:00,16.6,93,15.5,17.0,0.0,0.0,0.0,0.0,2,1011.0,1005.8,74,82,0,0,0.01,0.13,9.6,12.2,160,161,15.1,17.9,23.0,20.5,15.7,0.083,0.181,0.263,0.268,1,87.29,19.0,7.0,12.0,69.6,19.0,75.0,43.3,16.0,27.4,124.2,24.3,171.1
39.191563,-9.160919,44.0,2006-05-31T07:00,17.3,84,14.6,17.1,0.0,0.0,0.0,0.0,2,1011.4,1006.2,65,72,0,0,0.07,0.31,11.1,13.5,151,151,18.7,19.1,22.8,20.5,15.7,0.083,0.181,0.263,0.268,1,3191.19,109.0,37.0,72.0,166.4,109.0,296.0,155.0,52.6,102.4,166.4,155.0,421.0
39.191563,-9.160919,44.0,2006-05-31T08:00,18.7,78,14.7,18.6,0.0,0.0,0.0,0.0,2,1011.7,1006.5,76,84,0,0,0.15,0.48,11.3,13.6,143,143,20.2,21.2,22.7,20.5,15.7,0.083,0.181,0.263,0.268,1,3600.0,260.0,151.0,109.0,369.7,260.0,543.6,317.4,184.3,133.0,369.7,317.4,663.5
39.191563,-9.160919,44.0,2006-05-31T09:00,20.2,73,15.2,20.4,0.0,0.0,0.0,0.0,2,1012.0,1006.8,76,85,0,0,0.23,0.64,10.7,13.2,138,137,20.9,23.3,22.7,20.5,15.7,0.083,0.181,0.263,0.268,1,3600.0,373.0,180.0,193.0,308.9,373.0,775.5,424.3,204.8,219.5,308.9,424.3,882.2
39.191563,-9.160919,44.0,2006-05-31T10:00,21.7,69,15.7,22.2,0.0,0.0,0.0,0.0,3,1012.6,1007.5,88,98,0,0,0.34,0.81,10.0,13.2,150,145,19.8,25.9,22.7,20.5,15.7,0.083,0.181,0.263,0.268,1,3600.0,534.0,322.0,212.0,439.1,534.0,975.9,581.1,350.4,230.7,439.1,581.1,1062.1
39.191563,-9.160919,44.0,2006-05-31T11:00,23.0,65,16.0,24.5,0.0,0.0,0.0,0.0,2,1012.6,1007.5,74,82,0,0,0.42,0.99,7.2,10.1,153,145,18.7,28.4,22.9,20.5,15.7,0.083,0.181,0.263,0.268,1,3600.0,648.0,353.0,295.0,415.3,648.0,1131.2,682.2,371.7,310.6,415.3,682.2,1191.0
39.191563,-9.160919,44.0,2006-05-31T12:00,23.7,60,15.6,26.0,0.0,0.0,0.0,0.0,2,1012.4,1007.3,76,84,0,0,0.45,1.16,2.9,5.3,173,152,20.5,30.1,23.2,20.5,15.7,0.084,0.181,0.263,0.268,1,3600.0,666.0,384.0,282.0,415.2,666.0,1230.9,681.9,393.1,288.7,415.2,681.9,1260.2
39.191563,-9.160919,44.0,2006-05-31T13:00,24.4,57,15.3,26.1,0.0,0.0,0.0,0.0,3,1012.4,1007.3,82,91,0,0,0.46,1.31,5.2,4.6,295,288,20.5,31.7,23.5,20.5,15.7,0.084,0.181,0.263,0.268,1,3600.0,671.0,387.0,284.0,406.2,671.0,1268.0,669.3,386.0,283.3,406.2,669.3,1264.9
39.191563,-9.160919,44.0,2006-05-31T14:00,23.7,59,15.3,24.0,0.0,0.0,0.0,0.0,2,1012.7,1007.6,72,80,0,0,0.43,1.19,13.2,14.8,299,299,30.2,31.6,23.8,20.5,15.7,0.084,0.181,0.263,0.268,1,3600.0,626.0,387.0,239.0,415.3,626.0,1240.1,608.2,376.0,232.2,415.3,608.2,1204.8
39.191563,-9.160919,44.0,2006-05-31T15:00,22.7,61,14.9,21.9,0.0,0.0,0.0,0.0,1,1012.8,1007.7,34,34,5,0,0.38,1.06,17.0,20.1,302,303,33.1,30.5,24.0,20.5,15.7,0.084,0.181,0.262,0.268,1,3600.0,569.0,336.0,233.0,389.1,569.0,1149.2,536.7,316.9,219.8,389.1,536.7,1084.0
39.191563,-9.160919,44.0,2006-05-31T16:00,22.2,61,14.2,21.2,0.0,0.0,0.0,0.0,0,1012.7,1007.6,11,11,2,0,0.38,1.06,16.9,20.5,304,304,32.4,29.8,24.2,20.5,15.7,0.084,0.18,0.262,0.268,1,3600.0,573.0,349.0,224.0,463.8,573.0,1001.4,521.2,317.4,203.7,463.8,521.2,910.8
39.191563,-9.160919,44.0,2006-05-31T17:00,22.0,58,13.4,20.6,0.0,0.0,0.0,0.0,0,1012.4,1007.3,12,13,0,0,0.35,1.1,16.5,20.3,306,307,30.6,29.2,24.3,20.5,15.7,0.084,0.18,0.262,0.268,1,3600.0,530.0,422.0,108.0,696.1,530.0,806.8,457.9,364.6,93.3,696.1,457.9,697.0
39.191563,-9.160919,44.0,2006-05-31T18:00,21.4,57,12.4,19.9,0.0,0.0,0.0,0.0,0,1012.6,1007.4,2,2,0,0,0.26,1.11,15.3,19.4,309,310,29.2,27.9,24.4,20.5,15.7,0.084,0.18,0.262,0.268,1,3600.0,367.0,282.0,85.0,648.5,367.0,578.6,290.0,222.8,67.2,648.5,290.0,457.2
39.191563,-9.160919,44.0,2006-05-31T19:00,20.0,66,13.3,19.0,0.0,0.0,0.0,0.0,0,1012.6,1007.4,1,1,0,0,0.14,0.8,14.1,18.6,310,313,27.0,25.9,24.4,20.5,15.7,0.084,0.18,0.262,0.268,1,3600.0,184.0,122.0,62.0,488.2,184.0,332.5,114.9,76.2,38.7,488.2,114.9,207.6
39.191563,-9.160919,44.0,2006-05-31T20:00,18.9,69,13.0,18.2,0.0,0.0,0.0,0.0,0,1012.6,1007.4,1,1,0,0,0.06,0.69,11.4,16.9,305,310,24.1,23.6,24.3,20.6,15.7,0.084,0.18,0.262,0.268,0,1199.66,35.0,17.0,18.0,148.8,35.0,93.1,0.0,0.0,0.0,0.0,0.0,0.0
39.191563,-9.160919,44.0,2006-05-31T21:00,18.2,72,13.0,17.8,0.0,0.0,0.0,0.0,0,1013.1,1007.9,2,2,0,0,0.02,0.59,9.3,15.7,298,307,18.7,21.9,24.1,20.6,15.7,0.084,0.18,0.262,0.268,0,0.0,0.0,0.0,0.0,0.0,0.0,0.0,0.0,0.0,0.0,0.0,0.0,0.0
39.191563,-9.160919,44.0,2006-05-31T22:00,17.8,73,12.9,17.6,0.0,0.0,0.0,0.0,0,1013.8,1008.6,0,0,0,0,0.02,0.54,7.7,12.6,281,294,15.5,20.7,23.9,20.6,15.7,0.084,0.18,0.262,0.268,0,0.0,0.0,0.0,0.0,0.0,0.0,0.0,0.0,0.0,0.0,0.0,0.0,0.0
39.191563,-9.160919,44.0,2006-05-31T23:00,17.3,76,13.0,17.2,0.0,0.0,0.0,0.0,0,1013.8,1008.6,0,0,0,0,0.01,0.48,7.2,12.5,267,282,13.0,19.8,23.7,20.6,15.8,0.084,0.18,0.262,0.268,0,0.0,0.0,0.0,0.0,0.0,0.0,0.0,0.0,0.0,0.0,0.0,0.0,0.0
39.191563,-9.160919,44.0,2006-06-01T00:00,16.9,79,13.2,16.9,0.0,0.0,0.0,0.0,0,1013.5,1008.3,0,0,0,0,0.01,0.41,6.7,12.2,254,270,12.2,19.0,23.4,20.6,15.8,0.084,0.18,0.262,0.268,0,0.0,0.0,0.0,0.0,0.0,0.0,0.0,0.0,0.0,0.0,0.0,0.0,0.0
39.191563,-9.160919,44.0,2006-06-01T01:00,16.5,82,13.4,16.5,0.0,0.0,0.0,0.0,0,1013.4,1008.2,0,0,0,0,0.0,0.33,7.1,10.0,240,257,11.9,18.2,23.2,20.6,15.8,0.084,0.18,0.262,0.268,0,0.0,0.0,0.0,0.0,0.0,0.0,0.0,0.0,0.0,0.0,0.0,0.0,0.0
39.191563,-9.160919,44.0,2006-06-01T02:00,15.8,88,13.8,16.2,0.0,0.0,0.0,0.0,0,1013.2,1007.9,0,0,0,0,0.0,0.22,5.8,7.4,210,231,10.1,17.5,22.9,20.6,15.8,0.084,0.18,0.262,0.268,0,0.0,0.0,0.0,0.0,0.0,0.0,0.0,0.0,0.0,0.0,0.0,0.0,0.0
39.191563,-9.160919,44.0,2006-06-01T03:00,15.4,90,13.8,15.6,0.0,0.0,0.0,0.0,0,1013.5,1008.2,0,0,0,0,0.0,0.17,6.5,7.9,180,196,10.1,16.9,22.6,20.6,15.8,0.084,0.18,0.262,0.268,0,0.0,0.0,0.0,0.0,0.0,0.0,0.0,0.0,0.0,0.0,0.0,0.0,0.0
39.191563,-9.160919,44.0,2006-06-01T04:00,15.0,92,13.7,15.2,0.0,0.0,0.0,0.0,0,1013.7,1008.4,0,0,0,0,0.0,0.14,7.1,9.0,165,180,10.1,16.3,22.3,20.6,15.8,0.084,0.18,0.262,0.268,0,0.0,0.0,0.0,0.0,0.0,0.0,0.0,0.0,0.0,0.0,0.0,0.0,0.0
39.191563,-9.160919,44.0,2006-06-01T05:00,14.8,92,13.6,15.0,0.0,0.0,0.0,0.0,0,1014.1,1008.8,2,2,0,0,0.0,0.13,6.8,9.7,162,178,11.5,15.9,22.0,20.6,15.8,0.084,0.18,0.262,0.268,0,0.0,0.0,0.0,0.0,0.0,0.0,0.0,0.0,0.0,0.0,0.0,0.0,0.0
39.191563,-9.160919,44.0,2006-06-01T06:00,14.8,93,13.7,14.9,0.0,0.0,0.0,0.0,1,1014.7,1009.4,29,32,0,0,0.01,0.12,6.8,10.0,148,167,11.2,15.8,21.8,20.6,15.8,0.085,0.18,0.262,0.268,1,452.05,23.0,11.0,12.0,108.8,23.0,75.7,52.4,25.1,27.3,193.3,29.5,172.5
39.191563,-9.160919,44.0,2006-06-01T07:00,16.3,88,14.3,16.7,0.0,0.0,0.0,0.0,0,1015.5,1010.2,11,12,0,0,0.06,0.23,7.2,10.6,143,152,14.0,18.1,21.6,20.6,15.8,0.085,0.18,0.262,0.268,1,3600.0,129.0,60.0,69.0,268.6,129.0,297.2,183.2,85.2,98.0,268.6,183.2,422.0
39.191563,-9.160919,44.0,2006-06-01T08:00,18.2,77,14.1,18.1,0.0,0.0,0.0,0.0,1,1016.1,1010.9,26,24,7,0,0.17,0.49,10.0,12.5,139,141,18.7,20.8,21.5,20.6,15.8,0.085,0.18,0.262,0.268,1,3600.0,313.0,208.0,105.0,508.3,313.0,544.5,381.9,253.8,128.1,508.3,381.9,664.2
39.191563,-9.160919,44.0,2006-06-01T09:00,19.7,70,14.1,19.2,0.0,0.0,0.0,0.0,1,1016.4,1011.2,49,50,6,0,0.25,0.69,12.5,16.4,141,140,23.4,22.7,21.6,20.6,15.8,0.085,0.18,0.262,0.267,1,3600.0,412.0,285.0,127.0,488.6,412.0,776.1,468.6,324.1,144.4,488.6,468.6,882.7
39.191563,-9.160919,44.0,2006-06-01T10:00,21.3,64,14.2,21.2,0.0,0.0,0.0,0.0,2,1017.2,1012.0,64,70,2,0,0.33,0.91,10.5,14.0,158,154,27.0,24.8,21.7,20.6,15.8,0.085,0.18,0.262,0.267,1,3600.0,510.0,322.0,188.0,438.8,510.0,976.4,555.0,350.4,204.6,438.8,555.0,1062.5
39.191563,-9.160919,44.0,2006-06-01T11:00,22.9,60,14.6,23.1,0.0,0.0,0.0,0.0,2,1017.5,1012.3,68,73,3,0,0.42,1.12,12.0,15.6,171,165,28.4,27.0,21.9,20.6,15.8,0.084,0.18,0.262,0.267,1,3600.0,642.0,414.0,228.0,486.7,642.0,1131.6,675.9,435.9,240.0,486.7,675.9,1191.4
39.191563,-9.160919,44.0,2006-06-01T12:00,24.0,57,14.9,24.5,0.0,0.0,0.0,0.0,2,1017.6,1012.5,76,83,3,0,0.48,1.29,13.0,16.9,185,179,31.7,28.7,22.1,20.6,15.8,0.084,0.18,0.262,0.267,1,3600.0,707.0,402.0,305.0,434.4,707.0,1231.3,723.9,411.6,312.3,434.4,723.9,1260.6
39.191563,-9.160919,44.0,2006-06-01T13:00,24.5,54,14.6,24.4,0.0,0.0,0.0,0.0,3,1018.0,1012.9,88,94,6,0,0.46,1.4,14.5,18.6,203,198,33.5,29.3,22.4,20.6,15.8,0.085,0.18,0.261,0.267,1,3600.0,645.0,314.0,331.0,329.3,645.0,1268.5,643.5,313.2,330.2,329.3,643.5,1265.5
39.191563,-9.160919,44.0,2006-06-01T14:00,24.4,54,14.5,23.8,0.0,0.0,0.0,0.0,2,1018.0,1012.9,64,66,8,0,0.44,1.4,15.8,19.3,221,217,31.7,29.6,22.7,20.6,15.8,0.085,0.18,0.261,0.267,1,3600.0,600.0,325.0,275.0,348.4,600.0,1240.9,583.0,315.8,267.2,348.4,583.0,1205.6
39.191563,-9.160919,44.0,2006-06-01T15:00,24.1,56,14.6,23.8,0.0,0.0,0.0,0.0,1,1018.1,1013.0,46,39,18,0,0.45,1.33,15.9,19.4,231,227,31.0,30.2,22.9,20.6,15.8,0.085,0.18,0.261,0.267,1,3600.0,658.0,380.0,278.0,439.5,658.0,1150.2,620.8,358.5,262.3,439.5,620.8,1085.2
39.191563,-9.160919,44.0,2006-06-01T16:00,22.9,59,14.5,22.4,0.0,0.0,0.0,0.0,1,1018.4,1013.2,39,30,20,0,0.38,1.15,14.4,18.1,233,229,32.4,29.7,23.2,20.6,15.8,0.084,0.18,0.261,0.267,1,3600.0,568.0,362.0,206.0,480.3,568.0,1002.7,516.8,329.4,187.4,480.3,516.8,912.3
39.191563,-9.160919,44.0,2006-06-01T17:00,22.0,60,14.0,21.3,0.0,0.0,0.0,0.0,1,1018.6,1013.4,26,20,14,0,0.31,1.05,13.6,17.0,238,234,31.7,28.6,23.3,20.6,15.8,0.084,0.179,0.261,0.267,1,3600.0,457.0,304.0,153.0,500.2,457.0,808.4,395.1,262.8,132.3,500.2,395.1,698.9
39.191563,-9.160919,44.0,2006-06-01T18:00,21.1,63,13.8,20.6,0.0,0.0,0.0,0.0,1,1019.0,1013.8,23,22,6,0,0.23,0.93,12.0,15.6,249,244,29.9,27.3,23.5,20.6,15.8,0.084,0.179,0.261,0.267,1,3600.0,342.0,239.0,103.0,547.5,342.0,580.7,270.6,189.1,81.5,547.5,270.6,459.4
39.191563,-9.160919,44.0,2006-06-01T19:00,20.0,67,13.6,19.8,0.0,0.0,0.0,0.0,1,1019.5,1014.3,28,22,14,0,0.12,0.78,9.5,12.3,261,255,22.7,25.4,23.5,20.6,15.8,0.084,0.179,0.261,0.267,1,3600.0,159.0,97.0,62.0,385.3,159.0,334.9,99.8,60.9,38.9,385.3,99.8,210.1
39.191563,-9.160919,44.0,2006-06-01T20:00,19.2,70,13.5,19.7,0.0,0.0,0.0,0.0,1,1020.5,1015.3,28,18,20,0,0.03,0.68,4.5,6.8,284,273,17.6,23.5,23.4,20.6,15.8,0.084,0.179,0.261,0.267,0,971.56,32.0,15.0,17.0,130.2,32.0,94.3,0.0,0.0,0.0,0.0,0.0,0.0
39.191563,-9.160919,44.0,2006-06-01T21:00,18.7,72,13.6,19.5,0.0,0.0,0.0,0.0,1,1020.9,1015.7,34,23,22,0,0.0,0.6,1.8,3.9,323,292,10.4,21.9,23.3,20.6,15.8,0.084,0.179,0.261,0.267,0,0.0,0.0,0.0,0.0,0.0,0.0,0.0,0.0,0.0,0.0,0.0,0.0,0.0
39.191563,-9.160919,44.0,2006-06-01T22:00,18.4,74,13.6,19.5,0.0,0.0,0.0,0.0,0,1020.9,1015.7,1,0,2,0,0.0,0.56,0.8,3.8,297,253,6.8,20.9,23.2,20.6,15.8,0.085,0.179,0.261,0.267,0,0.0,0.0,0.0,0.0,0.0,0.0,0.0,0.0,0.0,0.0,0.0,0.0,0.0
39.191563,-9.160919,44.0,2006-06-01T23:00,18.1,76,13.9,18.9,0.0,0.0,0.0,0.0,0,1021.3,1016.0,2,1,1,0,0.0,0.49,3.0,3.2,346,297,5.4,20.1,23.0,20.6,15.8,0.085,0.179,0.261,0.267,0,0.0,0.0,0.0,0.0,0.0,0.0,0.0,0.0,0.0,0.0,0.0,0.0,0.0
39.191563,-9.160919,44.0,2006-06-02T00:00,17.8,78,13.9,18.4,0.0,0.0,0.0,0.0,0,1021.2,1015.9,4,4,0,0,0.0,0.45,4.8,4.7,27,4,7.2,19.3,22.8,20.6,15.8,0.085,0.179,0.261,0.267,0,0.0,0.0,0.0,0.0,0.0,0.0,0.0,0.0,0.0,0.0,0.0,0.0,0.0
39.191563,-9.160919,44.0,2006-06-02T01:00,17.5,81,14.1,17.9,0.0,0.0,0.0,0.0,0,1021.5,1016.2,6,7,0,0,0.0,0.38,5.9,8.0,43,27,8.6,18.7,22.6,20.6,15.9,0.085,0.179,0.261,0.267,0,0.0,0.0,0.0,0.0,0.0,0.0,0.0,0.0,0.0,0.0,0.0,0.0,0.0
39.191563,-9.160919,44.0,2006-06-02T02:00,17.3,83,14.3,17.7,0.0,0.0,0.0,0.0,0,1021.2,1015.9,8,8,1,0,0.0,0.34,6.4,10.1,43,35,9.7,18.3,22.4,20.6,15.9,0.085,0.179,0.261,0.267,0,0.0,0.0,0.0,0.0,0.0,0.0,0.0,0.0,0.0,0.0,0.0,0.0,0.0
39.191563,-9.160919,44.0,2006-06-02T03:00,16.8,87,14.6,17.4,0.0,0.0,0.0,0.0,0,1021.2,1015.9,4,4,0,0,0.0,0.26,6.1,10.6,45,35,9.7,17.8,22.2,20.6,15.9,0.085,0.179,0.261,0.267,0,0.0,0.0,0.0,0.0,0.0,0.0,0.0,0.0,0.0,0.0,0.0,0.0,0.0
39.191563,-9.160919,44.0,2006-06-02T04:00,16.3,90,14.7,16.9,0.0,0.0,0.0,0.0,0,1021.1,1015.8,4,5,0,0,0.0,0.19,6.6,11.4,41,35,9.0,17.3,21.9,20.6,15.9,0.085,0.179,0.261,0.267,0,0.0,0.0,0.0,0.0,0.0,0.0,0.0,0.0,0.0,0.0,0.0,0.0,0.0
39.191563,-9.160919,44.0,2006-06-02T05:00,16.0,91,14.6,16.7,0.0,0.0,0.0,0.0,0,1021.2,1015.9,5,6,0,0,0.0,0.16,5.7,11.3,35,31,9.0,16.9,21.7,20.6,15.9,0.085,0.179,0.261,0.267,0,0.0,0.0,0.0,0.0,0.0,0.0,0.0,0.0,0.0,0.0,0.0,0.0,0.0
39.191563,-9.160919,44.0,2006-06-02T06:00,16.1,91,14.7,16.8,0.0,0.0,0.0,0.0,0,1021.4,1016.1,4,5,0,0,0.01,0.16,6.0,11.4,25,24,9.0,16.9,21.5,20.6,15.9,0.085,0.179,0.261,0.267,1,269.81,21.0,9.0,12.0,88.6,21.0,76.3,47.8,20.5,27.3,156.9,27.0,173.7
39.191563,-9.160919,44.0,2006-06-02T07:00,18.6,77,14.4,19.0,0.0,0.0,0.0,0.0,0,1021.8,1016.6,4,4,0,0,0.09,0.5,7.0,11.3,21,22,12.6,18.8,21.4,20.6,15.9,0.085,0.179,0.261,0.267,1,3600.0,153.0,97.0,56.0,432.6,153.0,298.2,217.0,137.6,79.4,432.6,217.0,422.9
39.191563,-9.160919,44.0,2006-06-02T08:00,20.6,65,13.8,20.5,0.0,0.0,0.0,0.0,0,1022.0,1016.8,2,2,0,0,0.21,0.85,9.3,12.3,16,21,17.3,21.8,21.4,20.6,15.9,0.085,0.179,0.261,0.267,1,3600.0,336.0,253.0,83.0,617.2,336.0,545.2,409.7,308.5,101.2,617.2,409.7,664.9
39.191563,-9.160919,44.0,2006-06-02T09:00,22.2,59,13.9,21.9,0.0,0.0,0.0,0.0,0,1022.2,1017.0,1,1,0,0,0.34,1.09,10.6,13.6,10,17,20.9,24.8,21.5,20.6,15.9,0.085,0.179,0.261,0.267,1,3600.0,527.0,427.0,100.0,731.2,527.0,776.7,599.3,485.6,113.7,731.2,599.3,883.2
39.191563,-9.160919,44.0,2006-06-02T10:00,23.5,56,14.3,24.3,0.0,0.0,0.0,0.0,0,1022.2,1017.0,0,0,0,0,0.45,1.27,10.3,12.8,12,22,23.0,27.6,21.7,20.6,15.9,0.085,0.179,0.261,0.267,1,3600.0,695.0,579.0,116.0,788.4,695.0,976.8,756.2,630.0,126.2,788.4,756.2,1062.9
39.191563,-9.160919,44.0,2006-06-02T11:00,24.6,53,14.5,25.9,0.0,0.0,0.0,0.0,0,1021.8,1016.7,0,0,0,0,0.55,1.44,11.9,14.3,360,10,26.6,30.2,22.1,20.6,15.9,0.085,0.179,0.26,0.267,1,3600.0,830.0,709.0,121.0,833.0,830.0,1132.0,873.8,746.4,127.4,833.0,873.8,1191.7
39.191563,-9.160919,44.0,2006-06-02T12:00,25.2,52,14.6,26.5,0.0,0.0,0.0,0.0,0,1021.7,1016.6,6,1,8,0,0.61,1.54,14.1,17.0,356,4,31.3,32.0,22.4,20.6,15.9,0.084,0.179,0.26,0.267,1,3600.0,908.0,749.0,159.0,808.8,908.0,1231.6,929.7,766.9,162.8,808.8,929.7,1261.1
39.191563,-9.160919,44.0,2006-06-02T13:00,25.2,51,14.5,25.7,0.0,0.0,0.0,0.0,0,1021.4,1016.3,8,0,14,0,0.58,1.55,17.1,20.9,353,360,34.6,32.4,22.8,20.6,15.9,0.084,0.179,0.26,0.267,1,3600.0,845.0,680.0,165.0,712.7,845.0,1269.0,843.0,678.4,164.6,712.7,843.0,1266.1
39.191563,-9.160919,44.0,2006-06-02T14:00,25.1,51,14.3,25.1,0.0,0.0,0.0,0.0,0,1021.0,1015.9,9,0,15,0,0.57,1.56,19.7,24.9,351,356,37.1,32.5,23.2,20.6,15.9,0.084,0.179,0.26,0.267,1,3600.0,839.0,681.0,158.0,729.5,839.0,1241.6,815.3,661.7,153.5,729.5,815.3,1206.5
39.191563,-9.160919,44.0,2006-06-02T15:00,24.5,51,13.8,23.3,0.0,0.0,0.0,0.0,0,1020.5,1015.4,10,0,16,0,0.49,1.5,21.6,27.9,349,353,38.5,31.6,23.5,20.6,15.9,0.084,0.178,0.26,0.267,1,3600.0,694.0,504.0,190.0,582.3,694.0,1151.2,654.9,475.6,179.3,582.3,654.9,1086.3
39.191563,-9.160919,44.0,2006-06-02T16:00,24.1,51,13.2,22.2,0.0,0.0,0.0,0.0,0,1020.5,1015.4,6,0,10,0,0.46,1.48,23.0,30.1,350,352,39.6,30.9,23.7,20.6,15.9,0.084,0.178,0.26,0.267,1,3600.0,649.0,529.0,120.0,700.7,649.0,1004.0,590.7,481.5,109.2,700.7,590.7,913.8
39.191563,-9.160919,44.0,2006-06-02T17:00,23.5,51,12.7,21.0,0.0,0.0,0.0,0.0,0,1020.2,1015.0,8,0,13,0,0.39,1.42,22.9,30.8,352,354,39.6,29.8,23.9,20.6,15.9,0.084,0.178,0.26,0.267,1,3600.0,529.0,427.0,102.0,701.0,529.0,810.1,457.6,369.3,88.2,701.0,457.6,700.7
39.191563,-9.160919,44.0,2006-06-02T18:00,22.5,52,12.3,19.9,0.0,0.0,0.0,0.0,0,1020.0,1014.8,2,0,4,0,0.28,1.29,22.4,30.7,354,357,38.9,28.0,24.0,20.6,15.9,0.084,0.178,0.26,0.267,1,3600.0,325.0,235.0,90.0,536.4,325.0,582.7,257.4,186.1,71.3,536.4,257.4,461.5
39.191563,-9.160919,44.0,2006-06-02T19:00,21.9,51,11.4,19.2,0.0,0.0,0.0,0.0,0,1020.1,1014.9,4,0,7,0,0.2,1.28,21.3,30.2,357,360,37.1,26.2,24.0,20.6,15.9,0.084,0.178,0.26,0.267,1,3600.0,175.0,116.0,59.0,457.4,175.0,337.2,110.3,73.1,37.2,457.4,110.3,212.6
39.191563,-9.160919,44.0,2006-06-02T20:00,20.5,55,11.2,17.9,0.0,0.0,0.0,0.0,0,1020.2,1015.0,3,0,5,0,0.12,1.09,20.2,31.7,359,2,34.9,24.1,24.0,20.6,15.9,0.084,0.178,0.26,0.267,0,1467.07,37.0,19.0,18.0,163.6,37.0,95.5,0.0,0.0,0.0,0.0,0.0,0.0
39.191563,-9.160919,44.0,2006-06-02T21:00,19.6,58,11.0,17.1,0.0,0.0,0.0,0.0,0,1020.4,1015.2,2,0,3,0,0.1,0.97,19.1,31.4,360,4,32.4,22.5,23.9,20.6,15.9,0.084,0.178,0.26,0.267,0,0.0,0.0,0.0,0.0,0.0,0.0,0.0,0.0,0.0,0.0,0.0,0.0,0.0
39.191563,-9.160919,44.0,2006-06-02T22:00,19.1,59,10.9,16.8,0.0,0.0,0.0,0.0,0,1020.9,1015.7,0,0,0,0,0.08,0.91,17.6,29.7,1,6,30.6,21.3,23.7,20.6,15.9,0.084,0.178,0.26,0.267,0,0.0,0.0,0.0,0.0,0.0,0.0,0.0,0.0,0.0,0.0,0.0,0.0,0.0
39.191563,-9.160919,44.0,2006-06-02T23:00,18.8,60,10.7,16.4,0.0,0.0,0.0,0.0,0,1020.6,1015.4,0,0,0,0,0.08,0.88,17.6,30.0,360,6,29.2,20.4,23.5,20.6,15.9,0.084,0.178,0.26,0.267,0,0.0,0.0,0.0,0.0,0.0,0.0,0.0,0.0,0.0,0.0,0.0,0.0,0.0
39.191563,-9.160919,44.0,2006-06-03T00:00,18.4,61,10.8,16.1,0.0,0.0,0.0,0.0,0,1020.4,1015.2,0,0,0,0,0.07,0.81,16.9,29.6,358,3,27.4,19.7,23.3,20.6,15.9,0.084,0.178,0.259,0.267,0,0.0,0.0,0.0,0.0,0.0,0.0,0.0,0.0,0.0,0.0,0.0,0.0,0.0
39.191563,-9.160919,44.0,2006-06-03T01:00,18.0,64,11.0,15.8,0.0,0.0,0.0,0.0,0,1019.9,1014.6,0,0,0,0,0.07,0.75,17.0,29.5,356,2,25.2,19.1,23.1,20.6,15.9,0.084,0.178,0.259,0.267,0,0.0,0.0,0.0,0.0,0.0,0.0,0.0,0.0,0.0,0.0,0.0,0.0,0.0
39.191563,-9.160919,44.0,2006-06-03T02:00,17.6,67,11.5,15.6,0.0,0.0,0.0,0.0,0,1019.5,1014.2,0,0,0,0,0.06,0.65,16.6,29.5,358,2,24.5,18.6,22.9,20.6,15.9,0.084,0.178,0.259,0.267,0,0.0,0.0,0.0,0.0,0.0,0.0,0.0,0.0,0.0,0.0,0.0,0.0,0.0
39.191563,-9.160919,44.0,2006-06-03T03:00,17.3,71,11.9,15.4,0.0,0.0,0.0,0.0,0,1019.3,1014.0,0,0,0,0,0.05,0.58,16.9,29.9,359,3,24.1,18.1,22.6,20.6,16.0,0.084,0.178,0.259,0.267,0,0.0,0.0,0.0,0.0,0.0,0.0,0.0,0.0,0.0,0.0,0.0,0.0,0.0
39.191563,-9.160919,44.0,2006-06-03T04:00,17.0,74,12.3,15.2,0.0,0.0,0.0,0.0,0,1019.1,1013.8,2,2,0,0,0.04,0.5,17.3,30.1,2,6,23.8,17.7,22.4,20.6,16.0,0.084,0.178,0.259,0.267,0,0.0,0.0,0.0,0.0,0.0,0.0,0.0,0.0,0.0,0.0,0.0,0.0,0.0
39.191563,-9.160919,44.0,2006-06-03T05:00,16.8,77,12.7,15.1,0.0,0.0,0.0,0.0,0,1018.8,1013.5,1,1,0,0,0.04,0.44,17.4,30.3,6,10,22.7,17.4,22.2,20.6,16.0,0.084,0.178,0.259,0.267,0,0.0,0.0,0.0,0.0,0.0,0.0,0.0,0.0,0.0,0.0,0.0,0.0,0.0
39.191563,-9.160919,44.0,2006-06-03T06:00,16.9,78,13.0,15.3,0.0,0.0,0.0,0.0,0,1019.1,1013.8,1,1,0,0,0.05,0.42,17.3,28.6,12,17,21.6,17.4,22.0,20.6,16.0,0.084,0.178,0.259,0.267,1,552.31,25.0,12.0,13.0,117.7,25.0,76.8,56.9,27.3,29.6,207.7,32.2,174.8
39.191563,-9.160919,44.0,2006-06-03T07:00,18.9,67,12.6,17.4,0.0,0.0,0.0,0.0,0,1019.0,1013.8,0,0,0,0,0.13,0.73,15.8,25.0,21,28,26.6,18.8,21.8,20.6,16.0,0.084,0.178,0.259,0.267,1,3600.0,166.0,112.0,54.0,497.8,166.0,299.2,235.1,158.6,76.5,497.8,235.1,423.7
39.191563,-9.160919,44.0,2006-06-03T08:00,21.8,48,10.2,19.7,0.0,0.0,0.0,0.0,0,1019.3,1014.1,0,0,0,0,0.27,1.36,14.4,20.1,37,43,26.6,21.6,21.8,20.6,16.0,0.084,0.178,0.259,0.267,1,3600.0,357.0,279.0,78.0,679.6,357.0,545.9,435.2,340.1,95.1,679.6,435.2,665.4
39.191563,-9.160919,44.0,2006-06-03T09:00,24.2,35,7.8,21.7,0.0,0.0,0.0,0.0,0,1019.2,1014.1,0,0,0,0,0.41,1.97,13.6,18.8,50,58,28.1,24.8,21.9,20.6,16.0,0.084,0.178,0.259,0.267,1,3600.0,552.0,459.0,93.0,785.4,552.0,777.1,627.6,521.9,105.7,785.4,627.6,883.5
39.191563,-9.160919,44.0,2006-06-03T10:00,25.9,32,7.8,24.7,0.0,0.0,0.0,0.0,0,1019.2,1014.1,0,0,0,0,0.53,2.28,11.2,15.4,42,53,27.4,27.9,22.1,20.6,16.0,0.084,0.178,0.259,0.267,1,3600.0,727.0,624.0,103.0,849.1,727.0,977.1,791.0,678.9,112.1,849.1,791.0,1063.1
39.191563,-9.160919,44.0,2006-06-03T11:00,27.3,30,8.1,26.9,0.0,0.0,0.0,0.0,0,1019.0,1013.9,0,0,0,0,0.64,2.54,11.4,15.1,28,40,27.0,30.8,22.4,20.6,16.0,0.084,0.178,0.259,0.267,1,3600.0,865.0,754.0,111.0,885.4,865.0,1132.2,910.7,793.8,116.9,885.4,910.7,1192.0
39.191563,-9.160919,44.0,2006-06-03T12:00,28.5,28,8.2,28.4,0.0,0.0,0.0,0.0,0,1018.9,1013.8,0,0,0,0,0.72,2.81,12.8,16.1,16,27,27.0,33.4,22.8,20.6,16.0,0.083,0.178,0.259,0.267,1,3600.0,955.0,839.0,116.0,905.5,955.0,1231.9,977.8,859.1,118.8,905.5,977.8,1261.4
39.191563,-9.160919,44.0,2006-06-03T13:00,29.4,26,8.0,29.1,0.0,0.0,0.0,0.0,0,1018.6,1013.6,0,0,0,0,0.76,3.03,14.8,18.9,6,14,27.7,35.3,23.3,20.6,16.0,0.083,0.177,0.259,0.267,1,3600.0,988.0,870.0,118.0,911.2,988.0,1269.5,985.8,868.1,117.7,911.2,985.8,1266.6
39.191563,-9.160919,44.0,2006-06-03T14:00,29.9,25,7.9,28.7,0.0,0.0,0.0,0.0,0,1018.2,1013.2,0,0,0,0,0.77,3.14,18.4,23.5,358,4,32.4,36.3,23.8,20.6,16.0,0.083,0.177,0.258,0.267,1,3600.0,964.0,847.0,117.0,906.5,964.0,1242.2,936.9,823.2,113.7,906.5,936.9,1207.3
39.191563,-9.160919,44.0,2006-06-03T15:00,29.6,27,8.5,27.6,0.0,0.0,0.0,0.0,0,1017.8,1012.8,0,0,0,0,0.73,3.04,21.8,28.5,351,356,37.8,36.2,24.2,20.7,16.0,0.082,0.177,0.258,0.267,1,3600.0,884.0,771.0,113.0,889.7,884.0,1152.1,834.4,727.7,106.7,889.7,834.4,1087.4
39.191563,-9.160919,44.0,2006-06-03T16:00,28.5,30,9.2,25.7,0.0,0.0,0.0,0.0,0,1017.8,1012.7,0,0,0,0,0.64,2.73,24.1,32.6,350,354,42.8,34.9,24.6,20.7,16.0,0.082,0.177,0.258,0.267,1,3600.0,754.0,649.0,105.0,858.3,754.0,1005.3,686.5,590.9,95.6,858.3,686.5,915.2
39.191563,-9.160919,44.0,2006-06-03T17:00,27.3,32,9.1,23.6,0.0,0.0,0.0,0.0,0,1017.6,1012.5,0,0,0,0,0.52,2.47,24.5,34.1,350,353,43.6,33.1,24.9,20.7,16.0,0.082,0.177,0.258,0.267,1,3600.0,585.0,490.0,95.0,802.6,585.0,811.7,506.3,424.1,82.2,802.6,506.3,702.5
39.191563,-9.160919,44.0,2006-06-03T18:00,25.8,35,9.1,22.0,0.0,0.0,0.0,0.0,0,1017.4,1012.3,0,0,0,0,0.39,2.16,24.0,34.4,351,354,42.8,30.9,25.0,20.7,16.0,0.082,0.177,0.258,0.267,1,3600.0,393.0,313.0,80.0,711.8,393.0,584.6,311.7,248.2,63.4,711.8,311.7,463.7
39.191563,-9.160919,44.0,2006-06-03T19:00,23.9,42,10.3,20.6,0.0,0.0,0.0,0.0,0,1017.6,1012.5,0,0,0,0,0.26,1.71,22.8,34.9,355,358,39.2,28.4,25.1,20.7,16.0,0.082,0.177,0.258,0.267,1,3600.0,199.0,141.0,58.0,552.1,199.0,339.5,126.0,89.3,36.7,552.1,126.0,215.0
39.191563,-9.160919,44.0,2006-06-03T20:00,22.1,49,10.8,19.1,0.0,0.0,0.0,0.0,0,1017.7,1012.5,0,0,0,0,0.15,1.36,22.0,35.3,360,2,37.1,25.9,25.1,20.7,16.0,0.082,0.177,0.258,0.267,0,1737.88,42.0,23.0,19.0,196.4,42.0,96.7,0.0,0.0,0.0,0.0,0.0,0.0
39.191563,-9.160919,44.0,2006-06-03T21:00,21.0,55,11.6,18.4,0.0,0.0,0.0,0.0,0,1018.1,1012.9,0,0,0,0,0.11,1.11,21.0,34.8,5,7,34.6,23.9,24.9,20.7,16.0,0.082,0.177,0.258,0.267,0,0.0,0.0,0.0,0.0,0.0,0.0,0.0,0.0,0.0,0.0,0.0,0.0,0.0
39.191563,-9.160919,44.0,2006-06-03T22:00,20.4,59,12.1,18.4,0.0,0.0,0.0,0.0,0,1018.7,1013.5,0,0,0,0,0.09,0.99,18.1,31.7,7,9,33.1,22.6,24.8,20.7,16.0,0.082,0.177,0.258,0.267,0,0.0,0.0,0.0,0.0,0.0,0.0,0.0,0.0,0.0,0.0,0.0,0.0,0.0
39.191563,-9.160919,44.0,2006-06-03T23:00,20.0,61,12.3,18.2,0.0,0.0,0.0,0.0,0,1018.2,1013.0,0,0,0,0,0.08,0.91,17.1,30.8,8,11,31.7,21.7,24.6,20.8,16.0,0.083,0.177,0.258,0.267,0,0.0,0.0,0.0,0.0,0.0,0.0,0.0,0.0,0.0,0.0,0.0,0.0,0.0
39.191563,-9.160919,44.0,2006-06-04T00:00,19.6,63,12.4,18.0,0.0,0.0,0.0,0.0,0,1017.9,1012.7,0,0,0,0,0.07,0.85,15.8,28.6,12,15,29.2,20.9,24.4,20.8,16.0,0.083,0.177,0.258,0.267,0,0.0,0.0,0.0,0.0,0.0,0.0,0.0,0.0,0.0,0.0,0.0,0.0,0.0
39.191563,-9.160919,44.0,2006-06-04T01:00,19.2,65,12.5,18.0,0.0,0.0,0.0,0.0,0,1017.6,1012.4,0,0,0,0,0.06,0.78,13.9,26.4,17,20,25.6,20.3,24.1,20.8,16.0,0.083,0.177,0.258,0.267,0,0.0,0.0,0.0,0.0,0.0,0.0,0.0,0.0,0.0,0.0,0.0,0.0,0.0
39.191563,-9.160919,44.0,2006-06-04T02:00,18.8,66,12.4,17.8,0.0,0.0,0.0,0.0,0,1017.2,1012.0,0,0,0,0,0.05,0.74,12.3,24.0,21,28,22.0,19.7,23.9,20.8,16.0,0.083,0.177,0.258,0.267,0,0.0,0.0,0.0,0.0,0.0,0.0,0.0,0.0,0.0,0.0,0.0,0.0,0.0
39.191563,-9.160919,44.0,2006-06-04T03:00,18.5,65,11.9,17.6,0.0,0.0,0.0,0.0,0,1017.0,1011.8,0,0,0,0,0.04,0.74,10.3,20.7,29,40,18.7,19.1,23.7,20.8,16.0,0.083,0.177,0.258,0.267,0,0.0,0.0,0.0,0.0,0.0,0.0,0.0,0.0,0.0,0.0,0.0,0.0,0.0
39.191563,-9.160919,44.0,2006-06-04T04:00,18.2,62,10.7,17.0,0.0,0.0,0.0,0.0,0,1016.8,1011.6,0,0,0,0,0.04,0.8,9.2,18.7,45,60,16.2,18.5,23.4,20.8,16.0,0.083,0.177,0.258,0.267,0,0.0,0.0,0.0,0.0,0.0,0.0,0.0,0.0,0.0,0.0,0.0,0.0,0.0
39.191563,-9.160919,44.0,2006-06-04T05:00,18.0,55,8.7,16.4,0.0,0.0,0.0,0.0,0,1016.8,1011.6,0,0,0,0,0.04,0.94,8.4,19.3,70,81,15.8,17.9,23.1,20.8,16.1,0.083,0.177,0.258,0.267,0,0.0,0.0,0.0,0.0,0.0,0.0,0.0,0.0,0.0,0.0,0.0,0.0,0.0
39.191563,-9.160919,44.0,2006-06-04T06:00,18.5,45,6.4,16.1,0.0,0.0,0.0,0.0,0,1017.3,1012.1,0,0,0,0,0.09,1.17,10.4,22.1,90,97,17.6,17.8,22.9,20.8,16.1,0.083,0.177,0.258,0.267,1,650.86,26.0,13.0,13.0,127.0,26.0,77.3,59.1,29.6,29.6,223.5,33.6,175.8
39.191563,-9.160919,44.0,2006-06-04T07:00,20.5,39,6.2,17.5,0.0,0.0,0.0,0.0,0,1017.6,1012.4,0,0,0,0,0.18,1.47,13.9,24.6,107,108,23.0,19.5,22.7,20.8,16.1,0.083,0.177,0.258,0.267,1,3600.0,170.0,116.0,54.0,514.0,170.0,300.0,240.5,164.1,76.4,514.0,240.5,424.4
39.191563,-9.160919,44.0,2006-06-04T08:00,23.1,30,4.6,19.4,0.0,0.0,0.0,0.0,0,1017.9,1012.8,0,0,0,0,0.32,1.98,16.5,24.3,113,114,29.5,22.4,22.7,20.8,16.1,0.083,0.177,0.258,0.267,1,3600.0,363.0,286.0,77.0,695.7,363.0,546.4,442.3,348.5,93.8,695.7,442.3,665.9
39.191563,-9.160919,44.0,2006-06-04T09:00,25.1,28,5.5,21.4,0.0,0.0,0.0,0.0,0,1018.2,1013.1,0,0,0,0,0.46,2.28,17.7,24.3,123,122,32.4,25.4,22.7,20.8,16.1,0.083,0.176,0.257,0.267,1,3600.0,559.0,466.0,93.0,796.7,559.0,777.5,635.5,529.7,105.7,796.7,635.5,883.8
39.191563,-9.160919,44.0,2006-06-04T10:00,26.7,30,7.6,25.3,0.0,0.0,0.0,0.0,0,1018.5,1013.4,0,0,0,0,0.55,2.45,12.2,16.8,135,132,32.8,28.4,22.9,20.8,16.1,0.083,0.176,0.257,0.267,1,3600.0,733.0,629.0,104.0,855.5,733.0,977.3,797.5,684.4,113.2,855.5,797.5,1063.3
39.191563,-9.160919,44.0,2006-06-04T11:00,27.8,32,9.4,27.8,0.0,0.0,0.0,0.0,0,1018.5,1013.4,0,0,0,0,0.64,2.56,11.2,14.8,159,151,32.8,31.1,23.2,20.8,16.1,0.083,0.176,0.257,0.267,1,3600.0,869.0,755.0,114.0,886.2,869.0,1132.4,914.9,794.9,120.0,886.2,914.9,1192.2
39.191563,-9.160919,44.0,2006-06-04T12:00,28.6,32,10.5,29.4,0.0,0.0,0.0,0.0,0,1018.1,1013.0,0,0,0,0,0.71,2.64,10.9,14.1,186,174,31.3,33.5,23.6,20.8,16.1,0.082,0.176,0.257,0.267,1,3600.0,957.0,840.0,117.0,906.1,957.0,1232.2,979.9,860.1,119.8,906.1,979.9,1261.7
39.191563,-9.160919,44.0,2006-06-04T13:00,28.9,33,11.1,29.9,0.0,0.0,0.0,0.0,0,1017.8,1012.7,0,0,0,1,0.74,2.66,11.8,14.2,207,196,30.2,35.1,24.0,20.8,16.1,0.082,0.176,0.257,0.267,1,3600.0,989.0,870.0,119.0,910.6,989.0,1269.9,986.9,868.1,118.7,910.6,986.9,1267.1
39.191563,-9.160919,44.0,2006-06-04T14:00,28.4,37,12.2,29.4,0.0,0.0,0.0,0.0,0,1017.3,1012.2,4,0,0,14,0.71,2.44,13.0,15.6,228,220,33.1,35.8,24.4,20.8,16.1,0.082,0.176,0.257,0.267,1,3600.0,962.0,840.0,122.0,898.3,962.0,1242.9,935.0,816.5,118.6,898.3,935.0,1208.0
39.191563,-9.160919,44.0,2006-06-04T15:00,27.6,40,12.7,28.0,0.0,0.0,0.0,0.0,0,1016.8,1011.7,8,0,0,27,0.64,2.21,15.1,18.6,245,238,35.3,35.5,24.8,20.8,16.1,0.082,0.175,0.256,0.267,1,3600.0,879.0,763.0,116.0,879.5,879.0,1153.0,829.8,720.3,109.5,879.5,829.8,1088.5
39.191563,-9.160919,44.0,2006-06-04T16:00,26.6,42,12.6,26.1,0.0,0.0,0.0,0.0,0,1016.9,1011.8,7,0,0,23,0.55,2.02,16.2,21.1,257,253,35.6,34.5,25.1,20.8,16.1,0.082,0.175,0.256,0.267,1,3600.0,749.0,642.0,107.0,847.8,749.0,1006.5,682.1,584.7,97.4,847.8,682.1,916.7
39.191563,-9.160919,44.0,2006-06-04T17:00,25.5,44,12.4,23.9,0.0,0.0,0.0,0.0,0,1016.3,1011.2,8,0,0,28,0.44,1.82,16.6,22.1,266,263,34.9,32.8,25.4,20.9,16.1,0.082,0.175,0.256,0.267,1,3600.0,582.0,486.0,96.0,794.2,582.0,813.3,504.0,420.8,83.1,794.2,504.0,704.3
39.191563,-9.160919,44.0,2006-06-04T18:00,24.1,48,12.5,22.5,0.0,0.0,0.0,0.0,0,1016.5,1011.4,11,0,0,37,0.31,1.55,15.9,21.7,276,275,32.8,30.7,25.5,20.9,16.1,0.082,0.175,0.256,0.267,1,3600.0,390.0,308.0,82.0,697.9,390.0,586.6,309.7,244.6,65.1,697.9,309.7,465.7
39.191563,-9.160919,44.0,2006-06-04T19:00,22.5,58,14.0,21.8,0.0,0.0,0.0,0.0,0,1016.7,1011.5,11,0,0,37,0.17,1.13,13.4,18.8,290,287,27.7,28.3,25.5,20.9,16.1,0.082,0.175,0.256,0.267,1,3600.0,198.0,139.0,59.0,540.6,198.0,341.7,126.0,88.4,37.5,540.6,126.0,217.4
39.191563,-9.160919,44.0,2006-06-04T20:00,21.0,67,14.6,20.9,0.0,0.0,0.0,0.0,0,1016.8,1011.6,14,0,0,48,0.06,0.83,11.0,17.5,308,302,23.0,25.8,25.5,20.9,16.1,0.082,0.175,0.256,0.267,0,1775.1,42.0,22.0,20.0,186.5,42.0,97.9,0.0,0.0,0.0,0.0,0.0,0.0
39.191563,-9.160919,44.0,2006-06-04T21:00,19.9,75,15.3,20.3,0.0,0.0,0.0,0.0,0,1017.2,1012.0,14,0,0,48,0.02,0.59,9.6,16.6,326,318,18.4,23.7,25.3,20.9,16.1,0.082,0.175,0.256,0.267,0,0.0,0.0,0.0,0.0,0.0,0.0,0.0,0.0,0.0,0.0,0.0,0.0,0.0
39.191563,-9.160919,44.0,2006-06-04T22:00,19.2,79,15.5,20.0,0.0,0.0,0.0,0.0,0,1017.7,1012.5,16,0,0,53,0.01,0.46,7.3,13.8,340,332,16.6,22.3,25.1,20.9,16.1,0.082,0.175,0.256,0.267,0,0.0,0.0,0.0,0.0,0.0,0.0,0.0,0.0,0.0,0.0,0.0,0.0,0.0
39.191563,-9.160919,44.0,2006-06-04T23:00,18.7,82,15.5,19.8,0.0,0.0,0.0,0.0,0,1017.6,1012.4,14,0,0,47,0.0,0.4,5.4,13.2,340,334,12.2,21.2,24.9,20.9,16.1,0.082,0.175,0.256,0.267,0,0.0,0.0,0.0,0.0,0.0,0.0,0.0,0.0,0.0,0.0,0.0,0.0,0.0
39.191563,-9.160919,44.0,2006-06-05T00:00,18.1,85,15.5,19.3,0.0,0.0,0.0,0.0,0,1017.1,1011.9,12,0,0,39,0.0,0.32,4.4,12.1,325,330,9.4,20.1,24.6,20.9,16.1,0.082,0.175,0.256,0.267,0,0.0,0.0,0.0,0.0,0.0,0.0,0.0,0.0,0.0,0.0,0.0,0.0,0.0
39.191563,-9.160919,44.0,2006-06-05T01:00,17.5,87,15.4,18.6,0.0,0.0,0.0,0.0,0,1016.8,1011.6,8,0,0,26,0.0,0.25,5.0,11.2,291,315,9.0,19.1,24.3,21.0,16.1,0.082,0.175,0.256,0.267,0,0.0,0.0,0.0,0.0,0.0,0.0,0.0,0.0,0.0,0.0,0.0,0.0,0.0
39.191563,-9.160919,44.0,2006-06-05T02:00,16.9,91,15.4,17.9,0.0,0.0,0.0,0.0,0,1016.2,1011.0,4,0,0,15,0.0,0.18,5.4,11.9,278,305,10.4,18.4,24.0,21.0,16.1,0.082,0.175,0.256,0.267,0,0.0,0.0,0.0,0.0,0.0,0.0,0.0,0.0,0.0,0.0,0.0,0.0,0.0
39.191563,-9.160919,44.0,2006-06-05T03:00,16.2,94,15.2,16.9,0.0,0.0,0.0,0.0,0,1015.9,1010.6,0,0,0,0,0.0,0.11,6.6,10.8,283,307,10.1,17.7,23.7,21.0,16.1,0.082,0.175,0.256,0.267,0,0.0,0.0,0.0,0.0,0.0,0.0,0.0,0.0,0.0,0.0,0.0,0.0,0.0
39.191563,-9.160919,44.0,2006-06-05T04:00,17.4,89,15.6,18.8,0.0,0.0,0.0,0.0,0,1015.6,1010.4,0,0,0,0,0.0,0.21,3.1,7.3,315,327,9.7,17.1,23.4,21.0,16.1,0.083,0.175,0.256,0.267,0,0.0,0.0,0.0,0.0,0.0,0.0,0.0,0.0,0.0,0.0,0.0,0.0,0.0
39.191563,-9.160919,44.0,2006-06-05T05:00,17.2,90,15.6,18.6,0.0,0.0,0.0,0.0,0,1015.3,1010.1,0,0,0,0,0.0,0.2,3.6,6.9,53,9,6.5,16.5,23.1,21.0,16.1,0.083,0.175,0.256,0.267,0,0.0,0.0,0.0,0.0,0.0,0.0,0.0,0.0,0.0,0.0,0.0,0.0,0.0
39.191563,-9.160919,44.0,2006-06-05T06:00,17.1,90,15.5,18.4,0.0,0.0,0.0,0.0,0,1015.5,1010.3,1,0,0,3,0.01,0.19,3.7,8.3,61,34,5.0,16.4,22.8,21.0,16.1,0.083,0.175,0.256,0.267,1,559.19,26.0,12.0,14.0,116.8,26.0,77.7,59.1,27.3,31.8,205.1,33.7,176.7
39.191563,-9.160919,44.0,2006-06-05T07:00,18.2,80,14.7,19.3,0.0,0.0,0.0,0.0,0,1015.4,1010.2,5,0,0,16,0.08,0.42,3.4,7.5,72,55,9.0,18.6,22.6,21.0,16.1,0.083,0.175,0.256,0.267,1,3600.0,167.0,114.0,53.0,503.8,167.0,300.7,236.0,161.1,74.9,503.8,236.0,425.0
39.191563,-9.160919,44.0,2006-06-05T08:00,21.1,58,12.5,21.3,0.0,0.0,0.0,0.0,0,1015.5,1010.3,8,0,0,26,0.21,1.05,3.6,5.4,96,90,10.4,22.9,22.6,21.0,16.2,0.083,0.175,0.256,0.267,1,3600.0,359.0,281.0,78.0,682.8,359.0,546.9,437.3,342.3,95.0,682.8,437.3,666.2
39.191563,-9.160919,44.0,2006-06-05T09:00,23.4,47,11.3,22.9,0.0,0.0,0.0,0.0,0,1015.7,1010.6,15,0,0,50,0.36,1.54,5.8,8.3,112,108,14.4,26.3,22.7,21.0,16.2,0.083,0.175,0.256,0.267,1,3600.0,552.0,455.0,97.0,777.4,552.0,777.7,627.4,517.2,110.3,777.4,627.4,884.0
39.191563,-9.160919,44.0,2006-06-05T10:00,25.6,40,11.0,26.3,0.0,0.0,0.0,0.0,0,1015.6,1010.5,11,0,0,37,0.49,1.97,4.7,7.6,122,121,16.9,29.5,23.0,21.0,16.2,0.083,0.175,0.256,0.267,1,3600.0,725.0,617.0,108.0,838.8,725.0,977.5,788.8,671.3,117.5,838.8,788.8,1063.5
39.191563,-9.160919,44.0,2006-06-05T11:00,27.6,36,11.1,29.4,0.0,0.0,0.0,0.0,0,1015.3,1010.2,12,0,0,39,0.6,2.37,3.7,6.9,151,133,18.4,32.5,23.3,21.0,16.2,0.083,0.175,0.256,0.267,1,3600.0,862.0,748.0,114.0,877.6,862.0,1132.6,907.5,787.5,120.0,877.6,907.5,1192.4
39.191563,-9.160919,44.0,2006-06-05T12:00,29.0,34,11.4,31.5,0.0,0.0,0.0,0.0,0,1015.0,1010.0,14,0,0,47,0.68,2.65,3.6,4.3,225,180,21.2,35.2,23.7,21.0,16.2,0.082,0.174,0.255,0.267,1,3600.0,950.0,833.0,117.0,898.1,950.0,1232.4,972.8,853.0,119.8,898.1,972.8,1262.0
39.191563,-9.160919,44.0,2006-06-05T13:00,29.7,32,11.2,31.9,0.0,0.0,0.0,0.0,0,1014.6,1009.6,20,0,0,66,0.72,2.85,6.1,4.9,273,253,22.0,37.1,24.2,21.0,16.2,0.082,0.174,0.255,0.267,1,3600.0,983.0,864.0,119.0,903.8,983.0,1270.2,981.0,862.2,118.8,903.8,981.0,1267.6
39.191563,-9.160919,44.0,2006-06-05T14:00,29.8,31,10.9,31.1,0.0,0.0,0.0,0.0,1,1013.8,1008.8,27,0,0,90,0.72,2.9,9.3,8.9,298,297,23.4,38.1,24.7,21.0,16.2,0.082,0.174,0.255,0.267,1,3600.0,957.0,839.0,118.0,896.6,957.0,1243.5,930.3,815.6,114.7,896.6,930.3,1208.8
39.191563,-9.160919,44.0,2006-06-05T15:00,29.5,33,11.7,29.9,0.0,0.0,0.0,0.0,1,1013.3,1008.3,30,0,0,99,0.67,2.75,13.0,14.3,312,313,27.0,38.2,25.2,21.0,16.2,0.082,0.174,0.255,0.267,1,3600.0,876.0,759.0,117.0,874.0,876.0,1153.9,827.1,716.6,110.5,874.0,827.1,1089.5
39.191563,-9.160919,44.0,2006-06-05T16:00,28.5,38,13.0,28.2,0.0,0.0,0.0,0.0,1,1012.8,1007.8,30,0,0,100,0.58,2.39,15.2,18.4,324,325,31.0,36.9,25.6,21.0,16.2,0.081,0.174,0.255,0.267,1,3600.0,744.0,632.0,112.0,833.3,744.0,1007.7,677.8,575.7,102.0,833.3,677.8,918.0
39.191563,-9.160919,44.0,2006-06-05T17:00,27.3,42,13.2,26.0,0.0,0.0,0.0,0.0,1,1012.5,1007.4,29,0,0,97,0.46,2.11,16.4,20.6,334,335,31.0,34.9,25.9,21.0,16.2,0.081,0.174,0.254,0.267,1,3600.0,577.0,478.0,99.0,779.5,577.0,814.8,499.9,414.1,85.8,779.5,499.9,706.0
39.191563,-9.160919,44.0,2006-06-05T18:00,25.9,44,12.6,24.2,0.0,0.0,0.0,0.0,1,1012.1,1007.0,29,0,0,98,0.34,1.88,16.8,22.2,345,347,29.9,32.5,26.1,21.0,16.2,0.081,0.174,0.254,0.267,1,3600.0,387.0,304.0,83.0,686.5,387.0,588.4,307.6,241.7,66.0,686.5,307.6,467.8
39.191563,-9.160919,44.0,2006-06-05T19:00,25.1,46,12.6,23.6,0.0,0.0,0.0,0.0,1,1012.4,1007.3,30,0,0,100,0.21,1.72,15.5,22.7,355,358,29.2,30.0,26.1,21.1,16.2,0.081,0.174,0.254,0.267,1,3600.0,189.0,121.0,68.0,467.5,189.0,343.9,120.7,77.3,43.4,467.5,120.7,219.7
39.191563,-9.160919,44.0,2006-06-05T20:00,23.8,47,11.8,22.2,0.0,0.0,0.0,0.0,1,1012.3,1007.2,30,0,0,100,0.13,1.56,14.4,24.3,3,7,26.3,27.5,26.1,21.1,16.2,0.081,0.173,0.254,0.267,0,364.26,37.0,10.0,27.0,84.1,37.0,99.0,0.0,0.0,0.0,0.0,0.0,0.0
39.191563,-9.160919,44.0,2006-06-05T21:00,23.2,47,11.2,21.4,0.0,0.0,0.0,0.0,1,1012.6,1007.5,30,0,0,100,0.11,1.51,14.4,26.0,13,17,22.7,25.7,26.0,21.1,16.2,0.082,0.174,0.254,0.267,0,0.0,0.0,0.0,0.0,0.0,0.0,0.0,0.0,0.0,0.0,0.0,0.0,0.0
39.191563,-9.160919,44.0,2006-06-05T22:00,23.0,46,10.7,21.5,0.0,0.0,0.0,0.0,1,1012.8,1007.7,30,0,0,99,0.09,1.52,11.5,23.4,14,23,21.6,24.5,25.8,21.1,16.2,0.082,0.174,0.254,0.267,0,0.0,0.0,0.0,0.0,0.0,0.0,0.0,0.0,0.0,0.0,0.0,0.0,0.0
39.191563,-9.160919,44.0,2006-06-05T23:00,22.7,46,10.4,21.6,0.0,0.0,0.0,0.0,1,1012.4,1007.3,30,0,0,100,0.07,1.5,8.8,20.0,9,26,20.9,23.6,25.7,21.1,16.2,0.082,0.174,0.254,0.267,0,0.0,0.0,0.0,0.0,0.0,0.0,0.0,0.0,0.0,0.0,0.0,0.0,0.0
39.191563,-9.160919,44.0,2006-06-06T00:00,21.9,54,12.1,21.6,0.0,0.0,0.0,0.0,1,1012.1,1007.0,30,0,0,99,0.03,1.21,5.9,11.5,346,32,16.2,22.8,25.5,21.1,16.2,0.082,0.174,0.254,0.267,0,0.0,0.0,0.0,0.0,0.0,0.0,0.0,0.0,0.0,0.0,0.0,0.0,0.0
39.191563,-9.160919,44.0,2006-06-06T01:00,21.4,54,11.6,21.2,0.0,0.0,0.0,0.0,1,1011.8,1006.7,30,0,0,100,0.02,1.18,4.3,1.5,270,14,14.0,21.7,25.3,21.1,16.2,0.082,0.174,0.254,0.267,0,0.0,0.0,0.0,0.0,0.0,0.0,0.0,0.0,0.0,0.0,0.0,0.0,0.0
39.191563,-9.160919,44.0,2006-06-06T02:00,19.9,61,12.1,19.6,0.0,0.0,0.0,0.0,1,1011.5,1006.3,29,0,0,95,0.03,0.91,6.5,6.3,251,239,11.5,20.8,25.0,21.2,16.2,0.082,0.174,0.254,0.267,0,0.0,0.0,0.0,0.0,0.0,0.0,0.0,0.0,0.0,0.0,0.0,0.0,0.0
39.191563,-9.160919,44.0,2006-06-06T03:00,19.1,66,12.6,19.0,0.0,0.0,0.0,0.0,1,1011.3,1006.1,29,0,0,95,0.02,0.75,6.2,8.7,234,232,13.0,20.0,24.7,21.2,16.2,0.082,0.174,0.254,0.267,0,0.0,0.0,0.0,0.0,0.0,0.0,0.0,0.0,0.0,0.0,0.0,0.0,0.0
39.191563,-9.160919,44.0,2006-06-06T04:00,18.7,70,13.0,18.8,0.0,0.0,0.0,0.0,1,1011.5,1006.3,29,0,0,95,0.01,0.65,5.6,8.9,195,207,13.7,19.3,24.5,21.2,16.2,0.082,0.174,0.254,0.267,0,0.0,0.0,0.0,0.0,0.0,0.0,0.0,0.0,0.0,0.0,0.0,0.0,0.0
39.191563,-9.160919,44.0,2006-06-06T05:00,18.2,73,13.4,18.3,0.0,0.0,0.0,0.0,1,1011.9,1006.7,29,0,0,98,0.01,0.56,6.4,11.1,153,167,14.8,18.8,24.2,21.2,16.2,0.082,0.174,0.254,0.267,0,0.0,0.0,0.0,0.0,0.0,0.0,0.0,0.0,0.0,0.0,0.0,0.0,0.0
39.191563,-9.160919,44.0,2006-06-06T06:00,18.4,74,13.6,18.0,0.0,0.0,0.0,0.0,1,1012.4,1007.2,29,0,0,97,0.05,0.56,10.7,17.0,132,144,18.4,18.7,23.9,21.2,16.2,0.082,0.174,0.254,0.267,1,79.14,24.0,7.0,17.0,68.0,24.0,78.1,54.5,15.9,38.6,119.1,31.1,177.4
39.191563,-9.160919,44.0,2006-06-06T07:00,20.2,66,13.6,19.3,0.0,0.0,0.0,0.0,1,1012.8,1007.6,29,0,0,96,0.13,0.8,14.1,22.7,128,136,22.7,20.2,23.7,21.2,16.2,0.082,0.174,0.254,0.267,1,3600.0,161.0,96.0,65.0,423.3,161.0,301.3,227.3,135.5,91.8,423.3,227.3,425.5
39.191563,-9.160919,44.0,2006-06-06T08:00,22.8,49,11.5,20.7,0.0,0.0,0.0,0.0,1,1013.0,1007.9,30,0,0,100,0.28,1.42,17.3,24.4,132,134,29.2,22.9,23.6,21.2,16.2,0.082,0.174,0.254,0.267,1,3600.0,336.0,218.0,118.0,529.2,336.0,547.3,409.2,265.5,143.7,529.2,409.2,666.5
39.191563,-9.160919,44.0,2006-06-06T09:00,25.1,34,8.0,21.8,0.0,0.0,0.0,0.0,1,1013.4,1008.3,29,0,0,98,0.44,2.12,19.4,26.5,138,138,33.1,25.8,23.7,21.2,16.3,0.082,0.173,0.254,0.267,1,3600.0,521.0,371.0,150.0,633.6,521.0,777.9,592.1,421.7,170.5,633.6,592.1,884.2
39.191563,-9.160919,44.0,2006-06-06T10:00,27.0,27,6.5,24.3,0.0,0.0,0.0,0.0,1,1013.4,1008.3,29,0,0,96,0.56,2.6,17.3,23.2,149,147,34.9,28.6,23.8,21.2,16.3,0.082,0.173,0.254,0.267,1,3600.0,688.0,511.0,177.0,694.4,688.0,977.6,748.5,555.9,192.6,694.4,748.5,1063.6
39.191563,-9.160919,44.0,2006-06-06T11:00,28.3,25,6.5,26.3,0.0,0.0,0.0,0.0,1,1013.3,1008.3,30,0,0,99,0.61,2.88,15.0,20.6,159,155,34.2,30.8,24.1,21.2,16.3,0.082,0.173,0.254,0.267,1,3600.0,752.0,453.0,299.0,531.3,752.0,1132.7,791.7,476.9,314.8,531.3,791.7,1192.5
39.191563,-9.160919,44.0,2006-06-06T12:00,29.3,24,6.9,27.8,0.0,0.0,0.0,0.0,1,1013.1,1008.1,29,0,0,98,0.66,3.08,14.3,19.7,168,162,32.8,32.7,24.4,21.2,16.3,0.082,0.173,0.254,0.267,1,3600.0,802.0,439.0,363.0,473.1,802.0,1232.6,821.3,449.6,371.7,473.1,821.3,1262.3
39.191563,-9.160919,44.0,2006-06-06T13:00,30.1,24,7.3,28.3,0.0,0.0,0.0,0.0,1,1013.1,1008.1,29,0,0,96,0.67,3.24,15.5,20.6,184,175,33.1,34.0,24.7,21.2,16.3,0.082,0.173,0.253,0.266,1,3600.0,782.0,378.0,404.0,395.2,782.0,1270.6,780.4,377.2,403.2,395.2,780.4,1268.1
39.191563,-9.160919,44.0,2006-06-06T14:00,30.2,25,8.0,27.9,0.0,0.0,0.0,0.0,1,1012.8,1007.8,26,0,0,86,0.64,3.21,17.6,23.1,203,194,33.8,34.3,25.0,21.2,16.3,0.082,0.173,0.253,0.266,1,3600.0,721.0,309.0,412.0,330.0,721.0,1244.0,701.0,300.4,400.6,330.0,701.0,1209.5
39.191563,-9.160919,44.0,2006-06-06T15:00,29.9,29,9.7,27.7,0.0,0.0,0.0,0.0,1,1012.8,1007.8,26,0,0,87,0.62,3.01,19.0,24.9,217,211,34.2,34.5,25.3,21.2,16.3,0.081,0.173,0.253,0.266,1,3600.0,689.0,417.0,272.0,479.7,689.0,1154.8,650.7,393.8,256.9,479.7,650.7,1090.5
39.191563,-9.160919,44.0,2006-06-06T16:00,28.8,36,12.4,27.2,0.0,0.0,0.0,0.0,1,1013.1,1008.1,35,0,15,86,0.57,2.52,20.1,26.6,223,218,35.3,34.3,25.6,21.2,16.3,0.081,0.172,0.253,0.266,1,3600.0,670.0,454.0,216.0,597.8,670.0,1008.9,610.5,413.7,196.8,597.8,610.5,919.4
39.191563,-9.160919,44.0,2006-06-06T17:00,27.0,48,15.0,25.7,0.0,0.0,0.0,0.0,1,1013.1,1008.0,36,0,15,89,0.43,1.86,19.9,26.8,224,220,36.4,33.1,25.8,21.3,16.3,0.081,0.172,0.253,0.266,1,3600.0,523.0,363.0,160.0,590.7,523.0,816.3,453.3,314.7,138.7,590.7,453.3,707.6
39.191563,-9.160919,44.0,2006-06-06T18:00,25.2,57,16.0,24.9,0.0,0.0,0.0,0.0,1,1013.3,1008.2,32,0,12,83,0.28,1.39,16.1,22.0,222,218,35.6,31.1,26.0,21.3,16.3,0.081,0.172,0.253,0.266,1,3600.0,337.0,203.0,134.0,456.9,337.0,590.2,268.2,161.6,106.6,456.9,268.2,469.7
39.191563,-9.160919,44.0,2006-06-06T19:00,23.5,62,15.8,23.6,0.0,0.0,0.0,0.0,1,1013.6,1008.5,46,0,33,88,0.14,1.09,12.7,17.4,223,218,27.0,28.7,26.0,21.3,16.3,0.081,0.172,0.253,0.266,1,3267.79,131.0,44.0,87.0,168.9,131.0,346.0,84.0,28.2,55.8,168.9,84.0,221.9
39.191563,-9.160919,44.0,2006-06-06T20:00,22.3,68,16.1,23.1,0.0,0.0,0.0,0.0,1,1014.0,1008.9,33,0,21,67,0.06,0.85,9.0,13.8,233,227,22.3,26.5,25.9,21.3,16.3,0.082,0.172,0.253,0.266,0,0.0,32.0,7.0,25.0,58.5,32.0,100.3,0.0,0.0,0.0,0.0,0.0,0.0
39.191563,-9.160919,44.0,2006-06-06T21:00,21.3,73,16.3,22.9,0.0,0.0,0.0,0.0,0,1014.4,1009.2,19,0,15,34,0.0,0.68,4.1,7.7,255,242,16.2,24.8,25.8,21.3,16.3,0.082,0.172,0.253,0.266,0,0.0,0.0,0.0,0.0,0.0,0.0,0.0,0.0,0.0,0.0,0.0,0.0,0.0
39.191563,-9.160919,44.0,2006-06-06T22:00,20.8,76,16.5,23.0,0.0,0.0,0.0,0.0,0,1015.0,1009.8,13,0,0,44,0.0,0.58,0.4,2.1,270,211,10.1,23.5,25.6,21.3,16.3,0.082,0.172,0.253,0.266,0,0.0,0.0,0.0,0.0,0.0,0.0,0.0,0.0,0.0,0.0,0.0,0.0,0.0
39.191563,-9.160919,44.0,2006-06-06T23:00,20.4,81,17.1,22.4,0.0,0.0,0.0,0.0,1,1015.1,1009.9,26,0,0,87,0.0,0.45,3.3,4.7,131,148,7.2,22.3,25.4,21.3,16.3,0.082,0.172,0.253,0.266,0,0.0,0.0,0.0,0.0,0.0,0.0,0.0,0.0,0.0,0.0,0.0,0.0,0.0
39.191563,-9.160919,44.0,2006-06-07T00:00,20.0,80,16.5,21.4,0.0,0.0,0.0,0.0,1,1014.8,1009.6,29,0,0,96,0.0,0.47,5.6,9.2,140,149,8.6,21.5,25.2,21.3,16.3,0.082,0.172,0.253,0.266,0,0.0,0.0,0.0,0.0,0.0,0.0,0.0,0.0,0.0,0.0,0.0,0.0,0.0
39.191563,-9.160919,44.0,2006-06-07T01:00,19.9,81,16.4,21.1,0.0,0.0,0.0,0.0,1,1014.5,1009.3,29,0,0,96,0.01,0.45,6.8,12.9,155,157,10.4,20.9,25.0,21.4,16.3,0.082,0.172,0.253,0.266,0,0.0,0.0,0.0,0.0,0.0,0.0,0.0,0.0,0.0,0.0,0.0,0.0,0.0
39.191563,-9.160919,44.0,2006-06-07T02:00,19.6,82,16.4,20.6,0.0,0.0,0.0,0.0,1,1014.3,1009.1,26,0,0,87,0.01,0.42,8.5,15.4,168,169,13.3,20.5,24.7,21.4,16.3,0.082,0.172,0.253,0.266,0,0.0,0.0,0.0,0.0,0.0,0.0,0.0,0.0,0.0,0.0,0.0,0.0,0.0
39.191563,-9.160919,44.0,2006-06-07T03:00,19.2,84,16.4,20.1,0.0,0.0,0.0,0.0,0,1014.5,1009.3,19,1,0,59,0.01,0.36,9.0,16.2,178,179,15.5,20.1,24.5,21.4,16.3,0.082,0.172,0.253,0.266,0,0.0,0.0,0.0,0.0,0.0,0.0,0.0,0.0,0.0,0.0,0.0,0.0,0.0
39.191563,-9.160919,44.0,2006-06-07T04:00,18.7,87,16.5,19.6,0.0,0.0,0.0,0.0,0,1014.5,1009.3,19,14,0,20,0.0,0.28,9.5,16.0,189,189,16.6,19.7,24.2,21.4,16.3,0.082,0.172,0.253,0.266,0,0.0,0.0,0.0,0.0,0.0,0.0,0.0,0.0,0.0,0.0,0.0,0.0,0.0
39.191563,-9.160919,44.0,2006-06-07T05:00,18.1,91,16.6,19.0,0.0,0.0,0.0,0.0,1,1014.9,1009.7,32,34,0,5,0.0,0.19,9.6,15.2,193,194,16.2,19.3,24.0,21.4,16.3,0.082,0.172,0.253,0.266,0,0.0,0.0,0.0,0.0,0.0,0.0,0.0,0.0,0.0,0.0,0.0,0.0,0.0
39.191563,-9.160919,44.0,2006-06-07T06:00,18.0,93,16.8,18.8,0.0,0.0,0.0,0.0,1,1015.4,1010.2,48,52,0,3,0.02,0.15,10.4,13.8,194,195,15.5,19.2,23.8,21.4,16.3,0.082,0.172,0.253,0.266,1,272.7,23.0,9.0,14.0,87.1,23.0,78.4,52.2,20.4,31.8,152.4,29.9,178.1
39.191563,-9.160919,44.0,2006-06-07T07:00,18.5,90,16.8,19.3,0.0,0.0,0.0,0.0,1,1015.8,1010.6,47,52,0,0,0.07,0.22,10.7,13.2,192,191,18.7,20.3,23.6,21.4,16.3,0.082,0.172,0.253,0.266,1,3600.0,128.0,58.0,70.0,255.2,128.0,301.8,180.6,81.8,98.8,255.2,180.6,425.9
39.191563,-9.160919,44.0,2006-06-07T08:00,19.8,77,15.6,19.8,0.0,0.0,0.0,0.0,1,1016.0,1010.8,23,26,0,0,0.16,0.54,12.6,15.5,180,179,22.7,22.3,23.5,21.4,16.3,0.082,0.172,0.253,0.266,1,3600.0,263.0,157.0,106.0,380.8,263.0,547.6,320.2,191.2,129.1,380.8,320.2,666.7
39.191563,-9.160919,44.0,2006-06-07T09:00,21.2,65,14.4,20.6,0.0,0.0,0.0,0.0,0,1016.3,1011.1,6,7,0,0,0.3,0.88,14.2,17.3,171,168,26.3,24.7,23.5,21.4,16.3,0.082,0.172,0.253,0.266,1,3600.0,469.0,292.0,177.0,498.4,469.0,778.1,533.0,331.8,201.2,498.4,533.0,884.2
39.191563,-9.160919,44.0,2006-06-07T10:00,23.1,55,13.6,23.5,0.0,0.0,0.0,0.0,0,1016.4,1011.3,2,2,0,0,0.45,1.27,11.2,13.0,176,174,28.1,27.7,23.6,21.4,16.4,0.082,0.172,0.252,0.266,1,3600.0,705.0,592.0,113.0,804.2,705.0,977.7,767.0,644.0,122.9,804.2,767.0,1063.6
39.191563,-9.160919,44.0,2006-06-07T11:00,24.7,48,12.9,25.6,0.0,0.0,0.0,0.0,0,1016.4,1011.3,0,0,0,0,0.57,1.63,11.5,13.1,194,189,28.8,30.4,23.9,21.4,16.4,0.082,0.172,0.252,0.266,1,3600.0,842.0,723.0,119.0,847.7,842.0,1132.7,886.5,761.2,125.3,847.7,886.5,1192.6
39.191563,-9.160919,44.0,2006-06-07T12:00,25.9,44,12.5,27.0,0.0,0.0,0.0,0.0,0,1016.1,1011.0,0,0,0,0,0.64,1.88,11.9,13.8,215,208,29.9,32.6,24.2,21.4,16.4,0.082,0.172,0.252,0.266,1,3600.0,926.0,796.0,130.0,857.6,926.0,1232.7,948.3,815.2,133.1,857.6,948.3,1262.5
39.191563,-9.160919,44.0,2006-06-07T13:00,26.5,42,12.5,27.6,0.0,0.0,0.0,0.0,0,1016.0,1010.9,0,0,0,0,0.68,2.02,13.5,15.8,228,221,32.0,34.2,24.5,21.4,16.4,0.082,0.172,0.252,0.266,1,3600.0,966.0,840.0,126.0,877.8,966.0,1270.9,964.2,838.4,125.8,877.8,964.2,1268.5
39.191563,-9.160919,44.0,2006-06-07T14:00,26.6,42,12.5,27.1,0.0,0.0,0.0,0.0,0,1015.8,1010.7,0,0,0,0,0.67,2.03,15.9,18.7,237,232,33.8,34.9,24.9,21.4,16.4,0.082,0.172,0.252,0.266,1,3600.0,943.0,820.0,123.0,875.0,943.0,1244.6,916.9,797.3,119.6,875.0,916.9,1210.1
39.191563,-9.160919,44.0,2006-06-07T15:00,26.3,43,12.7,26.2,0.0,0.0,0.0,0.0,0,1015.6,1010.5,0,0,0,0,0.61,1.94,16.9,20.3,243,240,34.2,34.8,25.2,21.4,16.4,0.082,0.171,0.252,0.266,1,3600.0,860.0,740.0,120.0,850.4,860.0,1155.6,812.3,699.0,113.3,850.4,812.3,1091.5
39.191563,-9.160919,44.0,2006-06-07T16:00,25.5,46,13.2,25.0,0.0,0.0,0.0,0.0,0,1015.2,1010.1,0,0,0,0,0.52,1.75,17.1,20.5,252,248,33.8,34.0,25.5,21.4,16.4,0.082,0.171,0.252,0.266,1,3600.0,736.0,624.0,112.0,820.5,736.0,1010.0,670.9,568.8,102.1,820.5,670.9,920.6
39.191563,-9.160919,44.0,2006-06-07T17:00,24.4,52,14.0,23.4,0.0,0.0,0.0,0.0,0,1015.1,1010.0,5,0,0,17,0.4,1.46,16.8,21.3,261,258,32.4,32.5,25.7,21.4,16.4,0.081,0.171,0.251,0.266,1,3600.0,572.0,472.0,100.0,766.5,572.0,817.8,496.1,409.3,86.7,766.5,496.1,709.2
39.191563,-9.160919,44.0,2006-06-07T18:00,23.2,61,15.2,22.6,0.0,0.0,0.0,0.0,0,1014.8,1009.7,8,0,0,28,0.27,1.11,15.8,20.9,271,269,31.3,30.5,25.8,21.4,16.4,0.081,0.171,0.251,0.266,1,3600.0,384.0,300.0,84.0,673.0,384.0,592.0,305.9,239.0,66.9,673.0,305.9,471.6
39.191563,-9.160919,44.0,2006-06-07T19:00,21.9,67,15.6,21.8,0.0,0.0,0.0,0.0,0,1015.0,1009.8,10,0,0,33,0.15,0.85,13.1,17.4,279,277,28.1,28.1,25.8,21.5,16.4,0.082,0.171,0.251,0.266,1,3600.0,193.0,128.0,65.0,488.4,193.0,348.0,124.3,82.4,41.8,488.4,124.3,224.1
39.191563,-9.160919,44.0,2006-06-07T20:00,20.6,76,16.2,21.4,0.0,0.0,0.0,0.0,0,1015.0,1009.8,17,0,0,58,0.04,0.59,9.0,12.9,286,283,23.0,25.7,25.8,21.5,16.4,0.082,0.171,0.251,0.266,1,1659.81,42.0,20.0,22.0,165.9,42.0,102.5,0.0,0.0,0.0,0.0,0.0,0.0
39.191563,-9.160919,44.0,2006-06-07T21:00,19.9,82,16.7,21.5,0.0,0.0,0.0,0.0,0,1015.7,1010.5,19,0,0,64,0.0,0.42,5.2,8.9,295,291,15.5,23.8,25.6,21.5,16.4,0.082,0.171,0.251,0.266,0,0.0,0.0,0.0,0.0,0.0,0.0,0.0,0.0,0.0,0.0,0.0,0.0,0.0
39.191563,-9.160919,44.0,2006-06-07T22:00,19.4,86,17.0,21.4,0.0,0.0,0.0,0.0,1,1016.2,1011.0,35,18,0,62,0.0,0.31,2.9,7.2,263,267,10.1,22.5,25.4,21.5,16.4,0.082,0.171,0.251,0.266,0,0.0,0.0,0.0,0.0,0.0,0.0,0.0,0.0,0.0,0.0,0.0,0.0,0.0
39.191563,-9.160919,44.0,2006-06-07T23:00,19.0,89,17.1,21.2,0.0,0.0,0.0,0.0,2,1016.3,1011.1,51,32,0,75,0.0,0.24,1.9,5.1,248,262,6.5,21.3,25.2,21.5,16.4,0.082,0.171,0.251,0.266,0,0.0,0.0,0.0,0.0,0.0,0.0,0.0,0.0,0.0,0.0,0.0,0.0,0.0
39.191563,-9.160919,44.0,2006-06-08T00:00,18.6,92,17.3,20.8,0.0,0.0,0.0,0.0,2,1016.0,1010.8,69,56,0,62,0.0,0.17,2.3,3.9,219,236,6.5,20.3,24.9,21.5,16.4,0.082,0.171,0.251,0.266,0,0.0,0.0,0.0,0.0,0.0,0.0,0.0,0.0,0.0,0.0,0.0,0.0,0.0
39.191563,-9.160919,44.0,2006-06-08T01:00,18.2,94,17.1,20.1,0.0,0.0,0.0,0.0,3,1016.0,1010.8,95,89,0,49,0.0,0.13,4.0,5.0,180,201,6.1,19.5,24.7,21.5,16.4,0.082,0.171,0.251,0.266,0,0.0,0.0,0.0,0.0,0.0,0.0,0.0,0.0,0.0,0.0,0.0,0.0,0.0
39.191563,-9.160919,44.0,2006-06-08T02:00,17.5,96,16.9,19.1,0.0,0.0,0.0,0.0,3,1015.4,1010.2,88,86,0,35,0.0,0.07,5.8,7.3,180,191,7.2,18.9,24.4,21.5,16.4,0.082,0.171,0.251,0.266,0,0.0,0.0,0.0,0.0,0.0,0.0,0.0,0.0,0.0,0.0,0.0,0.0,0.0
39.191563,-9.160919,44.0,2006-06-08T03:00,16.9,98,16.6,18.3,0.0,0.0,0.0,0.0,3,1015.3,1010.1,85,81,0,39,0.0,0.04,6.5,8.0,177,185,8.6,18.3,24.1,21.5,16.4,0.082,0.171,0.251,0.266,0,0.0,0.0,0.0,0.0,0.0,0.0,0.0,0.0,0.0,0.0,0.0,0.0,0.0
39.191563,-9.160919,44.0,2006-06-08T04:00,16.3,99,16.1,17.4,0.0,0.0,0.0,0.0,3,1015.1,1009.8,96,93,1,39,0.0,0.02,7.0,9.4,168,178,9.4,18.1,23.8,21.5,16.4,0.082,0.171,0.251,0.266,0,0.0,0.0,0.0,0.0,0.0,0.0,0.0,0.0,0.0,0.0,0.0,0.0,0.0
39.191563,-9.160919,44.0,2006-06-08T05:00,16.5,99,16.4,17.4,0.0,0.0,0.0,0.0,2,1015.2,1009.9,78,76,0,33,0.0,0.01,8.6,11.2,158,165,11.9,18.2,23.5,21.5,16.4,0.082,0.171,0.251,0.266,0,0.0,0.0,0.0,0.0,0.0,0.0,0.0,0.0,0.0,0.0,0.0,0.0,0.0
39.191563,-9.160919,44.0,2006-06-08T06:00,17.0,99,16.8,17.9,0.0,0.0,0.0,0.0,3,1015.5,1010.3,81,84,0,17,0.01,0.02,10.1,12.9,153,157,15.8,18.7,23.3,21.5,16.4,0.082,0.171,0.251,0.266,1,0.0,16.0,4.0,12.0,38.7,16.0,78.7,36.3,9.1,27.2,67.5,20.8,178.6
39.191563,-9.160919,44.0,2006-06-08T07:00,18.1,91,16.7,18.7,0.0,0.0,0.0,0.0,3,1015.5,1010.3,89,89,1,28,0.06,0.18,11.9,15.0,151,153,20.2,19.7,23.1,21.5,16.4,0.082,0.171,0.251,0.266,1,3076.31,110.0,37.0,73.0,162.5,110.0,302.3,155.1,52.2,102.9,162.5,155.1,426.1
39.191563,-9.160919,44.0,2006-06-08T08:00,19.7,78,15.8,19.5,0.0,0.0,0.0,0.0,1,1015.9,1010.7,22,11,1,39,0.17,0.5,14.2,17.3,159,159,24.5,21.9,23.1,21.5,16.4,0.082,0.171,0.251,0.266,1,3600.0,294.0,188.0,106.0,455.7,294.0,547.8,357.9,228.9,129.0,455.7,357.9,666.8
39.191563,-9.160919,44.0,2006-06-08T09:00,21.7,64,14.6,20.9,0.0,0.0,0.0,0.0,1,1016.2,1011.0,26,18,1,32,0.31,0.93,15.3,18.6,171,170,27.7,24.6,23.1,21.5,16.4,0.082,0.171,0.251,0.266,1,3600.0,489.0,363.0,126.0,619.4,489.0,778.1,555.7,412.5,143.2,619.4,555.7,884.2
39.191563,-9.160919,44.0,2006-06-08T10:00,23.0,57,14.0,22.9,0.0,0.0,0.0,0.0,1,1015.9,1010.8,28,24,2,18,0.42,1.22,12.7,15.9,188,185,28.1,27.2,23.2,21.5,16.4,0.082,0.171,0.251,0.266,1,3600.0,633.0,487.0,146.0,661.4,633.0,977.6,688.6,529.8,158.8,661.4,688.6,1063.6
39.191563,-9.160919,44.0,2006-06-08T11:00,24.2,51,13.3,24.6,0.0,0.0,0.0,0.0,0,1015.9,1010.8,17,11,1,21,0.52,1.48,12.6,15.7,200,196,28.4,29.7,23.5,21.5,16.5,0.082,0.171,0.251,0.266,1,3600.0,772.0,561.0,211.0,657.6,772.0,1132.7,812.8,590.7,222.2,657.6,812.8,1192.7
39.191563,-9.160919,44.0,2006-06-08T12:00,25.1,47,12.9,26.1,0.0,0.0,0.0,0.0,0,1015.7,1010.6,5,4,1,3,0.62,1.7,13.5,16.8,214,208,30.2,32.0,23.8,21.5,16.5,0.082,0.171,0.251,0.266,1,3600.0,927.0,799.0,128.0,860.5,927.0,1232.8,949.4,818.3,131.1,860.5,949.4,1262.7
39.191563,-9.160919,44.0,2006-06-08T13:00,25.7,44,12.6,26.5,0.0,0.0,0.0,0.0,0,1015.4,1010.3,5,4,2,0,0.66,1.85,15.0,18.4,224,219,31.3,33.6,24.1,21.5,16.5,0.082,0.171,0.251,0.266,1,3600.0,960.0,828.0,132.0,864.9,960.0,1271.1,958.2,826.5,131.8,864.9,958.2,1268.8
39.191563,-9.160919,44.0,2006-06-08T14:00,25.9,44,12.6,26.3,0.0,0.0,0.0,0.0,0,1015.0,1009.9,1,0,2,0,0.65,1.88,16.5,20.2,234,230,32.8,34.3,24.5,21.5,16.5,0.082,0.17,0.25,0.266,1,3600.0,945.0,822.0,123.0,876.6,945.0,1245.1,919.0,799.4,119.6,876.6,919.0,1210.8
39.191563,-9.160919,44.0,2006-06-08T15:00,25.6,45,12.9,25.6,0.0,0.0,0.0,0.0,0,1014.9,1009.8,0,0,0,0,0.6,1.8,17.2,21.7,241,238,33.1,34.3,24.8,21.5,16.5,0.082,0.17,0.25,0.266,1,3600.0,860.0,737.0,123.0,846.2,860.0,1156.4,812.5,696.3,116.2,846.2,812.5,1092.4
39.191563,-9.160919,44.0,2006-06-08T16:00,25.0,49,13.7,24.5,0.0,0.0,0.0,0.0,0,1014.5,1009.4,0,0,0,0,0.51,1.61,17.9,23.0,248,245,33.5,33.5,25.1,21.5,16.5,0.082,0.17,0.25,0.266,1,3600.0,728.0,611.0,117.0,802.3,728.0,1011.1,663.8,557.1,106.7,802.3,663.8,921.9
39.191563,-9.160919,44.0,2006-06-08T17:00,24.1,55,14.4,23.0,0.0,0.0,0.0,0.0,0,1014.3,1009.2,0,0,0,1,0.4,1.35,17.9,23.0,251,250,33.1,32.1,25.3,21.5,16.5,0.082,0.17,0.25,0.266,1,3600.0,573.0,471.0,102.0,763.4,573.0,819.2,497.2,408.7,88.5,763.4,497.2,710.8
39.191563,-9.160919,44.0,2006-06-08T18:00,23.0,61,15.1,22.3,0.0,0.0,0.0,0.0,0,1014.2,1009.1,3,0,0,9,0.27,1.09,16.4,21.8,255,254,32.4,30.2,25.4,21.6,16.5,0.082,0.17,0.25,0.266,1,3600.0,385.0,299.0,86.0,668.7,385.0,593.7,307.0,238.5,68.6,668.7,307.0,473.5
39.191563,-9.160919,44.0,2006-06-08T19:00,21.8,68,15.6,21.6,0.0,0.0,0.0,0.0,0,1014.0,1008.8,1,0,0,4,0.15,0.85,14.1,18.9,257,257,28.8,27.9,25.5,21.6,16.5,0.082,0.17,0.25,0.266,1,3600.0,198.0,136.0,62.0,515.9,198.0,350.0,127.9,87.9,40.1,515.9,127.9,226.1
39.191563,-9.160919,44.0,2006-06-08T20:00,20.6,76,16.2,21.0,0.0,0.0,0.0,0.0,0,1013.9,1008.7,0,0,0,0,0.05,0.59,11.7,17.2,259,260,24.8,25.5,25.4,21.6,16.5,0.082,0.17,0.25,0.266,1,1912.79,45.0,24.0,21.0,197.8,45.0,104.6,0.0,0.0,0.0,0.0,0.0,0.0
39.191563,-9.160919,44.0,2006-06-08T21:00,19.8,83,16.7,20.6,0.0,0.0,0.0,0.0,0,1014.2,1009.0,0,0,0,0,0.01,0.4,10.3,16.1,258,260,19.4,23.5,25.3,21.6,16.5,0.082,0.17,0.25,0.266,0,0.0,0.0,0.0,0.0,0.0,0.0,0.0,0.0,0.0,0.0,0.0,0.0,0.0
39.191563,-9.160919,44.0,2006-06-08T22:00,19.2,87,17.0,20.5,0.0,0.0,0.0,0.0,0,1014.4,1009.2,4,5,0,0,0.0,0.28,8.1,13.7,249,256,16.9,22.2,25.1,21.6,16.5,0.082,0.17,0.25,0.266,0,0.0,0.0,0.0,0.0,0.0,0.0,0.0,0.0,0.0,0.0,0.0,0.0,0.0
39.191563,-9.160919,44.0,2006-06-08T23:00,18.8,90,17.2,20.4,0.0,0.0,0.0,0.0,0,1014.8,1009.6,9,10,0,0,0.0,0.21,6.7,12.1,234,243,13.3,21.2,24.9,21.6,16.5,0.082,0.17,0.25,0.266,0,0.0,0.0,0.0,0.0,0.0,0.0,0.0,0.0,0.0,0.0,0.0,0.0,0.0
39.191563,-9.160919,44.0,2006-06-09T00:00,18.4,93,17.3,19.9,0.0,0.0,0.0,0.0,1,1014.5,1009.3,31,34,1,0,0.0,0.15,7.4,12.3,223,232,10.4,20.3,24.6,21.6,16.5,0.082,0.17,0.25,0.266,0,0.0,0.0,0.0,0.0,0.0,0.0,0.0,0.0,0.0,0.0,0.0,0.0,0.0
39.191563,-9.160919,44.0,2006-06-09T01:00,18.0,95,17.2,19.2,0.0,0.0,0.0,0.0,2,1014.5,1009.3,55,60,1,0,0.0,0.1,9.4,14.8,223,229,10.8,19.6,24.4,21.6,16.5,0.082,0.17,0.25,0.266,0,0.0,0.0,0.0,0.0,0.0,0.0,0.0,0.0,0.0,0.0,0.0,0.0,0.0
39.191563,-9.160919,44.0,2006-06-09T02:00,17.8,96,17.1,18.7,0.0,0.0,0.0,0.0,2,1013.9,1008.7,56,62,1,0,0.0,0.08,11.2,15.8,225,227,11.2,19.2,24.1,21.6,16.5,0.082,0.17,0.25,0.266,0,0.0,0.0,0.0,0.0,0.0,0.0,0.0,0.0,0.0,0.0,0.0,0.0,0.0
39.191563,-9.160919,44.0,2006-06-09T03:00,17.5,97,17.0,18.4,0.0,0.0,0.0,0.0,1,1013.8,1008.6,45,48,3,0,0.0,0.07,10.7,14.3,220,223,12.2,18.8,23.9,21.6,16.5,0.082,0.17,0.25,0.266,0,0.0,0.0,0.0,0.0,0.0,0.0,0.0,0.0,0.0,0.0,0.0,0.0,0.0
39.191563,-9.160919,44.0,2006-06-09T04:00,17.4,97,16.9,18.3,0.0,0.0,0.0,0.0,2,1013.5,1008.3,77,81,7,0,0.0,0.07,10.3,13.6,209,212,13.0,18.5,23.6,21.6,16.5,0.082,0.17,0.25,0.266,0,0.0,0.0,0.0,0.0,0.0,0.0,0.0,0.0,0.0,0.0,0.0,0.0,0.0
39.191563,-9.160919,44.0,2006-06-09T05:00,17.5,96,16.9,18.4,0.0,0.0,0.0,0.0,2,1013.5,1008.3,63,66,1,11,0.0,0.07,10.4,13.4,200,204,14.4,18.5,23.4,21.6,16.5,0.083,0.17,0.25,0.266,0,0.0,0.0,0.0,0.0,0.0,0.0,0.0,0.0,0.0,0.0,0.0,0.0,0.0
39.191563,-9.160919,44.0,2006-06-09T06:00,17.7,96,17.0,18.6,0.0,0.0,0.0,0.0,2,1013.8,1008.6,76,75,11,7,0.01,0.09,10.9,13.5,186,189,17.3,18.8,23.2,21.6,16.5,0.084,0.17,0.25,0.266,1,0.0,18.0,4.0,14.0,38.6,18.0,78.9,40.9,9.1,31.8,67.3,23.4,179.0
39.191563,-9.160919,44.0,2006-06-09T07:00,18.5,89,16.7,19.0,0.0,0.0,0.0,0.0,2,1013.9,1008.7,58,58,7,5,0.06,0.23,12.3,15.1,175,177,20.5,19.7,23.0,21.6,16.5,0.084,0.17,0.25,0.266,1,569.2,89.0,18.0,71.0,79.0,89.0,302.6,125.4,25.4,100.0,79.0,125.4,426.4
39.191563,-9.160919,44.0,2006-06-09T08:00,19.4,82,16.2,19.6,0.0,0.0,0.0,0.0,2,1014.1,1008.9,61,49,21,13,0.15,0.41,13.7,16.9,178,180,24.1,21.5,22.9,21.6,16.5,0.084,0.17,0.25,0.266,1,3600.0,244.0,121.0,123.0,293.2,244.0,547.9,297.0,147.3,149.7,293.2,297.0,666.9
39.191563,-9.160919,44.0,2006-06-09T09:00,21.2,68,15.1,20.7,0.0,0.0,0.0,0.0,1,1014.5,1009.3,26,14,15,16,0.3,0.8,14.9,18.3,195,195,26.3,24.1,23.0,21.6,16.5,0.085,0.17,0.25,0.266,1,3600.0,487.0,356.0,131.0,607.3,487.0,778.1,553.4,404.5,148.9,607.3,553.4,884.2
39.191563,-9.160919,44.0,2006-06-09T10:00,22.1,61,14.3,20.9,0.0,0.0,0.0,0.0,1,1014.2,1009.1,42,17,37,16,0.36,1.03,17.3,21.2,222,222,30.2,25.9,23.0,21.6,16.5,0.085,0.17,0.25,0.266,1,3600.0,540.0,353.0,187.0,479.3,540.0,977.6,587.5,384.0,203.4,479.3,587.5,1063.5
39.191563,-9.160919,44.0,2006-06-09T11:00,22.8,57,13.9,21.6,0.0,0.0,0.0,0.0,1,1014.4,1009.3,34,16,30,5,0.43,1.18,19.5,23.5,231,230,34.9,27.6,23.2,21.6,16.6,0.086,0.17,0.25,0.266,1,3600.0,642.0,430.0,212.0,503.9,642.0,1132.7,676.0,452.8,223.2,503.9,676.0,1192.6
39.191563,-9.160919,44.0,2006-06-09T12:00,23.2,55,13.8,22.4,0.0,0.0,0.0,0.0,1,1014.2,1009.1,37,21,25,10,0.48,1.26,19.7,23.6,232,231,36.7,28.8,23.4,21.6,16.6,0.086,0.17,0.249,0.266,1,3600.0,732.0,514.0,218.0,553.4,732.0,1232.9,749.7,526.5,223.3,553.4,749.7,1262.8
39.191563,-9.160919,44.0,2006-06-09T13:00,23.5,55,13.8,23.0,0.0,0.0,0.0,0.0,1,1013.9,1008.8,29,16,21,7,0.52,1.31,20.0,24.1,232,231,37.1,30.0,23.6,21.6,16.6,0.086,0.17,0.249,0.266,1,3600.0,806.0,668.0,138.0,697.4,806.0,1271.4,804.6,666.8,137.8,697.4,804.6,1269.2
39.191563,-9.160919,44.0,2006-06-09T14:00,23.6,54,13.9,23.3,0.0,0.0,0.0,0.0,0,1013.7,1008.6,16,10,10,5,0.53,1.33,20.0,24.1,232,231,37.8,30.9,23.9,21.6,16.6,0.085,0.17,0.249,0.266,1,3600.0,825.0,644.0,181.0,686.3,825.0,1245.5,802.4,626.3,176.0,686.3,802.4,1211.4
39.191563,-9.160919,44.0,2006-06-09T15:00,23.4,56,14.0,22.6,0.0,0.0,0.0,0.0,0,1013.5,1008.4,17,12,11,0,0.48,1.28,20.6,25.2,234,233,37.8,30.9,24.1,21.6,16.6,0.085,0.17,0.249,0.266,1,3600.0,739.0,598.0,141.0,686.0,739.0,1157.1,698.3,565.0,133.2,686.0,698.3,1093.3
39.191563,-9.160919,44.0,2006-06-09T16:00,23.0,58,14.4,21.8,0.0,0.0,0.0,0.0,0,1013.7,1008.6,17,14,8,0,0.42,1.17,20.6,26.0,237,236,38.2,30.3,24.3,21.6,16.6,0.085,0.17,0.249,0.266,1,3600.0,634.0,452.0,182.0,592.8,634.0,1012.1,578.2,412.2,166.0,592.8,578.2,923.1
39.191563,-9.160919,44.0,2006-06-09T17:00,22.7,60,14.6,21.1,0.0,0.0,0.0,0.0,1,1013.6,1008.5,21,14,14,0,0.36,1.09,21.3,26.7,242,241,37.1,29.5,24.5,21.6,16.6,0.085,0.169,0.249,0.266,1,3600.0,536.0,429.0,107.0,694.0,536.0,820.5,465.3,372.4,92.9,694.0,465.3,712.3
39.191563,-9.160919,44.0,2006-06-09T18:00,21.9,65,14.9,20.6,0.0,0.0,0.0,0.0,0,1014.1,1008.9,15,10,10,1,0.25,0.93,20.0,25.5,247,247,34.9,28.0,24.6,21.6,16.6,0.085,0.169,0.249,0.266,1,3600.0,350.0,261.0,89.0,582.0,350.0,595.3,279.4,208.3,71.0,582.0,279.4,475.2
39.191563,-9.160919,44.0,2006-06-09T19:00,20.8,71,15.4,20.2,0.0,0.0,0.0,0.0,1,1014.0,1008.8,21,4,6,46,0.14,0.71,16.9,22.1,250,251,33.5,26.1,24.6,21.6,16.6,0.085,0.169,0.249,0.266,1,3600.0,170.0,110.0,60.0,415.0,170.0,351.8,110.2,71.3,38.9,415.0,110.2,228.1
39.191563,-9.160919,44.0,2006-06-09T20:00,20.0,77,15.8,19.9,0.0,0.0,0.0,0.0,1,1014.8,1009.6,40,9,5,97,0.06,0.54,14.3,19.1,252,254,28.8,24.2,24.5,21.6,16.6,0.085,0.169,0.249,0.266,1,1151.29,39.0,16.0,23.0,131.1,39.0,106.7,0.0,0.0,0.0,0.0,0.0,0.0
39.191563,-9.160919,44.0,2006-06-09T21:00,19.4,81,16.1,19.7,0.0,0.0,0.0,0.0,1,1015.5,1010.3,32,2,1,99,0.02,0.42,12.2,16.5,251,254,23.0,22.7,24.4,21.6,16.6,0.085,0.169,0.249,0.266,0,0.0,0.0,0.0,0.0,0.0,0.0,0.0,0.0,0.0,0.0,0.0,0.0,0.0
39.191563,-9.160919,44.0,2006-06-09T22:00,19.0,84,16.3,19.4,0.0,0.0,0.0,0.0,2,1015.7,1010.5,52,13,19,95,0.01,0.35,12.4,19.1,248,250,18.0,21.6,24.3,21.6,16.6,0.085,0.169,0.249,0.266,0,0.0,0.0,0.0,0.0,0.0,0.0,0.0,0.0,0.0,0.0,0.0,0.0,0.0
39.191563,-9.160919,44.0,2006-06-09T23:00,18.6,87,16.4,19.2,0.0,0.0,0.0,0.0,2,1015.7,1010.5,56,17,25,86,0.01,0.28,11.3,17.2,248,250,14.4,20.7,24.1,21.6,16.6,0.085,0.169,0.249,0.266,0,0.0,0.0,0.0,0.0,0.0,0.0,0.0,0.0,0.0,0.0,0.0,0.0,0.0
39.191563,-9.160919,44.0,2006-06-10T00:00,18.4,88,16.4,18.8,0.0,0.0,0.0,0.0,2,1015.8,1010.6,70,18,43,93,0.0,0.24,12.0,17.8,249,252,12.2,20.1,23.9,21.6,16.6,0.086,0.169,0.249,0.266,0,0.0,0.0,0.0,0.0,0.0,0.0,0.0,0.0,0.0,0.0,0.0,0.0,0.0
39.191563,-9.160919,44.0,2006-06-10T01:00,18.1,90,16.4,18.6,0.0,0.0,0.0,0.0,1,1015.5,1010.3,31,16,13,30,0.0,0.21,11.6,17.4,248,252,12.2,19.5,23.7,21.6,16.6,0.086,0.169,0.249,0.266,0,0.0,0.0,0.0,0.0,0.0,0.0,0.0,0.0,0.0,0.0,0.0,0.0,0.0
39.191563,-9.160919,44.0,2006-06-10T02:00,17.9,91,16.4,18.7,0.0,0.0,0.0,0.0,2,1015.2,1010.0,58,17,50,42,0.0,0.18,9.4,14.8,238,244,13.0,19.1,23.4,21.6,16.6,0.086,0.169,0.249,0.266,0,0.0,0.0,0.0,0.0,0.0,0.0,0.0,0.0,0.0,0.0,0.0,0.0,0.0
39.191563,-9.160919,44.0,2006-06-10T03:00,17.6,92,16.3,18.4,0.0,0.0,0.0,0.0,2,1015.2,1010.0,61,15,68,21,0.0,0.15,9.2,14.8,225,231,12.6,18.7,23.2,21.6,16.6,0.086,0.17,0.249,0.266,0,0.0,0.0,0.0,0.0,0.0,0.0,0.0,0.0,0.0,0.0,0.0,0.0,0.0
39.191563,-9.160919,44.0,2006-06-10T04:00,17.4,93,16.2,18.2,0.0,0.0,0.0,0.0,1,1015.7,1010.5,45,20,39,12,0.0,0.15,9.6,15.5,236,239,13.3,18.4,23.0,21.6,16.6,0.086,0.17,0.249,0.266,0,0.0,0.0,0.0,0.0,0.0,0.0,0.0,0.0,0.0,0.0,0.0,0.0,0.0
39.191563,-9.160919,44.0,2006-06-10T05:00,17.3,93,16.2,18.2,0.0,0.0,0.0,0.0,2,1015.9,1010.7,61,21,42,55,0.0,0.14,8.5,14.4,234,238,13.7,18.3,22.8,21.6,16.6,0.086,0.17,0.249,0.266,0,0.0,0.0,0.0,0.0,0.0,0.0,0.0,0.0,0.0,0.0,0.0,0.0,0.0
39.191563,-9.160919,44.0,2006-06-10T06:00,17.5,93,16.3,18.5,0.0,0.0,0.0,0.0,1,1016.4,1011.2,28,12,9,41,0.02,0.15,7.9,11.8,231,239,12.6,18.4,22.6,21.6,16.6,0.086,0.17,0.249,0.266,1,0.0,18.0,5.0,13.0,48.2,18.0,79.1,40.8,11.3,29.5,83.9,23.4,179.4
39.191563,-9.160919,44.0,2006-06-10T07:00,18.6,89,16.7,19.8,0.0,0.0,0.0,0.0,2,1016.7,1011.5,61,43,1,71,0.07,0.24,8.1,10.2,225,231,14.0,19.9,22.5,21.6,16.6,0.086,0.17,0.249,0.266,1,3600.0,122.0,60.0,62.0,263.0,122.0,302.8,171.8,84.5,87.3,263.0,171.8,426.5
39.191563,-9.160919,44.0,2006-06-10T08:00,19.9,79,16.2,20.6,0.0,0.0,0.0,0.0,2,1017.1,1011.9,52,35,0,69,0.16,0.48,9.4,11.2,223,225,17.3,21.9,22.4,21.6,16.6,0.087,0.17,0.249,0.266,1,3600.0,266.0,155.0,111.0,375.4,266.0,547.9,323.7,188.6,135.1,375.4,323.7,666.8
39.191563,-9.160919,44.0,2006-06-10T09:00,21.2,69,15.4,21.3,0.0,0.0,0.0,0.0,1,1017.7,1012.5,46,40,0,32,0.27,0.77,11.2,13.5,222,222,20.9,24.2,22.5,21.6,16.6,0.088,0.169,0.249,0.266,1,3600.0,440.0,317.0,123.0,540.7,440.0,778.0,500.0,360.2,139.8,540.7,500.0,884.0
39.191563,-9.160919,44.0,2006-06-10T10:00,22.1,63,14.9,22.2,0.1,0.1,0.0,0.0,51,1017.9,1012.7,49,51,0,10,0.35,0.97,10.5,12.3,239,238,23.8,26.1,22.6,21.6,16.6,0.089,0.169,0.249,0.266,1,3600.0,532.0,346.0,186.0,469.8,532.0,977.4,578.8,376.4,202.4,469.8,578.8,1063.4
39.191563,-9.160919,44.0,2006-06-10T11:00,22.8,60,14.7,23.1,0.1,0.1,0.0,0.0,51,1017.8,1012.6,47,47,0,16,0.41,1.1,10.5,11.9,243,241,25.9,27.6,22.8,21.6,16.6,0.091,0.169,0.249,0.266,1,3600.0,615.0,380.0,235.0,445.3,615.0,1132.6,647.6,400.1,247.5,445.3,647.6,1192.6
39.191563,-9.160919,44.0,2006-06-10T12:00,23.1,59,14.6,23.4,0.0,0.0,0.0,0.0,1,1017.9,1012.8,42,46,0,3,0.42,1.17,11.1,12.8,241,238,28.4,28.6,23.0,21.6,16.6,0.091,0.169,0.248,0.266,1,3600.0,622.0,361.0,261.0,388.6,622.0,1232.9,637.1,369.8,267.3,388.6,637.1,1262.9
39.191563,-9.160919,44.0,2006-06-10T13:00,23.1,59,14.6,23.0,0.0,0.0,0.0,0.0,2,1017.8,1012.7,58,64,0,0,0.4,1.17,12.4,14.3,248,245,29.2,28.8,23.2,21.6,16.7,0.091,0.169,0.248,0.266,1,3600.0,587.0,292.0,295.0,304.7,587.0,1271.6,586.0,291.5,294.5,304.7,586.0,1269.5
39.191563,-9.160919,44.0,2006-06-10T14:00,23.7,57,14.6,24.3,0.0,0.0,0.0,0.0,2,1017.5,1012.4,61,64,0,10,0.5,1.27,14.0,16.3,258,256,29.9,30.3,23.5,21.6,16.7,0.091,0.169,0.248,0.266,1,3600.0,763.0,484.0,279.0,515.5,763.0,1245.9,742.2,470.8,271.4,515.5,742.2,1211.9
39.191563,-9.160919,44.0,2006-06-10T15:00,23.7,56,14.5,23.5,0.0,0.0,0.0,0.0,0,1017.5,1012.4,20,6,0,48,0.46,1.28,16.2,19.1,271,271,29.5,30.5,23.8,21.6,16.7,0.091,0.169,0.248,0.266,1,3600.0,677.0,453.0,224.0,519.2,677.0,1157.8,639.8,428.1,211.7,519.2,639.8,1094.2
39.191563,-9.160919,44.0,2006-06-10T16:00,23.5,58,14.7,22.9,0.0,0.0,0.0,0.0,0,1017.4,1012.3,5,3,0,7,0.41,1.23,16.9,20.1,281,280,28.1,30.4,24.0,21.6,16.7,0.09,0.169,0.248,0.266,1,3600.0,610.0,353.0,257.0,462.4,610.0,1013.1,556.5,322.0,234.4,462.4,556.5,924.2
39.191563,-9.160919,44.0,2006-06-10T17:00,23.0,61,15.0,22.2,0.0,0.0,0.0,0.0,0,1017.3,1012.2,10,3,0,23,0.35,1.1,17.3,21.0,287,286,27.0,29.8,24.2,21.6,16.7,0.09,0.169,0.248,0.266,1,3600.0,520.0,377.0,143.0,608.8,520.0,821.8,451.6,327.4,124.2,608.8,451.6,713.7
39.191563,-9.160919,44.0,2006-06-10T18:00,22.2,65,15.3,21.6,0.0,0.0,0.0,0.0,0,1017.3,1012.1,1,1,0,0,0.25,0.94,16.3,20.3,298,297,26.6,28.5,24.3,21.6,16.7,0.089,0.169,0.248,0.266,1,3600.0,372.0,283.0,89.0,629.2,372.0,596.8,297.2,226.1,71.1,629.2,297.2,476.9
39.191563,-9.160919,44.0,2006-06-10T19:00,21.1,68,15.0,20.7,0.0,0.0,0.0,0.0,0,1017.5,1012.3,0,0,0,0,0.14,0.79,14.1,17.9,308,308,28.1,26.5,24.4,21.6,16.7,0.089,0.169,0.248,0.266,1,3600.0,198.0,136.0,62.0,510.4,198.0,353.6,128.8,88.4,40.3,510.4,128.8,230.0
39.191563,-9.160919,44.0,2006-06-10T20:00,20.1,74,15.4,20.1,0.0,0.0,0.0,0.0,0,1017.9,1012.7,0,0,0,0,0.05,0.6,12.3,17.1,320,321,24.5,24.3,24.3,21.6,16.7,0.089,0.169,0.248,0.266,1,1973.72,46.0,24.0,22.0,195.4,46.0,108.7,0.0,0.0,0.0,0.0,0.0,0.0
39.191563,-9.160919,44.0,2006-06-10T21:00,19.3,80,15.8,19.7,0.0,0.0,0.0,0.0,0,1018.1,1012.9,0,0,0,0,0.02,0.44,11.1,16.4,331,331,19.4,22.5,24.2,21.6,16.7,0.089,0.169,0.248,0.266,0,0.0,0.0,0.0,0.0,0.0,0.0,0.0,0.0,0.0,0.0,0.0,0.0,0.0
39.191563,-9.160919,44.0,2006-06-10T22:00,18.8,85,16.1,19.6,0.0,0.0,0.0,0.0,0,1018.7,1013.5,0,0,0,0,0.01,0.33,9.0,14.7,331,332,18.0,21.3,24.0,21.6,16.7,0.089,0.169,0.248,0.266,0,0.0,0.0,0.0,0.0,0.0,0.0,0.0,0.0,0.0,0.0,0.0,0.0,0.0
39.191563,-9.160919,44.0,2006-06-10T23:00,18.4,88,16.4,19.2,0.0,0.0,0.0,0.0,0,1018.6,1013.4,0,0,0,0,0.0,0.25,9.4,16.2,337,339,17.3,20.4,23.8,21.6,16.7,0.089,0.169,0.248,0.266,0,0.0,0.0,0.0,0.0,0.0,0.0,0.0,0.0,0.0,0.0,0.0,0.0,0.0
39.191563,-9.160919,44.0,2006-06-11T00:00,18.0,91,16.5,18.9,0.0,0.0,0.0,0.0,0,1018.4,1013.2,0,0,0,0,0.0,0.19,9.4,16.4,342,345,17.3,19.7,23.6,21.6,16.7,0.09,0.169,0.248,0.266,0,0.0,0.0,0.0,0.0,0.0,0.0,0.0,0.0,0.0,0.0,0.0,0.0,0.0
39.191563,-9.160919,44.0,2006-06-11T01:00,17.8,92,16.5,18.6,0.0,0.0,0.0,0.0,0,1018.2,1013.0,0,0,0,0,0.0,0.16,10.0,16.9,347,349,17.6,19.2,23.4,21.6,16.7,0.09,0.169,0.248,0.266,0,0.0,0.0,0.0,0.0,0.0,0.0,0.0,0.0,0.0,0.0,0.0,0.0,0.0
39.191563,-9.160919,44.0,2006-06-11T02:00,17.5,93,16.4,18.3,0.0,0.0,0.0,0.0,0,1017.6,1012.4,0,0,0,0,0.0,0.14,9.9,16.7,350,353,19.4,18.8,23.2,21.6,16.7,0.09,0.169,0.248,0.266,0,0.0,0.0,0.0,0.0,0.0,0.0,0.0,0.0,0.0,0.0,0.0,0.0,0.0
39.191563,-9.160919,44.0,2006-06-11T03:00,17.4,93,16.2,18.1,0.0,0.0,0.0,0.0,0,1017.5,1012.3,0,0,0,1,0.0,0.14,9.7,16.2,358,359,19.1,18.5,23.0,21.6,16.7,0.09,0.169,0.248,0.266,0,0.0,0.0,0.0,0.0,0.0,0.0,0.0,0.0,0.0,0.0,0.0,0.0,0.0
39.191563,-9.160919,44.0,2006-06-11T04:00,17.1,94,16.1,17.8,0.0,0.0,0.0,0.0,0,1017.1,1011.8,2,1,0,3,0.0,0.12,9.4,15.9,4,6,18.0,18.2,22.8,21.6,16.7,0.09,0.169,0.248,0.266,0,0.0,0.0,0.0,0.0,0.0,0.0,0.0,0.0,0.0,0.0,0.0,0.0,0.0
39.191563,-9.160919,44.0,2006-06-11T05:00,16.9,94,15.9,17.6,0.0,0.0,0.0,0.0,0,1017.2,1011.9,1,1,0,0,0.0,0.11,8.8,15.4,9,11,16.9,17.9,22.5,21.6,16.7,0.09,0.169,0.248,0.266,0,0.0,0.0,0.0,0.0,0.0,0.0,0.0,0.0,0.0,0.0,0.0,0.0,0.0
39.191563,-9.160919,44.0,2006-06-11T06:00,17.0,94,16.0,17.7,0.0,0.0,0.0,0.0,0,1017.1,1011.8,0,0,0,0,0.01,0.12,9.3,14.8,13,14,15.8,17.9,22.3,21.6,16.7,0.09,0.169,0.248,0.266,1,571.03,26.0,12.0,14.0,115.5,26.0,79.2,59.0,27.2,31.8,201.1,33.9,179.6
39.191563,-9.160919,44.0,2006-06-11T07:00,18.4,87,16.2,19.1,0.0,0.0,0.0,0.0,0,1017.3,1012.1,1,0,0,2,0.08,0.27,9.7,12.3,15,15,16.9,19.1,22.2,21.6,16.7,0.09,0.169,0.248,0.266,1,3600.0,163.0,106.0,57.0,464.3,163.0,302.9,229.5,149.2,80.3,464.3,229.5,426.5
39.191563,-9.160919,44.0,2006-06-11T08:00,20.3,73,15.2,20.7,0.0,0.0,0.0,0.0,0,1017.2,1012.0,1,0,0,3,0.21,0.65,9.2,11.2,11,15,18.4,21.8,22.2,21.6,16.7,0.09,0.169,0.248,0.266,1,3600.0,351.0,269.0,82.0,651.5,351.0,547.9,427.1,327.4,99.8,651.5,427.1,666.7
39.191563,-9.160919,44.0,2006-06-11T09:00,22.1,62,14.4,22.2,0.0,0.0,0.0,0.0,0,1017.4,1012.2,1,0,0,2,0.34,1.02,8.6,10.1,358,2,18.0,24.8,22.3,21.6,16.7,0.09,0.169,0.248,0.266,1,3600.0,543.0,445.0,98.0,759.1,543.0,777.8,617.0,505.7,111.4,759.1,617.0,883.9
39.191563,-9.160919,44.0,2006-06-11T10:00,23.5,56,14.1,24.2,0.0,0.0,0.0,0.0,0,1017.3,1012.2,1,0,0,4,0.46,1.29,10.8,12.2,358,2,20.5,28.0,22.5,21.6,16.7,0.089,0.169,0.248,0.266,1,3600.0,715.0,607.0,108.0,824.1,715.0,977.2,777.9,660.4,117.5,824.1,777.9,1063.2
39.191563,-9.160919,44.0,2006-06-11T11:00,24.6,53,14.2,25.9,0.0,0.0,0.0,0.0,0,1017.2,1012.1,5,0,0,17,0.56,1.47,11.8,13.4,340,346,23.8,30.6,22.8,21.6,16.7,0.089,0.169,0.247,0.266,1,3600.0,853.0,739.0,114.0,865.8,853.0,1132.4,898.2,778.2,120.0,865.8,898.2,1192.5
39.191563,-9.160919,44.0,2006-06-11T12:00,25.3,51,14.3,26.8,0.0,0.0,0.0,0.0,0,1017.1,1012.0,8,0,0,28,0.63,1.6,13.7,15.6,333,337,26.6,32.6,23.2,21.6,16.7,0.088,0.169,0.247,0.266,1,3600.0,938.0,820.0,118.0,882.5,938.0,1232.9,960.9,840.0,120.9,882.5,960.9,1262.9
39.191563,-9.160919,44.0,2006-06-11T13:00,25.7,50,14.4,27.0,0.0,0.0,0.0,0.0,0,1016.9,1011.8,5,0,0,17,0.66,1.67,16.4,19.2,331,334,29.5,33.9,23.6,21.6,16.7,0.087,0.168,0.247,0.266,1,3600.0,976.0,854.0,122.0,891.0,976.0,1271.7,974.5,852.7,121.8,891.0,974.5,1269.7
39.191563,-9.160919,44.0,2006-06-11T14:00,25.7,49,14.2,26.2,0.0,0.0,0.0,0.0,0,1016.2,1011.1,2,0,0,6,0.64,1.69,19.7,23.3,332,333,33.1,34.3,24.0,21.6,16.8,0.087,0.168,0.247,0.266,1,3600.0,954.0,834.0,120.0,887.8,954.0,1246.3,928.1,811.3,116.7,887.8,928.1,1212.4
39.191563,-9.160919,44.0,2006-06-11T15:00,25.3,49,13.7,24.9,0.0,0.0,0.0,0.0,0,1016.4,1011.3,0,0,0,1,0.59,1.66,21.9,26.8,335,336,35.6,34.0,24.3,21.6,16.8,0.086,0.168,0.247,0.266,1,3600.0,876.0,759.0,117.0,869.3,876.0,1158.4,828.0,717.4,110.6,869.3,828.0,1095.0
39.191563,-9.160919,44.0,2006-06-11T16:00,24.7,49,13.2,23.4,0.0,0.0,0.0,0.0,0,1016.2,1011.1,0,0,0,0,0.52,1.59,22.6,27.8,338,339,37.1,33.0,24.6,21.6,16.8,0.086,0.168,0.247,0.266,1,3600.0,748.0,638.0,110.0,834.7,748.0,1014.1,682.5,582.2,100.4,834.7,682.5,925.3
39.191563,-9.160919,44.0,2006-06-11T17:00,24.0,51,13.2,21.7,0.0,0.0,0.0,0.0,0,1016.2,1011.1,0,0,0,0,0.42,1.46,23.3,29.4,340,341,37.8,31.4,24.9,21.6,16.8,0.086,0.168,0.247,0.266,1,3600.0,583.0,484.0,99.0,780.2,583.0,823.0,506.5,420.5,86.0,780.2,506.5,715.0
39.191563,-9.160919,44.0,2006-06-11T18:00,22.8,58,14.1,20.5,0.0,0.0,0.0,0.0,0,1016.0,1010.9,0,0,0,0,0.3,1.17,25.0,32.1,342,342,38.9,29.5,25.0,21.6,16.8,0.085,0.168,0.247,0.266,1,3600.0,394.0,310.0,84.0,687.4,394.0,598.3,315.1,247.9,67.2,687.4,315.1,478.5
39.191563,-9.160919,44.0,2006-06-11T19:00,21.3,69,15.3,19.2,0.0,0.0,0.0,0.0,0,1016.3,1011.1,0,0,0,0,0.17,0.79,26.5,35.3,345,346,43.6,27.1,25.0,21.6,16.8,0.085,0.168,0.247,0.266,1,3600.0,200.0,137.0,63.0,511.6,200.0,355.3,130.5,89.4,41.1,511.6,130.5,231.8
39.191563,-9.160919,44.0,2006-06-11T20:00,19.9,80,16.4,18.2,0.0,0.0,0.0,0.0,0,1016.3,1011.1,8,9,0,0,0.07,0.46,26.6,37.2,351,351,45.0,24.7,24.9,21.6,16.8,0.085,0.168,0.247,0.266,1,2001.91,46.0,24.0,22.0,194.4,46.0,110.5,0.0,0.0,0.0,0.0,0.0,0.0
39.191563,-9.160919,44.0,2006-06-11T21:00,19.2,86,16.8,17.7,0.0,0.0,0.0,0.0,1,1017.0,1011.8,33,37,0,0,0.03,0.31,27.0,38.2,358,358,45.0,23.0,24.8,21.6,16.8,0.086,0.168,0.246,0.266,0,0.0,0.0,0.0,0.0,0.0,0.0,0.0,0.0,0.0,0.0,0.0,0.0,0.0
39.191563,-9.160919,44.0,2006-06-11T22:00,18.8,88,16.7,17.8,0.0,0.0,0.0,0.0,1,1017.1,1011.9,46,51,0,0,0.02,0.26,23.0,32.8,1,3,44.3,21.9,24.6,21.6,16.8,0.086,0.168,0.246,0.266,0,0.0,0.0,0.0,0.0,0.0,0.0,0.0,0.0,0.0,0.0,0.0,0.0,0.0
39.191563,-9.160919,44.0,2006-06-11T23:00,18.5,88,16.5,17.6,0.0,0.0,0.0,0.0,1,1017.0,1011.8,34,37,0,3,0.02,0.25,21.6,31.0,358,360,41.8,21.2,24.5,21.6,16.8,0.086,0.168,0.246,0.266,0,0.0,0.0,0.0,0.0,0.0,0.0,0.0,0.0,0.0,0.0,0.0,0.0,0.0
39.191563,-9.160919,44.0,2006-06-12T00:00,18.2,89,16.3,17.1,0.0,0.0,0.0,0.0,1,1016.8,1011.6,41,44,0,5,0.02,0.24,22.0,31.0,355,357,39.2,20.6,24.2,21.6,16.8,0.086,0.168,0.246,0.266,0,0.0,0.0,0.0,0.0,0.0,0.0,0.0,0.0,0.0,0.0,0.0,0.0,0.0
39.191563,-9.160919,44.0,2006-06-12T01:00,18.0,89,16.2,16.9,0.0,0.0,0.0,0.0,1,1016.6,1011.4,43,45,0,9,0.02,0.22,22.0,31.4,355,357,37.8,20.1,24.0,21.6,16.8,0.086,0.168,0.246,0.266,0,0.0,0.0,0.0,0.0,0.0,0.0,0.0,0.0,0.0,0.0,0.0,0.0,0.0
39.191563,-9.160919,44.0,2006-06-12T02:00,17.8,90,16.1,16.5,0.0,0.0,0.0,0.0,1,1016.4,1011.2,44,39,0,28,0.01,0.21,22.8,32.5,355,356,38.2,19.7,23.8,21.6,16.8,0.086,0.168,0.246,0.266,0,0.0,0.0,0.0,0.0,0.0,0.0,0.0,0.0,0.0,0.0,0.0,0.0,0.0
39.191563,-9.160919,44.0,2006-06-12T03:00,17.6,89,15.8,16.1,0.0,0.0,0.0,0.0,2,1016.3,1011.1,52,34,0,73,0.02,0.22,23.8,33.2,356,356,38.9,19.4,23.6,21.6,16.8,0.086,0.168,0.246,0.266,0,0.0,0.0,0.0,0.0,0.0,0.0,0.0,0.0,0.0,0.0,0.0,0.0,0.0
39.191563,-9.160919,44.0,2006-06-12T04:00,17.5,89,15.6,16.0,0.0,0.0,0.0,0.0,2,1016.0,1010.8,57,33,0,92,0.02,0.23,23.4,32.8,358,359,38.9,19.2,23.4,21.6,16.8,0.086,0.168,0.246,0.266,0,0.0,0.0,0.0,0.0,0.0,0.0,0.0,0.0,0.0,0.0,0.0,0.0,0.0
39.191563,-9.160919,44.0,2006-06-12T05:00,17.5,88,15.5,16.0,0.0,0.0,0.0,0.0,2,1016.1,1010.9,64,39,0,97,0.02,0.23,22.7,31.7,359,360,38.2,19.0,23.2,21.6,16.8,0.086,0.168,0.246,0.266,0,0.0,0.0,0.0,0.0,0.0,0.0,0.0,0.0,0.0,0.0,0.0,0.0,0.0
39.191563,-9.160919,44.0,2006-06-12T06:00,17.6,87,15.5,16.2,0.0,0.0,0.0,0.0,1,1016.3,1011.1,43,16,0,94,0.04,0.26,22.3,30.6,359,359,38.2,19.0,23.0,21.6,16.8,0.086,0.168,0.246,0.266,1,0.0,22.0,4.0,18.0,38.5,22.0,79.2,49.9,9.1,40.8,67.0,28.7,179.7
39.191563,-9.160919,44.0,2006-06-12T07:00,18.4,81,15.1,16.6,0.0,0.0,0.0,0.0,2,1016.5,1011.3,59,32,0,100,0.1,0.41,23.8,30.2,359,360,38.2,19.9,22.9,21.6,16.8,0.086,0.168,0.246,0.266,1,3600.0,127.0,42.0,85.0,183.9,127.0,302.9,178.8,59.1,119.7,183.9,178.8,426.4
39.191563,-9.160919,44.0,2006-06-12T08:00,19.7,74,14.9,17.7,0.0,0.0,0.0,0.0,2,1016.7,1011.5,63,35,4,97,0.18,0.6,24.5,31.0,357,358,40.3,21.4,22.8,21.6,16.8,0.086,0.168,0.246,0.266,1,3600.0,266.0,104.0,162.0,251.9,266.0,547.7,323.7,126.6,197.1,251.9,323.7,666.5
39.191563,-9.160919,44.0,2006-06-12T09:00,20.7,69,14.8,18.5,0.0,0.0,0.0,0.0,2,1016.9,1011.7,59,33,0,99,0.26,0.76,26.0,32.5,354,355,42.8,23.2,22.8,21.6,16.8,0.086,0.168,0.246,0.266,1,3600.0,404.0,171.0,233.0,291.7,404.0,777.6,459.1,194.3,264.8,291.7,459.1,883.6
39.191563,-9.160919,44.0,2006-06-12T10:00,21.4,66,14.8,19.6,0.0,0.0,0.0,0.0,2,1016.8,1011.6,69,44,0,98,0.33,0.86,22.7,27.4,356,357,45.7,24.9,22.8,21.6,16.8,0.086,0.168,0.246,0.266,1,3600.0,514.0,184.0,330.0,249.8,514.0,977.0,559.2,200.2,359.0,249.8,559.2,1063.0
39.191563,-9.160919,44.0,2006-06-12T11:00,21.7,65,14.9,20.0,0.0,0.0,0.0,0.0,2,1016.8,1011.6,58,32,0,99,0.36,0.9,22.8,27.8,355,356,46.4,26.1,22.9,21.6,16.8,0.086,0.168,0.246,0.266,1,3600.0,565.0,208.0,357.0,243.7,565.0,1132.2,595.0,219.0,376.0,243.7,595.0,1192.3
39.191563,-9.160919,44.0,2006-06-12T12:00,22.3,63,14.9,21.3,0.0,0.0,0.0,0.0,2,1016.7,1011.5,52,26,0,97,0.43,1.0,22.7,27.4,357,358,47.2,27.5,23.1,21.6,16.8,0.085,0.168,0.246,0.266,1,3600.0,700.0,302.0,398.0,325.0,700.0,1232.8,717.1,309.4,407.7,325.0,717.1,1262.9
39.191563,-9.160919,44.0,2006-06-12T13:00,22.7,61,14.9,21.9,0.0,0.0,0.0,0.0,1,1016.5,1011.4,38,10,0,98,0.47,1.07,23.5,28.8,356,357,47.5,28.7,23.3,21.6,16.8,0.085,0.168,0.246,0.266,1,3600.0,768.0,411.0,357.0,428.7,768.0,1271.8,766.9,410.4,356.5,428.7,766.9,1270.0
39.191563,-9.160919,44.0,2006-06-12T14:00,22.7,61,14.8,21.4,0.0,0.0,0.0,0.0,1,1015.8,1010.7,38,10,0,97,0.45,1.08,25.4,31.1,353,355,49.0,29.1,23.5,21.6,16.8,0.085,0.168,0.246,0.266,1,3600.0,720.0,306.0,414.0,325.6,720.0,1246.7,700.5,297.7,402.8,325.6,700.5,1212.9
39.191563,-9.160919,44.0,2006-06-12T15:00,22.6,62,14.9,20.9,0.0,0.0,0.0,0.0,1,1015.4,1010.3,36,8,0,97,0.42,1.05,26.0,32.1,356,357,49.3,29.0,23.7,21.6,16.8,0.085,0.168,0.246,0.266,1,3600.0,653.0,304.0,349.0,347.9,653.0,1159.1,617.3,287.4,329.9,347.9,617.3,1095.7
39.191563,-9.160919,44.0,2006-06-12T16:00,22.4,63,15.0,20.3,0.0,0.0,0.0,0.0,1,1014.9,1009.8,32,3,0,96,0.37,1.0,25.7,31.8,355,356,49.0,28.6,23.9,21.6,16.9,0.085,0.167,0.246,0.266,1,3600.0,565.0,236.0,329.0,308.4,565.0,1014.9,515.7,215.4,300.3,308.4,515.7,926.3
39.191563,-9.160919,44.0,2006-06-12T17:00,21.9,65,15.1,19.9,0.0,0.0,0.0,0.0,1,1014.5,1009.3,31,0,3,97,0.3,0.91,25.7,31.8,354,355,47.2,27.8,24.0,21.6,16.9,0.085,0.167,0.246,0.266,1,3600.0,454.0,212.0,242.0,341.2,454.0,824.2,394.6,184.3,210.3,341.2,394.6,716.3
39.191563,-9.160919,44.0,2006-06-12T18:00,21.0,70,15.2,18.9,0.0,0.0,0.0,0.0,1,1014.1,1008.9,33,0,8,95,0.21,0.75,26.1,33.0,353,353,47.2,26.4,24.0,21.6,16.9,0.085,0.167,0.246,0.266,1,3600.0,296.0,129.0,167.0,285.3,296.0,599.7,236.9,103.2,133.7,285.3,236.9,480.0
39.191563,-9.160919,44.0,2006-06-12T19:00,20.0,76,15.7,18.1,0.0,0.0,0.0,0.0,1,1013.8,1008.6,33,0,10,91,0.13,0.55,25.9,33.8,351,352,43.6,24.8,24.0,21.6,16.9,0.085,0.167,0.246,0.265,1,3600.0,159.0,56.0,103.0,208.1,159.0,356.9,104.0,36.6,67.4,208.1,104.0,233.4
39.191563,-9.160919,44.0,2006-06-12T20:00,19.1,82,15.9,17.3,0.0,0.0,0.0,0.0,1,1013.6,1008.4,27,0,10,70,0.06,0.4,25.9,34.9,351,352,42.8,23.1,23.9,21.6,16.9,0.085,0.167,0.246,0.265,1,1028.57,38.0,15.0,23.0,120.8,38.0,112.2,0.0,0.0,0.0,0.0,0.0,0.0
39.191563,-9.160919,44.0,2006-06-12T21:00,18.6,86,16.3,17.1,0.0,0.0,0.0,0.0,1,1013.9,1008.7,21,1,10,48,0.03,0.3,25.0,36.1,354,356,41.4,21.8,23.8,21.6,16.9,0.085,0.167,0.246,0.265,0,0.0,0.0,0.0,0.0,0.0,0.0,0.0,0.0,0.0,0.0,0.0,0.0,0.0
39.191563,-9.160919,44.0,2006-06-12T22:00,18.5,88,16.4,17.4,0.0,0.0,0.0,0.0,0,1014.3,1009.1,11,0,18,1,0.02,0.26,22.4,32.4,355,357,39.6,20.9,23.7,21.6,16.9,0.085,0.167,0.246,0.265,0,0.0,0.0,0.0,0.0,0.0,0.0,0.0,0.0,0.0,0.0,0.0,0.0,0.0
39.191563,-9.160919,44.0,2006-06-12T23:00,18.5,88,16.5,17.3,0.0,0.0,0.0,0.0,0,1014.1,1008.9,14,3,19,0,0.02,0.25,23.4,33.8,359,1,38.5,20.4,23.5,21.6,16.9,0.085,0.167,0.246,0.265,0,0.0,0.0,0.0,0.0,0.0,0.0,0.0,0.0,0.0,0.0,0.0,0.0,0.0
39.191563,-9.160919,44.0,2006-06-13T00:00,18.5,90,16.7,17.7,0.0,0.0,0.0,0.0,0,1013.5,1008.3,12,3,13,5,0.01,0.22,21.2,31.7,359,1,35.3,20.1,23.3,21.6,16.9,0.085,0.167,0.246,0.265,0,0.0,0.0,0.0,0.0,0.0,0.0,0.0,0.0,0.0,0.0,0.0,0.0,0.0
39.191563,-9.160919,44.0,2006-06-13T01:00,18.4,91,16.9,18.3,0.0,0.0,0.0,0.0,0,1012.9,1007.7,14,0,16,16,0.01,0.2,17.3,26.3,359,2,32.8,19.9,23.2,21.6,16.9,0.086,0.167,0.246,0.265,0,0.0,0.0,0.0,0.0,0.0,0.0,0.0,0.0,0.0,0.0,0.0,0.0,0.0
39.191563,-9.160919,44.0,2006-06-13T02:00,18.5,90,16.9,19.1,0.1,0.1,0.0,0.0,51,1012.5,1007.3,34,2,25,57,0.0,0.2,13.0,20.5,358,2,28.1,19.8,23.0,21.6,16.9,0.087,0.167,0.246,0.265,0,0.0,0.0,0.0,0.0,0.0,0.0,0.0,0.0,0.0,0.0,0.0,0.0,0.0
39.191563,-9.160919,44.0,2006-06-13T03:00,18.4,92,17.0,19.3,0.2,0.2,0.0,0.0,51,1012.7,1007.5,61,0,54,94,0.0,0.17,10.8,17.3,356,2,21.2,19.7,22.8,21.6,16.9,0.091,0.167,0.246,0.265,0,0.0,0.0,0.0,0.0,0.0,0.0,0.0,0.0,0.0,0.0,0.0,0.0,0.0
39.191563,-9.160919,44.0,2006-06-13T04:00,18.3,91,16.9,19.1,0.3,0.3,0.0,0.0,51,1012.6,1007.4,58,2,44,99,0.0,0.18,11.2,17.2,345,350,13.0,19.4,22.7,21.6,16.9,0.094,0.167,0.246,0.265,0,0.0,0.0,0.0,0.0,0.0,0.0,0.0,0.0,0.0,0.0,0.0,0.0,0.0
39.191563,-9.160919,44.0,2006-06-13T05:00,18.1,93,17.0,18.6,0.7,0.7,0.0,0.0,53,1012.9,1007.7,69,21,35,97,0.0,0.15,13.5,19.7,351,352,10.4,19.3,22.5,21.6,16.9,0.105,0.167,0.246,0.265,0,0.0,0.0,0.0,0.0,0.0,0.0,0.0,0.0,0.0,0.0,0.0,0.0,0.0
39.191563,-9.160919,44.0,2006-06-13T06:00,18.0,95,17.3,18.4,1.0,1.0,0.0,0.0,55,1012.9,1007.7,82,40,34,86,0.02,0.1,14.8,20.2,1,360,15.1,19.4,22.4,21.6,16.9,0.118,0.168,0.246,0.265,1,0.0,14.0,1.0,13.0,9.6,14.0,79.2,31.8,2.3,29.5,16.7,18.2,179.8
39.191563,-9.160919,44.0,2006-06-13T07:00,19.2,90,17.6,19.9,0.0,0.0,0.0,0.0,2,1013.2,1008.0,62,14,45,76,0.07,0.22,14.1,18.1,6,5,26.3,20.2,22.3,21.6,16.9,0.119,0.168,0.245,0.265,1,3600.0,115.0,47.0,68.0,205.8,115.0,302.9,161.9,66.2,95.7,205.8,161.9,426.3
39.191563,-9.160919,44.0,2006-06-13T08:00,20.5,85,17.8,21.4,0.0,0.0,0.0,0.0,2,1013.1,1007.9,50,0,41,85,0.14,0.37,13.0,16.0,6,8,26.6,21.2,22.2,21.6,16.9,0.119,0.168,0.245,0.265,1,3600.0,227.0,116.0,111.0,281.0,227.0,547.5,276.2,141.2,135.1,281.0,276.2,666.3
39.191563,-9.160919,44.0,2006-06-13T09:00,22.0,78,18.0,23.0,0.1,0.1,0.0,0.0,51,1013.2,1008.1,43,0,41,60,0.24,0.59,13.1,16.3,9,14,24.1,23.1,22.2,21.6,16.9,0.119,0.168,0.245,0.265,1,3600.0,385.0,200.0,185.0,341.2,385.0,777.3,437.5,227.3,210.2,341.2,437.5,883.3
39.191563,-9.160919,44.0,2006-06-13T10:00,23.3,72,18.0,25.4,0.1,0.1,0.0,0.0,51,1013.7,1008.6,99,28,99,48,0.31,0.8,5.3,6.1,28,40,23.8,25.1,22.4,21.6,16.9,0.12,0.168,0.245,0.265,1,3600.0,471.0,223.0,248.0,302.8,471.0,976.7,512.5,242.6,269.8,302.8,512.5,1062.7
39.191563,-9.160919,44.0,2006-06-13T11:00,24.1,68,17.8,26.2,0.0,0.0,0.0,0.0,3,1013.5,1008.4,85,6,100,66,0.31,0.96,4.7,5.9,32,47,20.2,26.3,22.5,21.6,16.9,0.119,0.167,0.245,0.265,1,3600.0,438.0,184.0,254.0,215.6,438.0,1132.0,461.3,193.8,267.5,215.6,461.3,1192.2
39.191563,-9.160919,44.0,2006-06-13T12:00,25.1,63,17.7,27.0,0.0,0.0,0.0,0.0,3,1013.3,1008.2,86,1,95,92,0.37,1.17,6.1,6.2,357,10,24.5,27.7,22.7,21.6,16.9,0.118,0.167,0.245,0.265,1,3600.0,514.0,186.0,328.0,200.1,514.0,1232.7,526.6,190.6,336.0,200.1,526.6,1262.9
39.191563,-9.160919,44.0,2006-06-13T13:00,25.7,61,17.5,27.1,0.0,0.0,0.0,0.0,2,1013.0,1007.9,67,16,38,98,0.43,1.3,10.5,12.6,16,24,28.4,29.1,23.0,21.6,16.9,0.117,0.167,0.245,0.265,1,3600.0,602.0,296.0,306.0,308.6,602.0,1271.9,601.2,295.6,305.6,308.6,601.2,1270.1
39.191563,-9.160919,44.0,2006-06-13T14:00,25.4,59,16.9,26.1,0.0,0.0,0.0,0.0,2,1012.2,1007.1,61,8,40,100,0.31,1.32,11.7,15.3,45,51,28.1,28.4,23.2,21.6,16.9,0.116,0.167,0.245,0.265,1,1039.57,387.0,89.0,298.0,94.7,387.0,1247.0,376.6,86.6,290.0,94.7,376.6,1213.3
39.191563,-9.160919,44.0,2006-06-13T15:00,25.1,60,16.7,25.7,0.0,0.0,0.0,0.0,3,1012.2,1007.1,87,16,71,99,0.24,1.28,11.6,16.1,68,74,28.1,27.4,23.4,21.6,16.9,0.116,0.167,0.245,0.265,1,52.68,261.0,54.0,207.0,61.8,261.0,1159.6,246.8,51.1,195.7,61.8,246.8,1096.4
39.191563,-9.160919,44.0,2006-06-13T16:00,24.9,60,16.6,25.4,0.0,0.0,0.0,0.0,2,1011.9,1006.8,66,2,57,100,0.24,1.27,12.2,17.4,76,83,26.3,27.2,23.5,21.6,16.9,0.115,0.167,0.245,0.265,1,0.0,268.0,28.0,240.0,36.6,268.0,1015.8,244.7,25.6,219.1,36.6,244.7,927.3
39.191563,-9.160919,44.0,2006-06-13T17:00,24.6,61,16.5,25.0,0.0,0.0,0.0,0.0,2,1011.5,1006.4,67,0,61,100,0.2,1.21,12.6,18.4,85,91,24.1,26.6,23.6,21.6,16.9,0.114,0.167,0.245,0.265,1,0.0,200.0,13.0,187.0,20.9,200.0,825.2,173.9,11.3,162.6,20.9,173.9,717.5
39.191563,-9.160919,44.0,2006-06-13T18:00,24.2,62,16.5,24.6,0.0,0.0,0.0,0.0,2,1011.3,1006.2,79,0,82,100,0.17,1.15,12.4,19.1,80,89,20.5,25.9,23.7,21.6,16.9,0.114,0.167,0.245,0.265,1,0.0,151.0,5.0,146.0,11.0,151.0,601.0,120.9,4.0,116.9,11.0,120.9,481.4
39.191563,-9.160919,44.0,2006-06-13T19:00,24.0,63,16.6,24.5,0.0,0.0,0.0,0.0,1,1010.9,1005.8,42,0,20,100,0.11,1.09,11.8,18.8,78,87,22.0,24.9,23.7,21.6,17.0,0.114,0.167,0.245,0.265,1,0.0,55.0,0.0,55.0,0.0,55.0,358.4,36.1,0.0,36.1,0.0,36.1,235.0
39.191563,-9.160919,44.0,2006-06-13T20:00,23.1,67,16.6,23.8,0.2,0.2,0.0,0.0,51,1011.1,1006.0,40,0,19,97,0.07,0.94,10.8,19.1,88,90,19.8,23.9,23.7,21.6,17.0,0.117,0.167,0.245,0.265,1,0.0,21.0,4.0,17.0,32.1,21.0,113.9,0.0,0.0,0.0,0.0,0.0,0.0
39.191563,-9.160919,44.0,2006-06-13T21:00,21.8,73,16.7,22.7,0.7,0.7,0.0,0.0,53,1011.5,1006.4,61,0,52,98,0.03,0.72,10.1,14.9,96,97,20.2,22.8,23.6,21.6,17.0,0.126,0.167,0.245,0.265,0,0.0,0.0,0.0,0.0,0.0,0.0,0.0,0.0,0.0,0.0,0.0,0.0,0.0
39.191563,-9.160919,44.0,2006-06-13T22:00,20.9,76,16.6,22.0,0.6,0.6,0.0,0.0,53,1010.8,1005.6,38,0,21,84,0.02,0.58,8.7,13.4,42,54,24.5,21.9,23.5,21.6,17.0,0.132,0.167,0.245,0.265,0,0.0,0.0,0.0,0.0,0.0,0.0,0.0,0.0,0.0,0.0,0.0,0.0,0.0
39.191563,-9.160919,44.0,2006-06-13T23:00,20.2,81,16.9,20.7,0.2,0.2,0.0,0.0,51,1009.9,1004.7,35,0,22,72,0.02,0.44,13.1,24.4,32,37,36.4,21.2,23.3,21.6,17.0,0.133,0.167,0.245,0.265,0,0.0,0.0,0.0,0.0,0.0,0.0,0.0,0.0,0.0,0.0,0.0,0.0,0.0
39.191563,-9.160919,44.0,2006-06-14T00:00,19.8,84,17.0,21.1,0.8,0.8,0.0,0.0,53,1009.8,1004.6,46,0,28,99,0.0,0.37,7.9,14.5,16,30,36.7,20.8,23.2,21.6,17.0,0.146,0.167,0.245,0.265,0,0.0,0.0,0.0,0.0,0.0,0.0,0.0,0.0,0.0,0.0,0.0,0.0,0.0
39.191563,-9.160919,44.0,2006-06-14T01:00,19.1,90,17.3,21.3,2.2,2.2,0.0,0.0,61,1010.5,1005.3,85,0,92,100,0.0,0.23,2.6,5.5,146,101,25.9,20.5,23.0,21.6,17.0,0.18,0.167,0.245,0.265,0,0.0,0.0,0.0,0.0,0.0,0.0,0.0,0.0,0.0,0.0,0.0,0.0,0.0
39.191563,-9.160919,44.0,2006-06-14T02:00,18.8,92,17.5,20.9,1.3,1.3,0.0,0.0,61,1010.6,1005.4,89,4,93,100,0.0,0.17,3.6,5.0,180,159,16.2,20.3,22.9,21.6,17.0,0.194,0.167,0.245,0.265,0,0.0,0.0,0.0,0.0,0.0,0.0,0.0,0.0,0.0,0.0,0.0,0.0,0.0
39.191563,-9.160919,44.0,2006-06-14T03:00,18.9,91,17.4,21.2,0.2,0.2,0.0,0.0,51,1010.1,1004.9,85,1,90,100,0.0,0.19,2.3,2.3,252,309,24.1,20.1,22.7,21.5,17.0,0.196,0.167,0.245,0.265,0,0.0,0.0,0.0,0.0,0.0,0.0,0.0,0.0,0.0,0.0,0.0,0.0,0.0
39.191563,-9.160919,44.0,2006-06-14T04:00,19.0,90,17.3,20.9,0.0,0.0,0.0,0.0,3,1009.7,1004.5,99,10,100,100,0.0,0.22,4.5,4.4,241,279,27.0,20.1,22.6,21.5,17.0,0.197,0.167,0.245,0.265,0,0.0,0.0,0.0,0.0,0.0,0.0,0.0,0.0,0.0,0.0,0.0,0.0,0.0
39.191563,-9.160919,44.0,2006-06-14T05:00,18.9,90,17.2,20.7,0.5,0.5,0.0,0.0,53,1009.1,1003.9,87,4,89,100,0.0,0.21,5.0,6.5,270,304,26.3,20.0,22.4,21.5,17.0,0.204,0.168,0.245,0.265,0,0.0,0.0,0.0,0.0,0.0,0.0,0.0,0.0,0.0,0.0,0.0,0.0,0.0
39.191563,-9.160919,44.0,2006-06-14T06:00,18.7,91,17.2,20.9,2.0,2.0,0.0,0.0,61,1008.9,1003.7,74,38,17,100,0.02,0.2,2.2,5.5,360,23,20.2,19.9,22.3,21.5,17.0,0.234,0.168,0.245,0.265,1,0.0,5.0,0.0,5.0,0.0,5.0,79.2,11.3,0.0,11.3,0.0,6.5,179.7
39.191563,-9.160919,44.0,2006-06-14T07:00,18.8,94,17.7,20.8,0.0,0.0,0.0,0.0,3,1009.1,1003.9,100,68,24,100,0.04,0.14,4.8,8.4,103,97,13.7,20.2,22.1,21.5,17.0,0.234,0.168,0.245,0.265,1,0.0,42.0,0.0,42.0,0.0,42.0,302.7,59.1,0.0,59.1,0.0,59.1,426.1
39.191563,-9.160919,44.0,2006-06-14T08:00,19.7,87,17.5,20.5,0.0,0.0,0.0,0.0,2,1009.2,1004.0,66,29,16,100,0.11,0.29,12.4,17.4,126,124,22.0,21.2,22.1,21.5,17.0,0.234,0.168,0.245,0.265,1,0.0,169.0,20.0,149.0,48.5,169.0,547.2,205.7,24.3,181.3,48.5,205.7,665.9
39.191563,-9.160919,44.0,2006-06-14T09:00,20.7,80,17.2,20.7,0.0,0.0,0.0,0.0,2,1009.2,1004.1,68,35,11,100,0.18,0.49,17.5,23.7,127,126,28.8,21.8,22.1,21.5,17.0,0.235,0.168,0.245,0.265,1,913.36,281.0,53.0,228.0,90.4,281.0,777.0,319.3,60.2,259.1,90.4,319.3,883.0
39.191563,-9.160919,44.0,2006-06-14T10:00,21.8,75,17.2,23.3,0.1,0.1,0.0,0.0,51,1009.6,1004.5,85,47,29,84,0.3,0.64,7.2,9.6,127,124,32.8,23.1,22.1,21.5,17.0,0.234,0.168,0.245,0.265,1,3600.0,467.0,201.0,266.0,273.0,467.0,976.4,508.1,218.7,289.4,273.0,508.1,1062.4
39.191563,-9.160919,44.0,2006-06-14T11:00,22.6,75,17.8,24.0,0.0,0.0,0.0,0.0,3,1009.6,1004.5,100,76,53,53,0.33,0.7,9.2,13.1,132,127,34.6,24.3,22.2,21.5,17.0,0.232,0.168,0.245,0.265,1,3600.0,506.0,223.0,283.0,261.3,506.0,1131.7,532.9,234.9,298.1,261.3,532.9,1192.0
39.191563,-9.160919,44.0,2006-06-14T12:00,23.4,72,18.1,25.4,0.1,0.1,0.0,0.0,51,1009.3,1004.2,100,71,82,41,0.41,0.79,9.3,13.2,152,145,35.6,25.6,22.4,21.5,17.0,0.23,0.168,0.245,0.265,1,3600.0,630.0,320.0,310.0,344.2,630.0,1232.6,645.5,327.9,317.6,344.2,645.5,1262.9
39.191563,-9.160919,44.0,2006-06-14T13:00,24.0,65,16.9,25.6,0.1,0.1,0.0,0.0,51,1009.7,1004.6,100,66,63,37,0.41,1.06,8.1,11.9,159,151,35.3,26.1,22.6,21.5,17.0,0.229,0.168,0.245,0.265,1,3600.0,598.0,352.0,246.0,366.9,598.0,1272.0,597.2,351.5,245.7,366.9,597.2,1270.3
39.191563,-9.160919,44.0,2006-06-14T14:00,23.3,70,17.4,25.2,0.7,0.7,0.0,0.0,53,1009.2,1004.1,63,33,48,15,0.37,0.87,4.7,7.0,157,145,32.4,26.4,22.8,21.5,17.0,0.23,0.168,0.244,0.265,1,3600.0,548.0,315.0,233.0,334.9,548.0,1247.3,533.3,306.5,226.7,334.9,533.3,1213.7
39.191563,-9.160919,44.0,2006-06-14T15:00,23.0,71,17.5,25.2,0.5,0.5,0.0,0.0,53,1009.2,1004.1,57,34,35,19,0.34,0.81,3.2,4.9,180,163,28.8,26.4,22.9,21.5,17.0,0.235,0.168,0.244,0.265,1,3600.0,507.0,244.0,263.0,278.9,507.0,1160.1,479.4,230.7,248.7,278.9,479.4,1097.0
39.191563,-9.160919,44.0,2006-06-14T16:00,21.6,77,17.4,23.7,2.7,2.7,0.0,0.0,63,1008.7,1003.6,46,20,22,50,0.27,0.59,3.7,3.8,241,221,24.5,25.7,23.1,21.5,17.0,0.278,0.169,0.244,0.265,1,3600.0,406.0,193.0,213.0,251.7,406.0,1016.5,370.7,176.2,194.5,251.7,370.7,928.2
39.191563,-9.160919,44.0,2006-06-14T17:00,21.3,79,17.5,23.2,0.9,0.9,0.0,0.0,53,1009.6,1004.5,55,25,16,76,0.21,0.53,4.8,6.7,207,196,27.0,24.8,23.1,21.5,17.0,0.285,0.169,0.244,0.265,1,3600.0,324.0,185.0,139.0,296.9,324.0,826.2,281.8,160.9,120.9,296.9,281.8,718.6
39.191563,-9.160919,44.0,2006-06-14T18:00,21.7,79,17.9,24.4,0.0,0.0,0.0,0.0,1,1009.6,1004.5,43,16,19,56,0.18,0.55,1.1,0.0,342,180,19.1,24.4,23.2,21.5,17.0,0.283,0.169,0.244,0.265,1,3600.0,282.0,151.0,131.0,332.4,282.0,602.2,226.0,121.0,105.0,332.4,226.0,482.7
39.191563,-9.160919,44.0,2006-06-14T19:00,20.6,81,17.2,21.9,0.3,0.3,0.0,0.0,51,1009.9,1004.7,48,6,45,52,0.08,0.46,8.1,9.7,32,39,13.0,23.4,23.2,21.5,17.0,0.284,0.17,0.244,0.265,1,2953.99,107.0,43.0,64.0,158.5,107.0,359.8,70.3,28.3,42.1,158.5,70.3,236.5
39.191563,-9.160919,44.0,2006-06-14T20:00,20.0,83,17.1,21.4,0.1,0.1,0.0,0.0,51,1010.2,1005.0,38,8,32,39,0.03,0.39,7.4,10.3,51,61,16.6,22.2,23.1,21.5,17.0,0.284,0.17,0.244,0.265,1,342.87,31.0,10.0,21.0,79.8,31.0,115.4,0.0,0.0,0.0,0.0,0.0,0.0
39.191563,-9.160919,44.0,2006-06-14T21:00,19.6,86,17.2,21.3,0.0,0.0,0.0,0.0,1,1010.7,1005.5,45,19,34,24,0.0,0.32,5.8,10.3,97,102,13.0,21.3,23.0,21.5,17.0,0.284,0.171,0.244,0.265,0,0.0,0.0,0.0,0.0,0.0,0.0,0.0,0.0,0.0,0.0,0.0,0.0,0.0
39.191563,-9.160919,44.0,2006-06-14T22:00,19.3,88,17.3,21.0,0.0,0.0,0.0,0.0,1,1011.0,1005.8,32,10,32,14,0.0,0.26,6.4,9.0,74,92,10.8,20.9,22.8,21.5,17.0,0.283,0.171,0.244,0.265,0,0.0,0.0,0.0,0.0,0.0,0.0,0.0,0.0,0.0,0.0,0.0,0.0,0.0
39.191563,-9.160919,44.0,2006-06-14T23:00,18.9,90,17.2,20.3,0.0,0.0,0.0,0.0,1,1011.2,1006.0,34,6,35,25,0.0,0.22,7.6,13.4,85,95,13.0,20.3,22.6,21.5,17.0,0.281,0.171,0.244,0.265,0,0.0,0.0,0.0,0.0,0.0,0.0,0.0,0.0,0.0,0.0,0.0,0.0,0.0
39.191563,-9.160919,44.0,2006-06-15T00:00,18.5,91,17.1,19.6,0.0,0.0,0.0,0.0,1,1010.9,1005.7,30,12,24,15,0.0,0.19,9.8,17.9,96,100,15.1,19.9,22.5,21.5,17.1,0.28,0.172,0.244,0.265,0,0.0,0.0,0.0,0.0,0.0,0.0,0.0,0.0,0.0,0.0,0.0,0.0,0.0
39.191563,-9.160919,44.0,2006-06-15T01:00,18.7,90,17.0,19.6,0.0,0.0,0.0,0.0,1,1011.2,1006.0,31,12,27,12,0.0,0.21,10.5,20.1,94,99,17.3,19.8,22.3,21.5,17.1,0.279,0.172,0.244,0.265,0,0.0,0.0,0.0,0.0,0.0,0.0,0.0,0.0,0.0,0.0,0.0,0.0,0.0
39.191563,-9.160919,44.0,2006-06-15T02:00,18.5,89,16.6,19.2,0.0,0.0,0.0,0.0,1,1010.9,1005.7,36,16,28,15,0.0,0.23,10.8,20.3,90,97,20.2,19.5,22.1,21.5,17.1,0.279,0.173,0.244,0.265,0,0.0,0.0,0.0,0.0,0.0,0.0,0.0,0.0,0.0,0.0,0.0,0.0,0.0
39.191563,-9.160919,44.0,2006-06-15T03:00,18.2,88,16.1,18.4,0.0,0.0,0.0,0.0,1,1010.5,1005.3,34,18,19,23,0.01,0.26,12.8,22.9,101,106,24.1,19.2,22.0,21.5,17.1,0.278,0.173,0.244,0.265,0,0.0,0.0,0.0,0.0,0.0,0.0,0.0,0.0,0.0,0.0,0.0,0.0,0.0
39.191563,-9.160919,44.0,2006-06-15T04:00,17.9,88,15.9,17.7,0.0,0.0,0.0,0.0,2,1010.9,1005.7,54,32,36,12,0.01,0.24,15.3,25.1,120,122,27.0,19.0,21.8,21.5,17.1,0.277,0.173,0.244,0.265,0,0.0,0.0,0.0,0.0,0.0,0.0,0.0,0.0,0.0,0.0,0.0,0.0,0.0
39.191563,-9.160919,44.0,2006-06-15T05:00,17.7,89,15.9,17.4,0.0,0.0,0.0,0.0,2,1011.0,1005.8,64,48,29,13,0.01,0.21,15.9,24.5,128,130,27.4,18.9,21.6,21.4,17.1,0.276,0.173,0.244,0.265,0,0.0,0.0,0.0,0.0,0.0,0.0,0.0,0.0,0.0,0.0,0.0,0.0,0.0
39.191563,-9.160919,44.0,2006-06-15T06:00,17.9,89,16.1,17.7,0.0,0.0,0.0,0.0,2,1011.4,1006.2,66,47,25,28,0.03,0.22,15.6,23.5,119,122,28.4,19.0,21.5,21.4,17.1,0.276,0.174,0.244,0.265,1,75.81,20.0,7.0,13.0,67.3,20.0,79.1,45.4,15.9,29.5,117.3,26.1,179.6
39.191563,-9.160919,44.0,2006-06-15T07:00,18.1,88,16.1,17.7,0.0,0.0,0.0,0.0,2,1011.7,1006.5,73,45,26,57,0.06,0.24,17.1,24.3,115,117,27.7,19.4,21.3,21.4,17.1,0.275,0.174,0.244,0.265,1,3600.0,95.0,42.0,53.0,184.1,95.0,302.5,133.7,59.1,74.6,184.1,133.7,425.8
39.191563,-9.160919,44.0,2006-06-15T08:00,18.9,85,16.3,18.3,0.0,0.0,0.0,0.0,2,1012.1,1006.9,74,49,11,79,0.12,0.33,19.2,25.2,120,121,31.3,20.2,21.3,21.4,17.1,0.274,0.174,0.244,0.265,1,3600.0,195.0,88.0,107.0,213.3,195.0,546.9,237.3,107.1,130.2,213.3,237.3,665.6
39.191563,-9.160919,44.0,2006-06-15T09:00,20.2,81,16.8,19.7,0.1,0.1,0.0,0.0,51,1012.1,1006.9,40,10,8,86,0.22,0.45,19.6,25.2,126,127,34.9,21.6,21.3,21.4,17.1,0.274,0.174,0.244,0.265,1,3600.0,395.0,234.0,161.0,399.4,395.0,776.6,448.9,265.9,183.0,399.4,448.9,882.6
39.191563,-9.160919,44.0,2006-06-15T10:00,21.3,79,17.4,21.2,0.0,0.0,0.0,0.0,1,1012.5,1007.3,42,13,3,95,0.29,0.54,18.9,24.5,125,126,35.6,22.8,21.4,21.4,17.1,0.272,0.175,0.244,0.265,1,3600.0,500.0,306.0,194.0,415.6,500.0,976.0,544.1,333.0,211.1,415.6,544.1,1062.0
39.191563,-9.160919,44.0,2006-06-15T11:00,22.3,75,17.7,22.7,0.2,0.2,0.0,0.0,51,1012.4,1007.3,73,30,29,94,0.36,0.66,18.1,23.8,125,125,36.7,24.2,21.5,21.4,17.1,0.271,0.175,0.244,0.265,1,3600.0,612.0,310.0,302.0,363.2,612.0,1131.4,644.6,326.5,318.1,363.2,644.6,1191.7
39.191563,-9.160919,44.0,2006-06-15T12:00,22.7,70,17.0,22.6,0.2,0.2,0.0,0.0,51,1012.5,1007.4,79,19,54,99,0.35,0.83,17.8,23.9,135,134,36.7,24.5,21.7,21.4,17.1,0.27,0.175,0.244,0.265,1,3600.0,528.0,281.0,247.0,302.3,528.0,1232.4,541.0,287.9,253.1,302.3,541.0,1262.8
39.191563,-9.160919,44.0,2006-06-15T13:00,23.1,69,17.1,23.7,0.5,0.5,0.0,0.0,53,1012.7,1007.6,70,15,45,99,0.38,0.87,14.3,19.6,152,148,36.0,25.1,21.9,21.4,17.1,0.271,0.175,0.244,0.265,1,3600.0,584.0,196.0,388.0,204.3,584.0,1272.0,583.3,195.8,387.5,204.3,583.3,1270.4
39.191563,-9.160919,44.0,2006-06-15T14:00,23.0,70,17.2,23.7,0.2,0.2,0.0,0.0,51,1012.5,1007.4,65,15,38,96,0.31,0.84,12.2,16.4,166,161,36.0,24.9,22.1,21.4,17.1,0.271,0.175,0.244,0.265,1,0.0,441.0,43.0,398.0,45.7,441.0,1247.5,429.2,41.8,387.3,45.7,429.2,1214.1
39.191563,-9.160919,44.0,2006-06-15T15:00,21.6,74,16.8,22.7,0.8,0.8,0.0,0.0,53,1012.0,1006.9,48,12,13,99,0.25,0.66,8.8,12.2,192,180,35.3,24.3,22.2,21.4,17.1,0.281,0.176,0.244,0.265,1,50.38,361.0,54.0,307.0,61.7,361.0,1160.6,341.4,51.1,290.3,61.7,341.4,1097.6
39.191563,-9.160919,44.0,2006-06-15T16:00,20.8,79,17.0,22.1,0.4,0.4,0.0,0.0,51,1012.1,1006.9,54,8,30,97,0.12,0.53,8.1,10.5,212,202,31.0,22.9,22.2,21.4,17.1,0.283,0.176,0.244,0.265,1,0.0,153.0,0.0,153.0,0.0,153.0,1017.2,139.7,0.0,139.7,0.0,139.7,929.0
39.191563,-9.160919,44.0,2006-06-15T17:00,21.0,79,17.2,22.3,0.0,0.0,0.0,0.0,2,1012.4,1007.2,74,22,42,98,0.16,0.52,8.2,11.6,209,202,23.4,22.7,22.2,21.4,17.1,0.282,0.176,0.244,0.265,1,26.95,233.0,38.0,195.0,60.9,233.0,827.2,202.7,33.1,169.7,60.9,202.7,719.7
39.191563,-9.160919,44.0,2006-06-15T18:00,21.3,76,16.9,22.9,0.0,0.0,0.0,0.0,2,1012.5,1007.3,58,25,17,85,0.14,0.6,5.2,4.6,344,342,21.2,22.6,22.2,21.4,17.1,0.281,0.177,0.244,0.265,1,309.15,199.0,32.0,167.0,70.3,199.0,603.4,159.6,25.7,133.9,70.3,159.6,483.9
39.191563,-9.160919,44.0,2006-06-15T19:00,20.7,78,16.6,21.3,0.3,0.3,0.0,0.0,51,1013.1,1007.9,65,44,14,56,0.1,0.55,11.2,14.2,21,24,28.8,22.2,22.2,21.3,17.1,0.282,0.177,0.244,0.265,1,3600.0,131.0,68.0,63.0,249.7,131.0,361.1,86.3,44.8,41.5,249.7,86.3,237.8
39.191563,-9.160919,44.0,2006-06-15T20:00,19.3,84,16.6,19.9,0.6,0.6,0.0,0.0,53,1013.3,1008.1,44,31,17,20,0.04,0.36,11.6,18.3,30,32,28.4,21.2,22.1,21.3,17.1,0.288,0.177,0.244,0.265,1,201.7,31.0,9.0,22.0,71.5,31.0,116.8,0.0,0.0,0.0,0.0,0.0,0.0
39.191563,-9.160919,44.0,2006-06-15T21:00,19.2,85,16.6,20.1,0.2,0.2,0.0,0.0,51,1013.5,1008.3,44,32,19,13,0.01,0.33,9.2,16.5,51,54,20.2,20.5,22.0,21.3,17.1,0.29,0.178,0.244,0.265,0,0.0,0.0,0.0,0.0,0.0,0.0,0.0,0.0,0.0,0.0,0.0,0.0,0.0
39.191563,-9.160919,44.0,2006-06-15T22:00,18.8,87,16.5,19.9,0.0,0.0,0.0,0.0,2,1014.2,1009.0,58,20,51,31,0.0,0.29,7.8,14.0,112,116,18.4,20.1,21.9,21.3,17.1,0.29,0.178,0.244,0.265,0,0.0,0.0,0.0,0.0,0.0,0.0,0.0,0.0,0.0,0.0,0.0,0.0,0.0
39.191563,-9.160919,44.0,2006-06-15T23:00,18.6,86,16.3,19.7,0.0,0.0,0.0,0.0,2,1014.6,1009.4,52,3,69,25,0.0,0.3,7.5,15.2,107,112,14.0,19.7,21.8,21.3,17.1,0.289,0.178,0.244,0.265,0,0.0,0.0,0.0,0.0,0.0,0.0,0.0,0.0,0.0,0.0,0.0,0.0,0.0
39.191563,-9.160919,44.0,2006-06-16T00:00,18.5,86,16.2,19.3,0.0,0.0,0.0,0.0,2,1014.4,1009.2,71,25,59,43,0.0,0.29,8.9,17.7,111,114,12.6,19.4,21.6,21.3,17.1,0.288,0.179,0.244,0.265,0,0.0,0.0,0.0,0.0,0.0,0.0,0.0,0.0,0.0,0.0,0.0,0.0,0.0
39.191563,-9.160919,44.0,2006-06-16T01:00,18.4,87,16.1,18.9,0.0,0.0,0.0,0.0,3,1014.1,1008.9,86,29,72,55,0.0,0.28,10.5,19.4,121,121,12.2,19.2,21.5,21.3,17.1,0.287,0.179,0.244,0.265,0,0.0,0.0,0.0,0.0,0.0,0.0,0.0,0.0,0.0,0.0,0.0,0.0,0.0
39.191563,-9.160919,44.0,2006-06-16T02:00,18.3,87,16.1,18.8,0.0,0.0,0.0,0.0,2,1013.6,1008.4,62,14,52,61,0.0,0.27,10.7,19.0,123,127,13.0,19.0,21.3,21.3,17.1,0.286,0.179,0.244,0.265,0,0.0,0.0,0.0,0.0,0.0,0.0,0.0,0.0,0.0,0.0,0.0,0.0,0.0
39.191563,-9.160919,44.0,2006-06-16T03:00,18.0,88,16.0,18.6,0.0,0.0,0.0,0.0,2,1013.4,1008.2,64,10,64,57,0.0,0.24,9.5,17.6,115,121,13.0,18.9,21.2,21.3,17.1,0.285,0.18,0.244,0.265,0,0.0,0.0,0.0,0.0,0.0,0.0,0.0,0.0,0.0,0.0,0.0,0.0,0.0
39.191563,-9.160919,44.0,2006-06-16T04:00,17.7,90,16.0,18.3,0.0,0.0,0.0,0.0,2,1013.7,1008.5,61,12,76,14,0.0,0.2,9.8,17.0,98,107,11.9,18.6,21.0,21.3,17.1,0.285,0.18,0.244,0.265,0,0.0,0.0,0.0,0.0,0.0,0.0,0.0,0.0,0.0,0.0,0.0,0.0,0.0
39.191563,-9.160919,44.0,2006-06-16T05:00,17.6,91,16.1,18.0,0.2,0.2,0.0,0.0,51,1013.9,1008.7,88,37,92,0,0.0,0.18,11.6,18.2,97,104,18.7,18.6,20.9,21.3,17.2,0.284,0.18,0.244,0.265,0,0.0,0.0,0.0,0.0,0.0,0.0,0.0,0.0,0.0,0.0,0.0,0.0,0.0
39.191563,-9.160919,44.0,2006-06-16T06:00,17.8,90,16.2,18.1,0.0,0.0,0.0,0.0,3,1014.6,1009.4,100,63,97,5,0.03,0.2,12.7,18.4,98,101,20.5,18.8,20.8,21.3,17.2,0.285,0.181,0.244,0.265,1,0.0,12.0,3.0,9.0,28.9,12.0,79.0,27.2,6.8,20.4,50.3,15.6,179.3
39.191563,-9.160919,44.0,2006-06-16T07:00,18.0,89,16.1,18.0,0.2,0.2,0.0,0.0,51,1014.6,1009.4,86,34,83,20,0.05,0.23,14.2,18.9,106,108,23.0,19.1,20.7,21.2,17.2,0.285,0.181,0.244,0.265,1,963.25,71.0,21.0,50.0,92.1,71.0,302.2,99.9,29.6,70.4,92.1,99.9,425.4
39.191563,-9.160919,44.0,2006-06-16T08:00,18.6,86,16.1,18.4,0.1,0.1,0.0,0.0,51,1015.0,1009.8,72,31,59,30,0.09,0.31,15.6,19.8,119,119,26.3,19.4,20.6,21.2,17.2,0.285,0.181,0.244,0.265,1,1547.08,135.0,46.0,89.0,111.6,135.0,546.5,164.3,56.0,108.3,111.6,164.3,665.1
39.191563,-9.160919,44.0,2006-06-16T09:00,20.0,78,16.1,20.2,0.0,0.0,0.0,0.0,2,1014.9,1009.7,52,31,32,17,0.24,0.51,13.0,16.3,124,125,27.0,20.9,20.7,21.2,17.2,0.284,0.182,0.244,0.265,1,3600.0,425.0,288.0,137.0,491.8,425.0,776.2,483.0,327.3,155.7,491.8,483.0,882.1
39.191563,-9.160919,44.0,2006-06-16T10:00,21.1,72,15.9,22.2,0.0,0.0,0.0,0.0,1,1015.2,1010.0,38,26,19,10,0.31,0.69,6.3,8.4,121,121,23.0,22.4,20.8,21.2,17.2,0.282,0.182,0.244,0.265,1,3600.0,485.0,296.0,189.0,402.2,485.0,975.5,527.8,322.1,205.7,402.2,527.8,1061.6
39.191563,-9.160919,44.0,2006-06-16T11:00,22.1,72,16.7,25.2,0.0,0.0,0.0,0.0,1,1015.1,1009.9,45,38,14,9,0.47,0.75,2.9,4.7,83,99,19.4,24.9,21.0,21.2,17.2,0.278,0.182,0.244,0.265,1,3600.0,738.0,582.0,156.0,682.0,738.0,1131.1,777.4,613.0,164.3,682.0,777.4,1191.4
39.191563,-9.160919,44.0,2006-06-16T12:00,22.8,73,17.7,27.1,0.0,0.0,0.0,0.0,2,1015.2,1010.1,70,56,23,19,0.54,0.75,1.5,0.8,315,27,19.1,27.0,21.4,21.2,17.2,0.274,0.182,0.243,0.265,1,3600.0,812.0,571.0,241.0,614.2,812.0,1232.2,832.1,585.1,247.0,614.2,832.1,1262.7
39.191563,-9.160919,44.0,2006-06-16T13:00,22.8,68,16.7,24.5,0.7,0.7,0.0,0.0,53,1015.3,1010.2,50,27,26,35,0.42,0.88,8.2,8.4,311,313,19.8,27.3,21.7,21.2,17.2,0.274,0.182,0.243,0.265,1,3600.0,648.0,321.0,327.0,334.5,648.0,1271.9,647.3,320.6,326.6,334.5,647.3,1270.5
39.191563,-9.160919,44.0,2006-06-16T14:00,22.2,73,17.0,22.7,2.8,2.8,0.0,0.0,63,1014.8,1009.7,49,17,19,73,0.34,0.73,13.2,16.4,325,327,23.4,26.8,22.0,21.2,17.2,0.315,0.183,0.243,0.265,1,3600.0,533.0,231.0,302.0,245.4,533.0,1247.7,518.8,224.8,293.9,245.4,518.8,1214.4
39.191563,-9.160919,44.0,2006-06-16T15:00,21.1,76,16.7,21.6,1.1,1.1,0.0,0.0,55,1014.8,1009.6,62,33,19,71,0.36,0.6,14.8,19.1,337,338,26.6,26.1,22.2,21.2,17.2,0.333,0.183,0.243,0.265,1,3600.0,616.0,379.0,237.0,432.7,616.0,1161.0,582.7,358.5,224.2,432.7,582.7,1098.2
39.191563,-9.160919,44.0,2006-06-16T16:00,20.9,79,17.2,21.3,0.0,0.0,0.0,0.0,1,1015.3,1010.1,48,21,12,74,0.22,0.51,14.5,18.8,354,357,25.9,24.8,22.4,21.2,17.2,0.33,0.185,0.243,0.265,1,2965.68,338.0,122.0,216.0,158.9,338.0,1017.9,308.7,111.4,197.3,158.9,308.7,929.7
39.191563,-9.160919,44.0,2006-06-16T17:00,21.4,78,17.3,21.8,0.0,0.0,0.0,0.0,1,1015.0,1009.8,39,9,12,78,0.23,0.57,14.8,19.5,360,2,25.9,24.4,22.5,21.2,17.2,0.326,0.186,0.243,0.265,1,3600.0,373.0,190.0,183.0,304.1,373.0,828.0,324.6,165.4,159.3,304.1,324.6,720.6
39.191563,-9.160919,44.0,2006-06-16T18:00,21.2,78,17.3,21.6,0.0,0.0,0.0,0.0,1,1015.0,1009.8,33,7,2,86,0.17,0.54,14.9,19.8,353,358,27.0,23.8,22.5,21.2,17.2,0.322,0.186,0.243,0.265,1,3600.0,249.0,97.0,152.0,212.7,249.0,604.4,199.8,77.8,122.0,212.7,199.8,485.0
39.191563,-9.160919,44.0,2006-06-16T19:00,20.5,82,17.3,21.0,0.0,0.0,0.0,0.0,1,1015.1,1009.9,39,11,4,88,0.09,0.43,14.5,20.1,346,351,25.2,22.7,22.5,21.2,17.2,0.319,0.187,0.243,0.265,1,614.78,123.0,22.0,101.0,80.5,123.0,362.2,81.2,14.5,66.7,80.5,81.2,239.0
39.191563,-9.160919,44.0,2006-06-16T20:00,19.9,87,17.6,20.4,0.0,0.0,0.0,0.0,1,1015.4,1010.2,46,16,5,94,0.04,0.3,15.0,21.7,343,348,23.0,21.7,22.4,21.2,17.2,0.317,0.188,0.243,0.265,1,897.3,35.0,14.0,21.0,110.9,35.0,118.0,0.0,0.0,0.0,0.0,0.0,0.0
39.191563,-9.160919,44.0,2006-06-16T21:00,19.0,92,17.8,19.6,0.0,0.0,0.0,0.0,1,1015.8,1010.6,41,16,2,85,0.0,0.17,15.4,22.6,344,346,23.4,20.8,22.3,21.2,17.2,0.315,0.189,0.243,0.265,0,0.0,0.0,0.0,0.0,0.0,0.0,0.0,0.0,0.0,0.0,0.0,0.0,0.0
39.191563,-9.160919,44.0,2006-06-16T22:00,18.6,95,17.8,19.4,0.0,0.0,0.0,0.0,2,1016.1,1010.9,56,26,9,91,0.0,0.1,13.2,20.0,334,337,24.5,20.3,22.2,21.2,17.2,0.313,0.189,0.243,0.265,0,0.0,0.0,0.0,0.0,0.0,0.0,0.0,0.0,0.0,0.0,0.0,0.0,0.0
39.191563,-9.160919,44.0,2006-06-16T23:00,18.2,97,17.6,19.5,0.0,0.0,0.0,0.0,3,1016.7,1011.5,100,67,19,99,0.0,0.07,9.4,14.8,353,357,24.5,19.9,22.0,21.2,17.2,0.311,0.19,0.243,0.265,0,0.0,0.0,0.0,0.0,0.0,0.0,0.0,0.0,0.0,0.0,0.0,0.0,0.0
39.191563,-9.160919,44.0,2006-06-17T00:00,18.0,97,17.4,19.0,0.0,0.0,0.0,0.0,3,1016.5,1011.3,100,73,11,94,0.0,0.07,11.0,16.1,337,340,23.0,19.6,21.9,21.2,17.2,0.309,0.19,0.243,0.265,0,0.0,0.0,0.0,0.0,0.0,0.0,0.0,0.0,0.0,0.0,0.0,0.0,0.0
39.191563,-9.160919,44.0,2006-06-17T01:00,17.7,97,17.2,18.4,0.0,0.0,0.0,0.0,3,1016.2,1011.0,85,61,5,91,0.0,0.06,12.7,18.1,335,337,22.7,19.3,21.7,21.2,17.2,0.308,0.191,0.243,0.265,0,0.0,0.0,0.0,0.0,0.0,0.0,0.0,0.0,0.0,0.0,0.0,0.0,0.0
39.191563,-9.160919,44.0,2006-06-17T02:00,17.5,97,17.0,18.0,0.0,0.0,0.0,0.0,3,1016.1,1010.9,100,86,3,80,0.0,0.06,13.2,17.9,331,332,22.3,19.1,21.5,21.2,17.2,0.306,0.191,0.243,0.265,0,0.0,0.0,0.0,0.0,0.0,0.0,0.0,0.0,0.0,0.0,0.0,0.0,0.0
39.191563,-9.160919,44.0,2006-06-17T03:00,17.5,97,17.0,18.0,0.0,0.0,0.0,0.0,3,1015.8,1010.6,100,100,6,77,0.0,0.06,13.5,18.8,326,328,24.1,19.1,21.4,21.1,17.2,0.305,0.192,0.243,0.265,0,0.0,0.0,0.0,0.0,0.0,0.0,0.0,0.0,0.0,0.0,0.0,0.0,0.0
39.191563,-9.160919,44.0,2006-06-17T04:00,17.6,96,16.9,18.1,0.0,0.0,0.0,0.0,3,1015.8,1010.6,100,100,10,44,0.0,0.09,12.7,16.9,325,326,24.8,19.2,21.2,21.1,17.2,0.304,0.192,0.243,0.265,0,0.0,0.0,0.0,0.0,0.0,0.0,0.0,0.0,0.0,0.0,0.0,0.0,0.0
39.191563,-9.160919,44.0,2006-06-17T05:00,17.6,94,16.6,18.1,0.0,0.0,0.0,0.0,3,1015.8,1010.6,94,100,3,7,0.0,0.12,12.8,17.2,322,323,23.8,19.1,21.1,21.1,17.2,0.302,0.193,0.243,0.265,0,0.0,0.0,0.0,0.0,0.0,0.0,0.0,0.0,0.0,0.0,0.0,0.0,0.0
39.191563,-9.160919,44.0,2006-06-17T06:00,17.8,92,16.5,18.0,0.0,0.0,0.0,0.0,3,1016.1,1010.9,93,100,5,0,0.03,0.17,14.3,18.7,319,320,25.6,19.2,21.0,21.1,17.2,0.301,0.193,0.243,0.265,1,0.0,12.0,0.0,12.0,0.0,12.0,78.8,27.2,0.0,27.2,0.0,15.6,179.0
39.191563,-9.160919,44.0,2006-06-17T07:00,18.2,90,16.6,18.3,0.0,0.0,0.0,0.0,3,1016.6,1011.4,99,99,16,0,0.05,0.2,15.3,19.5,321,321,25.2,19.6,20.9,21.1,17.2,0.3,0.194,0.243,0.265,1,0.0,75.0,8.0,67.0,35.1,75.0,301.8,105.6,11.3,94.3,35.1,105.6,424.9
39.191563,-9.160919,44.0,2006-06-17T08:00,18.5,88,16.5,18.5,0.0,0.0,0.0,0.0,3,1016.7,1011.5,100,98,20,0,0.08,0.25,15.3,18.9,326,325,25.6,20.0,20.9,21.1,17.2,0.298,0.194,0.243,0.265,1,0.0,121.0,4.0,117.0,9.7,121.0,546.0,147.3,4.9,142.4,9.7,147.3,664.6
39.191563,-9.160919,44.0,2006-06-17T09:00,19.2,83,16.3,19.2,0.0,0.0,0.0,0.0,3,1016.8,1011.6,100,95,28,0,0.16,0.37,15.0,18.2,330,330,26.6,21.1,20.9,21.1,17.2,0.297,0.194,0.243,0.265,1,3223.31,275.0,98.0,177.0,167.4,275.0,775.6,312.6,111.4,201.2,167.4,312.6,881.6
39.191563,-9.160919,44.0,2006-06-17T10:00,19.9,79,16.2,20.2,0.0,0.0,0.0,0.0,3,1017.0,1011.8,100,99,25,0,0.2,0.48,12.6,14.3,329,332,26.3,21.8,20.9,21.1,17.2,0.295,0.195,0.243,0.265,1,646.43,321.0,60.0,261.0,81.5,321.0,975.0,349.4,65.3,284.1,81.5,349.4,1061.2
39.191563,-9.160919,44.0,2006-06-17T11:00,20.5,77,16.4,20.9,0.0,0.0,0.0,0.0,3,1016.7,1011.5,98,100,14,0,0.25,0.55,12.2,14.1,326,328,25.6,22.6,21.0,21.1,17.2,0.292,0.195,0.243,0.265,1,2243.53,401.0,115.0,286.0,134.8,401.0,1130.7,422.4,121.1,301.3,134.8,422.4,1191.1
39.191563,-9.160919,44.0,2006-06-17T12:00,21.1,75,16.6,21.3,0.0,0.0,0.0,0.0,3,1016.6,1011.4,89,98,2,0,0.32,0.62,14.4,17.0,323,324,24.8,23.7,21.2,21.1,17.2,0.29,0.195,0.243,0.265,1,3600.0,531.0,216.0,315.0,232.4,531.0,1231.9,544.2,221.4,322.8,232.4,544.2,1262.5
39.191563,-9.160919,44.0,2006-06-17T13:00,21.8,74,16.9,22.2,0.0,0.0,0.0,0.0,3,1016.6,1011.4,90,100,0,0,0.39,0.68,17.0,21.0,328,329,27.4,25.0,21.4,21.1,17.3,0.286,0.195,0.243,0.265,1,3600.0,651.0,299.0,352.0,311.5,651.0,1271.9,650.3,298.7,351.6,311.5,650.3,1270.5
39.191563,-9.160919,44.0,2006-06-17T14:00,21.5,76,17.1,21.2,0.0,0.0,0.0,0.0,3,1016.3,1011.1,91,100,1,0,0.3,0.61,19.5,24.2,335,335,33.1,24.9,21.6,21.1,17.3,0.283,0.196,0.243,0.265,1,3074.52,492.0,153.0,339.0,162.5,492.0,1247.8,478.9,148.9,330.0,162.5,478.9,1214.6
39.191563,-9.160919,44.0,2006-06-17T15:00,21.2,77,17.1,20.8,0.0,0.0,0.0,0.0,3,1016.1,1010.9,87,96,1,0,0.34,0.57,21.5,26.8,339,340,38.2,25.1,21.8,21.1,17.3,0.281,0.196,0.243,0.265,1,3600.0,605.0,288.0,317.0,328.6,605.0,1161.4,572.3,272.4,299.9,328.6,572.3,1098.7
39.191563,-9.160919,44.0,2006-06-17T16:00,21.0,79,17.3,20.5,0.0,0.0,0.0,0.0,2,1016.0,1010.8,75,82,2,0,0.32,0.51,23.0,29.0,343,343,42.8,25.1,22.0,21.1,17.3,0.278,0.196,0.243,0.265,1,3600.0,609.0,365.0,244.0,474.9,609.0,1018.5,556.4,333.5,222.9,474.9,556.4,930.5
39.191563,-9.160919,44.0,2006-06-17T17:00,19.6,85,17.1,18.7,0.0,0.0,0.0,0.0,2,1015.7,1010.5,70,78,0,0,0.17,0.33,23.3,30.1,343,343,43.6,23.7,22.1,21.1,17.3,0.276,0.196,0.243,0.265,1,3427.88,308.0,109.0,199.0,174.3,308.0,828.9,268.1,94.9,173.2,174.3,268.1,721.5
39.191563,-9.160919,44.0,2006-06-17T18:00,19.2,86,16.8,18.1,0.0,0.0,0.0,0.0,2,1015.6,1010.4,70,76,0,7,0.16,0.32,24.0,31.1,343,344,41.4,23.0,22.1,21.1,17.3,0.274,0.196,0.243,0.265,1,3600.0,297.0,159.0,138.0,348.0,297.0,605.4,238.5,127.7,110.8,348.0,238.5,486.1
39.191563,-9.160919,44.0,2006-06-17T19:00,18.4,87,16.2,17.0,0.0,0.0,0.0,0.0,3,1015.8,1010.6,84,88,0,17,0.08,0.27,23.9,31.0,344,345,40.0,21.9,22.1,21.0,17.3,0.273,0.196,0.243,0.265,1,3232.54,130.0,46.0,84.0,167.8,130.0,363.4,85.9,30.4,55.5,167.8,85.9,240.2
39.191563,-9.160919,44.0,2006-06-17T20:00,17.7,89,15.9,16.4,0.0,0.0,0.0,0.0,3,1015.9,1010.7,89,90,0,28,0.04,0.22,22.6,30.0,343,344,38.5,20.7,22.0,21.0,17.3,0.272,0.197,0.243,0.265,1,617.21,37.0,12.0,25.0,94.7,37.0,119.2,0.2,0.1,0.1,0.7,0.1,0.6
39.191563,-9.160919,44.0,2006-06-17T21:00,17.2,91,15.8,15.9,0.0,0.0,0.0,0.0,2,1016.5,1011.3,80,78,0,32,0.01,0.17,22.7,30.1,345,345,36.0,19.9,21.9,21.0,17.3,0.271,0.197,0.243,0.265,0,0.0,0.0,0.0,0.0,0.0,0.0,0.0,0.0,0.0,0.0,0.0,0.0,0.0
39.191563,-9.160919,44.0,2006-06-17T22:00,16.9,92,15.6,15.8,0.0,0.0,0.0,0.0,3,1017.1,1011.8,87,95,3,0,0.01,0.15,20.6,27.2,344,345,36.0,19.2,21.7,21.0,17.3,0.271,0.197,0.243,0.265,0,0.0,0.0,0.0,0.0,0.0,0.0,0.0,0.0,0.0,0.0,0.0,0.0,0.0
39.191563,-9.160919,44.0,2006-06-17T23:00,16.9,92,15.6,15.8,0.0,0.0,0.0,0.0,3,1017.3,1012.0,87,93,5,0,0.01,0.15,20.4,27.1,343,343,34.6,19.0,21.5,21.0,17.3,0.27,0.197,0.243,0.265,0,0.0,0.0,0.0,0.0,0.0,0.0,0.0,0.0,0.0,0.0,0.0,0.0,0.0
39.191563,-9.160919,44.0,2006-06-18T00:00,16.9,92,15.6,15.7,0.0,0.0,0.0,0.0,3,1016.5,1011.2,91,99,3,0,0.01,0.15,20.8,27.9,342,343,33.8,18.8,21.4,21.0,17.3,0.269,0.197,0.243,0.265,0,0.0,0.0,0.0,0.0,0.0,0.0,0.0,0.0,0.0,0.0,0.0,0.0,0.0
39.191563,-9.160919,44.0,2006-06-18T01:00,17.0,91,15.4,15.8,0.0,0.0,0.0,0.0,3,1016.5,1011.2,89,99,0,0,0.01,0.18,20.7,28.8,343,344,34.6,18.7,21.2,21.0,17.3,0.269,0.197,0.243,0.265,0,0.0,0.0,0.0,0.0,0.0,0.0,0.0,0.0,0.0,0.0,0.0,0.0,0.0
39.191563,-9.160919,44.0,2006-06-18T02:00,17.2,89,15.3,15.8,0.0,0.0,0.0,0.0,3,1015.8,1010.6,90,100,0,0,0.02,0.22,21.1,28.4,346,348,33.8,18.7,21.0,21.0,17.3,0.268,0.198,0.243,0.265,0,0.0,0.0,0.0,0.0,0.0,0.0,0.0,0.0,0.0,0.0,0.0,0.0,0.0
39.191563,-9.160919,44.0,2006-06-18T03:00,17.3,88,15.2,16.0,0.0,0.0,0.0,0.0,3,1015.2,1010.0,90,100,0,0,0.02,0.24,20.5,28.1,350,350,31.7,18.6,20.9,21.0,17.3,0.268,0.198,0.243,0.265,0,0.0,0.0,0.0,0.0,0.0,0.0,0.0,0.0,0.0,0.0,0.0,0.0,0.0
39.191563,-9.160919,44.0,2006-06-18T04:00,17.6,86,15.3,16.7,0.0,0.0,0.0,0.0,3,1015.1,1009.9,90,100,0,0,0.02,0.27,18.6,25.9,350,351,29.5,18.7,20.8,21.0,17.3,0.267,0.198,0.243,0.265,0,0.0,0.0,0.0,0.0,0.0,0.0,0.0,0.0,0.0,0.0,0.0,0.0,0.0
39.191563,-9.160919,44.0,2006-06-18T05:00,17.7,87,15.5,17.0,0.0,0.0,0.0,0.0,3,1015.1,1009.9,90,100,0,0,0.02,0.26,17.5,24.3,352,353,28.8,18.7,20.6,21.0,17.3,0.266,0.198,0.243,0.265,0,0.0,0.0,0.0,0.0,0.0,0.0,0.0,0.0,0.0,0.0,0.0,0.0,0.0
39.191563,-9.160919,44.0,2006-06-18T06:00,18.0,86,15.6,17.4,0.0,0.0,0.0,0.0,3,1015.5,1010.3,90,100,0,0,0.04,0.29,16.9,24.5,358,359,29.2,18.8,20.5,21.0,17.3,0.266,0.198,0.243,0.265,1,0.0,13.0,2.0,11.0,19.3,13.0,78.6,29.5,4.5,25.0,33.7,16.9,178.5
39.191563,-9.160919,44.0,2006-06-18T07:00,18.4,84,15.7,18.0,0.0,0.0,0.0,0.0,3,1015.7,1010.5,90,100,0,0,0.06,0.34,16.2,21.3,1,3,26.3,19.1,20.5,21.0,17.3,0.265,0.198,0.243,0.265,1,0.0,57.0,3.0,54.0,13.2,57.0,301.2,80.3,4.2,76.1,13.2,80.3,424.3
39.191563,-9.160919,44.0,2006-06-18T08:00,19.1,81,15.9,19.0,0.0,0.0,0.0,0.0,3,1016.0,1010.8,90,100,0,0,0.12,0.41,14.8,18.0,360,3,24.8,20.1,20.5,21.0,17.3,0.264,0.199,0.243,0.265,1,0.0,171.0,24.0,147.0,58.3,171.0,545.4,208.2,29.2,179.0,58.3,208.2,664.0
39.191563,-9.160919,44.0,2006-06-18T09:00,19.8,79,16.0,19.8,0.0,0.0,0.0,0.0,3,1016.0,1010.8,90,100,0,0,0.17,0.49,14.1,16.9,357,359,24.1,21.1,20.5,20.9,17.3,0.263,0.199,0.243,0.265,1,1482.63,266.0,64.0,202.0,109.4,266.0,775.0,302.4,72.8,229.6,109.4,302.4,881.0
39.191563,-9.160919,44.0,2006-06-18T10:00,20.5,76,16.2,20.9,0.0,0.0,0.0,0.0,3,1016.3,1011.1,90,100,0,0,0.24,0.57,12.2,14.4,358,1,24.8,22.3,20.6,20.9,17.3,0.261,0.199,0.243,0.265,1,1422.49,380.0,79.0,301.0,107.4,380.0,974.5,413.6,86.0,327.6,107.4,413.6,1060.6
39.191563,-9.160919,44.0,2006-06-18T11:00,21.2,74,16.4,21.7,0.0,0.0,0.0,0.0,3,1016.5,1011.3,89,99,0,0,0.3,0.65,12.2,14.1,358,3,25.6,23.4,20.8,20.9,17.3,0.259,0.199,0.243,0.265,1,2947.89,467.0,135.0,332.0,158.3,467.0,1130.2,492.0,142.2,349.8,158.3,492.0,1190.7
39.191563,-9.160919,44.0,2006-06-18T12:00,21.8,72,16.6,22.2,0.0,0.0,0.0,0.0,3,1016.3,1011.1,83,92,0,0,0.33,0.72,12.6,14.8,357,1,25.9,24.3,21.0,20.9,17.3,0.256,0.199,0.242,0.265,1,3600.0,524.0,185.0,339.0,199.0,524.0,1231.6,537.0,189.6,347.4,199.0,537.0,1262.3
39.191563,-9.160919,44.0,2006-06-18T13:00,22.5,71,16.9,23.7,0.0,0.0,0.0,0.0,2,1016.1,1010.9,62,68,1,0,0.42,0.8,13.1,15.5,351,356,25.6,25.5,21.3,20.9,17.3,0.253,0.199,0.242,0.265,1,3600.0,677.0,291.0,386.0,303.2,677.0,1271.8,676.3,290.7,385.6,303.2,676.3,1270.5
39.191563,-9.160919,44.0,2006-06-18T14:00,23.2,69,17.1,24.5,0.0,0.0,0.0,0.0,0,1015.8,1010.7,18,17,4,0,0.46,0.89,15.6,18.5,341,347,26.6,26.7,21.6,20.9,17.3,0.249,0.199,0.242,0.265,1,3600.0,752.0,437.0,315.0,464.0,752.0,1247.9,732.1,425.4,306.7,464.0,732.1,1214.9
39.191563,-9.160919,44.0,2006-06-18T15:00,22.3,75,17.7,22.2,0.0,0.0,0.0,0.0,0,1015.4,1010.2,10,5,9,1,0.34,0.66,20.6,25.3,335,337,33.8,26.3,21.8,20.9,17.3,0.246,0.199,0.242,0.265,1,3600.0,578.0,296.0,282.0,337.6,578.0,1161.8,546.8,280.0,266.8,337.6,546.8,1099.1
39.191563,-9.160919,44.0,2006-06-18T16:00,21.6,79,17.8,21.8,0.0,0.0,0.0,0.0,1,1015.4,1010.2,20,9,15,10,0.36,0.54,22.4,28.1,336,337,38.9,26.3,22.1,20.9,17.3,0.243,0.198,0.242,0.265,1,3600.0,682.0,524.0,158.0,681.3,682.0,1019.1,623.2,478.8,144.4,681.3,623.2,931.2
39.191563,-9.160919,44.0,2006-06-18T17:00,20.5,82,17.3,19.6,0.0,0.0,0.0,0.0,0,1015.5,1010.3,18,9,16,1,0.24,0.44,23.8,30.1,340,341,40.0,25.1,22.2,20.9,17.3,0.24,0.198,0.242,0.265,1,3600.0,452.0,319.0,133.0,509.4,452.0,829.7,393.6,277.8,115.8,509.4,393.6,722.4
39.191563,-9.160919,44.0,2006-06-18T18:00,19.7,84,16.8,18.5,0.0,0.0,0.0,0.0,1,1015.8,1010.6,28,16,19,6,0.18,0.37,24.6,31.6,345,345,41.0,24.0,22.3,20.9,17.3,0.239,0.198,0.242,0.265,1,3600.0,348.0,236.0,112.0,515.7,348.0,606.4,279.6,189.6,90.0,515.7,279.6,487.1
39.191563,-9.160919,44.0,2006-06-18T19:00,18.9,85,16.3,17.4,0.0,0.0,0.0,0.0,1,1016.1,1010.9,37,22,27,4,0.1,0.33,24.9,32.6,349,350,41.0,22.6,22.3,20.9,17.3,0.238,0.199,0.242,0.265,1,3600.0,176.0,110.0,66.0,399.9,176.0,364.4,116.5,72.8,43.7,399.9,116.5,241.3
39.191563,-9.160919,44.0,2006-06-18T20:00,18.1,88,16.1,16.8,0.0,0.0,0.0,0.0,1,1016.4,1011.2,27,24,9,1,0.04,0.25,23.3,31.6,352,352,40.0,21.3,22.2,20.9,17.3,0.237,0.199,0.242,0.265,1,1603.96,45.0,19.0,26.0,149.4,45.0,120.3,0.7,0.3,0.4,3.2,0.5,1.7
39.191563,-9.160919,44.0,2006-06-18T21:00,17.5,91,16.0,16.3,0.0,0.0,0.0,0.0,1,1016.9,1011.7,40,40,6,0,0.01,0.18,22.1,30.7,353,355,37.4,20.2,22.1,20.9,17.3,0.237,0.199,0.242,0.265,0,0.0,0.0,0.0,0.0,0.0,0.0,0.0,0.0,0.0,0.0,0.0,0.0,0.0
39.191563,-9.160919,44.0,2006-06-18T22:00,17.1,92,15.9,16.3,0.0,0.0,0.0,0.0,1,1017.6,1012.3,21,19,7,0,0.0,0.15,19.2,27.8,355,355,35.6,19.5,21.9,20.9,17.3,0.237,0.199,0.242,0.265,0,0.0,0.0,0.0,0.0,0.0,0.0,0.0,0.0,0.0,0.0,0.0,0.0,0.0
39.191563,-9.160919,44.0,2006-06-18T23:00,16.9,93,15.8,15.8,0.0,0.0,0.0,0.0,1,1017.5,1012.2,22,25,0,0,0.0,0.13,20.7,29.7,353,354,34.6,19.0,21.7,20.9,17.4,0.237,0.199,0.242,0.265,0,0.0,0.0,0.0,0.0,0.0,0.0,0.0,0.0,0.0,0.0,0.0,0.0,0.0
39.191563,-9.160919,44.0,2006-06-19T00:00,16.7,94,15.7,15.6,0.0,0.0,0.0,0.0,1,1017.2,1011.9,45,50,0,0,0.0,0.11,20.6,29.2,355,356,34.6,18.7,21.5,20.9,17.4,0.236,0.199,0.242,0.265,0,0.0,0.0,0.0,0.0,0.0,0.0,0.0,0.0,0.0,0.0,0.0,0.0,0.0
39.191563,-9.160919,44.0,2006-06-19T01:00,16.5,95,15.7,15.4,0.0,0.0,0.0,0.0,2,1016.9,1011.6,54,59,1,0,0.0,0.09,21.0,30.3,355,357,33.5,18.4,21.3,20.9,17.4,0.236,0.199,0.242,0.265,0,0.0,0.0,0.0,0.0,0.0,0.0,0.0,0.0,0.0,0.0,0.0,0.0,0.0
39.191563,-9.160919,44.0,2006-06-19T02:00,16.6,94,15.7,15.3,0.0,0.0,0.0,0.0,2,1016.7,1011.4,69,77,0,0,0.0,0.11,22.1,31.8,354,356,35.6,18.3,21.2,20.9,17.4,0.236,0.199,0.242,0.265,0,0.0,0.0,0.0,0.0,0.0,0.0,0.0,0.0,0.0,0.0,0.0,0.0,0.0
39.191563,-9.160919,44.0,2006-06-19T03:00,16.5,94,15.6,15.3,0.0,0.0,0.0,0.0,2,1016.1,1010.8,75,83,0,0,0.0,0.1,20.9,30.2,358,359,35.6,18.2,21.0,20.9,17.4,0.236,0.199,0.242,0.265,0,0.0,0.0,0.0,0.0,0.0,0.0,0.0,0.0,0.0,0.0,0.0,0.0,0.0
39.191563,-9.160919,44.0,2006-06-19T04:00,16.5,94,15.5,15.5,0.0,0.0,0.0,0.0,3,1016.1,1010.8,83,92,0,0,0.0,0.12,19.8,28.1,358,359,32.0,18.1,20.8,20.9,17.4,0.236,0.199,0.242,0.265,0,0.0,0.0,0.0,0.0,0.0,0.0,0.0,0.0,0.0,0.0,0.0,0.0,0.0
39.191563,-9.160919,44.0,2006-06-19T05:00,16.5,94,15.4,15.2,0.0,0.0,0.0,0.0,3,1016.2,1010.9,81,90,0,0,0.0,0.12,21.3,29.6,356,357,34.2,18.1,20.7,20.9,17.4,0.236,0.199,0.242,0.265,0,0.0,0.0,0.0,0.0,0.0,0.0,0.0,0.0,0.0,0.0,0.0,0.0,0.0
39.191563,-9.160919,44.0,2006-06-19T06:00,16.6,93,15.4,15.1,0.0,0.0,0.0,0.0,2,1016.5,1011.2,68,75,0,0,0.02,0.13,22.4,30.3,356,357,36.0,18.1,20.5,20.9,17.4,0.235,0.199,0.242,0.265,1,0.0,17.0,4.0,13.0,38.7,17.0,78.3,38.6,9.1,29.5,67.7,22.1,177.9
39.191563,-9.160919,44.0,2006-06-19T07:00,17.0,90,15.3,15.2,0.0,0.0,0.0,0.0,2,1016.8,1011.5,74,82,0,0,0.06,0.2,24.5,31.3,358,359,38.9,18.6,20.4,20.8,17.4,0.235,0.199,0.242,0.265,1,3600.0,114.0,42.0,72.0,185.1,114.0,300.5,160.7,59.2,101.5,185.1,160.7,423.6
39.191563,-9.160919,44.0,2006-06-19T08:00,17.8,85,15.2,15.9,0.0,0.0,0.0,0.0,2,1017.4,1012.2,77,86,0,0,0.12,0.31,24.9,31.3,358,358,40.3,19.5,20.4,20.8,17.4,0.234,0.199,0.242,0.265,1,3089.24,217.0,67.0,150.0,163.0,217.0,544.6,264.3,81.6,182.7,163.0,264.3,663.2
39.191563,-9.160919,44.0,2006-06-19T09:00,18.9,80,15.4,17.1,0.0,0.0,0.0,0.0,1,1017.2,1012.0,50,55,0,0,0.23,0.44,24.5,30.6,357,358,41.4,21.0,20.4,20.8,17.4,0.232,0.199,0.242,0.265,1,3600.0,436.0,268.0,168.0,458.6,436.0,774.3,495.7,304.7,191.0,458.6,495.7,880.3
39.191563,-9.160919,44.0,2006-06-19T10:00,20.1,76,15.7,19.2,0.0,0.0,0.0,0.0,1,1017.6,1012.4,39,43,0,0,0.34,0.56,22.8,27.8,354,355,41.8,22.8,20.6,20.8,17.4,0.23,0.199,0.242,0.265,1,3600.0,657.0,509.0,148.0,692.4,657.0,973.8,715.2,554.1,161.1,692.4,715.2,1060.1
39.191563,-9.160919,44.0,2006-06-19T11:00,20.5,74,15.8,19.9,0.0,0.0,0.0,0.0,2,1017.6,1012.4,50,56,0,0,0.41,0.62,24.7,30.5,352,353,43.2,24.2,20.8,20.8,17.4,0.227,0.199,0.242,0.265,1,3600.0,793.0,597.0,196.0,700.1,793.0,1129.7,835.5,629.0,206.5,700.1,835.5,1190.3
39.191563,-9.160919,44.0,2006-06-19T12:00,21.0,70,15.4,20.7,0.0,0.0,0.0,0.0,1,1017.5,1012.3,34,38,0,0,0.47,0.74,25.4,31.5,353,353,43.9,25.3,21.0,20.8,17.4,0.223,0.199,0.242,0.265,1,3600.0,904.0,743.0,161.0,799.4,904.0,1231.3,926.6,761.6,165.0,799.4,926.6,1262.0
39.191563,-9.160919,44.0,2006-06-19T13:00,21.3,67,14.9,20.8,0.0,0.0,0.0,0.0,0,1017.1,1011.9,1,1,0,0,0.51,0.84,26.5,32.6,352,353,45.0,26.1,21.3,20.8,17.4,0.219,0.199,0.242,0.265,1,3600.0,955.0,821.0,134.0,855.3,955.0,1271.6,954.2,820.3,133.9,855.3,954.2,1270.5
39.191563,-9.160919,44.0,2006-06-19T14:00,21.3,64,14.3,20.4,0.0,0.0,0.0,0.0,0,1016.7,1011.5,0,0,0,0,0.51,0.91,27.3,33.9,351,351,46.1,26.5,21.6,20.8,17.4,0.215,0.199,0.242,0.265,1,3600.0,937.0,803.0,134.0,852.3,937.0,1248.0,912.3,781.8,130.5,852.3,912.3,1215.1
39.191563,-9.160919,44.0,2006-06-19T15:00,21.2,62,13.8,19.7,0.0,0.0,0.0,0.0,0,1016.7,1011.5,0,0,0,0,0.48,0.95,28.1,35.3,350,351,46.8,26.4,21.8,20.8,17.4,0.212,0.198,0.242,0.265,1,3600.0,864.0,737.0,127.0,840.1,864.0,1162.1,817.5,697.4,120.2,840.1,817.5,1099.6
39.191563,-9.160919,44.0,2006-06-19T16:00,20.9,63,13.5,18.6,0.0,0.0,0.0,0.0,0,1016.6,1011.4,0,0,0,0,0.42,0.92,28.9,36.5,350,350,47.5,25.9,22.1,20.8,17.4,0.209,0.198,0.241,0.265,1,3600.0,745.0,629.0,116.0,817.2,745.0,1019.6,680.8,574.8,106.0,817.2,680.8,931.8
39.191563,-9.160919,44.0,2006-06-19T17:00,20.4,65,13.5,17.4,0.0,0.0,0.0,0.0,0,1016.4,1011.2,4,4,0,0,0.34,0.85,29.2,37.5,351,351,48.2,25.1,22.2,20.8,17.4,0.207,0.198,0.241,0.265,1,3600.0,585.0,479.0,106.0,764.1,585.0,830.4,509.5,417.2,92.3,764.1,509.5,723.3
39.191563,-9.160919,44.0,2006-06-19T18:00,19.7,70,14.0,16.8,0.0,0.0,0.0,0.0,0,1016.3,1011.1,5,6,0,0,0.24,0.7,29.1,38.2,351,352,48.6,23.9,22.3,20.8,17.4,0.205,0.198,0.241,0.265,1,3600.0,397.0,307.0,90.0,669.7,397.0,607.3,319.1,246.8,72.3,669.7,319.1,488.1
39.191563,-9.160919,44.0,2006-06-19T19:00,18.5,77,14.4,15.5,0.0,0.0,0.0,0.0,0,1016.7,1011.5,14,15,0,0,0.13,0.49,30.6,41.1,351,351,50.0,22.4,22.3,20.8,17.4,0.204,0.198,0.241,0.265,1,3600.0,202.0,134.0,68.0,485.7,202.0,365.4,134.0,88.9,45.1,485.7,134.0,242.4
39.191563,-9.160919,44.0,2006-06-19T20:00,17.5,84,14.8,15.0,0.0,0.0,0.0,0.0,0,1016.7,1011.5,14,16,0,0,0.06,0.32,28.3,39.1,353,354,49.7,20.8,22.2,20.8,17.4,0.204,0.198,0.241,0.265,1,2168.71,49.0,24.0,25.0,188.1,49.0,121.4,1.1,0.6,0.6,6.3,0.8,2.8
39.191563,-9.160919,44.0,2006-06-19T21:00,16.9,87,14.8,14.7,0.0,0.0,0.0,0.0,0,1017.2,1011.9,17,19,0,0,0.02,0.25,26.1,36.6,354,354,45.4,19.7,22.0,20.8,17.4,0.204,0.198,0.241,0.265,0,0.0,0.0,0.0,0.0,0.0,0.0,0.0,0.0,0.0,0.0,0.0,0.0,0.0
39.191563,-9.160919,44.0,2006-06-19T22:00,16.6,88,14.6,14.8,0.0,0.0,0.0,0.0,0,1017.5,1012.2,9,10,0,0,0.02,0.23,23.0,32.8,350,351,41.8,18.9,21.8,20.8,17.4,0.203,0.198,0.241,0.265,0,0.0,0.0,0.0,0.0,0.0,0.0,0.0,0.0,0.0,0.0,0.0,0.0,0.0
39.191563,-9.160919,44.0,2006-06-19T23:00,16.5,88,14.4,14.5,0.0,0.0,0.0,0.0,0,1017.6,1012.3,4,3,0,3,0.02,0.23,23.3,33.5,347,348,39.2,18.5,21.6,20.8,17.4,0.203,0.198,0.241,0.265,0,0.0,0.0,0.0,0.0,0.0,0.0,0.0,0.0,0.0,0.0,0.0,0.0,0.0
39.191563,-9.160919,44.0,2006-06-20T00:00,16.5,87,14.3,14.2,0.0,0.0,0.0,0.0,0,1017.4,1012.1,13,10,0,12,0.02,0.24,25.1,35.8,344,345,39.6,18.1,21.4,20.8,17.4,0.203,0.198,0.241,0.265,0,0.0,0.0,0.0,0.0,0.0,0.0,0.0,0.0,0.0,0.0,0.0,0.0,0.0
39.191563,-9.160919,44.0,2006-06-20T01:00,16.5,87,14.3,13.9,0.0,0.0,0.0,0.0,1,1017.0,1011.7,21,21,0,7,0.03,0.25,27.7,39.2,344,345,42.5,17.9,21.2,20.8,17.4,0.203,0.198,0.241,0.265,0,0.0,0.0,0.0,0.0,0.0,0.0,0.0,0.0,0.0,0.0,0.0,0.0,0.0
39.191563,-9.160919,44.0,2006-06-20T02:00,16.7,86,14.4,13.7,0.0,0.0,0.0,0.0,2,1016.6,1011.3,63,70,0,1,0.03,0.26,30.0,42.4,347,348,45.0,17.9,21.0,20.8,17.4,0.203,0.198,0.241,0.265,0,0.0,0.0,0.0,0.0,0.0,0.0,0.0,0.0,0.0,0.0,0.0,0.0,0.0
39.191563,-9.160919,44.0,2006-06-20T03:00,16.8,86,14.4,13.8,0.0,0.0,0.0,0.0,3,1016.4,1011.1,87,97,0,0,0.03,0.27,30.2,42.6,351,352,47.2,17.9,20.8,20.8,17.4,0.203,0.198,0.241,0.265,0,0.0,0.0,0.0,0.0,0.0,0.0,0.0,0.0,0.0,0.0,0.0,0.0,0.0
39.191563,-9.160919,44.0,2006-06-20T04:00,16.8,86,14.5,14.1,0.0,0.0,0.0,0.0,3,1016.4,1011.1,90,100,0,0,0.03,0.27,28.7,40.6,353,354,46.4,18.0,20.7,20.8,17.4,0.202,0.198,0.241,0.265,0,0.0,0.0,0.0,0.0,0.0,0.0,0.0,0.0,0.0,0.0,0.0,0.0,0.0
39.191563,-9.160919,44.0,2006-06-20T05:00,16.9,86,14.6,14.3,0.0,0.0,0.0,0.0,3,1016.5,1011.2,92,100,0,5,0.03,0.27,28.0,38.8,353,354,45.4,18.0,20.5,20.8,17.4,0.202,0.198,0.241,0.265,0,0.0,0.0,0.0,0.0,0.0,0.0,0.0,0.0,0.0,0.0,0.0,0.0,0.0
39.191563,-9.160919,44.0,2006-06-20T06:00,17.1,86,14.7,14.7,0.0,0.0,0.0,0.0,3,1016.5,1011.3,94,100,0,12,0.05,0.28,26.5,37.7,352,353,44.3,18.2,20.4,20.7,17.4,0.202,0.198,0.241,0.265,1,0.0,18.0,4.0,14.0,38.8,18.0,77.9,40.9,9.1,31.8,68.0,23.3,177.1
39.191563,-9.160919,44.0,2006-06-20T07:00,17.7,81,14.4,15.0,0.0,0.0,0.0,0.0,3,1017.0,1011.8,82,78,0,41,0.09,0.39,28.4,37.1,351,352,45.0,18.7,20.3,20.7,17.4,0.202,0.198,0.241,0.265,1,1381.48,103.0,24.0,79.0,106.0,103.0,299.8,145.3,33.9,111.4,106.0,145.3,422.8
39.191563,-9.160919,44.0,2006-06-20T08:00,18.6,77,14.5,16.0,0.0,0.0,0.0,0.0,3,1017.3,1012.1,87,67,0,90,0.18,0.49,27.9,35.6,349,349,45.7,19.8,20.3,20.7,17.4,0.201,0.198,0.241,0.265,1,3600.0,312.0,211.0,101.0,513.9,312.0,543.8,380.0,257.0,123.0,513.9,380.0,662.4
39.191563,-9.160919,44.0,2006-06-20T09:00,19.4,74,14.8,17.0,0.0,0.0,0.0,0.0,3,1017.4,1012.2,84,61,0,98,0.26,0.58,27.5,34.5,346,346,45.4,21.3,20.4,20.7,17.4,0.199,0.198,0.241,0.265,1,3600.0,473.0,325.0,148.0,556.6,473.0,773.5,537.9,369.6,168.3,556.6,537.9,879.5
39.191563,-9.160919,44.0,2006-06-20T10:00,20.1,72,15.0,18.1,0.0,0.0,0.0,0.0,3,1017.7,1012.5,95,73,0,98,0.34,0.65,28.3,34.9,345,346,49.0,22.8,20.5,20.7,17.4,0.197,0.198,0.241,0.265,1,3600.0,656.0,493.0,163.0,671.1,656.0,973.1,714.2,536.7,177.5,671.1,714.2,1059.4
39.191563,-9.160919,44.0,2006-06-20T11:00,20.4,72,15.2,18.5,0.0,0.0,0.0,0.0,3,1017.8,1012.6,91,70,0,92,0.38,0.68,30.1,37.5,348,348,52.6,23.9,20.7,20.7,17.4,0.195,0.198,0.241,0.265,1,3600.0,735.0,511.0,224.0,599.4,735.0,1129.1,774.5,538.4,236.0,599.4,774.5,1189.8
39.191563,-9.160919,44.0,2006-06-20T12:00,20.6,71,15.2,19.2,0.0,0.0,0.0,0.0,3,1017.9,1012.7,81,63,0,81,0.43,0.7,30.4,37.9,350,351,54.4,24.8,20.9,20.7,17.5,0.192,0.198,0.241,0.265,1,3600.0,845.0,589.0,256.0,633.8,845.0,1230.9,866.2,603.8,262.4,633.8,866.2,1261.8
39.191563,-9.160919,44.0,2006-06-20T13:00,20.8,69,14.8,19.3,0.0,0.0,0.0,0.0,2,1017.9,1012.7,65,65,0,21,0.45,0.77,30.7,38.7,350,350,54.4,25.5,21.2,20.7,17.5,0.189,0.198,0.241,0.265,1,3600.0,873.0,597.0,276.0,621.9,873.0,1271.5,872.3,596.5,275.8,621.9,872.3,1270.5
39.191563,-9.160919,44.0,2006-06-20T14:00,20.8,68,14.6,19.0,0.0,0.0,0.0,0.0,1,1017.5,1012.3,44,49,0,0,0.45,0.79,31.1,39.1,349,350,54.7,25.7,21.4,20.7,17.5,0.186,0.198,0.241,0.265,1,3600.0,856.0,567.0,289.0,601.7,856.0,1248.1,833.5,552.1,281.4,601.7,833.5,1215.3
39.191563,-9.160919,44.0,2006-06-20T15:00,20.7,67,14.4,18.6,0.0,0.0,0.0,0.0,1,1017.7,1012.5,21,23,0,0,0.43,0.8,32.3,40.6,349,350,54.7,25.8,21.6,20.7,17.5,0.184,0.197,0.241,0.265,1,3600.0,826.0,652.0,174.0,742.9,826.0,1162.4,781.7,617.0,164.7,742.9,781.7,1100.0
39.191563,-9.160919,44.0,2006-06-20T16:00,20.5,69,14.5,18.1,0.0,0.0,0.0,0.0,0,1017.2,1012.0,18,17,0,9,0.39,0.75,32.5,41.6,350,351,55.8,25.5,21.8,20.7,17.5,0.181,0.197,0.241,0.265,1,3600.0,756.0,625.0,131.0,811.5,756.0,1020.2,691.0,571.3,119.7,811.5,691.0,932.5
39.191563,-9.160919,44.0,2006-06-20T17:00,20.0,70,14.4,16.8,0.0,0.0,0.0,0.0,0,1017.4,1012.2,20,14,0,23,0.32,0.69,33.2,42.6,351,351,55.4,24.8,21.9,20.7,17.5,0.18,0.197,0.241,0.265,1,3600.0,602.0,499.0,103.0,795.2,602.0,831.1,524.5,434.7,89.7,795.2,524.5,724.1
39.191563,-9.160919,44.0,2006-06-20T18:00,19.3,73,14.4,15.8,0.0,0.0,0.0,0.0,0,1017.4,1012.2,3,2,0,5,0.23,0.6,33.3,43.1,350,350,54.4,23.7,22.0,20.7,17.5,0.178,0.197,0.241,0.265,1,3600.0,411.0,324.0,87.0,705.7,411.0,608.1,330.5,260.5,70.0,705.7,330.5,489.0
39.191563,-9.160919,44.0,2006-06-20T19:00,18.3,78,14.3,15.0,0.0,0.0,0.0,0.0,0,1017.5,1012.3,1,1,0,1,0.13,0.47,31.8,42.3,350,351,54.0,22.2,22.0,20.7,17.5,0.178,0.197,0.241,0.265,1,3600.0,208.0,137.0,71.0,495.3,208.0,366.4,138.1,91.0,47.2,495.3,138.1,243.3
39.191563,-9.160919,44.0,2006-06-20T20:00,17.5,83,14.6,14.6,0.0,0.0,0.0,0.0,0,1017.5,1012.3,10,5,0,18,0.06,0.34,29.6,41.5,350,351,50.8,20.6,21.9,20.7,17.5,0.178,0.197,0.241,0.265,1,2183.38,53.0,27.0,26.0,211.0,53.0,122.3,1.6,0.8,0.8,9.5,1.2,3.7
39.191563,-9.160919,44.0,2006-06-20T21:00,17.0,86,14.6,14.2,0.0,0.0,0.0,0.0,1,1018.0,1012.7,32,18,0,51,0.03,0.27,29.4,42.0,353,354,46.8,19.5,21.8,20.7,17.5,0.177,0.197,0.241,0.265,0,0.0,0.0,0.0,0.0,0.0,0.0,0.0,0.0,0.0,0.0,0.0,0.0,0.0
39.191563,-9.160919,44.0,2006-06-20T22:00,16.8,87,14.6,14.4,0.0,0.0,0.0,0.0,1,1018.6,1013.3,34,11,0,81,0.03,0.25,26.2,37.7,352,353,46.4,18.8,21.6,20.7,17.5,0.177,0.197,0.241,0.265,0,0.0,0.0,0.0,0.0,0.0,0.0,0.0,0.0,0.0,0.0,0.0,0.0,0.0
39.191563,-9.160919,44.0,2006-06-20T23:00,16.7,87,14.6,14.2,0.0,0.0,0.0,0.0,1,1018.5,1013.2,37,10,0,93,0.03,0.24,27.3,38.9,352,352,46.1,18.4,21.4,20.7,17.5,0.177,0.197,0.241,0.265,0,0.0,0.0,0.0,0.0,0.0,0.0,0.0,0.0,0.0,0.0,0.0,0.0,0.0
39.191563,-9.160919,44.0,2006-06-21T00:00,16.7,88,14.6,14.0,0.0,0.0,0.0,0.0,1,1018.3,1013.0,43,14,0,100,0.02,0.23,28.4,40.3,351,352,46.8,18.1,21.2,20.7,17.5,0.177,0.197,0.241,0.265,0,0.0,0.0,0.0,0.0,0.0,0.0,0.0,0.0,0.0,0.0,0.0,0.0,0.0
39.191563,-9.160919,44.0,2006-06-21T01:00,16.6,88,14.6,13.9,0.0,0.0,0.0,0.0,1,1018.0,1012.7,45,17,0,99,0.02,0.22,29.0,41.3,353,354,47.2,17.9,21.0,20.7,17.5,0.177,0.197,0.241,0.265,0,0.0,0.0,0.0,0.0,0.0,0.0,0.0,0.0,0.0,0.0,0.0,0.0,0.0
39.191563,-9.160919,44.0,2006-06-21T02:00,16.5,89,14.7,13.8,0.0,0.0,0.0,0.0,1,1017.6,1012.3,47,27,0,77,0.02,0.21,28.9,41.2,354,355,47.5,17.8,20.9,20.7,17.5,0.177,0.197,0.241,0.265,0,0.0,0.0,0.0,0.0,0.0,0.0,0.0,0.0,0.0,0.0,0.0,0.0,0.0
39.191563,-9.160919,44.0,2006-06-21T03:00,16.5,90,14.8,13.9,0.0,0.0,0.0,0.0,1,1017.4,1012.1,40,20,0,73,0.02,0.19,28.2,40.4,356,356,47.2,17.6,20.7,20.7,17.5,0.177,0.197,0.241,0.265,0,0.0,0.0,0.0,0.0,0.0,0.0,0.0,0.0,0.0,0.0,0.0,0.0,0.0
39.191563,-9.160919,44.0,2006-06-21T04:00,16.5,90,14.8,14.0,0.0,0.0,0.0,0.0,2,1017.3,1012.0,51,28,0,87,0.02,0.19,27.8,40.0,357,357,47.5,17.6,20.5,20.7,17.5,0.177,0.197,0.241,0.265,0,0.0,0.0,0.0,0.0,0.0,0.0,0.0,0.0,0.0,0.0,0.0,0.0,0.0
39.191563,-9.160919,44.0,2006-06-21T05:00,16.4,90,14.8,14.0,0.0,0.0,0.0,0.0,2,1017.3,1012.0,65,41,0,95,0.02,0.18,27.4,39.3,358,358,47.9,17.5,20.4,20.7,17.5,0.177,0.197,0.241,0.265,0,0.0,0.0,0.0,0.0,0.0,0.0,0.0,0.0,0.0,0.0,0.0,0.0,0.0
39.191563,-9.160919,44.0,2006-06-21T06:00,16.7,89,14.8,14.2,0.0,0.0,0.0,0.0,2,1017.5,1012.2,78,56,0,93,0.04,0.21,28.1,39.3,358,358,46.8,17.6,20.2,20.6,17.5,0.177,0.197,0.241,0.265,1,0.0,19.0,3.0,16.0,29.2,19.0,77.5,43.2,6.8,36.4,51.3,24.6,176.3
39.191563,-9.160919,44.0,2006-06-21T07:00,17.4,84,14.6,14.3,0.0,0.0,0.0,0.0,2,1017.8,1012.5,78,65,0,66,0.09,0.32,31.0,40.0,359,359,49.3,18.3,20.1,20.6,17.5,0.176,0.197,0.241,0.265,1,2852.8,117.0,35.0,82.0,155.1,117.0,298.9,165.2,49.4,115.8,155.1,165.2,421.9
39.191563,-9.160919,44.0,2006-06-21T08:00,18.1,81,14.8,15.3,0.0,0.0,0.0,0.0,2,1018.0,1012.8,51,47,0,28,0.15,0.39,29.9,38.5,359,359,49.7,19.4,20.1,20.6,17.5,0.176,0.197,0.241,0.265,1,3600.0,283.0,150.0,133.0,365.9,283.0,542.9,344.8,182.8,162.1,365.9,344.8,661.5
39.191563,-9.160919,44.0,2006-06-21T09:00,19.1,76,14.8,16.4,0.0,0.0,0.0,0.0,1,1018.1,1012.9,28,28,0,8,0.24,0.53,29.5,37.4,359,359,49.7,20.9,20.1,20.6,17.5,0.175,0.197,0.241,0.265,1,3600.0,462.0,295.0,167.0,505.7,462.0,772.6,525.4,335.5,189.9,505.7,525.4,878.7
39.191563,-9.160919,44.0,2006-06-21T10:00,20.4,70,14.7,18.8,0.0,0.0,0.0,0.0,0,1018.1,1012.9,1,0,0,2,0.37,0.72,26.3,32.8,360,1,49.0,22.8,20.3,20.6,17.5,0.173,0.197,0.24,0.265,1,3600.0,702.0,580.0,122.0,790.0,702.0,972.3,764.4,631.5,132.8,790.0,764.4,1058.7
39.191563,-9.160919,44.0,2006-06-21T11:00,21.4,65,14.6,20.5,0.0,0.0,0.0,0.0,0,1017.9,1012.7,0,0,0,0,0.46,0.88,25.6,32.1,357,358,47.5,24.5,20.5,20.6,17.5,0.171,0.197,0.24,0.265,1,3600.0,845.0,721.0,124.0,846.1,845.0,1128.5,890.5,759.8,130.7,846.1,890.5,1189.3
39.191563,-9.160919,44.0,2006-06-21T12:00,22.0,63,14.7,21.5,0.0,0.0,0.0,0.0,0,1017.9,1012.7,0,0,0,0,0.52,0.97,26.0,32.1,354,356,46.8,25.9,20.8,20.6,17.5,0.168,0.197,0.24,0.265,1,3600.0,938.0,814.0,124.0,876.1,938.0,1230.5,961.6,834.5,127.1,876.1,961.6,1261.5
39.191563,-9.160919,44.0,2006-06-21T13:00,22.2,62,14.6,21.7,0.0,0.0,0.0,0.0,0,1017.7,1012.5,0,0,0,0,0.55,1.02,26.8,33.3,353,354,48.2,26.9,21.1,20.6,17.5,0.165,0.196,0.24,0.265,1,3600.0,976.0,853.0,123.0,888.6,976.0,1271.3,975.3,852.4,122.9,888.6,975.3,1270.4
39.191563,-9.160919,44.0,2006-06-21T14:00,22.2,61,14.2,21.4,0.0,0.0,0.0,0.0,0,1017.5,1012.3,0,0,0,0,0.54,1.06,27.6,34.1,353,353,49.7,27.3,21.4,20.6,17.5,0.162,0.196,0.24,0.265,1,3600.0,956.0,833.0,123.0,883.9,956.0,1248.2,931.0,811.2,119.8,883.9,931.0,1215.5
39.191563,-9.160919,44.0,2006-06-21T15:00,22.1,60,13.8,20.7,0.0,0.0,0.0,0.0,0,1017.3,1012.1,0,0,0,0,0.51,1.07,27.7,34.9,351,352,50.0,27.3,21.7,20.6,17.5,0.16,0.196,0.24,0.265,1,3600.0,881.0,764.0,117.0,870.2,881.0,1162.7,833.8,723.1,110.7,870.2,833.8,1100.4
39.191563,-9.160919,44.0,2006-06-21T16:00,21.7,61,13.8,19.6,0.0,0.0,0.0,0.0,0,1016.8,1011.6,0,0,0,0,0.44,1.01,28.5,36.4,351,352,50.4,26.8,21.9,20.6,17.5,0.158,0.196,0.24,0.265,1,3600.0,757.0,646.0,111.0,838.2,757.0,1020.7,692.0,590.5,101.5,838.2,692.0,933.0
39.191563,-9.160919,44.0,2006-06-21T17:00,21.0,65,14.1,18.3,0.0,0.0,0.0,0.0,0,1016.9,1011.7,0,0,0,0,0.35,0.88,29.1,37.4,351,352,50.4,25.9,22.1,20.6,17.5,0.156,0.196,0.24,0.265,1,3600.0,594.0,495.0,99.0,788.1,594.0,831.8,517.6,431.3,86.3,788.1,517.6,724.8
39.191563,-9.160919,44.0,2006-06-21T18:00,20.2,70,14.6,17.6,0.0,0.0,0.0,0.0,0,1016.6,1011.4,0,0,0,0,0.24,0.71,28.7,37.3,353,353,50.8,24.6,22.2,20.6,17.5,0.155,0.196,0.24,0.265,1,3600.0,405.0,320.0,85.0,696.0,405.0,608.9,325.8,257.4,68.4,696.0,325.8,489.8
39.191563,-9.160919,44.0,2006-06-21T19:00,19.2,75,14.7,16.8,0.0,0.0,0.0,0.0,0,1016.7,1011.5,0,0,0,0,0.15,0.56,27.2,36.6,353,354,46.8,23.1,22.2,20.6,17.5,0.154,0.196,0.24,0.265,1,3600.0,214.0,150.0,64.0,540.9,214.0,367.2,142.3,99.7,42.6,540.9,142.3,244.2
39.191563,-9.160919,44.0,2006-06-21T20:00,18.2,83,15.3,16.1,0.0,0.0,0.0,0.0,0,1016.8,1011.6,2,2,0,0,0.06,0.35,26.1,37.6,353,355,43.9,21.4,22.2,20.6,17.5,0.154,0.196,0.24,0.265,1,2196.68,54.0,30.0,24.0,233.9,54.0,123.2,2.0,1.1,0.9,12.8,1.5,4.6
39.191563,-9.160919,44.0,2006-06-21T21:00,17.5,88,15.5,15.7,0.0,0.0,0.0,0.0,0,1017.2,1012.0,0,0,0,0,0.02,0.24,25.3,36.8,356,357,41.8,20.1,22.0,20.6,17.5,0.154,0.196,0.24,0.265,0,0.0,0.0,0.0,0.0,0.0,0.0,0.0,0.0,0.0,0.0,0.0,0.0,0.0
39.191563,-9.160919,44.0,2006-06-21T22:00,17.2,90,15.6,15.9,0.0,0.0,0.0,0.0,0,1017.5,1012.2,1,1,0,0,0.01,0.2,22.1,32.8,354,356,40.0,19.2,21.9,20.6,17.5,0.154,0.196,0.24,0.265,0,0.0,0.0,0.0,0.0,0.0,0.0,0.0,0.0,0.0,0.0,0.0,0.0,0.0
39.191563,-9.160919,44.0,2006-06-21T23:00,17.1,91,15.6,15.7,0.0,0.0,0.0,0.0,0,1017.4,1012.1,2,2,0,0,0.01,0.17,22.4,33.5,354,356,37.4,18.7,21.7,20.6,17.5,0.154,0.196,0.24,0.265,0,0.0,0.0,0.0,0.0,0.0,0.0,0.0,0.0,0.0,0.0,0.0,0.0,0.0
39.191563,-9.160919,44.0,2006-06-22T00:00,17.0,93,15.8,15.6,0.0,0.0,0.0,0.0,0,1016.9,1011.6,8,9,0,0,0.01,0.14,23.1,34.3,355,356,36.4,18.3,21.5,20.6,17.5,0.154,0.196,0.24,0.265,0,0.0,0.0,0.0,0.0,0.0,0.0,0.0,0.0,0.0,0.0,0.0,0.0,0.0
39.191563,-9.160919,44.0,2006-06-22T01:00,16.9,94,15.9,15.4,0.0,0.0,0.0,0.0,1,1016.6,1011.3,26,29,0,0,0.0,0.12,23.8,34.9,357,358,38.2,18.1,21.3,20.6,17.5,0.154,0.196,0.24,0.265,0,0.0,0.0,0.0,0.0,0.0,0.0,0.0,0.0,0.0,0.0,0.0,0.0,0.0
39.191563,-9.160919,44.0,2006-06-22T02:00,17.0,94,16.0,15.7,0.0,0.0,0.0,0.0,1,1016.0,1010.8,40,45,0,0,0.0,0.12,23.4,34.6,359,360,38.5,18.1,21.1,20.6,17.5,0.154,0.196,0.24,0.265,0,0.0,0.0,0.0,0.0,0.0,0.0,0.0,0.0,0.0,0.0,0.0,0.0,0.0
39.191563,-9.160919,44.0,2006-06-22T03:00,17.1,94,16.1,15.9,0.0,0.0,0.0,0.0,1,1015.8,1010.6,40,44,0,0,0.0,0.12,22.3,33.1,1,2,38.2,18.0,21.0,20.6,17.5,0.154,0.196,0.24,0.265,0,0.0,0.0,0.0,0.0,0.0,0.0,0.0,0.0,0.0,0.0,0.0,0.0,0.0
39.191563,-9.160919,44.0,2006-06-22T04:00,17.0,94,16.1,15.9,0.0,0.0,0.0,0.0,1,1015.7,1010.5,45,50,0,0,0.0,0.11,21.6,32.4,3,3,36.4,17.9,20.8,20.6,17.5,0.154,0.196,0.24,0.265,0,0.0,0.0,0.0,0.0,0.0,0.0,0.0,0.0,0.0,0.0,0.0,0.0,0.0
39.191563,-9.160919,44.0,2006-06-22T05:00,17.0,95,16.1,16.1,0.0,0.0,0.0,0.0,2,1015.7,1010.5,50,56,0,0,0.0,0.1,20.5,31.7,1,2,34.6,17.8,20.6,20.6,17.6,0.154,0.196,0.24,0.265,0,0.0,0.0,0.0,0.0,0.0,0.0,0.0,0.0,0.0,0.0,0.0,0.0,0.0
39.191563,-9.160919,44.0,2006-06-22T06:00,17.1,95,16.3,16.3,0.0,0.0,0.0,0.0,1,1015.8,1010.6,50,55,0,0,0.02,0.09,20.5,31.0,360,1,33.1,17.8,20.5,20.6,17.6,0.155,0.195,0.24,0.265,1,370.47,23.0,10.0,13.0,97.6,23.0,77.0,52.3,22.8,29.6,171.9,29.7,175.3
39.191563,-9.160919,44.0,2006-06-22T07:00,18.2,90,16.6,17.4,0.0,0.0,0.0,0.0,2,1015.9,1010.7,60,67,0,0,0.07,0.2,21.2,27.4,359,360,33.8,18.5,20.4,20.6,17.6,0.154,0.195,0.24,0.265,1,3600.0,133.0,61.0,72.0,271.2,133.0,297.9,187.9,86.2,101.7,271.2,187.9,420.9
39.191563,-9.160919,44.0,2006-06-22T08:00,19.6,84,16.7,19.0,0.0,0.0,0.0,0.0,1,1016.1,1010.9,43,48,0,0,0.17,0.37,20.2,25.6,359,360,34.2,20.3,20.4,20.6,17.6,0.154,0.195,0.24,0.265,1,3600.0,320.0,221.0,99.0,540.1,320.0,541.9,390.1,269.4,120.7,540.1,390.1,660.5
39.191563,-9.160919,44.0,2006-06-22T09:00,21.1,76,16.8,20.6,0.0,0.0,0.0,0.0,1,1016.2,1011.0,32,36,0,0,0.29,0.59,19.5,24.1,358,359,33.8,22.4,20.5,20.6,17.6,0.153,0.195,0.24,0.265,1,3600.0,508.0,380.0,128.0,652.1,508.0,771.7,577.9,432.3,145.6,652.1,577.9,877.8
39.191563,-9.160919,44.0,2006-06-22T10:00,22.3,72,17.1,22.7,0.0,0.0,0.0,0.0,0,1015.9,1010.7,14,15,0,0,0.39,0.74,18.4,23.1,354,356,33.5,24.7,20.7,20.5,17.6,0.151,0.195,0.24,0.265,1,3600.0,675.0,512.0,163.0,697.9,675.0,971.5,735.1,557.6,177.5,697.9,735.1,1057.9
39.191563,-9.160919,44.0,2006-06-22T11:00,23.2,69,17.2,24.3,0.0,0.0,0.0,0.0,0,1015.9,1010.8,4,4,0,0,0.48,0.88,19.4,23.9,350,354,34.6,26.6,21.0,20.5,17.6,0.149,0.195,0.24,0.265,1,3600.0,811.0,658.0,153.0,772.6,811.0,1127.8,854.7,693.5,161.3,772.6,854.7,1188.7
39.191563,-9.160919,44.0,2006-06-22T12:00,23.9,67,17.3,25.3,0.0,0.0,0.0,0.0,0,1015.7,1010.6,1,1,0,0,0.55,0.99,20.8,25.4,350,353,36.0,28.1,21.4,20.5,17.6,0.147,0.195,0.239,0.265,1,3600.0,921.0,779.0,142.0,838.6,921.0,1230.0,944.3,798.7,145.6,838.6,944.3,1261.1
39.191563,-9.160919,44.0,2006-06-22T13:00,24.3,64,17.2,25.6,0.0,0.0,0.0,0.0,0,1015.5,1010.4,0,0,0,0,0.58,1.08,21.6,26.9,349,352,37.4,29.1,21.7,20.5,17.6,0.144,0.195,0.239,0.265,1,3600.0,954.0,804.0,150.0,837.6,954.0,1271.1,953.4,803.5,149.9,837.6,953.4,1270.3
39.191563,-9.160919,44.0,2006-06-22T14:00,24.5,62,16.7,25.6,0.0,0.0,0.0,0.0,0,1014.9,1009.8,0,0,0,0,0.59,1.17,21.6,26.9,349,352,37.8,29.7,22.1,20.5,17.6,0.142,0.194,0.239,0.265,1,3600.0,952.0,829.0,123.0,879.5,952.0,1248.2,927.1,807.4,119.8,879.5,927.1,1215.6
39.191563,-9.160919,44.0,2006-06-22T15:00,24.5,61,16.4,25.2,0.0,0.0,0.0,0.0,0,1014.5,1009.4,0,0,0,0,0.55,1.2,21.3,27.0,348,351,37.4,29.8,22.5,20.5,17.6,0.139,0.194,0.239,0.265,1,3600.0,877.0,758.0,119.0,863.1,877.0,1162.9,830.1,717.5,112.6,863.1,830.1,1100.7
39.191563,-9.160919,44.0,2006-06-22T16:00,24.1,61,16.0,24.0,0.0,0.0,0.0,0.0,0,1014.1,1009.0,0,0,0,0,0.48,1.18,21.4,27.0,347,350,37.1,29.4,22.8,20.6,17.6,0.137,0.194,0.239,0.265,1,3600.0,755.0,644.0,111.0,835.1,755.0,1021.1,690.3,588.8,101.5,835.1,690.3,933.6
39.191563,-9.160919,44.0,2006-06-22T17:00,23.3,64,16.0,22.5,0.0,0.0,0.0,0.0,0,1014.0,1008.9,0,0,0,0,0.38,1.04,21.1,27.1,346,349,36.7,28.4,23.0,20.6,17.6,0.136,0.194,0.239,0.265,1,3600.0,593.0,494.0,99.0,785.9,593.0,832.4,516.8,430.5,86.3,785.9,516.8,725.5
39.191563,-9.160919,44.0,2006-06-22T18:00,22.3,68,16.1,21.3,0.0,0.0,0.0,0.0,0,1013.8,1008.7,0,0,0,0,0.26,0.86,20.8,27.3,346,348,36.4,26.9,23.2,20.6,17.6,0.135,0.194,0.239,0.265,1,3600.0,407.0,322.0,85.0,699.4,407.0,609.6,327.5,259.1,68.4,699.4,327.5,490.6
39.191563,-9.160919,44.0,2006-06-22T19:00,21.1,73,16.1,20.2,0.0,0.0,0.0,0.0,0,1014.0,1008.8,1,1,0,0,0.15,0.67,20.5,27.7,345,347,34.6,25.1,23.2,20.6,17.6,0.134,0.194,0.239,0.265,1,3600.0,216.0,153.0,63.0,550.5,216.0,368.0,143.8,101.9,41.9,550.5,143.8,245.0
39.191563,-9.160919,44.0,2006-06-22T20:00,19.5,82,16.3,18.7,0.0,0.0,0.0,0.0,0,1014.1,1008.9,0,0,0,0,0.06,0.42,20.2,30.0,344,347,33.1,23.1,23.2,20.6,17.6,0.134,0.194,0.239,0.265,1,2208.58,56.0,31.0,25.0,241.1,56.0,124.0,2.4,1.3,1.1,15.3,1.8,5.3
39.191563,-9.160919,44.0,2006-06-22T21:00,18.5,87,16.3,17.8,0.0,0.0,0.0,0.0,0,1014.3,1009.1,0,0,0,0,0.02,0.27,19.6,30.8,346,349,31.7,21.4,23.0,20.6,17.6,0.134,0.194,0.239,0.265,0,0.0,0.0,0.0,0.0,0.0,0.0,0.0,0.0,0.0,0.0,0.0,0.0,0.0
39.191563,-9.160919,44.0,2006-06-22T22:00,18.0,90,16.4,17.4,0.0,0.0,0.0,0.0,0,1014.7,1009.5,3,3,0,1,0.01,0.2,19.1,29.1,349,352,31.7,20.4,22.9,20.6,17.6,0.134,0.194,0.239,0.265,0,0.0,0.0,0.0,0.0,0.0,0.0,0.0,0.0,0.0,0.0,0.0,0.0,0.0
39.191563,-9.160919,44.0,2006-06-22T23:00,17.7,92,16.4,17.2,0.0,0.0,0.0,0.0,0,1014.9,1009.7,3,2,0,5,0.0,0.16,18.7,28.4,349,351,31.0,19.7,22.7,20.6,17.6,0.134,0.194,0.239,0.265,0,0.0,0.0,0.0,0.0,0.0,0.0,0.0,0.0,0.0,0.0,0.0,0.0,0.0
39.191563,-9.160919,44.0,2006-06-23T00:00,17.5,94,16.4,17.0,0.0,0.0,0.0,0.0,0,1014.5,1009.3,10,7,0,12,0.0,0.13,18.7,28.1,349,350,29.9,19.1,22.5,20.6,17.6,0.134,0.193,0.239,0.265,0,0.0,0.0,0.0,0.0,0.0,0.0,0.0,0.0,0.0,0.0,0.0,0.0,0.0
39.191563,-9.160919,44.0,2006-06-23T01:00,17.3,94,16.4,16.8,0.0,0.0,0.0,0.0,0,1014.0,1008.8,14,13,0,9,0.0,0.11,18.7,27.8,349,350,28.1,18.8,22.2,20.6,17.6,0.134,0.193,0.239,0.265,0,0.0,0.0,0.0,0.0,0.0,0.0,0.0,0.0,0.0,0.0,0.0,0.0,0.0
39.191563,-9.160919,44.0,2006-06-23T02:00,17.2,95,16.4,16.7,0.0,0.0,0.0,0.0,1,1013.6,1008.4,24,25,0,6,0.0,0.1,18.8,27.9,348,349,27.7,18.6,22.0,20.6,17.6,0.135,0.193,0.239,0.265,0,0.0,0.0,0.0,0.0,0.0,0.0,0.0,0.0,0.0,0.0,0.0,0.0,0.0
39.191563,-9.160919,44.0,2006-06-23T03:00,17.1,95,16.3,16.5,0.0,0.0,0.0,0.0,1,1013.5,1008.3,41,40,0,16,0.0,0.1,19.1,28.2,349,350,28.1,18.4,21.8,20.6,17.6,0.135,0.193,0.239,0.265,0,0.0,0.0,0.0,0.0,0.0,0.0,0.0,0.0,0.0,0.0,0.0,0.0,0.0
39.191563,-9.160919,44.0,2006-06-23T04:00,17.1,95,16.3,16.6,0.0,0.0,0.0,0.0,1,1013.4,1008.2,43,46,0,4,0.0,0.1,18.4,27.0,349,350,28.1,18.2,21.6,20.6,17.6,0.135,0.193,0.239,0.265,0,0.0,0.0,0.0,0.0,0.0,0.0,0.0,0.0,0.0,0.0,0.0,0.0,0.0
39.191563,-9.160919,44.0,2006-06-23T05:00,17.1,95,16.3,16.6,0.0,0.0,0.0,0.0,2,1013.5,1008.3,70,77,0,1,0.0,0.1,18.4,26.4,349,349,27.0,18.1,21.5,20.6,17.6,0.135,0.193,0.239,0.265,0,0.0,0.0,0.0,0.0,0.0,0.0,0.0,0.0,0.0,0.0,0.0,0.0,0.0
39.191563,-9.160919,44.0,2006-06-23T06:00,17.3,94,16.4,16.7,0.0,0.0,0.0,0.0,3,1013.9,1008.7,80,89,0,0,0.02,0.11,19.2,26.6,347,347,27.0,18.1,21.3,20.6,17.6,0.135,0.193,0.239,0.265,1,369.22,24.0,10.0,14.0,98.0,24.0,76.5,54.7,22.8,31.9,173.1,31.0,174.2
39.191563,-9.160919,44.0,2006-06-23T07:00,18.0,90,16.3,17.1,0.0,0.0,0.0,0.0,3,1014.1,1008.9,88,98,0,0,0.07,0.21,21.0,26.6,347,347,33.8,18.8,21.1,20.6,17.6,0.135,0.193,0.239,0.265,1,3600.0,136.0,68.0,68.0,303.4,136.0,296.8,192.4,96.2,96.2,303.4,192.4,419.8
39.191563,-9.160919,44.0,2006-06-23T08:00,18.8,85,16.3,17.8,0.0,0.0,0.0,0.0,3,1014.5,1009.3,88,98,0,0,0.15,0.32,22.0,27.5,349,349,36.0,20.3,21.1,20.6,17.6,0.134,0.193,0.239,0.265,1,3600.0,280.0,141.0,139.0,345.2,280.0,540.8,341.4,171.9,169.5,345.2,341.4,659.5
39.191563,-9.160919,44.0,2006-06-23T09:00,20.0,80,16.4,18.9,0.0,0.0,0.0,0.0,2,1014.8,1009.6,77,85,0,1,0.25,0.47,22.6,28.1,351,351,38.2,22.2,21.1,20.6,17.6,0.134,0.193,0.239,0.264,1,3600.0,472.0,313.0,159.0,537.8,472.0,770.6,537.0,356.1,180.9,537.8,537.0,876.8
39.191563,-9.160919,44.0,2006-06-23T10:00,21.1,75,16.4,20.6,0.0,0.0,0.0,0.0,2,1015.2,1010.0,79,87,0,4,0.36,0.63,21.8,26.5,351,352,38.9,24.2,21.3,20.6,17.6,0.133,0.193,0.239,0.264,1,3600.0,661.0,510.0,151.0,695.7,661.0,970.6,719.9,555.5,164.5,695.7,719.9,1057.1
39.191563,-9.160919,44.0,2006-06-23T11:00,22.2,70,16.4,22.4,0.0,0.0,0.0,0.0,2,1015.2,1010.0,59,66,0,0,0.46,0.81,22.1,26.8,348,348,38.9,26.2,21.5,20.6,17.6,0.131,0.193,0.239,0.264,1,3600.0,816.0,661.0,155.0,776.5,816.0,1127.1,860.1,696.7,163.4,776.5,860.1,1188.1
39.191563,-9.160919,44.0,2006-06-23T12:00,22.8,67,16.4,23.5,0.0,0.0,0.0,0.0,1,1015.3,1010.2,50,55,0,0,0.53,0.92,22.7,27.5,345,346,39.6,27.8,21.8,20.6,17.6,0.129,0.193,0.239,0.264,1,3600.0,924.0,784.0,140.0,844.3,924.0,1229.5,947.5,803.9,143.6,844.3,947.5,1260.7
39.191563,-9.160919,44.0,2006-06-23T13:00,23.1,66,16.3,23.7,0.0,0.0,0.0,0.0,1,1015.3,1010.2,46,51,0,0,0.55,0.97,23.9,29.0,342,343,40.7,28.9,22.1,20.6,17.6,0.127,0.193,0.238,0.264,1,3600.0,967.0,837.0,130.0,872.1,967.0,1270.8,966.5,836.6,129.9,872.1,966.5,1270.1
39.191563,-9.160919,44.0,2006-06-23T14:00,23.0,65,16.0,23.1,0.0,0.0,0.0,0.0,1,1015.2,1010.1,50,55,0,0,0.54,0.99,25.5,31.1,341,342,42.5,29.4,22.4,20.6,17.6,0.125,0.192,0.238,0.264,1,3600.0,947.0,821.0,126.0,870.9,947.0,1248.1,922.4,799.6,122.7,870.9,922.4,1215.7
39.191563,-9.160919,44.0,2006-06-23T15:00,22.6,64,15.6,22.1,0.0,0.0,0.0,0.0,1,1015.2,1010.1,44,49,0,0,0.5,0.98,26.5,32.9,342,342,44.3,29.3,22.7,20.6,17.6,0.124,0.192,0.238,0.264,1,3600.0,875.0,757.0,118.0,861.7,875.0,1163.1,828.3,716.6,111.7,861.7,828.3,1101.0
39.191563,-9.160919,44.0,2006-06-23T16:00,22.1,65,15.3,20.8,0.0,0.0,0.0,0.0,1,1015.0,1009.8,32,36,0,0,0.43,0.93,27.4,34.5,343,344,45.7,28.7,23.0,20.6,17.6,0.122,0.192,0.238,0.264,1,3600.0,751.0,641.0,110.0,830.8,751.0,1021.5,686.7,586.1,100.6,830.8,686.7,934.1
39.191563,-9.160919,44.0,2006-06-23T17:00,21.4,67,15.1,19.3,0.0,0.0,0.0,0.0,1,1014.7,1009.5,24,27,0,0,0.34,0.83,27.6,35.4,345,345,46.4,27.6,23.2,20.6,17.6,0.121,0.192,0.238,0.264,1,3600.0,589.0,489.0,100.0,777.3,589.0,832.9,513.4,426.3,87.2,777.3,513.4,726.1
39.191563,-9.160919,44.0,2006-06-23T18:00,20.4,72,15.1,18.1,0.0,0.0,0.0,0.0,1,1014.5,1009.3,28,31,0,0,0.24,0.68,27.8,35.9,347,347,46.4,26.1,23.3,20.6,17.6,0.121,0.192,0.238,0.264,1,3600.0,402.0,318.0,84.0,689.9,402.0,610.3,323.6,256.0,67.6,689.9,323.6,491.3
39.191563,-9.160919,44.0,2006-06-23T19:00,19.0,77,14.8,16.6,0.0,0.0,0.0,0.0,1,1014.6,1009.4,32,35,0,0,0.13,0.51,27.3,36.1,348,348,46.4,24.2,23.2,20.6,17.6,0.12,0.192,0.238,0.264,1,3600.0,191.0,116.0,75.0,416.5,191.0,368.7,127.3,77.3,50.0,416.5,127.3,245.7
39.191563,-9.160919,44.0,2006-06-23T20:00,18.1,82,15.0,16.0,0.0,0.0,0.0,0.0,1,1015.1,1009.9,40,43,0,4,0.06,0.38,26.1,35.9,349,349,45.4,22.3,23.2,20.6,17.6,0.12,0.192,0.238,0.264,1,2191.03,47.0,23.0,24.0,178.5,47.0,124.7,2.3,1.1,1.2,12.7,1.7,6.0
39.191563,-9.160919,44.0,2006-06-23T21:00,17.7,85,15.2,15.8,0.0,0.0,0.0,0.0,2,1015.7,1010.5,52,57,0,1,0.03,0.3,24.6,35.8,349,350,42.1,20.9,23.0,20.6,17.6,0.12,0.192,0.238,0.264,0,0.0,0.0,0.0,0.0,0.0,0.0,0.0,0.0,0.0,0.0,0.0,0.0,0.0
39.191563,-9.160919,44.0,2006-06-23T22:00,17.5,87,15.3,15.7,0.0,0.0,0.0,0.0,3,1016.3,1011.1,84,93,0,0,0.02,0.26,24.8,34.4,347,347,40.0,20.1,22.8,20.7,17.6,0.12,0.192,0.238,0.264,0,0.0,0.0,0.0,0.0,0.0,0.0,0.0,0.0,0.0,0.0,0.0,0.0,0.0
39.191563,-9.160919,44.0,2006-06-23T23:00,17.4,88,15.3,15.2,0.0,0.0,0.0,0.0,3,1016.1,1010.9,90,100,0,0,0.02,0.24,26.8,36.8,345,345,40.3,19.6,22.6,20.7,17.7,0.12,0.192,0.238,0.264,0,0.0,0.0,0.0,0.0,0.0,0.0,0.0,0.0,0.0,0.0,0.0,0.0,0.0
39.191563,-9.160919,44.0,2006-06-24T00:00,17.4,87,15.3,15.4,0.0,0.0,0.0,0.0,3,1015.7,1010.5,90,100,0,0,0.02,0.25,25.9,35.9,344,344,40.0,19.3,22.5,20.7,17.7,0.12,0.192,0.238,0.264,0,0.0,0.0,0.0,0.0,0.0,0.0,0.0,0.0,0.0,0.0,0.0,0.0,0.0
39.191563,-9.160919,44.0,2006-06-24T01:00,17.2,88,15.1,15.0,0.0,0.0,0.0,0.0,3,1015.4,1010.2,89,99,0,0,0.02,0.24,26.3,34.9,343,344,39.6,19.0,22.3,20.7,17.7,0.12,0.192,0.238,0.264,0,0.0,0.0,0.0,0.0,0.0,0.0,0.0,0.0,0.0,0.0,0.0,0.0,0.0
39.191563,-9.160919,44.0,2006-06-24T02:00,17.3,87,15.0,15.1,0.0,0.0,0.0,0.0,3,1015.1,1009.9,90,100,0,0,0.03,0.26,26.1,34.7,342,343,38.9,18.9,22.1,20.7,17.7,0.121,0.192,0.238,0.264,0,0.0,0.0,0.0,0.0,0.0,0.0,0.0,0.0,0.0,0.0,0.0,0.0,0.0
39.191563,-9.160919,44.0,2006-06-24T03:00,17.4,86,15.0,15.4,0.0,0.0,0.0,0.0,3,1015.0,1009.8,90,100,0,0,0.03,0.28,25.0,34.2,342,342,39.2,18.8,21.9,20.7,17.7,0.121,0.192,0.238,0.264,0,0.0,0.0,0.0,0.0,0.0,0.0,0.0,0.0,0.0,0.0,0.0,0.0,0.0
39.191563,-9.160919,44.0,2006-06-24T04:00,17.4,85,14.9,15.6,0.0,0.0,0.0,0.0,3,1015.0,1009.8,90,100,0,0,0.03,0.29,23.3,32.4,340,341,38.9,18.8,21.7,20.7,17.7,0.121,0.192,0.238,0.264,0,0.0,0.0,0.0,0.0,0.0,0.0,0.0,0.0,0.0,0.0,0.0,0.0,0.0
39.191563,-9.160919,44.0,2006-06-24T05:00,17.5,85,14.9,15.8,0.0,0.0,0.0,0.0,3,1015.1,1009.9,88,98,0,0,0.03,0.31,23.1,31.4,339,340,38.5,18.9,21.6,20.7,17.7,0.121,0.192,0.238,0.264,0,0.0,0.0,0.0,0.0,0.0,0.0,0.0,0.0,0.0,0.0,0.0,0.0,0.0
39.191563,-9.160919,44.0,2006-06-24T06:00,17.7,83,14.8,16.0,0.0,0.0,0.0,0.0,3,1015.3,1010.1,90,100,0,0,0.05,0.34,22.5,30.5,340,341,38.5,18.9,21.4,20.7,17.7,0.121,0.191,0.238,0.264,1,0.0,12.0,0.0,12.0,0.0,12.0,75.9,27.3,0.0,27.3,0.0,15.4,173.1
39.191563,-9.160919,44.0,2006-06-24T07:00,17.9,81,14.6,16.1,0.0,0.0,0.0,0.0,3,1015.7,1010.5,89,99,0,0,0.08,0.39,22.5,29.7,340,341,36.7,19.3,21.3,20.7,17.7,0.121,0.191,0.238,0.264,1,0.0,65.0,3.0,62.0,13.4,65.0,295.6,92.1,4.2,87.8,13.4,92.1,418.6
39.191563,-9.160919,44.0,2006-06-24T08:00,18.5,77,14.4,16.7,0.0,0.0,0.0,0.0,3,1015.9,1010.7,89,99,0,0,0.13,0.49,22.7,28.8,340,340,37.4,20.1,21.3,20.7,17.7,0.121,0.191,0.238,0.264,1,1217.51,180.0,41.0,139.0,100.6,180.0,539.7,219.6,50.0,169.6,100.6,219.6,658.3
39.191563,-9.160919,44.0,2006-06-24T09:00,19.1,74,14.3,17.2,0.0,0.0,0.0,0.0,2,1016.5,1011.3,76,84,0,0,0.18,0.58,22.5,28.3,338,338,37.4,21.0,21.2,20.7,17.7,0.121,0.191,0.238,0.264,1,780.48,260.0,50.0,210.0,86.0,260.0,769.6,295.9,56.9,239.0,86.0,295.9,875.8
39.191563,-9.160919,44.0,2006-06-24T10:00,19.8,70,14.2,18.1,0.0,0.0,0.0,0.0,3,1016.9,1011.7,86,96,0,0,0.27,0.7,21.1,26.5,337,338,37.1,22.4,21.3,20.6,17.7,0.122,0.191,0.238,0.264,1,3600.0,427.0,158.0,269.0,215.7,427.0,969.7,465.1,172.1,293.0,215.7,465.1,1056.3
39.191563,-9.160919,44.0,2006-06-24T11:00,20.4,68,14.3,18.6,0.0,0.0,0.0,0.0,2,1017.0,1011.8,68,75,0,0,0.33,0.77,21.4,26.4,333,334,36.7,23.7,21.4,20.6,17.7,0.121,0.191,0.238,0.264,1,3600.0,540.0,282.0,258.0,331.4,540.0,1126.4,569.3,297.3,272.0,331.4,569.3,1187.4
39.191563,-9.160919,44.0,2006-06-24T12:00,20.6,67,14.3,19.1,0.0,0.0,0.0,0.0,2,1016.9,1011.7,65,72,0,0,0.36,0.79,21.3,26.4,330,331,37.4,24.6,21.5,20.6,17.7,0.121,0.191,0.238,0.264,1,3600.0,597.0,313.0,284.0,337.2,597.0,1229.0,612.2,321.0,291.2,337.2,612.2,1260.3
39.191563,-9.160919,44.0,2006-06-24T13:00,21.0,65,14.2,19.7,0.0,0.0,0.0,0.0,2,1017.1,1011.9,64,71,0,0,0.4,0.87,21.9,26.7,327,328,37.8,25.6,21.7,20.6,17.7,0.121,0.191,0.238,0.264,1,3600.0,664.0,356.0,308.0,371.0,664.0,1270.5,663.7,355.9,307.9,371.0,663.7,1270.0
39.191563,-9.160919,44.0,2006-06-24T14:00,21.2,64,14.2,20.0,0.0,0.0,0.0,0.0,2,1016.7,1011.5,67,74,0,0,0.42,0.9,22.7,28.2,324,325,38.9,26.3,21.9,20.6,17.7,0.121,0.191,0.238,0.264,1,3600.0,710.0,400.0,310.0,424.3,710.0,1248.1,691.6,389.6,302.0,424.3,691.6,1215.7
39.191563,-9.160919,44.0,2006-06-24T15:00,21.3,63,14.1,19.9,0.0,0.0,0.0,0.0,2,1016.9,1011.7,55,61,0,0,0.42,0.93,24.1,30.1,322,323,40.3,26.8,22.1,20.6,17.7,0.121,0.191,0.238,0.264,1,3600.0,710.0,474.0,236.0,539.4,710.0,1163.3,672.2,448.8,223.4,539.4,672.2,1101.3
39.191563,-9.160919,44.0,2006-06-24T16:00,20.7,66,14.2,18.4,0.0,0.0,0.0,0.0,2,1016.8,1011.6,50,56,0,0,0.33,0.83,24.9,31.1,323,323,40.3,26.2,22.3,20.6,17.7,0.121,0.19,0.238,0.264,1,3600.0,547.0,328.0,219.0,424.9,547.0,1021.9,500.2,300.0,200.3,424.9,500.2,934.5
39.191563,-9.160919,44.0,2006-06-24T17:00,20.4,68,14.3,18.2,0.0,0.0,0.0,0.0,1,1016.6,1011.4,47,52,0,0,0.3,0.77,24.4,31.2,323,324,41.0,25.6,22.4,20.7,17.7,0.12,0.19,0.237,0.264,1,3600.0,503.0,349.0,154.0,554.4,503.0,833.4,438.5,304.3,134.3,554.4,438.5,726.6
39.191563,-9.160919,44.0,2006-06-24T18:00,19.9,71,14.4,17.9,0.0,0.0,0.0,0.0,1,1016.5,1011.3,42,47,0,0,0.22,0.68,24.0,31.3,324,325,41.0,24.6,22.5,20.7,17.7,0.12,0.19,0.237,0.264,1,3600.0,344.0,223.0,121.0,483.3,344.0,610.9,277.0,179.6,97.4,483.3,277.0,491.9
39.191563,-9.160919,44.0,2006-06-24T19:00,19.0,74,14.3,17.0,0.0,0.0,0.0,0.0,1,1016.7,1011.5,44,49,0,0,0.13,0.57,23.2,31.1,327,328,39.6,23.1,22.5,20.7,17.7,0.12,0.19,0.237,0.264,1,3600.0,180.0,102.0,78.0,365.6,180.0,369.3,120.0,68.0,52.0,365.6,120.0,246.3
39.191563,-9.160919,44.0,2006-06-24T20:00,18.3,79,14.5,16.6,0.0,0.0,0.0,0.0,1,1016.9,1011.7,28,31,0,0,0.07,0.45,22.1,30.6,330,330,37.8,21.7,22.4,20.7,17.7,0.12,0.19,0.237,0.264,1,1330.81,41.0,17.0,24.0,131.7,41.0,125.3,2.1,0.9,1.3,10.2,1.6,6.5
39.191563,-9.160919,44.0,2006-06-24T21:00,17.6,83,14.7,16.0,0.0,0.0,0.0,0.0,1,1017.3,1012.1,40,45,0,0,0.03,0.34,21.7,30.8,333,334,35.6,20.3,22.3,20.7,17.7,0.12,0.19,0.237,0.264,0,0.0,0.0,0.0,0.0,0.0,0.0,0.0,0.0,0.0,0.0,0.0,0.0,0.0
39.191563,-9.160919,44.0,2006-06-24T22:00,17.5,85,14.9,16.0,0.0,0.0,0.0,0.0,1,1018.0,1012.8,42,47,0,0,0.03,0.3,21.1,30.1,327,328,34.6,19.6,22.1,20.7,17.7,0.12,0.19,0.237,0.264,0,0.0,0.0,0.0,0.0,0.0,0.0,0.0,0.0,0.0,0.0,0.0,0.0,0.0
39.191563,-9.160919,44.0,2006-06-24T23:00,17.2,87,15.0,15.8,0.0,0.0,0.0,0.0,1,1017.8,1012.5,41,46,0,0,0.02,0.26,20.8,30.5,330,331,33.8,19.1,22.0,20.7,17.7,0.12,0.19,0.237,0.264,0,0.0,0.0,0.0,0.0,0.0,0.0,0.0,0.0,0.0,0.0,0.0,0.0,0.0
39.191563,-9.160919,44.0,2006-06-25T00:00,17.0,89,15.1,15.8,0.0,0.0,0.0,0.0,1,1017.6,1012.3,47,52,0,0,0.01,0.22,20.3,29.8,333,333,32.0,18.7,21.8,20.7,17.7,0.12,0.19,0.237,0.264,0,0.0,0.0,0.0,0.0,0.0,0.0,0.0,0.0,0.0,0.0,0.0,0.0,0.0
39.191563,-9.160919,44.0,2006-06-25T01:00,16.9,89,15.1,15.7,0.0,0.0,0.0,0.0,1,1017.3,1012.0,43,48,0,0,0.01,0.21,20.0,28.8,334,336,31.0,18.4,21.6,20.7,17.7,0.12,0.19,0.237,0.264,0,0.0,0.0,0.0,0.0,0.0,0.0,0.0,0.0,0.0,0.0,0.0,0.0,0.0
39.191563,-9.160919,44.0,2006-06-25T02:00,16.8,89,15.1,15.7,0.0,0.0,0.0,0.0,1,1016.8,1011.5,44,49,0,0,0.01,0.2,19.3,28.2,336,337,30.6,18.2,21.4,20.7,17.7,0.121,0.19,0.237,0.264,0,0.0,0.0,0.0,0.0,0.0,0.0,0.0,0.0,0.0,0.0,0.0,0.0,0.0
39.191563,-9.160919,44.0,2006-06-25T03:00,16.8,90,15.1,15.7,0.0,0.0,0.0,0.0,1,1016.7,1011.4,41,46,0,0,0.01,0.2,19.1,27.8,338,339,30.6,18.0,21.3,20.7,17.7,0.121,0.19,0.237,0.264,0,0.0,0.0,0.0,0.0,0.0,0.0,0.0,0.0,0.0,0.0,0.0,0.0,0.0
39.191563,-9.160919,44.0,2006-06-25T04:00,16.9,89,15.1,15.7,0.0,0.0,0.0,0.0,1,1016.6,1011.3,44,49,0,0,0.01,0.21,19.3,27.2,339,340,32.0,18.0,21.1,20.7,17.7,0.121,0.19,0.237,0.264,0,0.0,0.0,0.0,0.0,0.0,0.0,0.0,0.0,0.0,0.0,0.0,0.0,0.0
39.191563,-9.160919,44.0,2006-06-25T05:00,16.8,89,15.1,15.7,0.0,0.0,0.0,0.0,1,1016.7,1011.4,47,52,0,0,0.01,0.2,18.9,27.2,339,340,32.4,17.9,20.9,20.7,17.7,0.121,0.19,0.237,0.264,0,0.0,0.0,0.0,0.0,0.0,0.0,0.0,0.0,0.0,0.0,0.0,0.0,0.0
39.191563,-9.160919,44.0,2006-06-25T06:00,17.1,87,15.0,16.2,0.0,0.0,0.0,0.0,1,1017.1,1011.8,35,39,0,0,0.03,0.24,17.6,25.7,337,340,32.8,18.0,20.8,20.6,17.7,0.122,0.19,0.237,0.264,1,86.76,18.0,7.0,11.0,69.2,18.0,75.3,41.1,16.0,25.1,123.0,23.1,171.8
39.191563,-9.160919,44.0,2006-06-25T07:00,17.4,86,15.1,16.1,0.0,0.0,0.0,0.0,1,1017.1,1011.9,50,55,0,0,0.07,0.27,20.4,26.8,339,340,32.4,18.5,20.7,20.6,17.7,0.122,0.19,0.237,0.264,1,3600.0,104.0,57.0,47.0,256.3,104.0,294.3,147.5,80.8,66.6,256.3,147.5,417.4
39.191563,-9.160919,44.0,2006-06-25T08:00,18.1,80,14.6,16.7,0.0,0.0,0.0,0.0,2,1017.3,1012.1,58,65,0,0,0.13,0.42,20.1,25.7,339,340,32.8,19.5,20.6,20.6,17.7,0.122,0.19,0.237,0.264,1,3600.0,198.0,78.0,120.0,191.8,198.0,538.4,241.7,95.2,146.5,191.8,241.7,657.1
39.191563,-9.160919,44.0,2006-06-25T09:00,19.0,73,14.1,17.5,0.0,0.0,0.0,0.0,2,1017.8,1012.6,70,78,0,0,0.21,0.59,19.9,24.9,338,338,33.8,21.0,20.6,20.6,17.7,0.122,0.19,0.237,0.264,1,3600.0,343.0,166.0,177.0,286.0,343.0,768.4,390.5,189.0,201.5,286.0,390.5,874.8
39.191563,-9.160919,44.0,2006-06-25T10:00,19.9,68,13.9,18.7,0.0,0.0,0.0,0.0,2,1018.1,1012.9,69,77,0,0,0.3,0.73,16.3,19.8,329,331,33.8,22.7,20.7,20.6,17.7,0.121,0.19,0.237,0.264,1,3600.0,505.0,266.0,239.0,363.5,505.0,968.7,550.2,289.8,260.4,363.5,550.2,1055.4
39.191563,-9.160919,44.0,2006-06-25T11:00,20.1,67,13.7,18.9,0.0,0.0,0.0,0.0,2,1018.1,1012.9,69,77,0,0,0.33,0.79,16.5,19.9,324,325,33.8,23.8,20.9,20.6,17.7,0.121,0.19,0.237,0.264,1,3600.0,533.0,235.0,298.0,276.4,533.0,1125.6,562.0,247.8,314.2,276.4,562.0,1186.8
39.191563,-9.160919,44.0,2006-06-25T12:00,20.6,64,13.6,19.5,0.0,0.0,0.0,0.0,2,1018.4,1013.2,69,77,0,0,0.38,0.87,17.9,21.8,320,321,34.6,24.9,21.1,20.6,17.7,0.121,0.19,0.237,0.264,1,3600.0,619.0,247.0,372.0,266.2,619.0,1228.4,634.8,253.3,381.5,266.2,634.8,1259.9
39.191563,-9.160919,44.0,2006-06-25T13:00,20.9,63,13.5,20.0,0.0,0.0,0.0,0.0,2,1018.4,1013.2,73,81,0,0,0.43,0.92,18.9,23.0,320,320,35.3,25.9,21.3,20.6,17.7,0.12,0.189,0.237,0.264,1,3600.0,711.0,377.0,334.0,392.9,711.0,1270.2,710.8,376.9,333.9,392.9,710.8,1269.8
39.191563,-9.160919,44.0,2006-06-25T14:00,21.0,62,13.5,19.9,0.0,0.0,0.0,0.0,2,1018.0,1012.8,71,79,0,0,0.41,0.93,19.2,23.6,320,321,36.0,26.4,21.5,20.6,17.7,0.12,0.189,0.237,0.264,1,3600.0,682.0,352.0,330.0,373.4,682.0,1248.0,664.4,342.9,321.5,373.4,664.4,1215.8
39.191563,-9.160919,44.0,2006-06-25T15:00,20.6,64,13.7,19.1,0.0,0.0,0.0,0.0,2,1018.2,1013.0,63,70,0,0,0.35,0.86,19.3,24.0,323,324,36.0,26.2,21.7,20.6,17.7,0.12,0.189,0.237,0.264,1,3600.0,572.0,251.0,321.0,285.6,572.0,1163.4,541.6,237.7,303.9,285.6,541.6,1101.5
39.191563,-9.160919,44.0,2006-06-25T16:00,20.2,67,13.8,18.6,0.0,0.0,0.0,0.0,1,1017.6,1012.4,45,50,0,0,0.32,0.79,19.2,23.9,326,326,36.0,25.7,21.9,20.6,17.7,0.119,0.189,0.237,0.264,1,3600.0,518.0,261.0,257.0,338.0,518.0,1022.2,473.8,238.7,235.1,338.0,473.8,934.9
39.191563,-9.160919,44.0,2006-06-25T17:00,20.0,67,13.8,18.4,0.0,0.0,0.0,0.0,0,1017.5,1012.3,20,22,0,0,0.28,0.76,19.3,23.8,327,328,36.0,25.2,22.0,20.6,17.7,0.119,0.189,0.237,0.264,1,3600.0,448.0,252.0,196.0,400.0,448.0,833.9,390.6,219.7,170.9,400.0,390.6,727.1
39.191563,-9.160919,44.0,2006-06-25T18:00,19.6,70,14.0,17.9,0.0,0.0,0.0,0.0,1,1017.4,1012.2,32,36,0,0,0.22,0.69,20.5,25.8,329,330,36.4,24.4,22.1,20.6,17.8,0.118,0.189,0.237,0.264,1,3600.0,361.0,234.0,127.0,506.6,361.0,611.4,290.8,188.5,102.3,506.6,290.8,492.5
39.191563,-9.160919,44.0,2006-06-25T19:00,18.6,75,14.0,16.8,0.0,0.0,0.0,0.0,1,1017.6,1012.4,30,33,0,0,0.13,0.54,20.8,27.0,332,333,35.3,22.9,22.1,20.6,17.8,0.118,0.189,0.237,0.264,1,3600.0,191.0,117.0,74.0,418.7,191.0,369.9,127.5,78.1,49.4,418.7,127.5,246.8
39.191563,-9.160919,44.0,2006-06-25T20:00,17.7,80,14.3,16.3,0.0,0.0,0.0,0.0,2,1018.0,1012.8,68,76,0,0,0.06,0.4,19.3,26.3,336,337,34.2,21.3,22.0,20.6,17.8,0.118,0.189,0.237,0.264,1,1475.38,44.0,18.0,26.0,139.2,44.0,125.7,2.4,1.0,1.4,11.5,1.8,7.0
39.191563,-9.160919,44.0,2006-06-25T21:00,17.3,83,14.4,16.0,0.0,0.0,0.0,0.0,2,1018.3,1013.0,76,84,0,0,0.03,0.34,18.5,24.8,339,341,30.6,20.1,21.9,20.6,17.8,0.118,0.189,0.237,0.264,0,0.0,0.0,0.0,0.0,0.0,0.0,0.0,0.0,0.0,0.0,0.0,0.0,0.0
39.191563,-9.160919,44.0,2006-06-25T22:00,17.0,84,14.4,16.6,0.0,0.0,0.0,0.0,3,1018.7,1013.4,82,91,0,0,0.01,0.3,12.9,19.3,337,339,28.4,19.3,21.8,20.6,17.8,0.118,0.189,0.237,0.264,0,0.0,0.0,0.0,0.0,0.0,0.0,0.0,0.0,0.0,0.0,0.0,0.0,0.0
39.191563,-9.160919,44.0,2006-06-25T23:00,16.7,86,14.3,16.0,0.0,0.0,0.0,0.0,2,1018.5,1013.2,65,72,0,0,0.01,0.27,14.2,20.0,333,334,27.4,18.7,21.6,20.6,17.8,0.118,0.189,0.237,0.264,0,0.0,0.0,0.0,0.0,0.0,0.0,0.0,0.0,0.0,0.0,0.0,0.0,0.0
39.191563,-9.160919,44.0,2006-06-26T00:00,16.4,87,14.2,15.6,0.0,0.0,0.0,0.0,2,1018.1,1012.8,51,57,0,0,0.01,0.25,14.8,21.1,331,333,26.6,18.2,21.4,20.6,17.8,0.118,0.189,0.237,0.264,0,0.0,0.0,0.0,0.0,0.0,0.0,0.0,0.0,0.0,0.0,0.0,0.0,0.0
39.191563,-9.160919,44.0,2006-06-26T01:00,16.2,87,14.0,15.3,0.0,0.0,0.0,0.0,1,1017.8,1012.5,48,53,0,0,0.01,0.24,15.1,21.1,332,333,25.9,17.7,21.3,20.6,17.8,0.118,0.189,0.237,0.264,0,0.0,0.0,0.0,0.0,0.0,0.0,0.0,0.0,0.0,0.0,0.0,0.0,0.0
39.191563,-9.160919,44.0,2006-06-26T02:00,16.1,87,13.8,15.1,0.0,0.0,0.0,0.0,1,1017.2,1011.9,37,41,0,0,0.01,0.25,14.8,21.1,331,333,25.6,17.5,21.1,20.6,17.8,0.118,0.189,0.237,0.264,0,0.0,0.0,0.0,0.0,0.0,0.0,0.0,0.0,0.0,0.0,0.0,0.0,0.0
39.191563,-9.160919,44.0,2006-06-26T03:00,16.1,86,13.7,15.1,0.0,0.0,0.0,0.0,2,1017.1,1011.8,50,56,0,0,0.01,0.26,14.8,20.9,334,336,26.3,17.4,20.9,20.6,17.8,0.118,0.189,0.237,0.264,0,0.0,0.0,0.0,0.0,0.0,0.0,0.0,0.0,0.0,0.0,0.0,0.0,0.0
39.191563,-9.160919,44.0,2006-06-26T04:00,15.9,86,13.5,14.8,0.0,0.0,0.0,0.0,2,1016.9,1011.6,54,60,0,0,0.01,0.25,14.7,21.2,338,339,27.0,17.1,20.7,20.6,17.8,0.118,0.189,0.237,0.264,0,0.0,0.0,0.0,0.0,0.0,0.0,0.0,0.0,0.0,0.0,0.0,0.0,0.0
39.191563,-9.160919,44.0,2006-06-26T05:00,16.0,85,13.4,14.9,0.0,0.0,0.0,0.0,2,1016.8,1011.5,60,65,0,5,0.02,0.28,15.0,20.9,343,345,28.4,17.1,20.5,20.6,17.8,0.118,0.189,0.237,0.264,0,0.0,0.0,0.0,0.0,0.0,0.0,0.0,0.0,0.0,0.0,0.0,0.0,0.0
39.191563,-9.160919,44.0,2006-06-26T06:00,16.3,83,13.4,14.9,0.0,0.0,0.0,0.0,2,1017.3,1012.0,67,62,6,25,0.04,0.32,16.4,22.3,345,346,30.2,17.3,20.4,20.6,17.8,0.118,0.189,0.237,0.264,1,0.0,14.0,3.0,11.0,29.8,14.0,74.7,32.0,6.8,25.1,53.2,17.9,170.4
39.191563,-9.160919,44.0,2006-06-26T07:00,16.8,80,13.4,15.1,0.0,0.0,0.0,0.0,3,1017.2,1011.9,89,74,6,64,0.08,0.38,19.1,24.5,349,350,29.2,17.9,20.3,20.6,17.8,0.118,0.189,0.237,0.264,1,2401.49,81.0,31.0,50.0,140.0,81.0,293.0,115.0,44.0,71.0,140.0,115.0,416.0
39.191563,-9.160919,44.0,2006-06-26T08:00,17.8,72,12.6,15.7,0.0,0.0,0.0,0.0,3,1017.7,1012.5,100,88,29,76,0.15,0.57,20.0,25.1,352,352,33.1,19.1,20.2,20.6,17.8,0.119,0.189,0.237,0.264,1,3600.0,198.0,99.0,99.0,244.0,198.0,537.1,241.8,120.9,120.9,244.0,241.8,655.9
39.191563,-9.160919,44.0,2006-06-26T09:00,17.7,73,12.7,15.5,0.0,0.0,0.0,0.0,3,1017.6,1012.4,100,96,38,90,0.15,0.55,20.3,26.1,353,353,34.6,19.6,20.2,20.6,17.8,0.119,0.189,0.237,0.264,1,0.0,188.0,7.0,181.0,12.1,188.0,767.2,214.1,8.0,206.1,12.1,214.1,873.6
39.191563,-9.160919,44.0,2006-06-26T10:00,18.6,66,12.2,16.5,0.0,0.0,0.0,0.0,3,1017.8,1012.6,100,75,46,87,0.25,0.73,18.9,23.2,352,353,36.4,21.1,20.2,20.6,17.8,0.119,0.189,0.237,0.264,1,2919.08,394.0,115.0,279.0,157.3,394.0,967.7,429.3,125.3,304.0,157.3,429.3,1054.5
39.191563,-9.160919,44.0,2006-06-26T11:00,18.8,63,11.7,16.5,0.0,0.0,0.0,0.0,3,1017.8,1012.6,100,66,63,99,0.28,0.8,19.1,23.1,344,345,36.7,21.9,20.3,20.6,17.8,0.118,0.188,0.237,0.264,1,2118.72,420.0,111.0,309.0,130.6,420.0,1124.8,442.9,117.0,325.8,130.6,442.9,1186.0
39.191563,-9.160919,44.0,2006-06-26T12:00,18.6,64,11.7,16.2,0.0,0.0,0.0,0.0,3,1017.8,1012.6,100,61,63,100,0.26,0.77,19.7,23.8,342,342,36.7,22.1,20.4,20.5,17.8,0.118,0.188,0.237,0.264,1,0.0,372.0,53.0,319.0,57.1,372.0,1227.8,381.6,54.4,327.2,57.1,381.6,1259.4
39.191563,-9.160919,44.0,2006-06-26T13:00,18.8,62,11.5,16.4,0.0,0.0,0.0,0.0,3,1017.9,1012.7,100,69,29,99,0.3,0.82,19.8,23.9,341,342,36.4,22.8,20.5,20.5,17.8,0.117,0.188,0.237,0.264,1,1577.27,470.0,108.0,362.0,112.6,470.0,1269.8,469.9,108.0,361.9,112.6,469.9,1269.5
39.191563,-9.160919,44.0,2006-06-26T14:00,19.3,61,11.5,16.7,0.0,0.0,0.0,0.0,3,1017.9,1012.7,100,68,17,100,0.35,0.88,20.8,25.6,342,343,38.2,23.8,20.7,20.5,17.8,0.116,0.188,0.236,0.264,1,3354.96,562.0,162.0,400.0,171.8,562.0,1247.9,547.5,157.8,389.7,171.8,547.5,1215.8
39.191563,-9.160919,44.0,2006-06-26T15:00,19.1,62,11.8,16.5,0.0,0.0,0.0,0.0,3,1017.6,1012.4,90,61,8,100,0.29,0.83,21.4,26.7,343,344,39.2,23.7,20.8,20.5,17.8,0.115,0.188,0.236,0.264,1,793.75,441.0,76.0,365.0,86.5,441.0,1163.5,417.6,72.0,345.6,86.5,417.6,1101.7
39.191563,-9.160919,44.0,2006-06-26T16:00,19.0,63,11.9,16.3,0.0,0.0,0.0,0.0,3,1017.5,1012.3,89,63,4,99,0.27,0.81,22.6,27.8,343,343,41.0,23.3,20.9,20.5,17.8,0.115,0.188,0.236,0.264,1,1850.68,392.0,94.0,298.0,121.7,392.0,1022.4,358.6,86.0,272.6,121.7,358.6,935.2
39.191563,-9.160919,44.0,2006-06-26T17:00,18.8,65,12.0,16.0,0.0,0.0,0.0,0.0,3,1017.2,1012.0,82,60,0,93,0.24,0.76,23.2,29.2,344,344,42.1,23.0,21.0,20.5,17.8,0.114,0.188,0.236,0.264,1,3197.55,356.0,105.0,251.0,166.6,356.0,834.3,310.5,91.6,218.9,166.6,310.5,727.6
39.191563,-9.160919,44.0,2006-06-26T18:00,18.4,67,12.2,15.6,0.0,0.0,0.0,0.0,2,1017.5,1012.3,77,58,1,82,0.19,0.7,24.2,30.8,345,346,42.5,22.3,21.1,20.5,17.8,0.114,0.188,0.236,0.264,1,3132.2,265.0,76.0,189.0,164.4,265.0,611.9,213.5,61.2,152.3,164.4,213.5,492.9
39.191563,-9.160919,44.0,2006-06-26T19:00,17.7,70,12.2,14.8,0.0,0.0,0.0,0.0,2,1017.3,1012.1,53,39,0,61,0.13,0.6,24.0,31.4,347,347,40.3,21.2,21.1,20.5,17.8,0.114,0.188,0.236,0.264,1,1952.89,139.0,35.0,104.0,125.1,139.0,370.3,92.8,23.4,69.4,125.1,92.8,247.3
39.191563,-9.160919,44.0,2006-06-26T20:00,17.0,76,12.8,14.5,0.0,0.0,0.0,0.0,1,1017.4,1012.1,30,15,0,55,0.07,0.46,22.9,31.0,347,347,39.6,19.9,21.0,20.5,17.8,0.113,0.188,0.236,0.264,1,1043.08,44.0,15.0,29.0,115.9,44.0,126.1,2.6,0.9,1.7,10.0,1.9,7.3
39.191563,-9.160919,44.0,2006-06-26T21:00,16.5,81,13.2,14.1,0.0,0.0,0.0,0.0,0,1017.9,1012.6,10,6,0,17,0.04,0.35,22.9,32.1,347,348,36.7,18.8,20.9,20.5,17.8,0.113,0.188,0.236,0.264,0,0.0,0.0,0.0,0.0,0.0,0.0,0.0,0.0,0.0,0.0,0.0,0.0,0.0
39.191563,-9.160919,44.0,2006-06-26T22:00,16.2,84,13.5,14.1,0.0,0.0,0.0,0.0,0,1018.3,1013.0,11,12,0,2,0.03,0.29,21.6,31.3,342,343,36.4,18.0,20.8,20.5,17.8,0.113,0.188,0.236,0.264,0,0.0,0.0,0.0,0.0,0.0,0.0,0.0,0.0,0.0,0.0,0.0,0.0,0.0
39.191563,-9.160919,44.0,2006-06-26T23:00,16.0,84,13.4,13.9,0.0,0.0,0.0,0.0,0,1018.4,1013.1,6,7,0,0,0.03,0.29,22.1,31.9,341,342,37.1,17.6,20.6,20.5,17.8,0.113,0.188,0.236,0.264,0,0.0,0.0,0.0,0.0,0.0,0.0,0.0,0.0,0.0,0.0,0.0,0.0,0.0
39.191563,-9.160919,44.0,2006-06-27T00:00,15.9,84,13.2,13.5,0.0,0.0,0.0,0.0,0,1018.0,1012.7,7,8,0,0,0.03,0.29,23.3,33.1,340,341,38.2,17.2,20.4,20.5,17.8,0.113,0.188,0.236,0.264,0,0.0,0.0,0.0,0.0,0.0,0.0,0.0,0.0,0.0,0.0,0.0,0.0,0.0
39.191563,-9.160919,44.0,2006-06-27T01:00,15.8,83,13.0,13.4,0.0,0.0,0.0,0.0,0,1017.8,1012.5,7,8,0,0,0.03,0.3,23.2,33.0,341,342,38.9,16.9,20.3,20.5,17.8,0.114,0.188,0.236,0.264,0,0.0,0.0,0.0,0.0,0.0,0.0,0.0,0.0,0.0,0.0,0.0,0.0,0.0
39.191563,-9.160919,44.0,2006-06-27T02:00,15.8,83,12.9,13.5,0.0,0.0,0.0,0.0,0,1017.4,1012.1,6,7,0,0,0.03,0.31,22.3,32.1,339,340,39.6,16.8,20.1,20.5,17.8,0.114,0.188,0.236,0.264,0,0.0,0.0,0.0,0.0,0.0,0.0,0.0,0.0,0.0,0.0,0.0,0.0,0.0
39.191563,-9.160919,44.0,2006-06-27T03:00,15.8,83,12.9,13.5,0.0,0.0,0.0,0.0,0,1017.3,1012.0,5,6,0,0,0.03,0.3,22.1,32.4,338,339,39.2,16.6,20.0,20.5,17.8,0.114,0.188,0.236,0.264,0,0.0,0.0,0.0,0.0,0.0,0.0,0.0,0.0,0.0,0.0,0.0,0.0,0.0
39.191563,-9.160919,44.0,2006-06-27T04:00,15.8,83,13.0,13.5,0.0,0.0,0.0,0.0,0,1017.2,1011.9,13,14,0,0,0.03,0.3,21.9,32.3,337,338,38.9,16.5,19.8,20.5,17.8,0.114,0.188,0.236,0.264,0,0.0,0.0,0.0,0.0,0.0,0.0,0.0,0.0,0.0,0.0,0.0,0.0,0.0
39.191563,-9.160919,44.0,2006-06-27T05:00,15.7,84,13.0,13.3,0.0,0.0,0.0,0.0,1,1017.1,1011.8,28,31,0,0,0.03,0.29,23.1,33.4,337,338,39.2,16.4,19.7,20.5,17.8,0.114,0.188,0.236,0.264,0,0.0,0.0,0.0,0.0,0.0,0.0,0.0,0.0,0.0,0.0,0.0,0.0,0.0
39.191563,-9.160919,44.0,2006-06-27T06:00,15.9,84,13.1,13.2,0.0,0.0,0.0,0.0,1,1017.2,1011.9,36,40,0,0,0.05,0.29,25.1,34.6,339,339,41.0,16.4,19.5,20.4,17.8,0.114,0.188,0.236,0.264,1,271.21,21.0,9.0,12.0,89.9,21.0,73.9,48.0,20.6,27.4,161.1,26.8,169.0
39.191563,-9.160919,44.0,2006-06-27T07:00,16.8,78,12.9,13.5,0.0,0.0,0.0,0.0,1,1017.5,1012.2,45,50,0,0,0.1,0.42,28.6,37.2,343,343,44.6,17.3,19.4,20.4,17.8,0.114,0.188,0.236,0.264,1,3600.0,142.0,80.0,62.0,363.2,142.0,291.6,201.9,113.8,88.2,363.2,201.9,414.6
39.191563,-9.160919,44.0,2006-06-27T08:00,17.8,72,12.7,14.4,0.0,0.0,0.0,0.0,1,1017.7,1012.5,48,53,0,0,0.19,0.57,29.2,37.3,347,347,47.2,18.8,19.4,20.4,17.8,0.113,0.188,0.236,0.264,1,3600.0,321.0,231.0,90.0,570.7,321.0,535.7,392.2,282.2,110.0,570.7,392.2,654.6
39.191563,-9.160919,44.0,2006-06-27T09:00,18.8,67,12.6,15.4,0.0,0.0,0.0,0.0,1,1018.0,1012.8,36,40,0,0,0.27,0.71,28.3,35.6,348,349,47.5,20.6,19.5,20.4,17.8,0.113,0.187,0.236,0.264,1,3600.0,479.0,325.0,154.0,561.6,479.0,766.0,545.6,370.2,175.4,561.6,545.6,872.5
39.191563,-9.160919,44.0,2006-06-27T10:00,19.4,65,12.7,17.2,0.0,0.0,0.0,0.0,1,1018.0,1012.8,50,55,0,0,0.36,0.79,23.9,29.3,349,349,47.5,22.4,19.7,20.4,17.8,0.112,0.187,0.236,0.264,1,3600.0,639.0,472.0,167.0,646.3,639.0,966.6,696.4,514.4,182.0,646.3,696.4,1053.5
39.191563,-9.160919,44.0,2006-06-27T11:00,20.2,61,12.4,18.8,0.0,0.0,0.0,0.0,1,1018.1,1012.9,45,50,0,0,0.46,0.92,23.3,28.5,343,344,46.8,24.4,19.9,20.4,17.8,0.111,0.187,0.236,0.264,1,3600.0,827.0,693.0,134.0,816.1,827.0,1123.9,872.2,730.8,141.3,816.1,872.2,1185.3
39.191563,-9.160919,44.0,2006-06-27T12:00,20.7,58,12.1,19.6,0.0,0.0,0.0,0.0,1,1018.5,1013.3,26,29,0,0,0.51,1.02,23.5,28.7,339,340,47.2,25.9,20.2,20.4,17.8,0.11,0.187,0.236,0.264,1,3600.0,913.0,767.0,146.0,827.2,913.0,1227.2,936.6,786.8,149.8,827.2,936.6,1258.9
39.191563,-9.160919,44.0,2006-06-27T13:00,21.0,55,11.7,20.1,0.0,0.0,0.0,0.0,0,1018.3,1013.1,10,11,0,0,0.55,1.11,23.1,28.4,339,340,47.2,27.0,20.5,20.4,17.8,0.109,0.187,0.236,0.264,1,3600.0,961.0,830.0,131.0,865.4,961.0,1269.4,960.9,829.9,131.0,865.4,960.9,1269.3
39.191563,-9.160919,44.0,2006-06-27T14:00,21.1,55,11.6,20.1,0.0,0.0,0.0,0.0,0,1018.6,1013.4,4,4,0,0,0.55,1.14,23.4,29.1,337,338,47.2,27.7,20.8,20.4,17.8,0.107,0.187,0.236,0.264,1,3600.0,953.0,822.0,131.0,871.9,953.0,1247.7,928.5,800.9,127.6,871.9,928.5,1215.7
39.191563,-9.160919,44.0,2006-06-27T15:00,20.9,56,11.9,19.4,0.0,0.0,0.0,0.0,0,1018.7,1013.5,1,1,0,0,0.5,1.08,24.5,30.6,336,336,46.8,27.7,21.1,20.4,17.8,0.106,0.186,0.236,0.264,1,3600.0,870.0,730.0,140.0,830.4,870.0,1163.5,823.9,691.3,132.6,830.4,823.9,1101.9
39.191563,-9.160919,44.0,2006-06-27T16:00,20.5,59,12.3,18.4,0.0,0.0,0.0,0.0,0,1018.5,1013.3,5,6,0,0,0.43,0.99,25.3,31.9,336,336,46.8,27.2,21.4,20.4,17.8,0.106,0.186,0.236,0.264,1,3600.0,745.0,627.0,118.0,811.5,745.0,1022.6,681.5,573.6,107.9,811.5,681.5,935.5
39.191563,-9.160919,44.0,2006-06-27T17:00,20.0,64,12.9,17.4,0.0,0.0,0.0,0.0,0,1018.6,1013.4,10,11,0,0,0.34,0.85,25.3,32.7,336,336,46.4,26.2,21.6,20.4,17.9,0.105,0.186,0.236,0.264,1,3600.0,589.0,483.0,106.0,765.9,589.0,834.6,513.7,421.3,92.5,765.9,513.7,727.9
39.191563,-9.160919,44.0,2006-06-27T18:00,19.3,69,13.4,16.6,0.0,0.0,0.0,0.0,0,1018.5,1013.3,19,21,0,0,0.24,0.7,25.6,33.4,336,336,46.8,24.8,21.7,20.4,17.9,0.105,0.186,0.236,0.264,1,3600.0,395.0,302.0,93.0,652.9,395.0,612.2,318.3,243.3,74.9,652.9,318.3,493.3
39.191563,-9.160919,44.0,2006-06-27T19:00,18.4,72,13.2,15.6,0.0,0.0,0.0,0.0,1,1018.7,1013.5,28,31,0,0,0.15,0.6,25.8,34.4,337,337,43.6,23.0,21.7,20.4,17.9,0.104,0.186,0.235,0.264,1,3600.0,207.0,140.0,67.0,499.9,207.0,370.7,138.3,93.5,44.8,499.9,138.3,247.6
39.191563,-9.160919,44.0,2006-06-27T20:00,17.5,78,13.7,15.1,0.0,0.0,0.0,0.0,1,1018.8,1013.5,32,35,0,0,0.07,0.44,24.9,34.6,338,338,42.5,21.2,21.7,20.4,17.9,0.104,0.186,0.235,0.264,1,2244.98,54.0,29.0,25.0,223.8,54.0,126.4,3.2,1.7,1.5,19.8,2.4,7.5
39.191563,-9.160919,44.0,2006-06-27T21:00,16.9,83,14.1,14.8,0.0,0.0,0.0,0.0,1,1019.4,1014.1,34,38,0,0,0.03,0.32,23.9,33.9,337,338,38.5,19.8,21.6,20.4,17.9,0.104,0.186,0.235,0.264,0,0.0,0.0,0.0,0.0,0.0,0.0,0.0,0.0,0.0,0.0,0.0,0.0,0.0
39.191563,-9.160919,44.0,2006-06-27T22:00,16.7,85,14.2,14.9,0.0,0.0,0.0,0.0,1,1020.1,1014.8,31,34,0,0,0.03,0.29,22.1,31.6,334,334,38.5,18.9,21.4,20.4,17.9,0.104,0.186,0.235,0.264,0,0.0,0.0,0.0,0.0,0.0,0.0,0.0,0.0,0.0,0.0,0.0,0.0,0.0
39.191563,-9.160919,44.0,2006-06-27T23:00,16.6,85,14.1,14.5,0.0,0.0,0.0,0.0,1,1020.0,1014.7,27,30,0,0,0.03,0.29,23.7,33.2,334,334,40.3,18.4,21.3,20.4,17.9,0.105,0.186,0.235,0.264,0,0.0,0.0,0.0,0.0,0.0,0.0,0.0,0.0,0.0,0.0,0.0,0.0,0.0
39.191563,-9.160919,44.0,2006-06-28T00:00,16.6,84,13.9,14.3,0.0,0.0,0.0,0.0,1,1019.8,1014.5,31,34,0,0,0.03,0.3,24.0,34.3,332,333,40.7,18.1,21.1,20.4,17.9,0.105,0.186,0.235,0.264,0,0.0,0.0,0.0,0.0,0.0,0.0,0.0,0.0,0.0,0.0,0.0,0.0,0.0
39.191563,-9.160919,44.0,2006-06-28T01:00,16.4,85,13.9,14.3,0.0,0.0,0.0,0.0,1,1019.6,1014.3,22,25,0,0,0.03,0.28,22.6,32.2,331,332,40.7,17.8,21.0,20.4,17.9,0.105,0.186,0.235,0.264,0,0.0,0.0,0.0,0.0,0.0,0.0,0.0,0.0,0.0,0.0,0.0,0.0,0.0
39.191563,-9.160919,44.0,2006-06-28T02:00,16.2,86,13.9,14.4,0.0,0.0,0.0,0.0,1,1019.1,1013.8,32,35,0,0,0.02,0.26,21.3,30.4,332,333,39.2,17.5,20.8,20.4,17.9,0.105,0.186,0.235,0.264,0,0.0,0.0,0.0,0.0,0.0,0.0,0.0,0.0,0.0,0.0,0.0,0.0,0.0
39.191563,-9.160919,44.0,2006-06-28T03:00,16.1,86,13.7,14.2,0.0,0.0,0.0,0.0,1,1019.3,1014.0,30,33,0,0,0.02,0.26,20.9,29.6,331,333,35.3,17.3,20.6,20.4,17.9,0.105,0.186,0.235,0.264,0,0.0,0.0,0.0,0.0,0.0,0.0,0.0,0.0,0.0,0.0,0.0,0.0,0.0
39.191563,-9.160919,44.0,2006-06-28T04:00,16.1,84,13.4,14.2,0.0,0.0,0.0,0.0,1,1019.0,1013.7,27,30,0,0,0.02,0.29,20.5,28.8,332,332,33.5,17.2,20.5,20.4,17.9,0.105,0.186,0.235,0.264,0,0.0,0.0,0.0,0.0,0.0,0.0,0.0,0.0,0.0,0.0,0.0,0.0,0.0
39.191563,-9.160919,44.0,2006-06-28T05:00,16.0,83,13.1,14.1,0.0,0.0,0.0,0.0,1,1018.9,1013.6,34,38,0,0,0.03,0.31,19.2,27.7,332,334,33.1,17.0,20.3,20.4,17.9,0.105,0.186,0.235,0.264,0,0.0,0.0,0.0,0.0,0.0,0.0,0.0,0.0,0.0,0.0,0.0,0.0,0.0
39.191563,-9.160919,44.0,2006-06-28T06:00,16.0,82,12.9,14.1,0.0,0.0,0.0,0.0,1,1019.3,1014.0,41,46,0,0,0.04,0.32,18.8,26.3,334,335,32.8,16.9,20.2,20.4,17.9,0.105,0.186,0.235,0.264,1,2.54,17.0,6.0,11.0,60.3,17.0,73.2,38.9,13.7,25.2,108.5,21.6,167.5
39.191563,-9.160919,44.0,2006-06-28T07:00,16.7,74,12.1,14.4,0.0,0.0,0.0,0.0,1,1019.7,1014.4,40,44,0,0,0.1,0.49,20.3,26.1,337,337,32.8,17.6,20.1,20.4,17.9,0.105,0.186,0.235,0.264,1,3600.0,112.0,52.0,60.0,237.3,112.0,290.1,159.5,74.1,85.5,237.3,159.5,413.2
39.191563,-9.160919,44.0,2006-06-28T08:00,17.6,67,11.5,15.1,0.0,0.0,0.0,0.0,2,1020.1,1014.8,63,70,0,0,0.17,0.65,20.1,25.1,339,339,34.2,19.0,20.0,20.4,17.9,0.105,0.186,0.235,0.264,1,3600.0,250.0,123.0,127.0,304.7,250.0,534.3,305.6,150.4,155.3,304.7,305.6,653.2
39.191563,-9.160919,44.0,2006-06-28T09:00,18.2,64,11.4,15.8,0.0,0.0,0.0,0.0,3,1020.2,1015.0,84,93,0,0,0.22,0.75,19.1,23.3,338,338,33.8,20.3,20.0,20.3,17.9,0.104,0.186,0.235,0.264,1,3600.0,326.0,114.0,212.0,197.3,326.0,764.7,371.4,129.9,241.5,197.3,371.4,871.3
39.191563,-9.160919,44.0,2006-06-28T10:00,19.1,62,11.5,17.0,0.0,0.0,0.0,0.0,3,1020.2,1015.0,80,89,0,0,0.33,0.85,17.1,20.5,335,336,32.8,22.4,20.2,20.3,17.9,0.104,0.186,0.235,0.264,1,3600.0,542.0,255.0,287.0,349.5,542.0,965.5,590.8,278.0,312.9,349.5,590.8,1052.5
39.191563,-9.160919,44.0,2006-06-28T11:00,19.8,59,11.6,18.4,0.0,0.0,0.0,0.0,2,1020.4,1015.2,60,67,0,0,0.4,0.94,17.6,21.1,329,330,33.5,24.4,20.3,20.3,17.9,0.103,0.186,0.235,0.264,1,3600.0,683.0,353.0,330.0,416.0,683.0,1123.0,720.4,372.3,348.1,416.0,720.4,1184.5
39.191563,-9.160919,44.0,2006-06-28T12:00,20.7,57,11.9,20.3,0.0,0.0,0.0,0.0,1,1020.5,1015.3,48,53,0,0,0.51,1.05,18.8,22.3,328,329,34.9,26.6,20.6,20.3,17.9,0.102,0.185,0.235,0.264,1,3600.0,889.0,676.0,213.0,729.4,889.0,1226.5,912.1,693.5,218.5,729.4,912.1,1258.4
39.191563,-9.160919,44.0,2006-06-28T13:00,21.0,57,12.1,20.4,0.0,0.0,0.0,0.0,1,1020.6,1015.4,44,49,0,0,0.52,1.08,19.7,23.7,329,330,36.0,27.8,20.9,20.3,17.9,0.101,0.185,0.235,0.264,1,3600.0,881.0,642.0,239.0,669.5,881.0,1269.0,881.0,642.0,239.0,669.5,881.0,1269.0
39.191563,-9.160919,44.0,2006-06-28T14:00,21.2,56,12.0,20.5,0.0,0.0,0.0,0.0,1,1020.3,1015.1,29,32,0,0,0.53,1.11,20.8,25.0,330,332,37.1,28.6,21.3,20.3,17.9,0.1,0.185,0.235,0.264,1,3600.0,922.0,756.0,166.0,802.0,922.0,1247.5,898.4,736.7,161.8,802.0,898.4,1215.6
39.191563,-9.160919,44.0,2006-06-28T15:00,21.1,56,12.0,20.2,0.0,0.0,0.0,0.0,0,1020.3,1015.1,6,7,0,0,0.51,1.1,21.3,25.9,332,333,37.8,28.7,21.6,20.3,17.9,0.099,0.185,0.235,0.264,1,3600.0,867.0,717.0,150.0,815.5,867.0,1163.5,821.1,679.0,142.1,815.5,821.1,1102.0
39.191563,-9.160919,44.0,2006-06-28T16:00,20.8,57,12.0,19.3,0.0,0.0,0.0,0.0,0,1020.2,1015.0,4,5,0,0,0.44,1.05,21.7,26.4,333,334,37.8,28.3,21.9,20.3,17.9,0.099,0.185,0.235,0.264,1,3600.0,756.0,636.0,120.0,822.9,756.0,1022.8,691.6,581.8,109.8,822.9,691.6,935.7
39.191563,-9.160919,44.0,2006-06-28T17:00,20.4,59,12.2,18.1,0.0,0.0,0.0,0.0,0,1020.2,1015.0,7,8,0,0,0.36,0.97,21.7,26.8,336,336,37.4,27.3,22.1,20.3,17.9,0.098,0.184,0.235,0.264,1,3600.0,597.0,494.0,103.0,783.1,597.0,834.8,520.7,430.9,89.8,783.1,520.7,728.2
39.191563,-9.160919,44.0,2006-06-28T18:00,19.6,64,12.5,17.3,0.0,0.0,0.0,0.0,0,1020.1,1014.9,4,4,0,0,0.25,0.83,21.3,26.7,338,339,36.7,25.8,22.2,20.3,17.9,0.098,0.184,0.235,0.264,1,3600.0,401.0,312.0,89.0,674.1,401.0,612.5,323.1,251.4,71.7,674.1,323.1,493.6
39.191563,-9.160919,44.0,2006-06-28T19:00,18.4,68,12.5,16.1,0.0,0.0,0.0,0.0,0,1020.4,1015.2,9,10,0,0,0.15,0.67,21.1,26.8,340,340,36.4,23.8,22.2,20.3,17.9,0.098,0.184,0.235,0.264,1,3600.0,215.0,147.0,68.0,524.5,215.0,370.9,143.6,98.2,45.4,524.5,143.6,247.8
39.191563,-9.160919,44.0,2006-06-28T20:00,17.4,75,13.0,15.6,0.0,0.0,0.0,0.0,0,1020.2,1014.9,10,11,0,0,0.07,0.49,19.0,26.2,341,342,34.9,21.7,22.2,20.4,17.9,0.098,0.184,0.235,0.264,1,2247.28,56.0,30.0,26.0,231.3,56.0,126.5,3.4,1.8,1.6,20.7,2.5,7.6
39.191563,-9.160919,44.0,2006-06-28T21:00,16.8,81,13.4,15.1,0.0,0.0,0.0,0.0,0,1020.6,1015.3,14,16,0,0,0.03,0.37,18.9,26.8,342,343,31.3,20.0,22.1,20.4,17.9,0.098,0.184,0.235,0.264,0,0.0,0.0,0.0,0.0,0.0,0.0,0.0,0.0,0.0,0.0,0.0,0.0,0.0
39.191563,-9.160919,44.0,2006-06-28T22:00,16.4,84,13.7,15.3,0.0,0.0,0.0,0.0,1,1021.1,1015.8,36,40,0,0,0.02,0.3,15.8,23.7,339,340,30.6,18.9,21.9,20.4,17.9,0.098,0.184,0.235,0.264,0,0.0,0.0,0.0,0.0,0.0,0.0,0.0,0.0,0.0,0.0,0.0,0.0,0.0
39.191563,-9.160919,44.0,2006-06-28T23:00,16.3,85,13.8,15.0,0.0,0.0,0.0,0.0,1,1020.7,1015.4,39,43,0,0,0.02,0.27,16.9,25.2,340,341,31.0,18.3,21.7,20.4,17.9,0.098,0.184,0.235,0.264,0,0.0,0.0,0.0,0.0,0.0,0.0,0.0,0.0,0.0,0.0,0.0,0.0,0.0
39.191563,-9.160919,44.0,2006-06-29T00:00,16.1,87,13.9,14.8,0.0,0.0,0.0,0.0,1,1020.9,1015.6,40,44,0,0,0.01,0.24,17.2,24.6,344,345,31.0,17.8,21.5,20.4,17.9,0.098,0.184,0.235,0.264,0,0.0,0.0,0.0,0.0,0.0,0.0,0.0,0.0,0.0,0.0,0.0,0.0,0.0
39.191563,-9.160919,44.0,2006-06-29T01:00,16.0,87,13.9,14.8,0.0,0.0,0.0,0.0,1,1020.5,1015.2,47,52,0,0,0.01,0.23,17.3,25.1,348,348,30.2,17.4,21.3,20.4,17.9,0.098,0.184,0.235,0.264,0,0.0,0.0,0.0,0.0,0.0,0.0,0.0,0.0,0.0,0.0,0.0,0.0,0.0
39.191563,-9.160919,44.0,2006-06-29T02:00,16.0,88,13.9,14.7,0.0,0.0,0.0,0.0,1,1020.2,1014.9,48,53,0,0,0.01,0.22,17.2,25.3,349,349,29.9,17.2,21.1,20.4,17.9,0.098,0.184,0.235,0.264,0,0.0,0.0,0.0,0.0,0.0,0.0,0.0,0.0,0.0,0.0,0.0,0.0,0.0
39.191563,-9.160919,44.0,2006-06-29T03:00,15.8,88,13.9,14.4,0.0,0.0,0.0,0.0,2,1020.3,1015.0,52,58,0,0,0.01,0.21,18.0,26.4,348,349,29.9,16.9,20.9,20.4,17.9,0.098,0.184,0.235,0.264,0,0.0,0.0,0.0,0.0,0.0,0.0,0.0,0.0,0.0,0.0,0.0,0.0,0.0
39.191563,-9.160919,44.0,2006-06-29T04:00,15.8,88,13.8,14.3,0.0,0.0,0.0,0.0,2,1020.2,1014.9,51,57,0,0,0.01,0.22,18.8,27.3,348,348,30.6,16.7,20.7,20.4,17.9,0.098,0.184,0.235,0.264,0,0.0,0.0,0.0,0.0,0.0,0.0,0.0,0.0,0.0,0.0,0.0,0.0,0.0
39.191563,-9.160919,44.0,2006-06-29T05:00,15.8,88,13.8,14.2,0.0,0.0,0.0,0.0,1,1020.1,1014.8,45,50,0,0,0.01,0.22,19.1,27.5,349,349,30.6,16.6,20.5,20.4,17.9,0.098,0.184,0.235,0.264,0,0.0,0.0,0.0,0.0,0.0,0.0,0.0,0.0,0.0,0.0,0.0,0.0,0.0
39.191563,-9.160919,44.0,2006-06-29T06:00,16.1,87,13.8,14.5,0.0,0.0,0.0,0.0,1,1020.2,1014.9,37,41,0,0,0.03,0.25,19.4,27.5,349,349,31.3,16.7,20.4,20.3,17.9,0.098,0.184,0.235,0.264,1,268.66,21.0,9.0,12.0,91.0,21.0,72.4,48.1,20.6,27.5,164.5,26.6,165.9
39.191563,-9.160919,44.0,2006-06-29T07:00,17.2,79,13.5,15.2,0.0,0.0,0.0,0.0,1,1020.3,1015.0,30,33,0,0,0.09,0.41,21.1,27.3,351,351,34.6,17.8,20.3,20.3,17.9,0.098,0.184,0.235,0.264,1,3600.0,131.0,62.0,69.0,284.4,131.0,288.5,186.9,88.5,98.5,284.4,186.9,411.6
39.191563,-9.160919,44.0,2006-06-29T08:00,18.3,74,13.6,16.3,0.0,0.0,0.0,0.0,1,1020.3,1015.1,22,25,0,0,0.18,0.54,21.1,26.5,352,352,36.0,19.6,20.2,20.3,17.9,0.098,0.184,0.235,0.264,1,3600.0,317.0,216.0,101.0,536.5,317.0,532.8,387.8,264.2,123.5,536.5,387.8,651.8
39.191563,-9.160919,44.0,2006-06-29T09:00,19.5,69,13.6,17.6,0.0,0.0,0.0,0.0,0,1020.5,1015.3,6,7,0,0,0.29,0.71,20.8,26.2,351,352,36.7,21.9,20.3,20.3,17.9,0.098,0.184,0.235,0.264,1,3600.0,503.0,373.0,130.0,646.6,503.0,763.4,573.3,425.1,148.2,646.6,573.3,870.0
39.191563,-9.160919,44.0,2006-06-29T10:00,20.5,65,13.7,19.4,0.0,0.0,0.0,0.0,0,1020.5,1015.3,6,7,0,0,0.38,0.84,18.9,23.2,352,354,37.1,24.1,20.5,20.3,17.9,0.097,0.184,0.234,0.264,1,3600.0,662.0,510.0,152.0,699.8,662.0,964.4,721.8,556.1,165.7,699.8,721.8,1051.5
39.191563,-9.160919,44.0,2006-06-29T11:00,21.4,62,13.8,21.0,0.0,0.0,0.0,0.0,0,1020.4,1015.2,6,7,0,0,0.47,0.96,19.6,23.4,347,349,38.2,26.2,20.7,20.3,17.9,0.097,0.184,0.234,0.264,1,3600.0,807.0,652.0,155.0,768.9,807.0,1122.1,851.3,687.8,163.5,768.9,851.3,1183.7
39.191563,-9.160919,44.0,2006-06-29T12:00,22.0,61,14.1,22.2,0.0,0.0,0.0,0.0,0,1020.5,1015.3,5,6,0,0,0.53,1.04,20.2,24.4,344,346,39.2,28.0,21.0,20.3,17.9,0.096,0.184,0.234,0.264,1,3600.0,913.0,767.0,146.0,828.0,913.0,1225.9,936.8,787.0,149.8,828.0,936.8,1257.8
39.191563,-9.160919,44.0,2006-06-29T13:00,22.3,60,14.1,22.6,0.0,0.0,0.0,0.0,0,1020.3,1015.1,4,5,0,0,0.56,1.08,20.6,24.9,344,346,39.6,29.2,21.4,20.3,17.9,0.095,0.183,0.234,0.264,1,3600.0,955.0,813.0,142.0,848.1,955.0,1268.6,955.0,813.0,142.0,848.1,955.0,1268.6
39.191563,-9.160919,44.0,2006-06-29T14:00,22.5,59,14.1,22.6,0.0,0.0,0.0,0.0,0,1019.8,1014.6,4,5,0,0,0.56,1.12,21.3,26.0,344,346,40.0,29.9,21.7,20.3,17.9,0.094,0.183,0.234,0.264,1,3600.0,940.0,807.0,133.0,856.2,940.0,1247.3,916.0,786.4,129.6,856.2,916.0,1215.5
39.191563,-9.160919,44.0,2006-06-29T15:00,22.5,58,13.9,22.0,0.0,0.0,0.0,0.0,0,1019.8,1014.6,0,0,0,0,0.52,1.14,22.1,27.2,344,345,40.0,30.0,22.0,20.3,17.9,0.094,0.183,0.234,0.264,1,3600.0,863.0,735.0,128.0,836.0,863.0,1163.5,817.4,696.1,121.2,836.0,817.4,1102.0
39.191563,-9.160919,44.0,2006-06-29T16:00,22.2,58,13.6,21.0,0.0,0.0,0.0,0.0,0,1019.7,1014.5,0,0,0,0,0.46,1.12,22.8,28.3,344,345,39.6,29.5,22.3,20.3,17.9,0.093,0.183,0.234,0.264,1,3600.0,748.0,632.0,116.0,817.6,748.0,1022.9,684.4,578.2,106.1,817.6,684.4,935.8
39.191563,-9.160919,44.0,2006-06-29T17:00,21.6,60,13.5,19.5,0.0,0.0,0.0,0.0,0,1019.3,1014.1,0,0,0,0,0.37,1.03,23.2,29.1,344,345,40.0,28.4,22.6,20.3,17.9,0.093,0.183,0.234,0.264,1,3600.0,588.0,485.0,103.0,768.6,588.0,835.0,512.9,423.1,89.8,768.6,512.9,728.4
39.191563,-9.160919,44.0,2006-06-29T18:00,20.8,64,13.7,18.6,0.0,0.0,0.0,0.0,0,1019.3,1014.1,0,0,0,0,0.26,0.89,22.9,29.4,344,345,39.6,26.8,22.7,20.3,17.9,0.093,0.183,0.234,0.264,1,3600.0,402.0,311.0,91.0,671.7,402.0,612.7,324.0,250.6,73.3,671.7,324.0,493.8
39.191563,-9.160919,44.0,2006-06-29T19:00,19.5,71,14.1,17.6,0.0,0.0,0.0,0.0,0,1019.1,1013.9,0,0,0,0,0.15,0.65,21.9,28.5,343,344,38.2,24.7,22.7,20.4,17.9,0.093,0.183,0.234,0.264,1,3600.0,202.0,129.0,73.0,460.0,202.0,371.1,135.0,86.2,48.8,460.0,135.0,247.9
39.191563,-9.160919,44.0,2006-06-29T20:00,18.4,79,14.7,17.0,0.0,0.0,0.0,0.0,0,1019.2,1014.0,3,2,0,4,0.06,0.44,19.7,27.9,342,343,35.6,22.6,22.7,20.4,17.9,0.093,0.183,0.234,0.264,1,2247.79,55.0,30.0,25.0,231.2,55.0,126.6,3.3,1.8,1.5,20.7,2.4,7.6
39.191563,-9.160919,44.0,2006-06-29T21:00,17.7,86,15.2,16.6,0.0,0.0,0.0,0.0,0,1019.6,1014.3,11,5,0,23,0.02,0.29,19.1,27.9,344,345,31.0,21.0,22.6,20.4,18.0,0.093,0.183,0.234,0.264,0,0.0,0.0,0.0,0.0,0.0,0.0,0.0,0.0,0.0,0.0,0.0,0.0,0.0
39.191563,-9.160919,44.0,2006-06-29T22:00,17.2,90,15.6,16.4,0.0,0.0,0.0,0.0,1,1020.3,1015.0,23,22,0,11,0.01,0.2,18.7,26.8,344,345,30.2,19.8,22.4,20.4,18.0,0.093,0.183,0.234,0.264,0,0.0,0.0,0.0,0.0,0.0,0.0,0.0,0.0,0.0,0.0,0.0,0.0,0.0
39.191563,-9.160919,44.0,2006-06-29T23:00,17.0,92,15.7,16.1,0.0,0.0,0.0,0.0,1,1020.0,1014.7,35,39,0,0,0.01,0.15,19.3,28.0,346,347,29.5,19.1,22.3,20.4,18.0,0.093,0.182,0.234,0.264,0,0.0,0.0,0.0,0.0,0.0,0.0,0.0,0.0,0.0,0.0,0.0,0.0,0.0
39.191563,-9.160919,44.0,2006-06-30T00:00,16.8,94,15.8,15.9,0.0,0.0,0.0,0.0,1,1019.7,1014.4,38,42,0,0,0.0,0.12,19.5,28.2,348,350,29.9,18.6,22.1,20.4,18.0,0.093,0.182,0.234,0.264,0,0.0,0.0,0.0,0.0,0.0,0.0,0.0,0.0,0.0,0.0,0.0,0.0,0.0
39.191563,-9.160919,44.0,2006-06-30T01:00,16.7,94,15.8,15.8,0.0,0.0,0.0,0.0,1,1019.6,1014.3,43,48,0,0,0.0,0.11,19.4,27.7,350,351,30.2,18.2,21.9,20.4,18.0,0.093,0.182,0.234,0.264,0,0.0,0.0,0.0,0.0,0.0,0.0,0.0,0.0,0.0,0.0,0.0,0.0,0.0
39.191563,-9.160919,44.0,2006-06-30T02:00,16.6,94,15.7,15.9,0.0,0.0,0.0,0.0,2,1019.0,1013.7,54,60,0,0,0.0,0.11,18.1,26.8,353,353,29.5,18.0,21.7,20.4,18.0,0.093,0.182,0.234,0.264,0,0.0,0.0,0.0,0.0,0.0,0.0,0.0,0.0,0.0,0.0,0.0,0.0,0.0
39.191563,-9.160919,44.0,2006-06-30T03:00,16.6,94,15.7,15.9,0.0,0.0,0.0,0.0,2,1018.9,1013.6,79,88,0,0,0.0,0.11,17.8,25.7,353,354,28.1,17.8,21.5,20.4,18.0,0.093,0.182,0.234,0.264,0,0.0,0.0,0.0,0.0,0.0,0.0,0.0,0.0,0.0,0.0,0.0,0.0,0.0
39.191563,-9.160919,44.0,2006-06-30T04:00,16.5,95,15.6,15.9,0.0,0.0,0.0,0.0,3,1018.6,1013.3,86,96,0,0,0.0,0.1,16.7,24.3,353,353,26.6,17.6,21.3,20.4,18.0,0.093,0.182,0.234,0.264,0,0.0,0.0,0.0,0.0,0.0,0.0,0.0,0.0,0.0,0.0,0.0,0.0,0.0
39.191563,-9.160919,44.0,2006-06-30T05:00,16.5,95,15.7,16.3,0.0,0.0,0.0,0.0,3,1018.6,1013.3,88,98,0,0,0.0,0.1,14.9,21.7,353,353,25.2,17.6,21.1,20.4,18.0,0.093,0.182,0.234,0.264,0,0.0,0.0,0.0,0.0,0.0,0.0,0.0,0.0,0.0,0.0,0.0,0.0,0.0
39.191563,-9.160919,44.0,2006-06-30T06:00,16.5,95,15.7,16.3,0.0,0.0,0.0,0.0,3,1018.9,1013.6,81,90,0,0,0.02,0.1,14.6,19.3,351,351,23.4,17.5,21.0,20.4,18.0,0.093,0.182,0.234,0.264,1,0.0,17.0,4.0,13.0,40.7,17.0,71.6,39.0,9.2,29.8,73.9,21.5,164.2
39.191563,-9.160919,44.0,2006-06-30T07:00,17.3,89,15.4,17.2,0.0,0.0,0.0,0.0,3,1019.0,1013.7,83,92,0,0,0.06,0.23,13.6,16.9,348,349,23.8,18.1,20.8,20.4,18.0,0.093,0.182,0.234,0.264,1,1106.41,93.0,21.0,72.0,96.9,93.0,286.8,132.9,30.0,102.9,96.9,132.9,410.0
39.191563,-9.160919,44.0,2006-06-30T08:00,18.8,81,15.6,18.9,0.0,0.0,0.0,0.0,2,1019.3,1014.1,74,82,0,0,0.16,0.4,12.4,15.3,343,345,23.8,20.2,20.8,20.4,18.0,0.093,0.182,0.234,0.264,1,3600.0,285.0,171.0,114.0,425.9,285.0,531.3,348.9,209.3,139.5,425.9,348.9,650.3
39.191563,-9.160919,44.0,2006-06-30T09:00,20.3,75,15.7,20.5,0.0,0.0,0.0,0.0,1,1019.5,1014.3,49,54,0,0,0.26,0.6,11.8,14.2,337,339,23.8,22.8,20.9,20.4,18.0,0.093,0.182,0.234,0.264,1,3600.0,454.0,280.0,174.0,486.2,454.0,762.0,517.6,319.2,198.4,486.2,517.6,868.8
39.191563,-9.160919,44.0,2006-06-30T10:00,21.7,69,15.8,22.9,0.0,0.0,0.0,0.0,1,1019.7,1014.5,28,31,0,0,0.4,0.81,9.9,11.9,327,331,23.8,25.7,21.1,20.4,18.0,0.093,0.182,0.234,0.264,1,3600.0,664.0,510.0,154.0,700.7,664.0,963.2,724.1,556.2,167.9,700.7,724.1,1050.4
39.191563,-9.160919,44.0,2006-06-30T11:00,22.8,66,16.0,24.5,0.0,0.0,0.0,0.0,1,1019.7,1014.5,21,23,0,0,0.49,0.96,11.2,13.5,310,314,24.1,28.3,21.4,20.4,18.0,0.092,0.182,0.233,0.264,1,3600.0,784.0,604.0,180.0,712.9,784.0,1121.2,827.2,637.3,189.9,712.9,827.2,1182.9
39.191563,-9.160919,44.0,2006-06-30T12:00,23.6,63,16.1,25.6,0.0,0.0,0.0,0.0,0,1019.8,1014.7,16,18,0,0,0.56,1.09,13.7,16.1,305,309,27.0,30.5,21.7,20.4,18.0,0.091,0.182,0.233,0.264,1,3600.0,892.0,716.0,176.0,773.3,892.0,1225.2,915.3,734.7,180.6,773.3,915.3,1257.2
39.191563,-9.160919,44.0,2006-06-30T13:00,24.0,61,16.1,25.9,0.0,0.0,0.0,0.0,0,1019.5,1014.4,10,8,0,8,0.58,1.15,15.1,18.1,308,311,28.4,31.7,22.1,20.4,18.0,0.091,0.181,0.233,0.264,1,3600.0,917.0,722.0,195.0,753.4,917.0,1268.1,917.1,722.1,195.0,753.4,917.1,1268.3
39.191563,-9.160919,44.0,2006-06-30T14:00,24.2,60,16.0,25.7,0.0,0.0,0.0,0.0,0,1019.2,1014.1,16,3,0,44,0.57,1.19,16.3,19.6,315,317,29.5,32.4,22.5,20.4,18.0,0.09,0.181,0.233,0.264,1,3600.0,909.0,729.0,180.0,773.6,909.0,1247.0,885.9,710.5,175.4,773.6,885.9,1215.3
39.191563,-9.160919,44.0,2006-06-30T15:00,24.0,60,15.9,25.1,0.0,0.0,0.0,0.0,1,1019.1,1014.0,21,1,0,67,0.54,1.18,16.8,20.7,318,321,30.2,32.4,22.9,20.4,18.0,0.09,0.181,0.233,0.264,1,3600.0,853.0,697.0,156.0,792.8,853.0,1163.4,807.9,660.2,147.8,792.8,807.9,1102.0
39.191563,-9.160919,44.0,2006-06-30T16:00,23.6,61,15.7,24.2,0.0,0.0,0.0,0.0,1,1018.9,1013.8,20,2,0,61,0.47,1.13,15.7,19.2,323,326,30.2,31.8,23.3,20.4,18.0,0.089,0.181,0.233,0.264,1,3600.0,743.0,609.0,134.0,787.8,743.0,1022.9,679.8,557.2,122.6,787.8,679.8,935.9
39.191563,-9.160919,44.0,2006-06-30T17:00,22.9,63,15.5,22.6,0.0,0.0,0.0,0.0,1,1018.6,1013.4,20,1,0,65,0.36,1.03,15.3,18.8,321,324,29.2,30.5,23.5,20.4,18.0,0.089,0.181,0.233,0.264,1,3600.0,570.0,455.0,115.0,720.9,570.0,835.1,497.2,396.9,100.3,720.9,497.2,728.5
39.191563,-9.160919,44.0,2006-06-30T18:00,22.0,66,15.4,21.4,0.0,0.0,0.0,0.0,1,1018.7,1013.5,28,0,0,94,0.26,0.89,16.0,19.6,316,319,28.1,28.8,23.7,20.4,18.0,0.089,0.181,0.233,0.264,1,3600.0,402.0,307.0,95.0,662.9,402.0,612.8,324.0,247.4,76.6,662.9,324.0,493.8
39.191563,-9.160919,44.0,2006-06-30T19:00,20.5,75,15.9,20.0,0.0,0.0,0.0,0.0,1,1018.7,1013.5,31,2,0,96,0.13,0.6,16.8,21.7,315,317,28.4,26.4,23.7,20.4,18.0,0.089,0.181,0.233,0.264,1,3600.0,170.0,65.0,105.0,231.8,170.0,371.1,113.6,43.4,70.1,231.8,113.6,247.9
39.191563,-9.160919,44.0,2006-06-30T20:00,19.2,83,16.2,18.9,0.0,0.0,0.0,0.0,1,1018.9,1013.7,34,6,0,94,0.05,0.38,16.9,22.6,322,323,28.4,24.1,23.7,20.5,18.0,0.089,0.181,0.233,0.264,1,0.0,38.0,2.0,36.0,15.4,38.0,126.5,2.2,0.1,2.1,1.4,1.6,7.4
39.191563,-9.160919,44.0,2006-06-30T21:00,18.6,87,16.4,18.5,0.0,0.0,0.0,0.0,1,1019.1,1013.9,24,10,0,50,0.01,0.28,15.5,21.3,329,330,27.4,22.4,23.6,20.5,18.0,0.089,0.181,0.233,0.264,0,0.0,0.0,0.0,0.0,0.0,0.0,0.0,0.0,0.0,0.0,0.0,0.0,0.0
39.191563,-9.160919,44.0,2006-06-30T22:00,18.2,90,16.5,18.5,0.0,0.0,0.0,0.0,2,1019.6,1014.4,72,76,0,11,0.0,0.21,12.9,19.1,342,344,24.8,21.2,23.4,20.5,18.0,0.089,0.181,0.233,0.264,0,0.0,0.0,0.0,0.0,0.0,0.0,0.0,0.0,0.0,0.0,0.0,0.0,0.0
39.191563,-9.160919,44.0,2006-06-30T23:00,18.0,91,16.5,18.6,0.0,0.0,0.0,0.0,1,1019.9,1014.6,46,48,0,11,0.0,0.18,11.4,16.5,342,344,20.5,20.4,23.3,20.5,18.0,0.089,0.181,0.233,0.264,0,0.0,0.0,0.0,0.0,0.0,0.0,0.0,0.0,0.0,0.0,0.0,0.0,0.0
39.191563,-9.160919,44.0,2006-07-01T00:00,17.7,92,16.5,18.3,0.0,0.0,0.0,0.0,2,1019.9,1014.6,79,75,0,39,0.0,0.15,11.3,15.0,338,339,17.3,19.7,23.1,20.5,18.0,0.089,0.181,0.233,0.264,0,0.0,0.0,0.0,0.0,0.0,0.0,0.0,0.0,0.0,0.0,0.0,0.0,0.0
39.191563,-9.160919,44.0,2006-07-01T01:00,17.5,93,16.4,18.1,0.0,0.0,0.0,0.0,3,1019.6,1014.3,100,96,0,58,0.0,0.14,11.3,14.7,333,335,15.8,19.3,22.9,20.5,18.0,0.089,0.181,0.233,0.264,0,0.0,0.0,0.0,0.0,0.0,0.0,0.0,0.0,0.0,0.0,0.0,0.0,0.0
39.191563,-9.160919,44.0,2006-07-01T02:00,17.4,93,16.3,18.0,0.0,0.0,0.0,0.0,3,1019.2,1013.9,97,98,0,30,0.0,0.14,10.6,13.8,332,332,15.8,19.0,22.7,20.5,18.0,0.089,0.181,0.233,0.264,0,0.0,0.0,0.0,0.0,0.0,0.0,0.0,0.0,0.0,0.0,0.0,0.0,0.0
39.191563,-9.160919,44.0,2006-07-01T03:00,17.4,92,16.1,17.9,0.0,0.0,0.0,0.0,3,1019.0,1013.7,91,100,0,4,0.0,0.16,10.7,13.8,327,327,15.8,18.8,22.5,20.5,18.0,0.089,0.181,0.233,0.264,0,0.0,0.0,0.0,0.0,0.0,0.0,0.0,0.0,0.0,0.0,0.0,0.0,0.0
39.191563,-9.160919,44.0,2006-07-01T04:00,17.6,90,15.9,18.0,0.0,0.0,0.0,0.0,3,1019.0,1013.7,90,100,0,0,0.0,0.2,10.6,14.0,325,325,17.3,19.0,22.3,20.5,18.0,0.089,0.181,0.233,0.264,0,0.0,0.0,0.0,0.0,0.0,0.0,0.0,0.0,0.0,0.0,0.0,0.0,0.0
39.191563,-9.160919,44.0,2006-07-01T05:00,17.5,89,15.7,17.9,0.0,0.0,0.0,0.0,3,1019.1,1013.8,90,100,0,0,0.0,0.22,10.8,13.7,330,330,17.3,18.9,22.1,20.5,18.0,0.089,0.181,0.233,0.264,0,0.0,0.0,0.0,0.0,0.0,0.0,0.0,0.0,0.0,0.0,0.0,0.0,0.0
39.191563,-9.160919,44.0,2006-07-01T06:00,17.5,88,15.6,17.9,0.0,0.0,0.0,0.0,3,1019.2,1013.9,87,97,0,0,0.03,0.23,10.3,12.4,335,334,15.8,18.8,21.9,20.5,18.0,0.09,0.181,0.233,0.264,1,0.0,12.0,4.0,8.0,41.0,12.0,70.7,27.6,9.2,18.4,74.8,15.1,162.5
39.191563,-9.160919,44.0,2006-07-01T07:00,17.8,84,15.0,18.2,0.0,0.0,0.0,0.0,3,1019.5,1014.2,89,99,0,0,0.06,0.33,8.9,10.8,339,339,16.9,19.6,21.8,20.5,18.0,0.09,0.18,0.233,0.264,1,0.0,80.0,11.0,69.0,51.0,80.0,285.1,114.6,15.8,98.8,51.0,114.6,408.4
39.191563,-9.160919,44.0,2006-07-01T08:00,18.3,80,14.9,18.8,0.0,0.0,0.0,0.0,3,1019.9,1014.7,81,90,0,0,0.1,0.41,8.0,9.2,333,334,16.6,20.7,21.8,20.5,18.0,0.09,0.18,0.233,0.264,1,0.0,150.0,14.0,136.0,35.0,150.0,529.7,183.7,17.1,166.6,35.0,183.7,648.8
39.191563,-9.160919,44.0,2006-07-01T09:00,19.5,73,14.5,19.8,0.0,0.0,0.0,0.0,2,1019.8,1014.6,75,83,0,0,0.22,0.61,7.7,8.4,319,320,17.3,23.1,21.8,20.5,18.0,0.09,0.18,0.233,0.264,1,3600.0,355.0,104.0,251.0,180.9,355.0,760.6,404.9,118.6,286.3,180.9,404.9,867.4
39.191563,-9.160919,44.0,2006-07-01T10:00,20.7,67,14.4,20.8,0.0,0.0,0.0,0.0,2,1019.9,1014.7,78,87,0,0,0.32,0.81,9.3,10.6,324,325,17.6,25.6,21.9,20.5,18.0,0.089,0.18,0.233,0.263,1,3600.0,503.0,247.0,256.0,339.8,503.0,962.0,548.7,269.4,279.2,339.8,548.7,1049.3
39.191563,-9.160919,44.0,2006-07-01T11:00,21.7,63,14.5,22.0,0.0,0.0,0.0,0.0,3,1020.0,1014.8,81,90,0,0,0.38,0.95,9.9,11.2,314,315,19.8,27.6,22.1,20.5,18.0,0.089,0.18,0.233,0.263,1,3600.0,589.0,249.0,340.0,294.1,589.0,1120.2,621.5,262.8,358.8,294.1,621.5,1182.0
39.191563,-9.160919,44.0,2006-07-01T12:00,22.4,61,14.6,22.8,0.0,0.0,0.0,0.0,2,1019.6,1014.4,80,85,0,10,0.42,1.05,10.8,11.8,307,308,21.6,28.9,22.4,20.5,18.0,0.089,0.18,0.232,0.263,1,3600.0,636.0,305.0,331.0,329.6,636.0,1224.4,652.7,313.0,339.7,329.6,652.7,1256.6
39.191563,-9.160919,44.0,2006-07-01T13:00,23.1,59,14.5,23.8,0.0,0.0,0.0,0.0,3,1019.5,1014.3,98,79,0,88,0.48,1.17,12.1,13.6,307,307,23.8,30.4,22.7,20.5,18.0,0.088,0.18,0.232,0.263,1,3600.0,730.0,354.0,376.0,369.5,730.0,1267.6,730.2,354.1,376.1,369.5,730.2,1267.9
39.191563,-9.160919,44.0,2006-07-01T14:00,23.1,59,14.7,22.9,0.0,0.0,0.0,0.0,3,1019.4,1014.2,98,76,0,97,0.44,1.15,16.3,19.1,311,311,28.8,30.8,23.0,20.6,18.0,0.088,0.18,0.232,0.263,1,3600.0,669.0,286.0,383.0,303.5,669.0,1246.7,652.0,278.7,373.3,303.5,652.0,1215.1
39.191563,-9.160919,44.0,2006-07-01T15:00,22.7,61,14.9,22.2,0.0,0.0,0.0,0.0,2,1018.9,1013.7,66,41,0,97,0.43,1.06,18.1,21.4,317,318,31.3,30.5,23.3,20.6,18.0,0.087,0.179,0.232,0.263,1,3600.0,666.0,283.0,383.0,321.9,666.0,1163.3,630.9,268.1,362.8,321.9,630.9,1101.9
39.191563,-9.160919,44.0,2006-07-01T16:00,22.2,63,14.8,21.3,0.0,0.0,0.0,0.0,1,1018.8,1013.6,41,13,0,97,0.38,0.99,18.2,21.8,322,322,31.7,29.9,23.5,20.6,18.0,0.087,0.179,0.232,0.263,1,3600.0,595.0,310.0,285.0,401.0,595.0,1022.9,544.4,283.6,260.8,401.0,544.4,935.9
39.191563,-9.160919,44.0,2006-07-01T17:00,21.6,65,14.6,20.4,0.0,0.0,0.0,0.0,1,1018.3,1013.1,33,5,0,95,0.31,0.91,18.7,22.8,320,321,31.7,28.9,23.7,20.6,18.0,0.087,0.179,0.232,0.263,1,3600.0,490.0,267.0,223.0,423.0,490.0,835.1,427.5,232.9,194.5,423.0,427.5,728.5
39.191563,-9.160919,44.0,2006-07-01T18:00,20.6,68,14.4,19.4,0.0,0.0,0.0,0.0,1,1018.2,1013.0,27,2,0,84,0.21,0.79,18.2,22.3,321,321,31.3,27.2,23.8,20.6,18.0,0.087,0.179,0.232,0.263,1,3600.0,308.0,128.0,180.0,276.4,308.0,612.8,248.2,103.1,145.0,276.4,248.2,493.8
39.191563,-9.160919,44.0,2006-07-01T19:00,19.6,71,14.2,18.4,0.0,0.0,0.0,0.0,1,1018.2,1013.0,20,0,0,68,0.13,0.66,17.3,21.7,324,324,31.0,25.2,23.8,20.6,18.0,0.087,0.179,0.232,0.263,1,3600.0,160.0,62.0,98.0,221.1,160.0,371.0,106.8,41.4,65.4,221.1,106.8,247.8
39.191563,-9.160919,44.0,2006-07-01T20:00,18.8,76,14.4,18.0,0.0,0.0,0.0,0.0,1,1018.1,1012.9,31,4,0,90,0.06,0.53,15.8,20.9,330,331,29.2,23.2,23.7,20.6,18.0,0.087,0.179,0.232,0.263,1,1617.02,50.0,19.0,31.0,146.5,50.0,126.3,2.8,1.1,1.8,12.4,2.1,7.2
39.191563,-9.160919,44.0,2006-07-01T21:00,18.3,79,14.6,17.5,0.0,0.0,0.0,0.0,1,1018.5,1013.3,46,18,0,98,0.03,0.45,15.8,21.6,336,336,25.9,21.7,23.6,20.6,18.0,0.087,0.179,0.232,0.263,0,0.0,0.0,0.0,0.0,0.0,0.0,0.0,0.0,0.0,0.0,0.0,0.0,0.0
39.191563,-9.160919,44.0,2006-07-01T22:00,18.1,80,14.7,17.7,0.0,0.0,0.0,0.0,2,1018.7,1013.5,52,24,1,98,0.02,0.41,13.7,18.3,337,338,24.8,20.8,23.4,20.6,18.0,0.087,0.179,0.232,0.263,0,0.0,0.0,0.0,0.0,0.0,0.0,0.0,0.0,0.0,0.0,0.0,0.0,0.0
39.191563,-9.160919,44.0,2006-07-01T23:00,17.9,82,14.7,17.4,0.0,0.0,0.0,0.0,2,1018.7,1013.5,63,39,3,87,0.02,0.38,14.0,18.7,334,335,23.0,20.1,23.2,20.6,18.0,0.087,0.179,0.232,0.263,0,0.0,0.0,0.0,0.0,0.0,0.0,0.0,0.0,0.0,0.0,0.0,0.0,0.0
39.191563,-9.160919,44.0,2006-07-02T00:00,17.8,82,14.7,17.3,0.0,0.0,0.0,0.0,1,1018.4,1013.2,42,30,0,49,0.02,0.36,13.7,19.1,337,338,22.0,19.6,23.0,20.7,18.0,0.087,0.179,0.232,0.263,0,0.0,0.0,0.0,0.0,0.0,0.0,0.0,0.0,0.0,0.0,0.0,0.0,0.0
39.191563,-9.160919,44.0,2006-07-02T01:00,17.5,84,14.8,17.4,0.0,0.0,0.0,0.0,2,1018.1,1012.9,52,44,2,36,0.01,0.32,11.6,17.7,334,336,21.2,19.2,22.8,20.7,18.1,0.087,0.179,0.232,0.263,0,0.0,0.0,0.0,0.0,0.0,0.0,0.0,0.0,0.0,0.0,0.0,0.0,0.0
39.191563,-9.160919,44.0,2006-07-02T02:00,17.3,86,14.8,17.3,0.0,0.0,0.0,0.0,2,1017.9,1012.6,55,42,21,15,0.01,0.29,10.8,16.6,339,338,18.7,18.7,22.6,20.7,18.1,0.087,0.179,0.232,0.263,0,0.0,0.0,0.0,0.0,0.0,0.0,0.0,0.0,0.0,0.0,0.0,0.0,0.0
39.191563,-9.160919,44.0,2006-07-02T03:00,17.2,86,14.9,17.3,0.0,0.0,0.0,0.0,3,1017.6,1012.3,80,45,61,11,0.0,0.27,9.8,14.9,343,345,16.9,18.5,22.4,20.7,18.1,0.088,0.179,0.232,0.263,0,0.0,0.0,0.0,0.0,0.0,0.0,0.0,0.0,0.0,0.0,0.0,0.0,0.0
39.191563,-9.160919,44.0,2006-07-02T04:00,17.1,87,14.9,17.5,0.0,0.0,0.0,0.0,2,1017.9,1012.6,74,56,39,1,0.0,0.25,8.0,12.4,333,334,16.2,18.3,22.2,20.7,18.1,0.088,0.179,0.232,0.263,0,0.0,0.0,0.0,0.0,0.0,0.0,0.0,0.0,0.0,0.0,0.0,0.0,0.0
39.191563,-9.160919,44.0,2006-07-02T05:00,16.9,88,14.9,17.3,0.0,0.0,0.0,0.0,2,1017.6,1012.3,58,62,4,0,0.0,0.23,7.9,12.9,330,330,15.1,18.0,22.0,20.7,18.1,0.088,0.179,0.232,0.263,0,0.0,0.0,0.0,0.0,0.0,0.0,0.0,0.0,0.0,0.0,0.0,0.0,0.0
39.191563,-9.160919,44.0,2006-07-02T06:00,16.8,89,15.0,17.2,0.0,0.0,0.0,0.0,2,1017.8,1012.5,52,51,5,10,0.02,0.21,8.5,12.0,324,327,15.5,17.8,21.8,20.7,18.1,0.088,0.179,0.232,0.263,1,0.0,16.0,3.0,13.0,30.9,16.0,69.9,36.8,6.9,29.9,56.8,20.0,160.7
39.191563,-9.160919,44.0,2006-07-02T07:00,17.9,83,15.0,18.1,0.0,0.0,0.0,0.0,2,1017.8,1012.6,69,59,8,36,0.07,0.34,10.0,12.3,319,320,16.2,18.9,21.7,20.7,18.1,0.088,0.179,0.232,0.263,1,3600.0,104.0,45.0,59.0,210.1,104.0,283.4,149.2,64.6,84.7,210.1,149.2,406.7
39.191563,-9.160919,44.0,2006-07-02T08:00,18.9,76,14.6,18.8,0.0,0.0,0.0,0.0,2,1018.0,1012.8,68,62,6,28,0.15,0.52,11.2,13.2,315,315,20.2,20.8,21.6,20.7,18.1,0.089,0.179,0.232,0.263,1,3600.0,248.0,134.0,114.0,335.7,248.0,528.1,304.0,164.2,139.7,335.7,304.0,647.3
39.191563,-9.160919,44.0,2006-07-02T09:00,19.9,70,14.3,19.6,0.0,0.0,0.0,0.0,1,1018.2,1013.0,49,39,14,19,0.24,0.69,11.7,14.0,317,318,22.3,22.9,21.7,20.7,18.1,0.089,0.179,0.232,0.263,1,3600.0,390.0,185.0,205.0,322.5,390.0,759.1,445.0,211.1,233.9,322.5,445.0,866.1
39.191563,-9.160919,44.0,2006-07-02T10:00,20.8,64,13.6,20.4,0.0,0.0,0.0,0.0,2,1018.5,1013.3,69,76,1,0,0.34,0.89,10.4,12.2,314,315,23.4,25.1,21.8,20.7,18.1,0.089,0.179,0.232,0.263,1,3600.0,553.0,329.0,224.0,453.1,553.0,960.7,603.3,358.9,244.4,453.1,603.3,1048.2
39.191563,-9.160919,44.0,2006-07-02T11:00,21.5,59,13.2,21.6,0.0,0.0,0.0,0.0,2,1018.9,1013.7,58,63,0,3,0.42,1.05,10.9,12.7,304,305,22.7,27.2,22.0,20.7,18.1,0.088,0.179,0.232,0.263,1,3600.0,668.0,402.0,266.0,475.3,668.0,1119.2,705.0,424.3,280.7,475.3,705.0,1181.2
39.191563,-9.160919,44.0,2006-07-02T12:00,22.4,54,12.8,22.8,0.0,0.0,0.0,0.0,2,1018.4,1013.2,63,68,0,7,0.48,1.24,10.6,12.1,298,300,23.0,29.1,22.3,20.7,18.1,0.088,0.178,0.232,0.263,1,3600.0,732.0,403.0,329.0,435.8,732.0,1223.7,751.3,413.6,337.7,435.8,751.3,1255.9
39.191563,-9.160919,44.0,2006-07-02T13:00,22.7,53,12.7,22.6,0.0,0.0,0.0,0.0,2,1018.1,1012.9,71,68,0,33,0.48,1.28,12.9,14.5,293,293,26.3,30.0,22.6,20.7,18.1,0.087,0.178,0.232,0.263,1,3600.0,724.0,357.0,367.0,372.8,724.0,1267.1,724.2,357.1,367.1,372.8,724.2,1267.4
39.191563,-9.160919,44.0,2006-07-02T14:00,23.0,54,13.2,23.2,0.0,0.0,0.0,0.0,2,1018.2,1013.0,76,69,0,45,0.55,1.29,16.7,19.2,295,296,30.2,31.3,22.9,20.7,18.1,0.087,0.178,0.231,0.263,1,3600.0,867.0,662.0,205.0,702.8,867.0,1246.4,845.1,645.2,199.8,702.8,845.1,1214.8
39.191563,-9.160919,44.0,2006-07-02T15:00,22.7,56,13.4,22.8,0.0,0.0,0.0,0.0,2,1017.9,1012.7,64,62,0,26,0.52,1.22,17.2,20.6,299,299,31.7,31.5,23.2,20.7,18.1,0.087,0.178,0.231,0.263,1,3600.0,837.0,679.0,158.0,772.4,837.0,1163.1,792.9,643.2,149.7,772.4,792.9,1101.8
39.191563,-9.160919,44.0,2006-07-02T16:00,22.4,57,13.4,21.9,0.0,0.0,0.0,0.0,1,1018.1,1012.9,38,39,0,10,0.46,1.17,16.6,19.7,300,301,31.7,31.0,23.5,20.7,18.1,0.086,0.178,0.231,0.263,1,3600.0,730.0,590.0,140.0,763.3,730.0,1022.8,668.0,539.9,128.1,763.3,668.0,935.9
39.191563,-9.160919,44.0,2006-07-02T17:00,21.7,59,13.3,20.4,0.0,0.0,0.0,0.0,0,1017.8,1012.6,3,3,0,1,0.36,1.07,16.7,19.8,303,303,31.0,29.8,23.7,20.7,18.1,0.086,0.178,0.231,0.263,1,3600.0,573.0,451.0,122.0,714.6,573.0,835.1,499.9,393.4,106.4,714.6,499.9,728.5
39.191563,-9.160919,44.0,2006-07-02T18:00,21.0,61,13.2,19.8,0.0,0.0,0.0,0.0,0,1017.8,1012.6,3,3,0,0,0.26,0.97,15.5,18.8,306,306,29.2,28.2,23.8,20.7,18.1,0.086,0.178,0.231,0.263,1,3600.0,401.0,314.0,87.0,678.1,401.0,612.7,323.1,253.0,70.1,678.1,323.1,493.7
39.191563,-9.160919,44.0,2006-07-02T19:00,19.9,66,13.2,18.9,0.0,0.0,0.0,0.0,0,1017.6,1012.4,1,1,0,0,0.15,0.8,13.2,16.6,313,312,27.0,26.0,23.9,20.7,18.1,0.086,0.178,0.231,0.263,1,3600.0,202.0,132.0,70.0,470.9,202.0,370.9,134.8,88.1,46.7,470.9,134.8,247.5
39.191563,-9.160919,44.0,2006-07-02T20:00,18.9,71,13.5,18.4,0.0,0.0,0.0,0.0,0,1017.7,1012.5,0,0,0,0,0.06,0.64,11.0,14.6,322,322,23.4,23.7,23.8,20.7,18.1,0.086,0.178,0.231,0.263,1,2238.11,55.0,30.0,25.0,231.5,55.0,126.0,2.9,1.6,1.3,18.4,2.2,6.8
39.191563,-9.160919,44.0,2006-07-02T21:00,18.3,75,13.8,18.4,0.0,0.0,0.0,0.0,0,1018.5,1013.3,0,0,0,0,0.02,0.53,8.1,12.3,328,328,18.4,21.9,23.7,20.8,18.1,0.086,0.178,0.231,0.263,0,0.0,0.0,0.0,0.0,0.0,0.0,0.0,0.0,0.0,0.0,0.0,0.0,0.0
39.191563,-9.160919,44.0,2006-07-02T22:00,17.8,79,14.1,18.6,0.0,0.0,0.0,0.0,0,1018.8,1013.6,1,0,0,2,0.0,0.43,4.1,8.4,315,313,13.3,20.6,23.5,20.8,18.1,0.086,0.178,0.231,0.263,0,0.0,0.0,0.0,0.0,0.0,0.0,0.0,0.0,0.0,0.0,0.0,0.0,0.0
39.191563,-9.160919,44.0,2006-07-02T23:00,17.4,82,14.3,18.2,0.0,0.0,0.0,0.0,0,1018.5,1013.2,0,0,0,0,0.0,0.36,4.5,6.8,346,335,10.1,19.6,23.3,20.8,18.1,0.086,0.178,0.231,0.263,0,0.0,0.0,0.0,0.0,0.0,0.0,0.0,0.0,0.0,0.0,0.0,0.0,0.0
39.191563,-9.160919,44.0,2006-07-03T00:00,16.8,86,14.4,17.8,0.0,0.0,0.0,0.0,0,1018.2,1012.9,0,0,0,0,0.0,0.27,3.3,5.6,354,345,9.4,18.7,23.1,20.8,18.1,0.086,0.177,0.231,0.263,0,0.0,0.0,0.0,0.0,0.0,0.0,0.0,0.0,0.0,0.0,0.0,0.0,0.0
39.191563,-9.160919,44.0,2006-07-03T01:00,16.7,87,14.4,18.0,0.0,0.0,0.0,0.0,0,1017.9,1012.6,0,0,0,0,0.0,0.25,1.1,2.8,270,320,9.0,17.8,22.8,20.8,18.1,0.086,0.177,0.231,0.263,0,0.0,0.0,0.0,0.0,0.0,0.0,0.0,0.0,0.0,0.0,0.0,0.0,0.0
39.191563,-9.160919,44.0,2006-07-03T02:00,16.7,86,14.4,17.8,0.0,0.0,0.0,0.0,0,1017.7,1012.4,0,0,0,0,0.0,0.27,2.4,2.6,207,254,7.6,17.1,22.5,20.8,18.1,0.087,0.177,0.231,0.263,0,0.0,0.0,0.0,0.0,0.0,0.0,0.0,0.0,0.0,0.0,0.0,0.0,0.0
39.191563,-9.160919,44.0,2006-07-03T03:00,16.6,87,14.4,17.6,0.0,0.0,0.0,0.0,0,1017.5,1012.2,2,1,1,0,0.0,0.24,2.9,2.0,173,225,6.5,16.5,22.3,20.8,18.1,0.087,0.177,0.231,0.263,0,0.0,0.0,0.0,0.0,0.0,0.0,0.0,0.0,0.0,0.0,0.0,0.0,0.0
39.191563,-9.160919,44.0,2006-07-03T04:00,16.3,88,14.4,17.1,0.0,0.0,0.0,0.0,0,1017.1,1011.8,2,2,1,0,0.0,0.22,4.7,3.6,148,174,6.1,16.0,22.0,20.8,18.1,0.087,0.177,0.231,0.263,0,0.0,0.0,0.0,0.0,0.0,0.0,0.0,0.0,0.0,0.0,0.0,0.0,0.0
39.191563,-9.160919,44.0,2006-07-03T05:00,15.8,91,14.2,16.2,0.0,0.0,0.0,0.0,0,1017.2,1011.9,11,8,6,0,0.0,0.17,6.6,6.7,151,164,6.5,15.6,21.7,20.8,18.1,0.087,0.177,0.231,0.263,0,0.0,0.0,0.0,0.0,0.0,0.0,0.0,0.0,0.0,0.0,0.0,0.0,0.0
39.191563,-9.160919,44.0,2006-07-03T06:00,15.3,93,14.1,15.7,0.0,0.0,0.0,0.0,0,1017.3,1012.0,19,12,13,0,0.01,0.13,6.7,9.1,144,162,7.9,15.7,21.4,20.8,18.1,0.087,0.177,0.231,0.263,1,179.67,19.0,8.0,11.0,83.1,19.0,69.0,43.8,18.4,25.3,153.5,23.7,158.8
39.191563,-9.160919,44.0,2006-07-03T07:00,17.4,84,14.7,17.8,0.0,0.0,0.0,0.0,1,1017.4,1012.2,37,26,17,11,0.07,0.31,8.0,10.3,144,155,14.0,17.6,21.3,20.8,18.1,0.087,0.177,0.231,0.263,1,3600.0,127.0,74.0,53.0,347.7,127.0,281.6,182.6,106.4,76.2,347.7,182.6,404.9
39.191563,-9.160919,44.0,2006-07-03T08:00,19.3,75,14.7,19.6,0.0,0.0,0.0,0.0,1,1017.3,1012.1,36,18,19,28,0.17,0.56,8.1,9.7,159,165,15.8,20.9,21.3,20.8,18.1,0.087,0.177,0.231,0.263,1,3600.0,285.0,196.0,89.0,492.6,285.0,526.4,349.6,240.4,109.2,492.6,349.6,645.7
39.191563,-9.160919,44.0,2006-07-03T09:00,20.7,69,14.7,21.1,0.0,0.0,0.0,0.0,1,1017.5,1012.3,40,16,17,52,0.27,0.76,7.9,9.4,183,184,16.6,23.7,21.3,20.8,18.1,0.087,0.177,0.231,0.263,1,3600.0,442.0,326.0,116.0,569.3,442.0,757.7,504.5,372.1,132.4,569.3,504.5,864.7
39.191563,-9.160919,44.0,2006-07-03T10:00,22.1,64,14.9,22.5,0.0,0.0,0.0,0.0,1,1017.3,1012.1,39,15,16,54,0.37,0.97,10.3,13.0,205,204,17.6,26.5,21.5,20.8,18.1,0.087,0.177,0.231,0.263,1,3600.0,591.0,442.0,149.0,609.5,591.0,959.5,644.9,482.3,162.6,609.5,644.9,1047.1
39.191563,-9.160919,44.0,2006-07-03T11:00,22.7,63,15.4,23.0,0.0,0.0,0.0,0.0,2,1017.2,1012.0,79,34,54,54,0.4,1.01,12.5,15.6,221,218,21.2,28.2,21.8,20.8,18.1,0.087,0.177,0.231,0.263,1,3600.0,607.0,350.0,257.0,414.1,607.0,1118.2,640.7,369.4,271.3,414.1,640.7,1180.3
39.191563,-9.160919,44.0,2006-07-03T12:00,23.5,61,15.4,24.1,0.2,0.2,0.0,0.0,51,1016.9,1011.8,77,23,65,57,0.48,1.14,15.3,19.6,225,224,26.6,29.8,22.1,20.8,18.1,0.09,0.177,0.231,0.263,1,3600.0,738.0,549.0,189.0,594.0,738.0,1222.9,757.5,563.5,194.0,594.0,757.5,1255.3
39.191563,-9.160919,44.0,2006-07-03T13:00,23.1,64,15.8,22.9,0.2,0.2,0.0,0.0,51,1016.9,1011.8,64,22,45,58,0.4,1.03,16.9,21.2,230,230,29.9,29.4,22.4,20.8,18.1,0.093,0.177,0.231,0.263,1,3600.0,607.0,398.0,209.0,415.8,607.0,1266.5,607.2,398.2,209.1,415.8,607.2,1267.0
39.191563,-9.160919,44.0,2006-07-03T14:00,23.1,65,16.1,23.3,0.2,0.2,0.0,0.0,51,1016.3,1011.2,54,14,41,57,0.42,0.99,16.6,21.3,231,231,31.7,29.4,22.7,20.8,18.1,0.096,0.177,0.231,0.263,1,3600.0,651.0,392.0,259.0,416.3,651.0,1246.0,634.6,382.1,252.5,416.3,634.6,1214.5
39.191563,-9.160919,44.0,2006-07-03T15:00,22.9,66,16.3,22.7,0.2,0.2,0.0,0.0,51,1016.3,1011.2,61,15,41,77,0.37,0.94,16.0,20.9,234,234,31.7,28.9,22.9,20.8,18.1,0.099,0.177,0.231,0.263,1,3600.0,557.0,299.0,258.0,340.2,557.0,1162.8,527.7,283.2,244.4,340.2,527.7,1101.6
39.191563,-9.160919,44.0,2006-07-03T16:00,22.5,68,16.4,22.5,0.2,0.2,0.0,0.0,51,1016.4,1011.2,68,27,28,88,0.31,0.87,15.5,20.2,239,239,30.6,28.2,23.1,20.8,18.1,0.102,0.177,0.231,0.263,1,3600.0,458.0,222.0,236.0,287.2,458.0,1022.6,419.1,203.1,215.9,287.2,419.1,935.7
39.191563,-9.160919,44.0,2006-07-03T17:00,22.4,69,16.4,22.4,0.3,0.3,0.0,0.0,51,1016.1,1010.9,50,16,20,78,0.28,0.84,14.7,19.4,248,248,29.2,27.6,23.3,20.8,18.1,0.106,0.176,0.231,0.263,1,3600.0,423.0,252.0,171.0,399.3,423.0,834.9,369.0,219.8,149.2,399.3,369.0,728.3
39.191563,-9.160919,44.0,2006-07-03T18:00,21.4,77,17.1,21.9,0.0,0.0,0.0,0.0,1,1016.2,1011.0,32,14,14,35,0.16,0.59,13.9,18.3,260,260,26.3,26.0,23.3,20.8,18.1,0.106,0.176,0.231,0.263,1,3600.0,225.0,105.0,120.0,226.8,225.0,612.5,181.3,84.6,96.7,226.8,181.3,493.5
39.191563,-9.160919,44.0,2006-07-03T19:00,21.1,77,16.8,21.6,0.0,0.0,0.0,0.0,1,1016.1,1010.9,26,13,14,20,0.12,0.58,13.0,17.3,270,271,24.1,25.0,23.4,20.8,18.1,0.106,0.176,0.231,0.263,1,3600.0,179.0,102.0,77.0,364.2,179.0,370.6,119.4,68.0,51.4,364.2,119.4,247.2
39.191563,-9.160919,44.0,2006-07-03T20:00,19.9,84,17.2,20.8,0.0,0.0,0.0,0.0,0,1016.1,1010.9,12,5,8,9,0.04,0.37,11.3,17.2,279,281,22.3,23.3,23.3,20.8,18.1,0.106,0.176,0.231,0.263,1,2230.98,50.0,26.0,24.0,200.8,50.0,125.5,2.5,1.3,1.2,14.7,1.8,6.2
39.191563,-9.160919,44.0,2006-07-03T21:00,19.0,90,17.3,20.1,0.0,0.0,0.0,0.0,0,1016.3,1011.1,15,12,7,1,0.0,0.22,10.3,16.9,282,286,18.4,21.8,23.2,20.8,18.1,0.106,0.176,0.23,0.263,0,0.0,0.0,0.0,0.0,0.0,0.0,0.0,0.0,0.0,0.0,0.0,0.0,0.0
39.191563,-9.160919,44.0,2006-07-03T22:00,18.5,93,17.3,19.7,0.0,0.0,0.0,0.0,0,1016.7,1011.5,11,10,3,0,0.0,0.15,9.3,16.3,283,288,16.9,20.7,23.1,20.8,18.1,0.106,0.176,0.23,0.263,0,0.0,0.0,0.0,0.0,0.0,0.0,0.0,0.0,0.0,0.0,0.0,0.0,0.0
39.191563,-9.160919,44.0,2006-07-03T23:00,18.2,94,17.2,19.5,0.0,0.0,0.0,0.0,0,1016.9,1011.7,12,13,1,0,0.0,0.13,8.5,15.1,282,288,16.2,20.0,22.9,20.8,18.1,0.106,0.176,0.23,0.263,0,0.0,0.0,0.0,0.0,0.0,0.0,0.0,0.0,0.0,0.0,0.0,0.0,0.0
39.191563,-9.160919,44.0,2006-07-04T00:00,17.8,95,17.0,19.3,0.0,0.0,0.0,0.0,0,1016.7,1011.5,9,9,2,0,0.0,0.11,6.7,13.0,286,294,15.8,19.4,22.7,20.9,18.1,0.106,0.176,0.23,0.263,0,0.0,0.0,0.0,0.0,0.0,0.0,0.0,0.0,0.0,0.0,0.0,0.0,0.0
39.191563,-9.160919,44.0,2006-07-04T01:00,17.7,95,16.8,19.1,0.0,0.0,0.0,0.0,0,1016.0,1010.8,6,7,0,0,0.0,0.11,6.3,10.8,283,296,14.8,19.0,22.5,20.9,18.2,0.106,0.176,0.23,0.263,0,0.0,0.0,0.0,0.0,0.0,0.0,0.0,0.0,0.0,0.0,0.0,0.0,0.0
39.191563,-9.160919,44.0,2006-07-04T02:00,17.4,95,16.6,18.7,0.0,0.0,0.0,0.0,0,1015.9,1010.7,10,10,2,0,0.0,0.1,6.8,10.5,273,286,13.3,18.6,22.3,20.9,18.2,0.106,0.176,0.23,0.263,0,0.0,0.0,0.0,0.0,0.0,0.0,0.0,0.0,0.0,0.0,0.0,0.0,0.0
39.191563,-9.160919,44.0,2006-07-04T03:00,17.2,95,16.4,18.4,0.0,0.0,0.0,0.0,0,1015.8,1010.6,18,17,5,0,0.0,0.1,6.8,11.7,267,279,13.0,18.3,22.1,20.9,18.2,0.106,0.176,0.23,0.263,0,0.0,0.0,0.0,0.0,0.0,0.0,0.0,0.0,0.0,0.0,0.0,0.0,0.0
39.191563,-9.160919,44.0,2006-07-04T04:00,17.1,95,16.3,18.1,0.0,0.0,0.0,0.0,1,1015.9,1010.7,20,18,7,0,0.0,0.09,7.6,12.1,273,280,13.3,18.1,21.9,20.9,18.2,0.107,0.176,0.23,0.263,0,0.0,0.0,0.0,0.0,0.0,0.0,0.0,0.0,0.0,0.0,0.0,0.0,0.0
39.191563,-9.160919,44.0,2006-07-04T05:00,17.3,95,16.5,18.4,0.0,0.0,0.0,0.0,1,1016.0,1010.8,20,21,2,0,0.0,0.1,7.6,11.9,278,284,13.7,18.2,21.7,20.9,18.2,0.107,0.176,0.23,0.263,0,0.0,0.0,0.0,0.0,0.0,0.0,0.0,0.0,0.0,0.0,0.0,0.0,0.0
39.191563,-9.160919,44.0,2006-07-04T06:00,17.3,95,16.5,18.6,0.0,0.0,0.0,0.0,1,1016.3,1011.1,22,24,1,0,0.01,0.1,6.6,10.8,279,285,13.3,18.3,21.6,20.9,18.2,0.107,0.176,0.23,0.263,1,0.0,14.0,4.0,10.0,41.9,14.0,68.0,32.3,9.2,23.1,77.8,17.4,156.9
39.191563,-9.160919,44.0,2006-07-04T07:00,18.3,90,16.6,19.5,0.0,0.0,0.0,0.0,0,1016.5,1011.3,16,17,1,0,0.07,0.21,6.9,9.0,279,286,13.7,19.5,21.5,20.8,18.2,0.108,0.176,0.23,0.263,1,3600.0,135.0,79.0,56.0,373.7,135.0,279.7,194.6,113.9,80.7,373.7,194.6,403.2
39.191563,-9.160919,44.0,2006-07-04T08:00,19.3,81,16.1,20.2,0.0,0.0,0.0,0.0,1,1017.0,1011.8,21,22,2,0,0.16,0.41,8.4,10.5,290,292,16.2,21.2,21.4,20.8,18.2,0.109,0.176,0.23,0.263,1,3600.0,294.0,198.0,96.0,499.2,294.0,524.7,360.9,243.0,117.8,499.2,360.9,644.1
39.191563,-9.160919,44.0,2006-07-04T09:00,20.3,74,15.6,20.7,0.0,0.0,0.0,0.0,1,1017.3,1012.1,39,41,3,0,0.24,0.61,10.2,12.0,302,303,18.7,23.0,21.5,20.8,18.2,0.109,0.176,0.23,0.263,1,3600.0,403.0,243.0,160.0,425.2,403.0,756.2,460.1,277.4,182.7,425.2,460.1,863.4
39.191563,-9.160919,44.0,2006-07-04T10:00,21.0,70,15.3,21.2,0.0,0.0,0.0,0.0,1,1017.6,1012.4,23,20,8,0,0.31,0.75,10.7,13.0,315,318,21.6,24.5,21.6,20.8,18.2,0.109,0.176,0.23,0.263,1,3600.0,502.0,323.0,179.0,446.0,502.0,958.2,547.9,352.6,195.4,446.0,547.9,1045.9
39.191563,-9.160919,44.0,2006-07-04T11:00,21.8,66,15.2,22.4,0.1,0.1,0.0,0.0,51,1017.7,1012.5,33,23,21,0,0.44,0.88,13.9,16.9,323,326,25.9,26.8,21.8,20.8,18.2,0.109,0.176,0.23,0.263,1,3600.0,725.0,536.0,189.0,634.8,725.0,1117.1,765.4,565.9,199.5,634.8,765.4,1179.4
39.191563,-9.160919,44.0,2006-07-04T12:00,22.0,65,15.2,22.3,0.0,0.0,0.0,0.0,1,1017.9,1012.7,28,18,19,0,0.45,0.92,16.6,20.3,330,333,30.2,27.8,22.1,20.8,18.2,0.109,0.176,0.23,0.263,1,3600.0,734.0,551.0,183.0,596.5,734.0,1222.1,753.5,565.7,187.9,596.5,753.5,1254.6
39.191563,-9.160919,44.0,2006-07-04T13:00,22.6,62,14.9,23.0,0.0,0.0,0.0,0.0,1,1018.0,1012.8,21,16,11,0,0.5,1.04,17.9,21.9,335,337,32.8,28.8,22.4,20.8,18.2,0.108,0.176,0.23,0.263,1,3600.0,828.0,625.0,203.0,653.2,828.0,1265.9,828.4,625.3,203.1,653.2,828.4,1266.5
39.191563,-9.160919,44.0,2006-07-04T14:00,22.7,60,14.6,22.7,0.0,0.0,0.0,0.0,0,1017.7,1012.5,6,6,1,0,0.5,1.09,18.7,23.1,337,339,33.1,29.4,22.6,20.9,18.2,0.107,0.176,0.23,0.263,1,3600.0,805.0,659.0,146.0,700.0,805.0,1245.6,784.7,642.4,142.3,700.0,784.7,1214.2
39.191563,-9.160919,44.0,2006-07-04T15:00,22.6,58,14.0,21.9,0.0,0.0,0.0,0.0,0,1017.7,1012.5,2,2,1,0,0.46,1.14,19.5,24.3,337,339,32.8,29.3,22.9,20.9,18.2,0.106,0.176,0.23,0.263,1,3600.0,734.0,557.0,177.0,633.9,734.0,1162.5,695.3,527.7,167.7,633.9,695.3,1101.3
39.191563,-9.160919,44.0,2006-07-04T16:00,22.3,58,13.7,21.3,0.0,0.0,0.0,0.0,0,1017.9,1012.7,0,0,0,0,0.44,1.13,20.6,25.8,335,337,34.6,29.2,23.2,20.9,18.2,0.105,0.175,0.23,0.263,1,3600.0,710.0,568.0,142.0,735.1,710.0,1022.4,649.7,519.7,129.9,735.1,649.7,935.5
39.191563,-9.160919,44.0,2006-07-04T17:00,21.7,61,13.7,19.8,0.0,0.0,0.0,0.0,0,1017.8,1012.6,0,0,0,0,0.36,1.02,21.9,27.2,335,336,36.0,28.3,23.3,20.9,18.2,0.104,0.175,0.23,0.263,1,3600.0,575.0,460.0,115.0,729.2,575.0,834.7,501.5,401.2,100.3,729.2,501.5,728.1
39.191563,-9.160919,44.0,2006-07-04T18:00,20.8,65,14.0,18.8,0.0,0.0,0.0,0.0,0,1018.1,1012.9,0,0,0,0,0.25,0.85,22.4,29.0,336,337,36.7,26.8,23.5,20.9,18.2,0.104,0.175,0.23,0.263,1,3600.0,388.0,293.0,95.0,633.2,388.0,612.2,312.5,236.0,76.5,633.2,312.5,493.1
39.191563,-9.160919,44.0,2006-07-04T19:00,19.8,72,14.7,18.2,0.0,0.0,0.0,0.0,0,1018.3,1013.1,3,3,0,0,0.15,0.64,21.9,29.0,340,340,37.8,25.0,23.5,20.9,18.2,0.104,0.175,0.23,0.263,1,3600.0,209.0,143.0,66.0,511.2,209.0,370.1,139.3,95.3,44.0,511.2,139.3,246.7
39.191563,-9.160919,44.0,2006-07-04T20:00,18.9,78,15.1,17.5,0.0,0.0,0.0,0.0,1,1018.6,1013.4,24,27,0,0,0.07,0.47,21.3,29.5,344,344,36.4,23.0,23.4,20.9,18.2,0.103,0.175,0.23,0.263,1,2221.81,49.0,24.0,25.0,185.6,49.0,124.9,2.2,1.1,1.1,12.2,1.6,5.5
39.191563,-9.160919,44.0,2006-07-04T21:00,18.4,82,15.3,16.9,0.0,0.0,0.0,0.0,1,1019.4,1014.2,33,37,0,0,0.03,0.37,22.2,31.0,347,347,34.6,21.5,23.3,20.9,18.2,0.103,0.175,0.23,0.263,0,0.0,0.0,0.0,0.0,0.0,0.0,0.0,0.0,0.0,0.0,0.0,0.0,0.0
39.191563,-9.160919,44.0,2006-07-04T22:00,18.1,84,15.4,16.9,0.0,0.0,0.0,0.0,1,1020.2,1015.0,43,48,0,0,0.03,0.33,20.5,28.8,342,342,35.6,20.6,23.1,20.9,18.2,0.103,0.175,0.23,0.263,0,0.0,0.0,0.0,0.0,0.0,0.0,0.0,0.0,0.0,0.0,0.0,0.0,0.0
39.191563,-9.160919,44.0,2006-07-04T23:00,17.9,86,15.4,16.6,0.0,0.0,0.0,0.0,2,1020.1,1014.8,50,56,0,0,0.02,0.29,20.9,29.6,339,339,35.6,20.0,23.0,20.9,18.2,0.103,0.175,0.23,0.263,0,0.0,0.0,0.0,0.0,0.0,0.0,0.0,0.0,0.0,0.0,0.0,0.0,0.0
39.191563,-9.160919,44.0,2006-07-05T00:00,17.7,86,15.4,16.5,0.0,0.0,0.0,0.0,2,1020.1,1014.8,61,68,0,0,0.02,0.28,21.0,29.1,338,338,34.6,19.5,22.8,20.9,18.2,0.103,0.175,0.23,0.263,0,0.0,0.0,0.0,0.0,0.0,0.0,0.0,0.0,0.0,0.0,0.0,0.0,0.0
39.191563,-9.160919,44.0,2006-07-05T01:00,17.5,87,15.4,16.2,0.0,0.0,0.0,0.0,1,1019.9,1014.6,32,36,0,0,0.02,0.26,21.3,29.7,336,337,32.4,19.1,22.6,20.9,18.2,0.103,0.175,0.23,0.263,0,0.0,0.0,0.0,0.0,0.0,0.0,0.0,0.0,0.0,0.0,0.0,0.0,0.0
39.191563,-9.160919,44.0,2006-07-05T02:00,17.5,87,15.3,16.3,0.0,0.0,0.0,0.0,1,1019.7,1014.4,43,48,0,0,0.02,0.26,20.6,29.2,335,336,32.4,18.9,22.4,20.9,18.2,0.104,0.175,0.23,0.263,0,0.0,0.0,0.0,0.0,0.0,0.0,0.0,0.0,0.0,0.0,0.0,0.0,0.0
39.191563,-9.160919,44.0,2006-07-05T03:00,17.4,87,15.3,16.2,0.0,0.0,0.0,0.0,1,1019.4,1014.1,39,43,0,0,0.02,0.25,20.1,28.7,336,336,32.0,18.6,22.2,20.9,18.2,0.104,0.175,0.23,0.263,0,0.0,0.0,0.0,0.0,0.0,0.0,0.0,0.0,0.0,0.0,0.0,0.0,0.0
39.191563,-9.160919,44.0,2006-07-05T04:00,17.3,88,15.4,16.2,0.0,0.0,0.0,0.0,1,1019.4,1014.1,31,34,0,0,0.01,0.23,19.8,28.2,335,337,31.0,18.4,22.0,20.9,18.2,0.104,0.175,0.23,0.263,0,0.0,0.0,0.0,0.0,0.0,0.0,0.0,0.0,0.0,0.0,0.0,0.0,0.0
39.191563,-9.160919,44.0,2006-07-05T05:00,17.4,88,15.4,16.4,0.0,0.0,0.0,0.0,1,1019.7,1014.4,35,39,0,0,0.02,0.24,19.7,28.9,336,337,30.2,18.3,21.8,20.9,18.2,0.104,0.175,0.23,0.263,0,0.0,0.0,0.0,0.0,0.0,0.0,0.0,0.0,0.0,0.0,0.0,0.0,0.0
39.191563,-9.160919,44.0,2006-07-05T06:00,17.6,88,15.5,16.6,0.0,0.0,0.0,0.0,1,1019.9,1014.6,39,43,0,0,0.03,0.25,19.9,29.3,338,339,31.3,18.4,21.7,20.9,18.2,0.104,0.175,0.23,0.263,1,23.86,16.0,6.0,10.0,63.3,16.0,67.1,37.0,13.9,23.1,118.4,19.8,154.9
39.191563,-9.160919,44.0,2006-07-05T07:00,18.5,83,15.5,17.1,0.0,0.0,0.0,0.0,1,1020.3,1015.1,38,42,0,0,0.09,0.37,22.1,29.6,341,342,35.3,19.4,21.6,20.9,18.2,0.104,0.175,0.23,0.263,1,3600.0,124.0,70.0,54.0,333.3,124.0,277.8,179.1,101.1,78.0,333.3,179.1,401.4
39.191563,-9.160919,44.0,2006-07-05T08:00,19.6,75,15.1,17.9,0.0,0.0,0.0,0.0,1,1020.7,1015.5,43,48,0,0,0.18,0.56,23.0,29.4,343,343,37.4,20.9,21.5,20.9,18.2,0.104,0.175,0.23,0.263,1,3600.0,284.0,191.0,93.0,483.2,284.0,523.0,348.9,234.6,114.2,483.2,348.9,642.5
39.191563,-9.160919,44.0,2006-07-05T09:00,20.3,71,15.0,18.7,0.0,0.0,0.0,0.0,2,1020.8,1015.6,62,69,0,0,0.25,0.68,22.7,28.6,342,343,37.8,22.4,21.5,20.9,18.2,0.104,0.175,0.23,0.263,1,3600.0,398.0,236.0,162.0,413.8,398.0,754.7,454.6,269.6,185.0,413.8,454.6,862.0
39.191563,-9.160919,44.0,2006-07-05T10:00,21.0,69,15.0,19.5,0.0,0.0,0.0,0.0,2,1021.0,1015.8,55,54,11,0,0.3,0.77,21.4,27.5,343,346,38.2,23.7,21.6,20.9,18.2,0.105,0.175,0.23,0.263,1,3600.0,480.0,262.0,218.0,362.2,480.0,956.9,524.0,286.0,238.0,362.2,524.0,1044.7
39.191563,-9.160919,44.0,2006-07-05T11:00,21.5,68,15.3,20.4,0.0,0.0,0.0,0.0,1,1021.0,1015.8,42,42,7,0,0.38,0.83,22.7,28.4,342,345,40.3,25.3,21.8,20.9,18.2,0.105,0.175,0.23,0.263,1,3600.0,635.0,381.0,254.0,451.7,635.0,1116.1,670.5,402.3,268.2,451.7,670.5,1178.4
39.191563,-9.160919,44.0,2006-07-05T12:00,21.6,68,15.4,20.0,0.0,0.0,0.0,0.0,1,1021.0,1015.8,33,34,4,0,0.37,0.83,24.6,30.9,342,343,43.6,25.9,21.9,20.9,18.2,0.105,0.175,0.229,0.263,1,3600.0,606.0,336.0,270.0,364.0,606.0,1221.3,622.2,345.0,277.2,364.0,622.2,1253.9
39.191563,-9.160919,44.0,2006-07-05T13:00,21.9,67,15.4,20.6,0.0,0.0,0.0,0.0,1,1021.3,1016.1,40,42,3,0,0.42,0.88,27.1,33.7,343,344,46.4,26.9,22.1,20.9,18.2,0.105,0.175,0.229,0.263,1,3600.0,725.0,428.0,297.0,447.6,725.0,1265.3,725.4,428.2,297.2,447.6,725.4,1265.9
39.191563,-9.160919,44.0,2006-07-05T14:00,22.0,66,15.4,20.6,0.0,0.0,0.0,0.0,1,1021.1,1015.9,22,25,0,0,0.44,0.89,28.3,36.0,345,346,47.5,27.5,22.4,20.9,18.2,0.104,0.175,0.229,0.263,1,3600.0,765.0,520.0,245.0,552.6,765.0,1245.1,745.7,506.9,238.8,552.6,745.7,1213.8
39.191563,-9.160919,44.0,2006-07-05T15:00,21.8,64,14.8,20.1,0.0,0.0,0.0,0.0,0,1021.4,1016.2,3,3,0,0,0.44,0.93,29.6,37.6,347,347,49.3,27.9,22.6,20.9,18.2,0.103,0.175,0.229,0.263,1,3600.0,778.0,547.0,231.0,622.7,778.0,1162.2,737.0,518.2,218.8,622.7,737.0,1101.0
39.191563,-9.160919,44.0,2006-07-05T16:00,21.7,63,14.3,19.5,0.0,0.0,0.0,0.0,0,1021.3,1016.1,0,0,0,0,0.43,0.96,30.2,39.3,348,349,51.1,27.9,22.8,20.9,18.2,0.103,0.174,0.229,0.263,1,3600.0,749.0,635.0,114.0,822.0,749.0,1022.1,685.3,581.0,104.3,822.0,685.3,935.2
39.191563,-9.160919,44.0,2006-07-05T17:00,20.9,65,14.2,17.9,0.0,0.0,0.0,0.0,0,1021.4,1016.2,0,0,0,0,0.34,0.86,30.9,40.0,348,349,51.8,27.0,22.9,20.9,18.2,0.102,0.174,0.229,0.263,1,3600.0,587.0,481.0,106.0,762.8,587.0,834.4,512.0,419.5,92.4,762.8,512.0,727.7
39.191563,-9.160919,44.0,2006-07-05T18:00,19.9,69,14.0,16.8,0.0,0.0,0.0,0.0,0,1021.5,1016.3,0,0,0,0,0.25,0.73,30.5,40.0,348,349,51.1,25.6,23.0,20.9,18.2,0.102,0.174,0.229,0.263,1,3600.0,402.0,315.0,87.0,681.2,402.0,611.8,323.7,253.6,70.1,681.2,323.7,492.6
39.191563,-9.160919,44.0,2006-07-05T19:00,18.8,72,13.7,15.8,0.0,0.0,0.0,0.0,0,1021.6,1016.4,4,4,0,1,0.15,0.6,28.6,37.7,349,350,50.0,23.8,23.0,20.9,18.2,0.101,0.174,0.229,0.263,1,3600.0,210.0,144.0,66.0,515.5,210.0,369.6,139.8,95.9,43.9,515.5,139.8,246.0
39.191563,-9.160919,44.0,2006-07-05T20:00,17.7,77,13.7,15.0,0.0,0.0,0.0,0.0,0,1021.9,1016.6,11,5,0,22,0.07,0.46,26.5,36.4,348,349,46.8,21.9,22.9,20.9,18.2,0.101,0.174,0.229,0.263,1,2210.56,54.0,29.0,25.0,224.7,54.0,124.2,2.0,1.1,0.9,12.5,1.5,4.7
39.191563,-9.160919,44.0,2006-07-05T21:00,17.0,80,13.5,14.2,0.0,0.0,0.0,0.0,1,1022.3,1017.0,23,14,0,35,0.05,0.39,26.8,37.0,349,349,42.8,20.4,22.8,20.9,18.2,0.101,0.174,0.229,0.263,0,0.0,0.0,0.0,0.0,0.0,0.0,0.0,0.0,0.0,0.0,0.0,0.0,0.0
39.191563,-9.160919,44.0,2006-07-05T22:00,16.6,80,13.1,14.3,0.0,0.0,0.0,0.0,0,1023.1,1017.8,14,15,0,1,0.04,0.38,22.7,31.9,349,349,42.5,19.4,22.6,20.9,18.2,0.101,0.174,0.229,0.263,0,0.0,0.0,0.0,0.0,0.0,0.0,0.0,0.0,0.0,0.0,0.0,0.0,0.0
39.191563,-9.160919,44.0,2006-07-05T23:00,16.4,80,12.9,13.9,0.0,0.0,0.0,0.0,0,1022.7,1017.4,10,9,0,7,0.04,0.37,23.1,33.0,349,349,41.4,18.7,22.4,20.9,18.2,0.101,0.174,0.229,0.263,0,0.0,0.0,0.0,0.0,0.0,0.0,0.0,0.0,0.0,0.0,0.0,0.0,0.0
39.191563,-9.160919,44.0,2006-07-06T00:00,16.3,80,12.8,13.6,0.0,0.0,0.0,0.0,0,1022.7,1017.4,10,3,0,26,0.04,0.37,24.0,34.3,351,351,41.0,18.2,22.2,21.0,18.3,0.101,0.174,0.229,0.263,0,0.0,0.0,0.0,0.0,0.0,0.0,0.0,0.0,0.0,0.0,0.0,0.0,0.0
39.191563,-9.160919,44.0,2006-07-06T01:00,16.2,80,12.8,13.5,0.0,0.0,0.0,0.0,0,1022.5,1017.2,2,2,0,0,0.04,0.36,24.7,35.2,352,352,41.4,17.8,22.0,20.9,18.3,0.101,0.174,0.229,0.263,0,0.0,0.0,0.0,0.0,0.0,0.0,0.0,0.0,0.0,0.0,0.0,0.0,0.0
39.191563,-9.160919,44.0,2006-07-06T02:00,16.2,81,12.9,13.4,0.0,0.0,0.0,0.0,0,1022.1,1016.8,0,0,0,0,0.04,0.35,25.0,35.9,353,354,41.4,17.6,21.8,20.9,18.3,0.101,0.174,0.229,0.263,0,0.0,0.0,0.0,0.0,0.0,0.0,0.0,0.0,0.0,0.0,0.0,0.0,0.0
39.191563,-9.160919,44.0,2006-07-06T03:00,16.2,82,13.2,13.5,0.0,0.0,0.0,0.0,0,1022.2,1016.9,0,0,0,0,0.04,0.32,25.0,35.9,353,353,41.4,17.4,21.6,20.9,18.3,0.101,0.174,0.229,0.263,0,0.0,0.0,0.0,0.0,0.0,0.0,0.0,0.0,0.0,0.0,0.0,0.0,0.0
39.191563,-9.160919,44.0,2006-07-06T04:00,16.2,84,13.5,13.6,0.0,0.0,0.0,0.0,0,1021.9,1016.6,0,0,0,0,0.03,0.29,25.1,36.3,353,353,41.8,17.2,21.4,20.9,18.3,0.101,0.174,0.229,0.263,0,0.0,0.0,0.0,0.0,0.0,0.0,0.0,0.0,0.0,0.0,0.0,0.0,0.0
39.191563,-9.160919,44.0,2006-07-06T05:00,16.2,85,13.7,13.8,0.0,0.0,0.0,0.0,0,1022.0,1016.7,0,0,0,0,0.03,0.27,25.0,36.6,353,354,42.1,17.1,21.2,20.9,18.3,0.101,0.174,0.229,0.263,0,0.0,0.0,0.0,0.0,0.0,0.0,0.0,0.0,0.0,0.0,0.0,0.0,0.0
39.191563,-9.160919,44.0,2006-07-06T06:00,16.5,84,13.8,14.0,0.0,0.0,0.0,0.0,0,1022.1,1016.8,2,2,0,0,0.05,0.29,25.3,36.5,354,355,42.5,17.2,21.0,20.9,18.3,0.101,0.174,0.229,0.263,1,101.39,17.0,7.0,10.0,74.4,17.0,66.1,39.3,16.2,23.1,140.2,20.9,152.9
39.191563,-9.160919,44.0,2006-07-06T07:00,17.4,80,13.9,14.8,0.0,0.0,0.0,0.0,0,1022.3,1017.0,0,0,0,0,0.1,0.4,26.3,35.3,356,356,42.8,18.2,20.9,20.9,18.3,0.101,0.174,0.229,0.263,1,3600.0,143.0,91.0,52.0,436.4,143.0,275.9,207.1,131.8,75.3,436.4,207.1,399.5
39.191563,-9.160919,44.0,2006-07-06T08:00,18.7,72,13.6,15.8,0.0,0.0,0.0,0.0,0,1022.7,1017.4,1,1,0,0,0.19,0.59,27.4,35.7,357,357,45.0,19.9,20.8,20.9,18.3,0.101,0.174,0.229,0.263,1,3600.0,325.0,241.0,84.0,611.7,325.0,521.3,399.6,296.3,103.3,611.7,399.6,640.9
39.191563,-9.160919,44.0,2006-07-06T09:00,19.9,66,13.3,16.8,0.0,0.0,0.0,0.0,0,1023.0,1017.8,1,1,0,0,0.3,0.79,28.2,36.4,356,356,46.8,22.0,20.9,20.9,18.3,0.101,0.174,0.229,0.263,1,3600.0,518.0,417.0,101.0,732.6,518.0,753.1,591.9,476.5,115.4,732.6,591.9,860.5
39.191563,-9.160919,44.0,2006-07-06T10:00,20.9,60,13.0,18.5,0.0,0.0,0.0,0.0,0,1022.9,1017.7,0,0,0,0,0.4,0.98,27.1,34.2,355,357,49.0,24.0,21.0,20.9,18.3,0.1,0.174,0.229,0.263,1,3600.0,680.0,567.0,113.0,785.0,680.0,955.6,742.6,619.2,123.4,785.0,742.6,1043.6
39.191563,-9.160919,44.0,2006-07-06T11:00,21.8,56,12.7,20.0,0.0,0.0,0.0,0.0,0,1022.8,1017.6,0,0,0,0,0.5,1.14,27.2,34.4,353,355,49.3,26.0,21.2,20.9,18.3,0.099,0.174,0.229,0.263,1,3600.0,841.0,722.0,119.0,856.7,841.0,1115.0,888.1,762.4,125.7,856.7,888.1,1177.5
39.191563,-9.160919,44.0,2006-07-06T12:00,22.6,52,12.3,21.1,0.0,0.0,0.0,0.0,0,1022.6,1017.4,0,0,0,0,0.57,1.31,27.0,33.8,351,353,49.0,27.6,21.5,20.9,18.3,0.099,0.174,0.229,0.263,1,3600.0,941.0,823.0,118.0,892.2,941.0,1220.4,966.2,845.1,121.2,892.2,966.2,1253.1
39.191563,-9.160919,44.0,2006-07-06T13:00,23.1,50,12.0,21.7,0.0,0.0,0.0,0.0,0,1022.3,1017.1,0,0,0,0,0.6,1.42,26.8,33.9,349,351,47.9,28.9,21.8,20.9,18.3,0.098,0.174,0.229,0.263,1,3600.0,983.0,866.0,117.0,906.0,983.0,1264.6,983.6,866.5,117.1,906.0,983.6,1265.4
39.191563,-9.160919,44.0,2006-07-06T14:00,23.3,48,11.7,21.7,0.0,0.0,0.0,0.0,0,1022.0,1016.8,0,0,0,0,0.6,1.49,27.6,34.8,348,349,47.5,29.7,22.1,20.9,18.3,0.097,0.173,0.229,0.263,1,3600.0,966.0,850.0,116.0,903.6,966.0,1244.6,941.7,828.6,113.1,903.6,941.7,1213.3
39.191563,-9.160919,44.0,2006-07-06T15:00,23.2,48,11.6,21.1,0.0,0.0,0.0,0.0,0,1021.9,1016.7,0,0,0,0,0.57,1.48,28.0,35.6,347,349,48.2,29.8,22.4,20.9,18.3,0.096,0.173,0.228,0.263,1,3600.0,892.0,779.0,113.0,887.2,892.0,1161.7,845.0,738.0,107.1,887.2,845.0,1100.6
39.191563,-9.160919,44.0,2006-07-06T16:00,22.7,50,11.6,20.0,0.0,0.0,0.0,0.0,0,1021.6,1016.4,0,0,0,0,0.5,1.39,28.7,36.3,348,349,48.6,29.3,22.7,20.9,18.3,0.095,0.173,0.228,0.263,1,3600.0,768.0,661.0,107.0,856.0,768.0,1021.7,702.7,604.8,97.9,856.0,702.7,934.8
39.191563,-9.160919,44.0,2006-07-06T17:00,22.0,54,12.2,18.8,0.0,0.0,0.0,0.0,0,1021.4,1016.2,0,0,0,0,0.4,1.23,28.0,36.3,348,349,48.6,28.2,22.9,20.9,18.3,0.095,0.173,0.228,0.263,1,3600.0,601.0,500.0,101.0,793.3,601.0,833.9,524.1,436.0,88.1,793.3,524.1,727.2
39.191563,-9.160919,44.0,2006-07-06T18:00,21.1,60,13.0,18.0,0.0,0.0,0.0,0.0,0,1021.3,1016.1,0,0,0,0,0.29,1.0,27.3,36.2,348,350,48.2,26.6,23.0,20.9,18.3,0.094,0.173,0.228,0.263,1,3600.0,414.0,331.0,83.0,716.4,414.0,611.3,333.3,266.4,66.8,716.4,333.3,492.1
39.191563,-9.160919,44.0,2006-07-06T19:00,19.9,68,13.9,17.3,0.0,0.0,0.0,0.0,0,1021.2,1016.0,1,1,0,0,0.17,0.74,26.1,35.9,348,350,44.6,24.7,23.1,20.9,18.3,0.094,0.173,0.228,0.263,1,3600.0,220.0,158.0,62.0,566.6,220.0,368.9,146.3,105.0,41.2,566.6,146.3,245.3
39.191563,-9.160919,44.0,2006-07-06T20:00,18.7,77,14.6,16.5,0.0,0.0,0.0,0.0,0,1021.3,1016.1,3,3,0,0,0.08,0.49,25.3,37.5,349,351,42.8,22.7,23.0,20.9,18.3,0.094,0.173,0.228,0.263,1,2197.3,56.0,32.0,24.0,248.5,56.0,123.3,1.7,1.0,0.7,11.1,1.2,3.7
39.191563,-9.160919,44.0,2006-07-06T21:00,18.1,82,15.0,16.0,0.0,0.0,0.0,0.0,0,1021.6,1016.3,1,1,0,0,0.04,0.37,25.2,37.7,351,353,40.3,21.1,22.9,20.9,18.3,0.094,0.173,0.228,0.263,0,0.0,0.0,0.0,0.0,0.0,0.0,0.0,0.0,0.0,0.0,0.0,0.0,0.0
39.191563,-9.160919,44.0,2006-07-06T22:00,17.8,85,15.2,16.2,0.0,0.0,0.0,0.0,0,1021.9,1016.6,1,1,0,0,0.03,0.31,23.0,35.6,350,352,40.0,20.1,22.7,20.9,18.3,0.094,0.173,0.228,0.263,0,0.0,0.0,0.0,0.0,0.0,0.0,0.0,0.0,0.0,0.0,0.0,0.0,0.0
39.191563,-9.160919,44.0,2006-07-06T23:00,17.7,87,15.4,16.1,0.0,0.0,0.0,0.0,0,1021.5,1016.2,1,1,0,0,0.02,0.27,23.3,36.2,351,354,38.5,19.5,22.6,20.9,18.3,0.094,0.173,0.228,0.263,0,0.0,0.0,0.0,0.0,0.0,0.0,0.0,0.0,0.0,0.0,0.0,0.0,0.0
39.191563,-9.160919,44.0,2006-07-07T00:00,17.6,88,15.6,16.1,0.0,0.0,0.0,0.0,0,1021.4,1016.1,2,2,0,0,0.02,0.23,22.9,36.1,352,355,37.4,19.0,22.4,20.9,18.3,0.094,0.173,0.228,0.263,0,0.0,0.0,0.0,0.0,0.0,0.0,0.0,0.0,0.0,0.0,0.0,0.0,0.0
39.191563,-9.160919,44.0,2006-07-07T01:00,17.4,90,15.7,16.0,0.0,0.0,0.0,0.0,0,1020.9,1015.6,1,1,0,0,0.01,0.2,22.5,35.4,354,356,36.4,18.7,22.2,20.9,18.3,0.094,0.173,0.228,0.263,0,0.0,0.0,0.0,0.0,0.0,0.0,0.0,0.0,0.0,0.0,0.0,0.0,0.0
39.191563,-9.160919,44.0,2006-07-07T02:00,17.3,91,15.8,16.2,0.0,0.0,0.0,0.0,0,1020.4,1015.1,0,0,0,0,0.01,0.18,21.3,34.3,354,356,34.6,18.4,22.0,21.0,18.3,0.094,0.173,0.228,0.263,0,0.0,0.0,0.0,0.0,0.0,0.0,0.0,0.0,0.0,0.0,0.0,0.0,0.0
39.191563,-9.160919,44.0,2006-07-07T03:00,17.2,92,15.9,16.2,0.0,0.0,0.0,0.0,0,1020.2,1014.9,0,0,0,0,0.01,0.16,21.0,33.9,355,358,33.1,18.2,21.9,20.9,18.3,0.095,0.173,0.228,0.263,0,0.0,0.0,0.0,0.0,0.0,0.0,0.0,0.0,0.0,0.0,0.0,0.0,0.0
39.191563,-9.160919,44.0,2006-07-07T04:00,17.2,92,16.0,16.2,0.0,0.0,0.0,0.0,0,1020.1,1014.8,0,0,0,0,0.01,0.15,20.9,33.8,357,359,32.8,18.0,21.7,20.9,18.3,0.095,0.173,0.228,0.263,0,0.0,0.0,0.0,0.0,0.0,0.0,0.0,0.0,0.0,0.0,0.0,0.0,0.0
39.191563,-9.160919,44.0,2006-07-07T05:00,17.2,93,16.0,16.1,0.0,0.0,0.0,0.0,0,1020.1,1014.8,1,1,0,0,0.0,0.14,21.6,34.6,359,1,33.5,17.9,21.5,20.9,18.3,0.095,0.173,0.228,0.263,0,0.0,0.0,0.0,0.0,0.0,0.0,0.0,0.0,0.0,0.0,0.0,0.0,0.0
39.191563,-9.160919,44.0,2006-07-07T06:00,17.3,93,16.1,16.2,0.0,0.0,0.0,0.0,0,1020.2,1014.9,3,3,0,0,0.02,0.15,22.3,34.6,359,1,34.6,17.9,21.3,20.9,18.3,0.095,0.173,0.228,0.263,1,101.83,17.0,7.0,10.0,75.0,17.0,65.1,39.4,16.2,23.2,142.4,20.8,150.8
39.191563,-9.160919,44.0,2006-07-07T07:00,18.4,86,16.0,17.1,0.0,0.0,0.0,0.0,0,1020.2,1015.0,4,4,0,0,0.08,0.3,22.7,32.4,359,1,35.6,18.5,21.2,20.9,18.3,0.094,0.173,0.228,0.263,1,3600.0,143.0,93.0,50.0,449.2,143.0,273.9,207.6,135.0,72.6,449.2,207.6,397.6
39.191563,-9.160919,44.0,2006-07-07T08:00,20.1,77,15.9,18.8,0.0,0.0,0.0,0.0,0,1020.3,1015.1,1,1,0,0,0.19,0.54,22.7,29.9,360,1,36.7,20.7,21.2,20.9,18.3,0.094,0.173,0.228,0.263,1,3600.0,322.0,244.0,78.0,621.5,322.0,519.5,396.2,300.2,96.0,621.5,396.2,639.2
39.191563,-9.160919,44.0,2006-07-07T09:00,21.7,70,15.9,20.5,0.0,0.0,0.0,0.0,0,1020.4,1015.2,2,2,0,0,0.31,0.79,22.0,28.4,358,1,37.1,23.2,21.3,20.9,18.3,0.094,0.173,0.228,0.263,1,3600.0,514.0,411.0,103.0,723.6,514.0,751.5,587.5,469.8,117.7,723.6,587.5,859.1
39.191563,-9.160919,44.0,2006-07-07T10:00,23.3,63,15.9,23.1,0.0,0.0,0.0,0.0,0,1020.2,1015.0,0,0,0,0,0.43,1.05,20.2,25.9,356,359,37.1,25.9,21.5,20.9,18.3,0.093,0.173,0.228,0.263,1,3600.0,696.0,591.0,105.0,819.4,696.0,954.3,760.2,645.5,114.7,819.4,760.2,1042.3
39.191563,-9.160919,44.0,2006-07-07T11:00,24.4,59,15.9,24.6,0.0,0.0,0.0,0.0,0,1020.0,1014.9,0,0,0,0,0.53,1.24,21.5,27.6,350,353,38.9,28.3,21.7,20.9,18.3,0.093,0.173,0.228,0.263,1,3600.0,835.0,720.0,115.0,855.2,835.0,1113.9,881.9,760.4,121.5,855.2,881.9,1176.5
39.191563,-9.160919,44.0,2006-07-07T12:00,25.0,56,15.7,25.3,0.0,0.0,0.0,0.0,0,1020.0,1014.9,1,1,0,0,0.59,1.38,23.6,30.3,348,350,41.8,30.2,22.1,20.9,18.3,0.092,0.172,0.228,0.263,1,3600.0,930.0,811.0,119.0,879.9,930.0,1219.5,955.0,832.8,122.2,879.9,955.0,1252.3
39.191563,-9.160919,44.0,2006-07-07T13:00,25.3,54,15.4,25.3,0.0,0.0,0.0,0.0,0,1019.7,1014.6,0,0,0,0,0.62,1.47,24.7,32.1,347,350,43.9,31.3,22.4,20.9,18.3,0.091,0.172,0.228,0.263,1,3600.0,959.0,827.0,132.0,865.7,959.0,1263.9,959.6,827.5,132.1,865.7,959.6,1264.7
39.191563,-9.160919,44.0,2006-07-07T14:00,25.3,53,14.9,25.1,0.0,0.0,0.0,0.0,0,1019.2,1014.1,0,0,0,0,0.62,1.53,25.3,32.8,349,351,45.0,31.9,22.8,20.9,18.3,0.091,0.172,0.228,0.263,1,3600.0,952.0,833.0,119.0,885.9,952.0,1244.0,928.1,812.1,116.0,885.9,928.1,1212.8
39.191563,-9.160919,44.0,2006-07-07T15:00,25.1,52,14.6,24.4,0.0,0.0,0.0,0.0,0,1019.0,1013.9,0,0,0,0,0.58,1.53,25.8,33.9,348,351,46.1,31.9,23.2,20.9,18.3,0.09,0.172,0.228,0.263,1,3600.0,881.0,767.0,114.0,873.9,881.0,1161.3,834.6,726.6,108.0,873.9,834.6,1100.1
39.191563,-9.160919,44.0,2006-07-07T16:00,24.5,53,14.4,23.0,0.0,0.0,0.0,0.0,0,1018.7,1013.6,0,0,0,0,0.51,1.44,26.8,35.4,348,351,47.5,31.2,23.5,20.9,18.3,0.09,0.172,0.227,0.263,1,3600.0,759.0,651.0,108.0,843.4,759.0,1021.2,694.4,595.6,98.8,843.4,694.4,934.3
39.191563,-9.160919,44.0,2006-07-07T17:00,23.6,56,14.3,21.2,0.0,0.0,0.0,0.0,0,1018.6,1013.5,0,0,0,0,0.41,1.28,27.1,36.5,349,351,47.9,29.9,23.7,21.0,18.3,0.089,0.172,0.227,0.263,1,3600.0,596.0,499.0,97.0,792.2,596.0,833.4,519.7,435.1,84.6,792.2,519.7,726.7
39.191563,-9.160919,44.0,2006-07-07T18:00,22.4,60,14.2,19.7,0.0,0.0,0.0,0.0,0,1018.6,1013.4,0,0,0,0,0.3,1.09,27.8,37.9,350,351,48.6,28.2,23.8,21.0,18.3,0.089,0.172,0.227,0.263,1,3600.0,409.0,326.0,83.0,706.3,409.0,610.7,329.1,262.3,66.8,706.3,329.1,491.4
39.191563,-9.160919,44.0,2006-07-07T19:00,20.9,66,14.3,18.2,0.0,0.0,0.0,0.0,0,1018.5,1013.3,1,1,0,0,0.18,0.84,27.8,38.5,350,352,46.4,26.0,23.9,21.0,18.3,0.089,0.172,0.227,0.263,1,3600.0,217.0,156.0,61.0,560.6,217.0,368.2,144.1,103.6,40.5,560.6,144.1,244.4
39.191563,-9.160919,44.0,2006-07-07T20:00,19.4,73,14.4,17.0,0.0,0.0,0.0,0.0,0,1018.6,1013.4,3,3,0,0,0.09,0.62,26.6,41.3,351,354,45.0,23.7,23.8,21.0,18.3,0.089,0.172,0.227,0.263,1,2182.24,56.0,32.0,24.0,249.1,56.0,122.4,1.2,0.7,0.5,7.9,0.9,2.6
39.191563,-9.160919,44.0,2006-07-07T21:00,18.6,76,14.2,16.0,0.0,0.0,0.0,0.0,0,1019.1,1013.9,2,2,0,0,0.06,0.52,27.2,41.5,354,356,43.2,22.0,23.7,21.0,18.3,0.089,0.172,0.227,0.263,0,0.0,0.0,0.0,0.0,0.0,0.0,0.0,0.0,0.0,0.0,0.0,0.0,0.0
39.191563,-9.160919,44.0,2006-07-07T22:00,18.2,77,14.1,15.7,0.0,0.0,0.0,0.0,0,1019.4,1014.2,1,1,0,0,0.06,0.48,26.4,40.4,355,356,43.2,20.9,23.5,21.0,18.3,0.089,0.172,0.227,0.263,0,0.0,0.0,0.0,0.0,0.0,0.0,0.0,0.0,0.0,0.0,0.0,0.0,0.0
39.191563,-9.160919,44.0,2006-07-07T23:00,18.0,79,14.2,15.4,0.0,0.0,0.0,0.0,0,1019.3,1014.1,4,4,0,0,0.05,0.44,27.1,41.4,356,358,42.5,20.1,23.3,21.0,18.3,0.089,0.172,0.227,0.263,0,0.0,0.0,0.0,0.0,0.0,0.0,0.0,0.0,0.0,0.0,0.0,0.0,0.0
39.191563,-9.160919,44.0,2006-07-08T00:00,17.8,80,14.4,15.3,0.0,0.0,0.0,0.0,0,1019.0,1013.8,2,2,0,0,0.05,0.4,26.7,41.0,357,359,41.4,19.6,23.1,21.0,18.3,0.089,0.172,0.227,0.263,0,0.0,0.0,0.0,0.0,0.0,0.0,0.0,0.0,0.0,0.0,0.0,0.0,0.0
39.191563,-9.160919,44.0,2006-07-08T01:00,17.6,83,14.7,15.3,0.0,0.0,0.0,0.0,0,1018.6,1013.4,1,1,0,0,0.04,0.35,26.3,40.7,356,358,40.0,19.1,22.9,21.0,18.4,0.089,0.172,0.227,0.263,0,0.0,0.0,0.0,0.0,0.0,0.0,0.0,0.0,0.0,0.0,0.0,0.0,0.0
39.191563,-9.160919,44.0,2006-07-08T02:00,17.5,85,14.9,15.3,0.0,0.0,0.0,0.0,0,1018.3,1013.0,3,3,0,0,0.03,0.3,26.0,40.0,355,357,39.2,18.8,22.7,21.0,18.4,0.089,0.172,0.227,0.263,0,0.0,0.0,0.0,0.0,0.0,0.0,0.0,0.0,0.0,0.0,0.0,0.0,0.0
39.191563,-9.160919,44.0,2006-07-08T03:00,17.3,87,15.2,15.3,0.0,0.0,0.0,0.0,0,1017.9,1012.6,4,5,0,0,0.02,0.25,25.7,39.7,355,357,38.5,18.5,22.5,21.0,18.4,0.089,0.172,0.227,0.263,0,0.0,0.0,0.0,0.0,0.0,0.0,0.0,0.0,0.0,0.0,0.0,0.0,0.0
39.191563,-9.160919,44.0,2006-07-08T04:00,17.2,89,15.3,15.3,0.0,0.0,0.0,0.0,0,1017.7,1012.4,4,5,0,0,0.02,0.22,25.2,39.3,357,358,37.8,18.2,22.3,21.0,18.4,0.089,0.172,0.227,0.263,0,0.0,0.0,0.0,0.0,0.0,0.0,0.0,0.0,0.0,0.0,0.0,0.0,0.0
39.191563,-9.160919,44.0,2006-07-08T05:00,17.1,90,15.5,15.3,0.0,0.0,0.0,0.0,0,1017.4,1012.1,4,5,0,0,0.01,0.19,24.5,38.2,358,360,37.1,18.0,22.1,21.0,18.4,0.089,0.172,0.227,0.263,0,0.0,0.0,0.0,0.0,0.0,0.0,0.0,0.0,0.0,0.0,0.0,0.0,0.0
39.191563,-9.160919,44.0,2006-07-08T06:00,17.1,91,15.6,15.6,0.0,0.0,0.0,0.0,0,1017.3,1012.0,6,7,0,0,0.03,0.18,23.4,36.4,359,2,37.1,18.0,22.0,21.0,18.4,0.089,0.172,0.227,0.263,1,102.01,17.0,7.0,10.0,75.7,17.0,64.0,39.5,16.3,23.2,144.8,20.7,148.7
39.191563,-9.160919,44.0,2006-07-08T07:00,18.1,86,15.7,16.7,0.0,0.0,0.0,0.0,0,1017.6,1012.4,8,9,0,0,0.08,0.29,22.7,33.1,359,1,37.4,18.8,21.8,21.0,18.4,0.089,0.171,0.227,0.263,1,3600.0,142.0,88.0,54.0,428.4,142.0,271.8,206.7,128.1,78.6,428.4,206.7,395.6
39.191563,-9.160919,44.0,2006-07-08T08:00,19.8,78,15.8,18.5,0.0,0.0,0.0,0.0,0,1017.5,1012.3,4,4,0,0,0.19,0.51,22.3,29.9,358,360,38.2,20.9,21.8,21.0,18.4,0.089,0.171,0.227,0.263,1,3600.0,332.0,254.0,78.0,649.3,332.0,517.6,408.8,312.8,96.1,649.3,408.8,637.4
39.191563,-9.160919,44.0,2006-07-08T09:00,21.5,71,16.0,20.2,0.0,0.0,0.0,0.0,0,1017.8,1012.6,3,3,0,0,0.3,0.74,22.8,30.0,354,356,38.9,23.4,21.8,21.0,18.4,0.089,0.171,0.227,0.263,1,3600.0,522.0,428.0,94.0,755.2,522.0,749.9,596.9,489.4,107.5,755.2,596.9,857.5
39.191563,-9.160919,44.0,2006-07-08T10:00,22.6,67,16.1,21.8,0.0,0.0,0.0,0.0,0,1017.9,1012.7,10,11,0,0,0.41,0.91,24.6,31.1,353,355,41.4,25.9,22.0,21.0,18.4,0.089,0.171,0.227,0.263,1,3600.0,695.0,578.0,117.0,802.6,695.0,952.9,759.3,631.5,127.8,802.6,759.3,1041.1
39.191563,-9.160919,44.0,2006-07-08T11:00,23.5,63,16.0,23.1,0.0,0.0,0.0,0.0,0,1017.9,1012.8,10,11,0,0,0.5,1.07,25.5,31.9,352,353,43.2,28.0,22.2,21.0,18.4,0.089,0.171,0.227,0.262,1,3600.0,833.0,701.0,132.0,833.5,833.0,1112.8,879.9,740.5,139.4,833.5,879.9,1175.4
39.191563,-9.160919,44.0,2006-07-08T12:00,24.3,58,15.5,24.2,0.0,0.0,0.0,0.0,0,1017.8,1012.7,4,4,0,0,0.58,1.28,25.8,32.2,348,350,43.9,29.8,22.5,21.0,18.4,0.088,0.171,0.227,0.262,1,3600.0,933.0,804.0,129.0,873.0,933.0,1218.6,958.2,825.7,132.5,873.0,958.2,1251.5
39.191563,-9.160919,44.0,2006-07-08T13:00,24.7,55,15.1,24.5,0.0,0.0,0.0,0.0,0,1017.8,1012.7,3,3,0,1,0.61,1.4,26.0,32.8,346,347,43.9,31.1,22.8,21.0,18.4,0.088,0.171,0.227,0.262,1,3600.0,976.0,846.0,130.0,886.2,976.0,1263.2,976.7,846.6,130.1,886.2,976.7,1264.1
39.191563,-9.160919,44.0,2006-07-08T14:00,24.6,54,14.7,24.0,0.0,0.0,0.0,0.0,0,1017.5,1012.4,2,2,0,0,0.61,1.42,27.2,34.4,345,347,45.7,31.8,23.2,21.0,18.4,0.087,0.171,0.227,0.262,1,3600.0,962.0,837.0,125.0,890.6,962.0,1243.4,937.9,816.0,121.9,890.6,937.9,1212.3
39.191563,-9.160919,44.0,2006-07-08T15:00,24.3,55,14.5,23.1,0.0,0.0,0.0,0.0,0,1017.8,1012.7,2,2,0,0,0.56,1.38,28.2,36.1,346,348,46.8,31.7,23.5,21.0,18.4,0.087,0.171,0.227,0.262,1,3600.0,887.0,758.0,129.0,864.1,887.0,1160.7,840.3,718.1,122.2,864.1,840.3,1099.6
39.191563,-9.160919,44.0,2006-07-08T16:00,23.8,56,14.5,22.1,0.0,0.0,0.0,0.0,0,1017.8,1012.7,1,1,0,0,0.49,1.3,28.0,36.3,347,349,47.2,31.0,23.7,21.0,18.4,0.087,0.171,0.227,0.262,1,3600.0,767.0,657.0,110.0,851.7,767.0,1020.7,701.7,601.1,100.6,851.7,701.7,933.8
39.191563,-9.160919,44.0,2006-07-08T17:00,23.0,60,14.8,20.9,0.0,0.0,0.0,0.0,0,1017.5,1012.4,1,1,0,0,0.39,1.13,26.8,35.4,349,351,46.8,29.8,23.9,21.1,18.4,0.086,0.17,0.227,0.262,1,3600.0,604.0,506.0,98.0,803.9,604.0,832.9,526.6,441.1,85.4,803.9,526.6,726.1
39.191563,-9.160919,44.0,2006-07-08T18:00,22.1,64,15.0,19.9,0.0,0.0,0.0,0.0,0,1017.3,1012.1,0,0,0,0,0.28,0.95,26.3,35.2,351,352,45.4,28.2,24.1,21.1,18.4,0.086,0.17,0.226,0.262,1,3600.0,414.0,330.0,84.0,715.8,414.0,610.0,333.0,265.4,67.6,715.8,333.0,490.6
39.191563,-9.160919,44.0,2006-07-08T19:00,20.5,70,14.9,18.4,0.0,0.0,0.0,0.0,0,1017.4,1012.2,0,0,0,0,0.17,0.72,25.9,35.5,351,353,43.9,26.0,24.1,21.1,18.4,0.086,0.17,0.226,0.262,1,3600.0,219.0,157.0,62.0,565.6,219.0,367.3,145.2,104.1,41.1,565.6,145.2,243.4
39.191563,-9.160919,44.0,2006-07-08T20:00,19.1,79,15.5,17.3,0.0,0.0,0.0,0.0,0,1017.4,1012.2,2,2,0,0,0.07,0.46,25.4,37.6,353,355,42.8,23.7,24.0,21.1,18.4,0.086,0.17,0.226,0.262,1,2165.41,56.0,32.0,24.0,249.9,56.0,121.3,0.6,0.4,0.3,4.2,0.5,1.4
39.191563,-9.160919,44.0,2006-07-08T21:00,18.4,84,15.6,16.5,0.0,0.0,0.0,0.0,0,1018.0,1012.8,4,4,0,0,0.04,0.34,25.7,38.9,355,357,41.0,21.9,23.9,21.1,18.4,0.086,0.17,0.226,0.262,0,0.0,0.0,0.0,0.0,0.0,0.0,0.0,0.0,0.0,0.0,0.0,0.0,0.0
39.191563,-9.160919,44.0,2006-07-08T22:00,18.0,86,15.6,16.3,0.0,0.0,0.0,0.0,0,1018.8,1013.6,4,4,0,0,0.03,0.3,24.6,37.5,355,357,40.3,20.8,23.7,21.1,18.4,0.086,0.17,0.226,0.262,0,0.0,0.0,0.0,0.0,0.0,0.0,0.0,0.0,0.0,0.0,0.0,0.0,0.0
39.191563,-9.160919,44.0,2006-07-08T23:00,17.8,87,15.5,16.2,0.0,0.0,0.0,0.0,0,1018.8,1013.6,1,1,0,0,0.02,0.27,23.8,36.7,357,359,39.2,20.0,23.5,21.1,18.4,0.086,0.17,0.226,0.262,0,0.0,0.0,0.0,0.0,0.0,0.0,0.0,0.0,0.0,0.0,0.0,0.0,0.0
39.191563,-9.160919,44.0,2006-07-09T00:00,17.5,88,15.6,15.9,0.0,0.0,0.0,0.0,0,1018.6,1013.3,1,1,0,0,0.02,0.23,23.8,36.7,357,359,37.8,19.5,23.3,21.1,18.4,0.086,0.17,0.226,0.262,0,0.0,0.0,0.0,0.0,0.0,0.0,0.0,0.0,0.0,0.0,0.0,0.0,0.0
39.191563,-9.160919,44.0,2006-07-09T01:00,17.2,91,15.7,15.6,0.0,0.0,0.0,0.0,0,1018.6,1013.3,3,3,0,0,0.01,0.18,24.5,37.4,358,360,38.9,19.0,23.1,21.1,18.4,0.087,0.17,0.226,0.262,0,0.0,0.0,0.0,0.0,0.0,0.0,0.0,0.0,0.0,0.0,0.0,0.0,0.0
39.191563,-9.160919,44.0,2006-07-09T02:00,17.0,92,15.7,15.5,0.0,0.0,0.0,0.0,0,1018.1,1012.8,5,6,0,0,0.01,0.16,23.8,37.4,359,1,39.2,18.7,22.9,21.1,18.4,0.087,0.17,0.226,0.262,0,0.0,0.0,0.0,0.0,0.0,0.0,0.0,0.0,0.0,0.0,0.0,0.0,0.0
39.191563,-9.160919,44.0,2006-07-09T03:00,16.9,92,15.6,15.4,0.0,0.0,0.0,0.0,0,1018.0,1012.7,7,8,0,0,0.01,0.15,23.4,36.7,359,1,39.2,18.4,22.7,21.1,18.4,0.087,0.17,0.226,0.262,0,0.0,0.0,0.0,0.0,0.0,0.0,0.0,0.0,0.0,0.0,0.0,0.0,0.0
39.191563,-9.160919,44.0,2006-07-09T04:00,16.8,93,15.6,15.4,0.0,0.0,0.0,0.0,0,1017.9,1012.6,13,14,0,0,0.01,0.13,22.7,35.7,1,2,37.1,18.1,22.5,21.1,18.4,0.087,0.17,0.226,0.262,0,0.0,0.0,0.0,0.0,0.0,0.0,0.0,0.0,0.0,0.0,0.0,0.0,0.0
39.191563,-9.160919,44.0,2006-07-09T05:00,16.6,94,15.7,15.3,0.0,0.0,0.0,0.0,1,1017.9,1012.6,30,33,0,0,0.0,0.11,22.4,33.3,5,6,36.7,18.0,22.3,21.1,18.4,0.087,0.17,0.226,0.262,0,0.0,0.0,0.0,0.0,0.0,0.0,0.0,0.0,0.0,0.0,0.0,0.0,0.0
39.191563,-9.160919,44.0,2006-07-09T06:00,16.7,94,15.7,15.5,0.0,0.0,0.0,0.0,2,1018.1,1012.8,54,60,0,0,0.02,0.12,21.7,30.9,7,7,36.7,18.0,22.1,21.1,18.4,0.087,0.17,0.226,0.262,1,0.0,15.0,5.0,10.0,54.6,15.0,62.9,34.9,11.6,23.3,105.2,18.1,146.4
39.191563,-9.160919,44.0,2006-07-09T07:00,17.5,89,15.7,16.2,0.0,0.0,0.0,0.0,2,1018.4,1013.1,60,67,0,0,0.06,0.21,22.1,29.3,6,6,34.9,18.6,21.9,21.1,18.4,0.087,0.17,0.226,0.262,1,3600.0,121.0,59.0,62.0,289.5,121.0,269.6,176.6,86.1,90.5,289.5,176.6,393.5
39.191563,-9.160919,44.0,2006-07-09T08:00,19.1,80,15.7,17.7,0.0,0.0,0.0,0.0,1,1018.8,1013.6,46,51,0,0,0.17,0.43,22.8,28.6,5,5,37.4,20.7,21.9,21.1,18.4,0.087,0.17,0.226,0.262,1,3600.0,303.0,201.0,102.0,515.8,303.0,515.6,373.5,247.8,125.7,515.8,373.5,635.5
39.191563,-9.160919,44.0,2006-07-09T09:00,20.8,73,15.8,19.5,0.0,0.0,0.0,0.0,1,1019.2,1014.0,25,28,0,0,0.28,0.67,22.3,28.1,2,3,38.5,23.2,21.9,21.1,18.4,0.086,0.17,0.226,0.262,1,3600.0,498.0,375.0,123.0,663.2,498.0,748.2,569.7,429.0,140.7,663.2,569.7,856.0
39.191563,-9.160919,44.0,2006-07-09T10:00,22.4,66,15.8,21.8,0.0,0.0,0.0,0.0,0,1019.2,1014.0,9,10,0,0,0.4,0.91,21.6,26.7,360,2,38.9,25.8,22.0,21.1,18.4,0.086,0.17,0.226,0.262,1,3600.0,671.0,520.0,151.0,723.2,671.0,951.4,733.3,568.3,165.0,723.2,733.3,1039.8
39.191563,-9.160919,44.0,2006-07-09T11:00,23.9,60,15.7,24.1,0.0,0.0,0.0,0.0,0,1019.1,1014.0,2,2,0,0,0.52,1.18,21.3,26.6,356,358,39.2,28.3,22.3,21.1,18.4,0.086,0.17,0.226,0.262,1,3600.0,836.0,720.0,116.0,857.1,836.0,1111.6,883.2,760.7,122.6,857.1,883.2,1174.4
39.191563,-9.160919,44.0,2006-07-09T12:00,25.1,56,15.8,25.7,0.0,0.0,0.0,0.0,0,1019.0,1013.9,0,0,0,0,0.6,1.4,21.7,26.6,355,358,39.6,30.5,22.6,21.1,18.4,0.086,0.17,0.226,0.262,1,3600.0,930.0,812.0,118.0,882.4,930.0,1217.6,955.2,834.0,121.2,882.4,955.2,1250.6
39.191563,-9.160919,44.0,2006-07-09T13:00,25.8,54,15.9,26.6,0.0,0.0,0.0,0.0,0,1018.8,1013.7,0,0,0,0,0.64,1.51,22.1,27.7,354,358,41.0,32.1,23.0,21.1,18.4,0.085,0.17,0.226,0.262,1,3600.0,969.0,849.0,120.0,889.9,969.0,1262.4,969.8,849.7,120.1,889.9,969.8,1263.4
39.191563,-9.160919,44.0,2006-07-09T14:00,25.9,54,15.7,26.4,0.0,0.0,0.0,0.0,0,1018.6,1013.5,0,0,0,0,0.63,1.55,22.8,29.2,354,356,42.5,32.9,23.3,21.1,18.4,0.085,0.169,0.226,0.262,1,3600.0,951.0,831.0,120.0,884.8,951.0,1242.8,927.2,810.2,117.0,884.8,927.2,1211.7
39.191563,-9.160919,44.0,2006-07-09T15:00,25.7,52,15.2,25.4,0.0,0.0,0.0,0.0,0,1018.6,1013.5,0,0,0,0,0.59,1.58,24.3,31.1,353,355,43.6,32.9,23.7,21.1,18.4,0.085,0.169,0.226,0.262,1,3600.0,874.0,752.0,122.0,857.7,874.0,1160.2,828.0,712.4,115.6,857.7,828.0,1099.1
39.191563,-9.160919,44.0,2006-07-09T16:00,25.3,51,14.4,24.1,0.0,0.0,0.0,0.0,0,1018.6,1013.5,0,0,0,1,0.53,1.59,25.0,32.5,353,356,43.9,32.3,24.0,21.1,18.4,0.084,0.169,0.226,0.262,1,3600.0,755.0,648.0,107.0,840.5,755.0,1020.1,690.7,592.8,97.9,840.5,690.7,933.2
39.191563,-9.160919,44.0,2006-07-09T17:00,24.7,50,13.7,22.5,0.0,0.0,0.0,0.0,0,1018.3,1013.2,0,0,0,0,0.44,1.54,25.0,33.2,353,356,43.9,31.1,24.2,21.2,18.4,0.084,0.169,0.226,0.262,1,3600.0,594.0,497.0,97.0,790.2,594.0,832.2,517.7,433.2,84.5,790.2,517.7,725.4
39.191563,-9.160919,44.0,2006-07-09T18:00,23.7,52,13.3,21.0,0.0,0.0,0.0,0.0,0,1018.5,1013.4,0,0,0,1,0.33,1.41,25.4,33.9,353,356,42.8,29.5,24.4,21.2,18.4,0.084,0.169,0.226,0.262,1,3600.0,407.0,325.0,82.0,705.9,407.0,609.2,327.2,261.3,65.9,705.9,327.2,489.7
39.191563,-9.160919,44.0,2006-07-09T19:00,22.0,59,13.7,19.5,0.0,0.0,0.0,0.0,0,1018.3,1013.1,0,0,0,0,0.21,1.07,24.6,34.6,354,356,42.1,27.2,24.4,21.2,18.4,0.084,0.169,0.226,0.262,1,3600.0,216.0,155.0,61.0,559.9,216.0,366.3,142.9,102.5,40.4,559.9,142.9,242.3
39.191563,-9.160919,44.0,2006-07-09T20:00,20.5,67,14.1,18.4,0.0,0.0,0.0,0.0,0,1018.6,1013.4,0,0,0,0,0.11,0.81,23.8,36.7,357,359,40.0,24.9,24.4,21.2,18.4,0.084,0.169,0.226,0.262,1,2146.81,54.0,31.0,23.0,242.8,54.0,120.0,0.0,0.0,0.0,0.1,0.0,0.1
39.191563,-9.160919,44.0,2006-07-09T21:00,19.7,73,14.6,17.8,0.0,0.0,0.0,0.0,0,1018.8,1013.6,6,7,0,0,0.07,0.63,23.4,36.4,359,2,38.2,23.1,24.3,21.2,18.4,0.084,0.169,0.226,0.262,0,0.0,0.0,0.0,0.0,0.0,0.0,0.0,0.0,0.0,0.0,0.0,0.0,0.0
39.191563,-9.160919,44.0,2006-07-09T22:00,19.1,79,15.4,18.0,0.0,0.0,0.0,0.0,0,1019.4,1014.2,0,0,0,0,0.04,0.47,19.8,31.0,358,1,37.1,21.9,24.2,21.2,18.4,0.084,0.169,0.226,0.262,0,0.0,0.0,0.0,0.0,0.0,0.0,0.0,0.0,0.0,0.0,0.0,0.0,0.0
39.191563,-9.160919,44.0,2006-07-09T23:00,18.7,85,16.1,17.9,0.0,0.0,0.0,0.0,0,1019.3,1014.1,3,3,0,0,0.03,0.33,19.8,31.3,360,2,35.6,21.0,24.0,21.2,18.4,0.084,0.169,0.225,0.262,0,0.0,0.0,0.0,0.0,0.0,0.0,0.0,0.0,0.0,0.0,0.0,0.0,0.0
39.191563,-9.160919,44.0,2006-07-10T00:00,18.5,88,16.5,17.9,0.0,0.0,0.0,0.0,0,1019.6,1014.4,1,1,0,0,0.01,0.25,19.1,30.3,1,3,34.2,20.4,23.8,21.2,18.4,0.084,0.169,0.225,0.262,0,0.0,0.0,0.0,0.0,0.0,0.0,0.0,0.0,0.0,0.0,0.0,0.0,0.0
39.191563,-9.160919,44.0,2006-07-10T01:00,18.2,91,16.7,17.9,0.0,0.0,0.0,0.0,0,1019.0,1013.8,3,3,0,0,0.01,0.18,17.7,28.5,2,4,31.7,19.9,23.6,21.2,18.5,0.084,0.169,0.225,0.262,0,0.0,0.0,0.0,0.0,0.0,0.0,0.0,0.0,0.0,0.0,0.0,0.0,0.0
39.191563,-9.160919,44.0,2006-07-10T02:00,18.0,93,16.8,18.1,0.0,0.0,0.0,0.0,0,1018.7,1013.5,6,7,0,0,0.0,0.15,15.9,26.0,4,6,29.2,19.5,23.4,21.2,18.5,0.085,0.169,0.225,0.262,0,0.0,0.0,0.0,0.0,0.0,0.0,0.0,0.0,0.0,0.0,0.0,0.0,0.0
39.191563,-9.160919,44.0,2006-07-10T03:00,17.9,94,16.8,18.2,0.0,0.0,0.0,0.0,0,1018.8,1013.6,14,15,0,0,0.0,0.13,14.4,23.9,3,6,27.0,19.2,23.2,21.2,18.5,0.085,0.169,0.225,0.262,0,0.0,0.0,0.0,0.0,0.0,0.0,0.0,0.0,0.0,0.0,0.0,0.0,0.0
39.191563,-9.160919,44.0,2006-07-10T04:00,17.7,94,16.8,18.1,0.0,0.0,0.0,0.0,1,1018.8,1013.6,38,39,0,8,0.0,0.12,13.3,22.0,358,1,24.5,18.9,23.0,21.2,18.5,0.085,0.169,0.225,0.262,0,0.0,0.0,0.0,0.0,0.0,0.0,0.0,0.0,0.0,0.0,0.0,0.0,0.0
39.191563,-9.160919,44.0,2006-07-10T05:00,17.6,95,16.8,18.2,0.0,0.0,0.0,0.0,2,1019.0,1013.7,55,61,0,1,0.0,0.11,12.4,20.6,352,355,22.3,18.7,22.8,21.2,18.5,0.085,0.169,0.225,0.262,0,0.0,0.0,0.0,0.0,0.0,0.0,0.0,0.0,0.0,0.0,0.0,0.0,0.0
39.191563,-9.160919,44.0,2006-07-10T06:00,17.7,95,16.9,17.9,0.0,0.0,0.0,0.0,2,1019.1,1013.8,66,72,0,3,0.01,0.1,14.6,21.4,350,352,21.6,18.7,22.6,21.2,18.5,0.085,0.169,0.225,0.262,1,36.3,16.0,6.0,10.0,66.1,16.0,61.7,37.3,14.0,23.3,128.7,19.2,144.0
39.191563,-9.160919,44.0,2006-07-10T07:00,18.1,94,17.1,18.2,0.0,0.0,0.0,0.0,3,1019.2,1014.0,89,75,0,72,0.05,0.13,17.0,21.7,355,355,27.4,19.5,22.4,21.2,18.5,0.085,0.169,0.225,0.262,1,3600.0,106.0,41.0,65.0,202.9,106.0,267.3,155.2,60.0,95.2,202.9,155.2,391.4
39.191563,-9.160919,44.0,2006-07-10T08:00,19.5,87,17.2,19.5,0.0,0.0,0.0,0.0,2,1019.6,1014.4,71,48,0,94,0.14,0.3,17.3,21.6,355,356,29.5,21.3,22.4,21.2,18.5,0.085,0.169,0.225,0.262,1,3600.0,256.0,128.0,128.0,329.8,256.0,513.6,315.8,157.9,157.9,329.8,315.8,633.6
39.191563,-9.160919,44.0,2006-07-10T09:00,21.1,78,17.2,21.1,0.0,0.0,0.0,0.0,2,1020.0,1014.8,64,39,0,98,0.25,0.54,17.0,20.9,355,356,30.2,23.8,22.4,21.2,18.5,0.085,0.169,0.225,0.262,1,3600.0,422.0,231.0,191.0,409.5,422.0,746.4,483.0,264.4,218.6,409.5,483.0,854.3
39.191563,-9.160919,44.0,2006-07-10T10:00,22.7,70,17.0,22.9,0.0,0.0,0.0,0.0,2,1020.4,1015.2,58,32,0,98,0.35,0.81,15.9,19.4,357,360,31.0,26.2,22.6,21.2,18.5,0.085,0.169,0.225,0.262,1,3600.0,558.0,314.0,244.0,437.4,558.0,949.9,609.9,343.2,266.7,437.4,609.9,1038.4
39.191563,-9.160919,44.0,2006-07-10T11:00,24.5,62,16.7,25.3,0.0,0.0,0.0,0.0,2,1020.3,1015.2,52,29,0,86,0.47,1.17,16.6,20.2,356,360,31.7,28.9,22.8,21.3,18.5,0.084,0.169,0.225,0.262,1,3600.0,723.0,450.0,273.0,536.3,723.0,1110.3,764.0,475.5,288.5,536.3,764.0,1173.3
39.191563,-9.160919,44.0,2006-07-10T12:00,26.0,57,16.7,27.2,0.0,0.0,0.0,0.0,2,1020.3,1015.2,56,32,0,92,0.57,1.46,17.7,21.6,354,358,32.4,31.3,23.1,21.3,18.5,0.084,0.169,0.225,0.262,1,3600.0,845.0,584.0,261.0,635.2,845.0,1216.6,868.0,599.9,268.1,635.2,868.0,1249.7
39.191563,-9.160919,44.0,2006-07-10T13:00,26.6,54,16.7,27.8,0.0,0.0,0.0,0.0,2,1020.2,1015.1,56,29,0,99,0.6,1.59,18.9,23.1,352,356,34.2,32.9,23.5,21.3,18.5,0.084,0.168,0.225,0.262,1,3600.0,870.0,585.0,285.0,613.6,870.0,1261.6,870.7,585.5,285.2,613.6,870.7,1262.6
39.191563,-9.160919,44.0,2006-07-10T14:00,26.4,55,16.6,27.1,0.0,0.0,0.0,0.0,1,1019.9,1014.8,49,20,4,96,0.57,1.55,19.8,24.6,350,354,36.0,33.4,23.8,21.3,18.5,0.084,0.168,0.225,0.262,1,3600.0,825.0,481.0,344.0,512.4,825.0,1242.1,804.4,469.0,335.4,512.4,804.4,1211.0
39.191563,-9.160919,44.0,2006-07-10T15:00,25.9,55,16.2,26.1,0.0,0.0,0.0,0.0,1,1020.3,1015.2,45,6,20,92,0.55,1.5,21.0,26.2,348,351,38.2,33.4,24.2,21.3,18.5,0.083,0.168,0.225,0.262,1,3600.0,796.0,565.0,231.0,644.8,796.0,1159.5,754.1,535.2,218.8,644.8,754.1,1098.4
39.191563,-9.160919,44.0,2006-07-10T16:00,24.9,57,15.8,24.2,0.0,0.0,0.0,0.0,1,1020.1,1015.0,33,4,2,95,0.47,1.36,22.6,29.0,351,354,40.3,32.6,24.4,21.3,18.5,0.083,0.168,0.225,0.262,1,3600.0,679.0,462.0,217.0,599.7,679.0,1019.5,621.1,422.6,198.5,599.7,621.1,932.5
39.191563,-9.160919,44.0,2006-07-10T17:00,23.9,59,15.5,22.4,0.0,0.0,0.0,0.0,1,1019.9,1014.8,32,3,0,96,0.37,1.21,23.2,29.6,354,356,40.7,31.1,24.7,21.3,18.5,0.083,0.168,0.225,0.262,1,3600.0,521.0,325.0,196.0,517.2,521.0,831.5,454.0,283.2,170.8,517.2,454.0,724.6
39.191563,-9.160919,44.0,2006-07-10T18:00,22.8,64,15.6,21.5,0.0,0.0,0.0,0.0,1,1020.1,1014.9,38,0,14,98,0.25,1.0,22.1,29.2,354,357,40.7,29.2,24.8,21.3,18.5,0.083,0.168,0.225,0.262,1,3600.0,332.0,174.0,158.0,378.5,332.0,608.3,266.7,139.8,126.9,378.5,266.7,488.8
39.191563,-9.160919,44.0,2006-07-10T19:00,21.8,68,15.6,20.7,0.0,0.0,0.0,0.0,1,1020.4,1015.2,43,1,22,97,0.16,0.85,20.6,28.1,355,358,36.7,27.1,24.8,21.3,18.5,0.083,0.168,0.225,0.262,1,3600.0,181.0,96.0,85.0,347.8,181.0,365.2,119.5,63.4,56.1,347.8,119.5,241.1
39.191563,-9.160919,44.0,2006-07-10T20:00,20.5,74,15.8,19.5,0.0,0.0,0.0,0.0,1,1020.4,1015.2,49,3,28,97,0.08,0.62,20.2,29.9,359,1,34.6,24.9,24.8,21.3,18.5,0.083,0.168,0.225,0.262,1,1026.42,40.0,15.0,25.0,117.9,40.0,118.7,0.0,0.0,0.0,0.0,0.0,0.0
39.191563,-9.160919,44.0,2006-07-10T21:00,19.8,78,15.9,19.0,0.0,0.0,0.0,0.0,1,1020.7,1015.5,40,0,21,93,0.04,0.51,19.1,30.0,1,6,32.0,23.4,24.7,21.3,18.5,0.083,0.168,0.225,0.262,0,0.0,0.0,0.0,0.0,0.0,0.0,0.0,0.0,0.0,0.0,0.0,0.0,0.0
39.191563,-9.160919,44.0,2006-07-10T22:00,19.4,80,15.8,19.1,0.0,0.0,0.0,0.0,1,1021.0,1015.8,23,1,3,68,0.03,0.46,15.9,25.4,3,7,30.6,22.2,24.5,21.4,18.5,0.083,0.168,0.225,0.262,0,0.0,0.0,0.0,0.0,0.0,0.0,0.0,0.0,0.0,0.0,0.0,0.0,0.0
39.191563,-9.160919,44.0,2006-07-10T23:00,19.2,81,15.9,18.7,0.0,0.0,0.0,0.0,1,1020.7,1015.5,28,0,8,78,0.03,0.42,16.6,26.8,2,6,28.8,21.4,24.3,21.4,18.5,0.083,0.168,0.225,0.262,0,0.0,0.0,0.0,0.0,0.0,0.0,0.0,0.0,0.0,0.0,0.0,0.0,0.0
39.191563,-9.160919,44.0,2006-07-11T00:00,19.1,82,15.9,18.8,0.0,0.0,0.0,0.0,1,1021.0,1015.8,36,0,28,64,0.03,0.4,16.2,26.3,359,3,28.8,20.9,24.1,21.4,18.5,0.083,0.168,0.225,0.262,0,0.0,0.0,0.0,0.0,0.0,0.0,0.0,0.0,0.0,0.0,0.0,0.0,0.0
39.191563,-9.160919,44.0,2006-07-11T01:00,19.2,83,16.1,18.8,0.0,0.0,0.0,0.0,1,1020.3,1015.1,27,1,18,52,0.03,0.39,16.7,27.7,7,9,25.6,20.7,24.0,21.4,18.5,0.083,0.168,0.225,0.262,0,0.0,0.0,0.0,0.0,0.0,0.0,0.0,0.0,0.0,0.0,0.0,0.0,0.0
39.191563,-9.160919,44.0,2006-07-11T02:00,19.1,84,16.4,18.8,0.0,0.0,0.0,0.0,1,1019.9,1014.7,26,0,4,80,0.02,0.35,17.1,28.7,8,12,25.9,20.5,23.8,21.4,18.5,0.084,0.168,0.225,0.262,0,0.0,0.0,0.0,0.0,0.0,0.0,0.0,0.0,0.0,0.0,0.0,0.0,0.0
39.191563,-9.160919,44.0,2006-07-11T03:00,18.9,86,16.5,18.7,0.0,0.0,0.0,0.0,1,1019.7,1014.5,22,0,6,62,0.02,0.31,16.6,28.0,5,8,32.4,20.1,23.6,21.4,18.5,0.084,0.168,0.225,0.262,0,0.0,0.0,0.0,0.0,0.0,0.0,0.0,0.0,0.0,0.0,0.0,0.0,0.0
39.191563,-9.160919,44.0,2006-07-11T04:00,18.8,87,16.6,19.0,0.0,0.0,0.0,0.0,0,1020.0,1014.8,19,0,14,34,0.01,0.28,14.4,25.3,1,6,30.6,19.9,23.4,21.4,18.5,0.084,0.168,0.225,0.262,0,0.0,0.0,0.0,0.0,0.0,0.0,0.0,0.0,0.0,0.0,0.0,0.0,0.0
39.191563,-9.160919,44.0,2006-07-11T05:00,18.6,89,16.7,19.0,0.0,0.0,0.0,0.0,0,1019.9,1014.7,15,2,10,23,0.01,0.24,13.4,23.3,5,9,27.7,19.7,23.2,21.4,18.5,0.084,0.168,0.225,0.262,0,0.0,0.0,0.0,0.0,0.0,0.0,0.0,0.0,0.0,0.0,0.0,0.0,0.0
39.191563,-9.160919,44.0,2006-07-11T06:00,18.7,89,16.9,18.9,0.0,0.0,0.0,0.0,0,1019.6,1014.4,16,2,7,34,0.03,0.23,14.6,24.4,10,14,27.0,19.6,23.1,21.4,18.5,0.084,0.168,0.225,0.262,1,0.0,13.0,4.0,9.0,44.6,13.0,60.5,30.4,9.4,21.1,87.5,15.5,141.5
39.191563,-9.160919,44.0,2006-07-11T07:00,20.2,81,16.8,20.2,0.0,0.0,0.0,0.0,1,1019.5,1014.3,22,0,15,45,0.09,0.45,16.0,24.8,9,13,27.0,20.7,22.9,21.4,18.5,0.084,0.168,0.225,0.262,1,3600.0,121.0,65.0,56.0,324.6,121.0,265.0,177.7,95.4,82.2,324.6,177.7,389.1
39.191563,-9.160919,44.0,2006-07-11T08:00,22.3,72,16.9,22.2,0.0,0.0,0.0,0.0,0,1019.8,1014.6,19,0,7,48,0.2,0.77,17.7,24.1,6,9,30.6,22.9,22.9,21.4,18.5,0.084,0.168,0.225,0.262,1,3600.0,291.0,189.0,102.0,489.0,291.0,511.5,359.4,233.4,126.0,489.0,359.4,631.7
39.191563,-9.160919,44.0,2006-07-11T09:00,24.8,62,17.0,24.5,0.0,0.0,0.0,0.0,0,1020.3,1015.2,14,1,2,41,0.34,1.2,18.8,24.7,3,8,32.0,25.8,23.0,21.4,18.5,0.084,0.168,0.225,0.262,1,3600.0,484.0,365.0,119.0,648.7,484.0,744.6,554.2,418.0,136.3,648.7,554.2,852.7
39.191563,-9.160919,44.0,2006-07-11T10:00,26.5,56,17.1,27.0,0.0,0.0,0.0,0.0,1,1020.8,1015.7,30,3,4,83,0.47,1.51,17.9,22.0,345,349,31.0,28.8,23.2,21.4,18.5,0.084,0.168,0.224,0.262,1,3600.0,666.0,543.0,123.0,757.6,666.0,948.4,728.2,593.7,134.5,757.6,728.2,1037.0
39.191563,-9.160919,44.0,2006-07-11T11:00,27.7,53,17.3,28.4,0.0,0.0,0.0,0.0,1,1019.9,1014.8,26,1,1,82,0.58,1.73,21.3,26.6,356,358,34.9,31.5,23.5,21.4,18.5,0.083,0.167,0.224,0.262,1,3600.0,814.0,690.0,124.0,823.3,814.0,1109.1,860.3,729.2,131.0,823.3,860.3,1172.1
39.191563,-9.160919,44.0,2006-07-11T12:00,29.1,49,17.3,30.6,0.0,0.0,0.0,0.0,1,1019.3,1014.2,21,0,0,71,0.67,2.06,19.9,25.5,5,9,35.3,33.7,23.9,21.4,18.5,0.083,0.167,0.224,0.262,1,3600.0,911.0,793.0,118.0,863.3,911.0,1215.6,935.9,814.7,121.2,863.3,935.9,1248.8
39.191563,-9.160919,44.0,2006-07-11T13:00,30.4,45,17.2,32.5,0.0,0.0,0.0,0.0,1,1018.8,1013.8,32,0,10,85,0.7,2.38,16.4,20.5,9,15,34.9,35.3,24.3,21.4,18.5,0.083,0.167,0.224,0.262,1,3600.0,916.0,785.0,131.0,824.0,916.0,1260.7,916.8,785.7,131.1,824.0,916.8,1261.8
39.191563,-9.160919,44.0,2006-07-11T14:00,31.2,44,17.3,33.7,0.0,0.0,0.0,0.0,2,1018.8,1013.8,69,0,68,94,0.69,2.56,13.3,16.2,2,13,35.3,36.3,24.7,21.4,18.5,0.083,0.167,0.224,0.262,1,3600.0,885.0,739.0,146.0,787.8,885.0,1241.4,862.9,720.5,142.3,787.8,862.9,1210.3
39.191563,-9.160919,44.0,2006-07-11T15:00,30.3,48,18.2,31.6,0.0,0.0,0.0,0.0,2,1018.4,1013.4,56,0,47,94,0.6,2.23,18.9,22.8,347,355,36.7,36.1,25.1,21.5,18.5,0.082,0.167,0.224,0.262,1,3600.0,755.0,561.0,194.0,640.6,755.0,1158.9,715.2,531.4,183.8,640.6,715.2,1097.7
39.191563,-9.160919,44.0,2006-07-11T16:00,29.7,50,18.3,30.4,0.0,0.0,0.0,0.0,1,1017.8,1012.8,30,0,1,97,0.57,2.07,21.6,28.1,342,347,37.1,35.9,25.5,21.5,18.5,0.082,0.167,0.224,0.262,1,3600.0,723.0,602.0,121.0,782.0,723.0,1018.8,661.3,550.6,110.7,782.0,661.3,931.8
39.191563,-9.160919,44.0,2006-07-11T17:00,28.8,51,17.6,28.4,0.0,0.0,0.0,0.0,1,1017.8,1012.7,32,0,5,98,0.39,1.94,20.9,27.6,339,343,35.3,33.8,25.7,21.5,18.5,0.082,0.167,0.224,0.262,1,3600.0,402.0,205.0,197.0,326.6,402.0,830.7,350.2,178.6,171.6,326.6,350.2,723.7
39.191563,-9.160919,44.0,2006-07-11T18:00,27.4,55,17.6,27.1,0.0,0.0,0.0,0.0,1,1017.5,1012.4,30,0,1,99,0.28,1.63,20.2,27.3,341,344,35.6,31.9,25.9,21.5,18.5,0.082,0.167,0.224,0.262,1,3600.0,269.0,100.0,169.0,217.9,269.0,607.3,216.0,80.3,135.7,217.9,216.0,487.7
39.191563,-9.160919,44.0,2006-07-11T19:00,23.7,67,17.2,23.3,0.0,0.0,0.0,0.0,1,1017.6,1012.5,31,0,2,98,0.17,0.97,20.3,29.2,347,350,34.2,29.3,26.0,21.5,18.5,0.082,0.166,0.224,0.262,1,3600.0,164.0,64.0,100.0,232.7,164.0,364.0,108.0,42.2,65.9,232.7,108.0,239.8
39.191563,-9.160919,44.0,2006-07-11T20:00,22.4,71,16.8,21.9,0.0,0.0,0.0,0.0,1,1017.8,1012.6,34,1,6,98,0.09,0.8,19.8,31.6,348,353,34.2,26.9,25.9,21.5,18.5,0.082,0.166,0.224,0.262,1,1992.74,48.0,22.0,26.0,173.6,48.0,117.2,0.0,0.0,0.0,0.0,0.0,0.0
39.191563,-9.160919,44.0,2006-07-11T21:00,21.5,75,16.8,21.1,0.0,0.0,0.0,0.0,1,1018.2,1013.0,35,0,8,100,0.06,0.65,19.4,31.4,350,355,31.3,25.1,25.8,21.5,18.5,0.082,0.166,0.224,0.262,0,0.0,0.0,0.0,0.0,0.0,0.0,0.0,0.0,0.0,0.0,0.0,0.0,0.0
39.191563,-9.160919,44.0,2006-07-11T22:00,21.3,76,16.8,21.7,0.0,0.0,0.0,0.0,1,1018.3,1013.1,34,0,8,99,0.04,0.61,13.7,22.6,3,9,28.8,24.0,25.7,21.6,18.6,0.082,0.166,0.224,0.262,0,0.0,0.0,0.0,0.0,0.0,0.0,0.0,0.0,0.0,0.0,0.0,0.0,0.0
39.191563,-9.160919,44.0,2006-07-11T23:00,20.9,78,16.9,21.5,0.0,0.0,0.0,0.0,1,1018.2,1013.0,35,0,9,99,0.03,0.55,12.2,21.4,358,7,27.4,23.1,25.5,21.6,18.6,0.082,0.166,0.224,0.262,0,0.0,0.0,0.0,0.0,0.0,0.0,0.0,0.0,0.0,0.0,0.0,0.0,0.0
39.191563,-9.160919,44.0,2006-07-12T00:00,20.4,81,17.1,21.1,0.0,0.0,0.0,0.0,0,1017.9,1012.7,5,0,9,0,0.02,0.45,12.0,20.9,353,2,24.8,22.3,25.3,21.6,18.6,0.082,0.166,0.224,0.262,0,0.0,0.0,0.0,0.0,0.0,0.0,0.0,0.0,0.0,0.0,0.0,0.0,0.0
39.191563,-9.160919,44.0,2006-07-12T01:00,20.0,84,17.2,20.6,0.0,0.0,0.0,0.0,0,1017.0,1011.8,6,0,8,3,0.02,0.37,13.5,22.7,351,357,22.3,21.7,25.1,21.6,18.6,0.083,0.166,0.224,0.262,0,0.0,0.0,0.0,0.0,0.0,0.0,0.0,0.0,0.0,0.0,0.0,0.0,0.0
39.191563,-9.160919,44.0,2006-07-12T02:00,19.7,86,17.3,20.2,0.0,0.0,0.0,0.0,0,1016.6,1011.4,8,1,7,10,0.02,0.32,14.8,25.2,354,358,22.0,21.2,24.9,21.6,18.6,0.083,0.166,0.224,0.262,0,0.0,0.0,0.0,0.0,0.0,0.0,0.0,0.0,0.0,0.0,0.0,0.0,0.0
39.191563,-9.160919,44.0,2006-07-12T03:00,19.4,88,17.4,19.8,0.0,0.0,0.0,0.0,0,1016.2,1011.0,13,1,9,23,0.01,0.27,15.5,26.6,357,359,22.3,20.8,24.7,21.6,18.6,0.083,0.166,0.224,0.262,0,0.0,0.0,0.0,0.0,0.0,0.0,0.0,0.0,0.0,0.0,0.0,0.0,0.0
39.191563,-9.160919,44.0,2006-07-12T04:00,19.2,90,17.5,19.6,0.0,0.0,0.0,0.0,0,1015.8,1010.6,6,4,2,3,0.01,0.22,15.5,25.9,357,1,23.8,20.4,24.5,21.6,18.6,0.083,0.166,0.224,0.262,0,0.0,0.0,0.0,0.0,0.0,0.0,0.0,0.0,0.0,0.0,0.0,0.0,0.0
39.191563,-9.160919,44.0,2006-07-12T05:00,18.9,92,17.5,19.4,0.0,0.0,0.0,0.0,0,1015.8,1010.6,10,11,1,0,0.0,0.18,15.1,25.6,357,360,24.8,20.1,24.3,21.6,18.6,0.083,0.166,0.224,0.262,0,0.0,0.0,0.0,0.0,0.0,0.0,0.0,0.0,0.0,0.0,0.0,0.0,0.0
39.191563,-9.160919,44.0,2006-07-12T06:00,19.0,92,17.6,19.4,0.0,0.0,0.0,0.0,0,1016.0,1010.8,5,6,0,0,0.02,0.18,15.5,25.2,356,360,25.6,20.0,24.0,21.6,18.6,0.083,0.166,0.224,0.262,1,39.84,14.0,6.0,8.0,67.6,14.0,59.2,32.8,14.1,18.8,134.0,16.6,139.0
39.191563,-9.160919,44.0,2006-07-12T07:00,20.1,86,17.7,20.5,0.0,0.0,0.0,0.0,0,1016.0,1010.8,4,5,0,0,0.08,0.33,15.9,23.4,357,1,25.2,20.9,23.9,21.6,18.6,0.083,0.166,0.224,0.262,1,3600.0,132.0,82.0,50.0,413.3,132.0,262.6,194.5,120.8,73.7,413.3,194.5,386.8
39.191563,-9.160919,44.0,2006-07-12T08:00,22.0,77,17.9,22.4,0.0,0.0,0.0,0.0,0,1016.1,1010.9,4,5,0,0,0.19,0.6,16.6,22.0,360,3,27.4,23.4,23.8,21.7,18.6,0.083,0.166,0.224,0.262,1,3600.0,308.0,226.0,82.0,587.2,308.0,509.3,380.8,279.4,101.4,587.2,380.8,629.7
39.191563,-9.160919,44.0,2006-07-12T09:00,24.2,69,18.2,24.7,0.0,0.0,0.0,0.0,0,1016.1,1011.0,2,2,0,1,0.32,0.93,16.6,21.3,358,2,28.4,26.2,23.9,21.7,18.6,0.083,0.166,0.223,0.262,1,3600.0,497.0,397.0,100.0,707.4,497.0,742.7,569.4,454.8,114.6,707.4,569.4,850.9
39.191563,-9.160919,44.0,2006-07-12T10:00,26.2,62,18.4,27.5,0.0,0.0,0.0,0.0,0,1015.6,1010.5,0,0,0,0,0.46,1.29,16.6,21.3,358,3,28.8,29.4,24.1,21.7,18.6,0.083,0.166,0.223,0.262,1,3600.0,679.0,576.0,103.0,805.1,679.0,946.8,742.6,630.0,112.7,805.1,742.6,1035.5
39.191563,-9.160919,44.0,2006-07-12T11:00,27.9,57,18.5,29.8,0.0,0.0,0.0,0.0,0,1015.6,1010.5,1,0,1,0,0.58,1.62,17.2,21.6,350,356,30.2,32.2,24.3,21.7,18.6,0.083,0.166,0.223,0.262,1,3600.0,815.0,693.0,122.0,827.9,815.0,1107.7,861.5,732.5,129.0,827.9,861.5,1170.9
39.191563,-9.160919,44.0,2006-07-12T12:00,28.8,54,18.6,31.0,0.0,0.0,0.0,0.0,0,1015.6,1010.6,0,0,0,0,0.66,1.82,19.4,24.4,342,347,32.8,34.5,24.7,21.7,18.6,0.082,0.166,0.223,0.262,1,3600.0,915.0,803.0,112.0,875.0,915.0,1214.5,940.1,825.0,115.1,875.0,940.1,1247.8
39.191563,-9.160919,44.0,2006-07-12T13:00,29.1,53,18.6,31.1,0.0,0.0,0.0,0.0,0,1015.2,1010.2,0,0,0,0,0.69,1.88,21.1,26.2,340,344,35.3,35.9,25.1,21.7,18.6,0.082,0.166,0.223,0.262,1,3600.0,958.0,847.0,111.0,889.7,958.0,1259.8,958.9,847.8,111.1,889.7,958.9,1261.0
39.191563,-9.160919,44.0,2006-07-12T14:00,28.8,53,18.4,30.5,0.0,0.0,0.0,0.0,0,1014.8,1009.8,1,0,1,0,0.66,1.84,21.9,28.2,340,343,36.7,36.3,25.5,21.7,18.6,0.082,0.166,0.223,0.262,1,3600.0,916.0,771.0,145.0,822.5,916.0,1240.6,893.1,751.7,141.4,822.5,893.1,1209.6
39.191563,-9.160919,44.0,2006-07-12T15:00,28.7,52,17.9,29.8,0.0,0.0,0.0,0.0,0,1014.4,1009.4,0,0,0,1,0.63,1.89,22.4,29.1,341,345,37.4,36.3,25.8,21.7,18.6,0.082,0.165,0.223,0.262,1,3600.0,856.0,733.0,123.0,837.6,856.0,1158.1,810.8,694.3,116.5,837.6,810.8,1097.0
39.191563,-9.160919,44.0,2006-07-12T16:00,28.5,52,17.7,29.0,0.0,0.0,0.0,0.0,0,1014.4,1009.4,0,0,0,0,0.56,1.87,22.0,29.0,345,349,37.1,35.7,26.2,21.7,18.6,0.082,0.165,0.223,0.262,1,3600.0,742.0,636.0,106.0,826.8,742.0,1018.0,678.6,581.6,96.9,826.8,678.6,930.9
39.191563,-9.160919,44.0,2006-07-12T17:00,27.6,54,17.5,27.4,0.0,0.0,0.0,0.0,0,1014.2,1009.1,3,0,2,6,0.45,1.68,20.2,27.2,349,353,37.1,34.4,26.4,21.8,18.6,0.082,0.165,0.223,0.262,1,3600.0,578.0,477.0,101.0,760.8,578.0,829.8,503.4,415.5,88.0,760.8,503.4,722.7
39.191563,-9.160919,44.0,2006-07-12T18:00,26.3,58,17.4,26.2,0.0,0.0,0.0,0.0,0,1014.2,1009.1,6,0,6,8,0.32,1.42,18.6,25.7,350,354,37.1,32.5,26.6,21.8,18.6,0.082,0.165,0.223,0.262,1,3600.0,398.0,316.0,82.0,689.8,398.0,606.3,319.4,253.6,65.8,689.8,319.4,486.5
39.191563,-9.160919,44.0,2006-07-12T19:00,25.3,63,17.7,25.2,0.0,0.0,0.0,0.0,0,1014.2,1009.1,7,0,5,14,0.2,1.2,19.5,27.9,348,353,32.0,30.3,26.6,21.8,18.6,0.082,0.165,0.223,0.262,1,3600.0,204.0,143.0,61.0,521.8,204.0,362.7,134.1,94.0,40.1,521.8,134.1,238.4
39.191563,-9.160919,44.0,2006-07-12T20:00,23.6,69,17.6,23.5,0.0,0.0,0.0,0.0,0,1014.3,1009.2,10,0,6,20,0.1,0.89,18.9,29.9,351,357,31.7,27.8,26.6,21.8,18.6,0.082,0.165,0.223,0.262,1,2080.56,50.0,28.0,22.0,221.9,50.0,115.7,0.0,0.0,0.0,0.0,0.0,0.0
39.191563,-9.160919,44.0,2006-07-12T21:00,22.7,73,17.5,22.8,0.0,0.0,0.0,0.0,0,1014.9,1009.8,9,0,7,16,0.06,0.75,17.3,28.1,355,2,28.8,25.9,26.5,21.8,18.6,0.082,0.165,0.223,0.262,0,0.0,0.0,0.0,0.0,0.0,0.0,0.0,0.0,0.0,0.0,0.0,0.0,0.0
39.191563,-9.160919,44.0,2006-07-12T22:00,22.2,75,17.6,22.9,0.0,0.0,0.0,0.0,0,1015.3,1010.1,10,0,11,12,0.04,0.67,13.7,23.5,14,25,26.6,24.7,26.4,21.8,18.6,0.082,0.165,0.223,0.262,0,0.0,0.0,0.0,0.0,0.0,0.0,0.0,0.0,0.0,0.0,0.0,0.0,0.0
39.191563,-9.160919,44.0,2006-07-12T23:00,21.8,78,17.8,22.7,0.0,0.0,0.0,0.0,0,1015.0,1009.8,6,0,7,7,0.03,0.57,12.6,21.5,360,18,23.4,23.8,26.2,21.9,18.6,0.082,0.165,0.223,0.262,0,0.0,0.0,0.0,0.0,0.0,0.0,0.0,0.0,0.0,0.0,0.0,0.0,0.0
39.191563,-9.160919,44.0,2006-07-13T00:00,21.4,81,18.1,22.2,0.0,0.0,0.0,0.0,0,1015.1,1009.9,1,0,1,2,0.03,0.47,14.6,23.1,350,4,20.2,23.0,26.0,21.9,18.6,0.082,0.165,0.223,0.262,0,0.0,0.0,0.0,0.0,0.0,0.0,0.0,0.0,0.0,0.0,0.0,0.0,0.0
39.191563,-9.160919,44.0,2006-07-13T01:00,21.0,84,18.2,21.7,0.0,0.0,0.0,0.0,0,1014.4,1009.2,2,1,2,0,0.02,0.39,15.2,24.5,353,3,19.4,22.4,25.8,21.9,18.6,0.082,0.165,0.223,0.262,0,0.0,0.0,0.0,0.0,0.0,0.0,0.0,0.0,0.0,0.0,0.0,0.0,0.0
39.191563,-9.160919,44.0,2006-07-13T02:00,20.6,87,18.3,21.6,0.0,0.0,0.0,0.0,0,1014.4,1009.2,1,0,1,0,0.01,0.32,14.4,24.4,357,8,19.1,21.9,25.6,21.9,18.6,0.082,0.165,0.223,0.262,0,0.0,0.0,0.0,0.0,0.0,0.0,0.0,0.0,0.0,0.0,0.0,0.0,0.0
39.191563,-9.160919,44.0,2006-07-13T03:00,20.3,89,18.4,21.3,0.0,0.0,0.0,0.0,0,1013.8,1008.6,3,3,0,0,0.01,0.26,14.0,23.8,359,10,19.1,21.5,25.4,21.9,18.6,0.082,0.165,0.223,0.262,0,0.0,0.0,0.0,0.0,0.0,0.0,0.0,0.0,0.0,0.0,0.0,0.0,0.0
39.191563,-9.160919,44.0,2006-07-13T04:00,20.0,91,18.5,21.0,0.0,0.0,0.0,0.0,0,1013.9,1008.7,4,3,3,0,0.0,0.21,14.0,23.7,1,13,18.4,21.2,25.1,21.9,18.6,0.082,0.165,0.223,0.262,0,0.0,0.0,0.0,0.0,0.0,0.0,0.0,0.0,0.0,0.0,0.0,0.0,0.0
39.191563,-9.160919,44.0,2006-07-13T05:00,19.8,92,18.5,21.0,0.0,0.0,0.0,0.0,0,1014.0,1008.8,3,3,1,0,0.0,0.18,12.7,21.9,7,20,18.0,20.8,24.9,21.9,18.6,0.082,0.165,0.223,0.262,0,0.0,0.0,0.0,0.0,0.0,0.0,0.0,0.0,0.0,0.0,0.0,0.0,0.0
39.191563,-9.160919,44.0,2006-07-13T06:00,19.8,93,18.6,21.1,0.0,0.0,0.0,0.0,0,1014.1,1008.9,4,4,0,0,0.02,0.17,12.3,19.5,15,30,15.1,20.8,24.7,21.9,18.6,0.082,0.165,0.223,0.262,1,0.0,13.0,5.0,8.0,56.9,13.0,58.0,30.6,11.8,18.8,114.2,15.3,136.4
39.191563,-9.160919,44.0,2006-07-13T07:00,22.2,79,18.3,23.5,0.0,0.0,0.0,0.0,0,1014.3,1009.2,1,1,0,0,0.09,0.57,12.0,18.5,21,37,19.1,22.1,24.5,21.9,18.6,0.082,0.165,0.223,0.262,1,3600.0,132.0,85.0,47.0,432.5,132.0,260.1,195.1,125.7,69.5,432.5,195.1,384.5
39.191563,-9.160919,44.0,2006-07-13T08:00,25.4,62,17.7,26.4,0.0,0.0,0.0,0.0,0,1014.4,1009.3,1,1,0,0,0.23,1.22,11.6,16.8,22,35,19.8,25.1,24.5,21.9,18.6,0.082,0.165,0.222,0.262,1,3600.0,313.0,239.0,74.0,623.7,313.0,507.1,387.4,295.8,91.6,623.7,387.4,627.6
39.191563,-9.160919,44.0,2006-07-13T09:00,28.4,47,16.1,29.0,0.0,0.0,0.0,0.0,0,1014.5,1009.5,2,2,0,0,0.39,2.05,10.5,13.8,27,39,21.2,28.6,24.6,21.9,18.6,0.082,0.165,0.222,0.262,1,3600.0,499.0,402.0,97.0,718.2,499.0,740.8,572.0,460.8,111.2,718.2,572.0,849.2
39.191563,-9.160919,44.0,2006-07-13T10:00,30.7,38,14.6,31.8,0.0,0.0,0.0,0.0,0,1014.6,1009.6,0,0,0,0,0.52,2.76,7.8,10.2,34,51,21.2,32.2,24.9,22.0,18.6,0.082,0.165,0.222,0.262,1,3600.0,672.0,568.0,104.0,795.3,672.0,945.2,735.2,621.4,113.8,795.3,735.2,1034.1
39.191563,-9.160919,44.0,2006-07-13T11:00,32.0,34,14.4,34.3,0.0,0.0,0.0,0.0,0,1014.4,1009.4,0,0,0,0,0.62,3.11,5.2,5.9,12,43,19.4,35.8,25.3,22.0,18.6,0.082,0.165,0.222,0.262,1,3600.0,813.0,703.0,110.0,840.9,813.0,1106.4,859.5,743.2,116.3,840.9,859.5,1169.7
39.191563,-9.160919,44.0,2006-07-13T12:00,32.6,34,14.7,35.3,0.0,0.0,0.0,0.0,0,1014.6,1009.6,1,0,1,0,0.7,3.24,6.5,5.8,341,4,18.4,38.9,25.7,22.0,18.6,0.082,0.164,0.222,0.262,1,3600.0,906.0,792.0,114.0,863.9,906.0,1213.4,931.0,813.8,117.1,863.9,931.0,1246.8
39.191563,-9.160919,44.0,2006-07-13T13:00,32.8,35,15.5,35.7,0.0,0.0,0.0,0.0,0,1014.2,1009.2,1,0,2,0,0.74,3.21,8.6,8.4,327,340,23.0,40.6,26.3,22.0,18.6,0.081,0.164,0.222,0.262,1,3600.0,945.0,829.0,116.0,871.5,945.0,1258.9,946.0,829.8,116.1,871.5,946.0,1260.1
39.191563,-9.160919,44.0,2006-07-13T14:00,32.2,40,16.9,35.3,0.0,0.0,0.0,0.0,0,1013.8,1008.8,1,0,2,0,0.72,2.88,10.3,10.8,324,334,27.7,40.9,26.8,22.0,18.6,0.081,0.164,0.222,0.261,1,3600.0,924.0,789.0,135.0,842.3,924.0,1239.8,900.9,769.3,131.6,842.3,900.9,1208.8
39.191563,-9.160919,44.0,2006-07-13T15:00,31.3,45,18.0,34.1,0.0,0.0,0.0,0.0,0,1013.6,1008.6,4,3,2,0,0.65,2.49,11.8,13.4,320,329,29.9,40.2,27.2,22.0,18.7,0.081,0.164,0.222,0.261,1,3600.0,842.0,704.0,138.0,805.1,842.0,1157.3,797.5,666.8,130.7,805.1,797.5,1096.2
39.191563,-9.160919,44.0,2006-07-13T16:00,30.0,50,18.4,31.9,0.0,0.0,0.0,0.0,0,1013.1,1008.1,5,5,1,0,0.56,2.13,14.8,17.9,315,322,30.6,38.8,27.6,22.1,18.7,0.081,0.164,0.221,0.261,1,3600.0,721.0,593.0,128.0,771.6,721.0,1017.2,659.3,542.2,117.0,771.6,659.3,930.1
39.191563,-9.160919,44.0,2006-07-13T17:00,29.2,51,18.0,29.7,0.0,0.0,0.0,0.0,0,1012.5,1007.5,2,0,2,4,0.45,1.98,16.6,21.7,318,324,29.9,37.1,27.9,22.1,18.7,0.081,0.164,0.221,0.261,1,3600.0,559.0,445.0,114.0,710.6,559.0,828.8,486.7,387.5,99.3,710.6,486.7,721.7
39.191563,-9.160919,44.0,2006-07-13T18:00,28.1,52,17.2,28.5,0.0,0.0,0.0,0.0,0,1012.9,1007.9,9,0,1,27,0.32,1.84,15.2,21.1,329,335,27.7,34.9,28.0,22.1,18.7,0.081,0.164,0.221,0.261,1,3600.0,360.0,253.0,107.0,553.4,360.0,605.1,288.7,202.9,85.8,553.4,288.7,485.2
39.191563,-9.160919,44.0,2006-07-13T19:00,26.8,58,17.9,27.8,0.0,0.0,0.0,0.0,0,1013.4,1008.3,14,0,2,41,0.18,1.47,12.6,18.4,347,354,26.6,32.4,28.1,22.1,18.7,0.081,0.164,0.221,0.261,1,3600.0,179.0,98.0,81.0,359.0,179.0,361.3,117.3,64.2,53.1,359.0,117.3,236.8
39.191563,-9.160919,44.0,2006-07-13T20:00,25.8,61,17.8,27.1,0.0,0.0,0.0,0.0,0,1013.7,1008.6,13,0,1,42,0.08,1.28,9.7,16.2,345,1,21.6,30.0,28.1,22.1,18.7,0.081,0.164,0.221,0.261,1,1972.68,45.0,22.0,23.0,175.2,45.0,114.0,0.0,0.0,0.0,0.0,0.0,0.0
39.191563,-9.160919,44.0,2006-07-13T21:00,24.8,64,17.7,26.3,0.0,0.0,0.0,0.0,0,1014.0,1008.9,16,0,2,48,0.04,1.11,8.6,15.8,338,360,15.5,28.0,28.0,22.2,18.7,0.081,0.164,0.221,0.261,0,0.0,0.0,0.0,0.0,0.0,0.0,0.0,0.0,0.0,0.0,0.0,0.0,0.0
39.191563,-9.160919,44.0,2006-07-13T22:00,24.0,68,17.7,25.1,0.0,0.0,0.0,0.0,0,1014.6,1009.5,14,0,0,45,0.05,0.96,11.6,20.1,355,10,13.0,26.7,27.8,22.2,18.7,0.081,0.164,0.221,0.261,0,0.0,0.0,0.0,0.0,0.0,0.0,0.0,0.0,0.0,0.0,0.0,0.0,0.0
39.191563,-9.160919,44.0,2006-07-13T23:00,23.3,71,17.8,24.5,0.0,0.0,0.0,0.0,0,1014.2,1009.1,14,0,1,43,0.04,0.81,10.8,20.1,356,9,12.2,25.6,27.7,22.2,18.7,0.081,0.164,0.221,0.261,0,0.0,0.0,0.0,0.0,0.0,0.0,0.0,0.0,0.0,0.0,0.0,0.0,0.0
