latitude,longitude,altitude,hourly.time,hourly.temperature_2m,hourly.relative_humidity_2m,hourly.dew_point_2m,hourly.apparent_temperature,hourly.precipitation,hourly.rain,hourly.snowfall,hourly.snow_depth,hourly.weather_code,hourly.pressure_msl,hourly.surface_pressure,hourly.cloud_cover,hourly.cloud_cover_low,hourly.cloud_cover_mid,hourly.cloud_cover_high,hourly.et0_fao_evapotranspiration,hourly.vapour_pressure_deficit,hourly.wind_speed_10m,hourly.wind_speed_100m,hourly.wind_direction_10m,hourly.wind_direction_100m,hourly.wind_gusts_10m,hourly.soil_temperature_0_to_7cm,hourly.soil_temperature_7_to_28cm,hourly.soil_temperature_28_to_100cm,hourly.soil_temperature_100_to_255cm,hourly.soil_moisture_0_to_7cm,hourly.soil_moisture_7_to_28cm,hourly.soil_moisture_28_to_100cm,hourly.soil_moisture_100_to_255cm,hourly.is_day,hourly.sunshine_duration,hourly.shortwave_radiation,hourly.direct_radiation,hourly.diffuse_radiation,hourly.direct_normal_irradiance,hourly.global_tilted_irradiance,hourly.terrestrial_radiation,hourly.shortwave_radiation_instant,hourly.direct_radiation_instant,hourly.diffuse_radiation_instant,hourly.direct_normal_irradiance_instant,hourly.global_tilted_irradiance_instant,hourly.terrestrial_radiation_instant
38.69947,-8.46048,81.0,2001-05-26T00:00,16.8,72,11.7,15.7,0.0,0.0,0.0,0.0,0,1019.1,1009.4,0,0,0,1,0.03,0.54,11.3,23.1,353,356,22.7,18.3,21.3,17.5,15.1,0.108,0.17,0.162,0.25,0,0.0,0.0,0.0,0.0,0.0,0.0,0.0,0.0,0.0,0.0,0.0,0.0,0.0
38.69947,-8.46048,81.0,2001-05-26T01:00,16.1,75,11.7,15.0,0.0,0.0,0.0,0.0,0,1018.9,1009.2,0,0,0,0,0.02,0.46,11.2,23.1,354,358,20.5,17.6,21.0,17.5,15.1,0.108,0.17,0.162,0.25,0,0.0,0.0,0.0,0.0,0.0,0.0,0.0,0.0,0.0,0.0,0.0,0.0,0.0
38.69947,-8.46048,81.0,2001-05-26T02:00,15.5,79,11.9,14.5,0.0,0.0,0.0,0.0,0,1018.4,1008.7,1,1,0,0,0.02,0.37,11.2,22.7,360,2,18.4,17.0,20.7,17.5,15.1,0.108,0.17,0.162,0.25,0,0.0,0.0,0.0,0.0,0.0,0.0,0.0,0.0,0.0,0.0,0.0,0.0,0.0
38.69947,-8.46048,81.0,2001-05-26T03:00,15.1,82,12.1,14.1,0.0,0.0,0.0,0.0,0,1018.1,1008.4,9,10,0,0,0.01,0.31,11.2,22.8,2,5,17.6,16.6,20.4,17.5,15.2,0.108,0.17,0.162,0.25,0,0.0,0.0,0.0,0.0,0.0,0.0,0.0,0.0,0.0,0.0,0.0,0.0,0.0
38.69947,-8.46048,81.0,2001-05-26T04:00,14.8,85,12.3,13.8,0.0,0.0,0.0,0.0,0,1018.0,1008.3,19,21,0,0,0.01,0.25,11.5,23.1,2,4,17.6,16.2,20.1,17.5,15.2,0.108,0.17,0.162,0.25,0,0.0,0.0,0.0,0.0,0.0,0.0,0.0,0.0,0.0,0.0,0.0,0.0,0.0
38.69947,-8.46048,81.0,2001-05-26T05:00,14.5,88,12.5,13.6,0.0,0.0,0.0,0.0,1,1018.4,1008.7,23,26,0,0,0.0,0.2,11.9,23.1,360,2,18.4,16.0,19.8,17.6,15.2,0.108,0.17,0.162,0.25,0,0.0,0.0,0.0,0.0,0.0,0.0,0.0,0.0,0.0,0.0,0.0,0.0,0.0
38.69947,-8.46048,81.0,2001-05-26T06:00,14.7,89,12.9,13.8,0.0,0.0,0.0,0.0,1,1018.5,1008.8,40,44,0,0,0.02,0.19,12.6,22.7,2,2,19.1,16.0,19.6,17.6,15.2,0.108,0.17,0.162,0.25,1,351.01,22.0,10.0,12.0,99.9,22.0,74.7,50.2,22.8,27.4,178.5,28.1,170.3
38.69947,-8.46048,81.0,2001-05-26T07:00,16.7,85,14.1,16.1,0.0,0.0,0.0,0.0,0,1018.7,1009.0,20,22,0,0,0.07,0.29,13.0,19.6,6,6,25.6,17.6,19.4,17.6,15.2,0.108,0.17,0.161,0.25,1,3600.0,139.0,79.0,60.0,354.6,139.0,297.0,198.3,112.7,85.6,354.6,198.3,423.7
38.69947,-8.46048,81.0,2001-05-26T08:00,19.0,76,14.7,18.8,0.0,0.0,0.0,0.0,0,1018.6,1009.0,0,0,0,0,0.19,0.52,11.9,16.8,14,15,27.4,19.6,19.4,17.6,15.2,0.108,0.169,0.161,0.25,1,3600.0,330.0,241.0,89.0,586.7,330.0,547.6,402.9,294.3,108.7,586.7,402.9,668.7
38.69947,-8.46048,81.0,2001-05-26T09:00,22.0,67,15.5,22.3,0.0,0.0,0.0,0.0,0,1018.0,1008.5,1,0,0,2,0.34,0.88,10.2,13.5,23,25,26.6,22.2,19.5,17.6,15.2,0.108,0.169,0.161,0.25,1,3600.0,550.0,454.0,96.0,774.5,550.0,781.4,625.4,516.3,109.2,774.5,625.4,888.5
38.69947,-8.46048,81.0,2001-05-26T10:00,25.1,58,16.2,26.8,0.0,0.0,0.0,0.0,0,1017.5,1008.1,0,0,0,0,0.48,1.34,10.0,13.0,26,28,24.8,25.1,19.8,17.6,15.2,0.106,0.169,0.161,0.25,1,3600.0,728.0,626.0,102.0,849.5,728.0,982.4,791.7,680.8,110.9,849.5,791.7,1068.4
38.69947,-8.46048,81.0,2001-05-26T11:00,27.8,51,16.6,30.8,0.0,0.0,0.0,0.0,0,1017.2,1007.9,0,0,0,0,0.61,1.85,8.3,10.5,18,22,23.4,27.7,20.2,17.6,15.2,0.105,0.168,0.161,0.25,1,3600.0,866.0,757.0,109.0,887.6,866.0,1136.9,910.9,796.3,114.7,887.6,910.9,1195.9
38.69947,-8.46048,81.0,2001-05-26T12:00,30.0,44,16.5,33.5,0.0,0.0,0.0,0.0,0,1017.0,1007.8,0,0,0,0,0.7,2.36,7.6,9.5,5,9,22.3,30.0,20.7,17.6,15.2,0.103,0.168,0.161,0.25,1,3600.0,950.0,838.0,112.0,904.9,950.0,1234.5,971.5,856.9,114.5,904.9,971.5,1262.4
38.69947,-8.46048,81.0,2001-05-26T13:00,31.5,39,15.8,34.9,0.0,0.0,0.0,0.0,0,1016.5,1007.3,4,0,0,12,0.75,2.82,8.0,9.7,352,356,23.0,31.6,21.2,17.6,15.2,0.1,0.167,0.161,0.25,1,3600.0,979.0,865.0,114.0,909.0,979.0,1268.4,975.1,861.6,113.5,909.0,975.1,1263.4
38.69947,-8.46048,81.0,2001-05-26T14:00,32.3,36,15.3,35.0,0.0,0.0,0.0,0.0,0,1016.0,1006.8,5,0,0,18,0.74,3.09,9.0,10.7,344,348,24.5,32.5,21.8,17.6,15.2,0.098,0.166,0.161,0.25,1,3600.0,945.0,830.0,115.0,894.7,945.0,1236.5,916.2,804.7,111.5,894.7,916.2,1198.9
38.69947,-8.46048,81.0,2001-05-26T15:00,32.7,35,15.1,34.7,0.0,0.0,0.0,0.0,0,1015.6,1006.5,2,0,0,7,0.69,3.22,10.2,12.2,342,346,25.6,32.8,22.3,17.7,15.2,0.096,0.166,0.161,0.25,1,3600.0,860.0,749.0,111.0,875.1,860.0,1140.9,809.0,704.6,104.4,875.1,809.0,1073.2
38.69947,-8.46048,81.0,2001-05-26T16:00,32.7,35,15.1,33.7,0.0,0.0,0.0,0.0,0,1015.3,1006.2,0,0,0,1,0.6,3.23,11.6,14.3,338,342,26.3,32.5,22.8,17.7,15.2,0.095,0.165,0.16,0.25,1,3600.0,724.0,619.0,105.0,835.0,724.0,988.1,655.8,560.7,95.1,835.0,655.8,895.0
38.69947,-8.46048,81.0,2001-05-26T17:00,32.4,36,15.5,32.1,0.0,0.0,0.0,0.0,0,1015.3,1006.2,0,0,0,0,0.5,3.1,14.2,18.9,333,336,27.7,31.6,23.2,17.7,15.2,0.093,0.165,0.16,0.25,1,3600.0,550.0,455.0,95.0,769.2,550.0,788.5,471.8,390.3,81.5,769.2,471.8,676.3
38.69947,-8.46048,81.0,2001-05-26T18:00,31.3,41,16.5,31.1,0.0,0.0,0.0,0.0,0,1015.2,1006.0,0,0,0,0,0.37,2.7,17.1,24.5,330,332,29.5,30.2,23.4,17.7,15.2,0.092,0.165,0.16,0.25,1,3600.0,356.0,277.0,79.0,664.3,356.0,555.8,276.8,215.4,61.4,664.3,276.8,432.2
38.69947,-8.46048,81.0,2001-05-26T19:00,28.4,53,17.9,28.7,0.0,0.0,0.0,0.0,0,1015.6,1006.3,0,0,0,0,0.21,1.83,17.4,27.7,333,335,33.8,28.1,23.6,17.8,15.2,0.092,0.164,0.16,0.25,1,3600.0,166.0,112.0,54.0,488.2,166.0,305.8,97.3,65.6,31.6,488.2,97.3,179.2
38.69947,-8.46048,81.0,2001-05-26T20:00,25.8,62,17.9,26.3,0.0,0.0,0.0,0.0,0,1016.1,1006.7,0,0,0,0,0.11,1.26,15.9,27.3,342,344,32.8,25.9,23.6,17.8,15.2,0.092,0.164,0.16,0.25,0,553.23,25.0,12.0,13.0,115.9,25.0,79.1,0.0,0.0,0.0,0.0,0.0,0.0
38.69947,-8.46048,81.0,2001-05-26T21:00,23.7,69,17.7,24.3,0.0,0.0,0.0,0.0,0,1016.7,1007.3,0,0,0,0,0.06,0.91,14.6,26.5,350,353,28.4,24.2,23.5,17.8,15.2,0.092,0.164,0.16,0.249,0,0.0,0.0,0.0,0.0,0.0,0.0,0.0,0.0,0.0,0.0,0.0,0.0,0.0
38.69947,-8.46048,81.0,2001-05-26T22:00,22.3,74,17.4,23.0,0.0,0.0,0.0,0.0,0,1017.5,1008.0,0,0,0,0,0.04,0.7,13.1,24.9,352,356,26.3,22.9,23.4,17.9,15.2,0.092,0.164,0.16,0.249,0,0.0,0.0,0.0,0.0,0.0,0.0,0.0,0.0,0.0,0.0,0.0,0.0,0.0
38.69947,-8.46048,81.0,2001-05-26T23:00,21.2,78,17.3,22.1,0.0,0.0,0.0,0.0,0,1017.4,1007.9,0,0,0,0,0.03,0.54,11.9,23.4,358,3,23.8,22.0,23.2,17.9,15.2,0.092,0.164,0.16,0.249,0,0.0,0.0,0.0,0.0,0.0,0.0,0.0,0.0,0.0,0.0,0.0,0.0,0.0
38.69947,-8.46048,81.0,2001-05-27T00:00,20.5,82,17.3,21.6,0.0,0.0,0.0,0.0,0,1017.6,1008.1,0,0,0,0,0.01,0.44,10.5,21.8,4,9,20.9,21.3,23.0,17.9,15.2,0.092,0.164,0.16,0.249,0,0.0,0.0,0.0,0.0,0.0,0.0,0.0,0.0,0.0,0.0,0.0,0.0,0.0
38.69947,-8.46048,81.0,2001-05-27T01:00,19.9,85,17.4,21.1,0.0,0.0,0.0,0.0,0,1017.2,1007.6,0,0,0,0,0.01,0.34,10.2,21.3,8,11,18.7,20.7,22.8,17.9,15.2,0.092,0.164,0.16,0.249,0,0.0,0.0,0.0,0.0,0.0,0.0,0.0,0.0,0.0,0.0,0.0,0.0,0.0
38.69947,-8.46048,81.0,2001-05-27T02:00,19.4,88,17.4,20.6,0.0,0.0,0.0,0.0,0,1016.8,1007.2,0,0,0,0,0.0,0.26,9.9,20.7,10,13,17.6,20.1,22.5,18.0,15.2,0.092,0.164,0.16,0.249,0,0.0,0.0,0.0,0.0,0.0,0.0,0.0,0.0,0.0,0.0,0.0,0.0,0.0
38.69947,-8.46048,81.0,2001-05-27T03:00,19.0,90,17.4,20.3,0.0,0.0,0.0,0.0,0,1017.1,1007.5,0,0,0,0,0.0,0.21,9.4,20.5,18,22,16.9,19.7,22.3,18.0,15.2,0.092,0.164,0.16,0.249,0,0.0,0.0,0.0,0.0,0.0,0.0,0.0,0.0,0.0,0.0,0.0,0.0,0.0
38.69947,-8.46048,81.0,2001-05-27T04:00,18.8,92,17.4,20.2,0.0,0.0,0.0,0.0,0,1017.1,1007.5,0,0,0,0,0.0,0.18,8.7,19.8,24,29,15.8,19.3,22.1,18.0,15.2,0.093,0.164,0.16,0.249,0,0.0,0.0,0.0,0.0,0.0,0.0,0.0,0.0,0.0,0.0,0.0,0.0,0.0
38.69947,-8.46048,81.0,2001-05-27T05:00,18.6,92,17.2,19.9,0.0,0.0,0.0,0.0,0,1017.4,1007.8,0,0,0,0,0.0,0.18,8.5,19.4,28,35,14.4,19.1,21.8,18.0,15.2,0.093,0.164,0.16,0.249,0,0.0,0.0,0.0,0.0,0.0,0.0,0.0,0.0,0.0,0.0,0.0,0.0,0.0
38.69947,-8.46048,81.0,2001-05-27T06:00,18.8,90,17.1,20.0,0.0,0.0,0.0,0.0,0,1017.8,1008.2,0,0,0,0,0.02,0.23,9.4,19.1,32,41,14.4,19.0,21.6,18.0,15.2,0.093,0.164,0.16,0.249,1,354.42,23.0,10.0,13.0,99.1,23.0,75.7,52.4,22.8,29.6,176.2,29.5,172.3
38.69947,-8.46048,81.0,2001-05-27T07:00,21.3,80,17.6,22.8,0.0,0.0,0.0,0.0,0,1018.2,1008.7,0,0,0,0,0.1,0.51,8.1,16.2,45,53,18.4,20.4,21.5,18.0,15.2,0.093,0.164,0.16,0.249,1,3600.0,160.0,107.0,53.0,477.3,160.0,298.8,227.7,152.3,75.4,477.3,227.7,425.2
38.69947,-8.46048,81.0,2001-05-27T08:00,24.8,64,17.6,26.6,0.0,0.0,0.0,0.0,0,1018.2,1008.8,0,0,0,0,0.23,1.12,6.5,9.7,71,75,17.6,23.6,21.5,18.0,15.2,0.093,0.163,0.16,0.249,1,3600.0,350.0,271.0,79.0,657.8,350.0,549.0,427.1,330.7,96.4,657.8,427.1,669.9
38.69947,-8.46048,81.0,2001-05-27T09:00,27.8,52,17.2,29.5,0.0,0.0,0.0,0.0,0,1018.9,1009.6,0,0,0,0,0.39,1.78,5.8,7.9,112,114,17.6,26.4,21.7,18.1,15.2,0.092,0.163,0.16,0.249,1,3600.0,542.0,445.0,97.0,757.9,542.0,782.4,616.1,505.9,110.3,757.9,616.1,889.5
38.69947,-8.46048,81.0,2001-05-27T10:00,29.9,45,16.8,32.5,0.0,0.0,0.0,0.0,0,1018.7,1009.4,0,0,0,0,0.53,2.31,5.4,7.1,132,131,18.4,29.2,22.0,18.1,15.2,0.091,0.163,0.16,0.249,1,3600.0,716.0,610.0,106.0,826.7,716.0,983.2,778.6,663.3,115.3,826.7,778.6,1069.1
38.69947,-8.46048,81.0,2001-05-27T11:00,31.6,41,16.6,34.9,0.0,0.0,0.0,0.0,0,1019.0,1009.8,0,0,0,0,0.64,2.75,6.0,7.3,163,160,20.2,31.5,22.5,18.1,15.2,0.089,0.162,0.16,0.249,1,3600.0,850.0,734.0,116.0,859.8,850.0,1137.6,894.0,772.0,122.0,859.8,894.0,1196.5
38.69947,-8.46048,81.0,2001-05-27T12:00,32.8,38,16.5,36.5,0.0,0.0,0.0,0.0,0,1018.9,1009.7,0,0,0,0,0.72,3.09,6.1,7.2,183,177,21.6,33.3,23.0,18.1,15.2,0.087,0.161,0.16,0.249,1,3600.0,936.0,816.0,120.0,880.3,936.0,1235.1,957.2,834.5,122.7,880.3,957.2,1263.1
38.69947,-8.46048,81.0,2001-05-27T13:00,33.7,35,16.3,37.6,0.0,0.0,0.0,0.0,0,1018.7,1009.6,2,0,0,5,0.75,3.37,5.7,6.6,198,193,22.0,34.6,23.5,18.1,15.2,0.085,0.161,0.16,0.249,1,3600.0,966.0,847.0,119.0,889.3,966.0,1269.2,962.2,843.7,118.5,889.3,962.2,1264.2
38.69947,-8.46048,81.0,2001-05-27T14:00,34.2,34,16.0,37.9,0.0,0.0,0.0,0.0,0,1018.4,1009.3,3,0,0,9,0.74,3.56,5.6,6.1,225,220,22.3,35.4,24.0,18.2,15.2,0.083,0.16,0.159,0.249,1,3600.0,937.0,820.0,117.0,883.0,937.0,1237.4,908.6,795.1,113.5,883.0,908.6,1199.9
38.69947,-8.46048,81.0,2001-05-27T15:00,34.4,33,15.7,37.3,0.0,0.0,0.0,0.0,0,1018.2,1009.1,1,0,1,1,0.68,3.66,6.4,7.2,254,252,22.3,35.6,24.5,18.2,15.2,0.082,0.16,0.159,0.249,1,3600.0,850.0,733.0,117.0,855.2,850.0,1142.0,799.8,689.7,110.1,855.2,799.8,1074.5
38.69947,-8.46048,81.0,2001-05-27T16:00,34.2,33,15.9,36.0,0.0,0.0,0.0,0.0,0,1017.9,1008.8,0,0,0,0,0.59,3.58,8.3,9.7,272,274,24.8,35.2,24.9,18.2,15.2,0.08,0.159,0.159,0.249,1,3600.0,713.0,597.0,116.0,803.9,713.0,989.5,646.1,541.0,105.1,803.9,646.1,896.7
38.69947,-8.46048,81.0,2001-05-27T17:00,33.6,35,16.2,34.0,0.0,0.0,0.0,0.0,0,1017.8,1008.7,0,0,0,0,0.49,3.35,11.6,15.1,286,288,28.4,34.1,25.3,18.3,15.2,0.079,0.159,0.159,0.249,1,3600.0,545.0,451.0,94.0,760.3,545.0,790.3,467.8,387.1,80.7,760.3,467.8,678.4
38.69947,-8.46048,81.0,2001-05-27T18:00,32.2,40,16.9,32.4,0.0,0.0,0.0,0.0,0,1017.9,1008.7,0,0,0,0,0.36,2.87,14.8,20.5,296,298,32.0,32.3,25.5,18.3,15.2,0.078,0.159,0.159,0.249,1,3600.0,352.0,271.0,81.0,647.1,352.0,558.0,274.2,211.1,63.1,647.1,274.2,434.7
38.69947,-8.46048,81.0,2001-05-27T19:00,30.6,45,17.3,31.0,0.0,0.0,0.0,0.0,0,1018.2,1009.0,1,0,1,0,0.23,2.42,15.4,25.0,307,311,30.6,30.3,25.6,18.3,15.2,0.078,0.158,0.159,0.249,1,3600.0,164.0,110.0,54.0,475.2,164.0,308.4,96.8,64.9,31.9,475.2,96.8,182.0
38.69947,-8.46048,81.0,2001-05-27T20:00,28.2,53,17.9,29.0,0.0,0.0,0.0,0.0,0,1018.5,1009.2,0,0,0,0,0.13,1.78,14.4,26.0,323,326,30.6,28.1,25.6,18.4,15.2,0.078,0.158,0.159,0.249,0,561.14,26.0,12.0,14.0,114.7,26.0,80.5,0.0,0.0,0.0,0.0,0.0,0.0
38.69947,-8.46048,81.0,2001-05-27T21:00,26.6,61,18.3,27.8,0.0,0.0,0.0,0.0,0,1019.3,1009.9,0,0,0,0,0.07,1.37,12.5,24.4,342,344,27.4,26.5,25.5,18.4,15.3,0.078,0.158,0.159,0.249,0,0.0,0.0,0.0,0.0,0.0,0.0,0.0,0.0,0.0,0.0,0.0,0.0,0.0
38.69947,-8.46048,81.0,2001-05-27T22:00,25.5,64,18.2,26.8,0.0,0.0,0.0,0.0,0,1019.8,1010.4,0,0,0,0,0.06,1.16,11.5,23.8,356,359,22.3,25.3,25.3,18.4,15.3,0.078,0.158,0.159,0.249,0,0.0,0.0,0.0,0.0,0.0,0.0,0.0,0.0,0.0,0.0,0.0,0.0,0.0
38.69947,-8.46048,81.0,2001-05-27T23:00,24.7,67,18.0,26.0,0.0,0.0,0.0,0.0,0,1019.6,1010.2,0,0,0,0,0.05,1.04,10.9,23.4,6,10,19.1,24.4,25.2,18.5,15.3,0.078,0.158,0.159,0.249,0,0.0,0.0,0.0,0.0,0.0,0.0,0.0,0.0,0.0,0.0,0.0,0.0,0.0
38.69947,-8.46048,81.0,2001-05-28T00:00,24.0,69,17.9,25.5,0.0,0.0,0.0,0.0,0,1019.5,1010.1,0,0,0,0,0.04,0.93,9.2,21.6,21,24,16.9,23.7,25.0,18.5,15.3,0.078,0.158,0.159,0.249,0,0.0,0.0,0.0,0.0,0.0,0.0,0.0,0.0,0.0,0.0,0.0,0.0,0.0
38.69947,-8.46048,81.0,2001-05-28T01:00,23.3,72,17.9,25.1,0.0,0.0,0.0,0.0,0,1019.5,1010.0,0,0,0,0,0.02,0.8,7.2,17.6,37,41,14.8,23.1,24.8,18.5,15.3,0.078,0.158,0.159,0.249,0,0.0,0.0,0.0,0.0,0.0,0.0,0.0,0.0,0.0,0.0,0.0,0.0,0.0
38.69947,-8.46048,81.0,2001-05-28T02:00,22.4,76,17.9,24.4,0.0,0.0,0.0,0.0,0,1019.5,1010.0,0,0,0,0,0.01,0.66,5.8,13.4,60,66,11.2,22.3,24.5,18.6,15.3,0.078,0.158,0.159,0.249,0,0.0,0.0,0.0,0.0,0.0,0.0,0.0,0.0,0.0,0.0,0.0,0.0,0.0
38.69947,-8.46048,81.0,2001-05-28T03:00,21.7,78,17.6,23.8,0.0,0.0,0.0,0.0,0,1019.7,1010.2,0,0,0,0,0.0,0.58,4.3,11.1,114,119,9.7,21.4,24.2,18.6,15.3,0.078,0.158,0.159,0.249,0,0.0,0.0,0.0,0.0,0.0,0.0,0.0,0.0,0.0,0.0,0.0,0.0,0.0
38.69947,-8.46048,81.0,2001-05-28T04:00,20.9,80,17.4,22.6,0.0,0.0,0.0,0.0,0,1020.0,1010.5,0,0,0,0,0.01,0.48,6.8,15.3,155,161,11.9,20.7,24.0,18.6,15.3,0.078,0.158,0.159,0.249,0,0.0,0.0,0.0,0.0,0.0,0.0,0.0,0.0,0.0,0.0,0.0,0.0,0.0
38.69947,-8.46048,81.0,2001-05-28T05:00,20.4,82,17.2,21.8,0.0,0.0,0.0,0.0,0,1020.5,1010.9,0,0,0,0,0.01,0.43,7.6,16.7,161,174,15.1,20.4,23.7,18.6,15.3,0.078,0.158,0.159,0.249,0,0.0,0.0,0.0,0.0,0.0,0.0,0.0,0.0,0.0,0.0,0.0,0.0,0.0
38.69947,-8.46048,81.0,2001-05-28T06:00,20.1,82,17.0,21.6,0.0,0.0,0.0,0.0,0,1021.1,1011.5,0,0,0,0,0.02,0.41,6.3,13.7,149,178,14.8,20.3,23.4,18.7,15.3,0.079,0.158,0.159,0.249,1,448.98,23.0,11.0,12.0,108.3,23.0,76.5,52.3,25.0,27.3,191.4,29.6,174.1
38.69947,-8.46048,81.0,2001-05-28T07:00,21.9,74,17.1,23.7,0.0,0.0,0.0,0.0,0,1021.5,1012.0,0,0,0,0,0.1,0.68,4.6,8.6,141,178,13.7,21.8,23.2,18.7,15.3,0.079,0.158,0.159,0.249,1,3600.0,162.0,108.0,54.0,478.9,162.0,300.4,230.1,153.4,76.7,478.9,230.1,426.7
38.69947,-8.46048,81.0,2001-05-28T08:00,24.9,57,15.8,26.4,0.0,0.0,0.0,0.0,0,1021.7,1012.3,0,0,0,0,0.23,1.35,2.8,3.6,130,143,12.2,25.4,23.3,18.7,15.3,0.079,0.157,0.159,0.249,1,3600.0,352.0,273.0,79.0,660.9,352.0,550.3,429.2,332.9,96.3,660.9,429.2,671.0
38.69947,-8.46048,81.0,2001-05-28T09:00,27.5,46,14.9,28.7,0.0,0.0,0.0,0.0,0,1021.8,1012.4,0,0,0,0,0.37,1.97,2.6,3.4,106,108,13.7,28.1,23.4,18.7,15.3,0.078,0.157,0.159,0.249,1,3600.0,545.0,450.0,95.0,765.2,545.0,783.4,619.4,511.4,108.0,765.2,619.4,890.3
38.69947,-8.46048,81.0,2001-05-28T10:00,29.9,39,14.5,31.7,0.0,0.0,0.0,0.0,0,1021.8,1012.5,0,0,0,0,0.53,2.58,4.8,5.9,77,76,16.2,30.7,23.7,18.7,15.3,0.077,0.157,0.159,0.249,1,3600.0,718.0,610.0,108.0,825.8,718.0,984.0,780.6,663.2,117.4,825.8,780.6,1069.8
38.69947,-8.46048,81.0,2001-05-28T11:00,32.1,34,14.5,34.4,0.0,0.0,0.0,0.0,0,1021.4,1012.2,0,0,0,0,0.66,3.12,6.8,8.2,65,67,19.4,33.1,24.1,18.8,15.3,0.076,0.156,0.158,0.249,1,3600.0,853.0,738.0,115.0,863.7,853.0,1138.2,897.1,776.2,121.0,863.7,897.1,1197.1
38.69947,-8.46048,81.0,2001-05-28T12:00,34.0,29,13.5,36.2,0.0,0.0,0.0,0.0,0,1021.0,1011.9,0,0,0,0,0.76,3.77,8.4,11.1,65,65,23.8,35.0,24.5,18.8,15.3,0.074,0.155,0.158,0.249,1,3600.0,941.0,821.0,120.0,885.0,941.0,1235.7,962.3,839.6,122.7,885.0,962.3,1263.7
38.69947,-8.46048,81.0,2001-05-28T13:00,35.5,24,11.7,36.8,0.0,0.0,0.0,0.0,0,1020.2,1011.1,0,0,0,0,0.82,4.39,10.8,14.2,64,66,28.8,36.3,25.0,18.8,15.3,0.072,0.155,0.158,0.249,1,3600.0,973.0,852.0,121.0,893.7,973.0,1269.9,969.3,848.7,120.5,893.7,969.3,1265.0
38.69947,-8.46048,81.0,2001-05-28T14:00,36.5,20,10.0,36.8,0.0,0.0,0.0,0.0,0,1019.5,1010.4,0,0,0,0,0.83,4.89,12.8,17.0,68,69,32.0,37.0,25.4,18.8,15.3,0.071,0.154,0.158,0.249,1,3600.0,946.0,827.0,119.0,889.6,946.0,1238.3,917.4,802.0,115.4,889.6,917.4,1200.9
38.69947,-8.46048,81.0,2001-05-28T15:00,37.0,18,8.6,36.3,0.0,0.0,0.0,0.0,0,1018.9,1009.9,0,0,0,0,0.79,5.16,14.2,18.7,74,74,32.8,37.2,25.9,18.9,15.3,0.07,0.154,0.158,0.249,1,3600.0,863.0,749.0,114.0,872.7,863.0,1143.2,812.2,704.9,107.3,872.7,812.2,1075.8
38.69947,-8.46048,81.0,2001-05-28T16:00,37.2,17,7.9,35.5,0.0,0.0,0.0,0.0,0,1018.4,1009.4,0,0,0,0,0.7,5.27,14.4,19.1,77,78,32.8,36.9,26.3,18.9,15.3,0.068,0.153,0.158,0.249,1,3600.0,730.0,625.0,105.0,840.1,730.0,991.0,661.7,566.5,95.2,840.1,661.7,898.3
38.69947,-8.46048,81.0,2001-05-28T17:00,37.0,17,7.7,34.5,0.0,0.0,0.0,0.0,0,1018.1,1009.1,0,0,0,0,0.56,5.23,13.2,17.9,79,81,32.4,36.0,26.6,18.9,15.3,0.068,0.153,0.158,0.248,1,3600.0,559.0,464.0,95.0,780.2,559.0,792.2,480.1,398.5,81.6,780.2,480.1,680.4
38.69947,-8.46048,81.0,2001-05-28T18:00,36.4,18,8.1,34.3,0.0,0.0,0.0,0.0,0,1018.0,1008.9,0,0,0,0,0.39,4.98,10.9,15.6,82,82,29.2,34.7,26.8,19.0,15.3,0.067,0.153,0.158,0.248,1,3600.0,366.0,287.0,79.0,682.3,366.0,560.2,285.5,223.9,61.6,682.3,285.5,437.0
38.69947,-8.46048,81.0,2001-05-28T19:00,34.7,22,9.9,33.8,0.0,0.0,0.0,0.0,0,1018.2,1009.1,0,0,0,0,0.18,4.32,6.3,14.6,77,81,23.4,32.8,27.0,19.0,15.3,0.066,0.153,0.158,0.248,1,3600.0,172.0,118.0,54.0,505.4,172.0,311.0,102.2,70.1,32.1,505.4,102.2,184.8
38.69947,-8.46048,81.0,2001-05-28T20:00,32.3,26,10.6,31.6,0.0,0.0,0.0,0.0,0,1018.1,1008.9,0,0,0,0,0.09,3.55,6.0,13.9,57,73,18.4,30.4,27.0,19.1,15.3,0.066,0.152,0.158,0.248,0,769.12,28.0,14.0,14.0,132.5,28.0,81.9,0.0,0.0,0.0,0.0,0.0,0.0
38.69947,-8.46048,81.0,2001-05-28T21:00,29.9,31,10.9,29.3,0.0,0.0,0.0,0.0,0,1018.6,1009.3,0,0,0,0,0.07,2.91,5.9,14.7,47,59,12.2,28.4,26.9,19.1,15.3,0.066,0.152,0.158,0.248,0,0.0,0.0,0.0,0.0,0.0,0.0,0.0,0.0,0.0,0.0,0.0,0.0,0.0
38.69947,-8.46048,81.0,2001-05-28T22:00,27.9,35,11.2,27.2,0.0,0.0,0.0,0.0,0,1018.9,1009.6,0,0,0,0,0.08,2.43,7.6,18.5,45,53,11.9,26.8,26.8,19.1,15.3,0.066,0.152,0.158,0.248,0,0.0,0.0,0.0,0.0,0.0,0.0,0.0,0.0,0.0,0.0,0.0,0.0,0.0
38.69947,-8.46048,81.0,2001-05-28T23:00,26.2,40,11.6,25.6,0.0,0.0,0.0,0.0,0,1018.8,1009.4,0,0,0,0,0.07,2.04,7.7,18.4,49,55,12.2,25.4,26.5,19.2,15.3,0.066,0.152,0.158,0.248,0,0.0,0.0,0.0,0.0,0.0,0.0,0.0,0.0,0.0,0.0,0.0,0.0,0.0
38.69947,-8.46048,81.0,2001-05-29T00:00,24.9,44,11.8,24.3,0.0,0.0,0.0,0.0,0,1018.7,1009.3,0,0,0,0,0.06,1.76,7.4,16.2,67,73,11.9,24.2,26.3,19.2,15.3,0.066,0.152,0.158,0.248,0,0.0,0.0,0.0,0.0,0.0,0.0,0.0,0.0,0.0,0.0,0.0,0.0,0.0
38.69947,-8.46048,81.0,2001-05-29T01:00,23.8,46,11.6,23.3,0.0,0.0,0.0,0.0,0,1018.6,1009.2,0,0,0,0,0.05,1.58,7.2,13.6,93,102,11.5,23.1,26.0,19.2,15.3,0.066,0.152,0.158,0.248,0,0.0,0.0,0.0,0.0,0.0,0.0,0.0,0.0,0.0,0.0,0.0,0.0,0.0
38.69947,-8.46048,81.0,2001-05-29T02:00,22.7,51,11.9,22.2,0.0,0.0,0.0,0.0,0,1018.1,1008.6,0,0,0,0,0.05,1.36,7.4,13.2,119,135,11.2,22.2,25.7,19.3,15.3,0.066,0.152,0.158,0.248,0,0.0,0.0,0.0,0.0,0.0,0.0,0.0,0.0,0.0,0.0,0.0,0.0,0.0
38.69947,-8.46048,81.0,2001-05-29T03:00,21.7,55,12.2,21.2,0.0,0.0,0.0,0.0,0,1018.2,1008.7,0,0,0,0,0.04,1.17,7.6,15.5,135,155,11.5,21.4,25.4,19.3,15.3,0.066,0.152,0.158,0.248,0,0.0,0.0,0.0,0.0,0.0,0.0,0.0,0.0,0.0,0.0,0.0,0.0,0.0
38.69947,-8.46048,81.0,2001-05-29T04:00,20.7,60,12.6,20.2,0.0,0.0,0.0,0.0,0,1018.1,1008.6,0,0,0,0,0.04,0.98,8.9,19.6,148,163,11.9,20.7,25.1,19.3,15.4,0.066,0.152,0.158,0.248,0,0.0,0.0,0.0,0.0,0.0,0.0,0.0,0.0,0.0,0.0,0.0,0.0,0.0
38.69947,-8.46048,81.0,2001-05-29T05:00,19.8,64,12.9,19.4,0.0,0.0,0.0,0.0,0,1018.4,1008.8,0,0,0,0,0.04,0.83,9.2,20.8,159,171,12.6,20.0,24.7,19.3,15.4,0.066,0.152,0.158,0.248,0,0.0,0.0,0.0,0.0,0.0,0.0,0.0,0.0,0.0,0.0,0.0,0.0,0.0
38.69947,-8.46048,81.0,2001-05-29T06:00,19.4,67,13.2,19.2,0.0,0.0,0.0,0.0,0,1018.6,1009.0,0,0,0,0,0.05,0.74,8.2,18.0,165,178,12.6,19.8,24.4,19.4,15.4,0.066,0.152,0.157,0.248,1,546.38,25.0,12.0,13.0,117.4,25.0,77.4,56.8,27.3,29.5,206.5,32.3,175.8
38.69947,-8.46048,81.0,2001-05-29T07:00,21.6,58,12.9,21.5,0.0,0.0,0.0,0.0,0,1018.9,1009.4,0,0,0,0,0.12,1.09,6.6,13.3,167,178,16.2,21.5,24.2,19.4,15.4,0.066,0.152,0.157,0.248,1,3600.0,167.0,113.0,54.0,498.4,167.0,301.9,236.8,160.2,76.6,498.4,236.8,428.0
38.69947,-8.46048,81.0,2001-05-29T08:00,24.7,42,11.0,24.2,0.0,0.0,0.0,0.0,0,1019.0,1009.6,0,0,0,0,0.24,1.8,5.0,7.2,180,183,15.8,24.8,24.1,19.4,15.4,0.066,0.152,0.157,0.248,1,3600.0,361.0,283.0,78.0,683.4,361.0,551.4,439.9,344.9,95.1,683.4,439.9,672.0
38.69947,-8.46048,81.0,2001-05-29T09:00,27.4,32,9.3,26.7,0.0,0.0,0.0,0.0,0,1019.2,1009.9,0,0,0,0,0.38,2.48,3.8,4.8,197,193,16.2,27.8,24.2,19.4,15.4,0.066,0.151,0.157,0.248,1,3600.0,558.0,463.0,95.0,786.1,558.0,784.3,634.0,526.0,107.9,786.1,634.0,891.1
38.69947,-8.46048,81.0,2001-05-29T10:00,29.9,25,7.7,30.5,0.0,0.0,0.0,0.0,0,1018.7,1009.4,0,0,0,0,0.49,3.17,0.5,0.4,315,360,16.2,31.0,24.4,19.4,15.4,0.065,0.151,0.157,0.248,1,3600.0,734.0,628.0,106.0,849.3,734.0,984.6,797.9,682.7,115.2,849.3,797.9,1070.4
38.69947,-8.46048,81.0,2001-05-29T11:00,31.9,21,7.2,33.1,0.0,0.0,0.0,0.0,0,1018.3,1009.1,0,0,0,0,0.62,3.71,1.5,2.1,14,31,16.2,33.8,24.7,19.4,15.4,0.064,0.15,0.157,0.248,1,3600.0,872.0,758.0,114.0,886.3,872.0,1138.8,917.1,797.2,119.9,886.3,917.1,1197.7
38.69947,-8.46048,81.0,2001-05-29T12:00,33.3,20,7.6,35.0,0.0,0.0,0.0,0.0,0,1017.8,1008.7,0,0,0,0,0.71,4.08,2.6,3.4,16,32,17.3,36.1,25.2,19.5,15.4,0.063,0.15,0.157,0.248,1,3600.0,960.0,841.0,119.0,905.8,960.0,1236.3,981.7,860.0,121.7,905.8,981.7,1264.3
38.69947,-8.46048,81.0,2001-05-29T13:00,34.5,19,7.8,36.5,0.0,0.0,0.0,0.0,0,1017.0,1007.9,0,0,0,0,0.75,4.41,2.7,3.6,23,37,18.0,37.7,25.6,19.5,15.4,0.062,0.149,0.157,0.248,1,3600.0,991.0,871.0,120.0,912.9,991.0,1270.5,987.2,867.7,119.5,912.9,987.2,1265.7
38.69947,-8.46048,81.0,2001-05-29T14:00,35.4,18,7.7,37.3,0.0,0.0,0.0,0.0,0,1016.5,1007.4,0,0,0,0,0.72,4.7,1.9,2.6,22,34,18.7,38.7,26.1,19.5,15.4,0.061,0.149,0.157,0.248,1,3600.0,962.0,843.0,119.0,905.9,962.0,1239.1,933.1,817.6,115.4,905.9,933.1,1201.8
38.69947,-8.46048,81.0,2001-05-29T15:00,36.0,18,7.6,37.4,0.0,0.0,0.0,0.0,0,1015.8,1006.8,0,0,0,0,0.64,4.89,1.1,1.6,360,27,18.7,39.0,26.6,19.6,15.4,0.06,0.148,0.156,0.248,1,3600.0,874.0,761.0,113.0,885.6,874.0,1144.2,822.7,716.3,106.4,885.6,822.7,1077.0
38.69947,-8.46048,81.0,2001-05-29T16:00,36.2,17,7.4,36.5,0.0,0.0,0.0,0.0,0,1015.4,1006.4,0,0,0,0,0.54,4.96,1.9,2.3,292,309,18.7,38.7,27.0,19.6,15.4,0.06,0.148,0.156,0.248,1,3600.0,739.0,633.0,106.0,849.3,739.0,992.4,670.1,574.0,96.1,849.3,670.1,899.9
38.69947,-8.46048,81.0,2001-05-29T17:00,36.0,17,7.4,34.6,0.0,0.0,0.0,0.0,0,1014.9,1005.9,0,0,0,0,0.46,4.92,5.4,6.4,290,297,19.4,37.6,27.3,19.6,15.4,0.059,0.147,0.156,0.248,1,3600.0,566.0,471.0,95.0,789.9,566.0,793.9,486.5,404.8,81.7,789.9,486.5,682.4
38.69947,-8.46048,81.0,2001-05-29T18:00,35.3,18,7.8,33.0,0.0,0.0,0.0,0.0,0,1014.7,1005.6,0,0,0,0,0.39,4.65,11.3,15.0,297,300,23.4,35.8,27.6,19.7,15.4,0.059,0.147,0.156,0.248,1,3600.0,370.0,291.0,79.0,689.0,370.0,562.4,289.1,227.4,61.7,689.0,289.1,439.4
38.69947,-8.46048,81.0,2001-05-29T19:00,33.0,26,10.8,31.0,0.0,0.0,0.0,0.0,0,1014.9,1005.8,0,0,0,0,0.3,3.74,15.5,24.3,306,310,29.5,33.3,27.7,19.7,15.4,0.059,0.147,0.156,0.248,1,3600.0,175.0,120.0,55.0,509.7,175.0,313.5,104.6,71.8,32.9,509.7,104.6,187.5
38.69947,-8.46048,81.0,2001-05-29T20:00,29.8,36,13.3,28.4,0.0,0.0,0.0,0.0,0,1015.3,1006.1,0,0,0,0,0.19,2.66,16.5,27.7,316,321,33.5,30.4,27.6,19.7,15.4,0.059,0.147,0.156,0.248,0,882.77,29.0,15.0,14.0,140.6,29.0,83.2,0.0,0.0,0.0,0.0,0.0,0.0
38.69947,-8.46048,81.0,2001-05-29T21:00,27.4,47,15.1,27.2,0.0,0.0,0.0,0.0,0,1015.8,1006.5,0,0,0,0,0.11,1.94,13.1,24.5,328,334,32.0,28.3,27.5,19.8,15.4,0.059,0.147,0.156,0.248,0,0.0,0.0,0.0,0.0,0.0,0.0,0.0,0.0,0.0,0.0,0.0,0.0,0.0
38.69947,-8.46048,81.0,2001-05-29T22:00,26.0,54,16.1,26.3,0.0,0.0,0.0,0.0,0,1016.1,1006.8,0,0,0,0,0.08,1.53,11.8,24.6,340,349,25.6,26.8,27.3,19.8,15.4,0.059,0.147,0.156,0.248,0,0.0,0.0,0.0,0.0,0.0,0.0,0.0,0.0,0.0,0.0,0.0,0.0,0.0
38.69947,-8.46048,81.0,2001-05-29T23:00,24.8,60,16.4,25.8,0.0,0.0,0.0,0.0,0,1015.7,1006.3,0,0,0,0,0.05,1.27,8.2,19.5,331,348,16.9,25.6,27.1,19.8,15.4,0.059,0.147,0.156,0.248,0,0.0,0.0,0.0,0.0,0.0,0.0,0.0,0.0,0.0,0.0,0.0,0.0,0.0
38.69947,-8.46048,81.0,2001-05-30T00:00,23.5,64,16.4,24.9,0.0,0.0,0.0,0.0,0,1015.5,1006.1,0,0,0,0,0.02,1.04,5.6,14.3,310,342,10.8,24.3,26.9,19.9,15.4,0.059,0.147,0.156,0.248,0,0.0,0.0,0.0,0.0,0.0,0.0,0.0,0.0,0.0,0.0,0.0,0.0,0.0
38.69947,-8.46048,81.0,2001-05-30T01:00,22.2,68,16.0,23.6,0.0,0.0,0.0,0.0,0,1015.3,1005.8,0,0,0,0,0.01,0.86,4.5,11.2,284,327,9.0,23.1,26.6,19.9,15.4,0.059,0.147,0.156,0.248,0,0.0,0.0,0.0,0.0,0.0,0.0,0.0,0.0,0.0,0.0,0.0,0.0,0.0
38.69947,-8.46048,81.0,2001-05-30T02:00,21.0,72,15.8,22.2,0.0,0.0,0.0,0.0,0,1014.9,1005.4,0,0,0,0,0.01,0.69,4.7,9.7,266,309,9.0,22.1,26.3,19.9,15.4,0.059,0.147,0.156,0.248,0,0.0,0.0,0.0,0.0,0.0,0.0,0.0,0.0,0.0,0.0,0.0,0.0,0.0
38.69947,-8.46048,81.0,2001-05-30T03:00,19.9,76,15.5,21.0,0.0,0.0,0.0,0.0,0,1014.6,1005.1,0,0,0,0,0.0,0.57,5.0,7.6,249,295,9.4,21.2,25.9,19.9,15.4,0.059,0.147,0.156,0.248,0,0.0,0.0,0.0,0.0,0.0,0.0,0.0,0.0,0.0,0.0,0.0,0.0,0.0
38.69947,-8.46048,81.0,2001-05-30T04:00,19.0,79,15.3,20.1,0.0,0.0,0.0,0.0,0,1014.8,1005.2,0,0,0,0,0.0,0.46,4.4,5.1,215,262,9.0,20.4,25.6,20.0,15.4,0.059,0.147,0.156,0.248,0,0.0,0.0,0.0,0.0,0.0,0.0,0.0,0.0,0.0,0.0,0.0,0.0,0.0
38.69947,-8.46048,81.0,2001-05-30T05:00,18.2,83,15.2,19.1,0.0,0.0,0.0,0.0,0,1014.6,1005.0,0,0,0,0,0.0,0.36,5.2,5.2,192,214,8.6,19.7,25.2,20.0,15.5,0.059,0.146,0.156,0.248,0,0.0,0.0,0.0,0.0,0.0,0.0,0.0,0.0,0.0,0.0,0.0,0.0,0.0
38.69947,-8.46048,81.0,2001-05-30T06:00,17.8,85,15.3,18.7,0.0,0.0,0.0,0.0,0,1015.0,1005.4,2,2,0,0,0.02,0.31,6.1,8.1,177,193,8.6,19.5,24.9,20.0,15.5,0.059,0.146,0.156,0.248,1,457.0,24.0,11.0,13.0,106.9,24.0,78.2,54.5,25.0,29.5,187.4,31.1,177.4
38.69947,-8.46048,81.0,2001-05-30T07:00,20.4,73,15.5,21.3,0.0,0.0,0.0,0.0,0,1015.4,1005.9,0,0,0,0,0.1,0.63,6.1,9.4,180,182,14.8,21.9,24.6,20.0,15.5,0.059,0.146,0.156,0.248,1,3600.0,163.0,109.0,54.0,478.4,163.0,303.3,230.7,154.3,76.4,478.4,230.7,429.3
38.69947,-8.46048,81.0,2001-05-30T08:00,22.8,64,15.6,23.7,0.0,0.0,0.0,0.0,0,1015.5,1006.1,0,0,0,0,0.23,1.0,6.8,9.0,183,182,18.0,24.3,24.5,20.0,15.5,0.059,0.146,0.156,0.248,1,3600.0,350.0,266.0,84.0,640.9,350.0,552.5,426.3,324.0,102.3,640.9,426.3,672.9
38.69947,-8.46048,81.0,2001-05-30T09:00,25.4,55,15.7,26.2,0.0,0.0,0.0,0.0,0,1015.7,1006.3,0,0,0,0,0.37,1.46,7.8,9.9,193,190,21.2,27.2,24.6,20.0,15.5,0.059,0.146,0.156,0.248,1,3600.0,544.0,445.0,99.0,754.5,544.0,785.1,617.9,505.5,112.5,754.5,617.9,891.8
38.69947,-8.46048,81.0,2001-05-30T10:00,27.7,47,15.5,29.7,0.0,0.0,0.0,0.0,0,1015.4,1006.1,0,0,0,0,0.51,1.96,6.5,8.1,214,212,23.8,30.0,24.7,20.1,15.5,0.059,0.146,0.156,0.248,1,3600.0,716.0,602.0,114.0,813.4,716.0,985.2,778.3,654.4,123.9,813.4,778.3,1070.9
38.69947,-8.46048,81.0,2001-05-30T11:00,29.7,41,15.2,32.4,0.0,0.0,0.0,0.0,0,1015.0,1005.8,0,0,0,0,0.63,2.45,6.1,7.4,220,219,25.9,32.5,25.0,20.1,15.5,0.059,0.145,0.156,0.248,1,3600.0,853.0,735.0,118.0,858.8,853.0,1139.3,897.1,773.0,124.1,858.8,897.1,1198.2
38.69947,-8.46048,81.0,2001-05-30T12:00,31.2,37,14.8,34.3,0.0,0.0,0.0,0.0,0,1014.8,1005.6,0,0,0,0,0.71,2.86,6.6,7.7,225,221,28.1,34.6,25.3,20.1,15.5,0.058,0.145,0.156,0.248,1,3600.0,942.0,822.0,120.0,884.7,942.0,1236.8,963.3,840.6,122.7,884.7,963.3,1264.8
38.69947,-8.46048,81.0,2001-05-30T13:00,32.3,34,14.3,35.2,0.0,0.0,0.0,0.0,0,1013.9,1004.8,0,0,0,0,0.75,3.2,7.1,8.4,225,223,29.5,36.0,25.7,20.1,15.5,0.058,0.144,0.155,0.248,1,3600.0,977.0,857.0,120.0,897.5,977.0,1271.1,973.4,853.8,119.6,897.5,973.4,1266.3
38.69947,-8.46048,81.0,2001-05-30T14:00,32.8,32,13.8,35.2,0.0,0.0,0.0,0.0,0,1013.5,1004.4,0,0,0,0,0.74,3.4,8.2,9.9,229,226,30.6,36.8,26.1,20.1,15.5,0.057,0.144,0.155,0.247,1,3600.0,948.0,830.0,118.0,891.1,948.0,1239.9,919.6,805.1,114.5,891.1,919.6,1202.7
38.69947,-8.46048,81.0,2001-05-30T15:00,33.0,30,13.3,34.4,0.0,0.0,0.0,0.0,0,1013.0,1003.9,0,0,0,0,0.7,3.49,10.0,12.0,232,231,30.6,36.8,26.4,20.2,15.5,0.057,0.143,0.155,0.247,1,3600.0,863.0,750.0,113.0,871.7,863.0,1145.3,812.5,706.1,106.4,871.7,812.5,1078.2
38.69947,-8.46048,81.0,2001-05-30T16:00,32.7,30,13.1,33.0,0.0,0.0,0.0,0.0,0,1012.8,1003.7,0,0,0,0,0.61,3.45,11.9,14.5,235,235,30.6,36.3,26.7,20.2,15.5,0.056,0.143,0.155,0.247,1,3600.0,730.0,623.0,107.0,834.5,730.0,993.7,662.2,565.1,97.1,834.5,662.2,901.4
38.69947,-8.46048,81.0,2001-05-30T17:00,32.1,31,13.0,31.1,0.0,0.0,0.0,0.0,0,1012.5,1003.4,0,0,0,0,0.5,3.27,13.4,17.1,239,240,30.2,35.1,27.0,20.2,15.5,0.056,0.142,0.155,0.247,1,3600.0,560.0,465.0,95.0,777.9,560.0,795.6,481.6,399.9,81.7,777.9,481.6,684.2
38.69947,-8.46048,81.0,2001-05-30T18:00,30.9,34,13.4,29.9,0.0,0.0,0.0,0.0,0,1012.2,1003.0,0,0,0,1,0.37,2.94,14.2,18.9,246,246,29.5,33.3,27.1,20.2,15.5,0.056,0.142,0.155,0.247,1,3600.0,368.0,288.0,80.0,679.2,368.0,564.4,287.9,225.3,62.6,679.2,287.9,441.6
38.69947,-8.46048,81.0,2001-05-30T19:00,28.9,44,15.4,28.8,0.0,0.0,0.0,0.0,0,1012.3,1003.1,4,0,0,12,0.21,2.23,12.6,17.9,250,251,30.6,31.0,27.2,20.3,15.5,0.056,0.142,0.155,0.247,1,3600.0,173.0,117.0,56.0,492.9,173.0,315.9,104.1,70.4,33.7,492.9,104.1,190.1
38.69947,-8.46048,81.0,2001-05-30T20:00,26.7,51,15.8,27.3,0.0,0.0,0.0,0.0,0,1012.7,1003.4,14,0,0,48,0.09,1.7,9.3,16.5,254,260,25.9,28.6,27.1,20.3,15.5,0.056,0.142,0.155,0.247,0,790.25,29.0,14.0,15.0,130.0,29.0,84.5,0.0,0.0,0.0,0.0,0.0,0.0
38.69947,-8.46048,81.0,2001-05-30T21:00,24.9,58,16.2,26.1,0.0,0.0,0.0,0.0,1,1013.1,1003.7,20,0,0,67,0.04,1.31,6.8,13.3,252,270,18.7,26.7,26.9,20.3,15.5,0.056,0.142,0.155,0.247,0,0.0,0.0,0.0,0.0,0.0,0.0,0.0,0.0,0.0,0.0,0.0,0.0,0.0
38.69947,-8.46048,81.0,2001-05-30T22:00,23.6,64,16.5,25.0,0.0,0.0,0.0,0.0,1,1014.0,1004.6,26,0,0,85,0.02,1.04,5.7,11.4,252,283,14.0,25.2,26.8,20.4,15.5,0.056,0.142,0.155,0.247,0,0.0,0.0,0.0,0.0,0.0,0.0,0.0,0.0,0.0,0.0,0.0,0.0,0.0
38.69947,-8.46048,81.0,2001-05-30T23:00,22.4,70,16.6,24.1,0.0,0.0,0.0,0.0,1,1013.9,1004.5,21,0,0,71,0.01,0.82,4.2,9.5,250,295,9.7,24.0,26.5,20.4,15.5,0.056,0.142,0.155,0.247,0,0.0,0.0,0.0,0.0,0.0,0.0,0.0,0.0,0.0,0.0,0.0,0.0,0.0
38.69947,-8.46048,81.0,2001-05-31T00:00,21.4,75,16.7,23.0,0.0,0.0,0.0,0.0,0,1014.1,1004.6,13,0,0,43,0.0,0.65,4.7,7.8,247,304,8.6,23.0,26.3,20.4,15.5,0.056,0.142,0.155,0.247,0,0.0,0.0,0.0,0.0,0.0,0.0,0.0,0.0,0.0,0.0,0.0,0.0,0.0
38.69947,-8.46048,81.0,2001-05-31T01:00,20.5,79,16.7,22.0,0.0,0.0,0.0,0.0,0,1013.7,1004.2,1,0,0,2,0.0,0.51,5.4,7.4,250,313,7.9,22.0,26.0,20.4,15.5,0.056,0.142,0.155,0.247,0,0.0,0.0,0.0,0.0,0.0,0.0,0.0,0.0,0.0,0.0,0.0,0.0,0.0
38.69947,-8.46048,81.0,2001-05-31T02:00,19.6,83,16.7,21.2,0.0,0.0,0.0,0.0,0,1013.0,1003.5,0,0,0,0,0.0,0.38,5.2,7.7,258,323,7.2,21.1,25.7,20.4,15.5,0.056,0.142,0.155,0.247,0,0.0,0.0,0.0,0.0,0.0,0.0,0.0,0.0,0.0,0.0,0.0,0.0,0.0
38.69947,-8.46048,81.0,2001-05-31T03:00,18.8,88,16.7,20.4,0.0,0.0,0.0,0.0,0,1012.8,1003.3,0,0,0,0,0.0,0.27,4.7,7.8,261,326,7.6,20.2,25.3,20.5,15.5,0.056,0.142,0.155,0.247,0,0.0,0.0,0.0,0.0,0.0,0.0,0.0,0.0,0.0,0.0,0.0,0.0,0.0
38.69947,-8.46048,81.0,2001-05-31T04:00,18.0,91,16.5,19.7,0.0,0.0,0.0,0.0,0,1012.9,1003.3,0,0,0,0,0.0,0.19,4.1,6.4,255,322,7.6,19.5,25.0,20.5,15.5,0.057,0.142,0.155,0.247,0,0.0,0.0,0.0,0.0,0.0,0.0,0.0,0.0,0.0,0.0,0.0,0.0,0.0
38.69947,-8.46048,81.0,2001-05-31T05:00,17.4,93,16.3,19.0,0.0,0.0,0.0,0.0,0,1013.1,1003.5,0,0,0,0,0.0,0.14,3.8,5.1,229,309,7.6,18.9,24.6,20.5,15.6,0.057,0.142,0.155,0.247,0,0.0,0.0,0.0,0.0,0.0,0.0,0.0,0.0,0.0,0.0,0.0,0.0,0.0
38.69947,-8.46048,81.0,2001-05-31T06:00,17.3,94,16.3,19.0,0.0,0.0,0.0,0.0,0,1013.0,1003.4,0,0,0,0,0.01,0.12,3.1,3.4,201,288,7.9,18.9,24.3,20.5,15.6,0.057,0.142,0.155,0.247,1,556.45,25.0,12.0,13.0,116.0,25.0,78.9,56.7,27.2,29.5,202.5,32.5,178.8
38.69947,-8.46048,81.0,2001-05-31T07:00,20.6,74,15.7,22.0,0.0,0.0,0.0,0.0,0,1013.4,1003.9,0,0,0,0,0.09,0.64,3.4,3.8,212,253,10.4,21.2,24.1,20.5,15.6,0.057,0.142,0.155,0.247,1,3600.0,166.0,111.0,55.0,484.9,166.0,304.6,234.5,156.8,77.7,484.9,234.5,430.4
38.69947,-8.46048,81.0,2001-05-31T08:00,23.6,59,15.2,24.9,0.0,0.0,0.0,0.0,0,1013.6,1004.2,0,0,0,0,0.22,1.18,3.1,3.8,225,229,13.7,24.7,24.1,20.5,15.6,0.057,0.141,0.155,0.247,1,3600.0,357.0,278.0,79.0,668.4,357.0,553.5,434.6,338.4,96.2,668.4,434.6,673.8
38.69947,-8.46048,81.0,2001-05-31T09:00,26.5,49,15.0,27.6,0.0,0.0,0.0,0.0,0,1014.0,1004.7,0,0,0,0,0.37,1.76,3.8,4.6,229,225,16.6,27.9,24.2,20.5,15.6,0.057,0.141,0.155,0.247,1,3600.0,550.0,453.0,97.0,767.1,550.0,785.8,624.6,514.4,110.2,767.1,624.6,892.4
38.69947,-8.46048,81.0,2001-05-31T10:00,29.2,42,15.0,31.2,0.0,0.0,0.0,0.0,0,1014.0,1004.8,0,0,0,0,0.52,2.35,5.0,5.8,240,240,19.8,31.0,24.4,20.5,15.6,0.056,0.141,0.155,0.247,1,3600.0,722.0,615.0,107.0,830.2,722.0,985.8,784.7,668.4,116.3,830.2,784.7,1071.4
38.69947,-8.46048,81.0,2001-05-31T11:00,31.6,36,14.8,34.1,0.0,0.0,0.0,0.0,0,1013.9,1004.7,0,0,0,0,0.65,2.97,6.8,7.9,245,246,22.7,33.9,24.7,20.5,15.6,0.056,0.14,0.154,0.247,1,3600.0,857.0,742.0,115.0,866.3,857.0,1139.7,901.2,780.3,120.9,866.3,901.2,1198.6
38.69947,-8.46048,81.0,2001-05-31T12:00,33.5,32,14.4,35.9,0.0,0.0,0.0,0.0,0,1013.8,1004.7,0,0,0,0,0.74,3.53,8.3,10.1,252,253,25.9,36.1,25.1,20.6,15.6,0.056,0.14,0.154,0.247,1,3600.0,931.0,809.0,122.0,870.1,931.0,1237.2,952.1,827.3,124.8,870.1,952.1,1265.3
38.69947,-8.46048,81.0,2001-05-31T13:00,34.7,28,13.8,37.0,0.0,0.0,0.0,0.0,0,1013.4,1004.3,0,0,0,0,0.8,3.95,9.5,11.7,259,261,28.8,37.7,25.6,20.6,15.6,0.055,0.139,0.154,0.247,1,3600.0,974.0,854.0,120.0,893.7,974.0,1271.6,970.4,850.9,119.6,893.7,970.4,1267.0
38.69947,-8.46048,81.0,2001-05-31T14:00,35.2,27,13.6,37.0,0.0,0.0,0.0,0.0,0,1013.2,1004.2,0,0,0,0,0.79,4.12,10.9,13.4,261,264,31.0,38.4,26.0,20.6,15.6,0.055,0.139,0.154,0.247,1,3600.0,945.0,826.0,119.0,886.0,945.0,1240.6,916.8,801.3,115.4,886.0,916.8,1203.5
38.69947,-8.46048,81.0,2001-05-31T15:00,35.2,27,13.7,36.4,0.0,0.0,0.0,0.0,0,1012.8,1003.8,0,0,0,0,0.74,4.13,12.0,14.8,263,264,31.7,38.4,26.5,20.6,15.6,0.055,0.138,0.154,0.247,1,3600.0,863.0,749.0,114.0,869.5,863.0,1146.2,812.6,705.3,107.3,869.5,812.6,1079.3
38.69947,-8.46048,81.0,2001-05-31T16:00,34.8,29,14.0,35.2,0.0,0.0,0.0,0.0,0,1012.6,1003.5,0,0,0,0,0.65,3.97,13.0,16.6,265,266,32.4,37.7,26.8,20.6,15.6,0.054,0.138,0.154,0.247,1,3600.0,731.0,626.0,105.0,837.2,731.0,995.0,663.3,568.0,95.3,837.2,663.3,902.8
38.69947,-8.46048,81.0,2001-05-31T17:00,34.0,32,14.7,33.4,0.0,0.0,0.0,0.0,0,1012.6,1003.5,0,0,0,0,0.53,3.63,14.8,19.2,274,275,32.8,36.4,27.1,20.7,15.6,0.054,0.138,0.154,0.247,1,3600.0,563.0,468.0,95.0,781.1,563.0,797.3,484.5,402.7,81.8,781.1,484.5,686.1
38.69947,-8.46048,81.0,2001-05-31T18:00,32.6,36,15.6,32.2,0.0,0.0,0.0,0.0,0,1012.8,1003.7,0,0,0,0,0.39,3.14,15.3,21.2,285,288,32.8,34.5,27.3,20.7,15.6,0.054,0.138,0.154,0.247,1,3600.0,370.0,291.0,79.0,683.6,370.0,566.4,289.9,228.0,61.9,683.6,289.9,443.8
38.69947,-8.46048,81.0,2001-05-31T19:00,31.5,38,15.6,31.4,0.0,0.0,0.0,0.0,0,1013.1,1003.9,0,0,0,0,0.24,2.84,13.2,21.4,292,299,32.4,32.3,27.4,20.7,15.6,0.054,0.137,0.153,0.247,1,3600.0,178.0,122.0,56.0,510.1,178.0,318.3,107.7,73.8,33.9,510.1,107.7,192.6
38.69947,-8.46048,81.0,2001-05-31T20:00,29.3,41,14.5,29.1,0.0,0.0,0.0,0.0,0,1013.6,1004.4,0,0,0,0,0.13,2.43,11.3,21.5,301,310,26.6,30.0,27.4,20.7,15.6,0.054,0.137,0.153,0.247,0,1013.23,31.0,16.0,15.0,147.3,31.0,85.7,0.0,0.0,0.0,0.0,0.0,0.0
38.69947,-8.46048,81.0,2001-05-31T21:00,27.5,42,13.3,27.2,0.0,0.0,0.0,0.0,0,1014.3,1005.0,0,0,0,0,0.08,2.14,8.9,19.3,313,323,20.2,27.9,27.3,20.8,15.6,0.054,0.137,0.153,0.247,0,0.0,0.0,0.0,0.0,0.0,0.0,0.0,0.0,0.0,0.0,0.0,0.0,0.0
38.69947,-8.46048,81.0,2001-05-31T22:00,25.9,43,12.4,25.6,0.0,0.0,0.0,0.0,0,1014.9,1005.6,0,0,0,0,0.06,1.89,7.2,16.0,323,337,15.5,26.3,27.1,20.8,15.6,0.054,0.137,0.153,0.247,0,0.0,0.0,0.0,0.0,0.0,0.0,0.0,0.0,0.0,0.0,0.0,0.0,0.0
38.69947,-8.46048,81.0,2001-05-31T23:00,24.5,46,12.0,24.2,0.0,0.0,0.0,0.0,0,1014.8,1005.4,0,0,0,0,0.05,1.67,6.5,14.2,326,344,12.2,24.9,26.9,20.8,15.6,0.054,0.137,0.153,0.247,0,0.0,0.0,0.0,0.0,0.0,0.0,0.0,0.0,0.0,0.0,0.0,0.0,0.0
38.69947,-8.46048,81.0,2001-06-01T00:00,23.3,50,12.1,22.9,0.0,0.0,0.0,0.0,0,1014.9,1005.5,0,0,0,0,0.05,1.44,6.9,12.3,313,339,10.1,23.6,26.7,20.8,15.6,0.054,0.137,0.153,0.247,0,0.0,0.0,0.0,0.0,0.0,0.0,0.0,0.0,0.0,0.0,0.0,0.0,0.0
38.69947,-8.46048,81.0,2001-06-01T01:00,22.0,54,12.4,21.7,0.0,0.0,0.0,0.0,0,1014.5,1005.0,0,0,0,0,0.04,1.21,7.3,11.3,303,329,10.1,22.3,26.4,20.8,15.6,0.054,0.137,0.153,0.247,0,0.0,0.0,0.0,0.0,0.0,0.0,0.0,0.0,0.0,0.0,0.0,0.0,0.0
38.69947,-8.46048,81.0,2001-06-01T02:00,20.5,64,13.5,20.5,0.0,0.0,0.0,0.0,0,1014.1,1004.6,0,0,0,0,0.03,0.86,7.3,10.4,303,326,9.7,21.1,26.1,20.9,15.6,0.054,0.137,0.153,0.247,0,0.0,0.0,0.0,0.0,0.0,0.0,0.0,0.0,0.0,0.0,0.0,0.0,0.0
38.69947,-8.46048,81.0,2001-06-01T03:00,20.1,64,13.1,20.1,0.0,0.0,0.0,0.0,0,1014.3,1004.8,0,0,0,0,0.02,0.85,6.6,10.4,311,326,8.3,20.1,25.7,20.9,15.7,0.054,0.137,0.153,0.247,0,0.0,0.0,0.0,0.0,0.0,0.0,0.0,0.0,0.0,0.0,0.0,0.0,0.0
38.69947,-8.46048,81.0,2001-06-01T04:00,20.5,60,12.3,20.6,0.0,0.0,0.0,0.0,0,1014.2,1004.7,0,0,0,0,0.01,0.97,3.8,8.6,319,327,6.5,19.2,25.4,20.9,15.7,0.054,0.137,0.153,0.247,0,0.0,0.0,0.0,0.0,0.0,0.0,0.0,0.0,0.0,0.0,0.0,0.0,0.0
38.69947,-8.46048,81.0,2001-06-01T05:00,20.2,60,12.2,20.6,0.0,0.0,0.0,0.0,0,1014.3,1004.8,0,0,0,0,0.0,0.95,2.1,5.4,239,323,4.0,18.5,25.0,20.9,15.7,0.055,0.137,0.153,0.247,0,0.0,0.0,0.0,0.0,0.0,0.0,0.0,0.0,0.0,0.0,0.0,0.0,0.0
38.69947,-8.46048,81.0,2001-06-01T06:00,19.4,64,12.4,19.7,0.0,0.0,0.0,0.0,0,1014.7,1005.2,0,0,0,0,0.02,0.81,2.7,4.0,203,270,5.8,18.4,24.6,20.9,15.7,0.055,0.137,0.153,0.247,1,658.08,26.0,13.0,13.0,125.0,26.0,79.5,58.9,29.5,29.5,217.5,33.9,180.2
38.69947,-8.46048,81.0,2001-06-01T07:00,20.4,66,13.9,21.1,0.0,0.0,0.0,0.0,0,1015.0,1005.5,0,0,0,0,0.1,0.81,3.9,5.8,214,240,11.5,20.8,24.4,20.9,15.7,0.055,0.137,0.153,0.247,1,3600.0,168.0,114.0,54.0,496.0,168.0,305.8,237.0,160.8,76.2,496.0,237.0,431.4
38.69947,-8.46048,81.0,2001-06-01T08:00,23.7,51,13.1,24.2,0.0,0.0,0.0,0.0,0,1015.4,1006.0,0,0,0,0,0.23,1.42,3.6,4.3,217,222,14.0,24.7,24.4,20.9,15.7,0.055,0.137,0.153,0.247,1,3600.0,364.0,284.0,80.0,681.5,364.0,554.4,442.9,345.6,97.3,681.5,442.9,674.5
38.69947,-8.46048,81.0,2001-06-01T09:00,27.1,37,11.2,26.9,0.0,0.0,0.0,0.0,0,1015.6,1006.3,0,0,0,0,0.39,2.25,4.1,5.1,232,231,16.6,28.0,24.5,20.9,15.7,0.055,0.137,0.153,0.247,1,3600.0,565.0,471.0,94.0,796.7,565.0,786.5,641.5,534.8,106.7,796.7,641.5,892.9
38.69947,-8.46048,81.0,2001-06-01T10:00,30.1,27,9.0,30.8,0.0,0.0,0.0,0.0,0,1015.7,1006.5,0,0,0,0,0.52,3.11,1.8,2.0,233,225,19.8,31.4,24.7,20.9,15.7,0.054,0.136,0.153,0.247,1,3600.0,744.0,640.0,104.0,863.3,744.0,986.2,808.6,695.5,113.0,863.3,808.6,1071.8
38.69947,-8.46048,81.0,2001-06-01T11:00,32.5,19,6.1,33.0,0.0,0.0,0.0,0.0,0,1015.6,1006.5,0,0,0,0,0.66,3.94,4.2,4.9,239,234,23.4,34.4,25.0,20.9,15.7,0.054,0.136,0.153,0.246,1,3600.0,888.0,778.0,110.0,907.8,888.0,1140.1,933.8,818.1,115.7,907.8,933.8,1199.0
38.69947,-8.46048,81.0,2001-06-01T12:00,34.1,15,4.0,34.1,0.0,0.0,0.0,0.0,0,1015.3,1006.2,0,0,0,0,0.78,4.54,7.9,9.6,240,236,28.1,36.6,25.4,21.0,15.7,0.054,0.135,0.153,0.246,1,3600.0,980.0,868.0,112.0,933.0,980.0,1237.6,1002.2,887.7,114.5,933.0,1002.2,1265.7
38.69947,-8.46048,81.0,2001-06-01T13:00,35.0,13,2.9,34.1,0.0,0.0,0.0,0.0,0,1014.8,1005.7,0,0,0,0,0.86,4.88,12.2,15.3,246,243,32.4,38.0,25.9,21.0,15.7,0.053,0.135,0.153,0.246,1,3600.0,1010.0,895.0,115.0,935.9,1010.0,1272.1,1006.4,891.8,114.6,935.9,1006.4,1267.5
38.69947,-8.46048,81.0,2001-06-01T14:00,35.4,12,2.2,33.8,0.0,0.0,0.0,0.0,0,1015.0,1005.9,0,0,0,0,0.87,5.04,15.1,19.4,252,252,35.6,38.5,26.3,21.0,15.7,0.053,0.135,0.153,0.246,1,3600.0,986.0,863.0,123.0,924.9,986.0,1241.3,956.7,837.3,119.3,924.9,956.7,1204.3
38.69947,-8.46048,81.0,2001-06-01T15:00,35.3,12,2.1,32.8,0.0,0.0,0.0,0.0,0,1014.8,1005.7,0,0,0,0,0.83,4.99,16.9,21.7,258,259,37.1,38.3,26.7,21.0,15.7,0.053,0.134,0.152,0.246,1,3600.0,900.0,785.0,115.0,910.3,900.0,1147.2,847.6,739.3,108.3,910.3,847.6,1080.4
38.69947,-8.46048,81.0,2001-06-01T16:00,34.7,13,2.8,31.6,0.0,0.0,0.0,0.0,0,1014.9,1005.8,0,0,0,0,0.73,4.79,17.4,22.8,264,265,37.4,37.5,27.0,21.0,15.7,0.053,0.134,0.152,0.246,1,3600.0,762.0,653.0,109.0,871.9,762.0,996.3,691.6,592.7,98.9,871.9,691.6,904.2
38.69947,-8.46048,81.0,2001-06-01T17:00,33.7,16,4.1,30.0,0.0,0.0,0.0,0.0,0,1014.6,1005.5,0,0,0,0,0.6,4.42,17.3,22.7,270,270,37.1,36.1,27.3,21.1,15.7,0.053,0.134,0.152,0.246,1,3600.0,589.0,493.0,96.0,820.9,589.0,798.8,507.1,424.5,82.7,820.9,507.1,687.8
38.69947,-8.46048,81.0,2001-06-01T18:00,32.2,19,6.0,28.9,0.0,0.0,0.0,0.0,0,1015.0,1005.9,0,0,0,0,0.43,3.88,15.5,21.3,275,276,35.3,34.1,27.5,21.1,15.7,0.053,0.133,0.152,0.246,1,3600.0,389.0,309.0,80.0,723.2,389.0,568.3,305.2,242.4,62.8,723.2,305.2,445.9
38.69947,-8.46048,81.0,2001-06-01T19:00,30.5,24,7.5,28.1,0.0,0.0,0.0,0.0,0,1015.0,1005.8,0,0,0,0,0.25,3.33,12.1,19.3,280,284,30.2,31.8,27.5,21.1,15.7,0.053,0.133,0.152,0.246,1,3600.0,189.0,133.0,56.0,552.0,189.0,320.5,115.0,80.9,34.1,552.0,115.0,195.0
38.69947,-8.46048,81.0,2001-06-01T20:00,28.0,31,9.2,26.5,0.0,0.0,0.0,0.0,0,1015.4,1006.1,0,0,0,0,0.11,2.61,8.7,18.0,294,299,23.0,29.1,27.5,21.1,15.7,0.053,0.133,0.152,0.246,0,1134.46,33.0,17.0,16.0,155.2,33.0,86.9,0.0,0.0,0.0,0.0,0.0,0.0
38.69947,-8.46048,81.0,2001-06-01T21:00,25.8,37,10.2,24.9,0.0,0.0,0.0,0.0,0,1016.3,1006.9,0,0,0,0,0.06,2.08,6.6,16.3,311,319,15.5,26.8,27.3,21.1,15.7,0.053,0.133,0.152,0.246,0,0.0,0.0,0.0,0.0,0.0,0.0,0.0,0.0,0.0,0.0,0.0,0.0,0.0
38.69947,-8.46048,81.0,2001-06-01T22:00,24.1,43,10.9,23.3,0.0,0.0,0.0,0.0,0,1017.0,1007.6,0,0,0,0,0.06,1.69,7.0,13.2,339,349,12.6,25.0,27.1,21.2,15.7,0.053,0.133,0.152,0.246,0,0.0,0.0,0.0,0.0,0.0,0.0,0.0,0.0,0.0,0.0,0.0,0.0,0.0
38.69947,-8.46048,81.0,2001-06-01T23:00,22.6,49,11.4,21.9,0.0,0.0,0.0,0.0,0,1016.7,1007.2,0,0,0,0,0.05,1.4,7.7,12.2,349,2,11.2,23.4,26.9,21.2,15.7,0.053,0.133,0.152,0.246,0,0.0,0.0,0.0,0.0,0.0,0.0,0.0,0.0,0.0,0.0,0.0,0.0,0.0
38.69947,-8.46048,81.0,2001-06-02T00:00,20.9,60,12.7,20.6,0.0,0.0,0.0,0.0,0,1016.5,1007.0,0,0,0,0,0.04,1.0,7.6,10.0,3,15,11.2,21.8,26.6,21.2,15.8,0.053,0.133,0.152,0.246,0,0.0,0.0,0.0,0.0,0.0,0.0,0.0,0.0,0.0,0.0,0.0,0.0,0.0
38.69947,-8.46048,81.0,2001-06-02T01:00,20.3,60,12.3,20.3,0.0,0.0,0.0,0.0,0,1016.0,1006.5,0,0,0,0,0.02,0.95,5.4,7.2,20,27,8.3,20.3,26.2,21.2,15.8,0.053,0.133,0.152,0.246,0,0.0,0.0,0.0,0.0,0.0,0.0,0.0,0.0,0.0,0.0,0.0,0.0,0.0
38.69947,-8.46048,81.0,2001-06-02T02:00,20.2,58,11.8,20.4,0.0,0.0,0.0,0.0,0,1015.6,1006.1,0,0,0,0,0.0,0.99,2.5,4.4,45,35,6.1,19.1,25.8,21.2,15.8,0.053,0.133,0.152,0.246,0,0.0,0.0,0.0,0.0,0.0,0.0,0.0,0.0,0.0,0.0,0.0,0.0,0.0
38.69947,-8.46048,81.0,2001-06-02T03:00,19.6,61,11.8,20.0,0.0,0.0,0.0,0.0,0,1015.4,1005.9,0,0,0,0,0.0,0.9,0.8,0.8,153,27,4.3,18.1,25.4,21.2,15.8,0.053,0.133,0.152,0.246,0,0.0,0.0,0.0,0.0,0.0,0.0,0.0,0.0,0.0,0.0,0.0,0.0,0.0
38.69947,-8.46048,81.0,2001-06-02T04:00,17.9,68,11.9,18.0,0.0,0.0,0.0,0.0,0,1015.5,1005.9,0,0,0,0,0.0,0.66,3.4,3.3,198,229,4.7,17.3,25.0,21.2,15.8,0.053,0.133,0.152,0.246,0,0.0,0.0,0.0,0.0,0.0,0.0,0.0,0.0,0.0,0.0,0.0,0.0,0.0
38.69947,-8.46048,81.0,2001-06-02T05:00,16.6,74,12.0,16.1,0.0,0.0,0.0,0.0,0,1015.9,1006.3,0,0,0,0,0.01,0.49,7.5,7.9,215,240,6.5,16.7,24.6,21.3,15.8,0.053,0.133,0.152,0.246,0,0.0,0.0,0.0,0.0,0.0,0.0,0.0,0.0,0.0,0.0,0.0,0.0,0.0
38.69947,-8.46048,81.0,2001-06-02T06:00,16.3,77,12.2,16.1,0.0,0.0,0.0,0.0,0,1016.2,1006.5,0,0,0,0,0.02,0.43,5.9,11.7,232,252,7.9,16.7,24.2,21.3,15.8,0.053,0.133,0.152,0.246,1,663.06,27.0,13.0,14.0,124.5,27.0,80.1,61.1,29.4,31.7,215.8,35.3,181.4
38.69947,-8.46048,81.0,2001-06-02T07:00,19.2,69,13.5,19.6,0.0,0.0,0.0,0.0,0,1016.6,1007.0,0,0,0,0,0.1,0.68,5.2,10.9,254,262,13.3,19.4,24.0,21.3,15.8,0.053,0.133,0.152,0.246,1,3600.0,171.0,117.0,54.0,507.1,171.0,306.9,240.9,164.8,76.1,507.1,240.9,432.3
38.69947,-8.46048,81.0,2001-06-02T08:00,22.5,53,12.5,22.7,0.0,0.0,0.0,0.0,0,1016.9,1007.4,0,0,0,0,0.22,1.27,3.7,5.1,259,262,14.4,23.6,23.9,21.3,15.8,0.053,0.133,0.152,0.246,1,3600.0,365.0,286.0,79.0,685.2,365.0,555.1,443.9,347.8,96.1,685.2,443.9,675.2
38.69947,-8.46048,81.0,2001-06-02T09:00,25.5,41,11.2,25.4,0.0,0.0,0.0,0.0,0,1017.0,1007.6,0,0,0,0,0.37,1.93,3.3,4.0,257,260,15.5,27.0,24.0,21.3,15.8,0.053,0.133,0.152,0.246,1,3600.0,556.0,462.0,94.0,780.7,556.0,787.0,631.2,524.5,106.7,780.7,631.2,893.4
38.69947,-8.46048,81.0,2001-06-02T10:00,28.4,30,9.3,28.9,0.0,0.0,0.0,0.0,0,1017.3,1008.0,0,0,0,0,0.51,2.7,3.4,3.9,252,248,18.0,30.4,24.2,21.3,15.8,0.053,0.132,0.152,0.246,1,3600.0,737.0,636.0,101.0,857.3,737.0,986.6,800.9,691.1,109.8,857.3,800.9,1072.2
38.69947,-8.46048,81.0,2001-06-02T11:00,30.8,25,8.8,31.6,0.0,0.0,0.0,0.0,0,1017.0,1007.8,0,0,0,0,0.65,3.3,5.8,7.1,248,246,21.6,33.5,24.5,21.3,15.8,0.053,0.132,0.152,0.246,1,3600.0,873.0,763.0,110.0,889.8,873.0,1140.4,918.0,802.4,115.7,889.8,918.0,1199.3
38.69947,-8.46048,81.0,2001-06-02T12:00,32.4,24,9.0,33.3,0.0,0.0,0.0,0.0,0,1016.9,1007.7,0,0,0,0,0.76,3.72,8.9,10.6,249,246,25.2,35.9,24.9,21.3,15.8,0.053,0.131,0.152,0.246,1,3600.0,960.0,848.0,112.0,911.0,960.0,1238.0,981.8,867.3,114.5,911.0,981.8,1266.1
38.69947,-8.46048,81.0,2001-06-02T13:00,33.4,23,9.2,34.0,0.0,0.0,0.0,0.0,0,1016.4,1007.3,0,0,0,0,0.81,3.99,11.5,13.9,250,249,28.8,37.3,25.4,21.3,15.8,0.052,0.131,0.151,0.246,1,3600.0,992.0,879.0,113.0,918.6,992.0,1272.6,988.5,875.9,112.6,918.6,988.5,1268.1
38.69947,-8.46048,81.0,2001-06-02T14:00,34.0,22,9.0,34.0,0.0,0.0,0.0,0.0,0,1016.0,1006.9,0,0,0,0,0.81,4.16,13.3,16.7,251,251,32.4,38.0,25.8,21.3,15.8,0.052,0.131,0.151,0.246,1,3600.0,966.0,854.0,112.0,914.5,966.0,1241.9,937.4,828.7,108.7,914.5,937.4,1205.1
38.69947,-8.46048,81.0,2001-06-02T15:00,34.0,21,8.7,33.2,0.0,0.0,0.0,0.0,0,1016.0,1006.9,0,0,0,0,0.77,4.18,15.3,19.4,255,255,35.3,37.8,26.2,21.3,15.8,0.052,0.13,0.151,0.246,1,3600.0,882.0,772.0,110.0,894.2,882.0,1148.1,830.8,727.2,103.6,894.2,830.8,1081.5
38.69947,-8.46048,81.0,2001-06-02T16:00,33.3,22,8.9,31.7,0.0,0.0,0.0,0.0,0,1015.7,1006.6,0,0,0,0,0.67,3.98,16.1,21.2,260,260,36.7,36.9,26.5,21.3,15.8,0.052,0.13,0.151,0.246,1,3600.0,745.0,640.0,105.0,853.3,745.0,997.5,676.4,581.1,95.3,853.3,676.4,905.6
38.69947,-8.46048,81.0,2001-06-02T17:00,32.2,24,9.2,29.8,0.0,0.0,0.0,0.0,0,1015.9,1006.7,0,0,0,0,0.54,3.63,15.5,20.2,265,266,36.7,35.3,26.8,21.3,15.8,0.052,0.13,0.151,0.246,1,3600.0,575.0,481.0,94.0,799.2,575.0,800.4,495.4,414.4,81.0,799.2,495.4,689.5
38.69947,-8.46048,81.0,2001-06-02T18:00,30.6,28,9.8,28.5,0.0,0.0,0.0,0.0,0,1016.1,1006.9,0,0,0,0,0.38,3.18,14.0,18.8,271,273,34.6,33.3,27.0,21.4,15.8,0.052,0.13,0.151,0.246,1,3600.0,380.0,299.0,81.0,697.3,380.0,570.2,298.5,234.9,63.6,697.3,298.5,447.9
38.69947,-8.46048,81.0,2001-06-02T19:00,28.0,35,11.3,26.6,0.0,0.0,0.0,0.0,0,1016.3,1007.0,0,0,0,0,0.22,2.44,12.7,17.9,277,279,29.5,30.7,27.0,21.4,15.8,0.052,0.129,0.151,0.246,1,3600.0,187.0,131.0,56.0,539.8,187.0,322.7,114.3,80.1,34.2,539.8,114.3,197.3
38.69947,-8.46048,81.0,2001-06-02T20:00,25.4,44,12.1,24.4,0.0,0.0,0.0,0.0,0,1016.8,1007.4,0,0,0,0,0.11,1.83,11.4,18.9,283,288,25.9,27.9,26.9,21.4,15.9,0.052,0.129,0.151,0.246,0,1258.55,34.0,18.0,16.0,163.0,34.0,88.0,0.0,0.0,0.0,0.0,0.0,0.0
38.69947,-8.46048,81.0,2001-06-02T21:00,23.0,52,12.6,22.3,0.0,0.0,0.0,0.0,0,1017.5,1008.0,0,0,0,0,0.07,1.36,10.2,18.2,293,300,21.6,25.5,26.8,21.4,15.9,0.052,0.129,0.151,0.246,0,0.0,0.0,0.0,0.0,0.0,0.0,0.0,0.0,0.0,0.0,0.0,0.0,0.0
38.69947,-8.46048,81.0,2001-06-02T22:00,21.1,59,12.8,20.6,0.0,0.0,0.0,0.0,0,1018.5,1009.0,0,0,0,0,0.05,1.03,9.8,16.1,294,299,18.7,23.7,26.6,21.4,15.9,0.052,0.129,0.151,0.246,0,0.0,0.0,0.0,0.0,0.0,0.0,0.0,0.0,0.0,0.0,0.0,0.0,0.0
38.69947,-8.46048,81.0,2001-06-02T23:00,19.6,65,12.9,19.4,0.0,0.0,0.0,0.0,0,1018.8,1009.2,2,1,0,2,0.03,0.79,7.9,13.9,300,307,15.5,22.2,26.3,21.4,15.9,0.052,0.129,0.151,0.246,0,0.0,0.0,0.0,0.0,0.0,0.0,0.0,0.0,0.0,0.0,0.0,0.0,0.0
38.69947,-8.46048,81.0,2001-06-03T00:00,18.4,71,13.1,18.4,0.0,0.0,0.0,0.0,0,1018.4,1008.8,3,3,0,2,0.01,0.61,6.7,12.7,306,315,13.0,20.9,26.0,21.5,15.9,0.052,0.129,0.151,0.246,0,0.0,0.0,0.0,0.0,0.0,0.0,0.0,0.0,0.0,0.0,0.0,0.0,0.0
38.69947,-8.46048,81.0,2001-06-03T01:00,17.3,77,13.2,17.4,0.0,0.0,0.0,0.0,0,1018.2,1008.6,2,2,0,0,0.01,0.46,6.2,11.2,306,315,11.5,19.8,25.7,21.5,15.9,0.052,0.129,0.151,0.246,0,0.0,0.0,0.0,0.0,0.0,0.0,0.0,0.0,0.0,0.0,0.0,0.0,0.0
38.69947,-8.46048,81.0,2001-06-03T02:00,16.4,82,13.3,16.7,0.0,0.0,0.0,0.0,0,1017.8,1008.1,5,6,0,0,0.0,0.34,5.2,11.0,304,311,10.1,18.7,25.3,21.5,15.9,0.052,0.129,0.151,0.246,0,0.0,0.0,0.0,0.0,0.0,0.0,0.0,0.0,0.0,0.0,0.0,0.0,0.0
38.69947,-8.46048,81.0,2001-06-03T03:00,15.6,86,13.3,15.8,0.0,0.0,0.0,0.0,0,1017.9,1008.2,11,12,0,0,0.0,0.24,5.6,11.4,297,305,9.4,17.6,24.9,21.5,15.9,0.052,0.129,0.151,0.246,0,0.0,0.0,0.0,0.0,0.0,0.0,0.0,0.0,0.0,0.0,0.0,0.0,0.0
38.69947,-8.46048,81.0,2001-06-03T04:00,14.7,91,13.3,15.0,0.0,0.0,0.0,0.0,0,1018.2,1008.5,17,19,0,0,0.0,0.15,5.5,12.1,293,300,9.4,16.8,24.6,21.5,15.9,0.052,0.129,0.151,0.246,0,0.0,0.0,0.0,0.0,0.0,0.0,0.0,0.0,0.0,0.0,0.0,0.0,0.0
38.69947,-8.46048,81.0,2001-06-03T05:00,14.1,94,13.2,14.2,0.0,0.0,0.0,0.0,1,1018.6,1008.8,28,31,0,0,0.0,0.1,6.2,12.2,291,298,9.4,16.2,24.2,21.5,15.9,0.052,0.129,0.151,0.246,0,0.0,0.0,0.0,0.0,0.0,0.0,0.0,0.0,0.0,0.0,0.0,0.0,0.0
38.69947,-8.46048,81.0,2001-06-03T06:00,14.0,95,13.2,14.0,0.0,0.0,0.0,0.0,2,1019.1,1009.3,51,57,0,0,0.01,0.08,7.3,11.6,290,296,9.7,16.1,23.8,21.5,15.9,0.052,0.129,0.151,0.246,1,468.48,26.0,11.0,15.0,104.9,26.0,80.7,58.8,24.9,33.9,181.3,34.0,182.5
38.69947,-8.46048,81.0,2001-06-03T07:00,15.2,86,12.9,15.0,0.0,0.0,0.0,0.0,1,1019.6,1009.9,47,52,0,0,0.07,0.24,7.6,9.7,295,297,18.4,18.5,23.5,21.5,15.9,0.052,0.129,0.151,0.246,1,3600.0,128.0,48.0,80.0,207.3,128.0,307.8,180.1,67.5,112.6,207.3,180.1,433.1
38.69947,-8.46048,81.0,2001-06-03T08:00,16.6,76,12.3,16.3,0.0,0.0,0.0,0.0,0,1020.0,1010.3,14,15,0,0,0.15,0.45,6.8,8.5,295,298,18.7,20.2,23.4,21.5,15.9,0.052,0.129,0.151,0.245,1,3600.0,259.0,105.0,154.0,251.2,259.0,555.8,314.9,127.7,187.2,251.2,314.9,675.7
38.69947,-8.46048,81.0,2001-06-03T09:00,18.9,63,11.8,18.6,0.0,0.0,0.0,0.0,0,1020.1,1010.5,0,0,0,0,0.3,0.8,6.0,7.2,295,297,19.8,23.1,23.3,21.5,15.9,0.052,0.129,0.151,0.245,1,3600.0,524.0,375.0,149.0,633.2,524.0,787.4,594.7,425.6,169.1,633.2,594.7,893.8
38.69947,-8.46048,81.0,2001-06-03T10:00,21.7,52,11.3,22.3,0.0,0.0,0.0,0.0,0,1020.4,1010.9,8,9,0,0,0.46,1.25,6.0,7.4,295,299,21.2,26.3,23.4,21.5,15.9,0.052,0.129,0.151,0.245,1,3600.0,732.0,604.0,128.0,813.7,732.0,986.9,795.4,656.3,139.1,813.7,795.4,1072.4
38.69947,-8.46048,81.0,2001-06-03T11:00,24.2,44,11.1,25.3,0.0,0.0,0.0,0.0,0,1020.4,1011.0,0,0,0,0,0.58,1.7,7.9,9.8,286,287,24.1,29.3,23.6,21.5,15.9,0.052,0.128,0.151,0.245,1,3600.0,873.0,740.0,133.0,862.5,873.0,1140.7,918.0,778.2,139.9,862.5,918.0,1199.5
38.69947,-8.46048,81.0,2001-06-03T12:00,26.4,38,10.8,27.5,0.0,0.0,0.0,0.0,0,1020.4,1011.0,0,0,0,0,0.69,2.15,10.9,13.7,287,288,28.1,31.7,23.9,21.5,15.9,0.052,0.128,0.15,0.245,1,3600.0,978.0,853.0,125.0,915.9,978.0,1238.2,1000.3,872.4,127.8,915.9,1000.3,1266.4
38.69947,-8.46048,81.0,2001-06-03T13:00,27.9,34,10.8,29.0,0.0,0.0,0.0,0.0,0,1019.8,1010.5,0,0,0,0,0.73,2.47,11.6,14.4,292,292,31.3,33.4,24.2,21.5,15.9,0.052,0.128,0.15,0.245,1,3600.0,1005.0,881.0,124.0,920.1,1005.0,1273.0,1001.5,878.0,123.6,920.1,1001.5,1268.6
38.69947,-8.46048,81.0,2001-06-03T14:00,28.8,32,10.7,29.8,0.0,0.0,0.0,0.0,0,1019.2,1009.9,0,0,0,0,0.72,2.68,11.1,14.0,295,296,32.4,34.2,24.6,21.5,15.9,0.052,0.127,0.15,0.245,1,3600.0,975.0,857.0,118.0,917.0,975.0,1242.5,946.2,831.7,114.5,917.0,946.2,1205.8
38.69947,-8.46048,81.0,2001-06-03T15:00,29.4,30,10.2,29.6,0.0,0.0,0.0,0.0,0,1019.0,1009.7,0,0,0,0,0.68,2.85,11.8,14.3,293,295,32.8,34.4,24.9,21.5,15.9,0.052,0.127,0.15,0.245,1,3600.0,892.0,779.0,113.0,901.4,892.0,1148.9,840.4,733.9,106.5,901.4,840.4,1082.5
38.69947,-8.46048,81.0,2001-06-03T16:00,29.1,31,10.1,28.2,0.0,0.0,0.0,0.0,0,1019.0,1009.7,0,0,0,0,0.6,2.79,13.9,17.7,295,297,35.6,33.9,25.2,21.5,16.0,0.052,0.127,0.15,0.245,1,3600.0,756.0,651.0,105.0,866.6,756.0,998.6,686.6,591.2,95.4,866.6,686.6,906.9
38.69947,-8.46048,81.0,2001-06-03T17:00,27.8,34,10.5,25.8,0.0,0.0,0.0,0.0,0,1019.1,1009.8,0,0,0,0,0.48,2.47,16.1,21.2,299,302,37.8,32.4,25.4,21.5,16.0,0.052,0.126,0.15,0.245,1,3600.0,581.0,484.0,97.0,802.4,581.0,801.9,500.8,417.2,83.6,802.4,500.8,691.2
38.69947,-8.46048,81.0,2001-06-03T18:00,26.0,39,11.0,23.8,0.0,0.0,0.0,0.0,0,1019.5,1010.1,0,0,0,0,0.34,2.04,16.9,23.0,308,310,37.8,30.2,25.5,21.5,16.0,0.052,0.126,0.15,0.245,1,3600.0,383.0,301.0,82.0,699.5,383.0,572.1,301.2,236.7,64.5,699.5,301.2,449.9
38.69947,-8.46048,81.0,2001-06-03T19:00,23.5,45,10.8,21.3,0.0,0.0,0.0,0.0,0,1020.1,1010.6,0,0,0,0,0.21,1.59,16.8,23.7,315,317,35.6,27.5,25.6,21.5,16.0,0.052,0.126,0.15,0.245,1,3600.0,188.0,130.0,58.0,532.0,188.0,324.8,115.5,79.9,35.6,532.0,115.5,199.6
38.69947,-8.46048,81.0,2001-06-03T20:00,21.1,52,10.9,19.0,0.0,0.0,0.0,0.0,0,1020.7,1011.2,0,0,0,0,0.11,1.19,15.9,24.4,321,323,33.5,24.8,25.5,21.5,16.0,0.052,0.126,0.15,0.245,0,1273.06,35.0,18.0,17.0,161.7,35.0,89.1,0.0,0.0,0.0,0.0,0.0,0.0
38.69947,-8.46048,81.0,2001-06-03T21:00,18.9,61,11.1,16.9,0.0,0.0,0.0,0.0,0,1021.4,1011.8,0,0,0,0,0.07,0.86,16.1,24.8,331,332,31.3,22.6,25.3,21.5,16.0,0.052,0.126,0.15,0.245,0,0.0,0.0,0.0,0.0,0.0,0.0,0.0,0.0,0.0,0.0,0.0,0.0,0.0
38.69947,-8.46048,81.0,2001-06-03T22:00,17.2,68,11.3,15.6,0.0,0.0,0.0,0.0,0,1022.2,1012.5,2,2,0,0,0.05,0.62,13.9,23.3,335,338,29.9,20.9,25.0,21.5,16.0,0.052,0.126,0.15,0.245,0,0.0,0.0,0.0,0.0,0.0,0.0,0.0,0.0,0.0,0.0,0.0,0.0,0.0
38.69947,-8.46048,81.0,2001-06-03T23:00,16.0,75,11.5,14.6,0.0,0.0,0.0,0.0,0,1022.2,1012.5,3,3,0,0,0.03,0.46,12.9,22.3,337,339,28.1,19.5,24.8,21.5,16.0,0.052,0.126,0.15,0.245,0,0.0,0.0,0.0,0.0,0.0,0.0,0.0,0.0,0.0,0.0,0.0,0.0,0.0
38.69947,-8.46048,81.0,2001-06-04T00:00,15.1,80,11.7,13.9,0.0,0.0,0.0,0.0,0,1022.3,1012.5,4,5,0,0,0.02,0.34,11.8,21.5,337,339,24.1,18.5,24.4,21.6,16.0,0.052,0.126,0.15,0.245,0,0.0,0.0,0.0,0.0,0.0,0.0,0.0,0.0,0.0,0.0,0.0,0.0,0.0
38.69947,-8.46048,81.0,2001-06-04T01:00,14.3,85,11.9,13.2,0.0,0.0,0.0,0.0,0,1022.0,1012.2,15,17,0,0,0.01,0.24,11.4,21.2,336,339,21.6,17.6,24.1,21.6,16.0,0.052,0.126,0.15,0.245,0,0.0,0.0,0.0,0.0,0.0,0.0,0.0,0.0,0.0,0.0,0.0,0.0,0.0
38.69947,-8.46048,81.0,2001-06-04T02:00,13.8,88,11.9,12.8,0.0,0.0,0.0,0.0,0,1021.8,1012.0,15,17,0,0,0.0,0.18,11.3,21.5,338,339,19.8,16.9,23.8,21.6,16.0,0.052,0.126,0.15,0.245,0,0.0,0.0,0.0,0.0,0.0,0.0,0.0,0.0,0.0,0.0,0.0,0.0,0.0
38.69947,-8.46048,81.0,2001-06-04T03:00,13.7,89,12.0,12.7,0.0,0.0,0.0,0.0,1,1021.7,1011.9,29,32,0,0,0.0,0.16,11.0,21.1,337,340,20.2,16.6,23.5,21.6,16.0,0.052,0.126,0.15,0.245,0,0.0,0.0,0.0,0.0,0.0,0.0,0.0,0.0,0.0,0.0,0.0,0.0,0.0
38.69947,-8.46048,81.0,2001-06-04T04:00,13.3,91,11.9,12.3,0.0,0.0,0.0,0.0,1,1022.0,1012.2,34,38,0,0,0.0,0.13,10.8,20.9,334,339,19.4,16.1,23.1,21.5,16.0,0.052,0.126,0.15,0.245,0,0.0,0.0,0.0,0.0,0.0,0.0,0.0,0.0,0.0,0.0,0.0,0.0,0.0
38.69947,-8.46048,81.0,2001-06-04T05:00,13.4,91,11.9,12.4,0.0,0.0,0.0,0.0,1,1022.2,1012.4,28,31,0,0,0.0,0.14,10.5,20.8,333,337,18.4,15.9,22.8,21.5,16.0,0.052,0.126,0.15,0.245,0,0.0,0.0,0.0,0.0,0.0,0.0,0.0,0.0,0.0,0.0,0.0,0.0,0.0
38.69947,-8.46048,81.0,2001-06-04T06:00,13.5,90,11.9,12.4,0.0,0.0,0.0,0.0,1,1022.8,1013.0,28,31,0,0,0.02,0.15,11.4,20.6,332,335,17.6,15.8,22.5,21.5,16.0,0.052,0.126,0.15,0.245,1,269.68,24.0,9.0,15.0,85.5,24.0,81.1,54.3,20.4,33.9,147.5,31.5,183.5
38.69947,-8.46048,81.0,2001-06-04T07:00,15.3,82,12.3,14.1,0.0,0.0,0.0,0.0,1,1023.0,1013.2,30,33,0,0,0.08,0.31,13.5,19.3,335,336,29.2,17.3,22.3,21.5,16.0,0.052,0.126,0.15,0.245,1,3600.0,147.0,78.0,69.0,336.0,147.0,308.6,206.6,109.6,97.0,336.0,206.6,433.8
38.69947,-8.46048,81.0,2001-06-04T08:00,17.2,72,12.2,15.8,0.0,0.0,0.0,0.0,0,1023.3,1013.6,4,4,0,0,0.18,0.54,13.7,18.7,337,337,30.6,19.4,22.2,21.5,16.0,0.052,0.126,0.15,0.245,1,3600.0,329.0,211.0,118.0,504.1,329.0,556.3,399.8,256.4,143.4,504.1,399.8,676.1
38.69947,-8.46048,81.0,2001-06-04T09:00,19.6,62,12.1,18.3,0.0,0.0,0.0,0.0,0,1023.4,1013.8,3,0,0,9,0.32,0.87,13.5,17.7,335,336,31.0,22.2,22.2,21.5,16.0,0.052,0.126,0.15,0.245,1,3600.0,554.0,439.0,115.0,740.7,554.0,787.8,628.7,498.2,130.5,740.7,628.7,894.0
38.69947,-8.46048,81.0,2001-06-04T10:00,22.1,53,12.0,22.0,0.0,0.0,0.0,0.0,0,1023.5,1014.0,5,0,0,16,0.46,1.26,11.9,15.3,335,336,32.0,25.2,22.3,21.5,16.0,0.052,0.125,0.15,0.245,1,3600.0,734.0,614.0,120.0,826.7,734.0,987.2,797.5,667.2,130.4,826.7,797.5,1072.6
38.69947,-8.46048,81.0,2001-06-04T11:00,24.5,43,11.0,24.7,0.0,0.0,0.0,0.0,0,1023.3,1013.8,4,0,0,15,0.59,1.76,12.9,16.6,330,333,34.2,28.0,22.5,21.5,16.0,0.052,0.125,0.149,0.245,1,3600.0,874.0,750.0,124.0,873.7,874.0,1140.9,919.1,788.7,130.4,873.7,919.1,1199.7
38.69947,-8.46048,81.0,2001-06-04T12:00,26.4,35,9.7,26.5,0.0,0.0,0.0,0.0,0,1023.0,1013.6,3,0,0,9,0.68,2.23,13.6,17.4,328,330,34.9,30.3,22.8,21.5,16.1,0.052,0.125,0.149,0.245,1,3600.0,961.0,829.0,132.0,889.7,961.0,1238.5,982.9,847.9,135.0,889.7,982.9,1266.7
38.69947,-8.46048,81.0,2001-06-04T13:00,27.7,31,8.8,27.7,0.0,0.0,0.0,0.0,0,1022.7,1013.3,4,0,0,15,0.73,2.58,14.2,18.2,324,326,35.3,32.0,23.1,21.5,16.1,0.052,0.124,0.149,0.245,1,3600.0,996.0,868.0,128.0,906.0,996.0,1273.3,992.6,865.1,127.6,906.0,992.6,1269.0
38.69947,-8.46048,81.0,2001-06-04T14:00,28.5,28,8.3,28.2,0.0,0.0,0.0,0.0,0,1022.1,1012.8,6,0,0,19,0.73,2.8,14.6,18.8,322,324,35.3,33.1,23.5,21.5,16.1,0.052,0.124,0.149,0.245,1,3600.0,970.0,848.0,122.0,906.7,970.0,1243.1,941.5,823.1,118.4,906.7,941.5,1206.5
38.69947,-8.46048,81.0,2001-06-04T15:00,28.9,27,8.1,27.9,0.0,0.0,0.0,0.0,0,1021.7,1012.4,13,0,0,44,0.69,2.91,15.6,20.1,322,324,36.0,33.4,23.8,21.5,16.1,0.052,0.124,0.149,0.245,1,3600.0,885.0,762.0,123.0,880.8,885.0,1149.8,834.0,718.1,115.9,880.8,834.0,1083.5
38.69947,-8.46048,81.0,2001-06-04T16:00,28.7,27,8.1,26.8,0.0,0.0,0.0,0.0,1,1021.8,1012.5,22,0,0,72,0.61,2.86,16.7,22.0,323,325,37.1,33.0,24.1,21.5,16.1,0.052,0.124,0.149,0.245,1,3600.0,742.0,612.0,130.0,813.5,742.0,999.8,674.1,556.0,118.1,813.5,674.1,908.3
38.69947,-8.46048,81.0,2001-06-04T17:00,27.9,29,8.4,24.9,0.0,0.0,0.0,0.0,1,1021.7,1012.4,27,0,0,90,0.49,2.66,18.2,24.3,326,328,38.9,31.7,24.4,21.5,16.1,0.052,0.123,0.149,0.245,1,3600.0,560.0,428.0,132.0,708.1,560.0,803.4,483.0,369.1,113.8,708.1,483.0,692.8
38.69947,-8.46048,81.0,2001-06-04T18:00,26.4,34,9.2,23.2,0.0,0.0,0.0,0.0,1,1021.8,1012.4,27,0,0,89,0.37,2.27,19.9,27.1,328,330,41.0,29.7,24.6,21.5,16.1,0.052,0.123,0.149,0.245,1,3600.0,356.0,233.0,123.0,539.6,356.0,573.9,280.3,183.5,96.9,539.6,280.3,451.9
38.69947,-8.46048,81.0,2001-06-04T19:00,24.0,41,10.0,21.1,0.0,0.0,0.0,0.0,1,1022.2,1012.7,29,0,0,97,0.24,1.76,20.0,28.8,330,331,40.7,27.2,24.6,21.5,16.1,0.052,0.123,0.149,0.245,1,3600.0,165.0,79.0,86.0,321.1,165.0,327.0,101.9,48.8,53.1,321.1,101.9,201.8
38.69947,-8.46048,81.0,2001-06-04T20:00,21.8,49,10.7,19.2,0.0,0.0,0.0,0.0,1,1022.9,1013.4,29,0,0,95,0.14,1.33,19.7,29.8,332,333,38.5,24.7,24.6,21.5,16.1,0.052,0.123,0.149,0.245,0,487.59,32.0,11.0,21.0,98.1,32.0,90.2,0.0,0.0,0.0,0.0,0.0,0.0
38.69947,-8.46048,81.0,2001-06-04T21:00,19.8,58,11.4,17.5,0.0,0.0,0.0,0.0,1,1023.4,1013.8,25,0,0,83,0.09,0.97,18.7,29.3,337,339,37.1,22.7,24.4,21.5,16.1,0.052,0.123,0.149,0.245,0,0.0,0.0,0.0,0.0,0.0,0.0,0.0,0.0,0.0,0.0,0.0,0.0,0.0
38.69947,-8.46048,81.0,2001-06-04T22:00,18.2,67,12.0,16.6,0.0,0.0,0.0,0.0,0,1023.8,1014.1,12,1,0,37,0.06,0.69,15.6,26.0,341,343,34.9,21.1,24.2,21.5,16.1,0.052,0.123,0.149,0.245,0,0.0,0.0,0.0,0.0,0.0,0.0,0.0,0.0,0.0,0.0,0.0,0.0,0.0
38.69947,-8.46048,81.0,2001-06-04T23:00,17.1,74,12.5,15.8,0.0,0.0,0.0,0.0,0,1023.8,1014.1,3,1,0,7,0.03,0.5,13.9,24.2,343,345,29.5,19.9,24.0,21.5,16.1,0.052,0.123,0.149,0.245,0,0.0,0.0,0.0,0.0,0.0,0.0,0.0,0.0,0.0,0.0,0.0,0.0,0.0
38.69947,-8.46048,81.0,2001-06-05T00:00,16.1,81,12.8,15.2,0.0,0.0,0.0,0.0,0,1023.9,1014.2,1,1,0,0,0.02,0.36,12.4,23.1,343,346,25.6,18.9,23.8,21.5,16.1,0.052,0.123,0.149,0.245,0,0.0,0.0,0.0,0.0,0.0,0.0,0.0,0.0,0.0,0.0,0.0,0.0,0.0
38.69947,-8.46048,81.0,2001-06-05T01:00,15.3,86,13.0,14.5,0.0,0.0,0.0,0.0,0,1023.3,1013.5,3,3,0,0,0.01,0.25,11.7,22.8,342,344,22.7,18.0,23.5,21.5,16.1,0.052,0.123,0.149,0.245,0,0.0,0.0,0.0,0.0,0.0,0.0,0.0,0.0,0.0,0.0,0.0,0.0,0.0
38.69947,-8.46048,81.0,2001-06-05T02:00,14.7,89,13.0,13.9,0.0,0.0,0.0,0.0,0,1022.9,1013.1,4,4,0,0,0.0,0.18,11.7,22.8,342,344,20.9,17.2,23.2,21.5,16.1,0.052,0.123,0.149,0.245,0,0.0,0.0,0.0,0.0,0.0,0.0,0.0,0.0,0.0,0.0,0.0,0.0,0.0
38.69947,-8.46048,81.0,2001-06-05T03:00,14.2,91,12.8,13.5,0.0,0.0,0.0,0.0,0,1022.5,1012.7,5,6,0,0,0.0,0.15,10.9,22.4,343,345,20.2,16.6,23.0,21.5,16.1,0.052,0.123,0.149,0.245,0,0.0,0.0,0.0,0.0,0.0,0.0,0.0,0.0,0.0,0.0,0.0,0.0,0.0
38.69947,-8.46048,81.0,2001-06-05T04:00,13.9,92,12.5,13.1,0.0,0.0,0.0,0.0,0,1022.3,1012.5,9,10,0,0,0.0,0.13,10.9,22.5,343,344,19.8,16.1,22.7,21.5,16.1,0.052,0.123,0.149,0.245,0,0.0,0.0,0.0,0.0,0.0,0.0,0.0,0.0,0.0,0.0,0.0,0.0,0.0
38.69947,-8.46048,81.0,2001-06-05T05:00,13.7,91,12.3,12.8,0.0,0.0,0.0,0.0,0,1022.3,1012.5,13,14,0,0,0.0,0.14,10.7,22.1,340,344,19.1,15.7,22.4,21.5,16.1,0.052,0.123,0.149,0.244,0,0.0,0.0,0.0,0.0,0.0,0.0,0.0,0.0,0.0,0.0,0.0,0.0,0.0
38.69947,-8.46048,81.0,2001-06-05T06:00,13.8,89,12.1,12.8,0.0,0.0,0.0,0.0,0,1022.4,1012.6,10,11,0,0,0.02,0.17,11.2,21.5,339,342,19.8,15.7,22.1,21.5,16.1,0.052,0.123,0.149,0.244,1,573.58,26.0,12.0,14.0,113.7,26.0,81.5,58.8,27.1,31.6,195.6,34.2,184.3
38.69947,-8.46048,81.0,2001-06-05T07:00,15.8,80,12.4,14.7,0.0,0.0,0.0,0.0,0,1022.5,1012.8,14,16,0,0,0.09,0.36,12.8,19.1,338,340,25.9,17.3,21.9,21.5,16.1,0.052,0.123,0.149,0.244,1,3600.0,164.0,105.0,59.0,451.1,164.0,309.3,230.3,147.5,82.9,451.1,230.3,434.3
38.69947,-8.46048,81.0,2001-06-05T08:00,17.9,66,11.4,16.2,0.0,0.0,0.0,0.0,0,1022.8,1013.1,1,1,0,0,0.2,0.7,14.5,19.7,341,342,31.3,19.6,21.8,21.5,16.1,0.052,0.123,0.149,0.244,1,3600.0,348.0,253.0,95.0,603.8,348.0,556.8,422.8,307.4,115.4,603.8,422.8,676.5
38.69947,-8.46048,81.0,2001-06-05T09:00,20.1,55,10.8,18.3,0.0,0.0,0.0,0.0,0,1022.8,1013.2,0,0,0,0,0.34,1.06,14.4,18.8,338,340,33.1,22.4,21.8,21.4,16.2,0.052,0.123,0.149,0.244,1,3600.0,555.0,447.0,108.0,753.7,555.0,788.0,629.8,507.2,122.6,753.7,629.8,894.2
38.69947,-8.46048,81.0,2001-06-05T10:00,22.4,45,10.0,21.4,0.0,0.0,0.0,0.0,0,1022.7,1013.2,0,0,0,0,0.48,1.48,14.2,18.7,339,341,34.2,25.2,21.9,21.4,16.2,0.052,0.122,0.148,0.244,1,3600.0,742.0,630.0,112.0,847.9,742.0,987.3,806.2,684.5,121.7,847.9,806.2,1072.7
38.69947,-8.46048,81.0,2001-06-05T11:00,24.6,37,9.0,24.1,0.0,0.0,0.0,0.0,0,1022.3,1012.9,2,0,0,5,0.61,1.94,14.0,18.1,337,339,35.3,27.9,22.2,21.4,16.2,0.052,0.122,0.148,0.244,1,3600.0,884.0,773.0,111.0,900.2,884.0,1141.0,929.6,812.9,116.7,900.2,929.6,1199.9
38.69947,-8.46048,81.0,2001-06-05T12:00,26.3,32,8.1,26.1,0.0,0.0,0.0,0.0,0,1022.2,1012.8,1,0,0,3,0.69,2.33,13.4,17.1,333,335,35.6,30.1,22.5,21.4,16.2,0.052,0.122,0.148,0.244,1,3600.0,969.0,853.0,116.0,915.0,969.0,1238.7,991.1,872.5,118.6,915.0,991.1,1267.0
38.69947,-8.46048,81.0,2001-06-05T13:00,27.5,28,7.6,27.3,0.0,0.0,0.0,0.0,0,1021.5,1012.2,0,0,0,0,0.74,2.63,14.1,17.8,328,328,36.7,31.8,22.8,21.4,16.2,0.052,0.122,0.148,0.244,1,3600.0,999.0,882.0,117.0,920.1,999.0,1273.7,995.7,879.1,116.6,920.1,995.7,1269.5
38.69947,-8.46048,81.0,2001-06-05T14:00,28.4,27,7.4,27.5,0.0,0.0,0.0,0.0,0,1021.0,1011.7,0,0,0,0,0.74,2.83,16.3,20.8,325,326,38.9,32.8,23.2,21.4,16.2,0.052,0.121,0.148,0.244,1,3600.0,967.0,849.0,118.0,907.1,967.0,1243.6,938.7,824.1,114.5,907.1,938.7,1207.2
38.69947,-8.46048,81.0,2001-06-05T15:00,28.6,26,7.4,27.0,0.0,0.0,0.0,0.0,0,1020.9,1011.6,0,0,0,0,0.7,2.89,18.3,23.6,328,329,41.0,33.0,23.5,21.4,16.2,0.052,0.121,0.148,0.244,1,3600.0,882.0,766.0,116.0,884.5,882.0,1150.6,831.3,722.0,109.3,884.5,831.3,1084.5
38.69947,-8.46048,81.0,2001-06-05T16:00,28.3,28,7.8,25.7,0.0,0.0,0.0,0.0,0,1020.7,1011.4,0,0,0,0,0.62,2.78,20.0,26.6,330,332,42.8,32.4,23.8,21.4,16.2,0.052,0.121,0.148,0.244,1,3600.0,747.0,639.0,108.0,848.2,747.0,1000.9,678.8,580.7,98.1,848.2,678.8,909.6
38.69947,-8.46048,81.0,2001-06-05T17:00,27.2,31,8.4,23.8,0.0,0.0,0.0,0.0,0,1020.9,1011.5,0,0,0,0,0.51,2.51,21.4,29.1,333,334,44.6,31.0,24.1,21.4,16.2,0.052,0.12,0.148,0.244,1,3600.0,575.0,477.0,98.0,787.5,575.0,804.8,496.2,411.6,84.6,787.5,496.2,694.5
38.69947,-8.46048,81.0,2001-06-05T18:00,25.6,35,8.9,22.1,0.0,0.0,0.0,0.0,0,1021.0,1011.6,0,0,0,0,0.38,2.15,22.2,30.6,335,336,45.0,29.1,24.2,21.4,16.2,0.052,0.12,0.148,0.244,1,3600.0,382.0,300.0,82.0,692.4,382.0,575.7,301.2,236.5,64.6,692.4,301.2,453.8
38.69947,-8.46048,81.0,2001-06-05T19:00,23.0,44,10.2,19.9,0.0,0.0,0.0,0.0,0,1021.3,1011.8,0,0,0,0,0.23,1.57,21.6,31.2,336,338,44.6,26.6,24.2,21.4,16.2,0.052,0.12,0.148,0.244,1,3600.0,188.0,129.0,59.0,520.9,188.0,329.0,116.6,80.0,36.6,520.9,116.6,204.0
38.69947,-8.46048,81.0,2001-06-05T20:00,20.8,52,10.5,17.9,0.0,0.0,0.0,0.0,0,1021.8,1012.2,0,0,0,0,0.14,1.19,21.0,31.8,338,340,41.8,24.0,24.2,21.4,16.2,0.052,0.12,0.148,0.244,0,1415.76,36.0,19.0,17.0,168.1,36.0,91.3,0.0,0.0,0.0,0.0,0.0,0.0
38.69947,-8.46048,81.0,2001-06-05T21:00,18.9,59,10.8,16.3,0.0,0.0,0.0,0.0,0,1022.1,1012.5,0,0,0,0,0.09,0.89,19.2,30.7,343,344,38.5,22.0,24.1,21.4,16.2,0.052,0.12,0.148,0.244,0,0.0,0.0,0.0,0.0,0.0,0.0,0.0,0.0,0.0,0.0,0.0,0.0,0.0
38.69947,-8.46048,81.0,2001-06-05T22:00,17.5,66,11.0,15.2,0.0,0.0,0.0,0.0,0,1022.7,1013.0,0,0,0,0,0.06,0.68,17.6,29.2,345,347,36.0,20.4,23.9,21.4,16.2,0.052,0.12,0.148,0.244,0,0.0,0.0,0.0,0.0,0.0,0.0,0.0,0.0,0.0,0.0,0.0,0.0,0.0
38.69947,-8.46048,81.0,2001-06-05T23:00,16.3,72,11.2,14.4,0.0,0.0,0.0,0.0,0,1022.6,1012.9,0,0,0,0,0.04,0.52,16.0,27.6,346,348,32.8,19.2,23.7,21.4,16.2,0.052,0.12,0.148,0.244,0,0.0,0.0,0.0,0.0,0.0,0.0,0.0,0.0,0.0,0.0,0.0,0.0,0.0
38.69947,-8.46048,81.0,2001-06-06T00:00,15.5,77,11.5,13.7,0.0,0.0,0.0,0.0,0,1022.5,1012.8,0,0,0,0,0.03,0.4,14.9,26.9,345,348,30.2,18.3,23.4,21.4,16.2,0.052,0.12,0.148,0.244,0,0.0,0.0,0.0,0.0,0.0,0.0,0.0,0.0,0.0,0.0,0.0,0.0,0.0
38.69947,-8.46048,81.0,2001-06-06T01:00,14.9,81,11.6,13.2,0.0,0.0,0.0,0.0,0,1022.1,1012.3,1,1,0,0,0.02,0.33,14.8,26.9,346,348,28.8,17.5,23.1,21.4,16.2,0.052,0.12,0.148,0.244,0,0.0,0.0,0.0,0.0,0.0,0.0,0.0,0.0,0.0,0.0,0.0,0.0,0.0
38.69947,-8.46048,81.0,2001-06-06T02:00,14.3,84,11.6,12.7,0.0,0.0,0.0,0.0,0,1021.5,1011.7,0,0,0,0,0.01,0.27,14.7,27.0,349,351,28.1,16.9,22.9,21.4,16.2,0.052,0.12,0.148,0.244,0,0.0,0.0,0.0,0.0,0.0,0.0,0.0,0.0,0.0,0.0,0.0,0.0,0.0
38.69947,-8.46048,81.0,2001-06-06T03:00,13.9,86,11.6,12.3,0.0,0.0,0.0,0.0,0,1021.2,1011.4,0,0,0,0,0.01,0.23,14.2,26.8,351,353,27.0,16.3,22.6,21.4,16.2,0.052,0.12,0.148,0.244,0,0.0,0.0,0.0,0.0,0.0,0.0,0.0,0.0,0.0,0.0,0.0,0.0,0.0
38.69947,-8.46048,81.0,2001-06-06T04:00,13.6,88,11.6,12.0,0.0,0.0,0.0,0.0,0,1020.9,1011.1,1,1,0,0,0.01,0.19,13.8,26.4,353,355,26.3,15.9,22.3,21.4,16.2,0.052,0.12,0.148,0.244,0,0.0,0.0,0.0,0.0,0.0,0.0,0.0,0.0,0.0,0.0,0.0,0.0,0.0
38.69947,-8.46048,81.0,2001-06-06T05:00,13.3,90,11.6,11.8,0.0,0.0,0.0,0.0,0,1020.9,1011.1,0,0,0,0,0.0,0.16,13.4,26.0,354,355,25.6,15.5,22.0,21.4,16.2,0.052,0.12,0.148,0.244,0,0.0,0.0,0.0,0.0,0.0,0.0,0.0,0.0,0.0,0.0,0.0,0.0,0.0
38.69947,-8.46048,81.0,2001-06-06T06:00,13.4,89,11.7,11.9,0.0,0.0,0.0,0.0,0,1021.2,1011.4,0,0,0,1,0.02,0.16,13.7,25.6,357,358,25.6,15.5,21.8,21.4,16.2,0.052,0.12,0.148,0.244,1,575.84,26.0,12.0,14.0,113.4,26.0,81.9,58.8,27.1,31.6,194.7,34.2,185.0
38.69947,-8.46048,81.0,2001-06-06T07:00,15.5,79,11.8,13.9,0.0,0.0,0.0,0.0,0,1021.3,1011.6,6,6,0,2,0.09,0.37,14.4,22.0,360,360,28.8,16.9,21.6,21.4,16.3,0.052,0.12,0.148,0.244,1,3600.0,171.0,114.0,57.0,488.8,171.0,309.9,239.9,160.0,80.0,488.8,239.9,434.8
38.69947,-8.46048,81.0,2001-06-06T08:00,18.0,66,11.4,16.2,0.0,0.0,0.0,0.0,0,1021.3,1011.6,0,0,0,0,0.21,0.71,15.1,20.5,1,3,32.4,19.5,21.5,21.4,16.3,0.052,0.12,0.148,0.244,1,3600.0,362.0,278.0,84.0,662.9,362.0,557.1,439.7,337.7,102.0,662.9,439.7,676.7
38.69947,-8.46048,81.0,2001-06-06T09:00,20.8,53,10.8,18.9,0.0,0.0,0.0,0.0,0,1021.0,1011.4,0,0,0,0,0.35,1.16,14.8,19.8,1,2,33.5,22.4,21.5,21.3,16.3,0.052,0.12,0.147,0.244,1,3600.0,557.0,458.0,99.0,771.9,557.0,788.2,632.0,519.7,112.3,771.9,632.0,894.3
38.69947,-8.46048,81.0,2001-06-06T10:00,23.6,40,9.4,22.2,0.0,0.0,0.0,0.0,0,1020.6,1011.1,0,0,0,0,0.5,1.73,14.8,19.1,359,360,34.2,25.5,21.7,21.3,16.3,0.052,0.12,0.147,0.244,1,3600.0,733.0,624.0,109.0,839.5,733.0,987.4,796.4,678.0,118.4,839.5,796.4,1072.8
38.69947,-8.46048,81.0,2001-06-06T11:00,26.0,30,7.3,24.9,0.0,0.0,0.0,0.0,0,1020.2,1010.8,0,0,0,0,0.63,2.34,14.8,19.1,359,360,34.6,28.4,21.9,21.3,16.3,0.052,0.119,0.147,0.244,1,3600.0,870.0,753.0,117.0,876.6,870.0,1141.1,914.9,791.9,123.0,876.6,914.9,1200.0
38.69947,-8.46048,81.0,2001-06-06T12:00,28.0,24,5.4,26.9,0.0,0.0,0.0,0.0,0,1019.7,1010.4,0,0,0,0,0.73,2.87,14.4,18.7,356,358,34.9,30.9,22.3,21.3,16.3,0.052,0.119,0.147,0.244,1,3600.0,959.0,837.0,122.0,897.5,959.0,1238.8,981.0,856.2,124.8,897.5,981.0,1267.2
38.69947,-8.46048,81.0,2001-06-06T13:00,29.5,20,4.5,28.3,0.0,0.0,0.0,0.0,0,1018.9,1009.6,0,0,0,0,0.78,3.27,15.0,19.2,350,352,35.6,32.8,22.7,21.3,16.3,0.052,0.119,0.147,0.244,1,3600.0,991.0,869.0,122.0,906.1,991.0,1274.0,987.8,866.2,121.6,906.1,987.8,1269.9
38.69947,-8.46048,81.0,2001-06-06T14:00,30.5,19,4.1,28.9,0.0,0.0,0.0,0.0,0,1018.5,1009.3,0,0,0,0,0.78,3.54,16.2,20.9,347,349,37.4,34.0,23.1,21.3,16.3,0.051,0.118,0.147,0.244,1,3600.0,965.0,844.0,121.0,901.1,965.0,1244.2,936.9,819.4,117.5,901.1,936.9,1207.9
38.69947,-8.46048,81.0,2001-06-06T15:00,30.9,19,4.5,28.8,0.0,0.0,0.0,0.0,0,1017.8,1008.6,0,0,0,0,0.74,3.63,17.1,22.1,345,348,38.5,34.4,23.5,21.3,16.3,0.051,0.118,0.147,0.244,1,3600.0,882.0,766.0,116.0,883.7,882.0,1151.4,831.4,722.1,109.4,883.7,831.4,1085.4
38.69947,-8.46048,81.0,2001-06-06T16:00,30.8,20,5.3,28.0,0.0,0.0,0.0,0.0,0,1017.4,1008.2,0,0,0,0,0.66,3.54,17.9,23.3,345,347,39.2,34.0,23.8,21.3,16.3,0.051,0.118,0.147,0.244,1,3600.0,749.0,641.0,108.0,849.7,749.0,1002.1,680.8,582.7,98.2,849.7,680.8,910.9
38.69947,-8.46048,81.0,2001-06-06T17:00,30.0,23,6.5,26.5,0.0,0.0,0.0,0.0,0,1017.4,1008.2,0,0,0,0,0.54,3.27,18.4,24.5,343,346,40.0,32.8,24.1,21.3,16.3,0.051,0.118,0.147,0.244,1,3600.0,578.0,481.0,97.0,792.4,578.0,806.3,499.0,415.3,83.7,792.4,499.0,696.1
38.69947,-8.46048,81.0,2001-06-06T18:00,28.5,28,8.1,25.2,0.0,0.0,0.0,0.0,0,1017.1,1007.8,0,0,0,0,0.41,2.81,19.0,26.3,341,343,40.7,31.0,24.3,21.3,16.3,0.051,0.118,0.147,0.244,1,3600.0,383.0,302.0,81.0,694.7,383.0,577.4,302.3,238.4,63.9,694.7,302.3,455.7
38.69947,-8.46048,81.0,2001-06-06T19:00,26.4,36,10.0,23.8,0.0,0.0,0.0,0.0,0,1017.1,1007.8,0,0,0,0,0.26,2.22,17.9,26.5,338,339,38.5,28.6,24.5,21.3,16.3,0.051,0.117,0.146,0.244,1,3600.0,189.0,132.0,57.0,529.6,189.0,331.0,117.7,82.2,35.5,529.6,117.7,206.2
38.69947,-8.46048,81.0,2001-06-06T20:00,24.0,43,10.8,21.8,0.0,0.0,0.0,0.0,0,1017.5,1008.1,0,0,0,0,0.15,1.69,16.8,27.1,337,341,34.9,26.1,24.5,21.3,16.3,0.051,0.117,0.146,0.244,0,1429.7,37.0,19.0,18.0,166.9,37.0,92.3,0.0,0.0,0.0,0.0,0.0,0.0
38.69947,-8.46048,81.0,2001-06-06T21:00,21.9,51,11.3,20.1,0.0,0.0,0.0,0.0,0,1017.8,1008.3,0,0,0,0,0.1,1.29,14.9,25.5,340,344,31.3,24.0,24.4,21.3,16.3,0.051,0.117,0.146,0.244,0,0.0,0.0,0.0,0.0,0.0,0.0,0.0,0.0,0.0,0.0,0.0,0.0,0.0
38.69947,-8.46048,81.0,2001-06-06T22:00,20.1,58,11.5,18.6,0.0,0.0,0.0,0.0,0,1018.1,1008.5,0,0,0,0,0.07,1.0,13.3,24.5,341,346,27.0,22.3,24.3,21.3,16.3,0.051,0.117,0.146,0.244,0,0.0,0.0,0.0,0.0,0.0,0.0,0.0,0.0,0.0,0.0,0.0,0.0,0.0
38.69947,-8.46048,81.0,2001-06-06T23:00,18.7,63,11.6,17.5,0.0,0.0,0.0,0.0,0,1017.8,1008.2,0,0,0,0,0.05,0.8,12.0,23.1,344,349,23.4,20.9,24.1,21.3,16.3,0.051,0.117,0.146,0.244,0,0.0,0.0,0.0,0.0,0.0,0.0,0.0,0.0,0.0,0.0,0.0,0.0,0.0
38.69947,-8.46048,81.0,2001-06-07T00:00,17.5,69,11.7,16.5,0.0,0.0,0.0,0.0,0,1017.6,1008.0,0,0,0,0,0.03,0.63,10.7,21.5,346,351,20.9,19.8,23.9,21.3,16.3,0.051,0.117,0.146,0.244,0,0.0,0.0,0.0,0.0,0.0,0.0,0.0,0.0,0.0,0.0,0.0,0.0,0.0
38.69947,-8.46048,81.0,2001-06-07T01:00,16.5,74,11.9,15.6,0.0,0.0,0.0,0.0,0,1017.0,1007.3,0,0,0,0,0.02,0.49,10.0,20.4,347,352,18.7,18.8,23.6,21.3,16.3,0.051,0.117,0.146,0.243,0,0.0,0.0,0.0,0.0,0.0,0.0,0.0,0.0,0.0,0.0,0.0,0.0,0.0
38.69947,-8.46048,81.0,2001-06-07T02:00,15.6,79,12.1,15.0,0.0,0.0,0.0,0.0,0,1016.7,1007.0,0,0,0,0,0.01,0.37,8.8,19.2,348,354,17.3,17.9,23.4,21.3,16.3,0.051,0.117,0.146,0.243,0,0.0,0.0,0.0,0.0,0.0,0.0,0.0,0.0,0.0,0.0,0.0,0.0,0.0
38.69947,-8.46048,81.0,2001-06-07T03:00,15.0,84,12.3,14.5,0.0,0.0,0.0,0.0,0,1016.7,1007.0,0,0,0,0,0.0,0.27,8.0,18.1,352,355,16.2,17.2,23.1,21.3,16.3,0.051,0.117,0.146,0.243,0,0.0,0.0,0.0,0.0,0.0,0.0,0.0,0.0,0.0,0.0,0.0,0.0,0.0
38.69947,-8.46048,81.0,2001-06-07T04:00,14.4,88,12.5,14.1,0.0,0.0,0.0,0.0,0,1016.2,1006.5,0,0,0,0,0.0,0.19,7.2,17.3,357,359,14.8,16.5,22.8,21.3,16.3,0.051,0.117,0.146,0.243,0,0.0,0.0,0.0,0.0,0.0,0.0,0.0,0.0,0.0,0.0,0.0,0.0,0.0
38.69947,-8.46048,81.0,2001-06-07T05:00,13.9,92,12.5,13.7,0.0,0.0,0.0,0.0,0,1016.1,1006.4,0,0,0,0,0.0,0.13,6.8,16.2,3,4,13.3,16.0,22.5,21.3,16.4,0.051,0.117,0.146,0.243,0,0.0,0.0,0.0,0.0,0.0,0.0,0.0,0.0,0.0,0.0,0.0,0.0,0.0
38.69947,-8.46048,81.0,2001-06-07T06:00,13.9,93,12.7,13.8,0.0,0.0,0.0,0.0,0,1016.1,1006.4,0,0,0,0,0.01,0.11,6.5,14.5,3,6,12.2,15.8,22.3,21.3,16.4,0.051,0.117,0.146,0.243,1,680.31,28.0,13.0,15.0,122.5,28.0,82.2,63.3,29.4,33.9,210.2,36.9,185.6
38.69947,-8.46048,81.0,2001-06-07T07:00,16.0,82,12.8,16.0,0.0,0.0,0.0,0.0,0,1016.2,1006.5,0,0,0,0,0.08,0.33,5.8,9.4,360,4,14.0,17.4,22.1,21.3,16.4,0.051,0.117,0.146,0.243,1,3600.0,172.0,116.0,56.0,496.5,172.0,310.3,241.2,162.7,78.5,496.5,241.2,435.1
38.69947,-8.46048,81.0,2001-06-07T08:00,18.9,70,13.2,19.1,0.0,0.0,0.0,0.0,0,1016.2,1006.6,0,0,0,0,0.2,0.67,5.5,7.3,349,351,16.9,20.9,22.0,21.3,16.4,0.051,0.117,0.146,0.243,1,3600.0,365.0,283.0,82.0,674.4,365.0,557.3,443.3,343.7,99.6,674.4,443.3,676.9
38.69947,-8.46048,81.0,2001-06-07T09:00,22.2,57,13.3,22.5,0.0,0.0,0.0,0.0,0,1016.1,1006.6,0,0,0,0,0.35,1.15,5.2,6.5,335,341,18.7,24.4,22.1,21.3,16.4,0.051,0.117,0.146,0.243,1,3600.0,561.0,461.0,100.0,776.7,561.0,788.3,636.5,523.0,113.5,776.7,636.5,894.3
38.69947,-8.46048,81.0,2001-06-07T10:00,25.2,46,12.7,26.3,0.0,0.0,0.0,0.0,0,1015.7,1006.3,0,0,0,0,0.5,1.74,6.1,7.6,332,335,19.8,28.0,22.3,21.3,16.4,0.051,0.117,0.146,0.243,1,3600.0,737.0,626.0,111.0,842.0,737.0,987.4,800.8,680.1,120.6,842.0,800.8,1072.8
38.69947,-8.46048,81.0,2001-06-07T11:00,27.8,35,10.8,29.4,0.0,0.0,0.0,0.0,0,1015.2,1005.9,0,0,0,0,0.62,2.44,4.8,5.6,318,320,19.8,31.3,22.6,21.3,16.4,0.051,0.117,0.146,0.243,1,3600.0,875.0,756.0,119.0,879.9,875.0,1141.1,920.2,795.0,125.1,879.9,920.2,1200.0
38.69947,-8.46048,81.0,2001-06-07T12:00,29.9,27,8.6,31.4,0.0,0.0,0.0,0.0,0,1014.8,1005.6,0,0,0,0,0.7,3.09,4.9,5.7,287,288,21.6,34.0,23.0,21.3,16.4,0.051,0.116,0.146,0.243,1,3600.0,963.0,840.0,123.0,900.4,963.0,1238.9,985.1,859.3,125.8,900.4,985.1,1267.4
38.69947,-8.46048,81.0,2001-06-07T13:00,31.4,23,7.5,32.4,0.0,0.0,0.0,0.0,0,1014.2,1005.0,0,0,0,0,0.76,3.55,6.9,8.0,276,278,25.6,35.9,23.5,21.3,16.4,0.051,0.116,0.146,0.243,1,3600.0,996.0,873.0,123.0,909.8,996.0,1274.3,992.9,870.3,122.6,909.8,992.9,1270.3
38.69947,-8.46048,81.0,2001-06-07T14:00,32.2,21,7.2,32.5,0.0,0.0,0.0,0.0,0,1013.6,1004.5,0,0,0,0,0.77,3.78,9.4,11.2,274,276,28.8,36.8,24.0,21.3,16.4,0.051,0.116,0.146,0.243,1,3600.0,970.0,849.0,121.0,905.8,970.0,1244.7,941.8,824.3,117.5,905.8,941.8,1208.5
38.69947,-8.46048,81.0,2001-06-07T15:00,32.4,21,7.6,32.0,0.0,0.0,0.0,0.0,0,1013.0,1003.9,0,0,0,0,0.73,3.83,11.6,14.2,277,279,31.0,36.8,24.4,21.3,16.4,0.051,0.115,0.146,0.243,1,3600.0,887.0,770.0,117.0,887.5,887.0,1152.2,836.3,726.0,110.3,887.5,836.3,1086.4
38.69947,-8.46048,81.0,2001-06-07T16:00,32.1,23,8.3,30.8,0.0,0.0,0.0,0.0,0,1013.0,1003.9,0,0,0,0,0.64,3.69,13.8,17.7,285,287,33.5,36.1,24.8,21.3,16.4,0.051,0.115,0.145,0.243,1,3600.0,754.0,645.0,109.0,853.8,754.0,1003.2,685.6,586.5,99.1,853.8,685.6,912.1
38.69947,-8.46048,81.0,2001-06-07T17:00,31.1,25,9.0,28.7,0.0,0.0,0.0,0.0,0,1012.6,1003.4,0,0,0,0,0.53,3.36,15.8,20.4,294,296,35.3,34.6,25.1,21.3,16.4,0.051,0.115,0.145,0.243,1,3600.0,582.0,485.0,97.0,797.4,582.0,807.7,502.7,418.9,83.8,797.4,502.7,697.6
38.69947,-8.46048,81.0,2001-06-07T18:00,29.4,29,9.6,26.8,0.0,0.0,0.0,0.0,0,1012.7,1003.5,0,0,0,0,0.4,2.91,16.9,22.7,304,306,36.0,32.5,25.3,21.3,16.4,0.051,0.115,0.145,0.243,1,3600.0,388.0,306.0,82.0,701.7,388.0,579.1,306.6,241.8,64.8,701.7,306.6,457.6
38.69947,-8.46048,81.0,2001-06-07T19:00,27.0,34,9.7,24.4,0.0,0.0,0.0,0.0,0,1012.8,1003.5,0,0,0,0,0.26,2.36,17.1,24.7,312,316,34.9,29.8,25.4,21.3,16.4,0.051,0.115,0.145,0.243,1,3600.0,193.0,135.0,58.0,538.3,193.0,333.0,120.7,84.4,36.3,538.3,120.7,208.3
38.69947,-8.46048,81.0,2001-06-07T20:00,24.1,38,9.0,21.3,0.0,0.0,0.0,0.0,0,1013.5,1004.1,0,0,0,0,0.17,1.86,17.5,27.0,323,326,34.2,26.8,25.4,21.3,16.4,0.051,0.115,0.145,0.243,0,1561.88,39.0,20.0,19.0,174.5,39.0,93.4,0.0,0.0,0.0,0.0,0.0,0.0
38.69947,-8.46048,81.0,2001-06-07T21:00,21.6,42,8.1,18.9,0.0,0.0,0.0,0.0,0,1014.2,1004.7,0,0,0,0,0.12,1.5,15.0,25.0,333,335,32.8,24.4,25.3,21.4,16.4,0.051,0.115,0.145,0.243,0,0.0,0.0,0.0,0.0,0.0,0.0,0.0,0.0,0.0,0.0,0.0,0.0,0.0
38.69947,-8.46048,81.0,2001-06-07T22:00,19.9,45,7.7,17.8,0.0,0.0,0.0,0.0,0,1014.5,1005.0,0,0,0,0,0.07,1.27,10.0,19.5,334,341,27.7,22.5,25.1,21.4,16.4,0.051,0.115,0.145,0.243,0,0.0,0.0,0.0,0.0,0.0,0.0,0.0,0.0,0.0,0.0,0.0,0.0,0.0
38.69947,-8.46048,81.0,2001-06-07T23:00,18.4,49,7.6,16.7,0.0,0.0,0.0,0.0,0,1014.7,1005.1,0,0,0,0,0.05,1.08,7.7,16.9,323,333,19.4,21.0,24.9,21.4,16.4,0.051,0.115,0.145,0.243,0,0.0,0.0,0.0,0.0,0.0,0.0,0.0,0.0,0.0,0.0,0.0,0.0,0.0
38.69947,-8.46048,81.0,2001-06-08T00:00,17.2,54,7.7,15.3,0.0,0.0,0.0,0.0,0,1014.5,1004.9,0,0,0,0,0.04,0.91,8.4,17.7,313,322,15.8,19.6,24.6,21.4,16.4,0.051,0.115,0.145,0.243,0,0.0,0.0,0.0,0.0,0.0,0.0,0.0,0.0,0.0,0.0,0.0,0.0,0.0
38.69947,-8.46048,81.0,2001-06-08T01:00,16.0,59,8.1,14.4,0.0,0.0,0.0,0.0,0,1014.4,1004.7,0,0,0,0,0.03,0.74,7.9,18.0,317,323,15.8,18.5,24.3,21.4,16.4,0.051,0.115,0.145,0.243,0,0.0,0.0,0.0,0.0,0.0,0.0,0.0,0.0,0.0,0.0,0.0,0.0,0.0
38.69947,-8.46048,81.0,2001-06-08T02:00,15.1,66,8.7,13.8,0.0,0.0,0.0,0.0,0,1014.1,1004.4,0,0,0,0,0.02,0.59,6.4,16.2,317,328,14.4,17.5,24.0,21.4,16.4,0.051,0.114,0.145,0.243,0,0.0,0.0,0.0,0.0,0.0,0.0,0.0,0.0,0.0,0.0,0.0,0.0,0.0
38.69947,-8.46048,81.0,2001-06-08T03:00,14.3,72,9.3,13.3,0.0,0.0,0.0,0.0,0,1014.1,1004.4,0,0,0,0,0.01,0.46,5.6,15.2,320,329,12.2,16.7,23.7,21.4,16.4,0.051,0.114,0.145,0.243,0,0.0,0.0,0.0,0.0,0.0,0.0,0.0,0.0,0.0,0.0,0.0,0.0,0.0
38.69947,-8.46048,81.0,2001-06-08T04:00,13.7,77,9.8,12.9,0.0,0.0,0.0,0.0,0,1014.0,1004.3,0,0,0,0,0.0,0.36,5.4,14.5,312,325,10.8,15.9,23.4,21.4,16.5,0.051,0.114,0.145,0.243,0,0.0,0.0,0.0,0.0,0.0,0.0,0.0,0.0,0.0,0.0,0.0,0.0,0.0
38.69947,-8.46048,81.0,2001-06-08T05:00,13.2,83,10.3,12.3,0.0,0.0,0.0,0.0,0,1013.8,1004.1,0,0,0,0,0.0,0.26,7.1,13.4,311,324,10.1,15.1,23.0,21.4,16.5,0.051,0.114,0.145,0.243,0,0.0,0.0,0.0,0.0,0.0,0.0,0.0,0.0,0.0,0.0,0.0,0.0,0.0
38.69947,-8.46048,81.0,2001-06-08T06:00,13.1,86,10.8,12.6,0.0,0.0,0.0,0.0,0,1014.2,1004.5,1,0,0,4,0.01,0.21,5.1,12.5,309,321,10.4,14.9,22.7,21.4,16.5,0.051,0.114,0.145,0.243,1,785.48,29.0,14.0,15.0,131.7,29.0,82.4,65.5,31.6,33.9,225.6,38.2,186.1
38.69947,-8.46048,81.0,2001-06-08T07:00,15.3,82,12.2,15.1,0.0,0.0,0.0,0.0,0,1014.3,1004.6,0,0,0,0,0.08,0.32,5.9,9.4,313,317,14.4,17.1,22.5,21.4,16.5,0.051,0.114,0.145,0.243,1,3600.0,173.0,118.0,55.0,504.4,173.0,310.6,242.4,165.4,77.1,504.4,242.4,435.3
38.69947,-8.46048,81.0,2001-06-08T08:00,17.8,66,11.4,17.1,0.0,0.0,0.0,0.0,0,1014.5,1004.9,2,0,0,7,0.2,0.69,7.6,9.9,315,316,19.8,20.3,22.4,21.4,16.5,0.051,0.114,0.145,0.243,1,3600.0,363.0,278.0,85.0,662.1,363.0,557.5,440.8,337.6,103.2,662.1,440.8,676.9
38.69947,-8.46048,81.0,2001-06-08T09:00,20.4,51,9.9,19.0,0.0,0.0,0.0,0.0,0,1014.6,1005.1,9,0,0,29,0.34,1.17,9.2,11.7,312,313,23.8,23.4,22.4,21.4,16.5,0.051,0.114,0.145,0.243,1,3600.0,552.0,444.0,108.0,747.9,552.0,788.3,626.3,503.7,122.5,747.9,626.3,894.3
38.69947,-8.46048,81.0,2001-06-08T10:00,22.6,41,8.7,22.0,0.0,0.0,0.0,0.0,0,1014.1,1004.7,7,0,0,24,0.47,1.62,8.7,11.3,300,301,26.3,26.3,22.5,21.4,16.5,0.051,0.114,0.145,0.243,1,3600.0,724.0,605.0,119.0,813.6,724.0,987.3,786.6,657.3,129.3,813.6,786.6,1072.7
38.69947,-8.46048,81.0,2001-06-08T11:00,24.6,35,7.9,24.6,0.0,0.0,0.0,0.0,0,1014.1,1004.7,4,0,0,13,0.58,2.02,8.8,11.2,289,291,27.4,29.0,22.7,21.3,16.5,0.051,0.114,0.145,0.243,1,3600.0,861.0,736.0,125.0,856.4,861.0,1141.0,905.5,774.0,131.5,856.4,905.5,1200.0
38.69947,-8.46048,81.0,2001-06-08T12:00,26.2,30,7.4,26.2,0.0,0.0,0.0,0.0,0,1013.8,1004.5,2,0,0,6,0.67,2.38,10.9,13.5,278,279,29.9,31.2,23.0,21.3,16.5,0.051,0.113,0.145,0.243,1,3600.0,948.0,823.0,125.0,881.9,948.0,1239.0,969.8,841.9,127.9,881.9,969.8,1267.5
38.69947,-8.46048,81.0,2001-06-08T13:00,27.3,28,7.2,27.1,0.0,0.0,0.0,0.0,0,1013.6,1004.3,7,0,0,24,0.71,2.62,12.6,15.9,275,276,32.8,32.7,23.4,21.3,16.5,0.051,0.113,0.145,0.243,1,3600.0,977.0,853.0,124.0,888.6,977.0,1274.5,974.0,850.4,123.6,888.6,974.0,1270.6
38.69947,-8.46048,81.0,2001-06-08T14:00,27.9,29,8.1,27.4,0.0,0.0,0.0,0.0,0,1013.0,1003.7,2,0,0,8,0.71,2.67,14.1,17.7,274,276,33.8,33.5,23.7,21.3,16.5,0.051,0.113,0.145,0.243,1,3600.0,946.0,822.0,124.0,876.5,946.0,1245.2,918.6,798.2,120.4,876.5,918.6,1209.1
38.69947,-8.46048,81.0,2001-06-08T15:00,28.0,31,9.3,27.1,0.0,0.0,0.0,0.0,0,1012.7,1003.4,2,0,0,5,0.66,2.6,15.6,20.1,278,279,36.0,33.5,24.0,21.3,16.5,0.051,0.113,0.144,0.243,1,3600.0,860.0,740.0,120.0,852.1,860.0,1153.0,811.0,697.8,113.2,852.1,811.0,1087.3
38.69947,-8.46048,81.0,2001-06-08T16:00,27.5,34,10.3,25.9,0.0,0.0,0.0,0.0,0,1012.7,1003.4,6,0,0,20,0.57,2.41,17.4,22.6,283,284,38.2,32.8,24.3,21.4,16.5,0.051,0.112,0.144,0.243,1,3600.0,726.0,611.0,115.0,807.8,726.0,1004.2,660.3,555.7,104.6,807.8,660.3,913.3
38.69947,-8.46048,81.0,2001-06-08T17:00,26.5,39,11.2,24.2,0.0,0.0,0.0,0.0,0,1012.8,1003.5,15,0,0,49,0.46,2.12,18.2,24.1,288,290,38.5,31.3,24.5,21.4,16.5,0.051,0.112,0.144,0.243,1,3600.0,558.0,458.0,100.0,751.5,558.0,809.1,482.2,395.8,86.4,751.5,482.2,699.2
38.69947,-8.46048,81.0,2001-06-08T18:00,25.1,44,12.0,22.9,0.0,0.0,0.0,0.0,1,1013.0,1003.7,26,0,0,88,0.33,1.78,18.9,25.4,294,295,38.5,29.4,24.7,21.4,16.5,0.051,0.112,0.144,0.243,1,3600.0,368.0,282.0,86.0,644.6,368.0,580.8,291.1,223.1,68.0,644.6,291.1,459.4
38.69947,-8.46048,81.0,2001-06-08T19:00,22.9,54,13.0,21.2,0.0,0.0,0.0,0.0,1,1013.3,1003.9,29,1,0,94,0.19,1.29,17.7,24.8,297,298,38.5,26.9,24.7,21.4,16.5,0.051,0.112,0.144,0.243,1,3600.0,167.0,88.0,79.0,348.8,167.0,334.9,104.9,55.3,49.6,348.8,104.9,210.3
38.69947,-8.46048,81.0,2001-06-08T20:00,21.2,62,13.6,20.0,0.0,0.0,0.0,0.0,1,1013.8,1004.3,33,5,0,94,0.09,0.95,15.8,23.4,297,299,35.3,24.5,24.6,21.4,16.5,0.051,0.112,0.144,0.243,0,250.11,31.0,9.0,22.0,78.0,31.0,94.4,0.0,0.0,0.0,0.0,0.0,0.0
38.69947,-8.46048,81.0,2001-06-08T21:00,19.9,69,14.0,19.2,0.0,0.0,0.0,0.0,1,1014.3,1004.8,48,24,0,87,0.05,0.73,14.2,21.6,297,300,29.2,22.7,24.5,21.4,16.5,0.051,0.112,0.144,0.242,0,0.0,0.0,0.0,0.0,0.0,0.0,0.0,0.0,0.0,0.0,0.0,0.0,0.0
38.69947,-8.46048,81.0,2001-06-08T22:00,19.0,74,14.3,18.8,0.0,0.0,0.0,0.0,2,1014.8,1005.2,54,38,0,65,0.03,0.57,11.5,18.4,290,293,26.3,21.5,24.3,21.4,16.5,0.051,0.112,0.144,0.242,0,0.0,0.0,0.0,0.0,0.0,0.0,0.0,0.0,0.0,0.0,0.0,0.0,0.0
38.69947,-8.46048,81.0,2001-06-08T23:00,18.4,78,14.5,18.6,0.0,0.0,0.0,0.0,2,1014.7,1005.1,54,31,0,86,0.01,0.47,8.8,14.9,279,285,20.5,20.7,24.2,21.4,16.5,0.051,0.112,0.144,0.242,0,0.0,0.0,0.0,0.0,0.0,0.0,0.0,0.0,0.0,0.0,0.0,0.0,0.0
38.69947,-8.46048,81.0,2001-06-09T00:00,17.9,81,14.6,18.2,0.0,0.0,0.0,0.0,1,1014.8,1005.2,42,34,0,38,0.01,0.39,8.3,14.4,268,274,15.1,20.0,24.0,21.4,16.5,0.051,0.112,0.144,0.242,0,0.0,0.0,0.0,0.0,0.0,0.0,0.0,0.0,0.0,0.0,0.0,0.0,0.0
38.69947,-8.46048,81.0,2001-06-09T01:00,17.5,85,14.9,17.9,0.0,0.0,0.0,0.0,1,1014.6,1005.0,33,30,4,13,0.0,0.31,8.4,14.8,260,267,13.7,19.5,23.7,21.4,16.5,0.051,0.112,0.144,0.242,0,0.0,0.0,0.0,0.0,0.0,0.0,0.0,0.0,0.0,0.0,0.0,0.0,0.0
38.69947,-8.46048,81.0,2001-06-09T02:00,17.1,88,15.2,17.8,0.0,0.0,0.0,0.0,1,1014.2,1004.6,22,19,4,9,0.0,0.23,7.4,14.5,256,264,13.7,19.1,23.5,21.4,16.5,0.051,0.112,0.144,0.242,0,0.0,0.0,0.0,0.0,0.0,0.0,0.0,0.0,0.0,0.0,0.0,0.0,0.0
38.69947,-8.46048,81.0,2001-06-09T03:00,16.5,93,15.4,17.3,0.0,0.0,0.0,0.0,1,1014.1,1004.5,32,23,17,2,0.0,0.13,7.1,14.5,255,264,12.2,18.5,23.3,21.4,16.5,0.051,0.112,0.144,0.242,0,0.0,0.0,0.0,0.0,0.0,0.0,0.0,0.0,0.0,0.0,0.0,0.0,0.0
38.69947,-8.46048,81.0,2001-06-09T04:00,16.2,96,15.5,17.0,0.0,0.0,0.0,0.0,3,1013.8,1004.2,100,69,24,79,0.0,0.07,7.0,12.6,258,265,10.4,18.0,23.1,21.4,16.6,0.051,0.112,0.144,0.242,0,0.0,0.0,0.0,0.0,0.0,0.0,0.0,0.0,0.0,0.0,0.0,0.0,0.0
38.69947,-8.46048,81.0,2001-06-09T05:00,16.3,95,15.5,17.2,0.0,0.0,0.0,0.0,3,1013.9,1004.3,100,73,10,97,0.0,0.09,6.0,11.3,253,261,11.9,18.0,22.9,21.4,16.6,0.051,0.112,0.144,0.242,0,0.0,0.0,0.0,0.0,0.0,0.0,0.0,0.0,0.0,0.0,0.0,0.0,0.0
38.69947,-8.46048,81.0,2001-06-09T06:00,16.3,95,15.5,17.3,0.0,0.0,0.0,0.0,3,1013.9,1004.3,100,78,7,95,0.01,0.09,5.5,9.8,238,253,11.2,18.2,22.7,21.4,16.6,0.051,0.112,0.144,0.242,1,0.0,14.0,0.0,14.0,0.0,14.0,82.5,31.6,0.0,31.6,0.0,18.5,186.4
38.69947,-8.46048,81.0,2001-06-09T07:00,16.8,91,15.3,17.5,0.0,0.0,0.0,0.0,2,1014.3,1004.7,58,29,23,61,0.05,0.17,6.9,9.7,242,248,15.1,19.1,22.5,21.4,16.6,0.051,0.112,0.144,0.242,1,0.0,76.0,7.0,69.0,29.9,76.0,310.9,106.5,9.8,96.7,29.9,106.5,435.5
38.69947,-8.46048,81.0,2001-06-09T08:00,18.5,76,14.1,18.5,0.0,0.0,0.0,0.0,2,1014.4,1004.8,77,50,25,58,0.15,0.51,8.8,11.0,251,251,20.5,20.9,22.4,21.4,16.6,0.051,0.112,0.144,0.242,1,3600.0,240.0,109.0,131.0,259.5,240.0,557.5,291.4,132.3,159.0,259.5,291.4,676.9
38.69947,-8.46048,81.0,2001-06-09T09:00,20.2,66,13.7,19.9,0.0,0.0,0.0,0.0,3,1014.5,1005.0,92,78,26,22,0.24,0.81,10.6,13.6,252,253,24.8,22.8,22.4,21.4,16.6,0.051,0.112,0.144,0.242,1,3600.0,358.0,157.0,201.0,264.4,358.0,788.2,406.1,178.1,228.0,264.4,406.1,894.2
38.69947,-8.46048,81.0,2001-06-09T10:00,21.6,59,13.2,20.8,0.0,0.0,0.0,0.0,3,1014.0,1004.5,100,91,99,64,0.32,1.06,12.8,16.4,238,237,28.4,24.7,22.5,21.4,16.6,0.052,0.112,0.144,0.242,1,3600.0,467.0,206.0,261.0,277.0,467.0,987.2,507.4,223.8,283.6,277.0,507.4,1072.6
38.69947,-8.46048,81.0,2001-06-09T11:00,22.2,55,12.8,21.1,0.0,0.0,0.0,0.0,3,1014.1,1004.7,100,85,100,89,0.31,1.2,13.9,18.3,239,238,31.7,25.1,22.6,21.4,16.6,0.053,0.112,0.144,0.242,1,2004.3,405.0,109.0,296.0,126.8,405.0,1140.9,425.9,114.6,311.3,126.8,425.9,1199.9
38.69947,-8.46048,81.0,2001-06-09T12:00,22.4,55,13.0,21.1,0.0,0.0,0.0,0.0,3,1014.4,1005.0,100,58,98,81,0.3,1.22,15.5,21.9,228,228,33.8,25.5,22.7,21.3,16.6,0.053,0.112,0.144,0.242,1,738.97,365.0,79.0,286.0,84.6,365.0,1239.0,373.4,80.8,292.6,84.6,373.4,1267.6
38.69947,-8.46048,81.0,2001-06-09T13:00,22.4,56,13.2,21.0,0.0,0.0,0.0,0.0,3,1014.3,1004.9,100,67,98,38,0.29,1.2,16.7,23.5,237,238,35.3,25.6,22.7,21.3,16.6,0.053,0.111,0.144,0.242,1,292.98,344.0,67.0,277.0,69.8,344.0,1274.7,343.0,66.8,276.2,69.8,343.0,1270.9
38.69947,-8.46048,81.0,2001-06-09T14:00,22.1,58,13.6,21.0,0.1,0.1,0.0,0.0,51,1014.0,1004.5,100,89,100,86,0.28,1.11,15.5,21.3,248,248,37.4,25.6,22.8,21.3,16.6,0.054,0.111,0.144,0.242,1,1364.82,344.0,99.0,245.0,105.5,344.0,1245.6,334.1,96.1,237.9,105.5,334.1,1209.7
38.69947,-8.46048,81.0,2001-06-09T15:00,20.0,73,15.0,19.7,1.3,1.3,0.0,0.0,61,1013.9,1004.4,100,95,100,97,0.17,0.63,13.5,20.8,254,256,37.4,24.2,22.9,21.3,16.6,0.067,0.111,0.144,0.242,1,0.0,211.0,47.0,164.0,54.1,211.0,1153.7,199.0,44.3,154.7,54.1,199.0,1088.2
38.69947,-8.46048,81.0,2001-06-09T16:00,18.3,90,16.7,19.1,2.5,2.5,0.0,0.0,63,1013.8,1004.2,100,94,100,93,0.05,0.21,10.9,18.0,264,267,31.7,22.2,22.8,21.3,16.6,0.095,0.111,0.144,0.242,1,0.0,52.0,0.0,52.0,0.0,52.0,1005.3,47.3,0.0,47.3,0.0,47.3,914.5
38.69947,-8.46048,81.0,2001-06-09T17:00,17.7,93,16.5,19.3,2.5,2.5,0.0,0.0,63,1013.5,1003.9,100,82,100,52,0.03,0.14,4.7,8.0,270,278,21.2,20.9,22.7,21.3,16.6,0.129,0.111,0.144,0.242,1,0.0,23.0,0.0,23.0,0.0,23.0,810.4,19.9,0.0,19.9,0.0,19.9,700.7
38.69947,-8.46048,81.0,2001-06-09T18:00,17.7,94,16.6,19.6,0.9,0.9,0.0,0.0,53,1013.0,1003.4,100,43,93,24,0.06,0.13,2.6,3.4,196,212,13.3,20.5,22.6,21.3,16.6,0.141,0.111,0.144,0.242,1,0.0,80.0,14.0,66.0,31.9,80.0,582.4,63.3,11.1,52.3,31.9,63.3,461.1
38.69947,-8.46048,81.0,2001-06-09T19:00,17.2,95,16.3,18.9,0.7,0.7,0.0,0.0,53,1013.0,1003.4,34,12,39,1,0.04,0.1,3.3,4.8,229,222,13.0,20.0,22.4,21.3,16.6,0.154,0.111,0.144,0.242,1,0.0,50.0,14.0,36.0,55.2,50.0,336.8,31.5,8.8,22.7,55.2,31.5,212.3
38.69947,-8.46048,81.0,2001-06-09T20:00,16.8,96,16.1,18.0,0.2,0.2,0.0,0.0,51,1013.4,1003.8,39,34,14,0,0.01,0.08,6.1,10.2,298,293,11.5,19.6,22.2,21.3,16.6,0.156,0.111,0.144,0.242,0,125.63,20.0,8.0,12.0,68.9,20.0,95.3,0.0,0.0,0.0,0.0,0.0,0.0
38.69947,-8.46048,81.0,2001-06-09T21:00,16.4,95,15.6,17.1,0.0,0.0,0.0,0.0,2,1014.0,1004.4,50,45,16,0,0.0,0.1,8.5,16.7,324,323,16.2,19.1,22.0,21.3,16.6,0.158,0.111,0.144,0.242,0,0.0,0.0,0.0,0.0,0.0,0.0,0.0,0.0,0.0,0.0,0.0,0.0,0.0
38.69947,-8.46048,81.0,2001-06-09T22:00,16.0,96,15.3,16.0,0.0,0.0,0.0,0.0,1,1014.5,1004.8,26,24,7,0,0.0,0.08,11.9,21.4,331,333,19.1,18.6,21.8,21.3,16.6,0.158,0.111,0.144,0.242,0,0.0,0.0,0.0,0.0,0.0,0.0,0.0,0.0,0.0,0.0,0.0,0.0,0.0
38.69947,-8.46048,81.0,2001-06-09T23:00,15.7,95,14.9,15.6,0.0,0.0,0.0,0.0,0,1014.7,1005.0,18,19,1,0,0.0,0.08,11.8,21.3,333,336,20.2,18.3,21.6,21.3,16.6,0.157,0.111,0.144,0.242,0,0.0,0.0,0.0,0.0,0.0,0.0,0.0,0.0,0.0,0.0,0.0,0.0,0.0
38.69947,-8.46048,81.0,2001-06-10T00:00,15.1,96,14.4,15.0,0.0,0.0,0.0,0.0,0,1014.7,1005.0,17,19,0,0,0.0,0.08,10.5,19.9,333,338,19.8,17.8,21.4,21.3,16.6,0.157,0.112,0.144,0.242,0,0.0,0.0,0.0,0.0,0.0,0.0,0.0,0.0,0.0,0.0,0.0,0.0,0.0
38.69947,-8.46048,81.0,2001-06-10T01:00,14.4,97,13.9,14.4,0.0,0.0,0.0,0.0,1,1014.7,1005.0,23,26,0,0,0.0,0.06,8.9,18.0,328,334,16.9,17.3,21.2,21.3,16.6,0.157,0.112,0.144,0.242,0,0.0,0.0,0.0,0.0,0.0,0.0,0.0,0.0,0.0,0.0,0.0,0.0,0.0
38.69947,-8.46048,81.0,2001-06-10T02:00,13.7,98,13.3,13.6,0.0,0.0,0.0,0.0,1,1014.8,1005.1,28,31,0,0,0.0,0.04,7.9,17.2,317,327,13.3,16.8,20.9,21.3,16.6,0.157,0.112,0.144,0.242,0,0.0,0.0,0.0,0.0,0.0,0.0,0.0,0.0,0.0,0.0,0.0,0.0,0.0
38.69947,-8.46048,81.0,2001-06-10T03:00,13.0,99,12.8,12.6,0.0,0.0,0.0,0.0,1,1014.9,1005.1,33,37,0,0,0.0,0.02,8.7,17.7,315,322,11.5,16.3,20.7,21.2,16.6,0.157,0.112,0.144,0.242,0,0.0,0.0,0.0,0.0,0.0,0.0,0.0,0.0,0.0,0.0,0.0,0.0,0.0
38.69947,-8.46048,81.0,2001-06-10T04:00,13.0,99,12.8,12.5,0.0,0.0,0.0,0.0,2,1014.8,1005.0,55,61,0,0,0.0,0.02,9.4,18.7,320,326,12.2,16.1,20.4,21.2,16.7,0.157,0.112,0.144,0.242,0,0.0,0.0,0.0,0.0,0.0,0.0,0.0,0.0,0.0,0.0,0.0,0.0,0.0
38.69947,-8.46048,81.0,2001-06-10T05:00,12.8,99,12.6,12.1,0.0,0.0,0.0,0.0,1,1014.7,1004.9,32,36,0,0,0.0,0.01,10.4,19.3,326,331,12.6,15.8,20.2,21.2,16.7,0.157,0.112,0.144,0.242,0,0.0,0.0,0.0,0.0,0.0,0.0,0.0,0.0,0.0,0.0,0.0,0.0,0.0
38.69947,-8.46048,81.0,2001-06-10T06:00,13.3,98,13.1,12.6,0.0,0.0,0.0,0.0,1,1015.4,1005.6,30,33,0,0,0.01,0.02,11.4,20.0,332,334,16.2,15.9,19.9,21.2,16.7,0.157,0.112,0.144,0.242,1,63.04,23.0,7.0,16.0,65.7,23.0,82.7,51.9,15.8,36.1,112.4,30.4,186.6
38.69947,-8.46048,81.0,2001-06-10T07:00,14.3,91,12.8,12.9,0.0,0.0,0.0,0.0,1,1015.7,1006.0,42,47,0,0,0.06,0.15,15.2,21.7,338,339,28.1,16.6,19.8,21.2,16.7,0.157,0.112,0.144,0.242,1,3600.0,127.0,58.0,69.0,247.5,127.0,311.0,177.8,81.2,96.6,247.5,177.8,435.5
38.69947,-8.46048,81.0,2001-06-10T08:00,16.1,77,12.0,14.3,0.0,0.0,0.0,0.0,2,1016.4,1006.7,77,86,0,0,0.16,0.42,16.6,23.0,342,343,32.4,17.4,19.7,21.2,16.7,0.157,0.112,0.144,0.242,1,3600.0,290.0,157.0,133.0,373.8,290.0,557.4,352.1,190.6,161.5,373.8,352.1,676.7
38.69947,-8.46048,81.0,2001-06-10T09:00,17.7,67,11.4,15.5,0.0,0.0,0.0,0.0,2,1016.6,1007.0,74,82,0,0,0.24,0.68,17.6,23.8,345,345,35.6,19.2,19.7,21.1,16.7,0.156,0.112,0.144,0.242,1,3600.0,411.0,223.0,188.0,375.5,411.0,788.0,466.3,253.0,213.3,375.5,466.3,894.0
38.69947,-8.46048,81.0,2001-06-10T10:00,19.2,57,10.6,16.8,0.0,0.0,0.0,0.0,3,1016.9,1007.3,89,99,0,0,0.31,0.95,17.7,23.9,336,337,36.0,20.8,19.7,21.1,16.7,0.155,0.112,0.144,0.242,1,3600.0,482.0,207.0,275.0,278.3,482.0,987.0,523.7,224.9,298.8,278.3,523.7,1072.4
38.69947,-8.46048,81.0,2001-06-10T11:00,20.6,51,10.1,18.2,0.0,0.0,0.0,0.0,3,1016.8,1007.3,90,100,0,0,0.39,1.18,17.8,23.8,339,340,35.6,22.3,19.9,21.1,16.7,0.153,0.112,0.144,0.242,1,3600.0,584.0,233.0,351.0,271.0,584.0,1140.8,614.2,245.1,369.2,271.0,614.2,1199.8
38.69947,-8.46048,81.0,2001-06-10T12:00,21.8,47,10.0,19.9,0.0,0.0,0.0,0.0,3,1017.0,1007.5,90,100,0,0,0.45,1.39,17.3,23.3,343,343,36.0,23.7,20.1,21.1,16.7,0.151,0.111,0.144,0.242,1,3600.0,665.0,280.0,385.0,299.9,665.0,1239.0,680.4,286.5,393.9,299.9,680.4,1267.7
38.69947,-8.46048,81.0,2001-06-10T13:00,22.3,45,9.8,19.7,0.0,0.0,0.0,0.0,3,1016.8,1007.3,92,100,3,0,0.41,1.49,17.5,23.3,346,347,36.0,24.0,20.4,21.1,16.7,0.149,0.111,0.144,0.242,1,3600.0,544.0,233.0,311.0,242.5,544.0,1274.9,542.4,232.3,310.1,242.5,542.4,1271.2
38.69947,-8.46048,81.0,2001-06-10T14:00,22.9,44,9.8,20.3,0.0,0.0,0.0,0.0,3,1016.7,1007.2,100,100,64,0,0.41,1.57,17.7,23.8,348,350,37.4,24.4,20.6,21.1,16.7,0.146,0.111,0.144,0.242,1,3535.58,529.0,167.0,362.0,177.9,529.0,1246.0,513.8,162.2,351.6,177.9,513.8,1210.3
38.69947,-8.46048,81.0,2001-06-10T15:00,23.2,44,10.1,21.0,0.0,0.0,0.0,0.0,3,1016.5,1007.1,100,96,85,0,0.46,1.6,17.8,23.9,352,353,40.3,24.9,20.8,21.1,16.7,0.144,0.111,0.144,0.242,1,3600.0,622.0,393.0,229.0,451.8,622.0,1154.4,586.8,370.7,216.0,451.8,586.8,1089.0
38.69947,-8.46048,81.0,2001-06-10T16:00,23.3,44,10.5,21.1,0.0,0.0,0.0,0.0,3,1016.3,1006.9,100,89,82,0,0.43,1.59,17.5,23.6,352,353,40.7,25.0,21.1,21.0,16.7,0.142,0.111,0.143,0.242,1,3600.0,581.0,305.0,276.0,402.2,581.0,1006.3,528.7,277.5,251.2,402.2,528.7,915.7
38.69947,-8.46048,81.0,2001-06-10T17:00,23.0,47,11.0,20.7,0.0,0.0,0.0,0.0,3,1016.5,1007.1,100,98,84,0,0.33,1.49,17.4,23.8,354,356,40.0,24.4,21.3,21.0,16.7,0.141,0.111,0.143,0.242,1,3600.0,407.0,238.0,169.0,389.1,407.0,811.7,352.0,205.9,146.2,389.1,352.0,702.1
38.69947,-8.46048,81.0,2001-06-10T18:00,22.3,51,11.8,20.4,0.0,0.0,0.0,0.0,3,1016.5,1007.0,91,64,55,0,0.28,1.31,17.2,24.6,340,342,40.7,23.7,21.4,21.0,16.7,0.14,0.111,0.143,0.242,1,3600.0,362.0,254.0,108.0,577.2,362.0,584.0,286.9,201.3,85.6,577.2,286.9,462.8
38.69947,-8.46048,81.0,2001-06-10T19:00,21.5,55,12.0,19.4,0.0,0.0,0.0,0.0,0,1017.3,1007.8,0,0,0,0,0.18,1.16,18.6,27.9,328,330,34.9,22.6,21.5,21.0,16.7,0.139,0.111,0.143,0.242,1,3600.0,158.0,75.0,83.0,293.9,158.0,338.6,99.9,47.4,52.5,293.9,99.9,214.2
38.69947,-8.46048,81.0,2001-06-10T20:00,19.4,64,12.3,17.4,0.0,0.0,0.0,0.0,0,1017.8,1008.2,0,0,0,0,0.09,0.82,18.7,31.1,330,332,35.6,20.9,21.4,21.0,16.7,0.138,0.111,0.143,0.242,0,1600.91,39.0,20.0,19.0,171.1,39.0,96.2,0.0,0.0,0.0,0.0,0.0,0.0
38.69947,-8.46048,81.0,2001-06-10T21:00,17.8,69,12.0,15.9,0.0,0.0,0.0,0.0,0,1018.4,1008.8,0,0,0,0,0.06,0.64,17.2,29.7,334,337,34.2,19.5,21.3,21.0,16.7,0.138,0.111,0.143,0.242,0,0.0,0.0,0.0,0.0,0.0,0.0,0.0,0.0,0.0,0.0,0.0,0.0,0.0
38.69947,-8.46048,81.0,2001-06-10T22:00,16.8,71,11.5,15.2,0.0,0.0,0.0,0.0,0,1019.0,1009.3,0,0,0,0,0.04,0.55,13.7,25.5,337,341,30.6,18.5,21.2,21.0,16.7,0.138,0.111,0.143,0.242,0,0.0,0.0,0.0,0.0,0.0,0.0,0.0,0.0,0.0,0.0,0.0,0.0,0.0
38.69947,-8.46048,81.0,2001-06-10T23:00,16.0,74,11.3,14.6,0.0,0.0,0.0,0.0,0,1019.2,1009.5,0,0,0,0,0.03,0.48,12.6,24.0,336,341,26.6,17.8,21.0,21.0,16.7,0.137,0.111,0.143,0.242,0,0.0,0.0,0.0,0.0,0.0,0.0,0.0,0.0,0.0,0.0,0.0,0.0,0.0
38.69947,-8.46048,81.0,2001-06-11T00:00,15.4,76,11.2,14.1,0.0,0.0,0.0,0.0,0,1019.1,1009.4,0,0,0,0,0.02,0.42,11.6,23.3,338,343,24.5,17.2,20.8,21.0,16.7,0.137,0.111,0.143,0.242,0,0.0,0.0,0.0,0.0,0.0,0.0,0.0,0.0,0.0,0.0,0.0,0.0,0.0
38.69947,-8.46048,81.0,2001-06-11T01:00,15.0,78,11.1,13.7,0.0,0.0,0.0,0.0,0,1018.9,1009.2,0,0,0,0,0.02,0.38,11.2,23.2,345,348,22.3,16.7,20.5,21.0,16.7,0.137,0.111,0.143,0.242,0,0.0,0.0,0.0,0.0,0.0,0.0,0.0,0.0,0.0,0.0,0.0,0.0,0.0
38.69947,-8.46048,81.0,2001-06-11T02:00,14.6,79,11.1,13.3,0.0,0.0,0.0,0.0,0,1018.5,1008.8,0,0,0,0,0.02,0.35,11.6,23.4,355,357,21.2,16.3,20.3,20.9,16.7,0.137,0.111,0.143,0.242,0,0.0,0.0,0.0,0.0,0.0,0.0,0.0,0.0,0.0,0.0,0.0,0.0,0.0
38.69947,-8.46048,81.0,2001-06-11T03:00,14.4,80,11.0,13.1,0.0,0.0,0.0,0.0,0,1018.7,1009.0,0,0,0,0,0.01,0.33,11.3,23.4,9,11,20.9,15.9,20.1,20.9,16.7,0.137,0.111,0.143,0.242,0,0.0,0.0,0.0,0.0,0.0,0.0,0.0,0.0,0.0,0.0,0.0,0.0,0.0
38.69947,-8.46048,81.0,2001-06-11T04:00,14.3,81,11.0,13.0,0.0,0.0,0.0,0.0,0,1018.7,1008.9,0,0,0,0,0.01,0.31,11.2,23.5,21,23,20.2,15.7,19.9,20.9,16.7,0.137,0.111,0.143,0.242,0,0.0,0.0,0.0,0.0,0.0,0.0,0.0,0.0,0.0,0.0,0.0,0.0,0.0
38.69947,-8.46048,81.0,2001-06-11T05:00,14.2,80,10.9,12.8,0.0,0.0,0.0,0.0,0,1018.8,1009.0,0,0,0,0,0.01,0.32,11.3,23.7,31,36,19.8,15.4,19.6,20.9,16.7,0.137,0.111,0.143,0.242,0,0.0,0.0,0.0,0.0,0.0,0.0,0.0,0.0,0.0,0.0,0.0,0.0,0.0
38.69947,-8.46048,81.0,2001-06-11T06:00,14.7,77,10.7,13.2,0.0,0.0,0.0,0.0,0,1019.1,1009.4,0,0,0,0,0.04,0.38,11.8,23.5,40,49,19.4,15.6,19.4,20.9,16.8,0.137,0.111,0.143,0.242,1,686.54,28.0,13.0,15.0,121.9,28.0,82.7,63.2,29.4,33.9,208.5,37.0,186.8
38.69947,-8.46048,81.0,2001-06-11T07:00,17.4,68,11.5,16.2,0.0,0.0,0.0,0.0,0,1019.4,1009.7,0,0,0,0,0.11,0.64,11.2,20.6,42,54,21.6,17.2,19.3,20.9,16.8,0.136,0.111,0.143,0.242,1,3600.0,170.0,113.0,57.0,482.1,170.0,311.0,238.0,158.2,79.8,482.1,238.0,435.4
38.69947,-8.46048,81.0,2001-06-11T08:00,20.2,57,11.4,18.9,0.0,0.0,0.0,0.0,0,1019.6,1010.0,0,0,0,0,0.24,1.02,12.1,16.9,53,56,24.8,19.8,19.4,20.9,16.8,0.135,0.111,0.143,0.242,1,3600.0,361.0,278.0,83.0,661.8,361.0,557.3,438.2,337.5,100.8,661.8,438.2,676.5
38.69947,-8.46048,81.0,2001-06-11T09:00,22.4,49,11.2,20.9,0.0,0.0,0.0,0.0,0,1019.5,1010.0,0,0,0,0,0.37,1.38,13.0,17.4,66,68,28.1,22.3,19.6,20.8,16.8,0.134,0.111,0.143,0.242,1,3600.0,555.0,455.0,100.0,766.3,555.0,787.8,629.6,516.2,113.4,766.3,629.6,893.7
38.69947,-8.46048,81.0,2001-06-11T10:00,24.3,42,10.6,23.8,0.0,0.0,0.0,0.0,0,1019.6,1010.2,0,0,0,0,0.5,1.77,11.9,15.8,61,63,28.1,24.6,19.9,20.8,16.8,0.132,0.11,0.143,0.242,1,3600.0,731.0,619.0,112.0,832.3,731.0,986.7,794.3,672.6,121.7,832.3,794.3,1072.2
38.69947,-8.46048,81.0,2001-06-11T11:00,25.8,37,9.8,25.8,0.0,0.0,0.0,0.0,0,1019.1,1009.7,0,0,0,0,0.61,2.1,11.6,14.7,60,62,27.4,26.7,20.3,20.8,16.8,0.13,0.11,0.143,0.242,1,3600.0,871.0,756.0,115.0,879.4,871.0,1140.6,916.1,795.2,121.0,879.4,916.1,1199.7
38.69947,-8.46048,81.0,2001-06-11T12:00,26.9,33,9.1,27.4,0.0,0.0,0.0,0.0,0,1018.8,1009.5,2,0,0,5,0.69,2.38,10.9,13.9,56,59,26.6,28.4,20.7,20.8,16.8,0.127,0.11,0.143,0.242,1,3600.0,958.0,826.0,132.0,884.5,958.0,1238.9,980.2,845.2,135.1,884.5,980.2,1267.7
38.69947,-8.46048,81.0,2001-06-11T13:00,27.7,30,8.6,28.4,0.0,0.0,0.0,0.0,1,1018.2,1008.9,23,0,0,77,0.71,2.6,9.9,12.5,44,46,26.6,29.6,21.2,20.8,16.8,0.124,0.11,0.143,0.241,1,3600.0,981.0,828.0,153.0,861.6,981.0,1275.0,978.3,825.7,152.6,861.6,978.3,1271.5
38.69947,-8.46048,81.0,2001-06-11T14:00,28.3,28,8.2,28.6,0.0,0.0,0.0,0.0,1,1018.0,1008.7,29,0,0,98,0.68,2.75,9.1,11.6,34,36,26.6,30.2,21.6,20.8,16.8,0.121,0.11,0.143,0.241,1,3600.0,919.0,691.0,228.0,735.5,919.0,1246.4,892.7,671.3,221.5,735.5,892.7,1210.8
38.69947,-8.46048,81.0,2001-06-11T15:00,28.5,27,7.8,28.1,0.0,0.0,0.0,0.0,1,1017.5,1008.2,29,0,0,95,0.59,2.84,8.4,10.5,20,22,26.3,30.2,22.1,20.8,16.8,0.118,0.109,0.143,0.241,1,3600.0,781.0,464.0,317.0,532.9,781.0,1155.1,736.9,437.8,299.1,532.9,736.9,1089.8
38.69947,-8.46048,81.0,2001-06-11T16:00,28.6,27,7.5,27.2,0.0,0.0,0.0,0.0,1,1017.1,1007.8,22,0,0,73,0.51,2.88,9.0,11.3,5,7,24.8,29.7,22.4,20.8,16.8,0.116,0.109,0.143,0.241,1,3600.0,639.0,340.0,299.0,447.8,639.0,1007.2,581.6,309.5,272.2,447.8,581.6,916.8
38.69947,-8.46048,81.0,2001-06-11T17:00,28.3,27,7.5,26.2,0.0,0.0,0.0,0.0,1,1016.8,1007.5,27,0,0,90,0.39,2.82,10.1,13.0,358,2,24.1,28.7,22.7,20.8,16.8,0.115,0.109,0.142,0.241,1,3600.0,443.0,208.0,235.0,339.4,443.0,812.9,383.4,180.0,203.4,339.4,383.4,703.5
38.69947,-8.46048,81.0,2001-06-11T18:00,27.5,30,8.5,25.2,0.0,0.0,0.0,0.0,1,1016.9,1007.6,30,0,0,100,0.31,2.55,12.8,17.9,338,341,25.2,27.3,22.9,20.8,16.8,0.113,0.109,0.142,0.241,1,3600.0,282.0,109.0,173.0,247.0,282.0,585.5,223.7,86.5,137.2,247.0,223.7,464.4
38.69947,-8.46048,81.0,2001-06-11T19:00,25.9,37,10.1,23.4,0.0,0.0,0.0,0.0,1,1017.4,1008.0,30,0,0,99,0.25,2.11,17.5,28.7,328,330,28.8,25.8,23.0,20.8,16.8,0.112,0.109,0.142,0.241,1,3600.0,185.0,110.0,75.0,428.8,185.0,340.3,117.4,69.8,47.6,428.8,117.4,216.0
38.69947,-8.46048,81.0,2001-06-11T20:00,23.1,49,11.8,21.0,0.0,0.0,0.0,0.0,1,1017.8,1008.3,30,0,0,100,0.14,1.45,18.1,30.6,337,339,34.6,23.8,23.0,20.8,16.8,0.112,0.109,0.142,0.241,0,615.91,37.0,12.0,25.0,102.1,37.0,97.1,0.0,0.0,0.0,0.0,0.0,0.0
38.69947,-8.46048,81.0,2001-06-11T21:00,21.1,57,12.3,19.5,0.0,0.0,0.0,0.0,1,1018.3,1008.8,30,0,0,100,0.09,1.07,15.9,28.2,347,350,32.4,22.2,23.0,20.8,16.8,0.112,0.109,0.142,0.241,0,0.0,0.0,0.0,0.0,0.0,0.0,0.0,0.0,0.0,0.0,0.0,0.0,0.0
38.69947,-8.46048,81.0,2001-06-11T22:00,19.8,61,12.0,18.5,0.0,0.0,0.0,0.0,1,1019.1,1009.5,30,0,0,100,0.06,0.91,13.4,25.3,352,356,27.4,21.0,22.8,20.8,16.8,0.111,0.109,0.142,0.241,0,0.0,0.0,0.0,0.0,0.0,0.0,0.0,0.0,0.0,0.0,0.0,0.0,0.0
38.69947,-8.46048,81.0,2001-06-11T23:00,19.0,62,11.6,17.9,0.0,0.0,0.0,0.0,1,1018.9,1009.3,29,0,0,97,0.05,0.83,10.8,22.0,2,4,24.1,20.2,22.7,20.8,16.8,0.111,0.109,0.142,0.241,0,0.0,0.0,0.0,0.0,0.0,0.0,0.0,0.0,0.0,0.0,0.0,0.0,0.0
38.69947,-8.46048,81.0,2001-06-12T00:00,18.4,64,11.5,17.7,0.0,0.0,0.0,0.0,1,1018.6,1009.0,33,0,6,97,0.03,0.76,7.8,17.6,13,15,19.4,19.6,22.5,20.8,16.8,0.111,0.109,0.142,0.241,0,0.0,0.0,0.0,0.0,0.0,0.0,0.0,0.0,0.0,0.0,0.0,0.0,0.0
38.69947,-8.46048,81.0,2001-06-12T01:00,17.7,67,11.4,17.2,0.0,0.0,0.0,0.0,2,1018.2,1008.6,54,0,41,98,0.01,0.68,5.8,15.0,22,24,15.5,18.9,22.3,20.8,16.8,0.111,0.109,0.142,0.241,0,0.0,0.0,0.0,0.0,0.0,0.0,0.0,0.0,0.0,0.0,0.0,0.0,0.0
38.69947,-8.46048,81.0,2001-06-12T02:00,16.9,69,11.3,16.5,0.0,0.0,0.0,0.0,1,1018.0,1008.3,28,0,5,84,0.01,0.59,5.4,13.1,360,16,14.4,18.2,22.0,20.8,16.8,0.11,0.109,0.142,0.241,0,0.0,0.0,0.0,0.0,0.0,0.0,0.0,0.0,0.0,0.0,0.0,0.0,0.0
38.69947,-8.46048,81.0,2001-06-12T03:00,16.1,73,11.2,15.6,0.0,0.0,0.0,0.0,0,1017.9,1008.2,17,0,0,56,0.01,0.5,6.3,14.4,347,359,15.1,17.5,21.8,20.8,16.8,0.11,0.109,0.142,0.241,0,0.0,0.0,0.0,0.0,0.0,0.0,0.0,0.0,0.0,0.0,0.0,0.0,0.0
38.69947,-8.46048,81.0,2001-06-12T04:00,15.5,76,11.3,15.2,0.0,0.0,0.0,0.0,1,1018.1,1008.4,24,0,0,81,0.0,0.42,4.8,13.0,347,358,15.1,17.0,21.5,20.8,16.8,0.11,0.109,0.142,0.241,0,0.0,0.0,0.0,0.0,0.0,0.0,0.0,0.0,0.0,0.0,0.0,0.0,0.0
38.69947,-8.46048,81.0,2001-06-12T05:00,14.9,81,11.6,14.4,0.0,0.0,0.0,0.0,1,1017.9,1008.2,26,0,0,87,0.0,0.33,6.6,10.4,351,360,12.6,16.4,21.3,20.8,16.8,0.11,0.109,0.142,0.241,0,0.0,0.0,0.0,0.0,0.0,0.0,0.0,0.0,0.0,0.0,0.0,0.0,0.0
38.69947,-8.46048,81.0,2001-06-12T06:00,14.5,86,12.2,14.6,0.0,0.0,0.0,0.0,1,1018.3,1008.6,24,0,0,81,0.01,0.23,3.8,8.0,343,352,9.7,16.1,21.0,20.8,16.8,0.11,0.109,0.142,0.241,1,270.87,25.0,9.0,16.0,84.4,25.0,82.7,56.4,20.3,36.1,144.3,33.0,186.8
38.69947,-8.46048,81.0,2001-06-12T07:00,17.1,75,12.7,17.3,0.0,0.0,0.0,0.0,1,1018.4,1008.7,28,0,1,91,0.08,0.48,4.0,7.0,333,339,11.5,18.3,20.9,20.8,16.8,0.11,0.109,0.142,0.241,1,3600.0,166.0,104.0,62.0,443.7,166.0,310.9,232.4,145.6,86.8,443.7,232.4,435.2
38.69947,-8.46048,81.0,2001-06-12T08:00,19.4,65,12.7,19.7,0.0,0.0,0.0,0.0,1,1018.6,1009.0,29,0,6,84,0.2,0.78,3.6,4.4,323,325,13.7,21.3,20.9,20.8,16.8,0.11,0.109,0.142,0.241,1,3600.0,351.0,259.0,92.0,616.7,351.0,557.1,426.1,314.4,111.7,616.7,426.1,676.3
38.69947,-8.46048,81.0,2001-06-12T09:00,21.6,57,12.6,21.7,0.0,0.0,0.0,0.0,0,1018.6,1009.1,10,0,8,18,0.33,1.12,4.5,5.5,299,302,15.5,23.8,21.0,20.7,16.8,0.109,0.109,0.142,0.241,1,3600.0,539.0,424.0,115.0,714.2,539.0,787.5,611.5,481.0,130.5,714.2,611.5,893.4
38.69947,-8.46048,81.0,2001-06-12T10:00,23.5,50,12.4,24.6,0.0,0.0,0.0,0.0,0,1018.6,1009.2,6,0,10,0,0.46,1.46,4.8,5.6,297,297,19.8,26.3,21.3,20.7,16.9,0.107,0.108,0.142,0.241,1,3600.0,711.0,585.0,126.0,786.7,711.0,986.4,772.6,635.7,136.9,786.7,772.6,1071.9
38.69947,-8.46048,81.0,2001-06-12T11:00,24.8,46,12.3,26.1,0.0,0.0,0.0,0.0,0,1018.3,1008.9,8,0,14,0,0.53,1.7,5.8,6.9,277,279,21.2,27.9,21.6,20.7,16.9,0.105,0.108,0.142,0.241,1,3600.0,773.0,630.0,143.0,732.8,773.0,1140.3,813.1,662.7,150.4,732.8,813.1,1199.5
38.69947,-8.46048,81.0,2001-06-12T12:00,26.0,43,12.3,27.4,0.0,0.0,0.0,0.0,0,1018.1,1008.7,8,0,14,0,0.61,1.92,8.0,9.8,262,264,23.0,29.3,22.0,20.7,16.9,0.103,0.108,0.142,0.241,1,3600.0,869.0,670.0,199.0,717.4,869.0,1238.8,889.2,685.6,203.6,717.4,889.2,1267.7
38.69947,-8.46048,81.0,2001-06-12T13:00,27.1,40,12.2,28.4,0.0,0.0,0.0,0.0,0,1017.7,1008.4,7,0,8,6,0.68,2.16,11.4,14.1,257,257,27.4,30.7,22.4,20.7,16.9,0.101,0.108,0.142,0.241,1,3600.0,962.0,818.0,144.0,850.9,962.0,1275.1,959.4,815.8,143.6,850.9,959.4,1271.7
38.69947,-8.46048,81.0,2001-06-12T14:00,27.5,37,11.5,27.9,0.0,0.0,0.0,0.0,0,1017.4,1008.1,9,0,2,25,0.68,2.31,14.3,18.0,258,258,31.3,31.2,22.8,20.7,16.9,0.099,0.108,0.142,0.241,1,3600.0,929.0,780.0,149.0,829.8,929.0,1246.8,902.6,757.8,144.8,829.8,902.6,1211.3
38.69947,-8.46048,81.0,2001-06-12T15:00,27.6,35,10.7,27.2,0.0,0.0,0.0,0.0,0,1017.3,1008.0,17,0,2,53,0.66,2.4,15.9,20.3,264,264,33.8,31.1,23.1,20.7,16.9,0.097,0.107,0.142,0.241,1,3600.0,881.0,766.0,115.0,879.1,881.0,1155.7,831.4,722.9,108.5,879.1,831.4,1090.6
38.69947,-8.46048,81.0,2001-06-12T16:00,27.0,34,9.9,25.3,0.0,0.0,0.0,0.0,0,1017.2,1007.9,15,0,5,39,0.54,2.34,16.6,21.3,271,272,34.2,30.2,23.4,20.7,16.9,0.095,0.107,0.142,0.241,1,3600.0,689.0,560.0,129.0,736.8,689.0,1008.1,627.3,509.8,117.4,736.8,627.3,917.9
38.69947,-8.46048,81.0,2001-06-12T17:00,26.2,35,9.5,23.7,0.0,0.0,0.0,0.0,0,1017.3,1007.9,16,0,8,36,0.45,2.21,16.2,21.3,282,282,34.2,29.1,23.7,20.7,16.9,0.094,0.107,0.142,0.241,1,3600.0,547.0,431.0,116.0,702.2,547.0,814.2,473.5,373.1,100.4,702.2,473.5,704.8
38.69947,-8.46048,81.0,2001-06-12T18:00,24.9,38,9.5,22.5,0.0,0.0,0.0,0.0,1,1017.3,1007.9,20,0,5,58,0.33,1.95,15.6,21.1,293,295,33.1,27.5,23.8,20.8,16.9,0.093,0.107,0.141,0.241,1,3600.0,367.0,266.0,101.0,601.1,367.0,586.9,291.4,211.2,80.2,601.1,291.4,466.0
38.69947,-8.46048,81.0,2001-06-12T19:00,23.3,43,9.9,21.1,0.0,0.0,0.0,0.0,0,1017.6,1008.2,13,0,5,34,0.2,1.64,14.9,21.5,307,310,31.7,25.6,23.8,20.8,16.9,0.092,0.107,0.141,0.241,1,3600.0,183.0,117.0,66.0,453.8,183.0,342.0,116.5,74.5,42.0,453.8,116.5,217.7
38.69947,-8.46048,81.0,2001-06-12T20:00,21.3,47,9.6,19.0,0.0,0.0,0.0,0.0,0,1017.8,1008.3,5,0,4,10,0.12,1.34,14.8,24.0,321,324,28.1,23.4,23.8,20.8,16.9,0.092,0.107,0.141,0.241,0,1622.83,40.0,20.0,20.0,169.1,40.0,98.0,0.0,0.0,0.0,0.0,0.0,0.0
38.69947,-8.46048,81.0,2001-06-12T21:00,19.5,51,9.1,17.2,0.0,0.0,0.0,0.0,0,1018.5,1008.9,4,0,3,8,0.09,1.11,14.3,24.3,332,335,27.4,21.7,23.6,20.8,16.9,0.091,0.107,0.141,0.241,0,0.0,0.0,0.0,0.0,0.0,0.0,0.0,0.0,0.0,0.0,0.0,0.0,0.0
38.69947,-8.46048,81.0,2001-06-12T22:00,18.0,56,9.1,16.1,0.0,0.0,0.0,0.0,0,1018.9,1009.3,0,0,0,0,0.06,0.91,11.6,20.7,334,340,25.9,20.3,23.4,20.8,16.9,0.091,0.107,0.141,0.241,0,0.0,0.0,0.0,0.0,0.0,0.0,0.0,0.0,0.0,0.0,0.0,0.0,0.0
38.69947,-8.46048,81.0,2001-06-12T23:00,16.9,61,9.3,15.2,0.0,0.0,0.0,0.0,0,1018.7,1009.0,0,0,0,0,0.04,0.75,10.6,19.5,336,341,23.4,19.3,23.2,20.8,16.9,0.091,0.107,0.141,0.241,0,0.0,0.0,0.0,0.0,0.0,0.0,0.0,0.0,0.0,0.0,0.0,0.0,0.0
38.69947,-8.46048,81.0,2001-06-13T00:00,16.1,66,9.7,14.5,0.0,0.0,0.0,0.0,0,1018.5,1008.8,0,0,0,0,0.03,0.63,10.3,18.9,335,339,20.5,18.5,22.9,20.8,16.9,0.091,0.107,0.141,0.241,0,0.0,0.0,0.0,0.0,0.0,0.0,0.0,0.0,0.0,0.0,0.0,0.0,0.0
38.69947,-8.46048,81.0,2001-06-13T01:00,15.4,71,10.1,14.0,0.0,0.0,0.0,0.0,0,1018.3,1008.6,1,0,1,0,0.03,0.51,10.0,19.1,334,338,19.1,17.8,22.7,20.8,16.9,0.091,0.107,0.141,0.241,0,0.0,0.0,0.0,0.0,0.0,0.0,0.0,0.0,0.0,0.0,0.0,0.0,0.0
38.69947,-8.46048,81.0,2001-06-13T02:00,14.9,75,10.6,13.7,0.0,0.0,0.0,0.0,0,1018.1,1008.4,0,0,0,0,0.02,0.42,9.3,18.4,332,337,18.0,17.3,22.4,20.8,16.9,0.091,0.107,0.141,0.241,0,0.0,0.0,0.0,0.0,0.0,0.0,0.0,0.0,0.0,0.0,0.0,0.0,0.0
38.69947,-8.46048,81.0,2001-06-13T03:00,14.5,79,10.9,13.5,0.0,0.0,0.0,0.0,0,1017.8,1008.1,0,0,0,0,0.01,0.35,9.2,18.3,334,338,16.6,16.9,22.1,20.8,16.9,0.091,0.107,0.141,0.241,0,0.0,0.0,0.0,0.0,0.0,0.0,0.0,0.0,0.0,0.0,0.0,0.0,0.0
38.69947,-8.46048,81.0,2001-06-13T04:00,14.1,82,11.1,13.1,0.0,0.0,0.0,0.0,0,1018.0,1008.2,0,0,0,0,0.01,0.29,9.2,18.4,339,343,15.8,16.4,21.8,20.8,16.9,0.091,0.107,0.141,0.241,0,0.0,0.0,0.0,0.0,0.0,0.0,0.0,0.0,0.0,0.0,0.0,0.0,0.0
38.69947,-8.46048,81.0,2001-06-13T05:00,13.8,84,11.2,12.9,0.0,0.0,0.0,0.0,0,1017.7,1007.9,1,1,0,0,0.0,0.25,8.7,18.2,343,346,14.8,16.0,21.5,20.8,16.9,0.09,0.107,0.141,0.241,0,0.0,0.0,0.0,0.0,0.0,0.0,0.0,0.0,0.0,0.0,0.0,0.0,0.0
38.69947,-8.46048,81.0,2001-06-13T06:00,13.9,85,11.3,12.9,0.0,0.0,0.0,0.0,0,1018.1,1008.3,2,2,0,0,0.02,0.24,9.4,17.4,342,347,14.0,16.0,21.3,20.8,16.9,0.09,0.107,0.141,0.241,1,583.44,27.0,12.0,15.0,112.6,27.0,82.7,61.0,27.1,33.9,192.5,35.7,186.7
38.69947,-8.46048,81.0,2001-06-13T07:00,15.7,76,11.5,14.7,0.0,0.0,0.0,0.0,0,1018.4,1008.7,2,2,0,0,0.09,0.42,9.8,13.7,343,346,20.9,17.5,21.1,20.8,16.9,0.09,0.107,0.141,0.241,1,3600.0,163.0,105.0,58.0,448.1,163.0,310.8,228.2,147.0,81.2,448.1,228.2,435.0
38.69947,-8.46048,81.0,2001-06-13T08:00,17.7,65,11.0,16.6,0.0,0.0,0.0,0.0,0,1018.6,1009.0,0,0,0,0,0.2,0.71,9.4,12.3,342,345,22.7,19.7,21.0,20.7,16.9,0.09,0.107,0.141,0.241,1,3600.0,351.0,265.0,86.0,631.2,351.0,556.8,426.1,321.7,104.4,631.2,426.1,675.9
38.69947,-8.46048,81.0,2001-06-13T09:00,20.0,56,10.8,18.9,0.0,0.0,0.0,0.0,0,1018.5,1008.9,0,0,0,0,0.33,1.04,9.2,11.8,334,337,23.8,22.4,21.1,20.7,16.9,0.089,0.107,0.141,0.241,1,3600.0,546.0,445.0,101.0,749.8,546.0,787.1,619.5,504.9,114.6,749.8,619.5,893.0
38.69947,-8.46048,81.0,2001-06-13T10:00,22.2,50,11.2,22.1,0.0,0.0,0.0,0.0,0,1018.3,1008.8,0,0,0,0,0.46,1.35,10.0,12.6,334,336,25.6,25.0,21.2,20.7,16.9,0.088,0.106,0.141,0.241,1,3600.0,717.0,604.0,113.0,812.4,717.0,986.0,779.2,656.4,122.8,812.4,779.2,1071.5
38.69947,-8.46048,81.0,2001-06-13T11:00,24.2,46,11.8,25.1,0.0,0.0,0.0,0.0,0,1018.0,1008.6,0,0,0,0,0.57,1.63,9.4,11.9,328,331,27.0,27.4,21.5,20.7,16.9,0.087,0.106,0.141,0.241,1,3600.0,854.0,732.0,122.0,851.5,854.0,1140.1,898.4,770.0,128.3,851.5,898.4,1199.3
38.69947,-8.46048,81.0,2001-06-13T12:00,25.7,42,11.9,27.2,0.0,0.0,0.0,0.0,0,1017.6,1008.2,0,0,0,0,0.65,1.9,9.2,11.2,318,320,27.4,29.4,21.9,20.7,16.9,0.085,0.106,0.141,0.241,1,3600.0,943.0,817.0,126.0,874.7,943.0,1238.7,965.0,836.1,128.9,874.7,965.0,1267.6
38.69947,-8.46048,81.0,2001-06-13T13:00,26.8,39,11.6,28.4,0.0,0.0,0.0,0.0,0,1017.2,1007.9,0,0,0,0,0.69,2.16,9.7,12.0,309,311,28.4,30.8,22.2,20.7,16.9,0.083,0.106,0.141,0.24,1,3600.0,977.0,849.0,128.0,882.9,977.0,1275.2,974.5,846.8,127.7,882.9,974.5,1271.9
38.69947,-8.46048,81.0,2001-06-13T14:00,27.6,36,11.3,28.6,0.0,0.0,0.0,0.0,0,1016.6,1007.3,0,0,0,0,0.69,2.36,11.6,14.3,306,309,29.9,31.7,22.6,20.7,16.9,0.082,0.106,0.141,0.24,1,3600.0,954.0,828.0,126.0,880.5,954.0,1247.1,927.0,804.5,122.4,880.5,927.0,1211.8
38.69947,-8.46048,81.0,2001-06-13T15:00,28.0,35,11.2,28.2,0.0,0.0,0.0,0.0,0,1016.7,1007.4,0,0,0,0,0.65,2.45,13.1,16.4,307,310,31.3,31.9,23.0,20.7,16.9,0.08,0.105,0.141,0.24,1,3600.0,875.0,754.0,121.0,864.7,875.0,1156.3,825.8,711.6,114.2,864.7,825.8,1091.4
38.69947,-8.46048,81.0,2001-06-13T16:00,27.9,35,11.1,27.1,0.0,0.0,0.0,0.0,0,1016.3,1007.0,0,0,0,0,0.57,2.43,14.6,18.6,310,313,32.4,31.5,23.4,20.7,17.0,0.079,0.105,0.141,0.24,1,3600.0,746.0,634.0,112.0,833.2,746.0,1009.0,679.3,577.4,102.0,833.2,679.3,918.9
38.69947,-8.46048,81.0,2001-06-13T17:00,27.3,37,11.2,25.3,0.0,0.0,0.0,0.0,0,1016.2,1006.9,0,0,0,0,0.47,2.29,16.8,22.2,315,317,34.6,30.4,23.6,20.7,17.0,0.078,0.105,0.141,0.24,1,3600.0,579.0,478.0,101.0,777.5,579.0,815.3,501.4,414.0,87.5,777.5,501.4,706.1
38.69947,-8.46048,81.0,2001-06-13T18:00,25.9,40,11.4,23.6,0.0,0.0,0.0,0.0,0,1016.4,1007.0,0,0,0,0,0.35,2.0,18.9,25.6,320,322,36.7,28.7,23.8,20.7,17.0,0.077,0.105,0.14,0.24,1,3600.0,388.0,303.0,85.0,683.0,388.0,588.3,308.3,240.8,67.5,683.0,308.3,467.5
38.69947,-8.46048,81.0,2001-06-13T19:00,23.5,49,12.2,21.4,0.0,0.0,0.0,0.0,0,1016.7,1007.3,0,0,0,0,0.22,1.47,19.1,27.2,324,325,38.9,26.4,23.9,20.8,17.0,0.077,0.105,0.14,0.24,1,3600.0,195.0,134.0,61.0,517.2,195.0,343.5,124.5,85.6,38.9,517.2,124.5,219.3
38.69947,-8.46048,81.0,2001-06-13T20:00,21.2,56,12.0,19.1,0.0,0.0,0.0,0.0,0,1017.5,1008.0,0,0,0,0,0.12,1.11,18.1,27.6,329,331,37.1,23.9,23.8,20.8,17.0,0.077,0.105,0.14,0.24,0,1809.88,42.0,22.0,20.0,185.1,42.0,98.8,0.0,0.0,0.0,0.0,0.0,0.0
38.69947,-8.46048,81.0,2001-06-13T21:00,19.3,63,12.0,17.6,0.0,0.0,0.0,0.0,0,1018.2,1008.6,0,0,0,0,0.07,0.83,15.8,26.0,336,338,33.8,21.9,23.7,20.8,17.0,0.076,0.105,0.14,0.24,0,0.0,0.0,0.0,0.0,0.0,0.0,0.0,0.0,0.0,0.0,0.0,0.0,0.0
38.69947,-8.46048,81.0,2001-06-13T22:00,17.9,69,12.1,16.7,0.0,0.0,0.0,0.0,0,1018.7,1009.1,0,0,0,0,0.04,0.64,12.7,22.3,335,339,29.2,20.5,23.5,20.8,17.0,0.076,0.105,0.14,0.24,0,0.0,0.0,0.0,0.0,0.0,0.0,0.0,0.0,0.0,0.0,0.0,0.0,0.0
38.69947,-8.46048,81.0,2001-06-13T23:00,16.7,75,12.2,15.7,0.0,0.0,0.0,0.0,0,1018.3,1008.6,0,0,0,0,0.03,0.48,12.0,22.0,339,342,24.8,19.3,23.3,20.8,17.0,0.076,0.105,0.14,0.24,0,0.0,0.0,0.0,0.0,0.0,0.0,0.0,0.0,0.0,0.0,0.0,0.0,0.0
38.69947,-8.46048,81.0,2001-06-14T00:00,15.8,80,12.4,14.9,0.0,0.0,0.0,0.0,0,1018.5,1008.8,0,0,0,0,0.01,0.36,11.2,21.5,339,342,23.0,18.4,23.0,20.8,17.0,0.076,0.105,0.14,0.24,0,0.0,0.0,0.0,0.0,0.0,0.0,0.0,0.0,0.0,0.0,0.0,0.0,0.0
38.69947,-8.46048,81.0,2001-06-14T01:00,15.2,85,12.7,14.4,0.0,0.0,0.0,0.0,0,1018.0,1008.3,1,1,0,0,0.01,0.26,11.0,21.4,337,340,22.0,17.6,22.8,20.8,17.0,0.076,0.105,0.14,0.24,0,0.0,0.0,0.0,0.0,0.0,0.0,0.0,0.0,0.0,0.0,0.0,0.0,0.0
38.69947,-8.46048,81.0,2001-06-14T02:00,14.6,89,12.9,14.0,0.0,0.0,0.0,0.0,0,1017.7,1008.0,0,0,0,0,0.0,0.18,10.3,20.9,335,339,20.5,17.0,22.5,20.8,17.0,0.076,0.105,0.14,0.24,0,0.0,0.0,0.0,0.0,0.0,0.0,0.0,0.0,0.0,0.0,0.0,0.0,0.0
38.69947,-8.46048,81.0,2001-06-14T03:00,14.4,91,13.0,13.9,0.0,0.0,0.0,0.0,0,1017.7,1008.0,0,0,0,0,0.0,0.14,9.8,20.3,332,337,18.4,16.6,22.2,20.8,17.0,0.076,0.105,0.14,0.24,0,0.0,0.0,0.0,0.0,0.0,0.0,0.0,0.0,0.0,0.0,0.0,0.0,0.0
38.69947,-8.46048,81.0,2001-06-14T04:00,14.1,93,12.9,13.6,0.0,0.0,0.0,0.0,0,1017.8,1008.1,2,2,0,0,0.0,0.12,9.8,20.6,332,335,16.9,16.1,21.9,20.8,17.0,0.076,0.105,0.14,0.24,0,0.0,0.0,0.0,0.0,0.0,0.0,0.0,0.0,0.0,0.0,0.0,0.0,0.0
38.69947,-8.46048,81.0,2001-06-14T05:00,13.8,94,12.9,13.3,0.0,0.0,0.0,0.0,0,1017.9,1008.1,0,0,0,0,0.0,0.09,9.5,20.1,335,339,16.2,15.8,21.6,20.8,17.0,0.076,0.105,0.14,0.24,0,0.0,0.0,0.0,0.0,0.0,0.0,0.0,0.0,0.0,0.0,0.0,0.0,0.0
38.69947,-8.46048,81.0,2001-06-14T06:00,14.0,94,13.0,13.4,0.0,0.0,0.0,0.0,0,1018.0,1008.2,1,1,0,0,0.01,0.1,10.2,19.0,342,345,15.8,15.8,21.4,20.8,17.0,0.076,0.105,0.14,0.24,1,687.57,28.0,13.0,15.0,122.0,28.0,82.6,63.2,29.4,33.9,208.7,37.0,186.5
38.69947,-8.46048,81.0,2001-06-14T07:00,16.2,83,13.3,15.7,0.0,0.0,0.0,0.0,0,1018.3,1008.6,2,2,0,0,0.08,0.31,10.4,15.5,346,348,21.2,17.1,21.2,20.8,17.0,0.076,0.105,0.14,0.24,1,3600.0,166.0,107.0,59.0,456.9,166.0,310.5,232.4,149.8,82.6,456.9,232.4,434.7
38.69947,-8.46048,81.0,2001-06-14T08:00,18.6,69,12.9,17.9,0.0,0.0,0.0,0.0,0,1018.2,1008.6,0,0,0,0,0.2,0.66,11.4,15.3,349,351,25.6,19.9,21.1,20.8,17.0,0.076,0.105,0.14,0.24,1,3600.0,355.0,271.0,84.0,645.8,355.0,556.4,431.0,329.0,102.0,645.8,431.0,675.5
38.69947,-8.46048,81.0,2001-06-14T09:00,21.2,61,13.4,20.5,0.0,0.0,0.0,0.0,0,1018.1,1008.6,0,0,0,0,0.34,0.97,12.0,15.5,344,347,28.4,22.8,21.2,20.7,17.0,0.075,0.105,0.14,0.24,1,3600.0,549.0,448.0,101.0,755.1,549.0,786.6,622.9,508.3,114.6,755.1,622.9,892.6
38.69947,-8.46048,81.0,2001-06-14T10:00,23.5,57,14.4,24.0,0.0,0.0,0.0,0.0,0,1018.2,1008.8,4,4,0,0,0.46,1.25,12.6,16.1,333,333,29.5,25.6,21.4,20.7,17.0,0.075,0.104,0.14,0.24,1,3600.0,720.0,605.0,115.0,813.9,720.0,985.6,782.5,657.5,125.0,813.9,782.5,1071.1
38.69947,-8.46048,81.0,2001-06-14T11:00,25.5,52,14.9,26.9,0.0,0.0,0.0,0.0,0,1017.8,1008.4,4,4,0,0,0.57,1.57,13.0,16.4,326,327,29.9,28.2,21.6,20.7,17.0,0.074,0.104,0.14,0.24,1,3600.0,845.0,702.0,143.0,816.7,845.0,1139.7,889.0,738.5,150.4,816.7,889.0,1199.0
38.69947,-8.46048,81.0,2001-06-14T12:00,27.3,48,15.2,29.4,0.0,0.0,0.0,0.0,0,1017.4,1008.1,0,0,0,0,0.67,1.89,12.6,16.0,323,324,29.9,30.4,22.0,20.7,17.0,0.072,0.104,0.14,0.24,1,3600.0,948.0,821.0,127.0,878.9,948.0,1238.5,970.2,840.3,130.0,878.9,970.2,1267.6
38.69947,-8.46048,81.0,2001-06-14T13:00,28.6,44,15.2,30.9,0.0,0.0,0.0,0.0,0,1016.7,1007.4,0,0,0,0,0.71,2.18,12.5,15.8,316,317,30.2,32.2,22.4,20.7,17.0,0.071,0.104,0.14,0.24,1,3600.0,983.0,859.0,124.0,893.1,983.0,1275.2,980.6,856.9,123.7,893.1,980.6,1272.0
38.69947,-8.46048,81.0,2001-06-14T14:00,29.4,42,15.1,31.3,0.0,0.0,0.0,0.0,0,1016.1,1006.9,0,0,0,0,0.72,2.39,14.1,17.8,310,312,33.5,33.2,22.8,20.7,17.0,0.07,0.104,0.14,0.24,1,3600.0,960.0,841.0,119.0,893.9,960.0,1247.4,932.9,817.3,115.6,893.9,932.9,1212.2
38.69947,-8.46048,81.0,2001-06-14T15:00,29.6,40,14.7,30.5,0.0,0.0,0.0,0.0,0,1015.9,1006.7,0,0,0,0,0.67,2.48,16.1,20.7,309,310,36.7,33.4,23.2,20.7,17.0,0.069,0.103,0.14,0.24,1,3600.0,878.0,758.0,120.0,868.7,878.0,1156.9,828.8,715.5,113.3,868.7,828.8,1092.1
38.69947,-8.46048,81.0,2001-06-14T16:00,29.1,41,14.4,29.0,0.0,0.0,0.0,0.0,0,1015.6,1006.4,0,0,0,0,0.59,2.4,17.3,22.7,312,313,39.6,32.7,23.6,20.7,17.0,0.068,0.103,0.14,0.24,1,3600.0,744.0,633.0,111.0,831.0,744.0,1009.9,677.7,576.6,101.1,831.0,677.7,919.9
38.69947,-8.46048,81.0,2001-06-14T17:00,27.9,44,14.4,26.7,0.0,0.0,0.0,0.0,0,1015.5,1006.2,0,0,0,0,0.47,2.12,18.8,25.2,315,317,41.4,31.4,23.8,20.8,17.0,0.067,0.103,0.14,0.24,1,3600.0,576.0,471.0,105.0,764.9,576.0,816.4,499.0,408.1,91.0,764.9,499.0,707.3
38.69947,-8.46048,81.0,2001-06-14T18:00,26.2,49,14.5,24.9,0.0,0.0,0.0,0.0,0,1015.5,1006.2,0,0,0,0,0.33,1.74,19.2,26.1,320,322,41.4,29.4,24.0,20.8,17.0,0.067,0.103,0.14,0.24,1,3600.0,384.0,298.0,86.0,670.1,384.0,589.6,305.4,237.0,68.4,670.1,305.4,468.9
38.69947,-8.46048,81.0,2001-06-14T19:00,24.1,54,14.2,22.8,0.0,0.0,0.0,0.0,0,1015.7,1006.3,0,0,0,0,0.21,1.38,18.5,26.1,323,325,38.9,27.1,24.1,20.8,17.0,0.067,0.103,0.14,0.24,1,3600.0,195.0,134.0,61.0,514.9,195.0,345.0,124.8,85.8,39.1,514.9,124.8,220.9
38.69947,-8.46048,81.0,2001-06-14T20:00,22.0,62,14.3,21.0,0.0,0.0,0.0,0.0,0,1016.1,1006.6,0,0,0,0,0.1,1.01,16.6,25.4,326,328,36.4,24.7,24.1,20.8,17.0,0.067,0.103,0.14,0.24,0,1834.05,42.0,22.0,20.0,184.1,42.0,99.5,0.0,0.0,0.0,0.0,0.0,0.0
38.69947,-8.46048,81.0,2001-06-14T21:00,20.2,69,14.4,19.4,0.0,0.0,0.0,0.0,0,1016.5,1007.0,0,0,0,0,0.05,0.73,14.8,24.1,331,333,30.6,22.7,24.0,20.8,17.0,0.067,0.103,0.14,0.24,0,0.0,0.0,0.0,0.0,0.0,0.0,0.0,0.0,0.0,0.0,0.0,0.0,0.0
38.69947,-8.46048,81.0,2001-06-14T22:00,18.7,76,14.4,18.3,0.0,0.0,0.0,0.0,0,1017.2,1007.6,0,0,0,0,0.03,0.51,12.3,20.6,328,331,27.7,21.2,23.8,20.8,17.1,0.067,0.103,0.14,0.24,0,0.0,0.0,0.0,0.0,0.0,0.0,0.0,0.0,0.0,0.0,0.0,0.0,0.0
38.69947,-8.46048,81.0,2001-06-14T23:00,17.4,83,14.4,17.1,0.0,0.0,0.0,0.0,0,1017.3,1007.7,4,4,0,0,0.01,0.35,11.7,20.6,326,331,24.5,19.9,23.6,20.8,17.1,0.067,0.103,0.14,0.24,0,0.0,0.0,0.0,0.0,0.0,0.0,0.0,0.0,0.0,0.0,0.0,0.0,0.0
38.69947,-8.46048,81.0,2001-06-15T00:00,16.3,87,14.2,15.9,0.0,0.0,0.0,0.0,0,1017.3,1007.6,19,21,0,0,0.0,0.23,11.7,20.8,326,330,23.0,18.9,23.3,20.8,17.1,0.067,0.103,0.14,0.24,0,0.0,0.0,0.0,0.0,0.0,0.0,0.0,0.0,0.0,0.0,0.0,0.0,0.0
38.69947,-8.46048,81.0,2001-06-15T01:00,15.3,90,13.8,14.9,0.0,0.0,0.0,0.0,1,1017.0,1007.3,33,37,0,0,0.0,0.17,11.5,20.9,328,331,21.6,18.0,23.1,20.8,17.1,0.067,0.103,0.14,0.24,0,0.0,0.0,0.0,0.0,0.0,0.0,0.0,0.0,0.0,0.0,0.0,0.0,0.0
38.69947,-8.46048,81.0,2001-06-15T02:00,14.7,92,13.4,14.1,0.0,0.0,0.0,0.0,1,1017.0,1007.3,40,45,0,0,0.0,0.14,12.0,20.9,327,331,20.2,17.3,22.8,20.8,17.1,0.067,0.103,0.14,0.24,0,0.0,0.0,0.0,0.0,0.0,0.0,0.0,0.0,0.0,0.0,0.0,0.0,0.0
38.69947,-8.46048,81.0,2001-06-15T03:00,14.2,93,13.1,13.5,0.0,0.0,0.0,0.0,2,1017.2,1007.5,58,65,0,0,0.0,0.11,11.8,20.9,329,331,19.8,16.7,22.5,20.8,17.1,0.067,0.103,0.14,0.24,0,0.0,0.0,0.0,0.0,0.0,0.0,0.0,0.0,0.0,0.0,0.0,0.0,0.0
38.69947,-8.46048,81.0,2001-06-15T04:00,13.9,93,12.9,13.2,0.0,0.0,0.0,0.0,1,1017.2,1007.5,40,44,0,0,0.0,0.11,10.8,19.5,330,332,19.4,16.3,22.3,20.8,17.1,0.067,0.103,0.14,0.24,0,0.0,0.0,0.0,0.0,0.0,0.0,0.0,0.0,0.0,0.0,0.0,0.0,0.0
38.69947,-8.46048,81.0,2001-06-15T05:00,13.9,92,12.7,13.3,0.0,0.0,0.0,0.0,1,1017.5,1007.7,42,47,0,0,0.0,0.12,9.7,18.8,329,331,18.4,16.0,22.0,20.8,17.1,0.067,0.103,0.14,0.24,0,0.0,0.0,0.0,0.0,0.0,0.0,0.0,0.0,0.0,0.0,0.0,0.0,0.0
38.69947,-8.46048,81.0,2001-06-15T06:00,14.1,91,12.6,13.5,0.0,0.0,0.0,0.0,1,1017.7,1008.0,40,42,2,5,0.02,0.15,9.1,16.8,326,329,17.3,16.0,21.7,20.8,17.1,0.066,0.103,0.14,0.24,1,167.53,22.0,8.0,14.0,75.1,22.0,82.5,49.7,18.1,31.6,128.6,29.0,186.3
38.69947,-8.46048,81.0,2001-06-15T07:00,16.1,81,12.9,15.3,0.0,0.0,0.0,0.0,2,1017.8,1008.1,57,48,7,33,0.07,0.34,11.7,16.9,326,326,23.4,17.5,21.5,20.8,17.1,0.067,0.103,0.14,0.24,1,3600.0,120.0,55.0,65.0,235.1,120.0,310.1,168.0,77.0,91.0,235.1,168.0,434.2
38.69947,-8.46048,81.0,2001-06-15T08:00,17.7,70,12.1,16.1,0.0,0.0,0.0,0.0,2,1017.9,1008.3,69,44,24,49,0.16,0.61,15.2,20.7,324,325,32.8,19.2,21.4,20.8,17.1,0.066,0.103,0.14,0.24,1,3600.0,251.0,110.0,141.0,262.3,251.0,555.9,304.8,133.6,171.2,262.3,304.8,675.0
38.69947,-8.46048,81.0,2001-06-15T09:00,19.4,59,11.3,17.7,0.0,0.0,0.0,0.0,2,1018.1,1008.5,53,29,17,56,0.27,0.91,14.3,18.9,321,321,32.8,21.3,21.4,20.8,17.1,0.066,0.103,0.139,0.24,1,3600.0,408.0,200.0,208.0,337.3,408.0,786.1,463.0,227.0,236.0,337.3,463.0,892.1
38.69947,-8.46048,81.0,2001-06-15T10:00,20.9,51,10.5,19.0,0.0,0.0,0.0,0.0,1,1018.0,1008.5,45,17,12,75,0.37,1.2,14.6,18.9,310,310,32.8,23.4,21.5,20.8,17.1,0.066,0.103,0.139,0.24,1,3600.0,548.0,315.0,233.0,423.9,548.0,985.1,595.6,342.4,253.2,423.9,595.6,1070.7
38.69947,-8.46048,81.0,2001-06-15T11:00,22.5,44,9.5,20.7,0.0,0.0,0.0,0.0,1,1018.2,1008.7,46,37,0,44,0.49,1.54,17.7,23.3,309,309,38.5,25.6,21.6,20.8,17.1,0.065,0.103,0.139,0.24,1,3600.0,716.0,443.0,273.0,515.4,716.0,1139.4,753.3,466.1,287.2,515.4,753.3,1198.7
38.69947,-8.46048,81.0,2001-06-15T12:00,23.8,39,9.0,22.3,0.0,0.0,0.0,0.0,1,1018.2,1008.8,42,25,24,17,0.59,1.8,19.3,24.9,307,307,41.8,27.5,21.9,20.8,17.1,0.065,0.102,0.139,0.24,1,3600.0,860.0,604.0,256.0,646.6,860.0,1238.3,880.3,618.2,262.0,646.6,880.3,1267.5
38.69947,-8.46048,81.0,2001-06-15T13:00,24.4,36,8.4,22.9,0.0,0.0,0.0,0.0,1,1017.9,1008.5,43,33,20,6,0.64,1.95,19.5,25.4,304,305,43.2,28.7,22.1,20.8,17.1,0.064,0.102,0.139,0.239,1,3600.0,919.0,706.0,213.0,733.9,919.0,1275.2,916.8,704.3,212.5,733.9,916.8,1272.2
38.69947,-8.46048,81.0,2001-06-15T14:00,24.5,35,7.9,22.6,0.0,0.0,0.0,0.0,1,1018.0,1008.6,38,36,9,0,0.62,2.01,20.3,26.5,303,304,44.3,29.2,22.4,20.8,17.1,0.063,0.102,0.139,0.239,1,3600.0,868.0,683.0,185.0,725.7,868.0,1247.6,843.6,663.8,179.8,725.7,843.6,1212.6
38.69947,-8.46048,81.0,2001-06-15T15:00,24.6,34,7.6,22.2,0.0,0.0,0.0,0.0,1,1017.8,1008.4,21,23,1,0,0.6,2.05,21.3,28.0,304,305,45.0,29.3,22.6,20.8,17.1,0.063,0.102,0.139,0.239,1,3600.0,834.0,652.0,182.0,746.7,834.0,1157.4,787.4,615.6,171.8,746.7,787.4,1092.7
38.69947,-8.46048,81.0,2001-06-15T16:00,24.2,34,7.5,21.3,0.0,0.0,0.0,0.0,0,1017.9,1008.5,13,14,0,0,0.54,1.99,21.5,28.9,305,306,45.0,28.9,22.8,20.8,17.1,0.062,0.102,0.139,0.239,1,3600.0,725.0,589.0,136.0,772.5,725.0,1010.7,660.5,536.6,123.9,772.5,660.5,920.8
38.69947,-8.46048,81.0,2001-06-15T17:00,23.5,36,7.7,19.8,0.0,0.0,0.0,0.0,0,1018.2,1008.8,16,18,0,0,0.44,1.85,21.9,29.5,306,308,45.0,27.8,23.0,20.8,17.1,0.062,0.102,0.139,0.239,1,3600.0,564.0,443.0,121.0,718.4,564.0,817.4,488.8,383.9,104.9,718.4,488.8,708.5
38.69947,-8.46048,81.0,2001-06-15T18:00,22.4,40,8.2,18.8,0.0,0.0,0.0,0.0,0,1018.4,1008.9,11,12,0,0,0.33,1.63,21.7,29.6,310,311,44.6,26.3,23.1,20.8,17.1,0.062,0.101,0.139,0.239,1,3600.0,386.0,294.0,92.0,659.5,386.0,590.9,307.2,234.0,73.2,659.5,307.2,470.2
38.69947,-8.46048,81.0,2001-06-15T19:00,20.9,47,9.3,17.8,0.0,0.0,0.0,0.0,0,1018.9,1009.4,3,3,0,0,0.21,1.31,19.9,28.3,314,314,42.8,24.4,23.1,20.8,17.1,0.062,0.101,0.139,0.239,1,3600.0,193.0,126.0,67.0,482.1,193.0,346.4,123.9,80.9,43.0,482.1,123.9,222.4
38.69947,-8.46048,81.0,2001-06-15T20:00,19.6,54,10.0,17.2,0.0,0.0,0.0,0.0,0,1019.3,1009.7,0,0,0,0,0.11,1.05,16.5,26.2,314,317,38.5,22.4,23.0,20.8,17.1,0.061,0.101,0.139,0.239,1,1856.69,42.0,22.0,20.0,183.3,42.0,100.8,0.0,0.0,0.0,0.0,0.0,0.0
38.69947,-8.46048,81.0,2001-06-15T21:00,18.2,62,10.7,16.4,0.0,0.0,0.0,0.0,0,1020.1,1010.5,0,0,0,0,0.06,0.8,14.3,24.2,317,319,31.3,20.7,22.9,20.8,17.1,0.061,0.101,0.139,0.239,0,0.0,0.0,0.0,0.0,0.0,0.0,0.0,0.0,0.0,0.0,0.0,0.0,0.0
38.69947,-8.46048,81.0,2001-06-15T22:00,17.1,69,11.5,15.9,0.0,0.0,0.0,0.0,0,1021.0,1011.3,0,0,0,0,0.03,0.6,11.5,20.6,314,317,26.6,19.4,22.7,20.8,17.1,0.061,0.101,0.139,0.239,0,0.0,0.0,0.0,0.0,0.0,0.0,0.0,0.0,0.0,0.0,0.0,0.0,0.0
38.69947,-8.46048,81.0,2001-06-15T23:00,16.2,76,12.1,15.4,0.0,0.0,0.0,0.0,0,1021.1,1011.4,5,6,0,0,0.02,0.43,10.2,19.6,312,316,22.3,18.4,22.5,20.8,17.1,0.061,0.101,0.139,0.239,0,0.0,0.0,0.0,0.0,0.0,0.0,0.0,0.0,0.0,0.0,0.0,0.0,0.0
38.69947,-8.46048,81.0,2001-06-16T00:00,15.5,83,12.5,14.9,0.0,0.0,0.0,0.0,0,1021.3,1011.6,6,7,0,0,0.01,0.31,9.2,18.6,309,313,18.7,17.5,22.3,20.8,17.1,0.061,0.101,0.139,0.239,0,0.0,0.0,0.0,0.0,0.0,0.0,0.0,0.0,0.0,0.0,0.0,0.0,0.0
38.69947,-8.46048,81.0,2001-06-16T01:00,14.9,87,12.8,14.5,0.0,0.0,0.0,0.0,0,1021.3,1011.5,16,18,0,0,0.0,0.22,8.2,17.8,308,312,15.8,16.9,22.1,20.8,17.1,0.061,0.101,0.139,0.239,0,0.0,0.0,0.0,0.0,0.0,0.0,0.0,0.0,0.0,0.0,0.0,0.0,0.0
38.69947,-8.46048,81.0,2001-06-16T02:00,14.5,90,12.9,14.2,0.0,0.0,0.0,0.0,1,1021.0,1011.2,29,32,0,0,0.0,0.16,8.2,17.6,308,314,14.4,16.3,21.8,20.8,17.1,0.061,0.101,0.139,0.239,0,0.0,0.0,0.0,0.0,0.0,0.0,0.0,0.0,0.0,0.0,0.0,0.0,0.0
38.69947,-8.46048,81.0,2001-06-16T03:00,14.1,92,12.9,13.8,0.0,0.0,0.0,0.0,1,1020.8,1011.0,32,36,0,0,0.0,0.12,8.4,17.3,313,318,13.7,15.9,21.6,20.8,17.1,0.061,0.101,0.139,0.239,0,0.0,0.0,0.0,0.0,0.0,0.0,0.0,0.0,0.0,0.0,0.0,0.0,0.0
38.69947,-8.46048,81.0,2001-06-16T04:00,14.2,92,13.0,14.1,0.0,0.0,0.0,0.0,1,1020.9,1011.1,31,34,0,0,0.0,0.12,7.7,17.0,319,324,14.4,15.8,21.4,20.8,17.1,0.061,0.101,0.139,0.239,0,0.0,0.0,0.0,0.0,0.0,0.0,0.0,0.0,0.0,0.0,0.0,0.0,0.0
38.69947,-8.46048,81.0,2001-06-16T05:00,14.2,92,13.0,14.1,0.0,0.0,0.0,0.0,1,1021.3,1011.5,32,36,0,0,0.0,0.13,7.2,16.8,323,329,14.4,15.7,21.1,20.8,17.2,0.061,0.101,0.139,0.239,0,0.0,0.0,0.0,0.0,0.0,0.0,0.0,0.0,0.0,0.0,0.0,0.0,0.0
38.69947,-8.46048,81.0,2001-06-16T06:00,14.6,90,13.0,14.3,0.0,0.0,0.0,0.0,1,1021.8,1012.0,35,39,0,0,0.02,0.16,8.1,16.4,328,334,14.8,15.9,20.9,20.8,17.2,0.061,0.101,0.139,0.239,1,167.95,22.0,8.0,14.0,75.2,22.0,82.3,49.7,18.1,31.6,128.9,29.0,185.9
38.69947,-8.46048,81.0,2001-06-16T07:00,15.8,83,12.9,15.2,0.0,0.0,0.0,0.0,1,1022.0,1012.3,24,27,0,0,0.07,0.31,10.5,15.3,338,341,19.4,17.3,20.8,20.7,17.2,0.061,0.101,0.139,0.239,1,3600.0,137.0,68.0,69.0,291.0,137.0,309.7,191.9,95.2,96.6,291.0,191.9,433.8
38.69947,-8.46048,81.0,2001-06-16T08:00,17.5,70,12.0,16.0,0.0,0.0,0.0,0.0,1,1022.3,1012.6,24,27,0,0,0.19,0.6,14.9,20.2,345,344,32.4,19.4,20.7,20.7,17.2,0.061,0.101,0.139,0.239,1,3600.0,324.0,220.0,104.0,525.0,324.0,555.4,393.5,267.2,126.3,525.0,393.5,674.4
38.69947,-8.46048,81.0,2001-06-16T09:00,19.2,58,10.8,17.0,0.0,0.0,0.0,0.0,1,1022.4,1012.8,23,25,1,0,0.3,0.93,16.2,21.4,343,343,33.8,21.4,20.8,20.7,17.2,0.061,0.101,0.139,0.239,1,3600.0,477.0,332.0,145.0,560.1,477.0,785.6,541.3,376.8,164.6,560.1,541.3,891.5
38.69947,-8.46048,81.0,2001-06-16T10:00,21.0,48,9.6,19.2,0.0,0.0,0.0,0.0,1,1022.5,1012.9,25,28,0,0,0.42,1.29,15.5,20.3,347,347,37.8,23.7,20.9,20.7,17.2,0.061,0.101,0.139,0.239,1,3600.0,657.0,504.0,153.0,678.4,657.0,984.6,714.1,547.8,166.3,678.4,714.1,1070.2
38.69947,-8.46048,81.0,2001-06-16T11:00,22.5,40,8.3,21.2,0.0,0.0,0.0,0.0,1,1022.3,1012.8,47,47,8,0,0.55,1.63,16.2,20.6,343,344,40.3,25.9,21.1,20.7,17.2,0.06,0.101,0.139,0.239,1,3600.0,837.0,700.0,137.0,814.6,837.0,1139.0,880.7,736.5,144.2,814.6,880.7,1198.4
38.69947,-8.46048,81.0,2001-06-16T12:00,23.6,36,7.8,22.3,0.0,0.0,0.0,0.0,1,1022.2,1012.7,46,27,37,0,0.59,1.85,16.1,20.9,340,341,40.3,27.5,21.3,20.7,17.2,0.06,0.101,0.138,0.239,1,3600.0,861.0,641.0,220.0,686.2,861.0,1238.1,881.3,656.1,225.2,686.2,881.3,1267.3
38.69947,-8.46048,81.0,2001-06-16T13:00,24.7,33,7.3,23.6,0.0,0.0,0.0,0.0,0,1021.8,1012.4,10,0,17,0,0.67,2.08,17.4,22.8,338,339,41.8,29.1,21.6,20.7,17.2,0.059,0.101,0.138,0.239,1,3600.0,975.0,804.0,171.0,835.6,975.0,1275.2,972.8,802.1,170.6,835.6,972.8,1272.3
38.69947,-8.46048,81.0,2001-06-16T14:00,25.3,31,6.8,23.9,0.0,0.0,0.0,0.0,0,1021.7,1012.3,8,1,12,0,0.68,2.24,18.3,23.9,338,339,42.8,30.0,21.9,20.7,17.2,0.059,0.1,0.138,0.239,1,3600.0,965.0,830.0,135.0,881.5,965.0,1247.9,938.0,806.8,131.2,881.5,938.0,1212.9
38.69947,-8.46048,81.0,2001-06-16T15:00,25.6,29,6.3,23.5,0.0,0.0,0.0,0.0,0,1021.2,1011.8,7,1,10,0,0.65,2.32,19.3,25.1,336,336,42.8,30.3,22.2,20.7,17.2,0.059,0.1,0.138,0.239,1,3600.0,887.0,765.0,122.0,875.6,887.0,1157.9,837.6,722.4,115.2,875.6,837.6,1093.3
38.69947,-8.46048,81.0,2001-06-16T16:00,25.5,29,6.1,22.5,0.0,0.0,0.0,0.0,0,1021.4,1012.0,3,0,5,0,0.58,2.31,20.9,27.5,333,334,43.9,29.9,22.4,20.7,17.2,0.058,0.1,0.138,0.239,1,3600.0,758.0,645.0,113.0,845.2,758.0,1011.4,690.7,587.8,103.0,845.2,690.7,921.6
38.69947,-8.46048,81.0,2001-06-16T17:00,24.8,30,6.2,20.8,0.0,0.0,0.0,0.0,0,1021.5,1012.1,0,0,0,0,0.49,2.17,22.2,30.4,333,334,45.4,28.8,22.7,20.7,17.2,0.058,0.1,0.138,0.239,1,3600.0,589.0,488.0,101.0,790.3,589.0,818.4,510.6,423.1,87.6,790.3,510.6,709.5
38.69947,-8.46048,81.0,2001-06-16T18:00,23.4,35,6.9,19.2,0.0,0.0,0.0,0.0,0,1021.6,1012.1,0,0,0,0,0.37,1.88,23.5,32.7,335,336,46.1,27.1,22.8,20.7,17.2,0.058,0.1,0.138,0.239,1,3600.0,396.0,311.0,85.0,696.2,396.0,592.0,315.4,247.7,67.7,696.2,315.4,471.5
38.69947,-8.46048,81.0,2001-06-16T19:00,21.2,43,8.3,17.3,0.0,0.0,0.0,0.0,0,1022.1,1012.5,0,0,0,0,0.24,1.43,23.7,34.0,336,337,47.5,24.8,22.8,20.7,17.2,0.058,0.1,0.138,0.239,1,3600.0,201.0,139.0,62.0,529.7,201.0,347.7,129.3,89.4,39.9,529.7,129.3,223.7
38.69947,-8.46048,81.0,2001-06-16T20:00,19.3,52,9.1,15.9,0.0,0.0,0.0,0.0,0,1022.7,1013.1,0,0,0,0,0.14,1.08,22.0,34.2,339,340,45.4,22.5,22.8,20.7,17.2,0.058,0.1,0.138,0.239,1,1877.74,44.0,23.0,21.0,190.8,44.0,102.1,0.0,0.0,0.0,0.0,0.0,0.0
38.69947,-8.46048,81.0,2001-06-16T21:00,17.8,59,9.8,14.8,0.0,0.0,0.0,0.0,0,1023.2,1013.5,0,0,0,0,0.09,0.82,19.9,32.1,343,344,41.0,20.6,22.7,20.7,17.2,0.058,0.1,0.138,0.239,0,0.0,0.0,0.0,0.0,0.0,0.0,0.0,0.0,0.0,0.0,0.0,0.0,0.0
38.69947,-8.46048,81.0,2001-06-16T22:00,16.6,66,10.2,14.1,0.0,0.0,0.0,0.0,0,1023.8,1014.1,0,0,0,0,0.06,0.65,17.5,29.3,341,344,36.7,19.2,22.5,20.7,17.2,0.057,0.1,0.138,0.239,0,0.0,0.0,0.0,0.0,0.0,0.0,0.0,0.0,0.0,0.0,0.0,0.0,0.0
38.69947,-8.46048,81.0,2001-06-16T23:00,15.7,71,10.5,13.3,0.0,0.0,0.0,0.0,0,1023.6,1013.8,1,1,0,0,0.05,0.51,17.4,29.5,342,344,34.2,18.2,22.3,20.7,17.2,0.057,0.1,0.138,0.239,0,0.0,0.0,0.0,0.0,0.0,0.0,0.0,0.0,0.0,0.0,0.0,0.0,0.0
38.69947,-8.46048,81.0,2001-06-17T00:00,14.9,76,10.6,12.5,0.0,0.0,0.0,0.0,0,1023.7,1013.9,2,2,0,0,0.04,0.41,17.3,29.4,343,345,32.8,17.3,22.1,20.7,17.2,0.057,0.1,0.138,0.239,0,0.0,0.0,0.0,0.0,0.0,0.0,0.0,0.0,0.0,0.0,0.0,0.0,0.0
38.69947,-8.46048,81.0,2001-06-17T01:00,14.2,79,10.5,11.8,0.0,0.0,0.0,0.0,0,1023.4,1013.6,2,2,0,0,0.03,0.34,17.6,29.7,345,346,31.7,16.5,21.9,20.7,17.2,0.057,0.1,0.138,0.239,0,0.0,0.0,0.0,0.0,0.0,0.0,0.0,0.0,0.0,0.0,0.0,0.0,0.0
38.69947,-8.46048,81.0,2001-06-17T02:00,13.6,80,10.1,11.1,0.0,0.0,0.0,0.0,0,1023.0,1013.2,1,1,0,0,0.03,0.32,17.4,30.1,347,348,31.7,15.9,21.6,20.7,17.2,0.057,0.1,0.138,0.239,0,0.0,0.0,0.0,0.0,0.0,0.0,0.0,0.0,0.0,0.0,0.0,0.0,0.0
38.69947,-8.46048,81.0,2001-06-17T03:00,13.1,79,9.5,10.4,0.0,0.0,0.0,0.0,0,1022.8,1013.0,2,2,0,0,0.03,0.32,17.9,31.4,350,350,32.4,15.3,21.4,20.7,17.2,0.057,0.1,0.138,0.239,0,0.0,0.0,0.0,0.0,0.0,0.0,0.0,0.0,0.0,0.0,0.0,0.0,0.0
38.69947,-8.46048,81.0,2001-06-17T04:00,12.8,77,9.0,9.8,0.0,0.0,0.0,0.0,0,1023.0,1013.2,0,0,0,0,0.03,0.33,18.5,32.3,352,353,33.1,14.9,21.1,20.7,17.2,0.057,0.1,0.138,0.239,0,0.0,0.0,0.0,0.0,0.0,0.0,0.0,0.0,0.0,0.0,0.0,0.0,0.0
38.69947,-8.46048,81.0,2001-06-17T05:00,12.6,77,8.6,9.5,0.0,0.0,0.0,0.0,0,1022.8,1013.0,0,0,0,0,0.03,0.34,18.8,32.4,356,357,33.5,14.6,20.9,20.7,17.2,0.057,0.1,0.138,0.239,0,0.0,0.0,0.0,0.0,0.0,0.0,0.0,0.0,0.0,0.0,0.0,0.0,0.0
38.69947,-8.46048,81.0,2001-06-17T06:00,12.8,74,8.3,9.6,0.0,0.0,0.0,0.0,0,1023.2,1013.4,0,0,0,0,0.05,0.38,19.1,32.4,359,359,34.2,14.5,20.6,20.7,17.2,0.057,0.1,0.138,0.239,1,789.09,29.0,14.0,15.0,131.8,29.0,82.1,65.5,31.6,33.9,226.1,38.2,185.4
38.69947,-8.46048,81.0,2001-06-17T07:00,14.2,70,8.7,11.0,0.0,0.0,0.0,0.0,0,1023.2,1013.4,1,1,0,0,0.11,0.49,19.4,29.2,1,1,36.0,15.7,20.5,20.7,17.2,0.057,0.1,0.138,0.239,1,3600.0,175.0,118.0,57.0,505.7,175.0,309.2,245.2,165.3,79.9,505.7,245.2,433.2
38.69947,-8.46048,81.0,2001-06-17T08:00,16.3,57,7.7,12.5,0.0,0.0,0.0,0.0,0,1023.3,1013.6,0,0,0,0,0.23,0.8,22.4,31.4,4,4,44.3,17.8,20.4,20.7,17.2,0.057,0.1,0.138,0.239,1,3600.0,369.0,286.0,83.0,683.2,369.0,554.8,448.2,347.4,100.8,683.2,448.2,673.8
38.69947,-8.46048,81.0,2001-06-17T09:00,18.6,45,6.5,14.5,0.0,0.0,0.0,0.0,0,1023.3,1013.6,0,0,0,0,0.36,1.18,22.4,30.7,5,5,46.4,20.3,20.4,20.7,17.2,0.057,0.1,0.138,0.239,1,3600.0,565.0,466.0,99.0,786.7,565.0,785.0,641.3,528.9,112.4,786.7,641.3,890.9
38.69947,-8.46048,81.0,2001-06-17T10:00,20.8,36,5.3,17.7,0.0,0.0,0.0,0.0,0,1023.1,1013.5,0,0,0,0,0.48,1.57,19.9,26.8,6,7,46.8,22.9,20.5,20.6,17.2,0.057,0.1,0.138,0.239,1,3600.0,739.0,627.0,112.0,844.3,739.0,984.1,803.3,681.6,121.8,844.3,803.3,1069.7
38.69947,-8.46048,81.0,2001-06-17T11:00,22.8,30,4.4,20.4,0.0,0.0,0.0,0.0,0,1022.5,1013.0,0,0,0,0,0.59,1.93,18.4,24.2,4,5,46.4,25.5,20.7,20.6,17.2,0.057,0.099,0.138,0.239,1,3600.0,876.0,756.0,120.0,879.9,876.0,1138.5,921.8,795.5,126.3,879.9,921.8,1198.1
38.69947,-8.46048,81.0,2001-06-17T12:00,24.4,27,4.0,22.6,0.0,0.0,0.0,0.0,0,1022.3,1012.8,0,0,0,0,0.68,2.25,17.3,22.3,360,2,44.6,27.7,20.9,20.6,17.2,0.056,0.099,0.138,0.239,1,3600.0,966.0,842.0,124.0,901.4,966.0,1237.8,988.9,862.0,126.9,901.4,988.9,1267.2
38.69947,-8.46048,81.0,2001-06-17T13:00,25.8,24,3.8,24.1,0.0,0.0,0.0,0.0,0,1021.6,1012.2,0,0,0,0,0.72,2.51,17.0,22.0,355,357,42.8,29.5,21.2,20.6,17.2,0.056,0.099,0.138,0.239,1,3600.0,999.0,874.0,125.0,908.2,999.0,1275.2,996.8,872.1,124.7,908.2,996.8,1272.3
38.69947,-8.46048,81.0,2001-06-17T14:00,26.8,23,3.8,24.8,0.0,0.0,0.0,0.0,0,1021.1,1011.7,0,0,0,0,0.73,2.71,18.1,23.5,353,355,42.8,30.7,21.6,20.6,17.3,0.056,0.099,0.137,0.239,1,3600.0,974.0,851.0,123.0,903.5,974.0,1248.0,946.8,827.3,119.6,903.5,946.8,1213.2
38.69947,-8.46048,81.0,2001-06-17T15:00,27.4,22,4.1,24.8,0.0,0.0,0.0,0.0,0,1020.3,1011.0,0,0,0,0,0.7,2.83,19.7,26.1,352,353,44.3,31.2,21.9,20.6,17.3,0.055,0.099,0.137,0.238,1,3600.0,893.0,774.0,119.0,885.5,893.0,1158.3,843.3,731.0,112.4,885.5,843.3,1093.9
38.69947,-8.46048,81.0,2001-06-17T16:00,27.5,23,4.6,24.1,0.0,0.0,0.0,0.0,0,1019.8,1010.5,0,0,0,0,0.63,2.82,21.1,28.3,351,353,45.4,31.0,22.2,20.6,17.3,0.055,0.098,0.137,0.238,1,3600.0,761.0,650.0,111.0,851.0,761.0,1012.1,693.6,592.4,101.2,851.0,693.6,922.4
38.69947,-8.46048,81.0,2001-06-17T17:00,27.1,25,5.5,22.9,0.0,0.0,0.0,0.0,0,1019.4,1010.1,0,0,0,0,0.53,2.68,22.3,30.2,350,352,45.7,30.1,22.5,20.6,17.3,0.055,0.098,0.137,0.238,1,3600.0,591.0,492.0,99.0,795.7,591.0,819.3,512.5,426.7,85.9,795.7,512.5,710.5
38.69947,-8.46048,81.0,2001-06-17T18:00,26.1,29,6.9,22.0,0.0,0.0,0.0,0.0,0,1019.5,1010.1,0,0,0,0,0.41,2.39,22.6,31.6,346,348,45.7,28.6,22.7,20.6,17.3,0.055,0.098,0.137,0.238,1,3600.0,398.0,314.0,84.0,701.5,398.0,593.1,317.2,250.2,66.9,701.5,317.2,472.7
38.69947,-8.46048,81.0,2001-06-17T19:00,23.9,40,9.4,20.5,0.0,0.0,0.0,0.0,0,1019.8,1010.4,0,0,0,0,0.26,1.78,21.9,32.5,337,339,45.4,26.5,22.8,20.6,17.3,0.055,0.098,0.137,0.238,1,3600.0,202.0,141.0,61.0,535.4,202.0,349.0,130.2,90.9,39.3,535.4,130.2,225.0
38.69947,-8.46048,81.0,2001-06-17T20:00,21.3,51,10.7,18.2,0.0,0.0,0.0,0.0,0,1020.4,1010.9,0,0,0,0,0.15,1.24,22.7,35.6,337,339,42.8,23.9,22.8,20.6,17.3,0.055,0.098,0.137,0.238,1,1897.1,45.0,24.0,21.0,198.3,45.0,103.4,0.0,0.0,0.0,0.0,0.0,0.0
38.69947,-8.46048,81.0,2001-06-17T21:00,19.2,59,11.1,16.4,0.0,0.0,0.0,0.0,0,1020.7,1011.1,0,0,0,0,0.1,0.9,21.4,35.3,343,346,43.2,21.8,22.7,20.6,17.3,0.055,0.098,0.137,0.238,0,0.0,0.0,0.0,0.0,0.0,0.0,0.0,0.0,0.0,0.0,0.0,0.0,0.0
38.69947,-8.46048,81.0,2001-06-17T22:00,17.9,65,11.1,15.4,0.0,0.0,0.0,0.0,0,1021.3,1011.6,0,0,0,0,0.07,0.72,19.5,33.2,348,351,39.2,20.3,22.6,20.6,17.3,0.055,0.098,0.137,0.238,0,0.0,0.0,0.0,0.0,0.0,0.0,0.0,0.0,0.0,0.0,0.0,0.0,0.0
38.69947,-8.46048,81.0,2001-06-17T23:00,17.0,68,11.0,14.8,0.0,0.0,0.0,0.0,0,1021.0,1011.3,0,0,0,0,0.06,0.63,17.4,31.1,354,355,36.0,19.2,22.4,20.6,17.3,0.055,0.098,0.137,0.238,0,0.0,0.0,0.0,0.0,0.0,0.0,0.0,0.0,0.0,0.0,0.0,0.0,0.0
38.69947,-8.46048,81.0,2001-06-18T00:00,16.4,70,10.9,14.4,0.0,0.0,0.0,0.0,0,1020.8,1011.1,0,0,0,0,0.05,0.56,15.5,29.2,357,359,32.0,18.3,22.3,20.6,17.3,0.055,0.098,0.137,0.238,0,0.0,0.0,0.0,0.0,0.0,0.0,0.0,0.0,0.0,0.0,0.0,0.0,0.0
38.69947,-8.46048,81.0,2001-06-18T01:00,15.9,71,10.6,13.9,0.0,0.0,0.0,0.0,0,1020.5,1010.8,0,0,0,0,0.04,0.53,14.4,28.2,3,4,28.4,17.6,22.1,20.6,17.3,0.055,0.098,0.137,0.238,0,0.0,0.0,0.0,0.0,0.0,0.0,0.0,0.0,0.0,0.0,0.0,0.0,0.0
38.69947,-8.46048,81.0,2001-06-18T02:00,15.5,71,10.2,13.6,0.0,0.0,0.0,0.0,0,1019.7,1010.0,0,0,0,0,0.04,0.52,13.8,27.5,7,11,25.6,17.0,21.9,20.6,17.3,0.055,0.098,0.137,0.238,0,0.0,0.0,0.0,0.0,0.0,0.0,0.0,0.0,0.0,0.0,0.0,0.0,0.0
38.69947,-8.46048,81.0,2001-06-18T03:00,15.3,69,9.7,13.3,0.0,0.0,0.0,0.0,0,1019.4,1009.7,0,0,0,0,0.04,0.54,13.6,27.2,11,15,23.4,16.5,21.6,20.6,17.3,0.055,0.098,0.137,0.238,0,0.0,0.0,0.0,0.0,0.0,0.0,0.0,0.0,0.0,0.0,0.0,0.0,0.0
38.69947,-8.46048,81.0,2001-06-18T04:00,15.2,66,9.0,12.9,0.0,0.0,0.0,0.0,0,1019.1,1009.4,0,0,0,0,0.04,0.58,13.4,27.7,14,18,22.7,16.1,21.4,20.6,17.3,0.055,0.098,0.137,0.238,0,0.0,0.0,0.0,0.0,0.0,0.0,0.0,0.0,0.0,0.0,0.0,0.0,0.0
38.69947,-8.46048,81.0,2001-06-18T05:00,15.0,63,8.1,12.6,0.0,0.0,0.0,0.0,0,1018.9,1009.2,0,0,0,0,0.05,0.63,13.2,27.4,17,23,22.3,15.8,21.2,20.6,17.3,0.055,0.098,0.137,0.238,0,0.0,0.0,0.0,0.0,0.0,0.0,0.0,0.0,0.0,0.0,0.0,0.0,0.0
38.69947,-8.46048,81.0,2001-06-18T06:00,15.5,57,7.1,12.7,0.0,0.0,0.0,0.0,0,1019.1,1009.4,0,0,0,0,0.08,0.75,14.3,28.0,25,32,23.4,15.9,21.0,20.6,17.3,0.055,0.098,0.137,0.238,1,787.44,29.0,14.0,15.0,132.1,29.0,81.8,65.6,31.7,33.9,226.8,38.2,184.9
38.69947,-8.46048,81.0,2001-06-18T07:00,18.5,45,6.4,15.4,0.0,0.0,0.0,0.0,0,1019.0,1009.4,0,0,0,0,0.16,1.16,15.0,27.0,35,44,27.7,17.7,20.9,20.6,17.3,0.055,0.098,0.137,0.238,1,3600.0,175.0,119.0,56.0,510.9,175.0,308.6,245.3,166.8,78.5,510.9,245.3,432.5
38.69947,-8.46048,81.0,2001-06-18T08:00,22.3,33,5.2,18.8,0.0,0.0,0.0,0.0,0,1018.9,1009.4,0,0,0,0,0.31,1.8,15.6,23.3,52,55,31.7,20.9,20.9,20.6,17.3,0.054,0.098,0.137,0.238,1,3600.0,369.0,288.0,81.0,688.6,369.0,554.1,448.3,349.9,98.4,688.6,448.3,673.1
38.69947,-8.46048,81.0,2001-06-18T09:00,25.5,27,5.1,21.8,0.0,0.0,0.0,0.0,0,1018.8,1009.4,0,0,0,0,0.47,2.39,17.4,24.4,66,68,36.7,24.4,21.0,20.6,17.3,0.054,0.098,0.137,0.238,1,3600.0,565.0,468.0,97.0,790.6,565.0,784.3,641.3,531.2,110.1,790.6,641.3,890.3
38.69947,-8.46048,81.0,2001-06-18T10:00,28.1,23,5.2,25.6,0.0,0.0,0.0,0.0,0,1018.5,1009.2,0,0,0,0,0.6,2.92,15.9,21.5,72,72,37.4,27.7,21.2,20.6,17.3,0.054,0.098,0.137,0.238,1,3600.0,740.0,632.0,108.0,851.4,740.0,983.5,804.5,687.1,117.4,851.4,804.5,1069.2
38.69947,-8.46048,81.0,2001-06-18T11:00,30.4,20,4.9,28.7,0.0,0.0,0.0,0.0,0,1017.7,1008.5,0,0,0,0,0.72,3.47,14.8,19.5,76,78,37.4,30.7,21.6,20.6,17.3,0.054,0.098,0.137,0.238,1,3600.0,878.0,761.0,117.0,886.0,878.0,1138.0,924.0,800.9,123.1,886.0,924.0,1197.7
38.69947,-8.46048,81.0,2001-06-18T12:00,32.0,17,4.2,30.9,0.0,0.0,0.0,0.0,0,1017.2,1008.0,0,0,0,0,0.79,3.93,13.6,17.5,79,82,36.7,33.3,22.0,20.6,17.3,0.054,0.097,0.137,0.238,1,3600.0,967.0,845.0,122.0,904.7,967.0,1237.5,990.0,865.1,124.9,904.7,990.0,1267.0
38.69947,-8.46048,81.0,2001-06-18T13:00,33.1,16,3.8,32.4,0.0,0.0,0.0,0.0,0,1016.4,1007.3,0,0,0,0,0.82,4.26,12.4,15.9,82,84,34.9,35.3,22.4,20.6,17.3,0.053,0.097,0.137,0.238,1,3600.0,1000.0,877.0,123.0,911.3,1000.0,1275.1,997.9,875.1,122.7,911.3,997.9,1272.4
38.69947,-8.46048,81.0,2001-06-18T14:00,33.9,15,3.7,33.1,0.0,0.0,0.0,0.0,0,1015.8,1006.7,0,0,0,0,0.81,4.5,11.7,15.0,79,80,32.0,36.7,22.9,20.6,17.3,0.053,0.097,0.136,0.238,1,3600.0,975.0,853.0,122.0,905.4,975.0,1248.2,947.9,829.3,118.6,905.4,947.9,1213.5
38.69947,-8.46048,81.0,2001-06-18T15:00,34.4,15,3.8,33.2,0.0,0.0,0.0,0.0,0,1014.8,1005.7,0,0,0,0,0.75,4.64,11.3,14.8,73,76,29.9,37.3,23.4,20.6,17.3,0.053,0.097,0.136,0.238,1,3600.0,893.0,776.0,117.0,887.3,893.0,1158.7,843.4,732.9,110.5,887.3,843.4,1094.4
38.69947,-8.46048,81.0,2001-06-18T16:00,34.7,15,3.9,32.8,0.0,0.0,0.0,0.0,0,1014.5,1005.4,0,0,0,0,0.66,4.71,11.4,14.7,72,73,28.4,37.2,23.8,20.6,17.3,0.053,0.097,0.136,0.238,1,3600.0,762.0,652.0,110.0,853.0,762.0,1012.7,694.6,594.4,100.3,853.0,694.6,923.2
38.69947,-8.46048,81.0,2001-06-18T17:00,34.6,15,4.1,31.6,0.0,0.0,0.0,0.0,0,1013.9,1004.8,0,0,0,0,0.55,4.67,12.1,15.7,67,70,27.7,36.4,24.2,20.6,17.3,0.052,0.096,0.136,0.238,1,3600.0,592.0,494.0,98.0,798.0,592.0,820.1,513.6,428.5,85.0,798.0,513.6,711.5
38.69947,-8.46048,81.0,2001-06-18T18:00,34.1,16,4.3,30.9,0.0,0.0,0.0,0.0,0,1013.7,1004.6,0,0,0,0,0.42,4.52,12.6,17.4,63,66,28.1,34.9,24.5,20.6,17.3,0.052,0.096,0.136,0.238,1,3600.0,399.0,316.0,83.0,704.7,399.0,594.1,318.1,252.0,66.2,704.7,318.1,473.7
38.69947,-8.46048,81.0,2001-06-18T19:00,33.1,17,4.9,30.2,0.0,0.0,0.0,0.0,0,1013.6,1004.5,0,0,0,0,0.28,4.2,11.5,20.3,49,53,26.3,32.9,24.8,20.6,17.3,0.052,0.096,0.136,0.238,1,3600.0,204.0,144.0,60.0,545.0,204.0,350.1,131.8,93.0,38.8,545.0,131.8,226.1
38.69947,-8.46048,81.0,2001-06-18T20:00,30.9,20,5.2,27.9,0.0,0.0,0.0,0.0,0,1013.7,1004.5,0,0,0,0,0.18,3.57,12.0,24.7,39,46,24.8,30.3,24.9,20.7,17.3,0.052,0.096,0.136,0.238,1,1914.7,46.0,25.0,21.0,205.8,46.0,104.6,0.0,0.0,0.0,0.0,0.0,0.0
38.69947,-8.46048,81.0,2001-06-18T21:00,28.8,22,5.2,25.7,0.0,0.0,0.0,0.0,0,1014.2,1005.0,0,0,0,0,0.18,3.08,13.3,27.7,38,44,23.8,28.2,24.9,20.7,17.3,0.052,0.096,0.136,0.238,0,0.0,0.0,0.0,0.0,0.0,0.0,0.0,0.0,0.0,0.0,0.0,0.0,0.0
38.69947,-8.46048,81.0,2001-06-18T22:00,27.3,24,4.9,23.9,0.0,0.0,0.0,0.0,0,1014.9,1005.6,0,0,0,0,0.18,2.75,14.5,29.8,35,43,24.1,26.6,24.9,20.7,17.3,0.052,0.096,0.136,0.238,0,0.0,0.0,0.0,0.0,0.0,0.0,0.0,0.0,0.0,0.0,0.0,0.0,0.0
38.69947,-8.46048,81.0,2001-06-18T23:00,26.0,25,4.4,22.5,0.0,0.0,0.0,0.0,0,1014.8,1005.5,0,0,0,0,0.18,2.52,14.7,29.8,36,42,24.5,25.4,24.9,20.7,17.3,0.052,0.096,0.136,0.238,0,0.0,0.0,0.0,0.0,0.0,0.0,0.0,0.0,0.0,0.0,0.0,0.0,0.0
38.69947,-8.46048,81.0,2001-06-19T00:00,24.9,25,3.8,21.3,0.0,0.0,0.0,0.0,0,1014.7,1005.3,0,0,0,0,0.17,2.34,14.3,29.5,39,45,24.1,24.3,24.8,20.7,17.3,0.052,0.096,0.136,0.238,0,0.0,0.0,0.0,0.0,0.0,0.0,0.0,0.0,0.0,0.0,0.0,0.0,0.0
38.69947,-8.46048,81.0,2001-06-19T01:00,23.9,26,3.4,20.4,0.0,0.0,0.0,0.0,0,1014.5,1005.1,0,0,0,0,0.15,2.19,13.2,28.4,45,52,22.3,23.4,24.7,20.7,17.4,0.052,0.096,0.136,0.238,0,0.0,0.0,0.0,0.0,0.0,0.0,0.0,0.0,0.0,0.0,0.0,0.0,0.0
38.69947,-8.46048,81.0,2001-06-19T02:00,23.1,27,3.3,19.8,0.0,0.0,0.0,0.0,0,1014.1,1004.7,0,0,0,0,0.13,2.05,11.6,26.1,60,66,19.4,22.6,24.5,20.7,17.4,0.052,0.096,0.136,0.238,0,0.0,0.0,0.0,0.0,0.0,0.0,0.0,0.0,0.0,0.0,0.0,0.0,0.0
38.69947,-8.46048,81.0,2001-06-19T03:00,22.2,29,3.4,19.1,0.0,0.0,0.0,0.0,0,1014.0,1004.6,0,0,0,0,0.11,1.9,10.7,25.0,76,83,17.3,21.8,24.4,20.7,17.4,0.052,0.096,0.136,0.238,0,0.0,0.0,0.0,0.0,0.0,0.0,0.0,0.0,0.0,0.0,0.0,0.0,0.0
38.69947,-8.46048,81.0,2001-06-19T04:00,21.3,32,3.9,18.4,0.0,0.0,0.0,0.0,0,1014.2,1004.7,0,0,0,0,0.1,1.73,10.1,22.8,84,95,15.8,21.0,24.2,20.8,17.4,0.052,0.096,0.136,0.238,0,0.0,0.0,0.0,0.0,0.0,0.0,0.0,0.0,0.0,0.0,0.0,0.0,0.0
38.69947,-8.46048,81.0,2001-06-19T05:00,20.3,35,4.3,17.6,0.0,0.0,0.0,0.0,0,1014.2,1004.7,0,0,0,0,0.08,1.55,9.2,20.6,79,95,14.8,20.2,24.0,20.8,17.4,0.052,0.096,0.136,0.238,0,0.0,0.0,0.0,0.0,0.0,0.0,0.0,0.0,0.0,0.0,0.0,0.0,0.0
38.69947,-8.46048,81.0,2001-06-19T06:00,19.9,38,5.0,17.3,0.0,0.0,0.0,0.0,0,1014.5,1005.0,0,0,0,0,0.09,1.45,9.5,19.5,79,92,14.8,19.8,23.8,20.8,17.4,0.052,0.096,0.136,0.238,1,785.38,29.0,14.0,15.0,132.4,29.0,81.5,65.6,31.7,33.9,227.6,38.1,184.3
38.69947,-8.46048,81.0,2001-06-19T07:00,22.6,30,4.4,19.8,0.0,0.0,0.0,0.0,0,1014.9,1005.5,0,0,0,0,0.17,1.91,9.7,17.7,86,95,18.7,21.4,23.7,20.8,17.4,0.052,0.096,0.136,0.238,1,3600.0,173.0,118.0,55.0,507.7,173.0,307.9,242.6,165.5,77.1,507.7,242.6,431.8
38.69947,-8.46048,81.0,2001-06-19T08:00,25.8,27,5.2,23.5,0.0,0.0,0.0,0.0,0,1015.2,1005.9,0,0,0,0,0.28,2.43,7.6,11.0,98,101,19.4,25.0,23.7,20.8,17.4,0.052,0.096,0.136,0.238,1,3600.0,365.0,285.0,80.0,682.2,365.0,553.4,443.5,346.3,97.2,682.2,443.5,672.4
38.69947,-8.46048,81.0,2001-06-19T09:00,28.4,25,6.4,26.5,0.0,0.0,0.0,0.0,0,1015.3,1006.0,0,0,0,0,0.42,2.9,6.8,8.7,115,114,19.8,28.5,23.8,20.8,17.4,0.052,0.096,0.136,0.238,1,3600.0,558.0,462.0,96.0,781.1,558.0,783.6,633.5,524.5,109.0,781.1,633.5,889.6
38.69947,-8.46048,81.0,2001-06-19T10:00,30.6,23,7.1,30.0,0.0,0.0,0.0,0.0,0,1014.8,1005.6,0,0,0,0,0.55,3.37,6.1,7.6,87,90,19.8,32.1,24.1,20.8,17.4,0.052,0.096,0.136,0.238,1,3600.0,731.0,623.0,108.0,839.7,731.0,982.8,794.8,677.4,117.4,839.7,794.8,1068.6
38.69947,-8.46048,81.0,2001-06-19T11:00,32.4,21,7.4,32.7,0.0,0.0,0.0,0.0,0,1014.5,1005.4,0,0,0,0,0.67,3.84,6.6,8.4,81,80,19.1,35.3,24.4,20.8,17.4,0.052,0.096,0.136,0.238,1,3600.0,867.0,751.0,116.0,874.6,867.0,1137.5,912.5,790.4,122.1,874.6,912.5,1197.2
38.69947,-8.46048,81.0,2001-06-19T12:00,34.1,19,7.4,34.8,0.0,0.0,0.0,0.0,0,1013.8,1004.7,0,0,0,0,0.76,4.31,7.4,9.7,76,75,18.4,38.1,24.8,20.8,17.4,0.051,0.095,0.136,0.238,1,3600.0,955.0,834.0,121.0,893.0,955.0,1237.2,977.8,853.9,123.9,893.0,977.8,1266.7
38.69947,-8.46048,81.0,2001-06-19T13:00,35.5,18,7.4,36.1,0.0,0.0,0.0,0.0,0,1013.1,1004.1,0,0,0,0,0.81,4.74,8.7,11.3,73,73,19.4,40.2,25.3,20.8,17.4,0.051,0.095,0.135,0.238,1,3600.0,988.0,866.0,122.0,899.8,988.0,1275.0,986.0,864.2,121.8,899.8,986.0,1272.4
38.69947,-8.46048,81.0,2001-06-19T14:00,36.6,17,7.2,37.0,0.0,0.0,0.0,0.0,0,1012.4,1003.4,0,0,0,0,0.81,5.11,8.8,11.7,71,72,22.0,41.4,25.8,20.8,17.4,0.051,0.095,0.135,0.237,1,3600.0,963.0,843.0,120.0,894.6,963.0,1248.3,936.3,819.7,116.7,894.6,936.3,1213.7
38.69947,-8.46048,81.0,2001-06-19T15:00,37.3,16,7.2,37.3,0.0,0.0,0.0,0.0,0,1011.7,1002.7,0,0,0,0,0.75,5.35,8.4,11.0,70,71,23.0,41.7,26.2,20.9,17.4,0.051,0.095,0.135,0.237,1,3600.0,883.0,766.0,117.0,875.5,883.0,1159.1,834.1,723.6,110.5,875.5,834.1,1094.9
38.69947,-8.46048,81.0,2001-06-19T16:00,37.7,16,7.2,37.0,0.0,0.0,0.0,0.0,0,1011.3,1002.3,0,0,0,0,0.64,5.51,7.9,10.5,66,68,23.8,41.3,26.7,20.9,17.4,0.051,0.095,0.135,0.237,1,3600.0,753.0,644.0,109.0,841.9,753.0,1013.3,686.5,587.2,99.4,841.9,686.5,923.8
38.69947,-8.46048,81.0,2001-06-19T17:00,37.8,16,7.3,36.4,0.0,0.0,0.0,0.0,0,1010.8,1001.9,0,0,0,0,0.49,5.54,6.2,8.3,54,56,24.8,40.2,27.0,20.9,17.4,0.051,0.094,0.135,0.237,1,3600.0,584.0,486.0,98.0,784.2,584.0,820.9,506.7,421.7,85.0,784.2,506.7,712.3
38.69947,-8.46048,81.0,2001-06-19T18:00,37.3,16,7.4,35.8,0.0,0.0,0.0,0.0,0,1010.8,1001.8,0,0,0,0,0.34,5.35,6.0,7.9,25,30,25.9,38.6,27.3,20.9,17.4,0.051,0.094,0.135,0.237,1,3600.0,393.0,311.0,82.0,692.4,393.0,595.0,313.5,248.1,65.4,692.4,313.5,474.7
38.69947,-8.46048,81.0,2001-06-19T19:00,36.4,17,7.4,34.8,0.0,0.0,0.0,0.0,0,1010.7,1001.7,0,0,0,0,0.21,5.05,6.5,11.3,357,9,19.8,36.4,27.5,21.0,17.4,0.051,0.094,0.135,0.237,1,3600.0,201.0,141.0,60.0,532.0,201.0,351.1,130.1,91.2,38.8,532.0,130.1,227.2
38.69947,-8.46048,81.0,2001-06-19T20:00,34.5,19,7.9,32.5,0.0,0.0,0.0,0.0,0,1010.9,1001.9,0,0,0,0,0.16,4.41,9.7,18.0,345,358,16.9,33.6,27.6,21.0,17.4,0.051,0.094,0.135,0.237,1,1930.47,45.0,25.0,20.0,205.1,45.0,105.6,0.0,0.0,0.0,0.0,0.0,0.0
38.69947,-8.46048,81.0,2001-06-19T21:00,32.1,22,8.0,29.8,0.0,0.0,0.0,0.0,0,1011.7,1002.6,0,0,0,0,0.17,3.71,12.0,23.0,353,360,19.8,31.1,27.7,21.0,17.4,0.051,0.094,0.135,0.237,0,0.0,0.0,0.0,0.0,0.0,0.0,0.0,0.0,0.0,0.0,0.0,0.0,0.0
38.69947,-8.46048,81.0,2001-06-19T22:00,29.8,27,9.1,28.2,0.0,0.0,0.0,0.0,0,1012.5,1003.3,0,0,0,0,0.12,3.05,9.5,20.1,11,9,21.2,29.2,27.6,21.0,17.4,0.051,0.094,0.135,0.237,0,0.0,0.0,0.0,0.0,0.0,0.0,0.0,0.0,0.0,0.0,0.0,0.0,0.0
38.69947,-8.46048,81.0,2001-06-19T23:00,27.4,34,10.2,26.6,0.0,0.0,0.0,0.0,0,1012.8,1003.5,0,0,0,0,0.07,2.41,6.1,14.2,28,21,17.6,26.7,27.5,21.0,17.4,0.051,0.094,0.135,0.237,0,0.0,0.0,0.0,0.0,0.0,0.0,0.0,0.0,0.0,0.0,0.0,0.0,0.0
38.69947,-8.46048,81.0,2001-06-20T00:00,25.3,38,9.8,24.6,0.0,0.0,0.0,0.0,0,1012.8,1003.5,0,0,0,0,0.04,2.01,4.8,8.9,77,50,14.4,24.8,27.3,21.1,17.4,0.051,0.094,0.135,0.237,0,0.0,0.0,0.0,0.0,0.0,0.0,0.0,0.0,0.0,0.0,0.0,0.0,0.0
38.69947,-8.46048,81.0,2001-06-20T01:00,23.3,45,10.6,22.6,0.0,0.0,0.0,0.0,0,1012.8,1003.4,0,0,0,0,0.04,1.58,6.0,8.2,115,105,14.4,23.4,27.0,21.1,17.4,0.051,0.094,0.135,0.237,0,0.0,0.0,0.0,0.0,0.0,0.0,0.0,0.0,0.0,0.0,0.0,0.0,0.0
38.69947,-8.46048,81.0,2001-06-20T02:00,21.7,51,11.2,21.0,0.0,0.0,0.0,0.0,0,1012.9,1003.4,0,0,0,0,0.04,1.27,7.1,12.2,135,137,15.8,22.5,26.8,21.1,17.4,0.051,0.094,0.135,0.237,0,0.0,0.0,0.0,0.0,0.0,0.0,0.0,0.0,0.0,0.0,0.0,0.0,0.0
38.69947,-8.46048,81.0,2001-06-20T03:00,20.6,55,11.4,19.6,0.0,0.0,0.0,0.0,0,1013.0,1003.5,0,0,0,0,0.06,1.08,9.8,19.3,152,156,18.7,21.8,26.5,21.1,17.4,0.051,0.094,0.135,0.237,0,0.0,0.0,0.0,0.0,0.0,0.0,0.0,0.0,0.0,0.0,0.0,0.0,0.0
38.69947,-8.46048,81.0,2001-06-20T04:00,20.0,57,11.2,18.5,0.0,0.0,0.0,0.0,0,1013.6,1004.1,0,0,0,0,0.07,1.01,12.3,23.5,165,169,20.5,21.2,26.3,21.1,17.4,0.051,0.094,0.135,0.237,0,0.0,0.0,0.0,0.0,0.0,0.0,0.0,0.0,0.0,0.0,0.0,0.0,0.0
38.69947,-8.46048,81.0,2001-06-20T05:00,19.6,57,10.8,18.2,0.0,0.0,0.0,0.0,0,1013.9,1004.4,0,0,0,0,0.06,0.98,11.2,23.0,174,179,20.2,20.7,26.0,21.2,17.4,0.051,0.094,0.135,0.237,0,0.0,0.0,0.0,0.0,0.0,0.0,0.0,0.0,0.0,0.0,0.0,0.0,0.0
38.69947,-8.46048,81.0,2001-06-20T06:00,19.6,56,10.7,18.4,0.0,0.0,0.0,0.0,0,1014.4,1004.9,0,0,0,0,0.07,1.0,9.7,20.4,182,188,17.3,20.5,25.7,21.2,17.4,0.051,0.094,0.135,0.237,1,680.84,28.0,13.0,15.0,123.2,28.0,81.1,63.4,29.4,33.9,212.2,36.8,183.6
38.69947,-8.46048,81.0,2001-06-20T07:00,21.9,47,10.2,20.8,0.0,0.0,0.0,0.0,0,1014.6,1005.1,0,0,0,0,0.14,1.39,8.4,15.1,187,192,18.7,22.1,25.5,21.2,17.4,0.051,0.094,0.135,0.237,1,3600.0,168.0,113.0,55.0,487.2,168.0,307.2,235.8,158.6,77.2,487.2,235.8,431.1
38.69947,-8.46048,81.0,2001-06-20T08:00,24.5,37,8.9,23.1,0.0,0.0,0.0,0.0,0,1015.0,1005.6,0,0,0,0,0.27,1.94,8.0,10.9,198,197,20.5,25.2,25.5,21.2,17.4,0.051,0.094,0.135,0.237,1,3600.0,357.0,278.0,79.0,666.3,357.0,552.6,433.9,337.9,96.0,666.3,433.9,671.6
38.69947,-8.46048,81.0,2001-06-20T09:00,27.0,29,7.5,25.2,0.0,0.0,0.0,0.0,0,1015.2,1005.9,0,0,0,0,0.41,2.53,7.8,10.0,202,201,22.3,28.5,25.5,21.2,17.4,0.051,0.094,0.135,0.237,1,3600.0,550.0,454.0,96.0,768.2,550.0,782.8,624.5,515.5,109.0,768.2,624.5,888.9
38.69947,-8.46048,81.0,2001-06-20T10:00,29.4,24,6.6,28.9,0.0,0.0,0.0,0.0,0,1015.3,1006.1,0,0,0,0,0.53,3.13,5.4,6.4,222,218,22.3,31.9,25.7,21.2,17.5,0.051,0.094,0.135,0.237,1,3600.0,724.0,617.0,107.0,832.1,724.0,982.2,787.3,670.9,116.4,832.1,787.3,1068.0
38.69947,-8.46048,81.0,2001-06-20T11:00,31.6,20,5.8,32.0,0.0,0.0,0.0,0.0,0,1015.1,1005.9,0,0,0,0,0.63,3.73,4.1,5.1,232,225,21.6,35.2,25.9,21.2,17.5,0.051,0.094,0.135,0.237,1,3600.0,861.0,746.0,115.0,869.0,861.0,1137.0,906.3,785.2,121.0,869.0,906.3,1196.8
38.69947,-8.46048,81.0,2001-06-20T12:00,33.5,18,5.7,34.5,0.0,0.0,0.0,0.0,0,1014.8,1005.7,0,0,0,0,0.71,4.25,3.4,3.9,252,248,20.9,38.1,26.2,21.2,17.5,0.051,0.094,0.135,0.237,1,3600.0,950.0,830.0,120.0,888.8,950.0,1236.8,972.8,849.9,122.9,888.8,972.8,1266.5
38.69947,-8.46048,81.0,2001-06-20T13:00,34.9,17,5.9,36.2,0.0,0.0,0.0,0.0,0,1014.4,1005.3,0,0,0,0,0.75,4.67,3.6,4.0,270,270,20.2,40.4,26.6,21.3,17.5,0.051,0.093,0.134,0.237,1,3600.0,985.0,863.0,122.0,896.6,985.0,1274.8,983.1,861.3,121.8,896.6,983.1,1272.3
38.69947,-8.46048,81.0,2001-06-20T14:00,35.9,16,6.2,36.9,0.0,0.0,0.0,0.0,0,1013.7,1004.7,0,0,0,0,0.75,4.95,4.6,5.0,288,291,20.2,41.9,27.1,21.3,17.5,0.05,0.093,0.134,0.237,1,3600.0,961.0,840.0,121.0,891.2,961.0,1248.4,934.5,816.8,117.7,891.2,934.5,1213.9
38.69947,-8.46048,81.0,2001-06-20T15:00,36.6,16,6.4,36.7,0.0,0.0,0.0,0.0,0,1013.4,1004.4,0,0,0,0,0.71,5.17,6.4,7.4,297,299,21.2,42.4,27.5,21.3,17.5,0.05,0.093,0.134,0.237,1,3600.0,881.0,765.0,116.0,874.0,881.0,1159.3,832.3,722.7,109.6,874.0,832.3,1095.3
38.69947,-8.46048,81.0,2001-06-20T16:00,36.8,16,6.7,35.7,0.0,0.0,0.0,0.0,0,1012.9,1003.9,0,0,0,0,0.66,5.22,9.7,11.6,297,300,24.1,41.9,27.9,21.3,17.5,0.05,0.093,0.134,0.237,1,3600.0,753.0,644.0,109.0,841.4,753.0,1013.8,686.6,587.2,99.4,841.4,686.6,924.4
38.69947,-8.46048,81.0,2001-06-20T17:00,36.4,17,7.2,33.8,0.0,0.0,0.0,0.0,0,1013.1,1004.1,0,0,0,0,0.59,5.04,13.9,17.9,295,298,27.7,40.5,28.2,21.3,17.5,0.05,0.093,0.134,0.237,1,3600.0,586.0,491.0,95.0,791.5,586.0,821.6,508.6,426.1,82.5,791.5,508.6,713.1
38.69947,-8.46048,81.0,2001-06-20T18:00,35.0,20,8.4,31.8,0.0,0.0,0.0,0.0,0,1013.3,1004.2,3,0,0,10,0.49,4.51,18.5,25.0,294,297,33.8,38.2,28.4,21.4,17.5,0.05,0.092,0.134,0.237,1,3600.0,393.0,310.0,83.0,689.1,393.0,595.8,313.7,247.4,66.2,689.1,313.7,475.5
38.69947,-8.46048,81.0,2001-06-20T19:00,31.0,28,10.1,28.4,0.0,0.0,0.0,0.0,0,1013.8,1004.6,11,0,0,37,0.32,3.26,18.4,26.1,296,298,39.6,34.7,28.5,21.4,17.5,0.05,0.092,0.134,0.237,1,3600.0,198.0,133.0,65.0,500.5,198.0,351.9,128.3,86.2,42.1,500.5,128.3,228.1
38.69947,-8.46048,81.0,2001-06-20T20:00,28.3,33,10.4,26.3,0.0,0.0,0.0,0.0,1,1014.4,1005.1,27,0,0,89,0.18,2.58,14.3,22.4,295,300,36.7,31.4,28.5,21.4,17.5,0.05,0.092,0.134,0.237,1,1944.1,45.0,22.0,23.0,180.0,45.0,106.5,0.0,0.0,0.0,0.0,0.0,0.0
38.69947,-8.46048,81.0,2001-06-20T21:00,26.4,37,10.5,25.0,0.0,0.0,0.0,0.0,1,1015.1,1005.8,29,0,0,96,0.11,2.18,10.5,18.3,292,302,25.9,28.9,28.4,21.4,17.5,0.05,0.092,0.134,0.237,0,0.0,0.0,0.0,0.0,0.0,0.0,0.0,0.0,0.0,0.0,0.0,0.0,0.0
38.69947,-8.46048,81.0,2001-06-20T22:00,25.1,40,10.6,24.2,0.0,0.0,0.0,0.0,1,1015.5,1006.1,28,0,0,94,0.07,1.9,7.6,15.1,273,295,18.7,27.0,28.3,21.5,17.5,0.05,0.092,0.134,0.237,0,0.0,0.0,0.0,0.0,0.0,0.0,0.0,0.0,0.0,0.0,0.0,0.0,0.0
38.69947,-8.46048,81.0,2001-06-20T23:00,23.7,44,10.8,23.0,0.0,0.0,0.0,0.0,1,1015.4,1006.0,24,0,0,80,0.05,1.64,6.6,13.2,261,287,12.2,25.5,28.1,21.5,17.5,0.05,0.092,0.134,0.237,0,0.0,0.0,0.0,0.0,0.0,0.0,0.0,0.0,0.0,0.0,0.0,0.0,0.0
38.69947,-8.46048,81.0,2001-06-21T00:00,22.4,49,11.2,21.9,0.0,0.0,0.0,0.0,0,1015.4,1005.9,15,0,0,50,0.04,1.38,6.1,11.9,242,273,10.8,24.2,27.9,21.5,17.5,0.05,0.092,0.134,0.237,0,0.0,0.0,0.0,0.0,0.0,0.0,0.0,0.0,0.0,0.0,0.0,0.0,0.0
38.69947,-8.46048,81.0,2001-06-21T01:00,21.2,55,11.8,21.0,0.0,0.0,0.0,0.0,0,1015.0,1005.5,6,0,0,19,0.03,1.13,5.4,10.9,228,262,10.4,23.1,27.6,21.5,17.5,0.05,0.092,0.134,0.237,0,0.0,0.0,0.0,0.0,0.0,0.0,0.0,0.0,0.0,0.0,0.0,0.0,0.0
38.69947,-8.46048,81.0,2001-06-21T02:00,20.2,61,12.5,20.1,0.0,0.0,0.0,0.0,0,1014.9,1005.4,2,0,0,7,0.02,0.92,5.8,10.0,210,244,11.5,22.1,27.3,21.6,17.5,0.05,0.092,0.134,0.237,0,0.0,0.0,0.0,0.0,0.0,0.0,0.0,0.0,0.0,0.0,0.0,0.0,0.0
38.69947,-8.46048,81.0,2001-06-21T03:00,19.3,68,13.1,19.4,0.0,0.0,0.0,0.0,0,1014.9,1005.3,0,0,0,1,0.01,0.72,5.8,10.0,202,232,11.9,21.2,27.0,21.6,17.5,0.05,0.092,0.134,0.237,0,0.0,0.0,0.0,0.0,0.0,0.0,0.0,0.0,0.0,0.0,0.0,0.0,0.0
38.69947,-8.46048,81.0,2001-06-21T04:00,18.5,73,13.6,18.8,0.0,0.0,0.0,0.0,0,1015.0,1005.4,0,0,0,0,0.01,0.57,6.3,10.4,193,224,11.9,20.4,26.7,21.6,17.5,0.05,0.092,0.134,0.237,0,0.0,0.0,0.0,0.0,0.0,0.0,0.0,0.0,0.0,0.0,0.0,0.0,0.0
38.69947,-8.46048,81.0,2001-06-21T05:00,17.9,78,14.0,18.3,0.0,0.0,0.0,0.0,0,1015.1,1005.5,0,0,0,0,0.01,0.45,6.6,12.1,189,217,11.5,19.8,26.4,21.6,17.5,0.05,0.092,0.134,0.237,0,0.0,0.0,0.0,0.0,0.0,0.0,0.0,0.0,0.0,0.0,0.0,0.0,0.0
38.69947,-8.46048,81.0,2001-06-21T06:00,17.8,80,14.4,18.0,0.0,0.0,0.0,0.0,0,1015.5,1005.9,0,0,0,0,0.03,0.4,8.3,13.5,185,209,12.6,19.6,26.1,21.6,17.5,0.05,0.092,0.134,0.237,1,678.59,27.0,13.0,14.0,123.5,27.0,80.8,61.1,29.4,31.7,213.2,35.4,182.8
38.69947,-8.46048,81.0,2001-06-21T07:00,20.2,72,14.9,20.8,0.0,0.0,0.0,0.0,0,1015.6,1006.1,0,0,0,0,0.1,0.67,7.1,12.4,195,206,16.6,21.4,25.9,21.6,17.5,0.05,0.092,0.134,0.237,1,3600.0,168.0,114.0,54.0,492.8,168.0,306.4,235.9,160.1,75.8,492.8,235.9,430.2
38.69947,-8.46048,81.0,2001-06-21T08:00,23.1,57,14.1,23.4,0.0,0.0,0.0,0.0,0,1015.8,1006.4,0,0,0,0,0.23,1.21,6.6,8.7,209,210,18.7,24.5,25.8,21.6,17.5,0.05,0.092,0.134,0.237,1,3600.0,357.0,278.0,79.0,667.2,357.0,551.8,434.0,338.0,96.0,667.2,434.0,670.8
38.69947,-8.46048,81.0,2001-06-21T09:00,26.0,44,12.7,25.9,0.0,0.0,0.0,0.0,0,1015.8,1006.5,0,0,0,0,0.38,1.9,6.5,8.3,214,214,20.5,27.9,25.8,21.6,17.5,0.05,0.092,0.134,0.237,1,3600.0,549.0,452.0,97.0,765.4,549.0,782.0,623.5,513.3,110.2,765.4,623.5,888.1
38.69947,-8.46048,81.0,2001-06-21T10:00,28.8,34,11.3,29.3,0.0,0.0,0.0,0.0,0,1015.6,1006.3,0,0,0,0,0.53,2.62,6.1,7.4,220,219,22.0,31.5,25.9,21.7,17.5,0.05,0.092,0.134,0.237,1,3600.0,721.0,614.0,107.0,828.5,721.0,981.4,784.1,667.7,116.4,828.5,784.1,1067.4
38.69947,-8.46048,81.0,2001-06-21T11:00,31.3,27,10.2,32.3,0.0,0.0,0.0,0.0,0,1015.4,1006.2,0,0,0,0,0.65,3.32,6.4,7.4,223,223,23.8,34.7,26.1,21.7,17.5,0.05,0.092,0.134,0.236,1,3600.0,859.0,745.0,114.0,868.2,859.0,1136.4,904.3,784.3,120.0,868.2,904.3,1196.3
38.69947,-8.46048,81.0,2001-06-21T12:00,33.2,23,9.6,34.5,0.0,0.0,0.0,0.0,0,1014.6,1005.5,0,0,0,0,0.74,3.89,7.1,8.9,229,227,25.9,37.5,26.4,21.7,17.5,0.05,0.092,0.133,0.236,1,3600.0,948.0,829.0,119.0,887.9,948.0,1236.4,970.8,849.0,121.9,887.9,970.8,1266.2
38.69947,-8.46048,81.0,2001-06-21T13:00,34.6,21,9.4,35.7,0.0,0.0,0.0,0.0,0,1014.2,1005.1,0,0,0,0,0.8,4.32,8.7,10.5,232,232,28.4,39.4,26.8,21.7,17.5,0.05,0.092,0.133,0.236,1,3600.0,982.0,860.0,122.0,893.5,982.0,1274.6,980.2,858.4,121.8,893.5,980.2,1272.3
38.69947,-8.46048,81.0,2001-06-21T14:00,35.5,20,9.2,36.1,0.0,0.0,0.0,0.0,0,1013.4,1004.4,0,0,0,0,0.8,4.61,10.2,12.3,238,238,29.5,40.5,27.2,21.7,17.5,0.05,0.091,0.133,0.236,1,3600.0,959.0,840.0,119.0,891.1,959.0,1248.4,932.6,816.9,115.7,891.1,932.6,1214.1
38.69947,-8.46048,81.0,2001-06-21T15:00,35.8,20,9.0,35.7,0.0,0.0,0.0,0.0,0,1013.2,1004.2,0,0,0,0,0.76,4.73,11.6,14.0,240,241,30.2,40.7,27.5,21.7,17.6,0.05,0.091,0.133,0.236,1,3600.0,879.0,763.0,116.0,871.4,879.0,1159.6,830.5,720.9,109.6,871.4,830.5,1095.6
38.69947,-8.46048,81.0,2001-06-21T16:00,35.7,19,8.9,34.6,0.0,0.0,0.0,0.0,0,1012.9,1003.9,0,0,0,0,0.68,4.7,13.0,16.1,242,243,30.6,40.2,27.9,21.7,17.6,0.05,0.091,0.133,0.236,1,3600.0,752.0,643.0,109.0,839.6,752.0,1014.2,685.8,586.4,99.4,839.6,685.8,925.0
38.69947,-8.46048,81.0,2001-06-21T17:00,35.0,20,8.8,32.8,0.0,0.0,0.0,0.0,0,1012.7,1003.7,1,0,0,4,0.57,4.48,14.0,17.9,247,248,31.3,38.9,28.1,21.8,17.6,0.05,0.091,0.133,0.236,1,3600.0,585.0,486.0,99.0,782.8,585.0,822.2,507.8,421.9,85.9,782.8,507.8,713.7
38.69947,-8.46048,81.0,2001-06-21T18:00,33.6,22,9.1,31.3,0.0,0.0,0.0,0.0,0,1012.8,1003.7,3,0,0,9,0.43,4.05,14.2,18.6,254,255,31.7,36.8,28.3,21.8,17.6,0.05,0.091,0.133,0.236,1,3600.0,393.0,307.0,86.0,681.5,393.0,596.5,313.8,245.1,68.7,681.5,313.8,476.3
38.69947,-8.46048,81.0,2001-06-21T19:00,31.4,29,11.4,29.9,0.0,0.0,0.0,0.0,0,1012.8,1003.6,3,0,0,10,0.27,3.26,13.1,18.1,261,263,30.2,34.2,28.4,21.8,17.6,0.05,0.091,0.133,0.236,1,3600.0,203.0,143.0,60.0,536.9,203.0,352.7,131.7,92.8,38.9,536.9,131.7,228.9
38.69947,-8.46048,81.0,2001-06-21T20:00,29.3,35,12.1,28.6,0.0,0.0,0.0,0.0,0,1012.8,1003.6,1,0,0,3,0.12,2.65,9.4,16.6,268,275,26.3,31.4,28.4,21.8,17.6,0.05,0.091,0.133,0.236,1,1956.19,47.0,25.0,22.0,204.0,47.0,107.3,0.0,0.0,0.0,0.0,0.0,0.0
38.69947,-8.46048,81.0,2001-06-21T21:00,27.4,40,12.6,27.3,0.0,0.0,0.0,0.0,0,1013.5,1004.2,0,0,0,0,0.06,2.19,6.5,14.2,276,291,18.0,29.1,28.3,21.9,17.6,0.05,0.091,0.133,0.236,0,0.0,0.0,0.0,0.0,0.0,0.0,0.0,0.0,0.0,0.0,0.0,0.0,0.0
38.69947,-8.46048,81.0,2001-06-21T22:00,26.0,44,12.9,26.0,0.0,0.0,0.0,0.0,0,1013.7,1004.4,0,0,0,0,0.05,1.87,6.3,11.2,283,312,12.2,27.2,28.2,21.9,17.6,0.05,0.091,0.133,0.236,0,0.0,0.0,0.0,0.0,0.0,0.0,0.0,0.0,0.0,0.0,0.0,0.0,0.0
38.69947,-8.46048,81.0,2001-06-21T23:00,24.6,48,13.0,24.6,0.0,0.0,0.0,0.0,0,1013.4,1004.0,0,0,0,0,0.05,1.6,6.6,10.7,292,320,10.4,25.6,28.0,21.9,17.6,0.05,0.091,0.133,0.236,0,0.0,0.0,0.0,0.0,0.0,0.0,0.0,0.0,0.0,0.0,0.0,0.0,0.0
38.69947,-8.46048,81.0,2001-06-22T00:00,23.3,52,13.0,23.3,0.0,0.0,0.0,0.0,0,1013.2,1003.8,0,0,0,0,0.04,1.37,6.6,9.7,292,321,9.7,24.1,27.8,21.9,17.6,0.05,0.091,0.133,0.236,0,0.0,0.0,0.0,0.0,0.0,0.0,0.0,0.0,0.0,0.0,0.0,0.0,0.0
38.69947,-8.46048,81.0,2001-06-22T01:00,22.1,56,12.9,22.1,0.0,0.0,0.0,0.0,0,1013.0,1003.6,0,0,0,0,0.03,1.18,6.3,8.9,294,320,9.7,22.7,27.5,21.9,17.6,0.05,0.091,0.133,0.236,0,0.0,0.0,0.0,0.0,0.0,0.0,0.0,0.0,0.0,0.0,0.0,0.0,0.0
38.69947,-8.46048,81.0,2001-06-22T02:00,20.7,61,12.9,20.9,0.0,0.0,0.0,0.0,0,1012.8,1003.3,0,0,0,0,0.02,0.96,5.1,7.1,274,311,9.0,21.5,27.3,21.9,17.6,0.05,0.091,0.133,0.236,0,0.0,0.0,0.0,0.0,0.0,0.0,0.0,0.0,0.0,0.0,0.0,0.0,0.0
38.69947,-8.46048,81.0,2001-06-22T03:00,19.5,66,12.9,19.8,0.0,0.0,0.0,0.0,0,1012.8,1003.3,0,0,0,0,0.01,0.77,4.2,4.7,239,293,7.9,20.5,27.0,22.0,17.6,0.05,0.091,0.133,0.236,0,0.0,0.0,0.0,0.0,0.0,0.0,0.0,0.0,0.0,0.0,0.0,0.0,0.0
38.69947,-8.46048,81.0,2001-06-22T04:00,19.1,68,13.0,19.4,0.0,0.0,0.0,0.0,0,1012.9,1003.4,0,0,0,0,0.01,0.71,4.3,4.0,222,265,7.2,19.6,26.6,22.0,17.6,0.05,0.091,0.133,0.236,0,0.0,0.0,0.0,0.0,0.0,0.0,0.0,0.0,0.0,0.0,0.0,0.0,0.0
38.69947,-8.46048,81.0,2001-06-22T05:00,19.1,68,13.0,19.5,0.0,0.0,0.0,0.0,0,1013.0,1003.5,0,0,0,0,0.0,0.71,3.7,3.8,209,253,6.1,18.8,26.3,22.0,17.6,0.05,0.091,0.133,0.236,0,0.0,0.0,0.0,0.0,0.0,0.0,0.0,0.0,0.0,0.0,0.0,0.0,0.0
38.69947,-8.46048,81.0,2001-06-22T06:00,18.7,70,13.2,19.4,0.0,0.0,0.0,0.0,0,1013.1,1003.5,0,0,0,0,0.01,0.64,2.3,3.8,198,253,4.3,18.6,26.0,22.0,17.6,0.05,0.091,0.133,0.236,1,676.0,27.0,13.0,14.0,123.9,27.0,80.3,61.2,29.4,31.7,214.3,35.4,181.9
38.69947,-8.46048,81.0,2001-06-22T07:00,20.4,65,13.7,21.4,0.0,0.0,0.0,0.0,0,1013.5,1004.0,0,0,0,0,0.09,0.83,1.5,3.9,225,248,8.6,21.1,25.8,22.0,17.6,0.05,0.091,0.133,0.236,1,3600.0,169.0,115.0,54.0,498.5,169.0,305.5,237.5,161.6,75.9,498.5,237.5,429.4
38.69947,-8.46048,81.0,2001-06-22T08:00,24.1,48,12.4,24.5,0.0,0.0,0.0,0.0,0,1013.7,1004.3,0,0,0,0,0.22,1.55,1.9,2.9,248,240,11.9,26.4,25.7,22.0,17.6,0.05,0.091,0.133,0.236,1,3600.0,360.0,280.0,80.0,673.0,360.0,550.9,437.8,340.5,97.3,673.0,437.8,669.9
38.69947,-8.46048,81.0,2001-06-22T09:00,27.4,38,11.9,27.4,0.0,0.0,0.0,0.0,0,1013.6,1004.3,0,0,0,0,0.38,2.25,4.0,4.8,243,243,16.2,29.8,25.8,22.0,17.6,0.05,0.091,0.133,0.236,1,3600.0,554.0,459.0,95.0,778.0,554.0,781.2,629.3,521.4,107.9,778.0,629.3,887.3
38.69947,-8.46048,81.0,2001-06-22T10:00,30.2,31,11.1,30.9,0.0,0.0,0.0,0.0,0,1013.6,1004.4,0,0,0,0,0.54,2.97,5.2,6.4,254,254,20.5,33.1,26.0,22.0,17.6,0.05,0.09,0.133,0.236,1,3600.0,728.0,620.0,108.0,837.1,728.0,980.7,791.8,674.4,117.5,837.1,791.8,1066.7
38.69947,-8.46048,81.0,2001-06-22T11:00,32.6,26,10.4,33.6,0.0,0.0,0.0,0.0,0,1013.3,1004.2,0,0,0,0,0.68,3.66,7.4,8.8,256,258,24.5,36.1,26.3,22.0,17.6,0.05,0.09,0.133,0.236,1,3600.0,867.0,752.0,115.0,876.7,867.0,1135.8,912.8,791.7,121.1,876.7,912.8,1195.8
38.69947,-8.46048,81.0,2001-06-22T12:00,34.5,22,9.6,35.4,0.0,0.0,0.0,0.0,0,1013.2,1004.1,0,0,0,0,0.78,4.27,9.4,11.6,263,265,27.7,38.5,26.6,22.0,17.6,0.05,0.09,0.132,0.236,1,3600.0,956.0,835.0,121.0,894.5,956.0,1236.0,979.1,855.2,123.9,894.5,979.1,1265.9
38.69947,-8.46048,81.0,2001-06-22T13:00,35.8,19,8.5,36.1,0.0,0.0,0.0,0.0,0,1012.6,1003.6,0,0,0,0,0.85,4.75,11.9,14.4,272,273,31.3,40.2,27.0,22.1,17.6,0.05,0.09,0.132,0.236,1,3600.0,990.0,869.0,121.0,902.9,990.0,1274.4,988.2,867.5,120.8,902.9,988.2,1272.1
38.69947,-8.46048,81.0,2001-06-22T14:00,36.4,18,8.0,36.1,0.0,0.0,0.0,0.0,0,1012.4,1003.4,0,0,0,0,0.85,4.99,13.5,16.8,279,280,33.8,41.0,27.4,22.1,17.6,0.05,0.09,0.132,0.236,1,3600.0,967.0,846.0,121.0,897.3,967.0,1248.4,940.5,822.8,117.7,897.3,940.5,1214.2
38.69947,-8.46048,81.0,2001-06-22T15:00,36.5,18,8.1,35.6,0.0,0.0,0.0,0.0,0,1012.3,1003.3,0,0,0,0,0.81,5.01,15.1,19.0,288,289,35.3,41.0,27.7,22.1,17.6,0.05,0.09,0.132,0.236,1,3600.0,888.0,772.0,116.0,881.4,888.0,1159.8,839.1,729.5,109.6,881.4,839.1,1095.9
38.69947,-8.46048,81.0,2001-06-22T16:00,35.9,19,8.8,34.2,0.0,0.0,0.0,0.0,0,1012.2,1003.2,0,0,0,0,0.73,4.78,16.8,21.4,298,299,36.7,40.3,28.1,22.1,17.6,0.05,0.089,0.132,0.236,1,3600.0,759.0,650.0,109.0,848.3,759.0,1014.6,692.3,592.9,99.4,848.3,692.3,925.4
38.69947,-8.46048,81.0,2001-06-22T17:00,34.6,23,10.2,32.2,0.0,0.0,0.0,0.0,0,1012.4,1003.3,0,0,0,0,0.61,4.26,18.7,24.5,310,311,38.9,38.7,28.3,22.1,17.6,0.05,0.089,0.132,0.236,1,3600.0,591.0,494.0,97.0,795.1,591.0,822.7,513.1,428.9,84.2,795.1,513.1,714.3
38.69947,-8.46048,81.0,2001-06-22T18:00,32.5,28,11.7,30.1,0.0,0.0,0.0,0.0,0,1012.4,1003.3,0,0,0,0,0.47,3.52,20.0,26.9,321,322,40.0,36.3,28.5,22.1,17.7,0.05,0.089,0.132,0.236,1,3600.0,401.0,318.0,83.0,705.1,401.0,597.2,320.3,254.0,66.3,705.1,320.3,476.9
38.69947,-8.46048,81.0,2001-06-22T19:00,28.7,37,12.5,26.5,0.0,0.0,0.0,0.0,0,1013.0,1003.8,0,0,0,0,0.3,2.48,20.1,28.9,327,329,41.0,33.0,28.5,22.2,17.7,0.05,0.089,0.132,0.236,1,3600.0,207.0,146.0,61.0,547.0,207.0,353.4,134.4,94.8,39.6,547.0,134.4,229.5
38.69947,-8.46048,81.0,2001-06-22T20:00,25.2,44,12.2,23.1,0.0,0.0,0.0,0.0,0,1013.3,1004.0,0,0,0,0,0.17,1.79,19.3,29.3,333,335,39.6,29.5,28.5,22.2,17.7,0.05,0.089,0.132,0.236,1,1966.26,48.0,26.0,22.0,211.7,48.0,108.0,0.0,0.0,0.0,0.0,0.0,0.0
38.69947,-8.46048,81.0,2001-06-22T21:00,22.4,52,12.0,20.4,0.0,0.0,0.0,0.0,0,1014.2,1004.8,0,0,0,0,0.11,1.3,17.4,27.8,338,341,36.0,26.6,28.3,22.2,17.7,0.05,0.089,0.132,0.236,0,0.0,0.0,0.0,0.0,0.0,0.0,0.0,0.0,0.0,0.0,0.0,0.0,0.0
38.69947,-8.46048,81.0,2001-06-22T22:00,20.6,58,12.0,18.9,0.0,0.0,0.0,0.0,0,1014.8,1005.3,0,0,0,0,0.08,1.02,15.7,27.0,344,347,32.8,24.5,28.1,22.2,17.7,0.05,0.089,0.132,0.236,0,0.0,0.0,0.0,0.0,0.0,0.0,0.0,0.0,0.0,0.0,0.0,0.0,0.0
38.69947,-8.46048,81.0,2001-06-22T23:00,19.4,62,11.9,17.9,0.0,0.0,0.0,0.0,0,1014.5,1005.0,0,0,0,0,0.06,0.86,14.1,25.3,345,349,29.9,22.9,27.8,22.2,17.7,0.05,0.089,0.132,0.236,0,0.0,0.0,0.0,0.0,0.0,0.0,0.0,0.0,0.0,0.0,0.0,0.0,0.0
38.69947,-8.46048,81.0,2001-06-23T00:00,18.5,66,12.0,17.2,0.0,0.0,0.0,0.0,0,1014.7,1005.1,0,0,0,0,0.05,0.72,13.1,24.4,344,346,26.3,21.7,27.5,22.2,17.7,0.05,0.089,0.132,0.236,0,0.0,0.0,0.0,0.0,0.0,0.0,0.0,0.0,0.0,0.0,0.0,0.0,0.0
38.69947,-8.46048,81.0,2001-06-23T01:00,17.5,71,12.3,16.4,0.0,0.0,0.0,0.0,0,1014.4,1004.8,0,0,0,0,0.04,0.57,12.5,24.2,342,345,24.1,20.6,27.2,22.3,17.7,0.05,0.089,0.132,0.236,0,0.0,0.0,0.0,0.0,0.0,0.0,0.0,0.0,0.0,0.0,0.0,0.0,0.0
38.69947,-8.46048,81.0,2001-06-23T02:00,16.7,77,12.6,15.7,0.0,0.0,0.0,0.0,0,1014.5,1004.9,0,0,0,0,0.02,0.44,12.4,23.8,343,345,22.3,19.7,26.9,22.3,17.7,0.05,0.089,0.132,0.236,0,0.0,0.0,0.0,0.0,0.0,0.0,0.0,0.0,0.0,0.0,0.0,0.0,0.0
38.69947,-8.46048,81.0,2001-06-23T03:00,16.0,83,13.0,15.2,0.0,0.0,0.0,0.0,0,1014.5,1004.8,0,0,0,0,0.01,0.32,12.1,23.8,343,345,20.5,18.9,26.6,22.3,17.7,0.05,0.089,0.132,0.236,0,0.0,0.0,0.0,0.0,0.0,0.0,0.0,0.0,0.0,0.0,0.0,0.0,0.0
38.69947,-8.46048,81.0,2001-06-23T04:00,15.4,88,13.4,14.8,0.0,0.0,0.0,0.0,0,1014.5,1004.8,4,5,0,0,0.0,0.22,11.9,24.0,346,347,20.5,18.2,26.2,22.3,17.7,0.05,0.089,0.132,0.236,0,0.0,0.0,0.0,0.0,0.0,0.0,0.0,0.0,0.0,0.0,0.0,0.0,0.0
38.69947,-8.46048,81.0,2001-06-23T05:00,15.0,91,13.6,14.4,0.0,0.0,0.0,0.0,0,1014.7,1005.0,8,9,0,0,0.0,0.15,11.9,23.5,346,349,20.9,17.7,25.9,22.3,17.7,0.05,0.089,0.132,0.236,0,0.0,0.0,0.0,0.0,0.0,0.0,0.0,0.0,0.0,0.0,0.0,0.0,0.0
38.69947,-8.46048,81.0,2001-06-23T06:00,15.1,91,13.7,14.5,0.0,0.0,0.0,0.0,0,1014.9,1005.2,18,20,0,0,0.02,0.15,12.1,22.7,348,349,22.0,17.6,25.6,22.3,17.7,0.05,0.089,0.132,0.236,1,472.84,26.0,11.0,15.0,105.2,26.0,79.9,58.9,24.9,34.0,182.4,34.0,181.0
38.69947,-8.46048,81.0,2001-06-23T07:00,16.9,83,14.0,16.1,0.0,0.0,0.0,0.0,1,1015.1,1005.5,36,40,0,0,0.08,0.33,14.6,20.8,350,351,26.6,19.0,25.3,22.3,17.7,0.05,0.089,0.132,0.236,1,3600.0,151.0,89.0,62.0,387.0,151.0,304.5,212.4,125.2,87.2,387.0,212.4,428.4
38.69947,-8.46048,81.0,2001-06-23T08:00,19.3,71,14.0,18.6,0.0,0.0,0.0,0.0,0,1015.1,1005.5,2,2,0,0,0.2,0.65,13.6,18.3,349,350,29.9,21.5,25.1,22.3,17.7,0.05,0.089,0.132,0.236,1,3600.0,349.0,255.0,94.0,613.9,349.0,549.9,424.6,310.2,114.4,613.9,424.6,669.0
38.69947,-8.46048,81.0,2001-06-23T09:00,22.3,59,13.8,21.6,0.0,0.0,0.0,0.0,0,1015.0,1005.5,1,1,0,0,0.36,1.12,13.8,18.2,345,346,31.3,24.7,25.1,22.3,17.7,0.05,0.089,0.132,0.236,1,3600.0,558.0,460.0,98.0,780.5,558.0,780.3,633.9,522.6,111.3,780.5,633.9,886.5
38.69947,-8.46048,81.0,2001-06-23T10:00,25.4,47,13.4,25.5,0.0,0.0,0.0,0.0,0,1014.9,1005.5,0,0,0,0,0.51,1.7,13.0,16.9,346,348,33.5,28.1,25.1,22.3,17.7,0.05,0.089,0.132,0.235,1,3600.0,733.0,623.0,110.0,841.8,733.0,979.9,797.4,677.7,119.7,841.8,797.4,1066.0
38.69947,-8.46048,81.0,2001-06-23T11:00,28.2,38,12.5,28.8,0.0,0.0,0.0,0.0,0,1014.5,1005.2,0,0,0,0,0.65,2.38,13.4,17.1,340,342,36.0,31.3,25.3,22.3,17.7,0.05,0.089,0.132,0.235,1,3600.0,873.0,758.0,115.0,884.1,873.0,1135.2,919.2,798.1,121.1,884.1,919.2,1195.2
38.69947,-8.46048,81.0,2001-06-23T12:00,30.6,30,11.3,31.2,0.0,0.0,0.0,0.0,0,1014.1,1004.9,0,0,0,0,0.75,3.05,13.9,17.6,335,337,37.4,34.0,25.5,22.3,17.7,0.05,0.089,0.132,0.235,1,3600.0,963.0,842.0,121.0,902.3,963.0,1235.6,986.4,862.4,123.9,902.3,986.4,1265.5
38.69947,-8.46048,81.0,2001-06-23T13:00,32.3,25,10.0,32.6,0.0,0.0,0.0,0.0,0,1013.7,1004.6,0,0,0,0,0.81,3.62,14.3,18.5,332,333,37.4,36.2,25.8,22.3,17.7,0.05,0.088,0.132,0.235,1,3600.0,999.0,875.0,124.0,909.2,999.0,1274.2,997.3,873.5,123.8,909.2,997.3,1272.0
38.69947,-8.46048,81.0,2001-06-23T14:00,33.5,22,9.1,33.2,0.0,0.0,0.0,0.0,0,1013.1,1004.0,0,0,0,0,0.83,4.01,15.6,19.8,331,333,37.1,37.7,26.2,22.3,17.7,0.05,0.088,0.131,0.235,1,3600.0,977.0,855.0,122.0,906.8,977.0,1248.4,950.3,831.6,118.7,906.8,950.3,1214.2
38.69947,-8.46048,81.0,2001-06-23T15:00,33.9,21,8.7,32.9,0.0,0.0,0.0,0.0,0,1012.9,1003.8,0,0,0,0,0.79,4.17,16.8,21.6,332,334,37.8,38.3,26.5,22.3,17.7,0.05,0.088,0.131,0.235,1,3600.0,897.0,780.0,117.0,890.3,897.0,1160.0,847.7,737.1,110.6,890.3,847.7,1096.2
38.69947,-8.46048,81.0,2001-06-23T16:00,33.6,22,9.0,31.8,0.0,0.0,0.0,0.0,0,1012.7,1003.6,0,0,0,0,0.71,4.06,18.2,23.7,333,336,39.2,38.0,26.8,22.4,17.7,0.05,0.088,0.131,0.235,1,3600.0,767.0,658.0,109.0,858.4,767.0,1014.9,699.7,600.2,99.4,858.4,699.7,925.8
38.69947,-8.46048,81.0,2001-06-23T17:00,32.6,24,9.6,29.9,0.0,0.0,0.0,0.0,0,1012.3,1003.2,0,0,0,0,0.59,3.71,19.2,25.1,334,336,41.0,36.6,27.1,22.4,17.7,0.05,0.088,0.131,0.235,1,3600.0,598.0,500.0,98.0,804.2,598.0,823.2,519.3,434.2,85.1,804.2,519.3,714.8
38.69947,-8.46048,81.0,2001-06-23T18:00,30.7,28,10.3,28.0,0.0,0.0,0.0,0.0,0,1012.8,1003.6,0,0,0,0,0.44,3.17,19.5,26.4,332,334,42.1,34.4,27.2,22.4,17.7,0.05,0.088,0.131,0.235,1,3600.0,405.0,322.0,83.0,713.2,405.0,597.7,323.6,257.3,66.3,713.2,323.6,477.5
38.69947,-8.46048,81.0,2001-06-23T19:00,28.2,35,11.5,25.9,0.0,0.0,0.0,0.0,0,1012.8,1003.5,0,0,0,0,0.29,2.46,18.8,26.7,331,333,39.6,31.7,27.3,22.4,17.7,0.05,0.088,0.131,0.235,1,3600.0,209.0,148.0,61.0,553.5,209.0,354.0,135.9,96.2,39.7,553.5,135.9,230.1
38.69947,-8.46048,81.0,2001-06-23T20:00,25.4,43,11.9,23.4,0.0,0.0,0.0,0.0,0,1013.0,1003.7,0,0,0,0,0.16,1.85,17.6,27.5,332,334,36.7,28.7,27.3,22.4,17.8,0.05,0.088,0.131,0.235,1,1974.98,49.0,27.0,22.0,219.5,49.0,108.5,0.0,0.0,0.0,0.0,0.0,0.0
38.69947,-8.46048,81.0,2001-06-23T21:00,23.0,52,12.5,21.3,0.0,0.0,0.0,0.0,0,1013.7,1004.3,0,0,0,0,0.11,1.36,16.8,26.5,337,339,34.6,26.2,27.2,22.4,17.8,0.05,0.088,0.131,0.235,0,0.0,0.0,0.0,0.0,0.0,0.0,0.0,0.0,0.0,0.0,0.0,0.0,0.0
38.69947,-8.46048,81.0,2001-06-23T22:00,21.2,59,12.9,20.1,0.0,0.0,0.0,0.0,0,1014.1,1004.6,19,0,32,0,0.07,1.03,13.7,23.5,337,342,31.3,24.2,27.0,22.4,17.8,0.05,0.088,0.131,0.235,0,0.0,0.0,0.0,0.0,0.0,0.0,0.0,0.0,0.0,0.0,0.0,0.0,0.0
38.69947,-8.46048,81.0,2001-06-23T23:00,19.9,65,13.2,19.1,0.0,0.0,0.0,0.0,0,1014.0,1004.5,14,0,24,0,0.05,0.8,12.2,21.7,336,341,24.8,22.8,26.8,22.4,17.8,0.05,0.088,0.131,0.235,0,0.0,0.0,0.0,0.0,0.0,0.0,0.0,0.0,0.0,0.0,0.0,0.0,0.0
38.69947,-8.46048,81.0,2001-06-24T00:00,18.9,71,13.5,18.3,0.0,0.0,0.0,0.0,0,1014.1,1004.5,14,0,23,0,0.04,0.64,11.8,21.5,337,339,22.0,21.7,26.6,22.4,17.8,0.05,0.088,0.131,0.235,0,0.0,0.0,0.0,0.0,0.0,0.0,0.0,0.0,0.0,0.0,0.0,0.0,0.0
38.69947,-8.46048,81.0,2001-06-24T01:00,17.9,76,13.6,17.4,0.0,0.0,0.0,0.0,0,1014.0,1004.4,6,1,8,0,0.02,0.49,11.3,21.7,343,345,20.9,20.6,26.3,22.4,17.8,0.05,0.088,0.131,0.235,0,0.0,0.0,0.0,0.0,0.0,0.0,0.0,0.0,0.0,0.0,0.0,0.0,0.0
38.69947,-8.46048,81.0,2001-06-24T02:00,17.1,81,13.8,16.9,0.0,0.0,0.0,0.0,0,1013.8,1004.2,1,0,1,0,0.01,0.38,9.8,20.0,352,352,18.7,19.7,26.0,22.5,17.8,0.05,0.088,0.131,0.235,0,0.0,0.0,0.0,0.0,0.0,0.0,0.0,0.0,0.0,0.0,0.0,0.0,0.0
38.69947,-8.46048,81.0,2001-06-24T03:00,16.5,85,13.9,16.5,0.0,0.0,0.0,0.0,0,1013.8,1004.2,1,1,0,0,0.0,0.29,8.7,18.8,355,357,15.1,18.9,25.7,22.5,17.8,0.05,0.088,0.131,0.235,0,0.0,0.0,0.0,0.0,0.0,0.0,0.0,0.0,0.0,0.0,0.0,0.0,0.0
38.69947,-8.46048,81.0,2001-06-24T04:00,16.0,88,14.0,16.1,0.0,0.0,0.0,0.0,0,1013.6,1004.0,0,0,0,0,0.0,0.22,7.6,17.7,355,358,12.2,18.2,25.5,22.5,17.8,0.05,0.088,0.131,0.235,0,0.0,0.0,0.0,0.0,0.0,0.0,0.0,0.0,0.0,0.0,0.0,0.0,0.0
38.69947,-8.46048,81.0,2001-06-24T05:00,15.5,91,14.0,15.8,0.0,0.0,0.0,0.0,0,1013.5,1003.8,2,2,0,0,0.0,0.16,6.9,16.3,351,354,11.5,17.6,25.2,22.5,17.8,0.05,0.088,0.131,0.235,0,0.0,0.0,0.0,0.0,0.0,0.0,0.0,0.0,0.0,0.0,0.0,0.0,0.0
38.69947,-8.46048,81.0,2001-06-24T06:00,15.5,92,14.1,15.7,0.0,0.0,0.0,0.0,0,1013.9,1004.2,1,1,0,0,0.01,0.15,7.4,15.3,346,351,10.8,17.4,24.9,22.5,17.8,0.05,0.088,0.131,0.235,1,570.19,26.0,12.0,14.0,115.2,26.0,79.3,59.0,27.2,31.7,200.3,33.9,179.9
38.69947,-8.46048,81.0,2001-06-24T07:00,17.3,83,14.4,17.8,0.0,0.0,0.0,0.0,0,1013.7,1004.1,1,1,0,0,0.08,0.34,6.7,10.7,344,348,16.6,19.2,24.6,22.5,17.8,0.05,0.088,0.131,0.235,1,3600.0,161.0,102.0,59.0,445.1,161.0,303.4,226.7,143.6,83.1,445.1,226.7,427.3
38.69947,-8.46048,81.0,2001-06-24T08:00,20.1,70,14.5,20.6,0.0,0.0,0.0,0.0,0,1014.2,1004.7,0,0,0,0,0.2,0.7,6.7,8.8,344,348,19.1,22.2,24.5,22.5,17.8,0.05,0.088,0.131,0.235,1,3600.0,350.0,266.0,84.0,641.6,350.0,548.9,426.0,323.7,102.2,641.6,426.0,668.0
38.69947,-8.46048,81.0,2001-06-24T09:00,23.2,58,14.4,23.7,0.0,0.0,0.0,0.0,0,1014.2,1004.8,0,0,0,0,0.35,1.2,6.3,8.1,336,339,20.5,25.8,24.5,22.5,17.8,0.05,0.088,0.131,0.235,1,3600.0,548.0,451.0,97.0,766.2,548.0,779.3,622.7,512.5,110.2,766.2,622.7,885.5
38.69947,-8.46048,81.0,2001-06-24T10:00,26.5,46,14.0,27.9,0.0,0.0,0.0,0.0,0,1014.1,1004.8,0,0,0,0,0.5,1.85,6.3,7.8,336,338,22.0,29.5,24.7,22.5,17.8,0.05,0.088,0.131,0.235,1,3600.0,726.0,620.0,106.0,838.4,726.0,979.1,789.9,674.5,115.3,838.4,789.9,1065.2
38.69947,-8.46048,81.0,2001-06-24T11:00,29.5,37,13.1,31.5,0.0,0.0,0.0,0.0,0,1013.9,1004.7,0,0,0,0,0.64,2.61,6.4,7.7,317,323,22.7,33.1,24.9,22.5,17.8,0.05,0.087,0.131,0.235,1,3600.0,866.0,751.0,115.0,876.3,866.0,1134.5,911.9,790.8,121.1,876.3,911.9,1194.7
38.69947,-8.46048,81.0,2001-06-24T12:00,31.9,30,12.0,33.9,0.0,0.0,0.0,0.0,0,1013.7,1004.6,0,0,0,0,0.73,3.31,7.1,8.6,300,303,24.1,36.2,25.2,22.5,17.8,0.05,0.087,0.131,0.235,1,3600.0,953.0,833.0,120.0,892.9,953.0,1235.1,976.2,853.3,122.9,892.9,976.2,1265.1
38.69947,-8.46048,81.0,2001-06-24T13:00,33.6,25,11.1,35.3,0.0,0.0,0.0,0.0,0,1013.5,1004.4,0,0,0,0,0.79,3.88,8.8,10.5,289,292,25.9,38.6,25.6,22.5,17.8,0.05,0.087,0.131,0.235,1,3600.0,987.0,867.0,120.0,901.0,987.0,1273.9,985.4,865.6,119.8,901.0,985.4,1271.8
38.69947,-8.46048,81.0,2001-06-24T14:00,34.7,23,10.7,35.6,0.0,0.0,0.0,0.0,0,1013.3,1004.2,0,0,0,0,0.8,4.23,10.9,13.3,287,289,28.4,39.9,26.0,22.5,17.8,0.05,0.087,0.13,0.235,1,3600.0,963.0,842.0,121.0,892.9,963.0,1248.3,936.7,819.0,117.7,892.9,936.7,1214.3
38.69947,-8.46048,81.0,2001-06-24T15:00,35.0,23,10.6,35.2,0.0,0.0,0.0,0.0,0,1013.3,1004.2,0,0,0,0,0.76,4.35,12.6,15.8,290,291,30.6,40.2,26.4,22.5,17.8,0.05,0.087,0.13,0.235,1,3600.0,884.0,768.0,116.0,876.4,884.0,1160.1,835.5,725.8,109.6,876.4,835.5,1096.4
38.69947,-8.46048,81.0,2001-06-24T16:00,34.7,23,10.6,33.9,0.0,0.0,0.0,0.0,0,1013.4,1004.3,0,0,0,0,0.68,4.26,14.2,17.9,294,295,32.4,39.5,26.8,22.5,17.8,0.05,0.087,0.13,0.235,1,3600.0,756.0,648.0,108.0,845.0,756.0,1015.2,689.7,591.2,98.5,845.0,689.7,926.2
38.69947,-8.46048,81.0,2001-06-24T17:00,33.6,25,11.0,31.8,0.0,0.0,0.0,0.0,0,1013.4,1004.3,0,0,0,0,0.57,3.9,15.6,20.0,299,300,33.8,38.0,27.1,22.5,17.8,0.05,0.086,0.13,0.235,1,3600.0,590.0,492.0,98.0,790.8,590.0,823.6,512.4,427.3,85.1,790.8,512.4,715.3
38.69947,-8.46048,81.0,2001-06-24T18:00,31.8,29,11.5,29.8,0.0,0.0,0.0,0.0,0,1013.9,1004.7,0,0,0,0,0.42,3.34,16.3,21.9,305,306,34.9,35.7,27.3,22.5,17.8,0.05,0.086,0.13,0.235,1,3600.0,400.0,317.0,83.0,701.5,400.0,598.2,319.6,253.3,66.3,701.5,319.6,478.1
38.69947,-8.46048,81.0,2001-06-24T19:00,29.2,34,11.7,27.4,0.0,0.0,0.0,0.0,0,1014.1,1004.9,0,0,0,0,0.27,2.67,15.9,22.2,309,312,34.2,32.7,27.4,22.5,17.8,0.05,0.086,0.13,0.235,1,3600.0,207.0,147.0,60.0,548.9,207.0,354.5,134.7,95.6,39.0,548.9,134.7,230.6
38.69947,-8.46048,81.0,2001-06-24T20:00,26.6,40,11.8,25.0,0.0,0.0,0.0,0.0,0,1014.7,1005.4,0,0,0,0,0.15,2.09,14.3,22.1,311,316,31.3,29.6,27.4,22.5,17.8,0.05,0.086,0.13,0.235,1,1982.31,49.0,27.0,22.0,219.1,49.0,109.0,0.0,0.0,0.0,0.0,0.0,0.0
38.69947,-8.46048,81.0,2001-06-24T21:00,24.2,47,12.2,22.9,0.0,0.0,0.0,0.0,0,1015.7,1006.3,0,0,0,0,0.1,1.6,13.3,21.3,319,323,27.4,27.0,27.3,22.6,17.9,0.05,0.086,0.13,0.235,0,0.0,0.0,0.0,0.0,0.0,0.0,0.0,0.0,0.0,0.0,0.0,0.0,0.0
38.69947,-8.46048,81.0,2001-06-24T22:00,22.2,55,12.6,21.4,0.0,0.0,0.0,0.0,0,1016.4,1006.9,0,0,0,0,0.07,1.22,10.7,17.1,320,325,25.2,25.0,27.2,22.6,17.9,0.05,0.086,0.13,0.235,0,0.0,0.0,0.0,0.0,0.0,0.0,0.0,0.0,0.0,0.0,0.0,0.0,0.0
38.69947,-8.46048,81.0,2001-06-24T23:00,20.5,62,12.9,20.2,0.0,0.0,0.0,0.0,0,1016.7,1007.2,2,2,0,0,0.04,0.93,8.4,14.3,320,326,20.9,23.3,27.0,22.6,17.9,0.05,0.086,0.13,0.235,0,0.0,0.0,0.0,0.0,0.0,0.0,0.0,0.0,0.0,0.0,0.0,0.0,0.0
38.69947,-8.46048,81.0,2001-06-25T00:00,19.2,68,13.2,19.3,0.0,0.0,0.0,0.0,0,1017.1,1007.5,7,8,0,0,0.02,0.71,6.4,12.6,313,323,15.8,21.9,26.8,22.6,17.9,0.05,0.086,0.13,0.235,0,0.0,0.0,0.0,0.0,0.0,0.0,0.0,0.0,0.0,0.0,0.0,0.0,0.0
38.69947,-8.46048,81.0,2001-06-25T01:00,18.1,75,13.6,18.3,0.0,0.0,0.0,0.0,0,1017.0,1007.4,17,19,0,0,0.01,0.52,6.1,12.2,310,317,12.6,20.6,26.5,22.6,17.9,0.05,0.086,0.13,0.235,0,0.0,0.0,0.0,0.0,0.0,0.0,0.0,0.0,0.0,0.0,0.0,0.0,0.0
38.69947,-8.46048,81.0,2001-06-25T02:00,17.1,82,13.9,17.4,0.0,0.0,0.0,0.0,1,1017.4,1007.8,24,27,0,0,0.0,0.36,6.7,11.5,306,314,11.2,19.6,26.2,22.6,17.9,0.05,0.086,0.13,0.235,0,0.0,0.0,0.0,0.0,0.0,0.0,0.0,0.0,0.0,0.0,0.0,0.0,0.0
38.69947,-8.46048,81.0,2001-06-25T03:00,16.4,87,14.2,16.9,0.0,0.0,0.0,0.0,1,1017.6,1007.9,35,39,0,0,0.0,0.25,5.9,11.5,308,311,11.2,18.8,25.9,22.6,17.9,0.05,0.086,0.13,0.235,0,0.0,0.0,0.0,0.0,0.0,0.0,0.0,0.0,0.0,0.0,0.0,0.0,0.0
38.69947,-8.46048,81.0,2001-06-25T04:00,15.9,91,14.4,16.6,0.0,0.0,0.0,0.0,2,1018.2,1008.5,66,73,0,0,0.0,0.17,4.9,11.0,306,311,11.5,18.3,25.6,22.6,17.9,0.05,0.086,0.13,0.235,0,0.0,0.0,0.0,0.0,0.0,0.0,0.0,0.0,0.0,0.0,0.0,0.0,0.0
38.69947,-8.46048,81.0,2001-06-25T05:00,15.6,93,14.5,16.1,0.0,0.0,0.0,0.0,2,1018.5,1008.8,73,81,0,0,0.0,0.12,6.1,9.9,310,314,11.2,17.8,25.3,22.6,17.9,0.05,0.086,0.13,0.235,0,0.0,0.0,0.0,0.0,0.0,0.0,0.0,0.0,0.0,0.0,0.0,0.0,0.0
38.69947,-8.46048,81.0,2001-06-25T06:00,15.5,93,14.4,16.0,0.0,0.0,0.0,0.0,3,1018.8,1009.1,84,93,0,0,0.01,0.12,6.4,8.7,317,318,13.0,17.9,25.1,22.6,17.9,0.05,0.086,0.13,0.235,1,0.0,19.0,5.0,14.0,48.2,19.0,78.7,43.1,11.3,31.8,84.1,24.7,178.7
38.69947,-8.46048,81.0,2001-06-25T07:00,16.2,85,13.6,16.5,0.0,0.0,0.0,0.0,2,1019.3,1009.6,74,82,0,0,0.06,0.28,5.4,6.7,323,324,14.8,19.2,24.8,22.6,17.9,0.05,0.086,0.13,0.235,1,0.0,93.0,9.0,84.0,39.4,93.0,302.2,131.1,12.7,118.4,39.4,131.1,426.1
38.69947,-8.46048,81.0,2001-06-25T08:00,17.3,76,13.1,17.6,0.0,0.0,0.0,0.0,2,1019.8,1010.1,52,58,0,0,0.12,0.47,4.4,5.2,325,326,14.8,20.8,24.7,22.6,17.9,0.05,0.086,0.13,0.235,1,1245.36,203.0,42.0,161.0,101.5,203.0,547.7,247.2,51.1,196.0,101.5,247.2,666.8
38.69947,-8.46048,81.0,2001-06-25T09:00,19.4,64,12.5,19.6,0.0,0.0,0.0,0.0,0,1020.0,1010.4,5,6,0,0,0.27,0.8,4.1,5.1,315,315,16.9,23.9,24.6,22.6,17.9,0.05,0.086,0.13,0.234,1,3600.0,447.0,230.0,217.0,391.2,447.0,778.2,508.1,261.4,246.6,391.2,508.1,884.5
38.69947,-8.46048,81.0,2001-06-25T10:00,21.8,53,11.9,22.2,0.0,0.0,0.0,0.0,0,1020.0,1010.5,15,17,0,0,0.41,1.22,5.2,6.3,282,283,18.4,26.8,24.7,22.6,17.9,0.05,0.086,0.13,0.234,1,3600.0,638.0,459.0,179.0,621.2,638.0,978.1,694.2,499.5,194.8,621.2,694.2,1064.3
38.69947,-8.46048,81.0,2001-06-25T11:00,24.8,42,11.1,26.2,0.0,0.0,0.0,0.0,0,1019.9,1010.5,0,0,0,0,0.59,1.8,6.5,7.6,267,270,21.6,30.5,24.8,22.6,17.9,0.05,0.086,0.13,0.234,1,3600.0,876.0,756.0,120.0,882.7,876.0,1133.8,922.6,796.2,126.4,882.7,922.6,1194.0
38.69947,-8.46048,81.0,2001-06-25T12:00,27.2,34,10.2,28.6,0.0,0.0,0.0,0.0,0,1019.8,1010.5,0,0,0,0,0.69,2.37,8.3,9.8,265,264,24.1,33.4,25.1,22.6,17.9,0.05,0.086,0.13,0.234,1,3600.0,967.0,840.0,127.0,900.7,967.0,1234.5,990.6,860.5,130.1,900.7,990.6,1264.7
38.69947,-8.46048,81.0,2001-06-25T13:00,29.1,29,9.4,30.1,0.0,0.0,0.0,0.0,0,1019.7,1010.4,0,0,0,0,0.75,2.84,10.1,12.6,264,265,26.6,35.5,25.4,22.6,17.9,0.05,0.086,0.13,0.234,1,3600.0,1007.0,888.0,119.0,923.0,1007.0,1273.6,1005.5,886.6,118.8,923.0,1005.5,1271.6
38.69947,-8.46048,81.0,2001-06-25T14:00,30.3,27,9.1,30.8,0.0,0.0,0.0,0.0,0,1019.1,1009.9,0,0,0,0,0.76,3.16,11.5,14.4,268,270,29.2,36.7,25.7,22.6,17.9,0.05,0.086,0.13,0.234,1,3600.0,986.0,870.0,116.0,922.6,986.0,1248.2,959.2,846.4,112.8,922.6,959.2,1214.3
38.69947,-8.46048,81.0,2001-06-25T15:00,30.8,26,9.2,30.7,0.0,0.0,0.0,0.0,0,1019.0,1009.8,0,0,0,0,0.72,3.27,12.6,15.5,272,274,31.3,37.1,26.0,22.6,17.9,0.05,0.085,0.129,0.234,1,3600.0,908.0,797.0,111.0,909.3,908.0,1160.2,858.2,753.3,104.9,909.3,858.2,1096.6
38.69947,-8.46048,81.0,2001-06-25T16:00,30.5,28,9.7,29.7,0.0,0.0,0.0,0.0,0,1019.1,1009.9,0,0,0,0,0.63,3.17,13.4,16.8,276,279,32.4,36.5,26.3,22.6,17.9,0.05,0.085,0.129,0.234,1,3600.0,773.0,667.0,106.0,869.4,773.0,1015.5,705.3,608.6,96.7,869.4,705.3,926.5
38.69947,-8.46048,81.0,2001-06-25T17:00,29.7,31,10.5,28.1,0.0,0.0,0.0,0.0,0,1019.0,1009.7,0,0,0,0,0.51,2.89,14.0,17.7,282,283,33.5,35.1,26.5,22.6,17.9,0.05,0.085,0.129,0.234,1,3600.0,604.0,509.0,95.0,817.7,604.0,824.0,524.7,442.1,82.5,817.7,524.7,715.7
38.69947,-8.46048,81.0,2001-06-25T18:00,28.2,35,11.4,26.4,0.0,0.0,0.0,0.0,0,1019.2,1009.9,0,0,0,0,0.37,2.47,14.7,19.5,287,289,33.8,32.9,26.7,22.6,17.9,0.05,0.085,0.129,0.234,1,3600.0,409.0,328.0,81.0,725.2,409.0,598.7,326.9,262.2,64.7,725.2,326.9,478.5
38.69947,-8.46048,81.0,2001-06-25T19:00,25.0,45,12.1,23.4,0.0,0.0,0.0,0.0,0,1019.7,1010.3,0,0,0,0,0.22,1.76,15.3,21.1,294,295,32.8,29.9,26.7,22.6,17.9,0.05,0.085,0.129,0.234,1,3600.0,211.0,150.0,61.0,559.4,211.0,354.9,137.4,97.6,39.7,559.4,137.4,231.1
38.69947,-8.46048,81.0,2001-06-25T20:00,22.6,52,12.3,21.2,0.0,0.0,0.0,0.0,0,1020.1,1010.6,0,0,0,0,0.11,1.32,14.3,21.5,298,301,31.3,26.9,26.6,22.6,17.9,0.05,0.085,0.129,0.234,1,1988.21,49.0,27.0,22.0,218.8,49.0,109.4,0.0,0.0,0.0,0.0,0.0,0.0
38.69947,-8.46048,81.0,2001-06-25T21:00,20.6,59,12.4,19.4,0.0,0.0,0.0,0.0,0,1020.6,1011.0,0,0,0,0,0.07,0.99,13.6,21.2,307,312,26.3,24.4,26.5,22.7,18.0,0.05,0.085,0.129,0.234,0,0.0,0.0,0.0,0.0,0.0,0.0,0.0,0.0,0.0,0.0,0.0,0.0,0.0
38.69947,-8.46048,81.0,2001-06-25T22:00,19.1,65,12.5,18.1,0.0,0.0,0.0,0.0,0,1021.4,1011.8,0,0,0,0,0.05,0.77,12.0,18.8,311,315,24.8,22.5,26.3,22.7,18.0,0.05,0.085,0.129,0.234,0,0.0,0.0,0.0,0.0,0.0,0.0,0.0,0.0,0.0,0.0,0.0,0.0,0.0
38.69947,-8.46048,81.0,2001-06-25T23:00,17.8,71,12.6,17.1,0.0,0.0,0.0,0.0,0,1021.6,1011.9,0,0,0,0,0.03,0.58,10.5,17.8,311,315,22.3,21.0,26.1,22.7,18.0,0.05,0.085,0.129,0.234,0,0.0,0.0,0.0,0.0,0.0,0.0,0.0,0.0,0.0,0.0,0.0,0.0,0.0
38.69947,-8.46048,81.0,2001-06-26T00:00,16.7,77,12.7,16.2,0.0,0.0,0.0,0.0,0,1021.7,1012.0,4,4,0,0,0.02,0.43,9.7,17.3,309,313,18.7,19.8,25.8,22.7,18.0,0.05,0.085,0.129,0.234,0,0.0,0.0,0.0,0.0,0.0,0.0,0.0,0.0,0.0,0.0,0.0,0.0,0.0
38.69947,-8.46048,81.0,2001-06-26T01:00,15.8,83,12.8,15.3,0.0,0.0,0.0,0.0,0,1021.6,1011.9,17,19,0,0,0.01,0.31,9.2,17.6,309,314,16.2,18.7,25.6,22.7,18.0,0.05,0.085,0.129,0.234,0,0.0,0.0,0.0,0.0,0.0,0.0,0.0,0.0,0.0,0.0,0.0,0.0,0.0
38.69947,-8.46048,81.0,2001-06-26T02:00,15.1,87,12.9,14.8,0.0,0.0,0.0,0.0,1,1021.2,1011.5,32,36,0,0,0.0,0.23,8.7,16.8,312,317,15.1,17.8,25.3,22.7,18.0,0.05,0.085,0.129,0.234,0,0.0,0.0,0.0,0.0,0.0,0.0,0.0,0.0,0.0,0.0,0.0,0.0,0.0
38.69947,-8.46048,81.0,2001-06-26T03:00,14.6,90,13.0,14.4,0.0,0.0,0.0,0.0,1,1021.2,1011.4,37,41,0,0,0.0,0.16,7.4,15.5,309,316,14.0,17.1,25.0,22.7,18.0,0.05,0.085,0.129,0.234,0,0.0,0.0,0.0,0.0,0.0,0.0,0.0,0.0,0.0,0.0,0.0,0.0,0.0
38.69947,-8.46048,81.0,2001-06-26T04:00,14.2,92,12.9,14.1,0.0,0.0,0.0,0.0,1,1021.2,1011.4,43,48,0,0,0.0,0.13,7.2,14.5,307,312,12.6,16.5,24.7,22.7,18.0,0.05,0.085,0.129,0.234,0,0.0,0.0,0.0,0.0,0.0,0.0,0.0,0.0,0.0,0.0,0.0,0.0,0.0
38.69947,-8.46048,81.0,2001-06-26T05:00,14.1,92,12.9,14.1,0.0,0.0,0.0,0.0,1,1021.3,1011.5,47,52,0,0,0.0,0.12,6.0,13.5,303,312,11.5,16.1,24.4,22.7,18.0,0.05,0.085,0.129,0.234,0,0.0,0.0,0.0,0.0,0.0,0.0,0.0,0.0,0.0,0.0,0.0,0.0,0.0
38.69947,-8.46048,81.0,2001-06-26T06:00,14.3,91,12.9,14.3,0.0,0.0,0.0,0.0,2,1021.4,1011.6,57,63,0,0,0.01,0.15,6.5,12.2,304,313,11.9,16.1,24.1,22.7,18.0,0.05,0.085,0.129,0.234,1,369.4,21.0,10.0,11.0,96.9,21.0,78.1,47.7,22.7,25.0,169.5,27.3,177.4
38.69947,-8.46048,81.0,2001-06-26T07:00,16.2,79,12.6,15.8,0.0,0.0,0.0,0.0,2,1021.4,1011.7,58,65,0,0,0.07,0.39,8.7,12.0,315,316,15.1,17.5,23.9,22.7,18.0,0.05,0.085,0.129,0.234,1,2554.77,96.0,33.0,63.0,145.2,96.0,300.9,135.5,46.6,88.9,145.2,135.5,424.8
38.69947,-8.46048,81.0,2001-06-26T08:00,17.4,69,11.7,16.5,0.0,0.0,0.0,0.0,2,1021.7,1012.0,68,75,0,0,0.14,0.61,9.4,12.5,313,314,22.0,19.6,23.7,22.7,18.0,0.05,0.085,0.129,0.234,1,3600.0,222.0,112.0,110.0,271.3,222.0,546.4,270.4,136.4,134.0,271.3,270.4,665.6
38.69947,-8.46048,81.0,2001-06-26T09:00,18.9,61,11.2,17.8,0.0,0.0,0.0,0.0,2,1021.4,1011.8,51,57,0,0,0.25,0.85,10.0,12.8,308,308,24.5,22.1,23.6,22.7,18.0,0.05,0.085,0.129,0.234,1,3600.0,392.0,204.0,188.0,347.5,392.0,777.1,445.7,231.9,213.7,347.5,445.7,883.5
38.69947,-8.46048,81.0,2001-06-26T10:00,20.7,53,10.7,20.0,0.0,0.0,0.0,0.0,1,1021.4,1011.8,23,26,0,0,0.39,1.16,8.9,11.2,310,312,27.4,25.1,23.7,22.6,18.0,0.05,0.085,0.129,0.234,1,3600.0,620.0,372.0,248.0,503.9,620.0,977.1,674.8,404.9,269.9,503.9,674.8,1063.5
38.69947,-8.46048,81.0,2001-06-26T11:00,22.6,45,10.2,22.8,0.0,0.0,0.0,0.0,0,1021.3,1011.8,6,7,0,0,0.54,1.5,10.5,13.1,301,302,30.2,28.0,23.8,22.6,18.0,0.05,0.085,0.129,0.234,1,3600.0,836.0,665.0,171.0,776.9,836.0,1133.0,880.5,700.4,180.1,776.9,880.5,1193.3
38.69947,-8.46048,81.0,2001-06-26T12:00,24.2,40,9.9,24.5,0.0,0.0,0.0,0.0,0,1021.0,1011.6,19,21,0,0,0.62,1.81,12.2,15.3,298,300,31.3,30.3,24.0,22.6,18.0,0.05,0.085,0.129,0.234,1,3600.0,933.0,780.0,153.0,836.7,933.0,1234.0,955.9,799.2,156.8,836.7,955.9,1264.3
38.69947,-8.46048,81.0,2001-06-26T13:00,25.4,37,9.6,25.6,0.0,0.0,0.0,0.0,0,1020.5,1011.1,14,15,0,0,0.67,2.04,13.7,17.1,297,298,32.8,32.1,24.2,22.6,18.0,0.05,0.085,0.129,0.234,1,3600.0,974.0,836.0,138.0,869.1,974.0,1273.2,972.6,834.8,137.8,869.1,972.6,1271.4
38.69947,-8.46048,81.0,2001-06-26T14:00,26.2,35,9.4,25.9,0.0,0.0,0.0,0.0,0,1019.8,1010.4,4,5,0,0,0.68,2.21,15.1,19.3,298,299,34.9,33.1,24.5,22.6,18.0,0.05,0.084,0.129,0.234,1,3600.0,953.0,821.0,132.0,870.7,953.0,1248.1,927.2,798.7,128.4,870.7,927.2,1214.3
38.69947,-8.46048,81.0,2001-06-26T15:00,26.4,34,9.3,25.0,0.0,0.0,0.0,0.0,1,1019.7,1010.3,32,17,27,0,0.64,2.28,18.9,24.6,301,302,39.2,33.2,24.7,22.6,18.0,0.05,0.084,0.129,0.234,1,3600.0,860.0,707.0,153.0,806.5,860.0,1160.2,812.9,668.3,144.6,806.5,812.9,1096.7
38.69947,-8.46048,81.0,2001-06-26T16:00,26.1,35,9.2,23.6,0.0,0.0,0.0,0.0,0,1019.8,1010.4,9,3,10,0,0.55,2.21,20.5,27.2,308,309,41.4,32.4,24.9,22.6,18.0,0.05,0.084,0.129,0.234,1,3600.0,709.0,571.0,138.0,744.1,709.0,1015.7,646.9,521.0,125.9,744.1,646.9,926.8
38.69947,-8.46048,81.0,2001-06-26T17:00,25.5,36,9.4,22.4,0.0,0.0,0.0,0.0,1,1019.7,1010.3,31,24,16,0,0.46,2.08,20.4,27.5,315,316,41.4,31.0,25.1,22.6,18.0,0.05,0.084,0.129,0.234,1,3600.0,562.0,456.0,106.0,732.2,562.0,824.3,488.2,396.1,92.1,732.2,488.2,716.1
38.69947,-8.46048,81.0,2001-06-26T18:00,24.7,39,9.6,21.6,0.0,0.0,0.0,0.0,1,1019.4,1010.0,30,21,18,0,0.34,1.91,20.5,27.7,321,322,39.6,29.3,25.2,22.6,18.0,0.05,0.084,0.129,0.234,1,3600.0,357.0,258.0,99.0,570.0,357.0,599.0,285.4,206.3,79.1,570.0,285.4,478.9
38.69947,-8.46048,81.0,2001-06-26T19:00,23.6,41,9.8,20.8,0.0,0.0,0.0,0.0,1,1019.5,1010.0,24,2,0,73,0.24,1.71,19.1,26.9,319,321,40.7,27.3,25.2,22.6,18.0,0.05,0.084,0.129,0.234,1,3600.0,191.0,123.0,68.0,458.2,191.0,355.3,124.4,80.1,44.3,458.2,124.4,231.4
38.69947,-8.46048,81.0,2001-06-26T20:00,22.0,51,11.3,20.0,0.0,0.0,0.0,0.0,1,1019.9,1010.4,22,9,0,46,0.13,1.31,16.8,25.7,313,314,37.8,25.1,25.2,22.6,18.0,0.05,0.084,0.129,0.234,1,885.56,41.0,14.0,27.0,113.3,41.0,109.7,0.0,0.0,0.0,0.0,0.0,0.0
38.69947,-8.46048,81.0,2001-06-26T21:00,20.6,60,12.6,19.2,0.0,0.0,0.0,0.0,0,1020.8,1011.2,12,0,0,39,0.07,0.97,15.1,24.5,310,313,32.0,23.3,25.1,22.6,18.0,0.05,0.084,0.129,0.234,0,0.0,0.0,0.0,0.0,0.0,0.0,0.0,0.0,0.0,0.0,0.0,0.0,0.0
38.69947,-8.46048,81.0,2001-06-26T22:00,19.5,69,13.6,18.5,0.0,0.0,0.0,0.0,0,1021.4,1011.8,2,0,0,5,0.05,0.71,14.2,22.9,306,307,29.2,22.0,25.0,22.6,18.0,0.05,0.084,0.129,0.234,0,0.0,0.0,0.0,0.0,0.0,0.0,0.0,0.0,0.0,0.0,0.0,0.0,0.0
38.69947,-8.46048,81.0,2001-06-26T23:00,18.5,76,14.2,18.1,0.0,0.0,0.0,0.0,0,1021.6,1012.0,1,1,0,0,0.03,0.51,12.5,21.4,303,306,25.2,20.9,24.8,22.6,18.1,0.05,0.084,0.129,0.234,0,0.0,0.0,0.0,0.0,0.0,0.0,0.0,0.0,0.0,0.0,0.0,0.0,0.0
38.69947,-8.46048,81.0,2001-06-27T00:00,17.8,82,14.6,17.7,0.0,0.0,0.0,0.0,0,1021.8,1012.1,1,1,0,0,0.01,0.38,11.1,20.2,306,309,22.7,20.0,24.6,22.6,18.1,0.05,0.084,0.129,0.234,0,0.0,0.0,0.0,0.0,0.0,0.0,0.0,0.0,0.0,0.0,0.0,0.0,0.0
38.69947,-8.46048,81.0,2001-06-27T01:00,17.1,86,14.8,17.4,0.0,0.0,0.0,0.0,0,1021.3,1011.6,1,1,0,0,0.0,0.27,8.9,18.1,310,313,21.2,19.2,24.4,22.6,18.1,0.05,0.084,0.129,0.234,0,0.0,0.0,0.0,0.0,0.0,0.0,0.0,0.0,0.0,0.0,0.0,0.0,0.0
38.69947,-8.46048,81.0,2001-06-27T02:00,16.6,90,14.9,17.2,0.0,0.0,0.0,0.0,0,1020.9,1011.2,2,2,0,0,0.0,0.19,6.9,15.5,309,314,17.6,18.6,24.2,22.6,18.1,0.05,0.084,0.129,0.234,0,0.0,0.0,0.0,0.0,0.0,0.0,0.0,0.0,0.0,0.0,0.0,0.0,0.0
38.69947,-8.46048,81.0,2001-06-27T03:00,16.1,92,14.9,16.8,0.0,0.0,0.0,0.0,0,1020.9,1011.2,3,3,0,0,0.0,0.14,6.2,14.5,306,312,13.0,17.9,24.0,22.6,18.1,0.05,0.084,0.129,0.234,0,0.0,0.0,0.0,0.0,0.0,0.0,0.0,0.0,0.0,0.0,0.0,0.0,0.0
38.69947,-8.46048,81.0,2001-06-27T04:00,15.7,95,14.9,16.5,0.0,0.0,0.0,0.0,0,1021.0,1011.3,10,11,0,0,0.0,0.09,5.7,14.3,305,313,11.5,17.3,23.7,22.6,18.1,0.05,0.084,0.129,0.234,0,0.0,0.0,0.0,0.0,0.0,0.0,0.0,0.0,0.0,0.0,0.0,0.0,0.0
38.69947,-8.46048,81.0,2001-06-27T05:00,15.5,96,14.9,16.4,0.0,0.0,0.0,0.0,1,1021.2,1011.5,28,31,0,0,0.0,0.07,5.0,12.7,300,313,10.8,17.0,23.5,22.6,18.1,0.05,0.084,0.129,0.234,0,0.0,0.0,0.0,0.0,0.0,0.0,0.0,0.0,0.0,0.0,0.0,0.0,0.0
38.69947,-8.46048,81.0,2001-06-27T06:00,15.6,97,15.0,16.4,0.0,0.0,0.0,0.0,1,1021.5,1011.8,35,39,0,0,0.01,0.06,5.5,11.3,293,307,9.4,17.0,23.3,22.6,18.1,0.05,0.084,0.129,0.234,1,176.1,22.0,8.0,14.0,77.9,22.0,77.4,50.0,18.2,31.8,136.8,28.5,176.0
38.69947,-8.46048,81.0,2001-06-27T07:00,17.4,87,15.3,17.9,0.0,0.0,0.0,0.0,2,1021.8,1012.1,51,57,0,0,0.06,0.25,8.7,11.7,308,313,15.5,18.5,23.1,22.6,18.1,0.05,0.084,0.129,0.234,1,3600.0,116.0,55.0,61.0,243.0,116.0,299.5,164.0,77.8,86.2,243.0,164.0,423.4
38.69947,-8.46048,81.0,2001-06-27T08:00,19.1,75,14.6,19.2,0.0,0.0,0.0,0.0,2,1022.0,1012.4,77,84,3,0,0.14,0.56,9.4,12.5,310,311,22.0,20.5,23.0,22.6,18.1,0.05,0.084,0.129,0.234,1,3600.0,220.0,92.0,128.0,223.4,220.0,545.1,268.1,112.1,156.0,223.4,268.1,664.4
38.69947,-8.46048,81.0,2001-06-27T09:00,20.6,66,14.0,20.5,0.0,0.0,0.0,0.0,3,1022.3,1012.7,80,87,3,0,0.22,0.83,9.6,12.4,304,306,22.7,22.4,23.0,22.6,18.1,0.05,0.084,0.129,0.234,1,3600.0,317.0,115.0,202.0,196.2,317.0,775.9,360.5,130.8,229.7,196.2,360.5,882.3
38.69947,-8.46048,81.0,2001-06-27T10:00,22.1,57,13.3,22.0,0.0,0.0,0.0,0.0,2,1022.2,1012.7,63,47,34,0,0.29,1.13,7.9,10.0,294,296,23.8,24.3,23.0,22.6,18.1,0.051,0.084,0.128,0.234,1,3600.0,409.0,156.0,253.0,211.5,409.0,976.1,445.2,169.8,275.4,211.5,445.2,1062.5
38.69947,-8.46048,81.0,2001-06-27T11:00,23.2,51,12.6,22.6,0.0,0.0,0.0,0.0,2,1021.5,1012.0,67,48,39,0,0.31,1.38,9.2,11.6,291,292,24.8,25.7,23.1,22.6,18.1,0.051,0.084,0.128,0.233,1,3600.0,410.0,174.0,236.0,203.4,410.0,1132.1,431.9,183.3,248.6,203.4,431.9,1192.6
38.69947,-8.46048,81.0,2001-06-27T12:00,24.1,48,12.3,23.1,0.0,0.0,0.0,0.0,3,1021.3,1011.8,100,73,63,0,0.37,1.57,11.3,14.3,287,288,26.3,27.0,23.2,22.6,18.1,0.051,0.084,0.128,0.233,1,3125.41,467.0,153.0,314.0,164.2,467.0,1233.4,478.5,156.8,321.7,164.2,478.5,1263.8
38.69947,-8.46048,81.0,2001-06-27T13:00,25.0,44,12.0,23.6,0.0,0.0,0.0,0.0,3,1021.3,1011.9,100,61,81,0,0.43,1.76,13.7,17.6,284,285,29.2,28.3,23.4,22.6,18.1,0.052,0.084,0.128,0.233,1,3600.0,537.0,224.0,313.0,232.9,537.0,1272.8,536.3,223.7,312.6,232.9,536.3,1271.1
38.69947,-8.46048,81.0,2001-06-27T14:00,25.5,42,11.7,23.9,0.0,0.0,0.0,0.0,2,1021.1,1011.7,54,13,71,0,0.45,1.88,14.2,18.9,286,288,30.6,29.1,23.6,22.5,18.1,0.052,0.084,0.128,0.233,1,3600.0,555.0,286.0,269.0,303.3,555.0,1247.9,540.0,278.3,261.7,303.3,540.0,1214.2
38.69947,-8.46048,81.0,2001-06-27T15:00,25.8,40,11.3,24.0,0.0,0.0,0.0,0.0,3,1020.7,1011.3,94,57,72,0,0.44,1.99,14.8,19.2,293,296,31.3,29.4,23.7,22.5,18.1,0.052,0.084,0.128,0.233,1,3600.0,535.0,232.0,303.0,264.6,535.0,1160.3,505.7,219.3,286.4,264.6,505.7,1096.8
38.69947,-8.46048,81.0,2001-06-27T16:00,26.4,38,10.9,24.4,0.0,0.0,0.0,0.0,3,1020.5,1011.1,87,54,64,0,0.46,2.14,15.9,20.6,298,299,32.4,30.0,23.9,22.5,18.1,0.052,0.084,0.128,0.233,1,3600.0,555.0,336.0,219.0,437.7,555.0,1015.9,506.5,306.6,199.8,437.7,506.5,927.0
38.69947,-8.46048,81.0,2001-06-27T17:00,26.3,37,10.6,24.0,0.0,0.0,0.0,0.0,2,1020.3,1010.9,77,51,52,0,0.42,2.15,17.0,22.9,302,303,33.5,29.9,24.1,22.5,18.1,0.052,0.083,0.128,0.233,1,3600.0,487.0,346.0,141.0,555.4,487.0,824.5,423.1,300.6,122.5,555.4,423.1,716.4
38.69947,-8.46048,81.0,2001-06-27T18:00,25.6,40,10.9,23.0,0.0,0.0,0.0,0.0,2,1020.6,1011.2,53,34,37,0,0.33,1.98,19.1,25.9,306,308,35.3,28.8,24.2,22.5,18.1,0.052,0.083,0.128,0.233,1,3600.0,333.0,209.0,124.0,461.5,333.0,599.3,266.2,167.1,99.1,461.5,266.2,479.2
38.69947,-8.46048,81.0,2001-06-27T19:00,23.6,48,11.9,21.3,0.0,0.0,0.0,0.0,0,1021.0,1011.5,0,0,0,0,0.22,1.53,19.6,27.5,311,313,39.2,26.8,24.3,22.5,18.1,0.052,0.083,0.128,0.233,1,3600.0,178.0,104.0,74.0,387.1,178.0,355.6,116.0,67.8,48.2,387.1,116.0,231.7
38.69947,-8.46048,81.0,2001-06-27T20:00,22.0,55,12.5,20.1,0.0,0.0,0.0,0.0,0,1021.6,1012.1,0,0,0,0,0.12,1.19,17.8,28.1,318,320,37.8,24.7,24.3,22.5,18.1,0.052,0.083,0.128,0.233,1,1995.61,47.0,25.0,22.0,202.2,47.0,109.9,0.0,0.0,0.0,0.0,0.0,0.0
38.69947,-8.46048,81.0,2001-06-27T21:00,20.4,62,12.9,18.9,0.0,0.0,0.0,0.0,0,1022.2,1012.6,0,0,0,0,0.07,0.91,16.1,26.7,326,328,33.8,22.8,24.2,22.5,18.1,0.052,0.083,0.128,0.233,0,0.0,0.0,0.0,0.0,0.0,0.0,0.0,0.0,0.0,0.0,0.0,0.0,0.0
38.69947,-8.46048,81.0,2001-06-27T22:00,19.1,69,13.2,18.2,0.0,0.0,0.0,0.0,0,1022.7,1013.1,0,0,0,0,0.05,0.69,13.6,23.8,328,331,29.5,21.4,24.1,22.5,18.1,0.052,0.083,0.128,0.233,0,0.0,0.0,0.0,0.0,0.0,0.0,0.0,0.0,0.0,0.0,0.0,0.0,0.0
38.69947,-8.46048,81.0,2001-06-27T23:00,18.0,75,13.5,17.4,0.0,0.0,0.0,0.0,0,1022.5,1012.8,0,0,0,0,0.03,0.51,11.9,22.1,331,334,25.2,20.1,23.9,22.5,18.1,0.052,0.083,0.128,0.233,0,0.0,0.0,0.0,0.0,0.0,0.0,0.0,0.0,0.0,0.0,0.0,0.0,0.0
38.69947,-8.46048,81.0,2001-06-28T00:00,17.0,81,13.8,16.7,0.0,0.0,0.0,0.0,0,1022.7,1013.0,0,0,0,0,0.01,0.37,10.5,21.1,333,337,22.0,19.1,23.8,22.5,18.1,0.052,0.083,0.128,0.233,0,0.0,0.0,0.0,0.0,0.0,0.0,0.0,0.0,0.0,0.0,0.0,0.0,0.0
38.69947,-8.46048,81.0,2001-06-28T01:00,16.2,86,13.9,16.1,0.0,0.0,0.0,0.0,0,1022.3,1012.6,0,0,0,0,0.0,0.25,9.8,20.7,336,340,19.4,18.2,23.6,22.5,18.2,0.052,0.083,0.128,0.233,0,0.0,0.0,0.0,0.0,0.0,0.0,0.0,0.0,0.0,0.0,0.0,0.0,0.0
38.69947,-8.46048,81.0,2001-06-28T02:00,15.5,90,13.9,15.4,0.0,0.0,0.0,0.0,0,1021.9,1012.2,1,1,0,0,0.0,0.17,9.2,19.9,339,343,17.6,17.4,23.3,22.5,18.2,0.052,0.083,0.128,0.233,0,0.0,0.0,0.0,0.0,0.0,0.0,0.0,0.0,0.0,0.0,0.0,0.0,0.0
38.69947,-8.46048,81.0,2001-06-28T03:00,15.0,92,13.8,15.0,0.0,0.0,0.0,0.0,0,1021.8,1012.0,1,1,0,0,0.0,0.13,8.2,18.9,345,347,15.8,16.7,23.1,22.5,18.2,0.052,0.083,0.128,0.233,0,0.0,0.0,0.0,0.0,0.0,0.0,0.0,0.0,0.0,0.0,0.0,0.0,0.0
38.69947,-8.46048,81.0,2001-06-28T04:00,14.6,94,13.6,14.6,0.0,0.0,0.0,0.0,0,1021.7,1011.9,1,1,0,0,0.0,0.1,7.5,18.4,343,348,14.4,16.2,22.9,22.5,18.2,0.052,0.083,0.128,0.233,0,0.0,0.0,0.0,0.0,0.0,0.0,0.0,0.0,0.0,0.0,0.0,0.0,0.0
38.69947,-8.46048,81.0,2001-06-28T05:00,14.2,94,13.3,14.3,0.0,0.0,0.0,0.0,0,1021.7,1011.9,0,0,0,0,0.0,0.09,6.7,17.7,344,347,13.0,15.7,22.6,22.5,18.2,0.052,0.083,0.128,0.233,0,0.0,0.0,0.0,0.0,0.0,0.0,0.0,0.0,0.0,0.0,0.0,0.0,0.0
38.69947,-8.46048,81.0,2001-06-28T06:00,14.2,95,13.3,14.1,0.0,0.0,0.0,0.0,0,1021.8,1012.0,0,0,0,0,0.01,0.09,8.0,17.4,342,347,11.9,15.6,22.4,22.5,18.2,0.052,0.083,0.128,0.233,1,460.49,25.0,11.0,14.0,107.7,25.0,76.7,56.9,25.0,31.9,189.9,32.3,174.4
38.69947,-8.46048,81.0,2001-06-28T07:00,16.4,83,13.5,16.4,0.0,0.0,0.0,0.0,0,1022.2,1012.5,0,0,0,0,0.08,0.32,7.5,13.7,343,346,16.9,17.0,22.2,22.5,18.2,0.052,0.083,0.128,0.233,1,3600.0,161.0,106.0,55.0,470.7,161.0,298.0,228.0,150.1,77.9,470.7,228.0,422.0
38.69947,-8.46048,81.0,2001-06-28T08:00,19.2,65,12.4,18.5,0.0,0.0,0.0,0.0,0,1022.2,1012.6,0,0,0,0,0.21,0.78,9.3,12.6,344,347,21.6,20.3,22.2,22.5,18.2,0.052,0.083,0.128,0.233,1,3600.0,351.0,269.0,82.0,654.8,351.0,543.7,428.0,328.0,100.0,654.8,428.0,663.0
38.69947,-8.46048,81.0,2001-06-28T09:00,21.9,49,10.7,20.6,0.0,0.0,0.0,0.0,0,1022.2,1012.7,0,0,0,0,0.36,1.35,10.5,13.8,344,345,25.2,23.6,22.2,22.4,18.2,0.051,0.083,0.128,0.233,1,3600.0,546.0,448.0,98.0,765.4,546.0,774.6,621.1,509.6,111.5,765.4,621.1,881.2
38.69947,-8.46048,81.0,2001-06-28T10:00,24.4,37,8.7,23.3,0.0,0.0,0.0,0.0,0,1022.0,1012.5,0,0,0,0,0.5,1.94,12.1,15.6,350,352,28.1,26.9,22.4,22.4,18.2,0.051,0.083,0.128,0.233,1,3600.0,720.0,610.0,110.0,828.0,720.0,975.0,783.9,664.1,119.8,828.0,783.9,1061.5
38.69947,-8.46048,81.0,2001-06-28T11:00,26.5,29,7.0,25.8,0.0,0.0,0.0,0.0,0,1021.4,1012.0,0,0,0,0,0.62,2.46,11.6,14.8,353,354,28.8,29.9,22.6,22.4,18.2,0.051,0.083,0.128,0.233,1,3600.0,857.0,738.0,119.0,863.3,857.0,1131.3,902.9,777.5,125.4,863.3,902.9,1191.9
38.69947,-8.46048,81.0,2001-06-28T12:00,28.2,24,5.9,28.0,0.0,0.0,0.0,0.0,0,1021.0,1011.7,0,0,0,0,0.7,2.89,10.2,13.0,352,354,28.8,32.5,22.9,22.4,18.2,0.051,0.083,0.128,0.233,1,3600.0,947.0,824.0,123.0,884.6,947.0,1232.7,970.5,844.4,126.0,884.6,970.5,1263.3
38.69947,-8.46048,81.0,2001-06-28T13:00,29.4,22,5.5,29.1,0.0,0.0,0.0,0.0,0,1020.4,1011.1,0,0,0,0,0.72,3.2,10.1,13.0,343,346,28.4,34.4,23.3,22.4,18.2,0.051,0.083,0.128,0.233,1,3600.0,949.0,801.0,148.0,833.1,949.0,1272.4,947.8,800.0,147.8,833.1,947.8,1270.8
38.69947,-8.46048,81.0,2001-06-28T14:00,30.3,21,5.5,29.6,0.0,0.0,0.0,0.0,0,1019.9,1010.7,0,0,0,0,0.72,3.42,11.3,14.2,338,339,28.8,35.7,23.7,22.4,18.2,0.051,0.083,0.128,0.233,1,3600.0,917.0,756.0,161.0,801.8,917.0,1247.7,892.3,735.6,156.7,801.8,892.3,1214.1
38.69947,-8.46048,81.0,2001-06-28T15:00,30.9,21,5.9,29.8,0.0,0.0,0.0,0.0,0,1019.3,1010.1,0,0,0,0,0.71,3.54,12.6,16.0,336,337,30.2,36.2,24.1,22.4,18.2,0.051,0.083,0.127,0.233,1,3600.0,875.0,744.0,131.0,848.6,875.0,1160.3,827.2,703.4,123.8,848.6,827.2,1096.9
38.69947,-8.46048,81.0,2001-06-28T16:00,31.1,21,6.5,29.1,0.0,0.0,0.0,0.0,0,1019.0,1009.8,0,0,0,0,0.63,3.54,14.3,18.4,335,337,31.0,35.9,24.4,22.4,18.2,0.051,0.082,0.127,0.233,1,3600.0,739.0,604.0,135.0,786.7,739.0,1016.0,674.4,551.2,123.2,786.7,674.4,927.2
38.69947,-8.46048,81.0,2001-06-28T17:00,30.7,23,7.4,27.9,0.0,0.0,0.0,0.0,0,1018.9,1009.7,0,0,0,0,0.54,3.39,16.1,20.9,333,336,32.4,34.9,24.7,22.4,18.2,0.051,0.082,0.127,0.233,1,3600.0,587.0,488.0,99.0,783.0,587.0,824.8,510.0,424.0,86.0,783.0,510.0,716.6
38.69947,-8.46048,81.0,2001-06-28T18:00,29.8,28,9.1,26.9,0.0,0.0,0.0,0.0,0,1018.8,1009.5,0,0,0,0,0.42,3.03,18.0,24.6,331,333,35.3,33.1,24.9,22.4,18.2,0.051,0.082,0.127,0.233,1,3600.0,396.0,312.0,84.0,688.6,396.0,599.6,316.6,249.5,67.2,688.6,316.6,479.4
38.69947,-8.46048,81.0,2001-06-28T19:00,27.5,38,11.7,25.2,0.0,0.0,0.0,0.0,0,1018.9,1009.6,0,0,0,0,0.28,2.29,19.4,28.5,329,331,38.9,30.6,25.1,22.4,18.2,0.051,0.082,0.127,0.233,1,3600.0,205.0,144.0,61.0,535.6,205.0,355.8,133.6,93.8,39.7,535.6,133.6,231.8
38.69947,-8.46048,81.0,2001-06-28T20:00,25.0,49,13.7,23.4,0.0,0.0,0.0,0.0,0,1019.1,1009.7,0,0,0,0,0.16,1.61,19.3,30.4,331,333,38.2,27.7,25.1,22.4,18.2,0.051,0.082,0.127,0.233,1,1997.03,47.0,26.0,21.0,210.2,47.0,110.0,0.0,0.0,0.0,0.0,0.0,0.0
38.69947,-8.46048,81.0,2001-06-28T21:00,22.9,60,14.6,21.9,0.0,0.0,0.0,0.0,0,1020.1,1010.6,0,0,0,0,0.09,1.13,17.6,28.9,334,337,36.4,25.4,25.1,22.4,18.2,0.051,0.082,0.127,0.233,0,0.0,0.0,0.0,0.0,0.0,0.0,0.0,0.0,0.0,0.0,0.0,0.0,0.0
38.69947,-8.46048,81.0,2001-06-28T22:00,21.3,68,15.2,20.8,0.0,0.0,0.0,0.0,0,1020.6,1011.1,0,0,0,0,0.06,0.81,15.2,25.6,338,340,32.4,23.7,25.0,22.4,18.2,0.051,0.082,0.127,0.233,0,0.0,0.0,0.0,0.0,0.0,0.0,0.0,0.0,0.0,0.0,0.0,0.0,0.0
38.69947,-8.46048,81.0,2001-06-28T23:00,20.1,75,15.6,19.9,0.0,0.0,0.0,0.0,0,1020.5,1010.9,0,0,0,0,0.04,0.59,14.1,24.8,341,343,28.8,22.3,24.9,22.4,18.2,0.051,0.082,0.127,0.233,0,0.0,0.0,0.0,0.0,0.0,0.0,0.0,0.0,0.0,0.0,0.0,0.0,0.0
38.69947,-8.46048,81.0,2001-06-29T00:00,19.2,81,15.8,19.3,0.0,0.0,0.0,0.0,0,1020.3,1010.7,1,1,0,0,0.02,0.43,12.8,23.7,344,346,25.9,21.2,24.7,22.4,18.2,0.051,0.082,0.127,0.233,0,0.0,0.0,0.0,0.0,0.0,0.0,0.0,0.0,0.0,0.0,0.0,0.0,0.0
38.69947,-8.46048,81.0,2001-06-29T01:00,18.5,85,15.9,18.7,0.0,0.0,0.0,0.0,0,1019.9,1010.3,3,3,0,0,0.01,0.32,12.3,23.3,345,347,23.4,20.3,24.6,22.4,18.2,0.051,0.082,0.127,0.233,0,0.0,0.0,0.0,0.0,0.0,0.0,0.0,0.0,0.0,0.0,0.0,0.0,0.0
38.69947,-8.46048,81.0,2001-06-29T02:00,17.9,88,15.9,18.2,0.0,0.0,0.0,0.0,0,1019.7,1010.1,4,4,0,0,0.0,0.24,11.9,23.2,346,348,21.2,19.6,24.4,22.4,18.2,0.051,0.082,0.127,0.233,0,0.0,0.0,0.0,0.0,0.0,0.0,0.0,0.0,0.0,0.0,0.0,0.0,0.0
38.69947,-8.46048,81.0,2001-06-29T03:00,17.4,91,15.8,17.7,0.0,0.0,0.0,0.0,0,1019.4,1009.7,5,6,0,0,0.0,0.19,11.4,22.7,347,350,19.1,19.0,24.2,22.4,18.2,0.051,0.082,0.127,0.233,0,0.0,0.0,0.0,0.0,0.0,0.0,0.0,0.0,0.0,0.0,0.0,0.0,0.0
38.69947,-8.46048,81.0,2001-06-29T04:00,17.0,92,15.7,17.2,0.0,0.0,0.0,0.0,0,1019.6,1009.9,11,12,0,0,0.0,0.15,11.4,22.7,347,350,17.6,18.4,24.0,22.4,18.2,0.051,0.082,0.127,0.233,0,0.0,0.0,0.0,0.0,0.0,0.0,0.0,0.0,0.0,0.0,0.0,0.0,0.0
38.69947,-8.46048,81.0,2001-06-29T05:00,16.7,93,15.5,16.8,0.0,0.0,0.0,0.0,0,1019.6,1009.9,17,19,0,0,0.0,0.13,11.8,22.7,348,350,17.6,18.0,23.8,22.4,18.2,0.051,0.082,0.127,0.233,0,0.0,0.0,0.0,0.0,0.0,0.0,0.0,0.0,0.0,0.0,0.0,0.0,0.0
38.69947,-8.46048,81.0,2001-06-29T06:00,16.8,92,15.5,16.8,0.0,0.0,0.0,0.0,1,1020.1,1010.4,22,24,0,0,0.02,0.15,12.8,22.6,349,351,19.1,17.9,23.6,22.4,18.3,0.051,0.082,0.127,0.233,1,363.8,23.0,10.0,13.0,98.5,23.0,75.9,52.4,22.8,29.6,174.4,29.6,172.8
38.69947,-8.46048,81.0,2001-06-29T07:00,18.3,85,15.7,18.3,0.0,0.0,0.0,0.0,0,1020.2,1010.6,1,1,0,0,0.08,0.32,13.4,19.6,352,353,27.0,19.2,23.4,22.4,18.3,0.051,0.082,0.127,0.233,1,3600.0,135.0,71.0,64.0,317.0,135.0,296.4,191.5,100.7,90.8,317.0,191.5,420.4
38.69947,-8.46048,81.0,2001-06-29T08:00,20.5,73,15.5,20.5,0.0,0.0,0.0,0.0,0,1020.4,1010.8,0,0,0,0,0.2,0.65,13.1,18.1,352,353,29.2,21.7,23.3,22.4,18.3,0.051,0.082,0.127,0.233,1,3600.0,338.0,248.0,90.0,605.3,338.0,542.2,412.4,302.6,109.8,605.3,412.4,661.6
38.69947,-8.46048,81.0,2001-06-29T09:00,23.3,61,15.2,23.1,0.0,0.0,0.0,0.0,0,1020.5,1011.0,0,0,0,0,0.35,1.13,13.2,17.5,349,351,30.2,24.9,23.4,22.4,18.3,0.051,0.082,0.127,0.233,1,3600.0,543.0,446.0,97.0,763.2,543.0,773.3,617.9,507.5,110.4,763.2,617.9,879.9
38.69947,-8.46048,81.0,2001-06-29T10:00,25.9,50,14.7,26.4,0.0,0.0,0.0,0.0,0,1020.2,1010.8,0,0,0,0,0.5,1.67,13.6,17.9,348,350,32.0,28.2,23.5,22.4,18.3,0.051,0.082,0.127,0.233,1,3600.0,714.0,607.0,107.0,824.8,714.0,973.9,777.5,661.0,116.5,824.8,777.5,1060.5
38.69947,-8.46048,81.0,2001-06-29T11:00,28.4,41,14.0,29.3,0.0,0.0,0.0,0.0,0,1019.8,1010.5,0,0,0,0,0.63,2.27,13.6,17.6,348,349,33.5,31.3,23.7,22.4,18.3,0.051,0.082,0.127,0.233,1,3600.0,853.0,740.0,113.0,866.3,853.0,1130.4,898.8,779.7,119.1,866.3,898.8,1191.1
38.69947,-8.46048,81.0,2001-06-29T12:00,30.4,35,13.0,31.6,0.0,0.0,0.0,0.0,0,1019.6,1010.4,0,0,0,0,0.73,2.83,12.7,15.9,345,347,33.1,34.0,24.0,22.4,18.3,0.051,0.082,0.127,0.233,1,3600.0,942.0,825.0,117.0,886.1,942.0,1232.0,965.4,845.5,119.9,886.1,965.4,1262.7
38.69947,-8.46048,81.0,2001-06-29T13:00,31.8,31,12.4,33.1,0.0,0.0,0.0,0.0,0,1018.8,1009.6,0,0,0,0,0.77,3.26,12.4,15.3,338,341,32.4,36.1,24.4,22.4,18.3,0.051,0.082,0.127,0.232,1,3600.0,977.0,858.0,119.0,892.6,977.0,1272.0,975.9,857.0,118.9,892.6,975.9,1270.5
38.69947,-8.46048,81.0,2001-06-29T14:00,32.7,28,12.1,33.7,0.0,0.0,0.0,0.0,0,1018.5,1009.3,0,0,0,0,0.78,3.54,12.9,16.3,330,332,32.4,37.6,24.8,22.4,18.3,0.051,0.082,0.127,0.232,1,3600.0,953.0,832.0,121.0,882.6,953.0,1247.5,927.4,809.6,117.7,882.6,927.4,1214.0
38.69947,-8.46048,81.0,2001-06-29T15:00,33.1,28,12.0,33.4,0.0,0.0,0.0,0.0,0,1018.2,1009.0,1,0,0,3,0.74,3.66,14.6,18.3,327,328,34.2,38.1,25.2,22.4,18.3,0.051,0.081,0.127,0.232,1,3600.0,876.0,758.0,118.0,864.6,876.0,1160.2,828.2,716.6,111.6,864.6,828.2,1096.9
38.69947,-8.46048,81.0,2001-06-29T16:00,32.9,29,12.5,32.2,0.0,0.0,0.0,0.0,0,1017.9,1008.7,5,0,0,18,0.66,3.55,16.6,21.2,326,328,36.7,37.6,25.5,22.4,18.3,0.051,0.081,0.127,0.232,1,3600.0,749.0,639.0,110.0,832.2,749.0,1016.1,683.6,583.2,100.4,832.2,683.6,927.3
38.69947,-8.46048,81.0,2001-06-29T17:00,31.9,32,13.2,30.2,0.0,0.0,0.0,0.0,0,1018.0,1008.8,11,0,0,37,0.56,3.21,19.6,26.0,328,329,40.7,36.2,25.8,22.4,18.3,0.051,0.081,0.126,0.232,1,3600.0,582.0,482.0,100.0,773.2,582.0,824.9,505.7,418.8,86.9,773.2,505.7,716.8
38.69947,-8.46048,81.0,2001-06-29T18:00,30.1,37,13.9,28.1,0.0,0.0,0.0,0.0,0,1018.1,1008.9,18,0,0,60,0.43,2.68,22.2,30.9,331,332,44.3,33.9,26.0,22.4,18.3,0.05,0.081,0.126,0.232,1,3600.0,394.0,309.0,85.0,681.8,394.0,599.7,315.1,247.1,68.0,681.8,315.1,479.6
38.69947,-8.46048,81.0,2001-06-29T19:00,27.6,45,14.5,25.9,0.0,0.0,0.0,0.0,0,1018.4,1009.1,10,0,0,34,0.27,2.04,21.6,31.3,334,336,44.6,31.1,26.1,22.4,18.3,0.05,0.081,0.126,0.232,1,3600.0,201.0,135.0,66.0,502.0,201.0,355.9,131.0,88.0,43.0,502.0,131.0,231.9
38.69947,-8.46048,81.0,2001-06-29T20:00,24.9,53,14.6,23.5,0.0,0.0,0.0,0.0,0,1019.0,1009.6,7,0,0,24,0.15,1.48,20.0,31.4,337,338,41.8,28.2,26.1,22.4,18.3,0.05,0.081,0.126,0.232,1,1996.89,47.0,23.0,24.0,185.9,47.0,110.0,0.0,0.0,0.0,0.0,0.0,0.0
38.69947,-8.46048,81.0,2001-06-29T21:00,22.6,61,14.7,21.3,0.0,0.0,0.0,0.0,0,1019.7,1010.2,8,0,0,27,0.1,1.07,19.7,31.5,342,344,38.5,25.7,26.1,22.4,18.3,0.05,0.081,0.126,0.232,0,0.0,0.0,0.0,0.0,0.0,0.0,0.0,0.0,0.0,0.0,0.0,0.0,0.0
38.69947,-8.46048,81.0,2001-06-29T22:00,21.0,67,14.7,19.9,0.0,0.0,0.0,0.0,1,1020.1,1010.6,25,0,0,82,0.07,0.82,18.6,31.0,345,347,37.4,23.9,25.9,22.4,18.3,0.05,0.081,0.126,0.232,0,0.0,0.0,0.0,0.0,0.0,0.0,0.0,0.0,0.0,0.0,0.0,0.0,0.0
38.69947,-8.46048,81.0,2001-06-29T23:00,19.9,72,14.6,18.9,0.0,0.0,0.0,0.0,0,1020.3,1010.7,14,0,0,48,0.05,0.66,17.4,29.7,347,349,35.6,22.5,25.8,22.4,18.3,0.05,0.081,0.126,0.232,0,0.0,0.0,0.0,0.0,0.0,0.0,0.0,0.0,0.0,0.0,0.0,0.0,0.0
38.69947,-8.46048,81.0,2001-06-30T00:00,19.0,75,14.4,18.2,0.0,0.0,0.0,0.0,0,1020.0,1010.4,8,0,0,28,0.04,0.56,15.8,28.5,348,351,32.4,21.4,25.6,22.4,18.3,0.05,0.081,0.126,0.232,0,0.0,0.0,0.0,0.0,0.0,0.0,0.0,0.0,0.0,0.0,0.0,0.0,0.0
38.69947,-8.46048,81.0,2001-06-30T01:00,18.4,77,14.2,17.7,0.0,0.0,0.0,0.0,0,1019.7,1010.1,5,0,0,18,0.03,0.49,14.2,26.9,351,352,29.5,20.6,25.4,22.5,18.3,0.05,0.081,0.126,0.232,0,0.0,0.0,0.0,0.0,0.0,0.0,0.0,0.0,0.0,0.0,0.0,0.0,0.0
38.69947,-8.46048,81.0,2001-06-30T02:00,17.9,79,14.2,17.3,0.0,0.0,0.0,0.0,0,1019.6,1010.0,0,0,0,0,0.02,0.43,13.0,25.3,354,355,25.9,19.8,25.2,22.5,18.3,0.05,0.081,0.126,0.232,0,0.0,0.0,0.0,0.0,0.0,0.0,0.0,0.0,0.0,0.0,0.0,0.0,0.0
38.69947,-8.46048,81.0,2001-06-30T03:00,17.4,82,14.3,17.0,0.0,0.0,0.0,0.0,0,1019.4,1009.7,0,0,0,0,0.02,0.36,12.7,24.5,353,356,23.4,19.2,25.0,22.5,18.3,0.05,0.081,0.126,0.232,0,0.0,0.0,0.0,0.0,0.0,0.0,0.0,0.0,0.0,0.0,0.0,0.0,0.0
38.69947,-8.46048,81.0,2001-06-30T04:00,17.0,85,14.5,16.7,0.0,0.0,0.0,0.0,0,1019.6,1009.9,0,0,0,0,0.01,0.29,12.3,24.1,355,357,22.3,18.7,24.7,22.5,18.3,0.05,0.081,0.126,0.232,0,0.0,0.0,0.0,0.0,0.0,0.0,0.0,0.0,0.0,0.0,0.0,0.0,0.0
38.69947,-8.46048,81.0,2001-06-30T05:00,16.7,88,14.7,16.5,0.0,0.0,0.0,0.0,0,1019.3,1009.6,0,0,0,0,0.0,0.23,11.9,23.8,358,359,21.6,18.3,24.5,22.5,18.3,0.05,0.081,0.126,0.232,0,0.0,0.0,0.0,0.0,0.0,0.0,0.0,0.0,0.0,0.0,0.0,0.0,0.0
38.69947,-8.46048,81.0,2001-06-30T06:00,16.8,89,14.9,16.6,0.0,0.0,0.0,0.0,0,1019.8,1010.1,0,0,0,0,0.02,0.22,12.2,23.0,360,1,20.2,18.2,24.3,22.5,18.3,0.05,0.081,0.126,0.232,1,361.36,23.0,10.0,13.0,99.1,23.0,75.0,52.5,22.8,29.6,176.3,29.5,171.1
38.69947,-8.46048,81.0,2001-06-30T07:00,18.9,79,15.1,18.8,0.0,0.0,0.0,0.0,0,1019.8,1010.2,0,0,0,0,0.1,0.47,12.6,20.2,360,1,24.8,19.7,24.1,22.5,18.3,0.05,0.081,0.126,0.232,1,3600.0,157.0,103.0,54.0,462.4,157.0,294.8,223.1,146.3,76.7,462.4,223.1,418.8
38.69947,-8.46048,81.0,2001-06-30T08:00,21.8,67,15.4,21.6,0.0,0.0,0.0,0.0,0,1020.1,1010.6,0,0,0,0,0.22,0.86,13.3,18.7,360,1,29.2,22.6,24.0,22.5,18.3,0.05,0.081,0.126,0.232,1,3600.0,344.0,263.0,81.0,643.7,344.0,540.7,420.0,321.1,98.9,643.7,420.0,660.1
38.69947,-8.46048,81.0,2001-06-30T09:00,24.9,56,15.6,24.9,0.0,0.0,0.0,0.0,0,1020.1,1010.7,0,0,0,0,0.37,1.38,13.3,17.6,358,360,30.2,25.9,24.1,22.5,18.3,0.05,0.081,0.126,0.232,1,3600.0,535.0,438.0,97.0,750.9,535.0,771.9,609.0,498.6,110.4,750.9,609.0,878.6
38.69947,-8.46048,81.0,2001-06-30T10:00,28.0,47,15.7,29.1,0.0,0.0,0.0,0.0,0,1019.8,1010.5,0,0,0,0,0.52,2.0,11.9,15.5,358,1,31.0,29.5,24.2,22.4,18.4,0.05,0.081,0.126,0.232,1,3600.0,708.0,599.0,109.0,814.9,708.0,972.7,771.1,652.4,118.7,814.9,771.1,1059.4
38.69947,-8.46048,81.0,2001-06-30T11:00,30.8,40,15.5,32.7,0.0,0.0,0.0,0.0,0,1019.3,1010.1,0,0,0,0,0.65,2.69,11.2,14.1,354,357,31.3,33.0,24.5,22.4,18.4,0.05,0.081,0.126,0.232,1,3600.0,844.0,727.0,117.0,851.8,844.0,1129.4,889.5,766.2,123.3,851.8,889.5,1190.2
38.69947,-8.46048,81.0,2001-06-30T12:00,33.1,33,14.8,35.3,0.0,0.0,0.0,0.0,0,1019.0,1009.8,0,0,0,0,0.75,3.38,10.7,13.5,348,351,31.3,36.0,24.8,22.5,18.4,0.05,0.081,0.126,0.232,1,3600.0,934.0,812.0,122.0,872.6,934.0,1231.3,957.3,832.3,125.0,872.6,957.3,1262.1
38.69947,-8.46048,81.0,2001-06-30T13:00,34.9,28,13.7,36.8,0.0,0.0,0.0,0.0,0,1018.5,1009.4,0,0,0,0,0.81,4.01,11.3,14.1,343,345,31.0,38.4,25.2,22.5,18.4,0.05,0.081,0.126,0.232,1,3600.0,969.0,846.0,123.0,880.4,969.0,1271.5,967.9,845.1,122.9,880.4,967.9,1270.1
38.69947,-8.46048,81.0,2001-06-30T14:00,36.0,25,12.9,37.3,0.0,0.0,0.0,0.0,0,1017.8,1008.7,0,0,0,0,0.82,4.46,12.8,15.7,338,340,32.0,40.0,25.6,22.5,18.4,0.05,0.08,0.126,0.232,1,3600.0,947.0,826.0,121.0,876.3,947.0,1247.2,921.6,803.9,117.8,876.3,921.6,1213.8
38.69947,-8.46048,81.0,2001-06-30T15:00,36.6,24,12.8,37.0,0.0,0.0,0.0,0.0,0,1017.2,1008.2,0,0,0,0,0.79,4.65,14.8,18.4,334,337,34.2,40.7,26.0,22.5,18.4,0.05,0.08,0.126,0.232,1,3600.0,869.0,752.0,117.0,857.7,869.0,1160.1,821.6,711.0,110.6,857.7,821.6,1096.9
38.69947,-8.46048,81.0,2001-06-30T16:00,36.4,25,13.0,35.7,0.0,0.0,0.0,0.0,0,1017.0,1008.0,0,0,0,0,0.72,4.58,17.9,23.2,332,334,37.8,40.3,26.4,22.5,18.4,0.05,0.08,0.126,0.232,1,3600.0,742.0,633.0,109.0,824.3,742.0,1016.1,677.2,577.7,99.5,824.3,677.2,927.4
38.69947,-8.46048,81.0,2001-06-30T17:00,35.3,27,13.6,33.3,0.0,0.0,0.0,0.0,0,1016.7,1007.6,0,0,0,0,0.61,4.16,21.6,29.3,330,332,42.8,38.7,26.7,22.5,18.4,0.05,0.08,0.126,0.232,1,3600.0,540.0,434.0,106.0,696.1,540.0,825.0,469.2,377.1,92.1,696.1,469.2,716.9
38.69947,-8.46048,81.0,2001-06-30T18:00,33.4,31,14.2,31.5,0.0,0.0,0.0,0.0,0,1017.0,1007.9,0,0,0,0,0.48,3.53,22.4,31.4,330,332,45.4,36.5,27.0,22.5,18.4,0.05,0.08,0.126,0.232,1,3600.0,389.0,306.0,83.0,675.1,389.0,599.8,311.0,244.7,66.4,675.1,311.0,479.6
38.69947,-8.46048,81.0,2001-06-30T19:00,30.9,38,15.1,29.8,0.0,0.0,0.0,0.0,0,1017.1,1007.9,0,0,0,0,0.3,2.75,19.2,28.5,332,334,43.9,33.7,27.1,22.5,18.4,0.05,0.08,0.126,0.232,1,3600.0,199.0,139.0,60.0,516.8,199.0,355.9,129.6,90.5,39.1,516.8,129.6,231.8
38.69947,-8.46048,81.0,2001-06-30T20:00,28.7,43,15.1,28.0,0.0,0.0,0.0,0.0,0,1017.3,1008.0,0,0,0,0,0.17,2.23,16.6,26.8,333,336,37.1,31.0,27.2,22.5,18.4,0.05,0.08,0.126,0.232,1,1995.15,46.0,25.0,21.0,202.1,46.0,109.9,0.0,0.0,0.0,0.0,0.0,0.0
38.69947,-8.46048,81.0,2001-06-30T21:00,26.8,48,15.0,26.3,0.0,0.0,0.0,0.0,0,1017.7,1008.4,0,0,0,0,0.12,1.82,14.7,25.7,338,342,31.0,28.7,27.2,22.5,18.4,0.05,0.08,0.126,0.232,0,0.0,0.0,0.0,0.0,0.0,0.0,0.0,0.0,0.0,0.0,0.0,0.0,0.0
38.69947,-8.46048,81.0,2001-06-30T22:00,25.3,53,15.1,25.2,0.0,0.0,0.0,0.0,0,1018.2,1008.8,0,0,0,0,0.09,1.52,12.5,23.2,342,347,27.0,27.0,27.1,22.5,18.4,0.05,0.08,0.126,0.232,0,0.0,0.0,0.0,0.0,0.0,0.0,0.0,0.0,0.0,0.0,0.0,0.0,0.0
38.69947,-8.46048,81.0,2001-06-30T23:00,24.1,58,15.2,24.2,0.0,0.0,0.0,0.0,0,1018.1,1008.7,0,0,0,0,0.06,1.27,10.9,21.6,343,349,23.8,25.7,27.0,22.5,18.4,0.05,0.08,0.126,0.232,0,0.0,0.0,0.0,0.0,0.0,0.0,0.0,0.0,0.0,0.0,0.0,0.0,0.0
38.69947,-8.46048,81.0,2001-07-01T00:00,23.1,61,15.3,23.6,0.0,0.0,0.0,0.0,0,1018.2,1008.7,0,0,0,0,0.04,1.09,9.0,19.3,344,351,20.5,24.5,26.8,22.6,18.4,0.05,0.08,0.126,0.232,0,0.0,0.0,0.0,0.0,0.0,0.0,0.0,0.0,0.0,0.0,0.0,0.0,0.0
38.69947,-8.46048,81.0,2001-07-01T01:00,22.3,65,15.3,23.0,0.0,0.0,0.0,0.0,0,1017.8,1008.3,0,0,0,0,0.03,0.95,7.2,17.5,342,352,17.6,23.6,26.7,22.6,18.4,0.05,0.08,0.126,0.232,0,0.0,0.0,0.0,0.0,0.0,0.0,0.0,0.0,0.0,0.0,0.0,0.0,0.0
38.69947,-8.46048,81.0,2001-07-01T02:00,21.6,68,15.4,22.5,0.0,0.0,0.0,0.0,0,1017.4,1007.9,0,0,0,0,0.02,0.83,6.2,16.8,339,350,15.1,22.8,26.5,22.6,18.4,0.05,0.08,0.126,0.232,0,0.0,0.0,0.0,0.0,0.0,0.0,0.0,0.0,0.0,0.0,0.0,0.0,0.0
38.69947,-8.46048,81.0,2001-07-01T03:00,20.9,71,15.4,21.9,0.0,0.0,0.0,0.0,0,1017.3,1007.8,0,0,0,0,0.01,0.72,5.5,12.3,337,353,12.2,22.0,26.3,22.6,18.4,0.05,0.08,0.126,0.232,0,0.0,0.0,0.0,0.0,0.0,0.0,0.0,0.0,0.0,0.0,0.0,0.0,0.0
38.69947,-8.46048,81.0,2001-07-01T04:00,20.1,75,15.6,21.5,0.0,0.0,0.0,0.0,0,1017.5,1008.0,0,0,0,0,0.0,0.58,3.2,1.4,180,90,9.4,21.0,26.1,22.6,18.4,0.05,0.08,0.126,0.232,0,0.0,0.0,0.0,0.0,0.0,0.0,0.0,0.0,0.0,0.0,0.0,0.0,0.0
38.69947,-8.46048,81.0,2001-07-01T05:00,19.5,78,15.6,20.6,0.0,0.0,0.0,0.0,0,1017.7,1008.1,0,0,0,0,0.0,0.5,5.8,9.4,184,173,7.2,20.1,25.9,22.6,18.4,0.05,0.08,0.126,0.232,0,0.0,0.0,0.0,0.0,0.0,0.0,0.0,0.0,0.0,0.0,0.0,0.0,0.0
38.69947,-8.46048,81.0,2001-07-01T06:00,19.1,81,15.7,20.2,0.0,0.0,0.0,0.0,0,1017.9,1008.3,0,0,0,0,0.02,0.43,5.3,9.6,208,200,9.0,19.9,25.6,22.6,18.4,0.05,0.08,0.126,0.232,1,358.55,22.0,10.0,12.0,99.8,22.0,74.2,50.2,22.8,27.4,178.4,28.1,169.3
38.69947,-8.46048,81.0,2001-07-01T07:00,21.9,66,15.3,23.2,0.0,0.0,0.0,0.0,0,1018.1,1008.6,0,0,0,0,0.09,0.9,3.3,8.5,221,216,11.2,22.1,25.5,22.6,18.4,0.05,0.08,0.126,0.232,1,3600.0,154.0,102.0,52.0,460.6,154.0,293.0,219.2,145.2,74.0,460.6,219.2,417.1
38.69947,-8.46048,81.0,2001-07-01T08:00,25.1,54,15.1,26.2,0.0,0.0,0.0,0.0,0,1018.3,1008.9,0,0,0,0,0.22,1.47,3.7,5.3,209,208,13.7,26.1,25.4,22.6,18.4,0.05,0.08,0.126,0.232,1,3600.0,339.0,261.0,78.0,640.7,339.0,539.0,414.2,318.9,95.3,640.7,414.2,658.6
38.69947,-8.46048,81.0,2001-07-01T09:00,28.2,43,14.6,28.8,0.0,0.0,0.0,0.0,0,1018.5,1009.2,0,0,0,0,0.39,2.17,6.1,8.4,208,205,18.4,29.7,25.5,22.6,18.4,0.05,0.08,0.126,0.232,1,3600.0,529.0,434.0,95.0,745.4,529.0,770.5,602.4,494.2,108.2,745.4,602.4,877.3
38.69947,-8.46048,81.0,2001-07-01T10:00,31.1,32,12.5,31.8,0.0,0.0,0.0,0.0,0,1018.4,1009.2,0,0,0,0,0.54,3.06,6.7,8.6,216,213,24.8,33.1,25.7,22.6,18.4,0.05,0.08,0.125,0.232,1,3600.0,702.0,595.0,107.0,810.4,702.0,971.5,764.8,648.2,116.6,810.4,764.8,1058.3
38.69947,-8.46048,81.0,2001-07-01T11:00,33.3,25,10.6,34.1,0.0,0.0,0.0,0.0,0,1018.1,1009.0,0,0,0,0,0.67,3.83,7.4,9.3,219,216,28.4,36.0,26.0,22.6,18.4,0.05,0.08,0.125,0.232,1,3600.0,840.0,726.0,114.0,851.3,840.0,1128.4,885.4,765.2,120.2,851.3,885.4,1189.4
38.69947,-8.46048,81.0,2001-07-01T12:00,34.9,22,9.7,36.0,0.0,0.0,0.0,0.0,0,1018.2,1009.1,0,0,0,0,0.75,4.38,7.4,9.0,219,217,29.2,38.5,26.3,22.6,18.4,0.05,0.08,0.125,0.232,1,3600.0,933.0,814.0,119.0,875.2,933.0,1230.6,956.4,834.4,122.0,875.2,956.4,1261.5
38.69947,-8.46048,81.0,2001-07-01T13:00,36.0,20,9.5,37.4,0.0,0.0,0.0,0.0,0,1017.6,1008.5,0,0,0,0,0.79,4.76,7.1,8.4,229,223,28.8,40.6,26.7,22.6,18.4,0.05,0.08,0.125,0.231,1,3600.0,971.0,850.0,121.0,884.9,971.0,1271.0,970.0,849.1,120.9,884.9,970.0,1269.8
38.69947,-8.46048,81.0,2001-07-01T14:00,36.8,19,9.2,38.1,0.0,0.0,0.0,0.0,0,1017.1,1008.1,0,0,0,0,0.78,5.05,6.9,8.1,242,238,27.4,42.0,27.1,22.6,18.4,0.05,0.079,0.125,0.231,1,3600.0,952.0,832.0,120.0,882.9,952.0,1246.9,926.5,809.7,116.8,882.9,926.5,1213.6
38.69947,-8.46048,81.0,2001-07-01T15:00,37.4,18,8.9,37.8,0.0,0.0,0.0,0.0,0,1016.8,1007.8,0,0,0,0,0.74,5.26,8.2,9.3,255,254,26.6,42.6,27.5,22.7,18.5,0.05,0.079,0.125,0.231,1,3600.0,876.0,759.0,117.0,865.8,876.0,1160.0,828.3,717.7,110.6,865.8,828.3,1096.8
38.69947,-8.46048,81.0,2001-07-01T16:00,37.5,18,8.9,36.8,0.0,0.0,0.0,0.0,0,1016.5,1007.5,0,0,0,0,0.67,5.32,10.4,12.6,268,268,27.7,42.3,27.9,22.7,18.5,0.05,0.079,0.125,0.231,1,3600.0,749.0,640.0,109.0,833.4,749.0,1016.1,683.6,584.2,99.5,833.4,683.6,927.4
38.69947,-8.46048,81.0,2001-07-01T17:00,37.1,19,9.3,35.0,0.0,0.0,0.0,0.0,0,1016.3,1007.3,0,0,0,0,0.59,5.12,13.8,17.8,276,277,30.6,41.0,28.3,22.7,18.5,0.05,0.079,0.125,0.231,1,3600.0,582.0,483.0,99.0,774.6,582.0,825.0,505.7,419.7,86.0,774.6,505.7,716.9
38.69947,-8.46048,81.0,2001-07-01T18:00,35.9,22,10.6,33.5,0.0,0.0,0.0,0.0,0,1016.6,1007.5,0,0,0,0,0.49,4.62,17.6,23.7,281,283,35.3,38.9,28.5,22.7,18.5,0.05,0.079,0.125,0.231,1,3600.0,397.0,316.0,81.0,697.1,397.0,599.8,317.4,252.7,64.8,697.1,317.4,479.6
38.69947,-8.46048,81.0,2001-07-01T19:00,32.2,34,14.3,31.1,0.0,0.0,0.0,0.0,0,1017.1,1007.9,0,0,0,0,0.31,3.17,17.0,24.4,283,286,37.8,35.6,28.6,22.7,18.5,0.05,0.079,0.125,0.231,1,3600.0,205.0,145.0,60.0,539.2,205.0,355.8,133.5,94.4,39.1,539.2,133.5,231.7
38.69947,-8.46048,81.0,2001-07-01T20:00,29.5,43,15.6,29.5,0.0,0.0,0.0,0.0,0,1017.7,1008.4,0,0,0,0,0.15,2.36,12.9,20.9,283,289,33.8,32.4,28.7,22.7,18.5,0.05,0.079,0.125,0.231,1,1991.77,47.0,26.0,21.0,210.2,47.0,109.6,0.0,0.0,0.0,0.0,0.0,0.0
38.69947,-8.46048,81.0,2001-07-01T21:00,27.4,50,16.1,28.0,0.0,0.0,0.0,0.0,0,1018.5,1009.2,0,0,0,0,0.08,1.82,10.6,17.7,288,294,24.1,29.8,28.6,22.8,18.5,0.05,0.079,0.125,0.231,0,0.0,0.0,0.0,0.0,0.0,0.0,0.0,0.0,0.0,0.0,0.0,0.0,0.0
38.69947,-8.46048,81.0,2001-07-01T22:00,25.8,56,16.3,26.7,0.0,0.0,0.0,0.0,0,1019.6,1010.2,0,0,0,0,0.05,1.46,8.4,14.6,301,310,20.5,27.9,28.5,22.8,18.5,0.05,0.079,0.125,0.231,0,0.0,0.0,0.0,0.0,0.0,0.0,0.0,0.0,0.0,0.0,0.0,0.0,0.0
38.69947,-8.46048,81.0,2001-07-01T23:00,24.5,61,16.4,25.7,0.0,0.0,0.0,0.0,0,1019.9,1010.5,0,0,0,0,0.03,1.21,6.8,12.8,295,310,13.3,26.3,28.4,22.8,18.5,0.05,0.079,0.125,0.231,0,0.0,0.0,0.0,0.0,0.0,0.0,0.0,0.0,0.0,0.0,0.0,0.0,0.0
38.69947,-8.46048,81.0,2001-07-02T00:00,23.2,66,16.4,24.5,0.0,0.0,0.0,0.0,0,1019.7,1010.2,2,2,0,0,0.02,0.98,6.5,11.9,273,295,10.8,25.0,28.2,22.8,18.5,0.05,0.079,0.125,0.231,0,0.0,0.0,0.0,0.0,0.0,0.0,0.0,0.0,0.0,0.0,0.0,0.0,0.0
38.69947,-8.46048,81.0,2001-07-02T01:00,22.1,70,16.5,23.2,0.0,0.0,0.0,0.0,0,1019.6,1010.1,3,3,0,0,0.02,0.79,7.8,13.4,257,275,10.8,23.8,28.0,22.8,18.5,0.05,0.079,0.125,0.231,0,0.0,0.0,0.0,0.0,0.0,0.0,0.0,0.0,0.0,0.0,0.0,0.0,0.0
38.69947,-8.46048,81.0,2001-07-02T02:00,21.1,75,16.6,22.1,0.0,0.0,0.0,0.0,0,1019.4,1009.9,4,5,0,0,0.02,0.61,8.3,15.2,252,266,11.5,22.8,27.7,22.8,18.5,0.05,0.079,0.125,0.231,0,0.0,0.0,0.0,0.0,0.0,0.0,0.0,0.0,0.0,0.0,0.0,0.0,0.0
38.69947,-8.46048,81.0,2001-07-02T03:00,20.2,80,16.7,21.4,0.0,0.0,0.0,0.0,0,1019.6,1010.0,9,10,0,0,0.01,0.47,8.1,15.1,257,267,11.9,22.0,27.5,22.8,18.5,0.05,0.079,0.125,0.231,0,0.0,0.0,0.0,0.0,0.0,0.0,0.0,0.0,0.0,0.0,0.0,0.0,0.0
38.69947,-8.46048,81.0,2001-07-02T04:00,19.5,85,16.9,20.9,0.0,0.0,0.0,0.0,0,1019.9,1010.3,11,12,0,0,0.0,0.35,6.8,13.1,267,278,11.9,21.2,27.2,22.8,18.5,0.05,0.079,0.125,0.231,0,0.0,0.0,0.0,0.0,0.0,0.0,0.0,0.0,0.0,0.0,0.0,0.0,0.0
38.69947,-8.46048,81.0,2001-07-02T05:00,19.0,88,16.9,20.4,0.0,0.0,0.0,0.0,0,1020.0,1010.4,19,21,0,0,0.0,0.27,6.6,12.4,283,292,10.4,20.5,27.0,22.8,18.5,0.05,0.079,0.125,0.231,0,0.0,0.0,0.0,0.0,0.0,0.0,0.0,0.0,0.0,0.0,0.0,0.0,0.0
38.69947,-8.46048,81.0,2001-07-02T06:00,18.7,90,17.0,20.0,0.0,0.0,0.0,0.0,1,1020.5,1010.9,27,30,0,0,0.02,0.22,8.0,13.2,297,305,10.1,20.2,26.7,22.9,18.5,0.05,0.079,0.125,0.231,1,267.14,21.0,9.0,12.0,90.4,21.0,73.2,48.0,20.6,27.4,162.6,26.7,167.5
38.69947,-8.46048,81.0,2001-07-02T07:00,19.5,85,16.9,20.5,0.0,0.0,0.0,0.0,0,1020.7,1011.1,7,8,0,0,0.07,0.34,9.2,12.5,315,319,19.4,21.9,26.5,22.9,18.5,0.05,0.079,0.125,0.231,1,3600.0,115.0,50.0,65.0,227.2,115.0,291.2,164.0,71.3,92.7,227.2,164.0,415.4
38.69947,-8.46048,81.0,2001-07-02T08:00,21.3,75,16.6,22.3,0.0,0.0,0.0,0.0,0,1020.9,1011.4,2,2,0,0,0.18,0.64,8.9,11.5,320,321,22.0,23.9,26.4,22.9,18.5,0.05,0.079,0.125,0.231,1,3600.0,295.0,193.0,102.0,475.2,295.0,537.4,360.7,236.0,124.7,475.2,360.7,657.0
38.69947,-8.46048,81.0,2001-07-02T09:00,23.9,63,16.3,24.8,0.0,0.0,0.0,0.0,0,1020.8,1011.3,1,1,0,0,0.34,1.1,8.7,10.7,315,318,23.4,27.0,26.3,22.9,18.5,0.05,0.079,0.125,0.231,1,3600.0,509.0,393.0,116.0,676.2,509.0,769.0,579.8,447.7,132.1,676.2,579.8,875.9
38.69947,-8.46048,81.0,2001-07-02T10:00,26.5,53,16.0,28.0,0.0,0.0,0.0,0.0,0,1021.1,1011.7,0,0,0,0,0.49,1.65,9.7,12.5,309,311,25.6,30.4,26.4,22.9,18.5,0.05,0.079,0.125,0.231,1,3600.0,698.0,590.0,108.0,804.6,698.0,970.2,760.6,642.9,117.7,804.6,760.6,1057.2
38.69947,-8.46048,81.0,2001-07-02T11:00,29.0,45,15.7,30.9,0.0,0.0,0.0,0.0,0,1020.7,1011.4,0,0,0,0,0.62,2.22,11.3,14.3,307,309,27.7,33.5,26.6,22.9,18.5,0.05,0.079,0.125,0.231,1,3600.0,835.0,720.0,115.0,845.0,835.0,1127.4,880.2,759.0,121.2,845.0,880.2,1188.5
38.69947,-8.46048,81.0,2001-07-02T12:00,31.1,38,15.2,33.0,0.0,0.0,0.0,0.0,0,1020.5,1011.3,0,0,0,0,0.72,2.78,12.9,16.4,306,308,30.6,36.1,26.8,22.9,18.5,0.05,0.079,0.124,0.231,1,3600.0,925.0,803.0,122.0,863.9,925.0,1229.8,948.3,823.2,125.1,863.9,948.3,1260.9
38.69947,-8.46048,81.0,2001-07-02T13:00,32.6,34,14.7,34.1,0.0,0.0,0.0,0.0,0,1020.0,1010.8,0,0,0,0,0.78,3.25,15.1,19.5,308,309,33.8,38.0,27.1,22.9,18.5,0.05,0.079,0.124,0.231,1,3600.0,960.0,834.0,126.0,868.6,960.0,1270.5,959.1,833.2,125.9,868.6,959.1,1269.3
38.69947,-8.46048,81.0,2001-07-02T14:00,33.5,31,14.2,34.4,0.0,0.0,0.0,0.0,0,1019.5,1010.3,0,0,0,0,0.8,3.56,17.1,22.4,311,312,37.8,39.1,27.4,22.9,18.5,0.05,0.078,0.124,0.231,1,3600.0,941.0,820.0,121.0,870.3,941.0,1246.6,915.9,798.1,117.8,870.3,915.9,1213.3
38.69947,-8.46048,81.0,2001-07-02T15:00,33.5,31,13.9,33.5,0.0,0.0,0.0,0.0,0,1019.4,1010.3,0,0,0,0,0.76,3.59,19.1,25.0,314,316,41.4,39.1,27.7,22.9,18.5,0.05,0.078,0.124,0.231,1,3600.0,865.0,745.0,120.0,849.9,865.0,1159.8,817.9,704.5,113.5,849.9,817.9,1096.7
38.69947,-8.46048,81.0,2001-07-02T16:00,32.8,31,13.5,31.9,0.0,0.0,0.0,0.0,0,1019.2,1010.0,0,0,0,0,0.67,3.42,19.9,26.5,316,318,43.6,38.2,28.0,22.9,18.5,0.05,0.078,0.124,0.231,1,3600.0,739.0,623.0,116.0,811.3,739.0,1016.0,674.5,568.7,105.9,811.3,674.5,927.4
38.69947,-8.46048,81.0,2001-07-02T17:00,31.3,33,13.1,29.3,0.0,0.0,0.0,0.0,0,1019.0,1009.8,0,0,0,0,0.55,3.05,20.9,28.0,316,318,45.0,36.5,28.1,22.9,18.5,0.05,0.078,0.124,0.231,1,3600.0,580.0,482.0,98.0,773.1,580.0,825.0,504.0,418.8,85.2,773.1,504.0,716.8
38.69947,-8.46048,81.0,2001-07-02T18:00,29.2,37,12.9,26.9,0.0,0.0,0.0,0.0,0,1019.2,1009.9,0,0,0,0,0.41,2.55,21.9,30.1,318,319,45.4,34.1,28.2,23.0,18.6,0.05,0.078,0.124,0.231,1,3600.0,390.0,303.0,87.0,668.5,390.0,599.7,311.8,242.2,69.6,668.5,311.8,479.5
38.69947,-8.46048,81.0,2001-07-02T19:00,26.0,45,13.2,23.9,0.0,0.0,0.0,0.0,0,1019.8,1010.4,0,0,0,0,0.26,1.85,21.6,30.6,327,328,44.3,31.0,28.3,23.0,18.6,0.05,0.078,0.124,0.231,1,3600.0,204.0,143.0,61.0,532.0,204.0,355.6,132.8,93.1,39.7,532.0,132.8,231.4
38.69947,-8.46048,81.0,2001-07-02T20:00,23.4,54,13.6,21.7,0.0,0.0,0.0,0.0,0,1020.5,1011.0,0,0,0,0,0.14,1.32,19.8,29.3,333,335,42.1,28.0,28.2,23.0,18.6,0.05,0.078,0.124,0.231,1,1986.73,47.0,25.0,22.0,202.3,47.0,109.3,0.0,0.0,0.0,0.0,0.0,0.0
38.69947,-8.46048,81.0,2001-07-02T21:00,21.5,62,14.0,20.3,0.0,0.0,0.0,0.0,0,1020.8,1011.3,0,0,0,0,0.08,0.97,17.2,26.6,331,333,36.7,25.6,28.0,23.0,18.6,0.05,0.078,0.124,0.231,0,0.0,0.0,0.0,0.0,0.0,0.0,0.0,0.0,0.0,0.0,0.0,0.0,0.0
38.69947,-8.46048,81.0,2001-07-02T22:00,20.3,69,14.4,19.7,0.0,0.0,0.0,0.0,0,1021.6,1012.0,0,0,0,0,0.05,0.74,13.8,22.6,332,335,32.0,23.9,27.8,23.0,18.6,0.05,0.078,0.124,0.231,0,0.0,0.0,0.0,0.0,0.0,0.0,0.0,0.0,0.0,0.0,0.0,0.0,0.0
38.69947,-8.46048,81.0,2001-07-02T23:00,19.3,74,14.5,18.8,0.0,0.0,0.0,0.0,0,1021.2,1011.6,0,0,0,0,0.04,0.59,13.6,22.7,328,333,28.1,22.6,27.6,23.0,18.6,0.05,0.078,0.124,0.231,0,0.0,0.0,0.0,0.0,0.0,0.0,0.0,0.0,0.0,0.0,0.0,0.0,0.0
38.69947,-8.46048,81.0,2001-07-03T00:00,18.6,78,14.6,18.1,0.0,0.0,0.0,0.0,0,1020.9,1011.3,0,0,0,0,0.03,0.47,13.4,23.3,324,328,27.4,21.6,27.3,23.0,18.6,0.05,0.078,0.124,0.231,0,0.0,0.0,0.0,0.0,0.0,0.0,0.0,0.0,0.0,0.0,0.0,0.0,0.0
38.69947,-8.46048,81.0,2001-07-03T01:00,18.0,81,14.8,17.6,0.0,0.0,0.0,0.0,0,1020.3,1010.7,3,3,0,0,0.02,0.39,14.0,24.7,325,329,27.4,20.8,27.1,23.0,18.6,0.05,0.078,0.124,0.231,0,0.0,0.0,0.0,0.0,0.0,0.0,0.0,0.0,0.0,0.0,0.0,0.0,0.0
38.69947,-8.46048,81.0,2001-07-03T02:00,17.6,84,14.9,16.9,0.0,0.0,0.0,0.0,0,1020.0,1010.3,9,10,0,0,0.02,0.32,15.9,27.2,332,334,27.7,20.1,26.8,23.0,18.6,0.05,0.078,0.124,0.231,0,0.0,0.0,0.0,0.0,0.0,0.0,0.0,0.0,0.0,0.0,0.0,0.0,0.0
38.69947,-8.46048,81.0,2001-07-03T03:00,17.3,86,15.0,16.5,0.0,0.0,0.0,0.0,0,1019.8,1010.1,17,19,0,0,0.02,0.27,17.1,29.2,335,338,29.2,19.7,26.6,23.0,18.6,0.05,0.078,0.124,0.231,0,0.0,0.0,0.0,0.0,0.0,0.0,0.0,0.0,0.0,0.0,0.0,0.0,0.0
38.69947,-8.46048,81.0,2001-07-03T04:00,17.2,87,15.1,16.3,0.0,0.0,0.0,0.0,0,1019.8,1010.1,17,19,0,0,0.01,0.25,17.6,29.7,337,339,29.9,19.4,26.3,23.1,18.6,0.05,0.078,0.124,0.231,0,0.0,0.0,0.0,0.0,0.0,0.0,0.0,0.0,0.0,0.0,0.0,0.0,0.0
38.69947,-8.46048,81.0,2001-07-03T05:00,17.0,88,15.0,16.1,0.0,0.0,0.0,0.0,0,1019.7,1010.0,17,19,0,0,0.01,0.23,17.4,29.5,338,340,30.6,19.1,26.0,23.1,18.6,0.05,0.078,0.124,0.231,0,0.0,0.0,0.0,0.0,0.0,0.0,0.0,0.0,0.0,0.0,0.0,0.0,0.0
38.69947,-8.46048,81.0,2001-07-03T06:00,17.1,87,14.9,16.4,0.0,0.0,0.0,0.0,0,1019.6,1009.9,9,10,0,0,0.03,0.26,16.3,29.5,338,340,31.0,19.0,25.8,23.1,18.6,0.05,0.078,0.124,0.231,1,92.58,20.0,7.0,13.0,70.8,20.0,72.3,45.8,16.0,29.8,128.1,25.3,165.5
38.69947,-8.46048,81.0,2001-07-03T07:00,18.2,80,14.6,16.9,0.0,0.0,0.0,0.0,0,1019.8,1010.2,4,5,0,0,0.09,0.42,19.5,28.6,341,341,37.4,20.0,25.5,23.1,18.6,0.05,0.078,0.124,0.231,1,3600.0,140.0,84.0,56.0,384.2,140.0,289.3,200.1,120.1,80.0,384.2,200.1,413.5
38.69947,-8.46048,81.0,2001-07-03T08:00,20.0,70,14.3,18.4,0.0,0.0,0.0,0.0,0,1019.9,1010.3,8,9,0,0,0.21,0.71,20.3,28.6,340,341,41.4,22.0,25.4,23.1,18.6,0.05,0.078,0.124,0.231,1,3600.0,326.0,241.0,85.0,595.3,326.0,535.6,398.9,294.9,104.0,595.3,398.9,655.4
38.69947,-8.46048,81.0,2001-07-03T09:00,21.9,60,13.8,20.1,0.0,0.0,0.0,0.0,0,1019.8,1010.3,3,3,0,0,0.34,1.06,20.6,28.5,341,342,43.6,24.4,25.3,23.1,18.6,0.05,0.078,0.124,0.231,1,3600.0,515.0,404.0,111.0,696.5,515.0,767.4,586.8,460.4,126.5,696.5,586.8,874.5
38.69947,-8.46048,81.0,2001-07-03T10:00,23.9,51,13.2,22.8,0.0,0.0,0.0,0.0,0,1019.4,1010.0,1,1,0,0,0.47,1.45,19.7,26.8,342,343,43.9,27.1,25.4,23.1,18.6,0.05,0.078,0.124,0.231,1,3600.0,700.0,579.0,121.0,790.6,700.0,968.9,762.9,631.0,131.9,790.6,762.9,1056.0
38.69947,-8.46048,81.0,2001-07-03T11:00,26.1,43,12.7,25.6,0.0,0.0,0.0,0.0,0,1018.7,1009.3,0,0,0,0,0.6,1.91,18.8,24.8,340,341,42.8,29.8,25.5,23.1,18.6,0.05,0.078,0.124,0.231,1,3600.0,846.0,731.0,115.0,858.7,846.0,1126.4,892.0,770.7,121.2,858.7,892.0,1187.6
38.69947,-8.46048,81.0,2001-07-03T12:00,27.9,38,12.2,27.7,0.0,0.0,0.0,0.0,0,1018.6,1009.3,0,0,0,0,0.7,2.33,19.2,25.1,334,336,42.8,32.2,25.6,23.1,18.6,0.05,0.078,0.124,0.231,1,3600.0,940.0,818.0,122.0,880.6,940.0,1229.0,963.8,838.7,125.1,880.6,963.8,1260.2
38.69947,-8.46048,81.0,2001-07-03T13:00,29.0,34,11.8,28.7,0.0,0.0,0.0,0.0,0,1017.6,1008.3,0,0,0,0,0.75,2.63,20.3,26.7,333,334,45.0,34.0,25.9,23.1,18.6,0.05,0.078,0.124,0.231,1,3600.0,979.0,859.0,120.0,895.0,979.0,1269.9,978.2,858.3,119.9,895.0,978.2,1268.9
38.69947,-8.46048,81.0,2001-07-03T14:00,29.7,32,11.4,28.9,0.0,0.0,0.0,0.0,0,1017.3,1008.1,0,0,0,0,0.76,2.82,21.7,29.1,331,333,46.8,35.0,26.1,23.1,18.6,0.05,0.078,0.124,0.23,1,3600.0,959.0,841.0,118.0,892.9,959.0,1246.2,933.5,818.6,114.9,892.9,933.5,1213.1
38.69947,-8.46048,81.0,2001-07-03T15:00,29.7,32,11.2,28.0,0.0,0.0,0.0,0.0,0,1017.0,1007.8,0,0,0,0,0.73,2.84,24.7,32.8,331,333,50.0,35.2,26.3,23.1,18.6,0.05,0.078,0.123,0.23,1,3600.0,882.0,765.0,117.0,872.9,882.0,1159.6,834.0,723.4,110.6,872.9,834.0,1096.5
38.69947,-8.46048,81.0,2001-07-03T16:00,28.8,34,11.2,26.3,0.0,0.0,0.0,0.0,0,1016.8,1007.5,0,0,0,0,0.64,2.62,25.8,34.9,333,335,52.2,34.4,26.5,23.1,18.6,0.05,0.077,0.123,0.23,1,3600.0,755.0,646.0,109.0,841.4,755.0,1015.9,689.1,589.7,99.5,841.4,689.1,927.3
38.69947,-8.46048,81.0,2001-07-03T17:00,27.5,37,11.4,24.3,0.0,0.0,0.0,0.0,0,1016.5,1007.2,0,0,0,0,0.52,2.32,26.1,35.8,336,336,52.2,32.8,26.7,23.1,18.6,0.05,0.077,0.123,0.23,1,3600.0,590.0,492.0,98.0,789.2,590.0,824.9,512.6,427.5,85.2,789.2,512.6,716.7
38.69947,-8.46048,81.0,2001-07-03T18:00,25.8,42,12.1,22.7,0.0,0.0,0.0,0.0,0,1016.8,1007.4,0,0,0,0,0.38,1.92,26.0,36.8,336,337,51.5,30.8,26.7,23.1,18.6,0.05,0.077,0.123,0.23,1,3600.0,399.0,315.0,84.0,695.1,399.0,599.6,318.9,251.8,67.1,695.1,318.9,479.3
38.69947,-8.46048,81.0,2001-07-03T19:00,23.4,52,12.9,20.8,0.0,0.0,0.0,0.0,0,1016.6,1007.2,0,0,0,0,0.23,1.39,24.0,34.4,336,337,51.1,28.2,26.7,23.1,18.6,0.05,0.077,0.123,0.23,1,3600.0,206.0,145.0,61.0,539.9,206.0,355.4,134.0,94.3,39.7,539.9,134.0,231.1
38.69947,-8.46048,81.0,2001-07-03T20:00,21.5,61,13.5,19.4,0.0,0.0,0.0,0.0,0,1016.8,1007.3,0,0,0,0,0.12,1.01,21.6,32.9,334,335,46.4,25.6,26.6,23.1,18.6,0.05,0.077,0.123,0.23,1,1979.99,47.0,26.0,21.0,210.6,47.0,108.9,0.0,0.0,0.0,0.0,0.0,0.0
38.69947,-8.46048,81.0,2001-07-03T21:00,19.8,69,14.1,18.0,0.0,0.0,0.0,0.0,0,1017.3,1007.7,3,2,0,3,0.07,0.71,21.6,33.4,336,338,41.4,23.5,26.5,23.1,18.6,0.05,0.077,0.123,0.23,0,0.0,0.0,0.0,0.0,0.0,0.0,0.0,0.0,0.0,0.0,0.0,0.0,0.0
38.69947,-8.46048,81.0,2001-07-03T22:00,18.8,76,14.4,17.4,0.0,0.0,0.0,0.0,0,1017.6,1008.0,8,9,0,0,0.05,0.52,19.5,31.3,335,337,40.0,22.1,26.3,23.1,18.7,0.05,0.077,0.123,0.23,0,0.0,0.0,0.0,0.0,0.0,0.0,0.0,0.0,0.0,0.0,0.0,0.0,0.0
38.69947,-8.46048,81.0,2001-07-03T23:00,18.0,81,14.6,16.6,0.0,0.0,0.0,0.0,1,1017.5,1007.9,24,26,0,1,0.04,0.4,20.0,32.2,337,338,39.2,21.0,26.1,23.1,18.7,0.05,0.077,0.123,0.23,0,0.0,0.0,0.0,0.0,0.0,0.0,0.0,0.0,0.0,0.0,0.0,0.0,0.0
38.69947,-8.46048,81.0,2001-07-04T00:00,17.3,84,14.6,16.0,0.0,0.0,0.0,0.0,2,1017.3,1007.7,63,70,0,1,0.02,0.32,19.3,31.2,336,338,38.2,20.1,25.9,23.1,18.7,0.05,0.077,0.123,0.23,0,0.0,0.0,0.0,0.0,0.0,0.0,0.0,0.0,0.0,0.0,0.0,0.0,0.0
38.69947,-8.46048,81.0,2001-07-04T01:00,16.8,85,14.3,15.3,0.0,0.0,0.0,0.0,2,1016.8,1007.1,66,71,0,6,0.02,0.28,20.0,31.1,334,336,34.9,19.4,25.7,23.1,18.7,0.05,0.077,0.123,0.23,0,0.0,0.0,0.0,0.0,0.0,0.0,0.0,0.0,0.0,0.0,0.0,0.0,0.0
38.69947,-8.46048,81.0,2001-07-04T02:00,16.5,84,13.9,15.0,0.0,0.0,0.0,0.0,1,1016.1,1006.4,40,38,0,19,0.02,0.29,19.2,30.4,332,334,33.8,19.0,25.4,23.1,18.7,0.05,0.077,0.123,0.23,0,0.0,0.0,0.0,0.0,0.0,0.0,0.0,0.0,0.0,0.0,0.0,0.0,0.0
38.69947,-8.46048,81.0,2001-07-04T03:00,16.2,83,13.4,14.6,0.0,0.0,0.0,0.0,1,1015.8,1006.1,38,35,0,20,0.02,0.3,18.5,29.9,331,333,33.1,18.5,25.2,23.1,18.7,0.05,0.077,0.123,0.23,0,0.0,0.0,0.0,0.0,0.0,0.0,0.0,0.0,0.0,0.0,0.0,0.0,0.0
38.69947,-8.46048,81.0,2001-07-04T04:00,16.1,82,13.0,14.5,0.0,0.0,0.0,0.0,1,1015.1,1005.4,40,27,0,54,0.03,0.33,17.7,29.3,333,335,32.4,18.2,24.9,23.1,18.7,0.05,0.077,0.123,0.23,0,0.0,0.0,0.0,0.0,0.0,0.0,0.0,0.0,0.0,0.0,0.0,0.0,0.0
38.69947,-8.46048,81.0,2001-07-04T05:00,16.1,81,12.9,14.6,0.0,0.0,0.0,0.0,2,1015.2,1005.5,63,42,0,84,0.02,0.34,16.3,27.4,335,337,31.3,18.0,24.7,23.1,18.7,0.05,0.077,0.123,0.23,0,0.0,0.0,0.0,0.0,0.0,0.0,0.0,0.0,0.0,0.0,0.0,0.0,0.0
38.69947,-8.46048,81.0,2001-07-04T06:00,16.6,80,13.1,15.4,0.0,0.0,0.0,0.0,3,1014.7,1005.1,99,79,0,94,0.04,0.38,14.5,24.5,333,336,29.2,18.1,24.5,23.1,18.7,0.05,0.077,0.123,0.23,1,0.0,16.0,4.0,12.0,40.8,16.0,71.3,36.7,9.2,27.5,74.2,20.2,163.5
38.69947,-8.46048,81.0,2001-07-04T07:00,18.1,78,14.2,17.7,0.0,0.0,0.0,0.0,3,1014.7,1005.1,100,79,0,95,0.08,0.46,12.3,18.2,328,330,25.9,19.4,24.3,23.1,18.7,0.05,0.077,0.123,0.23,1,1791.49,97.0,26.0,71.0,119.7,97.0,287.3,139.0,37.2,101.7,119.7,139.0,411.7
38.69947,-8.46048,81.0,2001-07-04T08:00,19.5,73,14.6,18.2,0.0,0.0,0.0,0.0,3,1014.5,1005.0,99,84,0,79,0.14,0.61,19.2,26.7,332,333,36.4,21.0,24.2,23.1,18.7,0.05,0.077,0.123,0.23,1,2289.39,177.0,55.0,122.0,136.3,177.0,533.8,216.7,67.3,149.4,136.3,216.7,653.7
38.69947,-8.46048,81.0,2001-07-04T09:00,20.9,65,14.1,19.3,0.1,0.1,0.0,0.0,51,1014.0,1004.5,91,81,0,59,0.23,0.86,20.1,27.6,331,331,40.3,22.7,24.1,23.1,18.7,0.051,0.077,0.123,0.23,1,3600.0,311.0,125.0,186.0,215.9,311.0,765.9,354.5,142.5,212.0,215.9,354.5,873.0
38.69947,-8.46048,81.0,2001-07-04T10:00,22.0,56,12.8,20.1,0.0,0.0,0.0,0.0,2,1014.0,1004.5,69,68,0,25,0.33,1.17,19.3,25.7,327,329,43.6,24.2,24.1,23.1,18.7,0.051,0.077,0.123,0.23,1,3600.0,448.0,235.0,213.0,321.3,448.0,967.6,488.4,256.2,232.2,321.3,488.4,1054.8
38.69947,-8.46048,81.0,2001-07-04T11:00,22.2,52,11.8,19.8,0.0,0.0,0.0,0.0,2,1013.7,1004.3,74,64,0,56,0.36,1.29,20.0,26.8,326,327,44.6,25.3,24.1,23.1,18.7,0.051,0.077,0.123,0.23,1,3600.0,477.0,184.0,293.0,216.3,477.0,1125.3,503.0,194.0,309.0,216.3,503.0,1186.6
38.69947,-8.46048,81.0,2001-07-04T12:00,22.6,48,11.0,19.9,0.0,0.0,0.0,0.0,2,1013.6,1004.2,66,46,0,81,0.43,1.42,21.2,28.3,325,326,45.0,26.4,24.2,23.1,18.7,0.051,0.077,0.123,0.23,1,3600.0,579.0,254.0,325.0,273.6,579.0,1228.2,593.7,260.5,333.3,273.6,593.7,1259.5
38.69947,-8.46048,81.0,2001-07-04T13:00,23.6,38,8.6,21.3,0.0,0.0,0.0,0.0,1,1013.0,1003.6,36,14,0,78,0.59,1.79,22.5,30.1,325,326,47.9,28.4,24.3,23.1,18.7,0.051,0.077,0.123,0.23,1,3600.0,852.0,547.0,305.0,570.2,852.0,1269.3,851.4,546.6,304.8,570.2,851.4,1268.4
38.69947,-8.46048,81.0,2001-07-04T14:00,24.5,31,6.3,21.8,0.0,0.0,0.0,0.0,0,1012.7,1003.3,14,0,0,47,0.67,2.13,24.3,32.4,325,326,50.8,29.9,24.5,23.1,18.7,0.051,0.077,0.123,0.23,1,3600.0,940.0,752.0,188.0,798.6,940.0,1245.8,915.0,732.0,183.0,798.6,915.0,1212.7
38.69947,-8.46048,81.0,2001-07-04T15:00,24.6,29,5.5,21.1,0.0,0.0,0.0,0.0,0,1012.5,1003.1,8,0,0,26,0.65,2.19,26.6,35.8,327,328,53.3,30.4,24.6,23.1,18.7,0.051,0.077,0.123,0.23,1,3600.0,888.0,756.0,132.0,862.8,888.0,1159.3,839.7,714.9,124.8,862.8,839.7,1096.3
38.69947,-8.46048,81.0,2001-07-04T16:00,24.1,31,5.9,20.0,0.0,0.0,0.0,0.0,0,1012.2,1002.8,2,0,0,7,0.58,2.07,27.6,37.4,329,330,54.7,29.9,24.8,23.1,18.7,0.051,0.077,0.123,0.23,1,3600.0,769.0,662.0,107.0,862.4,769.0,1015.7,701.9,604.3,97.7,862.4,701.9,927.1
38.69947,-8.46048,81.0,2001-07-04T17:00,23.3,34,6.7,18.6,0.0,0.0,0.0,0.0,0,1012.2,1002.8,10,9,1,5,0.48,1.88,28.5,39.3,332,333,55.8,28.8,24.9,23.1,18.7,0.051,0.077,0.123,0.23,1,3600.0,607.0,514.0,93.0,824.7,607.0,824.7,527.4,446.6,80.8,824.7,527.4,716.5
38.69947,-8.46048,81.0,2001-07-04T18:00,22.4,38,7.4,17.4,0.0,0.0,0.0,0.0,2,1012.2,1002.8,65,61,11,11,0.37,1.68,29.6,41.7,334,335,56.2,27.1,24.9,23.1,18.7,0.051,0.077,0.123,0.23,1,3600.0,387.0,282.0,105.0,622.6,387.0,599.3,309.3,225.4,83.9,622.6,309.3,479.0
38.69947,-8.46048,81.0,2001-07-04T19:00,21.0,45,8.6,16.6,0.0,0.0,0.0,0.0,3,1012.3,1002.8,82,90,1,0,0.24,1.37,27.5,40.1,333,333,57.2,25.1,24.9,23.1,18.7,0.051,0.077,0.123,0.23,1,3600.0,153.0,76.0,77.0,283.3,153.0,355.0,99.4,49.4,50.0,283.3,99.4,230.6
38.69947,-8.46048,81.0,2001-07-04T20:00,19.6,54,10.2,16.3,0.0,0.0,0.0,0.0,0,1012.5,1003.0,12,13,0,1,0.14,1.04,23.1,34.4,329,329,52.9,23.2,24.8,23.1,18.7,0.051,0.077,0.123,0.23,1,213.73,28.0,9.0,19.0,73.0,28.0,108.3,0.0,0.0,0.0,0.0,0.0,0.0
38.69947,-8.46048,81.0,2001-07-04T21:00,18.8,61,11.0,16.3,0.0,0.0,0.0,0.0,0,1012.8,1003.3,10,5,0,18,0.08,0.86,18.8,29.7,328,329,45.0,21.8,24.7,23.1,18.7,0.051,0.077,0.123,0.23,0,0.0,0.0,0.0,0.0,0.0,0.0,0.0,0.0,0.0,0.0,0.0,0.0,0.0
38.69947,-8.46048,81.0,2001-07-04T22:00,17.8,67,11.6,15.9,0.0,0.0,0.0,0.0,0,1013.4,1003.8,12,5,0,24,0.06,0.67,16.8,27.2,329,331,37.4,20.5,24.5,23.0,18.7,0.051,0.077,0.123,0.23,0,0.0,0.0,0.0,0.0,0.0,0.0,0.0,0.0,0.0,0.0,0.0,0.0,0.0
38.69947,-8.46048,81.0,2001-07-04T23:00,17.1,72,12.0,15.4,0.0,0.0,0.0,0.0,0,1013.4,1003.8,5,6,0,0,0.04,0.55,15.9,26.6,332,333,29.9,19.5,24.4,23.0,18.7,0.051,0.077,0.123,0.23,0,0.0,0.0,0.0,0.0,0.0,0.0,0.0,0.0,0.0,0.0,0.0,0.0,0.0
38.69947,-8.46048,81.0,2001-07-05T00:00,16.4,76,12.2,15.0,0.0,0.0,0.0,0.0,0,1013.0,1003.4,5,6,0,0,0.03,0.44,14.5,25.1,333,336,27.7,18.6,24.2,23.0,18.7,0.051,0.077,0.123,0.23,0,0.0,0.0,0.0,0.0,0.0,0.0,0.0,0.0,0.0,0.0,0.0,0.0,0.0
38.69947,-8.46048,81.0,2001-07-05T01:00,15.8,80,12.5,14.7,0.0,0.0,0.0,0.0,0,1012.8,1003.2,4,4,0,0,0.02,0.35,13.0,23.0,332,335,25.2,18.0,24.0,23.0,18.8,0.051,0.077,0.123,0.23,0,0.0,0.0,0.0,0.0,0.0,0.0,0.0,0.0,0.0,0.0,0.0,0.0,0.0
38.69947,-8.46048,81.0,2001-07-05T02:00,15.3,84,12.7,14.5,0.0,0.0,0.0,0.0,0,1012.4,1002.7,3,3,0,0,0.01,0.27,11.2,21.4,327,331,23.0,17.3,23.8,23.0,18.8,0.051,0.077,0.123,0.23,0,0.0,0.0,0.0,0.0,0.0,0.0,0.0,0.0,0.0,0.0,0.0,0.0,0.0
38.69947,-8.46048,81.0,2001-07-05T03:00,15.0,86,12.8,14.4,0.0,0.0,0.0,0.0,0,1012.2,1002.5,6,7,0,0,0.0,0.23,10.5,20.7,319,325,20.9,16.8,23.5,23.0,18.8,0.051,0.077,0.123,0.23,0,0.0,0.0,0.0,0.0,0.0,0.0,0.0,0.0,0.0,0.0,0.0,0.0,0.0
38.69947,-8.46048,81.0,2001-07-05T04:00,14.7,89,12.9,14.1,0.0,0.0,0.0,0.0,0,1012.3,1002.6,13,14,0,0,0.0,0.19,10.4,20.2,316,321,19.1,16.4,23.3,23.0,18.8,0.051,0.077,0.123,0.23,0,0.0,0.0,0.0,0.0,0.0,0.0,0.0,0.0,0.0,0.0,0.0,0.0,0.0
38.69947,-8.46048,81.0,2001-07-05T05:00,14.6,90,12.9,14.0,0.0,0.0,0.0,0.0,0,1012.3,1002.6,17,19,0,0,0.0,0.17,10.2,20.5,315,321,17.3,16.1,23.1,23.0,18.8,0.051,0.077,0.123,0.23,0,0.0,0.0,0.0,0.0,0.0,0.0,0.0,0.0,0.0,0.0,0.0,0.0,0.0
38.69947,-8.46048,81.0,2001-07-05T06:00,14.8,89,13.0,14.1,0.0,0.0,0.0,0.0,1,1012.5,1002.8,40,43,2,0,0.02,0.19,10.9,19.5,316,321,16.6,16.1,22.9,23.0,18.8,0.051,0.077,0.123,0.23,1,95.98,18.0,7.0,11.0,72.0,18.0,70.3,41.3,16.1,25.3,131.8,22.6,161.4
38.69947,-8.46048,81.0,2001-07-05T07:00,16.3,81,13.1,15.5,0.0,0.0,0.0,0.0,2,1012.6,1003.0,73,80,2,0,0.07,0.35,12.5,18.2,319,321,22.7,17.4,22.7,23.0,18.8,0.051,0.077,0.123,0.23,1,3600.0,100.0,40.0,60.0,185.5,100.0,285.3,143.6,57.4,86.2,185.5,143.6,409.7
38.69947,-8.46048,81.0,2001-07-05T08:00,17.7,72,12.6,16.0,0.0,0.0,0.0,0.0,3,1012.5,1002.9,87,96,1,0,0.13,0.56,17.2,23.7,327,327,32.8,19.0,22.6,23.0,18.8,0.051,0.077,0.123,0.23,1,1706.56,175.0,47.0,128.0,116.9,175.0,532.0,214.5,57.6,156.9,116.9,214.5,652.0
38.69947,-8.46048,81.0,2001-07-05T09:00,19.1,63,12.0,17.3,0.0,0.0,0.0,0.0,3,1012.8,1003.3,94,100,6,0,0.21,0.81,17.1,23.1,325,326,33.8,20.7,22.5,23.0,18.8,0.052,0.077,0.123,0.23,1,2510.66,290.0,83.0,207.0,143.7,290.0,764.3,330.7,94.7,236.1,143.7,330.7,871.6
38.69947,-8.46048,81.0,2001-07-05T10:00,20.4,57,11.7,18.5,0.2,0.2,0.0,0.0,51,1013.1,1003.6,81,71,29,0,0.29,1.03,16.6,22.0,319,320,35.3,22.3,22.5,23.0,18.8,0.053,0.077,0.123,0.23,1,3600.0,402.0,177.0,225.0,242.4,402.0,966.3,438.3,193.0,245.3,242.4,438.3,1053.6
38.69947,-8.46048,81.0,2001-07-05T11:00,20.9,55,11.5,18.8,0.0,0.0,0.0,0.0,3,1012.8,1003.3,87,66,46,0,0.28,1.12,17.3,22.7,315,316,35.6,22.8,22.6,22.9,18.8,0.054,0.077,0.123,0.23,1,2401.53,354.0,119.0,235.0,140.1,354.0,1124.2,373.4,125.5,247.8,140.1,373.4,1185.7
38.69947,-8.46048,81.0,2001-07-05T12:00,22.0,50,11.0,19.7,0.0,0.0,0.0,0.0,3,1013.0,1003.6,93,61,64,0,0.36,1.32,17.6,23.2,305,306,33.5,24.4,22.6,22.9,18.8,0.055,0.077,0.123,0.23,1,3600.0,477.0,170.0,307.0,183.3,477.0,1227.4,489.2,174.3,314.8,183.3,489.2,1258.7
38.69947,-8.46048,81.0,2001-07-05T13:00,23.1,46,10.7,21.0,0.0,0.0,0.0,0.0,2,1012.6,1003.2,65,32,61,0,0.46,1.54,18.7,24.7,300,301,34.6,26.3,22.7,22.9,18.8,0.055,0.077,0.123,0.23,1,3600.0,640.0,327.0,313.0,341.0,640.0,1268.7,639.6,326.8,312.8,341.0,639.6,1267.9
38.69947,-8.46048,81.0,2001-07-05T14:00,23.8,43,10.3,21.6,0.0,0.0,0.0,0.0,2,1012.6,1003.2,76,46,58,0,0.51,1.69,20.3,27.1,297,299,38.5,27.7,22.9,22.9,18.8,0.055,0.077,0.123,0.23,1,3600.0,693.0,489.0,204.0,519.5,693.0,1245.4,674.6,476.0,198.6,519.5,674.6,1212.4
38.69947,-8.46048,81.0,2001-07-05T15:00,23.6,43,10.4,20.9,0.1,0.1,0.0,0.0,51,1012.9,1003.5,91,61,60,0,0.46,1.65,21.3,28.4,298,299,41.4,27.9,23.1,22.9,18.8,0.056,0.077,0.123,0.23,1,3600.0,595.0,379.0,216.0,432.7,595.0,1159.0,562.7,358.4,204.3,432.7,562.7,1096.0
38.69947,-8.46048,81.0,2001-07-05T16:00,23.5,44,10.5,20.7,0.0,0.0,0.0,0.0,2,1012.9,1003.5,76,56,42,0,0.44,1.63,21.5,29.3,301,302,43.9,27.7,23.2,22.9,18.8,0.057,0.076,0.123,0.23,1,3600.0,581.0,383.0,198.0,499.1,581.0,1015.4,530.3,349.6,180.7,499.1,530.3,926.8
38.69947,-8.46048,81.0,2001-07-05T17:00,22.6,48,10.9,19.8,0.0,0.0,0.0,0.0,2,1012.8,1003.4,76,59,38,0,0.34,1.44,20.8,28.3,304,304,44.3,26.6,23.3,22.9,18.8,0.057,0.076,0.123,0.23,1,3600.0,406.0,272.0,134.0,436.5,406.0,824.4,352.7,236.3,116.4,436.5,352.7,716.2
38.69947,-8.46048,81.0,2001-07-05T18:00,21.6,52,11.3,19.2,0.0,0.0,0.0,0.0,2,1012.6,1003.1,52,46,17,0,0.25,1.25,19.3,26.0,303,304,43.9,25.3,23.4,22.9,18.8,0.057,0.076,0.123,0.23,1,3600.0,277.0,164.0,113.0,362.3,277.0,599.0,221.3,131.0,90.3,362.3,221.3,478.6
38.69947,-8.46048,81.0,2001-07-05T19:00,20.2,57,11.3,17.9,0.0,0.0,0.0,0.0,1,1012.9,1003.4,50,49,9,0,0.17,1.02,18.4,26.1,305,305,38.2,23.7,23.4,22.9,18.8,0.057,0.076,0.123,0.23,1,3600.0,164.0,93.0,71.0,347.1,164.0,354.5,106.4,60.4,46.1,347.1,106.4,230.1
38.69947,-8.46048,81.0,2001-07-05T20:00,19.0,63,11.8,17.2,0.0,0.0,0.0,0.0,0,1013.0,1003.5,19,18,4,0,0.09,0.82,15.9,24.1,303,305,36.0,22.0,23.3,22.9,18.8,0.057,0.076,0.123,0.23,1,1410.04,37.0,18.0,19.0,146.3,37.0,107.6,0.0,0.0,0.0,0.0,0.0,0.0
38.69947,-8.46048,81.0,2001-07-05T21:00,18.0,68,12.1,16.7,0.0,0.0,0.0,0.0,0,1013.9,1004.3,11,8,7,0,0.04,0.65,13.4,21.7,301,302,28.4,20.5,23.2,22.9,18.8,0.057,0.076,0.123,0.23,0,0.0,0.0,0.0,0.0,0.0,0.0,0.0,0.0,0.0,0.0,0.0,0.0,0.0
38.69947,-8.46048,81.0,2001-07-05T22:00,17.3,73,12.4,16.5,0.0,0.0,0.0,0.0,1,1014.1,1004.5,42,21,38,0,0.03,0.54,11.0,18.7,281,286,24.1,19.5,23.1,22.9,18.8,0.057,0.076,0.123,0.23,0,0.0,0.0,0.0,0.0,0.0,0.0,0.0,0.0,0.0,0.0,0.0,0.0,0.0
38.69947,-8.46048,81.0,2001-07-05T23:00,16.9,76,12.7,16.0,0.0,0.0,0.0,0.0,3,1014.1,1004.5,100,70,76,0,0.02,0.46,12.0,19.4,277,280,20.5,18.9,23.0,22.8,18.8,0.057,0.076,0.123,0.23,0,0.0,0.0,0.0,0.0,0.0,0.0,0.0,0.0,0.0,0.0,0.0,0.0,0.0
38.69947,-8.46048,81.0,2001-07-06T00:00,16.8,78,12.9,16.0,0.0,0.0,0.0,0.0,3,1013.9,1004.3,100,93,93,0,0.02,0.42,11.5,19.5,266,272,20.2,18.5,22.8,22.8,18.8,0.057,0.076,0.123,0.23,0,0.0,0.0,0.0,0.0,0.0,0.0,0.0,0.0,0.0,0.0,0.0,0.0,0.0
38.69947,-8.46048,81.0,2001-07-06T01:00,16.5,80,13.1,15.8,0.0,0.0,0.0,0.0,2,1013.9,1004.3,70,59,28,0,0.02,0.37,11.7,19.5,261,267,20.5,18.2,22.7,22.8,18.8,0.057,0.076,0.123,0.23,0,0.0,0.0,0.0,0.0,0.0,0.0,0.0,0.0,0.0,0.0,0.0,0.0,0.0
38.69947,-8.46048,81.0,2001-07-06T02:00,16.3,82,13.2,15.5,0.0,0.0,0.0,0.0,2,1013.4,1003.8,73,49,46,5,0.01,0.33,12.0,20.2,261,268,20.2,17.8,22.5,22.8,18.8,0.057,0.076,0.123,0.23,0,0.0,0.0,0.0,0.0,0.0,0.0,0.0,0.0,0.0,0.0,0.0,0.0,0.0
38.69947,-8.46048,81.0,2001-07-06T03:00,16.1,84,13.4,15.5,0.0,0.0,0.0,0.0,2,1013.4,1003.8,78,49,46,20,0.01,0.3,11.9,20.5,267,273,19.4,17.5,22.4,22.8,18.8,0.057,0.076,0.123,0.23,0,0.0,0.0,0.0,0.0,0.0,0.0,0.0,0.0,0.0,0.0,0.0,0.0,0.0
38.69947,-8.46048,81.0,2001-07-06T04:00,16.3,84,13.6,15.8,0.0,0.0,0.0,0.0,1,1013.4,1003.8,47,45,10,1,0.01,0.3,10.8,20.1,274,279,19.1,17.5,22.2,22.8,18.8,0.057,0.076,0.123,0.23,0,0.0,0.0,0.0,0.0,0.0,0.0,0.0,0.0,0.0,0.0,0.0,0.0,0.0
38.69947,-8.46048,81.0,2001-07-06T05:00,16.2,86,13.8,15.9,0.0,0.0,0.0,0.0,1,1013.5,1003.9,38,36,9,0,0.0,0.26,10.5,19.3,286,291,19.1,17.3,22.1,22.8,18.8,0.057,0.076,0.123,0.23,0,0.0,0.0,0.0,0.0,0.0,0.0,0.0,0.0,0.0,0.0,0.0,0.0,0.0
38.69947,-8.46048,81.0,2001-07-06T06:00,16.1,88,14.1,15.9,0.0,0.0,0.0,0.0,1,1013.9,1004.3,22,20,6,0,0.02,0.22,10.1,18.2,297,304,18.0,17.2,21.9,22.8,18.9,0.057,0.076,0.123,0.23,1,0.0,13.0,4.0,9.0,41.5,13.0,69.2,29.9,9.2,20.7,76.4,16.2,159.3
38.69947,-8.46048,81.0,2001-07-06T07:00,17.3,82,14.2,17.1,0.0,0.0,0.0,0.0,0,1014.4,1004.8,16,17,2,0,0.08,0.36,11.0,16.0,311,314,22.7,18.4,21.8,22.8,18.9,0.057,0.076,0.123,0.23,1,3600.0,131.0,75.0,56.0,350.3,131.0,283.3,188.6,108.0,80.6,350.3,188.6,407.8
38.69947,-8.46048,81.0,2001-07-06T08:00,18.7,72,13.6,18.0,0.0,0.0,0.0,0.0,0,1014.9,1005.3,20,22,0,0,0.17,0.6,12.7,16.9,325,326,28.1,20.2,21.8,22.7,18.9,0.057,0.076,0.123,0.23,1,3600.0,282.0,184.0,98.0,459.2,282.0,530.1,345.9,225.7,120.2,459.2,345.9,650.2
38.69947,-8.46048,81.0,2001-07-06T09:00,20.4,59,12.2,19.1,0.0,0.0,0.0,0.0,0,1015.0,1005.5,16,18,0,0,0.3,0.97,13.2,17.1,325,325,29.9,22.7,21.8,22.7,18.9,0.057,0.076,0.123,0.229,1,3600.0,487.0,363.0,124.0,629.8,487.0,762.6,555.6,414.1,141.5,629.8,555.6,870.1
38.69947,-8.46048,81.0,2001-07-06T10:00,22.2,50,11.1,21.1,0.0,0.0,0.0,0.0,1,1015.6,1006.1,26,29,0,0,0.44,1.35,13.8,18.0,332,334,31.7,25.3,21.9,22.7,18.9,0.056,0.076,0.122,0.229,1,3600.0,669.0,525.0,144.0,719.9,669.0,964.9,729.7,572.6,157.1,719.9,729.7,1052.4
38.69947,-8.46048,81.0,2001-07-06T11:00,24.1,41,10.2,23.6,0.0,0.0,0.0,0.0,2,1015.5,1006.1,50,55,1,0,0.55,1.76,13.9,17.8,329,328,34.9,27.8,22.1,22.7,18.9,0.056,0.076,0.122,0.229,1,3600.0,810.0,680.0,130.0,801.1,810.0,1123.1,854.4,717.3,137.1,801.1,854.4,1184.7
38.69947,-8.46048,81.0,2001-07-06T12:00,25.3,38,10.0,24.5,0.0,0.0,0.0,0.0,3,1015.6,1006.2,94,58,69,0,0.57,1.99,14.1,18.3,322,324,37.1,29.2,22.4,22.7,18.9,0.056,0.076,0.122,0.229,1,3600.0,781.0,553.0,228.0,596.5,781.0,1226.5,801.0,567.2,233.9,596.5,801.0,1258.0
38.69947,-8.46048,81.0,2001-07-06T13:00,25.5,38,10.2,23.6,0.0,0.0,0.0,0.0,3,1015.3,1005.9,100,89,99,0,0.47,2.02,14.8,19.6,313,314,37.4,29.3,22.6,22.7,18.9,0.056,0.076,0.122,0.229,1,3490.06,576.0,169.0,407.0,176.3,576.0,1268.1,575.7,168.9,406.8,176.3,575.7,1267.3
38.69947,-8.46048,81.0,2001-07-06T14:00,25.5,41,11.2,23.5,0.0,0.0,0.0,0.0,3,1015.4,1006.0,100,98,99,0,0.44,1.94,16.1,21.0,309,309,37.4,29.3,22.8,22.7,18.9,0.056,0.076,0.122,0.229,1,3588.44,520.0,169.0,351.0,179.6,520.0,1244.9,506.2,164.5,341.7,179.6,506.2,1211.9
38.69947,-8.46048,81.0,2001-07-06T15:00,24.8,44,11.7,22.8,0.0,0.0,0.0,0.0,3,1015.7,1006.3,100,83,97,0,0.34,1.75,16.9,22.5,304,305,37.8,28.1,23.0,22.7,18.9,0.056,0.076,0.122,0.229,1,1591.61,343.0,99.0,244.0,113.1,343.0,1158.6,324.4,93.6,230.8,113.1,324.4,1095.7
38.69947,-8.46048,81.0,2001-07-06T16:00,24.6,46,12.3,22.7,0.0,0.0,0.0,0.0,3,1015.6,1006.2,100,84,84,0,0.33,1.65,17.5,23.6,302,304,36.7,27.5,23.1,22.7,18.9,0.057,0.076,0.122,0.229,1,3400.74,348.0,133.0,215.0,173.4,348.0,1015.1,317.6,121.4,196.2,173.4,317.6,926.5
38.69947,-8.46048,81.0,2001-07-06T17:00,24.5,48,12.8,22.9,0.0,0.0,0.0,0.0,3,1015.7,1006.3,97,70,56,0,0.31,1.6,17.0,23.3,306,308,35.3,27.2,23.2,22.7,18.9,0.057,0.076,0.122,0.229,1,3600.0,330.0,129.0,201.0,207.1,330.0,824.0,286.7,112.1,174.6,207.1,286.7,715.8
38.69947,-8.46048,81.0,2001-07-06T18:00,24.0,51,13.2,22.5,0.0,0.0,0.0,0.0,3,1015.9,1006.5,100,85,60,0,0.26,1.46,17.1,24.0,309,310,35.6,26.6,23.3,22.7,18.9,0.057,0.076,0.122,0.229,1,3600.0,274.0,118.0,156.0,260.8,274.0,598.5,218.8,94.2,124.6,260.8,218.8,478.1
38.69947,-8.46048,81.0,2001-07-06T19:00,22.5,56,13.4,21.1,0.0,0.0,0.0,0.0,3,1016.6,1007.1,84,70,35,0,0.16,1.19,17.1,23.9,312,314,34.6,25.1,23.4,22.7,18.9,0.057,0.076,0.122,0.229,1,1789.06,118.0,32.0,86.0,119.6,118.0,353.9,76.5,20.7,55.7,119.6,76.5,229.4
38.69947,-8.46048,81.0,2001-07-06T20:00,21.3,63,13.9,20.3,0.0,0.0,0.0,0.0,0,1017.0,1007.5,10,6,7,0,0.09,0.94,15.3,23.4,315,316,32.8,23.5,23.4,22.7,18.9,0.057,0.076,0.122,0.229,1,1141.86,39.0,16.0,23.0,130.3,39.0,106.8,0.0,0.0,0.0,0.0,0.0,0.0
38.69947,-8.46048,81.0,2001-07-06T21:00,20.0,69,14.3,19.3,0.0,0.0,0.0,0.0,0,1017.9,1008.3,10,10,1,0,0.05,0.71,14.3,23.8,319,322,28.4,22.0,23.3,22.6,18.9,0.057,0.076,0.122,0.229,0,0.0,0.0,0.0,0.0,0.0,0.0,0.0,0.0,0.0,0.0,0.0,0.0,0.0
38.69947,-8.46048,81.0,2001-07-06T22:00,19.1,75,14.5,18.6,0.0,0.0,0.0,0.0,0,1018.8,1009.2,4,4,0,0,0.03,0.55,13.2,22.3,325,329,27.0,20.9,23.2,22.6,18.9,0.057,0.076,0.122,0.229,0,0.0,0.0,0.0,0.0,0.0,0.0,0.0,0.0,0.0,0.0,0.0,0.0,0.0
38.69947,-8.46048,81.0,2001-07-06T23:00,18.1,81,14.7,18.0,0.0,0.0,0.0,0.0,0,1019.0,1009.4,3,3,0,0,0.02,0.4,11.4,20.0,325,330,24.5,19.9,23.1,22.6,18.9,0.057,0.076,0.122,0.229,0,0.0,0.0,0.0,0.0,0.0,0.0,0.0,0.0,0.0,0.0,0.0,0.0,0.0
38.69947,-8.46048,81.0,2001-07-07T00:00,17.4,85,14.8,17.6,0.0,0.0,0.0,0.0,0,1019.2,1009.5,3,3,0,0,0.01,0.3,9.8,18.1,324,329,20.5,19.1,23.0,22.6,18.9,0.057,0.076,0.122,0.229,0,0.0,0.0,0.0,0.0,0.0,0.0,0.0,0.0,0.0,0.0,0.0,0.0,0.0
38.69947,-8.46048,81.0,2001-07-07T01:00,16.8,89,14.9,17.2,0.0,0.0,0.0,0.0,0,1019.0,1009.3,4,4,0,0,0.0,0.21,8.5,16.8,324,329,17.3,18.4,22.8,22.6,18.9,0.057,0.076,0.122,0.229,0,0.0,0.0,0.0,0.0,0.0,0.0,0.0,0.0,0.0,0.0,0.0,0.0,0.0
38.69947,-8.46048,81.0,2001-07-07T02:00,16.2,92,14.9,16.8,0.0,0.0,0.0,0.0,0,1018.7,1009.0,14,15,0,0,0.0,0.15,7.4,16.0,321,329,14.4,17.7,22.7,22.6,18.9,0.057,0.076,0.122,0.229,0,0.0,0.0,0.0,0.0,0.0,0.0,0.0,0.0,0.0,0.0,0.0,0.0,0.0
38.69947,-8.46048,81.0,2001-07-07T03:00,15.7,95,14.9,16.3,0.0,0.0,0.0,0.0,0,1018.6,1008.9,16,18,0,0,0.0,0.09,6.9,15.5,321,329,12.2,17.1,22.5,22.6,18.9,0.057,0.076,0.122,0.229,0,0.0,0.0,0.0,0.0,0.0,0.0,0.0,0.0,0.0,0.0,0.0,0.0,0.0
38.69947,-8.46048,81.0,2001-07-07T04:00,15.4,96,14.8,15.9,0.0,0.0,0.0,0.0,1,1019.1,1009.4,46,51,0,0,0.0,0.07,7.2,15.0,323,330,11.2,16.7,22.3,22.6,18.9,0.057,0.076,0.122,0.229,0,0.0,0.0,0.0,0.0,0.0,0.0,0.0,0.0,0.0,0.0,0.0,0.0,0.0
38.69947,-8.46048,81.0,2001-07-07T05:00,15.2,97,14.7,15.6,0.0,0.0,0.0,0.0,2,1019.2,1009.5,69,77,0,0,0.0,0.05,7.3,13.7,327,333,10.1,16.3,22.1,22.6,18.9,0.057,0.076,0.122,0.229,0,0.0,0.0,0.0,0.0,0.0,0.0,0.0,0.0,0.0,0.0,0.0,0.0,0.0
38.69947,-8.46048,81.0,2001-07-07T06:00,15.4,97,14.9,15.8,0.0,0.0,0.0,0.0,3,1019.6,1009.9,82,91,0,0,0.01,0.06,8.4,13.6,335,338,9.7,16.4,21.9,22.6,18.9,0.057,0.076,0.122,0.229,1,0.0,15.0,4.0,11.0,41.8,15.0,68.2,34.6,9.2,25.4,77.7,18.6,157.1
38.69947,-8.46048,81.0,2001-07-07T07:00,16.6,87,14.5,16.5,0.0,0.0,0.0,0.0,3,1019.9,1010.2,90,100,0,0,0.05,0.24,10.4,14.1,346,347,20.9,17.6,21.8,22.6,18.9,0.057,0.076,0.122,0.229,1,1447.05,83.0,23.0,60.0,108.2,83.0,281.2,119.8,33.2,86.6,108.2,119.8,405.7
38.69947,-8.46048,81.0,2001-07-07T08:00,17.7,81,14.3,17.6,0.0,0.0,0.0,0.0,3,1020.3,1010.6,82,91,0,0,0.11,0.39,10.2,13.6,350,349,22.7,19.3,21.7,22.6,18.9,0.057,0.076,0.122,0.229,1,1581.41,179.0,45.0,134.0,112.7,179.0,528.2,219.7,55.2,164.5,112.7,219.7,648.4
38.69947,-8.46048,81.0,2001-07-07T09:00,19.0,73,14.0,18.6,0.0,0.0,0.0,0.0,2,1020.3,1010.7,58,65,0,0,0.19,0.6,11.7,14.9,351,352,24.8,21.1,21.7,22.5,18.9,0.057,0.076,0.122,0.229,1,1434.04,287.0,62.0,225.0,107.8,287.0,761.0,327.6,70.8,256.8,107.8,327.6,868.5
38.69947,-8.46048,81.0,2001-07-07T10:00,21.5,59,13.1,20.8,0.0,0.0,0.0,0.0,2,1020.5,1011.0,74,82,0,0,0.35,1.05,11.2,14.5,354,354,29.2,24.0,21.8,22.5,18.9,0.057,0.076,0.122,0.229,1,3600.0,540.0,337.0,203.0,462.8,540.0,963.5,589.1,367.6,221.5,462.8,589.1,1051.1
38.69947,-8.46048,81.0,2001-07-07T11:00,22.9,53,12.8,22.1,0.0,0.0,0.0,0.0,2,1019.8,1010.3,78,87,0,0,0.39,1.32,11.8,15.1,348,348,29.5,25.9,22.0,22.5,18.9,0.056,0.076,0.122,0.229,1,3600.0,553.0,311.0,242.0,366.8,553.0,1122.0,583.4,328.1,255.3,366.8,583.4,1183.7
38.69947,-8.46048,81.0,2001-07-07T12:00,24.5,46,12.3,24.1,0.0,0.0,0.0,0.0,3,1019.8,1010.4,86,96,0,0,0.45,1.65,10.4,13.3,340,341,27.7,27.9,22.2,22.5,18.9,0.056,0.076,0.122,0.229,1,3600.0,624.0,276.0,348.0,298.0,624.0,1225.6,640.1,283.1,357.0,298.0,640.1,1257.2
38.69947,-8.46048,81.0,2001-07-07T13:00,26.1,42,12.1,26.2,0.0,0.0,0.0,0.0,3,1019.2,1009.8,81,90,0,0,0.54,1.96,10.4,13.3,326,327,27.4,30.2,22.4,22.5,18.9,0.056,0.076,0.122,0.229,1,3600.0,728.0,380.0,348.0,396.7,728.0,1267.4,727.6,379.8,347.8,396.7,727.6,1266.7
38.69947,-8.46048,81.0,2001-07-07T14:00,27.4,37,11.4,27.2,0.0,0.0,0.0,0.0,3,1018.7,1009.4,83,79,20,0,0.57,2.3,11.7,14.6,317,320,28.8,31.8,22.7,22.5,19.0,0.056,0.076,0.122,0.229,1,3600.0,736.0,425.0,311.0,451.9,736.0,1244.4,716.5,413.8,302.8,451.9,716.5,1211.5
38.69947,-8.46048,81.0,2001-07-07T15:00,28.5,34,11.0,28.0,0.0,0.0,0.0,0.0,2,1018.3,1009.0,75,57,40,0,0.6,2.57,13.0,17.1,314,316,31.0,32.9,23.0,22.5,19.0,0.055,0.076,0.122,0.229,1,3600.0,762.0,538.0,224.0,614.6,762.0,1158.2,720.6,508.8,211.8,614.6,720.6,1095.3
38.69947,-8.46048,81.0,2001-07-07T16:00,28.2,35,11.1,26.7,0.0,0.0,0.0,0.0,0,1018.0,1008.7,20,8,21,0,0.52,2.49,15.0,19.6,314,316,33.8,32.7,23.3,22.5,19.0,0.055,0.075,0.122,0.229,1,3600.0,618.0,357.0,261.0,465.5,618.0,1014.7,564.0,325.8,238.2,465.5,564.0,926.1
38.69947,-8.46048,81.0,2001-07-07T17:00,27.4,38,11.7,25.3,0.0,0.0,0.0,0.0,0,1018.0,1008.7,1,1,0,0,0.43,2.28,17.8,24.0,315,317,37.1,31.5,23.6,22.5,19.0,0.055,0.075,0.122,0.229,1,3600.0,472.0,278.0,194.0,446.6,472.0,823.6,410.0,241.5,168.5,446.6,410.0,715.4
38.69947,-8.46048,81.0,2001-07-07T18:00,25.8,45,12.9,23.5,0.0,0.0,0.0,0.0,0,1017.9,1008.5,0,0,0,0,0.34,1.84,22.2,30.4,318,320,42.8,29.7,23.8,22.5,19.0,0.055,0.075,0.122,0.229,1,3600.0,356.0,259.0,97.0,573.1,356.0,598.0,284.2,206.8,77.4,573.1,284.2,477.4
38.69947,-8.46048,81.0,2001-07-07T19:00,23.2,56,13.8,21.1,0.0,0.0,0.0,0.0,0,1018.4,1008.9,0,0,0,0,0.21,1.26,22.7,32.9,324,325,45.7,27.2,23.8,22.5,19.0,0.055,0.075,0.122,0.229,1,3600.0,200.0,138.0,62.0,517.0,200.0,353.2,129.4,89.3,40.1,517.0,129.4,228.6
38.69947,-8.46048,81.0,2001-07-07T20:00,20.8,64,13.8,19.2,0.0,0.0,0.0,0.0,0,1018.7,1009.2,0,0,0,0,0.1,0.88,19.7,30.6,329,330,43.6,24.5,23.8,22.5,19.0,0.055,0.075,0.122,0.229,1,1935.37,45.0,23.0,22.0,187.8,45.0,105.9,0.0,0.0,0.0,0.0,0.0,0.0
38.69947,-8.46048,81.0,2001-07-07T21:00,19.2,69,13.5,17.6,0.0,0.0,0.0,0.0,0,1019.4,1009.8,0,0,0,0,0.06,0.68,18.8,29.6,334,336,36.7,22.4,23.8,22.5,19.0,0.055,0.075,0.122,0.229,0,0.0,0.0,0.0,0.0,0.0,0.0,0.0,0.0,0.0,0.0,0.0,0.0,0.0
38.69947,-8.46048,81.0,2001-07-07T22:00,18.0,74,13.3,16.8,0.0,0.0,0.0,0.0,0,1020.0,1010.4,0,0,0,0,0.04,0.54,15.3,25.9,336,339,34.9,20.8,23.7,22.5,19.0,0.054,0.075,0.122,0.229,0,0.0,0.0,0.0,0.0,0.0,0.0,0.0,0.0,0.0,0.0,0.0,0.0,0.0
38.69947,-8.46048,81.0,2001-07-07T23:00,17.0,78,13.2,16.2,0.0,0.0,0.0,0.0,0,1020.0,1010.3,0,0,0,0,0.02,0.43,12.6,22.3,336,339,28.8,19.6,23.5,22.5,19.0,0.054,0.075,0.122,0.229,0,0.0,0.0,0.0,0.0,0.0,0.0,0.0,0.0,0.0,0.0,0.0,0.0,0.0
38.69947,-8.46048,81.0,2001-07-08T00:00,16.2,82,13.1,15.5,0.0,0.0,0.0,0.0,0,1020.0,1010.3,0,0,0,0,0.01,0.33,11.1,20.9,331,336,23.4,18.6,23.4,22.5,19.0,0.054,0.075,0.122,0.229,0,0.0,0.0,0.0,0.0,0.0,0.0,0.0,0.0,0.0,0.0,0.0,0.0,0.0
38.69947,-8.46048,81.0,2001-07-08T01:00,15.5,85,13.1,14.8,0.0,0.0,0.0,0.0,0,1019.7,1010.0,0,0,0,0,0.01,0.26,11.5,21.6,328,332,20.5,17.7,23.2,22.5,19.0,0.054,0.075,0.122,0.229,0,0.0,0.0,0.0,0.0,0.0,0.0,0.0,0.0,0.0,0.0,0.0,0.0,0.0
38.69947,-8.46048,81.0,2001-07-08T02:00,15.0,88,13.0,14.2,0.0,0.0,0.0,0.0,0,1019.4,1009.7,0,0,0,0,0.0,0.21,11.7,22.6,326,331,20.9,17.0,23.0,22.5,19.0,0.054,0.075,0.122,0.229,0,0.0,0.0,0.0,0.0,0.0,0.0,0.0,0.0,0.0,0.0,0.0,0.0,0.0
38.69947,-8.46048,81.0,2001-07-08T03:00,14.6,89,12.8,13.8,0.0,0.0,0.0,0.0,0,1019.2,1009.5,4,1,0,9,0.0,0.18,11.6,22.9,330,334,21.2,16.4,22.8,22.4,19.0,0.054,0.075,0.122,0.229,0,0.0,0.0,0.0,0.0,0.0,0.0,0.0,0.0,0.0,0.0,0.0,0.0,0.0
38.69947,-8.46048,81.0,2001-07-08T04:00,14.3,90,12.6,13.5,0.0,0.0,0.0,0.0,0,1018.9,1009.1,3,2,0,4,0.0,0.17,11.1,22.4,331,334,20.9,15.9,22.5,22.4,19.0,0.054,0.075,0.122,0.229,0,0.0,0.0,0.0,0.0,0.0,0.0,0.0,0.0,0.0,0.0,0.0,0.0,0.0
38.69947,-8.46048,81.0,2001-07-08T05:00,14.0,91,12.5,13.1,0.0,0.0,0.0,0.0,0,1018.9,1009.1,2,2,0,2,0.0,0.14,11.3,22.5,329,333,19.4,15.5,22.3,22.4,19.0,0.054,0.075,0.122,0.229,0,0.0,0.0,0.0,0.0,0.0,0.0,0.0,0.0,0.0,0.0,0.0,0.0,0.0
38.69947,-8.46048,81.0,2001-07-08T06:00,14.0,91,12.5,13.1,0.0,0.0,0.0,0.0,0,1019.2,1009.4,2,0,0,7,0.02,0.15,11.4,21.9,332,335,19.8,15.4,22.1,22.4,19.0,0.054,0.075,0.122,0.229,1,99.61,18.0,7.0,11.0,73.8,18.0,67.1,41.6,16.2,25.4,138.1,22.2,154.8
38.69947,-8.46048,81.0,2001-07-08T07:00,15.8,85,13.3,15.2,0.0,0.0,0.0,0.0,0,1019.3,1009.6,11,1,0,33,0.07,0.27,11.3,17.9,333,335,22.0,16.7,21.9,22.4,19.0,0.054,0.075,0.122,0.229,1,3600.0,138.0,84.0,54.0,398.4,138.0,279.0,199.7,121.5,78.1,398.4,199.7,403.7
38.69947,-8.46048,81.0,2001-07-08T08:00,17.9,73,13.0,16.6,0.0,0.0,0.0,0.0,1,1019.5,1009.9,29,6,2,75,0.18,0.55,15.2,21.0,338,338,31.0,19.4,21.9,22.4,19.0,0.054,0.075,0.122,0.229,1,3600.0,322.0,232.0,90.0,583.3,322.0,526.3,395.6,285.0,110.6,583.3,395.6,646.6
38.69947,-8.46048,81.0,2001-07-08T09:00,19.9,62,12.4,18.4,0.0,0.0,0.0,0.0,1,1019.4,1009.8,32,3,0,96,0.29,0.88,15.0,20.0,336,337,33.8,21.9,21.9,22.4,19.0,0.054,0.075,0.122,0.229,1,3600.0,475.0,310.0,165.0,540.2,475.0,759.3,542.4,354.0,188.4,540.2,542.4,867.0
38.69947,-8.46048,81.0,2001-07-08T10:00,21.2,55,11.8,19.4,0.0,0.0,0.0,0.0,1,1019.2,1009.7,49,8,21,98,0.34,1.13,16.0,21.2,324,325,33.1,23.9,21.9,22.4,19.0,0.054,0.075,0.122,0.229,1,3600.0,508.0,213.0,295.0,292.9,508.0,962.0,554.3,232.4,321.9,292.9,554.3,1049.8
38.69947,-8.46048,81.0,2001-07-08T11:00,22.8,48,11.3,21.8,0.0,0.0,0.0,0.0,1,1019.0,1009.5,46,0,28,98,0.46,1.44,14.7,19.0,329,331,32.0,26.4,22.1,22.4,19.0,0.054,0.075,0.122,0.229,1,3600.0,682.0,381.0,301.0,449.8,682.0,1120.8,719.6,402.0,317.6,449.8,719.6,1182.6
38.69947,-8.46048,81.0,2001-07-08T12:00,24.5,42,10.7,24.5,0.0,0.0,0.0,0.0,2,1019.0,1009.6,61,0,54,95,0.59,1.79,13.3,17.3,322,324,32.8,29.0,22.3,22.4,19.0,0.054,0.075,0.121,0.229,1,3600.0,872.0,618.0,254.0,667.7,872.0,1224.7,894.6,634.0,260.6,667.7,894.6,1256.4
38.69947,-8.46048,81.0,2001-07-08T13:00,26.0,37,10.3,26.4,0.0,0.0,0.0,0.0,1,1018.4,1009.0,40,0,22,90,0.65,2.1,12.1,15.8,323,325,33.1,31.0,22.6,22.4,19.0,0.054,0.075,0.121,0.229,1,3600.0,925.0,714.0,211.0,745.8,925.0,1266.7,924.6,713.7,210.9,745.8,924.6,1266.1
38.69947,-8.46048,81.0,2001-07-08T14:00,27.0,35,10.3,27.1,0.0,0.0,0.0,0.0,0,1017.9,1008.6,15,0,12,25,0.69,2.32,14.5,18.6,312,314,36.7,32.5,22.9,22.4,19.0,0.054,0.075,0.121,0.229,1,3600.0,948.0,804.0,144.0,855.3,948.0,1243.8,923.0,782.8,140.2,855.3,923.0,1211.0
38.69947,-8.46048,81.0,2001-07-08T15:00,27.3,35,10.5,26.8,0.0,0.0,0.0,0.0,0,1017.5,1008.2,2,0,3,1,0.65,2.36,16.3,20.9,311,314,41.4,32.9,23.2,22.4,19.0,0.053,0.075,0.121,0.229,1,3600.0,875.0,755.0,120.0,862.9,875.0,1157.7,827.5,714.0,113.5,862.9,827.5,1094.9
38.69947,-8.46048,81.0,2001-07-08T16:00,26.9,36,10.6,25.5,0.0,0.0,0.0,0.0,0,1017.4,1008.1,11,0,0,36,0.57,2.26,17.3,22.7,313,314,42.1,32.3,23.5,22.4,19.0,0.053,0.075,0.121,0.228,1,3600.0,745.0,623.0,122.0,812.8,745.0,1014.2,679.9,568.6,111.3,812.8,679.9,925.6
38.69947,-8.46048,81.0,2001-07-08T17:00,26.0,38,10.7,23.6,0.0,0.0,0.0,0.0,1,1017.3,1007.9,30,0,0,99,0.46,2.07,18.1,23.9,314,316,41.4,31.0,23.7,22.4,19.0,0.053,0.075,0.121,0.228,1,3600.0,570.0,447.0,123.0,718.6,570.0,823.1,495.0,388.2,106.8,718.6,495.0,714.8
38.69947,-8.46048,81.0,2001-07-08T18:00,24.6,42,10.8,22.3,0.0,0.0,0.0,0.0,1,1017.1,1007.7,30,0,0,100,0.32,1.8,17.6,23.7,314,316,39.2,29.1,23.8,22.4,19.0,0.053,0.075,0.121,0.228,1,3600.0,349.0,201.0,148.0,445.2,349.0,597.4,278.5,160.4,118.1,445.2,278.5,476.7
38.69947,-8.46048,81.0,2001-07-08T19:00,22.3,51,11.8,19.8,0.0,0.0,0.0,0.0,1,1017.6,1008.1,31,1,0,99,0.2,1.31,20.6,29.3,316,316,39.6,26.4,23.9,22.3,19.0,0.053,0.075,0.121,0.228,1,1579.51,139.0,30.0,109.0,112.7,139.0,352.4,89.8,19.4,70.4,112.7,89.8,227.6
38.69947,-8.46048,81.0,2001-07-08T20:00,20.2,59,12.1,18.2,0.0,0.0,0.0,0.0,1,1018.1,1008.6,26,0,0,86,0.11,0.96,18.2,26.9,321,322,40.0,24.0,23.9,22.3,19.0,0.053,0.075,0.121,0.228,1,0.0,33.0,5.0,28.0,40.9,33.0,104.8,0.0,0.0,0.0,0.0,0.0,0.0
38.69947,-8.46048,81.0,2001-07-08T21:00,18.8,66,12.3,17.0,0.0,0.0,0.0,0.0,0,1018.6,1009.0,9,0,0,31,0.06,0.74,16.7,26.2,327,328,33.8,22.0,23.8,22.3,19.0,0.053,0.075,0.121,0.228,0,0.0,0.0,0.0,0.0,0.0,0.0,0.0,0.0,0.0,0.0,0.0,0.0,0.0
38.69947,-8.46048,81.0,2001-07-08T22:00,17.7,71,12.4,16.6,0.0,0.0,0.0,0.0,0,1018.8,1009.2,3,0,0,10,0.04,0.58,12.3,20.5,320,322,31.0,20.5,23.7,22.3,19.0,0.053,0.075,0.121,0.228,0,0.0,0.0,0.0,0.0,0.0,0.0,0.0,0.0,0.0,0.0,0.0,0.0,0.0
38.69947,-8.46048,81.0,2001-07-08T23:00,16.9,75,12.5,15.9,0.0,0.0,0.0,0.0,0,1019.0,1009.3,14,0,21,5,0.03,0.48,12.0,21.3,319,323,25.6,19.4,23.5,22.3,19.0,0.053,0.075,0.121,0.228,0,0.0,0.0,0.0,0.0,0.0,0.0,0.0,0.0,0.0,0.0,0.0,0.0,0.0
38.69947,-8.46048,81.0,2001-07-09T00:00,16.5,78,12.6,15.9,0.0,0.0,0.0,0.0,0,1018.5,1008.8,4,0,6,0,0.01,0.42,9.4,18.0,320,323,22.0,18.7,23.3,22.3,19.0,0.053,0.075,0.121,0.228,0,0.0,0.0,0.0,0.0,0.0,0.0,0.0,0.0,0.0,0.0,0.0,0.0,0.0
38.69947,-8.46048,81.0,2001-07-09T01:00,16.2,79,12.6,15.9,0.0,0.0,0.0,0.0,0,1018.1,1008.4,4,0,7,0,0.01,0.38,7.3,15.8,327,330,19.4,18.1,23.2,22.3,19.0,0.053,0.075,0.121,0.228,0,0.0,0.0,0.0,0.0,0.0,0.0,0.0,0.0,0.0,0.0,0.0,0.0,0.0
38.69947,-8.46048,81.0,2001-07-09T02:00,16.1,80,12.6,16.1,0.0,0.0,0.0,0.0,0,1017.4,1007.7,12,0,20,0,0.0,0.37,5.4,12.9,323,330,17.3,17.8,23.0,22.3,19.1,0.053,0.075,0.121,0.228,0,0.0,0.0,0.0,0.0,0.0,0.0,0.0,0.0,0.0,0.0,0.0,0.0,0.0
38.69947,-8.46048,81.0,2001-07-09T03:00,16.0,80,12.6,16.2,0.0,0.0,0.0,0.0,0,1017.2,1007.5,16,0,26,0,0.0,0.36,4.5,10.5,299,319,15.8,17.6,22.8,22.3,19.1,0.053,0.075,0.121,0.228,0,0.0,0.0,0.0,0.0,0.0,0.0,0.0,0.0,0.0,0.0,0.0,0.0,0.0
38.69947,-8.46048,81.0,2001-07-09T04:00,15.8,82,12.6,15.9,0.0,0.0,0.0,0.0,1,1017.1,1007.4,26,0,43,0,0.0,0.33,4.4,9.2,279,309,13.7,17.2,22.6,22.3,19.1,0.053,0.075,0.121,0.228,0,0.0,0.0,0.0,0.0,0.0,0.0,0.0,0.0,0.0,0.0,0.0,0.0,0.0
38.69947,-8.46048,81.0,2001-07-09T05:00,15.5,83,12.7,15.8,0.0,0.0,0.0,0.0,1,1016.8,1007.1,50,10,68,0,0.0,0.3,3.7,8.4,259,295,11.2,16.8,22.5,22.3,19.1,0.053,0.075,0.121,0.228,0,0.0,0.0,0.0,0.0,0.0,0.0,0.0,0.0,0.0,0.0,0.0,0.0,0.0
38.69947,-8.46048,81.0,2001-07-09T06:00,15.6,83,12.8,15.9,0.0,0.0,0.0,0.0,3,1016.8,1007.1,87,41,83,0,0.02,0.29,3.7,7.4,241,284,10.1,16.7,22.3,22.3,19.1,0.053,0.075,0.121,0.228,1,0.0,15.0,5.0,10.0,53.2,15.0,65.9,34.7,11.6,23.1,100.4,18.4,152.5
38.69947,-8.46048,81.0,2001-07-09T07:00,16.9,81,13.7,17.7,0.0,0.0,0.0,0.0,3,1016.7,1007.1,100,74,94,0,0.04,0.36,2.6,4.5,236,256,8.6,18.0,22.1,22.3,19.1,0.053,0.075,0.121,0.228,1,207.66,62.0,14.0,48.0,66.9,62.0,276.8,90.0,20.3,69.6,66.9,90.0,401.6
38.69947,-8.46048,81.0,2001-07-09T08:00,18.0,77,14.0,18.9,0.0,0.0,0.0,0.0,3,1016.8,1007.2,100,94,94,0,0.08,0.47,2.8,3.9,230,236,10.4,19.8,22.1,22.3,19.1,0.053,0.075,0.121,0.228,1,471.2,121.0,30.0,91.0,75.7,121.0,524.3,148.8,36.9,111.9,75.7,148.8,644.7
38.69947,-8.46048,81.0,2001-07-09T09:00,19.2,75,14.6,20.1,0.0,0.0,0.0,0.0,3,1016.8,1007.2,100,100,89,0,0.13,0.56,4.3,5.6,228,230,13.3,21.5,22.1,22.3,19.1,0.053,0.075,0.121,0.228,1,662.75,176.0,47.0,129.0,82.1,176.0,757.6,201.1,53.7,147.4,82.1,201.1,865.4
38.69947,-8.46048,81.0,2001-07-09T10:00,20.2,75,15.5,21.1,0.0,0.0,0.0,0.0,3,1017.2,1007.7,100,100,67,0,0.14,0.6,6.6,8.4,248,245,16.2,22.5,22.1,22.3,19.1,0.053,0.075,0.121,0.228,1,0.0,176.0,8.0,168.0,11.0,176.0,960.6,192.1,8.7,183.4,11.0,192.1,1048.5
38.69947,-8.46048,81.0,2001-07-09T11:00,21.2,73,16.2,22.3,0.0,0.0,0.0,0.0,3,1017.1,1007.6,100,100,51,0,0.18,0.67,6.8,8.5,245,242,20.2,23.8,22.1,22.3,19.1,0.053,0.075,0.121,0.228,1,0.0,239.0,6.0,233.0,7.1,239.0,1119.6,252.2,6.3,245.9,7.1,252.2,1181.6
38.69947,-8.46048,81.0,2001-07-09T12:00,22.7,69,16.7,24.0,0.0,0.0,0.0,0.0,3,1017.1,1007.6,98,100,13,0,0.3,0.86,6.6,8.2,241,241,22.0,25.8,22.2,22.3,19.1,0.053,0.075,0.121,0.228,1,567.96,425.0,73.0,352.0,78.9,425.0,1223.8,436.0,74.9,361.2,78.9,436.0,1255.6
38.69947,-8.46048,81.0,2001-07-09T13:00,24.6,62,16.9,26.0,0.0,0.0,0.0,0.0,3,1016.5,1007.1,92,100,4,0,0.4,1.17,7.6,9.4,251,252,23.4,28.2,22.4,22.3,19.1,0.053,0.075,0.121,0.228,1,2245.13,564.0,129.0,435.0,134.8,564.0,1265.9,563.8,128.9,434.8,134.8,563.8,1265.4
38.69947,-8.46048,81.0,2001-07-09T14:00,25.7,58,16.9,26.7,0.1,0.1,0.0,0.0,51,1016.0,1006.6,92,100,4,0,0.38,1.37,9.7,12.2,270,270,24.8,29.3,22.6,22.3,19.1,0.053,0.075,0.121,0.228,1,754.42,511.0,80.0,431.0,85.1,511.0,1243.2,497.5,77.9,419.6,85.1,497.5,1210.4
38.69947,-8.46048,81.0,2001-07-09T15:00,25.9,58,17.0,26.6,0.1,0.1,0.0,0.0,51,1015.8,1006.5,90,100,0,0,0.31,1.41,12.0,15.6,286,285,27.4,28.9,22.8,22.2,19.1,0.055,0.075,0.121,0.228,1,223.94,362.0,59.0,303.0,67.5,362.0,1157.2,342.3,55.8,286.5,67.5,342.3,1094.3
38.69947,-8.46048,81.0,2001-07-09T16:00,26.2,57,17.0,26.6,0.1,0.1,0.0,0.0,51,1015.5,1006.2,87,97,0,0,0.36,1.46,14.3,19.2,295,296,30.2,29.0,23.0,22.2,19.1,0.056,0.074,0.121,0.228,1,3600.0,450.0,215.0,235.0,280.6,450.0,1013.7,410.7,196.2,214.5,280.6,410.7,925.1
38.69947,-8.46048,81.0,2001-07-09T17:00,26.2,57,16.9,26.4,0.0,0.0,0.0,0.0,3,1015.6,1006.3,85,94,0,0,0.31,1.47,14.9,20.3,302,303,31.0,28.7,23.2,22.2,19.1,0.057,0.074,0.121,0.228,1,3600.0,363.0,181.0,182.0,291.2,363.0,822.5,315.2,157.2,158.0,291.2,315.2,714.1
38.69947,-8.46048,81.0,2001-07-09T18:00,25.6,59,17.0,26.0,0.0,0.0,0.0,0.0,3,1015.6,1006.2,87,97,0,0,0.24,1.35,14.1,19.4,310,312,31.7,27.9,23.3,22.2,19.1,0.057,0.074,0.121,0.228,1,3600.0,269.0,156.0,113.0,346.0,269.0,596.6,214.6,124.4,90.1,346.0,214.6,475.9
38.69947,-8.46048,81.0,2001-07-09T19:00,23.4,67,16.9,23.9,0.0,0.0,0.0,0.0,3,1015.8,1006.4,89,99,0,0,0.12,0.95,13.2,18.6,315,317,28.8,26.1,23.4,22.2,19.1,0.057,0.074,0.121,0.228,1,1362.78,90.0,28.0,62.0,105.4,90.0,351.4,58.0,18.1,40.0,105.4,58.0,226.6
38.69947,-8.46048,81.0,2001-07-09T20:00,22.6,70,16.8,23.2,0.0,0.0,0.0,0.0,2,1016.1,1006.6,71,79,0,0,0.07,0.83,12.2,19.1,313,316,26.3,24.6,23.4,22.2,19.1,0.057,0.074,0.121,0.228,1,0.0,26.0,6.0,20.0,49.3,26.0,103.7,0.0,0.0,0.0,0.0,0.0,0.0
38.69947,-8.46048,81.0,2001-07-09T21:00,21.4,75,16.8,22.1,0.0,0.0,0.0,0.0,1,1016.9,1007.4,21,23,0,0,0.03,0.64,11.5,19.4,311,317,22.7,23.1,23.4,22.2,19.1,0.057,0.074,0.121,0.228,0,0.0,0.0,0.0,0.0,0.0,0.0,0.0,0.0,0.0,0.0,0.0,0.0,0.0
38.69947,-8.46048,81.0,2001-07-09T22:00,20.3,81,16.9,21.2,0.0,0.0,0.0,0.0,0,1017.8,1008.3,16,18,0,0,0.02,0.46,10.9,19.6,314,319,19.4,21.8,23.3,22.2,19.1,0.056,0.074,0.121,0.228,0,0.0,0.0,0.0,0.0,0.0,0.0,0.0,0.0,0.0,0.0,0.0,0.0,0.0
38.69947,-8.46048,81.0,2001-07-09T23:00,19.4,86,17.0,20.3,0.0,0.0,0.0,0.0,2,1017.6,1008.0,61,68,0,0,0.01,0.31,10.6,18.6,325,328,18.4,20.8,23.2,22.2,19.1,0.056,0.074,0.121,0.228,0,0.0,0.0,0.0,0.0,0.0,0.0,0.0,0.0,0.0,0.0,0.0,0.0,0.0
38.69947,-8.46048,81.0,2001-07-10T00:00,18.6,91,17.0,19.5,0.0,0.0,0.0,0.0,3,1017.9,1008.3,86,96,0,0,0.0,0.2,10.5,18.4,333,337,16.9,19.9,23.1,22.2,19.1,0.056,0.074,0.121,0.228,0,0.0,0.0,0.0,0.0,0.0,0.0,0.0,0.0,0.0,0.0,0.0,0.0,0.0
38.69947,-8.46048,81.0,2001-07-10T01:00,17.9,94,16.9,18.8,0.0,0.0,0.0,0.0,2,1017.5,1007.9,73,81,0,0,0.0,0.13,10.5,18.6,338,342,16.6,19.2,23.0,22.2,19.1,0.056,0.074,0.121,0.228,0,0.0,0.0,0.0,0.0,0.0,0.0,0.0,0.0,0.0,0.0,0.0,0.0,0.0
38.69947,-8.46048,81.0,2001-07-10T02:00,17.5,95,16.7,18.3,0.0,0.0,0.0,0.0,2,1017.2,1007.6,58,65,0,0,0.0,0.09,10.2,17.6,342,345,15.8,18.6,22.8,22.2,19.1,0.056,0.074,0.121,0.228,0,0.0,0.0,0.0,0.0,0.0,0.0,0.0,0.0,0.0,0.0,0.0,0.0,0.0
38.69947,-8.46048,81.0,2001-07-10T03:00,17.1,96,16.4,18.0,0.0,0.0,0.0,0.0,1,1017.3,1007.7,32,35,0,0,0.0,0.08,9.2,17.1,339,345,14.8,18.2,22.7,22.2,19.1,0.056,0.074,0.121,0.228,0,0.0,0.0,0.0,0.0,0.0,0.0,0.0,0.0,0.0,0.0,0.0,0.0,0.0
38.69947,-8.46048,81.0,2001-07-10T04:00,16.7,96,16.1,17.6,0.0,0.0,0.0,0.0,0,1017.5,1007.8,13,14,0,0,0.0,0.08,8.6,17.2,338,344,14.4,17.9,22.5,22.2,19.1,0.056,0.074,0.121,0.228,0,0.0,0.0,0.0,0.0,0.0,0.0,0.0,0.0,0.0,0.0,0.0,0.0,0.0
38.69947,-8.46048,81.0,2001-07-10T05:00,16.4,96,15.7,17.0,0.0,0.0,0.0,0.0,0,1017.3,1007.6,12,13,0,0,0.0,0.08,9.0,17.8,337,342,14.0,17.5,22.3,22.2,19.1,0.056,0.074,0.121,0.228,0,0.0,0.0,0.0,0.0,0.0,0.0,0.0,0.0,0.0,0.0,0.0,0.0,0.0
38.69947,-8.46048,81.0,2001-07-10T06:00,16.3,95,15.5,16.5,0.0,0.0,0.0,0.0,1,1017.8,1008.1,32,35,0,0,0.01,0.09,10.8,19.1,339,344,15.5,17.3,22.2,22.2,19.1,0.056,0.074,0.121,0.228,1,29.65,16.0,6.0,10.0,64.5,16.0,64.8,37.1,13.9,23.2,122.6,19.5,150.2
38.69947,-8.46048,81.0,2001-07-10T07:00,17.3,90,15.7,17.3,0.0,0.0,0.0,0.0,2,1018.1,1008.5,56,62,0,0,0.05,0.19,13.2,19.0,349,350,25.2,18.0,22.0,22.2,19.1,0.056,0.074,0.121,0.228,1,3600.0,94.0,39.0,55.0,187.9,94.0,274.6,136.8,56.7,80.0,187.9,136.8,399.5
38.69947,-8.46048,81.0,2001-07-10T08:00,18.6,84,15.8,18.7,0.0,0.0,0.0,0.0,2,1018.3,1008.7,78,87,0,0,0.12,0.35,13.4,18.0,355,357,28.8,19.9,22.0,22.2,19.1,0.056,0.074,0.121,0.228,1,3600.0,208.0,73.0,135.0,184.9,208.0,522.3,256.0,89.8,166.2,184.9,256.0,642.9
38.69947,-8.46048,81.0,2001-07-10T09:00,20.5,75,16.0,20.7,0.0,0.0,0.0,0.0,1,1018.4,1008.9,33,37,0,0,0.24,0.6,12.6,16.6,360,1,29.9,22.4,22.0,22.2,19.1,0.056,0.074,0.121,0.228,1,3600.0,388.0,158.0,230.0,276.6,388.0,755.8,443.4,180.6,262.9,276.6,443.4,863.8
38.69947,-8.46048,81.0,2001-07-10T10:00,23.1,65,16.2,24.1,0.0,0.0,0.0,0.0,0,1018.3,1008.8,1,1,0,0,0.4,0.99,10.7,14.1,12,13,29.2,25.7,22.1,22.2,19.1,0.056,0.074,0.121,0.228,1,3600.0,620.0,432.0,188.0,596.0,620.0,959.2,676.9,471.6,205.3,596.0,676.9,1047.2
38.69947,-8.46048,81.0,2001-07-10T11:00,25.9,55,16.2,28.3,0.0,0.0,0.0,0.0,0,1018.1,1008.7,0,0,0,0,0.56,1.49,9.1,11.4,9,11,28.1,29.1,22.3,22.2,19.1,0.056,0.074,0.121,0.228,1,3600.0,823.0,692.0,131.0,818.7,823.0,1118.4,868.7,730.4,138.3,818.7,868.7,1180.5
38.69947,-8.46048,81.0,2001-07-10T12:00,28.1,48,16.1,31.2,0.0,0.0,0.0,0.0,0,1017.8,1008.5,0,0,0,0,0.66,1.98,8.3,10.1,358,360,28.1,32.1,22.6,22.2,19.1,0.055,0.074,0.121,0.228,1,3600.0,923.0,794.0,129.0,859.2,923.0,1222.8,947.1,814.7,132.4,859.2,947.1,1254.7
38.69947,-8.46048,81.0,2001-07-10T13:00,29.8,43,15.7,32.9,0.0,0.0,0.0,0.0,0,1017.3,1008.1,0,0,0,0,0.71,2.4,8.5,10.2,348,352,28.4,34.5,23.0,22.2,19.1,0.055,0.074,0.121,0.228,1,3600.0,963.0,836.0,127.0,874.4,963.0,1265.1,962.7,835.7,127.0,874.4,962.7,1264.7
38.69947,-8.46048,81.0,2001-07-10T14:00,30.9,40,15.5,33.5,0.0,0.0,0.0,0.0,0,1016.6,1007.4,0,0,0,0,0.72,2.7,10.0,12.1,345,348,30.6,35.9,23.4,22.1,19.1,0.055,0.074,0.12,0.228,1,3600.0,942.0,817.0,125.0,870.1,942.0,1242.6,917.2,795.5,121.7,870.1,917.2,1209.8
38.69947,-8.46048,81.0,2001-07-10T15:00,31.5,38,15.4,33.3,0.0,0.0,0.0,0.0,0,1016.5,1007.3,0,0,0,0,0.68,2.87,12.4,15.6,343,345,33.8,36.5,23.8,22.2,19.1,0.054,0.074,0.12,0.228,1,3600.0,866.0,747.0,119.0,854.6,866.0,1156.6,818.9,706.4,112.5,854.6,818.9,1093.7
38.69947,-8.46048,81.0,2001-07-10T16:00,31.6,38,15.4,32.0,0.0,0.0,0.0,0.0,0,1016.0,1006.8,0,0,0,0,0.62,2.91,16.3,21.0,342,344,36.7,36.1,24.1,22.2,19.2,0.054,0.074,0.12,0.228,1,3600.0,740.0,629.0,111.0,821.6,740.0,1013.1,675.2,574.0,101.3,821.6,675.2,924.4
38.69947,-8.46048,81.0,2001-07-10T17:00,31.1,39,15.4,30.1,0.0,0.0,0.0,0.0,0,1016.1,1006.9,0,0,0,0,0.53,2.76,19.9,26.1,340,342,40.0,34.9,24.5,22.2,19.2,0.054,0.074,0.12,0.228,1,3600.0,575.0,475.0,100.0,764.9,575.0,821.8,499.1,412.3,86.8,764.9,499.1,713.4
38.69947,-8.46048,81.0,2001-07-10T18:00,29.6,42,15.4,28.2,0.0,0.0,0.0,0.0,0,1016.0,1006.8,0,0,0,0,0.4,2.4,22.5,31.0,338,340,42.5,33.0,24.7,22.2,19.2,0.054,0.074,0.12,0.228,1,3600.0,388.0,305.0,83.0,677.5,388.0,595.8,309.3,243.1,66.2,677.5,309.3,474.9
38.69947,-8.46048,81.0,2001-07-10T19:00,27.1,50,15.7,25.9,0.0,0.0,0.0,0.0,0,1016.4,1007.1,0,0,0,0,0.25,1.81,21.7,31.3,339,341,44.6,30.4,24.8,22.2,19.2,0.054,0.074,0.12,0.228,1,3600.0,197.0,137.0,60.0,517.4,197.0,350.4,126.7,88.1,38.6,517.4,126.7,225.4
38.69947,-8.46048,81.0,2001-07-10T20:00,24.8,56,15.3,23.7,0.0,0.0,0.0,0.0,0,1016.8,1007.4,0,0,0,0,0.14,1.39,19.7,30.3,342,344,41.0,27.6,24.9,22.2,19.2,0.054,0.074,0.12,0.228,1,1882.46,44.0,23.0,21.0,189.6,44.0,102.3,0.0,0.0,0.0,0.0,0.0,0.0
38.69947,-8.46048,81.0,2001-07-10T21:00,22.9,61,15.1,22.0,0.0,0.0,0.0,0.0,0,1017.7,1008.2,0,0,0,0,0.09,1.07,17.5,29.0,346,349,36.0,25.4,24.9,22.2,19.2,0.054,0.074,0.12,0.228,0,0.0,0.0,0.0,0.0,0.0,0.0,0.0,0.0,0.0,0.0,0.0,0.0,0.0
38.69947,-8.46048,81.0,2001-07-10T22:00,21.3,67,15.0,20.7,0.0,0.0,0.0,0.0,0,1017.8,1008.3,0,0,0,0,0.06,0.83,15.8,28.0,348,352,32.4,23.6,24.8,22.2,19.2,0.054,0.074,0.12,0.228,0,0.0,0.0,0.0,0.0,0.0,0.0,0.0,0.0,0.0,0.0,0.0,0.0,0.0
38.69947,-8.46048,81.0,2001-07-10T23:00,20.1,72,15.0,19.6,0.0,0.0,0.0,0.0,0,1018.0,1008.4,0,0,0,0,0.05,0.65,14.9,27.5,352,355,29.9,22.3,24.7,22.2,19.2,0.054,0.074,0.12,0.228,0,0.0,0.0,0.0,0.0,0.0,0.0,0.0,0.0,0.0,0.0,0.0,0.0,0.0
38.69947,-8.46048,81.0,2001-07-11T00:00,19.1,77,15.0,18.7,0.0,0.0,0.0,0.0,0,1018.0,1008.4,0,0,0,0,0.03,0.51,14.1,26.7,356,358,27.4,21.2,24.5,22.2,19.2,0.054,0.074,0.12,0.228,0,0.0,0.0,0.0,0.0,0.0,0.0,0.0,0.0,0.0,0.0,0.0,0.0,0.0
38.69947,-8.46048,81.0,2001-07-11T01:00,18.4,81,15.0,18.0,0.0,0.0,0.0,0.0,0,1017.8,1008.2,0,0,0,0,0.02,0.4,13.7,25.9,358,360,25.9,20.3,24.4,22.2,19.2,0.054,0.074,0.12,0.228,0,0.0,0.0,0.0,0.0,0.0,0.0,0.0,0.0,0.0,0.0,0.0,0.0,0.0
38.69947,-8.46048,81.0,2001-07-11T02:00,17.8,84,15.1,17.6,0.0,0.0,0.0,0.0,0,1017.5,1007.9,0,0,0,0,0.01,0.32,12.6,24.9,2,4,24.1,19.5,24.2,22.2,19.2,0.054,0.074,0.12,0.228,0,0.0,0.0,0.0,0.0,0.0,0.0,0.0,0.0,0.0,0.0,0.0,0.0,0.0
38.69947,-8.46048,81.0,2001-07-11T03:00,17.4,87,15.2,17.4,0.0,0.0,0.0,0.0,0,1017.6,1008.0,0,0,0,0,0.01,0.27,12.0,24.4,7,8,22.3,19.0,24.0,22.2,19.2,0.054,0.074,0.12,0.228,0,0.0,0.0,0.0,0.0,0.0,0.0,0.0,0.0,0.0,0.0,0.0,0.0,0.0
38.69947,-8.46048,81.0,2001-07-11T04:00,17.1,89,15.2,17.2,0.0,0.0,0.0,0.0,0,1017.6,1008.0,0,0,0,0,0.0,0.22,11.7,24.0,11,13,21.2,18.5,23.8,22.2,19.2,0.054,0.074,0.12,0.228,0,0.0,0.0,0.0,0.0,0.0,0.0,0.0,0.0,0.0,0.0,0.0,0.0,0.0
38.69947,-8.46048,81.0,2001-07-11T05:00,17.0,90,15.3,17.1,0.0,0.0,0.0,0.0,0,1017.7,1008.0,0,0,0,0,0.0,0.19,11.5,23.6,14,16,20.5,18.2,23.6,22.2,19.2,0.054,0.074,0.12,0.228,0,0.0,0.0,0.0,0.0,0.0,0.0,0.0,0.0,0.0,0.0,0.0,0.0,0.0
38.69947,-8.46048,81.0,2001-07-11T06:00,17.1,90,15.4,17.1,0.0,0.0,0.0,0.0,0,1018.1,1008.4,0,0,0,0,0.02,0.2,12.0,23.3,16,17,19.8,18.1,23.4,22.2,19.2,0.054,0.074,0.12,0.228,1,100.81,16.0,7.0,9.0,76.0,16.0,63.6,37.2,16.3,20.9,145.6,19.4,147.8
38.69947,-8.46048,81.0,2001-07-11T07:00,19.6,74,14.9,19.5,0.0,0.0,0.0,0.0,0,1018.5,1008.9,0,0,0,0,0.1,0.59,11.9,21.4,14,17,23.4,19.6,23.3,22.2,19.2,0.054,0.074,0.12,0.228,1,3600.0,143.0,93.0,50.0,451.9,143.0,272.3,208.7,135.7,73.0,451.9,208.7,397.4
38.69947,-8.46048,81.0,2001-07-11T08:00,22.7,62,15.0,22.6,0.0,0.0,0.0,0.0,0,1018.7,1009.2,0,0,0,0,0.23,1.05,12.6,17.9,13,15,27.0,22.6,23.3,22.2,19.2,0.054,0.074,0.12,0.228,1,3600.0,329.0,252.0,77.0,640.9,329.0,520.3,405.3,310.4,94.9,640.9,405.3,641.0
38.69947,-8.46048,81.0,2001-07-11T09:00,26.1,49,14.7,25.7,0.0,0.0,0.0,0.0,0,1018.9,1009.5,0,0,0,0,0.39,1.72,13.3,17.8,13,14,29.5,26.2,23.3,22.2,19.2,0.053,0.074,0.12,0.228,1,3600.0,523.0,430.0,93.0,754.6,523.0,754.1,598.0,491.6,106.3,754.6,598.0,862.2
38.69947,-8.46048,81.0,2001-07-11T10:00,29.4,38,13.5,29.4,0.0,0.0,0.0,0.0,0,1018.9,1009.6,0,0,0,0,0.55,2.54,13.0,16.9,14,16,31.7,29.9,23.5,22.2,19.2,0.053,0.074,0.12,0.227,1,3600.0,699.0,594.0,105.0,820.8,699.0,957.7,763.3,648.7,114.7,820.8,763.3,1045.9
38.69947,-8.46048,81.0,2001-07-11T11:00,32.2,29,11.7,32.4,0.0,0.0,0.0,0.0,0,1018.3,1009.1,0,0,0,0,0.69,3.42,12.9,16.4,13,15,32.4,33.3,23.8,22.2,19.2,0.053,0.074,0.12,0.227,1,3600.0,839.0,726.0,113.0,859.9,839.0,1117.2,885.7,766.4,119.3,859.9,885.7,1179.4
38.69947,-8.46048,81.0,2001-07-11T12:00,34.1,24,10.5,34.7,0.0,0.0,0.0,0.0,0,1018.4,1009.3,0,0,0,0,0.78,4.09,12.0,15.5,9,12,32.8,36.3,24.1,22.2,19.2,0.053,0.073,0.12,0.227,1,3600.0,934.0,817.0,117.0,884.9,934.0,1221.8,958.5,838.4,120.1,884.9,958.5,1253.8
38.69947,-8.46048,81.0,2001-07-11T13:00,35.5,20,9.2,35.9,0.0,0.0,0.0,0.0,0,1017.6,1008.5,0,0,0,0,0.83,4.62,12.3,15.2,3,7,32.4,38.5,24.6,22.2,19.2,0.053,0.073,0.12,0.227,1,3600.0,972.0,853.0,119.0,892.8,972.0,1264.3,971.7,852.8,119.0,892.8,971.7,1264.0
38.69947,-8.46048,81.0,2001-07-11T14:00,36.5,18,8.3,36.4,0.0,0.0,0.0,0.0,0,1017.0,1008.0,0,0,0,0,0.84,5.02,13.0,16.6,360,2,32.4,40.1,25.0,22.2,19.2,0.052,0.073,0.12,0.227,1,3600.0,952.0,835.0,117.0,889.8,952.0,1241.9,926.9,813.0,113.9,889.8,926.9,1209.1
38.69947,-8.46048,81.0,2001-07-11T15:00,37.2,17,8.0,36.3,0.0,0.0,0.0,0.0,0,1016.6,1007.6,0,0,0,0,0.81,5.26,14.4,18.4,357,360,33.5,40.7,25.4,22.2,19.2,0.052,0.073,0.12,0.227,1,3600.0,876.0,763.0,113.0,873.5,876.0,1155.9,828.4,721.5,106.9,873.5,828.4,1093.1
38.69947,-8.46048,81.0,2001-07-11T16:00,37.2,17,8.3,35.5,0.0,0.0,0.0,0.0,0,1016.4,1007.4,0,0,0,0,0.73,5.25,16.0,20.6,352,355,36.0,40.5,25.8,22.2,19.2,0.052,0.073,0.12,0.227,1,3600.0,749.0,643.0,106.0,840.5,749.0,1012.4,683.4,586.7,96.7,840.5,683.4,923.7
38.69947,-8.46048,81.0,2001-07-11T17:00,36.5,20,10.2,34.0,0.0,0.0,0.0,0.0,0,1016.1,1007.1,0,0,0,0,0.63,4.85,18.6,24.7,345,347,41.0,39.3,26.2,22.2,19.2,0.052,0.073,0.119,0.227,1,3600.0,582.0,487.0,95.0,785.0,582.0,821.0,505.1,422.6,82.4,785.0,505.1,712.5
38.69947,-8.46048,81.0,2001-07-11T18:00,34.5,28,13.3,32.4,0.0,0.0,0.0,0.0,0,1016.2,1007.1,0,0,0,0,0.5,3.93,21.5,30.1,339,341,45.7,37.1,26.5,22.2,19.2,0.052,0.073,0.119,0.227,1,3600.0,392.0,312.0,80.0,694.2,392.0,594.8,312.3,248.6,63.7,694.2,312.3,473.9
38.69947,-8.46048,81.0,2001-07-11T19:00,32.2,36,15.0,30.8,0.0,0.0,0.0,0.0,0,1016.4,1007.2,0,0,0,0,0.33,3.09,20.8,31.6,337,339,43.2,34.4,26.6,22.2,19.2,0.052,0.073,0.119,0.227,1,3600.0,200.0,142.0,58.0,538.2,200.0,349.2,128.3,91.1,37.2,538.2,128.3,224.1
38.69947,-8.46048,81.0,2001-07-11T20:00,29.4,43,15.6,28.3,0.0,0.0,0.0,0.0,0,1016.7,1007.5,0,0,0,0,0.2,2.32,20.5,32.5,342,345,40.0,31.4,26.7,22.3,19.2,0.052,0.073,0.119,0.227,0,1860.94,44.0,24.0,20.0,198.7,44.0,101.2,0.0,0.0,0.0,0.0,0.0,0.0
38.69947,-8.46048,81.0,2001-07-11T21:00,27.1,50,15.7,26.2,0.0,0.0,0.0,0.0,0,1017.6,1008.3,0,0,0,0,0.15,1.81,19.3,31.8,346,350,37.4,29.0,26.7,22.3,19.2,0.052,0.073,0.119,0.227,0,0.0,0.0,0.0,0.0,0.0,0.0,0.0,0.0,0.0,0.0,0.0,0.0,0.0
38.69947,-8.46048,81.0,2001-07-11T22:00,25.3,56,15.8,24.6,0.0,0.0,0.0,0.0,0,1018.2,1008.8,0,0,0,0,0.12,1.43,18.2,31.2,351,353,34.9,27.1,26.7,22.3,19.2,0.052,0.073,0.119,0.227,0,0.0,0.0,0.0,0.0,0.0,0.0,0.0,0.0,0.0,0.0,0.0,0.0,0.0
38.69947,-8.46048,81.0,2001-07-11T23:00,23.8,61,15.9,23.3,0.0,0.0,0.0,0.0,0,1018.1,1008.7,0,0,0,0,0.09,1.14,17.7,31.0,355,358,33.5,25.6,26.6,22.3,19.2,0.052,0.073,0.119,0.227,0,0.0,0.0,0.0,0.0,0.0,0.0,0.0,0.0,0.0,0.0,0.0,0.0,0.0
38.69947,-8.46048,81.0,2001-07-12T00:00,22.8,66,16.0,22.4,0.0,0.0,0.0,0.0,0,1018.2,1008.7,0,0,0,0,0.07,0.95,16.9,30.2,358,1,31.3,24.4,26.5,22.3,19.2,0.052,0.073,0.119,0.227,0,0.0,0.0,0.0,0.0,0.0,0.0,0.0,0.0,0.0,0.0,0.0,0.0,0.0
38.69947,-8.46048,81.0,2001-07-12T01:00,22.0,69,16.1,21.7,0.0,0.0,0.0,0.0,0,1017.8,1008.3,0,0,0,0,0.06,0.81,16.2,29.6,360,3,29.9,23.5,26.3,22.3,19.2,0.052,0.073,0.119,0.227,0,0.0,0.0,0.0,0.0,0.0,0.0,0.0,0.0,0.0,0.0,0.0,0.0,0.0
38.69947,-8.46048,81.0,2001-07-12T02:00,21.3,72,16.1,21.2,0.0,0.0,0.0,0.0,0,1017.7,1008.2,0,0,0,0,0.05,0.7,15.5,28.9,1,4,28.1,22.7,26.2,22.3,19.2,0.052,0.073,0.119,0.227,0,0.0,0.0,0.0,0.0,0.0,0.0,0.0,0.0,0.0,0.0,0.0,0.0,0.0
38.69947,-8.46048,81.0,2001-07-12T03:00,20.8,74,16.1,20.8,0.0,0.0,0.0,0.0,0,1017.4,1007.9,0,0,0,0,0.04,0.63,14.4,27.5,3,6,26.3,22.0,26.0,22.3,19.2,0.052,0.073,0.119,0.227,0,0.0,0.0,0.0,0.0,0.0,0.0,0.0,0.0,0.0,0.0,0.0,0.0,0.0
38.69947,-8.46048,81.0,2001-07-12T04:00,20.3,77,16.1,20.4,0.0,0.0,0.0,0.0,0,1017.7,1008.2,0,0,0,0,0.03,0.55,13.7,26.8,5,7,24.8,21.4,25.8,22.3,19.2,0.052,0.073,0.119,0.227,0,0.0,0.0,0.0,0.0,0.0,0.0,0.0,0.0,0.0,0.0,0.0,0.0,0.0
38.69947,-8.46048,81.0,2001-07-12T05:00,19.8,79,16.1,20.0,0.0,0.0,0.0,0.0,0,1017.6,1008.0,0,0,0,0,0.03,0.48,13.0,25.8,5,8,23.4,20.9,25.6,22.3,19.2,0.051,0.073,0.119,0.227,0,0.0,0.0,0.0,0.0,0.0,0.0,0.0,0.0,0.0,0.0,0.0,0.0,0.0
38.69947,-8.46048,81.0,2001-07-12T06:00,19.7,80,16.2,19.8,0.0,0.0,0.0,0.0,0,1018.1,1008.5,0,0,0,0,0.04,0.45,13.4,25.5,5,8,22.7,20.6,25.4,22.3,19.2,0.051,0.073,0.119,0.227,1,100.53,16.0,7.0,9.0,76.7,16.0,62.4,37.3,16.3,21.0,148.4,19.3,145.4
38.69947,-8.46048,81.0,2001-07-12T07:00,21.9,71,16.3,22.1,0.0,0.0,0.0,0.0,0,1018.2,1008.7,0,0,0,0,0.11,0.77,13.4,23.2,5,7,25.6,21.9,25.3,22.4,19.2,0.051,0.073,0.119,0.227,1,3600.0,142.0,93.0,49.0,455.8,142.0,270.0,207.8,136.1,71.7,455.8,207.8,395.2
38.69947,-8.46048,81.0,2001-07-12T08:00,24.6,59,16.0,24.6,0.0,0.0,0.0,0.0,0,1018.4,1009.0,0,0,0,0,0.25,1.28,14.1,19.6,4,6,29.9,24.7,25.2,22.4,19.3,0.051,0.073,0.119,0.227,1,3600.0,329.0,253.0,76.0,646.0,329.0,518.3,405.7,312.0,93.7,646.0,405.7,639.1
38.69947,-8.46048,81.0,2001-07-12T09:00,27.6,48,15.5,27.3,0.0,0.0,0.0,0.0,0,1018.4,1009.1,0,0,0,0,0.41,1.93,14.8,19.8,360,2,32.4,28.0,25.3,22.4,19.3,0.051,0.073,0.119,0.227,1,3600.0,523.0,430.0,93.0,756.4,523.0,752.4,598.2,491.9,106.4,756.4,598.2,860.6
38.69947,-8.46048,81.0,2001-07-12T10:00,30.3,38,14.5,30.3,0.0,0.0,0.0,0.0,0,1018.5,1009.3,0,0,0,0,0.57,2.67,15.5,20.2,359,1,36.0,31.3,25.4,22.4,19.3,0.051,0.073,0.119,0.227,1,3600.0,699.0,594.0,105.0,822.1,699.0,956.2,763.5,648.8,114.7,822.1,763.5,1044.5
38.69947,-8.46048,81.0,2001-07-12T11:00,32.6,31,13.2,32.8,0.0,0.0,0.0,0.0,0,1018.2,1009.0,0,0,0,0,0.71,3.41,15.9,20.9,355,357,39.2,34.4,25.6,22.4,19.3,0.051,0.073,0.119,0.227,1,3600.0,837.0,725.0,112.0,859.7,837.0,1116.0,883.7,765.5,118.3,859.7,883.7,1178.3
38.69947,-8.46048,81.0,2001-07-12T12:00,34.3,26,12.0,34.5,0.0,0.0,0.0,0.0,0,1018.0,1008.9,0,0,0,0,0.81,3.99,16.1,20.7,350,352,41.4,36.9,25.9,22.4,19.3,0.051,0.073,0.119,0.227,1,3600.0,931.0,814.0,117.0,882.4,931.0,1220.8,955.5,835.4,120.1,882.4,955.5,1252.9
38.69947,-8.46048,81.0,2001-07-12T13:00,35.3,24,11.5,35.4,0.0,0.0,0.0,0.0,0,1017.7,1008.6,0,0,0,0,0.86,4.36,17.1,22.1,342,344,42.5,38.7,26.2,22.4,19.3,0.051,0.073,0.119,0.227,1,3600.0,969.0,850.0,119.0,890.3,969.0,1263.5,968.8,849.8,119.0,890.3,968.8,1263.2
38.69947,-8.46048,81.0,2001-07-12T14:00,35.7,23,11.6,35.3,0.0,0.0,0.0,0.0,0,1017.0,1007.9,0,0,0,0,0.86,4.47,19.2,24.9,337,338,45.0,39.7,26.6,22.4,19.3,0.051,0.073,0.119,0.227,1,3600.0,948.0,830.0,118.0,885.0,948.0,1241.1,923.0,808.1,114.9,885.0,923.0,1208.4
38.69947,-8.46048,81.0,2001-07-12T15:00,35.4,24,12.0,34.5,0.0,0.0,0.0,0.0,0,1016.7,1007.6,0,0,0,0,0.82,4.35,21.1,27.6,335,336,47.2,39.7,26.9,22.4,19.3,0.051,0.073,0.119,0.227,1,3600.0,871.0,757.0,114.0,867.2,871.0,1155.2,823.6,715.8,107.8,867.2,823.6,1092.4
38.69947,-8.46048,81.0,2001-07-12T16:00,34.7,26,12.4,33.0,0.0,0.0,0.0,0.0,0,1016.7,1007.6,0,0,0,0,0.73,4.08,22.7,30.3,335,336,49.0,38.9,27.2,22.4,19.3,0.051,0.073,0.119,0.227,1,3600.0,745.0,638.0,107.0,834.6,745.0,1011.6,679.6,582.0,97.6,834.6,679.6,922.9
38.69947,-8.46048,81.0,2001-07-12T17:00,33.5,28,12.5,31.1,0.0,0.0,0.0,0.0,0,1016.4,1007.3,0,0,0,0,0.61,3.73,23.0,31.4,335,336,49.7,37.4,27.4,22.4,19.3,0.051,0.072,0.119,0.227,1,3600.0,580.0,485.0,95.0,782.7,580.0,820.1,503.2,420.8,82.4,782.7,503.2,711.5
38.69947,-8.46048,81.0,2001-07-12T18:00,31.8,32,12.9,29.4,0.0,0.0,0.0,0.0,0,1016.7,1007.5,0,0,0,0,0.46,3.21,22.7,31.9,335,336,49.7,35.3,27.6,22.5,19.3,0.051,0.072,0.119,0.227,1,3600.0,391.0,311.0,80.0,693.2,391.0,593.7,311.3,247.6,63.7,693.2,311.3,472.7
38.69947,-8.46048,81.0,2001-07-12T19:00,29.1,39,13.9,27.0,0.0,0.0,0.0,0.0,0,1017.0,1007.7,0,0,0,0,0.31,2.44,22.7,33.2,333,334,45.0,32.5,27.7,22.5,19.3,0.051,0.072,0.119,0.227,1,3600.0,201.0,142.0,59.0,540.2,201.0,347.9,128.6,90.9,37.8,540.2,128.6,222.6
38.69947,-8.46048,81.0,2001-07-12T20:00,25.6,51,14.7,24.0,0.0,0.0,0.0,0.0,0,1017.7,1008.3,0,0,0,0,0.16,1.6,21.4,33.6,335,337,43.6,29.3,27.7,22.5,19.3,0.051,0.072,0.119,0.227,0,1837.49,43.0,24.0,19.0,199.6,43.0,100.5,0.0,0.0,0.0,0.0,0.0,0.0
38.69947,-8.46048,81.0,2001-07-12T21:00,22.8,61,14.9,21.6,0.0,0.0,0.0,0.0,0,1018.5,1009.0,0,0,0,0,0.1,1.08,19.8,32.0,341,343,40.3,26.6,27.6,22.5,19.3,0.051,0.072,0.119,0.227,0,0.0,0.0,0.0,0.0,0.0,0.0,0.0,0.0,0.0,0.0,0.0,0.0,0.0
38.69947,-8.46048,81.0,2001-07-12T22:00,21.2,67,14.8,20.2,0.0,0.0,0.0,0.0,0,1019.0,1009.5,0,0,0,0,0.07,0.83,17.6,29.9,345,347,37.1,24.6,27.4,22.5,19.3,0.051,0.072,0.119,0.227,0,0.0,0.0,0.0,0.0,0.0,0.0,0.0,0.0,0.0,0.0,0.0,0.0,0.0
38.69947,-8.46048,81.0,2001-07-12T23:00,20.3,70,14.6,19.5,0.0,0.0,0.0,0.0,0,1018.9,1009.3,0,0,0,0,0.05,0.71,15.9,27.5,347,349,34.9,23.2,27.2,22.5,19.3,0.051,0.072,0.119,0.227,0,0.0,0.0,0.0,0.0,0.0,0.0,0.0,0.0,0.0,0.0,0.0,0.0,0.0
38.69947,-8.46048,81.0,2001-07-13T00:00,19.5,73,14.5,18.8,0.0,0.0,0.0,0.0,0,1018.8,1009.2,0,0,0,0,0.04,0.62,15.4,27.1,344,346,32.0,22.1,27.0,22.5,19.3,0.051,0.072,0.119,0.227,0,0.0,0.0,0.0,0.0,0.0,0.0,0.0,0.0,0.0,0.0,0.0,0.0,0.0
38.69947,-8.46048,81.0,2001-07-13T01:00,18.9,75,14.5,18.2,0.0,0.0,0.0,0.0,0,1018.5,1008.9,3,3,0,0,0.04,0.54,15.1,27.2,342,345,29.9,21.3,26.8,22.5,19.3,0.051,0.072,0.119,0.227,0,0.0,0.0,0.0,0.0,0.0,0.0,0.0,0.0,0.0,0.0,0.0,0.0,0.0
38.69947,-8.46048,81.0,2001-07-13T02:00,18.4,78,14.5,17.6,0.0,0.0,0.0,0.0,0,1018.2,1008.6,3,3,0,0,0.03,0.46,15.0,27.5,343,346,28.1,20.6,26.5,22.6,19.3,0.051,0.072,0.119,0.227,0,0.0,0.0,0.0,0.0,0.0,0.0,0.0,0.0,0.0,0.0,0.0,0.0,0.0
38.69947,-8.46048,81.0,2001-07-13T03:00,17.8,81,14.5,17.1,0.0,0.0,0.0,0.0,0,1018.1,1008.5,1,1,0,0,0.02,0.39,15.4,27.9,344,346,25.2,19.9,26.3,22.6,19.3,0.051,0.072,0.119,0.227,0,0.0,0.0,0.0,0.0,0.0,0.0,0.0,0.0,0.0,0.0,0.0,0.0,0.0
38.69947,-8.46048,81.0,2001-07-13T04:00,17.4,84,14.6,16.6,0.0,0.0,0.0,0.0,0,1018.3,1008.7,11,12,0,0,0.02,0.32,15.6,28.0,345,347,24.5,19.4,26.0,22.6,19.3,0.051,0.072,0.119,0.227,0,0.0,0.0,0.0,0.0,0.0,0.0,0.0,0.0,0.0,0.0,0.0,0.0,0.0
38.69947,-8.46048,81.0,2001-07-13T05:00,16.9,87,14.7,16.4,0.0,0.0,0.0,0.0,0,1018.3,1008.6,13,14,0,0,0.01,0.25,14.4,26.4,347,349,24.1,18.9,25.8,22.6,19.3,0.051,0.072,0.119,0.227,0,0.0,0.0,0.0,0.0,0.0,0.0,0.0,0.0,0.0,0.0,0.0,0.0,0.0
38.69947,-8.46048,81.0,2001-07-13T06:00,16.8,89,14.9,16.3,0.0,0.0,0.0,0.0,0,1018.5,1008.8,14,15,0,0,0.03,0.22,14.1,24.6,347,349,23.0,18.6,25.5,22.6,19.3,0.051,0.072,0.119,0.227,1,36.73,15.0,6.0,9.0,66.4,15.0,61.2,35.0,14.0,21.0,129.7,17.9,143.0
38.69947,-8.46048,81.0,2001-07-13T07:00,18.1,85,15.4,17.7,0.0,0.0,0.0,0.0,0,1018.7,1009.1,14,15,0,0,0.08,0.32,14.8,22.1,346,348,28.1,19.7,25.3,22.6,19.3,0.051,0.072,0.119,0.227,1,3600.0,135.0,80.0,55.0,395.5,135.0,267.7,198.2,117.4,80.7,395.5,198.2,393.0
38.69947,-8.46048,81.0,2001-07-13T08:00,20.1,74,15.2,19.5,0.0,0.0,0.0,0.0,0,1018.8,1009.2,3,3,0,0,0.18,0.62,16.0,22.2,346,347,32.8,21.9,25.2,22.6,19.3,0.051,0.072,0.119,0.227,1,3600.0,299.0,216.0,83.0,553.8,299.0,516.2,369.1,266.6,102.4,553.8,369.1,637.2
38.69947,-8.46048,81.0,2001-07-13T09:00,22.6,62,15.0,21.8,0.0,0.0,0.0,0.0,0,1018.9,1009.4,1,1,0,0,0.33,1.03,16.6,22.5,342,344,36.0,24.7,25.1,22.6,19.3,0.051,0.072,0.119,0.227,1,3600.0,513.0,415.0,98.0,731.8,513.0,750.6,587.1,474.9,112.2,731.8,587.1,858.9
38.69947,-8.46048,81.0,2001-07-13T10:00,25.1,53,14.8,25.0,0.0,0.0,0.0,0.0,0,1019.2,1009.8,0,0,0,0,0.48,1.5,16.6,21.8,342,344,38.9,27.8,25.2,22.6,19.3,0.051,0.072,0.119,0.227,1,3600.0,703.0,599.0,104.0,830.4,703.0,954.7,768.1,654.5,113.6,830.4,768.1,1043.1
38.69947,-8.46048,81.0,2001-07-13T11:00,27.3,44,14.0,27.7,0.0,0.0,0.0,0.0,0,1018.6,1009.3,0,0,0,0,0.61,2.02,16.6,21.8,342,344,40.7,30.6,25.3,22.6,19.3,0.051,0.072,0.119,0.227,1,3600.0,847.0,738.0,109.0,876.2,847.0,1114.7,894.4,779.3,115.1,876.2,894.4,1177.2
38.69947,-8.46048,81.0,2001-07-13T12:00,29.2,36,12.5,29.7,0.0,0.0,0.0,0.0,0,1018.2,1008.9,0,0,0,0,0.72,2.61,15.7,20.2,340,341,41.4,33.1,25.5,22.6,19.3,0.051,0.072,0.119,0.226,1,3600.0,940.0,823.0,117.0,893.0,940.0,1219.8,964.8,844.7,120.1,893.0,964.8,1252.0
38.69947,-8.46048,81.0,2001-07-13T13:00,30.7,29,10.8,30.9,0.0,0.0,0.0,0.0,0,1017.5,1008.3,0,0,0,0,0.77,3.11,15.5,20.0,332,334,41.8,35.0,25.7,22.6,19.3,0.051,0.072,0.118,0.226,1,3600.0,979.0,859.0,120.0,900.4,979.0,1262.6,978.8,858.8,120.0,900.4,978.8,1262.4
38.69947,-8.46048,81.0,2001-07-13T14:00,31.6,26,9.8,31.1,0.0,0.0,0.0,0.0,0,1017.0,1007.8,0,0,0,0,0.79,3.43,17.3,22.5,324,325,43.2,36.3,26.0,22.6,19.3,0.051,0.072,0.118,0.226,1,3600.0,962.0,844.0,118.0,900.6,962.0,1240.3,936.7,821.8,114.9,900.6,936.7,1207.7
38.69947,-8.46048,81.0,2001-07-13T15:00,31.7,25,9.4,30.2,0.0,0.0,0.0,0.0,0,1016.9,1007.7,0,0,0,0,0.77,3.5,20.7,27.2,321,323,46.1,36.6,26.3,22.6,19.3,0.051,0.072,0.118,0.226,1,3600.0,885.0,770.0,115.0,882.8,885.0,1154.4,836.8,728.1,108.7,882.8,836.8,1091.6
38.69947,-8.46048,81.0,2001-07-13T16:00,31.1,27,9.7,28.7,0.0,0.0,0.0,0.0,0,1016.8,1007.6,0,0,0,0,0.68,3.31,22.6,30.4,323,324,47.5,36.0,26.5,22.6,19.3,0.051,0.072,0.118,0.226,1,3600.0,757.0,650.0,107.0,851.1,757.0,1010.8,690.5,592.9,97.6,851.1,690.5,922.0
38.69947,-8.46048,81.0,2001-07-13T17:00,29.9,30,10.3,26.8,0.0,0.0,0.0,0.0,0,1017.1,1007.9,0,0,0,0,0.56,2.96,22.8,30.9,325,326,47.2,34.6,26.7,22.6,19.3,0.05,0.072,0.118,0.226,1,3600.0,590.0,493.0,97.0,796.6,590.0,819.1,511.7,427.6,84.1,796.6,511.7,710.5
38.69947,-8.46048,81.0,2001-07-13T18:00,28.1,35,11.3,25.3,0.0,0.0,0.0,0.0,0,1017.0,1007.7,0,0,0,0,0.41,2.46,22.0,30.2,328,329,46.1,32.5,26.8,22.7,19.3,0.05,0.072,0.118,0.226,1,3600.0,398.0,316.0,82.0,705.8,398.0,592.5,316.6,251.4,65.2,705.8,316.6,471.4
38.69947,-8.46048,81.0,2001-07-13T19:00,25.3,48,13.5,23.4,0.0,0.0,0.0,0.0,0,1017.3,1007.9,0,0,0,0,0.24,1.67,20.8,29.2,330,331,43.9,29.8,26.8,22.7,19.3,0.05,0.072,0.118,0.226,1,3600.0,200.0,141.0,59.0,538.7,200.0,346.4,127.6,90.0,37.7,538.7,127.6,221.1
38.69947,-8.46048,81.0,2001-07-13T20:00,23.0,58,14.2,21.7,0.0,0.0,0.0,0.0,0,1017.7,1008.2,0,0,0,0,0.12,1.19,18.5,28.0,331,332,40.3,26.9,26.8,22.7,19.3,0.05,0.072,0.118,0.226,0,1812.18,43.0,23.0,20.0,192.2,43.0,99.7,0.0,0.0,0.0,0.0,0.0,0.0
38.69947,-8.46048,81.0,2001-07-13T21:00,21.2,67,14.8,20.2,0.0,0.0,0.0,0.0,0,1018.3,1008.8,0,0,0,0,0.07,0.83,18.0,27.2,334,336,33.8,24.7,26.7,22.7,19.3,0.05,0.072,0.118,0.226,0,0.0,0.0,0.0,0.0,0.0,0.0,0.0,0.0,0.0,0.0,0.0,0.0,0.0
38.69947,-8.46048,81.0,2001-07-13T22:00,20.0,74,15.2,19.6,0.0,0.0,0.0,0.0,0,1019.0,1009.4,4,4,0,0,0.04,0.6,14.7,24.1,335,338,32.8,23.0,26.5,22.7,19.4,0.05,0.072,0.118,0.226,0,0.0,0.0,0.0,0.0,0.0,0.0,0.0,0.0,0.0,0.0,0.0,0.0,0.0
38.69947,-8.46048,81.0,2001-07-13T23:00,19.0,80,15.6,19.0,0.0,0.0,0.0,0.0,0,1018.7,1009.1,9,10,0,0,0.02,0.43,12.7,21.7,331,336,27.4,21.8,26.3,22.7,19.4,0.05,0.072,0.118,0.226,0,0.0,0.0,0.0,0.0,0.0,0.0,0.0,0.0,0.0,0.0,0.0,0.0,0.0
38.69947,-8.46048,81.0,2001-07-14T00:00,18.5,85,15.8,18.7,0.0,0.0,0.0,0.0,0,1018.6,1009.0,17,19,0,0,0.01,0.33,11.8,20.8,329,332,23.4,21.0,26.1,22.7,19.4,0.05,0.072,0.118,0.226,0,0.0,0.0,0.0,0.0,0.0,0.0,0.0,0.0,0.0,0.0,0.0,0.0,0.0
38.69947,-8.46048,81.0,2001-07-14T01:00,18.0,88,16.0,18.5,0.0,0.0,0.0,0.0,1,1017.8,1008.2,40,44,0,0,0.0,0.25,10.4,19.0,326,331,20.9,20.2,25.9,22.7,19.4,0.05,0.072,0.118,0.226,0,0.0,0.0,0.0,0.0,0.0,0.0,0.0,0.0,0.0,0.0,0.0,0.0,0.0
38.69947,-8.46048,81.0,2001-07-14T02:00,17.7,91,16.2,18.5,0.0,0.0,0.0,0.0,2,1017.5,1007.9,63,68,0,5,0.0,0.18,9.2,16.8,318,325,17.6,19.7,25.7,22.7,19.4,0.05,0.072,0.118,0.226,0,0.0,0.0,0.0,0.0,0.0,0.0,0.0,0.0,0.0,0.0,0.0,0.0,0.0
38.69947,-8.46048,81.0,2001-07-14T03:00,17.5,94,16.4,18.5,0.0,0.0,0.0,0.0,3,1017.1,1007.5,94,90,0,45,0.0,0.13,8.4,16.3,310,317,15.8,19.3,25.4,22.7,19.4,0.05,0.072,0.118,0.226,0,0.0,0.0,0.0,0.0,0.0,0.0,0.0,0.0,0.0,0.0,0.0,0.0,0.0
38.69947,-8.46048,81.0,2001-07-14T04:00,17.7,94,16.7,18.9,0.0,0.0,0.0,0.0,3,1016.9,1007.3,100,94,0,78,0.0,0.12,7.3,13.8,290,303,15.8,19.2,25.2,22.7,19.4,0.05,0.072,0.118,0.226,0,0.0,0.0,0.0,0.0,0.0,0.0,0.0,0.0,0.0,0.0,0.0,0.0,0.0
38.69947,-8.46048,81.0,2001-07-14T05:00,18.1,93,16.9,19.5,0.0,0.0,0.0,0.0,3,1016.6,1007.0,100,86,0,94,0.0,0.15,6.9,12.2,264,284,14.0,19.4,25.0,22.7,19.4,0.05,0.072,0.118,0.226,0,0.0,0.0,0.0,0.0,0.0,0.0,0.0,0.0,0.0,0.0,0.0,0.0,0.0
38.69947,-8.46048,81.0,2001-07-14T06:00,18.6,91,17.0,19.6,0.0,0.0,0.0,0.0,3,1016.8,1007.2,100,89,0,65,0.02,0.2,9.8,14.3,278,282,13.3,19.8,24.8,22.7,19.4,0.051,0.072,0.118,0.226,1,0.0,7.0,0.0,7.0,0.0,7.0,60.0,16.4,0.0,16.4,0.0,8.3,140.4
38.69947,-8.46048,81.0,2001-07-14T07:00,19.2,87,17.0,19.8,0.0,0.0,0.0,0.0,3,1016.9,1007.3,92,81,0,64,0.05,0.29,12.9,18.0,293,296,23.8,20.6,24.7,22.7,19.4,0.051,0.072,0.118,0.226,1,0.0,60.0,6.0,54.0,29.9,60.0,265.3,88.4,8.8,79.5,29.9,88.4,390.7
38.69947,-8.46048,81.0,2001-07-14T08:00,20.6,77,16.5,20.9,0.1,0.1,0.0,0.0,51,1016.7,1007.2,100,86,0,87,0.13,0.55,13.0,17.6,298,298,27.0,21.9,24.6,22.7,19.4,0.052,0.072,0.118,0.226,1,3066.18,183.0,63.0,120.0,162.2,183.0,514.1,226.1,77.8,148.3,162.2,226.1,635.2
38.69947,-8.46048,81.0,2001-07-14T09:00,21.9,68,15.8,21.8,0.0,0.0,0.0,0.0,3,1016.9,1007.4,100,98,0,91,0.21,0.83,14.5,19.3,293,294,30.2,23.4,24.5,22.7,19.4,0.053,0.072,0.118,0.226,1,3556.58,271.0,101.0,170.0,178.6,271.0,748.7,310.3,115.6,194.6,178.6,310.3,857.2
38.69947,-8.46048,81.0,2001-07-14T10:00,23.0,62,15.4,22.6,0.0,0.0,0.0,0.0,3,1016.9,1007.4,100,90,7,94,0.28,1.05,14.8,19.8,284,286,32.8,24.9,24.5,22.7,19.4,0.054,0.072,0.118,0.226,1,2157.72,372.0,95.0,277.0,131.9,372.0,953.1,406.6,103.8,302.7,131.9,406.6,1041.7
38.69947,-8.46048,81.0,2001-07-14T11:00,24.2,56,14.9,23.4,0.0,0.0,0.0,0.0,3,1016.6,1007.2,100,85,31,79,0.39,1.32,16.5,21.7,280,281,36.0,26.8,24.6,22.7,19.4,0.054,0.072,0.118,0.226,1,3600.0,526.0,222.0,304.0,263.9,526.0,1113.5,555.6,234.5,321.1,263.9,555.6,1176.0
38.69947,-8.46048,81.0,2001-07-14T12:00,25.4,50,14.2,24.8,0.0,0.0,0.0,0.0,3,1016.6,1007.2,100,85,14,58,0.49,1.62,17.3,22.7,271,273,37.1,28.9,24.7,22.7,19.4,0.053,0.072,0.118,0.226,1,3600.0,667.0,385.0,282.0,418.1,667.0,1218.7,684.7,395.2,289.5,418.1,684.7,1251.0
38.69947,-8.46048,81.0,2001-07-14T13:00,26.2,46,13.7,25.8,0.0,0.0,0.0,0.0,3,1016.1,1006.8,82,58,9,81,0.56,1.84,18.0,23.5,273,274,40.0,30.6,24.8,22.7,19.4,0.053,0.072,0.118,0.226,1,3600.0,754.0,477.0,277.0,500.4,754.0,1261.7,753.9,476.9,277.0,500.4,753.9,1261.5
38.69947,-8.46048,81.0,2001-07-14T14:00,26.9,43,13.2,26.7,0.0,0.0,0.0,0.0,3,1015.6,1006.3,80,36,30,99,0.64,2.03,19.4,25.2,271,272,42.5,32.2,25.0,22.7,19.4,0.053,0.072,0.118,0.226,1,3600.0,879.0,649.0,230.0,693.1,879.0,1239.5,855.8,631.9,223.9,693.1,855.8,1206.8
38.69947,-8.46048,81.0,2001-07-14T15:00,26.4,43,13.0,24.6,0.0,0.0,0.0,0.0,3,1015.4,1006.1,90,53,21,100,0.5,1.95,20.9,27.8,273,273,42.5,31.6,25.2,22.7,19.4,0.053,0.072,0.118,0.226,1,3600.0,616.0,274.0,342.0,314.4,616.0,1153.6,582.4,259.1,323.4,314.4,582.4,1090.7
38.69947,-8.46048,81.0,2001-07-14T16:00,25.6,46,13.2,23.5,0.0,0.0,0.0,0.0,3,1015.3,1005.9,100,89,36,96,0.4,1.76,20.9,28.4,270,271,42.8,30.5,25.3,22.7,19.4,0.053,0.072,0.118,0.226,1,3600.0,442.0,153.0,289.0,200.5,442.0,1009.9,403.1,139.5,263.6,200.5,403.1,921.0
38.69947,-8.46048,81.0,2001-07-14T17:00,24.8,51,13.8,22.9,0.0,0.0,0.0,0.0,3,1015.0,1005.6,100,100,29,47,0.31,1.54,21.3,28.9,265,266,43.9,29.1,25.4,22.7,19.4,0.053,0.072,0.118,0.226,1,3600.0,319.0,118.0,201.0,190.9,319.0,818.1,276.6,102.3,174.3,190.9,276.6,709.3
38.69947,-8.46048,81.0,2001-07-14T18:00,23.8,57,14.8,22.4,0.0,0.0,0.0,0.0,3,1014.8,1005.4,98,100,12,3,0.21,1.26,20.5,28.5,259,260,42.5,27.5,25.4,22.7,19.4,0.053,0.072,0.118,0.226,1,1692.35,174.0,52.0,122.0,116.4,174.0,591.3,138.3,41.3,97.0,116.4,138.3,470.0
38.69947,-8.46048,81.0,2001-07-14T19:00,22.2,72,16.9,21.8,0.0,0.0,0.0,0.0,3,1014.9,1005.4,100,99,28,0,0.11,0.75,18.8,26.8,258,258,39.2,25.7,25.4,22.7,19.4,0.053,0.072,0.118,0.226,1,0.0,57.0,9.0,48.0,34.5,57.0,344.9,36.3,5.7,30.5,34.5,36.3,219.4
38.69947,-8.46048,81.0,2001-07-14T20:00,21.1,80,17.4,21.3,0.5,0.5,0.0,0.0,53,1015.1,1005.6,100,100,33,0,0.06,0.51,16.6,26.3,271,272,36.0,24.2,25.3,22.8,19.4,0.056,0.072,0.118,0.226,0,0.0,9.0,0.0,9.0,0.0,9.0,98.9,0.0,0.0,0.0,0.0,0.0,0.0
38.69947,-8.46048,81.0,2001-07-14T21:00,20.3,85,17.7,20.9,0.0,0.0,0.0,0.0,3,1015.7,1006.2,93,97,10,0,0.02,0.35,14.9,22.9,302,303,32.0,23.0,25.2,22.8,19.4,0.058,0.072,0.118,0.226,0,0.0,0.0,0.0,0.0,0.0,0.0,0.0,0.0,0.0,0.0,0.0,0.0,0.0
38.69947,-8.46048,81.0,2001-07-14T22:00,19.6,86,17.2,20.1,0.0,0.0,0.0,0.0,2,1016.5,1006.9,68,73,4,0,0.01,0.32,14.3,21.6,321,323,29.2,22.1,25.1,22.8,19.4,0.058,0.072,0.118,0.226,0,0.0,0.0,0.0,0.0,0.0,0.0,0.0,0.0,0.0,0.0,0.0,0.0,0.0
38.69947,-8.46048,81.0,2001-07-14T23:00,18.7,84,16.0,18.4,0.0,0.0,0.0,0.0,2,1016.9,1007.3,53,56,0,10,0.02,0.34,16.1,24.8,331,332,31.3,21.2,24.9,22.8,19.4,0.058,0.072,0.118,0.226,0,0.0,0.0,0.0,0.0,0.0,0.0,0.0,0.0,0.0,0.0,0.0,0.0,0.0
38.69947,-8.46048,81.0,2001-07-15T00:00,17.5,81,14.3,16.6,0.0,0.0,0.0,0.0,1,1017.1,1007.5,46,33,0,54,0.03,0.38,15.9,25.0,335,337,32.4,20.2,24.7,22.8,19.4,0.058,0.072,0.118,0.226,0,0.0,0.0,0.0,0.0,0.0,0.0,0.0,0.0,0.0,0.0,0.0,0.0,0.0
38.69947,-8.46048,81.0,2001-07-15T01:00,16.6,81,13.3,15.4,0.0,0.0,0.0,0.0,1,1017.3,1007.6,33,8,0,87,0.02,0.36,15.1,24.2,335,337,29.5,19.3,24.5,22.8,19.4,0.058,0.072,0.118,0.226,0,0.0,0.0,0.0,0.0,0.0,0.0,0.0,0.0,0.0,0.0,0.0,0.0,0.0
38.69947,-8.46048,81.0,2001-07-15T02:00,15.9,81,12.6,14.8,0.0,0.0,0.0,0.0,1,1017.3,1007.6,40,13,0,95,0.02,0.35,13.4,22.7,333,337,27.4,18.5,24.3,22.8,19.4,0.058,0.072,0.118,0.226,0,0.0,0.0,0.0,0.0,0.0,0.0,0.0,0.0,0.0,0.0,0.0,0.0,0.0
38.69947,-8.46048,81.0,2001-07-15T03:00,15.3,82,12.3,14.2,0.0,0.0,0.0,0.0,1,1017.4,1007.7,34,5,0,100,0.01,0.31,12.7,22.2,331,335,25.6,17.7,24.1,22.8,19.4,0.058,0.072,0.118,0.226,0,0.0,0.0,0.0,0.0,0.0,0.0,0.0,0.0,0.0,0.0,0.0,0.0,0.0
38.69947,-8.46048,81.0,2001-07-15T04:00,14.9,83,12.1,13.8,0.0,0.0,0.0,0.0,1,1017.6,1007.9,31,2,0,98,0.01,0.28,12.5,22.9,327,332,24.1,17.2,23.9,22.8,19.4,0.058,0.072,0.118,0.226,0,0.0,0.0,0.0,0.0,0.0,0.0,0.0,0.0,0.0,0.0,0.0,0.0,0.0
38.69947,-8.46048,81.0,2001-07-15T05:00,14.5,85,12.1,13.3,0.0,0.0,0.0,0.0,1,1017.6,1007.9,26,1,0,85,0.01,0.24,12.8,23.5,328,333,23.4,16.6,23.6,22.8,19.4,0.058,0.072,0.118,0.226,0,0.0,0.0,0.0,0.0,0.0,0.0,0.0,0.0,0.0,0.0,0.0,0.0,0.0
38.69947,-8.46048,81.0,2001-07-15T06:00,14.3,86,12.0,13.1,0.0,0.0,0.0,0.0,1,1018.1,1008.4,29,4,0,86,0.03,0.23,12.9,23.2,333,336,23.0,16.3,23.4,22.7,19.4,0.058,0.072,0.118,0.226,1,0.0,13.0,3.0,10.0,34.0,13.0,58.7,30.5,7.0,23.5,67.7,15.3,137.7
38.69947,-8.46048,81.0,2001-07-15T07:00,15.2,83,12.3,14.1,0.0,0.0,0.0,0.0,1,1018.3,1008.6,29,1,0,93,0.06,0.3,12.6,19.7,340,342,24.1,17.1,23.2,22.7,19.4,0.058,0.072,0.118,0.226,1,3187.6,112.0,33.0,79.0,166.3,112.0,262.7,165.5,48.8,116.8,166.3,165.5,388.3
38.69947,-8.46048,81.0,2001-07-15T08:00,16.7,76,12.3,15.3,0.0,0.0,0.0,0.0,0,1018.5,1008.8,13,0,0,43,0.14,0.47,14.3,19.8,348,350,29.2,18.8,23.0,22.7,19.4,0.058,0.072,0.118,0.226,1,3600.0,252.0,104.0,148.0,268.9,252.0,511.9,311.7,128.6,183.1,268.9,311.7,633.1
38.69947,-8.46048,81.0,2001-07-15T09:00,18.9,65,12.2,17.7,0.0,0.0,0.0,0.0,1,1018.4,1008.8,31,2,0,97,0.29,0.77,12.7,17.0,353,355,30.6,21.6,23.0,22.7,19.4,0.058,0.072,0.118,0.226,1,3600.0,498.0,371.0,127.0,657.6,498.0,746.8,570.5,425.0,145.5,657.6,570.5,855.5
38.69947,-8.46048,81.0,2001-07-15T10:00,21.1,56,11.9,20.6,0.0,0.0,0.0,0.0,1,1018.8,1009.3,30,0,0,99,0.41,1.11,11.8,15.1,348,348,29.5,24.7,23.0,22.7,19.5,0.058,0.071,0.118,0.226,1,3600.0,666.0,507.0,159.0,705.3,666.0,951.5,728.1,554.3,173.8,705.3,728.1,1040.2
38.69947,-8.46048,81.0,2001-07-15T11:00,23.0,46,10.9,23.0,0.0,0.0,0.0,0.0,1,1018.3,1008.8,32,2,0,100,0.52,1.51,11.3,14.5,343,346,28.1,27.6,23.2,22.7,19.5,0.057,0.071,0.118,0.226,1,3600.0,795.0,563.0,232.0,670.1,795.0,1112.1,839.8,594.7,245.1,670.1,839.8,1174.8
38.69947,-8.46048,81.0,2001-07-15T12:00,24.6,39,9.6,24.6,0.0,0.0,0.0,0.0,1,1018.1,1008.7,31,1,0,100,0.58,1.89,10.4,13.3,340,341,26.6,29.9,23.4,22.7,19.5,0.057,0.071,0.118,0.226,1,3600.0,840.0,503.0,337.0,546.9,840.0,1217.6,862.3,516.4,346.0,546.9,862.3,1249.9
38.69947,-8.46048,81.0,2001-07-15T13:00,26.2,32,8.3,26.5,0.0,0.0,0.0,0.0,1,1017.3,1007.9,30,0,0,99,0.68,2.3,10.8,13.4,334,336,25.9,32.3,23.6,22.7,19.5,0.057,0.071,0.118,0.226,1,3600.0,958.0,762.0,196.0,800.1,958.0,1260.7,957.9,761.9,196.0,800.1,957.9,1260.6
38.69947,-8.46048,81.0,2001-07-15T14:00,27.4,28,7.1,27.2,0.0,0.0,0.0,0.0,1,1017.0,1007.7,30,0,0,100,0.71,2.65,12.3,15.8,328,330,29.9,33.8,23.9,22.7,19.5,0.056,0.071,0.117,0.226,1,3600.0,968.0,846.0,122.0,904.2,968.0,1238.6,942.5,823.7,118.8,904.2,942.5,1205.9
38.69947,-8.46048,81.0,2001-07-15T15:00,28.1,25,6.2,26.8,0.0,0.0,0.0,0.0,1,1016.6,1007.3,27,0,0,90,0.68,2.85,14.5,18.5,325,327,32.4,34.3,24.2,22.7,19.5,0.056,0.071,0.117,0.226,1,3600.0,891.0,772.0,119.0,886.6,891.0,1152.7,842.4,729.9,112.5,886.6,842.4,1089.8
38.69947,-8.46048,81.0,2001-07-15T16:00,28.1,24,5.9,25.8,0.0,0.0,0.0,0.0,1,1016.2,1006.9,28,0,0,94,0.61,2.88,16.5,21.5,324,325,36.7,33.8,24.5,22.7,19.5,0.055,0.071,0.117,0.226,1,3600.0,763.0,653.0,110.0,856.8,763.0,1008.9,695.7,595.4,100.3,856.8,695.7,920.0
38.69947,-8.46048,81.0,2001-07-15T17:00,27.4,26,6.2,24.0,0.0,0.0,0.0,0.0,0,1015.9,1006.6,12,0,0,40,0.51,2.7,18.6,24.7,324,326,39.6,32.5,24.7,22.7,19.5,0.055,0.071,0.117,0.226,1,3600.0,593.0,495.0,98.0,802.1,593.0,816.9,514.0,429.0,84.9,802.1,514.0,708.0
38.69947,-8.46048,81.0,2001-07-15T18:00,26.0,30,6.9,22.2,0.0,0.0,0.0,0.0,0,1016.0,1006.7,6,0,0,20,0.39,2.36,20.2,27.6,325,327,41.8,30.5,24.9,22.7,19.5,0.055,0.071,0.117,0.226,1,3600.0,400.0,318.0,82.0,713.6,400.0,589.9,317.7,252.6,65.1,713.6,317.7,468.5
38.69947,-8.46048,81.0,2001-07-15T19:00,23.7,34,6.8,19.9,0.0,0.0,0.0,0.0,0,1016.2,1006.8,2,0,0,5,0.27,1.94,20.5,29.7,326,327,41.0,27.8,24.9,22.7,19.5,0.055,0.071,0.117,0.226,1,3600.0,202.0,143.0,59.0,551.5,202.0,343.2,128.1,90.7,37.4,551.5,128.1,217.6
38.69947,-8.46048,81.0,2001-07-15T20:00,21.4,40,7.2,17.8,0.0,0.0,0.0,0.0,0,1016.5,1007.0,0,0,0,0,0.16,1.53,19.4,30.1,329,331,38.9,25.0,24.9,22.7,19.5,0.055,0.071,0.117,0.226,0,1756.14,42.0,24.0,18.0,202.8,42.0,98.0,0.0,0.0,0.0,0.0,0.0,0.0
38.69947,-8.46048,81.0,2001-07-15T21:00,19.4,47,7.8,16.3,0.0,0.0,0.0,0.0,0,1017.0,1007.4,9,0,0,29,0.11,1.19,17.1,28.2,332,335,36.0,22.7,24.8,22.7,19.5,0.055,0.071,0.117,0.225,0,0.0,0.0,0.0,0.0,0.0,0.0,0.0,0.0,0.0,0.0,0.0,0.0,0.0
38.69947,-8.46048,81.0,2001-07-15T22:00,17.8,55,8.8,15.2,0.0,0.0,0.0,0.0,0,1017.8,1008.2,5,0,0,18,0.08,0.91,15.8,26.4,333,336,31.0,20.9,24.7,22.7,19.5,0.055,0.071,0.117,0.225,0,0.0,0.0,0.0,0.0,0.0,0.0,0.0,0.0,0.0,0.0,0.0,0.0,0.0
38.69947,-8.46048,81.0,2001-07-15T23:00,16.6,64,9.8,14.4,0.0,0.0,0.0,0.0,0,1017.2,1007.5,10,0,0,33,0.05,0.68,14.5,25.2,337,338,30.2,19.5,24.5,22.7,19.5,0.055,0.071,0.117,0.225,0,0.0,0.0,0.0,0.0,0.0,0.0,0.0,0.0,0.0,0.0,0.0,0.0,0.0
38.69947,-8.46048,81.0,2001-07-16T00:00,15.8,71,10.5,14.0,0.0,0.0,0.0,0.0,0,1017.4,1007.7,19,0,0,62,0.04,0.53,13.4,24.3,336,339,28.1,18.5,24.3,22.7,19.5,0.055,0.071,0.117,0.225,0,0.0,0.0,0.0,0.0,0.0,0.0,0.0,0.0,0.0,0.0,0.0,0.0,0.0
38.69947,-8.46048,81.0,2001-07-16T01:00,15.2,76,11.0,13.5,0.0,0.0,0.0,0.0,1,1017.4,1007.7,30,1,0,97,0.03,0.41,13.7,24.7,337,339,26.3,17.6,24.1,22.7,19.5,0.055,0.071,0.117,0.225,0,0.0,0.0,0.0,0.0,0.0,0.0,0.0,0.0,0.0,0.0,0.0,0.0,0.0
38.69947,-8.46048,81.0,2001-07-16T02:00,14.7,79,11.1,13.2,0.0,0.0,0.0,0.0,1,1017.1,1007.4,29,0,0,97,0.02,0.35,12.6,23.3,336,340,25.2,17.0,23.8,22.7,19.5,0.055,0.071,0.117,0.225,0,0.0,0.0,0.0,0.0,0.0,0.0,0.0,0.0,0.0,0.0,0.0,0.0,0.0
38.69947,-8.46048,81.0,2001-07-16T03:00,14.3,81,11.2,12.9,0.0,0.0,0.0,0.0,1,1016.9,1007.2,32,4,0,95,0.01,0.3,12.1,23.0,337,340,22.3,16.4,23.6,22.7,19.5,0.055,0.071,0.117,0.225,0,0.0,0.0,0.0,0.0,0.0,0.0,0.0,0.0,0.0,0.0,0.0,0.0,0.0
38.69947,-8.46048,81.0,2001-07-16T04:00,14.1,83,11.2,12.7,0.0,0.0,0.0,0.0,1,1017.1,1007.4,30,2,0,95,0.01,0.27,12.1,23.0,337,340,20.5,15.9,23.3,22.7,19.5,0.055,0.071,0.117,0.225,0,0.0,0.0,0.0,0.0,0.0,0.0,0.0,0.0,0.0,0.0,0.0,0.0,0.0
38.69947,-8.46048,81.0,2001-07-16T05:00,13.9,85,11.3,12.8,0.0,0.0,0.0,0.0,1,1016.9,1007.2,28,0,0,94,0.01,0.24,10.3,21.2,335,339,20.5,15.6,23.1,22.7,19.5,0.055,0.071,0.117,0.225,0,0.0,0.0,0.0,0.0,0.0,0.0,0.0,0.0,0.0,0.0,0.0,0.0,0.0
38.69947,-8.46048,81.0,2001-07-16T06:00,13.8,86,11.5,12.7,0.0,0.0,0.0,0.0,1,1017.4,1007.6,29,1,0,94,0.02,0.23,10.8,20.9,334,339,18.7,15.4,22.9,22.7,19.5,0.055,0.071,0.117,0.225,1,0.0,13.0,3.0,10.0,34.4,13.0,57.3,30.6,7.1,23.6,69.3,15.2,135.0
38.69947,-8.46048,81.0,2001-07-16T07:00,15.0,81,11.7,13.8,0.0,0.0,0.0,0.0,1,1017.7,1008.0,29,2,0,92,0.07,0.33,11.3,18.1,333,337,22.3,16.5,22.7,22.7,19.5,0.055,0.071,0.117,0.225,1,3600.0,129.0,70.0,59.0,356.2,129.0,260.2,191.3,103.8,87.5,356.2,191.3,385.9
38.69947,-8.46048,81.0,2001-07-16T08:00,16.9,69,11.2,15.1,0.0,0.0,0.0,0.0,1,1018.1,1008.4,27,0,0,89,0.18,0.59,14.6,19.8,340,341,30.2,18.8,22.5,22.7,19.5,0.055,0.071,0.117,0.225,1,3600.0,310.0,209.0,101.0,542.9,310.0,509.6,383.9,258.8,125.1,542.9,383.9,631.0
38.69947,-8.46048,81.0,2001-07-16T09:00,19.2,54,9.5,16.9,0.0,0.0,0.0,0.0,1,1018.2,1008.6,26,0,0,85,0.31,1.03,14.5,19.4,337,338,32.4,21.5,22.5,22.7,19.5,0.055,0.071,0.117,0.225,1,3600.0,510.0,394.0,116.0,700.3,510.0,744.9,584.5,451.6,133.0,700.3,584.5,853.7
38.69947,-8.46048,81.0,2001-07-16T10:00,21.4,42,7.8,19.4,0.0,0.0,0.0,0.0,1,1018.5,1009.0,25,0,0,82,0.45,1.49,15.1,19.7,335,336,33.8,24.5,22.6,22.7,19.5,0.054,0.071,0.117,0.225,1,3600.0,689.0,566.0,123.0,788.8,689.0,949.9,753.4,618.9,134.5,788.8,753.4,1038.7
38.69947,-8.46048,81.0,2001-07-16T11:00,23.4,33,6.4,21.8,0.0,0.0,0.0,0.0,1,1018.0,1008.6,22,0,0,73,0.57,1.92,15.1,19.3,332,333,34.6,27.3,22.7,22.7,19.5,0.054,0.071,0.117,0.225,1,3600.0,836.0,699.0,137.0,833.1,836.0,1110.7,883.3,738.5,144.7,833.1,883.3,1173.5
38.69947,-8.46048,81.0,2001-07-16T12:00,25.1,30,6.3,23.9,0.0,0.0,0.0,0.0,0,1018.0,1008.6,8,0,0,27,0.66,2.22,15.2,19.5,329,330,34.9,29.8,22.9,22.7,19.5,0.054,0.071,0.117,0.225,1,3600.0,930.0,797.0,133.0,867.4,930.0,1216.4,954.8,818.3,136.5,867.4,954.8,1248.9
38.69947,-8.46048,81.0,2001-07-16T13:00,26.3,32,8.1,25.5,0.0,0.0,0.0,0.0,0,1017.8,1008.4,0,0,0,0,0.7,2.34,16.9,21.9,326,327,38.2,31.7,23.2,22.7,19.5,0.054,0.071,0.117,0.225,1,3600.0,972.0,848.0,124.0,891.2,972.0,1259.7,971.9,847.9,124.0,891.2,971.9,1259.6
38.69947,-8.46048,81.0,2001-07-16T14:00,27.0,35,10.1,26.3,0.0,0.0,0.0,0.0,0,1017.4,1008.1,6,7,0,0,0.7,2.32,18.9,24.4,325,326,41.8,32.7,23.5,22.6,19.5,0.054,0.071,0.117,0.225,1,3600.0,950.0,828.0,122.0,885.7,950.0,1237.6,924.9,806.2,118.8,885.7,924.9,1205.0
38.69947,-8.46048,81.0,2001-07-16T15:00,27.2,36,10.7,26.0,0.0,0.0,0.0,0.0,0,1017.5,1008.2,20,22,0,0,0.65,2.32,19.9,26.2,325,326,43.9,32.8,23.7,22.6,19.5,0.053,0.071,0.117,0.225,1,3600.0,856.0,728.0,128.0,836.8,856.0,1151.7,809.2,688.2,121.0,836.8,809.2,1088.8
38.69947,-8.46048,81.0,2001-07-16T16:00,26.9,36,10.7,25.0,0.0,0.0,0.0,0.0,0,1017.5,1008.2,17,19,0,0,0.57,2.25,20.7,27.6,325,327,45.0,32.2,24.0,22.6,19.5,0.053,0.071,0.117,0.225,1,3600.0,735.0,612.0,123.0,803.9,735.0,1007.8,670.1,558.0,112.1,803.9,670.1,918.8
38.69947,-8.46048,81.0,2001-07-16T17:00,26.1,38,10.8,23.3,0.0,0.0,0.0,0.0,0,1017.5,1008.1,0,0,0,0,0.46,2.09,21.0,28.4,325,327,45.0,31.0,24.2,22.6,19.5,0.053,0.071,0.117,0.225,1,3600.0,550.0,439.0,111.0,712.5,550.0,815.7,476.5,380.3,96.2,712.5,476.5,706.7
38.69947,-8.46048,81.0,2001-07-16T18:00,25.1,41,11.1,22.3,0.0,0.0,0.0,0.0,0,1018.0,1008.6,0,0,0,0,0.35,1.86,20.9,28.8,328,328,44.6,29.3,24.3,22.6,19.5,0.053,0.071,0.117,0.225,1,3600.0,379.0,287.0,92.0,645.8,379.0,588.4,300.7,227.7,73.0,645.8,300.7,466.9
38.69947,-8.46048,81.0,2001-07-16T19:00,23.2,49,11.9,20.9,0.0,0.0,0.0,0.0,0,1018.2,1008.7,6,7,0,0,0.22,1.46,19.9,27.9,328,330,41.8,27.1,24.4,22.6,19.5,0.053,0.071,0.117,0.225,1,3600.0,185.0,122.0,63.0,473.0,185.0,341.5,116.8,77.1,39.8,473.0,116.8,215.7
38.69947,-8.46048,81.0,2001-07-16T20:00,21.8,56,12.5,20.0,0.0,0.0,0.0,0.0,0,1018.8,1009.3,0,0,0,0,0.11,1.16,17.3,26.9,329,330,38.2,24.8,24.4,22.6,19.5,0.053,0.071,0.117,0.225,0,1582.59,39.0,20.0,19.0,170.1,39.0,97.1,0.0,0.0,0.0,0.0,0.0,0.0
38.69947,-8.46048,81.0,2001-07-16T21:00,20.4,64,13.3,19.1,0.0,0.0,0.0,0.0,0,1019.6,1010.0,0,0,0,0,0.07,0.87,15.9,26.1,332,334,31.7,22.9,24.3,22.6,19.5,0.053,0.071,0.117,0.225,0,0.0,0.0,0.0,0.0,0.0,0.0,0.0,0.0,0.0,0.0,0.0,0.0,0.0
38.69947,-8.46048,81.0,2001-07-16T22:00,19.2,72,14.0,18.3,0.0,0.0,0.0,0.0,0,1020.5,1010.9,0,0,0,0,0.04,0.62,14.6,24.3,327,331,29.5,21.5,24.2,22.6,19.5,0.053,0.071,0.117,0.225,0,0.0,0.0,0.0,0.0,0.0,0.0,0.0,0.0,0.0,0.0,0.0,0.0,0.0
38.69947,-8.46048,81.0,2001-07-16T23:00,18.0,80,14.5,17.5,0.0,0.0,0.0,0.0,0,1020.3,1010.7,0,0,0,0,0.02,0.42,13.8,23.8,332,335,27.7,20.3,24.0,22.6,19.5,0.053,0.071,0.117,0.225,0,0.0,0.0,0.0,0.0,0.0,0.0,0.0,0.0,0.0,0.0,0.0,0.0,0.0
38.69947,-8.46048,81.0,2001-07-17T00:00,17.1,85,14.6,16.7,0.0,0.0,0.0,0.0,0,1020.3,1010.6,1,1,0,0,0.01,0.29,13.4,23.6,336,339,25.6,19.4,23.9,22.6,19.5,0.053,0.071,0.117,0.225,0,0.0,0.0,0.0,0.0,0.0,0.0,0.0,0.0,0.0,0.0,0.0,0.0,0.0
38.69947,-8.46048,81.0,2001-07-17T01:00,16.5,87,14.4,16.0,0.0,0.0,0.0,0.0,0,1020.1,1010.4,0,0,0,0,0.01,0.24,13.6,24.1,338,340,25.2,18.6,23.7,22.6,19.6,0.053,0.071,0.117,0.225,0,0.0,0.0,0.0,0.0,0.0,0.0,0.0,0.0,0.0,0.0,0.0,0.0,0.0
38.69947,-8.46048,81.0,2001-07-17T02:00,16.0,88,14.1,15.3,0.0,0.0,0.0,0.0,0,1019.6,1009.9,2,2,0,0,0.01,0.21,13.8,25.0,340,342,25.6,18.0,23.5,22.6,19.6,0.053,0.071,0.117,0.225,0,0.0,0.0,0.0,0.0,0.0,0.0,0.0,0.0,0.0,0.0,0.0,0.0,0.0
38.69947,-8.46048,81.0,2001-07-17T03:00,15.7,89,13.9,14.9,0.0,0.0,0.0,0.0,0,1019.7,1010.0,3,3,0,0,0.0,0.2,13.9,25.4,343,344,25.6,17.4,23.3,22.6,19.6,0.053,0.071,0.117,0.225,0,0.0,0.0,0.0,0.0,0.0,0.0,0.0,0.0,0.0,0.0,0.0,0.0,0.0
38.69947,-8.46048,81.0,2001-07-17T04:00,15.4,90,13.8,14.7,0.0,0.0,0.0,0.0,0,1019.4,1009.7,1,1,0,0,0.0,0.18,13.0,24.7,346,347,25.2,17.0,23.1,22.6,19.6,0.053,0.071,0.117,0.225,0,0.0,0.0,0.0,0.0,0.0,0.0,0.0,0.0,0.0,0.0,0.0,0.0,0.0
38.69947,-8.46048,81.0,2001-07-17T05:00,15.3,91,13.8,14.8,0.0,0.0,0.0,0.0,0,1019.3,1009.6,2,2,0,0,0.0,0.16,11.8,23.2,348,348,24.8,16.7,22.9,22.6,19.6,0.053,0.071,0.117,0.225,0,0.0,0.0,0.0,0.0,0.0,0.0,0.0,0.0,0.0,0.0,0.0,0.0,0.0
38.69947,-8.46048,81.0,2001-07-17T06:00,15.3,91,13.9,14.9,0.0,0.0,0.0,0.0,0,1019.6,1009.9,4,4,0,0,0.02,0.15,11.4,21.7,347,349,22.7,16.6,22.8,22.6,19.6,0.053,0.071,0.117,0.225,1,0.0,12.0,4.0,8.0,46.4,12.0,56.0,28.4,9.5,18.9,94.6,13.9,132.2
38.69947,-8.46048,81.0,2001-07-17T07:00,16.8,85,14.2,16.4,0.0,0.0,0.0,0.0,0,1019.8,1010.1,1,1,0,0,0.07,0.29,11.5,18.1,346,347,23.4,17.8,22.6,22.6,19.6,0.053,0.071,0.117,0.225,1,3600.0,130.0,80.0,50.0,411.3,130.0,257.5,193.5,119.1,74.4,411.3,193.5,383.4
38.69947,-8.46048,81.0,2001-07-17T08:00,18.8,73,13.9,17.9,0.0,0.0,0.0,0.0,0,1019.7,1010.1,4,5,0,0,0.18,0.58,14.8,20.3,346,347,31.0,20.2,22.5,22.6,19.6,0.053,0.071,0.117,0.225,1,3600.0,308.0,222.0,86.0,579.4,308.0,507.3,381.8,275.2,106.6,579.4,381.8,628.9
38.69947,-8.46048,81.0,2001-07-17T09:00,21.0,64,13.9,20.0,0.0,0.0,0.0,0.0,0,1019.7,1010.2,4,5,0,0,0.31,0.9,15.4,20.6,344,344,33.1,23.0,22.5,22.6,19.6,0.053,0.071,0.117,0.225,1,3600.0,508.0,406.0,102.0,723.6,508.0,742.9,582.5,465.6,117.0,723.6,582.5,851.9
38.69947,-8.46048,81.0,2001-07-17T10:00,23.3,57,14.3,23.2,0.0,0.0,0.0,0.0,1,1019.7,1010.2,27,30,0,0,0.44,1.22,15.0,19.5,339,341,35.3,25.9,22.6,22.6,19.6,0.053,0.07,0.117,0.225,1,3600.0,677.0,548.0,129.0,765.2,677.0,948.2,740.5,599.4,141.1,765.2,740.5,1037.2
38.69947,-8.46048,81.0,2001-07-17T11:00,25.1,53,14.8,25.9,0.0,0.0,0.0,0.0,0,1018.9,1009.5,16,18,0,0,0.54,1.5,14.8,19.0,331,333,36.0,28.7,22.8,22.6,19.6,0.053,0.07,0.117,0.225,1,3600.0,808.0,658.0,150.0,785.4,808.0,1109.3,853.8,695.3,158.5,785.4,853.8,1172.2
38.69947,-8.46048,81.0,2001-07-17T12:00,26.7,49,15.0,28.0,0.0,0.0,0.0,0.0,0,1018.8,1009.4,10,11,0,0,0.62,1.8,15.2,19.7,324,325,36.0,31.2,23.1,22.6,19.6,0.053,0.07,0.117,0.225,1,3600.0,890.0,658.0,232.0,716.9,890.0,1215.2,913.8,675.6,238.2,716.9,913.8,1247.8
38.69947,-8.46048,81.0,2001-07-17T13:00,27.9,44,14.6,29.1,0.0,0.0,0.0,0.0,0,1018.3,1009.0,7,8,0,0,0.67,2.1,16.1,20.9,318,319,36.7,33.0,23.4,22.6,19.6,0.052,0.07,0.116,0.225,1,3600.0,929.0,725.0,204.0,762.7,929.0,1258.6,929.0,725.0,204.0,762.7,929.0,1258.6
38.69947,-8.46048,81.0,2001-07-17T14:00,28.7,41,14.1,29.4,0.0,0.0,0.0,0.0,0,1017.7,1008.4,5,6,0,0,0.69,2.32,17.3,22.1,315,316,37.8,34.1,23.7,22.6,19.6,0.052,0.07,0.116,0.225,1,3600.0,931.0,768.0,163.0,822.3,931.0,1236.6,906.4,747.7,158.7,822.3,906.4,1204.0
38.69947,-8.46048,81.0,2001-07-17T15:00,29.0,39,13.7,29.0,0.0,0.0,0.0,0.0,0,1017.5,1008.2,3,3,0,0,0.67,2.43,18.8,24.4,313,314,40.3,34.5,24.0,22.6,19.6,0.052,0.07,0.116,0.225,1,3600.0,864.0,720.0,144.0,828.5,864.0,1150.7,816.7,680.6,136.1,828.5,816.7,1087.7
38.69947,-8.46048,81.0,2001-07-17T16:00,28.4,40,13.6,27.4,0.0,0.0,0.0,0.0,0,1017.2,1007.9,0,0,0,0,0.59,2.3,20.6,27.0,314,315,43.6,33.9,24.2,22.6,19.6,0.052,0.07,0.116,0.225,1,3600.0,739.0,614.0,125.0,807.6,739.0,1006.7,673.6,559.7,113.9,807.6,673.6,917.6
38.69947,-8.46048,81.0,2001-07-17T17:00,27.0,44,13.8,25.1,0.0,0.0,0.0,0.0,0,1017.3,1008.0,4,4,0,0,0.47,1.98,21.7,29.4,318,319,45.7,32.3,24.4,22.6,19.6,0.052,0.07,0.116,0.225,1,3600.0,575.0,468.0,107.0,760.9,575.0,814.4,498.0,405.3,92.7,760.9,498.0,705.3
38.69947,-8.46048,81.0,2001-07-17T18:00,25.2,49,13.9,23.3,0.0,0.0,0.0,0.0,1,1017.3,1007.9,29,32,0,0,0.33,1.62,21.8,30.1,322,323,45.7,30.1,24.6,22.6,19.6,0.052,0.07,0.116,0.225,1,3600.0,376.0,280.0,96.0,631.8,376.0,586.8,298.0,221.9,76.1,631.8,298.0,465.1
38.69947,-8.46048,81.0,2001-07-17T19:00,23.0,56,13.7,21.0,0.0,0.0,0.0,0.0,1,1017.4,1007.9,40,44,0,0,0.2,1.24,21.4,30.3,327,328,43.6,27.4,24.6,22.6,19.6,0.052,0.07,0.116,0.225,1,3600.0,163.0,85.0,78.0,331.4,163.0,339.6,102.5,53.5,49.1,331.4,102.5,213.6
38.69947,-8.46048,81.0,2001-07-17T20:00,21.4,61,13.6,19.7,0.0,0.0,0.0,0.0,1,1017.8,1008.3,43,48,0,0,0.11,0.99,19.8,29.2,331,331,41.0,25.0,24.6,22.6,19.6,0.052,0.07,0.116,0.225,0,964.99,35.0,15.0,20.0,128.4,35.0,96.1,0.0,0.0,0.0,0.0,0.0,0.0
38.69947,-8.46048,81.0,2001-07-17T21:00,20.4,66,13.8,19.0,0.0,0.0,0.0,0.0,1,1018.5,1009.0,21,23,0,0,0.07,0.82,18.4,28.0,334,336,36.4,23.3,24.6,22.6,19.6,0.052,0.07,0.116,0.225,0,0.0,0.0,0.0,0.0,0.0,0.0,0.0,0.0,0.0,0.0,0.0,0.0,0.0
38.69947,-8.46048,81.0,2001-07-17T22:00,19.4,71,14.1,18.4,0.0,0.0,0.0,0.0,0,1018.9,1009.3,12,13,0,0,0.05,0.64,15.6,24.8,334,336,34.6,21.9,24.5,22.6,19.6,0.052,0.07,0.116,0.225,0,0.0,0.0,0.0,0.0,0.0,0.0,0.0,0.0,0.0,0.0,0.0,0.0,0.0
38.69947,-8.46048,81.0,2001-07-17T23:00,18.5,77,14.3,17.6,0.0,0.0,0.0,0.0,0,1018.9,1009.3,12,13,0,0,0.04,0.5,15.6,25.1,334,336,31.7,20.8,24.3,22.6,19.6,0.052,0.07,0.116,0.225,0,0.0,0.0,0.0,0.0,0.0,0.0,0.0,0.0,0.0,0.0,0.0,0.0,0.0
38.69947,-8.46048,81.0,2001-07-18T00:00,17.6,81,14.3,16.7,0.0,0.0,0.0,0.0,0,1018.9,1009.3,18,20,0,0,0.03,0.39,15.8,26.0,336,338,29.5,19.8,24.2,22.6,19.6,0.052,0.07,0.116,0.225,0,0.0,0.0,0.0,0.0,0.0,0.0,0.0,0.0,0.0,0.0,0.0,0.0,0.0
38.69947,-8.46048,81.0,2001-07-18T01:00,16.9,84,14.1,15.9,0.0,0.0,0.0,0.0,1,1018.8,1009.1,21,23,0,0,0.02,0.32,15.8,26.3,339,341,29.2,19.0,24.0,22.6,19.6,0.052,0.07,0.116,0.225,0,0.0,0.0,0.0,0.0,0.0,0.0,0.0,0.0,0.0,0.0,0.0,0.0,0.0
38.69947,-8.46048,81.0,2001-07-18T02:00,16.3,85,13.8,15.3,0.0,0.0,0.0,0.0,0,1018.2,1008.5,14,16,0,0,0.01,0.28,15.1,26.0,342,343,28.4,18.3,23.8,22.6,19.6,0.052,0.07,0.116,0.225,0,0.0,0.0,0.0,0.0,0.0,0.0,0.0,0.0,0.0,0.0,0.0,0.0,0.0
38.69947,-8.46048,81.0,2001-07-18T03:00,15.8,86,13.5,14.8,0.0,0.0,0.0,0.0,0,1018.2,1008.5,4,5,0,0,0.01,0.25,14.7,25.3,343,345,27.4,17.7,23.6,22.6,19.6,0.052,0.07,0.116,0.225,0,0.0,0.0,0.0,0.0,0.0,0.0,0.0,0.0,0.0,0.0,0.0,0.0,0.0
38.69947,-8.46048,81.0,2001-07-18T04:00,15.4,86,13.2,14.4,0.0,0.0,0.0,0.0,0,1018.1,1008.4,7,8,0,0,0.01,0.24,14.0,25.1,342,344,26.6,17.1,23.4,22.6,19.6,0.052,0.07,0.116,0.225,0,0.0,0.0,0.0,0.0,0.0,0.0,0.0,0.0,0.0,0.0,0.0,0.0,0.0
38.69947,-8.46048,81.0,2001-07-18T05:00,15.0,88,13.1,13.9,0.0,0.0,0.0,0.0,0,1018.1,1008.4,4,5,0,0,0.01,0.2,13.7,24.8,342,343,25.9,16.6,23.2,22.6,19.6,0.052,0.07,0.116,0.225,0,0.0,0.0,0.0,0.0,0.0,0.0,0.0,0.0,0.0,0.0,0.0,0.0,0.0
38.69947,-8.46048,81.0,2001-07-18T06:00,14.9,89,13.1,13.8,0.0,0.0,0.0,0.0,0,1018.5,1008.8,6,7,0,0,0.02,0.19,14.1,24.9,341,342,25.6,16.4,23.0,22.6,19.6,0.052,0.07,0.116,0.225,1,0.0,12.0,4.0,8.0,47.0,12.0,54.5,28.5,9.5,19.0,97.1,13.8,129.4
38.69947,-8.46048,81.0,2001-07-18T07:00,16.1,82,13.0,15.0,0.0,0.0,0.0,0.0,0,1018.7,1009.0,8,9,0,0,0.07,0.33,13.9,21.3,339,341,26.3,17.3,22.8,22.6,19.6,0.052,0.07,0.116,0.225,1,3600.0,129.0,78.0,51.0,405.3,129.0,254.8,192.8,116.6,76.2,405.3,192.8,380.9
38.69947,-8.46048,81.0,2001-07-18T08:00,17.9,68,12.0,15.6,0.0,0.0,0.0,0.0,1,1019.0,1009.4,40,44,0,0,0.19,0.65,19.6,27.3,343,344,40.7,19.5,22.7,22.6,19.6,0.052,0.07,0.116,0.225,1,3600.0,309.0,222.0,87.0,582.2,309.0,504.9,383.5,275.5,108.0,582.2,383.5,626.7
38.69947,-8.46048,81.0,2001-07-18T09:00,19.6,56,10.6,16.7,0.0,0.0,0.0,0.0,1,1019.0,1009.4,44,49,0,0,0.3,1.0,20.8,28.2,342,343,42.5,21.7,22.7,22.6,19.6,0.052,0.07,0.116,0.225,1,3600.0,449.0,287.0,162.0,513.0,449.0,740.8,515.2,329.3,185.9,513.0,515.2,850.0
38.69947,-8.46048,81.0,2001-07-18T10:00,21.0,48,9.7,18.0,0.0,0.0,0.0,0.0,2,1019.0,1009.5,53,59,0,0,0.39,1.28,20.4,27.6,339,340,43.6,23.7,22.7,22.5,19.6,0.052,0.07,0.116,0.225,1,3600.0,565.0,381.0,184.0,533.0,565.0,946.5,618.2,416.9,201.3,533.0,618.2,1035.6
38.69947,-8.46048,81.0,2001-07-18T11:00,22.3,43,9.1,19.8,0.0,0.0,0.0,0.0,1,1018.7,1009.2,42,47,0,0,0.48,1.54,20.3,26.8,337,338,44.3,25.8,22.8,22.5,19.6,0.052,0.07,0.116,0.225,1,3600.0,691.0,431.0,260.0,515.2,691.0,1107.9,730.3,455.5,274.8,515.2,730.3,1170.9
38.69947,-8.46048,81.0,2001-07-18T12:00,23.5,39,8.8,21.5,0.0,0.0,0.0,0.0,1,1018.6,1009.2,34,38,0,0,0.57,1.76,20.9,27.5,333,334,45.4,27.9,23.0,22.5,19.6,0.052,0.07,0.116,0.225,1,3600.0,832.0,594.0,238.0,647.9,832.0,1214.0,854.4,610.0,244.4,647.9,854.4,1246.6
38.69947,-8.46048,81.0,2001-07-18T13:00,24.4,36,8.5,22.5,0.0,0.0,0.0,0.0,1,1018.0,1008.6,22,25,0,0,0.63,1.94,21.9,28.8,330,331,47.2,29.5,23.1,22.5,19.6,0.052,0.07,0.116,0.224,1,3600.0,911.0,703.0,208.0,740.3,911.0,1257.5,911.0,703.0,208.0,740.3,911.0,1257.5
38.69947,-8.46048,81.0,2001-07-18T14:00,24.8,35,8.3,22.6,0.0,0.0,0.0,0.0,1,1017.7,1008.3,32,36,0,0,0.64,2.03,23.1,30.8,329,330,49.3,30.4,23.3,22.5,19.6,0.051,0.07,0.116,0.224,1,3600.0,895.0,698.0,197.0,748.1,895.0,1235.6,871.4,679.6,191.8,748.1,871.4,1203.0
38.69947,-8.46048,81.0,2001-07-18T15:00,24.7,35,8.3,21.9,0.0,0.0,0.0,0.0,1,1017.7,1008.3,29,32,0,0,0.61,2.01,24.9,33.4,329,330,51.5,30.5,23.5,22.5,19.6,0.051,0.07,0.116,0.224,1,3600.0,835.0,652.0,183.0,751.0,835.0,1149.6,789.2,616.2,173.0,751.0,789.2,1086.6
38.69947,-8.46048,81.0,2001-07-18T16:00,23.8,37,8.3,20.0,0.0,0.0,0.0,0.0,0,1017.3,1007.9,14,16,0,0,0.49,1.85,25.2,34.0,329,330,52.2,29.5,23.7,22.5,19.6,0.051,0.07,0.116,0.224,1,3600.0,627.0,388.0,239.0,511.0,627.0,1005.5,571.4,353.6,217.8,511.0,571.4,916.3
38.69947,-8.46048,81.0,2001-07-18T17:00,22.8,39,8.2,18.6,0.0,0.0,0.0,0.0,0,1017.4,1007.9,16,18,0,0,0.43,1.69,25.9,35.4,328,329,52.9,28.3,23.8,22.5,19.6,0.051,0.07,0.116,0.224,1,3600.0,556.0,427.0,129.0,695.6,556.0,812.9,481.3,369.6,111.7,695.6,481.3,703.7
38.69947,-8.46048,81.0,2001-07-18T18:00,21.4,41,7.7,17.0,0.0,0.0,0.0,0.0,0,1017.4,1007.9,15,17,0,0,0.32,1.5,25.9,36.0,328,329,52.9,26.5,23.9,22.5,19.7,0.051,0.07,0.116,0.224,1,3600.0,356.0,230.0,126.0,520.5,356.0,585.1,281.9,182.1,99.8,520.5,281.9,463.3
38.69947,-8.46048,81.0,2001-07-18T19:00,20.0,44,7.2,15.6,0.0,0.0,0.0,0.0,1,1017.6,1008.0,27,30,0,0,0.23,1.32,25.0,36.1,330,330,50.8,24.3,23.9,22.5,19.7,0.051,0.07,0.116,0.224,1,3600.0,192.0,127.0,65.0,498.2,192.0,337.6,120.3,79.5,40.7,498.2,120.3,211.5
38.69947,-8.46048,81.0,2001-07-18T20:00,18.6,50,7.9,14.8,0.0,0.0,0.0,0.0,1,1018.1,1008.5,24,27,0,0,0.14,1.08,22.4,34.8,330,332,48.6,22.2,23.8,22.5,19.7,0.051,0.07,0.116,0.224,0,719.8,33.0,13.0,20.0,112.1,33.0,95.0,0.0,0.0,0.0,0.0,0.0,0.0
38.69947,-8.46048,81.0,2001-07-18T21:00,17.7,56,8.9,14.4,0.0,0.0,0.0,0.0,0,1018.8,1009.2,7,7,1,0,0.1,0.89,20.5,32.4,332,333,41.4,20.6,23.7,22.5,19.7,0.051,0.07,0.116,0.224,0,0.0,0.0,0.0,0.0,0.0,0.0,0.0,0.0,0.0,0.0,0.0,0.0,0.0
38.69947,-8.46048,81.0,2001-07-18T22:00,17.0,63,9.8,14.3,0.0,0.0,0.0,0.0,0,1019.4,1009.7,3,3,0,0,0.07,0.72,18.1,29.7,329,331,37.8,19.4,23.6,22.5,19.7,0.051,0.07,0.116,0.224,0,0.0,0.0,0.0,0.0,0.0,0.0,0.0,0.0,0.0,0.0,0.0,0.0,0.0
38.69947,-8.46048,81.0,2001-07-18T23:00,16.4,68,10.5,14.2,0.0,0.0,0.0,0.0,0,1019.5,1009.8,7,6,2,0,0.05,0.59,16.1,27.4,331,332,33.1,18.6,23.4,22.5,19.7,0.051,0.07,0.116,0.224,0,0.0,0.0,0.0,0.0,0.0,0.0,0.0,0.0,0.0,0.0,0.0,0.0,0.0
38.69947,-8.46048,81.0,2001-07-19T00:00,15.9,72,11.0,14.0,0.0,0.0,0.0,0.0,0,1019.6,1009.9,6,7,0,0,0.04,0.5,15.3,26.6,333,335,29.9,17.9,23.2,22.5,19.7,0.051,0.07,0.116,0.224,0,0.0,0.0,0.0,0.0,0.0,0.0,0.0,0.0,0.0,0.0,0.0,0.0,0.0
38.69947,-8.46048,81.0,2001-07-19T01:00,15.4,76,11.1,13.6,0.0,0.0,0.0,0.0,0,1019.3,1009.6,10,11,0,0,0.03,0.42,14.7,25.7,335,338,27.7,17.2,23.0,22.5,19.7,0.051,0.07,0.116,0.224,0,0.0,0.0,0.0,0.0,0.0,0.0,0.0,0.0,0.0,0.0,0.0,0.0,0.0
38.69947,-8.46048,81.0,2001-07-19T02:00,15.0,78,11.2,13.2,0.0,0.0,0.0,0.0,0,1019.2,1009.5,14,15,0,3,0.03,0.37,14.4,25.3,338,340,25.9,16.7,22.9,22.5,19.7,0.051,0.07,0.116,0.224,0,0.0,0.0,0.0,0.0,0.0,0.0,0.0,0.0,0.0,0.0,0.0,0.0,0.0
38.69947,-8.46048,81.0,2001-07-19T03:00,14.6,80,11.3,13.0,0.0,0.0,0.0,0.0,1,1019.4,1009.7,26,27,0,7,0.02,0.33,14.0,24.4,342,344,25.6,16.3,22.7,22.5,19.7,0.051,0.07,0.116,0.224,0,0.0,0.0,0.0,0.0,0.0,0.0,0.0,0.0,0.0,0.0,0.0,0.0,0.0
38.69947,-8.46048,81.0,2001-07-19T04:00,14.3,82,11.4,12.8,0.0,0.0,0.0,0.0,1,1019.5,1009.7,29,31,0,4,0.01,0.29,13.6,24.3,343,345,24.8,15.9,22.5,22.5,19.7,0.051,0.07,0.116,0.224,0,0.0,0.0,0.0,0.0,0.0,0.0,0.0,0.0,0.0,0.0,0.0,0.0,0.0
38.69947,-8.46048,81.0,2001-07-19T05:00,14.2,84,11.5,12.7,0.0,0.0,0.0,0.0,1,1019.9,1010.1,29,32,0,0,0.01,0.27,13.5,24.2,344,345,24.5,15.7,22.3,22.5,19.7,0.051,0.07,0.116,0.224,0,0.0,0.0,0.0,0.0,0.0,0.0,0.0,0.0,0.0,0.0,0.0,0.0,0.0
38.69947,-8.46048,81.0,2001-07-19T06:00,14.3,83,11.5,12.7,0.0,0.0,0.0,0.0,1,1020.1,1010.3,21,21,4,0,0.03,0.27,14.1,24.4,345,347,24.5,15.7,22.1,22.5,19.7,0.051,0.07,0.116,0.224,1,0.0,10.0,3.0,7.0,35.7,10.0,53.1,23.8,7.1,16.7,74.8,11.4,126.4
38.69947,-8.46048,81.0,2001-07-19T07:00,15.4,77,11.3,13.8,0.0,0.0,0.0,0.0,0,1020.4,1010.7,4,4,0,0,0.07,0.41,13.7,20.7,346,347,25.9,16.6,21.9,22.5,19.7,0.051,0.07,0.116,0.224,1,3600.0,114.0,58.0,56.0,304.7,114.0,252.1,171.1,87.0,84.0,304.7,171.1,378.3
38.69947,-8.46048,81.0,2001-07-19T08:00,17.5,66,11.0,14.8,0.0,0.0,0.0,0.0,0,1020.7,1011.0,18,20,0,0,0.19,0.69,20.0,28.0,346,347,42.8,18.8,21.8,22.5,19.7,0.051,0.07,0.116,0.224,1,3600.0,306.0,220.0,86.0,579.8,306.0,502.5,380.3,273.4,106.9,579.8,380.3,624.4
38.69947,-8.46048,81.0,2001-07-19T09:00,19.3,58,10.8,16.4,0.0,0.0,0.0,0.0,2,1020.9,1011.3,52,58,0,0,0.3,0.95,21.6,29.3,345,346,44.6,21.0,21.8,22.5,19.7,0.051,0.07,0.116,0.224,1,3600.0,471.0,349.0,122.0,625.7,471.0,738.7,540.7,400.7,140.1,625.7,540.7,848.1
38.69947,-8.46048,81.0,2001-07-19T10:00,20.9,50,10.1,17.8,0.0,0.0,0.0,0.0,3,1021.1,1011.5,90,100,0,0,0.35,1.23,21.5,29.3,346,346,45.7,22.9,21.9,22.4,19.7,0.051,0.07,0.116,0.224,1,3600.0,481.0,293.0,188.0,410.7,481.0,944.7,526.5,320.7,205.8,410.7,526.5,1034.0
38.69947,-8.46048,81.0,2001-07-19T11:00,22.1,45,9.6,19.0,0.0,0.0,0.0,0.0,3,1020.9,1011.4,89,99,0,0,0.4,1.46,20.4,27.7,346,347,45.7,24.5,22.0,22.4,19.7,0.051,0.07,0.116,0.224,1,3600.0,523.0,174.0,349.0,208.3,523.0,1106.4,552.9,183.9,368.9,208.3,552.9,1169.5
38.69947,-8.46048,81.0,2001-07-19T12:00,23.1,42,9.4,20.1,0.0,0.0,0.0,0.0,3,1020.7,1011.2,87,97,0,0,0.44,1.64,19.9,26.5,347,348,44.6,25.9,22.1,22.4,19.7,0.051,0.07,0.116,0.224,1,3245.45,573.0,154.0,419.0,168.2,573.0,1212.7,588.5,158.2,430.3,168.2,588.5,1245.4
38.69947,-8.46048,81.0,2001-07-19T13:00,24.3,38,9.1,21.7,0.0,0.0,0.0,0.0,2,1020.5,1011.1,73,57,36,0,0.51,1.88,20.0,26.6,346,347,42.5,27.6,22.2,22.4,19.7,0.051,0.07,0.116,0.224,1,3600.0,659.0,302.0,357.0,318.3,659.0,1256.4,659.0,302.0,357.0,318.3,659.0,1256.4
38.69947,-8.46048,81.0,2001-07-19T14:00,25.5,34,8.5,22.8,0.0,0.0,0.0,0.0,2,1020.2,1010.8,55,24,55,0,0.57,2.15,21.1,28.0,346,347,42.5,29.1,22.4,22.4,19.7,0.051,0.07,0.116,0.224,1,3600.0,718.0,427.0,291.0,458.1,718.0,1234.5,699.0,415.7,283.3,458.1,699.0,1201.9
38.69947,-8.46048,81.0,2001-07-19T15:00,26.5,31,8.1,24.0,0.0,0.0,0.0,0.0,1,1019.9,1010.5,28,4,41,0,0.62,2.37,21.6,28.5,345,347,43.9,30.3,22.7,22.4,19.7,0.051,0.07,0.116,0.224,1,3600.0,786.0,595.0,191.0,686.1,786.0,1148.5,742.8,562.3,180.5,686.1,742.8,1085.4
38.69947,-8.46048,81.0,2001-07-19T16:00,26.7,31,8.0,23.5,0.0,0.0,0.0,0.0,0,1019.6,1010.2,0,0,0,0,0.56,2.42,22.2,29.5,343,344,44.3,30.6,22.9,22.4,19.7,0.051,0.069,0.115,0.224,1,3600.0,672.0,502.0,170.0,662.1,672.0,1004.2,612.3,457.4,154.9,662.1,612.3,914.9
38.69947,-8.46048,81.0,2001-07-19T17:00,26.2,32,8.3,22.5,0.0,0.0,0.0,0.0,0,1019.2,1009.8,0,0,0,0,0.5,2.31,23.3,31.5,343,344,45.7,30.2,23.1,22.4,19.7,0.051,0.069,0.115,0.224,1,3600.0,585.0,487.0,98.0,794.9,585.0,811.4,506.2,421.4,84.8,794.9,506.2,702.1
38.69947,-8.46048,81.0,2001-07-19T18:00,24.8,37,9.2,21.2,0.0,0.0,0.0,0.0,0,1019.6,1010.2,0,0,0,0,0.37,1.97,23.7,33.2,343,345,47.9,28.6,23.2,22.4,19.7,0.051,0.069,0.115,0.224,1,3600.0,387.0,305.0,82.0,692.5,387.0,583.4,306.1,241.2,64.9,692.5,306.1,461.4
38.69947,-8.46048,81.0,2001-07-19T19:00,22.4,45,9.9,19.0,0.0,0.0,0.0,0.0,0,1019.7,1010.2,1,0,0,2,0.24,1.49,23.5,33.8,342,343,47.5,26.2,23.3,22.4,19.7,0.051,0.069,0.115,0.224,1,3600.0,192.0,133.0,59.0,525.1,192.0,335.5,119.7,82.9,36.8,525.1,119.7,209.2
38.69947,-8.46048,81.0,2001-07-19T20:00,20.5,51,9.9,17.3,0.0,0.0,0.0,0.0,0,1020.0,1010.4,1,0,0,3,0.14,1.19,22.3,35.0,342,343,44.3,23.7,23.3,22.4,19.7,0.051,0.069,0.115,0.224,0,1538.08,38.0,20.0,18.0,173.7,38.0,93.9,0.0,0.0,0.0,0.0,0.0,0.0
38.69947,-8.46048,81.0,2001-07-19T21:00,18.8,56,10.0,15.7,0.0,0.0,0.0,0.0,0,1020.7,1011.1,0,0,0,0,0.1,0.95,21.1,33.9,346,348,41.8,21.7,23.3,22.4,19.7,0.051,0.069,0.115,0.224,0,0.0,0.0,0.0,0.0,0.0,0.0,0.0,0.0,0.0,0.0,0.0,0.0,0.0
38.69947,-8.46048,81.0,2001-07-19T22:00,17.6,61,10.1,14.9,0.0,0.0,0.0,0.0,0,1021.1,1011.4,0,0,0,0,0.08,0.78,18.7,31.4,349,351,38.5,20.2,23.2,22.4,19.7,0.051,0.069,0.115,0.224,0,0.0,0.0,0.0,0.0,0.0,0.0,0.0,0.0,0.0,0.0,0.0,0.0,0.0
38.69947,-8.46048,81.0,2001-07-19T23:00,16.7,67,10.5,14.3,0.0,0.0,0.0,0.0,0,1021.1,1011.4,0,0,0,0,0.06,0.63,17.4,30.0,353,355,35.6,19.0,23.0,22.4,19.7,0.051,0.069,0.115,0.224,0,0.0,0.0,0.0,0.0,0.0,0.0,0.0,0.0,0.0,0.0,0.0,0.0,0.0
38.69947,-8.46048,81.0,2001-07-20T00:00,16.0,72,10.9,14.0,0.0,0.0,0.0,0.0,0,1021.1,1011.4,0,0,0,0,0.04,0.51,15.6,27.8,353,356,32.0,18.1,22.9,22.4,19.7,0.051,0.069,0.115,0.224,0,0.0,0.0,0.0,0.0,0.0,0.0,0.0,0.0,0.0,0.0,0.0,0.0,0.0
38.69947,-8.46048,81.0,2001-07-20T01:00,15.4,76,11.2,13.6,0.0,0.0,0.0,0.0,0,1020.8,1011.1,0,0,0,0,0.03,0.42,14.8,27.0,354,357,28.4,17.3,22.7,22.4,19.7,0.051,0.069,0.115,0.224,0,0.0,0.0,0.0,0.0,0.0,0.0,0.0,0.0,0.0,0.0,0.0,0.0,0.0
38.69947,-8.46048,81.0,2001-07-20T02:00,14.9,79,11.3,13.2,0.0,0.0,0.0,0.0,0,1020.4,1010.7,0,0,0,0,0.02,0.35,14.0,26.6,359,1,25.9,16.7,22.5,22.4,19.7,0.051,0.069,0.115,0.224,0,0.0,0.0,0.0,0.0,0.0,0.0,0.0,0.0,0.0,0.0,0.0,0.0,0.0
38.69947,-8.46048,81.0,2001-07-20T03:00,14.5,82,11.4,12.9,0.0,0.0,0.0,0.0,0,1020.1,1010.3,0,0,0,0,0.02,0.3,14.0,26.3,1,4,25.6,16.1,22.4,22.4,19.7,0.051,0.069,0.115,0.224,0,0.0,0.0,0.0,0.0,0.0,0.0,0.0,0.0,0.0,0.0,0.0,0.0,0.0
38.69947,-8.46048,81.0,2001-07-20T04:00,14.2,84,11.6,12.6,0.0,0.0,0.0,0.0,0,1020.2,1010.4,0,0,0,0,0.01,0.25,13.7,26.1,5,7,25.6,15.7,22.2,22.4,19.7,0.051,0.069,0.115,0.224,0,0.0,0.0,0.0,0.0,0.0,0.0,0.0,0.0,0.0,0.0,0.0,0.0,0.0
38.69947,-8.46048,81.0,2001-07-20T05:00,13.9,86,11.6,12.5,0.0,0.0,0.0,0.0,0,1019.8,1010.0,0,0,0,0,0.01,0.22,13.1,25.6,8,11,24.8,15.3,22.0,22.4,19.7,0.051,0.069,0.115,0.224,0,0.0,0.0,0.0,0.0,0.0,0.0,0.0,0.0,0.0,0.0,0.0,0.0,0.0
38.69947,-8.46048,81.0,2001-07-20T06:00,13.9,86,11.6,12.5,0.0,0.0,0.0,0.0,0,1020.0,1010.2,0,0,0,0,0.03,0.23,13.1,25.1,9,12,23.4,15.1,21.8,22.4,19.7,0.051,0.069,0.115,0.224,1,0.0,11.0,4.0,7.0,48.2,11.0,51.6,26.3,9.6,16.7,102.6,12.4,123.5
38.69947,-8.46048,81.0,2001-07-20T07:00,15.5,78,11.8,14.2,0.0,0.0,0.0,0.0,0,1019.9,1010.2,0,0,0,0,0.07,0.38,12.8,22.2,10,13,24.8,16.3,21.6,22.3,19.7,0.051,0.069,0.115,0.224,1,3600.0,129.0,82.0,47.0,435.8,129.0,249.2,194.4,123.6,70.8,435.8,194.4,375.6
38.69947,-8.46048,81.0,2001-07-20T08:00,18.3,64,11.3,16.8,0.0,0.0,0.0,0.0,0,1020.1,1010.5,0,0,0,0,0.19,0.76,12.9,18.3,13,15,28.1,19.0,21.6,22.3,19.7,0.051,0.069,0.115,0.224,1,3600.0,318.0,242.0,76.0,641.1,318.0,500.0,395.7,301.1,94.6,641.1,395.7,622.1
38.69947,-8.46048,81.0,2001-07-20T09:00,21.2,50,10.4,19.5,0.0,0.0,0.0,0.0,0,1019.8,1010.3,0,0,0,0,0.34,1.26,13.0,17.6,14,15,29.9,22.4,21.6,22.3,19.7,0.051,0.069,0.115,0.224,1,3600.0,517.0,423.0,94.0,760.6,517.0,736.6,593.9,485.9,108.0,760.6,593.9,846.1
38.69947,-8.46048,81.0,2001-07-20T10:00,24.1,39,9.2,22.8,0.0,0.0,0.0,0.0,0,1019.8,1010.4,0,0,0,0,0.49,1.83,12.9,16.8,13,15,31.0,25.9,21.7,22.3,19.7,0.051,0.069,0.115,0.224,1,3600.0,698.0,593.0,105.0,833.0,698.0,942.9,764.2,649.2,115.0,833.0,764.2,1032.4
38.69947,-8.46048,81.0,2001-07-20T11:00,26.5,30,7.6,25.5,0.0,0.0,0.0,0.0,0,1019.1,1009.7,0,0,0,0,0.62,2.41,13.5,17.7,16,17,32.4,29.2,22.0,22.3,19.7,0.051,0.069,0.115,0.224,1,3600.0,843.0,729.0,114.0,874.0,843.0,1104.9,891.3,770.7,120.5,874.0,891.3,1168.1
38.69947,-8.46048,81.0,2001-07-20T12:00,28.3,25,6.6,27.7,0.0,0.0,0.0,0.0,0,1018.3,1009.0,0,0,0,0,0.71,2.87,13.1,17.1,21,22,32.8,32.0,22.2,22.3,19.7,0.051,0.069,0.115,0.224,1,3600.0,939.0,821.0,118.0,897.7,939.0,1211.4,964.4,843.2,121.2,897.7,964.4,1244.2
38.69947,-8.46048,81.0,2001-07-20T13:00,29.9,22,6.1,29.6,0.0,0.0,0.0,0.0,0,1017.9,1008.7,0,0,0,0,0.75,3.28,11.6,15.1,26,28,31.7,34.3,22.6,22.3,19.7,0.051,0.069,0.115,0.224,1,3600.0,978.0,859.0,119.0,906.5,978.0,1255.2,978.1,859.0,119.0,906.5,978.1,1255.3
38.69947,-8.46048,81.0,2001-07-20T14:00,31.1,20,5.7,30.9,0.0,0.0,0.0,0.0,0,1017.0,1007.8,0,0,0,0,0.75,3.61,10.5,13.4,27,31,29.5,36.1,23.0,22.3,19.7,0.051,0.069,0.115,0.224,1,3600.0,957.0,839.0,118.0,901.1,957.0,1233.3,931.7,816.8,114.9,901.1,931.7,1200.7
38.69947,-8.46048,81.0,2001-07-20T15:00,32.0,19,5.5,31.4,0.0,0.0,0.0,0.0,0,1016.2,1007.0,0,0,0,0,0.7,3.86,9.8,12.7,24,29,28.1,37.0,23.4,22.3,19.8,0.051,0.069,0.115,0.224,1,3600.0,879.0,766.0,113.0,884.4,879.0,1147.3,830.6,723.8,106.8,884.4,830.6,1084.1
38.69947,-8.46048,81.0,2001-07-20T16:00,32.6,18,5.2,31.2,0.0,0.0,0.0,0.0,0,1015.6,1006.5,0,0,0,0,0.61,4.02,9.6,12.2,20,24,27.4,37.1,23.7,22.3,19.8,0.051,0.069,0.115,0.224,1,3600.0,750.0,645.0,105.0,852.0,750.0,1002.8,683.2,587.5,95.6,852.0,683.2,913.5
38.69947,-8.46048,81.0,2001-07-20T17:00,32.8,18,5.0,30.3,0.0,0.0,0.0,0.0,0,1015.0,1005.9,0,0,0,0,0.5,4.09,9.8,12.9,6,13,27.0,36.4,24.1,22.3,19.8,0.051,0.069,0.115,0.224,1,3600.0,582.0,487.0,95.0,796.5,582.0,809.8,503.3,421.2,82.2,796.5,503.3,700.4
38.69947,-8.46048,81.0,2001-07-20T18:00,32.3,18,5.0,29.1,0.0,0.0,0.0,0.0,0,1014.9,1005.8,0,0,0,0,0.41,3.95,13.2,17.7,343,347,29.9,34.8,24.4,22.3,19.8,0.05,0.069,0.115,0.224,1,3600.0,388.0,309.0,79.0,703.9,388.0,581.5,306.5,244.1,62.4,703.9,306.5,459.3
38.69947,-8.46048,81.0,2001-07-20T19:00,30.2,23,6.7,26.6,0.0,0.0,0.0,0.0,0,1015.1,1005.9,0,0,0,0,0.33,3.31,18.9,29.3,329,332,34.9,32.3,24.6,22.3,19.8,0.05,0.069,0.115,0.224,1,3600.0,193.0,136.0,57.0,540.6,193.0,333.3,119.8,84.4,35.4,540.6,119.8,206.8
38.69947,-8.46048,81.0,2001-07-20T20:00,26.5,34,9.4,23.1,0.0,0.0,0.0,0.0,0,1015.6,1006.3,0,0,0,0,0.23,2.27,22.2,34.9,333,335,43.2,29.0,24.7,22.3,19.8,0.05,0.069,0.115,0.224,0,1520.95,37.0,20.0,17.0,175.1,37.0,92.8,0.0,0.0,0.0,0.0,0.0,0.0
38.69947,-8.46048,81.0,2001-07-20T21:00,23.6,43,10.5,20.8,0.0,0.0,0.0,0.0,0,1016.3,1006.9,0,0,0,0,0.16,1.65,20.4,33.7,343,344,42.5,26.3,24.7,22.3,19.8,0.05,0.069,0.115,0.224,0,0.0,0.0,0.0,0.0,0.0,0.0,0.0,0.0,0.0,0.0,0.0,0.0,0.0
38.69947,-8.46048,81.0,2001-07-20T22:00,21.9,49,10.7,19.6,0.0,0.0,0.0,0.0,0,1017.1,1007.6,0,0,0,0,0.11,1.33,17.0,29.7,347,350,37.4,24.2,24.6,22.3,19.8,0.05,0.069,0.115,0.223,0,0.0,0.0,0.0,0.0,0.0,0.0,0.0,0.0,0.0,0.0,0.0,0.0,0.0
38.69947,-8.46048,81.0,2001-07-20T23:00,20.7,53,10.7,18.7,0.0,0.0,0.0,0.0,0,1016.9,1007.4,0,0,0,0,0.09,1.16,15.4,28.0,349,352,33.1,22.7,24.5,22.3,19.8,0.05,0.069,0.115,0.223,0,0.0,0.0,0.0,0.0,0.0,0.0,0.0,0.0,0.0,0.0,0.0,0.0,0.0
38.69947,-8.46048,81.0,2001-07-21T00:00,19.8,56,10.8,18.1,0.0,0.0,0.0,0.0,0,1016.9,1007.3,0,0,0,0,0.07,1.02,13.4,26.0,352,355,29.5,21.6,24.4,22.3,19.8,0.05,0.069,0.115,0.223,0,0.0,0.0,0.0,0.0,0.0,0.0,0.0,0.0,0.0,0.0,0.0,0.0,0.0
38.69947,-8.46048,81.0,2001-07-21T01:00,19.1,59,11.0,17.6,0.0,0.0,0.0,0.0,0,1016.3,1006.7,0,0,0,0,0.06,0.9,12.3,24.5,357,359,25.9,20.6,24.3,22.3,19.8,0.05,0.069,0.115,0.223,0,0.0,0.0,0.0,0.0,0.0,0.0,0.0,0.0,0.0,0.0,0.0,0.0,0.0
38.69947,-8.46048,81.0,2001-07-21T02:00,18.5,63,11.3,17.2,0.0,0.0,0.0,0.0,0,1016.2,1006.6,0,0,0,0,0.05,0.8,11.5,23.8,356,360,23.0,19.8,24.1,22.3,19.8,0.05,0.069,0.115,0.223,0,0.0,0.0,0.0,0.0,0.0,0.0,0.0,0.0,0.0,0.0,0.0,0.0,0.0
38.69947,-8.46048,81.0,2001-07-21T03:00,18.0,66,11.5,16.8,0.0,0.0,0.0,0.0,0,1016.0,1006.4,0,0,0,0,0.04,0.7,11.5,24.1,358,360,21.2,19.1,24.0,22.3,19.8,0.05,0.069,0.115,0.223,0,0.0,0.0,0.0,0.0,0.0,0.0,0.0,0.0,0.0,0.0,0.0,0.0,0.0
38.69947,-8.46048,81.0,2001-07-21T04:00,17.4,70,11.8,16.4,0.0,0.0,0.0,0.0,0,1015.7,1006.1,0,0,0,0,0.03,0.6,11.2,23.4,360,2,21.2,18.5,23.8,22.3,19.8,0.05,0.069,0.115,0.223,0,0.0,0.0,0.0,0.0,0.0,0.0,0.0,0.0,0.0,0.0,0.0,0.0,0.0
38.69947,-8.46048,81.0,2001-07-21T05:00,16.9,74,12.1,15.9,0.0,0.0,0.0,0.0,0,1015.6,1006.0,0,0,0,0,0.03,0.51,10.8,22.8,2,5,20.5,17.9,23.6,22.3,19.8,0.05,0.069,0.115,0.223,0,0.0,0.0,0.0,0.0,0.0,0.0,0.0,0.0,0.0,0.0,0.0,0.0,0.0
38.69947,-8.46048,81.0,2001-07-21T06:00,16.5,77,12.4,15.6,0.0,0.0,0.0,0.0,0,1015.6,1006.0,0,0,0,0,0.04,0.44,11.2,22.5,4,7,19.8,17.5,23.4,22.3,19.8,0.05,0.069,0.115,0.223,1,0.0,10.0,4.0,6.0,48.9,10.0,50.1,24.0,9.6,14.4,105.7,11.1,120.4
38.69947,-8.46048,81.0,2001-07-21T07:00,18.1,73,13.2,17.5,0.0,0.0,0.0,0.0,0,1015.7,1006.1,0,0,0,0,0.08,0.56,10.9,19.0,6,10,21.6,18.7,23.3,22.3,19.8,0.05,0.069,0.115,0.223,1,3600.0,129.0,83.0,46.0,446.3,129.0,246.4,195.3,125.6,69.6,446.3,195.3,372.9
38.69947,-8.46048,81.0,2001-07-21T08:00,21.2,60,13.1,20.7,0.0,0.0,0.0,0.0,0,1015.7,1006.2,0,0,0,0,0.21,1.01,9.8,13.9,8,10,23.0,21.6,23.2,22.3,19.8,0.05,0.069,0.115,0.223,1,3600.0,318.0,244.0,74.0,649.7,318.0,497.5,396.2,304.0,92.2,649.7,396.2,619.8
38.69947,-8.46048,81.0,2001-07-21T09:00,24.7,46,12.4,24.0,0.0,0.0,0.0,0.0,0,1015.7,1006.3,0,0,0,0,0.36,1.66,9.4,12.3,4,7,24.1,25.4,23.3,22.3,19.8,0.05,0.069,0.115,0.223,1,3600.0,515.0,424.0,91.0,764.8,515.0,734.5,591.9,487.3,104.6,764.8,591.9,844.1
38.69947,-8.46048,81.0,2001-07-21T10:00,28.0,36,11.3,27.7,0.0,0.0,0.0,0.0,0,1015.4,1006.1,0,0,0,0,0.52,2.43,10.2,13.2,8,11,24.8,29.4,23.4,22.3,19.8,0.05,0.069,0.115,0.223,1,3600.0,695.0,594.0,101.0,836.2,695.0,941.1,761.2,650.5,110.6,836.2,761.2,1030.7
38.69947,-8.46048,81.0,2001-07-21T11:00,30.7,29,10.4,31.2,0.0,0.0,0.0,0.0,0,1015.0,1005.8,0,0,0,0,0.64,3.15,8.7,10.9,5,9,25.2,33.3,23.7,22.3,19.8,0.05,0.069,0.115,0.223,1,3600.0,836.0,726.0,110.0,871.7,836.0,1103.3,884.0,767.7,116.3,871.7,884.0,1166.7
38.69947,-8.46048,81.0,2001-07-21T12:00,32.9,24,9.5,34.1,0.0,0.0,0.0,0.0,0,1014.7,1005.6,0,0,0,0,0.72,3.81,6.5,8.0,360,5,24.5,36.7,24.0,22.3,19.8,0.05,0.069,0.115,0.223,1,3600.0,934.0,819.0,115.0,896.7,934.0,1210.0,959.4,841.2,118.1,896.7,959.4,1242.9
38.69947,-8.46048,81.0,2001-07-21T13:00,34.5,20,8.5,36.1,0.0,0.0,0.0,0.0,0,1014.1,1005.0,0,0,0,0,0.75,4.35,4.6,5.2,342,348,23.0,39.4,24.5,22.3,19.8,0.05,0.069,0.114,0.223,1,3600.0,973.0,856.0,117.0,904.3,973.0,1254.0,973.1,856.1,117.0,904.3,973.1,1254.1
38.69947,-8.46048,81.0,2001-07-21T14:00,35.5,18,7.5,36.9,0.0,0.0,0.0,0.0,0,1013.5,1004.5,0,0,0,0,0.73,4.75,3.7,3.7,281,281,21.6,41.2,24.9,22.3,19.8,0.05,0.069,0.114,0.223,1,3600.0,953.0,837.0,116.0,899.9,953.0,1232.1,927.7,814.8,112.9,899.9,927.7,1199.5
38.69947,-8.46048,81.0,2001-07-21T15:00,36.2,17,7.2,36.4,0.0,0.0,0.0,0.0,0,1013.1,1004.1,0,0,0,0,0.72,4.98,7.2,8.3,270,270,22.7,42.0,25.3,22.3,19.8,0.05,0.069,0.114,0.223,1,3600.0,876.0,764.0,112.0,883.2,876.0,1146.0,827.7,721.8,105.8,883.2,827.7,1082.8
38.69947,-8.46048,81.0,2001-07-21T16:00,36.2,17,7.6,35.1,0.0,0.0,0.0,0.0,0,1012.7,1003.7,0,0,0,0,0.66,4.97,10.9,13.6,287,287,27.7,41.5,25.8,22.3,19.8,0.05,0.069,0.114,0.223,1,3600.0,748.0,643.0,105.0,850.7,748.0,1001.4,681.2,585.5,95.6,850.7,681.2,911.9
38.69947,-8.46048,81.0,2001-07-21T17:00,35.4,20,9.2,33.1,0.0,0.0,0.0,0.0,0,1012.5,1003.5,0,0,0,0,0.58,4.58,15.3,20.1,304,306,36.0,39.8,26.1,22.4,19.8,0.05,0.068,0.114,0.223,1,3600.0,580.0,486.0,94.0,796.7,580.0,808.2,501.3,420.1,81.2,796.7,501.3,698.5
38.69947,-8.46048,81.0,2001-07-21T18:00,33.2,27,11.6,30.8,0.0,0.0,0.0,0.0,0,1012.5,1003.4,0,0,0,0,0.47,3.72,19.9,27.7,319,321,43.2,37.1,26.4,22.4,19.8,0.05,0.068,0.114,0.223,1,3600.0,386.0,307.0,79.0,701.9,386.0,579.5,304.5,242.2,62.3,701.9,304.5,457.2
38.69947,-8.46048,81.0,2001-07-21T19:00,30.4,33,12.5,28.2,0.0,0.0,0.0,0.0,0,1012.9,1003.7,0,0,0,0,0.32,2.89,20.9,30.5,328,330,42.1,33.8,26.5,22.4,19.8,0.05,0.068,0.114,0.223,1,3600.0,191.0,135.0,56.0,540.5,191.0,330.9,117.9,83.3,34.6,540.5,117.9,204.3
38.69947,-8.46048,81.0,2001-07-21T20:00,27.3,40,12.6,25.2,0.0,0.0,0.0,0.0,0,1013.3,1004.0,0,0,0,0,0.19,2.17,19.6,31.0,334,337,39.6,30.4,26.6,22.4,19.8,0.05,0.068,0.114,0.223,0,1388.79,36.0,19.0,17.0,167.7,36.0,91.5,0.0,0.0,0.0,0.0,0.0,0.0
38.69947,-8.46048,81.0,2001-07-21T21:00,25.0,45,12.3,23.2,0.0,0.0,0.0,0.0,0,1014.4,1005.0,0,0,0,0,0.14,1.73,17.1,28.1,342,344,36.0,27.7,26.6,22.4,19.8,0.05,0.068,0.114,0.223,0,0.0,0.0,0.0,0.0,0.0,0.0,0.0,0.0,0.0,0.0,0.0,0.0,0.0
38.69947,-8.46048,81.0,2001-07-21T22:00,23.3,50,12.4,22.0,0.0,0.0,0.0,0.0,0,1015.0,1005.6,0,0,0,0,0.1,1.42,14.0,24.9,342,346,31.7,25.7,26.5,22.4,19.8,0.05,0.068,0.114,0.223,0,0.0,0.0,0.0,0.0,0.0,0.0,0.0,0.0,0.0,0.0,0.0,0.0,0.0
38.69947,-8.46048,81.0,2001-07-21T23:00,21.9,55,12.6,21.1,0.0,0.0,0.0,0.0,0,1015.3,1005.8,0,0,0,0,0.07,1.17,11.4,22.2,342,347,25.9,24.1,26.4,22.4,19.8,0.05,0.068,0.114,0.223,0,0.0,0.0,0.0,0.0,0.0,0.0,0.0,0.0,0.0,0.0,0.0,0.0,0.0
38.69947,-8.46048,81.0,2001-07-22T00:00,20.8,60,12.8,20.2,0.0,0.0,0.0,0.0,0,1015.5,1006.0,0,0,0,0,0.05,0.97,10.0,20.8,339,346,21.6,22.8,26.2,22.4,19.8,0.05,0.068,0.114,0.223,0,0.0,0.0,0.0,0.0,0.0,0.0,0.0,0.0,0.0,0.0,0.0,0.0,0.0
38.69947,-8.46048,81.0,2001-07-22T01:00,19.8,65,13.1,19.5,0.0,0.0,0.0,0.0,0,1014.9,1005.4,0,0,0,0,0.03,0.81,9.1,20.0,342,346,19.8,21.7,26.0,22.4,19.8,0.05,0.068,0.114,0.223,0,0.0,0.0,0.0,0.0,0.0,0.0,0.0,0.0,0.0,0.0,0.0,0.0,0.0
38.69947,-8.46048,81.0,2001-07-22T02:00,19.0,70,13.4,18.8,0.0,0.0,0.0,0.0,0,1014.7,1005.1,0,0,0,0,0.02,0.66,8.3,18.8,342,348,18.0,20.7,25.8,22.4,19.8,0.05,0.068,0.114,0.223,0,0.0,0.0,0.0,0.0,0.0,0.0,0.0,0.0,0.0,0.0,0.0,0.0,0.0
38.69947,-8.46048,81.0,2001-07-22T03:00,18.2,75,13.7,18.1,0.0,0.0,0.0,0.0,0,1014.7,1005.1,0,0,0,0,0.02,0.52,8.6,19.1,338,344,15.8,19.8,25.6,22.5,19.8,0.05,0.068,0.114,0.223,0,0.0,0.0,0.0,0.0,0.0,0.0,0.0,0.0,0.0,0.0,0.0,0.0,0.0
38.69947,-8.46048,81.0,2001-07-22T04:00,17.4,81,14.2,17.4,0.0,0.0,0.0,0.0,0,1015.0,1005.4,1,0,2,0,0.01,0.37,9.3,20.4,332,339,16.9,19.0,25.4,22.5,19.8,0.05,0.068,0.114,0.223,0,0.0,0.0,0.0,0.0,0.0,0.0,0.0,0.0,0.0,0.0,0.0,0.0,0.0
38.69947,-8.46048,81.0,2001-07-22T05:00,16.8,87,14.6,16.8,0.0,0.0,0.0,0.0,0,1015.0,1005.4,3,1,3,0,0.0,0.25,10.3,21.7,335,339,18.4,18.3,25.2,22.5,19.8,0.05,0.068,0.114,0.223,0,0.0,0.0,0.0,0.0,0.0,0.0,0.0,0.0,0.0,0.0,0.0,0.0,0.0
38.69947,-8.46048,81.0,2001-07-22T06:00,16.6,90,15.0,16.5,0.0,0.0,0.0,0.0,0,1015.2,1005.6,5,6,0,0,0.02,0.18,11.6,23.5,344,345,20.2,17.9,24.9,22.5,19.8,0.05,0.068,0.114,0.223,1,0.0,10.0,3.0,7.0,37.2,10.0,48.6,24.1,7.2,16.9,81.8,11.0,117.3
38.69947,-8.46048,81.0,2001-07-22T07:00,18.1,83,15.3,18.0,0.0,0.0,0.0,0.0,0,1015.0,1005.4,4,4,0,0,0.07,0.34,13.1,23.3,351,351,24.8,19.1,24.7,22.5,19.8,0.05,0.068,0.114,0.223,1,3600.0,125.0,80.0,45.0,435.4,125.0,243.5,190.1,121.7,68.4,435.4,190.1,370.2
38.69947,-8.46048,81.0,2001-07-22T08:00,20.6,71,15.1,20.3,0.0,0.0,0.0,0.0,0,1015.3,1005.8,0,0,0,0,0.19,0.71,14.2,20.3,351,353,30.2,21.7,24.6,22.5,19.8,0.05,0.068,0.114,0.223,1,3600.0,311.0,228.0,83.0,610.3,311.0,495.0,388.0,284.4,103.5,610.3,388.0,617.4
38.69947,-8.46048,81.0,2001-07-22T09:00,23.5,58,14.8,23.0,0.0,0.0,0.0,0.0,0,1015.4,1006.0,0,0,0,0,0.35,1.21,14.0,18.7,348,349,31.7,25.0,24.6,22.5,19.8,0.05,0.068,0.114,0.223,1,3600.0,517.0,426.0,91.0,770.8,517.0,732.3,594.6,489.9,104.7,770.8,594.6,842.1
38.69947,-8.46048,81.0,2001-07-22T10:00,26.1,48,14.1,26.1,0.0,0.0,0.0,0.0,0,1015.0,1005.7,0,0,0,0,0.48,1.76,13.6,17.9,349,351,32.4,28.3,24.7,22.5,19.8,0.05,0.068,0.114,0.223,1,3600.0,671.0,564.0,107.0,795.6,671.0,939.2,735.1,617.9,117.2,795.6,735.1,1029.0
38.69947,-8.46048,81.0,2001-07-22T11:00,28.7,38,13.1,29.2,0.0,0.0,0.0,0.0,0,1014.8,1005.5,0,0,0,0,0.63,2.42,13.5,17.0,344,347,32.8,31.7,24.8,22.5,19.8,0.05,0.068,0.114,0.223,1,3600.0,837.0,727.0,110.0,874.3,837.0,1101.7,885.2,768.9,116.3,874.3,885.2,1165.2
38.69947,-8.46048,81.0,2001-07-22T12:00,30.9,31,11.8,31.7,0.0,0.0,0.0,0.0,0,1014.5,1005.3,0,0,0,0,0.73,3.08,12.3,15.5,339,342,32.4,34.7,25.1,22.5,19.8,0.05,0.068,0.114,0.223,1,3600.0,931.0,815.0,116.0,893.4,931.0,1208.6,956.4,837.2,119.2,893.4,956.4,1241.6
38.69947,-8.46048,81.0,2001-07-22T13:00,32.6,26,10.5,33.3,0.0,0.0,0.0,0.0,0,1014.0,1004.9,0,0,0,0,0.79,3.65,12.4,15.5,334,335,32.4,37.1,25.4,22.5,19.8,0.05,0.068,0.114,0.223,1,3600.0,972.0,856.0,116.0,905.4,972.0,1252.7,972.1,856.1,116.0,905.4,972.1,1252.8
38.69947,-8.46048,81.0,2001-07-22T14:00,33.7,23,10.0,33.8,0.0,0.0,0.0,0.0,0,1013.1,1004.0,0,0,0,0,0.8,4.01,14.2,17.9,330,332,34.9,38.7,25.7,22.5,19.8,0.05,0.068,0.114,0.223,1,3600.0,953.0,839.0,114.0,903.1,953.0,1230.9,927.7,816.7,111.0,903.1,927.7,1198.2
38.69947,-8.46048,81.0,2001-07-22T15:00,34.2,23,10.0,33.6,0.0,0.0,0.0,0.0,0,1012.8,1003.7,0,0,0,0,0.77,4.14,15.7,20.0,328,330,37.4,39.1,26.1,22.5,19.8,0.05,0.068,0.114,0.223,1,3600.0,877.0,767.0,110.0,887.8,877.0,1144.6,828.5,724.6,103.9,887.8,828.5,1081.4
38.69947,-8.46048,81.0,2001-07-22T16:00,33.8,24,10.5,32.5,0.0,0.0,0.0,0.0,0,1012.6,1003.5,0,0,0,0,0.69,3.99,17.2,22.3,327,329,38.9,38.6,26.4,22.5,19.9,0.05,0.068,0.114,0.223,1,3600.0,748.0,644.0,104.0,853.4,748.0,999.9,681.0,586.3,94.7,853.4,681.0,910.3
38.69947,-8.46048,81.0,2001-07-22T17:00,32.8,27,11.3,30.6,0.0,0.0,0.0,0.0,0,1012.6,1003.5,0,0,0,0,0.57,3.63,18.7,24.8,326,327,39.6,37.2,26.6,22.5,19.9,0.05,0.068,0.114,0.223,1,3600.0,580.0,486.0,94.0,798.6,580.0,806.4,501.0,419.8,81.2,798.6,501.0,696.6
38.69947,-8.46048,81.0,2001-07-22T18:00,31.0,31,12.0,28.7,0.0,0.0,0.0,0.0,0,1012.7,1003.5,0,0,0,0,0.43,3.1,20.2,27.4,329,330,39.6,35.0,26.8,22.5,19.9,0.05,0.068,0.113,0.223,1,3600.0,386.0,307.0,79.0,704.5,386.0,577.4,304.1,241.9,62.2,704.5,304.1,454.9
38.69947,-8.46048,81.0,2001-07-22T19:00,28.5,39,13.1,26.6,0.0,0.0,0.0,0.0,0,1012.7,1003.5,0,0,0,0,0.28,2.37,19.7,27.9,332,333,40.7,32.2,26.9,22.6,19.9,0.05,0.068,0.113,0.223,1,3600.0,190.0,133.0,57.0,536.5,190.0,328.5,116.6,81.6,35.0,536.5,116.6,201.6
38.69947,-8.46048,81.0,2001-07-22T20:00,25.9,44,12.8,24.2,0.0,0.0,0.0,0.0,0,1013.2,1003.9,0,0,0,0,0.16,1.86,17.7,26.8,333,336,37.4,29.1,26.9,22.6,19.9,0.05,0.068,0.113,0.223,0,1371.07,35.0,19.0,16.0,169.2,35.0,90.2,0.0,0.0,0.0,0.0,0.0,0.0
38.69947,-8.46048,81.0,2001-07-22T21:00,23.8,50,12.7,22.3,0.0,0.0,0.0,0.0,0,1014.0,1004.6,0,0,0,0,0.11,1.47,15.8,25.5,336,338,32.8,26.6,26.8,22.6,19.9,0.05,0.068,0.113,0.223,0,0.0,0.0,0.0,0.0,0.0,0.0,0.0,0.0,0.0,0.0,0.0,0.0,0.0
38.69947,-8.46048,81.0,2001-07-22T22:00,21.9,57,13.0,20.8,0.0,0.0,0.0,0.0,0,1014.1,1004.6,0,0,0,0,0.08,1.13,14.4,25.4,338,342,28.4,24.7,26.7,22.6,19.9,0.05,0.068,0.113,0.223,0,0.0,0.0,0.0,0.0,0.0,0.0,0.0,0.0,0.0,0.0,0.0,0.0,0.0
38.69947,-8.46048,81.0,2001-07-22T23:00,20.4,65,13.6,19.6,0.0,0.0,0.0,0.0,0,1014.0,1004.5,1,1,0,0,0.05,0.83,13.2,24.6,338,342,26.3,23.0,26.6,22.6,19.9,0.05,0.068,0.113,0.223,0,0.0,0.0,0.0,0.0,0.0,0.0,0.0,0.0,0.0,0.0,0.0,0.0,0.0
38.69947,-8.46048,81.0,2001-07-23T00:00,19.2,73,14.3,18.9,0.0,0.0,0.0,0.0,0,1013.9,1004.4,0,0,0,0,0.03,0.6,12.0,23.2,339,344,23.8,21.7,26.4,22.6,19.9,0.05,0.068,0.113,0.223,0,0.0,0.0,0.0,0.0,0.0,0.0,0.0,0.0,0.0,0.0,0.0,0.0,0.0
38.69947,-8.46048,81.0,2001-07-23T01:00,18.4,80,14.8,18.4,0.0,0.0,0.0,0.0,0,1013.6,1004.0,0,0,0,0,0.02,0.43,10.8,22.6,339,343,20.5,20.6,26.2,22.6,19.9,0.05,0.068,0.114,0.223,0,0.0,0.0,0.0,0.0,0.0,0.0,0.0,0.0,0.0,0.0,0.0,0.0,0.0
38.69947,-8.46048,81.0,2001-07-23T02:00,17.6,86,15.2,17.8,0.0,0.0,0.0,0.0,0,1013.3,1003.7,0,0,0,0,0.01,0.29,10.4,22.2,340,343,18.0,19.7,25.9,22.6,19.9,0.05,0.068,0.114,0.223,0,0.0,0.0,0.0,0.0,0.0,0.0,0.0,0.0,0.0,0.0,0.0,0.0,0.0
38.69947,-8.46048,81.0,2001-07-23T03:00,17.1,90,15.4,17.6,0.0,0.0,0.0,0.0,0,1013.1,1003.5,0,0,0,0,0.0,0.19,8.9,20.7,339,343,17.3,18.9,25.7,22.6,19.9,0.05,0.068,0.114,0.223,0,0.0,0.0,0.0,0.0,0.0,0.0,0.0,0.0,0.0,0.0,0.0,0.0,0.0
38.69947,-8.46048,81.0,2001-07-23T04:00,16.6,94,15.5,17.5,0.0,0.0,0.0,0.0,0,1013.1,1003.5,1,0,0,2,0.0,0.12,6.2,17.7,339,343,14.8,18.2,25.5,22.6,19.9,0.05,0.068,0.114,0.223,0,0.0,0.0,0.0,0.0,0.0,0.0,0.0,0.0,0.0,0.0,0.0,0.0,0.0
38.69947,-8.46048,81.0,2001-07-23T05:00,16.2,96,15.5,17.0,0.0,0.0,0.0,0.0,0,1013.1,1003.5,4,0,0,12,0.0,0.08,6.8,14.7,328,338,10.1,17.7,25.2,22.6,19.9,0.05,0.068,0.114,0.223,0,0.0,0.0,0.0,0.0,0.0,0.0,0.0,0.0,0.0,0.0,0.0,0.0,0.0
38.69947,-8.46048,81.0,2001-07-23T06:00,16.1,97,15.6,17.3,0.0,0.0,0.0,0.0,0,1013.3,1003.7,18,0,0,61,0.01,0.06,5.1,13.4,309,329,9.7,17.4,24.9,22.6,19.9,0.05,0.068,0.114,0.223,1,0.0,8.0,3.0,5.0,37.8,8.0,47.1,19.4,7.3,12.1,83.5,8.7,114.2
38.69947,-8.46048,81.0,2001-07-23T07:00,17.6,86,15.3,18.5,0.0,0.0,0.0,0.0,1,1013.7,1004.1,28,0,0,92,0.06,0.28,6.0,12.5,303,319,13.3,18.5,24.7,22.6,19.9,0.05,0.068,0.114,0.223,1,3600.0,122.0,71.0,51.0,391.2,122.0,240.5,186.4,108.5,77.9,391.2,186.4,367.4
38.69947,-8.46048,81.0,2001-07-23T08:00,20.7,73,15.7,21.6,0.0,0.0,0.0,0.0,1,1013.8,1004.3,26,0,0,86,0.18,0.66,7.1,10.0,315,319,18.4,22.3,24.6,22.6,19.9,0.05,0.068,0.114,0.223,1,3600.0,300.0,206.0,94.0,554.4,300.0,492.4,374.7,257.3,117.4,554.4,374.7,615.0
38.69947,-8.46048,81.0,2001-07-23T09:00,23.5,62,15.7,24.3,0.0,0.0,0.0,0.0,0,1013.9,1004.5,17,0,0,56,0.32,1.11,7.9,10.2,317,318,21.2,25.5,24.6,22.6,19.9,0.05,0.068,0.113,0.223,1,3600.0,486.0,349.0,137.0,633.5,486.0,730.1,559.2,401.6,157.6,633.5,559.2,840.1
38.69947,-8.46048,81.0,2001-07-23T10:00,26.6,50,15.2,27.8,0.0,0.0,0.0,0.0,0,1013.9,1004.6,3,0,0,9,0.48,1.75,9.0,11.5,307,311,23.8,29.3,24.7,22.6,19.9,0.05,0.068,0.113,0.222,1,3600.0,681.0,560.0,121.0,791.7,681.0,937.3,746.3,613.7,132.6,791.7,746.3,1027.2
38.69947,-8.46048,81.0,2001-07-23T11:00,29.4,36,12.8,30.3,0.0,0.0,0.0,0.0,0,1013.5,1004.3,0,0,0,0,0.63,2.62,10.5,13.3,301,303,27.0,32.8,24.9,22.7,19.9,0.05,0.068,0.113,0.222,1,3600.0,837.0,719.0,118.0,866.1,837.0,1100.1,885.4,760.6,124.8,866.1,885.4,1163.7
38.69947,-8.46048,81.0,2001-07-23T12:00,31.3,27,9.9,31.8,0.0,0.0,0.0,0.0,0,1013.4,1004.2,0,0,0,0,0.74,3.35,11.3,14.2,297,297,29.2,35.7,25.2,22.7,19.9,0.05,0.068,0.113,0.222,1,3600.0,932.0,814.0,118.0,893.5,932.0,1207.2,957.5,836.3,121.2,893.5,957.5,1240.2
38.69947,-8.46048,81.0,2001-07-23T13:00,32.6,23,8.5,32.7,0.0,0.0,0.0,0.0,0,1013.0,1003.9,4,0,0,13,0.79,3.81,12.6,15.5,290,292,30.6,37.8,25.5,22.7,19.9,0.05,0.068,0.113,0.222,1,3600.0,972.0,854.0,118.0,904.4,972.0,1251.4,972.1,854.1,118.0,904.4,972.1,1251.5
38.69947,-8.46048,81.0,2001-07-23T14:00,33.4,21,8.0,32.8,0.0,0.0,0.0,0.0,0,1012.7,1003.6,1,0,0,2,0.81,4.06,14.8,18.8,288,290,33.8,39.0,25.9,22.7,19.9,0.05,0.068,0.113,0.222,1,3600.0,952.0,834.0,118.0,898.9,952.0,1229.6,926.7,811.8,114.9,898.9,926.7,1196.8
38.69947,-8.46048,81.0,2001-07-23T15:00,33.4,21,8.0,32.1,0.0,0.0,0.0,0.0,0,1012.3,1003.2,0,0,0,0,0.77,4.06,16.6,21.5,292,293,36.7,39.1,26.2,22.7,19.9,0.05,0.068,0.113,0.222,1,3600.0,875.0,763.0,112.0,884.4,875.0,1143.2,826.5,720.7,105.8,884.4,826.5,1079.9
38.69947,-8.46048,81.0,2001-07-23T16:00,32.7,23,8.7,30.7,0.0,0.0,0.0,0.0,0,1012.3,1003.2,0,0,0,0,0.68,3.81,18.2,23.8,297,299,38.9,38.2,26.5,22.7,19.9,0.05,0.068,0.113,0.222,1,3600.0,745.0,641.0,104.0,850.9,745.0,998.3,678.1,583.4,94.7,850.9,678.1,908.6
38.69947,-8.46048,81.0,2001-07-23T17:00,31.4,26,9.8,28.7,0.0,0.0,0.0,0.0,0,1012.4,1003.3,0,0,0,0,0.56,3.39,19.4,25.8,301,303,40.7,36.5,26.7,22.7,19.9,0.05,0.068,0.113,0.222,1,3600.0,576.0,482.0,94.0,793.9,576.0,804.5,497.3,416.1,81.2,793.9,497.3,694.6
38.69947,-8.46048,81.0,2001-07-23T18:00,29.5,32,10.8,26.9,0.0,0.0,0.0,0.0,0,1012.6,1003.4,2,0,0,6,0.41,2.82,19.1,26.2,306,307,41.0,34.1,26.9,22.7,19.9,0.05,0.068,0.113,0.222,1,3600.0,381.0,302.0,79.0,695.8,381.0,575.2,299.8,237.6,62.2,695.8,299.8,452.6
38.69947,-8.46048,81.0,2001-07-23T19:00,26.4,42,12.5,24.5,0.0,0.0,0.0,0.0,0,1012.8,1003.5,3,0,0,11,0.24,1.98,17.9,25.3,308,310,39.2,31.0,26.9,22.7,19.9,0.05,0.068,0.113,0.222,1,3600.0,187.0,131.0,56.0,532.7,187.0,325.9,114.1,79.9,34.2,532.7,114.1,198.9
38.69947,-8.46048,81.0,2001-07-23T20:00,23.9,52,13.5,22.7,0.0,0.0,0.0,0.0,0,1013.0,1003.6,6,0,0,21,0.12,1.41,15.6,24.0,308,311,34.9,27.9,26.9,22.7,19.9,0.05,0.068,0.113,0.222,0,1242.39,34.0,18.0,16.0,161.8,34.0,88.9,0.0,0.0,0.0,0.0,0.0,0.0
38.69947,-8.46048,81.0,2001-07-23T21:00,21.8,62,14.2,21.0,0.0,0.0,0.0,0.0,0,1013.9,1004.4,9,0,0,31,0.07,0.99,14.8,22.7,311,313,29.2,25.4,26.8,22.7,19.9,0.05,0.068,0.113,0.222,0,0.0,0.0,0.0,0.0,0.0,0.0,0.0,0.0,0.0,0.0,0.0,0.0,0.0
38.69947,-8.46048,81.0,2001-07-23T22:00,20.0,71,14.7,19.7,0.0,0.0,0.0,0.0,0,1014.4,1004.9,15,11,0,17,0.04,0.67,13.0,20.6,314,316,28.4,23.4,26.7,22.7,19.9,0.05,0.068,0.113,0.222,0,0.0,0.0,0.0,0.0,0.0,0.0,0.0,0.0,0.0,0.0,0.0,0.0,0.0
38.69947,-8.46048,81.0,2001-07-23T23:00,18.9,79,15.1,18.8,0.0,0.0,0.0,0.0,1,1014.4,1004.8,36,34,0,18,0.02,0.47,12.0,19.6,314,317,27.0,22.0,26.5,22.8,19.9,0.05,0.068,0.113,0.222,0,0.0,0.0,0.0,0.0,0.0,0.0,0.0,0.0,0.0,0.0,0.0,0.0,0.0
38.69947,-8.46048,81.0,2001-07-24T00:00,18.0,85,15.4,18.4,0.0,0.0,0.0,0.0,1,1014.1,1004.5,47,47,0,17,0.01,0.32,10.0,17.3,311,315,23.0,20.8,26.3,22.8,19.9,0.05,0.068,0.113,0.222,0,0.0,0.0,0.0,0.0,0.0,0.0,0.0,0.0,0.0,0.0,0.0,0.0,0.0
38.69947,-8.46048,81.0,2001-07-24T01:00,17.8,87,15.6,18.1,0.0,0.0,0.0,0.0,2,1014.1,1004.5,70,77,0,1,0.0,0.27,10.4,16.9,304,308,19.1,20.2,26.1,22.8,19.9,0.05,0.068,0.113,0.222,0,0.0,0.0,0.0,0.0,0.0,0.0,0.0,0.0,0.0,0.0,0.0,0.0,0.0
38.69947,-8.46048,81.0,2001-07-24T02:00,17.4,89,15.7,17.6,0.0,0.0,0.0,0.0,3,1014.2,1004.6,88,98,0,0,0.0,0.21,11.7,18.1,304,305,19.1,19.6,25.8,22.8,19.9,0.05,0.068,0.113,0.222,0,0.0,0.0,0.0,0.0,0.0,0.0,0.0,0.0,0.0,0.0,0.0,0.0,0.0
38.69947,-8.46048,81.0,2001-07-24T03:00,17.3,90,15.7,17.3,0.0,0.0,0.0,0.0,3,1014.2,1004.6,85,94,0,0,0.0,0.19,13.3,19.7,303,305,18.0,19.2,25.6,22.8,19.9,0.05,0.068,0.113,0.222,0,0.0,0.0,0.0,0.0,0.0,0.0,0.0,0.0,0.0,0.0,0.0,0.0,0.0
38.69947,-8.46048,81.0,2001-07-24T04:00,17.6,88,15.6,17.7,0.0,0.0,0.0,0.0,3,1014.4,1004.8,90,100,0,0,0.01,0.24,12.3,18.9,302,305,20.2,19.3,25.4,22.8,19.9,0.05,0.068,0.113,0.222,0,0.0,0.0,0.0,0.0,0.0,0.0,0.0,0.0,0.0,0.0,0.0,0.0,0.0
38.69947,-8.46048,81.0,2001-07-24T05:00,17.9,86,15.5,17.9,0.0,0.0,0.0,0.0,3,1014.3,1004.7,90,100,0,0,0.01,0.29,12.7,20.5,305,308,22.0,19.4,25.2,22.8,19.9,0.05,0.068,0.113,0.222,0,0.0,0.0,0.0,0.0,0.0,0.0,0.0,0.0,0.0,0.0,0.0,0.0,0.0
38.69947,-8.46048,81.0,2001-07-24T06:00,18.3,83,15.4,18.3,0.0,0.0,0.0,0.0,3,1014.7,1005.1,89,99,0,0,0.04,0.35,12.2,19.3,304,307,20.5,19.7,25.0,22.8,19.9,0.05,0.068,0.113,0.222,1,0.0,4.0,0.0,4.0,0.0,4.0,45.5,9.8,0.0,9.8,0.0,4.3,111.0
38.69947,-8.46048,81.0,2001-07-24T07:00,18.5,80,14.9,18.3,0.0,0.0,0.0,0.0,3,1015.0,1005.4,90,100,0,0,0.06,0.43,12.4,17.2,306,307,24.5,20.1,24.8,22.8,19.9,0.05,0.068,0.113,0.222,1,0.0,45.0,10.0,35.0,55.8,45.0,237.5,69.1,15.4,53.7,55.8,69.1,364.6
38.69947,-8.46048,81.0,2001-07-24T08:00,19.3,75,14.8,19.2,0.0,0.0,0.0,0.0,3,1015.3,1005.7,88,98,0,0,0.12,0.55,11.5,15.4,302,303,25.2,21.2,24.7,22.8,19.9,0.05,0.068,0.113,0.222,1,1853.38,154.0,45.0,109.0,121.8,154.0,489.8,192.6,56.3,136.3,121.8,192.6,612.6
38.69947,-8.46048,81.0,2001-07-24T09:00,20.6,68,14.5,20.4,0.0,0.0,0.0,0.0,2,1015.4,1005.9,70,78,0,0,0.19,0.77,11.4,15.3,298,300,26.3,22.9,24.6,22.8,19.9,0.05,0.068,0.113,0.222,1,1259.41,264.0,56.0,208.0,102.0,264.0,727.8,304.0,64.5,239.5,102.0,304.0,838.0
38.69947,-8.46048,81.0,2001-07-24T10:00,22.7,58,13.9,22.2,0.0,0.0,0.0,0.0,2,1015.7,1006.3,70,78,0,0,0.35,1.17,12.1,15.4,307,307,28.8,25.8,24.7,22.8,19.9,0.05,0.068,0.113,0.222,1,3600.0,519.0,313.0,206.0,443.5,519.0,935.4,568.9,343.1,225.8,443.5,568.9,1025.4
38.69947,-8.46048,81.0,2001-07-24T11:00,24.7,50,13.6,25.2,0.0,0.0,0.0,0.0,0,1015.6,1006.2,18,20,0,0,0.5,1.56,11.4,14.5,298,300,29.2,29.0,24.8,22.8,20.0,0.05,0.068,0.113,0.222,1,3600.0,732.0,541.0,191.0,652.8,732.0,1098.4,774.5,572.4,202.1,652.8,774.5,1162.2
38.69947,-8.46048,81.0,2001-07-24T12:00,26.7,44,13.4,27.9,0.0,0.0,0.0,0.0,0,1015.3,1006.0,0,0,0,0,0.64,1.96,12.4,15.5,292,295,32.0,32.0,24.9,22.8,20.0,0.05,0.068,0.113,0.222,1,3600.0,906.0,778.0,128.0,855.2,906.0,1205.8,930.8,799.3,131.5,855.2,930.8,1238.8
38.69947,-8.46048,81.0,2001-07-24T13:00,28.1,40,13.2,29.3,0.0,0.0,0.0,0.0,0,1014.7,1005.4,0,0,0,0,0.7,2.29,13.8,17.7,290,290,34.9,34.1,25.2,22.8,20.0,0.05,0.067,0.113,0.222,1,3600.0,954.0,826.0,128.0,875.8,954.0,1250.0,954.1,826.1,128.0,875.8,954.1,1250.2
38.69947,-8.46048,81.0,2001-07-24T14:00,29.0,38,13.1,29.6,0.0,0.0,0.0,0.0,0,1014.7,1005.5,0,0,0,0,0.71,2.49,16.2,20.7,291,293,37.8,35.3,25.4,22.8,20.0,0.05,0.067,0.113,0.222,1,3600.0,936.0,807.0,129.0,870.9,936.0,1228.2,911.0,785.5,125.6,870.9,911.0,1195.4
38.69947,-8.46048,81.0,2001-07-24T15:00,29.1,37,12.9,28.9,0.0,0.0,0.0,0.0,0,1014.6,1005.4,0,0,0,0,0.67,2.53,18.0,23.3,296,297,40.3,35.4,25.7,22.8,20.0,0.05,0.067,0.113,0.222,1,3600.0,860.0,734.0,126.0,852.1,860.0,1141.8,812.2,693.2,119.0,852.1,812.2,1078.3
38.69947,-8.46048,81.0,2001-07-24T16:00,28.5,39,13.2,27.6,0.0,0.0,0.0,0.0,0,1015.0,1005.7,0,0,0,0,0.58,2.36,19.4,25.4,301,302,41.8,34.7,25.9,22.8,20.0,0.05,0.067,0.112,0.222,1,3600.0,737.0,623.0,114.0,828.6,737.0,996.6,670.6,566.8,103.7,828.6,670.6,906.8
38.69947,-8.46048,81.0,2001-07-24T17:00,27.4,43,13.6,25.7,0.0,0.0,0.0,0.0,0,1014.9,1005.6,0,0,0,0,0.47,2.1,20.1,26.7,306,307,41.8,33.2,26.0,22.8,20.0,0.05,0.067,0.112,0.222,1,3600.0,570.0,471.0,99.0,777.8,570.0,802.6,491.8,406.4,85.4,777.8,491.8,692.5
38.69947,-8.46048,81.0,2001-07-24T18:00,26.0,47,13.9,24.3,0.0,0.0,0.0,0.0,0,1015.1,1005.8,0,0,0,0,0.34,1.76,19.9,27.0,311,312,41.8,31.2,26.1,22.8,20.0,0.05,0.067,0.112,0.222,1,3600.0,379.0,298.0,81.0,689.4,379.0,572.9,297.7,234.1,63.6,689.4,297.7,450.1
38.69947,-8.46048,81.0,2001-07-24T19:00,23.5,55,13.9,22.0,0.0,0.0,0.0,0.0,0,1015.4,1006.0,1,1,0,0,0.19,1.3,18.8,26.5,315,316,40.0,28.4,26.2,22.8,20.0,0.05,0.067,0.112,0.222,1,3600.0,183.0,125.0,58.0,512.6,183.0,323.3,111.0,75.8,35.2,512.6,111.0,196.0
38.69947,-8.46048,81.0,2001-07-24T20:00,21.5,63,14.2,20.4,0.0,0.0,0.0,0.0,0,1015.7,1006.2,4,5,0,0,0.1,0.95,17.1,25.5,318,320,36.7,25.6,26.1,22.8,20.0,0.05,0.067,0.112,0.222,0,1009.3,32.0,16.0,16.0,145.3,32.0,87.5,0.0,0.0,0.0,0.0,0.0,0.0
38.69947,-8.46048,81.0,2001-07-24T21:00,20.0,70,14.4,19.1,0.0,0.0,0.0,0.0,1,1016.7,1007.2,23,26,0,0,0.05,0.7,16.1,24.7,321,323,31.7,23.5,26.0,22.9,20.0,0.05,0.067,0.112,0.222,0,0.0,0.0,0.0,0.0,0.0,0.0,0.0,0.0,0.0,0.0,0.0,0.0,0.0
38.69947,-8.46048,81.0,2001-07-24T22:00,19.0,75,14.6,18.5,0.0,0.0,0.0,0.0,1,1017.3,1007.7,46,51,0,0,0.03,0.54,13.9,22.3,323,326,30.2,22.1,25.8,22.9,20.0,0.05,0.067,0.112,0.222,0,0.0,0.0,0.0,0.0,0.0,0.0,0.0,0.0,0.0,0.0,0.0,0.0,0.0
38.69947,-8.46048,81.0,2001-07-24T23:00,18.3,79,14.6,18.0,0.0,0.0,0.0,0.0,1,1017.3,1007.7,49,54,0,0,0.02,0.45,12.8,21.0,320,322,27.7,21.0,25.7,22.9,20.0,0.05,0.067,0.112,0.222,0,0.0,0.0,0.0,0.0,0.0,0.0,0.0,0.0,0.0,0.0,0.0,0.0,0.0
38.69947,-8.46048,81.0,2001-07-25T00:00,17.9,81,14.6,17.5,0.0,0.0,0.0,0.0,1,1017.4,1007.8,42,47,0,0,0.02,0.39,13.2,22.0,317,320,24.1,20.3,25.5,22.9,20.0,0.05,0.067,0.112,0.222,0,0.0,0.0,0.0,0.0,0.0,0.0,0.0,0.0,0.0,0.0,0.0,0.0,0.0
38.69947,-8.46048,81.0,2001-07-25T01:00,17.7,82,14.6,17.2,0.0,0.0,0.0,0.0,1,1017.3,1007.7,36,40,0,0,0.02,0.36,13.8,22.9,321,323,23.8,19.7,25.3,22.9,20.0,0.05,0.067,0.112,0.222,0,0.0,0.0,0.0,0.0,0.0,0.0,0.0,0.0,0.0,0.0,0.0,0.0,0.0
38.69947,-8.46048,81.0,2001-07-25T02:00,17.2,84,14.6,16.8,0.0,0.0,0.0,0.0,1,1016.7,1007.1,36,40,0,0,0.01,0.31,13.0,23.0,326,328,24.1,19.1,25.1,22.9,20.0,0.05,0.067,0.112,0.222,0,0.0,0.0,0.0,0.0,0.0,0.0,0.0,0.0,0.0,0.0,0.0,0.0,0.0
38.69947,-8.46048,81.0,2001-07-25T03:00,17.1,86,14.7,16.9,0.0,0.0,0.0,0.0,1,1017.2,1007.6,28,31,0,0,0.01,0.27,11.9,21.8,325,329,23.4,18.8,24.9,22.9,20.0,0.05,0.067,0.112,0.222,0,0.0,0.0,0.0,0.0,0.0,0.0,0.0,0.0,0.0,0.0,0.0,0.0,0.0
38.69947,-8.46048,81.0,2001-07-25T04:00,17.1,87,14.9,17.0,0.0,0.0,0.0,0.0,1,1016.9,1007.3,36,40,0,0,0.01,0.26,11.5,20.8,321,326,23.8,18.6,24.7,22.9,20.0,0.05,0.067,0.112,0.222,0,0.0,0.0,0.0,0.0,0.0,0.0,0.0,0.0,0.0,0.0,0.0,0.0,0.0
38.69947,-8.46048,81.0,2001-07-25T05:00,17.2,86,14.9,17.0,0.0,0.0,0.0,0.0,2,1017.3,1007.7,68,75,0,0,0.01,0.27,12.3,20.9,320,324,23.0,18.7,24.5,22.9,20.0,0.05,0.067,0.112,0.222,0,0.0,0.0,0.0,0.0,0.0,0.0,0.0,0.0,0.0,0.0,0.0,0.0,0.0
38.69947,-8.46048,81.0,2001-07-25T06:00,17.4,84,14.8,17.2,0.0,0.0,0.0,0.0,2,1017.7,1008.1,74,82,0,0,0.04,0.31,12.5,21.2,321,325,22.3,18.8,24.3,22.9,20.0,0.05,0.067,0.112,0.222,1,0.0,5.0,1.0,4.0,13.0,5.0,43.9,12.3,2.5,9.8,28.2,5.3,107.8
38.69947,-8.46048,81.0,2001-07-25T07:00,17.7,80,14.3,16.8,0.0,0.0,0.0,0.0,2,1018.0,1008.4,79,88,0,0,0.07,0.4,16.2,23.7,328,330,30.6,19.2,24.2,22.9,20.0,0.05,0.067,0.112,0.222,1,574.45,54.0,14.0,40.0,79.1,54.0,234.5,83.3,21.6,61.7,79.1,83.3,361.8
38.69947,-8.46048,81.0,2001-07-25T08:00,18.6,74,13.9,17.4,0.0,0.0,0.0,0.0,3,1018.1,1008.5,82,91,0,0,0.13,0.55,16.5,22.6,328,329,33.5,20.2,24.0,22.9,20.0,0.05,0.067,0.112,0.222,1,3506.7,176.0,65.0,111.0,176.9,176.0,487.1,220.5,81.4,139.0,176.9,220.5,610.2
38.69947,-8.46048,81.0,2001-07-25T09:00,20.1,66,13.6,18.9,0.0,0.0,0.0,0.0,2,1018.1,1008.5,58,65,0,0,0.24,0.8,15.9,21.5,327,329,34.9,22.4,24.0,22.9,20.0,0.05,0.067,0.112,0.222,1,3600.0,373.0,212.0,161.0,387.3,373.0,725.5,429.7,244.2,185.5,387.3,429.7,835.9
38.69947,-8.46048,81.0,2001-07-25T10:00,22.0,58,13.3,20.8,0.0,0.0,0.0,0.0,1,1018.1,1008.6,21,23,0,0,0.38,1.11,16.4,21.9,331,333,34.6,25.0,24.0,22.9,20.0,0.05,0.067,0.112,0.222,1,3600.0,581.0,361.0,220.0,512.7,581.0,933.5,637.1,395.9,241.3,512.7,637.1,1023.7
38.69947,-8.46048,81.0,2001-07-25T11:00,24.2,49,12.9,24.2,0.0,0.0,0.0,0.0,0,1017.9,1008.5,0,0,0,0,0.54,1.52,15.8,20.8,333,334,34.9,28.3,24.1,22.9,20.0,0.05,0.067,0.112,0.222,1,3600.0,815.0,686.0,129.0,829.2,815.0,1096.8,862.4,725.9,136.5,829.2,862.4,1160.6
38.69947,-8.46048,81.0,2001-07-25T12:00,26.1,43,12.5,26.6,0.0,0.0,0.0,0.0,0,1017.8,1008.4,0,0,0,0,0.65,1.93,15.5,20.1,332,333,35.3,31.1,24.3,22.9,20.0,0.05,0.067,0.112,0.222,1,3600.0,928.0,796.0,132.0,876.2,928.0,1204.3,953.5,817.9,135.6,876.2,953.5,1237.4
38.69947,-8.46048,81.0,2001-07-25T13:00,27.7,39,12.3,28.4,0.0,0.0,0.0,0.0,0,1017.4,1008.1,0,0,0,0,0.71,2.28,15.3,20.0,330,332,36.0,33.2,24.5,22.9,20.0,0.05,0.067,0.112,0.222,1,3600.0,973.0,847.0,126.0,899.3,973.0,1248.6,973.1,847.1,126.0,899.3,973.1,1248.8
38.69947,-8.46048,81.0,2001-07-25T14:00,28.8,35,11.8,29.1,0.0,0.0,0.0,0.0,0,1016.8,1007.5,0,0,0,0,0.72,2.57,16.2,21.0,328,329,37.4,34.6,24.8,22.9,20.0,0.05,0.067,0.112,0.222,1,3600.0,954.0,834.0,120.0,901.2,954.0,1226.8,928.5,811.7,116.8,901.2,928.5,1194.0
38.69947,-8.46048,81.0,2001-07-25T15:00,29.3,33,11.4,28.9,0.0,0.0,0.0,0.0,0,1016.7,1007.4,0,0,0,0,0.69,2.73,17.1,22.2,325,328,38.9,35.1,25.0,22.9,20.0,0.05,0.067,0.112,0.221,1,3600.0,874.0,759.0,115.0,882.5,874.0,1140.2,825.3,716.7,108.6,882.5,825.3,1076.7
38.69947,-8.46048,81.0,2001-07-25T16:00,29.1,33,11.3,27.9,0.0,0.0,0.0,0.0,0,1016.3,1007.0,0,0,0,0,0.61,2.7,17.8,23.6,324,326,40.0,34.7,25.3,22.9,20.0,0.05,0.067,0.112,0.221,1,3600.0,745.0,637.0,108.0,848.8,745.0,994.9,677.6,579.4,98.2,848.8,677.6,904.9
38.69947,-8.46048,81.0,2001-07-25T17:00,28.3,34,11.1,26.0,0.0,0.0,0.0,0.0,0,1016.2,1006.9,0,0,0,0,0.5,2.53,18.8,24.9,324,326,40.3,33.5,25.5,22.9,20.0,0.05,0.067,0.112,0.221,1,3600.0,574.0,478.0,96.0,791.6,574.0,800.6,494.9,412.2,82.8,791.6,494.9,690.3
38.69947,-8.46048,81.0,2001-07-25T18:00,26.9,38,11.4,24.5,0.0,0.0,0.0,0.0,0,1016.3,1007.0,0,0,0,0,0.36,2.19,19.0,26.1,323,325,40.3,31.5,25.6,22.9,20.0,0.05,0.067,0.112,0.221,1,3600.0,379.0,299.0,80.0,694.8,379.0,570.5,297.3,234.5,62.7,694.8,297.3,447.5
38.69947,-8.46048,81.0,2001-07-25T19:00,24.5,45,11.7,22.4,0.0,0.0,0.0,0.0,0,1016.6,1007.2,0,0,0,0,0.22,1.7,18.2,26.3,322,324,38.5,28.8,25.7,22.9,20.0,0.05,0.067,0.112,0.221,1,3600.0,182.0,126.0,56.0,521.2,182.0,320.5,109.6,75.9,33.7,521.2,109.6,193.1
38.69947,-8.46048,81.0,2001-07-25T20:00,22.4,52,11.9,20.4,0.0,0.0,0.0,0.0,0,1017.0,1007.5,0,0,0,0,0.13,1.31,17.8,27.1,324,327,35.6,26.0,25.6,22.9,20.0,0.05,0.067,0.112,0.221,0,994.44,31.0,16.0,15.0,146.8,31.0,86.0,0.0,0.0,0.0,0.0,0.0,0.0
38.69947,-8.46048,81.0,2001-07-25T21:00,20.5,59,12.2,18.7,0.0,0.0,0.0,0.0,0,1018.0,1008.5,0,0,0,0,0.08,0.99,16.8,26.7,329,331,32.4,23.8,25.5,22.9,20.0,0.05,0.067,0.112,0.221,0,0.0,0.0,0.0,0.0,0.0,0.0,0.0,0.0,0.0,0.0,0.0,0.0,0.0
38.69947,-8.46048,81.0,2001-07-25T22:00,19.0,66,12.5,17.7,0.0,0.0,0.0,0.0,0,1018.4,1008.8,0,0,0,0,0.05,0.75,13.9,23.2,329,332,31.3,22.1,25.4,22.9,20.0,0.05,0.067,0.112,0.221,0,0.0,0.0,0.0,0.0,0.0,0.0,0.0,0.0,0.0,0.0,0.0,0.0,0.0
38.69947,-8.46048,81.0,2001-07-25T23:00,17.9,72,12.7,16.8,0.0,0.0,0.0,0.0,0,1018.3,1008.7,0,0,0,0,0.04,0.58,13.1,22.7,328,331,27.4,20.7,25.2,22.9,20.0,0.05,0.067,0.112,0.221,0,0.0,0.0,0.0,0.0,0.0,0.0,0.0,0.0,0.0,0.0,0.0,0.0,0.0
38.69947,-8.46048,81.0,2001-07-26T00:00,17.1,76,12.9,16.2,0.0,0.0,0.0,0.0,0,1018.5,1008.8,0,0,0,0,0.03,0.46,12.5,22.4,327,330,24.8,19.7,25.1,22.9,20.0,0.05,0.067,0.112,0.221,0,0.0,0.0,0.0,0.0,0.0,0.0,0.0,0.0,0.0,0.0,0.0,0.0,0.0
38.69947,-8.46048,81.0,2001-07-26T01:00,16.6,80,13.1,15.8,0.0,0.0,0.0,0.0,0,1017.9,1008.2,0,0,0,0,0.02,0.38,11.7,22.2,326,331,23.0,18.8,24.9,22.9,20.0,0.05,0.067,0.112,0.221,0,0.0,0.0,0.0,0.0,0.0,0.0,0.0,0.0,0.0,0.0,0.0,0.0,0.0
38.69947,-8.46048,81.0,2001-07-26T02:00,16.2,83,13.2,15.5,0.0,0.0,0.0,0.0,0,1017.6,1007.9,2,2,0,0,0.01,0.32,11.3,22.1,329,332,21.2,18.2,24.7,22.9,20.0,0.05,0.067,0.112,0.221,0,0.0,0.0,0.0,0.0,0.0,0.0,0.0,0.0,0.0,0.0,0.0,0.0,0.0
38.69947,-8.46048,81.0,2001-07-26T03:00,16.0,85,13.5,15.5,0.0,0.0,0.0,0.0,0,1017.4,1007.7,3,3,0,0,0.01,0.27,11.0,21.9,328,333,19.8,17.7,24.4,22.9,20.0,0.05,0.067,0.112,0.221,0,0.0,0.0,0.0,0.0,0.0,0.0,0.0,0.0,0.0,0.0,0.0,0.0,0.0
38.69947,-8.46048,81.0,2001-07-26T04:00,15.8,87,13.7,15.4,0.0,0.0,0.0,0.0,0,1017.3,1007.6,4,4,0,0,0.0,0.23,10.8,21.7,330,333,19.4,17.3,24.2,22.9,20.0,0.05,0.067,0.112,0.221,0,0.0,0.0,0.0,0.0,0.0,0.0,0.0,0.0,0.0,0.0,0.0,0.0,0.0
38.69947,-8.46048,81.0,2001-07-26T05:00,15.9,88,14.0,15.7,0.0,0.0,0.0,0.0,0,1017.2,1007.5,14,15,0,0,0.0,0.21,10.5,21.6,329,332,19.4,17.2,24.0,22.9,20.0,0.05,0.067,0.112,0.221,0,0.0,0.0,0.0,0.0,0.0,0.0,0.0,0.0,0.0,0.0,0.0,0.0,0.0
38.69947,-8.46048,81.0,2001-07-26T06:00,15.9,90,14.3,15.7,0.0,0.0,0.0,0.0,0,1017.2,1007.5,16,18,0,0,0.02,0.18,10.8,21.4,330,333,19.4,17.1,23.8,22.9,20.0,0.05,0.067,0.112,0.221,1,0.0,7.0,2.0,5.0,26.4,7.0,42.3,17.3,4.9,12.4,56.7,7.3,104.5
38.69947,-8.46048,81.0,2001-07-26T07:00,17.6,84,14.9,17.7,0.0,0.0,0.0,0.0,0,1017.4,1007.8,20,22,0,0,0.06,0.32,10.8,19.0,330,333,21.6,18.3,23.6,22.9,20.1,0.05,0.067,0.112,0.221,1,3600.0,101.0,55.0,46.0,315.1,101.0,231.4,156.7,85.3,71.3,315.1,156.7,358.9
38.69947,-8.46048,81.0,2001-07-26T08:00,19.6,75,15.0,19.1,0.0,0.0,0.0,0.0,0,1017.3,1007.7,15,17,0,0,0.16,0.58,14.7,20.4,332,334,30.2,20.7,23.5,22.9,20.1,0.05,0.067,0.112,0.221,1,3600.0,263.0,173.0,90.0,473.5,263.0,484.5,329.9,217.0,112.9,473.5,329.9,607.7
38.69947,-8.46048,81.0,2001-07-26T09:00,21.7,64,14.6,20.9,0.0,0.0,0.0,0.0,1,1017.5,1008.0,24,27,0,0,0.29,0.93,16.1,21.7,331,331,34.6,23.5,23.5,22.9,20.1,0.05,0.067,0.112,0.221,1,3600.0,444.0,330.0,114.0,605.0,444.0,723.2,511.9,380.4,131.4,605.0,511.9,833.8
38.69947,-8.46048,81.0,2001-07-26T10:00,23.9,55,14.3,23.3,0.0,0.0,0.0,0.0,1,1017.4,1008.0,30,33,0,0,0.41,1.33,15.0,19.7,330,332,35.6,26.3,23.6,22.9,20.1,0.05,0.067,0.112,0.221,1,3600.0,596.0,448.0,148.0,637.7,596.0,931.5,653.8,491.4,162.3,637.7,653.8,1021.8
38.69947,-8.46048,81.0,2001-07-26T11:00,25.8,49,14.1,26.2,0.0,0.0,0.0,0.0,0,1017.0,1007.6,20,22,0,0,0.53,1.7,14.2,18.2,324,326,35.6,29.2,23.8,22.9,20.1,0.05,0.067,0.112,0.221,1,3600.0,760.0,614.0,146.0,743.4,760.0,1095.1,804.4,649.8,154.5,743.4,804.4,1159.0
38.69947,-8.46048,81.0,2001-07-26T12:00,27.3,45,14.2,28.5,0.0,0.0,0.0,0.0,0,1017.0,1007.7,7,8,0,0,0.63,2.01,13.0,16.6,316,318,35.3,31.7,24.0,22.9,20.1,0.05,0.067,0.112,0.221,1,3600.0,876.0,720.0,156.0,793.7,876.0,1202.7,900.2,739.9,160.3,793.7,900.2,1235.9
38.69947,-8.46048,81.0,2001-07-26T13:00,28.5,41,14.1,30.1,0.0,0.0,0.0,0.0,0,1016.6,1007.3,0,0,0,0,0.7,2.29,13.3,17.1,308,311,36.0,33.8,24.2,22.9,20.1,0.05,0.067,0.112,0.221,1,3600.0,950.0,818.0,132.0,869.7,950.0,1247.2,950.1,818.1,132.0,869.7,950.1,1247.3
38.69947,-8.46048,81.0,2001-07-26T14:00,29.4,39,13.8,30.5,0.0,0.0,0.0,0.0,0,1015.9,1006.7,0,0,0,0,0.71,2.51,14.7,18.5,306,307,37.1,35.1,24.5,22.9,20.1,0.05,0.067,0.112,0.221,1,3600.0,939.0,821.0,118.0,888.4,939.0,1225.3,913.8,799.0,114.8,888.4,913.8,1192.5
38.69947,-8.46048,81.0,2001-07-26T15:00,29.7,37,13.6,30.1,0.0,0.0,0.0,0.0,0,1015.9,1006.7,0,0,0,0,0.67,2.61,15.9,20.5,308,309,38.5,35.5,24.8,22.9,20.1,0.05,0.067,0.112,0.221,1,3600.0,858.0,743.0,115.0,865.2,858.0,1138.6,810.0,701.5,108.6,865.2,810.0,1075.0
38.69947,-8.46048,81.0,2001-07-26T16:00,29.4,38,13.5,28.8,0.0,0.0,0.0,0.0,0,1015.6,1006.4,0,0,0,0,0.59,2.54,17.8,23.2,312,313,40.0,35.0,25.0,22.9,20.1,0.05,0.067,0.112,0.221,1,3600.0,735.0,628.0,107.0,838.6,735.0,993.0,668.3,571.0,97.3,838.6,668.3,902.9
38.69947,-8.46048,81.0,2001-07-26T17:00,28.4,41,13.8,26.9,0.0,0.0,0.0,0.0,0,1015.6,1006.3,0,0,0,0,0.48,2.3,19.3,25.7,315,317,40.3,33.7,25.3,22.9,20.1,0.05,0.067,0.111,0.221,1,3600.0,565.0,467.0,98.0,775.6,565.0,798.4,486.9,402.4,84.4,775.6,486.9,688.0
38.69947,-8.46048,81.0,2001-07-26T18:00,27.0,45,14.1,25.4,0.0,0.0,0.0,0.0,0,1016.0,1006.7,0,0,0,0,0.35,1.96,19.9,27.1,319,320,40.7,31.7,25.4,22.9,20.1,0.05,0.067,0.111,0.221,1,3600.0,371.0,290.0,81.0,676.9,371.0,568.1,290.5,227.1,63.4,676.9,290.5,444.8
38.69947,-8.46048,81.0,2001-07-26T19:00,24.8,53,14.5,23.6,0.0,0.0,0.0,0.0,0,1016.0,1006.6,0,0,0,0,0.2,1.47,18.5,26.6,323,324,40.0,29.0,25.5,22.9,20.1,0.05,0.067,0.111,0.221,1,3600.0,176.0,118.0,58.0,492.7,176.0,317.6,105.3,70.6,34.7,492.7,105.3,190.0
38.69947,-8.46048,81.0,2001-07-26T20:00,22.9,60,14.6,21.9,0.0,0.0,0.0,0.0,0,1016.5,1007.1,0,0,0,0,0.11,1.12,16.8,26.1,325,327,36.4,26.3,25.5,22.9,20.1,0.05,0.067,0.111,0.221,0,875.7,29.0,15.0,14.0,139.1,29.0,84.5,0.0,0.0,0.0,0.0,0.0,0.0
38.69947,-8.46048,81.0,2001-07-26T21:00,21.2,67,14.8,20.5,0.0,0.0,0.0,0.0,0,1017.1,1007.6,0,0,0,0,0.06,0.83,15.5,25.3,329,332,31.3,24.2,25.4,22.9,20.1,0.05,0.067,0.111,0.221,0,0.0,0.0,0.0,0.0,0.0,0.0,0.0,0.0,0.0,0.0,0.0,0.0,0.0
38.69947,-8.46048,81.0,2001-07-26T22:00,19.8,74,15.1,19.5,0.0,0.0,0.0,0.0,0,1017.6,1008.0,0,0,0,0,0.04,0.59,13.5,22.9,331,334,28.8,22.5,25.3,22.9,20.1,0.05,0.067,0.111,0.221,0,0.0,0.0,0.0,0.0,0.0,0.0,0.0,0.0,0.0,0.0,0.0,0.0,0.0
38.69947,-8.46048,81.0,2001-07-26T23:00,18.6,80,15.1,18.5,0.0,0.0,0.0,0.0,0,1017.7,1008.1,0,0,0,0,0.02,0.42,12.1,21.7,330,333,25.2,21.1,25.1,22.9,20.1,0.05,0.067,0.111,0.221,0,0.0,0.0,0.0,0.0,0.0,0.0,0.0,0.0,0.0,0.0,0.0,0.0,0.0
38.69947,-8.46048,81.0,2001-07-27T00:00,17.7,85,15.1,17.7,0.0,0.0,0.0,0.0,0,1017.6,1008.0,9,3,0,21,0.01,0.3,11.5,21.3,328,332,22.3,20.0,25.0,22.9,20.1,0.05,0.067,0.111,0.221,0,0.0,0.0,0.0,0.0,0.0,0.0,0.0,0.0,0.0,0.0,0.0,0.0,0.0
38.69947,-8.46048,81.0,2001-07-27T01:00,17.0,88,15.0,17.0,0.0,0.0,0.0,0.0,0,1017.3,1007.7,2,0,0,7,0.0,0.23,11.1,21.4,331,335,20.5,19.1,24.8,22.9,20.1,0.05,0.067,0.111,0.221,0,0.0,0.0,0.0,0.0,0.0,0.0,0.0,0.0,0.0,0.0,0.0,0.0,0.0
38.69947,-8.46048,81.0,2001-07-27T02:00,16.4,91,14.9,16.5,0.0,0.0,0.0,0.0,0,1016.7,1007.0,3,3,0,0,0.0,0.17,10.9,21.8,333,338,19.1,18.3,24.6,22.9,20.1,0.05,0.067,0.111,0.221,0,0.0,0.0,0.0,0.0,0.0,0.0,0.0,0.0,0.0,0.0,0.0,0.0,0.0
38.69947,-8.46048,81.0,2001-07-27T03:00,16.1,92,14.8,16.1,0.0,0.0,0.0,0.0,0,1016.6,1006.9,8,9,0,0,0.0,0.14,10.8,21.7,334,339,18.7,17.7,24.4,22.9,20.1,0.05,0.067,0.112,0.221,0,0.0,0.0,0.0,0.0,0.0,0.0,0.0,0.0,0.0,0.0,0.0,0.0,0.0
38.69947,-8.46048,81.0,2001-07-27T04:00,15.8,94,14.8,15.8,0.0,0.0,0.0,0.0,0,1016.2,1006.5,9,8,0,7,0.0,0.11,10.6,21.1,332,337,19.1,17.2,24.1,22.9,20.1,0.05,0.067,0.112,0.221,0,0.0,0.0,0.0,0.0,0.0,0.0,0.0,0.0,0.0,0.0,0.0,0.0,0.0
38.69947,-8.46048,81.0,2001-07-27T05:00,15.7,95,14.8,15.9,0.0,0.0,0.0,0.0,1,1016.4,1006.7,27,16,0,41,0.0,0.09,9.5,20.5,331,336,19.1,17.0,23.9,22.9,20.1,0.05,0.067,0.112,0.221,0,0.0,0.0,0.0,0.0,0.0,0.0,0.0,0.0,0.0,0.0,0.0,0.0,0.0
38.69947,-8.46048,81.0,2001-07-27T06:00,15.6,95,14.8,15.8,0.0,0.0,0.0,0.0,1,1016.4,1006.7,34,15,0,69,0.01,0.08,9.4,19.6,328,334,18.0,16.8,23.7,22.9,20.1,0.05,0.067,0.112,0.221,1,0.0,6.0,1.0,5.0,13.4,6.0,40.7,14.9,2.5,12.4,28.6,6.1,101.3
38.69947,-8.46048,81.0,2001-07-27T07:00,16.7,90,15.1,16.9,0.0,0.0,0.0,0.0,1,1016.9,1007.2,40,23,0,63,0.05,0.19,10.5,18.1,322,329,19.8,17.5,23.5,22.9,20.1,0.05,0.067,0.112,0.221,1,3600.0,98.0,48.0,50.0,278.8,98.0,228.3,152.8,74.8,78.0,278.8,152.8,356.1
38.69947,-8.46048,81.0,2001-07-27T08:00,18.6,77,14.6,17.9,0.0,0.0,0.0,0.0,1,1017.2,1007.6,50,24,0,93,0.15,0.49,15.0,20.6,330,331,33.5,19.9,23.4,22.9,20.1,0.05,0.067,0.112,0.221,1,3600.0,251.0,144.0,107.0,396.4,251.0,481.8,315.3,180.9,134.4,396.4,315.3,605.2
38.69947,-8.46048,81.0,2001-07-27T09:00,20.3,68,14.3,19.6,0.0,0.0,0.0,0.0,1,1017.4,1007.9,31,2,0,97,0.25,0.76,14.5,19.3,325,327,32.8,22.1,23.4,22.9,20.1,0.05,0.067,0.111,0.221,1,3600.0,393.0,197.0,196.0,362.4,393.0,720.9,453.4,227.3,226.1,362.4,453.4,831.7
38.69947,-8.46048,81.0,2001-07-27T10:00,21.8,60,13.8,21.2,0.0,0.0,0.0,0.0,1,1017.1,1007.6,26,2,0,80,0.31,1.04,12.6,16.8,323,325,31.7,24.3,23.4,22.9,20.1,0.05,0.067,0.111,0.221,1,3600.0,460.0,129.0,331.0,184.0,460.0,929.5,504.8,141.6,363.2,184.0,504.8,1020.0
38.69947,-8.46048,81.0,2001-07-27T11:00,23.6,52,13.2,23.4,0.0,0.0,0.0,0.0,0,1016.8,1007.4,19,0,0,64,0.43,1.4,11.5,14.8,319,321,31.7,26.7,23.5,22.9,20.1,0.05,0.067,0.111,0.221,1,3600.0,626.0,296.0,330.0,359.0,626.0,1093.4,662.7,313.3,349.3,359.0,662.7,1157.4
38.69947,-8.46048,81.0,2001-07-27T12:00,26.0,43,12.4,26.9,0.0,0.0,0.0,0.0,0,1016.7,1007.3,18,0,0,61,0.62,1.91,12.0,15.1,319,322,32.0,30.2,23.7,22.9,20.1,0.05,0.067,0.111,0.221,1,3600.0,887.0,730.0,157.0,806.0,887.0,1201.2,911.5,750.2,161.3,806.0,911.5,1234.4
38.69947,-8.46048,81.0,2001-07-27T13:00,27.6,37,11.5,28.3,0.0,0.0,0.0,0.0,1,1016.2,1006.9,22,0,0,73,0.66,2.33,12.0,15.3,309,311,31.7,32.6,23.9,22.9,20.1,0.05,0.067,0.111,0.221,1,3600.0,906.0,735.0,171.0,782.5,906.0,1245.7,906.1,735.1,171.0,782.5,906.1,1245.8
38.69947,-8.46048,81.0,2001-07-27T14:00,28.6,33,10.7,28.5,0.0,0.0,0.0,0.0,0,1015.7,1006.4,16,0,0,54,0.67,2.63,14.1,18.2,308,309,32.8,34.0,24.2,22.9,20.1,0.05,0.066,0.111,0.221,1,3600.0,875.0,664.0,211.0,719.6,875.0,1223.8,851.5,646.1,205.3,719.6,851.5,1190.9
38.69947,-8.46048,81.0,2001-07-27T15:00,29.0,31,10.3,28.1,0.0,0.0,0.0,0.0,0,1015.5,1006.3,7,0,0,23,0.64,2.76,15.8,20.6,311,313,35.3,34.5,24.4,22.9,20.1,0.05,0.066,0.111,0.221,1,3600.0,793.0,588.0,205.0,685.9,793.0,1137.0,748.5,555.0,193.5,685.9,748.5,1073.2
38.69947,-8.46048,81.0,2001-07-27T16:00,28.9,31,10.3,27.2,0.0,0.0,0.0,0.0,0,1015.4,1006.1,1,0,0,3,0.58,2.74,17.6,22.9,314,316,38.9,34.1,24.7,22.9,20.1,0.05,0.066,0.111,0.221,1,3600.0,698.0,532.0,166.0,711.9,698.0,991.1,634.4,483.6,150.9,711.9,634.4,900.9
38.69947,-8.46048,81.0,2001-07-27T17:00,28.0,34,10.8,25.4,0.0,0.0,0.0,0.0,0,1015.5,1006.2,0,0,0,0,0.49,2.49,19.4,26.1,320,321,42.5,32.9,24.9,22.9,20.1,0.05,0.066,0.111,0.221,1,3600.0,549.0,433.0,116.0,721.3,549.0,796.2,472.7,372.9,99.9,721.3,472.7,685.6
38.69947,-8.46048,81.0,2001-07-27T18:00,26.4,40,11.6,24.0,0.0,0.0,0.0,0.0,0,1015.5,1006.2,0,0,0,0,0.36,2.08,20.1,27.7,324,325,43.9,30.9,25.0,22.9,20.1,0.05,0.066,0.111,0.221,1,3600.0,370.0,287.0,83.0,673.2,370.0,565.5,289.2,224.4,64.9,673.2,289.2,442.0
38.69947,-8.46048,81.0,2001-07-27T19:00,24.3,49,12.8,22.3,0.0,0.0,0.0,0.0,0,1015.9,1006.5,0,0,0,0,0.21,1.57,19.5,27.7,326,328,40.7,28.3,25.1,22.9,20.1,0.05,0.066,0.111,0.221,1,3600.0,173.0,117.0,56.0,493.2,173.0,314.6,102.7,69.5,33.2,493.2,102.7,186.8
38.69947,-8.46048,81.0,2001-07-27T20:00,22.3,56,13.0,20.6,0.0,0.0,0.0,0.0,0,1016.3,1006.8,0,0,0,0,0.12,1.19,18.1,28.0,329,331,37.1,25.7,25.1,22.9,20.1,0.05,0.066,0.111,0.221,0,760.83,28.0,14.0,14.0,131.3,28.0,83.0,0.0,0.0,0.0,0.0,0.0,0.0
38.69947,-8.46048,81.0,2001-07-27T21:00,20.6,63,13.4,19.3,0.0,0.0,0.0,0.0,0,1017.2,1007.7,0,0,0,0,0.07,0.89,16.1,26.6,331,333,33.5,23.6,25.0,22.9,20.1,0.05,0.066,0.111,0.221,0,0.0,0.0,0.0,0.0,0.0,0.0,0.0,0.0,0.0,0.0,0.0,0.0,0.0
38.69947,-8.46048,81.0,2001-07-27T22:00,19.2,71,13.8,18.4,0.0,0.0,0.0,0.0,0,1017.6,1008.0,0,0,0,0,0.04,0.65,14.0,24.0,331,334,29.5,21.9,24.9,22.9,20.1,0.05,0.066,0.111,0.221,0,0.0,0.0,0.0,0.0,0.0,0.0,0.0,0.0,0.0,0.0,0.0,0.0,0.0
38.69947,-8.46048,81.0,2001-07-27T23:00,18.2,77,14.1,17.6,0.0,0.0,0.0,0.0,0,1017.5,1007.9,0,0,0,0,0.03,0.47,13.2,23.5,331,335,26.3,20.7,24.8,22.9,20.1,0.05,0.066,0.111,0.221,0,0.0,0.0,0.0,0.0,0.0,0.0,0.0,0.0,0.0,0.0,0.0,0.0,0.0
38.69947,-8.46048,81.0,2001-07-28T00:00,17.4,83,14.5,17.0,0.0,0.0,0.0,0.0,0,1017.4,1007.8,3,3,0,0,0.01,0.34,12.7,23.5,331,335,24.5,19.6,24.6,22.9,20.1,0.05,0.066,0.111,0.221,0,0.0,0.0,0.0,0.0,0.0,0.0,0.0,0.0,0.0,0.0,0.0,0.0,0.0
38.69947,-8.46048,81.0,2001-07-28T01:00,16.8,87,14.7,16.6,0.0,0.0,0.0,0.0,0,1017.0,1007.3,4,4,0,0,0.01,0.24,11.9,23.0,331,335,23.0,18.8,24.4,22.9,20.1,0.05,0.066,0.111,0.221,0,0.0,0.0,0.0,0.0,0.0,0.0,0.0,0.0,0.0,0.0,0.0,0.0,0.0
38.69947,-8.46048,81.0,2001-07-28T02:00,16.3,91,14.8,16.4,0.0,0.0,0.0,0.0,0,1016.8,1007.1,1,1,0,0,0.0,0.17,10.5,21.3,329,334,21.6,18.1,24.2,22.9,20.1,0.05,0.066,0.111,0.221,0,0.0,0.0,0.0,0.0,0.0,0.0,0.0,0.0,0.0,0.0,0.0,0.0,0.0
38.69947,-8.46048,81.0,2001-07-28T03:00,16.0,93,14.9,16.3,0.0,0.0,0.0,0.0,0,1016.6,1006.9,4,4,0,0,0.0,0.12,9.2,20.0,321,330,19.1,17.6,24.0,22.9,20.1,0.05,0.066,0.111,0.221,0,0.0,0.0,0.0,0.0,0.0,0.0,0.0,0.0,0.0,0.0,0.0,0.0,0.0
38.69947,-8.46048,81.0,2001-07-28T04:00,15.7,95,14.9,16.0,0.0,0.0,0.0,0.0,0,1016.5,1006.8,5,6,0,0,0.0,0.09,9.2,20.2,321,329,17.6,17.1,23.8,22.9,20.2,0.05,0.066,0.111,0.221,0,0.0,0.0,0.0,0.0,0.0,0.0,0.0,0.0,0.0,0.0,0.0,0.0,0.0
38.69947,-8.46048,81.0,2001-07-28T05:00,15.7,96,15.0,15.9,0.0,0.0,0.0,0.0,0,1016.5,1006.8,16,18,0,0,0.0,0.08,9.8,20.5,324,329,17.3,16.9,23.6,22.9,20.2,0.05,0.066,0.111,0.221,0,0.0,0.0,0.0,0.0,0.0,0.0,0.0,0.0,0.0,0.0,0.0,0.0,0.0
38.69947,-8.46048,81.0,2001-07-28T06:00,16.0,96,15.3,16.3,0.0,0.0,0.0,0.0,1,1016.7,1007.0,21,23,0,0,0.01,0.08,10.7,21.3,327,332,20.2,17.1,23.4,22.9,20.2,0.05,0.066,0.111,0.221,1,0.0,5.0,1.0,4.0,13.7,5.0,39.0,12.5,2.5,10.0,28.8,5.0,97.9
38.69947,-8.46048,81.0,2001-07-28T07:00,17.1,90,15.5,17.2,0.0,0.0,0.0,0.0,1,1016.8,1007.2,38,42,0,0,0.05,0.19,11.9,19.3,331,333,21.6,17.7,23.3,22.9,20.2,0.05,0.066,0.111,0.221,1,3600.0,100.0,53.0,47.0,312.1,100.0,225.2,156.8,83.1,73.7,312.1,156.8,353.2
38.69947,-8.46048,81.0,2001-07-28T08:00,19.3,79,15.6,19.0,0.0,0.0,0.0,0.0,2,1016.9,1007.3,54,60,0,0,0.15,0.47,14.6,19.8,340,341,31.3,20.1,23.2,22.9,20.2,0.049,0.066,0.111,0.221,1,3600.0,261.0,159.0,102.0,440.2,261.0,479.1,328.4,200.0,128.3,440.2,328.4,602.7
38.69947,-8.46048,81.0,2001-07-28T09:00,21.6,68,15.6,21.6,0.0,0.0,0.0,0.0,0,1016.9,1007.4,1,1,0,0,0.29,0.81,13.0,17.3,336,337,30.2,23.1,23.2,22.9,20.2,0.049,0.066,0.111,0.221,1,3600.0,466.0,345.0,121.0,636.8,466.0,718.6,537.9,398.2,139.7,636.8,537.9,829.5
38.69947,-8.46048,81.0,2001-07-28T10:00,24.2,58,15.4,25.2,0.0,0.0,0.0,0.0,0,1017.0,1007.6,0,0,0,0,0.44,1.28,10.0,12.6,339,340,31.0,26.6,23.3,22.9,20.2,0.049,0.066,0.111,0.22,1,3600.0,664.0,543.0,121.0,776.5,664.0,927.5,728.9,596.0,132.8,776.5,728.9,1018.1
38.69947,-8.46048,81.0,2001-07-28T11:00,26.6,48,14.8,28.5,0.0,0.0,0.0,0.0,0,1016.1,1006.8,0,0,0,0,0.57,1.8,8.7,10.9,330,333,32.0,30.0,23.4,22.9,20.2,0.049,0.066,0.111,0.22,1,3600.0,818.0,705.0,113.0,856.7,818.0,1091.6,866.1,746.4,119.6,856.7,866.1,1155.7
38.69947,-8.46048,81.0,2001-07-28T12:00,28.6,41,13.9,30.9,0.0,0.0,0.0,0.0,0,1016.2,1006.9,0,0,0,0,0.66,2.32,7.7,9.7,319,321,32.0,32.9,23.7,22.9,20.2,0.049,0.066,0.111,0.22,1,3600.0,911.0,790.0,121.0,873.6,911.0,1199.6,936.3,811.9,124.4,873.6,936.3,1232.9
38.69947,-8.46048,81.0,2001-07-28T13:00,30.0,34,12.5,31.9,0.0,0.0,0.0,0.0,0,1014.9,1005.7,0,0,0,0,0.71,2.8,8.7,10.7,312,312,31.3,35.2,24.0,22.9,20.2,0.049,0.066,0.111,0.22,1,3600.0,953.0,832.0,121.0,887.1,953.0,1244.1,953.1,832.1,121.0,887.1,953.1,1244.3
38.69947,-8.46048,81.0,2001-07-28T14:00,31.0,30,11.2,32.0,0.0,0.0,0.0,0.0,0,1014.6,1005.4,0,0,0,0,0.73,3.17,10.7,13.8,310,313,31.0,36.8,24.3,22.9,20.2,0.049,0.066,0.111,0.22,1,3600.0,937.0,818.0,119.0,887.8,937.0,1222.2,911.7,795.9,115.8,887.8,911.7,1189.2
38.69947,-8.46048,81.0,2001-07-28T15:00,31.6,27,10.3,31.6,0.0,0.0,0.0,0.0,0,1013.9,1004.7,0,0,0,0,0.7,3.4,12.7,16.3,315,317,32.4,37.4,24.7,22.9,20.2,0.049,0.066,0.111,0.22,1,3600.0,861.0,750.0,111.0,876.4,861.0,1135.2,812.6,707.8,104.8,876.4,812.6,1071.4
38.69947,-8.46048,81.0,2001-07-28T16:00,31.5,27,10.1,30.4,0.0,0.0,0.0,0.0,0,1013.6,1004.4,0,0,0,0,0.63,3.39,14.8,18.9,317,320,34.6,37.0,25.0,22.9,20.2,0.049,0.066,0.111,0.22,1,3600.0,732.0,627.0,105.0,840.9,732.0,989.1,665.1,569.7,95.4,840.9,665.1,898.8
38.69947,-8.46048,81.0,2001-07-28T17:00,30.6,29,10.7,28.2,0.0,0.0,0.0,0.0,0,1013.2,1004.0,0,0,0,0,0.52,3.1,17.8,23.2,317,318,38.2,35.6,25.2,22.9,20.2,0.049,0.066,0.111,0.22,1,3600.0,565.0,473.0,92.0,790.4,565.0,793.9,486.2,407.0,79.2,790.4,486.2,683.1
38.69947,-8.46048,81.0,2001-07-28T18:00,28.6,35,11.8,26.2,0.0,0.0,0.0,0.0,0,1013.8,1004.6,0,0,0,0,0.39,2.52,20.2,27.8,319,320,41.4,33.2,25.4,22.9,20.2,0.049,0.066,0.111,0.22,1,3600.0,371.0,293.0,78.0,690.7,371.0,562.8,289.5,228.6,60.9,690.7,289.5,439.2
38.69947,-8.46048,81.0,2001-07-28T19:00,26.3,46,13.7,24.6,0.0,0.0,0.0,0.0,0,1013.9,1004.6,0,0,0,0,0.23,1.85,19.2,28.0,320,323,40.3,30.2,25.5,22.9,20.2,0.049,0.066,0.11,0.22,1,3600.0,160.0,107.0,53.0,455.7,160.0,311.5,94.2,63.0,31.2,455.7,94.2,183.5
38.69947,-8.46048,81.0,2001-07-28T20:00,24.0,53,13.8,22.8,0.0,0.0,0.0,0.0,0,1014.3,1004.9,0,0,0,0,0.13,1.4,16.8,26.9,325,328,37.1,27.3,25.5,22.9,20.2,0.049,0.066,0.111,0.22,0,747.48,27.0,14.0,13.0,132.9,27.0,81.3,0.0,0.0,0.0,0.0,0.0,0.0
38.69947,-8.46048,81.0,2001-07-28T21:00,22.3,60,14.2,21.6,0.0,0.0,0.0,0.0,0,1015.2,1005.7,0,0,0,0,0.07,1.07,13.7,24.0,330,334,31.3,25.1,25.5,22.9,20.2,0.049,0.066,0.111,0.22,0,0.0,0.0,0.0,0.0,0.0,0.0,0.0,0.0,0.0,0.0,0.0,0.0,0.0
38.69947,-8.46048,81.0,2001-07-28T22:00,21.0,67,14.7,21.0,0.0,0.0,0.0,0.0,0,1015.4,1005.9,0,0,0,0,0.04,0.81,10.6,19.7,325,332,24.8,23.5,25.4,22.9,20.2,0.049,0.066,0.111,0.22,0,0.0,0.0,0.0,0.0,0.0,0.0,0.0,0.0,0.0,0.0,0.0,0.0,0.0
38.69947,-8.46048,81.0,2001-07-28T23:00,20.0,73,15.1,20.4,0.0,0.0,0.0,0.0,0,1015.5,1006.0,0,0,0,0,0.02,0.63,9.0,18.4,323,332,19.8,22.1,25.3,22.9,20.2,0.049,0.066,0.111,0.22,0,0.0,0.0,0.0,0.0,0.0,0.0,0.0,0.0,0.0,0.0,0.0,0.0,0.0
38.69947,-8.46048,81.0,2001-07-29T00:00,19.1,79,15.4,19.7,0.0,0.0,0.0,0.0,0,1015.3,1005.7,0,0,0,0,0.01,0.47,8.5,18.2,324,333,16.2,21.1,25.1,22.9,20.2,0.049,0.066,0.111,0.22,0,0.0,0.0,0.0,0.0,0.0,0.0,0.0,0.0,0.0,0.0,0.0,0.0,0.0
38.69947,-8.46048,81.0,2001-07-29T01:00,18.4,83,15.6,19.2,0.0,0.0,0.0,0.0,0,1015.2,1005.6,0,0,0,0,0.0,0.35,7.8,17.2,326,334,14.8,20.2,25.0,22.9,20.2,0.049,0.066,0.111,0.22,0,0.0,0.0,0.0,0.0,0.0,0.0,0.0,0.0,0.0,0.0,0.0,0.0,0.0
38.69947,-8.46048,81.0,2001-07-29T02:00,17.8,88,15.8,18.8,0.0,0.0,0.0,0.0,0,1014.6,1005.0,0,0,0,0,0.0,0.24,6.5,15.5,326,335,13.3,19.4,24.8,22.9,20.2,0.049,0.066,0.111,0.22,0,0.0,0.0,0.0,0.0,0.0,0.0,0.0,0.0,0.0,0.0,0.0,0.0,0.0
38.69947,-8.46048,81.0,2001-07-29T03:00,17.3,91,15.9,18.5,0.0,0.0,0.0,0.0,0,1014.7,1005.1,0,0,0,0,0.0,0.17,5.6,14.3,320,332,12.2,18.7,24.6,22.9,20.2,0.049,0.066,0.111,0.22,0,0.0,0.0,0.0,0.0,0.0,0.0,0.0,0.0,0.0,0.0,0.0,0.0,0.0
38.69947,-8.46048,81.0,2001-07-29T04:00,16.9,94,15.9,18.1,0.0,0.0,0.0,0.0,0,1014.5,1004.9,0,0,0,0,0.0,0.11,5.6,14.2,320,330,11.2,18.1,24.4,22.9,20.2,0.049,0.066,0.111,0.22,0,0.0,0.0,0.0,0.0,0.0,0.0,0.0,0.0,0.0,0.0,0.0,0.0,0.0
38.69947,-8.46048,81.0,2001-07-29T05:00,16.5,96,15.9,17.7,0.0,0.0,0.0,0.0,0,1014.4,1004.8,0,0,0,0,0.0,0.08,5.5,13.0,337,341,9.7,17.6,24.2,22.9,20.2,0.049,0.066,0.111,0.22,0,0.0,0.0,0.0,0.0,0.0,0.0,0.0,0.0,0.0,0.0,0.0,0.0,0.0
38.69947,-8.46048,81.0,2001-07-29T06:00,16.2,98,15.8,17.4,0.0,0.0,0.0,0.0,0,1014.8,1005.1,0,0,0,0,0.01,0.04,5.4,11.5,360,358,8.6,17.1,24.0,22.9,20.2,0.049,0.066,0.111,0.22,1,0.0,6.0,1.0,5.0,13.9,6.0,37.4,15.2,2.5,12.7,29.0,5.9,94.6
38.69947,-8.46048,81.0,2001-07-29T07:00,17.7,90,16.0,19.1,0.0,0.0,0.0,0.0,0,1015.0,1005.4,0,0,0,0,0.05,0.2,4.0,8.8,10,12,10.4,18.5,23.8,22.9,20.2,0.049,0.066,0.111,0.22,1,3572.79,106.0,63.0,43.0,374.7,106.0,222.1,167.1,99.3,67.8,376.3,166.4,350.3
38.69947,-8.46048,81.0,2001-07-29T08:00,20.5,77,16.3,22.1,0.0,0.0,0.0,0.0,0,1015.0,1005.5,0,0,0,0,0.16,0.56,4.1,5.4,15,20,13.7,22.1,23.8,22.9,20.2,0.049,0.066,0.111,0.22,1,3600.0,288.0,214.0,74.0,596.0,288.0,476.4,362.9,269.6,93.2,596.0,362.9,600.2
38.69947,-8.46048,81.0,2001-07-29T09:00,23.6,64,16.5,25.4,0.0,0.0,0.0,0.0,0,1015.3,1005.9,0,0,0,0,0.31,1.04,3.3,4.1,6,15,15.1,25.8,23.8,22.9,20.2,0.049,0.066,0.111,0.22,1,3600.0,482.0,389.0,93.0,720.5,482.0,716.3,556.7,449.3,107.4,720.5,556.7,827.3
38.69947,-8.46048,81.0,2001-07-29T10:00,26.5,54,16.4,29.3,0.0,0.0,0.0,0.0,0,1015.3,1006.0,0,0,0,0,0.45,1.6,1.4,1.1,270,288,15.1,29.9,24.0,22.9,20.2,0.049,0.066,0.11,0.22,1,3600.0,660.0,554.0,106.0,794.2,660.0,925.5,724.7,608.3,116.4,794.2,724.7,1016.3
38.69947,-8.46048,81.0,2001-07-29T11:00,28.9,46,16.1,32.2,0.0,0.0,0.0,0.0,0,1015.1,1005.8,0,0,0,0,0.57,2.15,2.7,3.1,247,249,15.5,33.7,24.2,22.9,20.2,0.049,0.066,0.11,0.22,1,3600.0,800.0,684.0,116.0,832.7,800.0,1089.8,847.1,724.3,122.8,832.7,847.1,1154.1
38.69947,-8.46048,81.0,2001-07-29T12:00,30.8,40,15.6,34.3,0.0,0.0,0.0,0.0,0,1014.7,1005.5,0,0,0,0,0.66,2.67,4.3,5.0,270,270,17.6,36.8,24.5,22.9,20.2,0.049,0.066,0.11,0.22,1,3600.0,895.0,774.0,121.0,857.2,895.0,1198.0,919.9,795.5,124.4,857.2,919.9,1231.3
38.69947,-8.46048,81.0,2001-07-29T13:00,32.1,36,15.2,35.8,0.0,0.0,0.0,0.0,0,1014.0,1004.9,5,0,8,0,0.72,3.06,4.1,4.7,285,293,26.3,39.0,24.9,22.9,20.2,0.05,0.066,0.11,0.22,1,3600.0,949.0,829.0,120.0,885.2,949.0,1242.6,949.1,829.1,120.0,885.2,949.1,1242.7
38.69947,-8.46048,81.0,2001-07-29T14:00,33.1,33,14.6,36.6,0.0,0.0,0.0,0.0,0,1013.6,1004.5,15,0,21,9,0.68,3.4,2.3,2.3,309,321,23.4,40.2,25.3,22.9,20.2,0.05,0.066,0.11,0.22,1,3600.0,903.0,771.0,132.0,838.1,903.0,1220.6,878.6,750.1,128.4,838.1,878.6,1187.5
38.69947,-8.46048,81.0,2001-07-29T15:00,33.2,32,14.3,35.3,0.0,0.0,0.0,0.0,1,1013.3,1004.2,27,1,39,8,0.51,3.45,1.1,0.8,270,297,21.2,40.0,25.7,22.9,20.2,0.05,0.066,0.11,0.22,1,3600.0,680.0,526.0,154.0,615.8,680.0,1133.4,641.6,496.3,145.3,615.8,641.6,1069.5
38.69947,-8.46048,81.0,2001-07-29T16:00,33.0,32,14.2,34.2,0.0,0.0,0.0,0.0,1,1013.1,1004.0,21,0,31,8,0.43,3.41,2.1,1.9,239,248,20.5,39.2,26.0,22.9,20.2,0.05,0.066,0.11,0.22,1,3600.0,572.0,382.0,190.0,513.5,572.0,987.1,519.5,347.0,172.6,513.5,519.5,896.5
38.69947,-8.46048,81.0,2001-07-29T17:00,32.7,33,14.6,33.5,0.0,0.0,0.0,0.0,1,1012.8,1003.7,26,0,38,9,0.35,3.29,5.0,5.7,249,252,21.2,37.8,26.3,22.9,20.2,0.051,0.066,0.11,0.22,1,3600.0,428.0,281.0,147.0,471.1,428.0,791.5,368.0,241.6,126.4,471.1,368.0,680.5
38.69947,-8.46048,81.0,2001-07-29T18:00,30.9,41,16.3,31.9,0.3,0.3,0.0,0.0,51,1013.0,1003.8,34,0,37,38,0.27,2.61,8.0,10.4,252,256,22.3,35.5,26.5,22.9,20.2,0.055,0.066,0.11,0.22,1,3600.0,286.0,204.0,82.0,483.4,286.0,560.0,222.8,158.9,63.9,483.4,222.8,436.2
38.69947,-8.46048,81.0,2001-07-29T19:00,29.6,47,17.0,30.5,0.0,0.0,0.0,0.0,1,1013.4,1004.2,30,0,33,35,0.18,2.2,10.5,16.2,264,269,20.2,32.5,26.6,22.9,20.2,0.055,0.066,0.11,0.22,1,3600.0,139.0,79.0,60.0,340.0,139.0,308.3,81.2,46.1,35.0,340.0,81.2,180.1
38.69947,-8.46048,81.0,2001-07-29T20:00,28.0,53,17.6,29.2,0.0,0.0,0.0,0.0,0,1013.4,1004.1,18,0,18,23,0.1,1.78,10.4,19.7,284,294,19.4,30.0,26.7,22.9,20.2,0.055,0.066,0.11,0.22,0,165.92,17.0,8.0,9.0,76.9,17.0,79.6,0.0,0.0,0.0,0.0,0.0,0.0
38.69947,-8.46048,81.0,2001-07-29T21:00,26.8,58,17.7,28.2,0.0,0.0,0.0,0.0,0,1014.4,1005.1,8,0,7,11,0.06,1.49,9.0,19.1,299,313,17.3,28.1,26.7,23.0,20.2,0.055,0.066,0.11,0.22,0,0.0,0.0,0.0,0.0,0.0,0.0,0.0,0.0,0.0,0.0,0.0,0.0,0.0
38.69947,-8.46048,81.0,2001-07-29T22:00,25.7,61,17.6,27.4,0.0,0.0,0.0,0.0,0,1014.9,1005.6,2,0,3,0,0.04,1.3,7.4,17.9,313,330,15.1,26.5,26.6,23.0,20.2,0.055,0.066,0.11,0.22,0,0.0,0.0,0.0,0.0,0.0,0.0,0.0,0.0,0.0,0.0,0.0,0.0,0.0
38.69947,-8.46048,81.0,2001-07-29T23:00,24.5,68,18.3,26.6,0.0,0.0,0.0,0.0,0,1014.7,1005.3,2,0,3,0,0.02,0.98,6.6,14.0,299,334,11.2,25.1,26.5,23.0,20.2,0.055,0.066,0.11,0.22,0,0.0,0.0,0.0,0.0,0.0,0.0,0.0,0.0,0.0,0.0,0.0,0.0,0.0
38.69947,-8.46048,81.0,2001-07-30T00:00,23.2,72,17.9,25.3,0.0,0.0,0.0,0.0,0,1014.5,1005.1,0,0,0,0,0.01,0.8,5.4,9.7,274,329,8.6,23.6,26.4,23.0,20.2,0.055,0.066,0.11,0.22,0,0.0,0.0,0.0,0.0,0.0,0.0,0.0,0.0,0.0,0.0,0.0,0.0,0.0
38.69947,-8.46048,81.0,2001-07-30T01:00,22.0,77,17.9,24.3,0.0,0.0,0.0,0.0,0,1014.1,1004.6,0,0,0,0,0.0,0.6,3.9,4.0,236,297,9.0,22.4,26.3,23.0,20.2,0.055,0.066,0.11,0.22,0,0.0,0.0,0.0,0.0,0.0,0.0,0.0,0.0,0.0,0.0,0.0,0.0,0.0
38.69947,-8.46048,81.0,2001-07-30T02:00,21.1,82,17.9,23.1,0.0,0.0,0.0,0.0,0,1014.0,1004.5,0,0,0,0,0.0,0.45,5.5,6.0,191,213,10.1,21.5,26.1,23.0,20.3,0.055,0.066,0.11,0.22,0,0.0,0.0,0.0,0.0,0.0,0.0,0.0,0.0,0.0,0.0,0.0,0.0,0.0
38.69947,-8.46048,81.0,2001-07-30T03:00,20.3,86,17.8,22.2,0.0,0.0,0.0,0.0,0,1014.3,1004.8,0,0,0,0,0.0,0.34,6.5,11.3,183,202,10.8,20.8,25.9,23.0,20.3,0.055,0.066,0.11,0.22,0,0.0,0.0,0.0,0.0,0.0,0.0,0.0,0.0,0.0,0.0,0.0,0.0,0.0
38.69947,-8.46048,81.0,2001-07-30T04:00,19.8,88,17.7,21.4,0.0,0.0,0.0,0.0,0,1014.1,1004.6,0,0,0,0,0.0,0.28,7.9,16.0,177,194,11.9,20.2,25.7,23.0,20.3,0.055,0.066,0.11,0.22,0,0.0,0.0,0.0,0.0,0.0,0.0,0.0,0.0,0.0,0.0,0.0,0.0,0.0
38.69947,-8.46048,81.0,2001-07-30T05:00,19.5,88,17.5,21.0,0.0,0.0,0.0,0.0,0,1014.5,1005.0,0,0,0,0,0.0,0.27,8.4,17.9,173,189,13.0,19.8,25.5,23.0,20.3,0.055,0.066,0.11,0.22,0,0.0,0.0,0.0,0.0,0.0,0.0,0.0,0.0,0.0,0.0,0.0,0.0,0.0
38.69947,-8.46048,81.0,2001-07-30T06:00,19.4,88,17.3,20.8,0.0,0.0,0.0,0.0,0,1015.0,1005.5,0,0,0,0,0.02,0.27,7.8,17.0,167,185,13.3,19.5,25.3,23.0,20.3,0.055,0.066,0.11,0.22,1,0.0,5.0,1.0,4.0,14.1,5.0,35.7,12.8,2.6,10.2,29.3,4.9,91.3
38.69947,-8.46048,81.0,2001-07-30T07:00,20.8,80,17.1,22.1,0.0,0.0,0.0,0.0,0,1015.6,1006.1,0,0,0,0,0.07,0.5,8.1,14.4,159,176,16.6,20.5,25.1,23.0,20.3,0.055,0.066,0.11,0.22,1,3525.07,107.0,66.0,41.0,395.1,107.0,219.0,169.7,104.7,65.0,400.0,167.7,347.3
38.69947,-8.46048,81.0,2001-07-30T08:00,23.4,66,16.8,24.8,0.0,0.0,0.0,0.0,0,1016.2,1006.8,0,0,0,0,0.19,0.97,7.1,9.5,165,169,17.6,24.1,25.1,23.0,20.3,0.054,0.066,0.11,0.22,1,3600.0,289.0,215.0,74.0,602.4,289.0,473.6,364.7,271.3,93.4,602.4,364.7,597.6
38.69947,-8.46048,81.0,2001-07-30T09:00,25.8,57,16.7,27.4,0.0,0.0,0.0,0.0,0,1016.1,1006.7,1,0,1,0,0.33,1.41,5.2,6.6,192,193,18.0,27.4,25.1,23.0,20.3,0.054,0.066,0.11,0.22,1,3600.0,480.0,387.0,93.0,719.4,480.0,713.9,554.8,447.3,107.5,719.4,554.8,825.2
38.69947,-8.46048,81.0,2001-07-30T10:00,27.8,50,16.6,30.2,0.0,0.0,0.0,0.0,0,1016.5,1007.2,5,0,7,1,0.45,1.85,3.6,4.9,217,216,18.0,30.9,25.2,23.0,20.3,0.054,0.066,0.11,0.22,1,3600.0,638.0,532.0,106.0,764.5,638.0,923.5,700.8,584.3,116.4,764.5,700.8,1014.4
38.69947,-8.46048,81.0,2001-07-30T11:00,29.7,43,16.0,32.8,0.0,0.0,0.0,0.0,0,1015.8,1006.6,7,1,10,0,0.52,2.36,0.8,1.3,153,146,16.9,34.0,25.5,23.0,20.3,0.054,0.066,0.11,0.22,1,3600.0,726.0,554.0,172.0,675.7,726.0,1088.1,768.9,586.7,182.2,675.7,768.9,1152.4
38.69947,-8.46048,81.0,2001-07-30T12:00,31.8,37,15.2,34.6,0.0,0.0,0.0,0.0,0,1015.7,1006.5,3,0,4,2,0.61,2.96,4.2,5.2,70,74,30.2,36.6,25.8,23.0,20.3,0.054,0.066,0.11,0.22,1,3600.0,808.0,663.0,145.0,735.5,808.0,1196.3,830.5,681.5,149.0,735.5,830.5,1229.7
38.69947,-8.46048,81.0,2001-07-30T13:00,31.0,39,15.5,32.6,0.0,0.0,0.0,0.0,0,1014.4,1005.2,4,0,4,6,0.52,2.74,6.2,8.0,80,82,33.1,36.1,26.0,23.0,20.3,0.058,0.066,0.11,0.22,1,3600.0,647.0,371.0,276.0,396.8,647.0,1241.0,647.1,371.0,276.0,396.8,647.1,1241.1
38.69947,-8.46048,81.0,2001-07-30T14:00,28.6,49,16.8,30.0,1.9,1.9,0.0,0.0,61,1013.6,1004.4,8,0,4,17,0.36,2.0,6.6,8.9,112,111,35.6,33.7,26.2,23.0,20.3,0.078,0.066,0.11,0.22,1,3600.0,433.0,177.0,256.0,192.7,433.0,1218.9,421.2,172.2,249.0,192.7,421.2,1185.8
38.69947,-8.46048,81.0,2001-07-30T15:00,29.6,47,17.0,30.9,0.0,0.0,0.0,0.0,0,1013.0,1003.8,19,0,10,43,0.47,2.21,8.8,11.6,125,126,32.0,33.1,26.4,23.0,20.3,0.078,0.066,0.11,0.219,1,3600.0,585.0,312.0,273.0,365.9,585.0,1131.6,551.9,294.3,257.5,365.9,551.9,1067.5
38.69947,-8.46048,81.0,2001-07-30T16:00,30.4,45,17.2,30.5,0.0,0.0,0.0,0.0,1,1014.3,1005.1,46,0,29,97,0.54,2.37,19.6,26.8,139,140,36.7,33.8,26.6,23.1,20.3,0.077,0.066,0.11,0.219,1,3600.0,631.0,471.0,160.0,634.6,631.0,984.9,572.9,427.6,145.3,634.6,572.9,894.2
38.69947,-8.46048,81.0,2001-07-30T17:00,28.3,51,17.1,28.8,0.0,0.0,0.0,0.0,1,1014.3,1005.0,30,0,6,88,0.33,1.9,14.1,19.9,122,125,44.6,31.9,26.8,23.1,20.3,0.076,0.066,0.11,0.219,1,3600.0,357.0,166.0,191.0,279.2,357.0,789.0,306.7,142.6,164.1,279.2,306.7,677.8
38.69947,-8.46048,81.0,2001-07-30T18:00,27.2,56,17.6,27.8,0.0,0.0,0.0,0.0,1,1014.2,1004.9,28,0,8,77,0.2,1.59,14.2,20.2,99,101,40.7,29.9,26.8,23.1,20.3,0.076,0.066,0.11,0.219,1,2130.87,165.0,55.0,110.0,131.0,165.0,557.1,128.3,42.8,85.5,131.0,128.3,433.1
38.69947,-8.46048,81.0,2001-07-30T19:00,25.1,67,18.7,26.8,0.0,0.0,0.0,0.0,1,1013.7,1004.3,30,1,17,63,0.11,1.04,10.4,15.7,76,79,27.7,28.1,26.8,23.1,20.3,0.076,0.066,0.11,0.219,1,3291.47,92.0,39.0,53.0,169.7,92.0,305.0,53.3,22.6,30.7,169.7,53.3,176.5
38.69947,-8.46048,81.0,2001-07-30T20:00,24.3,72,18.9,26.2,0.0,0.0,0.0,0.0,1,1013.7,1004.3,31,8,18,44,0.06,0.85,9.4,15.9,72,77,20.2,26.5,26.8,23.1,20.3,0.076,0.066,0.11,0.219,0,0.0,15.0,4.0,11.0,38.9,15.0,77.9,0.0,0.0,0.0,0.0,0.0,0.0
38.69947,-8.46048,81.0,2001-07-30T21:00,23.5,76,19.0,25.5,0.0,0.0,0.0,0.0,1,1014.6,1005.2,21,7,15,20,0.02,0.7,9.3,16.8,77,80,16.6,25.3,26.7,23.1,20.3,0.075,0.066,0.11,0.219,0,0.0,0.0,0.0,0.0,0.0,0.0,0.0,0.0,0.0,0.0,0.0,0.0,0.0
38.69947,-8.46048,81.0,2001-07-30T22:00,22.9,78,19.0,25.1,0.0,0.0,0.0,0.0,0,1015.2,1005.8,7,3,2,10,0.01,0.6,7.9,14.9,51,53,15.8,24.4,26.5,23.1,20.3,0.075,0.066,0.11,0.219,0,0.0,0.0,0.0,0.0,0.0,0.0,0.0,0.0,0.0,0.0,0.0,0.0,0.0
38.69947,-8.46048,81.0,2001-07-30T23:00,22.4,80,18.8,24.8,0.0,0.0,0.0,0.0,0,1015.0,1005.5,2,2,1,0,0.01,0.54,6.3,13.9,66,69,14.8,23.6,26.4,23.1,20.3,0.075,0.066,0.11,0.219,0,0.0,0.0,0.0,0.0,0.0,0.0,0.0,0.0,0.0,0.0,0.0,0.0,0.0
38.69947,-8.46048,81.0,2001-07-31T00:00,22.1,80,18.5,24.1,0.0,0.0,0.0,0.0,0,1015.1,1005.6,1,0,2,0,0.01,0.53,8.3,17.4,95,97,18.7,23.0,26.2,23.1,20.3,0.075,0.066,0.11,0.219,0,0.0,0.0,0.0,0.0,0.0,0.0,0.0,0.0,0.0,0.0,0.0,0.0,0.0
38.69947,-8.46048,81.0,2001-07-31T01:00,22.0,79,18.1,23.5,0.0,0.0,0.0,0.0,0,1014.4,1004.9,4,0,7,0,0.02,0.57,9.6,19.7,103,108,22.3,22.7,26.1,23.1,20.3,0.075,0.066,0.11,0.219,0,0.0,0.0,0.0,0.0,0.0,0.0,0.0,0.0,0.0,0.0,0.0,0.0,0.0
38.69947,-8.46048,81.0,2001-07-31T02:00,22.0,77,17.9,23.4,0.0,0.0,0.0,0.0,0,1014.2,1004.7,19,0,25,14,0.02,0.6,9.8,19.9,98,107,23.0,22.5,25.9,23.1,20.3,0.075,0.066,0.11,0.219,0,0.0,0.0,0.0,0.0,0.0,0.0,0.0,0.0,0.0,0.0,0.0,0.0,0.0
38.69947,-8.46048,81.0,2001-07-31T03:00,22.0,77,17.8,23.5,0.0,0.0,0.0,0.0,1,1013.6,1004.2,30,0,44,12,0.02,0.61,9.4,21.0,92,102,23.0,22.3,25.8,23.1,20.3,0.075,0.066,0.11,0.219,0,0.0,0.0,0.0,0.0,0.0,0.0,0.0,0.0,0.0,0.0,0.0,0.0,0.0
38.69947,-8.46048,81.0,2001-07-31T04:00,22.1,76,17.6,23.4,0.0,0.0,0.0,0.0,1,1013.4,1004.0,33,0,45,19,0.02,0.64,9.8,20.6,84,94,21.6,22.3,25.6,23.1,20.3,0.076,0.066,0.11,0.219,0,0.0,0.0,0.0,0.0,0.0,0.0,0.0,0.0,0.0,0.0,0.0,0.0,0.0
38.69947,-8.46048,81.0,2001-07-31T05:00,21.9,75,17.3,23.5,0.3,0.3,0.0,0.0,51,1013.9,1004.4,44,0,44,59,0.02,0.65,7.3,18.0,70,87,23.0,22.1,25.5,23.1,20.3,0.078,0.066,0.11,0.219,0,0.0,0.0,0.0,0.0,0.0,0.0,0.0,0.0,0.0,0.0,0.0,0.0,0.0
38.69947,-8.46048,81.0,2001-07-31T06:00,21.6,76,17.2,23.1,0.1,0.1,0.0,0.0,51,1014.5,1005.0,51,0,59,52,0.04,0.62,7.6,17.5,65,82,24.1,21.8,25.3,23.1,20.3,0.079,0.066,0.11,0.219,1,0.0,3.0,1.0,2.0,14.4,3.0,34.1,7.7,2.6,5.2,29.6,2.9,87.9
38.69947,-8.46048,81.0,2001-07-31T07:00,21.2,83,18.3,23.0,0.2,0.2,0.0,0.0,51,1014.6,1005.1,39,0,38,53,0.05,0.42,8.3,16.6,56,68,22.3,22.0,25.2,23.1,20.3,0.08,0.066,0.11,0.219,1,1405.35,54.0,18.0,36.0,108.5,54.0,215.8,86.2,28.7,57.4,110.7,84.5,344.4
38.69947,-8.46048,81.0,2001-07-31T08:00,23.6,75,19.0,25.8,0.0,0.0,0.0,0.0,1,1014.9,1005.5,28,3,35,16,0.16,0.72,8.3,15.5,56,62,23.4,23.9,25.1,23.1,20.3,0.08,0.066,0.11,0.219,1,3600.0,231.0,141.0,90.0,397.4,231.0,470.9,291.9,178.2,113.7,397.4,291.9,595.1
38.69947,-8.46048,81.0,2001-07-31T09:00,25.9,64,18.5,27.9,0.0,0.0,0.0,0.0,0,1014.7,1005.4,17,5,21,0,0.26,1.21,7.2,9.8,72,73,19.4,26.1,25.1,23.1,20.3,0.08,0.066,0.11,0.219,1,3600.0,355.0,234.0,121.0,436.5,355.0,711.6,410.6,270.6,139.9,436.5,410.6,823.0
38.69947,-8.46048,81.0,2001-07-31T10:00,28.6,50,17.3,31.2,0.0,0.0,0.0,0.0,0,1014.6,1005.3,6,1,3,11,0.46,1.94,4.4,5.6,171,165,22.3,30.1,25.3,23.1,20.3,0.079,0.066,0.11,0.219,1,3600.0,648.0,540.0,108.0,777.9,648.0,921.5,712.0,593.3,118.7,777.9,712.0,1012.5
38.69947,-8.46048,81.0,2001-07-31T11:00,30.3,44,16.7,33.0,0.0,0.0,0.0,0.0,1,1014.0,1004.8,25,6,0,65,0.59,2.42,7.6,9.4,177,173,33.5,32.7,25.5,23.2,20.3,0.078,0.065,0.11,0.219,1,3600.0,781.0,650.0,131.0,794.3,781.0,1086.2,827.3,688.5,138.8,794.3,827.3,1150.6
38.69947,-8.46048,81.0,2001-07-31T12:00,30.8,41,16.1,31.9,0.0,0.0,0.0,0.0,1,1014.1,1004.9,31,22,2,33,0.52,2.62,10.1,12.6,180,175,34.6,33.0,25.7,23.2,20.3,0.076,0.065,0.109,0.219,1,3600.0,627.0,462.0,165.0,513.3,627.0,1194.7,644.5,474.9,169.6,513.3,644.5,1228.1
38.69947,-8.46048,81.0,2001-07-31T13:00,31.7,38,15.6,33.2,0.0,0.0,0.0,0.0,1,1013.4,1004.3,25,14,8,26,0.64,2.91,11.6,14.4,185,181,36.7,34.4,26.0,23.2,20.3,0.075,0.065,0.109,0.219,1,3600.0,788.0,597.0,191.0,639.5,788.0,1239.3,788.1,597.1,191.0,639.5,788.1,1239.4
38.69947,-8.46048,81.0,2001-07-31T14:00,32.4,35,15.1,34.1,0.0,0.0,0.0,0.0,0,1013.2,1004.1,15,6,7,17,0.72,3.14,12.8,15.9,202,198,36.4,35.8,26.3,23.2,20.3,0.074,0.065,0.109,0.219,1,3600.0,891.0,749.0,142.0,816.9,891.0,1217.1,866.7,728.6,138.1,816.9,866.7,1183.9
38.69947,-8.46048,81.0,2001-07-31T15:00,32.0,37,15.4,33.0,0.0,0.0,0.0,0.0,0,1013.6,1004.5,1,0,1,1,0.67,3.01,15.1,18.9,220,219,36.4,36.2,26.6,23.2,20.3,0.072,0.065,0.109,0.219,1,3600.0,817.0,674.0,143.0,792.0,817.0,1129.6,770.6,635.7,134.9,792.0,770.6,1065.4
38.69947,-8.46048,81.0,2001-07-31T16:00,30.4,43,16.3,30.7,0.0,0.0,0.0,0.0,0,1013.6,1004.4,8,0,13,0,0.58,2.48,17.8,23.0,238,238,40.3,35.4,26.9,23.2,20.3,0.071,0.065,0.109,0.219,1,3600.0,703.0,589.0,114.0,795.6,703.0,982.7,638.0,534.5,103.5,795.6,638.0,891.8
38.69947,-8.46048,81.0,2001-07-31T17:00,28.4,49,16.5,27.9,0.0,0.0,0.0,0.0,0,1014.0,1004.7,1,0,2,0,0.43,1.99,18.9,25.1,249,249,41.8,33.5,27.0,23.2,20.3,0.07,0.065,0.109,0.219,1,3600.0,504.0,388.0,116.0,654.9,504.0,786.4,432.6,333.1,99.6,654.9,432.6,675.1
38.69947,-8.46048,81.0,2001-07-31T18:00,26.7,54,16.7,26.5,0.0,0.0,0.0,0.0,0,1014.1,1004.8,0,0,0,0,0.3,1.6,17.0,23.2,253,254,40.7,31.4,27.1,23.2,20.3,0.07,0.065,0.109,0.219,1,3600.0,344.0,255.0,89.0,610.9,344.0,554.1,266.9,197.8,69.0,610.9,266.9,429.9
38.69947,-8.46048,81.0,2001-07-31T19:00,25.3,60,17.1,25.8,0.0,0.0,0.0,0.0,0,1014.4,1005.0,0,0,0,0,0.16,1.27,13.4,18.6,250,252,33.5,29.1,27.1,23.2,20.3,0.07,0.065,0.109,0.219,1,3600.0,153.0,96.0,57.0,422.6,153.0,301.6,87.7,55.0,32.7,422.6,87.7,172.9
38.69947,-8.46048,81.0,2001-07-31T20:00,23.5,69,17.5,24.7,0.0,0.0,0.0,0.0,0,1014.8,1005.4,0,0,0,0,0.06,0.9,10.2,15.5,238,242,25.6,26.8,27.1,23.2,20.3,0.07,0.065,0.109,0.219,0,346.11,22.0,10.0,12.0,98.7,22.0,76.1,0.0,0.0,0.0,0.0,0.0,0.0
38.69947,-8.46048,81.0,2001-07-31T21:00,22.1,77,17.8,23.6,0.0,0.0,0.0,0.0,0,1015.6,1006.1,0,0,0,0,0.02,0.61,8.7,14.3,225,231,18.4,24.9,27.0,23.2,20.3,0.069,0.065,0.109,0.219,0,0.0,0.0,0.0,0.0,0.0,0.0,0.0,0.0,0.0,0.0,0.0,0.0,0.0
38.69947,-8.46048,81.0,2001-07-31T22:00,20.9,84,18.0,22.6,0.0,0.0,0.0,0.0,0,1016.1,1006.6,1,1,0,0,0.01,0.41,8.5,14.3,216,225,15.1,23.5,26.8,23.2,20.3,0.069,0.065,0.109,0.219,0,0.0,0.0,0.0,0.0,0.0,0.0,0.0,0.0,0.0,0.0,0.0,0.0,0.0
38.69947,-8.46048,81.0,2001-07-31T23:00,20.0,89,18.2,21.8,0.0,0.0,0.0,0.0,1,1016.3,1006.8,27,30,0,0,0.0,0.25,7.9,14.3,210,221,14.8,22.4,26.6,23.2,20.4,0.069,0.065,0.109,0.219,0,0.0,0.0,0.0,0.0,0.0,0.0,0.0,0.0,0.0,0.0,0.0,0.0,0.0
38.69947,-8.46048,81.0,2001-08-01T00:00,19.2,94,18.2,21.1,0.0,0.0,0.0,0.0,2,1016.8,1007.2,61,68,0,0,0.0,0.13,7.7,13.4,208,216,14.0,21.4,26.4,23.2,20.4,0.069,0.065,0.109,0.219,0,0.0,0.0,0.0,0.0,0.0,0.0,0.0,0.0,0.0,0.0,0.0,0.0,0.0
38.69947,-8.46048,81.0,2001-08-01T01:00,18.7,97,18.3,20.6,0.0,0.0,0.0,0.0,2,1016.4,1006.8,77,86,0,0,0.0,0.06,7.8,13.6,202,212,13.0,20.7,26.2,23.3,20.4,0.069,0.065,0.109,0.219,0,0.0,0.0,0.0,0.0,0.0,0.0,0.0,0.0,0.0,0.0,0.0,0.0,0.0
38.69947,-8.46048,81.0,2001-08-01T02:00,18.7,98,18.3,20.6,0.0,0.0,0.0,0.0,3,1016.5,1006.9,90,100,0,0,0.0,0.05,8.0,13.2,207,215,14.0,20.6,26.0,23.3,20.4,0.069,0.065,0.109,0.219,0,0.0,0.0,0.0,0.0,0.0,0.0,0.0,0.0,0.0,0.0,0.0,0.0,0.0
38.69947,-8.46048,81.0,2001-08-01T03:00,18.8,97,18.3,20.8,0.0,0.0,0.0,0.0,3,1016.5,1006.9,90,100,0,0,0.0,0.07,7.4,12.0,203,213,16.6,20.6,25.7,23.3,20.4,0.069,0.065,0.109,0.219,0,0.0,0.0,0.0,0.0,0.0,0.0,0.0,0.0,0.0,0.0,0.0,0.0,0.0
38.69947,-8.46048,81.0,2001-08-01T04:00,18.9,96,18.2,20.8,0.0,0.0,0.0,0.0,3,1016.6,1007.0,90,100,0,0,0.0,0.09,7.4,11.3,194,202,16.6,20.8,25.5,23.3,20.4,0.069,0.065,0.109,0.219,0,0.0,0.0,0.0,0.0,0.0,0.0,0.0,0.0,0.0,0.0,0.0,0.0,0.0
38.69947,-8.46048,81.0,2001-08-01T05:00,18.8,96,18.2,20.7,0.0,0.0,0.0,0.0,3,1016.8,1007.2,90,100,0,0,0.0,0.09,7.3,11.5,189,194,16.9,20.7,25.4,23.3,20.4,0.069,0.065,0.109,0.219,0,0.0,0.0,0.0,0.0,0.0,0.0,0.0,0.0,0.0,0.0,0.0,0.0,0.0
38.69947,-8.46048,81.0,2001-08-01T06:00,18.9,95,18.1,20.9,0.0,0.0,0.0,0.0,3,1016.9,1007.3,90,100,0,0,0.02,0.11,6.9,11.4,186,191,18.4,20.8,25.2,23.3,20.4,0.069,0.065,0.109,0.219,1,0.0,2.0,0.0,2.0,0.0,2.0,32.4,5.2,0.0,5.2,0.0,1.9,84.6
38.69947,-8.46048,81.0,2001-08-01T07:00,19.3,92,18.0,21.2,0.0,0.0,0.0,0.0,3,1017.3,1007.7,90,100,0,0,0.03,0.18,7.2,10.2,186,190,15.8,21.1,25.0,23.3,20.4,0.069,0.065,0.109,0.219,1,0.0,34.0,0.0,34.0,0.0,34.0,212.7,54.6,0.0,54.6,0.0,53.1,341.5
38.69947,-8.46048,81.0,2001-08-01T08:00,20.0,86,17.6,21.5,0.0,0.0,0.0,0.0,2,1017.7,1008.1,64,71,0,0,0.09,0.33,8.8,11.4,189,193,19.8,22.3,24.9,23.3,20.4,0.069,0.065,0.109,0.219,1,0.0,132.0,9.0,123.0,25.5,132.0,468.2,167.1,11.4,155.7,25.5,167.1,592.6
38.69947,-8.46048,81.0,2001-08-01T09:00,21.3,77,17.2,22.4,0.0,0.0,0.0,0.0,2,1017.7,1008.2,70,78,0,0,0.18,0.58,10.1,13.2,197,197,23.0,24.0,24.9,23.3,20.4,0.069,0.065,0.109,0.219,1,3254.48,266.0,90.0,176.0,168.5,266.0,709.2,307.8,104.2,203.7,168.5,307.8,820.8
38.69947,-8.46048,81.0,2001-08-01T10:00,23.5,66,16.8,24.2,0.0,0.0,0.0,0.0,2,1017.8,1008.4,65,72,0,0,0.31,0.97,11.3,14.2,207,207,27.4,26.5,24.9,23.3,20.4,0.069,0.065,0.109,0.219,1,3600.0,460.0,189.0,271.0,272.9,460.0,919.4,505.6,207.7,297.9,272.9,505.6,1010.6
38.69947,-8.46048,81.0,2001-08-01T11:00,25.9,56,16.3,26.5,0.0,0.0,0.0,0.0,2,1017.9,1008.5,79,88,0,0,0.46,1.48,13.7,18.1,215,215,32.4,29.2,25.0,23.3,20.4,0.068,0.065,0.109,0.219,1,3600.0,639.0,371.0,268.0,454.2,639.0,1084.4,677.0,393.1,283.9,454.2,677.0,1148.9
38.69947,-8.46048,81.0,2001-08-01T12:00,26.9,53,16.4,27.9,0.0,0.0,0.0,0.0,2,1017.7,1008.4,59,66,0,0,0.55,1.68,15.9,20.8,218,217,35.6,31.2,25.2,23.3,20.4,0.067,0.065,0.109,0.219,1,3600.0,758.0,498.0,260.0,554.3,758.0,1193.0,779.2,511.9,267.3,554.3,779.2,1226.4
38.69947,-8.46048,81.0,2001-08-01T13:00,27.6,51,16.6,28.8,0.0,0.0,0.0,0.0,2,1017.2,1007.9,57,63,0,0,0.61,1.81,18.1,23.5,221,220,38.9,32.8,25.4,23.3,20.4,0.066,0.065,0.109,0.219,1,3600.0,849.0,646.0,203.0,693.1,849.0,1237.6,849.1,646.0,203.0,693.1,849.1,1237.7
38.69947,-8.46048,81.0,2001-08-01T14:00,27.7,51,16.7,28.6,0.0,0.0,0.0,0.0,2,1017.5,1008.2,75,83,0,0,0.6,1.81,19.5,25.4,231,231,43.2,33.4,25.6,23.3,20.4,0.066,0.065,0.109,0.219,1,3600.0,823.0,639.0,184.0,698.1,823.0,1215.3,800.5,621.5,179.0,698.1,800.5,1182.1
38.69947,-8.46048,81.0,2001-08-01T15:00,27.0,54,16.9,27.5,0.0,0.0,0.0,0.0,2,1017.3,1008.0,65,72,0,0,0.54,1.63,20.1,26.4,237,238,46.1,33.0,25.9,23.3,20.4,0.065,0.065,0.109,0.219,1,3600.0,750.0,580.0,170.0,683.0,750.0,1127.6,707.2,546.9,160.3,683.0,707.2,1063.3
38.69947,-8.46048,81.0,2001-08-01T16:00,25.8,59,17.1,25.6,0.0,0.0,0.0,0.0,1,1017.3,1007.9,36,40,0,0,0.42,1.36,19.3,25.5,241,241,46.1,31.6,26.0,23.3,20.4,0.065,0.065,0.109,0.219,1,3600.0,569.0,398.0,171.0,539.0,569.0,980.4,516.2,361.0,155.1,539.0,516.2,889.3
38.69947,-8.46048,81.0,2001-08-01T17:00,25.2,61,17.1,25.1,0.0,0.0,0.0,0.0,1,1017.1,1007.7,34,38,0,0,0.35,1.26,17.7,23.4,241,241,42.5,30.5,26.1,23.3,20.4,0.064,0.065,0.109,0.219,1,3600.0,480.0,341.0,139.0,577.7,480.0,783.7,411.7,292.5,119.2,577.7,411.7,672.2
38.69947,-8.46048,81.0,2001-08-01T18:00,24.3,64,17.1,24.4,0.0,0.0,0.0,0.0,1,1016.9,1007.5,27,30,0,0,0.24,1.08,16.2,21.7,238,238,38.2,29.0,26.2,23.3,20.4,0.064,0.065,0.109,0.219,1,3600.0,314.0,217.0,97.0,522.9,314.0,551.0,243.1,168.0,75.1,522.9,243.1,426.5
38.69947,-8.46048,81.0,2001-08-01T19:00,22.9,69,16.8,23.1,0.0,0.0,0.0,0.0,1,1017.0,1007.5,47,52,0,0,0.13,0.88,15.3,21.0,236,235,33.1,27.0,26.2,23.3,20.4,0.064,0.065,0.109,0.219,1,3600.0,138.0,77.0,61.0,343.1,138.0,298.0,78.3,43.7,34.6,343.1,78.3,169.2
38.69947,-8.46048,81.0,2001-08-01T20:00,21.6,77,17.3,22.3,0.0,0.0,0.0,0.0,1,1017.2,1007.7,33,37,0,0,0.05,0.6,12.9,20.0,234,236,29.9,24.9,26.1,23.3,20.4,0.064,0.065,0.109,0.219,0,85.37,18.0,7.0,11.0,70.1,18.0,74.3,0.0,0.0,0.0,0.0,0.0,0.0
38.69947,-8.46048,81.0,2001-08-01T21:00,20.7,83,17.7,21.6,0.0,0.0,0.0,0.0,1,1017.9,1008.4,47,52,0,0,0.02,0.42,13.2,20.4,235,238,24.8,23.5,26.0,23.3,20.4,0.064,0.065,0.109,0.219,0,0.0,0.0,0.0,0.0,0.0,0.0,0.0,0.0,0.0,0.0,0.0,0.0,0.0
38.69947,-8.46048,81.0,2001-08-01T22:00,20.2,86,17.8,21.1,0.0,0.0,0.0,0.0,2,1018.7,1009.1,57,63,0,0,0.01,0.32,13.1,21.3,238,242,25.2,22.6,25.8,23.3,20.4,0.064,0.065,0.109,0.219,0,0.0,0.0,0.0,0.0,0.0,0.0,0.0,0.0,0.0,0.0,0.0,0.0,0.0
38.69947,-8.46048,81.0,2001-08-01T23:00,19.7,90,18.1,20.9,0.0,0.0,0.0,0.0,2,1018.8,1009.2,59,66,0,0,0.0,0.22,12.0,19.7,237,242,25.6,22.0,25.7,23.3,20.4,0.064,0.065,0.109,0.219,0,0.0,0.0,0.0,0.0,0.0,0.0,0.0,0.0,0.0,0.0,0.0,0.0,0.0
38.69947,-8.46048,81.0,2001-08-02T00:00,19.6,92,18.2,21.0,0.0,0.0,0.0,0.0,2,1018.4,1008.8,63,70,0,0,0.0,0.19,10.4,17.5,226,233,24.8,21.6,25.5,23.3,20.4,0.065,0.065,0.109,0.219,0,0.0,0.0,0.0,0.0,0.0,0.0,0.0,0.0,0.0,0.0,0.0,0.0,0.0
38.69947,-8.46048,81.0,2001-08-02T01:00,19.4,92,18.2,20.9,0.0,0.0,0.0,0.0,1,1018.3,1008.7,48,53,0,0,0.0,0.17,10.5,18.1,229,235,24.1,21.4,25.4,23.3,20.4,0.066,0.065,0.109,0.219,0,0.0,0.0,0.0,0.0,0.0,0.0,0.0,0.0,0.0,0.0,0.0,0.0,0.0
38.69947,-8.46048,81.0,2001-08-02T02:00,19.4,93,18.2,20.8,0.0,0.0,0.0,0.0,1,1018.1,1008.5,48,53,0,0,0.0,0.16,10.5,18.1,232,239,24.5,21.2,25.2,23.3,20.4,0.067,0.065,0.109,0.219,0,0.0,0.0,0.0,0.0,0.0,0.0,0.0,0.0,0.0,0.0,0.0,0.0,0.0
38.69947,-8.46048,81.0,2001-08-02T03:00,19.5,91,18.1,21.0,0.0,0.0,0.0,0.0,3,1018.0,1008.4,83,92,0,0,0.0,0.2,10.2,17.4,231,240,23.8,21.1,25.0,23.3,20.4,0.068,0.065,0.109,0.219,0,0.0,0.0,0.0,0.0,0.0,0.0,0.0,0.0,0.0,0.0,0.0,0.0,0.0
38.69947,-8.46048,81.0,2001-08-02T04:00,19.6,91,18.1,21.1,0.0,0.0,0.0,0.0,3,1017.8,1008.2,89,99,0,0,0.0,0.2,10.1,15.9,235,242,20.9,21.0,24.9,23.3,20.4,0.068,0.065,0.109,0.219,0,0.0,0.0,0.0,0.0,0.0,0.0,0.0,0.0,0.0,0.0,0.0,0.0,0.0
38.69947,-8.46048,81.0,2001-08-02T05:00,19.6,92,18.2,21.1,0.0,0.0,0.0,0.0,2,1017.9,1008.3,76,85,0,0,0.0,0.18,10.0,15.1,240,245,19.1,20.9,24.7,23.3,20.4,0.069,0.065,0.109,0.219,0,0.0,0.0,0.0,0.0,0.0,0.0,0.0,0.0,0.0,0.0,0.0,0.0,0.0
38.69947,-8.46048,81.0,2001-08-02T06:00,19.8,91,18.2,21.5,0.0,0.0,0.0,0.0,3,1018.2,1008.6,81,90,0,0,0.03,0.21,9.0,14.0,241,247,19.1,21.0,24.6,23.3,20.4,0.069,0.065,0.109,0.219,1,0.0,1.0,0.0,1.0,0.0,1.0,30.7,2.6,0.0,2.6,0.0,0.9,81.2
38.69947,-8.46048,81.0,2001-08-02T07:00,19.7,91,18.2,21.2,0.0,0.0,0.0,0.0,2,1018.4,1008.8,62,69,0,0,0.04,0.2,10.0,13.6,255,258,19.4,21.1,24.5,23.3,20.4,0.07,0.065,0.109,0.219,1,892.33,48.0,15.0,33.0,91.7,48.0,209.5,77.5,24.2,53.3,95.1,74.8,338.5
38.69947,-8.46048,81.0,2001-08-02T08:00,20.8,83,17.9,22.3,0.0,0.0,0.0,0.0,2,1018.6,1009.1,66,73,0,0,0.11,0.41,9.7,12.6,270,270,21.2,22.0,24.4,23.3,20.4,0.071,0.065,0.109,0.219,1,3600.0,177.0,88.0,89.0,251.1,177.0,465.4,224.4,111.6,112.8,251.1,224.4,590.0
38.69947,-8.46048,81.0,2001-08-02T09:00,22.3,74,17.4,23.6,0.0,0.0,0.0,0.0,2,1018.8,1009.3,70,78,0,0,0.22,0.7,9.2,12.1,281,282,23.0,23.6,24.3,23.3,20.4,0.071,0.065,0.109,0.219,1,3600.0,330.0,178.0,152.0,334.4,330.0,706.9,382.2,206.1,176.0,334.4,382.2,818.6
38.69947,-8.46048,81.0,2001-08-02T10:00,23.2,68,17.0,24.2,0.0,0.0,0.0,0.0,3,1019.2,1009.7,90,99,0,4,0.23,0.9,9.7,12.1,297,297,23.0,25.0,24.3,23.3,20.4,0.071,0.065,0.109,0.219,1,0.0,311.0,38.0,273.0,55.0,311.0,917.4,341.9,41.8,300.2,55.0,341.9,1008.6
38.69947,-8.46048,81.0,2001-08-02T11:00,24.4,61,16.5,25.2,0.0,0.0,0.0,0.0,3,1019.1,1009.7,90,100,0,1,0.34,1.18,9.4,12.0,313,314,21.6,27.0,24.4,23.3,20.4,0.071,0.065,0.109,0.219,1,3600.0,469.0,182.0,287.0,223.3,469.0,1082.6,497.0,192.9,304.1,223.3,497.0,1147.1
38.69947,-8.46048,81.0,2001-08-02T12:00,26.0,53,15.7,27.0,0.0,0.0,0.0,0.0,3,1019.0,1009.6,92,100,0,5,0.47,1.58,10.2,13.1,321,323,23.0,29.6,24.6,23.3,20.4,0.07,0.065,0.109,0.219,1,3600.0,645.0,346.0,299.0,385.8,645.0,1191.2,663.1,355.7,307.4,385.8,663.1,1224.6
38.69947,-8.46048,81.0,2001-08-02T13:00,28.3,45,15.2,29.8,0.0,0.0,0.0,0.0,3,1018.5,1009.2,98,98,0,33,0.59,2.12,11.0,14.2,322,324,26.3,32.3,24.8,23.3,20.4,0.069,0.065,0.109,0.219,1,3600.0,788.0,505.0,283.0,542.7,788.0,1235.9,788.0,505.0,283.0,542.7,788.0,1235.9
38.69947,-8.46048,81.0,2001-08-02T14:00,29.7,41,15.0,30.4,0.0,0.0,0.0,0.0,3,1018.1,1008.8,100,100,0,83,0.58,2.47,12.9,16.6,324,326,29.9,33.6,25.1,23.3,20.4,0.068,0.065,0.109,0.218,1,3600.0,721.0,421.0,300.0,460.8,721.0,1213.4,701.2,409.4,291.8,460.8,701.2,1180.1
38.69947,-8.46048,81.0,2001-08-02T15:00,30.1,39,14.6,29.7,0.0,0.0,0.0,0.0,3,1017.6,1008.4,100,100,0,100,0.53,2.6,15.1,19.6,327,328,34.2,33.6,25.3,23.3,20.4,0.067,0.065,0.109,0.218,1,3600.0,606.0,329.0,277.0,388.2,606.0,1125.5,571.3,310.1,261.1,388.2,571.3,1061.0
38.69947,-8.46048,81.0,2001-08-02T16:00,29.8,39,14.5,28.8,0.0,0.0,0.0,0.0,3,1017.5,1008.3,100,82,0,94,0.48,2.54,16.4,21.7,331,333,37.4,33.2,25.6,23.3,20.4,0.066,0.065,0.109,0.218,1,3600.0,536.0,284.0,252.0,385.7,536.0,978.0,486.0,257.5,228.5,385.7,486.0,886.7
38.69947,-8.46048,81.0,2001-08-02T17:00,28.5,45,15.4,27.7,0.0,0.0,0.0,0.0,2,1017.3,1008.0,67,51,0,71,0.4,2.15,17.7,23.7,336,338,41.0,32.0,25.8,23.3,20.4,0.066,0.065,0.109,0.218,1,3600.0,424.0,253.0,171.0,430.3,424.0,780.9,363.3,216.8,146.5,430.3,363.3,669.2
38.69947,-8.46048,81.0,2001-08-02T18:00,27.1,51,16.1,26.4,0.0,0.0,0.0,0.0,1,1017.1,1007.8,27,4,0,77,0.31,1.75,19.1,26.2,340,342,42.1,30.5,25.9,23.3,20.4,0.065,0.065,0.109,0.218,1,3600.0,332.0,232.0,100.0,562.5,332.0,547.8,256.4,179.2,77.2,562.5,256.4,423.1
38.69947,-8.46048,81.0,2001-08-02T19:00,25.8,52,15.2,24.8,0.0,0.0,0.0,0.0,1,1017.2,1007.8,28,0,0,93,0.19,1.59,18.5,27.6,336,338,37.8,28.4,25.9,23.3,20.5,0.065,0.065,0.109,0.218,1,3600.0,121.0,47.0,74.0,212.1,121.0,294.3,67.9,26.4,41.5,212.1,67.9,165.3
38.69947,-8.46048,81.0,2001-08-02T20:00,23.8,61,15.9,23.3,0.0,0.0,0.0,0.0,0,1017.8,1008.4,10,0,0,33,0.11,1.14,17.7,27.5,336,338,36.0,26.3,25.9,23.3,20.5,0.065,0.065,0.109,0.218,0,0.0,17.0,4.0,13.0,40.6,17.0,72.3,0.0,0.0,0.0,0.0,0.0,0.0
38.69947,-8.46048,81.0,2001-08-02T21:00,22.3,69,16.4,22.2,0.0,0.0,0.0,0.0,0,1018.6,1009.1,0,0,0,1,0.06,0.83,15.8,25.9,336,339,33.8,24.6,25.8,23.3,20.5,0.065,0.065,0.109,0.218,0,0.0,0.0,0.0,0.0,0.0,0.0,0.0,0.0,0.0,0.0,0.0,0.0,0.0
38.69947,-8.46048,81.0,2001-08-02T22:00,21.1,76,16.7,21.4,0.0,0.0,0.0,0.0,0,1019.3,1009.8,0,0,0,0,0.04,0.6,14.0,23.1,342,346,29.5,23.3,25.7,23.3,20.5,0.065,0.065,0.109,0.218,0,0.0,0.0,0.0,0.0,0.0,0.0,0.0,0.0,0.0,0.0,0.0,0.0,0.0
38.69947,-8.46048,81.0,2001-08-02T23:00,20.0,82,16.7,20.5,0.0,0.0,0.0,0.0,0,1019.1,1009.5,0,0,0,0,0.02,0.43,12.5,21.6,342,345,26.3,22.2,25.6,23.3,20.5,0.065,0.065,0.109,0.218,0,0.0,0.0,0.0,0.0,0.0,0.0,0.0,0.0,0.0,0.0,0.0,0.0,0.0
38.69947,-8.46048,81.0,2001-08-03T00:00,19.1,86,16.7,19.9,0.0,0.0,0.0,0.0,0,1019.3,1009.7,0,0,0,0,0.01,0.32,10.9,19.6,343,347,23.4,21.2,25.4,23.3,20.5,0.065,0.065,0.109,0.218,0,0.0,0.0,0.0,0.0,0.0,0.0,0.0,0.0,0.0,0.0,0.0,0.0,0.0
38.69947,-8.46048,81.0,2001-08-03T01:00,18.3,89,16.5,19.0,0.0,0.0,0.0,0.0,0,1018.8,1009.2,0,0,0,0,0.0,0.23,10.7,19.8,340,344,21.6,20.4,25.2,23.3,20.5,0.065,0.065,0.109,0.218,0,0.0,0.0,0.0,0.0,0.0,0.0,0.0,0.0,0.0,0.0,0.0,0.0,0.0
38.69947,-8.46048,81.0,2001-08-03T02:00,17.6,92,16.2,18.0,0.0,0.0,0.0,0.0,0,1018.9,1009.3,9,10,0,0,0.0,0.17,11.8,21.0,340,344,22.3,19.7,25.0,23.3,20.5,0.065,0.065,0.109,0.218,0,0.0,0.0,0.0,0.0,0.0,0.0,0.0,0.0,0.0,0.0,0.0,0.0,0.0
38.69947,-8.46048,81.0,2001-08-03T03:00,17.2,92,15.9,17.4,0.0,0.0,0.0,0.0,1,1018.5,1008.8,32,35,0,0,0.0,0.15,12.3,22.2,345,347,22.7,19.2,24.8,23.3,20.5,0.065,0.065,0.109,0.218,0,0.0,0.0,0.0,0.0,0.0,0.0,0.0,0.0,0.0,0.0,0.0,0.0,0.0
38.69947,-8.46048,81.0,2001-08-03T04:00,16.9,92,15.6,17.0,0.0,0.0,0.0,0.0,2,1018.5,1008.8,53,59,0,0,0.0,0.15,12.0,21.3,353,354,22.3,18.9,24.6,23.3,20.5,0.065,0.065,0.109,0.218,0,0.0,0.0,0.0,0.0,0.0,0.0,0.0,0.0,0.0,0.0,0.0,0.0,0.0
38.69947,-8.46048,81.0,2001-08-03T05:00,16.6,92,15.3,16.7,0.0,0.0,0.0,0.0,2,1018.3,1008.6,59,66,0,0,0.0,0.14,11.5,20.9,358,360,21.6,18.5,24.4,23.3,20.5,0.065,0.065,0.109,0.218,0,0.0,0.0,0.0,0.0,0.0,0.0,0.0,0.0,0.0,0.0,0.0,0.0,0.0
38.69947,-8.46048,81.0,2001-08-03T06:00,16.4,92,15.1,16.3,0.0,0.0,0.0,0.0,2,1018.4,1008.7,54,60,0,0,0.02,0.15,12.3,19.1,3,4,20.2,18.3,24.2,23.3,20.5,0.065,0.065,0.109,0.218,1,0.0,3.0,0.0,3.0,0.0,3.0,29.0,8.0,0.0,8.0,0.0,2.7,77.7
38.69947,-8.46048,81.0,2001-08-03T07:00,17.2,87,15.0,17.2,0.0,0.0,0.0,0.0,0,1018.6,1008.9,6,7,0,0,0.05,0.26,11.6,16.8,7,9,24.5,18.9,24.0,23.3,20.5,0.065,0.065,0.109,0.218,1,3333.41,74.0,30.0,44.0,184.6,74.0,206.3,120.3,48.8,71.6,193.2,115.0,335.5
38.69947,-8.46048,81.0,2001-08-03T08:00,19.1,75,14.6,19.0,0.0,0.0,0.0,0.0,0,1018.9,1009.3,3,3,0,0,0.16,0.55,10.9,15.0,9,11,24.8,20.9,23.9,23.3,20.5,0.065,0.065,0.109,0.218,1,3600.0,275.0,200.0,75.0,574.3,275.0,462.6,349.2,254.0,95.2,574.3,349.2,587.4
38.69947,-8.46048,81.0,2001-08-03T09:00,21.9,62,14.2,21.6,0.0,0.0,0.0,0.0,0,1018.8,1009.3,1,1,0,0,0.3,1.01,10.9,14.6,8,10,26.3,23.9,23.9,23.3,20.5,0.064,0.065,0.109,0.218,1,3600.0,481.0,392.0,89.0,739.2,481.0,704.4,557.4,454.3,103.1,739.2,557.4,816.3
38.69947,-8.46048,81.0,2001-08-03T10:00,24.9,49,13.5,25.0,0.0,0.0,0.0,0.0,0,1019.1,1009.7,0,0,0,0,0.46,1.59,11.4,14.8,13,14,26.3,27.2,24.0,23.3,20.5,0.064,0.065,0.109,0.218,1,3600.0,662.0,561.0,101.0,814.3,662.0,915.2,728.1,617.0,111.1,814.3,728.1,1006.6
38.69947,-8.46048,81.0,2001-08-03T11:00,27.6,39,12.6,28.2,0.0,0.0,0.0,0.0,0,1018.6,1009.3,0,0,0,0,0.59,2.23,11.3,14.6,7,10,26.3,30.5,24.2,23.3,20.5,0.063,0.065,0.108,0.218,1,3600.0,806.0,695.0,111.0,854.4,806.0,1080.7,854.2,736.6,117.6,854.4,854.2,1145.3
38.69947,-8.46048,81.0,2001-08-03T12:00,29.8,32,11.2,30.4,0.0,0.0,0.0,0.0,0,1018.4,1009.1,0,0,0,0,0.69,2.86,11.9,15.2,3,7,26.3,33.4,24.5,23.3,20.5,0.062,0.065,0.108,0.218,1,3600.0,901.0,786.0,115.0,877.9,901.0,1189.4,926.3,808.1,118.2,877.9,926.3,1222.8
38.69947,-8.46048,81.0,2001-08-03T13:00,31.3,26,9.3,31.5,0.0,0.0,0.0,0.0,0,1018.0,1008.8,0,0,0,0,0.75,3.4,12.2,15.8,358,1,25.9,35.6,24.8,23.3,20.5,0.061,0.065,0.108,0.218,1,3600.0,940.0,823.0,117.0,886.0,940.0,1234.0,940.0,823.0,117.0,886.0,940.0,1234.0
38.69947,-8.46048,81.0,2001-08-03T14:00,32.4,21,7.4,31.7,0.0,0.0,0.0,0.0,0,1017.6,1008.4,0,0,0,0,0.76,3.83,13.8,17.4,353,354,27.4,37.0,25.2,23.3,20.5,0.061,0.065,0.108,0.218,1,3600.0,921.0,806.0,115.0,883.8,921.0,1211.5,895.6,783.7,111.8,883.8,895.6,1178.0
38.69947,-8.46048,81.0,2001-08-03T15:00,32.8,20,6.7,31.4,0.0,0.0,0.0,0.0,0,1017.4,1008.2,0,0,0,0,0.73,4.0,14.8,19.4,347,349,31.3,37.5,25.5,23.3,20.5,0.06,0.065,0.108,0.218,1,3600.0,843.0,732.0,111.0,865.7,843.0,1123.3,794.5,689.9,104.6,865.7,794.5,1058.7
38.69947,-8.46048,81.0,2001-08-03T16:00,32.7,20,7.1,30.5,0.0,0.0,0.0,0.0,0,1017.4,1008.2,0,0,0,0,0.65,3.94,16.1,21.1,344,346,35.3,37.0,25.8,23.3,20.5,0.059,0.065,0.108,0.218,1,3600.0,714.0,611.0,103.0,832.1,714.0,975.5,647.1,553.7,93.3,832.1,647.1,884.0
38.69947,-8.46048,81.0,2001-08-03T17:00,31.9,23,8.2,28.9,0.0,0.0,0.0,0.0,0,1017.3,1008.1,0,0,0,0,0.53,3.63,17.0,22.8,343,344,38.9,35.6,26.1,23.3,20.5,0.059,0.065,0.108,0.218,1,3600.0,545.0,453.0,92.0,773.5,545.0,778.0,466.6,387.8,78.8,773.5,466.6,666.0
38.69947,-8.46048,81.0,2001-08-03T18:00,30.4,28,9.9,27.9,0.0,0.0,0.0,0.0,0,1017.3,1008.1,0,0,0,0,0.39,3.11,17.1,23.7,342,343,39.6,33.5,26.3,23.3,20.5,0.058,0.065,0.108,0.218,1,3600.0,351.0,275.0,76.0,671.1,351.0,544.4,270.5,211.9,58.6,671.1,270.5,419.5
38.69947,-8.46048,81.0,2001-08-03T19:00,29.5,25,7.2,26.4,0.0,0.0,0.0,0.0,0,1017.5,1008.2,1,0,1,0,0.27,3.1,16.1,25.9,340,344,32.8,31.3,26.4,23.3,20.5,0.058,0.065,0.108,0.218,1,3600.0,161.0,110.0,51.0,503.0,161.0,290.5,89.3,61.0,28.3,503.0,89.3,161.2
38.69947,-8.46048,81.0,2001-08-03T20:00,27.1,33,9.3,24.4,0.0,0.0,0.0,0.0,0,1018.1,1008.8,0,0,0,0,0.2,2.42,17.3,29.3,343,346,31.0,28.7,26.4,23.3,20.5,0.058,0.065,0.108,0.218,0,325.03,20.0,10.0,10.0,103.2,20.0,70.4,0.0,0.0,0.0,0.0,0.0,0.0
38.69947,-8.46048,81.0,2001-08-03T21:00,25.0,42,11.1,23.0,0.0,0.0,0.0,0.0,0,1018.9,1009.5,0,0,0,0,0.14,1.84,15.5,27.3,348,352,31.0,26.7,26.4,23.3,20.5,0.058,0.065,0.108,0.218,0,0.0,0.0,0.0,0.0,0.0,0.0,0.0,0.0,0.0,0.0,0.0,0.0,0.0
38.69947,-8.46048,81.0,2001-08-03T22:00,23.2,49,11.9,21.8,0.0,0.0,0.0,0.0,0,1019.5,1010.0,0,0,0,0,0.1,1.45,13.4,24.9,352,358,27.7,25.0,26.3,23.4,20.5,0.058,0.065,0.108,0.218,0,0.0,0.0,0.0,0.0,0.0,0.0,0.0,0.0,0.0,0.0,0.0,0.0,0.0
38.69947,-8.46048,81.0,2001-08-03T23:00,21.8,55,12.3,20.5,0.0,0.0,0.0,0.0,0,1019.8,1010.3,0,0,0,0,0.08,1.18,13.4,25.2,354,358,27.4,23.6,26.2,23.4,20.5,0.058,0.065,0.108,0.218,0,0.0,0.0,0.0,0.0,0.0,0.0,0.0,0.0,0.0,0.0,0.0,0.0,0.0
38.69947,-8.46048,81.0,2001-08-04T00:00,20.6,60,12.4,19.5,0.0,0.0,0.0,0.0,0,1019.9,1010.3,0,0,0,0,0.06,0.98,12.6,24.1,358,1,26.6,22.4,26.1,23.4,20.5,0.058,0.065,0.108,0.218,0,0.0,0.0,0.0,0.0,0.0,0.0,0.0,0.0,0.0,0.0,0.0,0.0,0.0
38.69947,-8.46048,81.0,2001-08-04T01:00,19.6,64,12.7,18.7,0.0,0.0,0.0,0.0,0,1019.7,1010.1,0,0,0,0,0.05,0.81,11.5,23.1,2,3,24.8,21.4,25.9,23.4,20.5,0.058,0.065,0.108,0.218,0,0.0,0.0,0.0,0.0,0.0,0.0,0.0,0.0,0.0,0.0,0.0,0.0,0.0
38.69947,-8.46048,81.0,2001-08-04T02:00,18.7,69,13.0,18.0,0.0,0.0,0.0,0.0,0,1019.2,1009.6,0,0,0,0,0.04,0.66,11.2,22.4,4,5,23.0,20.5,25.7,23.4,20.5,0.058,0.065,0.108,0.218,0,0.0,0.0,0.0,0.0,0.0,0.0,0.0,0.0,0.0,0.0,0.0,0.0,0.0
38.69947,-8.46048,81.0,2001-08-04T03:00,18.1,74,13.4,17.4,0.0,0.0,0.0,0.0,0,1019.3,1009.7,0,0,0,0,0.03,0.54,11.9,23.4,360,3,22.0,19.7,25.5,23.4,20.5,0.058,0.065,0.108,0.218,0,0.0,0.0,0.0,0.0,0.0,0.0,0.0,0.0,0.0,0.0,0.0,0.0,0.0
38.69947,-8.46048,81.0,2001-08-04T04:00,17.6,78,13.7,17.0,0.0,0.0,0.0,0.0,0,1019.4,1009.8,0,0,0,0,0.02,0.44,12.2,24.5,360,2,22.7,19.1,25.3,23.4,20.5,0.058,0.065,0.108,0.218,0,0.0,0.0,0.0,0.0,0.0,0.0,0.0,0.0,0.0,0.0,0.0,0.0,0.0
38.69947,-8.46048,81.0,2001-08-04T05:00,17.2,80,13.8,16.7,0.0,0.0,0.0,0.0,0,1019.6,1009.9,0,0,0,0,0.02,0.38,12.2,24.5,2,3,22.7,18.7,25.1,23.4,20.5,0.058,0.065,0.108,0.218,0,0.0,0.0,0.0,0.0,0.0,0.0,0.0,0.0,0.0,0.0,0.0,0.0,0.0
38.69947,-8.46048,81.0,2001-08-04T06:00,17.0,81,13.8,16.5,0.0,0.0,0.0,0.0,0,1020.0,1010.3,0,0,0,0,0.04,0.36,11.5,23.8,2,3,22.3,18.3,24.8,23.4,20.5,0.058,0.065,0.108,0.218,1,0.0,3.0,1.0,2.0,15.6,3.0,27.3,8.2,2.7,5.4,31.2,2.6,74.3
38.69947,-8.46048,81.0,2001-08-04T07:00,18.6,72,13.4,17.9,0.0,0.0,0.0,0.0,0,1020.1,1010.5,0,0,0,0,0.08,0.6,11.9,22.0,2,4,22.3,19.2,24.6,23.4,20.5,0.057,0.065,0.108,0.218,1,3284.61,101.0,62.0,39.0,384.3,101.0,203.1,165.4,101.5,63.9,405.7,156.7,332.5
38.69947,-8.46048,81.0,2001-08-04T08:00,21.0,58,12.6,19.9,0.0,0.0,0.0,0.0,0,1020.6,1011.1,0,0,0,0,0.2,1.03,13.0,18.4,360,2,27.4,21.8,24.5,23.4,20.5,0.057,0.065,0.108,0.218,1,3600.0,286.0,216.0,70.0,624.2,286.0,459.8,363.8,274.7,89.0,624.2,363.8,584.8
38.69947,-8.46048,81.0,2001-08-04T09:00,23.7,46,11.4,22.0,0.0,0.0,0.0,0.0,0,1020.7,1011.2,0,0,0,0,0.35,1.58,14.4,19.4,360,1,31.7,24.9,24.5,23.4,20.5,0.057,0.065,0.108,0.218,1,3600.0,483.0,394.0,89.0,745.8,483.0,702.0,560.1,456.9,103.2,745.8,560.1,814.1
38.69947,-8.46048,81.0,2001-08-04T10:00,26.2,36,9.8,24.5,0.0,0.0,0.0,0.0,0,1020.7,1011.3,0,0,0,0,0.51,2.2,15.5,20.5,359,360,34.6,28.1,24.6,23.4,20.5,0.057,0.065,0.108,0.218,1,3600.0,664.0,563.0,101.0,819.3,664.0,913.1,730.5,619.4,111.1,819.3,730.5,1004.6
38.69947,-8.46048,81.0,2001-08-04T11:00,28.2,30,8.8,26.8,0.0,0.0,0.0,0.0,0,1020.4,1011.1,0,0,0,0,0.63,2.7,16.6,21.6,359,360,36.4,31.0,24.8,23.4,20.5,0.057,0.065,0.108,0.218,1,3600.0,809.0,699.0,110.0,861.1,809.0,1078.7,857.5,740.9,116.6,861.1,857.5,1143.4
38.69947,-8.46048,81.0,2001-08-04T12:00,29.8,27,8.8,28.9,0.0,0.0,0.0,0.0,0,1020.4,1011.1,0,0,0,1,0.73,3.07,17.0,22.3,356,358,37.4,33.5,25.0,23.4,20.5,0.056,0.065,0.108,0.218,1,3600.0,907.0,792.0,115.0,886.2,907.0,1187.5,932.5,814.3,118.2,886.2,932.5,1221.0
38.69947,-8.46048,81.0,2001-08-04T13:00,31.0,25,8.9,30.1,0.0,0.0,0.0,0.0,0,1020.1,1010.9,0,0,0,1,0.78,3.36,18.1,23.9,353,355,38.9,35.4,25.3,23.4,20.5,0.056,0.065,0.108,0.218,1,3600.0,948.0,831.0,117.0,896.2,948.0,1232.1,948.0,831.0,117.0,896.2,948.0,1232.1
38.69947,-8.46048,81.0,2001-08-04T14:00,31.8,24,8.7,30.6,0.0,0.0,0.0,0.0,0,1019.6,1010.4,0,0,0,0,0.79,3.58,19.1,25.2,349,351,41.0,36.5,25.6,23.4,20.5,0.055,0.065,0.108,0.218,1,3600.0,931.0,815.0,116.0,895.4,931.0,1209.5,905.2,792.4,112.8,895.4,905.2,1175.9
38.69947,-8.46048,81.0,2001-08-04T15:00,32.0,23,8.2,30.1,0.0,0.0,0.0,0.0,0,1019.5,1010.3,0,0,0,0,0.76,3.67,20.4,26.6,346,347,43.2,36.7,25.9,23.4,20.6,0.055,0.064,0.108,0.218,1,3600.0,855.0,744.0,111.0,881.9,855.0,1121.0,805.6,701.0,104.6,881.9,805.6,1056.2
38.69947,-8.46048,81.0,2001-08-04T16:00,31.6,23,8.2,28.8,0.0,0.0,0.0,0.0,0,1019.4,1010.2,0,0,0,0,0.68,3.57,22.0,29.6,342,344,45.4,36.2,26.2,23.4,20.6,0.055,0.064,0.108,0.218,1,3600.0,728.0,624.0,104.0,852.4,728.0,972.8,659.4,565.2,94.2,852.4,659.4,881.2
38.69947,-8.46048,81.0,2001-08-04T17:00,30.5,26,8.8,26.7,0.0,0.0,0.0,0.0,0,1019.5,1010.3,0,0,0,0,0.57,3.22,24.1,32.7,340,341,47.2,34.7,26.4,23.4,20.6,0.055,0.064,0.108,0.218,1,3600.0,557.0,465.0,92.0,797.4,557.0,775.0,476.4,397.7,78.7,797.4,476.4,662.8
38.69947,-8.46048,81.0,2001-08-04T18:00,28.5,31,9.7,24.8,0.0,0.0,0.0,0.0,0,1019.8,1010.5,0,0,0,0,0.43,2.69,24.9,35.1,338,339,47.9,32.5,26.5,23.4,20.6,0.054,0.064,0.108,0.218,1,3600.0,360.0,284.0,76.0,697.7,360.0,540.9,276.7,218.3,58.4,697.7,276.7,415.8
38.69947,-8.46048,81.0,2001-08-04T19:00,25.4,38,10.0,22.2,0.0,0.0,0.0,0.0,0,1020.3,1010.9,0,0,0,0,0.26,2.02,22.3,33.3,337,338,48.6,29.5,26.6,23.4,20.6,0.054,0.064,0.108,0.218,1,3600.0,162.0,111.0,51.0,514.7,162.0,286.6,88.8,60.8,27.9,514.7,88.8,157.0
38.69947,-8.46048,81.0,2001-08-04T20:00,23.0,43,9.8,19.9,0.0,0.0,0.0,0.0,0,1020.7,1011.2,0,0,0,0,0.17,1.6,20.9,33.1,341,343,43.2,26.6,26.5,23.4,20.6,0.054,0.064,0.108,0.218,0,241.64,20.0,9.0,11.0,94.4,20.0,68.3,0.0,0.0,0.0,0.0,0.0,0.0
38.69947,-8.46048,81.0,2001-08-04T21:00,21.3,49,10.3,18.6,0.0,0.0,0.0,0.0,0,1021.5,1012.0,0,0,0,0,0.12,1.28,18.7,31.4,344,347,39.6,24.4,26.4,23.4,20.6,0.054,0.064,0.108,0.218,0,0.0,0.0,0.0,0.0,0.0,0.0,0.0,0.0,0.0,0.0,0.0,0.0,0.0
38.69947,-8.46048,81.0,2001-08-04T22:00,20.0,57,11.1,17.8,0.0,0.0,0.0,0.0,0,1022.2,1012.6,0,0,0,0,0.09,1.01,17.0,28.9,347,350,34.6,22.8,26.3,23.4,20.6,0.054,0.064,0.108,0.218,0,0.0,0.0,0.0,0.0,0.0,0.0,0.0,0.0,0.0,0.0,0.0,0.0,0.0
38.69947,-8.46048,81.0,2001-08-04T23:00,19.0,64,11.9,17.3,0.0,0.0,0.0,0.0,0,1022.1,1012.5,0,0,0,0,0.07,0.8,15.7,28.4,349,351,32.0,21.5,26.1,23.4,20.6,0.054,0.064,0.108,0.218,0,0.0,0.0,0.0,0.0,0.0,0.0,0.0,0.0,0.0,0.0,0.0,0.0,0.0
38.69947,-8.46048,81.0,2001-08-05T00:00,18.1,70,12.5,16.7,0.0,0.0,0.0,0.0,0,1022.2,1012.5,0,0,0,0,0.05,0.63,15.3,27.9,352,353,29.9,20.5,25.9,23.4,20.6,0.054,0.064,0.108,0.218,0,0.0,0.0,0.0,0.0,0.0,0.0,0.0,0.0,0.0,0.0,0.0,0.0,0.0
38.69947,-8.46048,81.0,2001-08-05T01:00,17.5,74,12.8,16.3,0.0,0.0,0.0,0.0,0,1021.9,1012.2,0,0,0,0,0.04,0.53,14.5,27.5,353,355,28.4,19.7,25.7,23.4,20.6,0.054,0.064,0.108,0.218,0,0.0,0.0,0.0,0.0,0.0,0.0,0.0,0.0,0.0,0.0,0.0,0.0,0.0
38.69947,-8.46048,81.0,2001-08-05T02:00,17.0,77,12.9,15.8,0.0,0.0,0.0,0.0,0,1021.5,1011.8,0,0,0,0,0.03,0.45,14.5,27.8,354,356,27.0,19.0,25.5,23.4,20.6,0.054,0.064,0.108,0.218,0,0.0,0.0,0.0,0.0,0.0,0.0,0.0,0.0,0.0,0.0,0.0,0.0,0.0
38.69947,-8.46048,81.0,2001-08-05T03:00,16.6,79,13.0,15.4,0.0,0.0,0.0,0.0,0,1021.6,1011.9,0,0,0,0,0.02,0.39,14.4,27.8,356,357,25.6,18.4,25.3,23.4,20.6,0.054,0.064,0.108,0.218,0,0.0,0.0,0.0,0.0,0.0,0.0,0.0,0.0,0.0,0.0,0.0,0.0,0.0
38.69947,-8.46048,81.0,2001-08-05T04:00,16.3,81,13.0,15.1,0.0,0.0,0.0,0.0,0,1021.6,1011.9,0,0,0,0,0.02,0.35,14.4,27.7,357,359,24.8,17.9,25.0,23.4,20.6,0.054,0.064,0.108,0.218,0,0.0,0.0,0.0,0.0,0.0,0.0,0.0,0.0,0.0,0.0,0.0,0.0,0.0
38.69947,-8.46048,81.0,2001-08-05T05:00,16.0,83,13.0,14.9,0.0,0.0,0.0,0.0,0,1021.5,1011.8,0,0,0,0,0.02,0.32,13.7,27.0,360,1,23.8,17.5,24.8,23.4,20.6,0.054,0.064,0.108,0.218,0,0.0,0.0,0.0,0.0,0.0,0.0,0.0,0.0,0.0,0.0,0.0,0.0,0.0
38.69947,-8.46048,81.0,2001-08-05T06:00,15.7,84,13.0,14.8,0.0,0.0,0.0,0.0,0,1021.8,1012.1,0,0,0,0,0.03,0.29,13.0,26.3,360,1,22.3,17.2,24.6,23.4,20.6,0.054,0.064,0.108,0.217,1,0.0,3.0,1.0,2.0,15.9,3.0,25.6,8.3,2.8,5.5,31.8,2.5,70.8
38.69947,-8.46048,81.0,2001-08-05T07:00,17.8,71,12.5,16.5,0.0,0.0,0.0,0.0,0,1021.9,1012.2,0,0,0,0,0.08,0.59,13.7,25.2,360,2,25.6,18.2,24.4,23.4,20.6,0.054,0.064,0.108,0.217,1,3235.44,101.0,63.0,38.0,393.4,101.0,199.8,166.5,103.9,62.7,419.2,156.3,329.4
38.69947,-8.46048,81.0,2001-08-05T08:00,20.3,60,12.3,18.8,0.0,0.0,0.0,0.0,0,1022.4,1012.8,0,0,0,0,0.2,0.95,14.8,21.3,3,4,30.6,20.8,24.3,23.4,20.6,0.054,0.064,0.108,0.217,1,3600.0,289.0,219.0,70.0,637.0,289.0,456.9,368.2,279.0,89.2,637.0,368.2,582.1
38.69947,-8.46048,81.0,2001-08-05T09:00,23.3,49,12.0,21.7,0.0,0.0,0.0,0.0,0,1022.4,1012.9,0,0,0,0,0.35,1.46,14.8,20.3,6,6,32.8,24.1,24.2,23.4,20.6,0.054,0.064,0.108,0.217,1,3600.0,490.0,402.0,88.0,763.9,490.0,699.5,568.6,466.5,102.1,763.9,568.6,811.7
38.69947,-8.46048,81.0,2001-08-05T10:00,26.3,39,11.3,25.4,0.0,0.0,0.0,0.0,0,1022.6,1013.2,0,0,0,0,0.5,2.08,13.8,18.6,9,10,33.1,27.7,24.3,23.4,20.6,0.054,0.064,0.108,0.217,1,3600.0,674.0,573.0,101.0,836.1,674.0,910.9,741.8,630.6,111.2,836.1,741.8,1002.5
38.69947,-8.46048,81.0,2001-08-05T11:00,29.0,31,10.2,28.6,0.0,0.0,0.0,0.0,0,1022.2,1012.9,0,0,0,0,0.64,2.76,13.4,17.0,5,6,33.5,31.2,24.5,23.4,20.6,0.054,0.064,0.107,0.217,1,3600.0,820.0,711.0,109.0,877.7,820.0,1076.7,869.3,753.8,115.6,877.7,869.3,1141.5
38.69947,-8.46048,81.0,2001-08-05T12:00,31.2,25,8.6,31.0,0.0,0.0,0.0,0.0,0,1021.9,1012.7,0,0,0,0,0.73,3.43,12.6,16.2,358,1,33.8,34.3,24.8,23.4,20.6,0.053,0.064,0.107,0.217,1,3600.0,918.0,804.0,114.0,901.4,918.0,1185.6,943.9,826.7,117.2,901.4,943.9,1219.1
38.69947,-8.46048,81.0,2001-08-05T13:00,32.8,21,7.4,32.5,0.0,0.0,0.0,0.0,0,1021.3,1012.1,0,0,0,0,0.79,3.95,13.0,16.6,354,356,34.6,36.6,25.1,23.4,20.6,0.053,0.064,0.107,0.217,1,3600.0,957.0,842.0,115.0,909.8,957.0,1230.2,956.9,841.9,115.0,909.8,956.9,1230.1
38.69947,-8.46048,81.0,2001-08-05T14:00,34.0,19,7.0,33.3,0.0,0.0,0.0,0.0,0,1020.9,1011.8,0,0,0,0,0.8,4.32,13.9,17.4,350,353,34.9,38.2,25.4,23.4,20.6,0.053,0.064,0.107,0.217,1,3600.0,935.0,821.0,114.0,903.9,935.0,1207.4,908.9,798.1,110.8,903.9,908.9,1173.7
38.69947,-8.46048,81.0,2001-08-05T15:00,34.7,18,7.1,33.3,0.0,0.0,0.0,0.0,0,1020.5,1011.4,0,0,0,0,0.76,4.51,15.2,19.5,346,348,36.0,38.9,25.8,23.4,20.6,0.053,0.064,0.107,0.217,1,3600.0,853.0,744.0,109.0,884.1,853.0,1118.6,803.5,700.8,102.7,884.1,803.5,1053.7
38.69947,-8.46048,81.0,2001-08-05T16:00,34.8,19,7.7,32.6,0.0,0.0,0.0,0.0,0,1020.1,1011.0,0,0,0,0,0.69,4.51,17.1,22.5,342,344,37.4,38.6,26.1,23.4,20.6,0.052,0.064,0.107,0.217,1,3600.0,720.0,618.0,102.0,846.8,720.0,970.1,651.9,559.5,92.3,846.8,651.9,878.3
38.69947,-8.46048,81.0,2001-08-05T17:00,34.3,21,8.8,31.0,0.0,0.0,0.0,0.0,0,1020.0,1010.9,0,0,0,0,0.59,4.27,20.0,26.7,337,339,40.0,37.5,26.4,23.4,20.6,0.052,0.064,0.107,0.217,1,3600.0,547.0,456.0,91.0,785.4,547.0,771.8,467.3,389.6,77.7,785.4,467.3,659.4
38.69947,-8.46048,81.0,2001-08-05T18:00,32.6,26,10.6,29.5,0.0,0.0,0.0,0.0,0,1020.3,1011.1,0,0,0,0,0.46,3.65,22.2,31.4,333,335,43.2,35.5,26.6,23.4,20.6,0.052,0.064,0.107,0.217,1,3600.0,350.0,276.0,74.0,682.9,350.0,537.3,268.3,211.6,56.7,682.9,268.3,411.9
38.69947,-8.46048,81.0,2001-08-05T19:00,28.8,36,12.3,26.3,0.0,0.0,0.0,0.0,0,1020.7,1011.4,0,0,0,0,0.29,2.52,21.9,33.4,335,336,44.6,32.3,26.7,23.4,20.6,0.052,0.064,0.107,0.217,1,3600.0,155.0,106.0,49.0,498.8,155.0,282.5,83.8,57.3,26.5,498.8,83.8,152.7
38.69947,-8.46048,81.0,2001-08-05T20:00,26.0,45,13.2,23.8,0.0,0.0,0.0,0.0,0,1021.0,1011.6,0,0,0,0,0.19,1.84,21.6,34.5,342,344,41.8,29.1,26.8,23.4,20.6,0.052,0.064,0.107,0.217,0,165.1,18.0,8.0,10.0,85.4,18.0,66.2,0.0,0.0,0.0,0.0,0.0,0.0
38.69947,-8.46048,81.0,2001-08-05T21:00,24.1,53,14.0,22.5,0.0,0.0,0.0,0.0,0,1021.9,1012.4,0,0,0,0,0.13,1.4,19.5,32.4,348,351,40.0,26.8,26.7,23.5,20.6,0.052,0.064,0.107,0.217,0,0.0,0.0,0.0,0.0,0.0,0.0,0.0,0.0,0.0,0.0,0.0,0.0,0.0
38.69947,-8.46048,81.0,2001-08-05T22:00,22.9,60,14.6,21.8,0.0,0.0,0.0,0.0,0,1022.4,1012.9,0,0,0,0,0.09,1.13,17.5,30.4,352,355,36.4,25.2,26.6,23.5,20.6,0.052,0.064,0.107,0.217,0,0.0,0.0,0.0,0.0,0.0,0.0,0.0,0.0,0.0,0.0,0.0,0.0,0.0
38.69947,-8.46048,81.0,2001-08-05T23:00,22.0,65,15.0,21.3,0.0,0.0,0.0,0.0,0,1022.1,1012.6,0,0,0,0,0.07,0.93,15.9,28.5,354,356,32.0,23.9,26.5,23.5,20.6,0.052,0.064,0.107,0.217,0,0.0,0.0,0.0,0.0,0.0,0.0,0.0,0.0,0.0,0.0,0.0,0.0,0.0
38.69947,-8.46048,81.0,2001-08-06T00:00,21.2,69,15.4,20.8,0.0,0.0,0.0,0.0,0,1022.1,1012.5,0,0,0,0,0.05,0.77,14.8,27.7,354,358,28.4,22.9,26.4,23.5,20.6,0.052,0.064,0.107,0.217,0,0.0,0.0,0.0,0.0,0.0,0.0,0.0,0.0,0.0,0.0,0.0,0.0,0.0
38.69947,-8.46048,81.0,2001-08-06T01:00,20.5,74,15.7,20.2,0.0,0.0,0.0,0.0,0,1022.1,1012.5,0,0,0,0,0.04,0.63,14.8,27.7,356,359,25.9,22.1,26.2,23.5,20.6,0.052,0.064,0.107,0.217,0,0.0,0.0,0.0,0.0,0.0,0.0,0.0,0.0,0.0,0.0,0.0,0.0,0.0
38.69947,-8.46048,81.0,2001-08-06T02:00,19.9,78,15.9,19.8,0.0,0.0,0.0,0.0,0,1021.6,1012.0,0,0,0,0,0.03,0.51,14.4,27.4,359,1,24.8,21.3,26.1,23.5,20.6,0.052,0.064,0.107,0.217,0,0.0,0.0,0.0,0.0,0.0,0.0,0.0,0.0,0.0,0.0,0.0,0.0,0.0
38.69947,-8.46048,81.0,2001-08-06T03:00,19.4,81,16.1,19.4,0.0,0.0,0.0,0.0,0,1021.6,1012.0,0,0,0,0,0.02,0.42,14.0,26.7,1,4,23.8,20.7,25.9,23.5,20.6,0.052,0.064,0.107,0.217,0,0.0,0.0,0.0,0.0,0.0,0.0,0.0,0.0,0.0,0.0,0.0,0.0,0.0
38.69947,-8.46048,81.0,2001-08-06T04:00,19.0,84,16.3,19.3,0.0,0.0,0.0,0.0,0,1021.5,1011.9,0,0,0,0,0.01,0.35,13.0,25.7,5,6,23.0,20.2,25.7,23.5,20.6,0.052,0.064,0.107,0.217,0,0.0,0.0,0.0,0.0,0.0,0.0,0.0,0.0,0.0,0.0,0.0,0.0,0.0
38.69947,-8.46048,81.0,2001-08-06T05:00,18.7,86,16.4,19.1,0.0,0.0,0.0,0.0,0,1021.6,1012.0,0,0,0,0,0.01,0.29,12.4,25.2,8,9,22.3,19.8,25.5,23.5,20.6,0.052,0.064,0.107,0.217,0,0.0,0.0,0.0,0.0,0.0,0.0,0.0,0.0,0.0,0.0,0.0,0.0,0.0
38.69947,-8.46048,81.0,2001-08-06T06:00,18.4,88,16.4,18.9,0.0,0.0,0.0,0.0,0,1021.6,1012.0,0,0,0,0,0.03,0.25,12.1,24.7,12,13,21.2,19.5,25.3,23.5,20.6,0.052,0.064,0.107,0.217,1,0.0,3.0,1.0,2.0,16.2,3.0,23.8,8.5,2.8,5.6,32.4,2.5,67.2
38.69947,-8.46048,81.0,2001-08-06T07:00,20.5,78,16.5,20.9,0.0,0.0,0.0,0.0,0,1021.8,1012.2,0,0,0,0,0.07,0.53,12.6,23.2,13,16,23.8,20.5,25.2,23.5,20.6,0.052,0.064,0.107,0.217,1,3185.95,94.0,56.0,38.0,352.3,94.0,196.4,156.1,93.0,63.1,379.0,145.1,326.3
38.69947,-8.46048,81.0,2001-08-06T08:00,23.4,65,16.3,23.7,0.0,0.0,0.0,0.0,0,1022.1,1012.6,0,0,0,0,0.2,1.02,12.7,18.4,15,17,27.0,23.3,25.1,23.5,20.6,0.052,0.064,0.107,0.217,1,3600.0,279.0,209.0,70.0,612.0,279.0,454.0,356.1,266.7,89.3,612.0,356.1,579.4
38.69947,-8.46048,81.0,2001-08-06T09:00,26.6,51,15.7,26.7,0.0,0.0,0.0,0.0,0,1021.9,1012.5,0,0,0,0,0.36,1.69,12.7,17.0,15,17,28.8,26.8,25.1,23.5,20.6,0.052,0.064,0.107,0.217,1,3600.0,478.0,390.0,88.0,744.0,478.0,697.0,555.1,452.9,102.2,744.0,555.1,809.4
38.69947,-8.46048,81.0,2001-08-06T10:00,29.6,41,14.8,30.1,0.0,0.0,0.0,0.0,0,1021.7,1012.4,0,0,0,0,0.52,2.47,11.8,15.3,12,15,30.2,30.5,25.2,23.5,20.6,0.052,0.064,0.107,0.217,1,3600.0,660.0,560.0,100.0,819.4,660.0,908.7,726.6,616.5,110.1,819.4,726.6,1000.4
38.69947,-8.46048,81.0,2001-08-06T11:00,32.3,33,13.9,33.3,0.0,0.0,0.0,0.0,0,1021.3,1012.1,0,0,0,0,0.65,3.24,11.5,14.9,4,7,31.3,34.1,25.5,23.5,20.6,0.052,0.064,0.107,0.217,1,3600.0,806.0,697.0,109.0,862.3,806.0,1074.7,854.6,739.0,115.6,862.3,854.6,1139.5
38.69947,-8.46048,81.0,2001-08-06T12:00,34.5,27,12.6,35.4,0.0,0.0,0.0,0.0,0,1021.0,1011.9,0,0,0,0,0.76,4.0,12.3,15.5,357,360,32.0,37.2,25.8,23.5,20.7,0.052,0.064,0.107,0.217,1,3600.0,904.0,791.0,113.0,888.5,904.0,1183.7,929.5,813.4,116.2,888.5,929.5,1217.1
38.69947,-8.46048,81.0,2001-08-06T13:00,36.1,22,11.4,36.8,0.0,0.0,0.0,0.0,0,1020.2,1011.1,0,0,0,0,0.82,4.63,13.1,17.0,352,354,32.8,39.5,26.1,23.5,20.7,0.051,0.064,0.107,0.217,1,3600.0,945.0,830.0,115.0,898.5,945.0,1228.2,944.9,829.9,115.0,898.5,944.9,1228.0
38.69947,-8.46048,81.0,2001-08-06T14:00,37.3,20,10.5,37.4,0.0,0.0,0.0,0.0,0,1019.6,1010.6,0,0,0,0,0.84,5.11,14.3,18.6,348,351,32.8,41.1,26.5,23.5,20.7,0.051,0.064,0.107,0.217,1,3600.0,925.0,812.0,113.0,895.9,925.0,1205.2,899.1,789.2,109.8,895.9,899.1,1171.4
38.69947,-8.46048,81.0,2001-08-06T15:00,38.0,19,10.1,37.3,0.0,0.0,0.0,0.0,0,1019.0,1010.0,0,0,0,0,0.8,5.39,15.5,19.8,347,348,33.1,41.9,26.9,23.5,20.7,0.051,0.064,0.107,0.217,1,3600.0,846.0,737.0,109.0,877.9,846.0,1116.2,796.6,694.0,102.6,877.9,796.6,1051.0
38.69947,-8.46048,81.0,2001-08-06T16:00,38.2,19,10.3,36.5,0.0,0.0,0.0,0.0,0,1018.3,1009.3,0,0,0,0,0.73,5.43,17.4,22.7,342,345,34.9,41.7,27.2,23.5,20.7,0.051,0.064,0.107,0.217,1,3600.0,714.0,613.0,101.0,842.7,714.0,967.3,646.1,554.7,91.4,842.7,646.1,875.2
38.69947,-8.46048,81.0,2001-08-06T17:00,37.4,21,11.5,34.9,0.0,0.0,0.0,0.0,0,1018.1,1009.1,0,0,0,0,0.63,5.06,20.0,27.5,337,338,40.0,40.5,27.6,23.5,20.7,0.051,0.064,0.107,0.217,1,3600.0,542.0,452.0,90.0,782.0,542.0,768.5,462.6,385.7,76.8,782.0,462.6,655.9
38.69947,-8.46048,81.0,2001-08-06T18:00,35.2,27,13.2,32.9,0.0,0.0,0.0,0.0,0,1018.3,1009.2,0,0,0,0,0.48,4.16,22.2,31.6,333,334,44.6,38.1,27.8,23.5,20.7,0.051,0.064,0.107,0.217,1,3600.0,346.0,272.0,74.0,677.9,346.0,533.5,264.6,208.0,56.6,677.9,264.6,408.0
38.69947,-8.46048,81.0,2001-08-06T19:00,32.1,32,13.5,30.1,0.0,0.0,0.0,0.0,0,1018.3,1009.1,0,0,0,0,0.32,3.23,21.1,32.1,335,337,43.2,34.9,27.9,23.5,20.7,0.051,0.064,0.107,0.217,1,3600.0,152.0,104.0,48.0,496.9,152.0,278.3,81.0,55.4,25.6,496.9,81.0,148.3
38.69947,-8.46048,81.0,2001-08-06T20:00,29.2,36,12.8,27.2,0.0,0.0,0.0,0.0,0,1018.7,1009.4,0,0,0,0,0.22,2.58,20.2,32.2,341,344,39.6,31.8,28.0,23.6,20.7,0.051,0.064,0.107,0.217,0,160.94,17.0,8.0,9.0,87.0,17.0,64.0,0.0,0.0,0.0,0.0,0.0,0.0
38.69947,-8.46048,81.0,2001-08-06T21:00,27.1,40,12.4,25.1,0.0,0.0,0.0,0.0,0,1019.5,1010.2,0,0,0,0,0.17,2.14,18.9,31.9,347,349,37.8,29.3,28.0,23.6,20.7,0.051,0.064,0.107,0.217,0,0.0,0.0,0.0,0.0,0.0,0.0,0.0,0.0,0.0,0.0,0.0,0.0,0.0
38.69947,-8.46048,81.0,2001-08-06T22:00,25.4,44,12.2,23.5,0.0,0.0,0.0,0.0,0,1019.9,1010.5,0,0,0,0,0.15,1.82,17.6,31.0,349,351,34.6,27.5,27.9,23.6,20.7,0.051,0.064,0.107,0.217,0,0.0,0.0,0.0,0.0,0.0,0.0,0.0,0.0,0.0,0.0,0.0,0.0,0.0
38.69947,-8.46048,81.0,2001-08-06T23:00,24.0,47,12.2,22.2,0.0,0.0,0.0,0.0,0,1019.8,1010.4,0,0,0,0,0.13,1.57,17.1,30.4,352,354,32.4,25.9,27.8,23.6,20.7,0.051,0.064,0.107,0.217,0,0.0,0.0,0.0,0.0,0.0,0.0,0.0,0.0,0.0,0.0,0.0,0.0,0.0
38.69947,-8.46048,81.0,2001-08-07T00:00,23.0,51,12.4,21.4,0.0,0.0,0.0,0.0,0,1019.9,1010.4,0,0,0,0,0.11,1.37,15.9,29.6,354,356,30.2,24.7,27.7,23.6,20.7,0.051,0.064,0.107,0.217,0,0.0,0.0,0.0,0.0,0.0,0.0,0.0,0.0,0.0,0.0,0.0,0.0,0.0
38.69947,-8.46048,81.0,2001-08-07T01:00,22.2,55,12.7,20.9,0.0,0.0,0.0,0.0,0,1019.5,1010.0,0,0,0,0,0.09,1.21,14.8,28.4,356,359,28.4,23.7,27.5,23.6,20.7,0.051,0.064,0.107,0.217,0,0.0,0.0,0.0,0.0,0.0,0.0,0.0,0.0,0.0,0.0,0.0,0.0,0.0
38.69947,-8.46048,81.0,2001-08-07T02:00,21.6,58,13.1,20.5,0.0,0.0,0.0,0.0,0,1019.1,1009.6,0,0,0,0,0.07,1.07,13.7,27.4,357,359,25.6,22.9,27.3,23.6,20.7,0.051,0.064,0.107,0.217,0,0.0,0.0,0.0,0.0,0.0,0.0,0.0,0.0,0.0,0.0,0.0,0.0,0.0
38.69947,-8.46048,81.0,2001-08-07T03:00,21.0,62,13.4,20.2,0.0,0.0,0.0,0.0,0,1019.0,1009.5,0,0,0,0,0.06,0.94,13.0,25.9,357,360,23.4,22.1,27.1,23.6,20.7,0.051,0.064,0.107,0.217,0,0.0,0.0,0.0,0.0,0.0,0.0,0.0,0.0,0.0,0.0,0.0,0.0,0.0
38.69947,-8.46048,81.0,2001-08-07T04:00,20.3,66,13.9,19.8,0.0,0.0,0.0,0.0,0,1018.9,1009.3,0,0,0,0,0.05,0.8,12.3,25.6,357,359,22.3,21.5,26.9,23.6,20.7,0.051,0.064,0.107,0.217,0,0.0,0.0,0.0,0.0,0.0,0.0,0.0,0.0,0.0,0.0,0.0,0.0,0.0
38.69947,-8.46048,81.0,2001-08-07T05:00,19.7,71,14.4,19.4,0.0,0.0,0.0,0.0,0,1018.8,1009.2,0,0,0,0,0.04,0.65,11.9,24.9,357,358,22.7,20.9,26.7,23.6,20.7,0.051,0.064,0.107,0.217,0,0.0,0.0,0.0,0.0,0.0,0.0,0.0,0.0,0.0,0.0,0.0,0.0,0.0
38.69947,-8.46048,81.0,2001-08-07T06:00,19.2,76,14.8,19.0,0.0,0.0,0.0,0.0,0,1018.9,1009.3,0,0,0,0,0.05,0.54,11.9,24.5,357,358,22.7,20.4,26.5,23.6,20.7,0.051,0.064,0.107,0.217,1,0.0,2.0,1.0,1.0,16.6,2.0,22.0,5.8,2.9,2.9,33.2,1.6,63.6
38.69947,-8.46048,81.0,2001-08-07T07:00,20.5,70,14.8,20.2,0.0,0.0,0.0,0.0,0,1019.0,1009.5,0,0,0,0,0.09,0.73,13.0,23.8,355,357,23.8,21.1,26.3,23.6,20.7,0.051,0.064,0.107,0.217,1,3136.17,96.0,60.0,36.0,380.4,96.0,193.1,160.7,100.4,60.3,413.3,147.9,323.2
38.69947,-8.46048,81.0,2001-08-07T08:00,22.8,62,15.1,22.4,0.0,0.0,0.0,0.0,0,1019.1,1009.6,0,0,0,0,0.21,1.07,14.4,20.6,356,356,29.5,23.6,26.2,23.6,20.7,0.051,0.064,0.107,0.217,1,3600.0,282.0,214.0,68.0,630.9,282.0,451.1,360.5,273.6,86.9,630.9,360.5,576.7
38.69947,-8.46048,81.0,2001-08-07T09:00,25.8,51,15.0,25.3,0.0,0.0,0.0,0.0,0,1019.2,1009.8,0,0,0,0,0.36,1.62,14.9,20.2,353,355,32.4,26.8,26.2,23.6,20.7,0.051,0.064,0.107,0.217,1,3600.0,482.0,396.0,86.0,758.4,482.0,694.4,560.1,460.2,99.9,758.4,560.1,807.0
38.69947,-8.46048,81.0,2001-08-07T10:00,28.8,42,14.5,28.8,0.0,0.0,0.0,0.0,0,1019.0,1009.7,0,0,0,0,0.52,2.31,14.7,19.7,349,351,34.6,30.3,26.3,23.6,20.7,0.051,0.064,0.107,0.217,1,3600.0,667.0,572.0,95.0,839.3,667.0,906.4,734.6,630.0,104.6,839.3,734.6,998.3
38.69947,-8.46048,81.0,2001-08-07T11:00,31.5,34,13.8,31.8,0.0,0.0,0.0,0.0,0,1018.5,1009.3,0,0,0,0,0.67,3.04,15.4,20.1,344,345,36.7,33.6,26.5,23.7,20.7,0.051,0.064,0.106,0.217,1,3600.0,813.0,710.0,103.0,880.4,813.0,1072.6,862.2,752.9,109.2,880.4,862.2,1137.5
38.69947,-8.46048,81.0,2001-08-07T12:00,33.4,28,12.6,33.6,0.0,0.0,0.0,0.0,0,1018.3,1009.2,0,0,0,0,0.78,3.67,17.0,22.2,339,340,40.3,36.4,26.7,23.7,20.7,0.051,0.064,0.106,0.217,1,3600.0,909.0,801.0,108.0,901.6,909.0,1181.7,934.7,823.7,111.1,901.6,934.7,1215.1
38.69947,-8.46048,81.0,2001-08-07T13:00,34.5,25,11.9,34.3,0.0,0.0,0.0,0.0,0,1017.9,1008.8,0,0,0,0,0.84,4.07,19.0,24.5,333,334,42.5,38.3,27.0,23.7,20.7,0.051,0.064,0.106,0.217,1,3600.0,947.0,836.0,111.0,906.8,947.0,1226.1,946.8,835.8,111.0,906.8,946.8,1225.8
38.69947,-8.46048,81.0,2001-08-07T14:00,34.9,24,11.5,34.1,0.0,0.0,0.0,0.0,0,1017.5,1008.4,0,0,0,0,0.85,4.22,20.8,27.1,330,331,44.3,39.3,27.3,23.7,20.7,0.051,0.064,0.106,0.216,1,3600.0,925.0,813.0,112.0,898.9,925.0,1202.9,898.9,790.1,108.8,898.9,898.9,1169.0
38.69947,-8.46048,81.0,2001-08-07T15:00,34.8,24,11.5,33.5,0.0,0.0,0.0,0.0,0,1017.3,1008.2,0,0,0,0,0.79,4.19,21.6,28.8,330,331,45.7,39.4,27.6,23.7,20.7,0.051,0.064,0.106,0.216,1,3600.0,844.0,736.0,108.0,879.0,844.0,1113.6,794.5,692.8,101.7,879.0,794.5,1048.3
38.69947,-8.46048,81.0,2001-08-07T16:00,33.8,27,12.4,31.9,0.0,0.0,0.0,0.0,0,1016.8,1007.7,0,0,0,0,0.7,3.81,23.4,31.2,331,333,48.2,38.5,27.8,23.7,20.7,0.051,0.064,0.106,0.216,1,3600.0,713.0,612.0,101.0,844.1,713.0,964.3,644.8,553.5,91.3,844.1,644.8,872.1
38.69947,-8.46048,81.0,2001-08-07T17:00,32.0,33,13.9,29.7,0.0,0.0,0.0,0.0,0,1016.8,1007.6,0,0,0,0,0.56,3.16,24.5,33.5,334,335,49.7,36.7,28.0,23.7,20.7,0.051,0.064,0.106,0.216,1,3600.0,542.0,454.0,88.0,789.2,542.0,765.2,462.0,387.0,75.0,789.2,462.0,652.3
38.69947,-8.46048,81.0,2001-08-07T18:00,29.8,40,14.8,28.0,0.0,0.0,0.0,0.0,0,1017.2,1008.0,0,0,0,0,0.39,2.51,23.2,32.8,336,337,49.3,34.2,28.1,23.7,20.7,0.051,0.064,0.106,0.216,1,3600.0,344.0,270.0,74.0,678.0,344.0,529.7,262.3,205.9,56.4,678.0,262.3,403.9
38.69947,-8.46048,81.0,2001-08-07T19:00,27.5,46,14.7,26.1,0.0,0.0,0.0,0.0,0,1017.0,1007.7,0,0,0,0,0.23,1.99,20.0,29.1,337,338,45.0,31.4,28.1,23.7,20.7,0.051,0.064,0.106,0.216,1,3600.0,150.0,101.0,49.0,490.4,150.0,274.0,78.7,53.0,25.7,490.4,78.7,143.7
38.69947,-8.46048,81.0,2001-08-07T20:00,25.2,54,15.1,24.0,0.0,0.0,0.0,0.0,0,1017.4,1008.0,0,0,0,0,0.15,1.49,19.5,30.4,337,339,38.2,28.6,28.1,23.7,20.7,0.051,0.064,0.106,0.216,0,95.21,16.0,7.0,9.0,77.5,16.0,61.7,0.0,0.0,0.0,0.0,0.0,0.0
38.69947,-8.46048,81.0,2001-08-07T21:00,23.1,62,15.3,21.9,0.0,0.0,0.0,0.0,0,1018.3,1008.8,0,0,0,0,0.1,1.08,19.9,30.2,343,345,38.5,26.3,28.0,23.7,20.7,0.05,0.064,0.106,0.216,0,0.0,0.0,0.0,0.0,0.0,0.0,0.0,0.0,0.0,0.0,0.0,0.0,0.0
38.69947,-8.46048,81.0,2001-08-07T22:00,21.4,70,15.6,20.9,0.0,0.0,0.0,0.0,0,1018.8,1009.3,0,0,0,0,0.06,0.78,16.7,27.2,346,349,37.1,24.6,27.9,23.7,20.7,0.05,0.064,0.106,0.216,0,0.0,0.0,0.0,0.0,0.0,0.0,0.0,0.0,0.0,0.0,0.0,0.0,0.0
38.69947,-8.46048,81.0,2001-08-07T23:00,20.2,76,15.9,20.0,0.0,0.0,0.0,0.0,0,1018.4,1008.8,0,0,0,0,0.04,0.56,15.5,26.6,348,351,31.7,23.1,27.7,23.8,20.7,0.05,0.064,0.106,0.216,0,0.0,0.0,0.0,0.0,0.0,0.0,0.0,0.0,0.0,0.0,0.0,0.0,0.0
38.69947,-8.46048,81.0,2001-08-08T00:00,19.4,81,16.1,19.4,0.0,0.0,0.0,0.0,0,1018.7,1009.1,0,0,0,0,0.02,0.42,14.7,25.9,349,351,29.2,22.0,27.5,23.8,20.7,0.05,0.064,0.106,0.216,0,0.0,0.0,0.0,0.0,0.0,0.0,0.0,0.0,0.0,0.0,0.0,0.0,0.0
38.69947,-8.46048,81.0,2001-08-08T01:00,18.8,86,16.4,18.9,0.0,0.0,0.0,0.0,0,1018.2,1008.6,1,1,0,0,0.01,0.3,14.3,25.5,348,351,27.7,21.1,27.3,23.8,20.7,0.05,0.064,0.106,0.216,0,0.0,0.0,0.0,0.0,0.0,0.0,0.0,0.0,0.0,0.0,0.0,0.0,0.0
38.69947,-8.46048,81.0,2001-08-08T02:00,18.3,90,16.6,18.5,0.0,0.0,0.0,0.0,0,1017.8,1008.2,5,6,0,0,0.01,0.22,14.8,26.3,347,350,25.9,20.4,27.0,23.8,20.7,0.05,0.064,0.106,0.216,0,0.0,0.0,0.0,0.0,0.0,0.0,0.0,0.0,0.0,0.0,0.0,0.0,0.0
38.69947,-8.46048,81.0,2001-08-08T03:00,18.0,93,16.8,18.3,0.0,0.0,0.0,0.0,1,1017.8,1008.2,30,33,0,0,0.0,0.15,14.3,25.5,348,351,25.2,19.9,26.8,23.8,20.7,0.05,0.064,0.106,0.216,0,0.0,0.0,0.0,0.0,0.0,0.0,0.0,0.0,0.0,0.0,0.0,0.0,0.0
38.69947,-8.46048,81.0,2001-08-08T04:00,17.8,95,17.0,18.4,0.0,0.0,0.0,0.0,1,1017.4,1007.8,44,49,0,0,0.0,0.11,13.1,24.0,351,352,24.1,19.6,26.6,23.8,20.7,0.05,0.064,0.106,0.216,0,0.0,0.0,0.0,0.0,0.0,0.0,0.0,0.0,0.0,0.0,0.0,0.0,0.0
38.69947,-8.46048,81.0,2001-08-08T05:00,17.8,96,17.2,18.5,0.0,0.0,0.0,0.0,3,1017.4,1007.8,90,100,0,0,0.0,0.08,12.8,22.3,349,351,23.0,19.5,26.3,23.8,20.7,0.05,0.064,0.106,0.216,0,0.0,0.0,0.0,0.0,0.0,0.0,0.0,0.0,0.0,0.0,0.0,0.0,0.0
38.69947,-8.46048,81.0,2001-08-08T06:00,18.1,96,17.4,18.8,0.0,0.0,0.0,0.0,2,1017.3,1007.7,79,88,0,0,0.02,0.08,13.3,21.3,347,349,22.3,19.5,26.1,23.8,20.7,0.05,0.064,0.106,0.216,1,0.0,1.0,0.0,1.0,0.0,1.0,20.2,3.0,0.0,3.0,0.0,0.8,60.0
38.69947,-8.46048,81.0,2001-08-08T07:00,19.2,88,17.2,19.5,0.0,0.0,0.0,0.0,2,1017.7,1008.1,65,72,0,0,0.05,0.26,14.8,21.0,346,347,28.4,20.0,25.9,23.8,20.8,0.05,0.064,0.106,0.216,1,0.0,55.0,9.0,46.0,57.5,55.0,189.7,92.8,15.2,77.6,63.1,84.5,320.0
38.69947,-8.46048,81.0,2001-08-08T08:00,20.9,77,16.7,21.1,0.0,0.0,0.0,0.0,2,1017.8,1008.3,64,71,0,0,0.14,0.57,15.2,20.3,346,347,31.0,22.0,25.8,23.8,20.8,0.05,0.064,0.106,0.216,1,3600.0,208.0,91.0,117.0,270.1,208.0,448.2,266.4,116.5,149.8,270.1,266.4,574.0
38.69947,-8.46048,81.0,2001-08-08T09:00,23.0,67,16.6,23.2,0.0,0.0,0.0,0.0,0,1017.9,1008.4,11,12,0,0,0.26,0.92,14.2,18.7,339,341,32.4,24.6,25.7,23.8,20.8,0.05,0.064,0.106,0.216,1,3600.0,389.0,235.0,154.0,451.9,389.0,691.9,452.4,273.3,179.1,451.9,452.4,804.6
38.69947,-8.46048,81.0,2001-08-08T10:00,25.2,58,16.3,25.5,0.0,0.0,0.0,0.0,0,1018.1,1008.7,0,0,0,0,0.42,1.36,15.0,19.9,339,340,34.6,27.9,25.8,23.8,20.8,0.05,0.064,0.106,0.216,1,3600.0,606.0,467.0,139.0,687.2,606.0,904.1,667.6,514.5,153.1,687.2,667.6,996.1
38.69947,-8.46048,81.0,2001-08-08T11:00,27.1,50,15.7,27.6,0.0,0.0,0.0,0.0,0,1017.2,1007.9,0,0,0,0,0.53,1.81,15.8,20.3,336,337,37.1,30.6,25.9,23.8,20.8,0.05,0.064,0.106,0.216,1,3600.0,722.0,581.0,141.0,722.1,722.0,1070.5,765.8,616.2,149.5,722.1,765.8,1135.4
38.69947,-8.46048,81.0,2001-08-08T12:00,28.7,43,15.0,29.6,0.0,0.0,0.0,0.0,0,1017.0,1007.7,0,0,0,0,0.63,2.23,15.3,19.5,333,335,37.4,33.0,26.0,23.8,20.8,0.05,0.064,0.106,0.216,1,3600.0,837.0,676.0,161.0,762.4,837.0,1179.6,860.7,695.2,165.6,762.4,860.7,1213.0
38.69947,-8.46048,81.0,2001-08-08T13:00,30.0,39,14.4,31.2,0.0,0.0,0.0,0.0,0,1016.3,1007.1,0,0,0,0,0.7,2.59,14.9,19.2,328,330,37.1,35.0,26.3,23.8,20.8,0.05,0.064,0.106,0.216,1,3600.0,910.0,785.0,125.0,853.3,910.0,1224.0,909.8,784.8,125.0,853.3,909.8,1223.6
38.69947,-8.46048,81.0,2001-08-08T14:00,30.8,36,14.0,31.5,0.0,0.0,0.0,0.0,0,1015.5,1006.3,0,0,0,0,0.71,2.83,16.2,20.9,323,324,37.4,36.4,26.5,23.8,20.8,0.05,0.064,0.106,0.216,1,3600.0,892.0,769.0,123.0,852.2,892.0,1200.6,866.7,747.2,119.5,852.2,866.7,1166.5
38.69947,-8.46048,81.0,2001-08-08T15:00,31.1,35,13.9,31.1,0.0,0.0,0.0,0.0,0,1015.5,1006.3,0,0,0,0,0.68,2.92,17.9,23.1,320,321,39.2,36.8,26.7,23.8,20.8,0.05,0.064,0.106,0.216,1,3600.0,820.0,708.0,112.0,847.9,820.0,1111.0,771.7,666.3,105.4,847.9,771.7,1045.5
38.69947,-8.46048,81.0,2001-08-08T16:00,30.7,36,13.9,29.8,0.0,0.0,0.0,0.0,0,1015.1,1005.9,0,0,0,0,0.6,2.83,19.7,25.6,320,322,41.4,36.3,27.0,23.8,20.8,0.05,0.064,0.106,0.216,1,3600.0,688.0,583.0,105.0,806.9,688.0,961.3,621.8,526.9,94.9,806.9,621.8,868.8
38.69947,-8.46048,81.0,2001-08-08T17:00,29.7,39,14.1,28.0,0.0,0.0,0.0,0.0,0,1014.9,1005.7,0,0,0,0,0.48,2.55,20.7,28.0,321,323,43.6,34.8,27.1,23.8,20.8,0.05,0.064,0.106,0.216,1,3600.0,517.0,423.0,94.0,738.9,517.0,761.7,440.2,360.2,80.0,738.9,440.2,648.6
38.69947,-8.46048,81.0,2001-08-08T18:00,28.1,43,14.3,26.4,0.0,0.0,0.0,0.0,0,1015.2,1005.9,0,0,0,0,0.35,2.18,21.1,29.0,323,325,43.9,32.7,27.3,23.8,20.8,0.05,0.064,0.106,0.216,1,3600.0,325.0,248.0,77.0,627.6,325.0,525.7,247.1,188.5,58.5,627.6,247.1,399.7
38.69947,-8.46048,81.0,2001-08-08T19:00,26.4,45,13.5,24.7,0.0,0.0,0.0,0.0,0,1015.3,1006.0,0,0,0,0,0.22,1.9,19.6,28.3,324,326,41.8,30.2,27.3,23.8,20.8,0.05,0.064,0.106,0.216,1,3600.0,139.0,90.0,49.0,444.3,139.0,269.5,71.7,46.4,25.3,444.3,71.7,139.1
38.69947,-8.46048,81.0,2001-08-08T20:00,24.6,51,13.9,23.3,0.0,0.0,0.0,0.0,0,1015.8,1006.4,0,0,0,0,0.14,1.51,17.7,27.2,327,328,37.4,27.7,27.3,23.8,20.8,0.05,0.064,0.106,0.216,0,0.0,13.0,5.0,8.0,56.5,13.0,59.4,0.0,0.0,0.0,0.0,0.0,0.0
38.69947,-8.46048,81.0,2001-08-08T21:00,23.0,58,14.2,21.9,0.0,0.0,0.0,0.0,0,1016.4,1007.0,0,0,0,0,0.1,1.19,17.1,26.1,332,334,34.2,25.8,27.2,23.8,20.8,0.05,0.064,0.106,0.216,0,0.0,0.0,0.0,0.0,0.0,0.0,0.0,0.0,0.0,0.0,0.0,0.0,0.0
38.69947,-8.46048,81.0,2001-08-08T22:00,21.8,63,14.4,21.1,0.0,0.0,0.0,0.0,0,1017.1,1007.6,0,0,0,0,0.07,0.96,14.5,23.2,330,332,32.0,24.4,27.1,23.9,20.8,0.05,0.064,0.106,0.216,0,0.0,0.0,0.0,0.0,0.0,0.0,0.0,0.0,0.0,0.0,0.0,0.0,0.0
38.69947,-8.46048,81.0,2001-08-08T23:00,20.7,67,14.5,20.1,0.0,0.0,0.0,0.0,0,1017.0,1007.5,6,7,0,0,0.05,0.8,14.0,22.2,331,333,27.0,23.2,26.9,23.9,20.8,0.05,0.064,0.106,0.216,0,0.0,0.0,0.0,0.0,0.0,0.0,0.0,0.0,0.0,0.0,0.0,0.0,0.0
38.69947,-8.46048,81.0,2001-08-09T00:00,19.9,71,14.4,19.4,0.0,0.0,0.0,0.0,0,1016.9,1007.4,9,10,0,0,0.04,0.68,13.4,21.7,333,336,24.8,22.1,26.8,23.9,20.8,0.05,0.064,0.106,0.216,0,0.0,0.0,0.0,0.0,0.0,0.0,0.0,0.0,0.0,0.0,0.0,0.0,0.0
38.69947,-8.46048,81.0,2001-08-09T01:00,19.2,73,14.2,18.7,0.0,0.0,0.0,0.0,0,1016.6,1007.0,14,15,0,0,0.04,0.6,12.6,20.9,333,336,23.0,21.3,26.6,23.9,20.8,0.05,0.064,0.106,0.216,0,0.0,0.0,0.0,0.0,0.0,0.0,0.0,0.0,0.0,0.0,0.0,0.0,0.0
38.69947,-8.46048,81.0,2001-08-09T02:00,18.7,73,13.8,18.2,0.0,0.0,0.0,0.0,0,1016.3,1006.7,13,14,0,0,0.03,0.58,11.8,20.6,329,333,21.2,20.6,26.4,23.9,20.8,0.05,0.064,0.106,0.216,0,0.0,0.0,0.0,0.0,0.0,0.0,0.0,0.0,0.0,0.0,0.0,0.0,0.0
38.69947,-8.46048,81.0,2001-08-09T03:00,18.2,74,13.4,17.6,0.0,0.0,0.0,0.0,0,1016.4,1006.8,15,17,0,0,0.03,0.55,11.2,20.1,327,331,19.1,20.0,26.2,23.9,20.8,0.05,0.064,0.106,0.216,0,0.0,0.0,0.0,0.0,0.0,0.0,0.0,0.0,0.0,0.0,0.0,0.0,0.0
38.69947,-8.46048,81.0,2001-08-09T04:00,17.8,74,13.0,17.2,0.0,0.0,0.0,0.0,0,1016.4,1006.8,14,15,0,0,0.03,0.53,10.7,20.0,327,332,17.3,19.5,26.0,23.9,20.8,0.05,0.064,0.106,0.216,0,0.0,0.0,0.0,0.0,0.0,0.0,0.0,0.0,0.0,0.0,0.0,0.0,0.0
38.69947,-8.46048,81.0,2001-08-09T05:00,17.4,73,12.5,16.7,0.0,0.0,0.0,0.0,0,1016.4,1006.8,9,10,0,0,0.03,0.54,10.3,20.3,331,335,16.9,19.0,25.8,23.9,20.8,0.05,0.064,0.106,0.216,0,0.0,0.0,0.0,0.0,0.0,0.0,0.0,0.0,0.0,0.0,0.0,0.0,0.0
38.69947,-8.46048,81.0,2001-08-09T06:00,17.2,72,12.1,16.4,0.0,0.0,0.0,0.0,0,1016.6,1007.0,5,6,0,0,0.05,0.56,10.0,20.1,334,339,16.6,18.6,25.5,23.9,20.8,0.05,0.064,0.106,0.216,1,0.0,2.0,0.0,2.0,0.0,2.0,18.4,6.1,0.0,6.1,0.0,1.5,56.3
38.69947,-8.46048,81.0,2001-08-09T07:00,18.7,69,13.0,18.0,0.0,0.0,0.0,0.0,0,1016.8,1007.2,0,0,0,0,0.07,0.66,11.0,19.0,337,341,21.2,19.5,25.4,23.9,20.8,0.05,0.064,0.106,0.216,1,3035.87,82.0,45.0,37.0,289.8,82.0,186.3,139.5,76.5,62.9,321.5,125.7,316.8
38.69947,-8.46048,81.0,2001-08-09T08:00,20.8,58,12.3,19.7,0.0,0.0,0.0,0.0,0,1016.8,1007.3,0,0,0,0,0.19,1.02,12.4,17.5,343,346,27.0,21.9,25.2,23.9,20.8,0.05,0.064,0.106,0.216,1,3600.0,260.0,187.0,73.0,559.0,260.0,445.2,333.6,239.9,93.7,559.0,333.6,571.2
38.69947,-8.46048,81.0,2001-08-09T09:00,23.3,50,12.3,22.1,0.0,0.0,0.0,0.0,0,1017.1,1007.7,0,0,0,0,0.32,1.43,13.3,17.6,347,349,29.5,25.0,25.2,23.9,20.8,0.05,0.064,0.106,0.216,1,3600.0,447.0,348.0,99.0,671.9,447.0,689.2,520.2,405.0,115.2,671.9,520.2,802.1
38.69947,-8.46048,81.0,2001-08-09T10:00,25.8,45,12.8,25.1,0.0,0.0,0.0,0.0,0,1017.2,1007.8,0,0,0,0,0.47,1.85,14.0,18.3,342,344,31.7,28.3,25.3,23.9,20.8,0.05,0.064,0.106,0.216,1,3600.0,635.0,530.0,105.0,782.1,635.0,901.8,699.8,584.1,115.7,782.1,699.8,993.8
38.69947,-8.46048,81.0,2001-08-09T11:00,28.0,40,13.1,28.2,0.0,0.0,0.0,0.0,0,1016.8,1007.5,0,0,0,0,0.59,2.27,14.1,18.4,347,349,33.1,31.4,25.4,23.9,20.8,0.05,0.064,0.106,0.216,1,3600.0,778.0,664.0,114.0,827.1,778.0,1068.3,825.3,704.4,120.9,827.1,825.3,1133.3
38.69947,-8.46048,81.0,2001-08-09T12:00,29.7,36,13.2,30.7,0.0,0.0,0.0,0.0,0,1016.5,1007.3,0,0,0,0,0.67,2.66,12.7,16.2,345,347,32.8,34.1,25.6,23.9,20.8,0.05,0.063,0.105,0.216,1,3600.0,874.0,755.0,119.0,853.3,874.0,1177.5,898.8,776.4,122.4,853.3,898.8,1210.9
38.69947,-8.46048,81.0,2001-08-09T13:00,31.0,34,13.1,32.3,0.0,0.0,0.0,0.0,0,1015.9,1006.7,0,0,0,0,0.71,2.99,11.6,14.6,338,340,31.0,36.4,25.9,23.9,20.8,0.05,0.063,0.105,0.216,1,3600.0,912.0,791.0,121.0,861.6,912.0,1221.8,911.7,790.7,121.0,861.6,911.7,1221.3
38.69947,-8.46048,81.0,2001-08-09T14:00,32.0,32,13.0,33.0,0.0,0.0,0.0,0.0,0,1015.5,1006.3,0,0,0,0,0.72,3.25,12.5,15.5,327,329,30.6,37.9,26.2,23.9,20.8,0.05,0.063,0.105,0.216,1,3600.0,892.0,773.0,119.0,858.6,892.0,1198.2,866.5,750.9,115.6,858.6,866.5,1164.0
38.69947,-8.46048,81.0,2001-08-09T15:00,32.5,31,13.1,32.7,0.0,0.0,0.0,0.0,0,1015.6,1006.5,0,0,0,0,0.69,3.38,14.9,18.9,323,325,34.2,38.4,26.5,23.9,20.8,0.05,0.063,0.105,0.216,1,3600.0,814.0,701.0,113.0,841.8,814.0,1108.3,765.8,659.5,106.3,841.8,765.8,1042.6
38.69947,-8.46048,81.0,2001-08-09T16:00,32.3,31,13.2,31.5,0.0,0.0,0.0,0.0,0,1015.4,1006.2,0,0,0,0,0.61,3.31,17.2,22.5,323,325,38.9,37.8,26.8,23.9,20.8,0.05,0.063,0.105,0.216,1,3600.0,685.0,580.0,105.0,805.6,685.0,958.2,618.7,523.9,94.8,805.6,618.7,865.5
38.69947,-8.46048,81.0,2001-08-09T17:00,31.3,34,13.4,29.5,0.0,0.0,0.0,0.0,0,1015.5,1006.3,0,0,0,0,0.51,3.04,19.7,26.3,325,327,43.2,36.2,27.0,23.9,20.8,0.05,0.063,0.105,0.216,1,3600.0,516.0,423.0,93.0,742.6,516.0,758.1,438.8,359.7,79.1,742.6,438.8,644.7
38.69947,-8.46048,81.0,2001-08-09T18:00,29.7,37,13.3,27.6,0.0,0.0,0.0,0.0,0,1015.8,1006.6,0,0,0,0,0.38,2.64,21.4,29.4,327,329,45.4,33.9,27.1,23.9,20.8,0.05,0.063,0.105,0.216,1,3600.0,325.0,249.0,76.0,635.3,325.0,521.6,246.3,188.7,57.6,635.3,246.3,395.3
38.69947,-8.46048,81.0,2001-08-09T19:00,27.3,42,13.1,25.2,0.0,0.0,0.0,0.0,0,1016.3,1007.0,0,0,0,0,0.25,2.12,21.3,30.9,330,331,43.2,31.1,27.2,23.9,20.8,0.05,0.063,0.105,0.216,1,3600.0,137.0,90.0,47.0,452.1,137.0,264.9,69.4,45.6,23.8,452.1,69.4,134.3
38.69947,-8.46048,81.0,2001-08-09T20:00,24.9,46,12.6,22.9,0.0,0.0,0.0,0.0,0,1016.9,1007.5,0,0,0,0,0.17,1.7,19.2,29.9,332,334,40.3,28.3,27.2,23.9,20.8,0.05,0.063,0.105,0.216,0,0.0,13.0,5.0,8.0,57.7,13.0,57.0,0.0,0.0,0.0,0.0,0.0,0.0
38.69947,-8.46048,81.0,2001-08-09T21:00,23.2,48,11.7,21.1,0.0,0.0,0.0,0.0,0,1017.8,1008.3,0,0,0,0,0.12,1.47,17.4,26.8,338,340,36.7,26.1,27.1,23.9,20.8,0.05,0.063,0.105,0.216,0,0.0,0.0,0.0,0.0,0.0,0.0,0.0,0.0,0.0,0.0,0.0,0.0,0.0
38.69947,-8.46048,81.0,2001-08-09T22:00,21.8,50,11.0,20.2,0.0,0.0,0.0,0.0,0,1018.4,1008.9,0,0,0,0,0.09,1.3,13.0,22.0,336,339,32.8,24.5,27.0,23.9,20.8,0.05,0.063,0.105,0.216,0,0.0,0.0,0.0,0.0,0.0,0.0,0.0,0.0,0.0,0.0,0.0,0.0,0.0
38.69947,-8.46048,81.0,2001-08-09T23:00,20.7,53,10.9,19.2,0.0,0.0,0.0,0.0,0,1018.6,1009.1,0,0,0,0,0.07,1.14,11.9,21.5,335,339,26.3,23.1,26.9,23.9,20.8,0.05,0.063,0.105,0.216,0,0.0,0.0,0.0,0.0,0.0,0.0,0.0,0.0,0.0,0.0,0.0,0.0,0.0
38.69947,-8.46048,81.0,2001-08-10T00:00,19.8,58,11.2,18.5,0.0,0.0,0.0,0.0,0,1018.8,1009.2,0,0,0,0,0.06,0.98,11.1,21.2,335,339,23.0,22.0,26.7,23.9,20.8,0.05,0.063,0.105,0.216,0,0.0,0.0,0.0,0.0,0.0,0.0,0.0,0.0,0.0,0.0,0.0,0.0,0.0
38.69947,-8.46048,81.0,2001-08-10T01:00,19.0,63,11.8,18.0,0.0,0.0,0.0,0.0,0,1018.4,1008.8,0,0,0,0,0.04,0.81,10.2,20.6,337,341,20.5,21.0,26.5,23.9,20.9,0.05,0.063,0.105,0.216,0,0.0,0.0,0.0,0.0,0.0,0.0,0.0,0.0,0.0,0.0,0.0,0.0,0.0
38.69947,-8.46048,81.0,2001-08-10T02:00,18.3,69,12.4,17.7,0.0,0.0,0.0,0.0,0,1018.1,1008.5,0,0,0,0,0.03,0.66,9.4,19.7,337,342,18.0,20.2,26.3,23.9,20.9,0.05,0.063,0.105,0.216,0,0.0,0.0,0.0,0.0,0.0,0.0,0.0,0.0,0.0,0.0,0.0,0.0,0.0
38.69947,-8.46048,81.0,2001-08-10T03:00,17.7,74,13.0,17.4,0.0,0.0,0.0,0.0,0,1017.9,1008.3,0,0,0,0,0.02,0.53,8.6,18.8,338,343,15.5,19.4,26.1,23.9,20.9,0.05,0.063,0.105,0.216,0,0.0,0.0,0.0,0.0,0.0,0.0,0.0,0.0,0.0,0.0,0.0,0.0,0.0
38.69947,-8.46048,81.0,2001-08-10T04:00,17.3,78,13.4,17.2,0.0,0.0,0.0,0.0,0,1017.7,1008.1,0,0,0,0,0.01,0.44,7.8,18.3,338,344,13.7,18.8,25.9,23.9,20.9,0.05,0.063,0.105,0.216,0,0.0,0.0,0.0,0.0,0.0,0.0,0.0,0.0,0.0,0.0,0.0,0.0,0.0
38.69947,-8.46048,81.0,2001-08-10T05:00,16.9,81,13.7,16.9,0.0,0.0,0.0,0.0,0,1017.8,1008.1,0,0,0,0,0.0,0.36,7.6,18.3,341,345,12.6,18.2,25.7,23.9,20.9,0.05,0.063,0.105,0.216,0,0.0,0.0,0.0,0.0,0.0,0.0,0.0,0.0,0.0,0.0,0.0,0.0,0.0
38.69947,-8.46048,81.0,2001-08-10T06:00,16.5,84,13.8,16.7,0.0,0.0,0.0,0.0,0,1018.1,1008.4,0,0,0,0,0.03,0.3,7.4,17.9,346,350,12.2,17.7,25.4,23.9,20.9,0.05,0.063,0.105,0.216,1,0.0,2.0,0.0,2.0,0.0,2.0,16.5,6.4,0.0,6.4,0.0,1.4,52.6
38.69947,-8.46048,81.0,2001-08-10T07:00,17.7,83,14.7,18.0,0.0,0.0,0.0,0.0,0,1018.2,1008.6,0,0,0,0,0.05,0.35,8.4,15.9,353,354,16.6,18.6,25.2,23.9,20.9,0.05,0.063,0.105,0.216,1,2985.43,87.0,52.0,35.0,337.5,87.0,182.8,149.2,89.2,60.0,378.7,133.0,313.6
38.69947,-8.46048,81.0,2001-08-10T08:00,20.2,71,14.8,20.5,0.0,0.0,0.0,0.0,0,1018.6,1009.0,0,0,0,0,0.16,0.69,8.7,11.9,355,355,20.5,21.6,25.1,23.9,20.9,0.05,0.063,0.105,0.216,1,3600.0,268.0,198.0,70.0,596.1,268.0,442.2,344.5,254.5,90.0,596.1,344.5,568.4
38.69947,-8.46048,81.0,2001-08-10T09:00,23.2,59,14.8,23.5,0.0,0.0,0.0,0.0,0,1018.7,1009.2,0,0,0,0,0.3,1.16,8.4,10.5,353,354,22.3,25.1,25.1,23.9,20.9,0.05,0.063,0.105,0.215,1,3600.0,466.0,377.0,89.0,730.9,466.0,686.6,542.7,439.1,103.7,730.9,542.7,799.6
38.69947,-8.46048,81.0,2001-08-10T10:00,26.2,48,14.5,27.1,0.0,0.0,0.0,0.0,0,1018.8,1009.4,0,0,0,0,0.45,1.76,8.0,10.2,350,352,23.4,28.9,25.2,23.9,20.9,0.05,0.063,0.105,0.215,1,3600.0,648.0,546.0,102.0,808.1,648.0,899.4,714.4,601.9,112.5,808.1,714.4,991.6
38.69947,-8.46048,81.0,2001-08-10T11:00,29.0,39,13.8,30.6,0.0,0.0,0.0,0.0,0,1018.4,1009.1,0,0,0,0,0.58,2.43,7.4,9.2,346,349,23.8,32.6,25.4,23.9,20.9,0.05,0.063,0.105,0.215,1,3600.0,794.0,684.0,110.0,854.1,794.0,1066.1,842.4,725.7,116.7,854.1,842.4,1131.1
38.69947,-8.46048,81.0,2001-08-10T12:00,31.2,33,12.9,33.3,0.0,0.0,0.0,0.0,0,1018.3,1009.1,0,0,0,0,0.67,3.06,6.3,8.0,336,342,23.8,35.9,25.6,23.9,20.9,0.05,0.063,0.105,0.215,1,3600.0,892.0,776.0,116.0,879.0,892.0,1175.3,917.3,798.0,119.3,879.0,917.3,1208.7
38.69947,-8.46048,81.0,2001-08-10T13:00,32.8,27,11.6,34.8,0.0,0.0,0.0,0.0,0,1017.5,1008.3,0,0,0,0,0.72,3.62,6.2,7.1,324,330,23.4,38.5,26.0,23.9,20.9,0.05,0.063,0.105,0.215,1,3600.0,932.0,815.0,117.0,889.7,932.0,1219.5,931.6,814.7,117.0,889.7,931.6,1219.0
38.69947,-8.46048,81.0,2001-08-10T14:00,33.9,25,11.0,35.4,0.0,0.0,0.0,0.0,0,1017.4,1008.3,0,0,0,0,0.72,3.98,6.9,8.4,309,313,23.4,40.2,26.3,23.9,20.9,0.05,0.063,0.105,0.215,1,3600.0,912.0,798.0,114.0,888.5,912.0,1195.7,885.8,775.1,110.7,888.5,885.8,1161.3
38.69947,-8.46048,81.0,2001-08-10T15:00,34.5,24,10.9,35.2,0.0,0.0,0.0,0.0,0,1016.7,1007.6,0,0,0,0,0.68,4.17,8.6,10.3,303,306,23.8,40.8,26.7,23.9,20.9,0.05,0.063,0.105,0.215,1,3600.0,832.0,723.0,109.0,870.7,832.0,1105.5,782.4,679.9,102.5,870.7,782.4,1039.6
38.69947,-8.46048,81.0,2001-08-10T16:00,34.7,24,10.9,34.2,0.0,0.0,0.0,0.0,0,1016.5,1007.4,0,0,0,0,0.61,4.22,11.0,13.7,302,305,24.8,40.5,27.0,23.9,20.9,0.05,0.063,0.105,0.215,1,3600.0,701.0,600.0,101.0,836.5,701.0,954.9,632.8,541.6,91.2,836.5,632.8,862.0
38.69947,-8.46048,81.0,2001-08-10T17:00,34.3,25,11.2,32.5,0.0,0.0,0.0,0.0,0,1016.1,1007.0,0,0,0,0,0.52,4.07,14.3,18.4,309,310,28.1,39.2,27.3,23.9,20.9,0.05,0.063,0.105,0.215,1,3600.0,528.0,439.0,89.0,774.7,528.0,754.4,448.5,372.9,75.6,774.7,448.5,640.8
38.69947,-8.46048,81.0,2001-08-10T18:00,33.1,28,12.0,31.1,0.0,0.0,0.0,0.0,0,1016.3,1007.2,0,0,0,0,0.41,3.64,17.8,24.5,315,317,32.8,36.9,27.5,24.0,20.9,0.05,0.063,0.105,0.215,1,3600.0,332.0,259.0,73.0,666.4,332.0,517.5,250.8,195.7,55.1,666.4,250.8,390.9
38.69947,-8.46048,81.0,2001-08-10T19:00,30.1,36,13.4,28.6,0.0,0.0,0.0,0.0,0,1016.5,1007.3,0,0,0,0,0.25,2.74,17.6,26.7,319,323,37.1,33.7,27.6,24.0,20.9,0.05,0.063,0.105,0.215,1,3600.0,138.0,92.0,46.0,470.6,138.0,260.3,68.6,45.7,22.9,470.6,68.6,129.4
38.69947,-8.46048,81.0,2001-08-10T20:00,27.7,42,13.6,26.4,0.0,0.0,0.0,0.0,0,1016.9,1007.6,0,0,0,0,0.17,2.15,16.5,26.7,328,331,34.2,30.6,27.7,24.0,20.9,0.05,0.063,0.105,0.215,0,0.0,12.0,5.0,7.0,58.9,12.0,54.6,0.0,0.0,0.0,0.0,0.0,0.0
38.69947,-8.46048,81.0,2001-08-10T21:00,25.9,46,13.6,25.1,0.0,0.0,0.0,0.0,0,1017.7,1008.3,0,0,0,0,0.11,1.79,13.7,23.6,333,339,31.3,28.3,27.6,24.0,20.9,0.05,0.063,0.105,0.215,0,0.0,0.0,0.0,0.0,0.0,0.0,0.0,0.0,0.0,0.0,0.0,0.0,0.0
38.69947,-8.46048,81.0,2001-08-10T22:00,24.5,51,13.6,24.2,0.0,0.0,0.0,0.0,0,1018.3,1008.9,0,0,0,0,0.07,1.52,10.3,19.9,335,343,24.5,26.5,27.6,24.0,20.9,0.05,0.063,0.105,0.215,0,0.0,0.0,0.0,0.0,0.0,0.0,0.0,0.0,0.0,0.0,0.0,0.0,0.0
38.69947,-8.46048,81.0,2001-08-10T23:00,23.4,54,13.6,23.3,0.0,0.0,0.0,0.0,0,1018.0,1008.6,0,0,0,0,0.05,1.31,8.7,18.4,336,343,20.2,25.1,27.5,24.0,20.9,0.05,0.063,0.105,0.215,0,0.0,0.0,0.0,0.0,0.0,0.0,0.0,0.0,0.0,0.0,0.0,0.0,0.0
38.69947,-8.46048,81.0,2001-08-11T00:00,22.5,58,13.8,22.7,0.0,0.0,0.0,0.0,0,1018.3,1008.8,0,0,0,0,0.04,1.15,6.9,16.4,332,341,15.8,24.0,27.3,24.0,20.9,0.05,0.063,0.105,0.215,0,0.0,0.0,0.0,0.0,0.0,0.0,0.0,0.0,0.0,0.0,0.0,0.0,0.0
38.69947,-8.46048,81.0,2001-08-11T01:00,21.7,61,13.9,22.2,0.0,0.0,0.0,0.0,0,1018.0,1008.5,0,0,0,0,0.02,1.01,5.2,14.4,326,338,11.9,22.9,27.2,24.0,20.9,0.05,0.063,0.105,0.215,0,0.0,0.0,0.0,0.0,0.0,0.0,0.0,0.0,0.0,0.0,0.0,0.0,0.0
38.69947,-8.46048,81.0,2001-08-11T02:00,20.9,64,14.0,21.4,0.0,0.0,0.0,0.0,0,1018.1,1008.6,0,0,0,0,0.02,0.88,5.6,13.0,320,336,9.7,22.0,27.0,24.0,20.9,0.05,0.063,0.105,0.215,0,0.0,0.0,0.0,0.0,0.0,0.0,0.0,0.0,0.0,0.0,0.0,0.0,0.0
38.69947,-8.46048,81.0,2001-08-11T03:00,20.0,69,14.2,20.4,0.0,0.0,0.0,0.0,0,1018.2,1008.6,0,0,0,0,0.02,0.72,6.6,10.5,311,333,9.4,21.0,26.8,24.0,20.9,0.05,0.063,0.105,0.215,0,0.0,0.0,0.0,0.0,0.0,0.0,0.0,0.0,0.0,0.0,0.0,0.0,0.0
38.69947,-8.46048,81.0,2001-08-11T04:00,19.1,74,14.4,19.8,0.0,0.0,0.0,0.0,0,1018.2,1008.6,0,0,0,0,0.01,0.57,5.2,7.5,282,325,9.0,20.0,26.6,24.0,20.9,0.05,0.063,0.105,0.215,0,0.0,0.0,0.0,0.0,0.0,0.0,0.0,0.0,0.0,0.0,0.0,0.0,0.0
38.69947,-8.46048,81.0,2001-08-11T05:00,18.6,78,14.6,19.4,0.0,0.0,0.0,0.0,0,1018.3,1008.7,0,0,0,0,0.0,0.48,4.8,6.0,257,303,7.6,19.2,26.3,24.0,20.9,0.05,0.063,0.105,0.215,0,0.0,0.0,0.0,0.0,0.0,0.0,0.0,0.0,0.0,0.0,0.0,0.0,0.0
38.69947,-8.46048,81.0,2001-08-11T06:00,18.0,81,14.7,18.9,0.0,0.0,0.0,0.0,0,1018.6,1009.0,0,0,0,0,0.03,0.39,4.8,5.7,243,288,6.8,18.5,26.1,24.0,20.9,0.05,0.063,0.105,0.215,1,0.0,1.0,0.0,1.0,0.0,1.0,14.7,3.3,0.0,3.3,0.0,0.7,48.9
38.69947,-8.46048,81.0,2001-08-11T07:00,19.6,74,14.9,20.9,0.0,0.0,0.0,0.0,0,1018.9,1009.3,0,0,0,0,0.04,0.59,2.4,4.9,243,287,8.3,19.5,25.9,24.0,20.9,0.05,0.063,0.105,0.215,1,2934.83,84.0,50.0,34.0,327.2,84.0,179.3,145.4,86.5,58.8,371.3,128.1,310.3
38.69947,-8.46048,81.0,2001-08-11T08:00,21.9,65,15.1,23.4,0.0,0.0,0.0,0.0,0,1019.1,1009.6,0,0,0,0,0.15,0.91,1.4,1.8,270,281,10.8,23.7,25.8,24.0,20.9,0.05,0.063,0.105,0.215,1,3600.0,264.0,195.0,69.0,591.3,264.0,439.1,340.0,251.1,88.9,591.3,340.0,565.5
38.69947,-8.46048,81.0,2001-08-11T09:00,24.9,54,15.1,26.4,0.0,0.0,0.0,0.0,0,1019.4,1010.0,0,0,0,0,0.29,1.43,1.3,1.3,236,236,13.0,27.7,25.9,24.0,20.9,0.05,0.063,0.105,0.215,1,3600.0,461.0,372.0,89.0,724.3,461.0,683.9,537.3,433.6,103.7,724.3,537.3,797.1
38.69947,-8.46048,81.0,2001-08-11T10:00,27.8,45,14.8,29.3,0.0,0.0,0.0,0.0,0,1019.6,1010.3,0,0,0,0,0.45,2.05,4.5,5.5,209,203,15.8,31.5,26.0,24.0,20.9,0.05,0.063,0.105,0.215,1,3600.0,642.0,540.0,102.0,801.6,642.0,897.0,708.0,595.5,112.5,801.6,708.0,989.3
38.69947,-8.46048,81.0,2001-08-11T11:00,30.3,38,14.4,32.3,0.0,0.0,0.0,0.0,0,1019.4,1010.2,0,0,0,0,0.59,2.67,6.1,7.2,220,217,19.1,35.0,26.2,24.0,20.9,0.05,0.063,0.105,0.215,1,3600.0,788.0,677.0,111.0,847.4,788.0,1063.9,836.2,718.4,117.8,847.4,836.2,1128.9
38.69947,-8.46048,81.0,2001-08-11T12:00,32.2,34,14.2,34.3,0.0,0.0,0.0,0.0,0,1019.0,1009.8,0,0,0,0,0.69,3.18,8.1,9.7,225,222,22.3,37.8,26.5,24.0,20.9,0.05,0.063,0.105,0.215,1,3600.0,884.0,768.0,116.0,871.9,884.0,1173.1,909.1,789.8,119.3,871.9,909.1,1206.4
38.69947,-8.46048,81.0,2001-08-11T13:00,33.6,31,14.0,35.7,0.0,0.0,0.0,0.0,0,1018.6,1009.5,0,0,0,0,0.74,3.6,9.4,12.0,227,224,25.6,39.9,26.8,24.0,20.9,0.05,0.063,0.104,0.215,1,3600.0,923.0,806.0,117.0,881.9,923.0,1217.2,922.5,805.6,116.9,881.9,922.5,1216.6
38.69947,-8.46048,81.0,2001-08-11T14:00,34.3,29,13.8,35.8,0.0,0.0,0.0,0.0,0,1018.1,1009.0,0,0,0,0,0.75,3.82,11.2,13.5,230,228,28.4,40.9,27.1,24.0,20.9,0.05,0.063,0.104,0.215,1,3600.0,902.0,787.0,115.0,878.4,902.0,1193.1,875.9,764.2,111.7,878.4,875.9,1158.6
38.69947,-8.46048,81.0,2001-08-11T15:00,34.4,29,13.7,35.3,0.0,0.0,0.0,0.0,0,1017.6,1008.5,0,0,0,0,0.7,3.87,12.5,15.3,237,236,31.0,40.9,27.5,24.0,20.9,0.05,0.063,0.104,0.215,1,3600.0,823.0,712.0,111.0,860.0,823.0,1102.6,773.7,669.3,104.3,860.0,773.7,1036.5
38.69947,-8.46048,81.0,2001-08-11T16:00,34.0,29,13.7,33.9,0.0,0.0,0.0,0.0,0,1017.5,1008.4,0,0,0,0,0.62,3.75,14.2,17.7,246,246,33.1,40.0,27.8,24.0,20.9,0.05,0.063,0.104,0.215,1,3600.0,692.0,589.0,103.0,824.3,692.0,951.6,624.3,531.4,92.9,824.3,624.3,858.5
38.69947,-8.46048,81.0,2001-08-11T17:00,33.0,31,13.7,31.9,0.0,0.0,0.0,0.0,0,1017.2,1008.1,0,0,0,0,0.5,3.47,15.5,20.3,257,257,34.6,38.2,28.0,24.0,20.9,0.05,0.063,0.104,0.215,1,3600.0,521.0,430.0,91.0,762.9,521.0,750.6,442.0,364.8,77.2,762.9,442.0,636.8
38.69947,-8.46048,81.0,2001-08-11T18:00,31.6,34,13.7,30.3,0.0,0.0,0.0,0.0,0,1017.4,1008.2,0,0,0,0,0.37,3.08,16.6,22.3,268,269,35.6,35.9,28.2,24.1,20.9,0.05,0.063,0.104,0.215,1,3600.0,326.0,252.0,74.0,654.0,326.0,513.2,245.4,189.7,55.7,654.0,245.4,386.4
38.69947,-8.46048,81.0,2001-08-11T19:00,29.1,40,14.0,28.2,0.0,0.0,0.0,0.0,0,1017.5,1008.2,0,0,0,0,0.21,2.43,15.0,21.3,280,282,33.8,32.9,28.2,24.1,21.0,0.05,0.063,0.104,0.215,1,3600.0,134.0,88.0,46.0,458.7,134.0,255.5,65.2,42.8,22.4,458.7,65.2,124.4
38.69947,-8.46048,81.0,2001-08-11T20:00,27.1,46,14.5,26.7,0.0,0.0,0.0,0.0,0,1017.8,1008.5,0,0,0,0,0.13,1.93,12.6,19.8,294,297,28.8,30.1,28.2,24.1,21.0,0.05,0.063,0.104,0.215,0,0.0,11.0,4.0,7.0,48.2,11.0,52.1,0.0,0.0,0.0,0.0,0.0,0.0
38.69947,-8.46048,81.0,2001-08-11T21:00,25.5,52,14.8,25.7,0.0,0.0,0.0,0.0,0,1018.6,1009.2,0,0,0,0,0.07,1.58,9.8,16.8,306,312,23.4,28.0,28.2,24.1,21.0,0.05,0.063,0.104,0.215,0,0.0,0.0,0.0,0.0,0.0,0.0,0.0,0.0,0.0,0.0,0.0,0.0,0.0
38.69947,-8.46048,81.0,2001-08-11T22:00,24.2,56,15.0,24.8,0.0,0.0,0.0,0.0,0,1018.9,1009.5,0,0,0,0,0.04,1.32,7.6,15.3,315,326,17.6,26.3,28.1,24.1,21.0,0.05,0.063,0.104,0.215,0,0.0,0.0,0.0,0.0,0.0,0.0,0.0,0.0,0.0,0.0,0.0,0.0,0.0
38.69947,-8.46048,81.0,2001-08-11T23:00,23.2,60,15.0,24.0,0.0,0.0,0.0,0.0,0,1018.9,1009.4,0,0,0,0,0.03,1.14,5.9,13.7,317,333,11.9,24.9,27.9,24.1,21.0,0.05,0.063,0.104,0.215,0,0.0,0.0,0.0,0.0,0.0,0.0,0.0,0.0,0.0,0.0,0.0,0.0,0.0
38.69947,-8.46048,81.0,2001-08-12T00:00,22.3,64,15.1,23.2,0.0,0.0,0.0,0.0,0,1018.7,1009.2,0,0,0,0,0.02,0.97,5.2,11.1,304,331,9.0,23.7,27.8,24.1,21.0,0.05,0.063,0.104,0.215,0,0.0,0.0,0.0,0.0,0.0,0.0,0.0,0.0,0.0,0.0,0.0,0.0,0.0
38.69947,-8.46048,81.0,2001-08-12T01:00,21.3,69,15.3,22.3,0.0,0.0,0.0,0.0,0,1018.7,1009.2,0,0,0,0,0.01,0.79,5.1,8.7,278,315,8.3,22.5,27.6,24.1,21.0,0.05,0.063,0.104,0.215,0,0.0,0.0,0.0,0.0,0.0,0.0,0.0,0.0,0.0,0.0,0.0,0.0,0.0
38.69947,-8.46048,81.0,2001-08-12T02:00,20.2,74,15.5,21.3,0.0,0.0,0.0,0.0,0,1018.3,1008.7,0,0,0,0,0.01,0.61,5.2,8.4,258,290,8.6,21.4,27.4,24.1,21.0,0.05,0.063,0.104,0.215,0,0.0,0.0,0.0,0.0,0.0,0.0,0.0,0.0,0.0,0.0,0.0,0.0,0.0
38.69947,-8.46048,81.0,2001-08-12T03:00,19.3,80,15.8,20.5,0.0,0.0,0.0,0.0,0,1018.3,1008.7,0,0,0,0,0.0,0.45,5.4,9.7,250,274,9.0,20.4,27.2,24.1,21.0,0.05,0.063,0.104,0.215,0,0.0,0.0,0.0,0.0,0.0,0.0,0.0,0.0,0.0,0.0,0.0,0.0,0.0
38.69947,-8.46048,81.0,2001-08-12T04:00,18.5,86,16.0,19.7,0.0,0.0,0.0,0.0,0,1018.2,1008.6,0,0,0,0,0.0,0.31,5.7,10.1,252,274,9.0,19.6,26.9,24.1,21.0,0.05,0.063,0.104,0.215,0,0.0,0.0,0.0,0.0,0.0,0.0,0.0,0.0,0.0,0.0,0.0,0.0,0.0
38.69947,-8.46048,81.0,2001-08-12T05:00,17.6,91,16.2,18.9,0.0,0.0,0.0,0.0,0,1018.3,1008.7,0,0,0,0,0.0,0.18,5.5,9.8,259,278,8.3,18.9,26.7,24.1,21.0,0.05,0.063,0.104,0.215,0,0.0,0.0,0.0,0.0,0.0,0.0,0.0,0.0,0.0,0.0,0.0,0.0,0.0
38.69947,-8.46048,81.0,2001-08-12T06:00,17.2,94,16.2,18.5,0.0,0.0,0.0,0.0,0,1018.5,1008.8,2,2,0,0,0.02,0.12,5.4,9.7,266,285,6.8,18.3,26.4,24.1,21.0,0.05,0.063,0.104,0.215,1,0.0,1.0,0.0,1.0,0.0,1.0,12.8,3.5,0.0,3.5,0.0,0.6,45.2
38.69947,-8.46048,81.0,2001-08-12T07:00,18.2,90,16.5,19.8,0.0,0.0,0.0,0.0,0,1018.7,1009.1,4,4,0,0,0.03,0.22,4.5,7.9,284,294,10.4,19.3,26.2,24.1,21.0,0.05,0.063,0.104,0.215,1,2884.11,79.0,43.0,36.0,283.7,79.0,175.8,138.0,75.1,62.9,325.8,120.2,307.1
38.69947,-8.46048,81.0,2001-08-12T08:00,20.9,73,15.9,22.3,0.0,0.0,0.0,0.0,0,1018.8,1009.3,1,1,0,0,0.15,0.67,4.0,5.2,297,295,13.7,23.3,26.1,24.1,21.0,0.05,0.063,0.104,0.215,1,3600.0,257.0,183.0,74.0,559.0,257.0,436.1,331.6,236.1,95.5,559.0,331.6,562.7
38.69947,-8.46048,81.0,2001-08-12T09:00,23.9,57,15.0,24.9,0.0,0.0,0.0,0.0,0,1018.9,1009.5,0,0,0,0,0.3,1.26,4.2,5.0,290,291,15.8,26.8,26.1,24.1,21.0,0.05,0.063,0.104,0.215,1,3600.0,461.0,370.0,91.0,723.5,461.0,681.2,537.7,431.6,106.1,723.5,537.7,794.6
38.69947,-8.46048,81.0,2001-08-12T10:00,26.8,45,13.9,27.9,0.0,0.0,0.0,0.0,0,1018.8,1009.5,0,0,0,0,0.44,1.93,4.8,5.6,283,285,18.4,30.4,26.2,24.1,21.0,0.05,0.063,0.104,0.215,1,3600.0,636.0,525.0,111.0,781.8,636.0,894.6,701.6,579.2,122.5,781.8,701.6,986.9
38.69947,-8.46048,81.0,2001-08-12T11:00,29.3,36,12.6,30.9,0.0,0.0,0.0,0.0,0,1018.3,1009.0,0,0,0,0,0.57,2.62,5.1,6.1,266,267,20.9,33.9,26.4,24.1,21.0,0.05,0.063,0.104,0.215,1,3600.0,788.0,670.0,118.0,840.8,788.0,1061.6,836.3,711.1,125.2,840.8,836.3,1126.6
38.69947,-8.46048,81.0,2001-08-12T12:00,31.3,31,12.2,33.1,0.0,0.0,0.0,0.0,0,1017.9,1008.7,0,0,0,0,0.68,3.16,6.6,8.1,248,249,23.8,36.8,26.6,24.1,21.0,0.05,0.063,0.104,0.215,1,3600.0,890.0,773.0,117.0,879.5,890.0,1170.8,915.3,795.0,120.3,879.5,915.3,1204.1
38.69947,-8.46048,81.0,2001-08-12T13:00,32.6,29,12.5,34.4,0.0,0.0,0.0,0.0,0,1017.0,1007.8,0,0,0,0,0.73,3.46,8.4,10.2,239,238,27.0,38.8,26.9,24.1,21.0,0.05,0.063,0.104,0.215,1,3600.0,930.0,812.0,118.0,890.5,930.0,1214.8,929.5,811.5,117.9,890.5,929.5,1214.1
38.69947,-8.46048,81.0,2001-08-12T14:00,33.3,28,12.4,34.6,0.0,0.0,0.0,0.0,0,1016.3,1007.2,0,0,0,0,0.74,3.66,10.2,12.3,238,238,29.2,39.8,27.2,24.2,21.0,0.05,0.063,0.104,0.214,1,3600.0,911.0,797.0,114.0,891.9,911.0,1190.5,884.5,773.8,110.7,891.9,884.5,1155.8
38.69947,-8.46048,81.0,2001-08-12T15:00,33.4,28,12.3,34.1,0.0,0.0,0.0,0.0,0,1015.8,1006.7,0,0,0,0,0.69,3.72,11.1,13.8,241,242,29.9,40.0,27.5,24.2,21.0,0.05,0.063,0.104,0.214,1,3600.0,831.0,721.0,110.0,873.5,831.0,1099.6,780.9,677.5,103.4,873.5,780.9,1033.3
38.69947,-8.46048,81.0,2001-08-12T16:00,33.2,28,12.3,32.8,0.0,0.0,0.0,0.0,0,1015.5,1006.4,0,0,0,0,0.61,3.65,13.1,16.2,249,249,30.6,39.2,27.8,24.2,21.0,0.05,0.063,0.104,0.214,1,3600.0,699.0,598.0,101.0,840.2,699.0,948.2,630.2,539.1,91.1,840.2,630.2,854.9
38.69947,-8.46048,81.0,2001-08-12T17:00,32.4,30,12.6,31.1,0.0,0.0,0.0,0.0,0,1015.3,1006.2,0,0,0,0,0.49,3.41,14.6,18.6,260,261,30.6,37.7,28.0,24.2,21.0,0.05,0.063,0.104,0.214,1,3600.0,525.0,434.0,91.0,774.3,525.0,746.7,444.8,367.7,77.1,774.3,444.8,632.6
38.69947,-8.46048,81.0,2001-08-12T18:00,31.2,34,13.4,30.0,0.0,0.0,0.0,0.0,0,1015.3,1006.1,0,0,0,0,0.36,3.0,15.5,20.6,273,274,30.6,35.5,28.2,24.2,21.0,0.05,0.063,0.104,0.214,1,3600.0,328.0,255.0,73.0,667.7,328.0,508.8,246.1,191.3,54.8,667.7,246.1,381.7
38.69947,-8.46048,81.0,2001-08-12T19:00,28.3,46,15.7,28.1,0.0,0.0,0.0,0.0,0,1015.3,1006.0,0,0,0,0,0.19,2.05,14.6,20.9,286,289,32.4,32.4,28.2,24.2,21.0,0.05,0.063,0.104,0.214,1,3600.0,134.0,88.0,46.0,467.8,134.0,250.6,63.8,41.9,21.9,467.8,63.8,119.3
38.69947,-8.46048,81.0,2001-08-12T20:00,26.2,54,16.3,26.5,0.0,0.0,0.0,0.0,0,1015.4,1006.1,0,0,0,0,0.11,1.55,12.4,19.7,300,305,28.1,29.5,28.2,24.2,21.0,0.05,0.063,0.104,0.214,0,0.0,10.0,4.0,6.0,49.4,10.0,49.6,0.0,0.0,0.0,0.0,0.0,0.0
38.69947,-8.46048,81.0,2001-08-12T21:00,24.5,61,16.5,25.3,0.0,0.0,0.0,0.0,0,1016.1,1006.7,0,0,0,0,0.05,1.2,9.7,16.8,309,315,23.4,27.3,28.1,24.2,21.0,0.05,0.063,0.104,0.214,0,0.0,0.0,0.0,0.0,0.0,0.0,0.0,0.0,0.0,0.0,0.0,0.0,0.0
38.69947,-8.46048,81.0,2001-08-12T22:00,23.2,66,16.5,24.5,0.0,0.0,0.0,0.0,0,1016.4,1007.0,0,0,0,0,0.03,0.97,6.9,13.2,309,317,16.9,25.5,28.0,24.2,21.0,0.05,0.063,0.104,0.214,0,0.0,0.0,0.0,0.0,0.0,0.0,0.0,0.0,0.0,0.0,0.0,0.0,0.0
38.69947,-8.46048,81.0,2001-08-12T23:00,22.1,71,16.5,23.5,0.0,0.0,0.0,0.0,0,1015.9,1006.4,0,0,0,0,0.01,0.78,5.4,12.0,307,321,11.5,24.1,27.9,24.2,21.0,0.05,0.063,0.104,0.214,0,0.0,0.0,0.0,0.0,0.0,0.0,0.0,0.0,0.0,0.0,0.0,0.0,0.0
38.69947,-8.46048,81.0,2001-08-13T00:00,21.1,75,16.4,22.6,0.0,0.0,0.0,0.0,0,1015.7,1006.2,0,0,0,0,0.01,0.63,5.0,10.5,300,319,9.7,22.8,27.7,24.2,21.0,0.05,0.063,0.104,0.214,0,0.0,0.0,0.0,0.0,0.0,0.0,0.0,0.0,0.0,0.0,0.0,0.0,0.0
38.69947,-8.46048,81.0,2001-08-13T01:00,20.1,79,16.4,21.6,0.0,0.0,0.0,0.0,0,1015.1,1005.6,0,0,0,0,0.0,0.49,5.2,8.7,282,308,9.4,21.7,27.5,24.2,21.0,0.05,0.063,0.104,0.214,0,0.0,0.0,0.0,0.0,0.0,0.0,0.0,0.0,0.0,0.0,0.0,0.0,0.0
38.69947,-8.46048,81.0,2001-08-13T02:00,19.2,84,16.5,20.7,0.0,0.0,0.0,0.0,0,1015.0,1005.4,1,1,0,0,0.0,0.35,4.7,7.1,274,300,9.0,20.5,27.3,24.2,21.0,0.05,0.063,0.104,0.214,0,0.0,0.0,0.0,0.0,0.0,0.0,0.0,0.0,0.0,0.0,0.0,0.0,0.0
38.69947,-8.46048,81.0,2001-08-13T03:00,18.1,91,16.6,19.7,0.0,0.0,0.0,0.0,0,1014.7,1005.1,2,2,0,0,0.0,0.19,4.7,6.6,274,292,7.6,19.5,27.0,24.2,21.0,0.05,0.063,0.104,0.214,0,0.0,0.0,0.0,0.0,0.0,0.0,0.0,0.0,0.0,0.0,0.0,0.0,0.0
38.69947,-8.46048,81.0,2001-08-13T04:00,17.3,95,16.5,18.9,0.0,0.0,0.0,0.0,0,1014.6,1005.0,5,6,0,0,0.0,0.1,4.8,7.1,283,294,6.8,18.6,26.8,24.2,21.0,0.05,0.063,0.104,0.214,0,0.0,0.0,0.0,0.0,0.0,0.0,0.0,0.0,0.0,0.0,0.0,0.0,0.0
38.69947,-8.46048,81.0,2001-08-13T05:00,16.9,96,16.2,18.3,0.0,0.0,0.0,0.0,0,1014.5,1004.9,7,8,0,0,0.0,0.08,4.7,7.2,293,297,6.8,18.0,26.5,24.2,21.0,0.05,0.063,0.104,0.214,0,0.0,0.0,0.0,0.0,0.0,0.0,0.0,0.0,0.0,0.0,0.0,0.0,0.0
38.69947,-8.46048,81.0,2001-08-13T06:00,16.4,97,16.0,17.8,0.0,0.0,0.0,0.0,0,1014.6,1005.0,14,16,0,0,0.01,0.05,4.7,7.5,302,305,7.6,17.5,26.2,24.2,21.0,0.05,0.063,0.104,0.214,1,0.0,1.0,0.0,1.0,0.0,1.0,11.0,3.8,0.0,3.8,0.0,0.6,41.4
38.69947,-8.46048,81.0,2001-08-13T07:00,17.3,94,16.3,18.9,0.0,0.0,0.0,0.0,0,1015.1,1005.5,14,16,0,0,0.03,0.12,3.9,5.6,304,310,10.1,18.5,26.0,24.2,21.0,0.05,0.063,0.104,0.214,1,2833.31,69.0,33.0,36.0,219.6,69.0,172.3,121.6,58.2,63.5,255.2,104.7,303.8
38.69947,-8.46048,81.0,2001-08-13T08:00,19.6,80,16.1,21.3,0.0,0.0,0.0,0.0,0,1015.1,1005.6,7,8,0,0,0.12,0.44,2.7,3.5,293,294,12.6,22.4,25.9,24.2,21.0,0.05,0.063,0.104,0.214,1,3600.0,220.0,128.0,92.0,393.9,220.0,433.0,284.4,165.5,118.9,393.9,284.4,559.8
38.69947,-8.46048,81.0,2001-08-13T09:00,22.1,67,15.7,23.7,0.0,0.0,0.0,0.0,0,1015.2,1005.7,1,1,0,0,0.27,0.88,2.6,3.1,254,249,14.0,25.9,25.9,24.2,21.0,0.05,0.063,0.104,0.214,1,3600.0,441.0,331.0,110.0,650.1,441.0,678.5,514.8,386.4,128.4,650.1,514.8,792.0
38.69947,-8.46048,81.0,2001-08-13T10:00,24.8,56,15.5,26.9,0.0,0.0,0.0,0.0,0,1015.0,1005.6,0,0,0,0,0.42,1.37,2.9,3.6,240,233,17.6,29.4,26.0,24.2,21.0,0.05,0.063,0.104,0.214,1,3600.0,640.0,531.0,109.0,793.2,640.0,892.1,706.3,586.0,120.3,793.2,706.3,984.6
38.69947,-8.46048,81.0,2001-08-13T11:00,27.4,46,14.8,29.8,0.0,0.0,0.0,0.0,0,1014.5,1005.2,0,0,0,0,0.54,1.96,4.5,5.5,241,238,21.6,32.7,26.1,24.2,21.1,0.05,0.063,0.104,0.214,1,3600.0,778.0,650.0,128.0,817.7,778.0,1059.3,825.8,689.9,135.9,817.7,825.8,1124.3
38.69947,-8.46048,81.0,2001-08-13T12:00,29.4,39,13.9,31.7,0.0,0.0,0.0,0.0,0,1014.0,1004.8,0,0,0,1,0.64,2.5,6.6,7.9,241,240,25.6,35.4,26.3,24.2,21.1,0.05,0.063,0.104,0.214,1,3600.0,877.0,741.0,136.0,845.1,877.0,1168.5,902.0,762.1,139.9,845.1,902.0,1201.7
38.69947,-8.46048,81.0,2001-08-13T13:00,30.7,35,13.5,32.8,0.0,0.0,0.0,0.0,0,1013.4,1004.2,0,0,0,0,0.7,2.87,8.5,10.6,242,242,29.2,37.2,26.6,24.2,21.1,0.05,0.063,0.104,0.214,1,3600.0,920.0,791.0,129.0,869.5,920.0,1212.3,919.4,790.5,128.9,869.5,919.4,1211.5
38.69947,-8.46048,81.0,2001-08-13T14:00,31.4,34,13.6,33.1,0.0,0.0,0.0,0.0,0,1012.6,1003.4,0,0,0,0,0.7,3.05,10.3,12.7,245,245,31.3,38.2,26.9,24.2,21.1,0.05,0.063,0.103,0.214,1,3600.0,902.0,785.0,117.0,880.7,902.0,1187.8,875.6,762.0,113.6,880.7,875.6,1153.0
38.69947,-8.46048,81.0,2001-08-13T15:00,31.6,33,13.6,32.5,0.0,0.0,0.0,0.0,0,1012.3,1003.2,0,0,0,1,0.66,3.09,12.0,14.7,249,248,32.0,38.3,27.1,24.3,21.1,0.05,0.063,0.103,0.214,1,3600.0,824.0,718.0,106.0,872.6,824.0,1096.5,774.0,674.5,99.6,872.6,774.0,1030.1
38.69947,-8.46048,81.0,2001-08-13T16:00,31.2,34,13.7,31.2,0.0,0.0,0.0,0.0,0,1011.9,1002.7,0,0,0,0,0.57,2.98,13.3,16.6,257,257,32.4,37.6,27.4,24.3,21.1,0.05,0.063,0.103,0.214,1,3600.0,691.0,589.0,102.0,830.9,691.0,944.8,622.5,530.6,91.9,830.9,622.5,851.2
38.69947,-8.46048,81.0,2001-08-13T17:00,30.5,37,14.1,29.6,0.0,0.0,0.0,0.0,0,1011.5,1002.3,0,0,0,0,0.46,2.75,15.1,19.5,271,272,32.4,36.1,27.6,24.3,21.1,0.05,0.063,0.103,0.214,1,3600.0,517.0,427.0,90.0,766.2,517.0,742.8,437.4,361.3,76.1,766.2,437.4,628.4
38.69947,-8.46048,81.0,2001-08-13T18:00,29.3,41,14.8,28.5,0.0,0.0,0.0,0.0,0,1011.5,1002.3,0,0,0,0,0.33,2.39,16.2,21.5,287,288,32.8,34.0,27.7,24.3,21.1,0.05,0.063,0.103,0.214,1,3600.0,322.0,249.0,73.0,658.0,322.0,504.3,240.7,186.1,54.6,658.0,240.7,377.0
38.69947,-8.46048,81.0,2001-08-13T19:00,26.9,50,15.6,26.5,0.0,0.0,0.0,0.0,0,1011.8,1002.5,0,0,0,0,0.18,1.76,15.4,22.1,303,304,33.1,31.1,27.8,24.3,21.1,0.05,0.063,0.103,0.214,1,3600.0,129.0,84.0,45.0,455.7,129.0,245.7,59.9,39.0,20.9,447.5,59.9,114.1
38.69947,-8.46048,81.0,2001-08-13T20:00,24.7,58,15.8,24.5,0.0,0.0,0.0,0.0,0,1012.2,1002.8,0,0,0,0,0.11,1.32,14.8,22.7,315,317,29.5,28.2,27.7,24.3,21.1,0.05,0.063,0.103,0.214,0,0.0,9.0,3.0,6.0,38.0,9.0,47.0,0.0,0.0,0.0,0.0,0.0,0.0
38.69947,-8.46048,81.0,2001-08-13T21:00,22.9,64,15.8,22.9,0.0,0.0,0.0,0.0,0,1013.3,1003.9,0,0,0,0,0.06,1.0,13.5,21.2,326,328,27.7,26.1,27.6,24.3,21.1,0.05,0.063,0.103,0.214,0,0.0,0.0,0.0,0.0,0.0,0.0,0.0,0.0,0.0,0.0,0.0,0.0,0.0
38.69947,-8.46048,81.0,2001-08-13T22:00,21.5,70,15.7,21.8,0.0,0.0,0.0,0.0,0,1013.8,1004.3,0,0,0,0,0.04,0.78,11.6,17.9,324,326,25.2,24.4,27.5,24.3,21.1,0.05,0.063,0.103,0.214,0,0.0,0.0,0.0,0.0,0.0,0.0,0.0,0.0,0.0,0.0,0.0,0.0,0.0
38.69947,-8.46048,81.0,2001-08-13T23:00,20.5,74,15.7,21.1,0.0,0.0,0.0,0.0,0,1013.7,1004.2,1,1,0,0,0.02,0.62,8.8,14.7,325,329,19.4,23.1,27.4,24.3,21.1,0.05,0.063,0.103,0.214,0,0.0,0.0,0.0,0.0,0.0,0.0,0.0,0.0,0.0,0.0,0.0,0.0,0.0
38.69947,-8.46048,81.0,2001-08-14T00:00,19.6,78,15.7,20.5,0.0,0.0,0.0,0.0,0,1013.8,1004.3,2,2,0,0,0.01,0.49,7.2,13.6,323,328,13.0,21.9,27.2,24.3,21.1,0.05,0.063,0.103,0.214,0,0.0,0.0,0.0,0.0,0.0,0.0,0.0,0.0,0.0,0.0,0.0,0.0,0.0
38.69947,-8.46048,81.0,2001-08-14T01:00,18.9,82,15.8,19.8,0.0,0.0,0.0,0.0,0,1013.4,1003.9,14,15,0,0,0.0,0.39,7.1,14.0,319,325,11.9,21.0,27.0,24.3,21.1,0.05,0.063,0.103,0.214,0,0.0,0.0,0.0,0.0,0.0,0.0,0.0,0.0,0.0,0.0,0.0,0.0,0.0
38.69947,-8.46048,81.0,2001-08-14T02:00,18.1,86,15.8,19.0,0.0,0.0,0.0,0.0,1,1013.3,1003.7,26,29,0,0,0.0,0.29,7.1,14.3,319,326,12.2,20.1,26.8,24.3,21.1,0.05,0.063,0.103,0.214,0,0.0,0.0,0.0,0.0,0.0,0.0,0.0,0.0,0.0,0.0,0.0,0.0,0.0
38.69947,-8.46048,81.0,2001-08-14T03:00,17.5,90,15.8,18.4,0.0,0.0,0.0,0.0,2,1013.0,1003.4,50,56,0,0,0.0,0.2,7.3,13.7,327,330,12.2,19.4,26.5,24.3,21.1,0.05,0.063,0.103,0.214,0,0.0,0.0,0.0,0.0,0.0,0.0,0.0,0.0,0.0,0.0,0.0,0.0,0.0
38.69947,-8.46048,81.0,2001-08-14T04:00,17.1,92,15.8,17.9,0.0,0.0,0.0,0.0,2,1013.1,1003.5,65,72,0,0,0.0,0.15,8.1,12.2,328,332,11.5,18.7,26.3,24.3,21.1,0.05,0.063,0.103,0.214,0,0.0,0.0,0.0,0.0,0.0,0.0,0.0,0.0,0.0,0.0,0.0,0.0,0.0
38.69947,-8.46048,81.0,2001-08-14T05:00,16.7,95,15.8,17.5,0.0,0.0,0.0,0.0,2,1013.3,1003.7,77,86,0,0,0.0,0.1,7.6,10.3,329,331,10.1,18.2,26.1,24.3,21.1,0.05,0.063,0.103,0.214,0,0.0,0.0,0.0,0.0,0.0,0.0,0.0,0.0,0.0,0.0,0.0,0.0,0.0
38.69947,-8.46048,81.0,2001-08-14T06:00,16.5,96,15.8,17.5,0.0,0.0,0.0,0.0,2,1013.6,1004.0,71,79,0,0,0.01,0.08,6.8,9.7,328,329,8.6,17.9,25.8,24.3,21.1,0.05,0.063,0.103,0.214,1,0.0,1.0,0.0,1.0,0.0,1.0,9.1,4.1,0.0,4.1,0.0,0.6,37.7
38.69947,-8.46048,81.0,2001-08-14T07:00,17.1,87,14.9,17.8,0.0,0.0,0.0,0.0,2,1014.0,1004.4,70,78,0,0,0.03,0.26,6.6,8.5,331,332,14.4,18.7,25.6,24.3,21.1,0.049,0.063,0.103,0.214,1,631.58,41.0,13.0,28.0,87.2,41.0,168.8,73.0,23.1,49.8,102.7,62.0,300.5
38.69947,-8.46048,81.0,2001-08-14T08:00,18.1,79,14.4,18.6,0.0,0.0,0.0,0.0,1,1014.1,1004.5,47,52,0,0,0.09,0.43,6.4,8.0,333,333,16.6,20.4,25.5,24.3,21.1,0.049,0.063,0.103,0.214,1,897.71,147.0,29.0,118.0,89.9,147.0,429.9,190.4,37.6,152.9,89.9,190.4,556.9
38.69947,-8.46048,81.0,2001-08-14T09:00,19.6,70,13.9,20.0,0.0,0.0,0.0,0.0,1,1014.8,1005.3,21,23,0,0,0.2,0.69,5.8,7.4,330,331,18.4,22.8,25.4,24.3,21.1,0.049,0.063,0.103,0.214,1,3600.0,318.0,118.0,200.0,232.8,318.0,675.8,371.5,137.8,233.6,232.8,371.5,789.4
38.69947,-8.46048,81.0,2001-08-14T10:00,21.9,58,13.4,22.6,0.0,0.0,0.0,0.0,0,1014.8,1005.3,4,4,0,0,0.37,1.1,4.5,5.5,331,337,19.1,26.4,25.4,24.3,21.1,0.049,0.063,0.103,0.214,1,3600.0,595.0,456.0,139.0,683.3,595.0,889.6,656.9,503.4,153.5,683.3,656.9,982.2
38.69947,-8.46048,81.0,2001-08-14T11:00,24.4,48,12.6,26.1,0.0,0.0,0.0,0.0,0,1014.3,1004.9,0,0,0,0,0.51,1.59,3.8,4.6,319,321,20.2,30.0,25.5,24.3,21.1,0.049,0.063,0.103,0.214,1,3600.0,774.0,636.0,138.0,802.2,774.0,1056.9,821.7,675.2,146.5,802.2,821.7,1122.0
38.69947,-8.46048,81.0,2001-08-14T12:00,26.6,40,12.0,28.7,0.0,0.0,0.0,0.0,0,1014.2,1004.9,0,0,0,0,0.62,2.08,4.8,5.8,297,300,21.6,33.3,25.7,24.3,21.1,0.049,0.063,0.103,0.214,1,3600.0,891.0,772.0,119.0,882.6,891.0,1166.1,916.4,794.0,122.4,882.6,916.4,1199.3
38.69947,-8.46048,81.0,2001-08-14T13:00,28.5,35,11.4,30.2,0.0,0.0,0.0,0.0,0,1013.5,1004.3,0,0,0,0,0.67,2.53,6.8,8.1,288,291,24.1,35.7,26.0,24.3,21.1,0.049,0.063,0.103,0.214,1,3600.0,932.0,816.0,116.0,899.2,932.0,1209.8,931.3,815.4,115.9,899.2,931.3,1208.9
38.69947,-8.46048,81.0,2001-08-14T14:00,29.7,32,11.1,30.9,0.0,0.0,0.0,0.0,0,1013.1,1003.9,0,0,0,0,0.68,2.85,8.6,10.6,285,288,25.9,37.1,26.2,24.3,21.1,0.049,0.063,0.103,0.214,1,3600.0,910.0,795.0,115.0,894.4,910.0,1185.0,883.1,771.5,111.6,894.4,883.1,1150.0
38.69947,-8.46048,81.0,2001-08-14T15:00,30.5,30,11.0,31.0,0.0,0.0,0.0,0.0,0,1012.9,1003.7,0,0,0,0,0.64,3.04,9.8,11.7,287,288,26.6,37.6,26.5,24.3,21.1,0.049,0.063,0.103,0.214,1,3600.0,828.0,718.0,110.0,875.4,828.0,1093.4,777.5,674.2,103.3,875.4,777.5,1026.7
38.69947,-8.46048,81.0,2001-08-14T16:00,30.6,30,11.1,30.2,0.0,0.0,0.0,0.0,0,1012.3,1003.1,0,0,0,0,0.55,3.06,10.5,12.9,286,288,27.4,37.2,26.8,24.3,21.1,0.049,0.063,0.103,0.214,1,3600.0,694.0,592.0,102.0,838.6,694.0,941.2,624.8,533.0,91.8,838.6,624.8,847.3
38.69947,-8.46048,81.0,2001-08-14T17:00,30.2,31,11.4,28.9,0.0,0.0,0.0,0.0,0,1012.3,1003.1,0,0,0,0,0.44,2.94,11.7,14.9,288,290,28.1,35.9,27.0,24.3,21.1,0.049,0.063,0.103,0.214,1,3600.0,520.0,430.0,90.0,776.1,520.0,738.7,439.3,363.3,76.0,776.1,439.3,624.1
38.69947,-8.46048,81.0,2001-08-14T18:00,29.1,35,12.1,27.7,0.0,0.0,0.0,0.0,0,1012.4,1003.2,0,0,0,0,0.32,2.61,13.9,18.4,291,293,29.5,33.8,27.1,24.3,21.1,0.049,0.062,0.103,0.214,1,3600.0,322.0,250.0,72.0,667.0,322.0,499.7,239.8,186.2,53.6,667.0,239.8,372.2
38.69947,-8.46048,81.0,2001-08-14T19:00,26.9,43,13.1,25.6,0.0,0.0,0.0,0.0,0,1012.9,1003.6,0,0,0,0,0.19,2.03,15.3,22.1,297,298,30.2,30.8,27.2,24.3,21.1,0.049,0.062,0.103,0.214,1,3600.0,127.0,83.0,44.0,459.9,127.0,240.6,57.4,37.5,19.9,430.6,57.4,108.8
38.69947,-8.46048,81.0,2001-08-14T20:00,24.5,50,13.5,23.3,0.0,0.0,0.0,0.0,0,1013.5,1004.1,0,0,0,0,0.14,1.53,16.2,24.8,307,310,30.2,27.9,27.2,24.3,21.1,0.049,0.062,0.103,0.214,0,0.0,8.0,3.0,5.0,38.9,8.0,44.4,0.0,0.0,0.0,0.0,0.0,0.0
38.69947,-8.46048,81.0,2001-08-14T21:00,22.6,57,13.6,21.4,0.0,0.0,0.0,0.0,0,1014.6,1005.2,0,0,0,0,0.09,1.18,15.8,24.6,319,321,30.6,25.7,27.1,24.3,21.1,0.049,0.062,0.103,0.214,0,0.0,0.0,0.0,0.0,0.0,0.0,0.0,0.0,0.0,0.0,0.0,0.0,0.0
38.69947,-8.46048,81.0,2001-08-14T22:00,21.0,63,13.6,20.3,0.0,0.0,0.0,0.0,0,1015.1,1005.6,0,0,0,0,0.06,0.93,12.7,21.7,331,333,29.5,23.9,27.0,24.3,21.1,0.049,0.062,0.103,0.214,0,0.0,0.0,0.0,0.0,0.0,0.0,0.0,0.0,0.0,0.0,0.0,0.0,0.0
38.69947,-8.46048,81.0,2001-08-14T23:00,19.9,68,13.7,19.6,0.0,0.0,0.0,0.0,0,1014.8,1005.3,0,0,0,0,0.03,0.75,9.8,18.5,332,336,23.8,22.5,26.8,24.3,21.1,0.049,0.062,0.103,0.214,0,0.0,0.0,0.0,0.0,0.0,0.0,0.0,0.0,0.0,0.0,0.0,0.0,0.0
38.69947,-8.46048,81.0,2001-08-15T00:00,18.9,73,13.9,19.1,0.0,0.0,0.0,0.0,0,1015.2,1005.6,0,0,0,0,0.02,0.6,7.1,15.6,315,326,18.0,21.3,26.6,24.3,21.1,0.049,0.062,0.103,0.214,0,0.0,0.0,0.0,0.0,0.0,0.0,0.0,0.0,0.0,0.0,0.0,0.0,0.0
38.69947,-8.46048,81.0,2001-08-15T01:00,18.1,78,14.2,18.7,0.0,0.0,0.0,0.0,0,1015.2,1005.6,0,0,0,0,0.0,0.46,5.5,13.0,302,314,14.0,20.3,26.5,24.3,21.1,0.049,0.062,0.103,0.214,0,0.0,0.0,0.0,0.0,0.0,0.0,0.0,0.0,0.0,0.0,0.0,0.0,0.0
38.69947,-8.46048,81.0,2001-08-15T02:00,17.5,83,14.5,18.1,0.0,0.0,0.0,0.0,0,1015.0,1005.4,0,0,0,0,0.0,0.35,6.3,10.2,294,309,10.8,19.3,26.2,24.3,21.1,0.049,0.062,0.103,0.214,0,0.0,0.0,0.0,0.0,0.0,0.0,0.0,0.0,0.0,0.0,0.0,0.0,0.0
38.69947,-8.46048,81.0,2001-08-15T03:00,16.8,88,14.8,17.6,0.0,0.0,0.0,0.0,0,1015.3,1005.7,1,1,0,0,0.0,0.24,5.2,11.0,286,302,8.6,18.2,26.0,24.3,21.2,0.049,0.062,0.103,0.214,0,0.0,0.0,0.0,0.0,0.0,0.0,0.0,0.0,0.0,0.0,0.0,0.0,0.0
38.69947,-8.46048,81.0,2001-08-15T04:00,16.2,93,15.0,17.0,0.0,0.0,0.0,0.0,0,1015.4,1005.7,2,2,0,0,0.0,0.14,5.8,14.5,292,300,10.8,17.3,25.8,24.3,21.2,0.049,0.062,0.103,0.214,0,0.0,0.0,0.0,0.0,0.0,0.0,0.0,0.0,0.0,0.0,0.0,0.0,0.0
38.69947,-8.46048,81.0,2001-08-15T05:00,15.9,95,15.1,16.9,0.0,0.0,0.0,0.0,0,1015.9,1006.2,7,8,0,0,0.0,0.09,5.3,14.8,298,304,11.2,16.7,25.5,24.3,21.2,0.049,0.062,0.103,0.214,0,0.0,0.0,0.0,0.0,0.0,0.0,0.0,0.0,0.0,0.0,0.0,0.0,0.0
38.69947,-8.46048,81.0,2001-08-15T06:00,15.7,97,15.3,16.7,0.0,0.0,0.0,0.0,0,1016.6,1006.9,16,13,0,14,0.01,0.05,5.4,13.3,290,303,10.4,16.4,25.2,24.3,21.2,0.049,0.062,0.103,0.214,1,0.0,1.0,0.0,1.0,0.0,1.0,7.2,4.7,0.0,4.7,0.0,0.5,33.9
38.69947,-8.46048,81.0,2001-08-15T07:00,16.7,96,16.0,17.9,0.0,0.0,0.0,0.0,1,1016.9,1007.2,26,23,0,19,0.03,0.08,5.8,11.2,270,291,11.9,17.4,25.0,24.3,21.2,0.049,0.063,0.103,0.214,1,2731.56,70.0,37.0,33.0,250.4,70.0,165.2,125.9,66.5,59.4,298.6,105.6,297.2
38.69947,-8.46048,81.0,2001-08-15T08:00,19.3,80,15.8,20.1,0.0,0.0,0.0,0.0,2,1017.4,1007.8,60,53,0,40,0.12,0.44,8.4,10.8,295,296,19.1,20.7,24.9,24.3,21.2,0.049,0.062,0.103,0.214,1,3600.0,213.0,114.0,99.0,356.2,213.0,426.8,276.5,148.0,128.5,356.2,276.5,554.0
38.69947,-8.46048,81.0,2001-08-15T09:00,21.3,70,15.6,22.1,0.0,0.0,0.0,0.0,1,1017.7,1008.2,48,31,0,66,0.22,0.76,7.0,9.0,291,293,19.8,23.4,24.9,24.3,21.2,0.049,0.062,0.103,0.214,1,3600.0,351.0,196.0,155.0,388.4,351.0,673.0,410.3,229.1,181.2,388.4,410.3,786.8
38.69947,-8.46048,81.0,2001-08-15T10:00,23.5,61,15.6,24.1,0.0,0.0,0.0,0.0,2,1018.1,1008.7,66,46,10,61,0.37,1.12,8.8,11.2,289,291,22.3,26.9,24.9,24.3,21.2,0.049,0.062,0.103,0.214,1,3600.0,552.0,391.0,161.0,587.8,552.0,887.1,609.6,431.8,177.8,587.8,609.6,979.7
38.69947,-8.46048,81.0,2001-08-15T11:00,25.7,53,15.5,26.6,0.0,0.0,0.0,0.0,3,1017.8,1008.4,87,64,0,99,0.47,1.54,11.0,14.1,281,283,25.9,30.0,25.0,24.3,21.2,0.049,0.062,0.103,0.213,1,3600.0,667.0,512.0,155.0,647.5,667.0,1054.5,708.2,543.6,164.6,647.5,708.2,1119.6
38.69947,-8.46048,81.0,2001-08-15T12:00,27.0,49,15.3,27.1,0.0,0.0,0.0,0.0,2,1017.7,1008.4,74,52,20,51,0.46,1.83,13.0,16.6,275,275,28.4,31.5,25.2,24.3,21.2,0.049,0.062,0.103,0.213,1,3600.0,597.0,375.0,222.0,429.8,597.0,1163.7,614.0,385.7,228.3,429.8,614.0,1196.9
38.69947,-8.46048,81.0,2001-08-15T13:00,28.3,46,15.7,29.0,0.0,0.0,0.0,0.0,3,1017.6,1008.3,92,39,64,62,0.58,2.07,15.9,20.5,273,273,32.8,33.6,25.4,24.3,21.2,0.049,0.062,0.103,0.213,1,3600.0,763.0,481.0,282.0,531.3,763.0,1207.3,762.4,480.6,281.8,531.3,762.4,1206.2
38.69947,-8.46048,81.0,2001-08-15T14:00,26.7,55,16.8,26.4,0.4,0.4,0.0,0.0,51,1017.8,1008.5,74,37,54,26,0.43,1.59,18.4,24.3,276,277,36.0,32.9,25.6,24.3,21.2,0.053,0.062,0.103,0.213,1,3600.0,530.0,192.0,338.0,216.6,530.0,1182.2,514.2,186.3,328.0,216.6,514.2,1147.0
38.69947,-8.46048,81.0,2001-08-15T15:00,25.5,63,17.8,25.6,0.3,0.3,0.0,0.0,51,1017.8,1008.4,69,40,38,34,0.3,1.22,18.4,25.0,281,282,37.8,30.8,25.7,24.3,21.2,0.056,0.062,0.103,0.213,1,1686.4,356.0,95.0,261.0,116.2,356.0,1090.2,334.2,89.2,245.0,116.2,334.2,1023.3
38.69947,-8.46048,81.0,2001-08-15T16:00,25.6,61,17.4,25.8,0.0,0.0,0.0,0.0,1,1017.9,1008.5,40,15,13,61,0.29,1.3,16.8,22.6,285,287,37.1,29.5,25.8,24.3,21.2,0.056,0.062,0.103,0.213,1,2040.85,341.0,90.0,251.0,128.0,341.0,937.5,306.8,81.0,225.8,128.0,306.8,843.5
38.69947,-8.46048,81.0,2001-08-15T17:00,25.6,61,17.5,25.9,0.0,0.0,0.0,0.0,1,1017.8,1008.4,36,22,9,35,0.26,1.28,16.6,22.4,288,289,32.8,28.9,25.9,24.3,21.2,0.056,0.062,0.103,0.213,1,2612.05,282.0,81.0,201.0,147.1,282.0,734.5,237.9,68.3,169.6,147.1,237.9,619.7
38.69947,-8.46048,81.0,2001-08-15T18:00,25.3,62,17.5,25.5,0.0,0.0,0.0,0.0,1,1018.1,1008.7,49,37,2,48,0.21,1.22,16.6,22.6,292,292,29.9,28.1,25.9,24.3,21.2,0.057,0.062,0.103,0.213,1,3600.0,209.0,108.0,101.0,290.9,209.0,495.1,155.0,80.1,74.9,290.9,155.0,367.3
38.69947,-8.46048,81.0,2001-08-15T19:00,24.3,64,17.2,24.6,0.0,0.0,0.0,0.0,1,1018.3,1008.9,40,19,1,74,0.12,1.08,15.3,21.6,297,298,32.4,26.7,25.9,24.3,21.2,0.057,0.062,0.103,0.213,1,3298.29,85.0,30.0,55.0,169.9,85.0,235.4,37.3,13.2,24.2,151.2,37.3,103.4
38.69947,-8.46048,81.0,2001-08-15T20:00,23.1,70,17.4,23.7,0.0,0.0,0.0,0.0,1,1019.0,1009.5,35,12,0,82,0.08,0.84,13.9,21.3,307,309,28.1,25.2,25.9,24.3,21.2,0.057,0.062,0.103,0.213,0,0.0,5.0,1.0,4.0,13.3,5.0,41.7,0.0,0.0,0.0,0.0,0.0,0.0
38.69947,-8.46048,81.0,2001-08-15T21:00,21.9,76,17.5,22.5,0.0,0.0,0.0,0.0,1,1019.9,1010.4,33,11,0,78,0.04,0.63,14.3,22.5,321,325,26.3,23.9,25.8,24.3,21.2,0.056,0.062,0.103,0.213,0,0.0,0.0,0.0,0.0,0.0,0.0,0.0,0.0,0.0,0.0,0.0,0.0,0.0
38.69947,-8.46048,81.0,2001-08-15T22:00,20.8,80,17.3,21.7,0.0,0.0,0.0,0.0,1,1020.7,1011.1,26,3,0,78,0.02,0.48,12.2,20.8,326,330,27.0,22.8,25.7,24.3,21.2,0.056,0.062,0.103,0.213,0,0.0,0.0,0.0,0.0,0.0,0.0,0.0,0.0,0.0,0.0,0.0,0.0,0.0
38.69947,-8.46048,81.0,2001-08-15T23:00,19.7,84,17.0,20.4,0.0,0.0,0.0,0.0,0,1020.8,1011.2,12,6,0,23,0.01,0.36,12.1,20.9,330,333,26.6,21.8,25.6,24.3,21.2,0.056,0.062,0.103,0.213,0,0.0,0.0,0.0,0.0,0.0,0.0,0.0,0.0,0.0,0.0,0.0,0.0,0.0
38.69947,-8.46048,81.0,2001-08-16T00:00,18.8,88,16.7,19.4,0.0,0.0,0.0,0.0,0,1021.0,1011.4,14,15,0,3,0.01,0.26,11.9,20.1,331,336,23.8,20.9,25.4,24.3,21.2,0.056,0.062,0.103,0.213,0,0.0,0.0,0.0,0.0,0.0,0.0,0.0,0.0,0.0,0.0,0.0,0.0,0.0
38.69947,-8.46048,81.0,2001-08-16T01:00,18.1,90,16.3,18.6,0.0,0.0,0.0,0.0,0,1020.7,1011.1,14,15,0,0,0.0,0.22,11.3,19.9,333,338,21.2,20.2,25.3,24.3,21.2,0.056,0.062,0.103,0.213,0,0.0,0.0,0.0,0.0,0.0,0.0,0.0,0.0,0.0,0.0,0.0,0.0,0.0
38.69947,-8.46048,81.0,2001-08-16T02:00,17.5,90,15.9,17.8,0.0,0.0,0.0,0.0,0,1020.4,1010.7,7,8,0,0,0.0,0.19,11.4,20.3,336,340,21.2,19.6,25.1,24.3,21.2,0.056,0.062,0.103,0.213,0,0.0,0.0,0.0,0.0,0.0,0.0,0.0,0.0,0.0,0.0,0.0,0.0,0.0
38.69947,-8.46048,81.0,2001-08-16T03:00,16.9,91,15.4,17.1,0.0,0.0,0.0,0.0,0,1020.5,1010.8,15,17,0,0,0.0,0.18,11.6,20.8,338,342,20.9,19.0,24.9,24.3,21.2,0.056,0.062,0.103,0.213,0,0.0,0.0,0.0,0.0,0.0,0.0,0.0,0.0,0.0,0.0,0.0,0.0,0.0
38.69947,-8.46048,81.0,2001-08-16T04:00,16.4,91,15.0,16.4,0.0,0.0,0.0,0.0,0,1020.6,1010.9,14,9,0,19,0.0,0.17,11.6,21.5,338,342,19.8,18.5,24.7,24.3,21.2,0.056,0.062,0.103,0.213,0,0.0,0.0,0.0,0.0,0.0,0.0,0.0,0.0,0.0,0.0,0.0,0.0,0.0
38.69947,-8.46048,81.0,2001-08-16T05:00,16.1,91,14.5,15.7,0.0,0.0,0.0,0.0,1,1020.7,1011.0,26,10,0,58,0.0,0.17,12.4,23.1,338,342,21.2,18.0,24.5,24.3,21.2,0.056,0.062,0.103,0.213,0,0.0,0.0,0.0,0.0,0.0,0.0,0.0,0.0,0.0,0.0,0.0,0.0,0.0
38.69947,-8.46048,81.0,2001-08-16T06:00,15.9,90,14.2,15.4,0.0,0.0,0.0,0.0,1,1021.1,1011.4,38,12,0,91,0.03,0.19,12.8,23.8,338,342,23.0,17.8,24.3,24.3,21.2,0.056,0.062,0.103,0.213,1,0.0,0.0,0.0,0.0,0.0,0.0,5.3,0.0,0.0,0.0,0.0,0.0,30.1
38.69947,-8.46048,81.0,2001-08-16T07:00,16.4,85,13.9,15.8,0.0,0.0,0.0,0.0,1,1021.3,1011.6,30,1,0,97,0.04,0.27,12.4,22.8,338,342,23.8,18.0,24.1,24.2,21.2,0.056,0.062,0.103,0.213,1,2320.54,67.0,24.0,43.0,163.9,67.0,161.7,121.8,43.6,78.2,198.1,100.8,293.8
38.69947,-8.46048,81.0,2001-08-16T08:00,17.9,75,13.4,16.8,0.0,0.0,0.0,0.0,1,1021.3,1011.6,27,3,0,82,0.13,0.51,15.1,21.1,342,343,29.5,19.6,24.0,24.2,21.2,0.056,0.062,0.103,0.213,1,3600.0,217.0,91.0,126.0,286.6,217.0,423.6,282.2,118.4,163.9,286.6,282.2,551.0
38.69947,-8.46048,81.0,2001-08-16T09:00,19.8,60,11.9,18.0,0.0,0.0,0.0,0.0,0,1021.3,1011.7,9,3,0,22,0.26,0.92,16.3,22.2,342,343,33.8,21.9,24.0,24.2,21.2,0.056,0.062,0.103,0.213,1,3600.0,406.0,238.0,168.0,473.7,406.0,670.2,475.0,278.5,196.6,473.7,475.0,784.1
38.69947,-8.46048,81.0,2001-08-16T10:00,22.0,46,9.9,19.7,0.0,0.0,0.0,0.0,0,1021.4,1011.9,3,2,0,4,0.43,1.43,19.2,26.0,343,343,38.9,24.8,24.0,24.2,21.2,0.056,0.062,0.103,0.213,1,3600.0,643.0,511.0,132.0,770.7,643.0,884.5,710.4,564.5,145.8,770.7,710.4,977.2
38.69947,-8.46048,81.0,2001-08-16T11:00,23.9,38,8.6,21.8,0.0,0.0,0.0,0.0,0,1020.9,1011.4,19,0,0,64,0.56,1.84,20.0,26.7,342,344,41.8,27.5,24.1,24.2,21.2,0.056,0.062,0.103,0.213,1,3600.0,798.0,687.0,111.0,871.2,798.0,1052.0,847.4,729.5,117.9,871.2,847.4,1117.2
38.69947,-8.46048,81.0,2001-08-16T12:00,25.4,33,7.9,23.6,0.0,0.0,0.0,0.0,1,1020.5,1011.1,25,1,0,81,0.65,2.17,20.1,26.8,339,340,42.8,29.8,24.2,24.2,21.2,0.056,0.062,0.103,0.213,1,3600.0,899.0,775.0,124.0,890.4,899.0,1161.2,924.6,797.1,127.5,890.4,924.6,1194.3
38.69947,-8.46048,81.0,2001-08-16T13:00,26.3,30,7.5,24.4,0.0,0.0,0.0,0.0,1,1019.9,1010.5,26,0,0,86,0.68,2.39,20.6,27.4,335,337,43.9,31.3,24.4,24.2,21.2,0.055,0.062,0.103,0.213,1,3600.0,915.0,743.0,172.0,822.9,915.0,1204.6,914.1,742.3,171.8,822.9,914.1,1203.5
38.69947,-8.46048,81.0,2001-08-16T14:00,26.8,29,7.4,24.5,0.0,0.0,0.0,0.0,1,1019.5,1010.1,23,0,0,76,0.67,2.49,21.7,28.8,333,334,45.0,32.2,24.7,24.2,21.2,0.055,0.062,0.102,0.213,1,3600.0,878.0,681.0,197.0,770.4,878.0,1179.3,851.7,660.6,191.1,770.4,851.7,1144.0
38.69947,-8.46048,81.0,2001-08-16T15:00,26.7,29,7.3,23.9,0.0,0.0,0.0,0.0,0,1019.3,1009.9,11,0,0,38,0.62,2.49,21.7,29.1,331,333,45.7,32.2,24.9,24.2,21.2,0.055,0.062,0.102,0.213,1,3600.0,771.0,542.0,229.0,665.3,771.0,1086.9,723.4,508.5,214.9,665.3,723.4,1019.8
38.69947,-8.46048,81.0,2001-08-16T16:00,26.3,30,7.2,22.9,0.0,0.0,0.0,0.0,0,1019.1,1009.7,1,0,0,2,0.56,2.41,22.6,30.5,329,331,46.4,31.6,25.1,24.2,21.2,0.055,0.062,0.102,0.213,1,3600.0,679.0,539.0,140.0,770.1,679.0,933.8,610.4,484.6,125.9,770.1,610.4,839.5
38.69947,-8.46048,81.0,2001-08-16T17:00,25.4,32,7.5,21.4,0.0,0.0,0.0,0.0,0,1019.0,1009.6,0,0,0,0,0.46,2.21,22.9,30.9,330,331,46.4,30.4,25.2,24.2,21.2,0.054,0.062,0.102,0.213,1,3600.0,520.0,431.0,89.0,787.4,520.0,730.3,438.0,363.1,75.0,787.4,438.0,615.2
38.69947,-8.46048,81.0,2001-08-16T18:00,24.0,36,8.1,20.2,0.0,0.0,0.0,0.0,0,1019.5,1010.1,0,0,0,0,0.33,1.91,23.0,32.3,328,329,46.4,28.5,25.3,24.2,21.2,0.054,0.062,0.102,0.213,1,3600.0,319.0,246.0,73.0,669.4,319.0,490.3,235.7,181.8,53.9,669.4,235.7,362.3
38.69947,-8.46048,81.0,2001-08-16T19:00,22.1,45,9.4,19.0,0.0,0.0,0.0,0.0,0,1019.6,1010.1,0,0,0,0,0.19,1.47,20.3,30.8,327,327,44.6,26.0,25.3,24.2,21.2,0.054,0.062,0.102,0.213,1,3600.0,122.0,79.0,43.0,457.9,122.0,230.2,51.9,33.6,18.3,385.6,51.9,97.9
38.69947,-8.46048,81.0,2001-08-16T20:00,20.4,52,10.2,17.7,0.0,0.0,0.0,0.0,0,1020.0,1010.4,0,0,0,0,0.13,1.15,18.9,30.1,329,331,39.2,23.7,25.2,24.2,21.2,0.054,0.062,0.102,0.213,0,0.0,7.0,2.0,5.0,27.5,7.0,39.0,0.0,0.0,0.0,0.0,0.0,0.0
38.69947,-8.46048,81.0,2001-08-16T21:00,19.1,59,11.0,17.0,0.0,0.0,0.0,0.0,0,1020.6,1011.0,0,0,0,0,0.08,0.9,16.4,27.9,331,333,34.6,21.9,25.1,24.2,21.2,0.054,0.062,0.102,0.213,0,0.0,0.0,0.0,0.0,0.0,0.0,0.0,0.0,0.0,0.0,0.0,0.0,0.0
38.69947,-8.46048,81.0,2001-08-16T22:00,18.0,66,11.5,16.4,0.0,0.0,0.0,0.0,0,1020.8,1011.2,0,0,0,0,0.05,0.71,14.3,25.3,332,334,30.2,20.5,25.0,24.2,21.3,0.054,0.062,0.102,0.213,0,0.0,0.0,0.0,0.0,0.0,0.0,0.0,0.0,0.0,0.0,0.0,0.0,0.0
38.69947,-8.46048,81.0,2001-08-16T23:00,17.1,71,11.9,15.8,0.0,0.0,0.0,0.0,0,1020.6,1010.9,0,0,0,0,0.04,0.56,13.2,24.3,331,335,27.0,19.4,24.8,24.2,21.3,0.054,0.062,0.102,0.213,0,0.0,0.0,0.0,0.0,0.0,0.0,0.0,0.0,0.0,0.0,0.0,0.0,0.0
38.69947,-8.46048,81.0,2001-08-17T00:00,16.4,76,12.2,15.3,0.0,0.0,0.0,0.0,0,1020.4,1010.7,0,0,0,0,0.03,0.45,12.4,23.3,330,333,24.5,18.5,24.6,24.2,21.3,0.054,0.062,0.102,0.213,0,0.0,0.0,0.0,0.0,0.0,0.0,0.0,0.0,0.0,0.0,0.0,0.0,0.0
38.69947,-8.46048,81.0,2001-08-17T01:00,15.8,80,12.4,14.9,0.0,0.0,0.0,0.0,0,1020.0,1010.3,0,0,0,0,0.02,0.36,11.2,22.2,327,331,22.7,17.8,24.4,24.2,21.3,0.054,0.062,0.102,0.213,0,0.0,0.0,0.0,0.0,0.0,0.0,0.0,0.0,0.0,0.0,0.0,0.0,0.0
38.69947,-8.46048,81.0,2001-08-17T02:00,15.3,84,12.7,14.6,0.0,0.0,0.0,0.0,0,1019.6,1009.9,0,0,0,0,0.01,0.27,10.6,21.8,325,329,20.2,17.1,24.2,24.2,21.3,0.054,0.062,0.102,0.213,0,0.0,0.0,0.0,0.0,0.0,0.0,0.0,0.0,0.0,0.0,0.0,0.0,0.0
38.69947,-8.46048,81.0,2001-08-17T03:00,14.8,88,12.9,14.2,0.0,0.0,0.0,0.0,0,1019.2,1009.5,1,1,0,0,0.0,0.2,9.8,21.1,324,330,17.3,16.4,24.0,24.2,21.3,0.054,0.062,0.102,0.213,0,0.0,0.0,0.0,0.0,0.0,0.0,0.0,0.0,0.0,0.0,0.0,0.0,0.0
38.69947,-8.46048,81.0,2001-08-17T04:00,14.3,92,13.0,13.8,0.0,0.0,0.0,0.0,0,1019.1,1009.3,2,2,0,0,0.0,0.13,10.2,22.1,321,326,14.8,15.8,23.8,24.2,21.3,0.054,0.062,0.102,0.213,0,0.0,0.0,0.0,0.0,0.0,0.0,0.0,0.0,0.0,0.0,0.0,0.0,0.0
38.69947,-8.46048,81.0,2001-08-17T05:00,14.0,95,13.2,13.5,0.0,0.0,0.0,0.0,0,1019.0,1009.2,5,6,0,0,0.0,0.09,10.7,22.3,320,326,15.8,15.5,23.6,24.1,21.3,0.054,0.062,0.102,0.213,0,0.0,0.0,0.0,0.0,0.0,0.0,0.0,0.0,0.0,0.0,0.0,0.0,0.0
38.69947,-8.46048,81.0,2001-08-17T06:00,13.9,96,13.3,13.6,0.0,0.0,0.0,0.0,0,1019.2,1009.4,7,8,0,0,0.01,0.06,9.3,20.7,324,329,15.5,15.3,23.3,24.1,21.3,0.054,0.062,0.102,0.213,1,0.0,0.0,0.0,0.0,0.0,0.0,3.4,0.0,0.0,0.0,0.0,0.0,26.2
38.69947,-8.46048,81.0,2001-08-17T07:00,15.2,91,13.8,15.1,0.0,0.0,0.0,0.0,0,1019.0,1009.3,4,5,0,0,0.03,0.15,9.2,17.4,329,333,16.9,15.9,23.1,24.1,21.3,0.054,0.062,0.102,0.213,1,2629.82,72.0,41.0,31.0,282.5,72.0,158.1,132.3,75.3,57.0,346.1,108.0,290.5
38.69947,-8.46048,81.0,2001-08-17T08:00,17.3,76,13.1,16.8,0.0,0.0,0.0,0.0,0,1019.2,1009.5,4,4,0,1,0.13,0.47,10.1,14.3,333,335,21.6,18.0,23.0,24.1,21.3,0.054,0.062,0.102,0.213,1,3600.0,249.0,179.0,70.0,568.1,249.0,420.5,324.5,233.3,91.2,568.1,324.5,548.0
38.69947,-8.46048,81.0,2001-08-17T09:00,19.5,59,11.3,18.4,0.0,0.0,0.0,0.0,0,1019.1,1009.5,4,0,0,14,0.27,0.93,10.5,13.7,329,330,25.2,21.2,23.0,24.1,21.3,0.054,0.062,0.102,0.213,1,3600.0,447.0,344.0,103.0,687.9,447.0,667.4,523.4,402.8,120.6,687.9,523.4,781.4
38.69947,-8.46048,81.0,2001-08-17T10:00,21.7,47,9.8,20.5,0.0,0.0,0.0,0.0,0,1019.2,1009.7,3,0,0,11,0.41,1.38,10.7,13.8,318,319,26.6,24.7,23.0,24.1,21.3,0.054,0.062,0.102,0.213,1,3600.0,634.0,527.0,107.0,797.4,634.0,882.0,700.7,582.4,118.3,797.4,700.7,974.7
38.69947,-8.46048,81.0,2001-08-17T11:00,23.5,41,9.4,23.1,0.0,0.0,0.0,0.0,0,1018.6,1009.1,0,0,0,0,0.52,1.71,10.5,13.3,308,311,27.7,27.7,23.2,24.1,21.3,0.054,0.062,0.102,0.213,1,3600.0,774.0,650.0,124.0,826.5,774.0,1049.5,822.0,690.3,131.7,826.5,822.0,1114.7
38.69947,-8.46048,81.0,2001-08-17T12:00,24.9,38,9.5,25.0,0.0,0.0,0.0,0.0,0,1018.3,1008.9,1,1,0,0,0.59,1.95,10.6,13.4,298,301,28.8,30.3,23.4,24.1,21.3,0.053,0.062,0.102,0.213,1,3600.0,865.0,738.0,127.0,850.0,865.0,1158.7,889.7,759.1,130.6,850.0,889.7,1191.8
38.69947,-8.46048,81.0,2001-08-17T13:00,26.1,36,9.8,26.3,0.0,0.0,0.0,0.0,0,1017.8,1008.4,0,0,0,0,0.64,2.16,12.0,15.2,291,292,31.0,32.2,23.6,24.1,21.3,0.053,0.062,0.102,0.213,1,3600.0,911.0,789.0,122.0,876.1,911.0,1201.9,910.0,788.2,121.9,876.1,910.0,1200.7
38.69947,-8.46048,81.0,2001-08-17T14:00,26.8,36,10.3,26.8,0.0,0.0,0.0,0.0,0,1017.2,1007.9,0,0,0,0,0.64,2.27,13.7,17.5,288,289,33.8,33.3,23.9,24.1,21.3,0.053,0.062,0.102,0.213,1,3600.0,889.0,772.0,117.0,875.9,889.0,1176.3,862.2,748.7,113.5,875.9,862.2,1140.8
38.69947,-8.46048,81.0,2001-08-17T15:00,27.0,36,10.7,26.4,0.0,0.0,0.0,0.0,0,1016.8,1007.5,0,0,0,0,0.6,2.28,15.1,19.5,288,289,36.4,33.5,24.2,24.1,21.3,0.053,0.062,0.102,0.213,1,3600.0,801.0,682.0,119.0,840.0,801.0,1083.6,751.2,639.6,111.6,840.0,751.2,1016.3
38.69947,-8.46048,81.0,2001-08-17T16:00,26.7,38,11.1,25.4,0.0,0.0,0.0,0.0,0,1016.1,1006.8,0,0,0,0,0.51,2.19,15.7,20.2,286,289,37.1,32.8,24.4,24.1,21.3,0.053,0.062,0.102,0.213,1,3600.0,667.0,565.0,102.0,810.9,667.0,930.0,599.2,507.5,91.6,810.9,599.2,835.4
38.69947,-8.46048,81.0,2001-08-17T17:00,26.1,40,11.5,24.1,0.0,0.0,0.0,0.0,0,1016.1,1006.8,2,0,0,5,0.41,2.03,16.8,21.9,285,287,36.4,31.4,24.6,24.1,21.3,0.053,0.062,0.102,0.213,1,3600.0,493.0,402.0,91.0,739.0,493.0,726.0,414.7,338.1,76.5,739.0,414.7,610.6
38.69947,-8.46048,81.0,2001-08-17T18:00,25.0,45,12.1,23.1,0.0,0.0,0.0,0.0,0,1016.1,1006.7,5,0,2,13,0.28,1.76,17.6,23.7,285,287,36.0,29.5,24.7,24.1,21.3,0.053,0.062,0.102,0.213,1,3600.0,296.0,222.0,74.0,610.3,296.0,485.5,217.8,163.3,54.4,610.3,217.8,357.2
38.69947,-8.46048,81.0,2001-08-17T19:00,23.5,53,13.3,22.3,0.0,0.0,0.0,0.0,0,1016.2,1006.8,5,0,2,12,0.15,1.36,15.5,22.6,282,284,34.9,27.1,24.8,24.0,21.3,0.053,0.062,0.102,0.213,1,3537.79,110.0,67.0,43.0,393.6,110.0,224.9,45.2,27.5,17.7,315.9,44.7,92.4
38.69947,-8.46048,81.0,2001-08-17T20:00,22.0,61,14.1,21.5,0.0,0.0,0.0,0.0,0,1016.3,1006.8,19,7,9,25,0.09,1.04,12.7,20.8,278,280,29.5,24.9,24.8,24.0,21.3,0.053,0.062,0.102,0.213,0,0.0,5.0,1.0,4.0,14.1,5.0,36.2,0.0,0.0,0.0,0.0,0.0,0.0
38.69947,-8.46048,81.0,2001-08-17T21:00,20.9,69,15.0,21.1,0.0,0.0,0.0,0.0,1,1017.0,1007.5,26,5,11,50,0.04,0.77,10.1,17.7,270,274,23.4,23.3,24.7,24.0,21.3,0.053,0.062,0.102,0.213,0,0.0,0.0,0.0,0.0,0.0,0.0,0.0,0.0,0.0,0.0,0.0,0.0,0.0
38.69947,-8.46048,81.0,2001-08-17T22:00,20.1,76,15.7,20.6,0.0,0.0,0.0,0.0,1,1017.1,1007.6,31,6,1,84,0.02,0.57,9.9,18.4,251,258,17.6,22.1,24.6,24.0,21.3,0.053,0.062,0.102,0.213,0,0.0,0.0,0.0,0.0,0.0,0.0,0.0,0.0,0.0,0.0,0.0,0.0,0.0
38.69947,-8.46048,81.0,2001-08-17T23:00,19.5,82,16.3,20.3,0.0,0.0,0.0,0.0,1,1016.5,1006.9,38,10,0,98,0.01,0.41,10.0,18.7,244,251,15.1,21.3,24.5,24.0,21.3,0.052,0.062,0.102,0.213,0,0.0,0.0,0.0,0.0,0.0,0.0,0.0,0.0,0.0,0.0,0.0,0.0,0.0
38.69947,-8.46048,81.0,2001-08-18T00:00,19.3,86,16.8,20.3,0.0,0.0,0.0,0.0,2,1016.1,1006.5,51,27,0,88,0.01,0.32,9.7,18.1,239,247,15.1,20.8,24.4,24.0,21.3,0.052,0.062,0.102,0.213,0,0.0,0.0,0.0,0.0,0.0,0.0,0.0,0.0,0.0,0.0,0.0,0.0,0.0
38.69947,-8.46048,81.0,2001-08-18T01:00,19.1,89,17.2,20.2,0.0,0.0,0.0,0.0,2,1015.6,1006.0,79,68,0,58,0.0,0.25,9.5,17.4,233,243,15.1,20.4,24.3,24.0,21.3,0.052,0.062,0.102,0.213,0,0.0,0.0,0.0,0.0,0.0,0.0,0.0,0.0,0.0,0.0,0.0,0.0,0.0
38.69947,-8.46048,81.0,2001-08-18T02:00,19.0,90,17.4,20.3,0.0,0.0,0.0,0.0,3,1015.1,1005.5,97,85,0,69,0.0,0.22,9.4,16.8,223,235,15.5,20.2,24.2,24.0,21.3,0.052,0.062,0.102,0.213,0,0.0,0.0,0.0,0.0,0.0,0.0,0.0,0.0,0.0,0.0,0.0,0.0,0.0
38.69947,-8.46048,81.0,2001-08-18T03:00,19.2,90,17.6,20.5,0.0,0.0,0.0,0.0,3,1014.5,1005.0,100,99,0,72,0.0,0.21,9.5,16.8,217,228,15.8,20.3,24.1,24.0,21.3,0.052,0.062,0.102,0.213,0,0.0,0.0,0.0,0.0,0.0,0.0,0.0,0.0,0.0,0.0,0.0,0.0,0.0
38.69947,-8.46048,81.0,2001-08-18T04:00,19.3,91,17.8,20.7,0.0,0.0,0.0,0.0,3,1014.2,1004.7,97,99,1,25,0.0,0.2,9.4,16.4,220,230,16.6,20.3,24.0,24.0,21.3,0.052,0.062,0.102,0.213,0,0.0,0.0,0.0,0.0,0.0,0.0,0.0,0.0,0.0,0.0,0.0,0.0,0.0
38.69947,-8.46048,81.0,2001-08-18T05:00,19.4,92,18.0,20.9,0.0,0.0,0.0,0.0,3,1014.2,1004.7,90,93,11,0,0.0,0.19,10.0,15.8,232,235,16.6,20.4,23.9,24.0,21.3,0.053,0.062,0.102,0.213,0,0.0,0.0,0.0,0.0,0.0,0.0,0.0,0.0,0.0,0.0,0.0,0.0,0.0
38.69947,-8.46048,81.0,2001-08-18T06:00,19.6,92,18.2,21.0,0.0,0.0,0.0,0.0,3,1014.2,1004.7,96,98,13,0,0.02,0.19,10.6,16.1,242,243,16.2,20.5,23.8,24.0,21.3,0.053,0.062,0.102,0.213,1,0.0,0.0,0.0,0.0,0.0,0.0,1.5,0.0,0.0,0.0,0.0,0.0,22.4
38.69947,-8.46048,81.0,2001-08-18T07:00,20.0,91,18.5,21.8,0.0,0.0,0.0,0.0,3,1014.5,1005.0,99,97,20,0,0.03,0.21,9.7,14.6,243,250,20.2,20.8,23.7,24.0,21.3,0.053,0.062,0.102,0.213,1,0.0,16.0,0.0,16.0,0.0,16.0,154.5,29.7,0.0,29.7,0.0,23.9,287.1
38.69947,-8.46048,81.0,2001-08-18T08:00,20.6,87,18.5,22.3,0.1,0.1,0.0,0.0,51,1014.9,1005.4,93,90,20,0,0.07,0.3,9.7,13.3,270,272,20.2,21.5,23.7,24.0,21.3,0.055,0.062,0.102,0.213,1,0.0,77.0,10.0,67.0,32.0,77.0,417.3,100.6,13.1,87.5,32.0,100.6,545.1
38.69947,-8.46048,81.0,2001-08-18T09:00,21.4,83,18.4,23.1,0.2,0.2,0.0,0.0,51,1015.0,1005.5,75,61,17,32,0.13,0.44,9.5,12.7,299,299,22.0,22.5,23.6,24.0,21.3,0.057,0.062,0.102,0.213,1,429.91,184.0,37.0,147.0,74.3,184.0,664.6,215.6,43.4,172.3,74.3,215.6,778.7
38.69947,-8.46048,81.0,2001-08-18T10:00,23.0,74,18.0,24.5,0.1,0.1,0.0,0.0,51,1015.0,1005.6,88,74,6,59,0.28,0.74,9.3,12.1,306,307,25.9,24.6,23.7,24.0,21.3,0.058,0.062,0.102,0.213,1,3600.0,434.0,248.0,186.0,376.5,434.0,879.3,479.8,274.2,205.6,376.5,479.8,972.2
38.69947,-8.46048,81.0,2001-08-18T11:00,24.9,62,17.2,26.5,0.0,0.0,0.0,0.0,2,1015.1,1005.7,56,58,0,12,0.44,1.18,10.2,12.8,302,302,27.7,27.5,23.8,24.0,21.3,0.059,0.062,0.102,0.213,1,3600.0,654.0,464.0,190.0,591.7,654.0,1047.0,694.7,492.9,201.8,591.7,694.7,1112.2
38.69947,-8.46048,81.0,2001-08-18T12:00,26.3,54,16.3,27.8,0.0,0.0,0.0,0.0,1,1015.1,1005.8,47,49,0,10,0.52,1.57,12.1,15.2,300,301,28.4,29.5,24.0,24.0,21.3,0.059,0.062,0.102,0.213,1,3600.0,736.0,533.0,203.0,615.5,736.0,1156.1,757.0,548.2,208.8,615.5,757.0,1189.1
38.69947,-8.46048,81.0,2001-08-18T13:00,27.3,49,15.6,28.7,0.0,0.0,0.0,0.0,1,1014.7,1005.4,28,31,0,1,0.58,1.85,12.7,16.1,299,299,29.5,31.6,24.2,24.0,21.3,0.058,0.062,0.102,0.212,1,3600.0,800.0,634.0,166.0,705.9,800.0,1199.2,799.1,633.3,165.8,705.9,799.1,1197.8
38.69947,-8.46048,81.0,2001-08-18T14:00,27.9,44,14.5,29.0,0.0,0.0,0.0,0.0,1,1014.3,1005.0,38,30,0,37,0.61,2.1,12.9,16.3,297,298,31.0,33.0,24.4,24.0,21.3,0.058,0.062,0.102,0.212,1,3600.0,821.0,657.0,164.0,747.6,821.0,1173.3,796.0,637.0,159.0,747.6,796.0,1137.6
38.69947,-8.46048,81.0,2001-08-18T15:00,28.0,38,12.5,28.1,0.0,0.0,0.0,0.0,1,1014.0,1004.7,32,19,0,49,0.58,2.33,13.0,16.4,294,296,32.4,33.5,24.7,24.0,21.3,0.057,0.062,0.102,0.212,1,3600.0,767.0,630.0,137.0,778.7,767.0,1080.2,719.0,590.6,128.4,778.7,719.0,1012.6
38.69947,-8.46048,81.0,2001-08-18T16:00,27.7,36,11.4,26.7,0.0,0.0,0.0,0.0,0,1013.6,1004.3,7,4,0,11,0.5,2.36,13.4,17.1,297,298,32.8,33.0,24.9,23.9,21.3,0.057,0.062,0.102,0.212,1,3600.0,644.0,529.0,115.0,762.7,644.0,926.1,578.1,474.8,103.2,762.7,578.1,831.3
38.69947,-8.46048,81.0,2001-08-18T17:00,27.1,36,10.8,25.1,0.0,0.0,0.0,0.0,0,1013.6,1004.3,5,1,0,15,0.42,2.29,14.9,19.2,302,304,32.4,31.9,25.1,23.9,21.3,0.057,0.062,0.102,0.212,1,3600.0,506.0,413.0,93.0,764.2,506.0,721.6,424.9,346.8,78.1,764.2,424.9,606.0
38.69947,-8.46048,81.0,2001-08-18T18:00,25.9,38,10.5,23.4,0.0,0.0,0.0,0.0,0,1014.0,1004.7,0,0,0,0,0.31,2.07,17.8,24.2,312,313,33.5,30.0,25.2,23.9,21.3,0.056,0.062,0.102,0.212,1,3600.0,311.0,239.0,72.0,664.0,311.0,480.6,227.8,175.1,52.7,664.0,227.8,352.1
38.69947,-8.46048,81.0,2001-08-18T19:00,23.6,44,10.6,21.3,0.0,0.0,0.0,0.0,0,1014.2,1004.8,0,0,0,0,0.18,1.63,16.8,25.6,318,321,35.6,27.3,25.3,23.9,21.3,0.056,0.062,0.102,0.212,1,3461.21,115.0,73.0,42.0,433.9,115.0,219.5,45.5,28.9,16.6,331.2,44.4,86.8
38.69947,-8.46048,81.0,2001-08-18T20:00,21.6,50,10.7,19.5,0.0,0.0,0.0,0.0,0,1014.6,1005.1,0,0,0,0,0.13,1.29,15.9,26.0,327,329,31.7,24.7,25.2,23.9,21.4,0.056,0.062,0.102,0.212,0,0.0,5.0,2.0,3.0,29.1,5.0,33.4,0.0,0.0,0.0,0.0,0.0,0.0
38.69947,-8.46048,81.0,2001-08-18T21:00,20.0,56,11.0,18.1,0.0,0.0,0.0,0.0,0,1015.4,1005.9,0,0,0,0,0.08,1.03,15.3,25.6,330,332,29.9,22.8,25.2,23.9,21.4,0.056,0.062,0.102,0.212,0,0.0,0.0,0.0,0.0,0.0,0.0,0.0,0.0,0.0,0.0,0.0,0.0,0.0
38.69947,-8.46048,81.0,2001-08-18T22:00,18.8,62,11.2,17.3,0.0,0.0,0.0,0.0,0,1015.8,1006.2,0,0,0,0,0.05,0.83,12.4,22.1,330,334,27.7,21.3,25.0,23.9,21.4,0.056,0.062,0.102,0.212,0,0.0,0.0,0.0,0.0,0.0,0.0,0.0,0.0,0.0,0.0,0.0,0.0,0.0
38.69947,-8.46048,81.0,2001-08-18T23:00,17.7,67,11.4,16.7,0.0,0.0,0.0,0.0,0,1015.6,1006.0,0,0,0,0,0.03,0.68,9.9,19.5,327,332,23.8,20.1,24.9,23.9,21.4,0.056,0.062,0.102,0.212,0,0.0,0.0,0.0,0.0,0.0,0.0,0.0,0.0,0.0,0.0,0.0,0.0,0.0
38.69947,-8.46048,81.0,2001-08-19T00:00,16.9,71,11.6,16.2,0.0,0.0,0.0,0.0,0,1015.4,1005.8,0,0,0,0,0.02,0.55,7.7,17.1,323,330,17.6,19.0,24.7,23.9,21.4,0.056,0.062,0.102,0.212,0,0.0,0.0,0.0,0.0,0.0,0.0,0.0,0.0,0.0,0.0,0.0,0.0,0.0
38.69947,-8.46048,81.0,2001-08-19T01:00,16.2,75,11.8,15.8,0.0,0.0,0.0,0.0,0,1014.9,1005.2,7,0,0,24,0.01,0.45,6.6,16.2,319,328,13.3,18.0,24.5,23.9,21.4,0.056,0.062,0.102,0.212,0,0.0,0.0,0.0,0.0,0.0,0.0,0.0,0.0,0.0,0.0,0.0,0.0,0.0
38.69947,-8.46048,81.0,2001-08-19T02:00,15.6,79,12.0,15.3,0.0,0.0,0.0,0.0,0,1014.7,1005.0,4,0,0,15,0.0,0.36,6.1,15.2,315,324,11.9,17.1,24.3,23.9,21.4,0.056,0.062,0.102,0.212,0,0.0,0.0,0.0,0.0,0.0,0.0,0.0,0.0,0.0,0.0,0.0,0.0,0.0
38.69947,-8.46048,81.0,2001-08-19T03:00,15.0,83,12.2,14.8,0.0,0.0,0.0,0.0,0,1014.7,1005.0,0,0,0,0,0.0,0.29,6.1,14.8,310,319,11.2,16.3,24.1,23.9,21.4,0.056,0.062,0.102,0.212,0,0.0,0.0,0.0,0.0,0.0,0.0,0.0,0.0,0.0,0.0,0.0,0.0,0.0
38.69947,-8.46048,81.0,2001-08-19T04:00,14.5,87,12.3,14.3,0.0,0.0,0.0,0.0,1,1014.3,1004.6,26,0,0,88,0.0,0.22,6.2,14.0,306,316,10.1,15.4,23.8,23.9,21.4,0.056,0.062,0.102,0.212,0,0.0,0.0,0.0,0.0,0.0,0.0,0.0,0.0,0.0,0.0,0.0,0.0,0.0
38.69947,-8.46048,81.0,2001-08-19T05:00,13.7,92,12.3,13.4,0.0,0.0,0.0,0.0,1,1014.5,1004.8,27,0,0,91,0.0,0.13,7.0,13.5,305,314,9.7,14.6,23.6,23.9,21.4,0.056,0.062,0.102,0.212,0,0.0,0.0,0.0,0.0,0.0,0.0,0.0,0.0,0.0,0.0,0.0,0.0,0.0
38.69947,-8.46048,81.0,2001-08-19T06:00,13.6,92,12.2,13.3,0.0,0.0,0.0,0.0,1,1014.8,1005.1,29,0,0,97,0.0,0.13,6.8,11.5,302,311,10.1,14.0,23.3,23.9,21.4,0.056,0.062,0.102,0.212,1,0.0,0.0,0.0,0.0,0.0,0.0,0.0,0.0,0.0,0.0,0.0,0.0,18.6
38.69947,-8.46048,81.0,2001-08-19T07:00,15.5,89,13.7,16.2,0.0,0.0,0.0,0.0,1,1014.8,1005.1,29,0,0,98,0.02,0.19,3.9,9.5,292,307,9.0,14.9,23.1,23.9,21.4,0.056,0.062,0.102,0.212,1,2430.69,63.0,25.0,38.0,175.4,63.0,150.9,118.5,47.0,71.5,221.3,93.9,283.7
38.69947,-8.46048,81.0,2001-08-19T08:00,17.7,80,14.2,18.6,0.0,0.0,0.0,0.0,1,1015.0,1005.4,30,0,0,100,0.11,0.41,3.4,5.5,288,293,11.5,18.4,22.9,23.9,21.4,0.056,0.062,0.102,0.212,1,3600.0,215.0,108.0,107.0,348.3,215.0,414.1,281.4,141.4,140.1,348.3,281.4,542.1
38.69947,-8.46048,81.0,2001-08-19T09:00,19.9,69,14.1,20.0,0.0,0.0,0.0,0.0,2,1015.1,1005.6,52,26,0,96,0.24,0.71,8.0,10.1,297,297,18.7,22.3,22.9,23.9,21.4,0.056,0.062,0.102,0.212,1,3600.0,396.0,242.0,154.0,488.5,396.0,661.7,464.4,283.8,180.6,488.5,464.4,776.0
38.69947,-8.46048,81.0,2001-08-19T10:00,21.8,59,13.4,21.6,0.0,0.0,0.0,0.0,2,1015.5,1006.0,66,43,0,90,0.36,1.08,9.0,11.2,307,310,23.0,25.3,23.0,23.9,21.4,0.056,0.062,0.102,0.212,1,3600.0,556.0,355.0,201.0,540.8,556.0,876.7,614.9,392.6,222.3,540.8,614.9,969.6
38.69947,-8.46048,81.0,2001-08-19T11:00,23.4,52,12.9,24.0,0.0,0.0,0.0,0.0,1,1015.1,1005.7,29,16,0,50,0.45,1.39,7.8,9.8,292,294,23.0,27.9,23.2,23.9,21.4,0.056,0.062,0.102,0.212,1,3600.0,674.0,413.0,261.0,528.1,674.0,1044.5,716.0,438.8,277.3,528.1,716.0,1109.6
38.69947,-8.46048,81.0,2001-08-19T12:00,25.2,46,12.6,26.6,0.0,0.0,0.0,0.0,0,1015.0,1005.6,5,4,0,6,0.57,1.74,8.0,10.0,280,283,25.2,30.7,23.4,23.9,21.4,0.055,0.062,0.102,0.212,1,3600.0,841.0,684.0,157.0,792.0,841.0,1153.5,865.0,703.5,161.5,792.0,865.0,1186.5
38.69947,-8.46048,81.0,2001-08-19T13:00,26.6,43,12.8,28.2,0.0,0.0,0.0,0.0,0,1014.4,1005.1,3,3,0,0,0.63,2.0,9.0,11.2,272,276,27.7,32.9,23.6,23.9,21.4,0.055,0.062,0.102,0.212,1,3600.0,894.0,778.0,116.0,868.5,894.0,1196.4,892.9,777.0,115.9,868.5,892.9,1194.9
38.69947,-8.46048,81.0,2001-08-19T14:00,27.4,42,13.5,28.6,0.0,0.0,0.0,0.0,0,1014.0,1004.7,5,6,0,0,0.61,2.11,10.4,13.0,270,273,29.9,33.9,23.9,23.8,21.4,0.055,0.062,0.102,0.212,1,3600.0,837.0,671.0,166.0,765.9,837.0,1170.2,811.4,650.4,160.9,765.9,811.4,1134.4
38.69947,-8.46048,81.0,2001-08-19T15:00,27.9,43,14.2,28.8,0.0,0.0,0.0,0.0,0,1013.7,1004.4,4,5,0,0,0.57,2.13,11.6,14.4,263,266,31.3,34.2,24.2,23.8,21.4,0.054,0.062,0.102,0.212,1,3600.0,767.0,640.0,127.0,794.0,767.0,1076.7,718.7,599.7,119.0,794.0,718.7,1008.9
38.69947,-8.46048,81.0,2001-08-19T16:00,27.8,45,14.7,27.7,0.0,0.0,0.0,0.0,0,1013.1,1003.8,4,4,0,0,0.48,2.06,13.8,17.4,263,264,32.4,33.7,24.5,23.8,21.4,0.054,0.062,0.101,0.212,1,3600.0,628.0,500.0,128.0,724.2,628.0,922.2,563.3,448.5,114.8,724.2,563.3,827.1
38.69947,-8.46048,81.0,2001-08-19T17:00,27.2,47,15.1,26.7,0.0,0.0,0.0,0.0,0,1013.3,1004.0,13,9,8,0,0.37,1.9,15.2,19.9,265,266,33.1,32.2,24.7,23.8,21.4,0.054,0.062,0.101,0.212,1,3600.0,438.0,317.0,121.0,590.4,438.0,717.2,367.2,265.8,101.4,590.4,367.2,601.3
38.69947,-8.46048,81.0,2001-08-19T18:00,25.9,54,15.8,25.5,0.0,0.0,0.0,0.0,0,1013.7,1004.4,14,13,4,0,0.25,1.54,16.3,21.7,264,265,33.8,30.3,24.8,23.8,21.4,0.054,0.062,0.101,0.212,1,3600.0,275.0,194.0,81.0,544.8,275.0,475.7,200.5,141.5,59.1,544.8,200.5,346.9
38.69947,-8.46048,81.0,2001-08-19T19:00,23.6,64,16.4,23.6,0.0,0.0,0.0,0.0,1,1014.0,1004.6,47,36,25,0,0.12,1.05,15.2,21.7,263,264,32.8,27.6,24.9,23.8,21.4,0.054,0.062,0.101,0.212,1,3384.01,87.0,46.0,41.0,276.7,87.0,214.1,33.0,17.4,15.5,200.0,31.8,81.1
38.69947,-8.46048,81.0,2001-08-19T20:00,22.2,71,16.8,22.7,0.0,0.0,0.0,0.0,1,1014.3,1004.8,48,40,20,0,0.07,0.76,12.3,18.8,263,265,28.8,25.3,24.9,23.8,21.4,0.054,0.062,0.101,0.212,0,0.0,3.0,1.0,2.0,15.0,3.0,30.6,0.0,0.0,0.0,0.0,0.0,0.0
38.69947,-8.46048,81.0,2001-08-19T21:00,21.5,76,17.0,22.6,0.0,0.0,0.0,0.0,1,1015.1,1005.6,46,44,11,0,0.02,0.62,9.5,15.2,259,263,22.7,23.9,24.9,23.8,21.4,0.054,0.062,0.101,0.212,0,0.0,0.0,0.0,0.0,0.0,0.0,0.0,0.0,0.0,0.0,0.0,0.0,0.0
38.69947,-8.46048,81.0,2001-08-19T22:00,20.9,80,17.3,22.3,0.0,0.0,0.0,0.0,1,1015.4,1005.9,33,37,0,0,0.01,0.5,7.9,14.5,246,251,17.6,22.8,24.8,23.8,21.4,0.054,0.062,0.101,0.212,0,0.0,0.0,0.0,0.0,0.0,0.0,0.0,0.0,0.0,0.0,0.0,0.0,0.0
38.69947,-8.46048,81.0,2001-08-19T23:00,20.3,83,17.4,22.0,0.0,0.0,0.0,0.0,2,1015.4,1005.9,58,64,0,0,0.0,0.4,6.6,13.3,241,251,12.2,21.9,24.7,23.8,21.4,0.054,0.062,0.101,0.212,0,0.0,0.0,0.0,0.0,0.0,0.0,0.0,0.0,0.0,0.0,0.0,0.0,0.0
38.69947,-8.46048,81.0,2001-08-20T00:00,20.0,86,17.6,22.0,0.0,0.0,0.0,0.0,3,1015.5,1006.0,81,90,0,0,0.0,0.33,5.2,11.8,245,258,8.3,21.3,24.6,23.8,21.4,0.054,0.062,0.101,0.212,0,0.0,0.0,0.0,0.0,0.0,0.0,0.0,0.0,0.0,0.0,0.0,0.0,0.0
38.69947,-8.46048,81.0,2001-08-20T01:00,19.8,89,17.9,21.9,0.0,0.0,0.0,0.0,3,1015.1,1005.6,90,100,0,0,0.0,0.25,5.0,9.4,249,266,6.5,20.9,24.5,23.8,21.4,0.054,0.062,0.101,0.212,0,0.0,0.0,0.0,0.0,0.0,0.0,0.0,0.0,0.0,0.0,0.0,0.0,0.0
38.69947,-8.46048,81.0,2001-08-20T02:00,19.9,91,18.3,22.4,0.0,0.0,0.0,0.0,3,1015.0,1005.5,90,100,0,0,0.0,0.21,3.3,6.9,257,276,5.8,20.8,24.4,23.8,21.4,0.054,0.062,0.102,0.212,0,0.0,0.0,0.0,0.0,0.0,0.0,0.0,0.0,0.0,0.0,0.0,0.0,0.0
38.69947,-8.46048,81.0,2001-08-20T03:00,20.0,89,18.2,22.7,0.0,0.0,0.0,0.0,3,1014.9,1005.4,90,100,0,0,0.0,0.25,2.5,4.7,270,293,4.0,20.9,24.3,23.8,21.4,0.054,0.062,0.102,0.212,0,0.0,0.0,0.0,0.0,0.0,0.0,0.0,0.0,0.0,0.0,0.0,0.0,0.0
38.69947,-8.46048,81.0,2001-08-20T04:00,20.1,90,18.4,22.9,0.0,0.0,0.0,0.0,3,1014.6,1005.1,89,99,0,0,0.0,0.24,1.9,3.3,292,311,3.2,20.9,24.2,23.8,21.4,0.054,0.062,0.102,0.212,0,0.0,0.0,0.0,0.0,0.0,0.0,0.0,0.0,0.0,0.0,0.0,0.0,0.0
38.69947,-8.46048,81.0,2001-08-20T05:00,20.2,89,18.3,23.2,0.0,0.0,0.0,0.0,3,1014.7,1005.2,90,100,0,0,0.0,0.26,0.8,2.1,297,329,3.2,21.0,24.1,23.8,21.4,0.054,0.062,0.102,0.212,0,0.0,0.0,0.0,0.0,0.0,0.0,0.0,0.0,0.0,0.0,0.0,0.0,0.0
38.69947,-8.46048,81.0,2001-08-20T06:00,20.2,89,18.3,23.2,0.0,0.0,0.0,0.0,3,1015.0,1005.5,89,99,0,0,0.0,0.26,0.4,1.3,90,34,4.3,20.9,24.0,23.8,21.4,0.054,0.062,0.102,0.212,1,0.0,0.0,0.0,0.0,0.0,0.0,0.0,0.0,0.0,0.0,0.0,0.0,14.8
38.69947,-8.46048,81.0,2001-08-20T07:00,20.7,91,19.1,23.9,0.0,0.0,0.0,0.0,3,1015.4,1005.9,90,100,0,0,0.02,0.23,1.1,1.8,90,79,5.0,21.4,23.9,23.8,21.4,0.054,0.062,0.102,0.212,1,0.0,18.0,0.0,18.0,0.0,18.0,147.3,34.3,0.0,34.3,0.0,26.7,280.3
38.69947,-8.46048,81.0,2001-08-20T08:00,21.6,81,18.2,24.3,0.0,0.0,0.0,0.0,3,1015.6,1006.1,89,99,0,0,0.07,0.49,1.9,2.6,112,106,7.9,22.6,23.9,23.8,21.4,0.054,0.062,0.102,0.212,1,0.0,88.0,7.0,81.0,22.8,88.0,410.9,115.4,9.2,106.3,22.8,115.4,539.0
38.69947,-8.46048,81.0,2001-08-20T09:00,22.5,76,18.1,25.1,0.0,0.0,0.0,0.0,3,1015.8,1006.3,90,100,0,0,0.13,0.64,2.4,2.9,153,150,10.4,24.4,23.9,23.8,21.4,0.054,0.062,0.102,0.212,1,329.41,185.0,35.0,150.0,71.0,185.0,658.8,217.1,41.1,176.1,71.0,217.1,773.3
38.69947,-8.46048,81.0,2001-08-20T10:00,23.6,71,18.0,26.1,0.0,0.0,0.0,0.0,3,1016.2,1006.8,90,100,0,0,0.18,0.84,2.9,3.6,187,180,12.6,26.0,23.9,23.8,21.4,0.054,0.062,0.102,0.212,1,0.0,246.0,30.0,216.0,45.9,246.0,874.0,272.2,33.2,239.0,45.9,272.2,967.0
38.69947,-8.46048,81.0,2001-08-20T11:00,24.8,65,17.7,26.9,0.0,0.0,0.0,0.0,3,1015.8,1006.4,87,97,0,0,0.24,1.1,4.3,5.5,204,203,14.8,27.5,24.0,23.8,21.4,0.054,0.062,0.101,0.212,1,0.0,312.0,25.0,287.0,32.1,312.0,1041.9,331.5,26.6,304.9,32.1,331.5,1107.0
38.69947,-8.46048,81.0,2001-08-20T12:00,26.4,57,17.3,28.2,0.0,0.0,0.0,0.0,3,1015.8,1006.5,84,93,0,0,0.37,1.47,5.7,6.8,215,212,18.4,30.0,24.2,23.8,21.4,0.054,0.062,0.101,0.212,1,3600.0,490.0,167.0,323.0,193.9,490.0,1150.9,504.0,171.8,332.2,193.9,504.0,1183.7
38.69947,-8.46048,81.0,2001-08-20T13:00,27.9,50,16.6,29.8,0.0,0.0,0.0,0.0,2,1015.1,1005.8,62,69,0,0,0.47,1.87,6.4,7.7,223,221,20.5,32.3,24.4,23.8,21.4,0.054,0.062,0.101,0.212,1,3600.0,629.0,329.0,300.0,368.3,629.0,1193.6,628.1,328.5,299.6,368.3,628.1,1191.9
38.69947,-8.46048,81.0,2001-08-20T14:00,29.2,46,16.2,31.6,0.0,0.0,0.0,0.0,0,1014.5,1005.3,7,8,0,0,0.57,2.2,6.8,8.0,238,234,22.0,34.6,24.7,23.8,21.4,0.054,0.062,0.101,0.212,1,3600.0,760.0,495.0,265.0,566.7,760.0,1167.1,736.5,479.7,256.8,566.7,736.5,1131.0
38.69947,-8.46048,81.0,2001-08-20T15:00,29.8,44,16.1,32.1,0.0,0.0,0.0,0.0,0,1014.0,1004.8,0,0,0,0,0.57,2.35,7.3,8.6,250,248,23.0,35.8,25.0,23.8,21.4,0.054,0.062,0.101,0.212,1,3600.0,765.0,633.0,132.0,788.2,765.0,1073.1,716.5,592.9,123.6,788.2,716.5,1005.1
38.69947,-8.46048,81.0,2001-08-20T16:00,29.9,44,16.2,31.3,0.0,0.0,0.0,0.0,0,1013.5,1004.3,0,0,0,0,0.51,2.37,8.9,10.4,256,256,23.8,35.7,25.3,23.8,21.4,0.053,0.062,0.101,0.212,1,3600.0,662.0,559.0,103.0,813.6,662.0,918.1,593.3,501.0,92.3,813.6,593.3,822.8
38.69947,-8.46048,81.0,2001-08-20T17:00,29.4,45,16.4,30.0,0.0,0.0,0.0,0.0,0,1013.7,1004.5,0,0,0,0,0.39,2.23,10.9,13.4,262,264,24.8,34.6,25.5,23.8,21.4,0.053,0.062,0.101,0.212,1,3600.0,488.0,399.0,89.0,748.2,488.0,712.6,408.5,334.0,74.5,748.2,408.5,596.5
38.69947,-8.46048,81.0,2001-08-20T18:00,28.2,50,16.6,28.6,0.0,0.0,0.0,0.0,0,1013.7,1004.4,0,0,0,0,0.27,1.93,13.0,17.3,270,272,26.3,32.4,25.7,23.8,21.4,0.053,0.062,0.101,0.212,1,3600.0,292.0,221.0,71.0,627.5,292.0,470.6,211.9,160.4,51.5,627.5,211.9,341.6
38.69947,-8.46048,81.0,2001-08-20T19:00,26.6,56,17.1,27.1,0.0,0.0,0.0,0.0,0,1014.0,1004.7,0,0,0,0,0.14,1.53,13.6,20.8,281,284,28.1,29.8,25.8,23.8,21.4,0.053,0.062,0.101,0.212,1,3306.25,104.0,65.0,39.0,395.8,104.0,208.6,37.6,23.5,14.1,269.6,35.7,75.4
38.69947,-8.46048,81.0,2001-08-20T20:00,24.5,63,17.1,25.0,0.0,0.0,0.0,0.0,0,1014.4,1005.0,0,0,0,0,0.09,1.12,13.4,21.5,297,301,25.9,27.2,25.8,23.8,21.4,0.053,0.062,0.101,0.212,0,0.0,3.0,1.0,2.0,15.5,3.0,27.8,0.0,0.0,0.0,0.0,0.0,0.0
38.69947,-8.46048,81.0,2001-08-20T21:00,22.9,69,16.9,23.6,0.0,0.0,0.0,0.0,0,1015.1,1005.7,0,0,0,0,0.04,0.86,11.7,19.9,313,316,24.1,25.2,25.8,23.8,21.4,0.053,0.062,0.101,0.212,0,0.0,0.0,0.0,0.0,0.0,0.0,0.0,0.0,0.0,0.0,0.0,0.0,0.0
38.69947,-8.46048,81.0,2001-08-20T22:00,21.6,75,16.9,22.6,0.0,0.0,0.0,0.0,0,1015.4,1005.9,0,0,0,0,0.02,0.65,9.2,17.7,315,322,20.9,23.7,25.7,23.8,21.4,0.053,0.062,0.101,0.212,0,0.0,0.0,0.0,0.0,0.0,0.0,0.0,0.0,0.0,0.0,0.0,0.0,0.0
38.69947,-8.46048,81.0,2001-08-20T23:00,20.6,79,16.8,21.8,0.0,0.0,0.0,0.0,0,1015.1,1005.6,0,0,0,0,0.01,0.51,7.7,16.2,319,328,16.6,22.5,25.6,23.8,21.4,0.053,0.062,0.101,0.212,0,0.0,0.0,0.0,0.0,0.0,0.0,0.0,0.0,0.0,0.0,0.0,0.0,0.0
38.69947,-8.46048,81.0,2001-08-21T00:00,19.8,83,16.8,21.3,0.0,0.0,0.0,0.0,0,1015.0,1005.5,0,0,0,0,0.0,0.4,5.9,13.8,322,332,13.7,21.4,25.4,23.8,21.4,0.053,0.062,0.101,0.212,0,0.0,0.0,0.0,0.0,0.0,0.0,0.0,0.0,0.0,0.0,0.0,0.0,0.0
38.69947,-8.46048,81.0,2001-08-21T01:00,19.1,86,16.7,20.7,0.0,0.0,0.0,0.0,0,1015.0,1005.4,0,0,0,0,0.0,0.3,5.1,12.1,315,330,11.2,20.5,25.3,23.8,21.5,0.053,0.062,0.101,0.212,0,0.0,0.0,0.0,0.0,0.0,0.0,0.0,0.0,0.0,0.0,0.0,0.0,0.0
38.69947,-8.46048,81.0,2001-08-21T02:00,18.4,90,16.7,20.0,0.0,0.0,0.0,0.0,0,1014.9,1005.3,0,0,0,0,0.0,0.22,5.1,11.1,309,324,9.4,19.6,25.1,23.8,21.5,0.053,0.062,0.101,0.212,0,0.0,0.0,0.0,0.0,0.0,0.0,0.0,0.0,0.0,0.0,0.0,0.0,0.0
38.69947,-8.46048,81.0,2001-08-21T03:00,17.8,92,16.6,19.2,0.0,0.0,0.0,0.0,0,1015.2,1005.6,0,0,0,0,0.0,0.16,5.9,10.7,308,320,8.6,18.8,24.9,23.8,21.5,0.053,0.062,0.101,0.212,0,0.0,0.0,0.0,0.0,0.0,0.0,0.0,0.0,0.0,0.0,0.0,0.0,0.0
38.69947,-8.46048,81.0,2001-08-21T04:00,17.1,95,16.4,18.4,0.0,0.0,0.0,0.0,0,1015.4,1005.8,0,0,0,0,0.0,0.09,6.4,10.7,308,320,8.6,17.9,24.7,23.8,21.5,0.053,0.062,0.101,0.212,0,0.0,0.0,0.0,0.0,0.0,0.0,0.0,0.0,0.0,0.0,0.0,0.0,0.0
38.69947,-8.46048,81.0,2001-08-21T05:00,16.5,97,16.1,17.6,0.0,0.0,0.0,0.0,0,1015.7,1006.1,0,0,0,0,0.0,0.05,6.6,10.3,311,324,9.0,17.3,24.5,23.8,21.5,0.053,0.062,0.101,0.212,0,0.0,0.0,0.0,0.0,0.0,0.0,0.0,0.0,0.0,0.0,0.0,0.0,0.0
38.69947,-8.46048,81.0,2001-08-21T06:00,16.0,98,15.8,17.1,0.0,0.0,0.0,0.0,0,1016.1,1006.4,2,2,0,0,0.0,0.03,6.4,11.5,317,328,9.0,16.6,24.3,23.8,21.5,0.053,0.062,0.101,0.212,1,0.0,0.0,0.0,0.0,0.0,0.0,0.0,0.0,0.0,0.0,0.0,0.0,10.9
38.69947,-8.46048,81.0,2001-08-21T07:00,16.6,96,16.0,17.7,0.0,0.0,0.0,0.0,0,1016.5,1006.8,4,5,0,0,0.02,0.08,6.4,12.6,322,329,11.9,17.2,24.1,23.8,21.5,0.053,0.062,0.101,0.212,1,2427.28,63.0,35.0,28.0,250.1,63.0,143.7,121.4,67.5,54.0,325.6,93.3,276.9
38.69947,-8.46048,81.0,2001-08-21T08:00,19.2,83,16.3,20.3,0.0,0.0,0.0,0.0,0,1016.8,1007.2,3,3,0,0,0.13,0.38,7.8,10.5,326,329,18.7,20.8,24.0,23.8,21.5,0.053,0.062,0.101,0.212,1,3600.0,232.0,158.0,74.0,518.0,232.0,407.7,305.0,207.7,97.3,518.0,305.0,536.0
38.69947,-8.46048,81.0,2001-08-21T09:00,21.6,71,16.2,22.4,0.0,0.0,0.0,0.0,0,1017.4,1007.9,0,0,0,0,0.26,0.75,9.1,12.0,326,327,22.7,23.9,24.0,23.8,21.5,0.053,0.062,0.101,0.212,1,3600.0,424.0,315.0,109.0,641.9,424.0,655.9,498.0,370.0,128.0,641.9,498.0,770.5
38.69947,-8.46048,81.0,2001-08-21T10:00,23.8,60,15.6,24.9,0.0,0.0,0.0,0.0,0,1017.3,1007.9,0,0,0,0,0.4,1.18,8.5,10.6,324,325,25.6,27.1,24.1,23.8,21.5,0.053,0.062,0.101,0.212,1,3600.0,617.0,501.0,116.0,768.6,617.0,871.3,682.9,554.5,128.4,768.6,682.9,964.3
38.69947,-8.46048,81.0,2001-08-21T11:00,25.8,51,14.8,27.5,0.0,0.0,0.0,0.0,0,1017.2,1007.8,0,0,0,0,0.53,1.65,8.1,9.9,315,316,26.6,30.2,24.2,23.8,21.5,0.053,0.062,0.101,0.212,1,3600.0,773.0,653.0,120.0,839.9,773.0,1039.2,821.4,693.9,127.5,839.9,821.4,1104.4
38.69947,-8.46048,81.0,2001-08-21T12:00,27.5,44,14.0,29.6,0.0,0.0,0.0,0.0,0,1017.0,1007.7,0,0,0,0,0.62,2.06,7.7,9.2,298,301,26.3,32.9,24.5,23.8,21.5,0.053,0.062,0.101,0.212,1,3600.0,870.0,755.0,115.0,879.0,870.0,1148.2,894.8,776.6,118.3,879.0,894.8,1181.0
38.69947,-8.46048,81.0,2001-08-21T13:00,28.8,38,13.3,30.8,0.0,0.0,0.0,0.0,0,1016.9,1007.6,0,0,0,0,0.67,2.44,8.4,10.0,290,291,25.9,35.1,24.7,23.8,21.5,0.052,0.062,0.101,0.212,1,3600.0,913.0,797.0,116.0,894.8,913.0,1190.7,911.6,795.8,115.8,894.8,911.6,1188.9
38.69947,-8.46048,81.0,2001-08-21T14:00,29.8,35,12.6,31.3,0.0,0.0,0.0,0.0,0,1016.6,1007.4,0,0,0,0,0.67,2.74,8.8,10.7,289,290,26.3,36.4,25.0,23.8,21.5,0.052,0.062,0.101,0.211,1,3600.0,890.0,776.0,114.0,891.3,890.0,1163.9,862.3,751.8,110.5,891.3,862.3,1127.6
38.69947,-8.46048,81.0,2001-08-21T15:00,30.3,33,12.2,31.1,0.0,0.0,0.0,0.0,0,1016.0,1006.8,0,0,0,0,0.62,2.9,9.6,11.6,290,292,27.0,36.8,25.3,23.8,21.5,0.052,0.062,0.101,0.211,1,3600.0,807.0,698.0,109.0,872.4,807.0,1069.5,755.5,653.5,102.0,872.4,755.5,1001.3
38.69947,-8.46048,81.0,2001-08-21T16:00,30.3,32,12.0,30.1,0.0,0.0,0.0,0.0,0,1015.9,1006.7,0,0,0,0,0.54,2.92,10.6,13.2,294,296,27.7,36.3,25.6,23.8,21.5,0.052,0.062,0.101,0.211,1,3600.0,672.0,571.0,101.0,835.1,672.0,914.0,601.7,511.3,90.4,835.1,601.7,818.5
38.69947,-8.46048,81.0,2001-08-21T17:00,29.7,34,12.0,28.4,0.0,0.0,0.0,0.0,0,1016.1,1006.9,0,0,0,0,0.43,2.78,13.1,16.4,302,303,28.8,34.9,25.9,23.8,21.5,0.052,0.062,0.101,0.211,1,3600.0,495.0,408.0,87.0,770.3,495.0,708.0,413.6,340.9,72.7,770.3,413.6,591.6
38.69947,-8.46048,81.0,2001-08-21T18:00,28.4,37,12.4,26.8,0.0,0.0,0.0,0.0,0,1016.3,1007.0,0,0,0,0,0.31,2.44,16.1,21.9,310,312,31.0,32.7,26.0,23.8,21.5,0.052,0.062,0.101,0.211,1,3600.0,295.0,226.0,69.0,649.0,295.0,465.5,213.1,163.2,49.8,649.0,213.1,336.2
38.69947,-8.46048,81.0,2001-08-21T19:00,25.8,46,13.3,24.3,0.0,0.0,0.0,0.0,0,1016.9,1007.5,0,0,0,0,0.18,1.8,17.6,26.6,319,322,34.6,29.6,26.1,23.8,21.5,0.052,0.062,0.101,0.211,1,3227.64,103.0,65.0,38.0,400.9,103.0,203.0,35.3,22.3,13.0,255.7,33.1,69.6
38.69947,-8.46048,81.0,2001-08-21T20:00,23.3,54,13.3,21.5,0.0,0.0,0.0,0.0,0,1017.3,1007.9,0,0,0,0,0.14,1.33,19.0,29.1,331,333,36.0,26.7,26.1,23.8,21.5,0.052,0.062,0.101,0.211,0,0.0,3.0,1.0,2.0,16.1,3.0,24.9,0.0,0.0,0.0,0.0,0.0,0.0
38.69947,-8.46048,81.0,2001-08-21T21:00,21.3,60,13.2,19.8,0.0,0.0,0.0,0.0,0,1018.5,1009.0,0,0,0,0,0.09,1.01,17.0,26.4,339,340,35.6,24.5,26.0,23.8,21.5,0.052,0.062,0.101,0.211,0,0.0,0.0,0.0,0.0,0.0,0.0,0.0,0.0,0.0,0.0,0.0,0.0,0.0
38.69947,-8.46048,81.0,2001-08-21T22:00,19.8,65,13.1,19.1,0.0,0.0,0.0,0.0,0,1018.6,1009.0,0,0,0,0,0.05,0.81,11.3,20.2,338,341,31.3,22.8,25.9,23.8,21.5,0.052,0.062,0.101,0.211,0,0.0,0.0,0.0,0.0,0.0,0.0,0.0,0.0,0.0,0.0,0.0,0.0,0.0
38.69947,-8.46048,81.0,2001-08-21T23:00,18.7,69,13.0,18.1,0.0,0.0,0.0,0.0,0,1018.3,1008.7,0,0,0,0,0.03,0.66,10.5,19.7,338,342,24.1,21.4,25.7,23.8,21.5,0.052,0.062,0.101,0.211,0,0.0,0.0,0.0,0.0,0.0,0.0,0.0,0.0,0.0,0.0,0.0,0.0,0.0
38.69947,-8.46048,81.0,2001-08-22T00:00,17.8,74,13.0,17.4,0.0,0.0,0.0,0.0,0,1018.5,1008.9,0,0,0,0,0.02,0.53,9.1,18.7,342,344,20.2,20.2,25.6,23.8,21.5,0.052,0.062,0.101,0.211,0,0.0,0.0,0.0,0.0,0.0,0.0,0.0,0.0,0.0,0.0,0.0,0.0,0.0
38.69947,-8.46048,81.0,2001-08-22T01:00,17.0,78,13.1,16.8,0.0,0.0,0.0,0.0,0,1018.2,1008.5,0,0,0,0,0.01,0.44,8.2,17.7,345,348,17.3,19.2,25.4,23.8,21.5,0.052,0.062,0.101,0.211,0,0.0,0.0,0.0,0.0,0.0,0.0,0.0,0.0,0.0,0.0,0.0,0.0,0.0
38.69947,-8.46048,81.0,2001-08-22T02:00,16.3,81,13.1,16.2,0.0,0.0,0.0,0.0,0,1018.0,1008.3,0,0,0,0,0.0,0.35,7.4,17.2,346,349,14.4,18.3,25.2,23.8,21.5,0.052,0.062,0.101,0.211,0,0.0,0.0,0.0,0.0,0.0,0.0,0.0,0.0,0.0,0.0,0.0,0.0,0.0
38.69947,-8.46048,81.0,2001-08-22T03:00,15.7,85,13.1,15.6,0.0,0.0,0.0,0.0,0,1018.2,1008.5,0,0,0,0,0.0,0.28,7.4,17.2,346,349,12.6,17.5,24.9,23.8,21.5,0.052,0.062,0.101,0.211,0,0.0,0.0,0.0,0.0,0.0,0.0,0.0,0.0,0.0,0.0,0.0,0.0,0.0
38.69947,-8.46048,81.0,2001-08-22T04:00,15.2,88,13.2,15.2,0.0,0.0,0.0,0.0,0,1018.2,1008.5,0,0,0,0,0.0,0.21,7.0,17.2,348,350,11.5,16.7,24.7,23.8,21.5,0.052,0.062,0.101,0.211,0,0.0,0.0,0.0,0.0,0.0,0.0,0.0,0.0,0.0,0.0,0.0,0.0,0.0
38.69947,-8.46048,81.0,2001-08-22T05:00,14.7,90,13.2,14.7,0.0,0.0,0.0,0.0,0,1018.4,1008.7,0,0,0,0,0.0,0.16,6.9,16.3,354,355,10.8,15.9,24.5,23.8,21.5,0.052,0.062,0.101,0.211,0,0.0,0.0,0.0,0.0,0.0,0.0,0.0,0.0,0.0,0.0,0.0,0.0,0.0
38.69947,-8.46048,81.0,2001-08-22T06:00,14.3,92,13.1,14.2,0.0,0.0,0.0,0.0,0,1018.3,1008.6,0,0,0,0,0.0,0.12,6.8,14.8,360,1,11.2,15.2,24.2,23.8,21.5,0.052,0.062,0.101,0.211,1,0.0,0.0,0.0,0.0,0.0,0.0,0.0,0.0,0.0,0.0,0.0,0.0,7.1
38.69947,-8.46048,81.0,2001-08-22T07:00,14.8,93,13.7,15.0,0.0,0.0,0.0,0.0,0,1018.8,1009.1,0,0,0,0,0.02,0.11,6.9,13.4,6,5,12.2,15.7,24.0,23.8,21.5,0.052,0.062,0.101,0.211,1,2376.81,67.0,40.0,27.0,288.5,67.0,140.0,130.9,78.1,52.7,381.9,98.9,273.5
38.69947,-8.46048,81.0,2001-08-22T08:00,17.9,78,14.0,18.2,0.0,0.0,0.0,0.0,0,1018.9,1009.3,0,0,0,0,0.13,0.45,6.5,9.0,360,2,16.6,19.4,23.8,23.8,21.5,0.052,0.062,0.101,0.211,1,3600.0,252.0,187.0,65.0,618.2,252.0,404.5,332.0,246.4,85.6,618.2,332.0,533.0
38.69947,-8.46048,81.0,2001-08-22T09:00,20.7,65,13.9,21.0,0.0,0.0,0.0,0.0,0,1018.9,1009.4,0,0,0,0,0.27,0.86,6.8,8.6,357,360,19.4,23.0,23.8,23.8,21.5,0.052,0.062,0.101,0.211,1,3600.0,456.0,371.0,85.0,759.7,456.0,653.0,536.1,436.1,99.9,759.7,536.1,767.7
38.69947,-8.46048,81.0,2001-08-22T10:00,23.6,52,13.3,24.3,0.0,0.0,0.0,0.0,0,1019.1,1009.6,0,0,0,0,0.41,1.38,6.1,7.6,360,360,20.2,26.8,23.9,23.8,21.5,0.052,0.062,0.101,0.211,1,3600.0,640.0,540.0,100.0,831.3,640.0,868.6,708.6,597.8,110.7,831.3,708.6,961.7
38.69947,-8.46048,81.0,2001-08-22T11:00,26.2,41,12.1,27.5,0.0,0.0,0.0,0.0,0,1018.4,1009.0,0,0,0,0,0.54,2.0,5.8,6.8,356,360,20.2,30.6,24.1,23.8,21.5,0.051,0.062,0.101,0.211,1,3600.0,790.0,682.0,108.0,879.8,790.0,1036.6,839.6,724.8,114.8,879.8,839.6,1101.7
38.69947,-8.46048,81.0,2001-08-22T12:00,28.6,33,10.7,30.3,0.0,0.0,0.0,0.0,0,1018.0,1008.7,0,0,0,0,0.63,2.62,4.4,5.4,351,356,19.1,34.0,24.3,23.8,21.5,0.051,0.062,0.101,0.211,1,3600.0,888.0,776.0,112.0,906.0,888.0,1145.4,913.4,798.2,115.2,906.0,913.4,1178.1
38.69947,-8.46048,81.0,2001-08-22T13:00,30.5,27,9.5,32.2,0.0,0.0,0.0,0.0,0,1017.5,1008.3,0,0,0,0,0.68,3.17,3.9,4.8,338,347,19.1,36.7,24.7,23.8,21.5,0.051,0.062,0.101,0.211,1,3600.0,927.0,814.0,113.0,916.5,927.0,1187.7,925.5,812.7,112.8,916.5,925.5,1185.8
38.69947,-8.46048,81.0,2001-08-22T14:00,31.9,24,8.7,33.2,0.0,0.0,0.0,0.0,0,1016.6,1007.4,0,0,0,0,0.67,3.61,4.1,4.6,315,321,20.2,38.5,25.0,23.8,21.5,0.051,0.062,0.101,0.211,1,3600.0,904.0,793.0,111.0,913.8,904.0,1160.6,875.6,768.1,107.5,913.8,875.6,1124.1
38.69947,-8.46048,81.0,2001-08-22T15:00,32.8,22,8.2,33.3,0.0,0.0,0.0,0.0,0,1016.2,1007.1,0,0,0,0,0.63,3.89,5.3,6.3,298,301,21.6,39.1,25.4,23.8,21.5,0.051,0.062,0.101,0.211,1,3600.0,819.0,714.0,105.0,895.9,819.0,1065.8,766.4,668.1,98.3,895.9,766.4,997.3
38.69947,-8.46048,81.0,2001-08-22T16:00,33.1,22,8.3,32.3,0.0,0.0,0.0,0.0,0,1015.8,1006.7,0,0,0,0,0.54,3.95,7.2,8.5,297,298,23.8,38.7,25.7,23.8,21.5,0.051,0.062,0.1,0.211,1,3600.0,680.0,583.0,97.0,857.0,680.0,909.8,608.4,521.6,86.8,857.0,608.4,814.0
38.69947,-8.46048,81.0,2001-08-22T17:00,32.6,24,9.3,30.9,0.0,0.0,0.0,0.0,0,1015.8,1006.7,0,0,0,0,0.44,3.74,10.4,13.2,304,305,26.6,37.2,26.0,23.8,21.5,0.051,0.062,0.1,0.211,1,3600.0,500.0,415.0,85.0,789.2,500.0,703.3,417.1,346.2,70.9,789.2,417.1,586.6
38.69947,-8.46048,81.0,2001-08-22T18:00,31.3,29,10.9,29.4,0.0,0.0,0.0,0.0,0,1016.0,1006.8,0,0,0,0,0.34,3.26,14.5,19.9,312,314,30.6,34.8,26.2,23.8,21.5,0.051,0.062,0.1,0.211,1,3600.0,297.0,229.0,68.0,665.4,297.0,460.2,213.4,164.6,48.9,665.4,213.4,330.7
38.69947,-8.46048,81.0,2001-08-22T19:00,28.7,38,12.8,27.1,0.0,0.0,0.0,0.0,0,1016.3,1007.0,0,0,0,0,0.21,2.45,16.9,26.6,322,324,31.0,31.6,26.3,23.8,21.5,0.051,0.062,0.1,0.211,1,3147.52,102.0,65.0,37.0,406.2,102.0,197.2,32.9,21.0,11.9,240.7,30.3,63.7
38.69947,-8.46048,81.0,2001-08-22T20:00,25.7,49,14.2,24.5,0.0,0.0,0.0,0.0,0,1016.8,1007.4,0,0,0,0,0.16,1.69,17.7,28.5,333,335,33.5,28.6,26.4,23.8,21.5,0.051,0.062,0.1,0.211,0,0.0,3.0,1.0,2.0,16.7,3.0,21.9,0.0,0.0,0.0,0.0,0.0,0.0
38.69947,-8.46048,81.0,2001-08-22T21:00,23.5,58,14.6,22.7,0.0,0.0,0.0,0.0,0,1017.5,1008.1,0,0,0,0,0.09,1.23,15.7,26.8,340,343,32.4,26.2,26.3,23.8,21.5,0.051,0.062,0.1,0.211,0,0.0,0.0,0.0,0.0,0.0,0.0,0.0,0.0,0.0,0.0,0.0,0.0,0.0
38.69947,-8.46048,81.0,2001-08-22T22:00,21.8,64,14.7,21.4,0.0,0.0,0.0,0.0,0,1017.9,1008.4,0,0,0,0,0.06,0.94,12.9,23.0,342,346,28.1,24.3,26.2,23.8,21.5,0.051,0.062,0.1,0.211,0,0.0,0.0,0.0,0.0,0.0,0.0,0.0,0.0,0.0,0.0,0.0,0.0,0.0
38.69947,-8.46048,81.0,2001-08-22T23:00,20.5,69,14.7,20.5,0.0,0.0,0.0,0.0,0,1017.9,1008.4,0,0,0,0,0.04,0.74,10.8,20.9,345,349,23.8,22.8,26.1,23.8,21.5,0.051,0.062,0.1,0.211,0,0.0,0.0,0.0,0.0,0.0,0.0,0.0,0.0,0.0,0.0,0.0,0.0,0.0
38.69947,-8.46048,81.0,2001-08-23T00:00,19.5,74,14.8,19.8,0.0,0.0,0.0,0.0,0,1017.8,1008.2,0,0,0,0,0.02,0.59,9.0,19.1,344,348,19.4,21.5,26.0,23.8,21.5,0.051,0.062,0.1,0.211,0,0.0,0.0,0.0,0.0,0.0,0.0,0.0,0.0,0.0,0.0,0.0,0.0,0.0
38.69947,-8.46048,81.0,2001-08-23T01:00,18.6,79,14.9,19.0,0.0,0.0,0.0,0.0,0,1017.8,1008.2,0,0,0,0,0.01,0.45,8.6,19.1,345,349,16.2,20.4,25.8,23.8,21.5,0.051,0.062,0.1,0.211,0,0.0,0.0,0.0,0.0,0.0,0.0,0.0,0.0,0.0,0.0,0.0,0.0,0.0
38.69947,-8.46048,81.0,2001-08-23T02:00,17.9,83,14.9,18.2,0.0,0.0,0.0,0.0,0,1017.4,1007.8,0,0,0,0,0.01,0.35,8.8,19.4,348,350,14.0,19.4,25.6,23.8,21.5,0.051,0.062,0.1,0.211,0,0.0,0.0,0.0,0.0,0.0,0.0,0.0,0.0,0.0,0.0,0.0,0.0,0.0
38.69947,-8.46048,81.0,2001-08-23T03:00,17.2,87,15.0,17.7,0.0,0.0,0.0,0.0,0,1017.7,1008.1,7,8,0,0,0.0,0.26,8.3,18.8,355,355,13.0,18.5,25.4,23.8,21.5,0.051,0.062,0.1,0.211,0,0.0,0.0,0.0,0.0,0.0,0.0,0.0,0.0,0.0,0.0,0.0,0.0,0.0
38.69947,-8.46048,81.0,2001-08-23T04:00,16.7,90,15.1,17.2,0.0,0.0,0.0,0.0,1,1017.3,1007.6,21,23,0,0,0.0,0.18,7.9,18.4,357,359,13.3,17.7,25.2,23.8,21.5,0.051,0.062,0.1,0.211,0,0.0,0.0,0.0,0.0,0.0,0.0,0.0,0.0,0.0,0.0,0.0,0.0,0.0
38.69947,-8.46048,81.0,2001-08-23T05:00,16.3,93,15.1,16.8,0.0,0.0,0.0,0.0,1,1016.9,1007.2,32,36,0,0,0.0,0.14,8.0,18.0,5,3,14.0,17.2,24.9,23.8,21.5,0.051,0.062,0.1,0.211,0,0.0,0.0,0.0,0.0,0.0,0.0,0.0,0.0,0.0,0.0,0.0,0.0,0.0
38.69947,-8.46048,81.0,2001-08-23T06:00,16.1,94,15.2,16.6,0.0,0.0,0.0,0.0,1,1017.0,1007.3,43,48,0,0,0.0,0.1,8.7,17.8,7,7,14.8,17.1,24.7,23.8,21.5,0.051,0.062,0.1,0.211,1,0.0,0.0,0.0,0.0,0.0,0.0,0.0,0.0,0.0,0.0,0.0,0.0,3.2
38.69947,-8.46048,81.0,2001-08-23T07:00,17.2,94,16.1,17.9,0.0,0.0,0.0,0.0,2,1017.1,1007.5,56,62,0,0,0.02,0.13,9.4,15.2,4,7,18.7,17.8,24.5,23.8,21.5,0.051,0.062,0.1,0.211,1,1660.41,47.0,20.0,27.0,145.7,47.0,136.4,93.1,39.6,53.5,196.1,69.1,270.1
38.69947,-8.46048,81.0,2001-08-23T08:00,18.4,87,16.2,19.1,0.0,0.0,0.0,0.0,2,1017.5,1007.9,65,72,0,0,0.09,0.28,9.7,13.0,360,2,20.9,19.1,24.4,23.8,21.5,0.051,0.062,0.1,0.211,1,3600.0,164.0,66.0,98.0,220.0,164.0,401.3,216.6,87.2,129.4,220.0,216.6,529.9
38.69947,-8.46048,81.0,2001-08-23T09:00,20.9,75,16.2,21.6,0.0,0.0,0.0,0.0,1,1017.6,1008.1,28,31,0,0,0.22,0.63,9.8,12.7,352,353,23.0,22.5,24.3,23.8,21.5,0.051,0.062,0.1,0.211,1,3600.0,353.0,188.0,165.0,386.9,353.0,650.1,415.3,221.2,194.1,386.9,415.3,764.8
38.69947,-8.46048,81.0,2001-08-23T10:00,24.0,61,16.0,25.3,0.0,0.0,0.0,0.0,0,1017.2,1007.8,12,13,0,0,0.4,1.17,8.1,10.3,347,348,24.1,26.5,24.4,23.8,21.6,0.051,0.062,0.1,0.211,1,3600.0,616.0,497.0,119.0,767.9,616.0,865.8,682.2,550.4,131.8,767.9,682.2,958.9
38.69947,-8.46048,81.0,2001-08-23T11:00,27.1,49,15.4,29.3,0.0,0.0,0.0,0.0,0,1017.0,1007.7,0,0,0,0,0.55,1.83,7.0,8.8,339,341,24.1,30.5,24.5,23.8,21.6,0.051,0.062,0.1,0.211,1,3600.0,788.0,677.0,111.0,876.1,788.0,1033.8,837.6,719.6,118.0,876.1,837.6,1098.9
38.69947,-8.46048,81.0,2001-08-23T12:00,29.7,39,14.2,32.3,0.0,0.0,0.0,0.0,0,1016.5,1007.3,0,0,0,0,0.65,2.56,6.2,7.3,324,327,23.8,34.1,24.8,23.8,21.6,0.051,0.062,0.1,0.211,1,3600.0,887.0,779.0,108.0,912.1,887.0,1142.6,912.3,801.2,111.1,912.1,912.3,1175.2
38.69947,-8.46048,81.0,2001-08-23T13:00,31.8,31,12.5,33.9,0.0,0.0,0.0,0.0,0,1015.9,1006.7,0,0,0,0,0.71,3.25,6.4,7.6,313,315,23.0,36.9,25.1,23.8,21.6,0.051,0.062,0.1,0.211,1,3600.0,926.0,818.0,108.0,923.8,926.0,1184.7,924.4,816.6,107.8,923.8,924.4,1182.6
38.69947,-8.46048,81.0,2001-08-23T14:00,33.2,26,11.2,34.7,0.0,0.0,0.0,0.0,0,1015.0,1005.9,0,0,0,0,0.71,3.76,7.2,8.4,307,310,22.3,38.9,25.4,23.8,21.6,0.051,0.062,0.1,0.211,1,3600.0,900.0,794.0,106.0,918.0,900.0,1157.2,871.5,768.9,102.6,918.0,871.5,1120.5
38.69947,-8.46048,81.0,2001-08-23T15:00,34.1,24,10.5,34.6,0.0,0.0,0.0,0.0,0,1014.6,1005.5,0,0,0,0,0.66,4.09,8.4,10.4,310,314,22.3,39.7,25.8,23.8,21.6,0.051,0.062,0.1,0.211,1,3600.0,815.0,713.0,102.0,898.3,815.0,1062.0,762.3,666.9,95.4,898.3,762.3,993.3
38.69947,-8.46048,81.0,2001-08-23T16:00,34.4,23,10.4,33.7,0.0,0.0,0.0,0.0,0,1014.1,1005.0,0,0,0,0,0.58,4.17,10.2,12.8,318,320,23.0,39.5,26.1,23.8,21.6,0.05,0.062,0.1,0.211,1,3600.0,675.0,579.0,96.0,855.5,675.0,905.5,603.4,517.6,85.8,855.5,603.4,809.4
38.69947,-8.46048,81.0,2001-08-23T17:00,34.0,25,11.0,32.5,0.0,0.0,0.0,0.0,0,1013.9,1004.8,0,0,0,0,0.47,4.0,12.1,15.6,323,326,24.1,38.2,26.4,23.8,21.6,0.05,0.062,0.1,0.211,1,3600.0,494.0,409.0,85.0,783.5,494.0,698.4,411.3,340.5,70.8,783.5,411.3,581.5
38.69947,-8.46048,81.0,2001-08-23T18:00,32.9,29,12.4,31.6,0.0,0.0,0.0,0.0,0,1013.9,1004.8,0,0,0,0,0.34,3.55,13.9,18.8,329,331,25.6,36.0,26.6,23.8,21.6,0.05,0.062,0.1,0.211,1,3600.0,291.0,224.0,67.0,658.9,291.0,454.9,208.0,160.1,47.9,658.9,208.0,325.1
38.69947,-8.46048,81.0,2001-08-23T19:00,29.6,43,15.6,29.4,0.0,0.0,0.0,0.0,0,1014.0,1004.8,0,0,0,0,0.18,2.37,14.2,22.7,333,337,28.1,32.7,26.8,23.8,21.6,0.05,0.062,0.1,0.211,1,3065.97,97.0,61.0,36.0,386.4,97.0,191.4,29.2,18.4,10.8,210.6,26.4,57.6
38.69947,-8.46048,81.0,2001-08-23T20:00,27.0,53,16.5,27.2,0.0,0.0,0.0,0.0,0,1014.1,1004.8,0,0,0,0,0.13,1.69,14.1,23.9,341,344,26.6,29.6,26.8,23.8,21.6,0.05,0.062,0.1,0.211,0,0.0,2.0,0.0,2.0,0.0,2.0,18.9,0.0,0.0,0.0,0.0,0.0,0.0
38.69947,-8.46048,81.0,2001-08-23T21:00,24.8,62,17.0,25.4,0.0,0.0,0.0,0.0,0,1014.8,1005.4,0,0,0,0,0.07,1.19,12.8,22.8,350,354,25.6,27.2,26.8,23.8,21.6,0.05,0.062,0.1,0.211,0,0.0,0.0,0.0,0.0,0.0,0.0,0.0,0.0,0.0,0.0,0.0,0.0,0.0
38.69947,-8.46048,81.0,2001-08-23T22:00,23.1,70,17.2,24.1,0.0,0.0,0.0,0.0,0,1014.8,1005.4,0,0,0,0,0.04,0.86,10.8,20.9,356,360,22.3,25.3,26.7,23.8,21.6,0.05,0.062,0.1,0.211,0,0.0,0.0,0.0,0.0,0.0,0.0,0.0,0.0,0.0,0.0,0.0,0.0,0.0
38.69947,-8.46048,81.0,2001-08-23T23:00,21.7,76,17.3,23.2,0.0,0.0,0.0,0.0,0,1014.7,1005.2,0,0,0,0,0.02,0.63,7.9,17.0,360,5,18.4,23.7,26.6,23.8,21.6,0.05,0.062,0.1,0.211,0,0.0,0.0,0.0,0.0,0.0,0.0,0.0,0.0,0.0,0.0,0.0,0.0,0.0
38.69947,-8.46048,81.0,2001-08-24T00:00,20.6,81,17.3,22.3,0.0,0.0,0.0,0.0,0,1014.2,1004.7,0,0,0,0,0.0,0.45,6.5,15.0,6,11,13.7,22.4,26.5,23.8,21.6,0.05,0.062,0.1,0.211,0,0.0,0.0,0.0,0.0,0.0,0.0,0.0,0.0,0.0,0.0,0.0,0.0,0.0
38.69947,-8.46048,81.0,2001-08-24T01:00,19.6,86,17.2,21.2,0.0,0.0,0.0,0.0,0,1014.1,1004.6,0,0,0,0,0.0,0.32,7.0,14.8,12,18,11.5,21.2,26.3,23.8,21.6,0.05,0.062,0.1,0.211,0,0.0,0.0,0.0,0.0,0.0,0.0,0.0,0.0,0.0,0.0,0.0,0.0,0.0
38.69947,-8.46048,81.0,2001-08-24T02:00,18.8,90,17.1,20.2,0.0,0.0,0.0,0.0,0,1013.3,1003.7,0,0,0,0,0.0,0.21,7.2,14.4,18,22,11.5,20.1,26.1,23.9,21.6,0.05,0.062,0.1,0.211,0,0.0,0.0,0.0,0.0,0.0,0.0,0.0,0.0,0.0,0.0,0.0,0.0,0.0
38.69947,-8.46048,81.0,2001-08-24T03:00,18.1,93,17.0,19.5,0.0,0.0,0.0,0.0,0,1013.1,1003.5,0,0,0,0,0.0,0.14,7.3,14.2,20,24,11.5,19.2,25.9,23.9,21.6,0.05,0.062,0.1,0.211,0,0.0,0.0,0.0,0.0,0.0,0.0,0.0,0.0,0.0,0.0,0.0,0.0,0.0
38.69947,-8.46048,81.0,2001-08-24T04:00,17.6,95,16.8,18.9,0.0,0.0,0.0,0.0,0,1012.6,1003.0,0,0,0,0,0.0,0.11,7.4,13.5,23,29,11.2,18.5,25.7,23.9,21.6,0.05,0.062,0.1,0.211,0,0.0,0.0,0.0,0.0,0.0,0.0,0.0,0.0,0.0,0.0,0.0,0.0,0.0
38.69947,-8.46048,81.0,2001-08-24T05:00,17.2,96,16.6,18.5,0.0,0.0,0.0,0.0,0,1012.5,1002.9,1,1,0,0,0.0,0.07,6.7,12.5,36,39,10.8,17.9,25.4,23.9,21.6,0.05,0.062,0.1,0.211,0,0.0,0.0,0.0,0.0,0.0,0.0,0.0,0.0,0.0,0.0,0.0,0.0,0.0
38.69947,-8.46048,81.0,2001-08-24T06:00,16.4,97,16.0,17.5,0.0,0.0,0.0,0.0,0,1012.6,1003.0,8,9,0,0,0.0,0.05,6.9,12.0,47,51,10.1,17.2,25.2,23.9,21.6,0.05,0.062,0.1,0.211,1,0.0,0.0,0.0,0.0,0.0,0.0,0.0,0.0,0.0,0.0,0.0,0.0,0.0
38.69947,-8.46048,81.0,2001-08-24T07:00,17.2,95,16.4,18.3,0.0,0.0,0.0,0.0,0,1012.7,1003.1,3,3,0,0,0.02,0.1,7.4,11.9,47,61,13.0,17.8,25.0,23.9,21.6,0.05,0.062,0.1,0.211,1,2275.68,59.0,33.0,26.0,242.7,59.0,132.7,118.5,66.3,52.2,332.7,86.4,266.6
38.69947,-8.46048,81.0,2001-08-24T08:00,21.6,76,17.1,23.3,0.0,0.0,0.0,0.0,0,1012.8,1003.3,2,1,1,0,0.14,0.62,5.4,9.8,37,62,15.1,21.2,24.9,23.9,21.6,0.05,0.062,0.1,0.211,1,3600.0,231.0,153.0,78.0,514.5,231.0,398.0,305.7,202.5,103.2,514.5,305.7,526.8
38.69947,-8.46048,81.0,2001-08-24T09:00,26.0,55,16.3,27.6,0.0,0.0,0.0,0.0,0,1012.6,1003.3,14,0,23,2,0.3,1.52,3.7,4.8,29,42,15.5,25.5,24.9,23.9,21.6,0.05,0.062,0.1,0.211,1,3600.0,443.0,359.0,84.0,742.5,443.0,647.1,521.6,422.7,98.9,742.5,521.6,762.0
38.69947,-8.46048,81.0,2001-08-24T10:00,29.7,40,14.8,31.1,0.0,0.0,0.0,0.0,0,1012.5,1003.3,7,0,8,6,0.46,2.48,4.7,6.1,32,40,14.8,30.6,25.0,23.9,21.6,0.05,0.062,0.1,0.211,1,3600.0,627.0,526.0,101.0,815.7,627.0,863.0,694.7,582.8,111.9,815.7,694.7,956.1
38.69947,-8.46048,81.0,2001-08-24T11:00,32.5,32,13.8,34.5,0.0,0.0,0.0,0.0,0,1011.9,1002.8,7,0,3,17,0.58,3.31,4.1,5.4,38,48,15.1,35.2,25.3,23.9,21.6,0.05,0.062,0.1,0.21,1,3600.0,767.0,651.0,116.0,845.1,767.0,1031.0,815.4,692.1,123.3,845.1,815.4,1096.1
38.69947,-8.46048,81.0,2001-08-24T12:00,34.5,27,12.9,36.9,0.0,0.0,0.0,0.0,0,1011.4,1002.4,0,0,0,1,0.65,3.97,3.3,4.7,84,90,17.6,38.8,25.6,23.9,21.6,0.05,0.062,0.1,0.21,1,3600.0,856.0,737.0,119.0,865.5,856.0,1139.7,880.4,758.0,122.4,865.5,880.4,1172.2
38.69947,-8.46048,81.0,2001-08-24T13:00,35.8,24,12.2,38.1,0.0,0.0,0.0,0.0,0,1010.6,1001.6,0,0,0,0,0.69,4.46,3.7,4.9,151,144,20.9,41.0,26.0,23.9,21.6,0.05,0.061,0.1,0.21,1,3600.0,887.0,759.0,128.0,859.8,887.0,1181.5,885.3,757.6,127.8,859.8,885.3,1179.3
38.69947,-8.46048,81.0,2001-08-24T14:00,36.5,23,12.0,38.2,0.0,0.0,0.0,0.0,0,1010.2,1001.2,10,0,13,9,0.7,4.71,6.2,7.7,201,191,23.8,42.1,26.4,23.9,21.6,0.05,0.061,0.1,0.21,1,3600.0,861.0,727.0,134.0,843.5,861.0,1153.7,833.5,703.8,129.7,843.5,833.5,1116.8
38.69947,-8.46048,81.0,2001-08-24T15:00,36.6,23,12.3,37.1,0.0,0.0,0.0,0.0,1,1009.7,1000.7,24,0,25,31,0.64,4.7,8.7,10.7,232,228,25.9,42.0,26.8,23.9,21.6,0.05,0.061,0.1,0.21,1,3600.0,732.0,570.0,162.0,721.1,732.0,1058.0,684.3,532.9,151.4,721.1,684.3,989.1
38.69947,-8.46048,81.0,2001-08-24T16:00,35.9,25,13.0,35.3,0.0,0.0,0.0,0.0,1,1009.4,1000.4,24,0,15,50,0.57,4.4,12.1,15.5,247,248,27.7,40.8,27.1,23.9,21.6,0.05,0.061,0.1,0.21,1,3600.0,595.0,427.0,168.0,634.3,595.0,901.0,531.4,381.3,150.0,634.3,531.4,804.7
38.69947,-8.46048,81.0,2001-08-24T17:00,34.5,29,13.7,33.5,0.0,0.0,0.0,0.0,1,1009.5,1000.5,22,0,12,49,0.46,3.9,15.4,20.2,254,254,29.5,38.9,27.4,23.9,21.6,0.05,0.061,0.1,0.21,1,3600.0,411.0,258.0,153.0,498.0,411.0,693.5,341.6,214.4,127.1,498.0,341.6,576.3
38.69947,-8.46048,81.0,2001-08-24T18:00,32.8,33,14.3,32.2,0.0,0.0,0.0,0.0,1,1009.7,1000.6,35,0,36,44,0.28,3.35,13.8,19.1,255,258,28.1,36.0,27.6,23.9,21.6,0.05,0.061,0.1,0.21,1,2400.08,164.0,47.0,117.0,140.0,164.0,449.4,116.5,33.4,83.1,140.0,116.5,319.3
38.69947,-8.46048,81.0,2001-08-24T19:00,30.5,39,15.0,30.9,0.0,0.0,0.0,0.0,1,1009.7,1000.5,43,0,37,69,0.13,2.66,8.6,14.5,255,263,26.6,33.3,27.7,23.9,21.6,0.05,0.061,0.1,0.21,1,2983.07,75.0,37.0,38.0,237.7,75.0,185.4,20.8,10.3,10.5,117.7,18.5,51.4
38.69947,-8.46048,81.0,2001-08-24T20:00,28.9,44,15.4,30.1,0.0,0.0,0.0,0.0,2,1009.9,1000.7,54,0,41,97,0.07,2.23,4.2,10.1,250,268,15.5,30.8,27.7,23.9,21.6,0.05,0.061,0.1,0.21,0,0.0,1.0,0.0,1.0,0.0,1.0,15.8,0.0,0.0,0.0,0.0,0.0,0.0
38.69947,-8.46048,81.0,2001-08-24T21:00,27.7,48,15.8,29.1,0.0,0.0,0.0,0.0,1,1010.3,1001.1,50,0,35,96,0.03,1.91,4.0,8.3,243,268,9.4,29.1,27.7,23.9,21.6,0.05,0.061,0.1,0.21,0,0.0,0.0,0.0,0.0,0.0,0.0,0.0,0.0,0.0,0.0,0.0,0.0,0.0
38.69947,-8.46048,81.0,2001-08-24T22:00,26.4,53,16.2,27.5,0.0,0.0,0.0,0.0,2,1010.6,1001.3,54,0,59,61,0.05,1.61,7.1,11.9,225,241,13.3,27.8,27.7,23.9,21.6,0.05,0.061,0.1,0.21,0,0.0,0.0,0.0,0.0,0.0,0.0,0.0,0.0,0.0,0.0,0.0,0.0,0.0
38.69947,-8.46048,81.0,2001-08-24T23:00,25.2,58,16.4,26.5,0.0,0.0,0.0,0.0,1,1010.7,1001.4,28,0,35,23,0.03,1.34,6.2,12.0,216,231,14.0,26.7,27.6,23.9,21.6,0.05,0.061,0.1,0.21,0,0.0,0.0,0.0,0.0,0.0,0.0,0.0,0.0,0.0,0.0,0.0,0.0,0.0
38.69947,-8.46048,81.0,2001-08-25T00:00,24.0,63,16.4,25.2,0.0,0.0,0.0,0.0,0,1010.8,1001.4,10,0,7,21,0.03,1.12,7.0,13.4,192,207,12.2,25.5,27.5,23.9,21.6,0.05,0.061,0.1,0.21,0,0.0,0.0,0.0,0.0,0.0,0.0,0.0,0.0,0.0,0.0,0.0,0.0,0.0
38.69947,-8.46048,81.0,2001-08-25T01:00,23.0,67,16.5,24.4,0.0,0.0,0.0,0.0,1,1010.8,1001.4,21,0,28,15,0.02,0.94,5.9,14.0,194,206,9.7,24.3,27.4,24.0,21.6,0.05,0.061,0.1,0.21,0,0.0,0.0,0.0,0.0,0.0,0.0,0.0,0.0,0.0,0.0,0.0,0.0,0.0
38.69947,-8.46048,81.0,2001-08-25T02:00,22.1,71,16.5,23.5,0.0,0.0,0.0,0.0,0,1010.9,1001.5,15,2,20,3,0.01,0.78,5.5,12.6,203,217,9.7,23.3,27.2,24.0,21.6,0.05,0.061,0.1,0.21,0,0.0,0.0,0.0,0.0,0.0,0.0,0.0,0.0,0.0,0.0,0.0,0.0,0.0
38.69947,-8.46048,81.0,2001-08-25T03:00,21.3,73,16.3,22.7,0.0,0.0,0.0,0.0,1,1011.0,1001.6,22,4,13,36,0.01,0.67,5.4,11.7,200,214,10.8,22.3,27.1,24.0,21.6,0.05,0.061,0.1,0.21,0,0.0,0.0,0.0,0.0,0.0,0.0,0.0,0.0,0.0,0.0,0.0,0.0,0.0
38.69947,-8.46048,81.0,2001-08-25T04:00,20.8,75,16.2,22.3,0.0,0.0,0.0,0.0,1,1011.1,1001.6,45,4,23,92,0.0,0.62,4.7,9.2,189,201,10.1,21.7,26.9,24.0,21.6,0.05,0.061,0.1,0.21,0,0.0,0.0,0.0,0.0,0.0,0.0,0.0,0.0,0.0,0.0,0.0,0.0,0.0
38.69947,-8.46048,81.0,2001-08-25T05:00,20.5,76,16.0,21.8,0.0,0.0,0.0,0.0,1,1011.1,1001.6,43,7,12,99,0.0,0.59,5.2,10.5,192,202,7.9,21.1,26.7,24.0,21.6,0.05,0.061,0.1,0.21,0,0.0,0.0,0.0,0.0,0.0,0.0,0.0,0.0,0.0,0.0,0.0,0.0,0.0
38.69947,-8.46048,81.0,2001-08-25T06:00,20.1,76,15.8,21.3,0.0,0.0,0.0,0.0,1,1011.4,1001.9,46,17,3,96,0.01,0.56,5.5,11.2,169,182,8.6,20.4,26.5,24.0,21.6,0.05,0.061,0.1,0.21,1,0.0,0.0,0.0,0.0,0.0,0.0,0.0,0.0,0.0,0.0,0.0,0.0,0.0
38.69947,-8.46048,81.0,2001-08-25T07:00,20.1,78,16.2,21.2,0.0,0.0,0.0,0.0,1,1011.8,1002.3,46,18,2,97,0.04,0.51,7.0,12.4,168,172,13.3,20.8,26.3,24.0,21.6,0.05,0.061,0.1,0.21,1,539.92,46.0,12.0,34.0,89.1,46.0,129.1,93.8,24.5,69.3,124.5,67.2,263.2
38.69947,-8.46048,81.0,2001-08-25T08:00,21.9,69,16.0,23.0,0.0,0.0,0.0,0.0,1,1012.2,1002.8,34,7,0,93,0.13,0.81,6.9,9.1,189,187,16.6,23.1,26.2,24.0,21.6,0.05,0.061,0.1,0.21,1,3600.0,181.0,71.0,110.0,240.8,181.0,394.7,240.1,94.2,145.9,240.8,240.1,523.6
38.69947,-8.46048,81.0,2001-08-25T09:00,24.3,59,15.8,25.1,0.0,0.0,0.0,0.0,1,1012.2,1002.8,25,0,0,82,0.26,1.24,7.8,9.9,193,190,20.2,26.2,26.2,24.0,21.6,0.05,0.061,0.1,0.21,1,3600.0,373.0,221.0,152.0,459.4,373.0,644.1,439.6,260.5,179.1,459.4,439.6,759.0
38.69947,-8.46048,81.0,2001-08-25T10:00,26.6,52,15.9,27.7,0.0,0.0,0.0,0.0,0,1012.7,1003.4,2,0,0,8,0.41,1.68,7.8,10.1,167,163,23.8,29.6,26.2,24.0,21.6,0.05,0.061,0.1,0.21,1,3600.0,576.0,430.0,146.0,669.4,576.0,860.2,638.4,476.6,161.8,669.4,638.4,953.3
38.69947,-8.46048,81.0,2001-08-25T11:00,28.7,47,16.2,30.4,0.0,0.0,0.0,0.0,0,1012.5,1003.3,3,1,3,0,0.54,2.1,10.3,13.0,168,166,26.3,32.9,26.4,24.0,21.6,0.05,0.061,0.1,0.21,1,3600.0,732.0,602.0,130.0,784.0,732.0,1028.2,778.3,640.1,138.2,784.0,778.3,1093.2
38.69947,-8.46048,81.0,2001-08-25T12:00,30.3,43,16.2,32.4,0.0,0.0,0.0,0.0,0,1012.4,1003.2,6,3,5,0,0.64,2.48,11.5,14.8,182,177,29.2,35.6,26.6,24.0,21.6,0.05,0.061,0.1,0.21,1,3600.0,837.0,715.0,122.0,842.2,837.0,1136.7,860.9,735.4,125.5,842.2,860.9,1169.1
38.69947,-8.46048,81.0,2001-08-25T13:00,31.0,41,16.3,33.1,0.0,0.0,0.0,0.0,0,1012.0,1002.8,3,1,3,0,0.68,2.64,12.6,15.7,204,200,32.8,37.3,26.9,24.0,21.6,0.05,0.061,0.099,0.21,1,3600.0,871.0,746.0,125.0,847.8,871.0,1178.3,869.2,744.5,124.7,847.8,869.2,1175.9
38.69947,-8.46048,81.0,2001-08-25T14:00,30.8,42,16.4,32.6,0.0,0.0,0.0,0.0,0,1012.2,1003.0,6,1,9,0,0.66,2.58,13.8,17.1,223,221,34.2,37.8,27.1,24.0,21.6,0.051,0.061,0.099,0.21,1,3600.0,845.0,719.0,126.0,837.1,845.0,1150.1,817.8,695.8,121.9,837.1,817.8,1113.0
38.69947,-8.46048,81.0,2001-08-25T15:00,30.6,43,16.4,31.7,0.0,0.0,0.0,0.0,0,1011.9,1002.7,1,0,1,0,0.61,2.52,15.4,19.3,237,237,33.8,37.5,27.3,24.0,21.6,0.051,0.061,0.099,0.21,1,3600.0,759.0,636.0,123.0,808.0,759.0,1054.0,709.2,594.3,114.9,808.0,709.2,984.8
38.69947,-8.46048,81.0,2001-08-25T16:00,29.7,44,16.2,29.5,0.0,0.0,0.0,0.0,0,1012.0,1002.8,0,0,0,0,0.46,2.33,16.4,20.9,244,246,33.5,36.1,27.5,24.0,21.6,0.051,0.061,0.099,0.21,1,3600.0,528.0,424.0,104.0,633.3,528.0,896.5,471.1,378.3,92.8,633.3,471.1,799.9
38.69947,-8.46048,81.0,2001-08-25T17:00,28.6,46,15.8,28.0,0.0,0.0,0.0,0.0,0,1012.2,1003.0,0,0,0,0,0.39,2.11,17.7,23.4,253,256,35.3,34.4,27.7,24.0,21.6,0.051,0.061,0.099,0.21,1,3600.0,442.0,353.0,89.0,686.7,442.0,688.4,366.6,292.8,73.8,686.7,366.6,570.9
38.69947,-8.46048,81.0,2001-08-25T18:00,26.9,50,15.5,26.7,0.0,0.0,0.0,0.0,0,1012.7,1003.4,2,0,4,0,0.24,1.78,14.4,19.4,257,259,33.8,32.0,27.7,24.0,21.6,0.051,0.061,0.099,0.21,1,3600.0,240.0,170.0,70.0,513.0,240.0,443.7,169.5,120.1,49.5,513.0,169.5,313.5
38.69947,-8.46048,81.0,2001-08-25T19:00,24.9,55,15.2,25.0,0.0,0.0,0.0,0.0,0,1013.2,1003.8,4,0,6,0,0.11,1.42,11.3,15.5,263,266,29.5,29.3,27.7,24.1,21.7,0.051,0.061,0.099,0.21,1,2898.94,78.0,48.0,30.0,312.9,78.0,179.3,19.6,12.1,7.5,138.5,17.1,45.1
38.69947,-8.46048,81.0,2001-08-25T20:00,23.7,59,15.3,24.2,0.0,0.0,0.0,0.0,0,1013.9,1004.5,7,0,11,0,0.08,1.19,8.8,13.4,279,284,22.3,27.1,27.7,24.1,21.7,0.051,0.061,0.099,0.21,0,0.0,1.0,0.0,1.0,0.0,1.0,12.6,0.0,0.0,0.0,0.0,0.0,0.0
38.69947,-8.46048,81.0,2001-08-25T21:00,22.8,64,15.5,23.4,0.0,0.0,0.0,0.0,0,1014.3,1004.9,5,0,6,4,0.04,1.01,8.4,14.5,290,297,16.9,25.5,27.6,24.1,21.7,0.051,0.061,0.099,0.21,0,0.0,0.0,0.0,0.0,0.0,0.0,0.0,0.0,0.0,0.0,0.0,0.0,0.0
38.69947,-8.46048,81.0,2001-08-25T22:00,21.9,68,15.8,22.7,0.0,0.0,0.0,0.0,0,1014.3,1004.8,3,0,5,1,0.03,0.83,8.0,14.4,260,273,16.2,24.2,27.5,24.1,21.7,0.051,0.061,0.099,0.21,0,0.0,0.0,0.0,0.0,0.0,0.0,0.0,0.0,0.0,0.0,0.0,0.0,0.0
38.69947,-8.46048,81.0,2001-08-25T23:00,21.1,73,16.0,22.0,0.0,0.0,0.0,0.0,0,1014.3,1004.8,13,0,22,0,0.02,0.68,8.4,14.8,260,271,13.7,23.2,27.3,24.1,21.7,0.051,0.061,0.099,0.21,0,0.0,0.0,0.0,0.0,0.0,0.0,0.0,0.0,0.0,0.0,0.0,0.0,0.0
38.69947,-8.46048,81.0,2001-08-26T00:00,20.3,78,16.3,21.3,0.0,0.0,0.0,0.0,0,1014.1,1004.6,8,0,13,0,0.01,0.54,8.0,14.1,265,274,13.0,22.3,27.1,24.1,21.7,0.051,0.061,0.099,0.21,0,0.0,0.0,0.0,0.0,0.0,0.0,0.0,0.0,0.0,0.0,0.0,0.0,0.0
38.69947,-8.46048,81.0,2001-08-26T01:00,19.7,82,16.5,21.1,0.0,0.0,0.0,0.0,0,1013.9,1004.4,11,0,19,0,0.0,0.42,5.4,11.4,270,281,10.8,21.5,27.0,24.1,21.7,0.051,0.061,0.099,0.21,0,0.0,0.0,0.0,0.0,0.0,0.0,0.0,0.0,0.0,0.0,0.0,0.0,0.0
38.69947,-8.46048,81.0,2001-08-26T02:00,19.1,85,16.6,20.8,0.0,0.0,0.0,0.0,0,1013.8,1004.3,14,0,21,3,0.0,0.33,4.5,9.8,284,294,9.0,20.8,26.8,24.1,21.7,0.051,0.061,0.099,0.21,0,0.0,0.0,0.0,0.0,0.0,0.0,0.0,0.0,0.0,0.0,0.0,0.0,0.0
38.69947,-8.46048,81.0,2001-08-26T03:00,18.6,89,16.7,20.3,0.0,0.0,0.0,0.0,1,1013.7,1004.1,35,0,46,24,0.0,0.24,4.5,8.9,284,302,8.6,20.1,26.6,24.1,21.7,0.051,0.061,0.099,0.21,0,0.0,0.0,0.0,0.0,0.0,0.0,0.0,0.0,0.0,0.0,0.0,0.0,0.0
38.69947,-8.46048,81.0,2001-08-26T04:00,18.2,92,16.8,20.0,0.0,0.0,0.0,0.0,1,1013.5,1003.9,35,0,30,56,0.0,0.18,4.0,8.2,270,293,8.6,19.6,26.3,24.1,21.7,0.051,0.061,0.099,0.21,0,0.0,0.0,0.0,0.0,0.0,0.0,0.0,0.0,0.0,0.0,0.0,0.0,0.0
38.69947,-8.46048,81.0,2001-08-26T05:00,17.8,94,16.9,19.7,0.0,0.0,0.0,0.0,1,1013.1,1003.5,39,6,10,93,0.0,0.11,4.1,7.6,255,278,8.6,19.2,26.1,24.1,21.7,0.051,0.061,0.099,0.21,0,0.0,0.0,0.0,0.0,0.0,0.0,0.0,0.0,0.0,0.0,0.0,0.0,0.0
38.69947,-8.46048,81.0,2001-08-26T06:00,17.4,97,16.9,19.2,0.0,0.0,0.0,0.0,2,1013.1,1003.5,54,24,5,98,0.0,0.07,4.3,7.2,246,270,8.3,18.8,25.9,24.1,21.7,0.051,0.061,0.099,0.21,1,0.0,0.0,0.0,0.0,0.0,0.0,0.0,0.0,0.0,0.0,0.0,0.0,0.0
38.69947,-8.46048,81.0,2001-08-26T07:00,18.2,95,17.4,19.9,0.0,0.0,0.0,0.0,3,1013.6,1004.0,96,74,0,99,0.02,0.1,6.2,7.9,263,267,10.4,19.3,25.7,24.1,21.7,0.051,0.061,0.099,0.21,1,272.04,39.0,10.0,29.0,75.0,39.0,125.4,80.8,20.7,60.1,106.8,56.7,259.7
38.69947,-8.46048,81.0,2001-08-26T08:00,19.3,86,16.9,20.8,0.0,0.0,0.0,0.0,2,1013.8,1004.3,71,46,0,99,0.08,0.31,6.5,8.4,264,263,15.8,21.2,25.6,24.1,21.7,0.051,0.061,0.099,0.21,1,561.44,132.0,23.0,109.0,78.7,132.0,391.4,175.5,30.6,145.0,78.7,175.5,520.5
38.69947,-8.46048,81.0,2001-08-26T09:00,20.6,77,16.4,21.9,0.0,0.0,0.0,0.0,1,1014.1,1004.6,45,18,0,95,0.16,0.56,6.7,8.2,254,255,18.4,23.1,25.5,24.1,21.7,0.051,0.061,0.099,0.21,1,707.54,243.0,40.0,203.0,83.6,243.0,641.0,286.6,47.2,239.4,83.6,286.6,756.1
38.69947,-8.46048,81.0,2001-08-26T10:00,22.1,67,15.8,23.2,0.0,0.0,0.0,0.0,1,1014.3,1004.8,35,13,0,78,0.27,0.87,5.9,7.1,256,255,18.4,25.6,25.5,24.1,21.7,0.051,0.061,0.099,0.21,1,3600.0,406.0,151.0,255.0,236.0,406.0,857.3,450.1,167.4,282.7,236.0,450.1,950.4
38.69947,-8.46048,81.0,2001-08-26T11:00,24.0,58,15.3,25.2,0.0,0.0,0.0,0.0,1,1014.8,1005.4,24,4,0,67,0.4,1.24,6.2,7.3,249,250,22.0,28.7,25.5,24.1,21.7,0.051,0.061,0.099,0.21,1,3600.0,599.0,316.0,283.0,412.9,599.0,1025.3,637.0,336.0,300.9,412.9,637.0,1090.3
38.69947,-8.46048,81.0,2001-08-26T12:00,26.0,50,14.8,28.7,0.0,0.0,0.0,0.0,1,1014.7,1005.4,21,2,0,63,0.57,1.68,4.9,5.7,253,252,25.2,32.1,25.7,24.1,21.7,0.051,0.061,0.099,0.21,1,3600.0,832.0,690.0,142.0,815.3,832.0,1133.7,855.7,709.7,146.0,815.3,855.7,1166.0
38.69947,-8.46048,81.0,2001-08-26T13:00,27.4,44,14.0,29.8,0.0,0.0,0.0,0.0,1,1014.3,1005.0,23,2,0,71,0.61,2.05,6.0,7.1,245,246,28.1,34.2,25.9,24.1,21.7,0.051,0.061,0.099,0.21,1,3600.0,870.0,711.0,159.0,810.6,870.0,1175.0,868.1,709.4,158.7,810.6,868.1,1172.4
38.69947,-8.46048,81.0,2001-08-26T14:00,28.1,40,13.1,29.8,0.0,0.0,0.0,0.0,1,1013.7,1004.4,21,0,0,69,0.6,2.29,6.4,7.4,243,241,29.2,35.1,26.1,24.1,21.7,0.051,0.061,0.099,0.21,1,3600.0,829.0,622.0,207.0,726.8,829.0,1146.4,802.0,601.8,200.3,726.8,802.0,1109.1
38.69947,-8.46048,81.0,2001-08-26T15:00,28.1,38,12.6,28.6,0.0,0.0,0.0,0.0,1,1013.3,1004.0,23,0,2,73,0.53,2.33,8.5,10.5,242,243,29.9,34.9,26.3,24.1,21.7,0.051,0.061,0.099,0.21,1,3600.0,711.0,529.0,182.0,675.1,711.0,1049.8,664.0,494.0,170.0,675.1,664.0,980.4
38.69947,-8.46048,81.0,2001-08-26T16:00,27.7,39,12.5,27.3,0.0,0.0,0.0,0.0,0,1013.0,1003.7,16,0,0,55,0.45,2.27,9.7,11.9,243,245,29.5,34.1,26.5,24.1,21.7,0.051,0.061,0.099,0.21,1,3600.0,585.0,416.0,169.0,624.9,585.0,891.8,521.5,370.8,150.6,624.9,521.5,794.9
38.69947,-8.46048,81.0,2001-08-26T17:00,27.1,41,12.9,26.4,0.0,0.0,0.0,0.0,0,1012.8,1003.5,12,0,0,40,0.35,2.1,11.3,14.2,253,254,28.4,32.7,26.6,24.1,21.7,0.051,0.061,0.099,0.21,1,3600.0,436.0,326.0,110.0,639.3,436.0,683.1,360.9,269.8,91.0,639.3,360.9,565.4
38.69947,-8.46048,81.0,2001-08-26T18:00,26.0,47,13.7,25.2,0.0,0.0,0.0,0.0,0,1013.2,1003.9,7,0,0,24,0.24,1.79,13.1,17.4,262,264,28.8,30.7,26.7,24.1,21.7,0.051,0.061,0.099,0.21,1,3600.0,260.0,184.0,76.0,562.8,260.0,438.0,182.5,129.2,53.4,562.8,182.5,307.5
38.69947,-8.46048,81.0,2001-08-26T19:00,24.8,54,14.8,24.6,0.0,0.0,0.0,0.0,0,1013.6,1004.2,2,0,0,7,0.12,1.45,12.2,18.4,268,272,27.4,28.3,26.7,24.1,21.7,0.051,0.061,0.099,0.21,1,2813.67,82.0,47.0,35.0,311.0,82.0,173.1,18.3,10.5,7.8,120.5,15.7,38.7
38.69947,-8.46048,81.0,2001-08-26T20:00,23.2,61,15.3,23.4,0.0,0.0,0.0,0.0,0,1014.0,1004.6,0,0,0,1,0.08,1.1,10.9,18.9,278,283,22.7,26.0,26.7,24.1,21.7,0.051,0.061,0.099,0.21,0,0.0,1.0,0.0,1.0,0.0,1.0,9.4,0.0,0.0,0.0,0.0,0.0,0.0
38.69947,-8.46048,81.0,2001-08-26T21:00,21.9,68,15.7,22.4,0.0,0.0,0.0,0.0,0,1014.5,1005.0,3,0,0,9,0.03,0.84,9.2,17.7,291,297,19.8,24.3,26.6,24.1,21.7,0.051,0.061,0.099,0.21,0,0.0,0.0,0.0,0.0,0.0,0.0,0.0,0.0,0.0,0.0,0.0,0.0,0.0
38.69947,-8.46048,81.0,2001-08-26T22:00,20.8,73,15.8,21.7,0.0,0.0,0.0,0.0,0,1014.8,1005.3,2,0,1,5,0.02,0.66,7.6,15.3,289,297,16.6,22.9,26.5,24.1,21.7,0.051,0.061,0.099,0.21,0,0.0,0.0,0.0,0.0,0.0,0.0,0.0,0.0,0.0,0.0,0.0,0.0,0.0
38.69947,-8.46048,81.0,2001-08-26T23:00,19.9,78,15.9,20.9,0.0,0.0,0.0,0.0,0,1014.8,1005.3,2,0,0,5,0.01,0.52,6.8,14.6,295,303,14.8,21.8,26.3,24.1,21.7,0.051,0.061,0.099,0.21,0,0.0,0.0,0.0,0.0,0.0,0.0,0.0,0.0,0.0,0.0,0.0,0.0,0.0
