latitude,longitude,elevation,hourly.time,hourly.temperature_2m,hourly.relative_humidity_2m,hourly.dew_point_2m,hourly.apparent_temperature,hourly.precipitation,hourly.rain,hourly.snowfall,hourly.snow_depth,hourly.weather_code,hourly.pressure_msl,hourly.surface_pressure,hourly.cloud_cover,hourly.cloud_cover_low,hourly.cloud_cover_mid,hourly.cloud_cover_high,hourly.et0_fao_evapotranspiration,hourly.vapour_pressure_deficit,hourly.wind_speed_10m,hourly.wind_speed_100m,hourly.wind_direction_10m,hourly.wind_direction_100m,hourly.wind_gusts_10m,hourly.soil_temperature_0_to_7cm,hourly.soil_temperature_7_to_28cm,hourly.soil_temperature_28_to_100cm,hourly.soil_temperature_100_to_255cm,hourly.soil_moisture_0_to_7cm,hourly.soil_moisture_7_to_28cm,hourly.soil_moisture_28_to_100cm,hourly.soil_moisture_100_to_255cm,hourly.is_day,hourly.sunshine_duration,hourly.shortwave_radiation,hourly.direct_radiation,hourly.diffuse_radiation,hourly.direct_normal_irradiance,hourly.global_tilted_irradiance,hourly.terrestrial_radiation,hourly.shortwave_radiation_instant,hourly.direct_radiation_instant,hourly.diffuse_radiation_instant,hourly.direct_normal_irradiance_instant,hourly.global_tilted_irradiance_instant,hourly.terrestrial_radiation_instant
37.855885,-8.445038,91.0,2011-05-22T00:00,17.7,84,15.0,17.5,0.0,0.0,0.0,0.0,0,1020.2,1009.4,3,0,2,6,0.01,0.31,12.6,22.8,2,6,22.7,19.2,21.6,19.2,15.7,0.188,0.198,0.183,0.207,0,0.0,0.0,0.0,0.0,0.0,0.0,0.0,0.0,0.0,0.0,0.0,0.0,0.0
37.855885,-8.445038,91.0,2011-05-22T01:00,17.0,86,14.7,16.8,0.0,0.0,0.0,0.0,0,1020.2,1009.3,2,0,0,6,0.01,0.26,11.9,21.8,3,9,19.8,18.7,21.4,19.2,15.7,0.188,0.197,0.183,0.207,0,0.0,0.0,0.0,0.0,0.0,0.0,0.0,0.0,0.0,0.0,0.0,0.0,0.0
37.855885,-8.445038,91.0,2011-05-22T02:00,16.4,88,14.4,16.0,0.0,0.0,0.0,0.0,0,1019.7,1008.8,4,0,1,13,0.0,0.22,11.9,21.8,5,9,18.4,18.2,21.1,19.2,15.8,0.188,0.197,0.183,0.207,0,0.0,0.0,0.0,0.0,0.0,0.0,0.0,0.0,0.0,0.0,0.0,0.0,0.0
37.855885,-8.445038,91.0,2011-05-22T03:00,15.8,90,14.1,15.4,0.0,0.0,0.0,0.0,0,1019.5,1008.6,9,0,0,31,0.0,0.18,11.7,21.5,9,14,17.6,17.7,20.8,19.2,15.8,0.188,0.197,0.183,0.207,0,0.0,0.0,0.0,0.0,0.0,0.0,0.0,0.0,0.0,0.0,0.0,0.0,0.0
37.855885,-8.445038,91.0,2011-05-22T04:00,15.3,91,13.9,14.8,0.0,0.0,0.0,0.0,0,1019.3,1008.4,16,0,0,52,0.0,0.15,11.4,21.1,13,17,17.3,17.2,20.6,19.2,15.8,0.188,0.197,0.183,0.207,0,0.0,0.0,0.0,0.0,0.0,0.0,0.0,0.0,0.0,0.0,0.0,0.0,0.0
37.855885,-8.445038,91.0,2011-05-22T05:00,14.8,93,13.6,14.4,0.0,0.0,0.0,0.0,1,1019.2,1008.3,22,0,0,75,0.0,0.13,10.7,20.5,14,18,16.9,16.9,20.3,19.2,15.8,0.188,0.197,0.183,0.207,0,0.0,0.0,0.0,0.0,0.0,0.0,0.0,0.0,0.0,0.0,0.0,0.0,0.0
37.855885,-8.445038,91.0,2011-05-22T06:00,14.7,93,13.5,14.2,0.0,0.0,0.0,0.0,1,1019.6,1008.7,26,1,0,84,0.01,0.12,11.1,19.7,13,18,16.9,16.7,20.0,19.2,15.8,0.188,0.197,0.183,0.207,1,26.07,17.0,6.0,11.0,63.9,17.0,66.6,39.3,13.9,25.4,120.3,20.9,153.8
37.855885,-8.445038,91.0,2011-05-22T07:00,16.2,85,13.7,15.8,0.0,0.0,0.0,0.0,1,1019.9,1009.0,26,0,0,85,0.07,0.27,10.8,16.4,15,19,22.0,17.8,19.8,19.2,15.8,0.188,0.197,0.183,0.207,1,3600.0,143.0,85.0,58.0,401.2,143.0,282.9,208.2,123.8,84.5,401.2,208.2,412.0
37.855885,-8.445038,91.0,2011-05-22T08:00,18.5,76,14.2,18.3,0.0,0.0,0.0,0.0,1,1020.0,1009.2,26,1,0,83,0.18,0.5,10.2,14.2,18,21,23.0,19.7,19.8,19.2,15.8,0.187,0.197,0.183,0.207,1,3600.0,334.0,245.0,89.0,607.8,334.0,538.2,410.5,301.1,109.4,607.8,410.5,661.5
37.855885,-8.445038,91.0,2011-05-22T09:00,21.0,68,14.9,21.2,0.0,0.0,0.0,0.0,1,1020.2,1009.5,23,0,0,78,0.32,0.79,9.4,12.3,18,21,23.0,21.9,19.9,19.2,15.8,0.187,0.197,0.183,0.207,1,3600.0,532.0,420.0,112.0,722.5,532.0,776.2,606.7,479.0,127.7,722.5,606.7,885.3
37.855885,-8.445038,91.0,2011-05-22T10:00,23.4,61,15.5,24.8,0.0,0.0,0.0,0.0,1,1020.3,1009.7,26,0,0,85,0.45,1.11,9.0,11.7,5,9,22.7,24.1,20.2,19.2,15.8,0.185,0.196,0.183,0.207,1,3600.0,705.0,576.0,129.0,784.3,705.0,980.7,767.8,627.3,140.5,784.3,767.8,1068.1
37.855885,-8.445038,91.0,2011-05-22T11:00,25.5,54,15.7,27.7,0.0,0.0,0.0,0.0,1,1020.3,1009.7,20,0,0,68,0.57,1.49,9.7,12.6,360,3,23.4,26.0,20.6,19.2,15.8,0.183,0.195,0.183,0.207,1,3600.0,847.0,713.0,134.0,836.8,847.0,1137.7,891.5,750.5,141.0,836.8,891.5,1197.6
37.855885,-8.445038,91.0,2011-05-22T12:00,27.2,48,15.1,29.6,0.0,0.0,0.0,0.0,1,1020.1,1009.6,39,0,25,80,0.66,1.88,10.1,12.6,360,3,23.8,27.6,21.0,19.2,15.8,0.181,0.194,0.182,0.207,1,3600.0,939.0,807.0,132.0,871.3,939.0,1236.7,960.4,825.4,135.0,871.3,960.4,1264.8
37.855885,-8.445038,91.0,2011-05-22T13:00,27.8,42,13.9,28.8,0.0,0.0,0.0,0.0,2,1019.9,1009.4,52,0,44,84,0.56,2.14,9.5,12.1,9,12,23.8,27.9,21.5,19.2,15.8,0.179,0.194,0.182,0.207,1,3600.0,751.0,570.0,181.0,598.9,751.0,1270.7,747.8,567.6,180.2,598.9,747.8,1265.3
37.855885,-8.445038,91.0,2011-05-22T14:00,28.0,41,13.6,28.3,0.0,0.0,0.0,0.0,2,1019.5,1009.0,50,0,41,85,0.5,2.23,9.5,12.3,11,15,22.0,27.8,21.8,19.2,15.8,0.178,0.193,0.182,0.207,1,3600.0,645.0,435.0,210.0,469.3,645.0,1237.7,624.9,421.4,203.5,469.3,624.9,1199.1
37.855885,-8.445038,91.0,2011-05-22T15:00,28.5,40,13.5,28.8,0.0,0.0,0.0,0.0,1,1019.1,1008.7,48,0,33,93,0.52,2.34,9.8,12.5,6,12,21.6,28.2,22.2,19.2,15.8,0.176,0.192,0.182,0.207,1,3600.0,669.0,466.0,203.0,545.9,669.0,1139.7,628.4,437.7,190.7,545.9,628.4,1070.5
37.855885,-8.445038,91.0,2011-05-22T16:00,28.5,40,13.5,28.1,0.0,0.0,0.0,0.0,2,1018.9,1008.5,60,0,54,91,0.44,2.33,10.1,13.3,360,3,22.0,27.8,22.5,19.2,15.8,0.175,0.192,0.182,0.207,1,3600.0,540.0,330.0,210.0,448.0,540.0,983.6,487.8,298.1,189.7,448.0,487.8,888.5
37.855885,-8.445038,91.0,2011-05-22T17:00,28.0,43,14.2,27.8,0.0,0.0,0.0,0.0,2,1018.5,1008.0,62,0,58,91,0.33,2.15,10.6,14.2,350,353,20.5,27.0,22.8,19.2,15.8,0.174,0.191,0.182,0.207,1,3600.0,369.0,234.0,135.0,400.6,369.0,779.9,314.9,199.7,115.2,400.6,314.9,665.5
37.855885,-8.445038,91.0,2011-05-22T18:00,26.7,48,14.9,26.5,0.0,0.0,0.0,0.0,2,1018.4,1007.9,52,0,41,90,0.23,1.8,12.2,19.0,336,341,20.2,25.9,22.9,19.2,15.8,0.173,0.191,0.182,0.207,1,3600.0,213.0,118.0,95.0,290.4,213.0,542.5,163.5,90.6,72.9,290.4,163.5,416.6
37.855885,-8.445038,91.0,2011-05-22T19:00,24.9,55,15.3,24.8,0.0,0.0,0.0,0.0,1,1018.8,1008.2,43,0,28,86,0.15,1.41,13.0,22.7,336,342,23.4,24.6,22.9,19.3,15.8,0.173,0.191,0.182,0.207,1,3600.0,103.0,47.0,56.0,218.1,103.0,287.8,56.8,25.9,30.9,218.1,56.8,158.8
37.855885,-8.445038,91.0,2011-05-22T20:00,23.5,61,15.6,23.5,0.0,0.0,0.0,0.0,1,1019.0,1008.4,33,0,12,87,0.09,1.12,12.3,23.5,339,349,24.5,23.4,22.9,19.3,15.8,0.173,0.191,0.182,0.207,0,0.0,15.0,4.0,11.0,41.8,15.0,69.1,0.0,0.0,0.0,0.0,0.0,0.0
37.855885,-8.445038,91.0,2011-05-22T21:00,22.6,65,15.6,22.7,0.0,0.0,0.0,0.0,1,1019.7,1009.0,35,0,11,95,0.06,0.96,12.2,23.8,346,357,23.0,22.5,22.8,19.3,15.8,0.172,0.191,0.182,0.207,0,0.0,0.0,0.0,0.0,0.0,0.0,0.0,0.0,0.0,0.0,0.0,0.0,0.0
37.855885,-8.445038,91.0,2011-05-22T22:00,21.7,69,15.7,21.7,0.0,0.0,0.0,0.0,1,1020.5,1009.8,34,0,7,98,0.05,0.81,12.6,23.7,3,9,22.3,21.8,22.7,19.3,15.8,0.172,0.191,0.182,0.207,0,0.0,0.0,0.0,0.0,0.0,0.0,0.0,0.0,0.0,0.0,0.0,0.0,0.0
37.855885,-8.445038,91.0,2011-05-22T23:00,20.8,72,15.7,21.1,0.0,0.0,0.0,0.0,1,1020.2,1009.5,34,0,8,98,0.03,0.68,11.1,22.2,13,17,20.2,21.2,22.5,19.3,15.8,0.172,0.191,0.182,0.207,0,0.0,0.0,0.0,0.0,0.0,0.0,0.0,0.0,0.0,0.0,0.0,0.0,0.0
37.855885,-8.445038,91.0,2011-05-23T00:00,20.2,76,15.7,20.7,0.0,0.0,0.0,0.0,1,1020.4,1009.7,31,0,5,93,0.02,0.58,9.8,20.6,24,27,17.3,20.7,22.3,19.3,15.8,0.172,0.19,0.182,0.207,0,0.0,0.0,0.0,0.0,0.0,0.0,0.0,0.0,0.0,0.0,0.0,0.0,0.0
37.855885,-8.445038,91.0,2011-05-23T01:00,19.5,79,15.8,20.0,0.0,0.0,0.0,0.0,1,1020.2,1009.4,26,0,1,86,0.02,0.47,9.5,20.0,29,34,14.8,20.1,22.1,19.3,15.8,0.173,0.19,0.182,0.207,0,0.0,0.0,0.0,0.0,0.0,0.0,0.0,0.0,0.0,0.0,0.0,0.0,0.0
37.855885,-8.445038,91.0,2011-05-23T02:00,18.7,84,15.9,19.5,0.0,0.0,0.0,0.0,1,1019.6,1008.8,27,0,2,86,0.01,0.36,8.6,18.8,33,36,13.0,19.6,21.9,19.3,15.8,0.173,0.19,0.182,0.207,0,0.0,0.0,0.0,0.0,0.0,0.0,0.0,0.0,0.0,0.0,0.0,0.0,0.0
37.855885,-8.445038,91.0,2011-05-23T03:00,17.9,88,15.8,18.8,0.0,0.0,0.0,0.0,1,1019.5,1008.7,28,0,1,91,0.0,0.25,7.1,17.1,41,42,11.5,19.0,21.6,19.4,15.8,0.173,0.19,0.182,0.207,0,0.0,0.0,0.0,0.0,0.0,0.0,0.0,0.0,0.0,0.0,0.0,0.0,0.0
37.855885,-8.445038,91.0,2011-05-23T04:00,17.6,87,15.5,18.5,0.0,0.0,0.0,0.0,1,1019.4,1008.6,25,0,1,81,0.0,0.25,6.3,14.8,59,56,10.4,18.4,21.4,19.4,15.8,0.173,0.19,0.182,0.207,0,0.0,0.0,0.0,0.0,0.0,0.0,0.0,0.0,0.0,0.0,0.0,0.0,0.0
37.855885,-8.445038,91.0,2011-05-23T05:00,18.3,83,15.4,19.2,0.0,0.0,0.0,0.0,0,1019.5,1008.7,17,0,0,58,0.0,0.36,6.0,13.3,73,71,9.0,17.8,21.1,19.4,15.8,0.173,0.19,0.182,0.207,0,0.0,0.0,0.0,0.0,0.0,0.0,0.0,0.0,0.0,0.0,0.0,0.0,0.0
37.855885,-8.445038,91.0,2011-05-23T06:00,18.6,82,15.5,19.7,0.0,0.0,0.0,0.0,0,1020.2,1009.4,14,0,0,45,0.02,0.39,4.8,11.7,63,79,8.3,17.7,20.8,19.4,15.8,0.173,0.19,0.182,0.207,1,22.97,17.0,6.0,11.0,63.3,17.0,67.8,39.2,13.8,25.3,118.2,21.0,156.2
37.855885,-8.445038,91.0,2011-05-23T07:00,19.2,84,16.5,20.7,0.0,0.0,0.0,0.0,0,1020.3,1009.5,6,0,0,20,0.07,0.35,5.5,10.6,58,80,12.6,19.4,20.7,19.4,15.8,0.173,0.19,0.182,0.207,1,3600.0,138.0,78.0,60.0,365.2,138.0,285.1,200.4,113.3,87.1,365.2,200.4,413.9
37.855885,-8.445038,91.0,2011-05-23T08:00,22.6,67,16.0,23.9,0.0,0.0,0.0,0.0,0,1020.6,1009.9,0,0,0,1,0.21,0.92,5.0,7.2,60,72,14.0,22.9,20.8,19.4,15.8,0.173,0.19,0.182,0.207,1,3600.0,331.0,239.0,92.0,590.8,331.0,540.0,406.4,293.5,113.0,590.8,406.4,663.0
37.855885,-8.445038,91.0,2011-05-23T09:00,24.6,57,15.6,25.7,0.0,0.0,0.0,0.0,0,1020.6,1010.0,0,0,0,0,0.34,1.32,5.2,6.6,78,81,15.5,24.4,21.0,19.4,15.8,0.172,0.19,0.181,0.207,1,3600.0,519.0,416.0,103.0,714.1,519.0,777.6,591.7,474.3,117.4,714.1,591.7,886.5
37.855885,-8.445038,91.0,2011-05-23T10:00,26.5,50,15.1,28.6,0.0,0.0,0.0,0.0,0,1020.6,1010.1,0,0,0,0,0.49,1.74,4.0,5.2,63,65,16.9,26.3,21.4,19.4,15.9,0.171,0.189,0.181,0.207,1,3600.0,710.0,599.0,111.0,814.4,710.0,981.8,773.1,652.3,120.9,814.4,773.1,1069.1
37.855885,-8.445038,91.0,2011-05-23T11:00,27.8,46,15.0,30.9,0.0,0.0,0.0,0.0,0,1020.3,1009.8,0,0,0,0,0.59,2.03,3.5,5.0,66,69,17.3,28.0,21.7,19.4,15.9,0.169,0.188,0.181,0.207,1,3600.0,842.0,718.0,124.0,841.7,842.0,1138.6,886.2,755.7,130.5,841.7,886.2,1198.4
37.855885,-8.445038,91.0,2011-05-23T12:00,28.9,43,15.0,32.6,0.0,0.0,0.0,0.0,0,1020.3,1009.9,8,0,13,0,0.67,2.28,3.6,4.9,45,54,16.6,29.5,22.2,19.4,15.9,0.167,0.187,0.181,0.207,1,3600.0,939.0,825.0,114.0,889.8,939.0,1237.5,960.4,843.8,116.6,889.8,960.4,1265.6
37.855885,-8.445038,91.0,2011-05-23T13:00,29.7,40,14.8,33.2,0.0,0.0,0.0,0.0,0,1019.9,1009.5,13,0,20,4,0.71,2.48,4.9,6.4,36,43,20.5,30.6,22.7,19.4,15.9,0.165,0.186,0.181,0.207,1,3600.0,971.0,856.0,115.0,898.5,971.0,1271.6,966.9,852.4,114.5,898.5,966.9,1266.2
37.855885,-8.445038,91.0,2011-05-23T14:00,29.9,39,14.5,32.5,0.0,0.0,0.0,0.0,0,1019.7,1009.3,19,0,28,8,0.64,2.57,5.5,7.1,23,30,20.9,30.8,23.2,19.4,15.9,0.163,0.186,0.181,0.207,1,3600.0,854.0,720.0,134.0,775.8,854.0,1238.6,827.5,697.6,129.8,775.8,827.5,1200.1
37.855885,-8.445038,91.0,2011-05-23T15:00,29.6,40,14.4,31.1,0.4,0.4,0.0,0.0,51,1019.6,1009.2,13,0,19,4,0.52,2.51,5.4,6.8,356,3,22.3,30.2,23.5,19.4,15.9,0.162,0.185,0.18,0.207,1,3600.0,685.0,554.0,131.0,648.1,685.0,1140.9,643.6,520.5,123.1,648.1,643.6,1071.9
37.855885,-8.445038,91.0,2011-05-23T16:00,29.4,40,14.4,30.1,0.0,0.0,0.0,0.0,0,1019.1,1008.7,14,0,20,5,0.47,2.45,7.6,9.7,329,333,23.0,29.7,23.9,19.5,15.9,0.161,0.184,0.18,0.207,1,3600.0,610.0,466.0,144.0,631.3,610.0,985.1,551.3,421.1,130.1,631.3,551.3,890.3
37.855885,-8.445038,91.0,2011-05-23T17:00,28.2,43,14.5,28.1,0.0,0.0,0.0,0.0,0,1019.0,1008.6,14,0,24,0,0.34,2.17,10.1,13.4,325,329,24.1,28.4,24.1,19.5,15.9,0.16,0.184,0.18,0.207,1,3600.0,389.0,258.0,131.0,440.4,389.0,781.8,332.2,220.3,111.9,440.4,332.2,667.6
37.855885,-8.445038,91.0,2011-05-23T18:00,26.5,54,16.4,26.9,0.0,0.0,0.0,0.0,1,1019.2,1008.7,22,0,37,0,0.23,1.6,12.1,17.8,333,339,27.7,26.9,24.2,19.5,15.9,0.16,0.184,0.18,0.207,1,3600.0,239.0,155.0,84.0,379.6,239.0,544.9,183.8,119.2,64.6,379.6,183.8,419.1
37.855885,-8.445038,91.0,2011-05-23T19:00,26.2,54,16.2,26.5,0.0,0.0,0.0,0.0,0,1019.5,1009.0,16,0,26,0,0.16,1.57,12.8,22.7,344,349,23.0,25.8,24.2,19.5,15.9,0.159,0.184,0.18,0.207,1,3600.0,123.0,72.0,51.0,330.7,123.0,290.5,68.5,40.1,28.4,330.7,68.5,161.8
37.855885,-8.445038,91.0,2011-05-23T20:00,25.1,56,15.7,25.1,0.0,0.0,0.0,0.0,0,1019.6,1009.0,11,0,18,0,0.1,1.4,13.0,25.1,6,13,24.1,24.7,24.1,19.5,15.9,0.159,0.183,0.18,0.207,0,172.24,17.0,8.0,9.0,82.5,17.0,70.6,0.0,0.0,0.0,0.0,0.0,0.0
37.855885,-8.445038,91.0,2011-05-23T21:00,24.1,58,15.4,24.1,0.0,0.0,0.0,0.0,0,1020.3,1009.7,5,0,9,0,0.07,1.26,12.4,24.2,22,28,23.8,23.8,24.0,19.6,15.9,0.159,0.183,0.18,0.207,0,0.0,0.0,0.0,0.0,0.0,0.0,0.0,0.0,0.0,0.0,0.0,0.0,0.0
37.855885,-8.445038,91.0,2011-05-23T22:00,23.2,62,15.4,23.5,0.0,0.0,0.0,0.0,0,1020.6,1010.0,3,0,5,0,0.05,1.09,10.2,22.4,39,42,21.6,23.0,23.8,19.6,15.9,0.159,0.183,0.18,0.207,0,0.0,0.0,0.0,0.0,0.0,0.0,0.0,0.0,0.0,0.0,0.0,0.0,0.0
37.855885,-8.445038,91.0,2011-05-23T23:00,22.0,68,15.8,22.9,0.0,0.0,0.0,0.0,0,1020.7,1010.0,2,0,3,0,0.02,0.85,7.3,18.0,57,57,17.3,22.2,23.7,19.6,15.9,0.159,0.183,0.18,0.207,0,0.0,0.0,0.0,0.0,0.0,0.0,0.0,0.0,0.0,0.0,0.0,0.0,0.0
37.855885,-8.445038,91.0,2011-05-24T00:00,20.7,75,16.2,21.9,0.0,0.0,0.0,0.0,0,1020.9,1010.2,0,0,0,0,0.01,0.61,6.4,15.3,74,75,14.8,21.3,23.4,19.6,15.9,0.159,0.183,0.18,0.207,0,0.0,0.0,0.0,0.0,0.0,0.0,0.0,0.0,0.0,0.0,0.0,0.0,0.0
37.855885,-8.445038,91.0,2011-05-24T01:00,19.9,79,16.1,21.1,0.0,0.0,0.0,0.0,0,1020.9,1010.1,0,0,0,0,0.0,0.49,5.8,12.2,86,88,14.0,20.6,23.2,19.6,15.9,0.159,0.183,0.18,0.207,0,0.0,0.0,0.0,0.0,0.0,0.0,0.0,0.0,0.0,0.0,0.0,0.0,0.0
37.855885,-8.445038,91.0,2011-05-24T02:00,19.5,80,15.9,20.8,0.0,0.0,0.0,0.0,0,1020.4,1009.6,1,0,1,0,0.0,0.45,4.7,8.8,90,99,13.7,19.8,22.9,19.6,15.9,0.159,0.183,0.18,0.207,0,0.0,0.0,0.0,0.0,0.0,0.0,0.0,0.0,0.0,0.0,0.0,0.0,0.0
37.855885,-8.445038,91.0,2011-05-24T03:00,19.1,81,15.7,20.4,0.0,0.0,0.0,0.0,0,1020.1,1009.3,0,0,0,0,0.0,0.43,3.8,6.1,73,90,11.5,19.0,22.6,19.6,15.9,0.159,0.183,0.18,0.207,0,0.0,0.0,0.0,0.0,0.0,0.0,0.0,0.0,0.0,0.0,0.0,0.0,0.0
37.855885,-8.445038,91.0,2011-05-24T04:00,18.4,83,15.5,19.6,0.0,0.0,0.0,0.0,0,1019.9,1009.1,0,0,0,0,0.0,0.36,4.3,5.8,66,68,10.1,18.4,22.2,19.7,15.9,0.159,0.183,0.18,0.207,0,0.0,0.0,0.0,0.0,0.0,0.0,0.0,0.0,0.0,0.0,0.0,0.0,0.0
37.855885,-8.445038,91.0,2011-05-24T05:00,17.8,85,15.2,18.7,0.0,0.0,0.0,0.0,0,1019.9,1009.1,0,0,0,0,0.0,0.3,5.4,7.6,70,65,9.4,17.9,21.9,19.7,15.9,0.16,0.183,0.18,0.207,0,0.0,0.0,0.0,0.0,0.0,0.0,0.0,0.0,0.0,0.0,0.0,0.0,0.0
37.855885,-8.445038,91.0,2011-05-24T06:00,17.2,88,15.2,18.1,0.0,0.0,0.0,0.0,0,1020.1,1009.2,0,0,0,0,0.02,0.23,5.5,9.7,79,75,10.1,17.8,21.6,19.7,15.9,0.16,0.183,0.18,0.207,1,171.31,18.0,8.0,10.0,83.6,18.0,68.9,41.4,18.4,23.0,155.0,22.3,158.4
37.855885,-8.445038,91.0,2011-05-24T07:00,19.8,83,16.8,21.1,0.0,0.0,0.0,0.0,0,1020.5,1009.7,0,0,0,0,0.08,0.4,7.0,11.2,78,86,13.7,19.8,21.4,19.7,15.9,0.16,0.183,0.18,0.207,1,3600.0,154.0,103.0,51.0,478.7,154.0,287.1,223.0,149.1,73.9,478.7,223.0,415.8
37.855885,-8.445038,91.0,2011-05-24T08:00,23.3,66,16.7,24.7,0.0,0.0,0.0,0.0,0,1020.7,1010.1,0,0,0,0,0.22,0.96,5.9,9.7,79,86,15.1,23.2,21.5,19.7,15.9,0.16,0.183,0.18,0.207,1,3600.0,348.0,271.0,77.0,667.6,348.0,541.6,427.0,332.5,94.5,667.6,427.0,664.5
37.855885,-8.445038,91.0,2011-05-24T09:00,25.6,52,15.0,26.3,0.0,0.0,0.0,0.0,0,1020.6,1010.0,4,0,0,12,0.37,1.58,6.5,8.6,87,90,17.3,25.0,21.7,19.7,15.9,0.159,0.182,0.18,0.207,1,3600.0,546.0,451.0,95.0,772.6,546.0,778.9,622.2,514.0,108.3,772.6,622.2,887.6
37.855885,-8.445038,91.0,2011-05-24T10:00,27.5,46,14.7,29.3,0.0,0.0,0.0,0.0,0,1020.5,1010.0,10,0,0,34,0.51,1.99,5.4,7.2,94,96,19.1,27.0,22.0,19.7,15.9,0.157,0.182,0.18,0.207,1,3600.0,722.0,616.0,106.0,836.3,722.0,982.8,786.1,670.7,115.4,836.3,786.1,1070.0
37.855885,-8.445038,91.0,2011-05-24T11:00,29.1,41,14.5,31.5,0.0,0.0,0.0,0.0,0,1020.3,1009.9,18,0,0,60,0.62,2.37,6.2,8.0,97,98,21.2,28.8,22.4,19.7,15.9,0.156,0.181,0.18,0.207,1,3600.0,859.0,741.0,118.0,867.7,859.0,1139.5,904.0,779.8,124.2,867.7,904.0,1199.2
37.855885,-8.445038,91.0,2011-05-24T12:00,30.4,36,13.7,33.0,0.0,0.0,0.0,0.0,0,1020.0,1009.6,11,0,0,38,0.71,2.77,7.3,9.5,99,99,23.0,30.2,22.8,19.7,15.9,0.153,0.18,0.179,0.207,1,3600.0,950.0,828.0,122.0,892.2,950.0,1238.2,971.6,846.8,124.8,892.2,971.6,1266.4
37.855885,-8.445038,91.0,2011-05-24T13:00,31.3,31,12.2,33.2,0.0,0.0,0.0,0.0,0,1019.7,1009.4,5,0,0,17,0.74,3.15,8.5,11.1,102,103,24.8,31.0,23.3,19.7,15.9,0.151,0.179,0.179,0.207,1,3600.0,963.0,823.0,140.0,863.0,963.0,1272.4,959.0,819.6,139.4,863.0,959.0,1267.1
37.855885,-8.445038,91.0,2011-05-24T14:00,32.0,27,10.6,33.1,0.0,0.0,0.0,0.0,0,1019.1,1008.8,4,0,0,12,0.74,3.48,9.3,12.8,106,106,27.4,31.6,23.7,19.7,15.9,0.149,0.178,0.179,0.207,1,3600.0,948.0,826.0,122.0,889.0,948.0,1239.6,918.6,800.4,118.2,889.0,918.6,1201.2
37.855885,-8.445038,91.0,2011-05-24T15:00,32.0,26,9.9,31.9,0.0,0.0,0.0,0.0,0,1018.5,1008.2,1,0,0,3,0.65,3.52,10.0,13.4,116,114,27.4,31.2,24.1,19.7,15.9,0.147,0.177,0.179,0.207,1,3600.0,803.0,672.0,131.0,785.0,803.0,1142.1,754.6,631.5,123.1,785.0,754.6,1073.3
37.855885,-8.445038,91.0,2011-05-24T16:00,31.9,26,10.0,31.5,0.0,0.0,0.0,0.0,0,1018.3,1008.0,1,0,0,2,0.57,3.49,8.7,11.8,132,128,23.8,31.1,24.5,19.8,15.9,0.146,0.177,0.179,0.207,1,3600.0,712.0,602.0,110.0,814.0,712.0,986.6,643.7,544.3,99.4,814.0,643.7,892.0
37.855885,-8.445038,91.0,2011-05-24T17:00,31.3,28,10.8,30.7,0.0,0.0,0.0,0.0,0,1018.3,1008.0,1,0,0,4,0.43,3.28,5.8,7.6,180,172,22.7,30.5,24.8,19.8,16.0,0.144,0.176,0.179,0.207,1,3600.0,555.0,460.0,95.0,783.0,555.0,783.7,474.3,393.1,81.2,783.0,474.3,669.8
37.855885,-8.445038,91.0,2011-05-24T18:00,30.0,34,12.3,29.8,0.0,0.0,0.0,0.0,0,1018.3,1007.9,1,0,0,3,0.28,2.82,6.4,8.9,223,220,22.3,29.3,24.9,19.8,16.0,0.144,0.176,0.178,0.207,1,3600.0,356.0,277.0,79.0,675.3,356.0,547.2,274.3,213.5,60.9,675.3,274.3,421.7
37.855885,-8.445038,91.0,2011-05-24T19:00,27.7,38,12.0,27.2,0.0,0.0,0.0,0.0,0,1018.5,1008.0,0,0,0,0,0.16,2.3,7.6,13.2,245,248,18.4,27.5,25.0,19.8,16.0,0.143,0.175,0.178,0.207,1,3600.0,164.0,112.0,52.0,509.4,164.0,293.3,92.1,62.9,29.2,509.4,92.1,164.8
37.855885,-8.445038,91.0,2011-05-24T20:00,25.0,49,13.7,25.4,0.0,0.0,0.0,0.0,0,1018.8,1008.2,1,0,0,3,0.06,1.61,5.7,13.3,252,267,15.5,25.4,24.9,19.9,16.0,0.143,0.175,0.178,0.207,0,336.37,21.0,10.0,11.0,102.0,21.0,72.1,0.0,0.0,0.0,0.0,0.0,0.0
37.855885,-8.445038,91.0,2011-05-24T21:00,22.9,66,16.1,24.4,0.0,0.0,0.0,0.0,0,1019.6,1009.0,8,0,0,26,0.01,0.96,4.0,9.4,270,277,11.5,23.8,24.8,19.9,16.0,0.143,0.175,0.178,0.207,0,0.0,0.0,0.0,0.0,0.0,0.0,0.0,0.0,0.0,0.0,0.0,0.0,0.0
37.855885,-8.445038,91.0,2011-05-24T22:00,21.7,73,16.6,23.7,0.0,0.0,0.0,0.0,1,1020.2,1009.5,27,0,0,89,0.0,0.71,1.6,7.1,333,315,9.4,22.4,24.5,19.9,16.0,0.143,0.175,0.178,0.207,0,0.0,0.0,0.0,0.0,0.0,0.0,0.0,0.0,0.0,0.0,0.0,0.0,0.0
37.855885,-8.445038,91.0,2011-05-24T23:00,19.9,81,16.5,21.6,0.0,0.0,0.0,0.0,1,1019.9,1009.1,30,0,0,100,0.0,0.45,3.6,3.4,84,18,8.3,21.2,24.2,19.9,16.0,0.143,0.175,0.178,0.207,0,0.0,0.0,0.0,0.0,0.0,0.0,0.0,0.0,0.0,0.0,0.0,0.0,0.0
37.855885,-8.445038,91.0,2011-05-25T00:00,18.8,84,16.1,20.1,0.0,0.0,0.0,0.0,1,1019.4,1008.6,30,0,0,99,0.0,0.35,5.8,6.4,94,74,10.1,20.2,23.9,19.9,16.0,0.143,0.175,0.178,0.207,0,0.0,0.0,0.0,0.0,0.0,0.0,0.0,0.0,0.0,0.0,0.0,0.0,0.0
37.855885,-8.445038,91.0,2011-05-25T01:00,18.1,84,15.3,19.0,0.0,0.0,0.0,0.0,1,1018.9,1008.1,30,0,0,100,0.0,0.33,5.8,11.2,94,92,11.5,19.5,23.5,19.9,16.0,0.143,0.175,0.178,0.207,0,0.0,0.0,0.0,0.0,0.0,0.0,0.0,0.0,0.0,0.0,0.0,0.0,0.0
37.855885,-8.445038,91.0,2011-05-25T02:00,17.7,80,14.2,18.0,0.0,0.0,0.0,0.0,1,1018.3,1007.5,29,0,0,95,0.01,0.41,7.6,17.1,90,98,14.0,19.0,23.2,20.0,16.0,0.144,0.175,0.178,0.207,0,0.0,0.0,0.0,0.0,0.0,0.0,0.0,0.0,0.0,0.0,0.0,0.0,0.0
37.855885,-8.445038,91.0,2011-05-25T03:00,17.7,71,12.4,17.1,0.0,0.0,0.0,0.0,1,1018.2,1007.4,27,0,0,91,0.02,0.59,9.4,21.8,86,98,17.6,18.6,22.8,20.0,16.0,0.144,0.175,0.178,0.207,0,0.0,0.0,0.0,0.0,0.0,0.0,0.0,0.0,0.0,0.0,0.0,0.0,0.0
37.855885,-8.445038,91.0,2011-05-25T04:00,17.8,64,10.9,16.6,0.0,0.0,0.0,0.0,1,1017.8,1007.0,30,0,1,97,0.04,0.73,10.1,23.6,88,97,19.8,18.4,22.5,20.0,16.0,0.144,0.175,0.178,0.207,0,0.0,0.0,0.0,0.0,0.0,0.0,0.0,0.0,0.0,0.0,0.0,0.0,0.0
37.855885,-8.445038,91.0,2011-05-25T05:00,18.2,60,10.3,16.7,0.0,0.0,0.0,0.0,1,1018.1,1007.3,40,0,19,95,0.05,0.84,10.8,25.1,90,97,22.0,18.3,22.2,20.0,16.0,0.144,0.175,0.178,0.207,0,0.0,0.0,0.0,0.0,0.0,0.0,0.0,0.0,0.0,0.0,0.0,0.0,0.0
37.855885,-8.445038,91.0,2011-05-25T06:00,18.8,58,10.3,17.0,0.0,0.0,0.0,0.0,2,1018.5,1007.7,62,0,54,97,0.09,0.91,13.0,26.6,92,99,23.8,18.6,21.9,20.0,16.0,0.144,0.175,0.178,0.207,1,0.0,13.0,1.0,12.0,10.4,13.0,69.9,29.8,2.3,27.6,19.1,16.2,160.5
37.855885,-8.445038,91.0,2011-05-25T07:00,20.1,61,12.4,18.8,0.0,0.0,0.0,0.0,2,1018.6,1007.9,65,0,60,98,0.12,0.92,14.1,26.1,96,101,24.1,19.7,21.8,20.0,16.0,0.144,0.175,0.178,0.207,1,415.05,100.0,16.0,84.0,73.8,100.0,289.0,144.4,23.1,121.3,73.8,144.4,417.5
37.855885,-8.445038,91.0,2011-05-25T08:00,22.4,52,12.0,21.3,0.0,0.0,0.0,0.0,1,1019.2,1008.5,45,0,26,97,0.2,1.31,11.8,20.9,113,114,24.1,21.4,21.7,20.0,16.0,0.143,0.174,0.178,0.207,1,1810.03,223.0,49.0,174.0,120.3,223.0,543.1,273.4,60.1,213.3,120.3,273.4,665.8
37.855885,-8.445038,91.0,2011-05-25T09:00,24.2,43,10.9,22.5,0.0,0.0,0.0,0.0,1,1019.7,1009.1,32,0,4,97,0.32,1.71,13.2,18.6,137,137,25.9,23.2,21.8,20.0,16.0,0.143,0.174,0.178,0.207,1,3600.0,374.0,109.0,265.0,186.4,374.0,780.1,426.1,124.2,301.9,186.4,426.1,888.7
37.855885,-8.445038,91.0,2011-05-25T10:00,25.7,38,10.4,23.6,0.0,0.0,0.0,0.0,2,1019.6,1009.1,55,0,42,98,0.47,2.04,17.1,23.4,138,137,34.6,25.2,21.9,20.0,16.0,0.142,0.174,0.178,0.207,1,3600.0,590.0,282.0,308.0,382.3,590.0,983.7,642.2,307.0,335.3,382.3,642.2,1070.8
37.855885,-8.445038,91.0,2011-05-25T11:00,26.2,39,11.1,24.3,0.0,0.0,0.0,0.0,2,1019.5,1009.0,73,0,71,100,0.46,2.09,15.8,21.2,145,145,35.6,26.0,22.1,20.0,16.0,0.141,0.173,0.178,0.207,1,3600.0,555.0,232.0,323.0,271.4,555.0,1140.2,584.0,244.1,339.9,271.4,584.0,1199.9
37.855885,-8.445038,91.0,2011-05-25T12:00,27.2,38,11.9,26.3,0.0,0.0,0.0,0.0,2,1019.4,1008.9,53,0,40,96,0.49,2.22,12.3,16.2,142,143,33.8,27.0,22.4,20.0,16.0,0.139,0.172,0.178,0.207,1,3600.0,611.0,231.0,380.0,248.7,611.0,1238.9,624.9,236.3,388.6,248.7,624.9,1267.1
37.855885,-8.445038,91.0,2011-05-25T13:00,28.1,38,12.3,27.5,0.0,0.0,0.0,0.0,2,1019.0,1008.5,60,0,51,97,0.51,2.38,11.5,14.8,134,135,28.8,28.0,22.7,20.0,16.0,0.138,0.172,0.178,0.207,1,3600.0,621.0,213.0,408.0,223.1,621.0,1273.1,618.5,212.1,406.3,223.1,618.5,1267.9
37.855885,-8.445038,91.0,2011-05-25T14:00,29.0,36,12.2,29.2,0.0,0.0,0.0,0.0,1,1018.7,1008.3,49,0,34,95,0.59,2.57,10.8,13.8,154,152,24.5,29.0,23.0,20.0,16.0,0.137,0.171,0.177,0.207,1,3600.0,746.0,455.0,291.0,489.2,746.0,1240.5,723.0,441.0,282.0,489.2,723.0,1202.2
37.855885,-8.445038,91.0,2011-05-25T15:00,28.9,36,12.3,27.7,0.0,0.0,0.0,0.0,1,1018.6,1008.2,38,0,40,48,0.47,2.56,12.8,16.5,170,170,22.3,28.7,23.3,20.0,16.0,0.136,0.171,0.177,0.207,1,3600.0,522.0,260.0,262.0,303.3,522.0,1143.3,490.6,244.4,246.3,303.3,490.6,1074.6
37.855885,-8.445038,91.0,2011-05-25T16:00,28.5,37,12.4,27.6,0.0,0.0,0.0,0.0,1,1018.2,1007.8,34,0,52,10,0.38,2.46,11.3,14.6,163,164,23.8,28.2,23.5,20.0,16.0,0.135,0.17,0.177,0.207,1,3600.0,406.0,165.0,241.0,222.7,406.0,988.1,367.2,149.2,218.0,222.7,367.2,893.7
37.855885,-8.445038,91.0,2011-05-25T17:00,28.0,38,12.5,27.3,0.0,0.0,0.0,0.0,1,1018.0,1007.6,23,0,36,5,0.28,2.32,9.7,13.2,158,158,24.1,27.3,23.7,20.1,16.0,0.134,0.17,0.177,0.207,1,3445.31,274.0,103.0,171.0,174.8,274.0,785.6,234.3,88.1,146.2,174.8,234.3,671.9
37.855885,-8.445038,91.0,2011-05-25T18:00,27.0,44,13.7,27.0,0.0,0.0,0.0,0.0,0,1017.9,1007.4,16,0,25,4,0.18,2.0,8.4,12.1,173,168,22.7,26.3,23.8,20.1,16.0,0.134,0.169,0.177,0.207,1,3587.2,155.0,74.0,81.0,179.6,155.0,549.6,119.7,57.1,62.5,179.6,119.7,424.2
37.855885,-8.445038,91.0,2011-05-25T19:00,25.8,59,17.2,27.8,0.0,0.0,0.0,0.0,0,1018.4,1007.9,13,0,21,0,0.1,1.37,3.5,8.8,204,189,16.2,25.6,23.8,20.1,16.0,0.133,0.169,0.177,0.207,1,3600.0,144.0,88.0,56.0,396.4,144.0,296.0,81.6,49.8,31.7,396.4,81.6,167.7
37.855885,-8.445038,91.0,2011-05-25T20:00,23.9,64,16.7,25.8,0.0,0.0,0.0,0.0,0,1018.7,1008.1,12,0,20,0,0.03,1.06,2.6,3.3,286,229,9.4,24.0,23.8,20.1,16.0,0.133,0.169,0.177,0.207,0,173.07,19.0,8.0,11.0,80.7,19.0,73.5,0.0,0.0,0.0,0.0,0.0,0.0
37.855885,-8.445038,91.0,2011-05-25T21:00,22.6,69,16.6,24.6,0.0,0.0,0.0,0.0,0,1019.4,1008.8,15,0,23,5,0.0,0.85,2.3,3.6,18,6,9.7,22.7,23.6,20.1,16.1,0.133,0.169,0.177,0.207,0,0.0,0.0,0.0,0.0,0.0,0.0,0.0,0.0,0.0,0.0,0.0,0.0,0.0
37.855885,-8.445038,91.0,2011-05-25T22:00,21.1,74,16.3,22.8,0.0,0.0,0.0,0.0,1,1019.4,1008.7,46,0,55,43,0.0,0.66,3.4,6.3,72,66,9.0,21.4,23.4,20.1,16.1,0.133,0.169,0.177,0.207,0,0.0,0.0,0.0,0.0,0.0,0.0,0.0,0.0,0.0,0.0,0.0,0.0,0.0
37.855885,-8.445038,91.0,2011-05-25T23:00,21.5,69,15.5,22.5,0.0,0.0,0.0,0.0,2,1019.6,1008.9,52,0,51,70,0.01,0.8,5.6,7.4,165,151,10.4,20.5,23.2,20.1,16.1,0.134,0.169,0.177,0.207,0,0.0,0.0,0.0,0.0,0.0,0.0,0.0,0.0,0.0,0.0,0.0,0.0,0.0
37.855885,-8.445038,91.0,2011-05-26T00:00,21.2,69,15.4,21.8,0.0,0.0,0.0,0.0,2,1020.4,1009.7,56,1,46,91,0.03,0.77,8.7,18.1,225,221,6.5,19.9,22.9,20.1,16.1,0.134,0.169,0.177,0.207,0,0.0,0.0,0.0,0.0,0.0,0.0,0.0,0.0,0.0,0.0,0.0,0.0,0.0
37.855885,-8.445038,91.0,2011-05-26T01:00,19.2,82,16.0,20.2,0.0,0.0,0.0,0.0,2,1019.9,1009.1,56,0,51,83,0.0,0.41,6.9,12.6,227,239,8.6,19.5,22.7,20.1,16.1,0.134,0.169,0.177,0.207,0,0.0,0.0,0.0,0.0,0.0,0.0,0.0,0.0,0.0,0.0,0.0,0.0,0.0
37.855885,-8.445038,91.0,2011-05-26T02:00,18.7,84,15.8,20.2,0.0,0.0,0.0,0.0,2,1018.9,1008.1,50,0,34,100,0.0,0.35,2.7,7.2,247,264,8.6,18.9,22.4,20.1,16.1,0.134,0.169,0.177,0.207,0,0.0,0.0,0.0,0.0,0.0,0.0,0.0,0.0,0.0,0.0,0.0,0.0,0.0
37.855885,-8.445038,91.0,2011-05-26T03:00,19.1,81,15.7,20.5,0.0,0.0,0.0,0.0,1,1018.8,1008.0,43,0,22,100,0.0,0.43,3.6,7.2,233,273,9.0,18.6,22.1,20.1,16.1,0.134,0.169,0.177,0.207,0,0.0,0.0,0.0,0.0,0.0,0.0,0.0,0.0,0.0,0.0,0.0,0.0,0.0
37.855885,-8.445038,91.0,2011-05-26T04:00,20.0,77,15.8,21.0,0.0,0.0,0.0,0.0,2,1018.9,1008.2,59,0,49,99,0.01,0.55,6.6,13.2,221,244,8.3,18.3,21.9,20.2,16.1,0.134,0.169,0.177,0.207,0,0.0,0.0,0.0,0.0,0.0,0.0,0.0,0.0,0.0,0.0,0.0,0.0,0.0
37.855885,-8.445038,91.0,2011-05-26T05:00,19.3,80,15.8,19.8,0.0,0.0,0.0,0.0,1,1019.2,1008.4,45,0,25,100,0.01,0.44,9.4,18.8,230,241,4.0,18.1,21.6,20.1,16.1,0.134,0.169,0.177,0.207,0,0.0,0.0,0.0,0.0,0.0,0.0,0.0,0.0,0.0,0.0,0.0,0.0,0.0
37.855885,-8.445038,91.0,2011-05-26T06:00,17.9,89,16.0,18.3,0.0,0.0,0.0,0.0,1,1019.5,1008.7,46,0,29,96,0.03,0.23,11.3,21.6,233,240,6.5,18.3,21.4,20.1,16.1,0.134,0.169,0.177,0.207,1,0.0,9.0,0.0,9.0,0.0,9.0,70.9,20.6,0.0,20.6,0.0,11.3,162.5
37.855885,-8.445038,91.0,2011-05-26T07:00,19.5,85,17.0,20.3,0.9,0.9,0.0,0.0,53,1019.9,1009.1,87,0,96,97,0.06,0.33,11.5,19.7,226,235,22.0,19.5,21.2,20.1,16.1,0.138,0.169,0.177,0.207,1,0.0,67.0,7.0,60.0,32.1,67.0,290.8,96.5,10.1,86.5,32.1,96.5,419.1
37.855885,-8.445038,91.0,2011-05-26T08:00,19.7,89,17.8,21.1,1.0,1.0,0.0,0.0,55,1020.1,1009.3,90,0,100,100,0.07,0.26,9.4,15.3,230,236,21.2,20.1,21.1,20.1,16.1,0.148,0.169,0.177,0.207,1,0.0,90.0,6.0,84.0,14.7,90.0,544.5,110.3,7.4,102.9,14.7,110.3,667.1
37.855885,-8.445038,91.0,2011-05-26T09:00,19.7,91,18.2,21.6,1.7,1.7,0.0,0.0,61,1020.4,1009.6,90,1,100,97,0.07,0.2,7.4,10.6,241,246,19.4,20.3,21.1,20.1,16.1,0.166,0.169,0.177,0.207,1,0.0,97.0,1.0,96.0,1.7,97.0,781.1,110.5,1.1,109.3,1.7,110.5,889.6
37.855885,-8.445038,91.0,2011-05-26T10:00,19.6,92,18.2,21.8,2.0,2.0,0.0,0.0,61,1020.1,1009.3,100,12,99,98,0.07,0.19,4.9,6.5,343,341,16.6,20.3,21.0,20.1,16.1,0.191,0.169,0.177,0.207,1,0.0,86.0,0.0,86.0,0.0,86.0,984.6,93.6,0.0,93.6,0.0,93.6,1071.6
37.855885,-8.445038,91.0,2011-05-26T11:00,19.5,92,18.3,21.5,1.5,1.5,0.0,0.0,61,1019.8,1009.0,100,82,97,87,0.08,0.17,7.0,10.2,348,350,15.8,20.4,21.0,20.1,16.1,0.213,0.169,0.177,0.207,1,0.0,108.0,1.0,107.0,1.2,108.0,1140.9,113.6,1.1,112.6,1.2,113.6,1200.6
37.855885,-8.445038,91.0,2011-05-26T12:00,19.6,93,18.4,21.7,1.0,1.0,0.0,0.0,55,1020.0,1009.2,100,90,99,85,0.11,0.16,6.6,10.0,338,339,24.1,20.6,20.9,20.1,16.1,0.226,0.169,0.177,0.207,1,0.0,157.0,30.0,127.0,32.3,157.0,1239.6,160.6,30.7,129.9,32.3,160.6,1267.8
37.855885,-8.445038,91.0,2011-05-26T13:00,19.9,93,18.7,22.3,1.0,1.0,0.0,0.0,55,1019.7,1008.9,100,72,88,61,0.12,0.17,5.6,8.5,345,348,24.1,21.0,20.9,20.1,16.1,0.232,0.17,0.177,0.207,1,0.0,179.0,27.0,152.0,28.3,179.0,1273.9,178.3,26.9,151.4,28.3,178.3,1268.7
37.855885,-8.445038,91.0,2011-05-26T14:00,20.6,90,18.9,23.0,0.9,0.9,0.0,0.0,53,1019.2,1008.5,100,87,72,47,0.2,0.24,6.0,8.3,343,342,24.8,21.8,21.0,20.1,16.1,0.236,0.17,0.177,0.207,1,0.0,320.0,40.0,280.0,43.0,320.0,1241.4,310.2,38.8,271.4,43.0,310.2,1203.3
37.855885,-8.445038,91.0,2011-05-26T15:00,20.5,87,18.2,22.5,3.1,3.1,0.0,0.0,63,1018.6,1007.9,78,76,11,10,0.16,0.32,6.5,8.4,354,353,23.8,21.7,21.0,20.1,16.1,0.258,0.171,0.177,0.207,1,0.0,241.0,46.0,195.0,53.6,241.0,1144.5,226.6,43.2,183.3,53.6,226.6,1075.9
37.855885,-8.445038,91.0,2011-05-26T16:00,21.0,82,17.8,22.8,1.0,1.0,0.0,0.0,55,1017.8,1007.1,30,30,5,1,0.27,0.44,6.9,8.4,6,10,25.6,22.1,21.0,20.1,16.1,0.276,0.173,0.177,0.207,1,3600.0,432.0,252.0,180.0,339.5,432.0,989.6,390.8,228.0,162.9,339.5,390.8,895.4
37.855885,-8.445038,91.0,2011-05-26T17:00,20.5,83,17.5,22.6,0.5,0.5,0.0,0.0,53,1017.4,1006.7,21,15,10,5,0.19,0.4,4.0,4.9,10,17,27.0,21.8,21.1,20.1,16.1,0.28,0.175,0.177,0.207,1,3600.0,295.0,147.0,148.0,248.8,295.0,787.5,252.5,125.8,126.7,248.8,252.5,673.9
37.855885,-8.445038,91.0,2011-05-26T18:00,19.9,85,17.3,22.0,0.0,0.0,0.0,0.0,0,1017.0,1006.3,14,6,11,7,0.13,0.35,3.3,3.6,354,360,24.5,21.2,21.1,20.1,16.1,0.275,0.178,0.177,0.207,1,3600.0,222.0,146.0,76.0,352.7,222.0,551.9,171.7,112.9,58.8,352.7,171.7,426.7
37.855885,-8.445038,91.0,2011-05-26T19:00,21.5,79,17.8,23.8,0.0,0.0,0.0,0.0,1,1017.4,1006.7,28,7,20,34,0.08,0.53,3.7,4.7,349,356,18.7,21.1,21.1,20.1,16.1,0.269,0.18,0.177,0.207,1,3600.0,138.0,85.0,53.0,379.3,138.0,298.7,78.8,48.5,30.3,379.3,78.8,170.6
37.855885,-8.445038,91.0,2011-05-26T20:00,20.3,84,17.5,22.9,0.0,0.0,0.0,0.0,2,1017.7,1007.0,56,35,21,41,0.01,0.38,0.4,2.9,360,30,8.3,20.2,21.0,20.1,16.1,0.264,0.182,0.177,0.207,0,85.62,18.0,7.0,11.0,69.8,18.0,74.9,0.0,0.0,0.0,0.0,0.0,0.0
37.855885,-8.445038,91.0,2011-05-26T21:00,19.3,89,17.4,21.7,0.0,0.0,0.0,0.0,1,1018.2,1007.4,38,13,22,43,0.0,0.25,1.8,4.1,143,128,10.4,19.6,20.9,20.1,16.1,0.26,0.183,0.177,0.207,0,0.0,0.0,0.0,0.0,0.0,0.0,0.0,0.0,0.0,0.0,0.0,0.0,0.0
37.855885,-8.445038,91.0,2011-05-26T22:00,18.5,92,17.2,19.9,0.0,0.0,0.0,0.0,0,1017.6,1006.8,18,12,7,10,0.0,0.17,7.3,15.0,57,60,12.2,19.0,20.7,20.1,16.1,0.256,0.184,0.177,0.207,0,0.0,0.0,0.0,0.0,0.0,0.0,0.0,0.0,0.0,0.0,0.0,0.0,0.0
37.855885,-8.445038,91.0,2011-05-26T23:00,17.9,94,16.9,19.2,0.0,0.0,0.0,0.0,1,1017.7,1006.9,25,19,6,13,0.0,0.13,7.7,16.0,79,82,12.2,18.6,20.5,20.1,16.1,0.253,0.185,0.177,0.207,0,0.0,0.0,0.0,0.0,0.0,0.0,0.0,0.0,0.0,0.0,0.0,0.0,0.0
37.855885,-8.445038,91.0,2011-05-27T00:00,17.4,95,16.6,18.5,0.0,0.0,0.0,0.0,1,1017.3,1006.5,28,15,16,15,0.0,0.1,7.6,15.9,87,95,11.9,18.3,20.4,20.1,16.1,0.25,0.186,0.177,0.207,0,0.0,0.0,0.0,0.0,0.0,0.0,0.0,0.0,0.0,0.0,0.0,0.0,0.0
37.855885,-8.445038,91.0,2011-05-27T01:00,17.0,96,16.4,18.0,0.0,0.0,0.0,0.0,0,1016.8,1006.0,16,9,10,6,0.0,0.08,8.0,16.8,98,105,11.9,18.0,20.2,20.1,16.2,0.248,0.187,0.177,0.207,0,0.0,0.0,0.0,0.0,0.0,0.0,0.0,0.0,0.0,0.0,0.0,0.0,0.0
37.855885,-8.445038,91.0,2011-05-27T02:00,16.8,97,16.2,17.6,0.0,0.0,0.0,0.0,1,1016.1,1005.3,24,19,12,0,0.0,0.07,8.7,17.6,107,116,11.9,17.7,20.0,20.1,16.2,0.246,0.188,0.177,0.207,0,0.0,0.0,0.0,0.0,0.0,0.0,0.0,0.0,0.0,0.0,0.0,0.0,0.0
37.855885,-8.445038,91.0,2011-05-27T03:00,16.5,97,16.0,17.3,0.0,0.0,0.0,0.0,0,1015.8,1005.0,17,15,6,0,0.0,0.06,8.6,18.0,112,123,11.9,17.5,19.8,20.0,16.2,0.244,0.188,0.177,0.207,0,0.0,0.0,0.0,0.0,0.0,0.0,0.0,0.0,0.0,0.0,0.0,0.0,0.0
37.855885,-8.445038,91.0,2011-05-27T04:00,16.4,97,15.9,17.1,0.0,0.0,0.0,0.0,1,1015.8,1005.0,27,28,3,0,0.0,0.06,8.6,17.8,112,126,12.2,17.3,19.7,20.0,16.2,0.242,0.189,0.177,0.207,0,0.0,0.0,0.0,0.0,0.0,0.0,0.0,0.0,0.0,0.0,0.0,0.0,0.0
37.855885,-8.445038,91.0,2011-05-27T05:00,16.3,97,15.7,16.9,0.0,0.0,0.0,0.0,1,1015.5,1004.7,22,25,0,0,0.0,0.06,9.0,18.2,113,128,12.6,17.2,19.5,20.0,16.2,0.241,0.189,0.177,0.207,0,0.0,0.0,0.0,0.0,0.0,0.0,0.0,0.0,0.0,0.0,0.0,0.0,0.0
37.855885,-8.445038,91.0,2011-05-27T06:00,16.4,96,15.8,16.8,0.0,0.0,0.0,0.0,0,1015.5,1004.7,16,17,0,1,0.01,0.07,10.3,19.7,119,130,13.7,17.2,19.3,20.0,16.2,0.239,0.19,0.177,0.207,1,91.8,18.0,7.0,11.0,71.5,18.0,71.8,41.2,16.0,25.2,129.9,22.7,164.4
37.855885,-8.445038,91.0,2011-05-27T07:00,19.0,89,17.1,19.9,0.0,0.0,0.0,0.0,0,1015.8,1005.1,7,7,0,1,0.07,0.25,10.4,17.7,124,128,20.9,18.8,19.3,20.0,16.2,0.238,0.19,0.177,0.207,1,3600.0,146.0,86.0,60.0,391.9,146.0,292.5,209.9,123.6,86.3,391.9,209.9,420.6
37.855885,-8.445038,91.0,2011-05-27T08:00,21.0,81,17.7,21.8,0.0,0.0,0.0,0.0,0,1015.7,1005.0,11,8,6,0,0.19,0.46,13.0,17.6,134,134,25.2,20.3,19.4,20.0,16.2,0.236,0.19,0.177,0.207,1,3600.0,331.0,247.0,84.0,603.1,331.0,545.8,405.2,302.4,102.8,603.1,405.2,668.2
37.855885,-8.445038,91.0,2011-05-27T09:00,22.8,71,17.3,23.2,0.0,0.0,0.0,0.0,1,1015.9,1005.3,40,40,7,0,0.31,0.79,15.1,20.3,152,150,32.0,22.0,19.6,20.0,16.2,0.235,0.191,0.177,0.207,1,3600.0,501.0,363.0,138.0,618.6,501.0,782.1,570.4,413.3,157.1,618.6,570.4,890.5
37.855885,-8.445038,91.0,2011-05-27T10:00,24.1,66,17.3,25.3,0.0,0.0,0.0,0.0,1,1015.5,1004.9,23,19,10,0,0.41,1.02,12.5,16.7,147,147,34.6,23.4,19.9,20.0,16.2,0.232,0.191,0.177,0.207,1,3600.0,631.0,480.0,151.0,649.3,631.0,985.3,686.7,522.3,164.3,649.3,686.7,1072.3
37.855885,-8.445038,91.0,2011-05-27T11:00,25.4,62,17.5,27.7,0.0,0.0,0.0,0.0,1,1015.5,1005.0,25,11,24,1,0.53,1.23,11.9,15.3,155,153,33.1,25.3,20.3,20.0,16.2,0.229,0.19,0.177,0.207,1,3600.0,801.0,622.0,179.0,726.2,801.0,1141.5,842.8,654.5,188.3,726.2,842.8,1201.2
37.855885,-8.445038,91.0,2011-05-27T12:00,26.3,60,17.9,29.9,0.0,0.0,0.0,0.0,1,1015.3,1004.8,31,7,36,11,0.61,1.36,9.1,11.6,162,158,31.0,26.7,20.7,19.9,16.2,0.226,0.19,0.177,0.207,1,3600.0,903.0,743.0,160.0,798.5,903.0,1240.2,923.5,759.9,163.6,798.5,923.5,1268.4
37.855885,-8.445038,91.0,2011-05-27T13:00,26.6,59,17.9,30.4,0.2,0.2,0.0,0.0,51,1014.7,1004.2,26,1,35,13,0.59,1.44,5.8,7.2,158,153,25.9,27.6,21.2,19.9,16.2,0.225,0.189,0.176,0.207,1,3600.0,844.0,650.0,194.0,679.7,844.0,1274.5,840.6,647.4,193.2,679.7,840.6,1269.5
37.855885,-8.445038,91.0,2011-05-27T14:00,25.5,62,17.6,28.8,0.3,0.3,0.0,0.0,51,1014.7,1004.2,29,5,33,15,0.51,1.24,3.9,5.1,146,141,24.5,27.5,21.6,19.9,16.2,0.235,0.189,0.176,0.207,1,3600.0,735.0,534.0,201.0,572.9,735.0,1242.3,712.5,517.7,194.8,572.9,712.5,1204.2
37.855885,-8.445038,91.0,2011-05-27T15:00,24.0,69,17.9,26.7,0.9,0.9,0.0,0.0,53,1014.1,1003.6,29,3,33,21,0.4,0.94,2.6,3.9,124,124,26.3,26.8,21.9,20.0,16.2,0.251,0.19,0.176,0.207,1,3600.0,590.0,400.0,190.0,465.3,590.0,1145.6,554.8,376.1,178.7,465.3,554.8,1077.2
37.855885,-8.445038,91.0,2011-05-27T16:00,23.5,71,18.0,25.9,0.5,0.5,0.0,0.0,53,1014.0,1003.4,26,2,34,14,0.33,0.83,3.2,4.7,90,90,27.0,25.8,22.2,20.0,16.2,0.254,0.19,0.176,0.207,1,3600.0,500.0,307.0,193.0,412.8,500.0,991.1,452.5,277.9,174.7,412.8,452.5,897.0
37.855885,-8.445038,91.0,2011-05-27T17:00,23.8,70,18.0,26.1,0.0,0.0,0.0,0.0,1,1013.6,1003.1,25,10,20,14,0.27,0.88,3.9,5.2,68,74,27.0,25.1,22.3,20.0,16.2,0.251,0.191,0.176,0.207,1,3600.0,404.0,267.0,137.0,450.8,404.0,789.4,346.0,228.7,117.3,450.8,346.0,676.0
37.855885,-8.445038,91.0,2011-05-27T18:00,24.0,69,17.9,26.0,0.0,0.0,0.0,0.0,1,1013.2,1002.7,23,7,26,5,0.2,0.92,5.9,7.7,43,49,24.5,24.6,22.5,20.0,16.2,0.248,0.192,0.176,0.207,1,3600.0,300.0,193.0,107.0,464.2,300.0,554.1,232.4,149.5,82.9,464.2,232.4,429.2
37.855885,-8.445038,91.0,2011-05-27T19:00,24.5,64,17.2,25.9,0.1,0.1,0.0,0.0,51,1013.1,1002.6,8,0,13,0,0.12,1.11,8.0,13.5,18,29,16.9,23.9,22.5,20.0,16.2,0.246,0.192,0.176,0.207,1,3600.0,133.0,76.0,57.0,336.0,133.0,301.4,76.5,43.7,32.8,336.0,76.5,173.4
37.855885,-8.445038,91.0,2011-05-27T20:00,23.2,68,16.9,24.1,0.0,0.0,0.0,0.0,0,1013.1,1002.5,2,0,3,0,0.06,0.92,10.2,19.3,23,27,16.9,22.7,22.5,20.0,16.2,0.244,0.193,0.176,0.207,0,82.3,19.0,7.0,12.0,69.0,19.0,76.3,0.0,0.0,0.0,0.0,0.0,0.0
37.855885,-8.445038,91.0,2011-05-27T21:00,22.3,72,17.0,23.1,0.0,0.0,0.0,0.0,0,1013.5,1002.9,10,1,15,0,0.04,0.75,11.3,22.1,37,37,20.9,22.0,22.4,20.0,16.2,0.243,0.193,0.176,0.207,0,0.0,0.0,0.0,0.0,0.0,0.0,0.0,0.0,0.0,0.0,0.0,0.0,0.0
37.855885,-8.445038,91.0,2011-05-27T22:00,21.5,75,16.9,22.0,0.0,0.0,0.0,0.0,0,1014.1,1003.5,7,1,10,0,0.03,0.64,12.7,24.8,45,49,23.0,21.3,22.3,20.0,16.2,0.241,0.194,0.176,0.207,0,0.0,0.0,0.0,0.0,0.0,0.0,0.0,0.0,0.0,0.0,0.0,0.0,0.0
37.855885,-8.445038,91.0,2011-05-27T23:00,20.9,77,16.7,21.5,0.0,0.0,0.0,0.0,0,1014.0,1003.3,4,1,5,0,0.03,0.57,11.4,23.7,55,57,22.7,20.9,22.1,20.0,16.2,0.24,0.194,0.176,0.207,0,0.0,0.0,0.0,0.0,0.0,0.0,0.0,0.0,0.0,0.0,0.0,0.0,0.0
37.855885,-8.445038,91.0,2011-05-28T00:00,20.5,77,16.3,21.1,0.0,0.0,0.0,0.0,0,1013.5,1002.8,7,0,12,0,0.02,0.55,10.5,22.2,74,73,21.6,20.6,22.0,20.0,16.2,0.238,0.195,0.176,0.207,0,0.0,0.0,0.0,0.0,0.0,0.0,0.0,0.0,0.0,0.0,0.0,0.0,0.0
37.855885,-8.445038,91.0,2011-05-28T01:00,20.1,77,15.9,20.6,0.0,0.0,0.0,0.0,0,1013.1,1002.4,11,2,16,0,0.02,0.54,10.1,21.2,86,89,21.2,20.2,21.8,20.0,16.2,0.237,0.195,0.176,0.207,0,0.0,0.0,0.0,0.0,0.0,0.0,0.0,0.0,0.0,0.0,0.0,0.0,0.0
37.855885,-8.445038,91.0,2011-05-28T02:00,19.8,76,15.5,20.1,0.0,0.0,0.0,0.0,0,1012.4,1001.7,13,0,22,0,0.02,0.54,10.4,21.9,92,99,21.6,19.9,21.6,20.0,16.2,0.236,0.195,0.176,0.206,0,0.0,0.0,0.0,0.0,0.0,0.0,0.0,0.0,0.0,0.0,0.0,0.0,0.0
37.855885,-8.445038,91.0,2011-05-28T03:00,19.3,78,15.4,19.5,0.0,0.0,0.0,0.0,0,1012.2,1001.5,7,0,12,0,0.02,0.49,10.9,23.0,99,107,21.2,19.6,21.5,20.0,16.2,0.235,0.196,0.176,0.206,0,0.0,0.0,0.0,0.0,0.0,0.0,0.0,0.0,0.0,0.0,0.0,0.0,0.0
37.855885,-8.445038,91.0,2011-05-28T04:00,19.0,80,15.5,19.3,0.0,0.0,0.0,0.0,0,1012.3,1001.6,18,0,30,0,0.02,0.43,10.7,22.9,110,118,20.5,19.3,21.3,20.0,16.2,0.234,0.196,0.176,0.206,0,0.0,0.0,0.0,0.0,0.0,0.0,0.0,0.0,0.0,0.0,0.0,0.0,0.0
37.855885,-8.445038,91.0,2011-05-28T05:00,18.6,84,15.8,19.0,0.0,0.0,0.0,0.0,0,1012.5,1001.8,19,0,32,0,0.01,0.34,10.3,21.9,115,126,20.5,19.0,21.1,20.0,16.2,0.233,0.196,0.176,0.206,0,0.0,0.0,0.0,0.0,0.0,0.0,0.0,0.0,0.0,0.0,0.0,0.0,0.0
37.855885,-8.445038,91.0,2011-05-28T06:00,18.3,88,16.2,18.8,0.0,0.0,0.0,0.0,1,1012.9,1002.2,23,0,34,8,0.03,0.26,10.7,21.7,123,132,17.6,18.9,20.9,20.0,16.3,0.232,0.196,0.176,0.206,1,6.79,14.0,6.0,8.0,60.8,14.0,72.7,32.0,13.7,18.3,110.0,17.7,166.2
37.855885,-8.445038,91.0,2011-05-28T07:00,20.0,83,17.1,21.1,0.0,0.0,0.0,0.0,1,1013.3,1002.6,38,0,48,29,0.08,0.39,9.9,18.4,136,140,20.2,20.1,20.8,20.0,16.3,0.231,0.197,0.176,0.206,1,3600.0,130.0,74.0,56.0,335.3,130.0,294.1,186.5,106.2,80.3,335.3,186.5,422.0
37.855885,-8.445038,91.0,2011-05-28T08:00,22.1,76,17.7,23.6,0.0,0.0,0.0,0.0,1,1013.9,1003.3,34,1,37,36,0.18,0.64,8.7,12.2,163,161,22.7,21.9,20.9,20.0,16.3,0.231,0.197,0.176,0.206,1,3600.0,289.0,192.0,97.0,467.6,289.0,547.1,353.6,234.9,118.7,467.6,353.6,669.3
37.855885,-8.445038,91.0,2011-05-28T09:00,23.2,73,18.0,24.9,0.2,0.2,0.0,0.0,51,1014.0,1003.4,28,0,33,27,0.28,0.78,8.0,10.6,162,162,25.6,23.1,21.0,20.0,16.3,0.23,0.197,0.176,0.206,1,3600.0,425.0,259.0,166.0,440.7,425.0,783.1,483.7,294.8,188.9,440.7,483.7,891.3
37.855885,-8.445038,91.0,2011-05-28T10:00,24.5,68,18.1,25.9,0.3,0.3,0.0,0.0,51,1014.2,1003.7,39,13,34,22,0.39,0.99,11.8,15.5,168,167,33.1,24.7,21.3,20.0,16.3,0.23,0.197,0.176,0.206,1,3600.0,595.0,402.0,193.0,543.2,595.0,986.0,647.4,437.4,210.0,543.2,647.4,1072.9
37.855885,-8.445038,91.0,2011-05-28T11:00,24.3,68,18.0,25.2,0.5,0.5,0.0,0.0,53,1013.8,1003.3,32,23,16,6,0.37,0.97,13.2,17.1,151,150,42.8,25.1,21.5,20.0,16.3,0.233,0.197,0.176,0.206,1,3600.0,542.0,318.0,224.0,371.0,542.0,1142.1,570.3,334.6,235.7,371.0,570.3,1201.7
37.855885,-8.445038,91.0,2011-05-28T12:00,24.9,66,18.1,27.1,0.2,0.2,0.0,0.0,51,1013.5,1003.0,55,26,48,9,0.49,1.07,12.9,17.1,153,152,46.1,25.9,21.8,20.0,16.3,0.233,0.197,0.176,0.206,1,3600.0,743.0,539.0,204.0,578.8,743.0,1240.7,759.9,551.3,208.6,578.8,759.9,1269.0
37.855885,-8.445038,91.0,2011-05-28T13:00,25.8,63,18.2,28.4,0.1,0.1,0.0,0.0,51,1013.0,1002.5,52,22,51,5,0.53,1.23,12.0,15.8,164,163,46.8,26.8,22.1,20.0,16.3,0.232,0.196,0.176,0.206,1,3600.0,790.0,597.0,193.0,623.7,790.0,1275.2,786.9,594.7,192.2,623.7,786.9,1270.2
37.855885,-8.445038,91.0,2011-05-28T14:00,26.7,58,17.6,29.0,0.1,0.1,0.0,0.0,51,1013.3,1002.9,76,31,53,54,0.6,1.48,14.9,19.5,187,185,45.0,27.6,22.5,20.0,16.3,0.231,0.196,0.176,0.206,1,3600.0,875.0,728.0,147.0,780.2,875.0,1243.1,848.3,705.8,142.5,780.2,848.3,1205.2
37.855885,-8.445038,91.0,2011-05-28T15:00,24.3,67,17.9,26.0,1.7,1.7,0.0,0.0,61,1013.7,1003.2,64,39,36,24,0.45,0.99,13.2,17.8,202,201,42.8,26.9,22.7,20.0,16.3,0.251,0.196,0.176,0.206,1,3600.0,693.0,556.0,137.0,646.0,693.0,1146.7,651.8,522.9,128.8,646.0,651.8,1078.5
37.855885,-8.445038,91.0,2011-05-28T16:00,22.4,75,17.8,23.7,0.5,0.5,0.0,0.0,53,1013.7,1003.1,46,27,36,0,0.32,0.67,10.5,13.0,221,219,38.2,25.6,22.9,20.0,16.3,0.271,0.197,0.176,0.206,1,3600.0,514.0,376.0,138.0,504.7,514.0,992.6,465.4,340.4,124.9,504.7,465.4,898.7
37.855885,-8.445038,91.0,2011-05-28T17:00,22.8,72,17.5,23.8,0.2,0.2,0.0,0.0,51,1013.2,1002.6,29,20,18,0,0.29,0.77,11.0,14.1,232,230,29.9,24.9,23.0,20.0,16.3,0.271,0.199,0.176,0.206,1,3600.0,459.0,347.0,112.0,584.3,459.0,791.2,393.4,297.4,96.0,584.3,393.4,678.0
37.855885,-8.445038,91.0,2011-05-28T18:00,22.4,73,17.3,23.4,0.0,0.0,0.0,0.0,1,1013.0,1002.4,20,18,7,0,0.2,0.74,11.2,14.8,225,225,29.2,24.1,23.0,20.1,16.3,0.266,0.2,0.176,0.206,1,3600.0,303.0,215.0,88.0,514.8,303.0,556.3,235.1,166.8,68.3,514.8,235.1,431.6
37.855885,-8.445038,91.0,2011-05-28T19:00,21.7,74,16.9,22.5,0.0,0.0,0.0,0.0,0,1013.3,1002.7,15,16,1,0,0.1,0.67,10.7,15.0,225,224,23.0,23.1,23.0,20.1,16.3,0.262,0.201,0.176,0.206,1,3600.0,136.0,76.0,60.0,333.0,136.0,304.0,78.8,44.1,34.8,333.0,78.8,176.2
37.855885,-8.445038,91.0,2011-05-28T20:00,20.6,78,16.7,21.5,0.0,0.0,0.0,0.0,0,1013.3,1002.6,13,14,1,0,0.04,0.53,9.7,16.3,225,225,20.5,22.0,22.8,20.1,16.3,0.259,0.202,0.176,0.206,0,170.93,20.0,8.0,12.0,78.1,20.0,77.7,0.0,0.0,0.0,0.0,0.0,0.0
37.855885,-8.445038,91.0,2011-05-28T21:00,19.6,84,16.8,20.8,0.0,0.0,0.0,0.0,0,1014.2,1003.5,14,15,0,0,0.0,0.37,7.9,15.6,219,220,18.4,21.0,22.6,20.1,16.3,0.257,0.203,0.176,0.206,0,0.0,0.0,0.0,0.0,0.0,0.0,0.0,0.0,0.0,0.0,0.0,0.0,0.0
37.855885,-8.445038,91.0,2011-05-28T22:00,18.7,89,16.8,20.0,0.0,0.0,0.0,0.0,0,1014.6,1003.9,9,10,0,0,0.0,0.24,6.9,14.5,219,222,14.8,20.3,22.4,20.1,16.3,0.254,0.204,0.176,0.206,0,0.0,0.0,0.0,0.0,0.0,0.0,0.0,0.0,0.0,0.0,0.0,0.0,0.0
37.855885,-8.445038,91.0,2011-05-28T23:00,17.9,93,16.7,19.3,0.0,0.0,0.0,0.0,0,1014.6,1003.8,6,7,0,0,0.0,0.14,6.3,14.2,193,201,12.2,19.7,22.2,20.1,16.3,0.252,0.204,0.176,0.206,0,0.0,0.0,0.0,0.0,0.0,0.0,0.0,0.0,0.0,0.0,0.0,0.0,0.0
37.855885,-8.445038,91.0,2011-05-29T00:00,17.2,95,16.3,18.4,0.0,0.0,0.0,0.0,0,1014.6,1003.8,13,14,0,0,0.0,0.1,6.5,14.8,174,186,12.6,19.1,21.9,20.1,16.3,0.25,0.205,0.176,0.206,0,0.0,0.0,0.0,0.0,0.0,0.0,0.0,0.0,0.0,0.0,0.0,0.0,0.0
37.855885,-8.445038,91.0,2011-05-29T01:00,16.7,95,15.9,17.6,0.0,0.0,0.0,0.0,0,1014.8,1004.0,15,17,0,0,0.0,0.09,7.5,15.5,163,176,13.3,18.6,21.6,20.1,16.3,0.249,0.205,0.176,0.206,0,0.0,0.0,0.0,0.0,0.0,0.0,0.0,0.0,0.0,0.0,0.0,0.0,0.0
37.855885,-8.445038,91.0,2011-05-29T02:00,16.5,95,15.8,17.2,0.0,0.0,0.0,0.0,1,1014.2,1003.4,23,26,0,0,0.0,0.09,8.9,17.3,159,168,15.8,18.3,21.3,20.1,16.3,0.247,0.206,0.176,0.206,0,0.0,0.0,0.0,0.0,0.0,0.0,0.0,0.0,0.0,0.0,0.0,0.0,0.0
37.855885,-8.445038,91.0,2011-05-29T03:00,16.5,95,15.8,17.1,0.0,0.0,0.0,0.0,1,1014.2,1003.4,26,27,3,0,0.0,0.09,9.5,18.3,155,164,18.0,18.2,21.1,20.1,16.3,0.246,0.206,0.176,0.206,0,0.0,0.0,0.0,0.0,0.0,0.0,0.0,0.0,0.0,0.0,0.0,0.0,0.0
37.855885,-8.445038,91.0,2011-05-29T04:00,16.3,96,15.6,16.7,0.0,0.0,0.0,0.0,1,1014.0,1003.2,27,21,14,0,0.0,0.08,9.8,19.5,152,161,17.6,17.9,20.8,20.1,16.3,0.244,0.206,0.176,0.206,0,0.0,0.0,0.0,0.0,0.0,0.0,0.0,0.0,0.0,0.0,0.0,0.0,0.0
37.855885,-8.445038,91.0,2011-05-29T05:00,16.2,96,15.6,16.5,0.0,0.0,0.0,0.0,1,1014.2,1003.4,34,22,23,0,0.0,0.07,10.6,20.3,152,160,18.7,17.8,20.6,20.1,16.3,0.243,0.207,0.176,0.206,0,0.0,0.0,0.0,0.0,0.0,0.0,0.0,0.0,0.0,0.0,0.0,0.0,0.0
37.855885,-8.445038,91.0,2011-05-29T06:00,16.6,95,15.7,16.8,0.0,0.0,0.0,0.0,1,1014.4,1003.6,27,19,16,0,0.01,0.1,12.0,20.7,147,157,20.9,18.0,20.4,20.1,16.3,0.242,0.207,0.176,0.206,1,88.84,17.0,7.0,10.0,70.5,17.0,73.5,38.8,16.0,22.8,126.8,21.6,167.9
37.855885,-8.445038,91.0,2011-05-29T07:00,17.8,89,16.0,17.5,0.0,0.0,0.0,0.0,1,1014.6,1003.8,29,26,10,0,0.07,0.23,15.8,23.0,159,160,28.8,18.8,20.3,20.1,16.3,0.241,0.207,0.176,0.206,1,3600.0,144.0,82.0,62.0,369.5,144.0,295.6,206.2,117.4,88.8,369.5,206.2,423.2
37.855885,-8.445038,91.0,2011-05-29T08:00,19.5,77,15.4,18.8,0.0,0.0,0.0,0.0,1,1014.8,1004.1,30,25,13,0,0.17,0.51,17.0,23.3,167,167,32.8,20.1,20.3,20.1,16.3,0.239,0.207,0.176,0.206,1,3600.0,286.0,199.0,87.0,483.5,286.0,548.2,349.7,243.3,106.4,483.5,349.7,670.2
37.855885,-8.445038,91.0,2011-05-29T09:00,20.8,67,14.5,19.5,0.1,0.1,0.0,0.0,51,1015.1,1004.4,36,21,29,0,0.29,0.81,19.2,26.1,172,173,38.2,21.5,20.3,20.1,16.3,0.238,0.207,0.176,0.206,1,3600.0,479.0,344.0,135.0,584.5,479.0,783.9,545.1,391.4,153.6,584.5,545.1,892.0
37.855885,-8.445038,91.0,2011-05-29T10:00,21.7,63,14.2,20.3,0.1,0.1,0.0,0.0,51,1015.0,1004.4,40,19,39,0,0.34,0.97,18.8,25.0,187,186,40.0,22.4,20.5,20.0,16.3,0.236,0.207,0.176,0.206,1,3600.0,517.0,352.0,165.0,475.2,517.0,986.6,562.5,383.0,179.5,475.2,562.5,1073.4
37.855885,-8.445038,91.0,2011-05-29T11:00,22.3,61,14.3,21.4,0.4,0.4,0.0,0.0,51,1015.3,1004.7,39,21,34,0,0.42,1.05,18.9,25.5,189,188,42.5,23.3,20.7,20.0,16.3,0.235,0.207,0.176,0.206,1,3600.0,652.0,448.0,204.0,522.2,652.0,1142.6,686.0,471.4,214.6,522.2,686.0,1202.2
37.855885,-8.445038,91.0,2011-05-29T12:00,22.7,60,14.6,21.8,0.1,0.1,0.0,0.0,51,1015.1,1004.5,54,35,36,2,0.43,1.09,19.8,26.8,192,191,43.6,23.8,20.9,20.0,16.4,0.234,0.207,0.176,0.206,1,3600.0,657.0,488.0,169.0,523.6,657.0,1241.2,672.0,499.1,172.9,523.6,672.0,1269.5
37.855885,-8.445038,91.0,2011-05-29T13:00,22.8,61,14.9,21.8,0.2,0.2,0.0,0.0,51,1014.8,1004.2,64,49,32,2,0.42,1.08,20.7,27.9,197,197,43.9,24.0,21.1,20.0,16.4,0.234,0.207,0.176,0.206,1,3600.0,645.0,427.0,218.0,445.7,645.0,1275.8,642.5,425.4,217.2,445.7,642.5,1270.9
37.855885,-8.445038,91.0,2011-05-29T14:00,22.9,63,15.4,22.2,0.3,0.3,0.0,0.0,51,1014.7,1004.1,31,10,36,0,0.43,1.03,21.5,28.9,203,203,43.9,24.4,21.3,20.0,16.4,0.234,0.206,0.176,0.206,1,3600.0,679.0,479.0,200.0,512.8,679.0,1243.9,658.4,464.5,193.9,512.8,658.4,1206.1
37.855885,-8.445038,91.0,2011-05-29T15:00,22.3,67,15.8,21.2,0.3,0.3,0.0,0.0,51,1014.3,1003.7,34,15,34,0,0.37,0.9,22.2,30.0,205,204,44.3,24.1,21.5,20.0,16.4,0.237,0.206,0.176,0.206,1,3600.0,581.0,422.0,159.0,489.6,581.0,1147.8,546.5,397.0,149.6,489.6,546.5,1079.7
37.855885,-8.445038,91.0,2011-05-29T16:00,21.7,70,15.9,20.4,0.2,0.2,0.0,0.0,51,1014.3,1003.7,25,14,21,0,0.3,0.78,22.2,29.8,207,207,43.2,23.6,21.6,20.0,16.4,0.238,0.206,0.176,0.206,1,3600.0,457.0,285.0,172.0,381.8,457.0,994.0,413.9,258.1,155.8,381.8,413.9,900.3
37.855885,-8.445038,91.0,2011-05-29T17:00,21.0,74,16.1,20.0,0.1,0.1,0.0,0.0,51,1014.3,1003.6,26,18,17,0,0.22,0.65,21.3,29.2,208,209,41.8,22.8,21.7,20.0,16.4,0.238,0.207,0.176,0.206,1,3600.0,342.0,223.0,119.0,374.5,342.0,793.0,293.3,191.2,102.0,374.5,293.3,680.0
37.855885,-8.445038,91.0,2011-05-29T18:00,20.5,76,16.0,19.6,0.0,0.0,0.0,0.0,1,1013.9,1003.2,23,20,9,0,0.18,0.59,20.0,28.2,210,210,39.6,22.2,21.7,20.0,16.4,0.238,0.207,0.176,0.206,1,3600.0,280.0,193.0,87.0,460.2,280.0,558.5,217.6,150.0,67.6,460.2,217.6,434.0
37.855885,-8.445038,91.0,2011-05-29T19:00,20.2,72,15.0,19.4,0.0,0.0,0.0,0.0,0,1014.2,1003.5,16,15,5,0,0.12,0.66,17.3,25.1,211,212,38.9,21.5,21.6,20.0,16.4,0.236,0.207,0.176,0.206,1,3600.0,144.0,90.0,54.0,390.9,144.0,306.6,84.1,52.5,31.5,390.9,84.1,179.0
37.855885,-8.445038,91.0,2011-05-29T20:00,19.1,78,15.1,18.7,0.0,0.0,0.0,0.0,0,1014.2,1003.5,15,15,3,0,0.05,0.49,14.5,23.4,210,211,32.0,20.5,21.5,20.0,16.4,0.236,0.207,0.176,0.206,0,264.09,21.0,9.0,12.0,87.0,21.0,79.1,0.0,0.0,0.0,0.0,0.0,0.0
37.855885,-8.445038,91.0,2011-05-29T21:00,18.4,82,15.3,18.3,0.0,0.0,0.0,0.0,0,1014.8,1004.0,19,18,5,0,0.02,0.38,12.9,21.3,203,206,25.9,19.8,21.4,20.0,16.4,0.235,0.207,0.176,0.206,0,0.0,0.0,0.0,0.0,0.0,0.0,0.0,0.0,0.0,0.0,0.0,0.0,0.0
37.855885,-8.445038,91.0,2011-05-29T22:00,17.8,86,15.4,17.9,0.0,0.0,0.0,0.0,1,1015.1,1004.3,40,19,33,10,0.01,0.29,12.1,21.7,197,201,22.0,19.2,21.2,20.0,16.4,0.234,0.207,0.176,0.206,0,0.0,0.0,0.0,0.0,0.0,0.0,0.0,0.0,0.0,0.0,0.0,0.0,0.0
37.855885,-8.445038,91.0,2011-05-29T23:00,17.4,88,15.4,17.3,0.0,0.0,0.0,0.0,3,1014.9,1004.1,90,71,37,14,0.01,0.24,13.2,22.5,197,200,20.5,18.8,21.0,20.0,16.4,0.233,0.208,0.176,0.206,0,0.0,0.0,0.0,0.0,0.0,0.0,0.0,0.0,0.0,0.0,0.0,0.0,0.0
37.855885,-8.445038,91.0,2011-05-30T00:00,17.0,89,15.3,16.9,0.0,0.0,0.0,0.0,3,1014.8,1004.0,100,90,41,20,0.0,0.2,12.9,22.0,198,201,21.2,18.5,20.8,20.0,16.4,0.233,0.208,0.176,0.206,0,0.0,0.0,0.0,0.0,0.0,0.0,0.0,0.0,0.0,0.0,0.0,0.0,0.0
37.855885,-8.445038,91.0,2011-05-30T01:00,16.7,90,15.0,16.0,0.2,0.2,0.0,0.0,51,1014.1,1003.3,91,81,16,27,0.01,0.2,16.4,25.9,206,207,24.1,18.3,20.6,20.0,16.4,0.234,0.208,0.176,0.206,0,0.0,0.0,0.0,0.0,0.0,0.0,0.0,0.0,0.0,0.0,0.0,0.0,0.0
37.855885,-8.445038,91.0,2011-05-30T02:00,16.4,91,14.9,15.8,0.4,0.4,0.0,0.0,51,1013.8,1003.0,91,68,40,19,0.0,0.18,15.5,25.8,208,208,27.0,18.1,20.4,20.0,16.4,0.241,0.208,0.176,0.206,0,0.0,0.0,0.0,0.0,0.0,0.0,0.0,0.0,0.0,0.0,0.0,0.0,0.0
37.855885,-8.445038,91.0,2011-05-30T03:00,16.1,90,14.4,15.4,1.0,1.0,0.0,0.0,55,1013.5,1002.7,60,52,14,16,0.01,0.19,15.0,24.8,204,206,26.6,17.9,20.2,20.0,16.4,0.256,0.209,0.176,0.206,0,0.0,0.0,0.0,0.0,0.0,0.0,0.0,0.0,0.0,0.0,0.0,0.0,0.0
37.855885,-8.445038,91.0,2011-05-30T04:00,15.4,94,14.4,14.6,0.8,0.8,0.0,0.0,53,1013.4,1002.6,60,42,22,30,0.0,0.11,15.1,25.0,205,207,24.8,17.6,20.0,20.0,16.4,0.276,0.21,0.176,0.206,0,0.0,0.0,0.0,0.0,0.0,0.0,0.0,0.0,0.0,0.0,0.0,0.0,0.0
37.855885,-8.445038,91.0,2011-05-30T05:00,15.4,95,14.6,14.7,0.3,0.3,0.0,0.0,51,1013.6,1002.7,71,51,26,32,0.0,0.09,14.7,24.7,208,209,23.4,17.5,19.8,20.0,16.4,0.278,0.211,0.176,0.206,0,0.0,0.0,0.0,0.0,0.0,0.0,0.0,0.0,0.0,0.0,0.0,0.0,0.0
37.855885,-8.445038,91.0,2011-05-30T06:00,15.7,95,14.9,15.2,0.0,0.0,0.0,0.0,3,1013.8,1003.0,100,88,21,46,0.02,0.09,14.5,25.0,207,208,22.0,17.5,19.6,20.0,16.4,0.273,0.213,0.176,0.206,1,0.0,8.0,1.0,7.0,10.0,8.0,74.3,18.2,2.3,16.0,17.9,10.2,169.4
37.855885,-8.445038,91.0,2011-05-30T07:00,16.9,93,15.8,16.6,0.1,0.1,0.0,0.0,51,1013.9,1003.1,99,88,21,25,0.05,0.14,15.6,25.9,206,209,29.9,18.1,19.5,20.0,16.4,0.271,0.214,0.176,0.206,1,2908.76,99.0,35.0,64.0,157.0,99.0,296.9,141.5,50.0,91.5,157.0,141.5,424.4
37.855885,-8.445038,91.0,2011-05-30T08:00,17.8,93,16.7,18.0,0.2,0.2,0.0,0.0,51,1014.2,1003.4,100,96,26,8,0.09,0.14,14.3,22.9,205,208,30.2,18.8,19.5,20.0,16.4,0.268,0.215,0.176,0.206,1,2564.0,179.0,60.0,119.0,145.5,179.0,549.2,218.7,73.3,145.4,145.5,218.7,671.1
37.855885,-8.445038,91.0,2011-05-30T09:00,18.4,92,17.1,18.9,0.5,0.5,0.0,0.0,53,1014.6,1003.8,94,92,12,14,0.13,0.17,13.6,21.6,212,213,30.2,19.4,19.5,20.0,16.4,0.267,0.216,0.176,0.206,1,1203.57,229.0,59.0,170.0,100.1,229.0,784.6,260.5,67.1,193.4,100.1,260.5,892.6
37.855885,-8.445038,91.0,2011-05-30T10:00,19.3,90,17.6,19.7,0.3,0.3,0.0,0.0,51,1015.1,1004.4,100,94,11,31,0.2,0.23,16.1,23.7,228,229,31.0,20.3,19.6,19.9,16.4,0.268,0.217,0.176,0.206,1,3600.0,372.0,139.0,233.0,187.5,372.0,987.2,404.7,151.2,253.5,187.5,404.7,1073.9
37.855885,-8.445038,91.0,2011-05-30T11:00,19.5,89,17.5,19.7,0.7,0.7,0.0,0.0,53,1014.9,1004.2,86,84,5,24,0.23,0.26,16.7,23.0,237,238,33.8,20.7,19.7,19.9,16.4,0.279,0.218,0.176,0.206,1,3600.0,428.0,186.0,242.0,216.6,428.0,1143.1,450.3,195.7,254.6,216.6,450.3,1202.6
37.855885,-8.445038,91.0,2011-05-30T12:00,20.8,84,18.0,21.6,0.3,0.3,0.0,0.0,51,1015.2,1004.5,93,91,14,10,0.32,0.39,15.0,20.1,243,243,33.1,21.7,19.8,19.9,16.4,0.275,0.219,0.176,0.206,1,3600.0,575.0,254.0,321.0,272.3,575.0,1241.7,588.1,259.8,328.3,272.3,588.1,1270.0
37.855885,-8.445038,91.0,2011-05-30T13:00,21.2,79,17.3,21.6,0.4,0.4,0.0,0.0,51,1015.2,1004.5,87,80,16,17,0.34,0.54,15.9,21.5,252,252,34.2,22.5,20.0,19.9,16.4,0.278,0.22,0.176,0.206,1,3600.0,578.0,275.0,303.0,286.9,578.0,1276.3,575.8,274.0,301.9,286.9,575.8,1271.5
37.855885,-8.445038,91.0,2011-05-30T14:00,20.2,82,17.1,20.4,0.6,0.6,0.0,0.0,53,1015.2,1004.5,74,58,29,14,0.28,0.42,15.7,20.9,254,255,36.0,22.2,20.2,19.9,16.4,0.284,0.222,0.176,0.206,1,3600.0,494.0,241.0,253.0,257.8,494.0,1244.7,479.1,233.7,245.3,257.8,479.1,1207.0
37.855885,-8.445038,91.0,2011-05-30T15:00,21.0,79,17.2,21.4,0.0,0.0,0.0,0.0,2,1015.1,1004.4,69,66,11,10,0.33,0.52,15.4,20.5,259,260,34.9,22.5,20.4,19.9,16.4,0.278,0.223,0.176,0.206,1,3600.0,570.0,288.0,282.0,333.8,570.0,1148.8,536.3,271.0,265.3,333.8,536.3,1080.9
37.855885,-8.445038,91.0,2011-05-30T16:00,21.0,78,17.1,21.2,0.3,0.3,0.0,0.0,51,1015.5,1004.8,67,67,10,1,0.27,0.54,15.5,20.9,269,270,34.2,22.7,20.5,19.9,16.4,0.274,0.224,0.176,0.206,1,3600.0,452.0,243.0,209.0,325.0,452.0,995.4,409.5,220.2,189.4,325.0,409.5,901.8
37.855885,-8.445038,91.0,2011-05-30T17:00,20.6,78,16.6,20.2,0.2,0.2,0.0,0.0,51,1015.5,1004.8,49,30,34,5,0.24,0.53,18.3,25.1,286,286,36.4,22.4,20.7,19.9,16.4,0.272,0.225,0.176,0.206,1,3600.0,418.0,279.0,139.0,467.3,418.0,794.8,358.7,239.4,119.3,467.3,358.7,682.0
37.855885,-8.445038,91.0,2011-05-30T18:00,20.0,78,16.1,19.6,0.0,0.0,0.0,0.0,1,1016.0,1005.3,44,21,38,7,0.16,0.51,17.5,25.9,307,308,36.7,21.6,20.7,19.9,16.4,0.269,0.226,0.176,0.206,1,3600.0,250.0,168.0,82.0,398.9,250.0,560.7,194.6,130.7,63.8,398.9,194.6,436.4
37.855885,-8.445038,91.0,2011-05-30T19:00,19.2,80,15.7,19.0,0.0,0.0,0.0,0.0,1,1016.5,1005.8,45,23,40,0,0.08,0.44,14.1,22.0,322,325,35.3,20.6,20.7,19.9,16.4,0.266,0.227,0.176,0.206,1,3600.0,98.0,51.0,47.0,219.7,98.0,309.1,57.6,30.0,27.6,219.7,57.6,181.7
37.855885,-8.445038,91.0,2011-05-30T20:00,18.8,82,15.7,19.2,0.0,0.0,0.0,0.0,1,1016.9,1006.1,29,20,18,0,0.04,0.39,10.7,19.2,320,326,27.4,19.9,20.6,19.9,16.5,0.264,0.227,0.176,0.206,0,0.0,16.0,6.0,10.0,57.4,16.0,80.4,0.0,0.0,0.0,0.0,0.0,0.0
37.855885,-8.445038,91.0,2011-05-30T21:00,18.3,85,15.8,18.4,0.0,0.0,0.0,0.0,1,1017.6,1006.8,26,21,11,0,0.01,0.31,12.3,21.4,322,327,21.2,19.2,20.5,19.9,16.5,0.262,0.228,0.176,0.206,0,0.0,0.0,0.0,0.0,0.0,0.0,0.0,0.0,0.0,0.0,0.0,0.0,0.0
37.855885,-8.445038,91.0,2011-05-30T22:00,17.8,88,15.9,17.9,0.0,0.0,0.0,0.0,1,1018.6,1007.8,45,23,41,0,0.01,0.24,13.1,23.3,328,333,23.8,18.7,20.3,19.9,16.5,0.26,0.228,0.176,0.206,0,0.0,0.0,0.0,0.0,0.0,0.0,0.0,0.0,0.0,0.0,0.0,0.0,0.0
37.855885,-8.445038,91.0,2011-05-30T23:00,17.3,91,15.8,17.2,0.0,0.0,0.0,0.0,2,1018.9,1008.1,69,58,28,0,0.0,0.18,14.2,24.1,330,333,25.9,18.4,20.2,19.9,16.5,0.258,0.228,0.176,0.206,0,0.0,0.0,0.0,0.0,0.0,0.0,0.0,0.0,0.0,0.0,0.0,0.0,0.0
37.855885,-8.445038,91.0,2011-05-31T00:00,16.8,91,15.4,16.5,0.0,0.0,0.0,0.0,3,1019.1,1008.2,94,95,14,0,0.0,0.16,14.5,23.5,333,337,26.6,18.1,20.0,19.9,16.5,0.256,0.229,0.176,0.206,0,0.0,0.0,0.0,0.0,0.0,0.0,0.0,0.0,0.0,0.0,0.0,0.0,0.0
37.855885,-8.445038,91.0,2011-05-31T01:00,16.3,92,14.9,15.7,0.0,0.0,0.0,0.0,3,1019.2,1008.3,88,94,6,0,0.0,0.15,14.8,23.5,337,339,25.9,17.8,19.9,19.9,16.5,0.255,0.229,0.176,0.206,0,0.0,0.0,0.0,0.0,0.0,0.0,0.0,0.0,0.0,0.0,0.0,0.0,0.0
37.855885,-8.445038,91.0,2011-05-31T02:00,16.0,91,14.5,15.5,0.0,0.0,0.0,0.0,2,1018.9,1008.0,73,80,2,0,0.0,0.16,13.1,22.1,339,341,24.8,17.6,19.7,19.9,16.5,0.254,0.229,0.176,0.206,0,0.0,0.0,0.0,0.0,0.0,0.0,0.0,0.0,0.0,0.0,0.0,0.0,0.0
37.855885,-8.445038,91.0,2011-05-31T03:00,15.7,91,14.3,15.2,0.0,0.0,0.0,0.0,3,1019.0,1008.1,89,99,0,0,0.0,0.16,13.2,22.0,343,345,24.1,17.4,19.5,19.8,16.5,0.253,0.229,0.176,0.206,0,0.0,0.0,0.0,0.0,0.0,0.0,0.0,0.0,0.0,0.0,0.0,0.0,0.0
37.855885,-8.445038,91.0,2011-05-31T04:00,15.4,92,14.1,14.8,0.0,0.0,0.0,0.0,3,1019.0,1008.1,89,99,0,0,0.0,0.14,12.8,20.4,344,346,23.4,17.0,19.3,19.8,16.5,0.251,0.229,0.177,0.206,0,0.0,0.0,0.0,0.0,0.0,0.0,0.0,0.0,0.0,0.0,0.0,0.0,0.0
37.855885,-8.445038,91.0,2011-05-31T05:00,15.5,92,14.2,15.0,0.0,0.0,0.0,0.0,3,1019.3,1008.4,90,100,0,0,0.0,0.14,12.6,20.2,347,349,23.4,17.0,19.2,19.8,16.5,0.25,0.23,0.177,0.206,0,0.0,0.0,0.0,0.0,0.0,0.0,0.0,0.0,0.0,0.0,0.0,0.0,0.0
37.855885,-8.445038,91.0,2011-05-31T06:00,15.7,91,14.3,15.2,0.0,0.0,0.0,0.0,2,1019.8,1008.9,77,86,0,0,0.02,0.16,13.2,20.5,349,350,24.5,17.1,19.0,19.8,16.5,0.249,0.23,0.177,0.206,1,0.0,17.0,6.0,11.0,59.7,17.0,75.0,38.7,13.7,25.1,106.5,21.7,170.8
37.855885,-8.445038,91.0,2011-05-31T07:00,16.2,89,14.4,15.5,0.0,0.0,0.0,0.0,2,1020.1,1009.2,66,73,0,0,0.05,0.21,14.9,21.4,352,352,28.1,17.7,18.9,19.8,16.5,0.248,0.23,0.177,0.206,1,342.89,84.0,16.0,68.0,71.4,84.0,298.1,119.9,22.8,97.0,71.4,119.9,425.5
37.855885,-8.445038,91.0,2011-05-31T08:00,17.1,82,14.0,16.2,0.0,0.0,0.0,0.0,3,1020.3,1009.4,85,94,0,0,0.13,0.36,15.2,20.6,353,354,32.0,18.5,18.9,19.8,16.5,0.247,0.23,0.177,0.206,1,3600.0,231.0,95.0,136.0,229.9,231.0,550.1,282.1,116.0,166.1,229.9,282.1,671.8
37.855885,-8.445038,91.0,2011-05-31T09:00,18.9,73,13.8,18.0,0.0,0.0,0.0,0.0,2,1020.2,1009.4,69,77,0,0,0.23,0.6,14.2,18.5,353,353,31.0,19.9,19.0,19.8,16.5,0.245,0.229,0.177,0.206,1,3600.0,391.0,202.0,189.0,342.4,391.0,785.3,444.7,229.8,215.0,342.4,444.7,893.1
37.855885,-8.445038,91.0,2011-05-31T10:00,20.4,66,13.9,20.3,0.0,0.0,0.0,0.0,2,1020.3,1009.6,72,80,0,0,0.35,0.81,10.5,13.2,338,338,29.9,21.4,19.2,19.8,16.5,0.243,0.229,0.177,0.206,1,3600.0,580.0,339.0,241.0,456.8,580.0,987.6,630.9,368.7,262.1,456.8,630.9,1074.3
37.855885,-8.445038,91.0,2011-05-31T11:00,22.2,60,14.0,23.3,0.0,0.0,0.0,0.0,2,1020.2,1009.5,70,78,0,0,0.5,1.08,11.4,14.4,336,338,30.2,23.4,19.5,19.7,16.5,0.241,0.228,0.177,0.206,1,3600.0,801.0,604.0,197.0,703.0,801.0,1143.5,842.7,635.5,207.3,703.0,842.7,1203.0
37.855885,-8.445038,91.0,2011-05-31T12:00,23.7,54,13.8,25.2,0.0,0.0,0.0,0.0,2,1020.3,1009.7,65,72,0,0,0.58,1.36,11.8,14.8,337,337,30.6,24.7,19.9,19.7,16.5,0.238,0.228,0.177,0.206,1,3600.0,907.0,741.0,166.0,794.0,907.0,1242.1,927.7,757.9,169.8,794.0,927.7,1270.5
37.855885,-8.445038,91.0,2011-05-31T13:00,24.8,49,13.3,26.2,0.0,0.0,0.0,0.0,3,1020.2,1009.6,83,92,0,0,0.63,1.6,12.2,15.5,336,338,30.2,25.7,20.3,19.7,16.5,0.235,0.227,0.177,0.206,1,3600.0,940.0,766.0,174.0,798.4,940.0,1276.9,936.5,763.2,173.4,798.4,936.5,1272.1
37.855885,-8.445038,91.0,2011-05-31T14:00,25.6,46,13.1,26.3,0.0,0.0,0.0,0.0,2,1019.9,1009.4,73,81,0,0,0.59,1.77,12.7,16.0,335,337,30.2,26.2,20.8,19.7,16.5,0.232,0.226,0.176,0.206,1,3600.0,854.0,653.0,201.0,697.8,854.0,1245.4,828.3,633.3,194.9,697.8,828.3,1207.9
37.855885,-8.445038,91.0,2011-05-31T15:00,25.6,46,13.2,25.4,0.0,0.0,0.0,0.0,1,1019.6,1009.1,45,50,0,0,0.53,1.76,14.4,18.7,328,330,31.3,26.0,21.1,19.7,16.5,0.23,0.225,0.176,0.206,1,3600.0,732.0,532.0,200.0,615.8,732.0,1149.8,688.9,500.7,188.2,615.8,688.9,1082.1
37.855885,-8.445038,91.0,2011-05-31T16:00,25.3,48,13.6,24.4,0.0,0.0,0.0,0.0,1,1019.6,1009.0,31,34,1,0,0.44,1.66,15.4,20.3,327,330,34.2,25.6,21.4,19.7,16.5,0.228,0.224,0.176,0.206,1,3600.0,584.0,390.0,194.0,520.7,584.0,996.7,529.3,353.5,175.8,520.7,529.3,903.4
37.855885,-8.445038,91.0,2011-05-31T17:00,24.8,51,14.1,24.0,0.0,0.0,0.0,0.0,0,1019.3,1008.7,4,5,0,0,0.38,1.53,14.9,19.7,328,329,36.0,25.2,21.7,19.7,16.5,0.226,0.224,0.176,0.206,1,3600.0,519.0,375.0,144.0,626.6,519.0,796.5,445.6,322.0,123.6,626.6,445.6,683.9
37.855885,-8.445038,91.0,2011-05-31T18:00,23.9,56,14.7,23.1,0.0,0.0,0.0,0.0,0,1019.5,1008.9,0,0,0,0,0.27,1.29,15.5,21.2,318,320,35.6,24.3,21.8,19.8,16.5,0.225,0.223,0.176,0.206,1,3600.0,357.0,270.0,87.0,638.5,357.0,562.8,278.3,210.4,67.8,638.5,278.3,438.6
37.855885,-8.445038,91.0,2011-05-31T19:00,21.8,65,15.0,21.2,0.0,0.0,0.0,0.0,0,1019.4,1008.7,0,0,0,0,0.14,0.91,15.3,23.4,311,314,30.6,22.9,21.9,19.8,16.5,0.224,0.223,0.176,0.206,1,3600.0,172.0,116.0,56.0,495.5,172.0,311.6,101.7,68.6,33.1,495.5,101.7,184.3
37.855885,-8.445038,91.0,2011-05-31T20:00,20.1,73,15.2,19.6,0.0,0.0,0.0,0.0,0,1019.8,1009.1,0,0,0,0,0.06,0.63,15.3,26.0,315,319,28.8,21.4,21.8,19.8,16.5,0.224,0.223,0.176,0.206,0,661.48,27.0,13.0,14.0,123.2,27.0,81.7,0.0,0.0,0.0,0.0,0.0,0.0
37.855885,-8.445038,91.0,2011-05-31T21:00,19.0,79,15.2,18.6,0.0,0.0,0.0,0.0,0,1020.4,1009.6,0,0,0,0,0.03,0.46,14.8,26.3,326,330,27.4,20.3,21.6,19.8,16.5,0.224,0.223,0.176,0.206,0,0.0,0.0,0.0,0.0,0.0,0.0,0.0,0.0,0.0,0.0,0.0,0.0,0.0
37.855885,-8.445038,91.0,2011-05-31T22:00,18.3,82,15.1,17.9,0.0,0.0,0.0,0.0,0,1020.8,1010.0,0,0,0,0,0.02,0.39,13.9,25.3,335,340,25.9,19.6,21.4,19.8,16.5,0.223,0.223,0.176,0.206,0,0.0,0.0,0.0,0.0,0.0,0.0,0.0,0.0,0.0,0.0,0.0,0.0,0.0
37.855885,-8.445038,91.0,2011-05-31T23:00,17.6,84,14.9,17.4,0.0,0.0,0.0,0.0,0,1020.8,1010.0,0,0,0,0,0.01,0.32,12.7,23.9,345,349,23.8,19.0,21.2,19.8,16.5,0.223,0.222,0.176,0.206,0,0.0,0.0,0.0,0.0,0.0,0.0,0.0,0.0,0.0,0.0,0.0,0.0,0.0
37.855885,-8.445038,91.0,2011-06-01T00:00,17.1,86,14.7,17.1,0.0,0.0,0.0,0.0,0,1020.7,1009.8,0,0,0,0,0.01,0.28,10.6,21.3,350,355,20.5,18.6,21.0,19.8,16.5,0.223,0.222,0.176,0.206,0,0.0,0.0,0.0,0.0,0.0,0.0,0.0,0.0,0.0,0.0,0.0,0.0,0.0
37.855885,-8.445038,91.0,2011-06-01T01:00,16.6,88,14.6,16.7,0.0,0.0,0.0,0.0,0,1020.1,1009.2,0,0,0,0,0.0,0.23,9.0,19.4,355,1,16.6,18.1,20.8,19.8,16.5,0.223,0.222,0.176,0.206,0,0.0,0.0,0.0,0.0,0.0,0.0,0.0,0.0,0.0,0.0,0.0,0.0,0.0
37.855885,-8.445038,91.0,2011-06-01T02:00,15.9,91,14.4,16.1,0.0,0.0,0.0,0.0,0,1019.7,1008.8,0,0,0,0,0.0,0.17,8.3,18.2,2,8,13.7,17.6,20.5,19.8,16.5,0.223,0.222,0.177,0.206,0,0.0,0.0,0.0,0.0,0.0,0.0,0.0,0.0,0.0,0.0,0.0,0.0,0.0
37.855885,-8.445038,91.0,2011-06-01T03:00,15.1,93,14.0,15.4,0.0,0.0,0.0,0.0,0,1019.4,1008.5,0,0,0,0,0.0,0.12,6.9,17.1,9,15,11.9,17.0,20.3,19.8,16.5,0.223,0.222,0.177,0.206,0,0.0,0.0,0.0,0.0,0.0,0.0,0.0,0.0,0.0,0.0,0.0,0.0,0.0
37.855885,-8.445038,91.0,2011-06-01T04:00,14.5,93,13.5,14.8,0.0,0.0,0.0,0.0,0,1019.0,1008.1,0,0,0,0,0.0,0.11,5.9,15.7,14,20,10.8,16.5,20.0,19.8,16.5,0.223,0.222,0.177,0.206,0,0.0,0.0,0.0,0.0,0.0,0.0,0.0,0.0,0.0,0.0,0.0,0.0,0.0
37.855885,-8.445038,91.0,2011-06-01T05:00,14.2,93,13.1,14.3,0.0,0.0,0.0,0.0,0,1019.0,1008.0,0,0,0,0,0.0,0.11,5.5,14.2,11,21,10.4,16.1,19.7,19.8,16.5,0.222,0.222,0.177,0.206,0,0.0,0.0,0.0,0.0,0.0,0.0,0.0,0.0,0.0,0.0,0.0,0.0,0.0
37.855885,-8.445038,91.0,2011-06-01T06:00,14.4,93,13.3,14.6,0.0,0.0,0.0,0.0,0,1019.1,1008.2,0,0,0,0,0.01,0.11,6.2,13.4,10,20,10.8,16.1,19.4,19.7,16.6,0.222,0.222,0.177,0.206,1,352.37,22.0,10.0,12.0,99.1,22.0,75.6,50.1,22.8,27.3,176.0,28.2,172.1
37.855885,-8.445038,91.0,2011-06-01T07:00,17.5,84,14.8,18.1,0.0,0.0,0.0,0.0,0,1019.3,1008.5,0,0,0,0,0.08,0.32,6.8,12.2,18,24,14.8,18.2,19.3,19.7,16.6,0.222,0.222,0.177,0.206,1,3600.0,159.0,104.0,55.0,462.4,159.0,299.3,226.6,148.2,78.4,462.4,226.6,426.5
37.855885,-8.445038,91.0,2011-06-01T08:00,20.1,74,15.4,20.7,0.0,0.0,0.0,0.0,0,1019.1,1008.4,0,0,0,0,0.2,0.6,8.2,11.0,29,32,18.7,20.5,19.4,19.7,16.6,0.222,0.221,0.177,0.206,1,3600.0,350.0,269.0,81.0,649.7,350.0,550.9,427.3,328.4,98.9,649.7,427.3,672.5
37.855885,-8.445038,91.0,2011-06-01T09:00,22.6,67,16.1,23.5,0.0,0.0,0.0,0.0,0,1019.0,1008.4,0,0,0,0,0.34,0.91,8.0,10.7,36,40,20.5,22.5,19.7,19.7,16.6,0.22,0.221,0.177,0.206,1,3600.0,545.0,447.0,98.0,756.9,545.0,785.8,619.8,508.3,111.4,756.9,619.8,893.6
37.855885,-8.445038,91.0,2011-06-01T10:00,24.9,59,16.4,27.1,0.0,0.0,0.0,0.0,0,1018.8,1008.2,0,0,0,0,0.48,1.29,7.1,9.2,41,45,20.5,24.5,20.0,19.7,16.6,0.219,0.22,0.177,0.206,1,3600.0,719.0,609.0,110.0,820.1,719.0,988.1,782.0,662.4,119.6,820.1,782.0,1074.7
37.855885,-8.445038,91.0,2011-06-01T11:00,26.9,51,15.9,29.8,0.0,0.0,0.0,0.0,0,1018.7,1008.2,2,0,4,0,0.59,1.74,6.6,8.4,41,43,20.9,26.3,20.5,19.7,16.6,0.216,0.219,0.176,0.206,1,3600.0,856.0,739.0,117.0,859.6,856.0,1143.8,900.6,777.5,123.1,859.6,900.6,1203.3
37.855885,-8.445038,91.0,2011-06-01T12:00,28.1,45,15.2,31.0,0.0,0.0,0.0,0.0,1,1018.4,1008.0,22,1,35,0,0.62,2.07,5.3,7.0,28,35,20.2,27.5,21.0,19.7,16.6,0.214,0.218,0.176,0.206,1,3600.0,867.0,734.0,133.0,786.0,867.0,1242.5,886.8,750.8,136.0,786.0,886.8,1270.9
37.855885,-8.445038,91.0,2011-06-01T13:00,29.0,41,14.4,32.3,0.0,0.0,0.0,0.0,1,1018.0,1007.6,24,1,39,0,0.68,2.36,4.5,5.5,14,23,18.7,28.6,21.5,19.7,16.6,0.211,0.217,0.176,0.206,1,3600.0,945.0,815.0,130.0,848.9,945.0,1277.3,941.6,812.0,129.5,848.9,941.6,1272.7
37.855885,-8.445038,91.0,2011-06-01T14:00,29.4,39,14.1,31.9,0.0,0.0,0.0,0.0,1,1017.3,1006.9,22,0,37,0,0.61,2.5,4.4,5.8,351,360,18.0,29.0,22.0,19.7,16.6,0.209,0.216,0.176,0.206,1,3600.0,829.0,683.0,146.0,729.3,829.0,1246.1,804.1,662.5,141.6,729.3,804.1,1208.7
37.855885,-8.445038,91.0,2011-06-01T15:00,29.5,38,13.8,30.5,0.0,0.0,0.0,0.0,1,1017.0,1006.6,34,0,57,0,0.52,2.53,6.7,8.1,324,328,19.1,28.7,22.4,19.7,16.6,0.207,0.215,0.176,0.206,1,3600.0,680.0,514.0,166.0,594.2,680.0,1150.8,640.1,483.8,156.3,594.2,640.1,1083.2
37.855885,-8.445038,91.0,2011-06-01T16:00,29.1,40,14.1,28.8,0.0,0.0,0.0,0.0,1,1016.8,1006.4,37,0,61,0,0.41,2.42,11.4,14.9,305,307,23.0,28.0,22.8,19.7,16.6,0.205,0.215,0.176,0.206,1,3600.0,466.0,294.0,172.0,391.9,466.0,998.0,422.5,266.6,155.9,391.9,422.5,904.9
37.855885,-8.445038,91.0,2011-06-01T17:00,28.5,42,14.2,27.8,0.0,0.0,0.0,0.0,1,1016.8,1006.4,37,0,61,0,0.36,2.26,14.2,19.5,300,304,26.3,27.4,23.0,19.8,16.6,0.204,0.214,0.176,0.206,1,3600.0,383.0,207.0,176.0,345.0,383.0,798.2,329.1,177.9,151.2,345.0,329.1,685.8
37.855885,-8.445038,91.0,2011-06-01T18:00,27.4,46,14.9,26.9,0.0,0.0,0.0,0.0,1,1016.7,1006.2,29,0,48,0,0.28,1.96,14.8,22.0,304,308,26.3,26.4,23.2,19.8,16.6,0.203,0.214,0.176,0.206,1,3600.0,274.0,145.0,129.0,341.5,274.0,564.8,213.9,113.2,100.7,341.5,213.9,440.9
37.855885,-8.445038,91.0,2011-06-01T19:00,25.8,52,15.3,25.5,0.0,0.0,0.0,0.0,0,1016.9,1006.4,4,0,6,0,0.18,1.58,13.6,23.7,310,316,28.1,25.1,23.3,19.8,16.6,0.202,0.213,0.176,0.206,1,3600.0,152.0,89.0,63.0,377.1,152.0,314.0,90.5,53.0,37.5,377.1,90.5,186.9
37.855885,-8.445038,91.0,2011-06-01T20:00,24.3,55,14.8,24.1,0.0,0.0,0.0,0.0,0,1016.9,1006.3,1,0,1,0,0.1,1.35,12.0,24.5,321,332,24.8,23.8,23.2,19.8,16.6,0.202,0.213,0.176,0.206,0,568.46,27.0,12.0,15.0,112.7,27.0,82.9,0.0,0.0,0.0,0.0,0.0,0.0
37.855885,-8.445038,91.0,2011-06-01T21:00,23.4,54,13.6,22.8,0.0,0.0,0.0,0.0,0,1017.3,1006.7,0,0,0,0,0.07,1.32,11.4,25.2,347,358,21.6,22.7,23.1,19.8,16.6,0.202,0.213,0.176,0.206,0,0.0,0.0,0.0,0.0,0.0,0.0,0.0,0.0,0.0,0.0,0.0,0.0,0.0
37.855885,-8.445038,91.0,2011-06-01T22:00,22.7,50,11.7,21.1,0.0,0.0,0.0,0.0,0,1017.8,1007.2,0,0,0,0,0.1,1.38,14.8,29.5,18,24,23.4,22.0,23.0,19.8,16.6,0.202,0.213,0.176,0.206,0,0.0,0.0,0.0,0.0,0.0,0.0,0.0,0.0,0.0,0.0,0.0,0.0,0.0
37.855885,-8.445038,91.0,2011-06-01T23:00,22.0,48,10.5,19.9,0.0,0.0,0.0,0.0,0,1017.8,1007.1,0,0,0,0,0.1,1.37,14.8,29.7,34,38,24.8,21.5,22.8,19.8,16.6,0.201,0.213,0.176,0.206,0,0.0,0.0,0.0,0.0,0.0,0.0,0.0,0.0,0.0,0.0,0.0,0.0,0.0
37.855885,-8.445038,91.0,2011-06-02T00:00,21.0,49,10.0,19.1,0.0,0.0,0.0,0.0,0,1017.9,1007.2,0,0,0,0,0.09,1.26,13.0,27.7,42,44,24.1,20.9,22.6,19.9,16.6,0.201,0.213,0.176,0.206,0,0.0,0.0,0.0,0.0,0.0,0.0,0.0,0.0,0.0,0.0,0.0,0.0,0.0
37.855885,-8.445038,91.0,2011-06-02T01:00,20.0,51,9.6,18.1,0.0,0.0,0.0,0.0,0,1017.3,1006.6,0,0,0,0,0.08,1.14,12.2,26.3,43,48,21.2,20.2,22.4,19.9,16.6,0.201,0.212,0.176,0.206,0,0.0,0.0,0.0,0.0,0.0,0.0,0.0,0.0,0.0,0.0,0.0,0.0,0.0
37.855885,-8.445038,91.0,2011-06-02T02:00,19.1,52,9.2,17.2,0.0,0.0,0.0,0.0,0,1017.1,1006.3,0,0,0,0,0.07,1.05,11.5,25.0,44,50,19.4,19.6,22.1,19.9,16.6,0.201,0.212,0.176,0.206,0,0.0,0.0,0.0,0.0,0.0,0.0,0.0,0.0,0.0,0.0,0.0,0.0,0.0
37.855885,-8.445038,91.0,2011-06-02T03:00,18.3,53,8.5,16.2,0.0,0.0,0.0,0.0,0,1016.6,1005.8,0,0,0,0,0.06,0.99,11.2,24.9,45,51,18.4,19.0,21.9,19.9,16.6,0.201,0.212,0.176,0.206,0,0.0,0.0,0.0,0.0,0.0,0.0,0.0,0.0,0.0,0.0,0.0,0.0,0.0
37.855885,-8.445038,91.0,2011-06-02T04:00,17.8,51,7.6,15.3,0.0,0.0,0.0,0.0,0,1016.6,1005.8,0,0,0,0,0.07,0.99,12.5,26.5,49,53,20.2,18.4,21.6,19.9,16.6,0.201,0.212,0.176,0.206,0,0.0,0.0,0.0,0.0,0.0,0.0,0.0,0.0,0.0,0.0,0.0,0.0,0.0
37.855885,-8.445038,91.0,2011-06-02T05:00,17.5,48,6.5,14.6,0.0,0.0,0.0,0.0,0,1016.6,1005.8,0,0,0,0,0.09,1.03,14.0,28.7,55,60,24.8,18.1,21.3,19.9,16.6,0.201,0.212,0.176,0.206,0,0.0,0.0,0.0,0.0,0.0,0.0,0.0,0.0,0.0,0.0,0.0,0.0,0.0
37.855885,-8.445038,91.0,2011-06-02T06:00,17.4,48,6.1,14.0,0.0,0.0,0.0,0.0,0,1017.0,1006.2,0,0,0,0,0.11,1.04,16.1,30.5,63,67,29.2,18.1,21.0,19.9,16.6,0.201,0.212,0.176,0.206,1,445.01,24.0,11.0,13.0,108.5,24.0,76.2,54.6,25.0,29.6,192.0,30.8,173.3
37.855885,-8.445038,91.0,2011-06-02T07:00,18.1,48,6.8,14.7,0.0,0.0,0.0,0.0,0,1017.3,1006.5,0,0,0,0,0.17,1.08,17.6,31.2,67,71,32.0,18.8,20.9,19.9,16.6,0.2,0.211,0.176,0.206,1,3600.0,169.0,115.0,54.0,509.4,169.0,300.3,240.5,163.6,76.8,509.4,240.5,427.3
37.855885,-8.445038,91.0,2011-06-02T08:00,19.5,41,5.9,15.6,0.0,0.0,0.0,0.0,0,1017.4,1006.7,0,0,0,0,0.28,1.33,19.6,28.0,73,74,37.1,20.1,20.8,19.9,16.6,0.199,0.211,0.176,0.206,1,3600.0,368.0,289.0,79.0,696.9,368.0,551.6,449.0,352.6,96.4,696.9,449.0,673.1
37.855885,-8.445038,91.0,2011-06-02T09:00,21.0,38,6.0,17.2,0.0,0.0,0.0,0.0,0,1017.6,1006.9,0,0,0,0,0.39,1.55,18.6,25.9,80,80,38.5,21.6,20.8,19.9,16.6,0.198,0.21,0.176,0.206,1,3600.0,549.0,446.0,103.0,754.5,549.0,786.3,624.2,507.1,117.1,754.5,624.2,894.0
37.855885,-8.445038,91.0,2011-06-02T10:00,22.7,35,6.4,20.6,0.0,0.0,0.0,0.0,0,1017.5,1006.9,0,0,0,0,0.51,1.8,15.2,20.2,85,85,37.8,23.3,21.0,19.9,16.6,0.196,0.21,0.176,0.206,1,3600.0,744.0,639.0,105.0,859.9,744.0,988.4,809.2,695.0,114.2,859.9,809.2,1075.0
37.855885,-8.445038,91.0,2011-06-02T11:00,24.4,33,7.1,23.7,0.0,0.0,0.0,0.0,0,1017.2,1006.6,0,0,0,0,0.61,2.04,11.9,15.5,85,85,34.2,25.1,21.2,19.9,16.6,0.194,0.209,0.176,0.206,1,3600.0,887.0,777.0,110.0,903.3,887.0,1144.1,933.2,817.4,115.7,903.3,933.2,1203.6
37.855885,-8.445038,91.0,2011-06-02T12:00,25.7,32,7.5,26.2,0.0,0.0,0.0,0.0,0,1016.7,1006.2,0,0,0,0,0.67,2.26,8.8,11.0,71,71,29.2,26.6,21.6,19.9,16.6,0.192,0.208,0.175,0.206,1,3600.0,972.0,855.0,117.0,915.1,972.0,1242.8,994.3,874.6,119.7,915.1,994.3,1271.2
37.855885,-8.445038,91.0,2011-06-02T13:00,26.6,30,7.7,27.6,0.0,0.0,0.0,0.0,0,1016.3,1005.8,0,0,0,0,0.7,2.43,7.9,10.0,47,49,23.8,27.8,22.0,19.9,16.6,0.189,0.207,0.175,0.206,1,3600.0,1002.0,882.0,120.0,918.1,1002.0,1277.8,998.4,878.9,119.6,918.1,998.4,1273.2
37.855885,-8.445038,91.0,2011-06-02T14:00,27.2,29,7.7,28.0,0.0,0.0,0.0,0.0,0,1015.6,1005.2,0,0,0,0,0.69,2.56,8.1,10.3,32,36,20.2,28.6,22.4,19.9,16.6,0.187,0.206,0.175,0.206,1,3600.0,973.0,854.0,119.0,911.1,973.0,1246.7,943.9,828.5,115.4,911.1,943.9,1209.5
37.855885,-8.445038,91.0,2011-06-02T15:00,27.5,28,7.6,27.7,0.0,0.0,0.0,0.0,0,1015.3,1004.9,0,0,0,0,0.64,2.63,8.2,10.5,23,27,20.5,28.7,22.8,19.9,16.6,0.185,0.205,0.175,0.206,1,3600.0,887.0,772.0,115.0,891.5,887.0,1151.8,835.1,726.8,108.3,891.5,835.1,1084.3
37.855885,-8.445038,91.0,2011-06-02T16:00,27.5,28,7.6,26.7,0.0,0.0,0.0,0.0,0,1015.1,1004.7,0,0,0,0,0.55,2.63,9.0,11.5,16,20,20.9,28.4,23.1,19.9,16.6,0.183,0.204,0.175,0.206,1,3600.0,750.0,643.0,107.0,855.8,750.0,999.3,680.2,583.2,97.0,855.8,680.2,906.3
37.855885,-8.445038,91.0,2011-06-02T17:00,27.2,29,7.4,25.2,0.0,0.0,0.0,0.0,0,1014.7,1004.3,0,0,0,0,0.44,2.57,10.0,12.9,15,18,21.6,27.6,23.4,19.9,16.7,0.181,0.203,0.175,0.206,1,3600.0,576.0,481.0,95.0,799.9,576.0,799.8,495.2,413.5,81.7,799.9,495.2,687.6
37.855885,-8.445038,91.0,2011-06-02T18:00,26.5,30,7.5,24.4,0.0,0.0,0.0,0.0,0,1014.5,1004.0,0,0,0,0,0.31,2.42,9.7,14.3,4,10,22.0,26.5,23.5,20.0,16.7,0.18,0.203,0.175,0.206,1,3600.0,379.0,299.0,80.0,701.6,379.0,566.8,296.2,233.7,62.5,701.6,296.2,443.0
37.855885,-8.445038,91.0,2011-06-02T19:00,24.9,35,8.3,23.1,0.0,0.0,0.0,0.0,0,1014.6,1004.1,0,0,0,0,0.17,2.05,8.7,16.6,353,4,19.8,24.9,23.5,20.0,16.7,0.179,0.202,0.175,0.206,1,3600.0,181.0,125.0,56.0,525.6,181.0,316.3,108.4,74.8,33.5,525.6,108.4,189.4
37.855885,-8.445038,91.0,2011-06-02T20:00,22.9,37,7.5,21.0,0.0,0.0,0.0,0.0,0,1014.5,1003.9,0,0,0,0,0.09,1.76,8.3,19.4,355,10,17.6,23.1,23.4,20.0,16.7,0.179,0.202,0.175,0.206,0,780.8,29.0,14.0,15.0,130.3,29.0,84.1,0.0,0.0,0.0,0.0,0.0,0.0
37.855885,-8.445038,91.0,2011-06-02T21:00,21.6,40,7.6,19.7,0.0,0.0,0.0,0.0,0,1014.9,1004.3,1,0,0,2,0.07,1.54,8.4,20.5,10,22,17.6,21.9,23.2,20.0,16.7,0.179,0.202,0.175,0.206,0,0.0,0.0,0.0,0.0,0.0,0.0,0.0,0.0,0.0,0.0,0.0,0.0,0.0
37.855885,-8.445038,91.0,2011-06-02T22:00,20.5,44,7.9,18.5,0.0,0.0,0.0,0.0,0,1015.5,1004.8,0,0,0,0,0.07,1.34,9.8,22.7,17,29,16.9,20.9,23.0,20.0,16.7,0.179,0.202,0.175,0.206,0,0.0,0.0,0.0,0.0,0.0,0.0,0.0,0.0,0.0,0.0,0.0,0.0,0.0
37.855885,-8.445038,91.0,2011-06-02T23:00,19.3,49,8.3,17.4,0.0,0.0,0.0,0.0,0,1015.6,1004.9,0,0,0,0,0.07,1.14,10.1,22.3,27,34,15.1,20.1,22.8,20.0,16.7,0.179,0.202,0.175,0.206,0,0.0,0.0,0.0,0.0,0.0,0.0,0.0,0.0,0.0,0.0,0.0,0.0,0.0
37.855885,-8.445038,91.0,2011-06-03T00:00,18.2,55,8.9,16.5,0.0,0.0,0.0,0.0,0,1015.2,1004.4,0,0,0,0,0.05,0.95,9.5,22.0,37,40,14.4,19.3,22.5,20.0,16.7,0.179,0.201,0.175,0.206,0,0.0,0.0,0.0,0.0,0.0,0.0,0.0,0.0,0.0,0.0,0.0,0.0,0.0
37.855885,-8.445038,91.0,2011-06-03T01:00,17.0,61,9.4,15.5,0.0,0.0,0.0,0.0,0,1014.7,1003.9,0,0,0,0,0.04,0.76,9.2,21.6,45,46,14.4,18.4,22.1,20.0,16.7,0.179,0.201,0.175,0.206,0,0.0,0.0,0.0,0.0,0.0,0.0,0.0,0.0,0.0,0.0,0.0,0.0,0.0
37.855885,-8.445038,91.0,2011-06-03T02:00,16.0,66,9.7,14.8,0.0,0.0,0.0,0.0,0,1014.3,1003.5,0,0,0,0,0.02,0.62,8.1,19.6,58,54,14.4,17.7,21.8,20.0,16.7,0.179,0.201,0.175,0.206,0,0.0,0.0,0.0,0.0,0.0,0.0,0.0,0.0,0.0,0.0,0.0,0.0,0.0
37.855885,-8.445038,91.0,2011-06-03T03:00,15.4,70,9.9,14.4,0.0,0.0,0.0,0.0,0,1014.3,1003.4,4,5,0,0,0.01,0.53,6.5,15.6,71,71,13.7,16.9,21.4,20.0,16.7,0.18,0.201,0.175,0.206,0,0.0,0.0,0.0,0.0,0.0,0.0,0.0,0.0,0.0,0.0,0.0,0.0,0.0
37.855885,-8.445038,91.0,2011-06-03T04:00,15.0,76,10.8,14.4,0.0,0.0,0.0,0.0,0,1014.5,1003.6,6,7,0,0,0.0,0.4,5.4,12.6,98,103,13.0,16.4,21.1,20.0,16.7,0.18,0.201,0.175,0.206,0,0.0,0.0,0.0,0.0,0.0,0.0,0.0,0.0,0.0,0.0,0.0,0.0,0.0
37.855885,-8.445038,91.0,2011-06-03T05:00,14.5,86,12.2,14.4,0.0,0.0,0.0,0.0,0,1014.5,1003.6,14,15,0,0,0.0,0.23,5.5,13.0,122,134,12.6,16.4,20.7,20.0,16.7,0.18,0.201,0.175,0.206,0,0.0,0.0,0.0,0.0,0.0,0.0,0.0,0.0,0.0,0.0,0.0,0.0,0.0
37.855885,-8.445038,91.0,2011-06-03T06:00,14.9,92,13.6,15.0,0.0,0.0,0.0,0.0,1,1015.1,1004.2,34,38,0,0,0.01,0.14,7.4,14.5,133,150,13.7,16.7,20.5,20.0,16.7,0.18,0.201,0.175,0.206,1,0.0,18.0,6.0,12.0,58.9,18.0,76.7,40.9,13.6,27.3,104.0,23.2,174.4
37.855885,-8.445038,91.0,2011-06-03T07:00,17.8,78,14.0,17.8,0.0,0.0,0.0,0.0,1,1015.1,1004.3,38,42,0,0,0.08,0.44,8.7,13.4,150,156,17.6,18.7,20.3,20.0,16.7,0.18,0.201,0.175,0.206,1,3600.0,119.0,50.0,69.0,220.7,119.0,301.2,169.1,71.1,98.1,220.7,169.1,428.1
37.855885,-8.445038,91.0,2011-06-03T08:00,19.7,78,15.7,20.3,0.0,0.0,0.0,0.0,0,1015.4,1004.7,16,18,0,0,0.17,0.51,8.9,11.5,159,160,20.9,20.8,20.3,20.0,16.7,0.18,0.201,0.175,0.206,1,3600.0,292.0,156.0,136.0,375.6,292.0,552.3,356.2,190.3,165.9,375.6,356.2,673.6
37.855885,-8.445038,91.0,2011-06-03T09:00,21.8,71,16.2,22.7,0.0,0.0,0.0,0.0,0,1015.4,1004.8,0,0,0,0,0.33,0.77,8.6,11.2,165,165,22.0,22.9,20.5,20.0,16.7,0.179,0.2,0.175,0.206,1,3600.0,547.0,443.0,104.0,748.8,547.0,786.7,621.8,503.6,118.2,748.8,621.8,894.4
37.855885,-8.445038,91.0,2011-06-03T10:00,23.7,61,15.6,25.5,0.0,0.0,0.0,0.0,0,1015.3,1004.7,1,1,0,0,0.47,1.15,7.6,9.8,188,186,22.3,24.8,20.8,20.0,16.7,0.178,0.199,0.175,0.206,1,3600.0,724.0,613.0,111.0,824.5,724.0,988.7,787.4,666.7,120.7,824.5,787.4,1075.2
37.855885,-8.445038,91.0,2011-06-03T11:00,25.0,53,14.9,27.7,0.0,0.0,0.0,0.0,0,1015.2,1004.7,15,4,19,0,0.57,1.48,5.6,7.0,207,201,21.6,26.5,21.2,20.0,16.7,0.176,0.199,0.174,0.206,1,3600.0,860.0,741.0,119.0,861.1,860.0,1144.3,904.8,779.6,125.2,861.1,904.8,1203.9
37.855885,-8.445038,91.0,2011-06-03T12:00,26.1,47,14.1,29.4,0.0,0.0,0.0,0.0,1,1015.0,1004.5,21,7,24,0,0.64,1.78,3.9,4.4,236,235,19.8,27.9,21.6,20.0,16.7,0.174,0.198,0.174,0.206,1,3600.0,936.0,812.0,124.0,868.6,936.0,1243.1,957.5,830.6,126.8,868.6,957.5,1271.6
37.855885,-8.445038,91.0,2011-06-03T13:00,26.8,43,13.3,29.3,0.0,0.0,0.0,0.0,1,1014.8,1004.3,32,8,42,0,0.61,1.99,4.0,4.4,280,279,18.4,28.8,22.0,20.0,16.7,0.172,0.197,0.174,0.206,1,3600.0,869.0,715.0,154.0,743.8,869.0,1278.2,866.0,712.5,153.5,743.8,866.0,1273.7
37.855885,-8.445038,91.0,2011-06-03T14:00,27.1,41,12.9,28.7,0.0,0.0,0.0,0.0,2,1014.4,1004.0,51,6,76,0,0.57,2.1,6.0,7.2,287,288,19.4,29.0,22.5,20.0,16.7,0.171,0.196,0.174,0.206,1,3600.0,799.0,620.0,179.0,660.9,799.0,1247.4,775.2,601.5,173.7,660.9,775.2,1210.2
37.855885,-8.445038,91.0,2011-06-03T15:00,26.8,43,13.1,26.3,0.0,0.0,0.0,0.0,1,1014.3,1003.9,49,5,74,0,0.47,2.02,11.7,14.7,281,281,23.4,28.3,22.8,20.0,16.7,0.17,0.195,0.174,0.206,1,3600.0,592.0,329.0,263.0,379.5,592.0,1152.7,557.5,309.8,247.7,379.5,557.5,1085.4
37.855885,-8.445038,91.0,2011-06-03T16:00,24.9,53,14.8,24.3,0.0,0.0,0.0,0.0,1,1014.0,1003.5,44,22,41,0,0.31,1.46,14.3,18.8,282,282,30.6,26.7,23.0,20.0,16.7,0.169,0.195,0.174,0.206,1,3600.0,364.0,178.0,186.0,236.5,364.0,1000.5,330.2,161.5,168.7,236.5,330.2,907.7
37.855885,-8.445038,91.0,2011-06-03T17:00,23.6,62,15.9,23.3,0.0,0.0,0.0,0.0,1,1013.8,1003.2,33,0,55,0,0.27,1.1,15.5,20.8,283,284,34.9,25.5,23.1,20.1,16.7,0.168,0.194,0.174,0.206,1,3600.0,356.0,193.0,163.0,320.2,356.0,801.4,306.2,166.0,140.2,320.2,306.2,689.4
37.855885,-8.445038,91.0,2011-06-03T18:00,22.5,66,15.7,22.2,0.0,0.0,0.0,0.0,0,1013.7,1003.1,10,2,14,0,0.2,0.93,15.4,21.1,286,287,34.2,24.4,23.1,20.1,16.7,0.168,0.194,0.174,0.206,1,3600.0,253.0,156.0,97.0,364.7,253.0,568.8,198.0,122.1,75.9,364.7,198.0,445.2
37.855885,-8.445038,91.0,2011-06-03T19:00,21.6,69,15.7,21.5,0.0,0.0,0.0,0.0,0,1013.7,1003.1,8,0,14,0,0.12,0.8,14.1,20.3,289,290,30.2,23.3,23.1,20.1,16.7,0.167,0.194,0.174,0.206,1,3600.0,114.0,52.0,62.0,217.0,114.0,318.6,68.6,31.3,37.3,217.0,68.6,191.8
37.855885,-8.445038,91.0,2011-06-03T20:00,20.4,75,15.9,20.6,0.0,0.0,0.0,0.0,0,1013.7,1003.0,5,0,9,0,0.05,0.6,12.4,19.5,292,293,27.0,22.1,23.0,20.1,16.7,0.167,0.194,0.174,0.206,0,473.71,24.0,11.0,13.0,101.5,24.0,85.3,0.0,0.0,0.0,0.0,0.0,0.0
37.855885,-8.445038,91.0,2011-06-03T21:00,19.5,81,16.1,20.2,0.0,0.0,0.0,0.0,0,1014.1,1003.4,5,0,8,0,0.01,0.44,9.8,18.0,294,296,21.2,21.1,22.8,20.1,16.7,0.168,0.194,0.174,0.206,0,0.0,0.0,0.0,0.0,0.0,0.0,0.0,0.0,0.0,0.0,0.0,0.0,0.0
37.855885,-8.445038,91.0,2011-06-03T22:00,18.8,84,16.0,19.6,0.0,0.0,0.0,0.0,0,1014.2,1003.5,1,0,2,0,0.0,0.35,8.1,16.8,291,298,16.9,20.3,22.6,20.1,16.7,0.168,0.194,0.174,0.206,0,0.0,0.0,0.0,0.0,0.0,0.0,0.0,0.0,0.0,0.0,0.0,0.0,0.0
37.855885,-8.445038,91.0,2011-06-03T23:00,18.2,86,15.8,19.1,0.0,0.0,0.0,0.0,0,1013.9,1003.1,3,1,3,0,0.0,0.29,6.7,15.5,286,298,13.7,19.7,22.3,20.1,16.7,0.168,0.194,0.174,0.206,0,0.0,0.0,0.0,0.0,0.0,0.0,0.0,0.0,0.0,0.0,0.0,0.0,0.0
37.855885,-8.445038,91.0,2011-06-04T00:00,17.4,89,15.6,18.5,0.0,0.0,0.0,0.0,0,1013.6,1002.8,2,1,1,0,0.0,0.22,5.4,13.5,274,299,11.5,19.0,22.1,20.1,16.7,0.168,0.193,0.174,0.206,0,0.0,0.0,0.0,0.0,0.0,0.0,0.0,0.0,0.0,0.0,0.0,0.0,0.0
37.855885,-8.445038,91.0,2011-06-04T01:00,16.6,92,15.2,17.6,0.0,0.0,0.0,0.0,0,1013.1,1002.3,2,1,1,0,0.0,0.16,5.0,11.0,270,302,10.1,18.4,21.8,20.1,16.7,0.168,0.193,0.174,0.206,0,0.0,0.0,0.0,0.0,0.0,0.0,0.0,0.0,0.0,0.0,0.0,0.0,0.0
37.855885,-8.445038,91.0,2011-06-04T02:00,16.1,93,14.9,17.2,0.0,0.0,0.0,0.0,0,1012.7,1001.9,0,0,0,0,0.0,0.14,3.8,6.6,253,292,10.1,17.8,21.5,20.1,16.7,0.168,0.193,0.174,0.206,0,0.0,0.0,0.0,0.0,0.0,0.0,0.0,0.0,0.0,0.0,0.0,0.0,0.0
37.855885,-8.445038,91.0,2011-06-04T03:00,15.5,95,14.7,16.5,0.0,0.0,0.0,0.0,0,1012.7,1001.9,2,1,2,0,0.0,0.09,4.0,3.8,185,229,11.2,17.3,21.2,20.1,16.8,0.168,0.193,0.174,0.206,0,0.0,0.0,0.0,0.0,0.0,0.0,0.0,0.0,0.0,0.0,0.0,0.0,0.0
37.855885,-8.445038,91.0,2011-06-04T04:00,15.2,96,14.6,15.8,0.0,0.0,0.0,0.0,0,1012.2,1001.4,1,0,2,0,0.0,0.07,6.5,9.1,174,187,11.9,17.0,20.9,20.1,16.8,0.168,0.193,0.174,0.206,0,0.0,0.0,0.0,0.0,0.0,0.0,0.0,0.0,0.0,0.0,0.0,0.0,0.0
37.855885,-8.445038,91.0,2011-06-04T05:00,15.3,97,14.8,15.9,0.0,0.0,0.0,0.0,0,1012.5,1001.7,14,13,3,0,0.0,0.05,6.5,13.7,177,185,14.4,16.9,20.6,20.1,16.8,0.169,0.193,0.174,0.206,0,0.0,0.0,0.0,0.0,0.0,0.0,0.0,0.0,0.0,0.0,0.0,0.0,0.0
37.855885,-8.445038,91.0,2011-06-04T06:00,15.6,97,15.1,16.1,0.0,0.0,0.0,0.0,1,1012.4,1001.6,49,51,6,0,0.01,0.06,8.3,15.9,175,186,15.8,17.0,20.4,20.1,16.8,0.169,0.193,0.174,0.206,1,265.37,22.0,9.0,13.0,88.0,22.0,77.2,50.0,20.4,29.5,155.0,28.4,175.4
37.855885,-8.445038,91.0,2011-06-04T07:00,18.6,87,16.5,19.6,0.0,0.0,0.0,0.0,0,1012.6,1001.9,12,3,15,0,0.08,0.27,8.3,13.3,178,182,16.9,18.9,20.3,20.1,16.8,0.169,0.193,0.174,0.206,1,3600.0,152.0,95.0,57.0,418.1,152.0,302.1,215.8,134.9,80.9,418.1,215.8,428.8
37.855885,-8.445038,91.0,2011-06-04T08:00,20.6,75,16.0,21.2,0.0,0.0,0.0,0.0,0,1012.7,1002.0,11,0,18,0,0.19,0.61,9.7,13.0,178,178,21.6,20.9,20.3,20.1,16.8,0.169,0.193,0.174,0.206,1,3600.0,315.0,223.0,92.0,536.2,315.0,552.8,384.1,271.9,112.2,536.2,384.1,674.1
37.855885,-8.445038,91.0,2011-06-04T09:00,22.1,66,15.5,22.4,0.0,0.0,0.0,0.0,0,1012.9,1002.3,13,0,21,0,0.29,0.89,10.5,13.4,176,175,23.4,22.4,20.4,20.1,16.8,0.168,0.192,0.174,0.206,1,3600.0,458.0,315.0,143.0,532.0,458.0,787.1,520.6,358.0,162.5,532.0,520.6,894.6
37.855885,-8.445038,91.0,2011-06-04T10:00,23.7,59,15.3,24.7,0.0,0.0,0.0,0.0,1,1012.6,1002.1,32,0,54,0,0.42,1.19,8.7,10.8,197,195,24.1,24.2,20.7,20.1,16.8,0.167,0.192,0.174,0.206,1,3600.0,641.0,476.0,165.0,639.9,641.0,988.9,697.1,517.6,179.4,639.9,697.1,1075.4
37.855885,-8.445038,91.0,2011-06-04T11:00,25.0,55,15.4,27.2,0.0,0.0,0.0,0.0,1,1012.5,1002.0,31,0,52,0,0.53,1.42,6.9,8.7,219,218,23.8,26.0,21.0,20.1,16.8,0.166,0.191,0.173,0.206,1,3600.0,785.0,621.0,164.0,721.3,785.0,1144.5,825.9,653.3,172.5,721.3,825.9,1204.0
37.855885,-8.445038,91.0,2011-06-04T12:00,26.0,52,15.5,29.1,0.0,0.0,0.0,0.0,1,1012.4,1001.9,31,0,51,0,0.62,1.6,6.0,7.2,245,243,23.4,27.5,21.4,20.1,16.8,0.164,0.19,0.173,0.206,1,3600.0,902.0,759.0,143.0,811.5,902.0,1243.3,922.7,776.4,146.3,811.5,922.7,1271.9
37.855885,-8.445038,91.0,2011-06-04T13:00,26.5,51,15.6,29.2,0.0,0.0,0.0,0.0,1,1012.1,1001.7,35,11,41,1,0.58,1.68,6.1,7.2,267,267,20.9,28.3,21.8,20.1,16.8,0.163,0.19,0.173,0.206,1,3600.0,830.0,686.0,144.0,713.2,830.0,1278.6,827.2,683.7,143.5,713.2,827.2,1274.2
37.855885,-8.445038,91.0,2011-06-04T14:00,26.1,52,15.4,27.2,0.3,0.3,0.0,0.0,51,1011.5,1001.1,25,5,32,3,0.47,1.62,8.1,10.0,283,283,20.5,28.0,22.2,20.1,16.8,0.162,0.189,0.173,0.206,1,3600.0,641.0,415.0,226.0,442.0,641.0,1248.0,622.0,402.7,219.3,442.0,622.0,1211.0
37.855885,-8.445038,91.0,2011-06-04T15:00,25.7,54,15.7,26.8,0.0,0.0,0.0,0.0,1,1011.0,1000.5,29,6,40,0,0.48,1.52,10.7,13.6,290,292,24.8,28.1,22.5,20.1,16.8,0.164,0.188,0.173,0.206,1,3600.0,683.0,525.0,158.0,605.0,683.0,1153.5,643.3,494.5,148.8,605.0,643.3,1086.4
37.855885,-8.445038,91.0,2011-06-04T16:00,23.7,65,16.8,24.2,1.2,1.2,0.0,0.0,55,1010.6,1000.1,24,7,23,13,0.36,1.01,13.0,16.5,289,290,28.1,27.1,22.8,20.1,16.8,0.185,0.188,0.173,0.206,1,3600.0,535.0,349.0,186.0,463.1,535.0,1001.7,485.5,316.7,168.8,463.1,485.5,909.1
37.855885,-8.445038,91.0,2011-06-04T17:00,23.5,65,16.6,23.9,0.4,0.4,0.0,0.0,51,1010.7,1000.2,40,12,41,15,0.3,1.01,13.0,17.5,276,278,28.1,25.9,22.9,20.1,16.8,0.185,0.188,0.173,0.205,1,3600.0,430.0,273.0,157.0,451.9,430.0,802.9,370.1,235.0,135.1,451.9,370.1,691.1
37.855885,-8.445038,91.0,2011-06-04T18:00,23.0,66,16.3,23.3,0.0,0.0,0.0,0.0,0,1010.6,1000.1,17,1,25,5,0.18,0.96,13.0,18.0,272,272,25.2,24.6,23.0,20.1,16.8,0.185,0.188,0.173,0.205,1,3600.0,222.0,112.0,110.0,260.9,222.0,570.7,174.0,87.8,86.2,260.9,174.0,447.2
37.855885,-8.445038,91.0,2011-06-04T19:00,22.1,69,16.1,22.6,0.0,0.0,0.0,0.0,1,1010.5,999.9,23,6,29,1,0.11,0.83,10.8,15.5,272,273,25.9,23.5,23.0,20.1,16.8,0.184,0.188,0.173,0.205,1,3600.0,134.0,79.0,55.0,327.4,134.0,320.7,81.1,47.8,33.3,327.4,81.1,194.1
37.855885,-8.445038,91.0,2011-06-04T20:00,21.0,74,16.2,21.6,0.0,0.0,0.0,0.0,0,1010.4,999.8,14,0,24,0,0.05,0.65,10.8,17.3,268,269,21.6,22.3,22.9,20.2,16.8,0.184,0.188,0.173,0.205,0,261.94,23.0,9.0,14.0,82.4,23.0,86.5,0.0,0.0,0.0,0.0,0.0,0.0
37.855885,-8.445038,91.0,2011-06-04T21:00,20.1,79,16.3,20.8,0.0,0.0,0.0,0.0,0,1010.7,1000.1,17,0,29,0,0.02,0.49,9.8,17.8,276,278,19.1,21.4,22.7,20.2,16.8,0.184,0.188,0.173,0.205,0,0.0,0.0,0.0,0.0,0.0,0.0,0.0,0.0,0.0,0.0,0.0,0.0,0.0
37.855885,-8.445038,91.0,2011-06-04T22:00,19.4,83,16.3,20.3,0.0,0.0,0.0,0.0,0,1010.6,999.9,20,0,33,0,0.01,0.39,8.7,16.5,277,280,18.0,20.7,22.5,20.2,16.8,0.184,0.188,0.173,0.205,0,0.0,0.0,0.0,0.0,0.0,0.0,0.0,0.0,0.0,0.0,0.0,0.0,0.0
37.855885,-8.445038,91.0,2011-06-04T23:00,18.7,86,16.2,19.7,0.0,0.0,0.0,0.0,1,1010.4,999.7,21,1,34,0,0.0,0.31,7.2,14.8,276,283,14.8,20.1,22.3,20.2,16.8,0.184,0.188,0.173,0.205,0,0.0,0.0,0.0,0.0,0.0,0.0,0.0,0.0,0.0,0.0,0.0,0.0,0.0
37.855885,-8.445038,91.0,2011-06-05T00:00,18.1,89,16.2,19.4,0.0,0.0,0.0,0.0,0,1009.8,999.1,15,1,24,0,0.0,0.24,6.1,13.4,270,284,10.4,19.5,22.1,20.2,16.8,0.184,0.188,0.173,0.205,0,0.0,0.0,0.0,0.0,0.0,0.0,0.0,0.0,0.0,0.0,0.0,0.0,0.0
37.855885,-8.445038,91.0,2011-06-05T01:00,17.3,92,16.0,18.5,0.0,0.0,0.0,0.0,0,1009.3,998.6,11,0,19,0,0.0,0.16,5.4,13.2,274,296,9.0,18.9,21.8,20.2,16.8,0.183,0.188,0.173,0.205,0,0.0,0.0,0.0,0.0,0.0,0.0,0.0,0.0,0.0,0.0,0.0,0.0,0.0
37.855885,-8.445038,91.0,2011-06-05T02:00,16.6,94,15.6,17.7,0.0,0.0,0.0,0.0,0,1008.7,997.9,6,0,10,0,0.0,0.12,5.6,12.8,285,308,9.7,18.3,21.6,20.2,16.8,0.183,0.188,0.173,0.205,0,0.0,0.0,0.0,0.0,0.0,0.0,0.0,0.0,0.0,0.0,0.0,0.0,0.0
37.855885,-8.445038,91.0,2011-06-05T03:00,16.2,93,15.1,17.3,0.0,0.0,0.0,0.0,0,1008.5,997.7,4,0,7,0,0.0,0.12,4.0,10.3,280,324,10.4,17.7,21.3,20.2,16.8,0.183,0.188,0.173,0.205,0,0.0,0.0,0.0,0.0,0.0,0.0,0.0,0.0,0.0,0.0,0.0,0.0,0.0
37.855885,-8.445038,91.0,2011-06-05T04:00,17.0,89,15.2,18.6,0.0,0.0,0.0,0.0,0,1008.5,997.8,2,0,3,0,0.0,0.22,1.0,3.6,315,354,9.7,17.3,21.0,20.2,16.8,0.183,0.188,0.173,0.205,0,0.0,0.0,0.0,0.0,0.0,0.0,0.0,0.0,0.0,0.0,0.0,0.0,0.0
37.855885,-8.445038,91.0,2011-06-05T05:00,18.1,85,15.5,19.4,0.0,0.0,0.0,0.0,0,1008.5,997.8,4,0,6,0,0.0,0.32,3.9,3.4,146,122,9.4,16.8,20.7,20.2,16.8,0.183,0.188,0.173,0.205,0,0.0,0.0,0.0,0.0,0.0,0.0,0.0,0.0,0.0,0.0,0.0,0.0,0.0
37.855885,-8.445038,91.0,2011-06-05T06:00,16.4,90,14.8,17.4,0.0,0.0,0.0,0.0,1,1008.6,997.8,46,50,2,0,0.01,0.18,4.4,6.0,171,163,8.6,16.8,20.4,20.2,16.8,0.183,0.188,0.173,0.205,1,359.41,22.0,10.0,12.0,97.5,22.0,77.6,50.0,22.7,27.3,171.2,28.5,176.3
37.855885,-8.445038,91.0,2011-06-05T07:00,18.5,91,17.0,20.3,0.0,0.0,0.0,0.0,0,1008.5,997.8,2,0,3,0,0.07,0.2,4.7,8.3,180,182,12.2,19.0,20.3,20.2,16.8,0.183,0.188,0.173,0.205,1,3600.0,154.0,99.0,55.0,434.5,154.0,302.8,218.4,140.4,78.0,434.5,218.4,429.4
37.855885,-8.445038,91.0,2011-06-05T08:00,21.2,75,16.7,22.7,0.0,0.0,0.0,0.0,0,1008.6,998.0,2,0,3,0,0.2,0.62,5.9,7.6,191,188,16.2,21.8,20.4,20.2,16.8,0.183,0.188,0.173,0.205,1,3600.0,331.0,249.0,82.0,598.1,331.0,553.3,403.5,303.5,100.0,598.1,403.5,674.4
37.855885,-8.445038,91.0,2011-06-05T09:00,23.2,66,16.5,24.4,0.0,0.0,0.0,0.0,0,1008.6,998.1,2,0,4,0,0.35,0.96,7.0,8.8,201,199,20.2,23.7,20.6,20.2,16.8,0.182,0.187,0.173,0.205,1,3600.0,546.0,449.0,97.0,757.9,546.0,787.4,620.5,510.3,110.2,757.9,620.5,894.8
37.855885,-8.445038,91.0,2011-06-05T10:00,24.8,59,16.4,26.9,0.0,0.0,0.0,0.0,1,1008.8,998.3,22,0,37,0,0.47,1.27,7.1,8.9,221,220,22.3,25.5,20.9,20.1,16.8,0.18,0.187,0.173,0.205,1,3600.0,704.0,580.0,124.0,779.3,704.0,989.0,765.5,630.7,134.8,779.3,765.5,1075.5
37.855885,-8.445038,91.0,2011-06-05T11:00,26.0,55,16.3,28.6,0.0,0.0,0.0,0.0,0,1008.9,998.5,17,0,29,0,0.58,1.51,9.2,11.0,239,238,25.6,27.1,21.3,20.1,16.8,0.178,0.186,0.172,0.205,1,3600.0,852.0,728.0,124.0,845.2,852.0,1144.6,896.3,765.9,130.5,845.2,896.3,1204.2
37.855885,-8.445038,91.0,2011-06-05T12:00,26.6,52,16.0,29.2,0.4,0.4,0.0,0.0,51,1008.4,998.0,15,2,20,5,0.63,1.65,10.4,12.6,250,250,27.4,28.2,21.8,20.2,16.9,0.178,0.185,0.172,0.205,1,3600.0,915.0,780.0,135.0,833.6,915.0,1243.5,936.1,798.0,138.1,833.6,936.1,1272.1
37.855885,-8.445038,91.0,2011-06-05T13:00,26.9,52,16.3,29.6,0.0,0.0,0.0,0.0,1,1008.3,997.9,21,11,15,6,0.65,1.68,11.0,13.6,259,259,29.5,29.0,22.2,20.2,16.9,0.176,0.185,0.172,0.205,1,3600.0,936.0,767.0,169.0,797.0,936.0,1278.9,932.9,764.4,168.4,797.0,932.9,1274.6
37.855885,-8.445038,91.0,2011-06-05T14:00,24.3,63,16.8,26.6,1.8,1.8,0.0,0.0,61,1007.9,997.4,20,6,12,26,0.55,1.13,12.6,15.8,268,270,32.0,28.5,22.6,20.2,16.9,0.208,0.184,0.172,0.205,1,3600.0,861.0,718.0,143.0,764.2,861.0,1248.5,835.6,696.8,138.8,764.2,835.6,1211.7
37.855885,-8.445038,91.0,2011-06-05T15:00,24.5,62,16.7,25.4,0.0,0.0,0.0,0.0,1,1007.9,997.4,27,3,22,36,0.44,1.18,13.4,17.3,265,266,32.0,27.5,22.9,20.2,16.9,0.208,0.184,0.172,0.205,1,3600.0,652.0,437.0,215.0,503.1,652.0,1154.4,614.2,411.7,202.5,503.1,614.2,1087.4
37.855885,-8.445038,91.0,2011-06-05T16:00,25.1,58,16.1,25.7,0.0,0.0,0.0,0.0,1,1007.3,996.9,23,0,25,27,0.45,1.35,13.4,17.1,276,277,29.2,27.2,23.1,20.2,16.9,0.206,0.184,0.172,0.205,1,3600.0,647.0,462.0,185.0,612.2,647.0,1002.9,587.3,419.4,167.9,612.2,587.3,910.4
37.855885,-8.445038,91.0,2011-06-05T17:00,24.6,58,15.9,24.6,0.2,0.2,0.0,0.0,51,1007.1,996.7,13,0,9,26,0.36,1.29,14.1,18.3,283,285,29.2,26.7,23.3,20.2,16.9,0.205,0.184,0.172,0.205,1,3600.0,520.0,414.0,106.0,683.9,520.0,804.4,447.8,356.5,91.3,683.9,447.8,692.7
37.855885,-8.445038,91.0,2011-06-05T18:00,23.9,61,15.9,23.9,0.0,0.0,0.0,0.0,0,1007.0,996.5,15,0,12,27,0.24,1.16,13.4,18.4,294,296,27.7,25.5,23.4,20.2,16.9,0.204,0.184,0.172,0.205,1,3600.0,307.0,191.0,116.0,443.4,307.0,572.5,240.9,149.9,91.0,443.4,240.9,449.2
37.855885,-8.445038,91.0,2011-06-05T19:00,23.1,66,16.4,23.6,0.0,0.0,0.0,0.0,0,1007.8,997.3,14,0,9,27,0.13,0.96,11.5,16.3,302,305,27.4,24.3,23.4,20.2,16.9,0.203,0.184,0.172,0.205,1,3600.0,157.0,92.0,65.0,378.7,157.0,322.9,95.5,56.0,39.5,378.7,95.5,196.3
37.855885,-8.445038,91.0,2011-06-05T20:00,21.7,74,16.9,22.8,0.0,0.0,0.0,0.0,0,1007.5,996.9,10,0,9,17,0.05,0.68,9.0,16.3,293,301,22.0,22.9,23.3,20.2,16.9,0.202,0.184,0.172,0.205,0,478.58,26.0,11.0,15.0,99.9,26.0,87.6,0.0,0.0,0.0,0.0,0.0,0.0
37.855885,-8.445038,91.0,2011-06-05T21:00,20.5,82,17.3,21.7,0.0,0.0,0.0,0.0,0,1008.0,997.4,8,0,11,5,0.01,0.44,9.5,17.5,295,302,16.2,21.8,23.1,20.2,16.9,0.202,0.184,0.172,0.205,0,0.0,0.0,0.0,0.0,0.0,0.0,0.0,0.0,0.0,0.0,0.0,0.0,0.0
37.855885,-8.445038,91.0,2011-06-05T22:00,19.5,88,17.5,21.1,0.0,0.0,0.0,0.0,0,1008.5,997.9,3,0,4,1,0.0,0.27,7.6,14.2,295,306,16.9,21.0,22.9,20.3,16.9,0.201,0.185,0.172,0.205,0,0.0,0.0,0.0,0.0,0.0,0.0,0.0,0.0,0.0,0.0,0.0,0.0,0.0
37.855885,-8.445038,91.0,2011-06-05T23:00,18.8,91,17.3,20.4,0.0,0.0,0.0,0.0,0,1008.4,997.7,2,0,2,3,0.0,0.19,6.6,13.3,311,322,16.6,20.3,22.7,20.3,16.9,0.201,0.185,0.172,0.205,0,0.0,0.0,0.0,0.0,0.0,0.0,0.0,0.0,0.0,0.0,0.0,0.0,0.0
37.855885,-8.445038,91.0,2011-06-06T00:00,18.2,93,17.0,19.6,0.0,0.0,0.0,0.0,0,1008.3,997.6,4,2,1,4,0.0,0.15,7.0,13.8,305,317,15.8,19.8,22.5,20.3,16.9,0.2,0.185,0.172,0.205,0,0.0,0.0,0.0,0.0,0.0,0.0,0.0,0.0,0.0,0.0,0.0,0.0,0.0
37.855885,-8.445038,91.0,2011-06-06T01:00,17.8,93,16.6,18.8,0.0,0.0,0.0,0.0,1,1007.9,997.2,45,48,1,3,0.0,0.15,8.5,15.5,306,314,16.2,19.6,22.2,20.3,16.9,0.2,0.185,0.172,0.205,0,0.0,0.0,0.0,0.0,0.0,0.0,0.0,0.0,0.0,0.0,0.0,0.0,0.0
37.855885,-8.445038,91.0,2011-06-06T02:00,17.4,93,16.3,18.0,0.0,0.0,0.0,0.0,2,1007.7,997.0,70,76,1,2,0.0,0.13,11.2,18.1,312,319,16.6,19.3,22.0,20.3,16.9,0.2,0.185,0.172,0.205,0,0.0,0.0,0.0,0.0,0.0,0.0,0.0,0.0,0.0,0.0,0.0,0.0,0.0
37.855885,-8.445038,91.0,2011-06-06T03:00,17.1,94,16.1,17.5,0.0,0.0,0.0,0.0,2,1007.8,997.1,66,73,0,2,0.0,0.12,11.5,20.1,321,327,18.0,19.1,21.8,20.3,16.9,0.199,0.185,0.172,0.205,0,0.0,0.0,0.0,0.0,0.0,0.0,0.0,0.0,0.0,0.0,0.0,0.0,0.0
37.855885,-8.445038,91.0,2011-06-06T04:00,16.9,94,15.8,17.2,0.0,0.0,0.0,0.0,2,1007.9,997.2,68,75,0,1,0.0,0.12,11.0,19.6,328,334,18.4,18.9,21.5,20.3,16.9,0.199,0.185,0.172,0.205,0,0.0,0.0,0.0,0.0,0.0,0.0,0.0,0.0,0.0,0.0,0.0,0.0,0.0
37.855885,-8.445038,91.0,2011-06-06T05:00,16.8,93,15.6,17.3,0.0,0.0,0.0,0.0,2,1008.1,997.4,80,88,0,1,0.0,0.14,10.0,17.2,330,334,19.1,18.9,21.3,20.3,16.9,0.199,0.185,0.172,0.205,0,0.0,0.0,0.0,0.0,0.0,0.0,0.0,0.0,0.0,0.0,0.0,0.0,0.0
37.855885,-8.445038,91.0,2011-06-06T06:00,16.9,92,15.5,17.5,0.0,0.0,0.0,0.0,2,1008.5,997.8,65,72,0,1,0.02,0.16,8.1,12.5,339,342,19.8,18.9,21.1,20.3,16.9,0.198,0.185,0.172,0.205,1,0.0,12.0,2.0,10.0,19.4,12.0,78.0,27.2,4.5,22.7,34.1,15.5,177.1
37.855885,-8.445038,91.0,2011-06-06T07:00,16.8,90,15.2,17.2,0.0,0.0,0.0,0.0,2,1008.9,998.2,79,87,0,1,0.05,0.19,9.3,12.7,332,335,19.1,19.2,21.0,20.3,16.9,0.198,0.185,0.172,0.205,1,1878.16,87.0,28.0,59.0,122.6,87.0,303.4,123.3,39.7,83.6,122.6,123.3,429.9
37.855885,-8.445038,91.0,2011-06-06T08:00,17.6,84,15.0,17.6,0.0,0.0,0.0,0.0,1,1009.0,998.3,42,46,0,1,0.14,0.31,11.3,14.8,333,334,23.8,20.3,20.9,20.3,16.9,0.197,0.185,0.172,0.205,1,3600.0,271.0,156.0,115.0,374.3,271.0,553.7,330.2,190.1,140.1,374.3,330.2,674.7
37.855885,-8.445038,91.0,2011-06-06T09:00,18.9,73,13.9,18.5,0.0,0.0,0.0,0.0,2,1009.3,998.6,57,63,0,1,0.25,0.59,11.1,14.2,335,336,25.6,21.4,21.0,20.3,16.9,0.196,0.185,0.172,0.205,1,3600.0,424.0,288.0,136.0,485.9,424.0,787.5,481.8,327.3,154.5,485.9,481.8,895.0
37.855885,-8.445038,91.0,2011-06-06T10:00,20.2,66,13.6,20.0,0.0,0.0,0.0,0.0,2,1009.3,998.7,72,79,0,4,0.32,0.82,9.4,11.8,328,329,24.5,22.6,21.1,20.3,16.9,0.195,0.185,0.172,0.205,1,3600.0,525.0,244.0,281.0,327.7,525.0,989.1,570.9,265.3,305.6,327.7,570.9,1075.6
37.855885,-8.445038,91.0,2011-06-06T11:00,21.9,58,13.3,22.7,0.0,0.0,0.0,0.0,2,1009.4,998.8,75,83,0,0,0.49,1.1,10.7,13.2,312,315,25.6,24.6,21.3,20.3,16.9,0.193,0.184,0.172,0.205,1,3600.0,783.0,584.0,199.0,677.8,783.0,1144.7,823.8,614.4,209.4,677.8,823.8,1204.3
37.855885,-8.445038,91.0,2011-06-06T12:00,22.9,55,13.5,23.6,0.0,0.0,0.0,0.0,1,1009.2,998.7,45,31,28,0,0.52,1.25,12.4,15.7,300,302,29.2,25.6,21.6,20.3,16.9,0.191,0.184,0.171,0.205,1,3600.0,806.0,525.0,281.0,560.9,806.0,1243.6,824.6,537.1,287.5,560.9,824.6,1272.3
37.855885,-8.445038,91.0,2011-06-06T13:00,22.6,56,13.5,23.1,0.0,0.0,0.0,0.0,1,1009.4,998.9,32,21,21,0,0.52,1.2,14.7,18.9,292,291,33.8,25.8,21.8,20.3,16.9,0.19,0.183,0.171,0.205,1,3600.0,828.0,607.0,221.0,630.4,828.0,1279.2,825.3,605.0,220.3,630.4,825.3,1275.0
37.855885,-8.445038,91.0,2011-06-06T14:00,21.9,58,13.3,21.2,0.2,0.2,0.0,0.0,51,1009.4,998.8,50,34,29,6,0.46,1.1,18.3,23.9,292,293,37.8,25.7,22.0,20.3,16.9,0.191,0.183,0.171,0.205,1,3600.0,737.0,495.0,242.0,526.5,737.0,1249.0,715.3,480.4,234.9,526.5,715.3,1212.3
37.855885,-8.445038,91.0,2011-06-06T15:00,21.7,60,13.5,20.2,0.1,0.1,0.0,0.0,51,1009.2,998.6,52,35,34,0,0.4,1.05,20.6,27.4,295,295,41.4,25.2,22.2,20.3,16.9,0.192,0.183,0.171,0.205,1,3600.0,634.0,428.0,206.0,492.2,634.0,1155.1,597.3,403.3,194.1,492.2,597.3,1088.4
37.855885,-8.445038,91.0,2011-06-06T16:00,21.2,61,13.4,19.4,0.2,0.2,0.0,0.0,51,1009.4,998.8,37,25,24,0,0.38,0.99,21.6,29.2,298,299,45.0,24.9,22.4,20.3,16.9,0.193,0.182,0.171,0.205,1,3600.0,608.0,458.0,150.0,606.0,608.0,1004.0,552.1,415.9,136.2,606.0,552.1,911.7
37.855885,-8.445038,91.0,2011-06-06T17:00,20.6,65,13.8,18.5,0.0,0.0,0.0,0.0,1,1009.1,998.5,32,23,19,0,0.26,0.85,22.6,30.9,304,304,46.1,23.7,22.4,20.3,16.9,0.193,0.182,0.171,0.205,1,3600.0,363.0,225.0,138.0,370.9,363.0,805.8,312.8,193.9,118.9,370.9,312.8,694.3
37.855885,-8.445038,91.0,2011-06-06T18:00,20.2,66,13.8,18.0,0.0,0.0,0.0,0.0,1,1009.1,998.5,38,34,13,0,0.21,0.79,23.5,32.6,311,312,45.7,22.9,22.4,20.3,16.9,0.192,0.182,0.171,0.205,1,3600.0,282.0,180.0,102.0,416.4,282.0,574.2,221.5,141.4,80.1,416.4,221.5,451.1
37.855885,-8.445038,91.0,2011-06-06T19:00,19.0,69,13.3,16.7,0.0,0.0,0.0,0.0,1,1009.6,998.9,50,44,17,0,0.13,0.68,23.2,33.7,318,319,45.7,21.7,22.3,20.3,16.9,0.192,0.182,0.171,0.205,1,3600.0,133.0,82.0,51.0,335.3,133.0,324.9,81.3,50.1,31.2,335.3,81.3,198.5
37.855885,-8.445038,91.0,2011-06-06T20:00,18.0,75,13.4,16.0,0.0,0.0,0.0,0.0,2,1009.8,999.1,53,47,18,0,0.07,0.53,21.4,32.9,324,325,44.3,20.5,22.2,20.3,16.9,0.191,0.182,0.171,0.205,0,259.19,22.0,9.0,13.0,81.1,22.0,88.6,0.0,0.0,0.0,0.0,0.0,0.0
37.855885,-8.445038,91.0,2011-06-06T21:00,17.3,77,13.3,15.2,0.0,0.0,0.0,0.0,1,1010.6,999.9,46,34,26,0,0.05,0.45,21.7,33.2,331,333,41.4,19.8,22.0,20.3,16.9,0.191,0.182,0.171,0.205,0,0.0,0.0,0.0,0.0,0.0,0.0,0.0,0.0,0.0,0.0,0.0,0.0,0.0
37.855885,-8.445038,91.0,2011-06-06T22:00,16.6,81,13.2,14.7,0.0,0.0,0.0,0.0,1,1011.4,1000.6,32,21,20,2,0.03,0.37,19.7,30.7,336,338,40.3,19.1,21.7,20.3,16.9,0.191,0.182,0.171,0.205,0,0.0,0.0,0.0,0.0,0.0,0.0,0.0,0.0,0.0,0.0,0.0,0.0,0.0
37.855885,-8.445038,91.0,2011-06-06T23:00,16.2,82,13.1,14.3,0.0,0.0,0.0,0.0,1,1011.2,1000.4,47,33,29,1,0.03,0.33,19.3,29.4,336,337,38.9,18.8,21.5,20.3,17.0,0.191,0.182,0.171,0.205,0,0.0,0.0,0.0,0.0,0.0,0.0,0.0,0.0,0.0,0.0,0.0,0.0,0.0
37.855885,-8.445038,91.0,2011-06-07T00:00,15.9,83,13.0,14.2,0.0,0.0,0.0,0.0,2,1011.5,1000.7,71,54,37,1,0.02,0.31,18.4,28.2,334,335,36.7,18.5,21.3,20.3,17.0,0.19,0.182,0.171,0.205,0,0.0,0.0,0.0,0.0,0.0,0.0,0.0,0.0,0.0,0.0,0.0,0.0,0.0
37.855885,-8.445038,91.0,2011-06-07T01:00,15.7,84,13.1,14.0,0.0,0.0,0.0,0.0,3,1011.4,1000.6,86,65,44,2,0.02,0.28,18.2,28.2,333,333,36.4,18.3,21.1,20.3,17.0,0.19,0.182,0.171,0.205,0,0.0,0.0,0.0,0.0,0.0,0.0,0.0,0.0,0.0,0.0,0.0,0.0,0.0
37.855885,-8.445038,91.0,2011-06-07T02:00,15.6,84,12.9,13.8,0.0,0.0,0.0,0.0,3,1011.2,1000.4,82,65,40,0,0.02,0.28,18.4,27.9,329,331,35.6,18.1,20.9,20.3,17.0,0.19,0.182,0.171,0.205,0,0.0,0.0,0.0,0.0,0.0,0.0,0.0,0.0,0.0,0.0,0.0,0.0,0.0
37.855885,-8.445038,91.0,2011-06-07T03:00,15.5,84,12.8,13.5,0.0,0.0,0.0,0.0,2,1011.3,1000.5,76,70,21,0,0.02,0.28,19.6,29.1,328,329,36.4,17.9,20.6,20.3,17.0,0.19,0.182,0.171,0.205,0,0.0,0.0,0.0,0.0,0.0,0.0,0.0,0.0,0.0,0.0,0.0,0.0,0.0
37.855885,-8.445038,91.0,2011-06-07T04:00,15.3,84,12.7,13.3,0.0,0.0,0.0,0.0,2,1011.5,1000.7,55,52,13,0,0.02,0.27,19.7,30.4,325,326,36.7,17.8,20.4,20.3,17.0,0.19,0.182,0.171,0.205,0,0.0,0.0,0.0,0.0,0.0,0.0,0.0,0.0,0.0,0.0,0.0,0.0,0.0
37.855885,-8.445038,91.0,2011-06-07T05:00,15.2,83,12.3,13.0,0.0,0.0,0.0,0.0,1,1011.7,1000.9,36,35,8,0,0.02,0.3,19.4,29.9,325,326,36.7,17.6,20.3,20.3,17.0,0.189,0.182,0.171,0.205,0,0.0,0.0,0.0,0.0,0.0,0.0,0.0,0.0,0.0,0.0,0.0,0.0,0.0
37.855885,-8.445038,91.0,2011-06-07T06:00,15.2,80,11.7,13.0,0.0,0.0,0.0,0.0,1,1012.3,1001.5,34,38,0,0,0.05,0.35,18.8,28.8,328,328,36.7,17.5,20.1,20.3,17.0,0.189,0.182,0.171,0.205,1,0.0,13.0,3.0,10.0,29.1,13.0,78.3,29.5,6.8,22.7,50.9,16.9,177.7
37.855885,-8.445038,91.0,2011-06-07T07:00,15.1,73,10.2,12.2,0.0,0.0,0.0,0.0,0,1012.5,1001.7,18,20,0,0,0.1,0.47,20.1,28.7,331,332,38.2,17.5,19.9,20.2,17.0,0.189,0.182,0.171,0.205,1,3600.0,124.0,64.0,60.0,279.7,124.0,304.0,175.5,90.6,84.9,279.7,175.5,430.3
37.855885,-8.445038,91.0,2011-06-07T08:00,16.0,67,9.9,12.7,0.0,0.0,0.0,0.0,1,1013.1,1002.3,32,36,0,0,0.18,0.6,22.4,31.2,332,333,43.2,18.4,19.8,20.2,17.0,0.188,0.182,0.171,0.205,1,3600.0,289.0,179.0,110.0,429.2,289.0,554.0,352.1,218.1,134.0,429.2,352.1,674.9
37.855885,-8.445038,91.0,2011-06-07T09:00,17.1,59,9.1,13.2,0.0,0.0,0.0,0.0,1,1013.1,1002.3,48,53,0,0,0.27,0.79,25.0,34.5,333,334,49.3,19.5,19.8,20.2,17.0,0.187,0.182,0.171,0.205,1,3600.0,458.0,311.0,147.0,524.4,458.0,787.7,520.4,353.4,167.0,524.4,520.4,895.0
37.855885,-8.445038,91.0,2011-06-07T10:00,18.2,53,8.5,14.2,0.0,0.0,0.0,0.0,2,1013.4,1002.7,79,88,0,0,0.34,0.98,24.2,32.4,330,330,51.8,20.4,19.8,20.2,17.0,0.186,0.182,0.171,0.205,1,3600.0,545.0,301.0,244.0,404.2,545.0,989.2,592.6,327.3,265.3,404.2,592.6,1075.6
37.855885,-8.445038,91.0,2011-06-07T11:00,19.7,48,8.5,16.4,0.0,0.0,0.0,0.0,3,1013.2,1002.5,90,100,0,0,0.45,1.18,25.3,34.5,327,328,54.4,21.8,20.0,20.2,17.0,0.184,0.181,0.171,0.205,1,3600.0,742.0,485.0,257.0,562.7,742.0,1144.7,780.7,510.3,270.4,562.7,780.7,1204.3
37.855885,-8.445038,91.0,2011-06-07T12:00,20.2,49,9.1,16.8,0.0,0.0,0.0,0.0,3,1013.5,1002.8,91,100,2,0,0.44,1.22,26.2,35.5,326,326,55.1,22.5,20.1,20.2,17.0,0.183,0.181,0.171,0.205,1,3600.0,698.0,337.0,361.0,359.9,698.0,1243.7,714.1,344.8,369.3,359.9,714.1,1272.5
37.855885,-8.445038,91.0,2011-06-07T13:00,19.7,54,10.1,15.9,0.0,0.0,0.0,0.0,3,1013.6,1002.9,91,100,2,0,0.34,1.06,26.2,36.5,323,323,55.4,22.0,20.3,20.2,17.0,0.182,0.18,0.171,0.205,1,1968.21,472.0,121.0,351.0,125.6,472.0,1279.5,470.5,120.6,349.9,125.6,470.5,1275.4
37.855885,-8.445038,91.0,2011-06-07T14:00,19.4,57,10.6,15.6,0.0,0.0,0.0,0.0,3,1013.7,1003.0,90,100,0,0,0.32,0.97,27.3,38.2,324,324,55.4,21.6,20.4,20.2,17.0,0.181,0.18,0.171,0.205,1,2760.05,465.0,143.0,322.0,152.0,465.0,1249.5,451.4,138.8,312.6,152.0,451.4,1212.9
37.855885,-8.445038,91.0,2011-06-07T15:00,19.3,57,10.6,15.4,0.0,0.0,0.0,0.0,3,1013.6,1002.9,93,99,6,0,0.31,0.97,27.9,39.0,324,325,55.4,21.5,20.4,20.2,17.0,0.181,0.18,0.17,0.205,1,3600.0,424.0,165.0,259.0,189.6,424.0,1155.9,399.6,155.5,244.1,189.6,399.6,1089.3
37.855885,-8.445038,91.0,2011-06-07T16:00,19.3,57,10.6,15.5,0.0,0.0,0.0,0.0,3,1014.0,1003.3,85,90,7,0,0.33,0.96,26.9,37.8,325,325,55.1,21.5,20.5,20.2,17.0,0.18,0.18,0.17,0.205,1,3600.0,501.0,308.0,193.0,407.0,501.0,1005.0,455.1,279.8,175.3,407.0,455.1,912.9
37.855885,-8.445038,91.0,2011-06-07T17:00,19.1,58,10.7,15.7,0.0,0.0,0.0,0.0,2,1014.2,1003.5,67,74,1,0,0.27,0.92,24.2,34.3,323,324,54.0,21.2,20.5,20.2,17.0,0.179,0.179,0.17,0.205,1,3600.0,372.0,196.0,176.0,322.5,372.0,807.2,320.7,169.0,151.7,322.5,320.7,695.8
37.855885,-8.445038,91.0,2011-06-07T18:00,18.7,59,10.5,15.5,0.0,0.0,0.0,0.0,2,1014.3,1003.6,67,74,0,0,0.22,0.88,22.5,32.0,321,322,50.4,20.8,20.5,20.2,17.0,0.179,0.179,0.17,0.205,1,3600.0,286.0,166.0,120.0,382.8,286.0,575.9,224.9,130.5,94.4,382.8,224.9,452.9
37.855885,-8.445038,91.0,2011-06-07T19:00,17.9,59,9.7,14.6,0.0,0.0,0.0,0.0,2,1015.0,1004.2,72,80,0,0,0.15,0.85,21.4,31.2,319,320,43.6,19.9,20.5,20.2,17.0,0.178,0.179,0.17,0.205,1,3076.56,117.0,40.0,77.0,162.6,117.0,326.8,71.8,24.5,47.3,162.6,71.8,200.6
37.855885,-8.445038,91.0,2011-06-07T20:00,17.3,61,9.7,14.4,0.0,0.0,0.0,0.0,2,1015.0,1004.2,76,84,0,0,0.1,0.77,19.2,29.7,320,322,41.8,19.1,20.4,20.2,17.0,0.178,0.179,0.17,0.205,0,0.0,15.0,1.0,14.0,8.9,15.0,89.6,0.0,0.0,0.0,0.0,0.0,0.0
37.855885,-8.445038,91.0,2011-06-07T21:00,16.5,65,9.9,13.9,0.0,0.0,0.0,0.0,1,1016.0,1005.2,26,29,0,0,0.06,0.66,17.6,27.4,325,327,36.7,18.3,20.2,20.1,17.0,0.178,0.179,0.17,0.205,0,0.0,0.0,0.0,0.0,0.0,0.0,0.0,0.0,0.0,0.0,0.0,0.0,0.0
37.855885,-8.445038,91.0,2011-06-07T22:00,15.9,68,10.1,13.9,0.0,0.0,0.0,0.0,1,1016.9,1006.0,28,30,2,0,0.04,0.57,14.3,24.2,317,319,31.7,17.7,20.1,20.1,17.0,0.177,0.179,0.17,0.205,0,0.0,0.0,0.0,0.0,0.0,0.0,0.0,0.0,0.0,0.0,0.0,0.0,0.0
37.855885,-8.445038,91.0,2011-06-07T23:00,15.4,72,10.4,13.4,0.0,0.0,0.0,0.0,1,1017.2,1006.3,28,30,1,0,0.04,0.49,14.6,24.1,320,322,27.7,17.1,19.9,20.1,17.0,0.177,0.179,0.17,0.205,0,0.0,0.0,0.0,0.0,0.0,0.0,0.0,0.0,0.0,0.0,0.0,0.0,0.0
37.855885,-8.445038,91.0,2011-06-08T00:00,14.8,76,10.6,12.9,0.0,0.0,0.0,0.0,1,1017.3,1006.4,24,27,0,0,0.03,0.41,14.3,24.6,326,328,25.9,16.7,19.7,20.1,17.0,0.177,0.179,0.17,0.205,0,0.0,0.0,0.0,0.0,0.0,0.0,0.0,0.0,0.0,0.0,0.0,0.0,0.0
37.855885,-8.445038,91.0,2011-06-08T01:00,14.2,80,10.8,12.3,0.0,0.0,0.0,0.0,1,1017.1,1006.2,38,42,0,0,0.02,0.33,14.5,24.5,330,332,24.1,16.2,19.5,20.1,17.0,0.177,0.179,0.17,0.205,0,0.0,0.0,0.0,0.0,0.0,0.0,0.0,0.0,0.0,0.0,0.0,0.0,0.0
37.855885,-8.445038,91.0,2011-06-08T02:00,13.8,81,10.6,11.8,0.0,0.0,0.0,0.0,2,1016.8,1005.9,59,66,0,0,0.02,0.29,14.7,24.5,332,334,24.5,15.8,19.2,20.1,17.0,0.177,0.179,0.17,0.205,0,0.0,0.0,0.0,0.0,0.0,0.0,0.0,0.0,0.0,0.0,0.0,0.0,0.0
37.855885,-8.445038,91.0,2011-06-08T03:00,13.6,80,10.1,11.3,0.0,0.0,0.0,0.0,2,1016.8,1005.8,65,72,0,0,0.02,0.32,15.5,25.0,332,333,25.9,15.5,19.0,20.1,17.0,0.177,0.179,0.17,0.205,0,0.0,0.0,0.0,0.0,0.0,0.0,0.0,0.0,0.0,0.0,0.0,0.0,0.0
37.855885,-8.445038,91.0,2011-06-08T04:00,13.3,77,9.4,10.9,0.0,0.0,0.0,0.0,2,1016.9,1005.9,73,81,0,0,0.03,0.35,15.5,24.2,335,335,26.3,15.2,18.8,20.1,17.0,0.177,0.179,0.17,0.205,0,0.0,0.0,0.0,0.0,0.0,0.0,0.0,0.0,0.0,0.0,0.0,0.0,0.0
37.855885,-8.445038,91.0,2011-06-08T05:00,13.3,74,8.9,10.9,0.0,0.0,0.0,0.0,2,1017.0,1006.0,69,77,0,0,0.03,0.39,14.4,22.8,338,339,25.6,15.2,18.6,20.1,17.0,0.177,0.179,0.17,0.205,0,0.0,0.0,0.0,0.0,0.0,0.0,0.0,0.0,0.0,0.0,0.0,0.0,0.0
37.855885,-8.445038,91.0,2011-06-08T06:00,13.4,74,8.8,11.3,0.0,0.0,0.0,0.0,2,1017.4,1006.4,50,56,0,0,0.04,0.4,12.3,20.5,339,342,24.8,15.2,18.4,20.0,17.0,0.177,0.179,0.17,0.205,1,0.0,18.0,6.0,12.0,58.0,18.0,78.6,40.8,13.6,27.2,101.4,23.4,178.3
37.855885,-8.445038,91.0,2011-06-08T07:00,14.2,68,8.3,11.6,0.0,0.0,0.0,0.0,1,1017.8,1006.9,49,54,0,0,0.1,0.52,15.0,21.4,343,343,28.4,15.9,18.3,20.0,17.0,0.176,0.179,0.17,0.205,1,3600.0,131.0,74.0,57.0,322.8,131.0,304.4,185.3,104.7,80.6,322.8,185.3,430.6
37.855885,-8.445038,91.0,2011-06-08T08:00,15.3,61,7.9,12.3,0.0,0.0,0.0,0.0,2,1018.2,1007.3,58,64,0,0,0.18,0.68,17.0,23.3,343,343,34.2,17.2,18.2,20.0,17.0,0.176,0.179,0.17,0.205,1,3600.0,293.0,188.0,105.0,450.5,293.0,554.2,356.9,229.0,127.9,450.5,356.9,675.0
37.855885,-8.445038,91.0,2011-06-08T09:00,16.4,56,7.7,13.4,0.0,0.0,0.0,0.0,2,1018.5,1007.6,53,59,0,0,0.25,0.81,16.7,22.4,341,341,35.6,18.5,18.3,20.0,17.0,0.175,0.178,0.17,0.205,1,3600.0,406.0,199.0,207.0,335.5,406.0,787.7,461.3,226.1,235.2,335.5,461.3,895.0
37.855885,-8.445038,91.0,2011-06-08T10:00,17.6,53,7.9,15.0,0.0,0.0,0.0,0.0,2,1018.5,1007.7,73,81,0,0,0.35,0.95,15.9,20.4,327,328,35.3,20.0,18.4,20.0,17.0,0.174,0.178,0.17,0.205,1,3600.0,608.0,383.0,225.0,514.2,608.0,989.1,661.1,416.5,244.7,514.2,661.1,1075.6
37.855885,-8.445038,91.0,2011-06-08T11:00,18.8,50,8.3,17.2,0.0,0.0,0.0,0.0,2,1018.2,1007.4,70,78,0,0,0.45,1.08,16.1,20.8,326,326,34.9,21.6,18.7,20.0,17.1,0.172,0.177,0.17,0.205,1,3600.0,777.0,546.0,231.0,633.4,777.0,1144.7,817.5,574.5,243.0,633.4,817.5,1204.3
37.855885,-8.445038,91.0,2011-06-08T12:00,20.0,47,8.5,19.0,0.0,0.0,0.0,0.0,1,1018.4,1007.7,48,53,0,1,0.53,1.23,16.0,20.5,324,326,34.9,23.0,19.0,19.9,17.1,0.171,0.177,0.17,0.205,1,3600.0,888.0,677.0,211.0,722.8,888.0,1243.8,908.6,692.7,215.9,722.8,908.6,1272.6
37.855885,-8.445038,91.0,2011-06-08T13:00,20.8,46,8.8,20.3,0.0,0.0,0.0,0.0,1,1017.9,1007.2,44,49,0,0,0.57,1.32,15.6,19.8,322,323,35.3,24.2,19.3,19.9,17.1,0.169,0.176,0.17,0.205,1,3600.0,948.0,777.0,171.0,806.2,948.0,1279.7,945.1,774.6,170.5,806.2,945.1,1275.7
37.855885,-8.445038,91.0,2011-06-08T14:00,21.2,46,9.1,20.6,0.0,0.0,0.0,0.0,2,1017.7,1007.0,51,57,0,0,0.56,1.37,15.8,19.9,317,318,37.1,24.7,19.7,19.9,17.1,0.167,0.176,0.17,0.205,1,3600.0,922.0,763.0,159.0,810.5,922.0,1249.9,895.1,740.7,154.4,810.5,895.1,1213.5
37.855885,-8.445038,91.0,2011-06-08T15:00,21.4,46,9.2,20.2,0.0,0.0,0.0,0.0,2,1017.5,1006.8,50,56,0,0,0.53,1.38,17.1,21.9,314,315,38.5,24.8,20.0,19.9,17.1,0.165,0.175,0.169,0.205,1,3600.0,857.0,699.0,158.0,802.5,857.0,1156.6,807.7,658.8,148.9,802.5,807.7,1090.1
37.855885,-8.445038,91.0,2011-06-08T16:00,21.2,46,9.2,19.4,0.0,0.0,0.0,0.0,1,1017.7,1007.0,39,33,0,30,0.47,1.36,17.6,23.2,313,314,39.6,24.4,20.3,19.9,17.1,0.164,0.174,0.169,0.205,1,3600.0,742.0,630.0,112.0,831.5,742.0,1006.0,674.2,572.4,101.8,831.5,674.2,914.0
37.855885,-8.445038,91.0,2011-06-08T17:00,20.6,48,9.3,17.8,0.0,0.0,0.0,0.0,1,1017.9,1007.2,30,9,0,74,0.37,1.26,18.4,24.0,312,313,39.6,23.6,20.5,19.9,17.1,0.163,0.174,0.169,0.205,1,3600.0,564.0,458.0,106.0,752.2,564.0,808.5,486.4,395.0,91.4,752.2,486.4,697.3
37.855885,-8.445038,91.0,2011-06-08T18:00,19.5,52,9.5,16.6,0.0,0.0,0.0,0.0,1,1017.9,1007.2,26,0,0,85,0.26,1.08,18.9,25.8,309,310,40.0,22.4,20.6,19.9,17.1,0.162,0.174,0.169,0.205,1,3600.0,376.0,289.0,87.0,664.5,376.0,577.4,296.0,227.5,68.5,664.5,296.0,454.6
37.855885,-8.445038,91.0,2011-06-08T19:00,18.1,57,9.4,15.2,0.0,0.0,0.0,0.0,1,1018.5,1007.7,26,0,0,85,0.16,0.9,18.9,27.1,309,310,38.2,20.8,20.6,19.9,17.1,0.162,0.174,0.169,0.205,1,3600.0,176.0,107.0,69.0,432.3,176.0,328.6,108.4,65.9,42.5,432.3,108.4,202.5
37.855885,-8.445038,91.0,2011-06-08T20:00,16.9,62,9.5,14.3,0.0,0.0,0.0,0.0,1,1018.5,1007.7,25,0,0,83,0.08,0.74,16.6,26.8,311,312,36.0,19.3,20.5,19.9,17.1,0.161,0.174,0.169,0.205,0,596.96,32.0,12.0,20.0,106.7,32.0,90.6,0.0,0.0,0.0,0.0,0.0,0.0
37.855885,-8.445038,91.0,2011-06-08T21:00,16.0,65,9.5,13.7,0.0,0.0,0.0,0.0,1,1019.3,1008.4,24,0,0,79,0.05,0.63,15.0,25.2,316,318,31.0,18.2,20.3,19.9,17.1,0.161,0.174,0.169,0.205,0,0.0,0.0,0.0,0.0,0.0,0.0,0.0,0.0,0.0,0.0,0.0,0.0,0.0
37.855885,-8.445038,91.0,2011-06-08T22:00,15.4,68,9.5,13.4,0.0,0.0,0.0,0.0,1,1019.5,1008.6,26,0,0,85,0.04,0.56,12.3,21.8,320,322,27.4,17.4,20.1,19.9,17.1,0.161,0.173,0.169,0.205,0,0.0,0.0,0.0,0.0,0.0,0.0,0.0,0.0,0.0,0.0,0.0,0.0,0.0
37.855885,-8.445038,91.0,2011-06-08T23:00,14.9,69,9.3,13.0,0.0,0.0,0.0,0.0,1,1019.4,1008.5,27,0,0,89,0.03,0.52,11.1,20.4,324,328,23.8,16.8,19.9,19.9,17.1,0.161,0.173,0.169,0.205,0,0.0,0.0,0.0,0.0,0.0,0.0,0.0,0.0,0.0,0.0,0.0,0.0,0.0
37.855885,-8.445038,91.0,2011-06-09T00:00,14.3,71,9.1,12.7,0.0,0.0,0.0,0.0,1,1019.1,1008.1,22,1,0,70,0.02,0.47,9.4,18.5,328,331,20.2,16.3,19.7,19.9,17.1,0.161,0.173,0.169,0.205,0,0.0,0.0,0.0,0.0,0.0,0.0,0.0,0.0,0.0,0.0,0.0,0.0,0.0
37.855885,-8.445038,91.0,2011-06-09T01:00,13.5,74,8.9,12.0,0.0,0.0,0.0,0.0,0,1019.0,1008.0,11,3,0,28,0.01,0.41,8.3,16.9,326,331,16.2,15.7,19.5,19.9,17.1,0.161,0.173,0.169,0.205,0,0.0,0.0,0.0,0.0,0.0,0.0,0.0,0.0,0.0,0.0,0.0,0.0,0.0
37.855885,-8.445038,91.0,2011-06-09T02:00,12.8,78,9.1,11.5,0.0,0.0,0.0,0.0,0,1018.6,1007.6,16,15,0,7,0.0,0.32,7.1,15.9,330,332,13.3,15.2,19.2,19.9,17.1,0.161,0.173,0.169,0.205,0,0.0,0.0,0.0,0.0,0.0,0.0,0.0,0.0,0.0,0.0,0.0,0.0,0.0
37.855885,-8.445038,91.0,2011-06-09T03:00,11.7,85,9.3,10.5,0.0,0.0,0.0,0.0,1,1018.5,1007.5,26,27,0,4,0.0,0.2,6.4,15.5,333,335,11.2,14.4,18.9,19.8,17.1,0.161,0.173,0.169,0.205,0,0.0,0.0,0.0,0.0,0.0,0.0,0.0,0.0,0.0,0.0,0.0,0.0,0.0
37.855885,-8.445038,91.0,2011-06-09T04:00,11.2,87,9.1,10.1,0.0,0.0,0.0,0.0,1,1018.4,1007.3,39,37,0,19,0.0,0.17,5.6,14.0,345,342,10.8,13.7,18.6,19.8,17.1,0.161,0.173,0.169,0.205,0,0.0,0.0,0.0,0.0,0.0,0.0,0.0,0.0,0.0,0.0,0.0,0.0,0.0
37.855885,-8.445038,91.0,2011-06-09T05:00,11.4,85,9.0,10.2,0.0,0.0,0.0,0.0,2,1018.5,1007.4,53,37,2,62,0.0,0.2,6.1,11.3,3,353,10.8,13.3,18.3,19.8,17.1,0.161,0.173,0.169,0.205,0,0.0,0.0,0.0,0.0,0.0,0.0,0.0,0.0,0.0,0.0,0.0,0.0,0.0
37.855885,-8.445038,91.0,2011-06-09T06:00,12.7,79,9.2,12.0,0.0,0.0,0.0,0.0,2,1018.8,1007.8,72,50,6,79,0.02,0.31,3.8,8.6,17,358,10.1,13.6,18.0,19.8,17.1,0.161,0.173,0.169,0.205,1,171.46,22.0,8.0,14.0,77.2,22.0,78.8,49.9,18.1,31.7,134.7,28.6,178.8
37.855885,-8.445038,91.0,2011-06-09T07:00,14.0,80,10.6,13.5,0.0,0.0,0.0,0.0,3,1019.1,1008.1,80,56,4,91,0.06,0.32,4.0,5.9,350,349,9.0,15.5,17.9,19.8,17.1,0.161,0.173,0.169,0.205,1,3600.0,117.0,53.0,64.0,230.9,117.0,304.7,165.4,74.9,90.5,230.9,165.4,430.8
37.855885,-8.445038,91.0,2011-06-09T08:00,15.4,72,10.3,14.4,0.0,0.0,0.0,0.0,3,1019.2,1008.3,100,76,6,98,0.13,0.49,7.1,9.2,330,329,14.4,17.5,17.9,19.8,17.1,0.161,0.173,0.169,0.205,1,3600.0,220.0,88.0,132.0,210.8,220.0,554.3,267.9,107.2,160.8,210.8,267.9,675.1
37.855885,-8.445038,91.0,2011-06-09T09:00,16.4,66,10.1,14.8,0.0,0.0,0.0,0.0,3,1019.4,1008.5,100,96,6,98,0.19,0.63,11.0,14.3,319,319,22.3,18.5,18.0,19.7,17.1,0.161,0.173,0.169,0.205,1,3508.64,313.0,105.0,208.0,177.0,313.0,787.7,355.6,119.3,236.3,177.0,355.6,895.0
37.855885,-8.445038,91.0,2011-06-09T10:00,17.3,62,9.9,16.0,0.0,0.0,0.0,0.0,3,1019.5,1008.7,100,100,38,88,0.24,0.75,8.2,10.8,299,300,24.5,19.2,18.1,19.7,17.1,0.162,0.173,0.169,0.205,1,1985.01,386.0,94.0,292.0,126.2,386.0,989.1,419.7,102.2,317.5,126.2,419.7,1075.5
37.855885,-8.445038,91.0,2011-06-09T11:00,18.0,59,9.9,16.9,0.0,0.0,0.0,0.0,3,1019.1,1008.3,100,97,34,55,0.29,0.85,7.4,9.4,293,293,25.2,19.6,18.2,19.7,17.1,0.162,0.173,0.169,0.205,1,3600.0,454.0,173.0,281.0,200.6,454.0,1144.6,477.7,182.0,295.7,200.6,477.7,1204.3
37.855885,-8.445038,91.0,2011-06-09T12:00,18.9,57,10.2,17.7,0.0,0.0,0.0,0.0,3,1019.4,1008.6,100,87,33,34,0.36,0.94,9.9,12.2,289,289,24.8,20.9,18.4,19.7,17.1,0.161,0.172,0.169,0.205,1,3600.0,580.0,232.0,348.0,247.6,580.0,1243.8,593.5,237.4,356.1,247.6,593.5,1272.7
37.855885,-8.445038,91.0,2011-06-09T13:00,20.0,56,11.0,20.4,0.0,0.0,0.0,0.0,3,1019.1,1008.4,81,69,14,35,0.51,1.03,11.4,14.3,294,295,35.3,22.8,18.7,19.7,17.1,0.16,0.172,0.169,0.205,1,3600.0,866.0,591.0,275.0,613.0,866.0,1279.9,863.4,589.2,274.2,613.0,863.4,1276.0
37.855885,-8.445038,91.0,2011-06-09T14:00,20.4,57,11.5,20.9,0.0,0.0,0.0,0.0,2,1018.8,1008.1,52,12,43,50,0.51,1.04,11.8,14.7,293,295,37.4,23.7,19.0,19.7,17.1,0.16,0.171,0.169,0.205,1,3600.0,864.0,632.0,232.0,671.0,864.0,1250.3,838.9,613.6,225.3,671.0,838.9,1214.0
37.855885,-8.445038,91.0,2011-06-09T15:00,19.9,59,11.6,19.1,0.4,0.4,0.0,0.0,51,1018.6,1007.9,52,2,58,50,0.41,0.96,13.2,16.8,292,293,37.4,23.3,19.3,19.7,17.1,0.162,0.171,0.169,0.205,1,3600.0,671.0,375.0,296.0,430.2,671.0,1157.3,632.5,353.5,279.0,430.2,632.5,1090.9
37.855885,-8.445038,91.0,2011-06-09T16:00,19.7,58,11.2,18.3,0.2,0.2,0.0,0.0,51,1018.6,1007.9,57,7,46,76,0.35,0.97,13.2,17.2,296,296,33.5,22.7,19.5,19.7,17.1,0.163,0.171,0.169,0.205,1,3600.0,572.0,307.0,265.0,404.7,572.0,1007.0,519.8,279.0,240.8,404.7,519.8,915.1
37.855885,-8.445038,91.0,2011-06-09T17:00,19.3,58,10.9,17.6,0.0,0.0,0.0,0.0,2,1018.8,1008.0,60,9,43,88,0.26,0.94,13.4,17.3,294,293,32.8,21.8,19.7,19.7,17.1,0.163,0.171,0.168,0.205,1,3600.0,389.0,208.0,181.0,341.0,389.0,809.7,335.6,179.5,156.2,341.0,335.6,698.6
37.855885,-8.445038,91.0,2011-06-09T18:00,18.7,61,10.9,17.2,0.1,0.1,0.0,0.0,51,1018.7,1007.9,88,51,45,52,0.17,0.85,12.2,16.6,294,294,29.9,20.8,19.8,19.7,17.1,0.162,0.17,0.168,0.205,1,3600.0,229.0,83.0,146.0,190.3,229.0,578.9,180.5,65.4,115.0,190.3,180.5,456.2
37.855885,-8.445038,91.0,2011-06-09T19:00,17.9,65,11.3,16.7,0.0,0.0,0.0,0.0,1,1018.7,1007.9,38,14,34,15,0.1,0.71,11.0,15.4,289,291,26.3,19.9,19.8,19.6,17.1,0.162,0.17,0.168,0.205,1,1936.46,118.0,31.0,87.0,124.5,118.0,330.4,73.0,19.2,53.8,124.5,73.0,204.4
37.855885,-8.445038,91.0,2011-06-09T20:00,17.1,70,11.7,16.3,0.0,0.0,0.0,0.0,0,1018.7,1007.9,8,1,11,3,0.05,0.58,8.9,13.9,284,287,23.4,18.8,19.7,19.6,17.1,0.162,0.17,0.168,0.205,0,139.03,26.0,8.0,18.0,70.7,26.0,91.5,0.0,0.0,0.0,0.0,0.0,0.0
37.855885,-8.445038,91.0,2011-06-09T21:00,16.4,76,12.2,16.0,0.0,0.0,0.0,0.0,0,1019.4,1008.5,10,6,8,0,0.01,0.45,7.6,14.3,278,282,15.8,17.9,19.6,19.6,17.1,0.162,0.17,0.168,0.205,0,0.0,0.0,0.0,0.0,0.0,0.0,0.0,0.0,0.0,0.0,0.0,0.0,0.0
37.855885,-8.445038,91.0,2011-06-09T22:00,15.6,82,12.6,15.3,0.0,0.0,0.0,0.0,0,1019.9,1009.0,12,6,11,0,0.0,0.32,7.9,15.8,267,270,13.7,17.1,19.4,19.6,17.1,0.162,0.17,0.168,0.205,0,0.0,0.0,0.0,0.0,0.0,0.0,0.0,0.0,0.0,0.0,0.0,0.0,0.0
37.855885,-8.445038,91.0,2011-06-09T23:00,14.9,88,12.9,14.9,0.0,0.0,0.0,0.0,0,1020.0,1009.1,13,8,9,0,0.0,0.21,6.1,14.1,267,273,11.2,16.6,19.2,19.6,17.1,0.162,0.17,0.168,0.205,0,0.0,0.0,0.0,0.0,0.0,0.0,0.0,0.0,0.0,0.0,0.0,0.0,0.0
37.855885,-8.445038,91.0,2011-06-10T00:00,14.1,93,13.0,14.3,0.0,0.0,0.0,0.0,0,1019.8,1008.8,19,16,7,0,0.0,0.11,5.1,11.9,262,272,9.4,16.0,19.1,19.6,17.1,0.162,0.17,0.168,0.205,0,0.0,0.0,0.0,0.0,0.0,0.0,0.0,0.0,0.0,0.0,0.0,0.0,0.0
37.855885,-8.445038,91.0,2011-06-10T01:00,14.0,93,12.9,14.1,0.0,0.0,0.0,0.0,1,1019.1,1008.1,20,17,8,0,0.0,0.11,5.6,10.4,255,272,9.0,15.3,18.8,19.6,17.1,0.162,0.17,0.168,0.205,0,0.0,0.0,0.0,0.0,0.0,0.0,0.0,0.0,0.0,0.0,0.0,0.0,0.0
37.855885,-8.445038,91.0,2011-06-10T02:00,13.9,94,12.9,13.9,0.0,0.0,0.0,0.0,0,1018.8,1007.8,15,12,7,0,0.0,0.1,5.7,9.7,252,272,7.9,14.9,18.6,19.6,17.1,0.162,0.17,0.168,0.205,0,0.0,0.0,0.0,0.0,0.0,0.0,0.0,0.0,0.0,0.0,0.0,0.0,0.0
37.855885,-8.445038,91.0,2011-06-10T03:00,13.5,95,12.8,13.5,0.0,0.0,0.0,0.0,0,1018.6,1007.6,10,8,4,0,0.0,0.07,5.7,8.7,252,277,7.9,14.4,18.4,19.6,17.1,0.162,0.17,0.168,0.205,0,0.0,0.0,0.0,0.0,0.0,0.0,0.0,0.0,0.0,0.0,0.0,0.0,0.0
37.855885,-8.445038,91.0,2011-06-10T04:00,13.4,96,12.8,13.5,0.0,0.0,0.0,0.0,0,1018.8,1007.8,15,13,6,0,0.0,0.05,5.1,8.2,262,285,8.3,14.1,18.1,19.6,17.1,0.162,0.17,0.168,0.205,0,0.0,0.0,0.0,0.0,0.0,0.0,0.0,0.0,0.0,0.0,0.0,0.0,0.0
37.855885,-8.445038,91.0,2011-06-10T05:00,14.0,96,13.4,14.6,0.0,0.0,0.0,0.0,0,1019.1,1008.1,14,11,6,0,0.0,0.06,2.9,6.4,263,297,7.9,13.8,17.9,19.5,17.1,0.162,0.17,0.168,0.205,0,0.0,0.0,0.0,0.0,0.0,0.0,0.0,0.0,0.0,0.0,0.0,0.0,0.0
37.855885,-8.445038,91.0,2011-06-10T06:00,14.5,96,13.9,15.7,0.0,0.0,0.0,0.0,1,1019.5,1008.6,32,28,10,2,0.01,0.06,0.4,4.3,270,318,6.1,13.9,17.6,19.5,17.2,0.162,0.17,0.168,0.205,1,267.74,22.0,9.0,13.0,86.8,22.0,79.0,49.9,20.4,29.5,151.2,28.6,179.1
37.855885,-8.445038,91.0,2011-06-10T07:00,15.5,94,14.5,16.8,0.0,0.0,0.0,0.0,1,1019.6,1008.7,28,18,6,26,0.06,0.1,1.3,3.2,56,360,7.9,16.2,17.6,19.5,17.2,0.162,0.17,0.168,0.205,1,3600.0,136.0,70.0,66.0,304.6,136.0,305.0,192.2,98.9,93.3,304.6,192.2,431.0
37.855885,-8.445038,91.0,2011-06-10T08:00,17.7,79,14.0,18.4,0.0,0.0,0.0,0.0,1,1019.8,1009.0,50,23,4,88,0.17,0.43,4.4,5.4,9,8,13.7,20.1,17.8,19.5,17.2,0.162,0.17,0.168,0.205,1,3600.0,306.0,185.0,121.0,442.9,306.0,554.4,372.6,225.3,147.3,442.9,372.6,675.1
37.855885,-8.445038,91.0,2011-06-10T09:00,19.1,70,13.4,19.5,0.0,0.0,0.0,0.0,2,1019.7,1008.9,57,36,3,76,0.29,0.67,4.4,5.5,9,11,16.2,21.0,18.0,19.5,17.2,0.161,0.17,0.168,0.205,1,3600.0,496.0,341.0,155.0,574.6,496.0,787.7,563.5,387.4,176.1,574.6,563.5,894.9
37.855885,-8.445038,91.0,2011-06-10T10:00,20.5,62,12.9,21.4,0.0,0.0,0.0,0.0,2,1019.5,1008.8,79,80,0,23,0.39,0.92,3.9,4.4,326,325,17.6,22.5,18.3,19.5,17.2,0.16,0.169,0.168,0.205,1,3600.0,638.0,430.0,208.0,577.1,638.0,988.9,693.7,467.6,226.2,577.1,693.7,1075.3
37.855885,-8.445038,91.0,2011-06-10T11:00,21.7,56,12.7,22.6,0.0,0.0,0.0,0.0,3,1019.4,1008.7,90,98,0,7,0.46,1.13,6.6,7.9,315,317,20.2,23.7,18.7,19.5,17.2,0.159,0.169,0.168,0.205,1,3600.0,722.0,509.0,213.0,590.2,722.0,1144.5,759.7,535.6,224.1,590.2,759.7,1204.2
37.855885,-8.445038,91.0,2011-06-10T12:00,22.5,53,12.4,22.6,0.0,0.0,0.0,0.0,3,1019.8,1009.1,90,100,0,0,0.44,1.29,8.9,11.2,317,318,22.0,24.2,19.0,19.5,17.2,0.157,0.168,0.168,0.205,1,3600.0,661.0,343.0,318.0,366.0,661.0,1243.8,676.4,351.0,325.4,366.0,676.4,1272.8
37.855885,-8.445038,91.0,2011-06-10T13:00,22.6,52,12.3,21.7,0.0,0.0,0.0,0.0,3,1019.6,1008.9,98,100,13,0,0.34,1.31,10.4,13.2,316,317,23.0,23.7,19.3,19.4,17.2,0.156,0.168,0.168,0.205,1,3600.0,452.0,177.0,275.0,183.5,452.0,1280.0,450.7,176.5,274.2,183.5,450.7,1276.2
37.855885,-8.445038,91.0,2011-06-10T14:00,23.0,51,12.2,22.0,0.0,0.0,0.0,0.0,3,1019.3,1008.7,100,94,39,0,0.37,1.39,11.5,14.5,311,312,24.1,24.1,19.6,19.4,17.2,0.155,0.168,0.168,0.205,1,3600.0,504.0,229.0,275.0,243.0,504.0,1250.7,489.4,222.4,267.0,243.0,489.4,1214.5
37.855885,-8.445038,91.0,2011-06-10T15:00,23.5,50,12.3,22.7,0.0,0.0,0.0,0.0,3,1019.0,1008.4,89,72,40,0,0.42,1.46,11.7,15.0,315,316,27.0,24.6,19.9,19.4,17.2,0.154,0.167,0.168,0.205,1,3600.0,586.0,275.0,311.0,315.2,586.0,1157.9,552.5,259.3,293.2,315.2,552.5,1091.6
37.855885,-8.445038,91.0,2011-06-10T16:00,23.3,51,12.6,22.3,0.0,0.0,0.0,0.0,3,1018.7,1008.1,94,78,40,0,0.38,1.4,12.5,15.8,316,319,30.2,24.6,20.2,19.4,17.2,0.153,0.167,0.168,0.205,1,3600.0,527.0,332.0,195.0,437.2,527.0,1007.9,479.0,301.8,177.3,437.2,479.0,916.1
37.855885,-8.445038,91.0,2011-06-10T17:00,22.8,54,13.0,21.5,0.0,0.0,0.0,0.0,2,1018.6,1008.0,54,43,26,0,0.34,1.28,15.3,20.1,311,313,32.8,24.2,20.4,19.4,17.2,0.152,0.166,0.168,0.205,1,3600.0,471.0,330.0,141.0,540.1,471.0,810.9,406.6,284.9,121.7,540.1,406.6,699.9
37.855885,-8.445038,91.0,2011-06-10T18:00,21.8,58,13.3,20.4,0.0,0.0,0.0,0.0,1,1018.7,1008.0,21,20,5,1,0.24,1.08,16.8,22.9,312,312,33.8,23.1,20.6,19.4,17.2,0.152,0.166,0.167,0.205,1,3600.0,310.0,211.0,99.0,482.5,310.0,580.4,244.5,166.4,78.1,482.5,244.5,457.8
37.855885,-8.445038,91.0,2011-06-10T19:00,20.5,65,13.6,19.3,0.0,0.0,0.0,0.0,0,1019.3,1008.6,5,1,4,6,0.15,0.85,16.1,23.7,312,314,34.2,21.9,20.6,19.4,17.2,0.151,0.166,0.167,0.205,1,3600.0,176.0,114.0,62.0,455.6,176.0,332.0,109.2,70.8,38.5,455.6,109.2,206.1
37.855885,-8.445038,91.0,2011-06-10T20:00,19.2,70,13.6,18.4,0.0,0.0,0.0,0.0,0,1019.4,1008.6,12,0,1,39,0.06,0.67,13.2,22.7,315,319,31.0,20.5,20.6,19.4,17.2,0.151,0.166,0.167,0.205,0,1183.3,35.0,17.0,18.0,149.3,35.0,92.3,0.0,0.0,0.0,0.0,0.0,0.0
37.855885,-8.445038,91.0,2011-06-10T21:00,18.3,73,13.4,17.6,0.0,0.0,0.0,0.0,0,1020.0,1009.2,6,0,0,20,0.03,0.56,12.1,22.6,323,329,23.8,19.3,20.5,19.4,17.2,0.151,0.166,0.167,0.205,0,0.0,0.0,0.0,0.0,0.0,0.0,0.0,0.0,0.0,0.0,0.0,0.0,0.0
37.855885,-8.445038,91.0,2011-06-10T22:00,17.5,74,12.9,16.9,0.0,0.0,0.0,0.0,0,1020.3,1009.5,18,0,0,61,0.02,0.51,10.2,20.9,328,336,20.9,18.5,20.4,19.4,17.2,0.151,0.166,0.167,0.205,0,0.0,0.0,0.0,0.0,0.0,0.0,0.0,0.0,0.0,0.0,0.0,0.0,0.0
37.855885,-8.445038,91.0,2011-06-10T23:00,16.7,75,12.2,15.8,0.0,0.0,0.0,0.0,1,1020.6,1009.7,28,0,0,92,0.02,0.47,10.7,22.0,340,345,18.7,17.8,20.2,19.4,17.2,0.151,0.166,0.167,0.205,0,0.0,0.0,0.0,0.0,0.0,0.0,0.0,0.0,0.0,0.0,0.0,0.0,0.0
37.855885,-8.445038,91.0,2011-06-11T00:00,15.9,75,11.5,14.8,0.0,0.0,0.0,0.0,1,1020.4,1009.5,30,0,0,99,0.02,0.45,10.7,21.8,346,351,18.4,17.2,20.0,19.4,17.2,0.151,0.166,0.167,0.205,0,0.0,0.0,0.0,0.0,0.0,0.0,0.0,0.0,0.0,0.0,0.0,0.0,0.0
37.855885,-8.445038,91.0,2011-06-11T01:00,15.1,76,10.9,13.8,0.0,0.0,0.0,0.0,1,1020.0,1009.1,30,0,0,99,0.02,0.41,10.5,21.3,352,355,18.4,16.6,19.8,19.4,17.2,0.151,0.166,0.167,0.205,0,0.0,0.0,0.0,0.0,0.0,0.0,0.0,0.0,0.0,0.0,0.0,0.0,0.0
37.855885,-8.445038,91.0,2011-06-11T02:00,14.4,78,10.7,13.1,0.0,0.0,0.0,0.0,1,1019.9,1008.9,29,0,0,98,0.01,0.36,10.1,20.9,354,357,16.9,16.1,19.5,19.4,17.2,0.151,0.166,0.167,0.205,0,0.0,0.0,0.0,0.0,0.0,0.0,0.0,0.0,0.0,0.0,0.0,0.0,0.0
37.855885,-8.445038,91.0,2011-06-11T03:00,13.8,81,10.5,12.4,0.0,0.0,0.0,0.0,1,1019.6,1008.6,29,0,0,96,0.01,0.3,10.1,20.5,358,1,16.2,15.6,19.3,19.4,17.2,0.151,0.166,0.167,0.205,0,0.0,0.0,0.0,0.0,0.0,0.0,0.0,0.0,0.0,0.0,0.0,0.0,0.0
37.855885,-8.445038,91.0,2011-06-11T04:00,13.3,83,10.5,12.0,0.0,0.0,0.0,0.0,1,1019.5,1008.5,28,0,0,92,0.01,0.26,9.4,19.5,4,5,16.9,15.1,19.0,19.4,17.2,0.151,0.166,0.167,0.205,0,0.0,0.0,0.0,0.0,0.0,0.0,0.0,0.0,0.0,0.0,0.0,0.0,0.0
37.855885,-8.445038,91.0,2011-06-11T05:00,12.8,85,10.4,11.7,0.0,0.0,0.0,0.0,1,1019.8,1008.8,26,0,0,87,0.0,0.22,8.4,18.4,10,11,17.3,14.7,18.8,19.4,17.2,0.151,0.166,0.167,0.205,0,0.0,0.0,0.0,0.0,0.0,0.0,0.0,0.0,0.0,0.0,0.0,0.0,0.0
37.855885,-8.445038,91.0,2011-06-11T06:00,12.8,86,10.5,11.5,0.0,0.0,0.0,0.0,1,1020.2,1009.2,23,0,0,78,0.02,0.21,9.6,17.8,13,14,17.6,14.7,18.5,19.4,17.2,0.151,0.166,0.167,0.205,1,364.71,25.0,10.0,15.0,96.3,25.0,79.1,56.7,22.7,34.0,167.7,32.5,179.4
37.855885,-8.445038,91.0,2011-06-11T07:00,14.3,79,10.7,13.1,0.0,0.0,0.0,0.0,0,1020.4,1009.4,18,0,0,60,0.08,0.35,9.4,14.0,18,18,19.8,16.0,18.4,19.4,17.2,0.151,0.166,0.167,0.205,1,3600.0,163.0,105.0,58.0,456.7,163.0,305.1,230.3,148.3,81.9,456.7,230.3,431.0
37.855885,-8.445038,91.0,2011-06-11T08:00,16.5,69,10.7,15.3,0.0,0.0,0.0,0.0,1,1020.2,1009.3,22,0,0,75,0.19,0.59,9.3,12.4,16,17,22.0,18.1,18.4,19.4,17.2,0.151,0.166,0.167,0.205,1,3600.0,358.0,277.0,81.0,663.1,358.0,554.3,435.9,337.3,98.6,663.1,435.9,675.0
37.855885,-8.445038,91.0,2011-06-11T09:00,18.8,59,10.6,17.7,0.0,0.0,0.0,0.0,1,1020.1,1009.3,27,0,0,91,0.32,0.89,8.7,11.3,7,9,22.3,20.4,18.6,19.4,17.2,0.15,0.165,0.167,0.205,1,3600.0,552.0,452.0,100.0,761.6,552.0,787.5,627.1,513.5,113.6,761.6,627.1,894.7
37.855885,-8.445038,91.0,2011-06-11T10:00,20.9,51,10.4,20.9,0.0,0.0,0.0,0.0,1,1020.2,1009.5,28,0,0,93,0.44,1.21,8.3,10.5,2,4,23.4,22.6,18.8,19.4,17.2,0.149,0.165,0.167,0.205,1,3600.0,724.0,604.0,120.0,810.6,724.0,988.7,787.3,656.8,130.5,810.6,787.3,1075.2
37.855885,-8.445038,91.0,2011-06-11T11:00,22.6,46,10.4,23.3,0.0,0.0,0.0,0.0,1,1020.0,1009.3,30,0,0,100,0.55,1.48,8.9,11.0,346,349,25.6,24.6,19.2,19.4,17.2,0.147,0.164,0.167,0.205,1,3600.0,863.0,737.0,126.0,854.6,863.0,1144.4,908.1,775.5,132.6,854.6,908.1,1204.1
37.855885,-8.445038,91.0,2011-06-11T12:00,24.0,42,10.4,25.2,0.0,0.0,0.0,0.0,1,1019.8,1009.2,29,0,0,96,0.63,1.71,8.7,10.7,343,346,26.3,26.1,19.6,19.4,17.2,0.146,0.164,0.167,0.205,1,3600.0,951.0,821.0,130.0,875.9,951.0,1243.7,973.2,840.2,133.0,875.9,973.2,1272.8
37.855885,-8.445038,91.0,2011-06-11T13:00,25.1,39,10.3,26.6,0.0,0.0,0.0,0.0,1,1018.9,1008.3,26,0,0,85,0.67,1.94,8.0,9.7,342,345,25.6,27.3,20.1,19.4,17.2,0.144,0.163,0.167,0.205,1,3600.0,985.0,856.0,129.0,887.3,985.0,1280.1,982.2,853.6,128.6,887.3,982.2,1276.5
37.855885,-8.445038,91.0,2011-06-11T14:00,26.0,37,10.2,27.1,0.0,0.0,0.0,0.0,1,1018.7,1008.2,27,0,0,90,0.67,2.11,9.0,11.1,331,335,25.6,28.1,20.5,19.4,17.2,0.142,0.162,0.167,0.205,1,3600.0,961.0,838.0,123.0,888.8,961.0,1251.0,933.3,813.8,119.5,888.8,933.3,1214.9
37.855885,-8.445038,91.0,2011-06-11T15:00,26.3,37,10.3,26.5,0.0,0.0,0.0,0.0,1,1018.2,1007.7,27,0,0,89,0.62,2.16,11.4,13.9,325,329,28.4,28.3,21.0,19.4,17.2,0.141,0.162,0.166,0.205,1,3600.0,878.0,759.0,119.0,869.3,878.0,1158.5,827.9,715.7,112.2,869.3,827.9,1092.4
37.855885,-8.445038,91.0,2011-06-11T16:00,26.0,38,10.6,25.4,0.0,0.0,0.0,0.0,1,1018.0,1007.5,23,0,0,76,0.54,2.08,12.6,15.8,323,325,31.0,27.9,21.4,19.4,17.2,0.139,0.161,0.166,0.205,1,3600.0,744.0,631.0,113.0,830.0,744.0,1008.7,676.5,573.7,102.7,830.0,676.5,917.2
37.855885,-8.445038,91.0,2011-06-11T17:00,25.4,41,11.1,23.9,0.0,0.0,0.0,0.0,1,1017.7,1007.2,23,0,0,78,0.42,1.92,12.7,16.4,317,320,31.3,27.0,21.6,19.4,17.2,0.138,0.161,0.166,0.205,1,3600.0,571.0,465.0,106.0,759.8,571.0,812.0,493.1,401.5,91.5,759.8,493.1,701.2
37.855885,-8.445038,91.0,2011-06-11T18:00,24.3,45,11.7,22.6,0.0,0.0,0.0,0.0,1,1017.8,1007.2,24,0,0,80,0.31,1.67,15.1,20.1,310,313,31.0,25.7,21.8,19.4,17.2,0.137,0.16,0.166,0.205,1,3600.0,378.0,291.0,87.0,663.6,378.0,581.8,298.4,229.7,68.7,663.6,298.4,459.3
37.855885,-8.445038,91.0,2011-06-11T19:00,22.5,53,12.6,21.0,0.0,0.0,0.0,0.0,0,1018.4,1007.8,17,0,0,58,0.18,1.27,16.1,24.2,309,311,31.3,24.0,21.9,19.4,17.2,0.137,0.16,0.166,0.205,1,3600.0,185.0,125.0,60.0,497.1,185.0,333.7,115.2,77.9,37.4,497.1,115.2,207.8
37.855885,-8.445038,91.0,2011-06-11T20:00,20.5,62,13.0,19.3,0.0,0.0,0.0,0.0,1,1018.5,1007.8,21,0,0,71,0.08,0.91,14.8,25.5,313,316,31.0,22.1,21.9,19.4,17.2,0.137,0.16,0.166,0.205,0,1191.37,35.0,17.0,18.0,148.4,35.0,93.2,0.0,0.0,0.0,0.0,0.0,0.0
37.855885,-8.445038,91.0,2011-06-11T21:00,19.1,68,13.0,18.1,0.0,0.0,0.0,0.0,1,1019.2,1008.4,27,0,0,91,0.05,0.72,13.3,24.2,322,327,26.6,20.7,21.8,19.4,17.2,0.137,0.16,0.166,0.204,0,0.0,0.0,0.0,0.0,0.0,0.0,0.0,0.0,0.0,0.0,0.0,0.0,0.0
37.855885,-8.445038,91.0,2011-06-11T22:00,18.3,69,12.4,17.4,0.0,0.0,0.0,0.0,1,1019.8,1009.0,29,0,0,98,0.04,0.66,11.3,22.2,333,340,23.8,19.7,21.6,19.4,17.2,0.137,0.16,0.166,0.204,0,0.0,0.0,0.0,0.0,0.0,0.0,0.0,0.0,0.0,0.0,0.0,0.0,0.0
37.855885,-8.445038,91.0,2011-06-11T23:00,17.5,69,11.8,16.6,0.0,0.0,0.0,0.0,1,1019.6,1008.8,29,0,0,98,0.03,0.61,9.9,20.2,341,349,19.1,18.9,21.4,19.4,17.2,0.137,0.16,0.166,0.204,0,0.0,0.0,0.0,0.0,0.0,0.0,0.0,0.0,0.0,0.0,0.0,0.0,0.0
37.855885,-8.445038,91.0,2011-06-12T00:00,16.7,70,11.2,15.8,0.0,0.0,0.0,0.0,1,1019.3,1008.4,29,0,0,96,0.02,0.57,8.5,18.4,348,354,15.5,18.2,21.2,19.4,17.2,0.137,0.16,0.166,0.204,0,0.0,0.0,0.0,0.0,0.0,0.0,0.0,0.0,0.0,0.0,0.0,0.0,0.0
37.855885,-8.445038,91.0,2011-06-12T01:00,15.8,72,10.8,15.0,0.0,0.0,0.0,0.0,1,1018.7,1007.8,28,0,0,92,0.01,0.49,7.2,16.9,357,2,13.7,17.4,20.9,19.4,17.2,0.137,0.16,0.166,0.204,0,0.0,0.0,0.0,0.0,0.0,0.0,0.0,0.0,0.0,0.0,0.0,0.0,0.0
37.855885,-8.445038,91.0,2011-06-12T02:00,14.7,77,10.7,14.0,0.0,0.0,0.0,0.0,1,1018.2,1007.3,24,0,0,79,0.01,0.39,6.5,15.0,6,11,13.0,16.7,20.6,19.4,17.2,0.137,0.16,0.166,0.204,0,0.0,0.0,0.0,0.0,0.0,0.0,0.0,0.0,0.0,0.0,0.0,0.0,0.0
37.855885,-8.445038,91.0,2011-06-12T03:00,13.8,81,10.5,13.0,0.0,0.0,0.0,0.0,0,1018.1,1007.1,15,0,0,49,0.0,0.3,6.1,14.0,3,12,12.2,16.0,20.3,19.4,17.2,0.137,0.16,0.166,0.204,0,0.0,0.0,0.0,0.0,0.0,0.0,0.0,0.0,0.0,0.0,0.0,0.0,0.0
37.855885,-8.445038,91.0,2011-06-12T04:00,13.1,83,10.2,12.2,0.0,0.0,0.0,0.0,0,1018.1,1007.1,9,0,0,30,0.0,0.26,6.5,14.9,360,8,11.5,15.3,20.0,19.4,17.2,0.137,0.16,0.166,0.204,0,0.0,0.0,0.0,0.0,0.0,0.0,0.0,0.0,0.0,0.0,0.0,0.0,0.0
37.855885,-8.445038,91.0,2011-06-12T05:00,12.9,82,10.0,11.9,0.0,0.0,0.0,0.0,0,1018.5,1007.5,7,0,0,22,0.0,0.26,6.8,15.9,360,5,11.2,14.7,19.7,19.4,17.2,0.137,0.16,0.166,0.204,0,0.0,0.0,0.0,0.0,0.0,0.0,0.0,0.0,0.0,0.0,0.0,0.0,0.0
37.855885,-8.445038,91.0,2011-06-12T06:00,13.4,81,10.2,12.3,0.0,0.0,0.0,0.0,0,1018.8,1007.8,0,0,0,0,0.02,0.3,8.0,16.0,5,9,10.1,14.7,19.4,19.4,17.2,0.137,0.16,0.166,0.204,1,558.89,25.0,12.0,13.0,115.5,25.0,79.2,56.7,27.2,29.5,201.1,32.6,179.5
37.855885,-8.445038,91.0,2011-06-12T07:00,15.8,71,10.6,14.8,0.0,0.0,0.0,0.0,0,1018.9,1008.0,0,0,0,0,0.09,0.52,7.8,12.3,13,15,16.2,17.0,19.3,19.4,17.2,0.137,0.16,0.166,0.204,1,3600.0,166.0,111.0,55.0,482.7,166.0,305.1,234.4,156.8,77.7,482.7,234.4,430.9
37.855885,-8.445038,91.0,2011-06-12T08:00,18.2,62,10.7,17.3,0.0,0.0,0.0,0.0,0,1019.2,1008.4,1,0,0,2,0.2,0.8,7.1,9.4,15,18,18.4,19.3,19.3,19.4,17.2,0.137,0.16,0.166,0.204,1,3600.0,357.0,278.0,79.0,665.5,357.0,554.2,434.7,338.5,96.2,665.5,434.7,674.7
37.855885,-8.445038,91.0,2011-06-12T09:00,21.0,52,10.7,20.2,0.0,0.0,0.0,0.0,0,1019.1,1008.4,0,0,0,0,0.34,1.2,6.4,8.4,16,20,18.7,21.8,19.4,19.4,17.3,0.136,0.159,0.166,0.204,1,3600.0,552.0,456.0,96.0,768.4,552.0,787.2,627.1,518.1,109.1,768.4,627.1,894.4
37.855885,-8.445038,91.0,2011-06-12T10:00,23.6,44,10.5,24.1,0.0,0.0,0.0,0.0,0,1019.0,1008.4,3,0,0,10,0.47,1.64,5.5,7.1,11,15,18.7,24.4,19.7,19.4,17.3,0.135,0.159,0.166,0.204,1,3600.0,726.0,619.0,107.0,830.7,726.0,988.5,789.5,673.1,116.4,830.7,789.5,1074.9
37.855885,-8.445038,91.0,2011-06-12T11:00,25.8,39,10.7,27.6,0.0,0.0,0.0,0.0,0,1018.2,1007.7,7,0,0,24,0.58,2.04,3.2,4.0,360,5,18.4,26.8,20.1,19.4,17.3,0.133,0.158,0.165,0.204,1,3600.0,863.0,747.0,116.0,866.1,863.0,1144.1,908.1,786.1,122.1,866.1,908.1,1203.9
37.855885,-8.445038,91.0,2011-06-12T12:00,27.4,36,11.1,29.9,0.0,0.0,0.0,0.0,0,1018.0,1007.5,4,0,0,15,0.66,2.33,3.4,3.9,302,304,18.4,28.7,20.6,19.4,17.3,0.132,0.157,0.165,0.204,1,3600.0,951.0,831.0,120.0,886.4,951.0,1243.6,973.3,850.5,122.8,886.4,973.3,1272.8
37.855885,-8.445038,91.0,2011-06-12T13:00,28.3,35,11.4,30.1,0.0,0.0,0.0,0.0,0,1017.7,1007.3,1,0,0,4,0.71,2.5,8.3,9.8,288,287,23.4,30.0,21.1,19.4,17.3,0.13,0.157,0.165,0.204,1,3600.0,982.0,861.0,121.0,892.2,982.0,1280.2,979.3,858.6,120.7,892.2,979.3,1276.7
37.855885,-8.445038,91.0,2011-06-12T14:00,28.5,35,11.4,29.1,0.0,0.0,0.0,0.0,0,1018.0,1007.6,2,0,0,5,0.71,2.54,13.7,16.9,293,294,29.9,30.4,21.6,19.4,17.3,0.128,0.156,0.165,0.204,1,3600.0,956.0,836.0,120.0,886.2,956.0,1251.3,928.5,812.0,116.6,886.2,928.5,1215.4
37.855885,-8.445038,91.0,2011-06-12T15:00,27.9,35,11.0,27.3,0.0,0.0,0.0,0.0,0,1017.6,1007.2,3,0,0,10,0.66,2.44,17.1,21.8,300,301,35.3,30.0,22.1,19.4,17.3,0.127,0.155,0.165,0.204,1,3600.0,874.0,760.0,114.0,869.8,874.0,1159.0,824.3,716.8,107.5,869.8,824.3,1093.1
37.855885,-8.445038,91.0,2011-06-12T16:00,26.7,36,10.4,25.0,0.0,0.0,0.0,0.0,0,1018.1,1007.6,5,0,0,16,0.57,2.24,18.9,25.0,305,306,38.2,29.1,22.4,19.4,17.3,0.126,0.155,0.165,0.204,1,3600.0,744.0,637.0,107.0,837.0,744.0,1009.6,676.6,579.3,97.3,837.0,676.6,918.1
37.855885,-8.445038,91.0,2011-06-12T17:00,25.3,38,9.9,22.7,0.0,0.0,0.0,0.0,0,1018.0,1007.5,4,0,0,12,0.45,2.0,18.4,24.5,309,310,38.5,27.7,22.7,19.5,17.3,0.125,0.154,0.165,0.204,1,3600.0,575.0,478.0,97.0,779.8,575.0,813.1,496.7,412.9,83.8,779.8,496.7,702.5
37.855885,-8.445038,91.0,2011-06-12T18:00,23.7,42,10.2,21.3,0.0,0.0,0.0,0.0,0,1018.3,1007.7,0,0,0,0,0.32,1.69,17.1,23.4,311,313,37.1,26.1,22.8,19.5,17.3,0.124,0.154,0.164,0.204,1,3600.0,385.0,303.0,82.0,689.2,385.0,583.1,304.2,239.4,64.8,689.2,304.2,460.8
37.855885,-8.445038,91.0,2011-06-12T19:00,21.9,51,11.4,20.1,0.0,0.0,0.0,0.0,0,1018.6,1007.9,0,0,0,0,0.18,1.27,15.3,22.2,311,313,34.2,24.2,22.8,19.5,17.3,0.124,0.154,0.164,0.204,1,3600.0,191.0,132.0,59.0,522.3,191.0,335.2,119.3,82.5,36.9,522.3,119.3,209.5
37.855885,-8.445038,91.0,2011-06-12T20:00,20.1,61,12.3,18.9,0.0,0.0,0.0,0.0,0,1019.0,1008.3,0,0,0,0,0.08,0.93,13.0,22.9,312,316,29.5,22.3,22.7,19.5,17.3,0.124,0.154,0.164,0.204,0,1436.52,37.0,19.0,18.0,165.0,37.0,94.0,0.0,0.0,0.0,0.0,0.0,0.0
37.855885,-8.445038,91.0,2011-06-12T21:00,18.7,68,12.7,17.8,0.0,0.0,0.0,0.0,0,1019.6,1008.8,0,0,0,0,0.04,0.68,11.7,21.5,315,320,23.8,20.8,22.5,19.5,17.3,0.124,0.154,0.164,0.204,0,0.0,0.0,0.0,0.0,0.0,0.0,0.0,0.0,0.0,0.0,0.0,0.0,0.0
37.855885,-8.445038,91.0,2011-06-12T22:00,17.6,73,12.7,16.9,0.0,0.0,0.0,0.0,0,1020.0,1009.2,0,0,0,0,0.03,0.54,10.7,20.7,315,321,20.9,19.6,22.3,19.5,17.3,0.124,0.154,0.164,0.204,0,0.0,0.0,0.0,0.0,0.0,0.0,0.0,0.0,0.0,0.0,0.0,0.0,0.0
37.855885,-8.445038,91.0,2011-06-12T23:00,16.7,77,12.7,15.8,0.0,0.0,0.0,0.0,0,1020.3,1009.4,0,0,0,0,0.02,0.44,11.8,22.5,320,325,18.7,18.7,22.1,19.5,17.3,0.124,0.154,0.164,0.204,0,0.0,0.0,0.0,0.0,0.0,0.0,0.0,0.0,0.0,0.0,0.0,0.0,0.0
37.855885,-8.445038,91.0,2011-06-13T00:00,16.0,81,12.6,15.1,0.0,0.0,0.0,0.0,0,1020.2,1009.3,0,0,0,0,0.02,0.35,11.5,22.1,328,332,19.4,18.0,21.8,19.5,17.3,0.124,0.154,0.164,0.204,0,0.0,0.0,0.0,0.0,0.0,0.0,0.0,0.0,0.0,0.0,0.0,0.0,0.0
37.855885,-8.445038,91.0,2011-06-13T01:00,15.2,84,12.5,14.3,0.0,0.0,0.0,0.0,0,1019.9,1009.0,0,0,0,0,0.01,0.28,11.4,21.9,332,337,20.2,17.4,21.5,19.6,17.3,0.124,0.154,0.164,0.204,0,0.0,0.0,0.0,0.0,0.0,0.0,0.0,0.0,0.0,0.0,0.0,0.0,0.0
37.855885,-8.445038,91.0,2011-06-13T02:00,14.6,87,12.5,13.6,0.0,0.0,0.0,0.0,0,1019.8,1008.9,3,3,0,0,0.01,0.21,12.2,22.7,336,340,20.5,16.9,21.2,19.6,17.3,0.124,0.154,0.164,0.204,0,0.0,0.0,0.0,0.0,0.0,0.0,0.0,0.0,0.0,0.0,0.0,0.0,0.0
37.855885,-8.445038,91.0,2011-06-13T03:00,14.2,90,12.5,13.1,0.0,0.0,0.0,0.0,0,1019.7,1008.7,2,2,0,0,0.0,0.16,12.3,22.7,339,342,20.5,16.4,20.9,19.6,17.3,0.124,0.154,0.164,0.204,0,0.0,0.0,0.0,0.0,0.0,0.0,0.0,0.0,0.0,0.0,0.0,0.0,0.0
37.855885,-8.445038,91.0,2011-06-13T04:00,13.8,92,12.5,12.9,0.0,0.0,0.0,0.0,0,1020.0,1009.0,4,5,0,0,0.0,0.13,11.2,21.5,345,346,19.8,16.0,20.6,19.6,17.3,0.124,0.154,0.164,0.204,0,0.0,0.0,0.0,0.0,0.0,0.0,0.0,0.0,0.0,0.0,0.0,0.0,0.0
37.855885,-8.445038,91.0,2011-06-13T05:00,13.5,93,12.4,12.8,0.0,0.0,0.0,0.0,0,1020.3,1009.3,5,6,0,0,0.0,0.1,9.9,19.4,350,349,17.6,15.7,20.3,19.6,17.3,0.124,0.154,0.164,0.204,0,0.0,0.0,0.0,0.0,0.0,0.0,0.0,0.0,0.0,0.0,0.0,0.0,0.0
37.855885,-8.445038,91.0,2011-06-13T06:00,13.5,94,12.6,12.9,0.0,0.0,0.0,0.0,0,1020.9,1009.9,8,9,0,0,0.01,0.09,9.5,18.1,351,353,15.5,15.7,20.0,19.6,17.3,0.124,0.154,0.164,0.204,1,462.3,25.0,11.0,14.0,105.9,25.0,79.2,56.7,24.9,31.7,184.3,32.6,179.4
37.855885,-8.445038,91.0,2011-06-13T07:00,15.7,87,13.5,15.0,0.0,0.0,0.0,0.0,0,1021.0,1010.1,17,19,0,0,0.07,0.24,11.9,16.6,355,355,24.1,17.2,19.9,19.6,17.3,0.124,0.154,0.164,0.204,1,3600.0,156.0,95.0,61.0,413.1,156.0,305.0,220.3,134.2,86.1,413.1,220.3,430.7
37.855885,-8.445038,91.0,2011-06-13T08:00,17.5,78,13.5,16.7,0.0,0.0,0.0,0.0,0,1021.1,1010.2,14,15,0,0,0.18,0.45,12.6,16.6,355,355,27.7,19.0,19.8,19.6,17.3,0.124,0.153,0.164,0.204,1,3600.0,340.0,244.0,96.0,584.3,340.0,553.9,414.0,297.1,116.9,584.3,414.0,674.4
37.855885,-8.445038,91.0,2011-06-13T09:00,19.6,69,13.6,18.7,0.0,0.0,0.0,0.0,0,1021.3,1010.5,2,2,0,0,0.3,0.72,13.8,18.1,353,353,30.2,21.2,19.9,19.5,17.3,0.123,0.153,0.164,0.204,1,3600.0,519.0,393.0,126.0,662.4,519.0,786.9,589.7,446.5,143.2,662.4,589.7,894.0
37.855885,-8.445038,91.0,2011-06-13T10:00,21.5,63,14.2,21.5,0.0,0.0,0.0,0.0,1,1021.3,1010.6,33,37,0,0,0.41,0.94,14.5,18.4,346,348,33.1,23.4,20.1,19.5,17.3,0.123,0.153,0.164,0.204,1,3600.0,691.0,555.0,136.0,744.9,691.0,988.1,751.5,603.6,147.9,744.9,751.5,1074.6
37.855885,-8.445038,91.0,2011-06-13T11:00,22.8,59,14.4,23.3,0.0,0.0,0.0,0.0,1,1021.0,1010.3,24,27,0,0,0.49,1.13,14.7,18.8,338,340,33.5,24.8,20.3,19.5,17.3,0.122,0.152,0.164,0.204,1,3600.0,784.0,633.0,151.0,734.0,784.0,1143.9,825.0,666.1,158.9,734.0,825.0,1203.7
37.855885,-8.445038,91.0,2011-06-13T12:00,24.3,55,14.6,25.6,0.0,0.0,0.0,0.0,0,1021.0,1010.4,5,6,0,0,0.59,1.37,14.5,18.7,333,335,33.5,26.6,20.7,19.5,17.3,0.121,0.152,0.164,0.204,1,3600.0,906.0,728.0,178.0,776.5,906.0,1243.5,927.3,745.1,182.2,776.5,927.3,1272.7
37.855885,-8.445038,91.0,2011-06-13T13:00,25.3,51,14.5,26.9,0.0,0.0,0.0,0.0,0,1020.8,1010.2,0,0,0,0,0.65,1.57,14.9,19.0,328,331,33.5,28.0,21.1,19.6,17.3,0.119,0.151,0.164,0.204,1,3600.0,975.0,837.0,138.0,867.1,975.0,1280.2,972.4,834.8,137.6,867.1,972.4,1276.8
37.855885,-8.445038,91.0,2011-06-13T14:00,25.9,49,14.3,27.1,0.0,0.0,0.0,0.0,0,1020.6,1010.1,0,0,0,0,0.65,1.71,16.1,20.6,321,324,34.9,28.7,21.4,19.6,17.3,0.118,0.151,0.163,0.204,1,3600.0,954.0,832.0,122.0,881.6,954.0,1251.6,926.7,808.2,118.5,881.6,926.7,1215.8
37.855885,-8.445038,91.0,2011-06-13T15:00,25.9,48,14.2,26.4,0.0,0.0,0.0,0.0,0,1020.5,1010.0,0,0,0,0,0.6,1.73,17.6,22.7,317,318,37.4,28.9,21.8,19.6,17.3,0.117,0.15,0.163,0.204,1,3600.0,876.0,758.0,118.0,866.9,876.0,1159.6,826.3,715.0,111.3,866.9,826.3,1093.8
37.855885,-8.445038,91.0,2011-06-13T16:00,25.4,50,14.3,25.1,0.0,0.0,0.0,0.0,0,1020.5,1009.9,0,0,0,0,0.52,1.62,18.6,24.2,316,317,39.2,28.3,22.1,19.6,17.3,0.116,0.149,0.163,0.204,1,3600.0,745.0,634.0,111.0,832.2,745.0,1010.4,677.7,576.7,101.0,832.2,677.7,919.1
37.855885,-8.445038,91.0,2011-06-13T17:00,24.4,54,14.6,23.3,0.0,0.0,0.0,0.0,0,1020.5,1009.9,0,0,0,0,0.4,1.39,18.8,25.0,315,316,40.0,27.3,22.4,19.6,17.3,0.115,0.149,0.163,0.204,1,3600.0,576.0,476.0,100.0,775.3,576.0,814.2,497.8,411.4,86.4,775.3,497.8,703.7
37.855885,-8.445038,91.0,2011-06-13T18:00,23.0,60,14.8,21.9,0.0,0.0,0.0,0.0,0,1020.4,1009.8,0,0,0,0,0.28,1.13,18.3,24.9,313,315,40.0,25.8,22.5,19.6,17.3,0.115,0.149,0.163,0.204,1,3600.0,384.0,299.0,85.0,678.5,384.0,584.5,303.7,236.4,67.2,678.5,303.7,462.2
37.855885,-8.445038,91.0,2011-06-13T19:00,21.4,66,14.8,20.5,0.0,0.0,0.0,0.0,0,1020.7,1010.0,0,0,0,0,0.15,0.87,17.1,24.7,312,313,37.1,24.1,22.5,19.6,17.3,0.115,0.149,0.163,0.204,1,3600.0,190.0,130.0,60.0,512.0,190.0,336.7,119.1,81.5,37.6,512.0,119.1,211.1
37.855885,-8.445038,91.0,2011-06-13T20:00,19.8,73,14.8,19.1,0.0,0.0,0.0,0.0,0,1020.9,1010.1,0,0,0,0,0.06,0.62,15.5,25.2,312,314,33.5,22.2,22.5,19.6,17.3,0.115,0.149,0.163,0.204,0,1445.79,37.0,19.0,18.0,164.1,37.0,94.8,0.0,0.0,0.0,0.0,0.0,0.0
37.855885,-8.445038,91.0,2011-06-13T21:00,18.5,79,14.7,17.8,0.0,0.0,0.0,0.0,0,1021.1,1010.3,0,0,0,0,0.03,0.46,15.3,25.8,317,319,28.8,20.8,22.3,19.6,17.3,0.115,0.149,0.163,0.204,0,0.0,0.0,0.0,0.0,0.0,0.0,0.0,0.0,0.0,0.0,0.0,0.0,0.0
37.855885,-8.445038,91.0,2011-06-13T22:00,17.7,83,14.7,17.1,0.0,0.0,0.0,0.0,0,1022.0,1011.1,1,1,0,0,0.02,0.35,14.6,25.2,320,323,27.7,19.8,22.1,19.6,17.3,0.115,0.149,0.163,0.204,0,0.0,0.0,0.0,0.0,0.0,0.0,0.0,0.0,0.0,0.0,0.0,0.0,0.0
37.855885,-8.445038,91.0,2011-06-13T23:00,17.1,86,14.6,16.5,0.0,0.0,0.0,0.0,0,1021.8,1010.9,4,5,0,0,0.01,0.28,14.4,25.5,328,331,26.6,19.0,21.9,19.6,17.3,0.115,0.149,0.163,0.204,0,0.0,0.0,0.0,0.0,0.0,0.0,0.0,0.0,0.0,0.0,0.0,0.0,0.0
37.855885,-8.445038,91.0,2011-06-14T00:00,16.5,88,14.5,16.0,0.0,0.0,0.0,0.0,0,1021.5,1010.6,3,3,0,0,0.01,0.22,13.5,24.4,335,338,25.6,18.4,21.7,19.7,17.3,0.115,0.149,0.163,0.204,0,0.0,0.0,0.0,0.0,0.0,0.0,0.0,0.0,0.0,0.0,0.0,0.0,0.0
37.855885,-8.445038,91.0,2011-06-14T01:00,15.8,91,14.3,15.3,0.0,0.0,0.0,0.0,0,1021.5,1010.6,5,6,0,0,0.0,0.17,13.1,23.8,339,342,24.1,17.8,21.4,19.7,17.3,0.115,0.149,0.163,0.204,0,0.0,0.0,0.0,0.0,0.0,0.0,0.0,0.0,0.0,0.0,0.0,0.0,0.0
37.855885,-8.445038,91.0,2011-06-14T02:00,15.3,93,14.1,14.8,0.0,0.0,0.0,0.0,0,1021.0,1010.1,4,5,0,0,0.0,0.12,12.3,22.9,345,347,22.3,17.3,21.2,19.7,17.3,0.115,0.149,0.163,0.204,0,0.0,0.0,0.0,0.0,0.0,0.0,0.0,0.0,0.0,0.0,0.0,0.0,0.0
37.855885,-8.445038,91.0,2011-06-14T03:00,14.8,95,13.9,14.3,0.0,0.0,0.0,0.0,0,1020.8,1009.8,11,12,0,0,0.0,0.09,11.8,22.0,348,350,20.9,16.8,20.9,19.7,17.3,0.115,0.149,0.163,0.204,0,0.0,0.0,0.0,0.0,0.0,0.0,0.0,0.0,0.0,0.0,0.0,0.0,0.0
37.855885,-8.445038,91.0,2011-06-14T04:00,14.4,96,13.8,13.8,0.0,0.0,0.0,0.0,1,1020.8,1009.8,35,39,0,0,0.0,0.06,12.1,21.8,350,351,19.8,16.5,20.6,19.7,17.3,0.115,0.149,0.163,0.204,0,0.0,0.0,0.0,0.0,0.0,0.0,0.0,0.0,0.0,0.0,0.0,0.0,0.0
37.855885,-8.445038,91.0,2011-06-14T05:00,14.2,97,13.7,13.5,0.0,0.0,0.0,0.0,2,1020.8,1009.8,56,62,0,0,0.0,0.05,12.7,21.0,352,353,19.8,16.3,20.4,19.7,17.3,0.115,0.148,0.163,0.204,0,0.0,0.0,0.0,0.0,0.0,0.0,0.0,0.0,0.0,0.0,0.0,0.0,0.0
37.855885,-8.445038,91.0,2011-06-14T06:00,14.3,97,13.8,13.5,0.0,0.0,0.0,0.0,3,1021.1,1010.1,90,100,0,0,0.01,0.05,13.7,20.5,355,357,20.2,16.2,20.2,19.7,17.3,0.115,0.148,0.163,0.204,1,171.54,23.0,8.0,15.0,77.0,23.0,79.1,52.1,18.1,34.0,134.1,29.9,179.3
37.855885,-8.445038,91.0,2011-06-14T07:00,15.6,89,13.8,14.9,0.0,0.0,0.0,0.0,2,1021.1,1010.2,66,73,0,0,0.06,0.19,13.3,18.7,2,2,27.7,17.1,20.0,19.7,17.3,0.115,0.148,0.163,0.204,1,1855.13,101.0,28.0,73.0,121.8,101.0,304.7,142.6,39.5,103.1,121.8,142.6,430.4
37.855885,-8.445038,91.0,2011-06-14T08:00,17.3,80,13.7,16.7,0.0,0.0,0.0,0.0,0,1021.2,1010.3,20,22,0,0,0.15,0.4,12.3,16.6,3,4,27.7,18.9,19.9,19.7,17.3,0.115,0.148,0.163,0.204,1,3600.0,268.0,118.0,150.0,282.7,268.0,553.5,326.3,143.7,182.7,282.7,326.3,674.0
37.855885,-8.445038,91.0,2011-06-14T09:00,19.5,68,13.4,18.8,0.0,0.0,0.0,0.0,0,1021.2,1010.4,1,1,0,0,0.31,0.72,11.9,15.5,360,1,28.1,21.2,20.0,19.7,17.3,0.114,0.148,0.163,0.204,1,3600.0,540.0,429.0,111.0,723.3,540.0,786.5,613.6,487.4,126.1,723.3,613.6,893.6
37.855885,-8.445038,91.0,2011-06-14T10:00,21.6,59,13.2,22.0,0.0,0.0,0.0,0.0,0,1020.9,1010.2,0,0,0,0,0.45,1.06,10.8,13.7,345,346,28.4,23.6,20.2,19.6,17.3,0.114,0.148,0.163,0.204,1,3600.0,734.0,624.0,110.0,837.7,734.0,987.7,798.3,678.6,119.6,837.7,798.3,1074.2
37.855885,-8.445038,91.0,2011-06-14T11:00,23.4,53,13.2,24.5,0.0,0.0,0.0,0.0,0,1021.1,1010.5,0,0,0,0,0.56,1.35,11.8,15.0,333,336,29.2,25.8,20.5,19.6,17.3,0.113,0.147,0.163,0.204,1,3600.0,873.0,760.0,113.0,881.3,873.0,1143.5,918.8,799.8,118.9,881.3,918.8,1203.5
37.855885,-8.445038,91.0,2011-06-14T12:00,24.8,49,13.3,26.1,0.0,0.0,0.0,0.0,0,1020.8,1010.2,0,0,0,0,0.63,1.61,13.3,16.5,327,328,31.3,27.5,20.8,19.6,17.4,0.112,0.147,0.162,0.204,1,3600.0,958.0,836.0,122.0,891.6,958.0,1243.3,980.6,855.7,124.9,891.6,980.6,1272.6
37.855885,-8.445038,91.0,2011-06-14T13:00,25.8,46,13.3,27.2,0.0,0.0,0.0,0.0,0,1020.6,1010.1,0,0,0,0,0.67,1.8,14.1,18.1,322,325,33.5,28.7,21.2,19.7,17.4,0.11,0.146,0.162,0.204,1,3600.0,988.0,864.0,124.0,894.9,988.0,1280.3,985.4,861.8,123.7,894.9,985.4,1277.0
37.855885,-8.445038,91.0,2011-06-14T14:00,26.3,44,13.3,27.3,0.0,0.0,0.0,0.0,0,1020.4,1009.9,0,0,0,0,0.67,1.9,15.1,19.2,320,322,35.6,29.3,21.6,19.7,17.4,0.109,0.145,0.162,0.204,1,3600.0,962.0,839.0,123.0,888.7,962.0,1251.9,934.6,815.1,119.5,888.7,934.6,1216.2
37.855885,-8.445038,91.0,2011-06-14T15:00,26.4,45,13.5,26.8,0.0,0.0,0.0,0.0,0,1020.1,1009.6,0,0,0,0,0.62,1.89,16.6,21.2,318,320,37.8,29.3,22.0,19.7,17.4,0.108,0.145,0.162,0.204,1,3600.0,880.0,761.0,119.0,869.8,880.0,1160.1,830.2,717.9,112.3,869.8,830.2,1094.4
37.855885,-8.445038,91.0,2011-06-14T16:00,25.9,47,13.9,25.4,0.0,0.0,0.0,0.0,0,1020.4,1009.9,0,0,0,0,0.53,1.76,18.6,24.2,317,319,40.0,28.8,22.3,19.7,17.4,0.107,0.144,0.162,0.204,1,3600.0,748.0,637.0,111.0,835.3,748.0,1011.2,680.6,579.6,101.0,835.3,680.6,920.0
37.855885,-8.445038,91.0,2011-06-14T17:00,25.0,51,14.3,23.6,0.0,0.0,0.0,0.0,0,1020.1,1009.5,0,0,0,0,0.42,1.54,19.9,26.6,318,319,41.4,27.8,22.6,19.7,17.4,0.107,0.144,0.162,0.204,1,3600.0,578.0,478.0,100.0,777.4,578.0,815.3,499.7,413.3,86.5,777.4,499.7,704.9
37.855885,-8.445038,91.0,2011-06-14T18:00,23.9,55,14.4,22.4,0.0,0.0,0.0,0.0,0,1020.3,1009.7,0,0,0,0,0.3,1.32,20.2,27.7,320,321,41.4,26.4,22.7,19.7,17.4,0.106,0.144,0.162,0.204,1,3600.0,384.0,300.0,84.0,679.1,384.0,585.7,303.9,237.4,66.5,679.1,303.9,463.6
37.855885,-8.445038,91.0,2011-06-14T19:00,22.1,61,14.2,20.8,0.0,0.0,0.0,0.0,0,1020.5,1009.8,0,0,0,0,0.17,1.04,18.7,27.2,320,323,39.6,24.6,22.7,19.7,17.4,0.106,0.144,0.162,0.204,1,3600.0,191.0,131.0,60.0,513.6,191.0,338.2,120.1,82.3,37.7,513.6,120.1,212.6
37.855885,-8.445038,91.0,2011-06-14T20:00,20.6,66,14.0,19.4,0.0,0.0,0.0,0.0,0,1020.8,1010.1,0,0,0,0,0.09,0.83,17.3,28.4,324,327,36.0,22.7,22.7,19.7,17.4,0.106,0.144,0.162,0.204,0,1454.46,38.0,19.0,19.0,163.3,38.0,95.5,0.0,0.0,0.0,0.0,0.0,0.0
37.855885,-8.445038,91.0,2011-06-14T21:00,19.5,69,13.6,18.1,0.0,0.0,0.0,0.0,0,1021.4,1010.6,0,0,0,0,0.06,0.7,17.1,29.2,332,336,32.0,21.3,22.6,19.7,17.4,0.106,0.143,0.161,0.204,0,0.0,0.0,0.0,0.0,0.0,0.0,0.0,0.0,0.0,0.0,0.0,0.0,0.0
37.855885,-8.445038,91.0,2011-06-14T22:00,18.6,71,13.1,17.3,0.0,0.0,0.0,0.0,0,1022.0,1011.2,0,0,0,0,0.05,0.63,15.5,26.9,338,342,31.3,20.3,22.4,19.7,17.4,0.106,0.143,0.161,0.204,0,0.0,0.0,0.0,0.0,0.0,0.0,0.0,0.0,0.0,0.0,0.0,0.0,0.0
37.855885,-8.445038,91.0,2011-06-14T23:00,17.8,72,12.7,16.5,0.0,0.0,0.0,0.0,0,1022.0,1011.1,0,0,0,0,0.04,0.57,14.7,25.9,343,346,29.2,19.5,22.2,19.8,17.4,0.106,0.143,0.161,0.204,0,0.0,0.0,0.0,0.0,0.0,0.0,0.0,0.0,0.0,0.0,0.0,0.0,0.0
37.855885,-8.445038,91.0,2011-06-15T00:00,17.0,74,12.4,15.7,0.0,0.0,0.0,0.0,0,1022.0,1011.1,0,0,0,0,0.03,0.5,13.7,24.6,346,349,26.6,18.8,22.0,19.8,17.4,0.106,0.143,0.161,0.204,0,0.0,0.0,0.0,0.0,0.0,0.0,0.0,0.0,0.0,0.0,0.0,0.0,0.0
37.855885,-8.445038,91.0,2011-06-15T01:00,16.3,77,12.2,15.0,0.0,0.0,0.0,0.0,0,1021.7,1010.8,1,1,0,0,0.03,0.43,13.4,24.1,346,350,24.1,18.2,21.7,19.8,17.4,0.106,0.143,0.161,0.204,0,0.0,0.0,0.0,0.0,0.0,0.0,0.0,0.0,0.0,0.0,0.0,0.0,0.0
37.855885,-8.445038,91.0,2011-06-15T02:00,15.7,79,12.2,14.4,0.0,0.0,0.0,0.0,0,1021.2,1010.3,1,1,0,0,0.02,0.37,13.6,24.5,348,350,22.3,17.6,21.5,19.8,17.4,0.106,0.143,0.161,0.204,0,0.0,0.0,0.0,0.0,0.0,0.0,0.0,0.0,0.0,0.0,0.0,0.0,0.0
37.855885,-8.445038,91.0,2011-06-15T03:00,15.3,82,12.2,14.0,0.0,0.0,0.0,0.0,0,1021.3,1010.4,1,1,0,0,0.02,0.31,13.6,24.1,348,351,21.6,17.2,21.2,19.8,17.4,0.106,0.143,0.161,0.204,0,0.0,0.0,0.0,0.0,0.0,0.0,0.0,0.0,0.0,0.0,0.0,0.0,0.0
37.855885,-8.445038,91.0,2011-06-15T04:00,14.9,85,12.4,13.7,0.0,0.0,0.0,0.0,0,1021.0,1010.1,2,2,0,0,0.01,0.26,13.1,24.3,351,352,20.9,16.8,21.0,19.8,17.4,0.106,0.143,0.161,0.204,0,0.0,0.0,0.0,0.0,0.0,0.0,0.0,0.0,0.0,0.0,0.0,0.0,0.0
37.855885,-8.445038,91.0,2011-06-15T05:00,14.6,87,12.5,13.5,0.0,0.0,0.0,0.0,0,1021.4,1010.4,4,4,0,0,0.01,0.21,12.7,23.5,352,354,20.9,16.5,20.7,19.8,17.4,0.106,0.143,0.161,0.204,0,0.0,0.0,0.0,0.0,0.0,0.0,0.0,0.0,0.0,0.0,0.0,0.0,0.0
37.855885,-8.445038,91.0,2011-06-15T06:00,14.8,88,12.9,13.8,0.0,0.0,0.0,0.0,0,1021.6,1010.6,2,2,0,0,0.02,0.2,13.4,23.9,352,355,22.7,16.5,20.5,19.8,17.4,0.106,0.143,0.161,0.204,1,462.25,25.0,11.0,14.0,106.0,25.0,79.0,56.7,24.9,31.7,184.7,32.5,179.0
37.855885,-8.445038,91.0,2011-06-15T07:00,16.3,85,13.7,15.2,0.0,0.0,0.0,0.0,0,1021.8,1010.9,4,5,0,0,0.08,0.28,15.6,22.4,353,354,29.5,17.7,20.3,19.8,17.4,0.106,0.143,0.161,0.204,1,3600.0,152.0,94.0,58.0,409.4,152.0,304.4,214.7,132.8,81.9,409.4,214.7,430.0
37.855885,-8.445038,91.0,2011-06-15T08:00,18.2,75,13.6,17.0,0.0,0.0,0.0,0.0,0,1022.0,1011.2,2,2,0,0,0.19,0.53,15.9,21.7,355,355,33.5,19.6,20.3,19.8,17.4,0.106,0.143,0.161,0.204,1,3600.0,338.0,247.0,91.0,592.1,338.0,553.1,411.6,300.8,110.8,592.1,411.6,673.5
37.855885,-8.445038,91.0,2011-06-15T09:00,20.4,66,13.8,19.4,0.0,0.0,0.0,0.0,0,1021.8,1011.0,0,0,0,0,0.32,0.82,15.2,19.8,356,357,33.8,21.8,20.3,19.8,17.4,0.106,0.143,0.161,0.204,1,3600.0,542.0,438.0,104.0,738.8,542.0,786.0,615.9,497.7,118.2,738.8,615.9,893.1
37.855885,-8.445038,91.0,2011-06-15T10:00,22.8,58,14.1,22.9,0.0,0.0,0.0,0.0,0,1021.9,1011.2,0,0,0,0,0.45,1.16,14.1,18.4,356,358,32.8,24.2,20.5,19.8,17.4,0.105,0.142,0.161,0.204,1,3600.0,714.0,597.0,117.0,801.7,714.0,987.2,776.6,649.3,127.3,801.7,776.6,1073.8
37.855885,-8.445038,91.0,2011-06-15T11:00,24.9,52,14.3,25.8,0.0,0.0,0.0,0.0,0,1021.3,1010.7,0,0,0,0,0.57,1.51,14.7,18.6,349,351,33.1,26.5,20.8,19.8,17.4,0.104,0.142,0.161,0.204,1,3600.0,857.0,741.0,116.0,859.4,857.0,1143.1,902.0,779.9,122.1,859.4,902.0,1203.2
37.855885,-8.445038,91.0,2011-06-15T12:00,26.4,48,14.4,27.6,0.0,0.0,0.0,0.0,0,1021.4,1010.9,0,0,0,0,0.65,1.8,15.8,20.5,343,345,36.0,28.3,21.2,19.8,17.4,0.103,0.141,0.161,0.204,1,3600.0,945.0,824.0,121.0,878.8,945.0,1243.1,967.4,843.5,123.9,878.8,967.4,1272.5
37.855885,-8.445038,91.0,2011-06-15T13:00,27.4,45,14.3,28.5,0.0,0.0,0.0,0.0,0,1020.9,1010.4,0,0,0,0,0.69,2.02,17.0,21.7,339,341,37.4,29.5,21.6,19.8,17.4,0.102,0.141,0.161,0.204,1,3600.0,976.0,853.0,123.0,883.3,976.0,1280.3,973.6,850.9,122.7,883.3,973.6,1277.1
37.855885,-8.445038,91.0,2011-06-15T14:00,28.1,43,14.3,29.0,0.0,0.0,0.0,0.0,0,1020.6,1010.1,0,0,0,0,0.69,2.17,17.6,22.7,334,337,37.8,30.3,22.0,19.8,17.4,0.101,0.14,0.161,0.204,1,3600.0,950.0,827.0,123.0,875.6,950.0,1252.1,923.0,803.5,119.5,875.6,923.0,1216.6
37.855885,-8.445038,91.0,2011-06-15T15:00,28.4,43,14.4,28.6,0.0,0.0,0.0,0.0,0,1020.3,1009.8,0,0,0,0,0.65,2.22,19.2,25.1,330,331,38.5,30.5,22.4,19.8,17.4,0.1,0.14,0.16,0.204,1,3600.0,868.0,750.0,118.0,856.7,868.0,1160.6,819.0,707.7,111.3,856.7,819.0,1095.1
37.855885,-8.445038,91.0,2011-06-15T16:00,28.0,44,14.7,27.4,0.0,0.0,0.0,0.0,0,1020.4,1009.9,0,0,0,0,0.57,2.11,21.0,28.4,325,327,40.3,30.2,22.8,19.8,17.4,0.099,0.139,0.16,0.204,1,3600.0,737.0,627.0,110.0,821.4,737.0,1012.0,670.7,570.6,100.1,821.4,670.7,921.0
37.855885,-8.445038,91.0,2011-06-15T17:00,27.1,48,15.1,25.7,0.0,0.0,0.0,0.0,0,1020.4,1009.9,0,0,0,0,0.46,1.87,22.2,30.4,324,326,42.1,29.2,23.0,19.8,17.4,0.099,0.139,0.16,0.204,1,3600.0,569.0,469.0,100.0,761.6,569.0,816.3,492.1,405.6,86.5,761.6,492.1,706.0
37.855885,-8.445038,91.0,2011-06-15T18:00,25.7,53,15.5,24.4,0.0,0.0,0.0,0.0,0,1020.2,1009.7,0,0,0,0,0.32,1.53,21.5,30.2,325,327,42.1,27.7,23.2,19.8,17.4,0.098,0.139,0.16,0.204,1,3600.0,378.0,295.0,83.0,666.2,378.0,587.0,299.4,233.6,65.7,666.2,299.4,464.9
37.855885,-8.445038,91.0,2011-06-15T19:00,23.7,58,15.0,22.6,0.0,0.0,0.0,0.0,0,1020.5,1009.9,0,0,0,0,0.19,1.23,19.0,28.3,327,329,41.8,25.8,23.3,19.8,17.4,0.098,0.138,0.16,0.204,1,3600.0,187.0,128.0,59.0,499.7,187.0,339.6,117.9,80.7,37.2,499.7,117.9,214.0
37.855885,-8.445038,91.0,2011-06-15T20:00,22.2,63,14.7,21.1,0.0,0.0,0.0,0.0,0,1020.6,1009.9,0,0,0,0,0.1,1.0,18.0,29.9,331,334,36.4,24.0,23.3,19.9,17.4,0.098,0.138,0.16,0.204,0,1462.49,38.0,19.0,19.0,162.5,38.0,96.2,0.0,0.0,0.0,0.0,0.0,0.0
37.855885,-8.445038,91.0,2011-06-15T21:00,21.0,66,14.3,19.8,0.0,0.0,0.0,0.0,0,1021.3,1010.6,0,0,0,0,0.07,0.85,17.4,30.1,338,341,33.5,22.5,23.2,19.9,17.4,0.098,0.138,0.16,0.204,0,0.0,0.0,0.0,0.0,0.0,0.0,0.0,0.0,0.0,0.0,0.0,0.0,0.0
37.855885,-8.445038,91.0,2011-06-15T22:00,20.0,68,14.0,18.9,0.0,0.0,0.0,0.0,0,1022.1,1011.3,0,0,0,0,0.06,0.74,16.2,28.3,339,342,32.0,21.5,23.0,19.9,17.4,0.098,0.138,0.16,0.204,0,0.0,0.0,0.0,0.0,0.0,0.0,0.0,0.0,0.0,0.0,0.0,0.0,0.0
37.855885,-8.445038,91.0,2011-06-15T23:00,19.0,71,13.6,17.8,0.0,0.0,0.0,0.0,0,1022.1,1011.3,0,0,0,0,0.05,0.64,15.9,27.7,342,344,31.0,20.6,22.8,19.9,17.4,0.098,0.138,0.16,0.204,0,0.0,0.0,0.0,0.0,0.0,0.0,0.0,0.0,0.0,0.0,0.0,0.0,0.0
37.855885,-8.445038,91.0,2011-06-16T00:00,18.2,74,13.4,16.9,0.0,0.0,0.0,0.0,0,1022.1,1011.3,0,0,0,0,0.04,0.55,16.3,27.6,342,345,30.6,19.9,22.6,19.9,17.4,0.098,0.138,0.16,0.204,0,0.0,0.0,0.0,0.0,0.0,0.0,0.0,0.0,0.0,0.0,0.0,0.0,0.0
37.855885,-8.445038,91.0,2011-06-16T01:00,17.5,77,13.3,16.2,0.0,0.0,0.0,0.0,0,1021.8,1010.9,1,1,0,0,0.03,0.47,15.7,27.0,344,347,30.6,19.3,22.4,19.9,17.4,0.098,0.138,0.16,0.204,0,0.0,0.0,0.0,0.0,0.0,0.0,0.0,0.0,0.0,0.0,0.0,0.0,0.0
37.855885,-8.445038,91.0,2011-06-16T02:00,16.8,80,13.3,15.6,0.0,0.0,0.0,0.0,0,1021.5,1010.6,4,5,0,0,0.03,0.39,15.2,26.5,346,348,28.8,18.7,22.2,19.9,17.4,0.098,0.138,0.16,0.204,0,0.0,0.0,0.0,0.0,0.0,0.0,0.0,0.0,0.0,0.0,0.0,0.0,0.0
37.855885,-8.445038,91.0,2011-06-16T03:00,16.3,82,13.3,15.2,0.0,0.0,0.0,0.0,0,1021.1,1010.2,3,3,0,0,0.02,0.33,14.7,25.6,349,350,27.4,18.2,21.9,19.9,17.4,0.098,0.138,0.16,0.204,0,0.0,0.0,0.0,0.0,0.0,0.0,0.0,0.0,0.0,0.0,0.0,0.0,0.0
37.855885,-8.445038,91.0,2011-06-16T04:00,15.8,85,13.3,14.8,0.0,0.0,0.0,0.0,0,1021.2,1010.3,2,2,0,0,0.01,0.27,13.9,24.7,350,352,25.9,17.8,21.7,19.9,17.4,0.098,0.138,0.16,0.204,0,0.0,0.0,0.0,0.0,0.0,0.0,0.0,0.0,0.0,0.0,0.0,0.0,0.0
37.855885,-8.445038,91.0,2011-06-16T05:00,15.5,87,13.3,14.4,0.0,0.0,0.0,0.0,0,1021.1,1010.2,4,4,0,0,0.01,0.23,14.3,25.2,350,351,25.6,17.4,21.5,19.9,17.4,0.098,0.138,0.16,0.204,0,0.0,0.0,0.0,0.0,0.0,0.0,0.0,0.0,0.0,0.0,0.0,0.0,0.0
37.855885,-8.445038,91.0,2011-06-16T06:00,15.5,87,13.4,14.5,0.0,0.0,0.0,0.0,0,1021.5,1010.6,6,4,0,7,0.03,0.23,14.3,25.1,350,352,26.6,17.3,21.2,19.9,17.4,0.098,0.138,0.16,0.204,1,461.85,24.0,11.0,13.0,106.1,24.0,78.8,54.4,25.0,29.5,185.1,31.2,178.7
37.855885,-8.445038,91.0,2011-06-16T07:00,16.7,82,13.6,15.5,0.0,0.0,0.0,0.0,0,1021.4,1010.5,8,4,0,16,0.09,0.34,15.9,22.8,354,354,31.0,18.4,21.1,19.9,17.4,0.098,0.138,0.16,0.204,1,3600.0,156.0,96.0,60.0,418.7,156.0,304.0,220.4,135.6,84.8,418.7,220.4,429.5
37.855885,-8.445038,91.0,2011-06-16T08:00,18.5,69,12.8,17.0,0.0,0.0,0.0,0.0,0,1021.4,1010.6,5,1,0,14,0.2,0.65,16.3,22.5,352,354,34.2,20.1,21.0,19.9,17.4,0.098,0.138,0.16,0.204,1,3600.0,345.0,259.0,86.0,621.3,345.0,552.5,420.2,315.5,104.7,621.3,420.2,673.0
37.855885,-8.445038,91.0,2011-06-16T09:00,20.6,60,12.5,18.9,0.0,0.0,0.0,0.0,0,1021.3,1010.6,0,0,0,0,0.33,0.97,16.8,22.5,351,353,35.6,22.2,21.0,19.9,17.4,0.098,0.138,0.16,0.204,1,3600.0,538.0,436.0,102.0,735.8,538.0,785.4,611.4,495.5,115.9,735.8,611.4,892.6
37.855885,-8.445038,91.0,2011-06-16T10:00,22.5,55,12.9,21.9,0.0,0.0,0.0,0.0,0,1020.9,1010.2,0,0,0,0,0.45,1.23,15.7,20.4,349,351,37.4,24.4,21.2,19.9,17.4,0.097,0.137,0.16,0.204,1,3600.0,715.0,603.0,112.0,810.1,715.0,986.7,777.7,655.9,121.8,810.1,777.7,1073.3
37.855885,-8.445038,91.0,2011-06-16T11:00,24.1,52,13.5,24.5,0.0,0.0,0.0,0.0,0,1020.5,1009.9,0,0,0,0,0.56,1.45,15.6,20.3,345,348,38.5,26.4,21.4,19.9,17.4,0.096,0.137,0.16,0.204,1,3600.0,853.0,732.0,121.0,849.1,853.0,1142.7,897.9,770.5,127.4,849.1,897.9,1202.8
37.855885,-8.445038,91.0,2011-06-16T12:00,25.3,48,13.6,26.0,0.0,0.0,0.0,0.0,0,1020.4,1009.8,0,0,0,1,0.63,1.66,16.6,21.4,338,340,38.9,28.0,21.7,19.9,17.5,0.096,0.136,0.159,0.204,1,3600.0,943.0,818.0,125.0,872.4,943.0,1242.8,965.4,837.4,128.0,872.4,965.4,1272.3
37.855885,-8.445038,91.0,2011-06-16T13:00,26.1,46,13.5,26.7,0.0,0.0,0.0,0.0,0,1020.1,1009.6,3,0,0,11,0.67,1.84,18.2,23.2,330,332,38.9,29.2,22.1,19.9,17.5,0.095,0.136,0.159,0.204,1,3600.0,978.0,852.0,126.0,882.1,978.0,1280.2,975.7,850.0,125.7,882.1,975.7,1277.2
37.855885,-8.445038,91.0,2011-06-16T14:00,26.6,43,13.1,26.7,0.0,0.0,0.0,0.0,0,1019.9,1009.4,8,0,0,28,0.67,1.97,19.5,25.1,326,328,39.2,29.9,22.4,20.0,17.5,0.094,0.135,0.159,0.204,1,3600.0,956.0,833.0,123.0,881.6,956.0,1252.3,928.9,809.4,119.5,881.6,928.9,1216.9
37.855885,-8.445038,91.0,2011-06-16T15:00,26.6,42,12.6,26.3,0.0,0.0,0.0,0.0,0,1019.1,1008.6,16,0,0,52,0.63,2.02,19.1,24.9,324,326,40.3,30.0,22.7,20.0,17.5,0.093,0.135,0.159,0.204,1,3600.0,877.0,760.0,117.0,867.6,877.0,1161.1,827.6,717.2,110.4,867.6,827.6,1095.7
37.855885,-8.445038,91.0,2011-06-16T16:00,26.1,43,12.4,25.1,0.0,0.0,0.0,0.0,1,1018.9,1008.4,23,0,0,76,0.55,1.94,18.9,24.9,321,323,41.0,29.5,23.0,20.0,17.5,0.092,0.134,0.159,0.204,1,3600.0,749.0,639.0,110.0,836.3,749.0,1012.7,681.8,581.6,100.1,836.3,681.8,921.8
37.855885,-8.445038,91.0,2011-06-16T17:00,25.1,45,12.4,23.1,0.0,0.0,0.0,0.0,1,1018.4,1007.9,25,0,0,83,0.44,1.75,19.9,26.8,318,320,42.5,28.4,23.2,20.0,17.5,0.092,0.134,0.159,0.204,1,3600.0,576.0,469.0,107.0,760.6,576.0,817.3,498.3,405.8,92.6,760.6,498.3,707.1
37.855885,-8.445038,91.0,2011-06-16T18:00,23.7,49,12.5,21.4,0.0,0.0,0.0,0.0,1,1018.2,1007.6,22,0,0,72,0.32,1.48,20.9,28.8,318,319,43.2,26.9,23.3,20.0,17.5,0.092,0.134,0.158,0.204,1,3600.0,383.0,293.0,90.0,660.3,383.0,588.2,303.6,232.2,71.3,660.3,303.6,466.2
37.855885,-8.445038,91.0,2011-06-16T19:00,22.0,56,12.9,19.8,0.0,0.0,0.0,0.0,0,1018.4,1007.7,10,0,0,34,0.19,1.15,20.7,30.1,319,320,41.4,25.0,23.4,20.0,17.5,0.091,0.134,0.158,0.204,1,3600.0,193.0,134.0,59.0,520.9,193.0,340.9,122.0,84.7,37.3,520.9,122.0,215.4
37.855885,-8.445038,91.0,2011-06-16T20:00,20.3,63,13.0,18.5,0.0,0.0,0.0,0.0,0,1018.5,1007.8,0,0,0,1,0.1,0.88,18.9,31.5,321,324,39.2,23.0,23.3,20.0,17.5,0.091,0.134,0.158,0.204,0,1469.88,39.0,19.0,20.0,161.8,39.0,96.9,0.0,0.0,0.0,0.0,0.0,0.0
37.855885,-8.445038,91.0,2011-06-16T21:00,19.2,67,13.0,17.3,0.0,0.0,0.0,0.0,0,1019.0,1008.2,0,0,0,0,0.07,0.73,18.9,30.9,329,332,36.0,21.5,23.1,20.0,17.5,0.091,0.134,0.158,0.204,0,0.0,0.0,0.0,0.0,0.0,0.0,0.0,0.0,0.0,0.0,0.0,0.0,0.0
37.855885,-8.445038,91.0,2011-06-16T22:00,18.3,71,12.9,16.7,0.0,0.0,0.0,0.0,0,1019.3,1008.5,0,0,0,0,0.05,0.62,17.2,29.4,334,337,34.2,20.5,23.0,20.1,17.5,0.091,0.134,0.158,0.204,0,0.0,0.0,0.0,0.0,0.0,0.0,0.0,0.0,0.0,0.0,0.0,0.0,0.0
37.855885,-8.445038,91.0,2011-06-16T23:00,17.5,74,12.9,16.0,0.0,0.0,0.0,0.0,0,1019.2,1008.4,0,0,0,0,0.04,0.51,16.3,27.9,338,340,31.7,19.6,22.7,20.1,17.5,0.091,0.134,0.158,0.204,0,0.0,0.0,0.0,0.0,0.0,0.0,0.0,0.0,0.0,0.0,0.0,0.0,0.0
37.855885,-8.445038,91.0,2011-06-17T00:00,16.7,79,12.9,15.4,0.0,0.0,0.0,0.0,0,1019.2,1008.3,0,0,0,0,0.03,0.41,15.2,26.3,338,341,28.8,18.9,22.5,20.1,17.5,0.091,0.134,0.158,0.204,0,0.0,0.0,0.0,0.0,0.0,0.0,0.0,0.0,0.0,0.0,0.0,0.0,0.0
37.855885,-8.445038,91.0,2011-06-17T01:00,15.8,83,12.9,14.5,0.0,0.0,0.0,0.0,0,1018.7,1007.8,6,7,0,0,0.02,0.31,15.2,26.1,338,340,26.6,18.2,22.3,20.1,17.5,0.091,0.134,0.158,0.204,0,0.0,0.0,0.0,0.0,0.0,0.0,0.0,0.0,0.0,0.0,0.0,0.0,0.0
37.855885,-8.445038,91.0,2011-06-17T02:00,15.2,87,13.0,13.9,0.0,0.0,0.0,0.0,0,1018.3,1007.4,18,20,0,0,0.01,0.23,15.4,26.3,339,341,26.6,17.6,22.0,20.1,17.5,0.091,0.133,0.158,0.204,0,0.0,0.0,0.0,0.0,0.0,0.0,0.0,0.0,0.0,0.0,0.0,0.0,0.0
37.855885,-8.445038,91.0,2011-06-17T03:00,14.7,89,13.0,13.5,0.0,0.0,0.0,0.0,1,1018.1,1007.2,26,29,0,0,0.01,0.18,14.8,25.2,342,343,26.6,17.1,21.7,20.1,17.5,0.092,0.133,0.158,0.204,0,0.0,0.0,0.0,0.0,0.0,0.0,0.0,0.0,0.0,0.0,0.0,0.0,0.0
37.855885,-8.445038,91.0,2011-06-17T04:00,14.4,91,12.9,13.3,0.0,0.0,0.0,0.0,1,1018.0,1007.1,29,32,0,0,0.0,0.15,13.9,24.3,343,345,25.2,16.8,21.5,20.1,17.5,0.092,0.133,0.158,0.204,0,0.0,0.0,0.0,0.0,0.0,0.0,0.0,0.0,0.0,0.0,0.0,0.0,0.0
37.855885,-8.445038,91.0,2011-06-17T05:00,14.2,91,12.8,13.0,0.0,0.0,0.0,0.0,1,1018.1,1007.2,31,34,0,0,0.0,0.14,14.2,23.7,344,346,24.5,16.5,21.2,20.1,17.5,0.092,0.133,0.158,0.204,0,0.0,0.0,0.0,0.0,0.0,0.0,0.0,0.0,0.0,0.0,0.0,0.0,0.0
37.855885,-8.445038,91.0,2011-06-17T06:00,14.2,91,12.7,12.9,0.0,0.0,0.0,0.0,1,1018.3,1007.4,23,26,0,0,0.02,0.15,14.1,23.7,345,346,24.8,16.3,20.9,20.1,17.5,0.092,0.133,0.158,0.204,1,268.75,23.0,9.0,14.0,87.0,23.0,78.5,52.2,20.4,31.8,151.9,29.9,178.2
37.855885,-8.445038,91.0,2011-06-17T07:00,15.3,85,12.8,13.7,0.0,0.0,0.0,0.0,1,1018.5,1007.6,40,44,0,0,0.07,0.27,16.9,23.9,348,348,33.8,17.4,20.7,20.1,17.5,0.092,0.133,0.158,0.203,1,3600.0,131.0,64.0,67.0,279.6,131.0,303.4,185.2,90.5,94.7,279.6,185.2,428.9
37.855885,-8.445038,91.0,2011-06-17T08:00,16.9,75,12.4,15.1,0.0,0.0,0.0,0.0,0,1018.8,1008.0,19,21,0,0,0.17,0.49,17.1,23.4,345,346,35.6,19.1,20.7,20.1,17.5,0.092,0.133,0.158,0.203,1,3600.0,320.0,200.0,120.0,480.3,320.0,551.9,389.8,243.6,146.2,480.3,389.8,672.3
37.855885,-8.445038,91.0,2011-06-17T09:00,18.8,64,11.7,16.7,0.0,0.0,0.0,0.0,0,1018.9,1008.1,1,1,0,0,0.3,0.79,17.8,23.7,342,343,37.4,21.0,20.7,20.1,17.5,0.091,0.133,0.158,0.203,1,3600.0,534.0,420.0,114.0,709.3,534.0,784.8,606.9,477.4,129.6,709.3,606.9,891.9
37.855885,-8.445038,91.0,2011-06-17T10:00,20.7,54,11.1,19.2,0.0,0.0,0.0,0.0,0,1018.9,1008.2,0,0,0,0,0.44,1.12,18.9,25.2,342,343,40.3,23.2,20.8,20.1,17.5,0.091,0.133,0.158,0.203,1,3600.0,729.0,617.0,112.0,829.2,729.0,986.1,793.0,671.2,121.8,829.2,793.0,1072.7
37.855885,-8.445038,91.0,2011-06-17T11:00,22.4,48,10.8,21.4,0.0,0.0,0.0,0.0,0,1018.7,1008.0,0,0,0,0,0.54,1.41,18.6,24.5,342,343,42.1,25.2,21.0,20.1,17.5,0.09,0.132,0.158,0.203,1,3600.0,860.0,737.0,123.0,855.1,860.0,1142.2,905.3,775.8,129.5,855.1,905.3,1202.4
37.855885,-8.445038,91.0,2011-06-17T12:00,23.8,45,11.1,23.6,0.0,0.0,0.0,0.0,0,1018.8,1008.2,5,0,0,16,0.62,1.63,17.8,22.9,339,341,42.1,26.9,21.2,20.1,17.5,0.09,0.132,0.158,0.203,1,3600.0,955.0,839.0,116.0,894.8,955.0,1242.5,977.8,859.0,118.8,894.8,977.8,1272.2
37.855885,-8.445038,91.0,2011-06-17T13:00,24.8,44,11.7,24.9,0.0,0.0,0.0,0.0,0,1018.3,1007.7,15,0,0,50,0.66,1.76,17.7,23.0,331,333,41.8,28.2,21.6,20.1,17.5,0.089,0.131,0.158,0.203,1,3600.0,981.0,858.0,123.0,888.2,981.0,1280.2,978.7,856.0,122.7,888.2,978.7,1277.2
37.855885,-8.445038,91.0,2011-06-17T14:00,25.2,44,12.2,25.0,0.0,0.0,0.0,0.0,1,1018.2,1007.7,23,0,0,77,0.63,1.79,19.4,25.3,325,327,43.2,28.8,21.9,20.1,17.5,0.088,0.131,0.158,0.203,1,3600.0,930.0,788.0,142.0,833.7,930.0,1252.5,903.8,765.8,138.0,833.7,903.8,1217.2
37.855885,-8.445038,91.0,2011-06-17T15:00,25.2,45,12.5,24.3,0.0,0.0,0.0,0.0,1,1018.1,1007.6,26,0,0,85,0.59,1.76,21.6,28.7,323,325,45.7,28.9,22.2,20.1,17.5,0.088,0.13,0.157,0.203,1,3600.0,856.0,709.0,147.0,808.9,856.0,1161.6,807.9,669.2,138.7,808.9,807.9,1096.3
37.855885,-8.445038,91.0,2011-06-17T16:00,24.9,46,12.6,23.2,0.0,0.0,0.0,0.0,1,1018.0,1007.4,26,0,0,86,0.52,1.69,22.8,30.3,321,323,47.2,28.4,22.4,20.1,17.5,0.087,0.13,0.157,0.203,1,3600.0,727.0,594.0,133.0,776.7,727.0,1013.4,661.9,540.8,121.1,776.7,661.9,922.6
37.855885,-8.445038,91.0,2011-06-17T17:00,24.2,48,12.6,21.8,0.0,0.0,0.0,0.0,1,1018.0,1007.4,27,0,0,89,0.42,1.56,22.7,31.0,319,321,46.8,27.5,22.6,20.1,17.5,0.087,0.13,0.157,0.203,1,3600.0,561.0,446.0,115.0,722.3,561.0,818.2,485.5,386.0,99.5,722.3,485.5,708.1
37.855885,-8.445038,91.0,2011-06-17T18:00,23.2,52,12.8,20.8,0.0,0.0,0.0,0.0,1,1017.7,1007.1,24,0,0,81,0.3,1.36,22.5,30.9,319,320,44.6,26.2,22.8,20.1,17.5,0.086,0.13,0.157,0.203,1,3600.0,375.0,286.0,89.0,643.1,375.0,589.3,297.4,226.8,70.6,643.1,297.4,467.4
37.855885,-8.445038,91.0,2011-06-17T19:00,21.1,60,13.1,19.1,0.0,0.0,0.0,0.0,0,1018.2,1007.5,14,0,0,45,0.17,1.0,20.7,30.1,319,320,43.9,24.3,22.8,20.1,17.5,0.086,0.129,0.157,0.203,1,3600.0,179.0,105.0,74.0,406.6,179.0,342.2,113.4,66.5,46.9,406.6,113.4,216.7
37.855885,-8.445038,91.0,2011-06-17T20:00,19.7,67,13.4,18.2,0.0,0.0,0.0,0.0,0,1018.2,1007.5,6,0,0,20,0.09,0.76,17.8,28.7,318,321,40.3,22.5,22.7,20.1,17.5,0.086,0.129,0.157,0.203,0,857.4,36.0,14.0,22.0,118.7,36.0,97.6,0.0,0.0,0.0,0.0,0.0,0.0
37.855885,-8.445038,91.0,2011-06-17T21:00,18.9,72,13.8,17.6,0.0,0.0,0.0,0.0,0,1018.9,1008.1,2,0,0,5,0.05,0.6,17.1,28.2,325,328,33.5,21.1,22.6,20.1,17.5,0.086,0.129,0.157,0.203,0,0.0,0.0,0.0,0.0,0.0,0.0,0.0,0.0,0.0,0.0,0.0,0.0,0.0
37.855885,-8.445038,91.0,2011-06-17T22:00,18.3,77,14.2,17.4,0.0,0.0,0.0,0.0,0,1019.5,1008.7,9,10,0,0,0.03,0.49,15.4,25.5,327,329,31.3,20.2,22.5,20.1,17.5,0.086,0.129,0.157,0.203,0,0.0,0.0,0.0,0.0,0.0,0.0,0.0,0.0,0.0,0.0,0.0,0.0,0.0
37.855885,-8.445038,91.0,2011-06-17T23:00,17.9,81,14.6,17.2,0.0,0.0,0.0,0.0,1,1019.7,1008.9,27,30,0,0,0.03,0.39,15.2,25.6,329,331,28.4,19.6,22.3,20.1,17.5,0.086,0.129,0.157,0.203,0,0.0,0.0,0.0,0.0,0.0,0.0,0.0,0.0,0.0,0.0,0.0,0.0,0.0
37.855885,-8.445038,91.0,2011-06-18T00:00,17.6,84,14.9,17.1,0.0,0.0,0.0,0.0,1,1019.6,1008.8,36,40,0,0,0.02,0.31,14.6,24.2,327,330,26.6,19.2,22.1,20.2,17.5,0.086,0.129,0.157,0.203,0,0.0,0.0,0.0,0.0,0.0,0.0,0.0,0.0,0.0,0.0,0.0,0.0,0.0
37.855885,-8.445038,91.0,2011-06-18T01:00,17.2,88,15.2,16.9,0.0,0.0,0.0,0.0,1,1019.2,1008.4,47,52,0,0,0.01,0.23,13.7,22.9,325,327,24.1,18.7,21.9,20.2,17.5,0.086,0.129,0.157,0.203,0,0.0,0.0,0.0,0.0,0.0,0.0,0.0,0.0,0.0,0.0,0.0,0.0,0.0
37.855885,-8.445038,91.0,2011-06-18T02:00,16.7,92,15.4,16.4,0.0,0.0,0.0,0.0,2,1019.0,1008.1,77,86,0,0,0.0,0.15,14.2,23.1,324,326,21.2,18.3,21.7,20.2,17.5,0.086,0.129,0.157,0.203,0,0.0,0.0,0.0,0.0,0.0,0.0,0.0,0.0,0.0,0.0,0.0,0.0,0.0
37.855885,-8.445038,91.0,2011-06-18T03:00,16.3,95,15.5,15.9,0.0,0.0,0.0,0.0,2,1018.9,1008.0,62,69,0,0,0.0,0.1,15.2,25.0,329,330,22.7,17.9,21.5,20.2,17.5,0.086,0.129,0.157,0.203,0,0.0,0.0,0.0,0.0,0.0,0.0,0.0,0.0,0.0,0.0,0.0,0.0,0.0
37.855885,-8.445038,91.0,2011-06-18T04:00,16.2,96,15.5,15.8,0.0,0.0,0.0,0.0,2,1018.8,1007.9,52,58,0,0,0.0,0.08,15.0,24.3,333,335,24.5,17.8,21.3,20.2,17.5,0.086,0.129,0.157,0.203,0,0.0,0.0,0.0,0.0,0.0,0.0,0.0,0.0,0.0,0.0,0.0,0.0,0.0
37.855885,-8.445038,91.0,2011-06-18T05:00,16.0,92,14.7,15.1,0.0,0.0,0.0,0.0,2,1018.8,1007.9,59,66,0,0,0.0,0.14,16.3,25.4,338,339,29.2,17.7,21.1,20.2,17.5,0.087,0.129,0.157,0.203,0,0.0,0.0,0.0,0.0,0.0,0.0,0.0,0.0,0.0,0.0,0.0,0.0,0.0
37.855885,-8.445038,91.0,2011-06-18T06:00,15.6,85,13.2,14.0,0.0,0.0,0.0,0.0,2,1019.4,1008.5,68,76,0,0,0.04,0.26,17.9,26.0,345,346,31.0,17.6,20.9,20.2,17.5,0.087,0.129,0.157,0.203,1,0.0,14.0,2.0,12.0,19.4,14.0,78.2,31.8,4.5,27.2,33.9,18.2,177.6
37.855885,-8.445038,91.0,2011-06-18T07:00,15.6,76,11.4,13.4,0.0,0.0,0.0,0.0,2,1019.9,1009.0,68,75,0,0,0.08,0.43,18.2,25.9,351,351,34.9,17.8,20.8,20.2,17.5,0.087,0.129,0.157,0.203,1,825.97,76.0,20.0,56.0,87.5,76.0,302.8,107.5,28.3,79.2,87.5,107.5,428.2
37.855885,-8.445038,91.0,2011-06-18T08:00,16.2,67,10.0,13.5,0.0,0.0,0.0,0.0,1,1020.1,1009.2,26,29,0,1,0.17,0.61,18.4,24.9,356,356,37.1,18.7,20.7,20.2,17.5,0.086,0.129,0.157,0.203,1,3600.0,259.0,127.0,132.0,305.3,259.0,551.2,315.6,154.7,160.8,305.3,315.6,671.6
37.855885,-8.445038,91.0,2011-06-18T09:00,17.8,55,8.7,14.9,0.0,0.0,0.0,0.0,0,1020.3,1009.5,0,0,0,0,0.31,0.91,17.7,23.4,356,356,38.2,20.6,20.6,20.1,17.6,0.086,0.129,0.157,0.203,1,3600.0,522.0,375.0,147.0,633.8,522.0,784.0,593.4,426.3,167.1,633.8,593.4,891.2
37.855885,-8.445038,91.0,2011-06-18T10:00,19.8,46,8.0,17.8,0.0,0.0,0.0,0.0,0,1020.0,1009.2,0,0,0,0,0.44,1.23,16.5,21.5,350,351,38.5,22.8,20.7,20.1,17.6,0.086,0.129,0.157,0.203,1,3600.0,736.0,617.0,119.0,829.6,736.0,985.5,800.7,671.3,129.5,829.6,800.7,1072.1
37.855885,-8.445038,91.0,2011-06-18T11:00,21.6,40,7.6,20.1,0.0,0.0,0.0,0.0,0,1020.2,1009.5,0,0,0,0,0.56,1.54,18.0,23.4,348,349,40.3,24.9,20.9,20.1,17.6,0.085,0.128,0.157,0.203,1,3600.0,883.0,767.0,116.0,890.1,883.0,1141.7,929.6,807.5,122.1,890.1,929.6,1202.0
37.855885,-8.445038,91.0,2011-06-18T12:00,23.2,36,7.4,21.9,0.0,0.0,0.0,0.0,0,1020.2,1009.6,0,0,0,0,0.64,1.81,18.4,23.9,348,349,41.4,26.6,21.2,20.1,17.6,0.085,0.128,0.156,0.203,1,3600.0,970.0,848.0,122.0,904.5,970.0,1242.2,993.2,868.3,124.9,904.5,993.2,1271.9
37.855885,-8.445038,91.0,2011-06-18T13:00,24.5,33,7.3,23.5,0.0,0.0,0.0,0.0,0,1019.6,1009.0,0,0,0,0,0.68,2.05,17.7,22.8,347,348,41.0,28.0,21.5,20.1,17.6,0.084,0.127,0.156,0.203,1,3600.0,1003.0,879.0,124.0,909.9,1003.0,1280.1,1000.8,877.1,123.7,909.9,1000.8,1277.2
37.855885,-8.445038,91.0,2011-06-18T14:00,25.5,31,7.3,24.4,0.0,0.0,0.0,0.0,0,1019.3,1008.8,0,0,0,0,0.69,2.24,17.4,22.6,342,343,39.2,29.0,21.8,20.1,17.6,0.083,0.127,0.156,0.203,1,3600.0,975.0,854.0,121.0,903.3,975.0,1252.7,947.6,830.0,117.6,903.3,947.6,1217.5
37.855885,-8.445038,91.0,2011-06-18T15:00,26.0,31,7.6,24.4,0.0,0.0,0.0,0.0,0,1019.1,1008.6,0,0,0,0,0.65,2.31,18.5,24.1,336,338,38.2,29.5,22.1,20.2,17.6,0.083,0.126,0.156,0.203,1,3600.0,891.0,775.0,116.0,883.7,891.0,1162.0,841.0,731.6,109.5,883.7,841.0,1096.8
37.855885,-8.445038,91.0,2011-06-18T16:00,26.0,32,8.0,23.7,0.0,0.0,0.0,0.0,0,1018.8,1008.3,0,0,0,0,0.58,2.28,19.0,25.0,333,335,38.5,29.3,22.4,20.2,17.6,0.082,0.126,0.156,0.203,1,3600.0,756.0,648.0,108.0,846.6,756.0,1014.1,688.4,590.1,98.3,846.6,688.4,923.4
37.855885,-8.445038,91.0,2011-06-18T17:00,25.4,34,8.6,22.3,0.0,0.0,0.0,0.0,0,1018.8,1008.3,0,0,0,0,0.47,2.13,19.7,26.1,332,334,40.0,28.4,22.7,20.2,17.6,0.082,0.126,0.156,0.203,1,3600.0,584.0,486.0,98.0,786.1,584.0,819.1,505.6,420.7,84.8,786.1,505.6,709.1
37.855885,-8.445038,91.0,2011-06-18T18:00,24.4,38,9.0,21.3,0.0,0.0,0.0,0.0,0,1018.6,1008.0,0,0,0,1,0.35,1.91,19.5,26.7,330,333,40.7,27.0,22.8,20.2,17.6,0.082,0.125,0.156,0.203,1,3600.0,392.0,310.0,82.0,695.7,392.0,590.4,311.1,246.0,65.1,695.7,311.1,468.5
37.855885,-8.445038,91.0,2011-06-18T19:00,22.8,43,9.7,20.1,0.0,0.0,0.0,0.0,0,1018.8,1008.2,0,0,0,0,0.22,1.57,17.8,26.3,328,330,38.2,25.2,22.9,20.2,17.6,0.081,0.125,0.155,0.203,1,3600.0,195.0,136.0,59.0,524.8,195.0,343.4,123.8,86.3,37.5,524.8,123.8,218.0
37.855885,-8.445038,91.0,2011-06-18T20:00,21.1,49,9.9,18.5,0.0,0.0,0.0,0.0,0,1018.9,1008.2,0,0,0,0,0.13,1.28,17.2,28.4,327,331,33.5,23.2,22.8,20.2,17.6,0.081,0.125,0.155,0.203,0,1732.18,40.0,21.0,19.0,177.3,40.0,98.2,0.0,0.0,0.0,0.0,0.0,0.0
37.855885,-8.445038,91.0,2011-06-18T21:00,19.7,54,10.0,17.2,0.0,0.0,0.0,0.0,0,1019.7,1008.9,0,0,0,0,0.1,1.06,16.9,28.9,333,337,31.3,21.6,22.7,20.2,17.6,0.081,0.125,0.155,0.203,0,0.0,0.0,0.0,0.0,0.0,0.0,0.0,0.0,0.0,0.0,0.0,0.0,0.0
37.855885,-8.445038,91.0,2011-06-18T22:00,18.6,57,9.8,16.4,0.0,0.0,0.0,0.0,0,1020.2,1009.4,0,0,0,0,0.07,0.93,14.6,26.2,340,344,30.2,20.5,22.6,20.2,17.6,0.081,0.125,0.155,0.203,0,0.0,0.0,0.0,0.0,0.0,0.0,0.0,0.0,0.0,0.0,0.0,0.0,0.0
37.855885,-8.445038,91.0,2011-06-18T23:00,17.5,60,9.6,15.3,0.0,0.0,0.0,0.0,0,1020.5,1009.7,0,0,0,0,0.07,0.81,14.5,26.0,346,350,28.8,19.5,22.4,20.2,17.6,0.081,0.125,0.155,0.203,0,0.0,0.0,0.0,0.0,0.0,0.0,0.0,0.0,0.0,0.0,0.0,0.0,0.0
37.855885,-8.445038,91.0,2011-06-19T00:00,16.6,63,9.4,14.3,0.0,0.0,0.0,0.0,0,1020.0,1009.1,0,0,0,0,0.06,0.7,14.2,25.4,351,353,27.7,18.7,22.2,20.2,17.6,0.081,0.125,0.155,0.203,0,0.0,0.0,0.0,0.0,0.0,0.0,0.0,0.0,0.0,0.0,0.0,0.0,0.0
37.855885,-8.445038,91.0,2011-06-19T01:00,15.9,66,9.5,13.8,0.0,0.0,0.0,0.0,0,1019.8,1008.9,0,0,0,0,0.05,0.62,13.7,24.5,355,358,26.6,18.0,22.0,20.2,17.6,0.081,0.125,0.155,0.203,0,0.0,0.0,0.0,0.0,0.0,0.0,0.0,0.0,0.0,0.0,0.0,0.0,0.0
37.855885,-8.445038,91.0,2011-06-19T02:00,15.3,68,9.5,13.2,0.0,0.0,0.0,0.0,0,1019.2,1008.3,0,0,0,0,0.04,0.55,13.0,23.4,2,4,25.2,17.4,21.7,20.2,17.6,0.081,0.125,0.155,0.203,0,0.0,0.0,0.0,0.0,0.0,0.0,0.0,0.0,0.0,0.0,0.0,0.0,0.0
37.855885,-8.445038,91.0,2011-06-19T03:00,14.8,71,9.5,12.8,0.0,0.0,0.0,0.0,0,1019.1,1008.2,0,0,0,0,0.03,0.49,12.3,22.9,5,7,23.8,16.9,21.5,20.2,17.6,0.081,0.125,0.155,0.203,0,0.0,0.0,0.0,0.0,0.0,0.0,0.0,0.0,0.0,0.0,0.0,0.0,0.0
37.855885,-8.445038,91.0,2011-06-19T04:00,14.4,72,9.4,12.5,0.0,0.0,0.0,0.0,0,1018.7,1007.8,0,0,0,0,0.03,0.46,11.7,22.0,9,11,22.0,16.5,21.2,20.2,17.6,0.081,0.125,0.155,0.203,0,0.0,0.0,0.0,0.0,0.0,0.0,0.0,0.0,0.0,0.0,0.0,0.0,0.0
37.855885,-8.445038,91.0,2011-06-19T05:00,14.0,74,9.5,12.3,0.0,0.0,0.0,0.0,0,1018.5,1007.5,0,0,0,0,0.02,0.42,10.7,21.2,14,15,20.5,16.0,21.0,20.2,17.6,0.081,0.125,0.155,0.203,0,0.0,0.0,0.0,0.0,0.0,0.0,0.0,0.0,0.0,0.0,0.0,0.0,0.0
37.855885,-8.445038,91.0,2011-06-19T06:00,14.0,77,10.0,12.6,0.0,0.0,0.0,0.0,0,1019.2,1008.2,0,0,0,0,0.03,0.37,9.6,17.8,13,18,19.1,15.9,20.7,20.2,17.6,0.081,0.125,0.155,0.203,1,459.31,24.0,11.0,13.0,106.8,24.0,77.9,54.5,25.0,29.5,187.1,31.1,176.9
37.855885,-8.445038,91.0,2011-06-19T07:00,15.6,72,10.5,14.4,0.0,0.0,0.0,0.0,0,1019.2,1008.3,0,0,0,0,0.09,0.5,9.0,13.0,16,19,18.7,17.4,20.6,20.2,17.6,0.081,0.125,0.155,0.203,1,3600.0,163.0,108.0,55.0,473.8,163.0,302.0,230.7,152.8,77.8,473.8,230.7,427.4
37.855885,-8.445038,91.0,2011-06-19T08:00,18.0,63,10.7,16.7,0.0,0.0,0.0,0.0,0,1019.3,1008.5,0,0,0,0,0.21,0.77,10.2,13.4,18,20,22.7,19.7,20.5,20.2,17.6,0.081,0.125,0.155,0.203,1,3600.0,352.0,272.0,80.0,654.7,352.0,550.4,429.0,331.5,97.5,654.7,429.0,670.8
37.855885,-8.445038,91.0,2011-06-19T09:00,20.7,54,11.2,19.5,0.0,0.0,0.0,0.0,0,1018.8,1008.1,0,0,0,1,0.34,1.11,10.6,13.4,18,20,25.2,22.4,20.6,20.2,17.6,0.081,0.125,0.155,0.203,1,3600.0,546.0,448.0,98.0,757.8,546.0,783.3,620.7,509.3,111.4,757.8,620.7,890.5
37.855885,-8.445038,91.0,2011-06-19T10:00,23.5,47,11.5,23.9,0.0,0.0,0.0,0.0,0,1018.7,1008.1,0,0,0,0,0.47,1.53,7.4,9.5,23,25,25.2,25.2,20.8,20.2,17.6,0.08,0.124,0.155,0.203,1,3600.0,720.0,611.0,109.0,822.0,720.0,984.8,783.4,664.8,118.6,822.0,783.4,1071.5
37.855885,-8.445038,91.0,2011-06-19T11:00,25.9,40,11.5,27.2,0.0,0.0,0.0,0.0,0,1018.4,1007.9,0,0,0,0,0.59,1.99,7.0,8.6,12,15,24.1,27.9,21.1,20.2,17.6,0.08,0.124,0.155,0.203,1,3600.0,856.0,740.0,116.0,859.1,856.0,1141.2,901.3,779.1,122.1,859.1,901.3,1201.5
37.855885,-8.445038,91.0,2011-06-19T12:00,27.9,34,10.8,29.6,0.0,0.0,0.0,0.0,0,1018.4,1007.9,0,0,0,0,0.68,2.46,6.8,8.7,360,5,23.8,30.2,21.5,20.2,17.6,0.079,0.123,0.155,0.203,1,3600.0,944.0,823.0,121.0,878.0,944.0,1241.9,966.7,842.8,123.9,878.0,966.7,1271.7
37.855885,-8.445038,91.0,2011-06-19T13:00,29.4,31,10.5,31.1,0.0,0.0,0.0,0.0,0,1018.1,1007.7,0,0,0,0,0.72,2.83,7.3,9.1,349,353,24.1,31.9,22.0,20.2,17.6,0.079,0.123,0.155,0.203,1,3600.0,977.0,856.0,121.0,886.0,977.0,1279.9,974.9,854.2,120.7,886.0,974.9,1277.2
37.855885,-8.445038,91.0,2011-06-19T14:00,30.4,30,10.8,31.6,0.0,0.0,0.0,0.0,0,1017.7,1007.3,0,0,0,0,0.72,3.03,9.1,11.2,342,345,25.2,33.0,22.4,20.2,17.6,0.078,0.122,0.154,0.203,1,3600.0,952.0,832.0,120.0,879.8,952.0,1252.8,925.4,808.7,116.6,879.8,925.4,1217.8
37.855885,-8.445038,91.0,2011-06-19T15:00,30.8,30,11.2,31.4,0.0,0.0,0.0,0.0,0,1017.1,1006.8,0,0,0,0,0.68,3.1,10.5,12.9,338,342,27.0,33.4,22.9,20.2,17.6,0.077,0.122,0.154,0.203,1,3600.0,871.0,755.0,116.0,860.5,871.0,1162.4,822.3,712.8,109.5,860.5,822.3,1097.4
37.855885,-8.445038,91.0,2011-06-19T16:00,30.8,31,11.6,30.6,0.0,0.0,0.0,0.0,0,1017.1,1006.8,0,0,0,0,0.6,3.07,11.4,14.7,332,335,28.1,33.1,23.3,20.2,17.6,0.077,0.121,0.154,0.203,1,3600.0,742.0,633.0,109.0,826.4,742.0,1014.7,675.8,576.5,99.3,826.4,675.8,924.2
37.855885,-8.445038,91.0,2011-06-19T17:00,30.2,33,11.9,28.9,0.0,0.0,0.0,0.0,0,1016.8,1006.4,0,0,0,0,0.49,2.89,13.4,17.1,324,325,29.5,32.1,23.6,20.2,17.6,0.076,0.121,0.154,0.203,1,3600.0,574.0,476.0,98.0,769.0,574.0,820.0,497.1,412.2,84.9,769.0,497.1,710.1
37.855885,-8.445038,91.0,2011-06-19T18:00,29.0,36,12.3,27.5,0.0,0.0,0.0,0.0,0,1016.7,1006.3,0,0,0,0,0.37,2.57,15.0,20.7,318,320,30.2,30.6,23.9,20.3,17.6,0.076,0.121,0.154,0.203,1,3600.0,382.0,299.0,83.0,669.8,382.0,591.4,303.3,237.4,65.9,669.8,303.3,469.6
37.855885,-8.445038,91.0,2011-06-19T19:00,27.0,42,12.9,25.7,0.0,0.0,0.0,0.0,0,1017.2,1006.7,0,0,0,0,0.23,2.07,14.8,22.7,313,317,30.2,28.5,24.0,20.3,17.6,0.076,0.12,0.154,0.203,1,3600.0,192.0,133.0,59.0,511.4,192.0,344.5,122.1,84.6,37.5,511.4,122.1,219.1
37.855885,-8.445038,91.0,2011-06-19T20:00,24.8,49,13.4,24.0,0.0,0.0,0.0,0.0,0,1017.5,1006.9,0,0,0,0,0.11,1.59,12.8,22.9,310,318,27.7,26.3,24.0,20.3,17.6,0.076,0.12,0.154,0.203,0,1739.23,40.0,21.0,19.0,176.7,40.0,98.7,0.0,0.0,0.0,0.0,0.0,0.0
37.855885,-8.445038,91.0,2011-06-19T21:00,23.2,55,13.6,22.7,0.0,0.0,0.0,0.0,0,1018.0,1007.4,4,0,0,12,0.07,1.29,11.2,21.7,315,324,22.3,24.5,24.0,20.3,17.6,0.076,0.12,0.154,0.203,0,0.0,0.0,0.0,0.0,0.0,0.0,0.0,0.0,0.0,0.0,0.0,0.0,0.0
37.855885,-8.445038,91.0,2011-06-19T22:00,22.1,58,13.5,21.8,0.0,0.0,0.0,0.0,0,1018.5,1007.8,5,0,0,16,0.05,1.11,9.7,20.0,318,330,19.1,23.2,23.9,20.3,17.6,0.076,0.12,0.154,0.203,0,0.0,0.0,0.0,0.0,0.0,0.0,0.0,0.0,0.0,0.0,0.0,0.0,0.0
37.855885,-8.445038,91.0,2011-06-19T23:00,21.2,60,13.2,21.1,0.0,0.0,0.0,0.0,0,1018.4,1007.7,12,0,0,39,0.03,1.0,7.5,17.4,325,338,16.6,22.2,23.8,20.3,17.6,0.076,0.12,0.154,0.203,0,0.0,0.0,0.0,0.0,0.0,0.0,0.0,0.0,0.0,0.0,0.0,0.0,0.0
37.855885,-8.445038,91.0,2011-06-20T00:00,20.4,62,12.9,20.3,0.0,0.0,0.0,0.0,0,1018.3,1007.6,11,0,0,38,0.03,0.9,6.9,16.2,332,347,14.0,21.3,23.6,20.3,17.6,0.076,0.12,0.154,0.203,0,0.0,0.0,0.0,0.0,0.0,0.0,0.0,0.0,0.0,0.0,0.0,0.0,0.0
37.855885,-8.445038,91.0,2011-06-20T01:00,19.5,66,13.0,19.4,0.0,0.0,0.0,0.0,0,1018.0,1007.3,7,0,0,23,0.02,0.77,6.8,15.9,342,354,12.6,20.5,23.4,20.4,17.6,0.076,0.12,0.154,0.203,0,0.0,0.0,0.0,0.0,0.0,0.0,0.0,0.0,0.0,0.0,0.0,0.0,0.0
37.855885,-8.445038,91.0,2011-06-20T02:00,18.4,71,13.1,18.4,0.0,0.0,0.0,0.0,0,1017.6,1006.8,17,0,0,58,0.02,0.61,6.9,15.9,354,3,11.5,19.7,23.2,20.4,17.6,0.076,0.12,0.154,0.203,0,0.0,0.0,0.0,0.0,0.0,0.0,0.0,0.0,0.0,0.0,0.0,0.0,0.0
37.855885,-8.445038,91.0,2011-06-20T03:00,17.4,76,13.2,17.4,0.0,0.0,0.0,0.0,1,1017.4,1006.6,24,0,0,80,0.01,0.47,6.5,15.7,6,11,10.8,18.8,22.9,20.4,17.6,0.076,0.12,0.154,0.203,0,0.0,0.0,0.0,0.0,0.0,0.0,0.0,0.0,0.0,0.0,0.0,0.0,0.0
37.855885,-8.445038,91.0,2011-06-20T04:00,16.8,78,12.9,16.8,0.0,0.0,0.0,0.0,1,1017.4,1006.6,22,0,0,72,0.01,0.43,6.6,14.7,13,17,10.4,18.0,22.7,20.4,17.6,0.076,0.12,0.154,0.203,0,0.0,0.0,0.0,0.0,0.0,0.0,0.0,0.0,0.0,0.0,0.0,0.0,0.0
37.855885,-8.445038,91.0,2011-06-20T05:00,16.3,81,13.0,16.2,0.0,0.0,0.0,0.0,0,1017.4,1006.5,18,0,0,61,0.0,0.35,6.7,14.7,16,22,10.1,17.4,22.4,20.4,17.6,0.076,0.12,0.154,0.203,0,0.0,0.0,0.0,0.0,0.0,0.0,0.0,0.0,0.0,0.0,0.0,0.0,0.0
37.855885,-8.445038,91.0,2011-06-20T06:00,16.4,82,13.3,16.5,0.0,0.0,0.0,0.0,0,1017.9,1007.0,18,0,0,61,0.02,0.33,6.0,13.2,17,26,11.2,17.3,22.2,20.4,17.7,0.076,0.12,0.154,0.203,1,268.59,23.0,9.0,14.0,87.6,23.0,77.5,52.3,20.4,31.8,153.8,29.8,176.1
37.855885,-8.445038,91.0,2011-06-20T07:00,19.3,71,14.0,19.7,0.0,0.0,0.0,0.0,0,1018.1,1007.3,14,0,0,45,0.09,0.65,6.0,10.0,25,30,14.0,19.6,22.0,20.4,17.7,0.076,0.12,0.154,0.203,1,3600.0,159.0,104.0,55.0,457.4,159.0,301.2,225.2,147.3,77.9,457.4,225.2,426.6
37.855885,-8.445038,91.0,2011-06-20T08:00,21.8,62,14.2,22.4,0.0,0.0,0.0,0.0,0,1018.5,1007.8,6,0,0,20,0.22,0.98,5.3,7.1,28,30,16.2,22.7,22.0,20.4,17.7,0.076,0.12,0.154,0.203,1,3600.0,348.0,265.0,83.0,638.8,348.0,549.5,424.3,323.1,101.2,638.8,424.3,669.9
37.855885,-8.445038,91.0,2011-06-20T09:00,24.3,55,14.8,25.3,0.0,0.0,0.0,0.0,0,1018.4,1007.8,5,0,0,18,0.35,1.35,3.9,4.8,22,27,16.6,25.5,22.1,20.4,17.7,0.076,0.12,0.153,0.203,1,3600.0,538.0,439.0,99.0,743.2,538.0,782.4,611.8,499.2,112.6,743.2,611.8,889.7
37.855885,-8.445038,91.0,2011-06-20T10:00,26.8,49,15.1,29.3,0.0,0.0,0.0,0.0,0,1018.3,1007.8,1,0,0,2,0.49,1.81,1.9,2.2,338,351,16.2,28.4,22.4,20.4,17.7,0.075,0.12,0.153,0.203,1,3600.0,713.0,603.0,110.0,811.7,713.0,984.0,775.9,656.2,119.7,811.7,775.9,1070.8
37.855885,-8.445038,91.0,2011-06-20T11:00,29.0,43,15.0,32.0,0.0,0.0,0.0,0.0,0,1018.2,1007.8,0,0,0,0,0.61,2.29,3.7,3.9,299,304,17.6,31.1,22.7,20.4,17.7,0.075,0.119,0.153,0.203,1,3600.0,849.0,731.0,118.0,848.9,849.0,1140.6,894.0,769.7,124.3,848.9,894.0,1201.0
37.855885,-8.445038,91.0,2011-06-20T12:00,30.5,38,14.7,33.5,0.0,0.0,0.0,0.0,0,1017.9,1007.5,0,0,0,1,0.7,2.68,6.4,7.2,297,297,20.2,33.2,23.1,20.4,17.7,0.074,0.119,0.153,0.203,1,3600.0,937.0,815.0,122.0,869.6,937.0,1241.5,959.6,834.7,124.9,869.6,959.6,1271.4
37.855885,-8.445038,91.0,2011-06-20T13:00,31.4,36,14.5,34.2,0.0,0.0,0.0,0.0,0,1017.5,1007.2,0,0,0,0,0.74,2.95,8.2,9.7,299,301,22.7,34.6,23.6,20.4,17.7,0.074,0.118,0.153,0.203,1,3600.0,970.0,846.0,124.0,875.6,970.0,1279.8,968.1,844.3,123.8,875.6,968.1,1277.2
37.855885,-8.445038,91.0,2011-06-20T14:00,32.0,34,14.4,34.2,0.0,0.0,0.0,0.0,0,1017.1,1006.8,0,0,0,0,0.74,3.12,10.4,12.7,304,305,24.8,35.3,24.0,20.4,17.7,0.073,0.118,0.152,0.203,1,3600.0,947.0,824.0,123.0,871.1,947.0,1252.9,920.6,801.0,119.6,871.1,920.6,1218.0
37.855885,-8.445038,91.0,2011-06-20T15:00,32.2,34,14.3,33.4,0.0,0.0,0.0,0.0,0,1016.7,1006.4,0,0,0,0,0.7,3.17,13.2,16.2,305,307,28.1,35.4,24.5,20.4,17.7,0.073,0.117,0.152,0.203,1,3600.0,868.0,750.0,118.0,854.4,868.0,1162.7,819.6,708.1,111.4,854.4,819.6,1097.8
37.855885,-8.445038,91.0,2011-06-20T16:00,31.8,35,14.4,32.0,0.0,0.0,0.0,0.0,0,1016.6,1006.3,0,0,0,0,0.62,3.05,15.3,19.6,309,311,31.3,34.8,24.8,20.5,17.7,0.072,0.117,0.152,0.203,1,3600.0,740.0,630.0,110.0,821.9,740.0,1015.3,674.1,573.9,100.2,821.9,674.1,924.9
37.855885,-8.445038,91.0,2011-06-20T17:00,31.0,37,14.7,30.2,0.0,0.0,0.0,0.0,0,1016.5,1006.2,0,0,0,0,0.51,2.81,16.8,22.4,312,314,33.5,33.6,25.1,20.5,17.7,0.072,0.116,0.152,0.203,1,3600.0,573.0,474.0,99.0,764.9,573.0,820.8,496.3,410.6,85.8,764.9,496.3,710.9
37.855885,-8.445038,91.0,2011-06-20T18:00,29.6,42,15.4,28.9,0.0,0.0,0.0,0.0,0,1016.5,1006.1,0,0,0,0,0.37,2.4,17.1,23.4,312,315,34.2,31.9,25.3,20.5,17.7,0.072,0.116,0.152,0.203,1,3600.0,383.0,300.0,83.0,670.9,383.0,592.3,304.3,238.3,65.9,670.9,304.3,470.6
37.855885,-8.445038,91.0,2011-06-20T19:00,27.5,50,16.0,27.3,0.0,0.0,0.0,0.0,0,1016.7,1006.3,0,0,0,0,0.22,1.84,15.5,22.9,314,318,34.2,29.7,25.4,20.5,17.7,0.072,0.116,0.152,0.203,1,3600.0,193.0,134.0,59.0,513.7,193.0,345.5,123.0,85.4,37.6,513.7,123.0,220.2
37.855885,-8.445038,91.0,2011-06-20T20:00,25.7,56,16.2,25.8,0.0,0.0,0.0,0.0,0,1016.6,1006.1,0,0,0,0,0.11,1.46,13.8,24.4,319,326,29.5,27.4,25.4,20.5,17.7,0.072,0.116,0.152,0.203,0,1745.56,41.0,21.0,20.0,176.1,41.0,99.2,0.0,0.0,0.0,0.0,0.0,0.0
37.855885,-8.445038,91.0,2011-06-20T21:00,24.3,60,16.0,24.4,0.0,0.0,0.0,0.0,0,1017.3,1006.7,0,0,0,0,0.07,1.23,13.1,24.5,328,336,25.2,25.7,25.4,20.6,17.7,0.071,0.116,0.152,0.203,0,0.0,0.0,0.0,0.0,0.0,0.0,0.0,0.0,0.0,0.0,0.0,0.0,0.0
37.855885,-8.445038,91.0,2011-06-20T22:00,23.3,62,15.6,23.3,0.0,0.0,0.0,0.0,0,1017.8,1007.2,0,0,0,0,0.06,1.09,12.4,24.0,334,341,23.4,24.4,25.2,20.6,17.7,0.071,0.116,0.152,0.203,0,0.0,0.0,0.0,0.0,0.0,0.0,0.0,0.0,0.0,0.0,0.0,0.0,0.0
37.855885,-8.445038,91.0,2011-06-20T23:00,22.3,64,15.0,22.3,0.0,0.0,0.0,0.0,0,1018.0,1007.4,0,0,0,0,0.05,0.98,11.4,22.4,342,349,22.3,23.4,25.1,20.6,17.7,0.071,0.116,0.152,0.203,0,0.0,0.0,0.0,0.0,0.0,0.0,0.0,0.0,0.0,0.0,0.0,0.0,0.0
37.855885,-8.445038,91.0,2011-06-21T00:00,21.3,66,14.6,21.3,0.0,0.0,0.0,0.0,0,1017.8,1007.1,0,0,0,0,0.04,0.87,10.3,21.0,348,354,20.5,22.5,24.9,20.6,17.7,0.071,0.116,0.152,0.203,0,0.0,0.0,0.0,0.0,0.0,0.0,0.0,0.0,0.0,0.0,0.0,0.0,0.0
37.855885,-8.445038,91.0,2011-06-21T01:00,20.3,68,14.2,20.2,0.0,0.0,0.0,0.0,0,1017.6,1006.9,0,0,0,0,0.03,0.76,9.8,20.2,352,359,18.4,21.7,24.7,20.6,17.7,0.071,0.116,0.152,0.203,0,0.0,0.0,0.0,0.0,0.0,0.0,0.0,0.0,0.0,0.0,0.0,0.0,0.0
37.855885,-8.445038,91.0,2011-06-21T02:00,19.4,71,14.1,19.4,0.0,0.0,0.0,0.0,0,1017.3,1006.6,0,0,0,0,0.03,0.65,9.4,19.4,356,1,16.2,20.9,24.5,20.6,17.7,0.071,0.116,0.152,0.203,0,0.0,0.0,0.0,0.0,0.0,0.0,0.0,0.0,0.0,0.0,0.0,0.0,0.0
37.855885,-8.445038,91.0,2011-06-21T03:00,18.6,75,14.0,18.5,0.0,0.0,0.0,0.0,0,1017.2,1006.4,0,0,0,0,0.02,0.54,9.0,19.1,358,3,15.5,20.1,24.2,20.7,17.7,0.071,0.116,0.152,0.203,0,0.0,0.0,0.0,0.0,0.0,0.0,0.0,0.0,0.0,0.0,0.0,0.0,0.0
37.855885,-8.445038,91.0,2011-06-21T04:00,17.8,79,14.1,17.8,0.0,0.0,0.0,0.0,0,1017.2,1006.4,0,0,0,0,0.01,0.43,8.6,18.5,2,8,15.1,19.4,23.9,20.7,17.7,0.071,0.116,0.152,0.203,0,0.0,0.0,0.0,0.0,0.0,0.0,0.0,0.0,0.0,0.0,0.0,0.0,0.0
37.855885,-8.445038,91.0,2011-06-21T05:00,17.0,84,14.2,17.1,0.0,0.0,0.0,0.0,0,1017.0,1006.2,0,0,0,0,0.0,0.32,8.4,17.7,7,13,14.4,18.8,23.7,20.7,17.7,0.072,0.116,0.152,0.203,0,0.0,0.0,0.0,0.0,0.0,0.0,0.0,0.0,0.0,0.0,0.0,0.0,0.0
37.855885,-8.445038,91.0,2011-06-21T06:00,16.6,87,14.4,16.7,0.0,0.0,0.0,0.0,0,1017.5,1006.7,0,0,0,0,0.02,0.25,9.4,17.0,7,13,14.4,18.4,23.4,20.7,17.7,0.072,0.116,0.152,0.203,1,456.38,24.0,11.0,13.0,107.4,24.0,77.1,54.6,25.0,29.6,189.0,31.0,175.2
37.855885,-8.445038,91.0,2011-06-21T07:00,18.5,79,14.8,18.8,0.0,0.0,0.0,0.0,0,1017.7,1006.9,0,0,0,0,0.09,0.45,9.3,13.4,13,14,19.4,20.2,23.2,20.7,17.7,0.072,0.116,0.152,0.203,1,3600.0,162.0,108.0,54.0,476.3,162.0,300.3,229.6,153.1,76.5,476.3,229.6,425.6
37.855885,-8.445038,91.0,2011-06-21T08:00,20.7,70,15.0,21.1,0.0,0.0,0.0,0.0,0,1017.9,1007.2,0,0,0,0,0.21,0.73,8.6,11.4,15,18,20.9,22.4,23.1,20.7,17.7,0.071,0.116,0.152,0.203,1,3600.0,353.0,273.0,80.0,659.1,353.0,548.6,430.5,332.9,97.6,659.1,430.5,669.0
37.855885,-8.445038,91.0,2011-06-21T09:00,23.3,60,15.1,23.8,0.0,0.0,0.0,0.0,0,1018.0,1007.4,0,0,0,0,0.35,1.15,8.2,10.6,15,18,21.6,25.2,23.2,20.7,17.7,0.071,0.116,0.152,0.203,1,3600.0,547.0,450.0,97.0,762.6,547.0,781.5,622.1,511.8,110.3,762.6,622.1,888.8
37.855885,-8.445038,91.0,2011-06-21T10:00,26.1,49,14.7,27.6,0.0,0.0,0.0,0.0,0,1017.7,1007.2,0,0,0,0,0.5,1.7,7.2,9.0,360,5,22.3,28.1,23.4,20.7,17.7,0.071,0.115,0.151,0.203,1,3600.0,722.0,614.0,108.0,827.1,722.0,983.2,785.8,668.3,117.5,827.1,785.8,1070.1
37.855885,-8.445038,91.0,2011-06-21T11:00,28.4,41,14.1,30.3,0.0,0.0,0.0,0.0,0,1017.7,1007.3,2,0,0,5,0.62,2.27,8.8,10.8,341,345,23.4,30.8,23.6,20.7,17.7,0.071,0.115,0.151,0.203,1,3600.0,860.0,744.0,116.0,864.4,860.0,1140.0,905.7,783.5,122.2,864.4,905.7,1200.5
37.855885,-8.445038,91.0,2011-06-21T12:00,30.2,36,13.4,32.0,0.0,0.0,0.0,0.0,0,1017.8,1007.4,4,0,0,13,0.72,2.76,10.5,12.6,333,336,24.1,33.0,24.0,20.7,17.7,0.07,0.114,0.151,0.203,1,3600.0,950.0,828.0,122.0,883.6,950.0,1241.1,973.0,848.1,125.0,883.6,973.0,1271.1
37.855885,-8.445038,91.0,2011-06-21T13:00,31.5,32,12.6,33.0,0.0,0.0,0.0,0.0,0,1017.5,1007.2,4,0,0,13,0.77,3.16,11.8,14.7,329,332,25.2,34.7,24.4,20.7,17.7,0.07,0.114,0.151,0.202,1,3600.0,985.0,862.0,123.0,892.2,985.0,1279.6,983.1,860.4,122.8,892.2,983.1,1277.2
37.855885,-8.445038,91.0,2011-06-21T14:00,32.3,29,11.8,33.1,0.0,0.0,0.0,0.0,0,1017.3,1007.0,0,0,0,0,0.78,3.46,13.5,16.5,326,328,27.7,35.6,24.8,20.8,17.7,0.069,0.113,0.151,0.202,1,3600.0,962.0,840.0,122.0,887.9,962.0,1253.0,935.3,816.7,118.6,887.9,935.3,1218.2
37.855885,-8.445038,91.0,2011-06-21T15:00,32.5,27,11.1,32.5,0.0,0.0,0.0,0.0,0,1016.8,1006.5,0,0,0,1,0.74,3.57,14.7,18.2,324,326,30.2,35.8,25.2,20.8,17.7,0.069,0.113,0.15,0.202,1,3600.0,883.0,768.0,115.0,874.5,883.0,1163.0,833.8,725.2,108.6,874.5,833.8,1098.3
37.855885,-8.445038,91.0,2011-06-21T16:00,32.2,27,10.8,31.2,0.0,0.0,0.0,0.0,0,1017.1,1006.8,5,0,0,18,0.66,3.51,15.9,20.4,322,324,31.7,35.2,25.5,20.8,17.7,0.068,0.112,0.15,0.202,1,3600.0,754.0,647.0,107.0,843.5,754.0,1015.9,686.9,589.5,97.5,843.5,686.9,925.5
37.855885,-8.445038,91.0,2011-06-21T17:00,31.5,28,11.0,29.5,0.0,0.0,0.0,0.0,0,1016.5,1006.2,19,0,0,64,0.54,3.31,16.7,22.0,323,325,32.0,34.1,25.8,20.8,17.7,0.068,0.112,0.15,0.202,1,3600.0,586.0,489.0,97.0,788.3,586.0,821.5,507.7,423.7,84.0,788.3,507.7,711.8
37.855885,-8.445038,91.0,2011-06-21T18:00,30.2,32,11.8,28.3,0.0,0.0,0.0,0.0,1,1016.5,1006.1,23,0,0,76,0.4,2.91,16.9,23.5,322,324,31.3,32.5,26.0,20.8,17.7,0.068,0.112,0.15,0.202,1,3600.0,394.0,312.0,82.0,696.6,394.0,593.2,313.2,248.0,65.2,696.6,313.2,471.5
37.855885,-8.445038,91.0,2011-06-21T19:00,27.3,42,13.4,26.0,0.0,0.0,0.0,0.0,0,1016.7,1006.2,8,0,0,26,0.24,2.1,16.4,25.0,320,324,33.8,30.0,26.0,20.8,17.7,0.068,0.112,0.15,0.202,1,3600.0,198.0,136.0,62.0,519.8,198.0,346.5,126.4,86.8,39.6,519.8,126.4,221.1
37.855885,-8.445038,91.0,2011-06-21T20:00,25.1,49,13.7,24.0,0.0,0.0,0.0,0.0,0,1017.0,1006.5,2,0,0,8,0.13,1.62,15.7,27.5,323,328,31.3,27.5,26.0,20.9,17.7,0.068,0.112,0.15,0.202,0,1819.24,42.0,22.0,20.0,183.9,42.0,99.7,0.0,0.0,0.0,0.0,0.0,0.0
37.855885,-8.445038,91.0,2011-06-21T21:00,23.6,53,13.5,22.6,0.0,0.0,0.0,0.0,0,1017.9,1007.3,4,0,0,13,0.09,1.37,14.3,26.6,332,337,28.4,25.6,25.9,20.9,17.7,0.068,0.112,0.15,0.202,0,0.0,0.0,0.0,0.0,0.0,0.0,0.0,0.0,0.0,0.0,0.0,0.0,0.0
37.855885,-8.445038,91.0,2011-06-21T22:00,22.5,56,13.3,21.5,0.0,0.0,0.0,0.0,0,1018.5,1007.9,2,0,0,8,0.08,1.2,13.6,25.5,338,344,25.9,24.2,25.8,20.9,17.7,0.068,0.112,0.15,0.202,0,0.0,0.0,0.0,0.0,0.0,0.0,0.0,0.0,0.0,0.0,0.0,0.0,0.0
37.855885,-8.445038,91.0,2011-06-21T23:00,21.4,59,13.1,20.4,0.0,0.0,0.0,0.0,0,1018.7,1008.0,2,0,0,5,0.07,1.05,13.7,25.8,342,347,24.1,23.1,25.6,20.9,17.8,0.068,0.112,0.15,0.202,0,0.0,0.0,0.0,0.0,0.0,0.0,0.0,0.0,0.0,0.0,0.0,0.0,0.0
37.855885,-8.445038,91.0,2011-06-22T00:00,20.5,63,13.1,19.5,0.0,0.0,0.0,0.0,0,1018.6,1007.9,3,0,0,9,0.06,0.9,13.6,25.1,348,352,22.7,22.2,25.3,20.9,17.8,0.068,0.112,0.15,0.202,0,0.0,0.0,0.0,0.0,0.0,0.0,0.0,0.0,0.0,0.0,0.0,0.0,0.0
37.855885,-8.445038,91.0,2011-06-22T01:00,19.6,67,13.3,18.6,0.0,0.0,0.0,0.0,0,1018.3,1007.6,7,0,0,22,0.05,0.75,13.5,24.9,351,356,20.5,21.3,25.1,20.9,17.8,0.068,0.112,0.15,0.202,0,0.0,0.0,0.0,0.0,0.0,0.0,0.0,0.0,0.0,0.0,0.0,0.0,0.0
37.855885,-8.445038,91.0,2011-06-22T02:00,18.8,72,13.7,18.0,0.0,0.0,0.0,0.0,1,1018.1,1007.3,22,2,0,67,0.04,0.6,13.3,24.8,357,360,20.2,20.6,24.9,21.0,17.8,0.068,0.112,0.15,0.202,0,0.0,0.0,0.0,0.0,0.0,0.0,0.0,0.0,0.0,0.0,0.0,0.0,0.0
37.855885,-8.445038,91.0,2011-06-22T03:00,18.1,77,14.1,17.5,0.0,0.0,0.0,0.0,0,1018.3,1007.5,18,4,0,48,0.03,0.47,13.0,23.9,5,7,20.5,20.0,24.6,21.0,17.8,0.068,0.112,0.15,0.202,0,0.0,0.0,0.0,0.0,0.0,0.0,0.0,0.0,0.0,0.0,0.0,0.0,0.0
37.855885,-8.445038,91.0,2011-06-22T04:00,17.6,82,14.5,17.2,0.0,0.0,0.0,0.0,0,1018.0,1007.2,5,4,0,6,0.02,0.36,12.4,23.2,8,12,20.9,19.5,24.3,21.0,17.8,0.068,0.112,0.15,0.202,0,0.0,0.0,0.0,0.0,0.0,0.0,0.0,0.0,0.0,0.0,0.0,0.0,0.0
37.855885,-8.445038,91.0,2011-06-22T05:00,17.2,85,14.6,16.9,0.0,0.0,0.0,0.0,0,1018.6,1007.8,0,0,0,0,0.01,0.3,12.1,23.1,12,14,20.2,19.0,24.1,21.0,17.8,0.068,0.112,0.15,0.202,0,0.0,0.0,0.0,0.0,0.0,0.0,0.0,0.0,0.0,0.0,0.0,0.0,0.0
37.855885,-8.445038,91.0,2011-06-22T06:00,17.1,86,14.7,16.8,0.0,0.0,0.0,0.0,0,1018.7,1007.9,0,0,0,0,0.03,0.28,12.9,22.9,13,16,20.2,18.9,23.8,21.0,17.8,0.068,0.112,0.15,0.202,1,361.33,24.0,10.0,14.0,98.0,24.0,76.6,54.6,22.7,31.8,172.8,31.0,174.3
37.855885,-8.445038,91.0,2011-06-22T07:00,18.7,78,14.9,18.4,0.0,0.0,0.0,0.0,0,1018.9,1008.1,0,0,0,0,0.1,0.47,13.2,19.5,17,19,25.9,20.2,23.6,21.0,17.8,0.068,0.112,0.15,0.202,1,3600.0,160.0,106.0,54.0,469.0,160.0,299.3,227.0,150.4,76.6,469.0,227.0,424.6
37.855885,-8.445038,91.0,2011-06-22T08:00,20.9,67,14.5,20.4,0.0,0.0,0.0,0.0,0,1019.2,1008.5,1,0,0,2,0.22,0.83,13.6,18.3,17,20,28.8,22.4,23.5,21.0,17.8,0.068,0.112,0.15,0.202,1,3600.0,351.0,273.0,78.0,660.2,351.0,547.6,428.2,333.0,95.2,660.2,428.2,668.0
37.855885,-8.445038,91.0,2011-06-22T09:00,23.4,56,14.1,22.8,0.0,0.0,0.0,0.0,0,1019.1,1008.5,5,0,0,18,0.37,1.27,13.3,17.8,13,14,29.9,25.0,23.5,21.0,17.8,0.068,0.111,0.15,0.202,1,3600.0,545.0,451.0,94.0,765.1,545.0,780.6,620.0,513.0,106.9,765.1,620.0,887.9
37.855885,-8.445038,91.0,2011-06-22T10:00,25.9,46,13.3,25.9,0.0,0.0,0.0,0.0,0,1019.1,1008.6,6,0,0,19,0.51,1.81,13.3,17.0,2,5,31.0,27.7,23.7,21.0,17.8,0.067,0.111,0.15,0.202,1,3600.0,720.0,614.0,106.0,827.6,720.0,982.4,783.7,668.4,115.4,827.6,783.7,1069.4
37.855885,-8.445038,91.0,2011-06-22T11:00,28.0,38,12.3,28.3,0.0,0.0,0.0,0.0,0,1018.9,1008.4,4,0,0,12,0.64,2.35,14.1,18.1,354,355,32.8,30.2,23.9,21.0,17.8,0.067,0.111,0.149,0.202,1,3600.0,857.0,741.0,116.0,861.3,857.0,1139.3,902.6,780.4,122.2,861.3,902.6,1200.0
37.855885,-8.445038,91.0,2011-06-22T12:00,29.5,33,11.6,29.9,0.0,0.0,0.0,0.0,0,1019.1,1008.7,11,0,0,36,0.73,2.76,15.4,19.7,349,351,34.9,32.2,24.2,21.0,17.8,0.067,0.11,0.149,0.202,1,3600.0,947.0,826.0,121.0,881.7,947.0,1240.6,970.0,846.1,123.9,881.7,970.0,1270.8
37.855885,-8.445038,91.0,2011-06-22T13:00,30.6,30,11.1,30.8,0.0,0.0,0.0,0.0,0,1018.8,1008.4,3,0,0,11,0.78,3.06,16.1,20.8,344,346,35.6,33.7,24.5,21.0,17.8,0.066,0.11,0.149,0.202,1,3600.0,981.0,859.0,122.0,889.1,981.0,1279.4,979.2,857.4,121.8,889.1,979.2,1277.1
37.855885,-8.445038,91.0,2011-06-22T14:00,31.3,28,10.7,31.1,0.0,0.0,0.0,0.0,0,1018.6,1008.3,0,0,0,0,0.78,3.27,17.0,21.7,339,341,36.4,34.6,24.9,21.1,17.8,0.066,0.109,0.149,0.202,1,3600.0,956.0,836.0,120.0,883.5,956.0,1253.0,929.5,812.9,116.7,883.5,929.5,1218.4
37.855885,-8.445038,91.0,2011-06-22T15:00,31.4,28,10.5,30.5,0.0,0.0,0.0,0.0,0,1018.5,1008.2,0,0,0,0,0.74,3.33,18.5,23.8,333,335,37.8,34.8,25.2,21.1,17.8,0.066,0.109,0.149,0.202,1,3600.0,877.0,761.0,116.0,866.2,877.0,1163.3,828.3,718.7,109.6,866.2,828.3,1098.7
37.855885,-8.445038,91.0,2011-06-22T16:00,31.0,29,10.6,29.1,0.0,0.0,0.0,0.0,0,1018.3,1008.0,0,0,0,1,0.66,3.2,20.8,27.4,332,333,40.7,34.3,25.5,21.1,17.8,0.066,0.109,0.148,0.202,1,3600.0,747.0,637.0,110.0,829.9,747.0,1016.4,680.7,580.4,100.2,829.9,680.7,926.1
37.855885,-8.445038,91.0,2011-06-22T17:00,30.0,31,10.9,27.1,0.0,0.0,0.0,0.0,0,1018.4,1008.0,0,0,0,0,0.55,2.93,22.4,30.4,332,334,42.8,33.1,25.7,21.1,17.8,0.065,0.108,0.148,0.202,1,3600.0,575.0,470.0,105.0,757.0,575.0,822.2,498.3,407.3,91.0,757.0,498.3,712.5
37.855885,-8.445038,91.0,2011-06-22T18:00,28.5,34,11.2,25.5,0.0,0.0,0.0,0.0,0,1018.5,1008.1,2,0,0,6,0.42,2.56,22.4,31.3,334,336,42.8,31.4,25.9,21.1,17.8,0.065,0.108,0.148,0.202,1,3600.0,387.0,300.0,87.0,668.8,387.0,594.0,307.7,238.6,69.2,668.8,307.7,472.3
37.855885,-8.445038,91.0,2011-06-22T19:00,25.9,40,11.3,23.2,0.0,0.0,0.0,0.0,0,1019.0,1008.5,7,0,0,24,0.27,2.0,20.6,30.6,335,336,43.2,29.0,25.9,21.1,17.8,0.065,0.108,0.148,0.202,1,3600.0,197.0,137.0,60.0,522.3,197.0,347.3,125.9,87.6,38.4,522.3,125.9,222.0
37.855885,-8.445038,91.0,2011-06-22T20:00,23.8,44,10.9,21.2,0.0,0.0,0.0,0.0,0,1019.3,1008.7,8,0,0,28,0.16,1.65,19.4,32.3,338,341,39.2,26.6,25.9,21.2,17.8,0.065,0.108,0.148,0.202,0,1832.0,42.0,22.0,20.0,183.4,42.0,100.1,0.0,0.0,0.0,0.0,0.0,0.0
37.855885,-8.445038,91.0,2011-06-22T21:00,22.0,47,10.2,19.3,0.0,0.0,0.0,0.0,0,1019.9,1009.2,7,0,0,22,0.13,1.4,19.1,31.2,344,346,36.4,24.7,25.7,21.2,17.8,0.065,0.108,0.148,0.202,0,0.0,0.0,0.0,0.0,0.0,0.0,0.0,0.0,0.0,0.0,0.0,0.0,0.0
37.855885,-8.445038,91.0,2011-06-22T22:00,20.4,49,9.4,17.7,0.0,0.0,0.0,0.0,0,1020.7,1010.0,2,0,0,8,0.11,1.22,17.3,28.2,343,346,35.3,23.1,25.6,21.2,17.8,0.065,0.108,0.148,0.202,0,0.0,0.0,0.0,0.0,0.0,0.0,0.0,0.0,0.0,0.0,0.0,0.0,0.0
37.855885,-8.445038,91.0,2011-06-22T23:00,18.9,52,8.8,16.0,0.0,0.0,0.0,0.0,0,1020.8,1010.0,5,0,0,17,0.1,1.04,17.1,27.5,345,349,33.1,21.8,25.3,21.2,17.8,0.065,0.108,0.148,0.202,0,0.0,0.0,0.0,0.0,0.0,0.0,0.0,0.0,0.0,0.0,0.0,0.0,0.0
37.855885,-8.445038,91.0,2011-06-23T00:00,17.6,55,8.5,14.8,0.0,0.0,0.0,0.0,0,1020.5,1009.7,0,0,0,0,0.08,0.9,16.5,26.5,350,352,31.3,20.6,25.1,21.2,17.8,0.065,0.108,0.148,0.202,0,0.0,0.0,0.0,0.0,0.0,0.0,0.0,0.0,0.0,0.0,0.0,0.0,0.0
37.855885,-8.445038,91.0,2011-06-23T01:00,16.2,60,8.4,13.4,0.0,0.0,0.0,0.0,0,1020.2,1009.3,0,0,0,0,0.07,0.74,16.3,26.4,352,354,30.2,19.5,24.8,21.2,17.8,0.065,0.108,0.148,0.202,0,0.0,0.0,0.0,0.0,0.0,0.0,0.0,0.0,0.0,0.0,0.0,0.0,0.0
37.855885,-8.445038,91.0,2011-06-23T02:00,15.2,64,8.5,12.4,0.0,0.0,0.0,0.0,0,1019.9,1009.0,0,0,0,0,0.06,0.62,16.3,26.7,355,356,30.6,18.6,24.5,21.2,17.8,0.065,0.108,0.148,0.202,0,0.0,0.0,0.0,0.0,0.0,0.0,0.0,0.0,0.0,0.0,0.0,0.0,0.0
37.855885,-8.445038,91.0,2011-06-23T03:00,14.5,68,8.6,11.7,0.0,0.0,0.0,0.0,0,1019.9,1008.9,0,0,0,0,0.05,0.53,16.2,27.0,356,358,30.2,17.8,24.2,21.2,17.8,0.065,0.108,0.148,0.202,0,0.0,0.0,0.0,0.0,0.0,0.0,0.0,0.0,0.0,0.0,0.0,0.0,0.0
37.855885,-8.445038,91.0,2011-06-23T04:00,13.9,71,8.7,11.2,0.0,0.0,0.0,0.0,0,1020.1,1009.1,1,1,0,0,0.04,0.47,15.9,27.0,356,358,28.8,17.1,23.8,21.2,17.8,0.065,0.108,0.148,0.202,0,0.0,0.0,0.0,0.0,0.0,0.0,0.0,0.0,0.0,0.0,0.0,0.0,0.0
37.855885,-8.445038,91.0,2011-06-23T05:00,13.5,73,8.7,10.8,0.0,0.0,0.0,0.0,0,1020.4,1009.4,2,2,0,0,0.04,0.42,15.9,27.4,356,357,28.1,16.5,23.5,21.3,17.8,0.065,0.108,0.148,0.202,0,0.0,0.0,0.0,0.0,0.0,0.0,0.0,0.0,0.0,0.0,0.0,0.0,0.0
37.855885,-8.445038,91.0,2011-06-23T06:00,13.4,74,9.0,10.9,0.0,0.0,0.0,0.0,0,1020.6,1009.6,0,0,0,0,0.05,0.39,15.2,27.4,356,358,27.7,16.3,23.2,21.3,17.8,0.065,0.108,0.148,0.202,1,544.76,25.0,12.0,13.0,118.0,25.0,76.1,56.9,27.3,29.6,208.8,32.2,173.2
37.855885,-8.445038,91.0,2011-06-23T07:00,14.6,72,9.5,11.9,0.0,0.0,0.0,0.0,0,1020.7,1009.7,0,0,0,0,0.1,0.47,17.3,25.2,359,359,32.8,17.3,22.9,21.3,17.8,0.065,0.108,0.148,0.202,1,3600.0,170.0,114.0,56.0,506.1,170.0,298.2,241.4,161.9,79.5,506.1,241.4,423.5
37.855885,-8.445038,91.0,2011-06-23T08:00,16.5,62,9.3,13.6,0.0,0.0,0.0,0.0,0,1020.8,1009.9,0,0,0,0,0.21,0.7,18.0,24.8,359,359,37.1,19.2,22.8,21.3,17.8,0.065,0.108,0.148,0.202,1,3600.0,360.0,268.0,92.0,649.3,360.0,546.5,439.4,327.1,112.3,649.3,439.4,667.0
37.855885,-8.445038,91.0,2011-06-23T09:00,18.8,53,9.0,16.0,0.0,0.0,0.0,0.0,0,1020.5,1009.7,0,0,0,0,0.34,1.02,18.1,24.2,355,357,38.2,21.6,22.7,21.3,17.8,0.065,0.108,0.148,0.202,1,3600.0,570.0,472.0,98.0,801.7,570.0,779.6,648.5,537.0,111.5,801.7,648.5,887.0
37.855885,-8.445038,91.0,2011-06-23T10:00,21.1,45,8.8,19.1,0.0,0.0,0.0,0.0,0,1019.9,1009.2,0,0,0,0,0.47,1.37,17.8,23.6,352,353,38.9,24.2,22.7,21.3,17.9,0.065,0.107,0.148,0.202,1,3600.0,749.0,640.0,109.0,863.3,749.0,981.6,815.4,696.8,118.7,863.3,815.4,1068.6
37.855885,-8.445038,91.0,2011-06-23T11:00,23.3,38,8.3,22.0,0.0,0.0,0.0,0.0,0,1020.0,1009.4,0,0,0,0,0.59,1.76,17.5,22.9,352,353,38.9,26.7,22.9,21.3,17.9,0.065,0.107,0.148,0.202,1,3600.0,890.0,772.0,118.0,897.7,890.0,1138.6,937.5,813.2,124.3,897.7,937.5,1199.4
37.855885,-8.445038,91.0,2011-06-23T12:00,25.2,33,7.8,24.4,0.0,0.0,0.0,0.0,0,1019.6,1009.0,0,0,0,0,0.68,2.15,16.9,21.8,349,351,38.2,29.0,23.1,21.3,17.9,0.064,0.107,0.147,0.202,1,3600.0,981.0,859.0,122.0,917.1,981.0,1240.2,1005.0,880.0,125.0,917.1,1005.0,1270.5
37.855885,-8.445038,91.0,2011-06-23T13:00,26.7,30,7.5,25.9,0.0,0.0,0.0,0.0,0,1019.1,1008.6,0,0,0,0,0.74,2.47,17.3,22.4,343,345,37.8,30.8,23.3,21.3,17.9,0.064,0.106,0.147,0.202,1,3600.0,1015.0,893.0,122.0,924.3,1015.0,1279.2,1013.3,891.5,121.8,924.3,1013.3,1277.0
37.855885,-8.445038,91.0,2011-06-23T14:00,27.7,28,7.3,26.6,0.0,0.0,0.0,0.0,0,1018.8,1008.3,0,0,0,0,0.74,2.68,18.0,23.5,340,342,39.2,31.9,23.6,21.3,17.9,0.064,0.106,0.147,0.202,1,3600.0,989.0,868.0,121.0,917.2,989.0,1253.1,961.7,844.1,117.7,917.2,961.7,1218.5
37.855885,-8.445038,91.0,2011-06-23T15:00,28.2,27,7.2,26.6,0.0,0.0,0.0,0.0,0,1018.4,1008.0,0,0,0,0,0.71,2.81,18.3,23.8,338,340,39.6,32.3,23.9,21.3,17.9,0.064,0.106,0.147,0.202,1,3600.0,906.0,790.0,116.0,899.0,906.0,1163.6,855.7,746.2,109.6,899.0,855.7,1099.0
37.855885,-8.445038,91.0,2011-06-23T16:00,28.3,27,7.4,26.0,0.0,0.0,0.0,0.0,0,1018.2,1007.8,0,0,0,0,0.63,2.81,18.7,25.0,335,337,40.0,32.1,24.2,21.3,17.9,0.064,0.105,0.147,0.202,1,3600.0,773.0,664.0,109.0,864.6,773.0,1016.8,704.5,605.1,99.3,864.6,704.5,926.7
37.855885,-8.445038,91.0,2011-06-23T17:00,27.7,29,7.9,24.5,0.0,0.0,0.0,0.0,0,1017.6,1007.1,0,0,0,0,0.52,2.64,19.7,26.2,332,333,41.4,31.2,24.4,21.3,17.9,0.063,0.105,0.147,0.202,1,3600.0,600.0,502.0,98.0,807.8,600.0,822.8,520.1,435.1,84.9,807.8,520.1,713.2
37.855885,-8.445038,91.0,2011-06-23T18:00,26.5,32,8.4,23.2,0.0,0.0,0.0,0.0,0,1017.7,1007.2,0,0,0,1,0.39,2.36,20.0,27.7,330,332,41.4,29.6,24.6,21.3,17.9,0.063,0.105,0.147,0.202,1,3600.0,404.0,321.0,83.0,714.7,404.0,594.7,321.4,255.4,66.0,714.7,321.4,473.1
37.855885,-8.445038,91.0,2011-06-23T19:00,24.5,38,9.3,21.5,0.0,0.0,0.0,0.0,0,1017.9,1007.3,3,0,0,10,0.25,1.9,18.8,28.2,328,330,38.9,27.5,24.6,21.3,17.9,0.063,0.105,0.146,0.202,1,3600.0,205.0,144.0,61.0,547.7,205.0,348.1,131.2,92.2,39.0,547.7,131.2,222.8
37.855885,-8.445038,91.0,2011-06-23T20:00,22.5,44,9.6,19.8,0.0,0.0,0.0,0.0,0,1018.1,1007.5,9,0,0,29,0.15,1.53,18.0,30.3,331,336,35.3,25.2,24.6,21.3,17.9,0.063,0.105,0.146,0.202,0,1843.12,44.0,24.0,20.0,199.5,44.0,100.5,0.0,0.0,0.0,0.0,0.0,0.0
37.855885,-8.445038,91.0,2011-06-23T21:00,21.0,49,9.8,18.5,0.0,0.0,0.0,0.0,0,1018.6,1007.9,0,0,0,0,0.11,1.27,16.8,29.6,337,342,33.1,23.4,24.5,21.3,17.9,0.063,0.105,0.146,0.202,0,0.0,0.0,0.0,0.0,0.0,0.0,0.0,0.0,0.0,0.0,0.0,0.0,0.0
37.855885,-8.445038,91.0,2011-06-23T22:00,19.7,54,10.1,17.4,0.0,0.0,0.0,0.0,0,1018.9,1008.2,0,0,0,0,0.09,1.06,15.8,27.8,339,343,30.6,22.0,24.4,21.3,17.9,0.063,0.105,0.146,0.202,0,0.0,0.0,0.0,0.0,0.0,0.0,0.0,0.0,0.0,0.0,0.0,0.0,0.0
37.855885,-8.445038,91.0,2011-06-23T23:00,18.6,59,10.5,16.5,0.0,0.0,0.0,0.0,0,1019.0,1008.2,0,0,0,0,0.07,0.87,15.5,27.9,342,346,29.5,20.9,24.2,21.3,17.9,0.063,0.105,0.146,0.202,0,0.0,0.0,0.0,0.0,0.0,0.0,0.0,0.0,0.0,0.0,0.0,0.0,0.0
37.855885,-8.445038,91.0,2011-06-24T00:00,17.6,65,10.9,15.7,0.0,0.0,0.0,0.0,0,1019.3,1008.5,0,0,0,0,0.06,0.7,14.8,27.1,346,349,28.4,19.9,24.0,21.3,17.9,0.063,0.105,0.146,0.202,0,0.0,0.0,0.0,0.0,0.0,0.0,0.0,0.0,0.0,0.0,0.0,0.0,0.0
37.855885,-8.445038,91.0,2011-06-24T01:00,17.0,70,11.5,15.3,0.0,0.0,0.0,0.0,0,1018.9,1008.1,0,0,0,0,0.04,0.57,14.3,25.7,350,354,26.6,19.1,23.7,21.3,17.9,0.063,0.105,0.146,0.202,0,0.0,0.0,0.0,0.0,0.0,0.0,0.0,0.0,0.0,0.0,0.0,0.0,0.0
37.855885,-8.445038,91.0,2011-06-24T02:00,16.3,75,11.8,15.1,0.0,0.0,0.0,0.0,0,1018.6,1007.7,0,0,0,0,0.03,0.47,12.3,23.8,353,357,23.8,18.4,23.5,21.3,17.9,0.063,0.105,0.146,0.202,0,0.0,0.0,0.0,0.0,0.0,0.0,0.0,0.0,0.0,0.0,0.0,0.0,0.0
37.855885,-8.445038,91.0,2011-06-24T03:00,15.8,78,12.0,14.8,0.0,0.0,0.0,0.0,0,1018.4,1007.5,0,0,0,0,0.02,0.39,10.8,22.0,356,360,21.2,17.8,23.2,21.3,17.9,0.063,0.105,0.146,0.202,0,0.0,0.0,0.0,0.0,0.0,0.0,0.0,0.0,0.0,0.0,0.0,0.0,0.0
37.855885,-8.445038,91.0,2011-06-24T04:00,15.3,81,12.2,14.6,0.0,0.0,0.0,0.0,0,1018.2,1007.3,0,0,0,0,0.01,0.32,9.7,20.2,360,4,19.8,17.3,23.0,21.3,17.9,0.063,0.105,0.146,0.202,0,0.0,0.0,0.0,0.0,0.0,0.0,0.0,0.0,0.0,0.0,0.0,0.0,0.0
37.855885,-8.445038,91.0,2011-06-24T05:00,14.9,85,12.3,14.3,0.0,0.0,0.0,0.0,0,1018.1,1007.2,0,0,0,0,0.0,0.26,9.0,19.6,2,7,19.1,16.8,22.7,21.3,17.9,0.063,0.105,0.146,0.202,0,0.0,0.0,0.0,0.0,0.0,0.0,0.0,0.0,0.0,0.0,0.0,0.0,0.0
37.855885,-8.445038,91.0,2011-06-24T06:00,14.8,86,12.5,14.1,0.0,0.0,0.0,0.0,0,1018.4,1007.5,0,0,0,0,0.02,0.23,10.1,19.4,6,11,17.6,16.6,22.5,21.3,17.9,0.063,0.105,0.146,0.202,1,450.02,24.0,11.0,13.0,108.6,24.0,75.6,54.7,25.1,29.6,192.8,30.8,172.1
37.855885,-8.445038,91.0,2011-06-24T07:00,16.8,77,12.7,16.2,0.0,0.0,0.0,0.0,0,1018.3,1007.4,0,0,0,0,0.09,0.44,9.8,15.6,17,19,19.8,18.2,22.3,21.3,17.9,0.063,0.105,0.146,0.202,1,3600.0,165.0,110.0,55.0,490.2,165.0,297.1,234.6,156.4,78.2,490.2,234.6,422.4
37.855885,-8.445038,91.0,2011-06-24T08:00,19.7,64,12.8,19.2,0.0,0.0,0.0,0.0,0,1018.3,1007.6,0,0,0,0,0.21,0.82,9.7,13.2,27,29,22.7,21.0,22.2,21.3,17.9,0.063,0.105,0.146,0.202,1,3600.0,358.0,278.0,80.0,674.8,358.0,545.4,437.1,339.4,97.7,674.8,437.1,665.9
37.855885,-8.445038,91.0,2011-06-24T09:00,23.0,53,12.8,22.6,0.0,0.0,0.0,0.0,0,1018.1,1007.5,0,0,0,0,0.36,1.33,9.3,12.0,36,39,23.4,24.2,22.3,21.3,17.9,0.063,0.104,0.146,0.202,1,3600.0,556.0,460.0,96.0,782.2,556.0,778.6,632.8,523.5,109.3,782.2,632.8,886.0
37.855885,-8.445038,91.0,2011-06-24T10:00,26.2,43,12.8,27.0,0.0,0.0,0.0,0.0,0,1017.8,1007.3,0,0,0,0,0.51,1.93,8.1,10.5,45,49,23.4,27.5,22.5,21.3,17.9,0.063,0.104,0.146,0.202,1,3600.0,734.0,626.0,108.0,845.1,734.0,980.7,799.2,681.6,117.6,845.1,799.2,1067.8
37.855885,-8.445038,91.0,2011-06-24T11:00,29.1,35,12.1,30.7,0.0,0.0,0.0,0.0,0,1017.6,1007.2,0,0,0,0,0.64,2.62,7.0,9.0,55,61,23.0,30.7,22.8,21.3,17.9,0.063,0.104,0.146,0.202,1,3600.0,874.0,759.0,115.0,883.1,874.0,1137.9,920.7,799.6,121.1,883.1,920.7,1198.8
37.855885,-8.445038,91.0,2011-06-24T12:00,31.4,29,11.0,33.5,0.0,0.0,0.0,0.0,0,1017.2,1006.9,0,0,0,0,0.72,3.27,5.5,7.2,79,84,22.0,33.5,23.2,21.3,17.9,0.063,0.103,0.146,0.202,1,3600.0,965.0,845.0,120.0,902.4,965.0,1239.7,988.7,865.7,122.9,902.4,988.7,1270.1
37.855885,-8.445038,91.0,2011-06-24T13:00,32.9,25,10.0,35.2,0.0,0.0,0.0,0.0,0,1016.8,1006.5,0,0,0,0,0.76,3.78,4.0,6.0,117,115,20.5,35.6,23.6,21.3,17.9,0.062,0.103,0.145,0.202,1,3600.0,999.0,878.0,121.0,908.9,999.0,1278.9,997.4,876.6,120.8,908.9,997.4,1276.8
37.855885,-8.445038,91.0,2011-06-24T14:00,33.9,23,9.7,36.0,0.0,0.0,0.0,0.0,0,1016.3,1006.1,0,0,0,0,0.74,4.09,4.0,5.4,170,160,19.1,37.1,24.1,21.3,17.9,0.062,0.103,0.145,0.202,1,3600.0,974.0,854.0,120.0,902.3,974.0,1253.0,947.2,830.5,116.7,902.3,947.2,1218.6
37.855885,-8.445038,91.0,2011-06-24T15:00,34.3,22,9.8,35.5,0.0,0.0,0.0,0.0,0,1016.2,1006.0,0,0,0,0,0.7,4.2,6.1,6.9,225,219,21.6,37.8,24.6,21.4,17.9,0.062,0.102,0.145,0.202,1,3600.0,892.0,777.0,115.0,883.9,892.0,1163.8,842.6,734.0,108.6,883.9,842.6,1099.3
37.855885,-8.445038,91.0,2011-06-24T16:00,34.1,23,10.3,33.9,0.0,0.0,0.0,0.0,0,1016.4,1006.2,0,0,0,0,0.64,4.1,10.4,12.7,256,255,25.6,37.5,25.0,21.4,17.9,0.062,0.102,0.145,0.202,1,3600.0,761.0,653.0,108.0,849.9,761.0,1017.2,693.6,595.2,98.4,849.9,693.6,927.1
37.855885,-8.445038,91.0,2011-06-24T17:00,33.2,26,11.1,31.9,0.0,0.0,0.0,0.0,0,1016.3,1006.0,0,0,0,0,0.54,3.77,13.0,16.9,270,271,28.4,36.2,25.4,21.4,17.9,0.061,0.102,0.145,0.202,1,3600.0,590.0,493.0,97.0,792.7,590.0,823.3,511.5,427.4,84.1,792.7,511.5,713.8
37.855885,-8.445038,91.0,2011-06-24T18:00,31.5,31,12.3,30.1,0.0,0.0,0.0,0.0,0,1016.7,1006.4,0,0,0,0,0.4,3.18,14.2,18.9,277,279,30.6,34.1,25.6,21.4,17.9,0.061,0.101,0.145,0.202,1,3600.0,396.0,314.0,82.0,698.3,396.0,595.3,315.1,249.9,65.3,698.3,315.1,473.7
37.855885,-8.445038,91.0,2011-06-24T19:00,28.6,39,13.4,27.8,0.0,0.0,0.0,0.0,0,1017.0,1006.6,0,0,0,0,0.23,2.37,12.5,18.6,282,285,28.8,31.3,25.8,21.4,17.9,0.061,0.101,0.145,0.202,1,3600.0,201.0,141.0,60.0,535.3,201.0,348.7,128.8,90.3,38.4,535.3,128.8,223.4
37.855885,-8.445038,91.0,2011-06-24T20:00,26.3,46,13.7,26.1,0.0,0.0,0.0,0.0,0,1017.2,1006.7,0,0,0,0,0.1,1.84,9.5,17.8,279,288,24.5,28.6,25.8,21.4,17.9,0.061,0.101,0.145,0.202,0,1852.55,43.0,23.0,20.0,190.8,43.0,100.8,0.0,0.0,0.0,0.0,0.0,0.0
37.855885,-8.445038,91.0,2011-06-24T21:00,24.5,52,14.0,24.7,0.0,0.0,0.0,0.0,0,1017.7,1007.1,0,0,0,0,0.05,1.47,7.2,16.2,273,291,17.6,26.3,25.8,21.4,18.0,0.061,0.101,0.145,0.202,0,0.0,0.0,0.0,0.0,0.0,0.0,0.0,0.0,0.0,0.0,0.0,0.0,0.0
37.855885,-8.445038,91.0,2011-06-24T22:00,23.0,58,14.3,23.5,0.0,0.0,0.0,0.0,0,1018.1,1007.5,0,0,0,0,0.03,1.19,6.2,14.1,260,283,12.6,24.7,25.6,21.4,18.0,0.061,0.101,0.145,0.202,0,0.0,0.0,0.0,0.0,0.0,0.0,0.0,0.0,0.0,0.0,0.0,0.0,0.0
37.855885,-8.445038,91.0,2011-06-24T23:00,21.9,63,14.5,22.3,0.0,0.0,0.0,0.0,0,1018.2,1007.5,0,0,0,0,0.03,0.97,6.9,12.8,261,292,11.2,23.3,25.5,21.5,18.0,0.061,0.101,0.145,0.202,0,0.0,0.0,0.0,0.0,0.0,0.0,0.0,0.0,0.0,0.0,0.0,0.0,0.0
37.855885,-8.445038,91.0,2011-06-25T00:00,20.6,70,15.0,21.6,0.0,0.0,0.0,0.0,0,1018.1,1007.4,0,0,0,0,0.01,0.72,4.5,9.9,256,303,10.8,22.1,25.3,21.5,18.0,0.061,0.101,0.145,0.202,0,0.0,0.0,0.0,0.0,0.0,0.0,0.0,0.0,0.0,0.0,0.0,0.0,0.0
37.855885,-8.445038,91.0,2011-06-25T01:00,19.5,77,15.4,21.0,0.0,0.0,0.0,0.0,0,1017.8,1007.1,0,0,0,0,0.0,0.52,2.3,6.1,198,315,10.1,20.9,25.1,21.5,18.0,0.061,0.101,0.145,0.202,0,0.0,0.0,0.0,0.0,0.0,0.0,0.0,0.0,0.0,0.0,0.0,0.0,0.0
37.855885,-8.445038,91.0,2011-06-25T02:00,19.8,74,15.1,21.1,0.0,0.0,0.0,0.0,0,1017.3,1006.6,0,0,0,0,0.0,0.59,2.7,1.9,157,338,8.3,19.7,24.8,21.5,18.0,0.061,0.101,0.145,0.202,0,0.0,0.0,0.0,0.0,0.0,0.0,0.0,0.0,0.0,0.0,0.0,0.0,0.0
37.855885,-8.445038,91.0,2011-06-25T03:00,19.5,75,14.9,20.4,0.0,0.0,0.0,0.0,0,1017.2,1006.5,0,0,0,0,0.0,0.57,4.9,3.6,144,143,7.2,18.8,24.5,21.5,18.0,0.061,0.101,0.145,0.202,0,0.0,0.0,0.0,0.0,0.0,0.0,0.0,0.0,0.0,0.0,0.0,0.0,0.0
37.855885,-8.445038,91.0,2011-06-25T04:00,17.4,84,14.6,18.0,0.0,0.0,0.0,0.0,0,1017.2,1006.4,0,0,0,0,0.0,0.32,5.7,9.0,145,151,10.1,18.0,24.2,21.5,18.0,0.061,0.101,0.145,0.202,0,0.0,0.0,0.0,0.0,0.0,0.0,0.0,0.0,0.0,0.0,0.0,0.0,0.0
37.855885,-8.445038,91.0,2011-06-25T05:00,16.5,86,14.1,16.9,0.0,0.0,0.0,0.0,0,1017.1,1006.3,0,0,0,0,0.0,0.27,6.4,11.6,137,154,11.2,17.5,23.9,21.5,18.0,0.061,0.101,0.145,0.202,0,0.0,0.0,0.0,0.0,0.0,0.0,0.0,0.0,0.0,0.0,0.0,0.0,0.0
37.855885,-8.445038,91.0,2011-06-25T06:00,17.1,83,14.2,17.7,0.0,0.0,0.0,0.0,0,1017.7,1006.9,0,0,0,0,0.02,0.34,5.1,11.3,129,153,11.5,17.5,23.7,21.5,18.0,0.061,0.101,0.145,0.202,1,447.36,23.0,11.0,12.0,109.1,23.0,75.0,52.4,25.1,27.4,194.3,29.5,170.9
37.855885,-8.445038,91.0,2011-06-25T07:00,21.4,67,15.0,22.1,0.0,0.0,0.0,0.0,0,1017.8,1007.1,0,0,0,0,0.1,0.85,6.5,11.0,124,148,12.6,19.9,23.5,21.5,18.0,0.061,0.101,0.145,0.202,1,3600.0,161.0,108.0,53.0,483.2,161.0,295.9,229.2,153.7,75.4,483.2,229.2,421.2
37.855885,-8.445038,91.0,2011-06-25T08:00,26.2,49,14.8,27.0,0.0,0.0,0.0,0.0,0,1018.1,1007.6,0,0,0,0,0.25,1.72,5.4,10.3,132,144,14.4,25.1,23.5,21.5,18.0,0.061,0.101,0.145,0.202,1,3600.0,352.0,273.0,79.0,664.0,352.0,544.2,430.0,333.5,96.5,664.0,430.0,664.8
37.855885,-8.445038,91.0,2011-06-25T09:00,29.1,43,15.2,29.7,0.0,0.0,0.0,0.0,0,1018.3,1007.9,0,0,0,0,0.41,2.29,7.7,10.2,131,132,20.2,28.4,23.7,21.5,18.0,0.061,0.101,0.144,0.202,1,3600.0,547.0,451.0,96.0,767.9,547.0,777.5,622.7,513.4,109.3,767.9,622.7,885.0
37.855885,-8.445038,91.0,2011-06-25T10:00,31.3,37,15.0,32.9,0.0,0.0,0.0,0.0,0,1018.2,1007.9,0,0,0,0,0.56,2.85,7.4,9.7,119,117,24.5,31.5,23.9,21.5,18.0,0.061,0.101,0.144,0.202,1,3600.0,721.0,613.0,108.0,828.3,721.0,979.7,785.2,667.6,117.6,828.3,785.2,1066.9
37.855885,-8.445038,91.0,2011-06-25T11:00,33.0,34,15.0,35.5,0.0,0.0,0.0,0.0,0,1017.6,1007.3,0,0,0,0,0.67,3.33,7.3,9.4,99,97,26.3,34.1,24.3,21.5,18.0,0.061,0.1,0.144,0.202,1,3600.0,858.0,743.0,115.0,864.9,858.0,1137.2,904.0,782.8,121.2,864.9,904.0,1198.1
37.855885,-8.445038,91.0,2011-06-25T12:00,34.5,31,15.1,37.6,0.0,0.0,0.0,0.0,0,1017.4,1007.2,0,0,0,0,0.75,3.74,6.5,8.6,84,88,26.3,36.3,24.7,21.5,18.0,0.061,0.1,0.144,0.201,1,3600.0,949.0,830.0,119.0,886.7,949.0,1239.1,972.4,850.5,121.9,886.7,972.4,1269.7
37.855885,-8.445038,91.0,2011-06-25T13:00,35.6,29,15.1,39.3,0.0,0.0,0.0,0.0,0,1017.0,1006.8,0,0,0,0,0.78,4.1,5.0,6.7,69,74,24.8,38.1,25.1,21.5,18.0,0.06,0.1,0.144,0.201,1,3600.0,981.0,860.0,121.0,890.4,981.0,1278.6,979.5,858.7,120.8,890.4,979.5,1276.7
37.855885,-8.445038,91.0,2011-06-25T14:00,36.5,28,15.1,40.4,0.0,0.0,0.0,0.0,0,1016.6,1006.5,0,0,0,0,0.75,4.38,3.1,4.4,45,55,22.0,39.4,25.6,21.6,18.0,0.06,0.099,0.143,0.201,1,3600.0,956.0,837.0,119.0,884.3,956.0,1253.0,929.8,814.1,115.7,884.3,929.8,1218.7
37.855885,-8.445038,91.0,2011-06-25T15:00,36.9,27,14.9,40.3,0.0,0.0,0.0,0.0,0,1016.1,1006.0,0,0,0,0,0.68,4.54,2.2,2.9,351,7,21.6,40.1,26.1,21.6,18.0,0.06,0.099,0.143,0.201,1,3600.0,876.0,761.0,115.0,865.5,876.0,1163.9,827.6,718.9,108.6,865.5,827.6,1099.6
37.855885,-8.445038,91.0,2011-06-25T16:00,36.8,27,14.8,38.9,0.0,0.0,0.0,0.0,0,1016.0,1005.9,0,0,0,0,0.6,4.51,4.8,5.5,297,302,24.5,39.9,26.5,21.6,18.0,0.06,0.099,0.143,0.201,1,3600.0,746.0,638.0,108.0,830.0,746.0,1017.5,680.0,581.6,98.4,830.0,680.0,927.5
37.855885,-8.445038,91.0,2011-06-25T17:00,36.2,28,14.8,36.8,0.0,0.0,0.0,0.0,0,1015.8,1005.7,0,0,0,0,0.5,4.31,7.3,8.5,279,282,24.5,38.9,26.9,21.6,18.0,0.06,0.098,0.143,0.201,1,3600.0,578.0,481.0,97.0,772.9,578.0,823.8,501.2,417.1,84.1,772.9,501.2,714.3
37.855885,-8.445038,91.0,2011-06-25T18:00,35.0,31,15.1,35.3,0.0,0.0,0.0,0.0,0,1015.8,1005.6,0,0,0,0,0.37,3.89,9.1,11.2,263,266,24.1,37.0,27.2,21.6,18.0,0.06,0.098,0.143,0.201,1,3600.0,387.0,305.0,82.0,677.6,387.0,595.9,308.0,242.8,65.3,677.6,308.0,474.3
37.855885,-8.445038,91.0,2011-06-25T19:00,32.8,32,14.2,32.7,0.0,0.0,0.0,0.0,0,1016.2,1005.9,0,0,0,0,0.24,3.36,10.1,14.4,253,257,21.2,34.5,27.4,21.6,18.0,0.06,0.098,0.143,0.201,1,3600.0,196.0,137.0,59.0,519.2,196.0,349.3,125.7,87.8,37.8,519.2,125.7,224.0
37.855885,-8.445038,91.0,2011-06-25T20:00,30.0,38,14.0,29.9,0.0,0.0,0.0,0.0,0,1016.5,1006.1,0,0,0,0,0.12,2.65,9.2,14.8,244,247,21.6,31.6,27.4,21.7,18.0,0.06,0.098,0.143,0.201,0,1860.22,42.0,22.0,20.0,182.2,42.0,101.1,0.0,0.0,0.0,0.0,0.0,0.0
37.855885,-8.445038,91.0,2011-06-25T21:00,27.7,43,14.0,27.9,0.0,0.0,0.0,0.0,0,1017.2,1006.8,0,0,0,0,0.07,2.12,7.4,13.2,231,235,17.3,29.3,27.4,21.7,18.0,0.059,0.098,0.143,0.201,0,0.0,0.0,0.0,0.0,0.0,0.0,0.0,0.0,0.0,0.0,0.0,0.0,0.0
37.855885,-8.445038,91.0,2011-06-25T22:00,26.2,47,14.0,26.6,0.0,0.0,0.0,0.0,0,1018.0,1007.5,0,0,0,0,0.04,1.79,5.8,13.1,202,201,13.3,27.5,27.3,21.7,18.0,0.059,0.098,0.143,0.201,0,0.0,0.0,0.0,0.0,0.0,0.0,0.0,0.0,0.0,0.0,0.0,0.0,0.0
37.855885,-8.445038,91.0,2011-06-25T23:00,24.9,52,14.3,25.5,0.0,0.0,0.0,0.0,0,1017.7,1007.1,0,0,0,0,0.03,1.52,5.4,11.9,172,182,9.4,26.2,27.2,21.7,18.0,0.059,0.098,0.143,0.201,0,0.0,0.0,0.0,0.0,0.0,0.0,0.0,0.0,0.0,0.0,0.0,0.0,0.0
37.855885,-8.445038,91.0,2011-06-26T00:00,23.4,62,15.6,24.3,0.0,0.0,0.0,0.0,0,1017.9,1007.3,2,0,0,5,0.03,1.1,6.5,14.2,146,164,8.6,24.8,27.0,21.7,18.0,0.059,0.098,0.143,0.201,0,0.0,0.0,0.0,0.0,0.0,0.0,0.0,0.0,0.0,0.0,0.0,0.0,0.0
37.855885,-8.445038,91.0,2011-06-26T01:00,21.9,67,15.5,22.6,0.0,0.0,0.0,0.0,0,1017.2,1006.5,16,0,0,52,0.03,0.86,7.7,16.0,127,149,11.9,23.4,26.8,21.8,18.0,0.059,0.098,0.143,0.201,0,0.0,0.0,0.0,0.0,0.0,0.0,0.0,0.0,0.0,0.0,0.0,0.0,0.0
37.855885,-8.445038,91.0,2011-06-26T02:00,21.0,70,15.4,21.8,0.0,0.0,0.0,0.0,1,1016.5,1005.8,29,0,0,95,0.02,0.74,7.1,17.6,114,133,13.7,22.2,26.5,21.8,18.0,0.059,0.098,0.143,0.201,0,0.0,0.0,0.0,0.0,0.0,0.0,0.0,0.0,0.0,0.0,0.0,0.0,0.0
37.855885,-8.445038,91.0,2011-06-26T03:00,20.6,72,15.3,21.0,0.0,0.0,0.0,0.0,1,1015.6,1004.9,29,0,0,97,0.03,0.68,9.5,20.3,99,115,16.9,21.4,26.3,21.8,18.0,0.059,0.098,0.143,0.201,0,0.0,0.0,0.0,0.0,0.0,0.0,0.0,0.0,0.0,0.0,0.0,0.0,0.0
37.855885,-8.445038,91.0,2011-06-26T04:00,20.3,73,15.2,20.4,0.0,0.0,0.0,0.0,1,1015.7,1005.0,30,0,0,99,0.03,0.65,11.6,23.5,95,108,19.4,20.8,26.0,21.8,18.0,0.059,0.098,0.143,0.201,0,0.0,0.0,0.0,0.0,0.0,0.0,0.0,0.0,0.0,0.0,0.0,0.0,0.0
37.855885,-8.445038,91.0,2011-06-26T05:00,20.1,73,15.2,20.0,0.0,0.0,0.0,0.0,1,1015.5,1004.8,32,0,7,94,0.03,0.62,12.1,25.0,100,108,20.9,20.3,25.7,21.8,18.0,0.059,0.098,0.143,0.201,0,0.0,0.0,0.0,0.0,0.0,0.0,0.0,0.0,0.0,0.0,0.0,0.0,0.0
37.855885,-8.445038,91.0,2011-06-26T06:00,20.3,73,15.3,20.2,0.0,0.0,0.0,0.0,1,1015.8,1005.1,45,0,29,92,0.06,0.64,12.8,25.0,106,115,21.2,20.3,25.5,21.8,18.1,0.059,0.098,0.143,0.201,1,265.88,22.0,9.0,13.0,89.7,22.0,74.3,50.2,20.5,29.7,160.2,28.1,169.7
37.855885,-8.445038,91.0,2011-06-26T07:00,22.6,68,16.4,22.9,0.0,0.0,0.0,0.0,2,1016.3,1005.7,59,0,53,91,0.12,0.88,13.4,23.5,117,122,24.8,22.1,25.3,21.8,18.1,0.059,0.098,0.143,0.201,1,3600.0,138.0,70.0,68.0,314.5,138.0,294.6,196.7,99.8,96.9,314.5,196.7,420.0
37.855885,-8.445038,91.0,2011-06-26T08:00,25.3,55,15.7,25.0,0.0,0.0,0.0,0.0,2,1016.5,1006.0,61,0,54,96,0.25,1.44,15.4,21.8,127,129,29.9,24.8,25.2,21.8,18.1,0.059,0.098,0.142,0.201,1,3600.0,290.0,148.0,142.0,360.8,290.0,543.0,354.4,180.9,173.5,360.8,354.4,663.6
37.855885,-8.445038,91.0,2011-06-26T09:00,28.1,46,15.3,27.4,0.0,0.0,0.0,0.0,1,1016.5,1006.1,46,0,27,98,0.41,2.06,16.3,22.2,131,133,33.5,27.7,25.3,21.8,18.1,0.059,0.098,0.142,0.201,1,3600.0,480.0,326.0,154.0,555.8,480.0,776.4,546.5,371.2,175.3,555.8,546.5,884.0
37.855885,-8.445038,91.0,2011-06-26T10:00,30.5,39,14.9,30.9,0.0,0.0,0.0,0.0,2,1016.2,1005.9,59,0,52,93,0.53,2.67,12.2,16.0,135,134,35.6,30.5,25.4,21.8,18.1,0.059,0.097,0.142,0.201,1,3600.0,650.0,456.0,194.0,616.7,650.0,978.8,708.0,496.7,211.3,616.7,708.0,1066.1
37.855885,-8.445038,91.0,2011-06-26T11:00,32.7,33,14.5,33.4,0.0,0.0,0.0,0.0,2,1016.0,1005.7,54,0,56,68,0.65,3.3,13.5,17.6,136,136,37.4,33.1,25.6,21.9,18.1,0.059,0.097,0.142,0.201,1,3600.0,768.0,499.0,269.0,581.2,768.0,1136.4,809.3,525.8,283.5,581.2,809.3,1197.5
37.855885,-8.445038,91.0,2011-06-26T12:00,34.6,29,13.9,35.4,0.0,0.0,0.0,0.0,0,1015.9,1005.7,15,0,12,25,0.77,3.9,14.8,19.2,141,140,40.0,35.4,25.9,21.9,18.1,0.059,0.097,0.142,0.201,1,3600.0,880.0,642.0,238.0,686.1,880.0,1238.6,901.8,657.9,243.9,686.1,901.8,1269.3
37.855885,-8.445038,91.0,2011-06-26T13:00,36.1,26,13.3,36.9,0.0,0.0,0.0,0.0,0,1015.4,1005.3,8,0,12,3,0.84,4.43,15.5,20.4,144,144,41.8,37.3,26.3,21.9,18.1,0.059,0.096,0.142,0.201,1,3600.0,946.0,751.0,195.0,777.6,946.0,1278.3,944.6,749.9,194.7,777.6,944.6,1276.5
37.855885,-8.445038,91.0,2011-06-26T14:00,37.0,23,12.7,37.5,0.0,0.0,0.0,0.0,0,1014.8,1004.7,6,0,10,0,0.87,4.81,16.6,21.4,146,144,43.6,38.6,26.6,21.9,18.1,0.059,0.096,0.141,0.201,1,3600.0,950.0,825.0,125.0,871.6,950.0,1252.9,924.1,802.5,121.6,871.6,924.1,1218.7
37.855885,-8.445038,91.0,2011-06-26T15:00,37.4,22,12.2,37.1,0.0,0.0,0.0,0.0,0,1014.3,1004.2,5,0,9,0,0.82,5.0,17.2,22.3,147,146,43.9,39.0,27.0,21.9,18.1,0.059,0.096,0.141,0.201,1,3600.0,857.0,722.0,135.0,821.0,857.0,1164.0,809.7,682.1,127.5,821.0,809.7,1099.8
37.855885,-8.445038,91.0,2011-06-26T16:00,37.2,22,11.9,35.9,0.0,0.0,0.0,0.0,0,1013.7,1003.6,4,0,7,0,0.7,4.94,17.4,22.8,150,149,43.9,38.7,27.4,21.9,18.1,0.059,0.096,0.141,0.201,1,3600.0,688.0,541.0,147.0,703.6,688.0,1017.8,627.2,493.2,134.0,703.6,627.2,927.9
37.855885,-8.445038,91.0,2011-06-26T17:00,36.4,23,12.2,34.4,0.0,0.0,0.0,0.0,0,1013.6,1003.5,8,0,14,0,0.59,4.64,17.9,24.1,155,153,42.8,37.6,27.6,21.9,18.1,0.059,0.095,0.141,0.201,1,3600.0,522.0,406.0,116.0,652.0,522.0,824.2,452.7,352.1,100.6,652.0,452.7,714.7
37.855885,-8.445038,91.0,2011-06-26T18:00,35.2,26,12.8,33.4,0.0,0.0,0.0,0.0,0,1013.4,1003.2,3,0,5,0,0.48,4.21,18.1,25.3,157,156,41.4,36.3,27.9,22.0,18.1,0.058,0.095,0.141,0.201,1,3600.0,391.0,312.0,79.0,692.5,391.0,596.3,311.3,248.4,62.9,692.5,311.3,474.8
37.855885,-8.445038,91.0,2011-06-26T19:00,33.5,29,13.3,32.3,0.0,0.0,0.0,0.0,0,1013.8,1003.6,2,0,3,0,0.3,3.64,15.0,24.0,163,161,35.3,34.3,28.0,22.0,18.1,0.058,0.095,0.141,0.201,1,3600.0,197.0,139.0,58.0,526.0,197.0,349.8,126.4,89.2,37.2,526.0,126.4,224.4
37.855885,-8.445038,91.0,2011-06-26T20:00,31.2,34,13.4,30.5,0.0,0.0,0.0,0.0,0,1014.2,1003.9,0,0,0,0,0.16,3.0,11.9,22.8,180,175,29.9,32.0,28.0,22.0,18.1,0.058,0.095,0.141,0.201,0,1866.06,41.0,22.0,19.0,181.9,41.0,101.3,0.0,0.0,0.0,0.0,0.0,0.0
37.855885,-8.445038,91.0,2011-06-26T21:00,29.0,40,14.1,28.9,0.0,0.0,0.0,0.0,0,1015.1,1004.7,0,0,0,0,0.1,2.4,9.9,20.2,190,185,23.8,29.8,28.0,22.0,18.1,0.058,0.095,0.141,0.201,0,0.0,0.0,0.0,0.0,0.0,0.0,0.0,0.0,0.0,0.0,0.0,0.0,0.0
37.855885,-8.445038,91.0,2011-06-26T22:00,26.7,52,16.1,27.6,0.0,0.0,0.0,0.0,0,1015.8,1005.3,0,0,0,0,0.05,1.67,7.6,16.9,188,181,19.4,27.9,27.9,22.1,18.1,0.058,0.095,0.141,0.201,0,0.0,0.0,0.0,0.0,0.0,0.0,0.0,0.0,0.0,0.0,0.0,0.0,0.0
37.855885,-8.445038,91.0,2011-06-26T23:00,25.0,58,16.2,26.2,0.0,0.0,0.0,0.0,0,1016.0,1005.5,0,0,0,0,0.03,1.33,6.3,15.7,204,191,15.5,26.1,27.8,22.1,18.1,0.058,0.095,0.141,0.201,0,0.0,0.0,0.0,0.0,0.0,0.0,0.0,0.0,0.0,0.0,0.0,0.0,0.0
37.855885,-8.445038,91.0,2011-06-27T00:00,24.4,59,16.0,25.6,0.0,0.0,0.0,0.0,0,1016.0,1005.5,1,1,0,0,0.03,1.24,5.7,14.6,198,190,11.9,24.4,27.6,22.1,18.1,0.058,0.095,0.141,0.201,0,0.0,0.0,0.0,0.0,0.0,0.0,0.0,0.0,0.0,0.0,0.0,0.0,0.0
37.855885,-8.445038,91.0,2011-06-27T01:00,22.8,66,16.1,24.2,0.0,0.0,0.0,0.0,0,1015.4,1004.8,0,0,0,0,0.02,0.95,5.1,13.7,188,185,11.5,23.0,27.3,22.1,18.1,0.058,0.095,0.141,0.201,0,0.0,0.0,0.0,0.0,0.0,0.0,0.0,0.0,0.0,0.0,0.0,0.0,0.0
37.855885,-8.445038,91.0,2011-06-27T02:00,20.6,76,16.3,22.1,0.0,0.0,0.0,0.0,0,1015.3,1004.6,0,0,0,0,0.0,0.57,5.1,13.8,176,174,12.2,21.9,27.0,22.1,18.1,0.058,0.095,0.141,0.201,0,0.0,0.0,0.0,0.0,0.0,0.0,0.0,0.0,0.0,0.0,0.0,0.0,0.0
37.855885,-8.445038,91.0,2011-06-27T03:00,19.7,80,16.1,21.1,0.0,0.0,0.0,0.0,0,1014.9,1004.2,0,0,0,0,0.0,0.47,4.8,12.9,167,167,13.0,21.0,26.7,22.1,18.1,0.058,0.095,0.141,0.201,0,0.0,0.0,0.0,0.0,0.0,0.0,0.0,0.0,0.0,0.0,0.0,0.0,0.0
37.855885,-8.445038,91.0,2011-06-27T04:00,19.1,83,16.1,20.6,0.0,0.0,0.0,0.0,0,1015.0,1004.3,2,2,0,0,0.0,0.37,3.6,11.3,180,173,12.6,20.4,26.4,22.1,18.1,0.058,0.095,0.141,0.201,0,0.0,0.0,0.0,0.0,0.0,0.0,0.0,0.0,0.0,0.0,0.0,0.0,0.0
37.855885,-8.445038,91.0,2011-06-27T05:00,18.4,87,16.2,19.9,0.0,0.0,0.0,0.0,0,1015.3,1004.5,4,5,0,0,0.0,0.28,4.0,9.7,190,180,11.5,19.8,26.1,22.2,18.1,0.058,0.095,0.141,0.201,0,0.0,0.0,0.0,0.0,0.0,0.0,0.0,0.0,0.0,0.0,0.0,0.0,0.0
37.855885,-8.445038,91.0,2011-06-27T06:00,18.5,88,16.4,20.2,0.0,0.0,0.0,0.0,0,1015.3,1004.5,12,13,0,0,0.01,0.26,3.7,9.4,191,176,11.5,19.6,25.8,22.2,18.1,0.058,0.095,0.141,0.201,1,264.98,21.0,9.0,12.0,90.1,21.0,73.7,48.0,20.6,27.4,161.7,26.7,168.3
37.855885,-8.445038,91.0,2011-06-27T07:00,21.2,82,18.1,23.4,0.0,0.0,0.0,0.0,0,1015.7,1005.0,18,20,0,0,0.08,0.44,5.1,7.6,176,172,12.6,21.7,25.6,22.2,18.1,0.058,0.095,0.141,0.201,1,3600.0,141.0,87.0,54.0,392.6,141.0,293.3,201.3,124.2,77.1,392.6,201.3,418.7
37.855885,-8.445038,91.0,2011-06-27T08:00,23.5,73,18.4,25.5,0.0,0.0,0.0,0.0,1,1015.5,1004.9,22,25,0,0,0.2,0.78,7.2,9.5,174,171,19.1,25.1,25.6,22.2,18.1,0.058,0.095,0.141,0.201,1,3600.0,317.0,227.0,90.0,554.6,317.0,541.8,387.6,277.5,110.0,554.6,387.6,662.4
37.855885,-8.445038,91.0,2011-06-27T09:00,25.6,66,18.7,27.8,0.0,0.0,0.0,0.0,0,1016.3,1005.8,2,2,0,0,0.34,1.12,6.6,8.3,189,185,20.9,27.7,25.6,22.2,18.1,0.058,0.095,0.141,0.201,1,3600.0,506.0,383.0,123.0,653.9,506.0,775.2,576.3,436.2,140.1,653.9,576.3,882.9
37.855885,-8.445038,91.0,2011-06-27T10:00,27.4,59,18.8,30.4,0.0,0.0,0.0,0.0,0,1016.2,1005.8,9,10,0,0,0.48,1.48,7.6,9.6,205,200,22.3,30.5,25.7,22.2,18.1,0.058,0.095,0.14,0.201,1,3600.0,684.0,544.0,140.0,736.4,684.0,977.8,745.1,592.6,152.5,736.4,745.1,1065.2
37.855885,-8.445038,91.0,2011-06-27T11:00,29.0,54,18.8,32.7,0.0,0.0,0.0,0.0,0,1015.7,1005.3,0,0,0,0,0.6,1.84,8.4,10.1,220,215,24.1,33.1,25.9,22.2,18.1,0.058,0.094,0.14,0.201,1,3600.0,826.0,678.0,148.0,790.2,826.0,1135.6,870.5,714.5,156.0,790.2,870.5,1196.8
37.855885,-8.445038,91.0,2011-06-27T12:00,30.3,50,18.8,34.4,0.0,0.0,0.0,0.0,0,1016.0,1005.7,3,2,0,3,0.69,2.13,9.0,11.0,233,229,25.9,35.2,26.2,22.2,18.1,0.058,0.094,0.14,0.201,1,3600.0,927.0,792.0,135.0,846.7,927.0,1238.0,950.0,811.7,138.4,846.7,950.0,1268.8
37.855885,-8.445038,91.0,2011-06-27T13:00,31.1,48,18.9,35.4,0.0,0.0,0.0,0.0,0,1015.7,1005.4,4,1,0,11,0.73,2.33,9.5,11.4,245,242,27.0,36.6,26.5,22.2,18.2,0.058,0.094,0.14,0.201,1,3600.0,970.0,831.0,139.0,860.6,970.0,1278.0,968.7,829.9,138.8,860.6,968.7,1276.3
37.855885,-8.445038,91.0,2011-06-27T14:00,31.5,47,18.8,35.8,0.0,0.0,0.0,0.0,0,1015.3,1005.0,4,0,0,12,0.73,2.45,9.6,11.5,257,256,27.4,37.3,26.8,22.2,18.2,0.058,0.093,0.14,0.201,1,3600.0,957.0,843.0,114.0,890.6,957.0,1252.8,930.9,820.0,110.9,890.6,930.9,1218.7
37.855885,-8.445038,91.0,2011-06-27T15:00,31.4,47,18.8,35.0,0.0,0.0,0.0,0.0,0,1015.1,1004.8,0,0,0,1,0.68,2.43,10.8,13.0,272,272,29.2,37.4,27.1,22.2,18.2,0.058,0.093,0.139,0.201,1,3600.0,881.0,774.0,107.0,880.0,881.0,1164.1,832.4,731.3,101.1,880.0,832.4,1099.9
37.855885,-8.445038,91.0,2011-06-27T16:00,30.5,50,18.7,32.9,0.0,0.0,0.0,0.0,0,1014.9,1004.6,0,0,0,0,0.58,2.2,12.9,15.8,283,282,31.7,36.5,27.4,22.3,18.2,0.058,0.093,0.139,0.201,1,3600.0,747.0,639.0,108.0,830.8,747.0,1018.0,681.1,582.6,98.5,830.8,681.1,928.2
37.855885,-8.445038,91.0,2011-06-27T17:00,28.7,54,18.4,29.8,0.0,0.0,0.0,0.0,0,1014.7,1004.3,0,0,0,0,0.45,1.82,14.9,19.1,290,290,33.5,34.7,27.6,22.3,18.2,0.058,0.093,0.139,0.201,1,3600.0,580.0,481.0,99.0,772.1,580.0,824.5,503.0,417.2,85.9,772.1,503.0,715.1
37.855885,-8.445038,91.0,2011-06-27T18:00,26.8,57,17.7,27.2,0.0,0.0,0.0,0.0,0,1014.9,1004.4,0,0,0,0,0.31,1.49,15.8,20.6,294,295,33.5,32.4,27.7,22.3,18.2,0.058,0.093,0.139,0.201,1,3600.0,390.0,307.0,83.0,681.0,390.0,596.7,310.6,244.5,66.1,681.0,310.6,475.1
37.855885,-8.445038,91.0,2011-06-27T19:00,24.3,63,16.8,24.3,0.0,0.0,0.0,0.0,0,1015.6,1005.0,0,0,0,0,0.18,1.12,15.6,21.3,299,300,33.8,29.7,27.6,22.3,18.2,0.058,0.093,0.139,0.201,1,3600.0,198.0,138.0,60.0,521.7,198.0,350.1,127.1,88.6,38.5,521.7,127.1,224.7
37.855885,-8.445038,91.0,2011-06-27T20:00,22.3,70,16.5,22.5,0.0,0.0,0.0,0.0,0,1015.7,1005.1,2,2,0,0,0.07,0.82,14.3,20.7,304,305,31.7,27.1,27.5,22.3,18.2,0.058,0.093,0.139,0.201,1,1870.01,42.0,22.0,20.0,181.8,42.0,101.5,0.0,0.0,0.0,0.0,0.0,0.0
37.855885,-8.445038,91.0,2011-06-27T21:00,21.1,77,16.8,21.5,0.0,0.0,0.0,0.0,0,1016.6,1005.9,2,2,0,1,0.03,0.58,13.0,19.4,309,312,27.7,25.1,27.4,22.3,18.2,0.058,0.093,0.139,0.201,0,0.0,0.0,0.0,0.0,0.0,0.0,0.0,0.0,0.0,0.0,0.0,0.0,0.0
37.855885,-8.445038,91.0,2011-06-27T22:00,20.4,81,17.1,21.2,0.0,0.0,0.0,0.0,1,1017.0,1006.3,34,24,0,40,0.02,0.45,11.2,18.1,310,314,23.8,23.7,27.2,22.4,18.2,0.058,0.093,0.139,0.201,0,0.0,0.0,0.0,0.0,0.0,0.0,0.0,0.0,0.0,0.0,0.0,0.0,0.0
37.855885,-8.445038,91.0,2011-06-27T23:00,19.8,85,17.2,20.8,0.0,0.0,0.0,0.0,2,1016.8,1006.1,62,47,0,64,0.01,0.35,10.5,17.5,319,323,19.8,22.6,26.9,22.4,18.2,0.058,0.093,0.139,0.201,0,0.0,0.0,0.0,0.0,0.0,0.0,0.0,0.0,0.0,0.0,0.0,0.0,0.0
37.855885,-8.445038,91.0,2011-06-28T00:00,19.2,88,17.1,20.1,0.0,0.0,0.0,0.0,2,1016.8,1006.1,79,72,0,47,0.0,0.27,10.6,16.3,325,329,16.2,21.8,26.7,22.4,18.2,0.058,0.093,0.139,0.201,0,0.0,0.0,0.0,0.0,0.0,0.0,0.0,0.0,0.0,0.0,0.0,0.0,0.0
37.855885,-8.445038,91.0,2011-06-28T01:00,18.6,89,16.8,19.5,0.0,0.0,0.0,0.0,3,1016.8,1006.0,100,98,0,94,0.0,0.23,10.5,16.4,329,334,15.5,21.0,26.4,22.4,18.2,0.058,0.093,0.139,0.201,0,0.0,0.0,0.0,0.0,0.0,0.0,0.0,0.0,0.0,0.0,0.0,0.0,0.0
37.855885,-8.445038,91.0,2011-06-28T02:00,18.2,90,16.5,18.8,0.0,0.0,0.0,0.0,3,1016.6,1005.8,100,98,0,87,0.0,0.21,11.3,15.7,338,340,16.2,20.5,26.1,22.4,18.2,0.058,0.093,0.139,0.201,0,0.0,0.0,0.0,0.0,0.0,0.0,0.0,0.0,0.0,0.0,0.0,0.0,0.0
37.855885,-8.445038,91.0,2011-06-28T03:00,17.7,90,16.1,18.1,0.0,0.0,0.0,0.0,3,1016.7,1005.9,100,99,0,83,0.0,0.19,11.4,16.1,342,344,18.4,19.9,25.9,22.4,18.2,0.058,0.093,0.139,0.201,0,0.0,0.0,0.0,0.0,0.0,0.0,0.0,0.0,0.0,0.0,0.0,0.0,0.0
37.855885,-8.445038,91.0,2011-06-28T04:00,17.3,89,15.5,17.4,0.0,0.0,0.0,0.0,3,1016.7,1005.9,100,98,0,60,0.0,0.21,11.9,16.6,346,347,20.5,19.6,25.6,22.4,18.2,0.058,0.093,0.139,0.201,0,0.0,0.0,0.0,0.0,0.0,0.0,0.0,0.0,0.0,0.0,0.0,0.0,0.0
37.855885,-8.445038,91.0,2011-06-28T05:00,16.9,89,15.1,16.9,0.0,0.0,0.0,0.0,3,1017.1,1006.3,88,92,0,18,0.0,0.21,12.1,17.1,350,352,21.6,19.3,25.3,22.4,18.2,0.058,0.093,0.139,0.201,0,0.0,0.0,0.0,0.0,0.0,0.0,0.0,0.0,0.0,0.0,0.0,0.0,0.0
37.855885,-8.445038,91.0,2011-06-28T06:00,16.7,89,14.8,16.4,0.0,0.0,0.0,0.0,3,1017.3,1006.5,88,97,0,1,0.03,0.22,12.4,17.5,350,351,23.4,19.2,25.1,22.4,18.2,0.058,0.093,0.139,0.201,1,0.0,17.0,5.0,12.0,50.3,17.0,73.0,38.9,11.4,27.4,90.6,21.6,166.9
37.855885,-8.445038,91.0,2011-06-28T07:00,17.3,86,14.9,17.1,0.0,0.0,0.0,0.0,2,1017.9,1007.1,76,83,0,3,0.06,0.29,12.4,16.8,350,350,26.3,20.0,24.8,22.4,18.2,0.058,0.093,0.139,0.201,1,784.06,97.0,19.0,78.0,86.1,97.0,291.9,138.7,27.2,111.5,86.1,138.7,417.3
37.855885,-8.445038,91.0,2011-06-28T08:00,18.5,78,14.6,18.2,0.0,0.0,0.0,0.0,1,1018.3,1007.5,35,39,0,0,0.15,0.47,12.4,16.7,352,354,28.1,21.5,24.7,22.4,18.2,0.058,0.093,0.139,0.201,1,3600.0,247.0,91.0,156.0,222.8,247.0,540.5,302.2,111.3,190.8,222.8,302.2,661.2
37.855885,-8.445038,91.0,2011-06-28T09:00,20.5,68,14.5,20.2,0.0,0.0,0.0,0.0,0,1018.4,1007.7,0,0,0,0,0.28,0.77,12.0,15.5,353,355,28.4,23.9,24.6,22.4,18.2,0.058,0.092,0.139,0.201,1,3600.0,460.0,266.0,194.0,454.8,460.0,774.1,524.0,303.0,221.0,454.8,524.0,881.8
37.855885,-8.445038,91.0,2011-06-28T10:00,23.1,58,14.3,23.6,0.0,0.0,0.0,0.0,0,1018.2,1007.6,0,0,0,0,0.45,1.19,11.5,14.4,356,357,29.5,26.7,24.7,22.4,18.2,0.058,0.092,0.139,0.201,1,3600.0,698.0,560.0,138.0,758.7,698.0,976.8,760.5,610.2,150.4,758.7,760.5,1064.3
37.855885,-8.445038,91.0,2011-06-28T11:00,25.5,48,13.7,26.5,0.0,0.0,0.0,0.0,0,1017.8,1007.3,0,0,0,1,0.58,1.69,12.5,16.0,348,351,30.6,29.5,24.8,22.4,18.2,0.058,0.092,0.139,0.201,1,3600.0,855.0,727.0,128.0,847.8,855.0,1134.8,901.2,766.3,134.9,847.8,901.2,1196.1
37.855885,-8.445038,91.0,2011-06-28T12:00,27.6,40,12.8,28.7,0.0,0.0,0.0,0.0,0,1017.8,1007.3,4,0,2,8,0.68,2.2,13.1,16.4,339,341,31.0,31.9,25.0,22.4,18.2,0.058,0.092,0.139,0.201,1,3600.0,951.0,830.0,121.0,887.7,951.0,1237.5,974.7,850.7,124.0,887.7,974.7,1268.3
37.855885,-8.445038,91.0,2011-06-28T13:00,29.1,34,11.9,29.7,0.0,0.0,0.0,0.0,0,1017.5,1007.1,19,0,19,26,0.75,2.64,15.8,20.0,333,334,32.8,33.8,25.3,22.4,18.2,0.058,0.092,0.138,0.201,1,3600.0,987.0,864.0,123.0,895.0,987.0,1277.6,985.7,862.9,122.8,895.0,985.7,1276.0
37.855885,-8.445038,91.0,2011-06-28T14:00,30.0,31,11.2,30.0,0.0,0.0,0.0,0.0,0,1017.1,1006.7,18,0,14,31,0.76,2.91,16.9,21.4,331,333,34.9,34.9,25.6,22.4,18.2,0.058,0.091,0.138,0.201,1,3600.0,964.0,844.0,120.0,891.7,964.0,1252.6,937.8,821.1,116.7,891.7,937.8,1218.6
37.855885,-8.445038,91.0,2011-06-28T15:00,30.4,30,10.9,29.6,0.0,0.0,0.0,0.0,0,1016.9,1006.5,8,0,13,0,0.72,3.03,18.5,24.2,327,330,37.4,35.2,25.9,22.4,18.2,0.057,0.091,0.138,0.201,1,3600.0,885.0,769.0,116.0,874.2,885.0,1164.1,836.3,726.7,109.6,874.2,836.3,1100.0
37.855885,-8.445038,91.0,2011-06-28T16:00,30.2,30,10.9,28.5,0.0,0.0,0.0,0.0,0,1016.9,1006.5,1,0,0,2,0.65,2.98,20.2,26.9,329,330,39.6,34.8,26.1,22.5,18.2,0.057,0.091,0.138,0.201,1,3600.0,756.0,648.0,108.0,842.3,756.0,1018.2,689.3,590.8,98.5,842.3,689.3,928.4
37.855885,-8.445038,91.0,2011-06-28T17:00,29.5,32,11.2,26.9,0.0,0.0,0.0,0.0,0,1016.5,1006.1,7,0,0,22,0.54,2.8,21.6,29.6,332,334,41.4,33.7,26.3,22.5,18.2,0.057,0.091,0.138,0.201,1,3600.0,588.0,491.0,97.0,787.9,588.0,824.7,510.0,425.9,84.1,787.9,510.0,715.3
37.855885,-8.445038,91.0,2011-06-28T18:00,28.4,35,11.5,25.6,0.0,0.0,0.0,0.0,1,1016.4,1006.0,26,0,0,86,0.41,2.5,21.7,30.0,336,337,41.4,32.0,26.5,22.5,18.3,0.057,0.09,0.138,0.201,1,3600.0,395.0,313.0,82.0,693.9,395.0,596.9,314.6,249.3,65.3,693.9,314.6,475.4
37.855885,-8.445038,91.0,2011-06-28T19:00,25.5,42,11.8,23.1,0.0,0.0,0.0,0.0,1,1016.6,1006.1,28,0,0,93,0.25,1.88,20.0,29.3,337,339,42.5,29.5,26.5,22.5,18.3,0.057,0.09,0.138,0.201,1,3600.0,187.0,108.0,79.0,408.0,187.0,350.3,120.1,69.3,50.7,408.0,120.1,224.9
37.855885,-8.445038,91.0,2011-06-28T20:00,23.8,47,11.8,21.7,0.0,0.0,0.0,0.0,1,1016.9,1006.3,27,0,0,91,0.15,1.56,17.6,29.7,337,341,38.2,27.1,26.5,22.5,18.3,0.057,0.09,0.138,0.201,1,996.08,40.0,15.0,25.0,123.9,40.0,101.7,0.0,0.0,0.0,0.0,0.0,0.0
37.855885,-8.445038,91.0,2011-06-28T21:00,22.3,52,11.9,20.3,0.0,0.0,0.0,0.0,1,1017.7,1007.1,26,0,0,87,0.11,1.3,17.5,28.7,341,345,32.8,25.2,26.4,22.5,18.3,0.057,0.09,0.138,0.201,0,0.0,0.0,0.0,0.0,0.0,0.0,0.0,0.0,0.0,0.0,0.0,0.0,0.0
37.855885,-8.445038,91.0,2011-06-28T22:00,21.1,56,12.0,19.3,0.0,0.0,0.0,0.0,1,1018.0,1007.3,25,0,0,84,0.09,1.1,16.6,27.5,342,346,31.7,23.8,26.2,22.5,18.3,0.057,0.09,0.138,0.201,0,0.0,0.0,0.0,0.0,0.0,0.0,0.0,0.0,0.0,0.0,0.0,0.0,0.0
37.855885,-8.445038,91.0,2011-06-28T23:00,20.0,61,12.2,18.1,0.0,0.0,0.0,0.0,1,1018.0,1007.3,29,0,1,96,0.08,0.91,17.3,27.7,348,351,31.3,22.6,26.0,22.5,18.3,0.057,0.09,0.138,0.201,0,0.0,0.0,0.0,0.0,0.0,0.0,0.0,0.0,0.0,0.0,0.0,0.0,0.0
37.855885,-8.445038,91.0,2011-06-29T00:00,19.0,65,12.4,17.4,0.0,0.0,0.0,0.0,1,1017.8,1007.0,30,0,2,97,0.06,0.76,16.0,26.4,352,355,30.2,21.7,25.8,22.5,18.3,0.057,0.09,0.138,0.201,0,0.0,0.0,0.0,0.0,0.0,0.0,0.0,0.0,0.0,0.0,0.0,0.0,0.0
37.855885,-8.445038,91.0,2011-06-29T01:00,18.4,68,12.5,17.0,0.0,0.0,0.0,0.0,1,1017.5,1006.7,28,0,3,88,0.05,0.67,14.6,24.6,350,353,29.5,21.0,25.6,22.5,18.3,0.057,0.09,0.138,0.201,0,0.0,0.0,0.0,0.0,0.0,0.0,0.0,0.0,0.0,0.0,0.0,0.0,0.0
37.855885,-8.445038,91.0,2011-06-29T02:00,17.9,70,12.4,16.5,0.0,0.0,0.0,0.0,1,1017.5,1006.7,30,2,2,89,0.05,0.6,14.8,24.1,347,351,27.4,20.4,25.4,22.5,18.3,0.057,0.09,0.137,0.201,0,0.0,0.0,0.0,0.0,0.0,0.0,0.0,0.0,0.0,0.0,0.0,0.0,0.0
37.855885,-8.445038,91.0,2011-06-29T03:00,17.3,72,12.3,16.0,0.0,0.0,0.0,0.0,1,1017.3,1006.5,24,1,2,73,0.04,0.54,13.8,23.5,345,349,26.3,19.9,25.2,22.5,18.3,0.057,0.09,0.137,0.201,0,0.0,0.0,0.0,0.0,0.0,0.0,0.0,0.0,0.0,0.0,0.0,0.0,0.0
37.855885,-8.445038,91.0,2011-06-29T04:00,16.9,74,12.2,15.6,0.0,0.0,0.0,0.0,1,1017.5,1006.7,23,0,0,76,0.03,0.5,13.6,24.0,343,347,25.6,19.4,24.9,22.5,18.3,0.057,0.09,0.137,0.201,0,0.0,0.0,0.0,0.0,0.0,0.0,0.0,0.0,0.0,0.0,0.0,0.0,0.0
37.855885,-8.445038,91.0,2011-06-29T05:00,16.4,76,12.2,15.1,0.0,0.0,0.0,0.0,0,1017.4,1006.5,18,0,0,61,0.03,0.45,13.9,25.4,343,348,24.8,18.8,24.7,22.5,18.3,0.057,0.09,0.137,0.201,0,0.0,0.0,0.0,0.0,0.0,0.0,0.0,0.0,0.0,0.0,0.0,0.0,0.0
37.855885,-8.445038,91.0,2011-06-29T06:00,16.2,77,12.2,14.7,0.0,0.0,0.0,0.0,0,1017.3,1006.4,6,1,0,18,0.05,0.42,14.8,25.3,346,349,25.9,18.6,24.4,22.5,18.3,0.057,0.09,0.137,0.201,1,6.23,18.0,6.0,12.0,60.7,18.0,72.3,41.2,13.7,27.5,109.8,22.8,165.5
37.855885,-8.445038,91.0,2011-06-29T07:00,16.8,75,12.3,15.1,0.0,0.0,0.0,0.0,0,1017.4,1006.6,1,0,0,2,0.1,0.49,16.9,23.7,349,350,32.4,19.4,24.2,22.5,18.3,0.057,0.09,0.137,0.2,1,3600.0,151.0,93.0,58.0,423.7,151.0,290.5,216.2,133.2,83.0,423.7,216.2,415.9
37.855885,-8.445038,91.0,2011-06-29T08:00,18.5,67,12.3,16.8,0.0,0.0,0.0,0.0,0,1017.5,1006.7,0,0,0,0,0.21,0.7,16.5,22.6,350,352,34.6,21.1,24.1,22.5,18.3,0.057,0.09,0.137,0.2,1,3600.0,347.0,264.0,83.0,648.0,347.0,539.1,424.7,323.1,101.6,648.0,424.7,659.9
37.855885,-8.445038,91.0,2011-06-29T09:00,20.7,59,12.4,19.2,0.0,0.0,0.0,0.0,0,1017.4,1006.7,0,0,0,0,0.34,1.01,15.3,20.4,351,352,34.6,23.5,24.1,22.5,18.3,0.057,0.09,0.137,0.2,1,3600.0,544.0,448.0,96.0,767.1,544.0,772.9,619.9,510.5,109.4,767.1,619.9,880.7
37.855885,-8.445038,91.0,2011-06-29T10:00,23.2,51,12.4,23.1,0.0,0.0,0.0,0.0,0,1017.6,1007.0,0,0,0,0,0.47,1.4,12.5,16.0,348,351,33.1,26.4,24.1,22.5,18.3,0.057,0.09,0.137,0.2,1,3600.0,720.0,612.0,108.0,830.0,720.0,975.8,784.6,666.9,117.7,830.0,784.6,1063.4
37.855885,-8.445038,91.0,2011-06-29T11:00,25.6,43,12.1,26.2,0.0,0.0,0.0,0.0,0,1017.3,1006.8,0,0,0,0,0.59,1.87,12.2,15.5,341,342,31.7,29.3,24.3,22.5,18.3,0.057,0.09,0.137,0.2,1,3600.0,861.0,747.0,114.0,871.7,861.0,1134.0,907.6,787.4,120.2,871.7,907.6,1195.4
37.855885,-8.445038,91.0,2011-06-29T12:00,27.6,36,11.1,28.3,0.0,0.0,0.0,0.0,0,1017.2,1006.8,0,0,0,0,0.69,2.37,12.7,16.1,331,333,30.2,31.9,24.5,22.5,18.3,0.057,0.09,0.137,0.2,1,3600.0,953.0,834.0,119.0,892.3,953.0,1236.8,976.9,854.9,122.0,892.3,976.9,1267.8
37.855885,-8.445038,91.0,2011-06-29T13:00,29.0,32,10.4,29.3,0.0,0.0,0.0,0.0,0,1017.1,1006.7,0,0,0,0,0.75,2.73,14.8,18.6,326,328,32.8,33.8,24.8,22.5,18.3,0.057,0.089,0.137,0.2,1,3600.0,990.0,869.0,121.0,900.4,990.0,1277.2,988.8,868.0,120.9,900.4,988.8,1275.7
37.855885,-8.445038,91.0,2011-06-29T14:00,29.6,30,10.1,29.5,0.0,0.0,0.0,0.0,0,1016.6,1006.2,0,0,0,0,0.75,2.91,16.2,20.8,323,326,34.9,34.8,25.1,22.5,18.3,0.057,0.089,0.137,0.2,1,3600.0,969.0,849.0,120.0,897.1,969.0,1252.4,942.7,826.0,116.7,897.1,942.7,1218.5
37.855885,-8.445038,91.0,2011-06-29T15:00,29.8,30,10.2,29.0,0.0,0.0,0.0,0.0,0,1016.3,1005.9,0,0,0,0,0.71,2.94,17.3,22.4,324,327,36.4,35.0,25.4,22.5,18.3,0.057,0.089,0.136,0.2,1,3600.0,890.0,775.0,115.0,881.0,890.0,1164.1,841.0,732.4,108.7,881.0,841.0,1100.0
37.855885,-8.445038,91.0,2011-06-29T16:00,29.4,31,10.6,28.1,0.0,0.0,0.0,0.0,0,1016.1,1005.7,0,0,0,0,0.62,2.83,17.6,22.9,325,327,36.7,34.4,25.7,22.5,18.3,0.057,0.089,0.136,0.2,1,3600.0,762.0,654.0,108.0,850.0,762.0,1018.2,694.8,596.3,98.5,850.0,694.8,928.5
37.855885,-8.445038,91.0,2011-06-29T17:00,28.7,34,11.2,26.7,0.0,0.0,0.0,0.0,0,1015.8,1005.4,0,0,0,0,0.5,2.6,17.2,22.8,323,325,36.4,33.3,25.9,22.5,18.3,0.057,0.088,0.136,0.2,1,3600.0,593.0,496.0,97.0,795.7,593.0,824.9,514.4,430.2,84.1,795.7,514.4,715.5
37.855885,-8.445038,91.0,2011-06-29T18:00,27.4,39,12.1,25.5,0.0,0.0,0.0,0.0,0,1015.7,1005.3,0,0,0,0,0.37,2.23,16.9,23.1,320,323,35.3,31.6,26.0,22.6,18.3,0.057,0.088,0.136,0.2,1,3600.0,400.0,318.0,82.0,704.8,400.0,597.1,318.6,253.3,65.3,704.8,318.6,475.5
37.855885,-8.445038,91.0,2011-06-29T19:00,25.5,46,13.0,24.1,0.0,0.0,0.0,0.0,0,1016.0,1005.5,0,0,0,0,0.22,1.77,16.1,23.0,318,320,33.8,29.3,26.1,22.6,18.3,0.057,0.088,0.136,0.2,1,3600.0,204.0,144.0,60.0,543.8,204.0,350.4,131.0,92.4,38.5,543.8,131.0,225.0
37.855885,-8.445038,91.0,2011-06-29T20:00,23.5,53,13.3,22.4,0.0,0.0,0.0,0.0,0,1016.2,1005.6,0,0,0,0,0.11,1.37,14.8,25.5,319,324,30.6,26.8,26.1,22.6,18.3,0.057,0.088,0.136,0.2,1,1872.0,44.0,24.0,20.0,198.1,44.0,101.7,0.0,0.0,0.0,0.0,0.0,0.0
37.855885,-8.445038,91.0,2011-06-29T21:00,21.9,58,13.3,20.9,0.0,0.0,0.0,0.0,0,1016.7,1006.1,0,0,0,0,0.08,1.1,14.3,25.5,326,331,27.0,24.8,26.0,22.6,18.3,0.057,0.088,0.136,0.2,0,0.0,0.0,0.0,0.0,0.0,0.0,0.0,0.0,0.0,0.0,0.0,0.0,0.0
37.855885,-8.445038,91.0,2011-06-29T22:00,20.8,61,13.1,19.9,0.0,0.0,0.0,0.0,0,1017.0,1006.3,0,0,0,0,0.06,0.95,13.0,23.8,332,340,25.9,23.3,25.8,22.6,18.4,0.057,0.088,0.136,0.2,0,0.0,0.0,0.0,0.0,0.0,0.0,0.0,0.0,0.0,0.0,0.0,0.0,0.0
37.855885,-8.445038,91.0,2011-06-29T23:00,19.9,64,12.8,19.1,0.0,0.0,0.0,0.0,0,1017.2,1006.5,0,0,0,0,0.05,0.85,11.4,22.0,336,345,23.0,22.1,25.6,22.6,18.4,0.057,0.088,0.136,0.2,0,0.0,0.0,0.0,0.0,0.0,0.0,0.0,0.0,0.0,0.0,0.0,0.0,0.0
37.855885,-8.445038,91.0,2011-06-30T00:00,19.0,67,12.7,18.5,0.0,0.0,0.0,0.0,0,1017.0,1006.2,0,0,0,0,0.03,0.73,8.9,19.1,339,348,18.7,21.1,25.4,22.6,18.4,0.057,0.088,0.136,0.2,0,0.0,0.0,0.0,0.0,0.0,0.0,0.0,0.0,0.0,0.0,0.0,0.0,0.0
37.855885,-8.445038,91.0,2011-06-30T01:00,18.2,71,12.7,17.8,0.0,0.0,0.0,0.0,0,1016.7,1005.9,0,0,0,0,0.02,0.62,8.2,17.6,337,349,15.5,20.1,25.2,22.6,18.4,0.057,0.088,0.136,0.2,0,0.0,0.0,0.0,0.0,0.0,0.0,0.0,0.0,0.0,0.0,0.0,0.0,0.0
37.855885,-8.445038,91.0,2011-06-30T02:00,17.2,75,12.8,17.0,0.0,0.0,0.0,0.0,0,1016.3,1005.5,0,0,0,0,0.01,0.48,7.6,17.2,341,350,13.3,19.2,25.0,22.6,18.4,0.057,0.088,0.136,0.2,0,0.0,0.0,0.0,0.0,0.0,0.0,0.0,0.0,0.0,0.0,0.0,0.0,0.0
37.855885,-8.445038,91.0,2011-06-30T03:00,16.3,81,12.9,16.1,0.0,0.0,0.0,0.0,0,1016.2,1005.4,0,0,0,0,0.01,0.36,7.5,17.1,343,352,13.0,18.3,24.7,22.6,18.4,0.057,0.088,0.136,0.2,0,0.0,0.0,0.0,0.0,0.0,0.0,0.0,0.0,0.0,0.0,0.0,0.0,0.0
37.855885,-8.445038,91.0,2011-06-30T04:00,15.4,86,13.0,15.3,0.0,0.0,0.0,0.0,0,1016.1,1005.2,0,0,0,0,0.0,0.25,6.8,15.7,342,351,13.3,17.5,24.4,22.6,18.4,0.057,0.088,0.136,0.2,0,0.0,0.0,0.0,0.0,0.0,0.0,0.0,0.0,0.0,0.0,0.0,0.0,0.0
37.855885,-8.445038,91.0,2011-06-30T05:00,14.6,90,12.9,14.5,0.0,0.0,0.0,0.0,0,1016.2,1005.3,0,0,0,0,0.0,0.17,6.8,16.1,342,350,13.0,16.7,24.1,22.6,18.4,0.057,0.088,0.136,0.2,0,0.0,0.0,0.0,0.0,0.0,0.0,0.0,0.0,0.0,0.0,0.0,0.0,0.0
37.855885,-8.445038,91.0,2011-06-30T06:00,14.6,90,13.0,14.3,0.0,0.0,0.0,0.0,0,1016.2,1005.3,0,0,0,0,0.01,0.16,8.6,17.1,345,352,12.6,16.4,23.9,22.6,18.4,0.057,0.088,0.136,0.2,1,345.22,21.0,10.0,11.0,101.8,21.0,71.6,48.1,22.9,25.2,184.9,26.5,164.0
37.855885,-8.445038,91.0,2011-06-30T07:00,17.4,79,13.7,17.3,0.0,0.0,0.0,0.0,0,1016.6,1005.8,0,0,0,1,0.08,0.42,8.7,13.4,353,355,18.0,18.5,23.7,22.6,18.4,0.057,0.088,0.136,0.2,1,3600.0,157.0,104.0,53.0,476.1,157.0,289.0,225.2,149.1,76.0,476.1,225.2,414.5
37.855885,-8.445038,91.0,2011-06-30T08:00,20.1,68,14.0,20.2,0.0,0.0,0.0,0.0,0,1016.7,1006.0,1,0,0,3,0.21,0.76,7.9,10.4,360,2,19.4,21.7,23.6,22.6,18.4,0.057,0.088,0.136,0.2,1,3600.0,348.0,269.0,79.0,661.9,348.0,537.8,426.2,329.4,96.7,661.9,426.2,658.6
37.855885,-8.445038,91.0,2011-06-30T09:00,23.2,57,14.2,23.4,0.0,0.0,0.0,0.0,0,1016.8,1006.2,3,0,0,11,0.35,1.22,7.9,10.1,3,6,20.5,25.0,23.6,22.6,18.4,0.057,0.088,0.136,0.2,1,3600.0,540.0,442.0,98.0,758.0,540.0,771.6,615.5,503.8,111.7,758.0,615.5,879.6
37.855885,-8.445038,91.0,2011-06-30T10:00,26.3,45,13.4,27.4,0.0,0.0,0.0,0.0,0,1016.7,1006.2,8,0,0,25,0.5,1.87,6.8,8.7,3,7,22.3,28.5,23.8,22.6,18.4,0.057,0.088,0.136,0.2,1,3600.0,717.0,608.0,109.0,825.4,717.0,974.7,781.5,662.7,118.8,825.4,781.5,1062.4
37.855885,-8.445038,91.0,2011-06-30T11:00,28.9,34,11.4,30.1,0.0,0.0,0.0,0.0,0,1016.5,1006.1,8,0,0,26,0.62,2.63,7.0,8.4,348,353,23.0,31.6,24.0,22.6,18.4,0.057,0.088,0.136,0.2,1,3600.0,855.0,733.0,122.0,856.0,855.0,1133.2,901.4,772.8,128.6,856.0,901.4,1194.7
37.855885,-8.445038,91.0,2011-06-30T12:00,30.8,28,10.1,32.2,0.0,0.0,0.0,0.0,0,1016.3,1006.0,8,0,0,25,0.72,3.21,7.2,8.8,342,348,22.0,34.4,24.3,22.6,18.4,0.057,0.087,0.135,0.2,1,3600.0,947.0,821.0,126.0,878.8,947.0,1236.2,970.8,841.6,129.2,878.8,970.8,1267.3
37.855885,-8.445038,91.0,2011-06-30T13:00,32.3,25,9.5,33.7,0.0,0.0,0.0,0.0,0,1015.9,1005.6,7,0,0,24,0.76,3.64,7.4,8.8,337,341,20.5,36.6,24.7,22.6,18.4,0.057,0.087,0.135,0.2,1,3600.0,985.0,862.0,123.0,893.4,985.0,1276.8,983.9,861.0,122.9,893.4,983.9,1275.4
37.855885,-8.445038,91.0,2011-06-30T14:00,33.1,23,9.4,34.4,0.0,0.0,0.0,0.0,0,1015.7,1005.5,9,0,0,30,0.75,3.88,7.1,8.5,319,324,21.6,37.9,25.1,22.6,18.4,0.057,0.087,0.135,0.2,1,3600.0,963.0,845.0,118.0,893.0,963.0,1252.2,937.0,822.2,114.8,893.0,937.0,1218.3
37.855885,-8.445038,91.0,2011-06-30T15:00,33.4,23,9.8,33.9,0.0,0.0,0.0,0.0,0,1015.2,1005.0,10,0,0,34,0.71,3.94,9.4,11.4,302,305,24.5,38.3,25.6,22.6,18.4,0.057,0.087,0.135,0.2,1,3600.0,883.0,768.0,115.0,873.1,883.0,1164.0,834.5,725.8,108.7,873.1,834.5,1100.0
37.855885,-8.445038,91.0,2011-06-30T16:00,33.1,25,10.5,32.7,0.0,0.0,0.0,0.0,0,1015.1,1004.9,9,0,0,29,0.64,3.79,11.9,14.5,295,297,25.9,37.7,25.9,22.6,18.4,0.057,0.087,0.135,0.2,1,3600.0,754.0,646.0,108.0,839.5,754.0,1018.3,687.5,589.1,98.5,839.5,687.5,928.5
37.855885,-8.445038,91.0,2011-06-30T17:00,32.2,28,11.6,30.9,0.0,0.0,0.0,0.0,0,1015.1,1004.8,16,0,0,54,0.53,3.45,13.7,17.7,288,290,26.6,36.4,26.2,22.6,18.4,0.057,0.086,0.134,0.2,1,3600.0,586.0,489.0,97.0,784.4,586.0,824.9,508.3,424.2,84.1,784.4,508.3,715.5
37.855885,-8.445038,91.0,2011-06-30T18:00,30.5,35,13.1,29.4,0.0,0.0,0.0,0.0,1,1015.2,1004.9,23,0,4,69,0.38,2.85,13.7,18.5,293,294,27.7,34.4,26.5,22.6,18.4,0.057,0.086,0.134,0.2,1,3600.0,395.0,314.0,81.0,695.9,395.0,597.1,314.6,250.1,64.5,695.9,314.6,475.5
37.855885,-8.445038,91.0,2011-06-30T19:00,27.7,44,14.5,27.4,0.0,0.0,0.0,0.0,1,1015.6,1005.2,30,0,5,90,0.21,2.06,12.0,17.4,303,304,28.8,31.6,26.6,22.6,18.4,0.057,0.086,0.134,0.2,1,3600.0,182.0,98.0,84.0,370.1,182.0,350.4,116.8,62.9,53.9,370.1,116.8,224.9
37.855885,-8.445038,91.0,2011-06-30T20:00,25.6,52,14.9,25.7,0.0,0.0,0.0,0.0,1,1015.7,1005.2,28,0,1,90,0.1,1.58,10.3,17.3,306,312,24.5,28.8,26.6,22.6,18.4,0.057,0.086,0.134,0.2,0,480.32,38.0,11.0,27.0,90.8,38.0,101.6,0.0,0.0,0.0,0.0,0.0,0.0
37.855885,-8.445038,91.0,2011-06-30T21:00,24.0,58,15.1,24.5,0.0,0.0,0.0,0.0,1,1016.4,1005.8,21,0,2,66,0.05,1.26,8.1,14.5,283,300,19.4,26.6,26.5,22.6,18.4,0.057,0.086,0.134,0.2,0,0.0,0.0,0.0,0.0,0.0,0.0,0.0,0.0,0.0,0.0,0.0,0.0,0.0
37.855885,-8.445038,91.0,2011-06-30T22:00,22.6,63,15.2,23.5,0.0,0.0,0.0,0.0,0,1017.1,1006.5,8,0,0,28,0.02,1.02,5.8,11.7,263,288,13.3,24.9,26.4,22.6,18.4,0.057,0.086,0.134,0.2,0,0.0,0.0,0.0,0.0,0.0,0.0,0.0,0.0,0.0,0.0,0.0,0.0,0.0
37.855885,-8.445038,91.0,2011-06-30T23:00,21.4,68,15.3,22.3,0.0,0.0,0.0,0.0,0,1017.1,1006.4,2,0,0,6,0.01,0.8,5.4,8.7,262,294,10.4,23.5,26.3,22.6,18.4,0.057,0.086,0.134,0.2,0,0.0,0.0,0.0,0.0,0.0,0.0,0.0,0.0,0.0,0.0,0.0,0.0,0.0
37.855885,-8.445038,91.0,2011-07-01T00:00,20.2,75,15.6,21.6,0.0,0.0,0.0,0.0,0,1016.8,1006.1,9,0,0,31,0.0,0.6,3.3,6.0,257,327,9.4,22.3,26.1,22.6,18.4,0.057,0.086,0.134,0.2,0,0.0,0.0,0.0,0.0,0.0,0.0,0.0,0.0,0.0,0.0,0.0,0.0,0.0
37.855885,-8.445038,91.0,2011-07-01T01:00,20.1,77,15.9,21.8,0.0,0.0,0.0,0.0,0,1016.4,1005.7,16,0,0,55,0.0,0.55,2.1,4.6,239,342,8.6,21.1,25.9,22.7,18.4,0.057,0.086,0.134,0.2,0,0.0,0.0,0.0,0.0,0.0,0.0,0.0,0.0,0.0,0.0,0.0,0.0,0.0
37.855885,-8.445038,91.0,2011-07-01T02:00,20.2,76,15.8,21.9,0.0,0.0,0.0,0.0,0,1016.0,1005.3,14,0,0,48,0.0,0.58,1.9,2.5,202,352,4.7,20.0,25.6,22.7,18.4,0.057,0.086,0.134,0.2,0,0.0,0.0,0.0,0.0,0.0,0.0,0.0,0.0,0.0,0.0,0.0,0.0,0.0
37.855885,-8.445038,91.0,2011-07-01T03:00,20.1,77,15.8,21.5,0.0,0.0,0.0,0.0,0,1015.6,1004.9,14,0,0,47,0.0,0.55,3.9,4.5,112,76,6.5,19.2,25.4,22.7,18.4,0.057,0.086,0.134,0.2,0,0.0,0.0,0.0,0.0,0.0,0.0,0.0,0.0,0.0,0.0,0.0,0.0,0.0
37.855885,-8.445038,91.0,2011-07-01T04:00,19.5,78,15.6,20.6,0.0,0.0,0.0,0.0,1,1015.3,1004.6,20,0,1,65,0.0,0.49,5.4,10.8,98,88,8.6,18.6,25.1,22.7,18.5,0.057,0.086,0.134,0.2,0,0.0,0.0,0.0,0.0,0.0,0.0,0.0,0.0,0.0,0.0,0.0,0.0,0.0
37.855885,-8.445038,91.0,2011-07-01T05:00,18.8,80,15.3,19.7,0.0,0.0,0.0,0.0,1,1015.6,1004.9,30,0,11,79,0.0,0.42,5.6,9.2,130,116,10.1,18.1,24.8,22.7,18.5,0.057,0.086,0.134,0.2,0,0.0,0.0,0.0,0.0,0.0,0.0,0.0,0.0,0.0,0.0,0.0,0.0,0.0
37.855885,-8.445038,91.0,2011-07-01T06:00,18.1,83,15.2,19.4,0.0,0.0,0.0,0.0,1,1016.2,1005.4,40,0,20,94,0.01,0.34,2.8,5.1,220,184,11.5,18.0,24.5,22.7,18.5,0.057,0.086,0.134,0.2,1,94.32,19.0,7.0,12.0,71.7,19.0,70.8,43.6,16.1,27.5,130.9,23.9,162.4
37.855885,-8.445038,91.0,2011-07-01T07:00,21.1,73,16.0,23.1,0.0,0.0,0.0,0.0,1,1016.3,1005.6,38,0,16,96,0.06,0.68,0.4,2.5,90,188,7.2,19.9,24.4,22.7,18.5,0.057,0.086,0.134,0.2,1,1790.33,98.0,26.0,72.0,119.7,98.0,287.5,140.8,37.4,103.4,119.7,140.8,413.0
37.855885,-8.445038,91.0,2011-07-01T08:00,23.9,60,15.7,25.4,0.0,0.0,0.0,0.0,1,1016.3,1005.7,45,0,25,100,0.15,1.17,2.4,3.3,63,96,9.4,24.1,24.3,22.7,18.5,0.057,0.086,0.134,0.2,1,3600.0,226.0,74.0,152.0,182.6,226.0,536.3,276.9,90.7,186.3,182.6,276.9,657.2
37.855885,-8.445038,91.0,2011-07-01T09:00,26.2,51,15.2,27.6,0.0,0.0,0.0,0.0,1,1016.7,1006.2,45,0,26,97,0.23,1.66,1.8,1.8,281,270,9.7,26.6,24.4,22.7,18.5,0.057,0.086,0.134,0.2,1,1652.53,330.0,67.0,263.0,115.1,330.0,770.4,376.3,76.4,299.9,115.1,376.3,878.4
37.855885,-8.445038,91.0,2011-07-01T10:00,28.3,42,14.2,28.7,0.0,0.0,0.0,0.0,1,1016.5,1006.1,22,0,0,72,0.36,2.22,6.4,8.4,153,155,12.2,29.0,24.5,22.7,18.5,0.057,0.086,0.134,0.2,1,3600.0,456.0,145.0,311.0,197.1,456.0,973.6,497.1,158.1,339.0,197.1,497.1,1061.4
37.855885,-8.445038,91.0,2011-07-01T11:00,31.1,31,12.0,31.7,0.0,0.0,0.0,0.0,0,1016.5,1006.2,11,0,9,20,0.59,3.11,7.8,9.8,193,188,17.6,32.6,24.8,22.7,18.5,0.057,0.086,0.134,0.2,1,3600.0,749.0,510.0,239.0,596.0,749.0,1132.3,789.7,537.7,252.0,596.0,789.7,1193.9
37.855885,-8.445038,91.0,2011-07-01T12:00,33.5,24,10.4,34.5,0.0,0.0,0.0,0.0,1,1016.7,1006.5,23,0,15,46,0.74,3.9,8.9,10.9,230,226,21.6,36.0,25.1,22.7,18.5,0.057,0.086,0.134,0.2,1,3600.0,922.0,763.0,159.0,817.1,922.0,1235.6,945.3,782.3,163.0,817.1,945.3,1266.8
37.855885,-8.445038,91.0,2011-07-01T13:00,34.7,22,10.2,36.0,0.0,0.0,0.0,0.0,0,1016.0,1005.8,7,0,5,12,0.77,4.28,7.6,9.2,245,239,22.0,38.0,25.5,22.7,18.5,0.056,0.085,0.133,0.2,1,3600.0,954.0,788.0,166.0,816.9,954.0,1276.4,953.0,787.2,165.8,816.9,953.0,1275.0
37.855885,-8.445038,91.0,2011-07-01T14:00,35.8,22,10.5,36.9,0.0,0.0,0.0,0.0,1,1015.9,1005.7,29,0,46,5,0.77,4.6,8.6,10.1,255,253,23.4,39.5,25.9,22.7,18.5,0.056,0.085,0.133,0.2,1,3600.0,927.0,765.0,162.0,808.6,927.0,1251.9,902.0,744.4,157.6,808.6,902.0,1218.1
37.855885,-8.445038,91.0,2011-07-01T15:00,35.8,22,10.9,36.1,0.0,0.0,0.0,0.0,1,1015.7,1005.5,22,0,21,31,0.73,4.57,11.2,13.7,270,270,25.6,39.9,26.3,22.7,18.5,0.056,0.085,0.133,0.2,1,3600.0,841.0,677.0,164.0,769.7,841.0,1163.8,794.8,639.8,155.0,769.7,794.8,1099.9
37.855885,-8.445038,91.0,2011-07-01T16:00,35.3,23,11.4,34.9,0.0,0.0,0.0,0.0,0,1015.3,1005.1,14,0,8,32,0.64,4.37,11.8,14.8,282,284,24.5,39.2,26.7,22.7,18.5,0.056,0.085,0.133,0.2,1,3600.0,718.0,571.0,147.0,742.0,718.0,1018.2,654.7,520.7,134.0,742.0,654.7,928.5
37.855885,-8.445038,91.0,2011-07-01T17:00,33.7,27,12.1,32.9,0.0,0.0,0.0,0.0,0,1014.8,1004.6,10,0,6,21,0.49,3.82,10.0,12.3,285,285,29.2,37.8,27.0,22.7,18.5,0.056,0.084,0.133,0.2,1,3600.0,548.0,414.0,134.0,664.1,548.0,824.9,475.3,359.1,116.2,664.1,475.3,715.5
37.855885,-8.445038,91.0,2011-07-01T18:00,30.5,35,13.3,29.8,0.0,0.0,0.0,0.0,0,1014.5,1004.2,8,0,9,7,0.35,2.84,11.8,15.3,290,289,33.1,35.1,27.2,22.7,18.5,0.056,0.084,0.133,0.2,1,3600.0,368.0,273.0,95.0,605.0,368.0,597.1,293.0,217.4,75.7,605.0,293.0,475.5
37.855885,-8.445038,91.0,2011-07-01T19:00,28.7,38,13.0,27.9,0.0,0.0,0.0,0.0,0,1014.9,1004.5,11,0,19,0,0.22,2.44,11.8,16.5,301,302,25.9,32.3,27.3,22.7,18.5,0.056,0.084,0.133,0.2,1,3600.0,193.0,131.0,62.0,494.9,193.0,350.3,123.8,84.0,39.8,494.9,123.8,224.7
37.855885,-8.445038,91.0,2011-07-01T20:00,26.4,43,12.6,25.7,0.0,0.0,0.0,0.0,0,1014.6,1004.1,14,0,24,0,0.11,1.97,9.9,15.8,316,317,23.8,29.6,27.3,22.7,18.5,0.056,0.084,0.133,0.2,0,1866.66,42.0,23.0,19.0,190.0,42.0,101.5,0.0,0.0,0.0,0.0,0.0,0.0
37.855885,-8.445038,91.0,2011-07-01T21:00,25.0,45,12.2,24.6,0.0,0.0,0.0,0.0,0,1015.3,1004.8,13,0,21,0,0.06,1.75,7.6,13.0,335,336,17.6,27.5,27.3,22.7,18.5,0.056,0.084,0.133,0.2,0,0.0,0.0,0.0,0.0,0.0,0.0,0.0,0.0,0.0,0.0,0.0,0.0,0.0
37.855885,-8.445038,91.0,2011-07-01T22:00,23.9,49,12.6,24.0,0.0,0.0,0.0,0.0,0,1015.9,1005.3,0,0,0,0,0.03,1.51,4.6,9.3,342,347,11.5,25.9,27.2,22.8,18.5,0.056,0.084,0.133,0.2,0,0.0,0.0,0.0,0.0,0.0,0.0,0.0,0.0,0.0,0.0,0.0,0.0,0.0
37.855885,-8.445038,91.0,2011-07-01T23:00,22.3,60,14.3,23.0,0.0,0.0,0.0,0.0,0,1015.5,1004.9,0,0,0,0,0.02,1.07,5.0,8.1,330,347,9.4,24.4,27.0,22.8,18.5,0.056,0.084,0.133,0.2,0,0.0,0.0,0.0,0.0,0.0,0.0,0.0,0.0,0.0,0.0,0.0,0.0,0.0
37.855885,-8.445038,91.0,2011-07-02T00:00,21.0,67,14.7,21.8,0.0,0.0,0.0,0.0,0,1015.2,1004.5,0,0,0,0,0.01,0.82,5.1,7.9,315,336,8.3,23.0,26.8,22.8,18.5,0.056,0.084,0.133,0.2,0,0.0,0.0,0.0,0.0,0.0,0.0,0.0,0.0,0.0,0.0,0.0,0.0,0.0
37.855885,-8.445038,91.0,2011-07-02T01:00,20.0,72,14.8,20.8,0.0,0.0,0.0,0.0,0,1014.7,1004.0,0,0,0,0,0.01,0.65,4.8,9.7,312,329,8.6,21.8,26.6,22.8,18.5,0.056,0.084,0.133,0.2,0,0.0,0.0,0.0,0.0,0.0,0.0,0.0,0.0,0.0,0.0,0.0,0.0,0.0
37.855885,-8.445038,91.0,2011-07-02T02:00,19.1,77,15.1,20.1,0.0,0.0,0.0,0.0,0,1014.0,1003.3,0,0,0,0,0.0,0.5,4.8,11.5,312,328,8.6,20.9,26.3,22.8,18.5,0.056,0.084,0.133,0.2,0,0.0,0.0,0.0,0.0,0.0,0.0,0.0,0.0,0.0,0.0,0.0,0.0,0.0
37.855885,-8.445038,91.0,2011-07-02T03:00,18.8,80,15.3,19.9,0.0,0.0,0.0,0.0,0,1013.5,1002.8,0,0,0,0,0.0,0.43,4.6,11.1,309,331,8.6,20.2,26.1,22.8,18.5,0.056,0.084,0.133,0.2,0,0.0,0.0,0.0,0.0,0.0,0.0,0.0,0.0,0.0,0.0,0.0,0.0,0.0
37.855885,-8.445038,91.0,2011-07-02T04:00,18.4,83,15.4,19.5,0.0,0.0,0.0,0.0,0,1013.3,1002.6,0,0,0,0,0.0,0.36,4.6,10.9,315,333,8.3,19.5,25.8,22.8,18.5,0.056,0.084,0.133,0.2,0,0.0,0.0,0.0,0.0,0.0,0.0,0.0,0.0,0.0,0.0,0.0,0.0,0.0
37.855885,-8.445038,91.0,2011-07-02T05:00,17.8,86,15.5,18.9,0.0,0.0,0.0,0.0,0,1013.5,1002.7,0,0,0,0,0.0,0.28,5.1,11.9,321,335,9.4,19.0,25.6,22.8,18.5,0.056,0.084,0.133,0.2,0,0.0,0.0,0.0,0.0,0.0,0.0,0.0,0.0,0.0,0.0,0.0,0.0,0.0
37.855885,-8.445038,91.0,2011-07-02T06:00,17.8,88,15.7,18.8,0.0,0.0,0.0,0.0,0,1013.2,1002.4,1,1,0,0,0.02,0.25,6.1,12.2,332,341,10.8,18.8,25.3,22.8,18.5,0.056,0.084,0.133,0.2,1,176.48,19.0,8.0,11.0,82.5,19.0,69.9,43.7,18.4,25.3,151.4,23.8,160.7
37.855885,-8.445038,91.0,2011-07-02T07:00,20.5,77,16.2,21.7,0.0,0.0,0.0,0.0,0,1013.4,1002.7,0,0,0,0,0.09,0.56,6.2,9.7,339,345,14.0,21.0,25.1,22.8,18.5,0.056,0.084,0.133,0.2,1,3600.0,151.0,99.0,52.0,458.3,151.0,285.8,217.3,142.5,74.8,458.3,217.3,411.4
37.855885,-8.445038,91.0,2011-07-02T08:00,23.0,63,15.6,23.9,0.0,0.0,0.0,0.0,0,1013.5,1002.9,0,0,0,0,0.22,1.04,6.6,8.7,338,343,16.9,24.3,25.1,22.8,18.5,0.056,0.084,0.133,0.2,1,3600.0,340.0,263.0,77.0,650.7,340.0,534.8,416.9,322.5,94.4,650.7,416.9,655.8
37.855885,-8.445038,91.0,2011-07-02T09:00,25.6,50,14.4,26.0,0.0,0.0,0.0,0.0,0,1013.2,1002.7,0,0,0,0,0.37,1.63,7.1,8.6,336,338,19.4,27.4,25.1,22.8,18.6,0.056,0.084,0.132,0.2,1,3600.0,534.0,439.0,95.0,755.4,534.0,769.0,609.1,500.7,108.4,755.4,609.1,877.1
37.855885,-8.445038,91.0,2011-07-02T10:00,27.8,42,13.7,29.2,0.0,0.0,0.0,0.0,0,1012.9,1002.5,0,0,0,1,0.5,2.17,5.4,6.3,323,329,20.9,30.6,25.2,22.8,18.6,0.056,0.084,0.132,0.2,1,3600.0,711.0,605.0,106.0,823.2,711.0,972.5,775.3,659.7,115.6,823.2,775.3,1060.4
37.855885,-8.445038,91.0,2011-07-02T11:00,29.4,39,14.2,31.4,0.0,0.0,0.0,0.0,0,1012.7,1002.4,4,0,0,13,0.63,2.49,7.8,8.8,304,305,24.1,33.3,25.5,22.8,18.6,0.056,0.084,0.132,0.2,1,3600.0,849.0,731.0,118.0,854.9,849.0,1131.4,895.3,770.9,124.4,854.9,895.3,1193.1
37.855885,-8.445038,91.0,2011-07-02T12:00,30.3,38,14.4,32.4,0.0,0.0,0.0,0.0,0,1012.2,1001.9,6,0,0,19,0.71,2.66,10.8,12.9,296,297,29.5,35.3,25.8,22.8,18.6,0.056,0.084,0.132,0.2,1,3600.0,942.0,822.0,120.0,880.8,942.0,1234.9,965.9,842.8,123.0,880.8,965.9,1266.2
37.855885,-8.445038,91.0,2011-07-02T13:00,30.4,37,14.2,32.0,0.0,0.0,0.0,0.0,0,1012.0,1001.7,6,0,0,20,0.74,2.73,14.0,17.2,296,296,35.3,36.3,26.1,22.8,18.6,0.056,0.083,0.132,0.2,1,3600.0,965.0,813.0,152.0,843.1,965.0,1275.9,964.1,812.2,151.9,843.1,964.1,1274.6
37.855885,-8.445038,91.0,2011-07-02T14:00,29.7,38,13.8,30.2,0.0,0.0,0.0,0.0,0,1011.7,1001.4,7,0,0,24,0.72,2.59,18.0,22.7,299,299,40.3,36.1,26.4,22.8,18.6,0.056,0.083,0.132,0.2,1,3600.0,935.0,768.0,167.0,811.9,935.0,1251.6,909.8,747.3,162.5,811.9,909.8,1217.9
37.855885,-8.445038,91.0,2011-07-02T15:00,28.5,39,13.2,28.0,0.0,0.0,0.0,0.0,0,1011.7,1001.3,3,0,0,9,0.66,2.37,20.4,26.6,302,303,43.9,35.3,26.6,22.8,18.6,0.056,0.083,0.132,0.199,1,3600.0,860.0,693.0,167.0,788.0,860.0,1163.7,812.8,655.0,157.8,788.0,812.8,1099.8
37.855885,-8.445038,91.0,2011-07-02T16:00,27.1,41,12.6,25.8,0.0,0.0,0.0,0.0,0,1011.5,1001.1,2,0,0,7,0.57,2.12,20.8,27.7,304,305,44.3,33.9,26.8,22.8,18.6,0.056,0.083,0.131,0.199,1,3600.0,744.0,614.0,130.0,798.0,744.0,1018.1,678.5,559.9,118.5,798.0,678.5,928.4
37.855885,-8.445038,91.0,2011-07-02T17:00,25.6,43,12.1,23.2,0.0,0.0,0.0,0.0,0,1011.7,1001.2,6,0,0,20,0.46,1.86,21.7,28.6,306,306,44.3,32.2,26.9,22.9,18.6,0.056,0.083,0.131,0.199,1,3600.0,584.0,478.0,106.0,766.8,584.0,824.8,506.5,414.6,91.9,766.8,506.5,715.4
37.855885,-8.445038,91.0,2011-07-02T18:00,23.7,48,12.1,21.2,0.0,0.0,0.0,0.0,0,1011.5,1001.0,8,0,0,28,0.33,1.52,21.3,29.0,307,308,43.9,30.0,27.0,22.9,18.6,0.056,0.083,0.131,0.199,1,3600.0,397.0,314.0,83.0,695.9,397.0,597.0,316.1,250.0,66.1,695.9,316.1,475.3
37.855885,-8.445038,91.0,2011-07-02T19:00,21.7,56,12.5,19.4,0.0,0.0,0.0,0.0,1,1011.8,1001.2,25,0,0,82,0.19,1.14,20.7,28.9,310,310,43.2,27.4,26.9,22.9,18.6,0.056,0.083,0.131,0.199,1,3600.0,197.0,128.0,69.0,483.8,197.0,350.1,126.3,82.1,44.2,483.8,126.3,224.5
37.855885,-8.445038,91.0,2011-07-02T20:00,19.8,64,12.8,17.8,0.0,0.0,0.0,0.0,1,1011.6,1000.9,29,0,0,96,0.1,0.84,19.4,28.0,310,312,40.7,24.9,26.8,22.9,18.6,0.056,0.083,0.131,0.199,0,864.65,40.0,14.0,26.0,115.7,40.0,101.4,0.0,0.0,0.0,0.0,0.0,0.0
37.855885,-8.445038,91.0,2011-07-02T21:00,18.8,68,12.9,16.9,0.0,0.0,0.0,0.0,1,1012.3,1001.6,29,0,0,98,0.07,0.69,19.1,27.7,313,314,37.1,23.1,26.6,22.9,18.6,0.056,0.083,0.131,0.199,0,0.0,0.0,0.0,0.0,0.0,0.0,0.0,0.0,0.0,0.0,0.0,0.0,0.0
37.855885,-8.445038,91.0,2011-07-02T22:00,18.2,71,12.8,16.2,0.0,0.0,0.0,0.0,1,1012.6,1001.9,29,0,0,95,0.06,0.61,19.5,28.9,309,310,36.4,21.9,26.4,22.9,18.6,0.056,0.083,0.131,0.199,0,0.0,0.0,0.0,0.0,0.0,0.0,0.0,0.0,0.0,0.0,0.0,0.0,0.0
37.855885,-8.445038,91.0,2011-07-02T23:00,17.7,73,12.8,15.6,0.0,0.0,0.0,0.0,1,1013.3,1002.5,26,1,0,84,0.05,0.55,20.4,30.3,315,315,37.4,21.0,26.2,22.9,18.6,0.056,0.083,0.131,0.199,0,0.0,0.0,0.0,0.0,0.0,0.0,0.0,0.0,0.0,0.0,0.0,0.0,0.0
37.855885,-8.445038,91.0,2011-07-03T00:00,17.3,75,12.8,15.3,0.0,0.0,0.0,0.0,1,1013.1,1002.3,44,22,1,79,0.05,0.5,19.2,28.7,320,321,36.4,20.3,25.9,22.9,18.6,0.056,0.083,0.131,0.199,0,0.0,0.0,0.0,0.0,0.0,0.0,0.0,0.0,0.0,0.0,0.0,0.0,0.0
37.855885,-8.445038,91.0,2011-07-03T01:00,17.0,76,12.8,15.2,0.0,0.0,0.0,0.0,3,1012.8,1002.0,93,26,71,90,0.04,0.46,18.4,27.7,321,322,34.2,19.9,25.7,22.9,18.6,0.056,0.083,0.131,0.199,0,0.0,0.0,0.0,0.0,0.0,0.0,0.0,0.0,0.0,0.0,0.0,0.0,0.0
37.855885,-8.445038,91.0,2011-07-03T02:00,16.9,78,12.9,15.3,0.0,0.0,0.0,0.0,3,1012.7,1001.9,82,34,57,59,0.03,0.43,17.1,26.1,319,321,32.8,19.5,25.4,22.9,18.6,0.056,0.083,0.131,0.199,0,0.0,0.0,0.0,0.0,0.0,0.0,0.0,0.0,0.0,0.0,0.0,0.0,0.0
37.855885,-8.445038,91.0,2011-07-03T03:00,16.8,79,13.1,15.3,0.0,0.0,0.0,0.0,2,1012.6,1001.8,72,26,52,59,0.03,0.4,16.8,26.0,318,319,31.3,19.2,25.2,22.9,18.6,0.056,0.083,0.131,0.199,0,0.0,0.0,0.0,0.0,0.0,0.0,0.0,0.0,0.0,0.0,0.0,0.0,0.0
37.855885,-8.445038,91.0,2011-07-03T04:00,16.5,82,13.4,15.2,0.0,0.0,0.0,0.0,1,1012.8,1002.0,37,18,11,47,0.02,0.34,16.5,25.5,316,317,30.2,18.8,25.0,22.9,18.6,0.056,0.083,0.131,0.199,0,0.0,0.0,0.0,0.0,0.0,0.0,0.0,0.0,0.0,0.0,0.0,0.0,0.0
37.855885,-8.445038,91.0,2011-07-03T05:00,16.5,84,13.8,15.4,0.0,0.0,0.0,0.0,1,1013.0,1002.2,41,24,16,33,0.02,0.3,15.5,24.7,314,316,29.5,18.5,24.7,22.9,18.6,0.056,0.083,0.131,0.199,0,0.0,0.0,0.0,0.0,0.0,0.0,0.0,0.0,0.0,0.0,0.0,0.0,0.0
37.855885,-8.445038,91.0,2011-07-03T06:00,16.5,85,14.1,15.6,0.0,0.0,0.0,0.0,1,1013.2,1002.4,42,21,36,5,0.03,0.27,15.5,25.0,316,317,31.3,18.5,24.5,22.9,18.6,0.057,0.083,0.131,0.199,1,0.0,16.0,5.0,11.0,51.9,16.0,69.0,36.8,11.5,25.3,95.8,19.9,158.9
37.855885,-8.445038,91.0,2011-07-03T07:00,17.5,77,13.4,15.6,0.0,0.0,0.0,0.0,2,1013.5,1002.7,70,56,30,5,0.09,0.46,19.9,28.3,319,320,38.5,19.3,24.3,22.9,18.6,0.057,0.083,0.131,0.199,1,3600.0,122.0,60.0,62.0,279.5,122.0,284.1,176.0,86.5,89.4,279.5,176.0,409.7
37.855885,-8.445038,91.0,2011-07-03T08:00,18.7,67,12.5,16.1,0.0,0.0,0.0,0.0,3,1013.8,1003.1,89,86,20,0,0.18,0.71,23.1,31.8,321,321,43.6,20.6,24.1,22.9,18.6,0.057,0.083,0.131,0.199,1,3600.0,252.0,138.0,114.0,342.5,252.0,533.2,309.2,169.3,139.9,342.5,309.2,654.2
37.855885,-8.445038,91.0,2011-07-03T09:00,19.2,63,12.0,16.3,0.0,0.0,0.0,0.0,3,1014.0,1003.3,94,100,7,0,0.21,0.83,24.0,32.9,319,319,44.6,21.5,24.0,22.9,18.6,0.057,0.083,0.131,0.199,1,2285.31,242.0,79.0,163.0,136.2,242.0,767.6,276.1,90.1,186.0,136.2,276.1,875.8
37.855885,-8.445038,91.0,2011-07-03T10:00,19.6,62,12.0,16.6,0.0,0.0,0.0,0.0,3,1014.5,1003.8,89,98,1,0,0.23,0.87,24.3,33.2,310,311,46.4,22.2,24.0,22.9,18.6,0.057,0.083,0.131,0.199,1,1101.56,275.0,71.0,204.0,96.7,275.0,971.3,299.9,77.4,222.5,96.7,299.9,1059.3
37.855885,-8.445038,91.0,2011-07-03T11:00,20.4,58,11.8,17.2,0.0,0.0,0.0,0.0,3,1015.1,1004.4,85,94,0,0,0.3,1.01,25.3,34.9,311,311,47.9,23.2,23.9,22.9,18.6,0.057,0.083,0.131,0.199,1,3045.73,388.0,138.0,250.0,161.5,388.0,1130.4,409.2,145.5,263.7,161.5,409.2,1192.3
37.855885,-8.445038,91.0,2011-07-03T12:00,20.9,56,11.7,17.8,0.0,0.0,0.0,0.0,3,1015.1,1004.4,85,94,0,0,0.33,1.1,25.0,33.9,311,312,49.0,24.1,23.9,22.9,18.6,0.057,0.082,0.131,0.199,1,2284.74,427.0,127.0,300.0,136.2,427.0,1234.1,437.9,130.2,307.6,136.2,437.9,1265.5
37.855885,-8.445038,91.0,2011-07-03T13:00,21.5,54,11.8,18.4,0.0,0.0,0.0,0.0,3,1015.3,1004.7,89,99,0,0,0.37,1.17,24.5,33.2,310,311,50.0,25.1,23.9,22.9,18.7,0.057,0.082,0.131,0.199,1,3024.21,505.0,155.0,350.0,160.8,505.0,1275.3,504.5,154.9,349.7,160.8,504.5,1274.2
37.855885,-8.445038,91.0,2011-07-03T14:00,21.9,53,11.9,18.9,0.0,0.0,0.0,0.0,3,1015.8,1005.2,87,97,0,0,0.4,1.23,25.3,34.2,310,311,51.8,25.8,24.0,22.9,18.7,0.057,0.082,0.131,0.199,1,3600.0,566.0,202.0,364.0,213.6,566.0,1251.2,550.8,196.6,354.2,213.6,550.8,1217.6
37.855885,-8.445038,91.0,2011-07-03T15:00,21.8,54,12.0,18.7,0.0,0.0,0.0,0.0,3,1015.6,1005.0,88,98,0,0,0.37,1.21,25.8,34.7,310,311,52.6,25.9,24.0,22.9,18.7,0.057,0.082,0.131,0.199,1,3385.74,490.0,152.0,338.0,172.9,490.0,1163.5,463.1,143.7,319.5,172.9,463.1,1099.6
37.855885,-8.445038,91.0,2011-07-03T16:00,21.7,54,12.1,18.6,0.0,0.0,0.0,0.0,3,1015.7,1005.1,88,98,0,0,0.36,1.18,25.8,34.9,311,312,54.0,25.9,24.1,22.9,18.7,0.057,0.082,0.131,0.199,1,3600.0,487.0,211.0,276.0,274.2,487.0,1018.0,444.1,192.4,251.7,274.2,444.1,928.3
37.855885,-8.445038,91.0,2011-07-03T17:00,21.3,56,12.2,18.2,0.0,0.0,0.0,0.0,3,1015.7,1005.0,86,96,0,0,0.3,1.1,25.7,35.7,312,313,53.6,25.4,24.1,22.9,18.7,0.057,0.082,0.131,0.199,1,3600.0,379.0,160.0,219.0,256.7,379.0,824.7,328.7,138.8,189.9,256.7,328.7,715.3
37.855885,-8.445038,91.0,2011-07-03T18:00,20.7,58,12.1,17.5,0.0,0.0,0.0,0.0,2,1015.8,1005.1,75,83,0,0,0.26,1.02,26.2,36.7,314,315,52.6,24.7,24.1,22.9,18.7,0.057,0.082,0.131,0.199,1,3600.0,321.0,164.0,157.0,363.6,321.0,596.8,255.5,130.6,125.0,363.6,255.5,475.1
37.855885,-8.445038,91.0,2011-07-03T19:00,19.3,60,11.4,15.9,0.0,0.0,0.0,0.0,2,1016.3,1005.6,63,70,0,0,0.17,0.88,26.3,37.5,319,319,52.2,23.2,24.1,22.9,18.7,0.057,0.082,0.131,0.199,1,2852.44,135.0,41.0,94.0,155.1,135.0,349.8,86.5,26.3,60.2,155.1,86.5,224.1
37.855885,-8.445038,91.0,2011-07-03T20:00,18.4,65,11.8,15.7,0.0,0.0,0.0,0.0,2,1016.4,1005.6,60,67,0,0,0.1,0.74,22.2,32.7,318,319,50.0,21.8,24.0,22.8,18.7,0.057,0.082,0.131,0.199,0,735.62,30.0,13.0,17.0,107.6,30.0,101.2,0.0,0.0,0.0,0.0,0.0,0.0
37.855885,-8.445038,91.0,2011-07-03T21:00,17.9,69,12.1,15.6,0.0,0.0,0.0,0.0,2,1017.2,1006.4,79,76,0,35,0.07,0.64,20.2,30.4,319,319,42.8,20.8,23.8,22.8,18.7,0.057,0.082,0.131,0.199,0,0.0,0.0,0.0,0.0,0.0,0.0,0.0,0.0,0.0,0.0,0.0,0.0,0.0
37.855885,-8.445038,91.0,2011-07-03T22:00,17.6,72,12.4,15.8,0.0,0.0,0.0,0.0,3,1017.8,1007.0,88,81,0,49,0.05,0.57,17.3,26.5,315,316,40.0,20.1,23.7,22.8,18.7,0.057,0.082,0.131,0.199,0,0.0,0.0,0.0,0.0,0.0,0.0,0.0,0.0,0.0,0.0,0.0,0.0,0.0
37.855885,-8.445038,91.0,2011-07-03T23:00,17.2,74,12.5,15.6,0.0,0.0,0.0,0.0,2,1018.0,1007.2,54,60,0,0,0.04,0.51,16.1,25.2,310,313,35.3,19.5,23.6,22.8,18.7,0.057,0.082,0.131,0.199,0,0.0,0.0,0.0,0.0,0.0,0.0,0.0,0.0,0.0,0.0,0.0,0.0,0.0
37.855885,-8.445038,91.0,2011-07-04T00:00,16.9,76,12.6,15.2,0.0,0.0,0.0,0.0,2,1018.1,1007.3,54,60,0,0,0.04,0.46,16.8,26.2,312,313,33.8,19.0,23.4,22.8,18.7,0.057,0.082,0.131,0.199,0,0.0,0.0,0.0,0.0,0.0,0.0,0.0,0.0,0.0,0.0,0.0,0.0,0.0
37.855885,-8.445038,91.0,2011-07-04T01:00,16.4,78,12.6,14.8,0.0,0.0,0.0,0.0,1,1017.7,1006.8,46,51,0,0,0.03,0.4,16.6,26.2,311,313,32.4,18.5,23.2,22.8,18.7,0.057,0.082,0.131,0.199,0,0.0,0.0,0.0,0.0,0.0,0.0,0.0,0.0,0.0,0.0,0.0,0.0,0.0
37.855885,-8.445038,91.0,2011-07-04T02:00,16.0,81,12.8,14.5,0.0,0.0,0.0,0.0,1,1017.2,1006.3,41,46,0,0,0.02,0.34,16.5,26.5,314,316,31.7,18.1,23.0,22.8,18.7,0.057,0.082,0.131,0.199,0,0.0,0.0,0.0,0.0,0.0,0.0,0.0,0.0,0.0,0.0,0.0,0.0,0.0
37.855885,-8.445038,91.0,2011-07-04T03:00,15.6,84,12.9,14.0,0.0,0.0,0.0,0.0,1,1017.3,1006.4,32,36,0,0,0.02,0.28,17.1,26.9,319,321,31.0,17.6,22.9,22.8,18.7,0.057,0.082,0.131,0.199,0,0.0,0.0,0.0,0.0,0.0,0.0,0.0,0.0,0.0,0.0,0.0,0.0,0.0
37.855885,-8.445038,91.0,2011-07-04T04:00,15.7,83,12.8,14.1,0.0,0.0,0.0,0.0,1,1017.4,1006.5,29,32,0,0,0.02,0.3,16.6,27.3,326,326,31.7,17.5,22.7,22.8,18.7,0.057,0.082,0.131,0.199,0,0.0,0.0,0.0,0.0,0.0,0.0,0.0,0.0,0.0,0.0,0.0,0.0,0.0
37.855885,-8.445038,91.0,2011-07-04T05:00,15.6,83,12.8,14.1,0.0,0.0,0.0,0.0,1,1017.5,1006.6,32,36,0,0,0.02,0.29,16.3,26.7,332,333,32.0,17.3,22.5,22.8,18.7,0.057,0.082,0.131,0.199,0,0.0,0.0,0.0,0.0,0.0,0.0,0.0,0.0,0.0,0.0,0.0,0.0,0.0
37.855885,-8.445038,91.0,2011-07-04T06:00,15.7,83,12.8,14.4,0.0,0.0,0.0,0.0,1,1017.7,1006.8,34,38,0,0,0.04,0.31,14.7,24.7,335,337,31.3,17.4,22.3,22.8,18.7,0.057,0.082,0.131,0.199,1,0.0,12.0,3.0,9.0,31.4,12.0,68.1,27.7,6.9,20.7,58.3,14.9,156.9
37.855885,-8.445038,91.0,2011-07-04T07:00,16.5,76,12.3,14.6,0.0,0.0,0.0,0.0,2,1017.9,1007.0,51,57,0,0,0.09,0.44,17.8,24.8,342,343,35.6,18.2,22.2,22.8,18.7,0.057,0.082,0.131,0.199,1,3600.0,104.0,41.0,63.0,192.2,104.0,282.2,150.3,59.3,91.1,192.2,150.3,407.9
37.855885,-8.445038,91.0,2011-07-04T08:00,17.5,72,12.3,15.8,0.0,0.0,0.0,0.0,1,1018.1,1007.3,49,54,0,0,0.15,0.57,16.5,22.5,344,344,35.3,19.5,22.1,22.7,18.7,0.057,0.082,0.131,0.199,1,3600.0,228.0,75.0,153.0,186.7,228.0,531.5,280.0,92.1,187.9,186.7,280.0,652.7
37.855885,-8.445038,91.0,2011-07-04T09:00,19.1,65,12.4,17.5,0.0,0.0,0.0,0.0,1,1018.3,1007.5,28,31,0,0,0.27,0.78,16.1,21.2,344,345,34.6,21.7,22.1,22.7,18.7,0.057,0.082,0.13,0.199,1,3600.0,441.0,243.0,198.0,419.7,441.0,766.1,503.4,277.4,226.0,419.7,503.4,874.5
37.855885,-8.445038,91.0,2011-07-04T10:00,21.0,58,12.6,20.6,0.0,0.0,0.0,0.0,0,1018.2,1007.5,2,2,0,0,0.41,1.03,12.6,16.0,336,337,34.2,24.3,22.2,22.7,18.7,0.057,0.082,0.13,0.199,1,3600.0,667.0,520.0,147.0,709.3,667.0,970.0,727.6,567.3,160.4,709.3,727.6,1058.2
37.855885,-8.445038,91.0,2011-07-04T11:00,23.0,52,12.7,23.7,0.0,0.0,0.0,0.0,0,1018.5,1007.9,0,0,0,0,0.54,1.33,12.2,15.6,332,334,33.8,27.0,22.4,22.7,18.7,0.057,0.082,0.13,0.199,1,3600.0,845.0,721.0,124.0,844.6,845.0,1129.4,891.4,760.6,130.8,844.6,891.4,1191.4
37.855885,-8.445038,91.0,2011-07-04T12:00,24.7,48,12.9,25.8,0.0,0.0,0.0,0.0,0,1018.0,1007.4,0,0,0,0,0.62,1.61,13.0,16.3,326,329,33.5,29.4,22.6,22.7,18.7,0.057,0.082,0.13,0.199,1,3600.0,940.0,812.0,128.0,871.1,940.0,1233.4,964.0,832.8,131.3,871.1,964.0,1264.9
37.855885,-8.445038,91.0,2011-07-04T13:00,26.0,45,13.1,27.2,0.0,0.0,0.0,0.0,0,1017.7,1007.2,0,0,0,0,0.67,1.85,14.3,18.3,321,324,34.2,31.3,22.9,22.7,18.7,0.057,0.081,0.13,0.199,1,3600.0,982.0,857.0,125.0,889.5,982.0,1274.8,981.2,856.3,124.9,889.5,981.2,1273.7
37.855885,-8.445038,91.0,2011-07-04T14:00,26.7,43,13.2,27.4,0.0,0.0,0.0,0.0,0,1017.5,1007.0,0,0,0,0,0.67,1.98,16.3,21.0,319,321,37.1,32.4,23.2,22.7,18.7,0.057,0.081,0.13,0.199,1,3600.0,960.0,837.0,123.0,885.3,960.0,1250.9,934.2,814.5,119.7,885.3,934.2,1217.3
37.855885,-8.445038,91.0,2011-07-04T15:00,26.8,43,13.3,26.8,0.0,0.0,0.0,0.0,0,1017.2,1006.7,0,0,0,0,0.63,1.99,18.1,23.0,317,319,40.0,32.6,23.5,22.7,18.7,0.057,0.081,0.13,0.199,1,3600.0,882.0,763.0,119.0,867.9,882.0,1163.2,833.6,721.2,112.5,867.9,833.6,1099.4
37.855885,-8.445038,91.0,2011-07-04T16:00,26.4,44,13.3,25.8,0.0,0.0,0.0,0.0,0,1017.3,1006.8,0,0,0,0,0.55,1.92,18.6,24.2,317,319,41.8,32.0,23.8,22.7,18.7,0.057,0.081,0.13,0.199,1,3600.0,754.0,642.0,112.0,834.6,754.0,1017.8,687.6,585.4,102.1,834.6,687.6,928.1
37.855885,-8.445038,91.0,2011-07-04T17:00,25.8,46,13.2,24.1,0.0,0.0,0.0,0.0,0,1017.0,1006.5,0,0,0,0,0.45,1.8,19.4,25.5,318,320,42.5,30.8,24.0,22.7,18.7,0.057,0.081,0.129,0.199,1,3600.0,586.0,486.0,100.0,779.9,586.0,824.5,508.2,421.5,86.7,779.9,508.2,715.1
37.855885,-8.445038,91.0,2011-07-04T18:00,24.7,48,12.9,22.8,0.0,0.0,0.0,0.0,0,1017.0,1006.5,0,0,0,0,0.33,1.63,19.1,26.1,319,321,42.5,29.2,24.1,22.7,18.7,0.057,0.081,0.129,0.199,1,3600.0,395.0,310.0,85.0,687.5,395.0,596.6,314.4,246.7,67.7,687.5,314.4,474.8
37.855885,-8.445038,91.0,2011-07-04T19:00,23.3,50,12.3,21.4,0.0,0.0,0.0,0.0,0,1017.4,1006.8,0,0,0,0,0.21,1.43,17.9,25.6,320,321,38.5,27.1,24.2,22.7,18.7,0.057,0.081,0.129,0.199,1,3600.0,201.0,140.0,61.0,530.1,201.0,349.4,128.7,89.6,39.0,530.1,128.7,223.7
37.855885,-8.445038,91.0,2011-07-04T20:00,21.7,55,12.1,20.0,0.0,0.0,0.0,0.0,0,1017.5,1006.8,0,0,0,0,0.11,1.18,16.1,26.8,320,324,34.9,24.8,24.2,22.7,18.8,0.057,0.081,0.129,0.199,0,1846.95,43.0,23.0,20.0,190.6,43.0,101.0,0.0,0.0,0.0,0.0,0.0,0.0
37.855885,-8.445038,91.0,2011-07-04T21:00,20.3,58,11.9,18.5,0.0,0.0,0.0,0.0,0,1018.4,1007.7,0,0,0,0,0.08,0.99,16.3,27.6,325,329,29.5,23.0,24.2,22.7,18.8,0.057,0.081,0.129,0.199,0,0.0,0.0,0.0,0.0,0.0,0.0,0.0,0.0,0.0,0.0,0.0,0.0,0.0
37.855885,-8.445038,91.0,2011-07-04T22:00,19.3,61,11.5,17.5,0.0,0.0,0.0,0.0,0,1018.9,1008.1,0,0,0,0,0.07,0.88,15.2,27.0,329,333,29.2,21.6,24.1,22.7,18.8,0.057,0.081,0.129,0.199,0,0.0,0.0,0.0,0.0,0.0,0.0,0.0,0.0,0.0,0.0,0.0,0.0,0.0
37.855885,-8.445038,91.0,2011-07-04T23:00,18.4,63,11.2,16.6,0.0,0.0,0.0,0.0,0,1019.3,1008.5,0,0,0,0,0.06,0.78,14.8,26.2,334,339,28.4,20.5,23.9,22.7,18.8,0.057,0.081,0.129,0.199,0,0.0,0.0,0.0,0.0,0.0,0.0,0.0,0.0,0.0,0.0,0.0,0.0,0.0
37.855885,-8.445038,91.0,2011-07-05T00:00,17.4,66,11.0,15.6,0.0,0.0,0.0,0.0,0,1019.1,1008.3,0,0,0,0,0.05,0.68,14.2,25.6,339,343,27.0,19.6,23.8,22.7,18.8,0.057,0.081,0.129,0.199,0,0.0,0.0,0.0,0.0,0.0,0.0,0.0,0.0,0.0,0.0,0.0,0.0,0.0
37.855885,-8.445038,91.0,2011-07-05T01:00,16.7,69,10.9,14.8,0.0,0.0,0.0,0.0,0,1018.9,1008.0,0,0,0,0,0.04,0.59,14.3,25.6,342,346,25.9,18.8,23.6,22.7,18.8,0.057,0.081,0.129,0.199,0,0.0,0.0,0.0,0.0,0.0,0.0,0.0,0.0,0.0,0.0,0.0,0.0,0.0
37.855885,-8.445038,91.0,2011-07-05T02:00,15.9,72,10.9,14.2,0.0,0.0,0.0,0.0,0,1018.7,1007.8,0,0,0,0,0.04,0.5,13.9,25.1,350,352,24.8,18.0,23.4,22.7,18.8,0.057,0.081,0.129,0.199,0,0.0,0.0,0.0,0.0,0.0,0.0,0.0,0.0,0.0,0.0,0.0,0.0,0.0
37.855885,-8.445038,91.0,2011-07-05T03:00,15.3,76,11.0,13.7,0.0,0.0,0.0,0.0,0,1018.5,1007.6,0,0,0,0,0.03,0.43,13.0,24.1,357,358,22.7,17.3,23.2,22.6,18.8,0.057,0.081,0.129,0.199,0,0.0,0.0,0.0,0.0,0.0,0.0,0.0,0.0,0.0,0.0,0.0,0.0,0.0
37.855885,-8.445038,91.0,2011-07-05T04:00,14.8,79,11.2,13.4,0.0,0.0,0.0,0.0,0,1018.6,1007.7,0,0,0,0,0.02,0.36,11.9,23.1,2,4,20.2,16.7,23.0,22.6,18.8,0.057,0.081,0.129,0.199,0,0.0,0.0,0.0,0.0,0.0,0.0,0.0,0.0,0.0,0.0,0.0,0.0,0.0
37.855885,-8.445038,91.0,2011-07-05T05:00,14.4,82,11.4,13.2,0.0,0.0,0.0,0.0,0,1018.7,1007.8,0,0,0,0,0.01,0.29,10.9,21.7,6,7,18.4,16.2,22.7,22.6,18.8,0.057,0.081,0.129,0.199,0,0.0,0.0,0.0,0.0,0.0,0.0,0.0,0.0,0.0,0.0,0.0,0.0,0.0
37.855885,-8.445038,91.0,2011-07-05T06:00,14.3,84,11.6,13.2,0.0,0.0,0.0,0.0,0,1018.9,1007.9,0,0,0,0,0.03,0.26,10.9,20.7,6,8,18.4,15.9,22.5,22.6,18.8,0.057,0.081,0.129,0.199,1,173.88,18.0,8.0,10.0,84.4,18.0,67.1,41.5,18.5,23.1,157.7,22.2,154.9
37.855885,-8.445038,91.0,2011-07-05T07:00,16.1,76,11.9,14.9,0.0,0.0,0.0,0.0,0,1019.3,1008.4,0,0,0,0,0.09,0.43,11.9,18.1,3,6,23.0,17.3,22.3,22.6,18.8,0.057,0.081,0.129,0.199,1,3600.0,154.0,103.0,51.0,486.2,154.0,280.3,223.1,149.2,73.9,486.2,223.1,406.1
37.855885,-8.445038,91.0,2011-07-05T08:00,18.6,64,11.6,17.1,0.0,0.0,0.0,0.0,0,1019.5,1008.7,0,0,0,0,0.21,0.78,13.3,18.0,2,3,28.4,20.0,22.3,22.6,18.8,0.057,0.081,0.129,0.199,1,3600.0,348.0,272.0,76.0,679.4,348.0,529.7,427.7,334.3,93.4,679.4,427.7,651.0
37.855885,-8.445038,91.0,2011-07-05T09:00,21.4,54,11.8,19.9,0.0,0.0,0.0,0.0,0,1019.5,1008.8,0,0,0,0,0.35,1.16,13.7,18.0,358,360,30.6,23.0,22.3,22.6,18.8,0.057,0.081,0.129,0.199,1,3600.0,540.0,447.0,93.0,773.5,540.0,764.6,616.6,510.4,106.2,773.5,616.6,873.0
37.855885,-8.445038,91.0,2011-07-05T10:00,24.1,49,12.7,23.8,0.0,0.0,0.0,0.0,0,1019.4,1008.8,0,0,0,0,0.48,1.53,13.4,17.0,354,356,31.7,26.2,22.4,22.6,18.8,0.057,0.081,0.129,0.199,1,3600.0,715.0,604.0,111.0,824.9,715.0,968.8,780.2,659.0,121.1,824.9,780.2,1057.0
37.855885,-8.445038,91.0,2011-07-05T11:00,26.4,46,13.9,27.1,0.0,0.0,0.0,0.0,0,1019.0,1008.5,0,0,0,0,0.6,1.85,14.4,18.7,347,349,33.1,29.2,22.7,22.6,18.8,0.057,0.08,0.129,0.199,1,3600.0,852.0,731.0,121.0,857.1,852.0,1128.4,898.9,771.2,127.7,857.1,898.9,1190.5
37.855885,-8.445038,91.0,2011-07-05T12:00,28.2,44,14.9,29.5,0.0,0.0,0.0,0.0,0,1018.9,1008.5,0,0,0,0,0.67,2.12,15.3,19.5,341,344,34.2,31.6,22.9,22.6,18.8,0.057,0.08,0.129,0.199,1,3600.0,923.0,787.0,136.0,844.8,923.0,1232.6,946.7,807.2,139.5,844.8,946.7,1264.2
37.855885,-8.445038,91.0,2011-07-05T13:00,29.4,44,15.7,31.3,0.0,0.0,0.0,0.0,0,1018.3,1007.9,0,0,0,0,0.72,2.3,15.2,19.3,338,339,34.9,33.5,23.3,22.6,18.8,0.057,0.08,0.129,0.199,1,3600.0,975.0,854.0,121.0,886.8,975.0,1274.2,974.3,853.4,120.9,886.8,974.3,1273.2
37.855885,-8.445038,91.0,2011-07-05T14:00,30.0,43,16.1,32.0,0.0,0.0,0.0,0.0,0,1017.8,1007.4,0,0,0,0,0.72,2.41,15.1,19.3,332,333,35.6,34.6,23.6,22.6,18.8,0.057,0.08,0.129,0.199,1,3600.0,951.0,831.0,120.0,879.3,951.0,1250.4,925.5,808.7,116.8,879.3,925.5,1217.0
37.855885,-8.445038,91.0,2011-07-05T15:00,30.2,43,16.1,31.5,0.0,0.0,0.0,0.0,0,1017.2,1006.8,0,0,0,0,0.67,2.46,16.8,21.4,325,327,38.2,35.0,24.0,22.6,18.8,0.057,0.08,0.128,0.199,1,3600.0,871.0,753.0,118.0,856.7,871.0,1162.9,823.3,711.7,111.5,856.7,823.3,1099.2
37.855885,-8.445038,91.0,2011-07-05T16:00,29.8,43,16.0,30.0,0.0,0.0,0.0,0.0,0,1017.0,1006.6,0,0,0,0,0.59,2.37,18.9,24.4,321,323,41.0,34.4,24.3,22.6,18.8,0.057,0.08,0.128,0.199,1,3600.0,744.0,634.0,110.0,824.4,744.0,1017.6,678.5,578.1,100.3,824.4,678.5,927.9
37.855885,-8.445038,91.0,2011-07-05T17:00,28.8,46,16.0,28.0,0.0,0.0,0.0,0.0,0,1016.9,1006.5,0,0,0,0,0.49,2.15,20.7,27.7,320,321,42.8,33.2,24.6,22.6,18.8,0.057,0.08,0.128,0.199,1,3600.0,579.0,479.0,100.0,768.9,579.0,824.3,502.1,415.4,86.7,768.9,502.1,714.8
37.855885,-8.445038,91.0,2011-07-05T18:00,27.3,50,16.1,26.3,0.0,0.0,0.0,0.0,0,1016.9,1006.4,0,0,0,0,0.35,1.81,21.5,29.5,320,321,43.2,31.3,24.8,22.6,18.8,0.057,0.079,0.128,0.199,1,3600.0,390.0,306.0,84.0,679.0,390.0,596.2,310.3,243.5,66.8,679.0,310.3,474.4
37.855885,-8.445038,91.0,2011-07-05T19:00,25.0,58,16.1,24.2,0.0,0.0,0.0,0.0,0,1017.6,1007.1,0,0,0,0,0.21,1.34,20.0,28.8,321,323,42.5,28.9,24.9,22.6,18.8,0.057,0.079,0.128,0.199,1,3600.0,197.0,137.0,60.0,519.4,197.0,349.0,125.9,87.6,38.4,519.4,125.9,223.1
37.855885,-8.445038,91.0,2011-07-05T20:00,23.2,65,16.1,22.7,0.0,0.0,0.0,0.0,0,1017.6,1007.0,0,0,0,0,0.1,1.01,17.7,29.4,322,327,38.5,26.4,24.9,22.6,18.8,0.057,0.079,0.128,0.199,0,1837.22,42.0,22.0,20.0,182.6,42.0,100.7,0.0,0.0,0.0,0.0,0.0,0.0
37.855885,-8.445038,91.0,2011-07-05T21:00,21.8,69,16.0,21.3,0.0,0.0,0.0,0.0,0,1018.4,1007.7,0,0,0,0,0.07,0.8,17.8,29.8,328,332,33.1,24.5,24.8,22.6,18.8,0.057,0.079,0.128,0.199,0,0.0,0.0,0.0,0.0,0.0,0.0,0.0,0.0,0.0,0.0,0.0,0.0,0.0
37.855885,-8.445038,91.0,2011-07-05T22:00,20.8,73,15.8,20.3,0.0,0.0,0.0,0.0,0,1018.4,1007.7,0,0,0,0,0.05,0.67,16.9,28.8,331,334,32.4,23.1,24.8,22.6,18.8,0.057,0.079,0.128,0.199,0,0.0,0.0,0.0,0.0,0.0,0.0,0.0,0.0,0.0,0.0,0.0,0.0,0.0
37.855885,-8.445038,91.0,2011-07-05T23:00,19.9,76,15.6,19.4,0.0,0.0,0.0,0.0,0,1018.4,1007.7,0,0,0,0,0.04,0.56,16.6,28.5,336,339,31.7,22.0,24.6,22.6,18.8,0.057,0.079,0.128,0.199,0,0.0,0.0,0.0,0.0,0.0,0.0,0.0,0.0,0.0,0.0,0.0,0.0,0.0
37.855885,-8.445038,91.0,2011-07-06T00:00,19.1,79,15.4,18.5,0.0,0.0,0.0,0.0,0,1018.6,1007.8,0,0,0,0,0.03,0.46,16.1,27.6,340,343,29.2,21.1,24.5,22.6,18.8,0.057,0.079,0.128,0.199,0,0.0,0.0,0.0,0.0,0.0,0.0,0.0,0.0,0.0,0.0,0.0,0.0,0.0
37.855885,-8.445038,91.0,2011-07-06T01:00,18.3,82,15.1,17.7,0.0,0.0,0.0,0.0,0,1018.2,1007.4,1,1,0,0,0.02,0.39,15.7,27.1,344,346,27.4,20.3,24.3,22.6,18.8,0.057,0.079,0.128,0.199,0,0.0,0.0,0.0,0.0,0.0,0.0,0.0,0.0,0.0,0.0,0.0,0.0,0.0
37.855885,-8.445038,91.0,2011-07-06T02:00,17.6,84,14.9,17.1,0.0,0.0,0.0,0.0,0,1017.7,1006.9,1,1,0,0,0.02,0.32,14.8,25.6,347,349,25.6,19.6,24.2,22.6,18.8,0.057,0.079,0.128,0.199,0,0.0,0.0,0.0,0.0,0.0,0.0,0.0,0.0,0.0,0.0,0.0,0.0,0.0
37.855885,-8.445038,91.0,2011-07-06T03:00,17.1,86,14.8,16.7,0.0,0.0,0.0,0.0,0,1017.6,1006.8,3,3,0,0,0.01,0.27,13.6,24.3,349,352,24.1,19.0,24.0,22.6,18.8,0.057,0.079,0.128,0.199,0,0.0,0.0,0.0,0.0,0.0,0.0,0.0,0.0,0.0,0.0,0.0,0.0,0.0
37.855885,-8.445038,91.0,2011-07-06T04:00,16.6,88,14.7,16.3,0.0,0.0,0.0,0.0,0,1017.5,1006.7,1,1,0,0,0.01,0.22,12.7,23.1,352,355,22.7,18.4,23.8,22.6,18.8,0.057,0.079,0.128,0.199,0,0.0,0.0,0.0,0.0,0.0,0.0,0.0,0.0,0.0,0.0,0.0,0.0,0.0
37.855885,-8.445038,91.0,2011-07-06T05:00,16.2,90,14.6,15.9,0.0,0.0,0.0,0.0,0,1017.4,1006.5,6,7,0,0,0.0,0.19,12.3,22.4,353,356,22.7,18.0,23.6,22.6,18.9,0.057,0.079,0.128,0.199,0,0.0,0.0,0.0,0.0,0.0,0.0,0.0,0.0,0.0,0.0,0.0,0.0,0.0
37.855885,-8.445038,91.0,2011-07-06T06:00,16.2,90,14.5,15.8,0.0,0.0,0.0,0.0,0,1017.6,1006.7,4,4,0,0,0.02,0.19,12.7,22.0,353,356,24.1,17.8,23.4,22.6,18.9,0.057,0.079,0.128,0.199,1,26.12,16.0,6.0,10.0,63.8,16.0,66.1,37.0,13.9,23.1,120.1,19.7,152.9
37.855885,-8.445038,91.0,2011-07-06T07:00,17.4,85,14.8,16.9,0.0,0.0,0.0,0.0,0,1017.6,1006.8,14,16,0,0,0.08,0.3,14.8,20.9,357,358,28.4,18.9,23.2,22.6,18.9,0.057,0.079,0.128,0.199,1,3600.0,139.0,82.0,57.0,389.9,139.0,278.3,201.9,119.1,82.8,389.9,201.9,404.2
37.855885,-8.445038,91.0,2011-07-06T08:00,19.3,73,14.4,18.5,0.0,0.0,0.0,0.0,0,1017.4,1006.7,2,2,0,0,0.19,0.6,14.8,19.8,359,360,31.3,21.0,23.1,22.5,18.9,0.057,0.079,0.128,0.199,1,3600.0,317.0,224.0,93.0,561.4,317.0,527.9,389.9,275.5,114.4,561.4,389.9,649.3
37.855885,-8.445038,91.0,2011-07-06T09:00,21.5,62,13.9,20.6,0.0,0.0,0.0,0.0,0,1017.4,1006.7,0,0,0,0,0.32,0.97,14.4,18.7,359,360,32.0,23.7,23.1,22.5,18.9,0.057,0.079,0.128,0.199,1,3600.0,516.0,409.0,107.0,709.3,516.0,763.0,589.4,467.2,122.2,709.2,589.4,871.6
37.855885,-8.445038,91.0,2011-07-06T10:00,23.6,53,13.4,23.7,0.0,0.0,0.0,0.0,0,1017.1,1006.5,0,0,0,0,0.46,1.38,12.4,15.6,352,353,33.1,26.5,23.2,22.5,18.9,0.057,0.079,0.128,0.199,1,3600.0,704.0,590.0,114.0,806.9,704.0,967.4,768.3,643.9,124.4,806.9,768.3,1055.8
37.855885,-8.445038,91.0,2011-07-06T11:00,25.3,46,12.9,26.1,0.0,0.0,0.0,0.0,0,1016.3,1005.8,0,0,0,0,0.59,1.74,12.9,16.4,342,345,34.2,29.1,23.4,22.5,18.9,0.057,0.079,0.128,0.199,1,3600.0,861.0,746.0,115.0,875.6,861.0,1127.3,908.5,787.2,121.3,875.6,908.5,1189.5
37.855885,-8.445038,91.0,2011-07-06T12:00,26.7,41,12.4,27.7,0.0,0.0,0.0,0.0,0,1016.3,1005.8,0,0,0,0,0.68,2.06,13.8,17.6,332,334,35.6,31.3,23.7,22.5,18.9,0.057,0.079,0.128,0.199,1,3600.0,961.0,845.0,116.0,907.7,961.0,1231.7,985.8,866.8,119.0,907.7,985.8,1263.5
37.855885,-8.445038,91.0,2011-07-06T13:00,27.6,38,12.2,28.2,0.0,0.0,0.0,0.0,0,1016.0,1005.6,0,0,0,0,0.72,2.27,16.2,20.4,323,324,38.5,32.8,23.9,22.5,18.9,0.057,0.079,0.127,0.199,1,3600.0,996.0,879.0,117.0,913.2,996.0,1273.6,995.3,878.4,116.9,913.2,995.3,1272.7
37.855885,-8.445038,91.0,2011-07-06T14:00,28.0,37,12.0,28.0,0.0,0.0,0.0,0.0,0,1015.7,1005.3,0,0,0,0,0.72,2.37,18.6,24.0,319,320,41.4,33.6,24.2,22.5,18.9,0.057,0.079,0.127,0.199,1,3600.0,973.0,851.0,122.0,900.8,973.0,1250.0,947.0,828.2,118.7,900.8,947.0,1216.6
37.855885,-8.445038,91.0,2011-07-06T15:00,28.0,37,12.0,27.3,0.0,0.0,0.0,0.0,0,1015.3,1004.9,0,0,0,0,0.68,2.37,20.4,26.6,318,319,43.6,33.6,24.5,22.5,18.9,0.057,0.079,0.127,0.199,1,3600.0,895.0,779.0,116.0,886.6,895.0,1162.6,846.0,736.3,109.6,886.6,846.0,1098.9
37.855885,-8.445038,91.0,2011-07-06T16:00,27.6,38,11.9,25.9,0.0,0.0,0.0,0.0,0,1015.2,1004.8,0,0,0,0,0.6,2.29,22.2,29.2,320,321,45.0,33.0,24.8,22.5,18.9,0.057,0.078,0.127,0.199,1,3600.0,766.0,656.0,110.0,853.2,766.0,1017.3,698.5,598.2,100.3,853.2,698.5,927.6
37.855885,-8.445038,91.0,2011-07-06T17:00,26.5,39,11.6,23.7,0.0,0.0,0.0,0.0,0,1014.8,1004.3,0,0,0,0,0.49,2.1,23.8,32.4,322,323,47.2,31.7,24.9,22.5,18.9,0.057,0.078,0.127,0.199,1,3600.0,597.0,498.0,99.0,799.7,597.0,824.0,517.7,431.8,85.8,799.7,517.7,714.5
37.855885,-8.445038,91.0,2011-07-06T18:00,24.9,42,11.0,21.6,0.0,0.0,0.0,0.0,0,1014.7,1004.2,0,0,0,0,0.37,1.84,25.0,34.7,324,325,48.2,29.8,25.1,22.5,18.9,0.057,0.078,0.127,0.199,1,3600.0,403.0,319.0,84.0,708.4,403.0,595.8,320.6,253.8,66.8,708.4,320.6,473.9
37.855885,-8.445038,91.0,2011-07-06T19:00,22.6,47,10.7,19.3,0.0,0.0,0.0,0.0,0,1015.0,1004.4,0,0,0,0,0.24,1.46,24.1,34.8,325,327,49.0,27.3,25.1,22.5,18.9,0.056,0.078,0.127,0.199,1,3600.0,204.0,144.0,60.0,546.9,204.0,348.4,130.3,91.9,38.3,546.9,130.3,222.4
37.855885,-8.445038,91.0,2011-07-06T20:00,20.7,49,9.5,17.4,0.0,0.0,0.0,0.0,0,1015.2,1004.5,0,0,0,0,0.15,1.25,21.2,33.7,328,330,46.1,24.7,25.1,22.5,18.9,0.056,0.078,0.127,0.199,0,1825.88,44.0,24.0,20.0,199.7,44.0,100.4,0.0,0.0,0.0,0.0,0.0,0.0
37.855885,-8.445038,91.0,2011-07-06T21:00,19.3,49,8.4,15.7,0.0,0.0,0.0,0.0,0,1015.8,1005.1,0,0,0,0,0.13,1.13,21.1,33.6,337,339,40.3,22.7,24.9,22.5,18.9,0.056,0.078,0.127,0.199,0,0.0,0.0,0.0,0.0,0.0,0.0,0.0,0.0,0.0,0.0,0.0,0.0,0.0
37.855885,-8.445038,91.0,2011-07-06T22:00,18.1,51,7.8,14.6,0.0,0.0,0.0,0.0,0,1016.5,1005.7,0,0,0,0,0.11,1.01,19.5,31.7,341,343,39.2,21.2,24.8,22.6,18.9,0.056,0.078,0.127,0.199,0,0.0,0.0,0.0,0.0,0.0,0.0,0.0,0.0,0.0,0.0,0.0,0.0,0.0
37.855885,-8.445038,91.0,2011-07-06T23:00,17.0,56,8.2,13.9,0.0,0.0,0.0,0.0,0,1016.8,1006.0,0,0,0,0,0.09,0.85,18.3,30.4,344,346,36.7,20.0,24.6,22.6,18.9,0.056,0.078,0.127,0.199,0,0.0,0.0,0.0,0.0,0.0,0.0,0.0,0.0,0.0,0.0,0.0,0.0,0.0
37.855885,-8.445038,91.0,2011-07-07T00:00,16.2,63,9.0,13.3,0.0,0.0,0.0,0.0,0,1016.7,1005.8,0,0,0,0,0.07,0.69,17.8,29.5,346,347,35.3,19.0,24.4,22.6,18.9,0.056,0.078,0.127,0.199,0,0.0,0.0,0.0,0.0,0.0,0.0,0.0,0.0,0.0,0.0,0.0,0.0,0.0
37.855885,-8.445038,91.0,2011-07-07T01:00,15.5,68,9.7,12.9,0.0,0.0,0.0,0.0,0,1016.6,1005.7,1,1,0,0,0.05,0.56,17.1,28.9,345,346,33.5,18.2,24.2,22.6,18.9,0.056,0.078,0.127,0.199,0,0.0,0.0,0.0,0.0,0.0,0.0,0.0,0.0,0.0,0.0,0.0,0.0,0.0
37.855885,-8.445038,91.0,2011-07-07T02:00,15.0,72,10.1,12.5,0.0,0.0,0.0,0.0,0,1016.2,1005.3,2,2,0,0,0.04,0.47,17.2,29.1,344,345,32.0,17.5,23.9,22.5,18.9,0.056,0.078,0.127,0.199,0,0.0,0.0,0.0,0.0,0.0,0.0,0.0,0.0,0.0,0.0,0.0,0.0,0.0
37.855885,-8.445038,91.0,2011-07-07T03:00,14.7,75,10.4,12.2,0.0,0.0,0.0,0.0,0,1016.2,1005.3,5,6,0,0,0.04,0.41,17.7,29.1,343,345,32.4,17.1,23.7,22.5,18.9,0.056,0.078,0.127,0.199,0,0.0,0.0,0.0,0.0,0.0,0.0,0.0,0.0,0.0,0.0,0.0,0.0,0.0
37.855885,-8.445038,91.0,2011-07-07T04:00,14.4,78,10.7,12.1,0.0,0.0,0.0,0.0,0,1016.0,1005.1,9,10,0,0,0.03,0.36,17.2,29.1,344,345,32.4,16.6,23.5,22.5,18.9,0.056,0.078,0.127,0.199,0,0.0,0.0,0.0,0.0,0.0,0.0,0.0,0.0,0.0,0.0,0.0,0.0,0.0
37.855885,-8.445038,91.0,2011-07-07T05:00,14.2,80,10.9,11.9,0.0,0.0,0.0,0.0,0,1016.2,1005.3,4,5,0,0,0.03,0.32,17.6,29.4,345,345,32.0,16.3,23.2,22.5,18.9,0.056,0.078,0.127,0.199,0,0.0,0.0,0.0,0.0,0.0,0.0,0.0,0.0,0.0,0.0,0.0,0.0,0.0
37.855885,-8.445038,91.0,2011-07-07T06:00,14.4,80,11.0,12.0,0.0,0.0,0.0,0.0,0,1016.4,1005.5,2,2,0,0,0.04,0.32,18.2,29.9,346,347,33.5,16.3,23.0,22.5,18.9,0.056,0.078,0.127,0.199,1,99.69,16.0,7.0,9.0,75.1,16.0,65.0,37.1,16.2,20.9,142.4,19.5,150.7
37.855885,-8.445038,91.0,2011-07-07T07:00,15.5,77,11.4,13.0,0.0,0.0,0.0,0.0,0,1016.4,1005.5,0,0,0,0,0.09,0.41,20.1,29.6,350,350,37.8,17.3,22.8,22.5,18.9,0.056,0.078,0.127,0.199,1,3600.0,142.0,87.0,55.0,416.8,142.0,276.2,206.8,126.7,80.1,416.8,206.8,402.2
37.855885,-8.445038,91.0,2011-07-07T08:00,17.1,66,10.7,14.2,0.0,0.0,0.0,0.0,0,1016.6,1005.8,2,2,0,0,0.2,0.66,21.8,30.1,352,352,43.6,19.2,22.7,22.5,18.9,0.056,0.078,0.127,0.199,1,3600.0,328.0,243.0,85.0,611.2,328.0,526.0,403.8,299.1,104.6,611.2,403.8,647.5
37.855885,-8.445038,91.0,2011-07-07T09:00,18.8,57,10.1,15.8,0.0,0.0,0.0,0.0,0,1016.6,1005.8,5,6,0,0,0.32,0.93,20.9,28.5,349,350,43.9,21.4,22.6,22.5,18.9,0.056,0.078,0.127,0.198,1,3600.0,533.0,433.0,100.0,752.5,533.0,761.3,609.1,494.8,114.3,752.5,609.1,870.1
37.855885,-8.445038,91.0,2011-07-07T10:00,20.5,51,9.9,18.4,0.0,0.0,0.0,0.0,0,1016.8,1006.1,8,9,0,0,0.43,1.18,19.5,25.8,344,345,43.9,23.7,22.7,22.5,18.9,0.056,0.078,0.127,0.198,1,3600.0,702.0,581.0,121.0,795.7,702.0,966.0,766.3,634.3,132.1,795.7,766.3,1054.6
37.855885,-8.445038,91.0,2011-07-07T11:00,22.1,45,9.7,20.5,0.0,0.0,0.0,0.0,0,1016.8,1006.2,6,7,0,0,0.53,1.45,20.2,26.2,338,339,44.3,26.1,22.8,22.5,18.9,0.056,0.078,0.126,0.198,1,3600.0,843.0,718.0,125.0,843.5,843.0,1126.2,889.7,757.7,131.9,843.5,889.7,1188.5
37.855885,-8.445038,91.0,2011-07-07T12:00,23.4,41,9.5,22.1,0.0,0.0,0.0,0.0,0,1016.8,1006.2,0,0,0,0,0.62,1.7,21.4,28.0,333,334,45.4,28.1,22.9,22.5,18.9,0.056,0.078,0.126,0.198,1,3600.0,947.0,827.0,120.0,889.0,947.0,1230.9,971.5,848.4,123.1,889.0,971.5,1262.7
37.855885,-8.445038,91.0,2011-07-07T13:00,24.5,38,9.2,23.1,0.0,0.0,0.0,0.0,0,1016.8,1006.2,0,0,0,0,0.67,1.9,21.9,29.0,330,332,45.7,29.7,23.1,22.5,18.9,0.056,0.078,0.126,0.198,1,3600.0,985.0,862.0,123.0,896.0,985.0,1272.9,984.4,861.5,122.9,896.0,984.4,1272.2
37.855885,-8.445038,91.0,2011-07-07T14:00,25.1,36,9.1,23.5,0.0,0.0,0.0,0.0,0,1016.2,1005.7,0,0,0,0,0.67,2.03,22.4,29.5,330,332,45.7,30.6,23.4,22.5,18.9,0.056,0.078,0.126,0.198,1,3600.0,964.0,843.0,121.0,892.7,964.0,1249.5,938.3,820.5,117.8,892.7,938.3,1216.1
37.855885,-8.445038,91.0,2011-07-07T15:00,25.3,36,9.0,23.2,0.0,0.0,0.0,0.0,0,1015.9,1005.4,0,0,0,0,0.64,2.07,23.2,30.8,330,331,47.2,31.0,23.6,22.5,19.0,0.056,0.077,0.126,0.198,1,3600.0,887.0,770.0,117.0,876.6,887.0,1162.2,838.4,727.8,110.6,876.6,838.4,1098.5
37.855885,-8.445038,91.0,2011-07-07T16:00,25.0,36,8.9,22.1,0.0,0.0,0.0,0.0,0,1015.9,1005.4,0,0,0,0,0.57,2.02,24.1,31.9,328,330,48.6,30.5,23.8,22.5,19.0,0.056,0.077,0.126,0.198,1,3600.0,760.0,651.0,109.0,847.0,760.0,1016.9,693.0,593.6,99.4,847.0,693.0,927.3
37.855885,-8.445038,91.0,2011-07-07T17:00,24.2,37,8.8,20.5,0.0,0.0,0.0,0.0,0,1015.5,1004.9,0,0,0,0,0.47,1.89,24.5,33.3,327,329,49.3,29.4,24.0,22.5,19.0,0.056,0.077,0.126,0.198,1,3600.0,592.0,495.0,97.0,795.2,592.0,823.6,513.3,429.2,84.1,795.2,513.3,714.0
37.855885,-8.445038,91.0,2011-07-07T18:00,23.1,40,8.7,19.1,0.0,0.0,0.0,0.0,0,1015.8,1005.2,0,0,0,0,0.35,1.69,24.5,33.8,327,329,49.7,27.8,24.1,22.5,19.0,0.056,0.077,0.126,0.198,1,3600.0,398.0,315.0,83.0,700.1,398.0,595.3,316.5,250.5,66.0,700.1,316.5,473.4
37.855885,-8.445038,91.0,2011-07-07T19:00,21.5,45,9.0,17.9,0.0,0.0,0.0,0.0,0,1016.1,1005.4,0,0,0,0,0.23,1.42,23.3,33.2,325,326,48.2,25.7,24.1,22.5,19.0,0.056,0.077,0.126,0.198,1,3600.0,202.0,141.0,61.0,536.5,202.0,347.7,128.8,89.9,38.9,536.5,128.8,221.7
37.855885,-8.445038,91.0,2011-07-07T20:00,20.0,50,9.4,16.8,0.0,0.0,0.0,0.0,0,1016.5,1005.8,0,0,0,0,0.14,1.16,20.6,32.7,324,326,44.6,23.5,24.1,22.5,19.0,0.056,0.077,0.126,0.198,0,1812.93,43.0,23.0,20.0,191.8,43.0,100.0,0.0,0.0,0.0,0.0,0.0,0.0
37.855885,-8.445038,91.0,2011-07-07T21:00,18.8,54,9.4,15.6,0.0,0.0,0.0,0.0,0,1017.1,1006.3,0,0,0,0,0.11,0.99,20.3,32.4,330,333,39.6,21.8,24.0,22.5,19.0,0.056,0.077,0.126,0.198,0,0.0,0.0,0.0,0.0,0.0,0.0,0.0,0.0,0.0,0.0,0.0,0.0,0.0
37.855885,-8.445038,91.0,2011-07-07T22:00,17.8,58,9.4,14.8,0.0,0.0,0.0,0.0,0,1017.9,1007.1,0,0,0,0,0.09,0.86,18.8,29.8,334,337,37.8,20.5,23.8,22.5,19.0,0.056,0.077,0.126,0.198,0,0.0,0.0,0.0,0.0,0.0,0.0,0.0,0.0,0.0,0.0,0.0,0.0,0.0
37.855885,-8.445038,91.0,2011-07-07T23:00,16.9,61,9.4,14.2,0.0,0.0,0.0,0.0,0,1017.9,1007.1,0,0,0,0,0.07,0.74,17.1,28.4,338,340,34.9,19.4,23.7,22.5,19.0,0.056,0.077,0.126,0.198,0,0.0,0.0,0.0,0.0,0.0,0.0,0.0,0.0,0.0,0.0,0.0,0.0,0.0
37.855885,-8.445038,91.0,2011-07-08T00:00,16.1,65,9.6,13.6,0.0,0.0,0.0,0.0,0,1017.9,1007.0,0,0,0,0,0.06,0.63,16.4,27.6,341,343,33.5,18.6,23.5,22.5,19.0,0.056,0.077,0.126,0.198,0,0.0,0.0,0.0,0.0,0.0,0.0,0.0,0.0,0.0,0.0,0.0,0.0,0.0
37.855885,-8.445038,91.0,2011-07-08T01:00,15.5,70,9.9,13.1,0.0,0.0,0.0,0.0,0,1017.5,1006.6,0,0,0,0,0.05,0.54,15.8,26.5,343,345,31.7,17.8,23.3,22.5,19.0,0.056,0.077,0.126,0.198,0,0.0,0.0,0.0,0.0,0.0,0.0,0.0,0.0,0.0,0.0,0.0,0.0,0.0
37.855885,-8.445038,91.0,2011-07-08T02:00,14.9,74,10.3,12.8,0.0,0.0,0.0,0.0,0,1017.2,1006.3,2,2,0,0,0.04,0.45,15.4,26.5,344,345,29.5,17.2,23.1,22.5,19.0,0.056,0.077,0.126,0.198,0,0.0,0.0,0.0,0.0,0.0,0.0,0.0,0.0,0.0,0.0,0.0,0.0,0.0
37.855885,-8.445038,91.0,2011-07-08T03:00,14.5,78,10.6,12.4,0.0,0.0,0.0,0.0,0,1017.1,1006.2,2,2,0,0,0.03,0.37,15.6,27.0,345,347,27.4,16.6,22.9,22.5,19.0,0.056,0.077,0.126,0.198,0,0.0,0.0,0.0,0.0,0.0,0.0,0.0,0.0,0.0,0.0,0.0,0.0,0.0
37.855885,-8.445038,91.0,2011-07-08T04:00,14.2,81,10.9,12.1,0.0,0.0,0.0,0.0,0,1017.2,1006.3,3,3,0,0,0.02,0.31,15.8,27.2,348,349,25.9,16.1,22.7,22.4,19.0,0.056,0.077,0.126,0.198,0,0.0,0.0,0.0,0.0,0.0,0.0,0.0,0.0,0.0,0.0,0.0,0.0,0.0
37.855885,-8.445038,91.0,2011-07-08T05:00,13.9,83,11.1,12.0,0.0,0.0,0.0,0.0,0,1017.2,1006.3,3,3,0,0,0.02,0.26,14.9,26.2,352,352,25.6,15.7,22.4,22.4,19.0,0.056,0.077,0.126,0.198,0,0.0,0.0,0.0,0.0,0.0,0.0,0.0,0.0,0.0,0.0,0.0,0.0,0.0
37.855885,-8.445038,91.0,2011-07-08T06:00,13.9,84,11.3,12.2,0.0,0.0,0.0,0.0,0,1017.5,1006.5,0,0,0,0,0.03,0.25,14.1,24.2,354,355,24.8,15.6,22.2,22.4,19.0,0.056,0.077,0.126,0.198,1,99.86,16.0,7.0,9.0,75.8,16.0,63.9,37.1,16.3,20.9,144.9,19.4,148.4
37.855885,-8.445038,91.0,2011-07-08T07:00,15.0,80,11.7,13.4,0.0,0.0,0.0,0.0,0,1017.8,1006.9,0,0,0,0,0.08,0.33,14.8,21.3,356,356,27.7,16.7,22.0,22.4,19.0,0.056,0.077,0.126,0.198,1,3600.0,140.0,87.0,53.0,420.1,140.0,274.0,204.4,127.0,77.4,420.1,204.4,400.1
37.855885,-8.445038,91.0,2011-07-08T08:00,16.8,69,11.2,14.6,0.0,0.0,0.0,0.0,0,1018.1,1007.3,4,5,0,0,0.18,0.59,17.7,24.1,356,357,35.6,18.9,21.9,22.4,19.0,0.056,0.077,0.126,0.198,1,3600.0,321.0,234.0,87.0,590.7,321.0,524.1,395.5,288.3,107.2,590.7,395.5,645.7
37.855885,-8.445038,91.0,2011-07-08T09:00,18.7,60,10.7,16.3,0.0,0.0,0.0,0.0,0,1018.2,1007.4,0,0,0,0,0.31,0.87,17.7,23.8,355,356,38.5,21.3,21.9,22.4,19.0,0.056,0.077,0.126,0.198,1,3600.0,527.0,422.0,105.0,735.0,527.0,759.7,602.5,482.5,120.0,735.0,602.5,868.5
37.855885,-8.445038,91.0,2011-07-08T10:00,20.7,52,10.5,19.1,0.0,0.0,0.0,0.0,0,1018.3,1007.6,0,0,0,0,0.43,1.17,17.6,23.0,349,350,38.9,23.9,22.0,22.4,19.0,0.056,0.077,0.126,0.198,1,3600.0,702.0,585.0,117.0,802.4,702.0,964.6,766.5,638.8,127.8,802.4,766.5,1053.3
37.855885,-8.445038,91.0,2011-07-08T11:00,22.6,47,10.7,21.7,0.0,0.0,0.0,0.0,0,1018.1,1007.5,0,0,0,0,0.53,1.45,17.5,22.5,346,347,38.9,26.4,22.1,22.4,19.0,0.056,0.077,0.125,0.198,1,3600.0,836.0,715.0,121.0,840.9,836.0,1125.0,882.4,754.7,127.7,840.9,882.4,1187.5
37.855885,-8.445038,91.0,2011-07-08T12:00,24.3,44,11.3,24.2,0.0,0.0,0.0,0.0,0,1017.8,1007.2,0,0,0,0,0.62,1.69,17.1,21.8,342,344,39.2,28.7,22.4,22.4,19.0,0.056,0.077,0.125,0.198,1,3600.0,943.0,826.0,117.0,888.6,943.0,1230.0,967.5,847.5,120.0,888.6,967.5,1262.0
37.855885,-8.445038,91.0,2011-07-08T13:00,25.7,42,12.0,26.0,0.0,0.0,0.0,0.0,0,1017.6,1007.1,0,0,0,0,0.67,1.9,17.1,21.9,338,340,39.2,30.6,22.6,22.4,19.0,0.056,0.077,0.125,0.198,1,3600.0,979.0,859.0,120.0,893.4,979.0,1272.2,978.5,858.5,119.9,893.4,978.5,1271.6
37.855885,-8.445038,91.0,2011-07-08T14:00,26.7,42,12.5,26.9,0.0,0.0,0.0,0.0,0,1017.2,1006.7,0,0,0,0,0.68,2.04,18.0,23.2,334,336,39.2,31.8,22.9,22.4,19.0,0.056,0.077,0.125,0.198,1,3600.0,955.0,837.0,118.0,886.7,955.0,1249.0,929.5,814.7,114.9,886.7,929.5,1215.7
37.855885,-8.445038,91.0,2011-07-08T15:00,27.0,42,12.9,26.6,0.0,0.0,0.0,0.0,0,1016.8,1006.3,0,0,0,0,0.63,2.07,19.4,25.1,329,331,41.0,32.3,23.2,22.4,19.0,0.056,0.077,0.125,0.198,1,3600.0,873.0,756.0,117.0,861.0,873.0,1161.8,825.2,714.6,110.6,861.0,825.2,1098.1
37.855885,-8.445038,91.0,2011-07-08T16:00,26.7,43,13.2,25.6,0.0,0.0,0.0,0.0,0,1016.6,1006.1,0,0,0,0,0.56,1.99,21.2,27.9,325,327,42.8,31.9,23.5,22.4,19.0,0.056,0.076,0.125,0.198,1,3600.0,746.0,638.0,108.0,830.5,746.0,1016.5,680.2,581.7,98.5,830.5,680.2,926.8
37.855885,-8.445038,91.0,2011-07-08T17:00,26.0,46,13.6,23.9,0.0,0.0,0.0,0.0,0,1016.5,1006.0,0,0,0,0,0.45,1.79,22.8,30.9,322,324,45.0,30.8,23.7,22.4,19.0,0.056,0.076,0.125,0.198,1,3600.0,578.0,480.0,98.0,771.6,578.0,823.1,501.1,416.1,85.0,771.6,501.1,713.5
37.855885,-8.445038,91.0,2011-07-08T18:00,24.6,52,14.1,22.5,0.0,0.0,0.0,0.0,0,1016.3,1005.8,0,0,0,0,0.33,1.48,23.3,32.6,321,322,46.1,29.1,23.8,22.4,19.0,0.056,0.076,0.125,0.198,1,3600.0,387.0,303.0,84.0,674.1,387.0,594.7,307.6,240.8,66.8,674.1,307.6,472.7
37.855885,-8.445038,91.0,2011-07-08T19:00,22.7,62,15.0,21.1,0.0,0.0,0.0,0.0,0,1016.7,1006.1,0,0,0,0,0.19,1.05,22.3,32.1,321,323,46.4,26.8,23.9,22.4,19.0,0.056,0.076,0.125,0.198,1,3600.0,194.0,133.0,61.0,507.2,194.0,347.0,123.5,84.6,38.8,507.2,123.5,220.8
37.855885,-8.445038,91.0,2011-07-08T20:00,21.1,69,15.2,20.1,0.0,0.0,0.0,0.0,0,1016.9,1006.2,0,0,0,0,0.09,0.78,19.0,30.8,323,325,43.2,24.5,23.9,22.4,19.0,0.056,0.076,0.125,0.198,0,1732.45,40.0,21.0,19.0,175.6,40.0,99.6,0.0,0.0,0.0,0.0,0.0,0.0
37.855885,-8.445038,91.0,2011-07-08T21:00,20.1,74,15.3,19.1,0.0,0.0,0.0,0.0,0,1017.9,1007.2,2,0,0,6,0.05,0.61,18.7,31.1,330,332,36.4,22.8,23.9,22.4,19.0,0.056,0.076,0.125,0.198,0,0.0,0.0,0.0,0.0,0.0,0.0,0.0,0.0,0.0,0.0,0.0,0.0,0.0
37.855885,-8.445038,91.0,2011-07-08T22:00,19.3,77,15.3,18.7,0.0,0.0,0.0,0.0,0,1018.7,1007.9,0,0,0,1,0.04,0.51,16.1,27.4,333,337,34.6,21.6,23.8,22.4,19.0,0.056,0.076,0.125,0.198,0,0.0,0.0,0.0,0.0,0.0,0.0,0.0,0.0,0.0,0.0,0.0,0.0,0.0
37.855885,-8.445038,91.0,2011-07-08T23:00,18.7,81,15.3,18.3,0.0,0.0,0.0,0.0,0,1018.6,1007.8,2,0,0,5,0.02,0.41,14.5,25.6,337,340,31.0,20.7,23.6,22.4,19.0,0.056,0.076,0.125,0.198,0,0.0,0.0,0.0,0.0,0.0,0.0,0.0,0.0,0.0,0.0,0.0,0.0,0.0
37.855885,-8.445038,91.0,2011-07-09T00:00,18.1,84,15.3,17.9,0.0,0.0,0.0,0.0,0,1018.7,1007.9,1,0,0,3,0.02,0.33,13.6,24.2,338,342,28.1,19.9,23.5,22.4,19.0,0.056,0.076,0.125,0.198,0,0.0,0.0,0.0,0.0,0.0,0.0,0.0,0.0,0.0,0.0,0.0,0.0,0.0
37.855885,-8.445038,91.0,2011-07-09T01:00,17.6,87,15.5,17.5,0.0,0.0,0.0,0.0,0,1018.4,1007.6,1,1,0,0,0.01,0.25,13.4,24.4,336,341,25.9,19.2,23.4,22.3,19.0,0.056,0.076,0.125,0.198,0,0.0,0.0,0.0,0.0,0.0,0.0,0.0,0.0,0.0,0.0,0.0,0.0,0.0
37.855885,-8.445038,91.0,2011-07-09T02:00,17.1,91,15.6,17.0,0.0,0.0,0.0,0.0,0,1018.2,1007.4,5,6,0,0,0.0,0.18,13.6,24.4,338,341,24.5,18.7,23.2,22.3,19.0,0.056,0.076,0.125,0.198,0,0.0,0.0,0.0,0.0,0.0,0.0,0.0,0.0,0.0,0.0,0.0,0.0,0.0
37.855885,-8.445038,91.0,2011-07-09T03:00,16.7,94,15.6,16.5,0.0,0.0,0.0,0.0,1,1018.1,1007.2,49,54,0,0,0.0,0.12,14.0,24.8,342,343,23.4,18.2,23.0,22.3,19.0,0.056,0.076,0.125,0.198,0,0.0,0.0,0.0,0.0,0.0,0.0,0.0,0.0,0.0,0.0,0.0,0.0,0.0
37.855885,-8.445038,91.0,2011-07-09T04:00,16.4,95,15.6,16.3,0.0,0.0,0.0,0.0,2,1018.0,1007.1,72,80,0,0,0.0,0.09,13.7,24.0,346,347,23.0,17.8,22.9,22.3,19.1,0.056,0.076,0.125,0.198,0,0.0,0.0,0.0,0.0,0.0,0.0,0.0,0.0,0.0,0.0,0.0,0.0,0.0
37.855885,-8.445038,91.0,2011-07-09T05:00,16.3,97,15.7,16.2,0.0,0.0,0.0,0.0,3,1018.0,1007.1,90,100,0,0,0.0,0.06,14.0,24.9,348,350,22.3,17.7,22.7,22.3,19.1,0.056,0.076,0.125,0.198,0,0.0,0.0,0.0,0.0,0.0,0.0,0.0,0.0,0.0,0.0,0.0,0.0,0.0
37.855885,-8.445038,91.0,2011-07-09T06:00,16.4,97,15.9,16.1,0.0,0.0,0.0,0.0,3,1018.4,1007.5,90,100,0,0,0.01,0.06,16.2,26.6,348,351,23.4,17.7,22.5,22.3,19.1,0.056,0.076,0.125,0.198,1,0.0,12.0,3.0,9.0,32.8,12.0,62.8,27.9,7.0,20.9,63.2,14.5,146.1
37.855885,-8.445038,91.0,2011-07-09T07:00,17.0,94,16.0,16.4,0.0,0.0,0.0,0.0,2,1018.6,1007.8,60,67,0,0,0.04,0.12,17.8,26.8,353,355,31.0,18.2,22.4,22.3,19.1,0.056,0.076,0.125,0.198,1,0.0,65.0,6.0,59.0,29.2,65.0,271.8,95.2,8.8,86.4,29.2,95.2,398.0
37.855885,-8.445038,91.0,2011-07-09T08:00,18.2,84,15.4,17.6,0.0,0.0,0.0,0.0,2,1018.7,1007.9,59,66,0,0,0.11,0.33,16.6,22.3,356,357,33.1,19.6,22.3,22.3,19.1,0.056,0.076,0.125,0.198,1,937.0,176.0,36.0,140.0,91.2,176.0,522.1,217.0,44.4,172.6,91.2,217.0,643.9
37.855885,-8.445038,91.0,2011-07-09T09:00,20.4,71,14.9,19.8,0.0,0.0,0.0,0.0,1,1018.7,1008.0,32,36,0,0,0.24,0.7,15.2,19.9,355,355,33.8,21.8,22.3,22.3,19.1,0.056,0.076,0.124,0.198,1,3600.0,386.0,177.0,209.0,309.0,386.0,757.9,441.5,202.5,239.1,309.0,441.5,866.9
37.855885,-8.445038,91.0,2011-07-09T10:00,22.6,61,14.8,22.7,0.0,0.0,0.0,0.0,0,1018.4,1007.8,0,0,0,0,0.42,1.06,14.0,17.9,348,350,33.5,25.0,22.4,22.3,19.1,0.056,0.076,0.124,0.198,1,3600.0,659.0,479.0,180.0,658.0,659.0,963.2,719.8,523.2,196.6,658.0,719.8,1052.0
37.855885,-8.445038,91.0,2011-07-09T11:00,24.5,54,14.6,25.4,0.0,0.0,0.0,0.0,0,1018.1,1007.5,0,0,0,0,0.55,1.42,14.9,18.9,340,342,35.6,28.0,22.5,22.3,19.1,0.056,0.076,0.124,0.198,1,3600.0,845.0,719.0,126.0,846.5,845.0,1123.9,892.1,759.0,133.0,846.5,892.1,1186.5
37.855885,-8.445038,91.0,2011-07-09T12:00,26.0,49,14.3,27.1,0.0,0.0,0.0,0.0,0,1018.1,1007.6,0,0,0,0,0.63,1.72,15.3,19.8,333,335,36.4,30.3,22.8,22.3,19.1,0.056,0.076,0.124,0.198,1,3600.0,927.0,785.0,142.0,845.1,927.0,1229.0,951.2,805.5,145.7,845.1,951.2,1261.1
37.855885,-8.445038,91.0,2011-07-09T13:00,27.0,45,14.2,28.4,0.0,0.0,0.0,0.0,0,1017.6,1007.1,0,0,0,0,0.69,1.95,15.6,19.6,326,328,37.1,32.0,23.1,22.3,19.1,0.056,0.076,0.124,0.198,1,3600.0,980.0,852.0,128.0,886.6,980.0,1271.5,979.5,851.6,127.9,886.6,979.5,1270.9
37.855885,-8.445038,91.0,2011-07-09T14:00,27.4,45,14.3,28.4,0.0,0.0,0.0,0.0,0,1017.5,1007.0,0,0,0,0,0.68,2.02,17.1,21.7,318,318,38.2,33.0,23.4,22.3,19.1,0.056,0.076,0.124,0.198,1,3600.0,960.0,839.0,121.0,889.2,960.0,1248.4,934.4,816.7,117.8,889.2,934.4,1215.2
37.855885,-8.445038,91.0,2011-07-09T15:00,27.2,46,14.6,27.6,0.0,0.0,0.0,0.0,0,1017.4,1006.9,0,0,0,0,0.63,1.95,19.1,24.5,311,313,40.7,33.1,23.7,22.3,19.1,0.056,0.076,0.124,0.198,1,3600.0,879.0,761.0,118.0,867.1,879.0,1161.3,830.8,719.3,111.5,867.1,830.8,1097.6
37.855885,-8.445038,91.0,2011-07-09T16:00,26.4,50,15.0,25.9,0.0,0.0,0.0,0.0,0,1017.7,1007.2,0,0,0,0,0.54,1.73,20.9,27.0,311,312,43.2,32.3,23.9,22.3,19.1,0.056,0.075,0.124,0.198,1,3600.0,749.0,638.0,111.0,830.9,749.0,1016.0,682.9,581.7,101.2,830.9,682.9,926.3
37.855885,-8.445038,91.0,2011-07-09T17:00,25.2,54,15.2,23.9,0.0,0.0,0.0,0.0,0,1017.5,1007.0,0,0,0,0,0.42,1.48,21.7,28.8,312,312,43.6,30.9,24.1,22.3,19.1,0.056,0.075,0.124,0.198,1,3600.0,580.0,480.0,100.0,772.1,580.0,822.6,502.7,416.0,86.7,772.1,502.7,712.9
37.855885,-8.445038,91.0,2011-07-09T18:00,24.0,58,15.2,22.5,0.0,0.0,0.0,0.0,0,1017.6,1007.0,0,0,0,0,0.3,1.25,21.9,30.0,314,314,43.2,29.0,24.2,22.3,19.1,0.056,0.075,0.124,0.198,1,3600.0,389.0,305.0,84.0,679.3,389.0,594.1,309.0,242.3,66.7,679.3,309.0,472.0
37.855885,-8.445038,91.0,2011-07-09T19:00,21.9,62,14.4,20.2,0.0,0.0,0.0,0.0,0,1017.9,1007.2,0,0,0,0,0.18,0.99,21.4,30.6,315,316,44.3,26.6,24.3,22.3,19.1,0.056,0.075,0.124,0.198,1,3600.0,198.0,138.0,60.0,527.6,198.0,346.1,125.8,87.7,38.1,527.6,125.8,219.8
37.855885,-8.445038,91.0,2011-07-09T20:00,20.2,70,14.5,18.9,0.0,0.0,0.0,0.0,0,1017.8,1007.1,0,0,0,0,0.08,0.72,19.1,29.6,316,318,42.1,24.2,24.3,22.3,19.1,0.056,0.075,0.124,0.198,0,1782.16,41.0,22.0,19.0,184.5,41.0,99.1,0.0,0.0,0.0,0.0,0.0,0.0
37.855885,-8.445038,91.0,2011-07-09T21:00,19.1,75,14.6,17.9,0.0,0.0,0.0,0.0,0,1018.7,1007.9,0,0,0,0,0.05,0.55,18.9,30.4,321,324,36.4,22.3,24.2,22.3,19.1,0.056,0.075,0.123,0.198,0,0.0,0.0,0.0,0.0,0.0,0.0,0.0,0.0,0.0,0.0,0.0,0.0,0.0
37.855885,-8.445038,91.0,2011-07-09T22:00,18.4,79,14.6,17.5,0.0,0.0,0.0,0.0,0,1019.0,1008.2,0,0,0,0,0.03,0.45,16.1,26.8,321,324,35.3,21.1,24.0,22.3,19.1,0.056,0.075,0.123,0.198,0,0.0,0.0,0.0,0.0,0.0,0.0,0.0,0.0,0.0,0.0,0.0,0.0,0.0
37.855885,-8.445038,91.0,2011-07-09T23:00,17.8,82,14.6,17.1,0.0,0.0,0.0,0.0,0,1018.6,1007.8,1,1,0,0,0.02,0.37,15.3,26.2,326,328,31.7,20.1,23.9,22.3,19.1,0.056,0.075,0.123,0.198,0,0.0,0.0,0.0,0.0,0.0,0.0,0.0,0.0,0.0,0.0,0.0,0.0,0.0
37.855885,-8.445038,91.0,2011-07-10T00:00,17.2,85,14.7,16.6,0.0,0.0,0.0,0.0,0,1018.7,1007.9,3,3,0,0,0.01,0.29,15.1,25.8,327,330,29.2,19.3,23.7,22.3,19.1,0.056,0.075,0.124,0.198,0,0.0,0.0,0.0,0.0,0.0,0.0,0.0,0.0,0.0,0.0,0.0,0.0,0.0
37.855885,-8.445038,91.0,2011-07-10T01:00,16.6,89,14.8,16.0,0.0,0.0,0.0,0.0,0,1018.4,1007.5,14,15,0,0,0.01,0.21,14.8,25.8,331,333,27.4,18.6,23.6,22.3,19.1,0.056,0.075,0.124,0.198,0,0.0,0.0,0.0,0.0,0.0,0.0,0.0,0.0,0.0,0.0,0.0,0.0,0.0
37.855885,-8.445038,91.0,2011-07-10T02:00,16.2,92,14.9,15.8,0.0,0.0,0.0,0.0,1,1018.0,1007.1,23,26,0,0,0.0,0.15,13.9,24.4,335,338,26.3,18.0,23.4,22.3,19.1,0.056,0.075,0.124,0.198,0,0.0,0.0,0.0,0.0,0.0,0.0,0.0,0.0,0.0,0.0,0.0,0.0,0.0
37.855885,-8.445038,91.0,2011-07-10T03:00,15.9,94,14.9,15.6,0.0,0.0,0.0,0.0,2,1018.0,1007.1,60,67,0,0,0.0,0.11,13.3,23.3,341,343,24.8,17.6,23.2,22.3,19.1,0.056,0.075,0.124,0.198,0,0.0,0.0,0.0,0.0,0.0,0.0,0.0,0.0,0.0,0.0,0.0,0.0,0.0
37.855885,-8.445038,91.0,2011-07-10T04:00,15.8,95,15.0,15.4,0.0,0.0,0.0,0.0,3,1017.7,1006.8,88,98,0,0,0.0,0.09,14.1,23.0,345,346,24.8,17.4,23.0,22.3,19.1,0.056,0.075,0.124,0.198,0,0.0,0.0,0.0,0.0,0.0,0.0,0.0,0.0,0.0,0.0,0.0,0.0,0.0
37.855885,-8.445038,91.0,2011-07-10T05:00,16.2,91,14.7,15.6,0.0,0.0,0.0,0.0,3,1018.1,1007.2,89,99,0,0,0.0,0.17,15.0,22.7,349,350,31.3,17.5,22.8,22.3,19.1,0.056,0.075,0.123,0.198,0,0.0,0.0,0.0,0.0,0.0,0.0,0.0,0.0,0.0,0.0,0.0,0.0,0.0
37.855885,-8.445038,91.0,2011-07-10T06:00,16.5,88,14.5,15.8,0.0,0.0,0.0,0.0,2,1018.2,1007.3,74,82,0,0,0.03,0.22,15.0,22.3,349,351,31.7,17.9,22.6,22.3,19.1,0.056,0.075,0.123,0.198,1,0.0,7.0,1.0,6.0,11.0,7.0,61.6,16.3,2.3,14.0,21.5,8.4,143.7
37.855885,-8.445038,91.0,2011-07-10T07:00,17.1,84,14.5,16.3,0.0,0.0,0.0,0.0,2,1018.1,1007.3,76,85,0,0,0.06,0.3,15.7,22.0,349,350,31.3,18.6,22.5,22.3,19.1,0.056,0.075,0.123,0.198,1,0.0,67.0,11.0,56.0,54.0,67.0,269.5,98.4,16.2,82.2,54.0,98.4,395.8
37.855885,-8.445038,91.0,2011-07-10T08:00,18.1,78,14.3,17.1,0.0,0.0,0.0,0.0,3,1018.1,1007.3,86,96,0,0,0.13,0.45,16.0,21.5,346,346,33.1,19.9,22.4,22.3,19.1,0.056,0.075,0.123,0.198,1,3314.05,207.0,67.0,140.0,170.5,207.0,520.1,255.5,82.7,172.8,170.5,255.5,642.0
37.855885,-8.445038,91.0,2011-07-10T09:00,19.2,72,14.0,18.1,0.0,0.0,0.0,0.0,2,1018.3,1007.5,64,71,0,0,0.22,0.63,16.7,22.3,341,342,34.9,21.4,22.4,22.3,19.1,0.056,0.075,0.123,0.198,1,3600.0,364.0,149.0,215.0,260.7,364.0,756.2,416.5,170.5,246.0,260.7,416.5,865.3
37.855885,-8.445038,91.0,2011-07-10T10:00,21.5,61,13.6,20.9,0.0,0.0,0.0,0.0,1,1017.7,1007.0,22,24,0,0,0.41,1.01,16.2,21.3,343,344,37.8,24.4,22.4,22.2,19.1,0.056,0.075,0.123,0.198,1,3600.0,670.0,504.0,166.0,693.5,670.0,961.7,732.0,550.6,181.4,693.5,732.0,1050.7
37.855885,-8.445038,91.0,2011-07-10T11:00,23.6,52,13.0,23.6,0.0,0.0,0.0,0.0,0,1017.0,1006.4,0,0,0,0,0.55,1.41,17.1,21.9,342,343,39.2,27.2,22.6,22.2,19.1,0.056,0.075,0.123,0.198,1,3600.0,857.0,739.0,118.0,871.0,857.0,1122.7,904.9,780.3,124.6,871.0,904.9,1185.4
37.855885,-8.445038,91.0,2011-07-10T12:00,25.2,45,12.5,25.8,0.0,0.0,0.0,0.0,0,1016.9,1006.4,0,0,0,0,0.65,1.76,15.8,20.3,339,340,40.7,29.6,22.8,22.2,19.1,0.056,0.075,0.123,0.198,1,3600.0,958.0,840.0,118.0,905.1,958.0,1228.1,983.1,862.0,121.1,905.1,983.1,1260.3
37.855885,-8.445038,91.0,2011-07-10T13:00,26.3,42,12.2,27.0,0.0,0.0,0.0,0.0,0,1016.1,1005.6,0,0,0,0,0.69,1.99,15.5,19.8,332,335,41.8,31.2,23.1,22.2,19.1,0.056,0.075,0.123,0.198,1,3600.0,993.0,870.0,123.0,905.9,993.0,1270.8,992.6,869.7,123.0,905.9,992.6,1270.3
37.855885,-8.445038,91.0,2011-07-10T14:00,26.9,40,12.1,27.2,0.0,0.0,0.0,0.0,0,1015.9,1005.4,0,0,0,0,0.69,2.13,16.8,21.4,325,327,42.8,32.2,23.3,22.2,19.1,0.056,0.075,0.123,0.198,1,3600.0,970.0,849.0,121.0,900.3,970.0,1247.8,944.2,826.4,117.8,900.3,944.2,1214.6
37.855885,-8.445038,91.0,2011-07-10T15:00,27.1,39,12.1,26.7,0.0,0.0,0.0,0.0,0,1015.6,1005.1,0,0,0,0,0.65,2.18,18.9,24.6,320,321,43.2,32.5,23.6,22.2,19.1,0.056,0.075,0.123,0.198,1,3600.0,890.0,772.0,118.0,880.1,890.0,1160.7,841.2,729.7,111.5,880.1,841.2,1097.1
37.855885,-8.445038,91.0,2011-07-10T16:00,27.0,40,12.2,25.7,0.0,0.0,0.0,0.0,0,1015.5,1005.0,0,0,0,0,0.58,2.15,20.7,27.1,319,319,42.5,32.2,23.9,22.2,19.1,0.056,0.075,0.123,0.198,1,3600.0,760.0,651.0,109.0,848.3,760.0,1015.5,692.9,593.5,99.4,848.3,692.9,925.8
37.855885,-8.445038,91.0,2011-07-10T17:00,26.5,42,12.4,24.4,0.0,0.0,0.0,0.0,0,1015.1,1004.6,0,0,0,0,0.47,2.01,20.6,27.8,317,319,40.3,31.3,24.1,22.2,19.1,0.056,0.075,0.123,0.198,1,3600.0,590.0,491.0,99.0,790.4,590.0,822.0,511.3,425.5,85.8,790.4,511.3,712.3
37.855885,-8.445038,91.0,2011-07-10T18:00,25.3,46,12.9,23.1,0.0,0.0,0.0,0.0,0,1015.1,1004.6,0,0,0,0,0.34,1.73,20.6,28.5,316,317,38.9,29.7,24.2,22.2,19.1,0.056,0.074,0.122,0.198,1,3600.0,396.0,312.0,84.0,695.8,396.0,593.3,314.4,247.7,66.7,695.8,314.4,471.1
37.855885,-8.445038,91.0,2011-07-10T19:00,23.1,56,13.8,21.4,0.0,0.0,0.0,0.0,0,1015.3,1004.7,0,0,0,0,0.2,1.25,20.4,29.3,314,315,41.8,27.4,24.3,22.2,19.2,0.056,0.074,0.122,0.198,1,3600.0,198.0,138.0,60.0,529.1,198.0,345.1,125.5,87.5,38.0,529.1,125.5,218.7
37.855885,-8.445038,91.0,2011-07-10T20:00,21.3,62,13.8,19.9,0.0,0.0,0.0,0.0,0,1015.3,1004.6,0,0,0,0,0.1,0.96,18.1,29.5,314,317,39.6,24.9,24.3,22.2,19.2,0.056,0.074,0.122,0.198,0,1764.31,41.0,22.0,19.0,185.2,41.0,98.6,0.0,0.0,0.0,0.0,0.0,0.0
37.855885,-8.445038,91.0,2011-07-10T21:00,20.1,66,13.6,18.7,0.0,0.0,0.0,0.0,0,1015.8,1005.1,0,0,0,0,0.07,0.8,17.7,29.3,322,326,34.2,23.1,24.2,22.2,19.2,0.056,0.074,0.122,0.198,0,0.0,0.0,0.0,0.0,0.0,0.0,0.0,0.0,0.0,0.0,0.0,0.0,0.0
37.855885,-8.445038,91.0,2011-07-10T22:00,19.2,69,13.4,18.2,0.0,0.0,0.0,0.0,0,1016.1,1005.4,0,0,0,0,0.05,0.69,14.4,25.0,323,327,32.8,21.7,24.1,22.2,19.2,0.056,0.074,0.122,0.198,0,0.0,0.0,0.0,0.0,0.0,0.0,0.0,0.0,0.0,0.0,0.0,0.0,0.0
37.855885,-8.445038,91.0,2011-07-10T23:00,18.4,72,13.2,17.3,0.0,0.0,0.0,0.0,0,1015.9,1005.1,0,0,0,0,0.04,0.59,14.0,25.0,325,330,29.2,20.6,24.0,22.2,19.2,0.056,0.074,0.122,0.198,0,0.0,0.0,0.0,0.0,0.0,0.0,0.0,0.0,0.0,0.0,0.0,0.0,0.0
37.855885,-8.445038,91.0,2011-07-11T00:00,17.6,75,13.2,16.6,0.0,0.0,0.0,0.0,0,1015.7,1004.9,1,1,0,0,0.03,0.49,13.3,24.2,327,332,25.9,19.7,23.8,22.2,19.2,0.056,0.074,0.122,0.198,0,0.0,0.0,0.0,0.0,0.0,0.0,0.0,0.0,0.0,0.0,0.0,0.0,0.0
37.855885,-8.445038,91.0,2011-07-11T01:00,16.8,79,13.2,15.9,0.0,0.0,0.0,0.0,0,1015.3,1004.5,3,3,0,0,0.02,0.4,13.1,23.7,328,332,23.4,18.8,23.6,22.2,19.2,0.056,0.074,0.122,0.198,0,0.0,0.0,0.0,0.0,0.0,0.0,0.0,0.0,0.0,0.0,0.0,0.0,0.0
37.855885,-8.445038,91.0,2011-07-11T02:00,16.2,83,13.3,15.4,0.0,0.0,0.0,0.0,0,1015.3,1004.5,14,15,0,0,0.01,0.31,12.4,22.9,330,334,22.3,18.1,23.5,22.2,19.2,0.056,0.074,0.122,0.198,0,0.0,0.0,0.0,0.0,0.0,0.0,0.0,0.0,0.0,0.0,0.0,0.0,0.0
37.855885,-8.445038,91.0,2011-07-11T03:00,15.6,87,13.5,15.0,0.0,0.0,0.0,0.0,0,1014.8,1003.9,16,18,0,0,0.01,0.23,11.9,22.3,335,337,21.6,17.5,23.3,22.2,19.2,0.056,0.074,0.122,0.198,0,0.0,0.0,0.0,0.0,0.0,0.0,0.0,0.0,0.0,0.0,0.0,0.0,0.0
37.855885,-8.445038,91.0,2011-07-11T04:00,15.1,91,13.7,14.6,0.0,0.0,0.0,0.0,0,1014.8,1003.9,17,19,0,0,0.0,0.15,11.4,21.1,342,343,20.9,16.9,23.0,22.2,19.2,0.056,0.074,0.122,0.198,0,0.0,0.0,0.0,0.0,0.0,0.0,0.0,0.0,0.0,0.0,0.0,0.0,0.0
37.855885,-8.445038,91.0,2011-07-11T05:00,14.7,94,13.7,14.4,0.0,0.0,0.0,0.0,1,1014.8,1003.9,31,34,0,0,0.0,0.1,9.9,18.6,350,351,19.1,16.4,22.8,22.2,19.2,0.056,0.074,0.122,0.198,0,0.0,0.0,0.0,0.0,0.0,0.0,0.0,0.0,0.0,0.0,0.0,0.0,0.0
37.855885,-8.445038,91.0,2011-07-11T06:00,14.5,95,13.7,14.3,0.0,0.0,0.0,0.0,1,1015.0,1004.1,24,27,0,0,0.01,0.08,9.0,16.2,355,357,16.9,16.1,22.6,22.2,19.2,0.056,0.074,0.122,0.198,1,0.0,14.0,5.0,9.0,55.8,14.0,60.4,32.7,11.7,21.0,109.5,16.7,141.3
37.855885,-8.445038,91.0,2011-07-11T07:00,15.7,86,13.5,15.4,0.0,0.0,0.0,0.0,1,1014.9,1004.0,24,27,0,0,0.06,0.24,9.7,13.3,360,2,21.2,17.2,22.4,22.2,19.2,0.056,0.074,0.122,0.198,1,3600.0,126.0,70.0,56.0,346.7,126.0,267.2,185.6,103.1,82.5,346.7,185.6,393.6
37.855885,-8.445038,91.0,2011-07-11T08:00,17.6,76,13.2,17.3,0.0,0.0,0.0,0.0,0,1014.6,1003.8,1,1,0,0,0.17,0.49,9.0,11.5,355,356,22.3,19.7,22.3,22.2,19.2,0.056,0.074,0.122,0.198,1,3600.0,319.0,228.0,91.0,582.5,319.0,518.0,394.2,281.7,112.4,582.5,394.2,640.0
37.855885,-8.445038,91.0,2011-07-11T09:00,19.8,64,12.9,19.3,0.0,0.0,0.0,0.0,0,1014.8,1004.1,0,0,0,0,0.3,0.83,9.6,12.2,340,341,23.8,22.6,22.4,22.2,19.2,0.056,0.074,0.122,0.198,1,3600.0,520.0,409.0,111.0,717.5,520.0,754.4,595.3,468.3,127.1,717.5,595.3,863.7
37.855885,-8.445038,91.0,2011-07-11T10:00,22.1,54,12.4,22.3,0.0,0.0,0.0,0.0,0,1014.8,1004.2,1,0,0,2,0.45,1.21,10.2,12.9,328,330,27.7,25.7,22.5,22.2,19.2,0.056,0.074,0.122,0.198,1,3600.0,712.0,602.0,110.0,829.6,712.0,960.2,778.1,657.9,120.2,829.6,778.1,1049.3
37.855885,-8.445038,91.0,2011-07-11T11:00,24.0,46,11.8,24.6,0.0,0.0,0.0,0.0,0,1014.4,1003.9,6,0,0,19,0.56,1.6,11.0,13.7,328,330,29.9,28.4,22.6,22.2,19.2,0.056,0.074,0.122,0.197,1,3600.0,847.0,717.0,130.0,846.1,847.0,1121.4,894.5,757.2,137.3,846.1,894.5,1184.3
37.855885,-8.445038,91.0,2011-07-11T12:00,25.7,40,11.2,26.6,0.0,0.0,0.0,0.0,0,1014.0,1003.5,13,0,0,44,0.65,1.97,11.4,14.5,332,333,30.2,30.7,22.9,22.2,19.2,0.056,0.074,0.122,0.197,1,3600.0,950.0,824.0,126.0,888.6,950.0,1227.1,975.0,845.7,129.3,888.6,975.0,1259.4
37.855885,-8.445038,91.0,2011-07-11T13:00,27.1,36,10.8,28.1,0.0,0.0,0.0,0.0,0,1013.7,1003.3,18,0,0,61,0.71,2.29,11.4,14.1,325,328,30.2,32.6,23.2,22.2,19.2,0.056,0.074,0.122,0.197,1,3600.0,993.0,873.0,120.0,909.6,993.0,1270.0,992.7,872.7,120.0,909.6,992.7,1269.6
37.855885,-8.445038,91.0,2011-07-11T14:00,27.9,34,10.7,28.3,0.0,0.0,0.0,0.0,1,1013.5,1003.1,20,0,0,68,0.71,2.47,14.3,17.8,313,315,31.0,33.9,23.5,22.2,19.2,0.056,0.074,0.122,0.197,1,3600.0,969.0,846.0,123.0,897.6,969.0,1247.2,943.2,823.5,119.7,897.6,943.2,1214.0
37.855885,-8.445038,91.0,2011-07-11T15:00,28.1,34,11.0,27.7,0.0,0.0,0.0,0.0,1,1013.2,1002.8,23,0,0,78,0.67,2.49,16.8,21.4,312,314,32.8,34.2,23.8,22.2,19.2,0.056,0.074,0.122,0.197,1,3600.0,885.0,756.0,129.0,862.3,885.0,1160.2,836.5,714.6,121.9,862.3,836.5,1096.5
37.855885,-8.445038,91.0,2011-07-11T16:00,27.7,37,11.6,26.6,0.0,0.0,0.0,0.0,1,1012.9,1002.5,23,0,0,77,0.59,2.35,17.8,22.9,313,315,35.6,33.6,24.1,22.2,19.2,0.056,0.074,0.121,0.197,1,3600.0,756.0,640.0,116.0,834.5,756.0,1014.9,689.2,583.4,105.7,834.5,689.2,925.2
37.855885,-8.445038,91.0,2011-07-11T17:00,26.5,42,12.5,24.9,0.0,0.0,0.0,0.0,1,1012.5,1002.1,24,0,0,80,0.46,2.01,17.6,22.9,316,316,38.2,32.2,24.3,22.2,19.2,0.056,0.074,0.121,0.197,1,3600.0,586.0,480.0,106.0,773.4,586.0,821.3,507.7,415.8,91.8,773.4,507.7,711.5
37.855885,-8.445038,91.0,2011-07-11T18:00,25.1,47,13.0,23.5,0.0,0.0,0.0,0.0,1,1012.5,1002.0,26,0,0,88,0.33,1.69,17.3,23.2,313,316,38.9,30.2,24.5,22.2,19.2,0.056,0.074,0.121,0.197,1,3600.0,391.0,299.0,92.0,667.8,391.0,592.5,310.3,237.3,73.0,667.8,310.3,470.2
37.855885,-8.445038,91.0,2011-07-11T19:00,23.2,53,13.0,21.5,0.0,0.0,0.0,0.0,1,1012.9,1002.3,27,0,0,89,0.2,1.34,17.6,24.7,311,312,36.0,27.7,24.5,22.2,19.2,0.056,0.074,0.121,0.197,1,3600.0,186.0,108.0,78.0,415.4,186.0,344.1,117.6,68.3,49.3,415.4,117.6,217.5
37.855885,-8.445038,91.0,2011-07-11T20:00,21.3,60,13.3,20.2,0.0,0.0,0.0,0.0,1,1013.1,1002.5,28,0,0,92,0.09,1.01,14.8,23.2,311,313,34.2,25.1,24.5,22.2,19.2,0.056,0.074,0.121,0.197,0,1093.22,38.0,16.0,22.0,135.2,38.0,98.0,0.0,0.0,0.0,0.0,0.0,0.0
37.855885,-8.445038,91.0,2011-07-11T21:00,20.2,65,13.4,19.4,0.0,0.0,0.0,0.0,1,1013.9,1003.2,29,0,0,95,0.05,0.82,12.5,21.7,311,317,26.6,23.2,24.5,22.2,19.2,0.056,0.074,0.121,0.197,0,0.0,0.0,0.0,0.0,0.0,0.0,0.0,0.0,0.0,0.0,0.0,0.0,0.0
37.855885,-8.445038,91.0,2011-07-11T22:00,19.4,69,13.5,18.7,0.0,0.0,0.0,0.0,1,1014.1,1003.4,26,0,0,87,0.04,0.71,12.3,22.1,310,314,22.7,21.9,24.3,22.2,19.2,0.056,0.074,0.121,0.197,0,0.0,0.0,0.0,0.0,0.0,0.0,0.0,0.0,0.0,0.0,0.0,0.0,0.0
37.855885,-8.445038,91.0,2011-07-11T23:00,18.8,72,13.6,18.3,0.0,0.0,0.0,0.0,1,1014.5,1003.8,20,0,0,68,0.03,0.61,11.5,21.4,309,315,22.0,21.0,24.2,22.2,19.2,0.056,0.074,0.121,0.197,0,0.0,0.0,0.0,0.0,0.0,0.0,0.0,0.0,0.0,0.0,0.0,0.0,0.0
37.855885,-8.445038,91.0,2011-07-12T00:00,18.3,74,13.7,17.8,0.0,0.0,0.0,0.0,0,1014.5,1003.7,16,0,0,54,0.03,0.54,11.7,21.9,313,318,21.6,20.2,24.1,22.2,19.2,0.056,0.074,0.121,0.197,0,0.0,0.0,0.0,0.0,0.0,0.0,0.0,0.0,0.0,0.0,0.0,0.0,0.0
37.855885,-8.445038,91.0,2011-07-12T01:00,18.0,77,13.9,17.5,0.0,0.0,0.0,0.0,0,1014.4,1003.6,16,0,0,53,0.03,0.48,12.2,22.8,315,321,21.2,19.6,23.9,22.2,19.2,0.056,0.074,0.121,0.197,0,0.0,0.0,0.0,0.0,0.0,0.0,0.0,0.0,0.0,0.0,0.0,0.0,0.0
37.855885,-8.445038,91.0,2011-07-12T02:00,17.6,79,13.9,17.1,0.0,0.0,0.0,0.0,0,1014.0,1003.2,11,1,0,34,0.02,0.42,11.7,22.1,317,323,20.2,19.1,23.7,22.2,19.2,0.056,0.074,0.121,0.197,0,0.0,0.0,0.0,0.0,0.0,0.0,0.0,0.0,0.0,0.0,0.0,0.0,0.0
37.855885,-8.445038,91.0,2011-07-12T03:00,17.2,81,14.0,16.9,0.0,0.0,0.0,0.0,0,1014.0,1003.2,3,1,0,8,0.01,0.37,11.2,21.6,318,323,19.1,18.7,23.5,22.2,19.2,0.056,0.074,0.121,0.197,0,0.0,0.0,0.0,0.0,0.0,0.0,0.0,0.0,0.0,0.0,0.0,0.0,0.0
37.855885,-8.445038,91.0,2011-07-12T04:00,16.8,84,14.1,16.6,0.0,0.0,0.0,0.0,0,1014.2,1003.4,3,3,0,2,0.01,0.3,10.8,20.8,323,326,18.7,18.2,23.4,22.2,19.2,0.056,0.074,0.121,0.197,0,0.0,0.0,0.0,0.0,0.0,0.0,0.0,0.0,0.0,0.0,0.0,0.0,0.0
37.855885,-8.445038,91.0,2011-07-12T05:00,16.5,87,14.4,16.5,0.0,0.0,0.0,0.0,0,1013.9,1003.1,2,2,0,0,0.0,0.24,9.2,18.5,329,333,18.0,17.8,23.2,22.2,19.2,0.056,0.074,0.121,0.197,0,0.0,0.0,0.0,0.0,0.0,0.0,0.0,0.0,0.0,0.0,0.0,0.0,0.0
37.855885,-8.445038,91.0,2011-07-12T06:00,16.4,90,14.7,16.6,0.0,0.0,0.0,0.0,0,1014.1,1003.3,1,1,0,0,0.02,0.19,9.7,18.2,329,333,19.1,17.6,23.0,22.2,19.2,0.056,0.074,0.121,0.197,1,0.0,13.0,5.0,8.0,56.3,13.0,59.2,30.5,11.7,18.8,111.8,15.4,138.8
37.855885,-8.445038,91.0,2011-07-12T07:00,17.8,86,15.4,17.8,0.0,0.0,0.0,0.0,0,1014.4,1003.6,11,12,0,0,0.07,0.29,12.2,17.4,332,333,23.4,18.9,22.9,22.2,19.2,0.056,0.074,0.121,0.197,1,3600.0,132.0,80.0,52.0,399.8,132.0,264.8,195.1,118.2,76.9,399.8,195.1,391.4
37.855885,-8.445038,91.0,2011-07-12T08:00,19.7,74,14.9,19.6,0.0,0.0,0.0,0.0,0,1014.7,1004.0,10,11,0,0,0.18,0.59,11.6,15.3,330,330,25.9,21.2,22.8,22.2,19.2,0.056,0.074,0.121,0.197,1,3600.0,315.0,230.0,85.0,590.0,315.0,515.9,389.6,284.5,105.1,590.0,389.6,638.0
37.855885,-8.445038,91.0,2011-07-12T09:00,21.6,65,14.8,21.3,0.0,0.0,0.0,0.0,0,1015.0,1004.4,5,6,0,0,0.31,0.9,13.2,17.1,325,325,28.4,23.9,22.8,22.2,19.2,0.056,0.074,0.121,0.197,1,3600.0,500.0,391.0,109.0,687.6,500.0,752.5,572.7,447.9,124.9,687.6,572.7,862.0
37.855885,-8.445038,91.0,2011-07-12T10:00,23.5,60,15.3,23.5,0.0,0.0,0.0,0.0,1,1015.3,1004.7,39,43,0,1,0.43,1.15,16.0,20.5,324,326,36.7,26.5,22.9,22.2,19.2,0.056,0.073,0.121,0.197,1,3600.0,663.0,517.0,146.0,713.7,663.0,958.7,724.7,565.1,159.6,713.7,724.7,1047.9
37.855885,-8.445038,91.0,2011-07-12T11:00,25.0,54,15.1,25.5,0.0,0.0,0.0,0.0,2,1015.0,1004.5,60,67,0,0,0.54,1.46,17.3,22.2,318,320,40.3,28.6,23.1,22.2,19.2,0.056,0.073,0.121,0.197,1,3600.0,803.0,639.0,164.0,754.9,803.0,1120.2,848.2,674.9,173.2,754.9,848.2,1183.2
37.855885,-8.445038,91.0,2011-07-12T12:00,25.5,51,14.6,25.1,0.0,0.0,0.0,0.0,2,1015.2,1004.7,57,63,0,0,0.52,1.6,19.1,25.0,316,316,41.4,29.4,23.3,22.2,19.2,0.056,0.073,0.121,0.197,1,3600.0,729.0,475.0,254.0,512.7,729.0,1226.1,748.3,487.6,260.7,512.7,748.3,1258.5
37.855885,-8.445038,91.0,2011-07-12T13:00,26.0,48,14.3,25.7,0.0,0.0,0.0,0.0,1,1015.3,1004.8,35,39,0,0,0.57,1.74,20.1,26.2,314,316,42.8,30.4,23.5,22.2,19.2,0.056,0.073,0.121,0.197,1,3600.0,799.0,569.0,230.0,593.3,799.0,1269.2,798.8,568.8,229.9,593.3,798.8,1268.8
37.855885,-8.445038,91.0,2011-07-12T14:00,26.6,45,13.8,26.5,0.0,0.0,0.0,0.0,1,1015.0,1004.5,39,43,0,0,0.62,1.91,19.9,26.0,314,314,43.9,31.3,23.7,22.2,19.3,0.056,0.073,0.121,0.197,1,3600.0,867.0,630.0,237.0,668.9,867.0,1246.5,844.0,613.3,230.7,668.9,844.0,1213.4
37.855885,-8.445038,91.0,2011-07-12T15:00,27.0,44,13.7,26.1,0.0,0.0,0.0,0.0,2,1014.8,1004.4,53,59,0,0,0.59,1.99,21.6,28.3,314,316,45.4,31.5,23.9,22.2,19.3,0.056,0.073,0.121,0.197,1,3600.0,784.0,594.0,190.0,677.9,784.0,1159.5,741.0,561.4,179.6,677.9,741.0,1095.9
37.855885,-8.445038,91.0,2011-07-12T16:00,26.4,47,14.2,24.7,0.0,0.0,0.0,0.0,1,1014.9,1004.4,27,30,0,0,0.51,1.82,24.2,32.4,317,318,47.9,31.0,24.1,22.2,19.3,0.056,0.073,0.12,0.197,1,3600.0,655.0,473.0,182.0,617.2,655.0,1014.2,597.0,431.1,165.9,617.2,597.0,924.5
37.855885,-8.445038,91.0,2011-07-12T17:00,25.7,50,14.5,23.4,0.0,0.0,0.0,0.0,0,1015.0,1004.5,0,0,0,0,0.44,1.65,25.7,35.3,318,320,50.8,30.2,24.3,22.2,19.3,0.056,0.073,0.12,0.197,1,3600.0,553.0,420.0,133.0,677.4,553.0,820.5,479.0,363.8,115.2,677.4,479.0,710.7
37.855885,-8.445038,91.0,2011-07-12T18:00,24.7,50,13.7,22.0,0.0,0.0,0.0,0.0,0,1015.1,1004.6,3,0,0,10,0.34,1.54,26.6,37.0,324,326,51.1,28.8,24.4,22.2,19.3,0.056,0.073,0.12,0.197,1,3600.0,387.0,302.0,85.0,675.7,387.0,591.5,306.9,239.5,67.4,675.7,306.9,469.1
37.855885,-8.445038,91.0,2011-07-12T19:00,23.1,51,12.5,20.2,0.0,0.0,0.0,0.0,0,1015.7,1005.1,8,0,0,28,0.23,1.37,25.2,36.7,329,331,51.8,26.8,24.4,22.2,19.3,0.056,0.073,0.12,0.197,1,3600.0,193.0,132.0,61.0,509.5,193.0,342.9,121.7,83.2,38.5,509.5,121.7,216.2
37.855885,-8.445038,91.0,2011-07-12T20:00,21.5,54,11.8,18.6,0.0,0.0,0.0,0.0,0,1016.2,1005.5,2,0,0,5,0.14,1.18,23.3,37.4,333,336,48.6,24.6,24.4,22.2,19.3,0.056,0.073,0.12,0.197,0,1697.53,40.0,21.0,19.0,178.2,40.0,97.4,0.0,0.0,0.0,0.0,0.0,0.0
37.855885,-8.445038,91.0,2011-07-12T21:00,20.0,57,11.1,16.9,0.0,0.0,0.0,0.0,0,1017.3,1006.6,1,0,0,3,0.12,1.02,23.7,37.5,340,342,45.0,22.8,24.3,22.2,19.3,0.056,0.073,0.12,0.197,0,0.0,0.0,0.0,0.0,0.0,0.0,0.0,0.0,0.0,0.0,0.0,0.0,0.0
37.855885,-8.445038,91.0,2011-07-12T22:00,18.7,61,11.0,15.8,0.0,0.0,0.0,0.0,0,1018.4,1007.6,0,0,0,0,0.1,0.84,22.4,36.2,345,347,43.9,21.4,24.2,22.2,19.3,0.056,0.073,0.12,0.197,0,0.0,0.0,0.0,0.0,0.0,0.0,0.0,0.0,0.0,0.0,0.0,0.0,0.0
37.855885,-8.445038,91.0,2011-07-12T23:00,17.6,67,11.3,14.8,0.0,0.0,0.0,0.0,0,1018.5,1007.7,0,0,0,0,0.07,0.67,21.7,35.1,349,350,41.4,20.2,24.1,22.2,19.3,0.056,0.073,0.12,0.197,0,0.0,0.0,0.0,0.0,0.0,0.0,0.0,0.0,0.0,0.0,0.0,0.0,0.0
37.855885,-8.445038,91.0,2011-07-13T00:00,16.8,71,11.6,14.3,0.0,0.0,0.0,0.0,0,1018.8,1007.9,1,1,0,0,0.06,0.55,20.5,33.9,350,351,39.2,19.2,23.9,22.2,19.3,0.056,0.073,0.12,0.197,0,0.0,0.0,0.0,0.0,0.0,0.0,0.0,0.0,0.0,0.0,0.0,0.0,0.0
37.855885,-8.445038,91.0,2011-07-13T01:00,16.1,75,11.6,13.7,0.0,0.0,0.0,0.0,0,1018.7,1007.8,0,0,0,0,0.05,0.46,19.6,32.6,353,354,37.1,18.4,23.7,22.2,19.3,0.056,0.073,0.12,0.197,0,0.0,0.0,0.0,0.0,0.0,0.0,0.0,0.0,0.0,0.0,0.0,0.0,0.0
37.855885,-8.445038,91.0,2011-07-13T02:00,15.6,77,11.7,13.5,0.0,0.0,0.0,0.0,0,1018.2,1007.3,1,1,0,0,0.04,0.4,18.1,30.7,355,357,35.6,17.8,23.5,22.2,19.3,0.056,0.073,0.12,0.197,0,0.0,0.0,0.0,0.0,0.0,0.0,0.0,0.0,0.0,0.0,0.0,0.0,0.0
37.855885,-8.445038,91.0,2011-07-13T03:00,15.3,79,11.7,13.4,0.0,0.0,0.0,0.0,0,1018.2,1007.3,1,1,0,0,0.03,0.36,16.6,28.4,358,359,33.5,17.3,23.3,22.2,19.3,0.056,0.073,0.12,0.197,0,0.0,0.0,0.0,0.0,0.0,0.0,0.0,0.0,0.0,0.0,0.0,0.0,0.0
37.855885,-8.445038,91.0,2011-07-13T04:00,14.9,81,11.8,13.2,0.0,0.0,0.0,0.0,0,1018.3,1007.4,1,1,0,0,0.02,0.31,15.2,26.7,353,357,30.2,16.8,23.1,22.2,19.3,0.056,0.073,0.12,0.197,0,0.0,0.0,0.0,0.0,0.0,0.0,0.0,0.0,0.0,0.0,0.0,0.0,0.0
37.855885,-8.445038,91.0,2011-07-13T05:00,14.6,83,11.8,13.1,0.0,0.0,0.0,0.0,0,1018.4,1007.5,0,0,0,0,0.01,0.28,13.8,25.3,351,355,27.4,16.4,22.9,22.2,19.3,0.056,0.073,0.12,0.197,0,0.0,0.0,0.0,0.0,0.0,0.0,0.0,0.0,0.0,0.0,0.0,0.0,0.0
37.855885,-8.445038,91.0,2011-07-13T06:00,14.6,84,11.8,13.1,0.0,0.0,0.0,0.0,0,1018.9,1008.0,0,0,0,0,0.03,0.27,13.5,23.9,351,355,25.2,16.2,22.6,22.2,19.3,0.056,0.073,0.12,0.197,1,0.0,13.0,5.0,8.0,57.0,13.0,57.9,30.6,11.8,18.8,114.3,15.2,136.2
37.855885,-8.445038,91.0,2011-07-13T07:00,15.4,80,11.9,13.9,0.0,0.0,0.0,0.0,0,1019.3,1008.4,0,0,0,0,0.08,0.36,14.1,20.6,354,356,27.4,17.1,22.5,22.2,19.3,0.056,0.073,0.12,0.197,1,3600.0,139.0,89.0,50.0,449.0,139.0,262.3,206.1,132.0,74.2,449.0,206.1,389.1
37.855885,-8.445038,91.0,2011-07-13T08:00,17.6,69,11.8,16.0,0.0,0.0,0.0,0.0,0,1019.5,1008.7,0,0,0,0,0.19,0.63,14.4,19.8,359,1,30.6,19.4,22.4,22.2,19.3,0.056,0.073,0.12,0.197,1,3600.0,330.0,251.0,79.0,646.7,330.0,513.7,408.6,310.8,97.8,646.7,408.6,636.0
37.855885,-8.445038,91.0,2011-07-13T09:00,20.0,58,11.4,18.3,0.0,0.0,0.0,0.0,0,1019.6,1008.9,0,0,0,0,0.32,0.98,14.4,18.7,359,1,31.7,22.2,22.4,22.2,19.3,0.056,0.073,0.12,0.197,1,3600.0,531.0,435.0,96.0,766.9,531.0,750.7,608.5,498.5,110.0,766.9,608.5,860.3
37.855885,-8.445038,91.0,2011-07-13T10:00,22.3,47,10.5,21.4,0.0,0.0,0.0,0.0,0,1019.2,1008.5,0,0,0,0,0.46,1.42,13.0,17.0,354,356,32.4,25.2,22.5,22.2,19.3,0.056,0.073,0.12,0.197,1,3600.0,713.0,606.0,107.0,838.0,713.0,957.1,779.6,662.6,117.0,838.0,779.6,1046.5
37.855885,-8.445038,91.0,2011-07-13T11:00,24.3,38,9.2,23.7,0.0,0.0,0.0,0.0,0,1018.9,1008.3,0,0,0,0,0.59,1.88,14.3,18.6,348,350,34.9,28.0,22.6,22.2,19.3,0.056,0.073,0.12,0.197,1,3600.0,858.0,743.0,115.0,878.8,858.0,1118.9,906.4,784.9,121.5,878.8,906.4,1182.0
37.855885,-8.445038,91.0,2011-07-13T12:00,26.0,33,8.5,25.3,0.0,0.0,0.0,0.0,0,1018.8,1008.3,0,0,0,0,0.68,2.24,16.2,20.4,343,346,37.8,30.3,22.8,22.2,19.3,0.056,0.073,0.12,0.197,1,3600.0,954.0,834.0,120.0,901.0,954.0,1225.1,979.3,856.1,123.2,901.0,979.3,1257.6
37.855885,-8.445038,91.0,2011-07-13T13:00,27.2,30,8.2,26.3,0.0,0.0,0.0,0.0,0,1018.5,1008.0,0,0,0,0,0.73,2.51,17.8,22.9,339,341,40.0,32.0,23.1,22.2,19.3,0.056,0.072,0.12,0.197,1,3600.0,992.0,872.0,120.0,909.9,992.0,1268.3,991.8,871.8,120.0,909.9,991.8,1268.1
37.855885,-8.445038,91.0,2011-07-13T14:00,28.1,28,8.1,26.8,0.0,0.0,0.0,0.0,0,1018.1,1007.7,0,0,0,0,0.74,2.72,19.7,25.2,336,338,41.4,33.0,23.4,22.2,19.3,0.056,0.072,0.12,0.197,1,3600.0,971.0,852.0,119.0,905.2,971.0,1245.8,945.2,829.4,115.8,905.2,945.2,1212.7
37.855885,-8.445038,91.0,2011-07-13T15:00,28.6,27,8.0,26.8,0.0,0.0,0.0,0.0,0,1017.7,1007.3,0,0,0,0,0.71,2.84,20.4,26.8,334,336,42.5,33.5,23.7,22.2,19.3,0.056,0.072,0.119,0.197,1,3600.0,891.0,776.0,115.0,886.2,891.0,1158.8,842.1,733.4,108.7,886.2,842.1,1095.2
37.855885,-8.445038,91.0,2011-07-13T16:00,28.8,27,8.2,26.2,0.0,0.0,0.0,0.0,0,1017.5,1007.1,0,0,0,0,0.64,2.88,21.7,28.8,331,334,43.6,33.3,24.0,22.2,19.3,0.056,0.072,0.119,0.197,1,3600.0,760.0,652.0,108.0,851.4,760.0,1013.5,692.6,594.2,98.4,851.4,692.6,923.7
37.855885,-8.445038,91.0,2011-07-13T17:00,28.5,29,8.7,25.0,0.0,0.0,0.0,0.0,0,1017.3,1006.9,0,0,0,0,0.54,2.76,22.6,31.1,329,332,44.6,32.4,24.2,22.2,19.3,0.056,0.072,0.119,0.197,1,3600.0,589.0,493.0,96.0,796.0,589.0,819.7,510.0,426.9,83.1,796.0,510.0,709.7
37.855885,-8.445038,91.0,2011-07-13T18:00,27.5,32,9.4,24.0,0.0,0.0,0.0,0.0,0,1017.1,1006.6,0,0,0,0,0.42,2.5,23.0,32.2,328,331,44.6,30.9,24.4,22.2,19.3,0.056,0.072,0.119,0.197,1,3600.0,394.0,312.0,82.0,699.3,394.0,590.5,312.2,247.3,65.0,699.3,312.2,468.0
37.855885,-8.445038,91.0,2011-07-13T19:00,25.4,42,11.4,22.7,0.0,0.0,0.0,0.0,0,1017.4,1006.9,0,0,0,0,0.26,1.89,21.0,32.2,325,328,44.3,28.7,24.5,22.2,19.3,0.056,0.072,0.119,0.197,1,3600.0,196.0,138.0,58.0,534.7,196.0,341.6,123.3,86.8,36.5,534.7,123.3,214.8
37.855885,-8.445038,91.0,2011-07-13T20:00,23.3,49,12.1,20.8,0.0,0.0,0.0,0.0,0,1017.4,1006.8,0,0,0,0,0.16,1.45,21.6,35.3,332,335,41.0,26.2,24.5,22.2,19.3,0.056,0.072,0.119,0.197,0,1686.66,39.0,21.0,18.0,179.0,39.0,96.7,0.0,0.0,0.0,0.0,0.0,0.0
37.855885,-8.445038,91.0,2011-07-13T21:00,21.7,55,12.3,19.4,0.0,0.0,0.0,0.0,0,1018.2,1007.5,0,0,0,0,0.12,1.17,21.1,35.0,340,343,40.3,24.3,24.5,22.2,19.3,0.056,0.072,0.119,0.197,0,0.0,0.0,0.0,0.0,0.0,0.0,0.0,0.0,0.0,0.0,0.0,0.0,0.0
37.855885,-8.445038,91.0,2011-07-13T22:00,20.4,60,12.4,18.3,0.0,0.0,0.0,0.0,0,1018.9,1008.2,0,0,0,0,0.09,0.96,19.3,32.6,346,350,38.9,22.8,24.4,22.2,19.3,0.056,0.072,0.119,0.197,0,0.0,0.0,0.0,0.0,0.0,0.0,0.0,0.0,0.0,0.0,0.0,0.0,0.0
37.855885,-8.445038,91.0,2011-07-13T23:00,19.4,63,12.2,17.4,0.0,0.0,0.0,0.0,0,1018.8,1008.0,0,0,0,0,0.08,0.82,18.2,30.7,352,355,36.7,21.6,24.3,22.2,19.3,0.056,0.072,0.119,0.197,0,0.0,0.0,0.0,0.0,0.0,0.0,0.0,0.0,0.0,0.0,0.0,0.0,0.0
37.855885,-8.445038,91.0,2011-07-14T00:00,18.6,66,12.1,16.7,0.0,0.0,0.0,0.0,0,1018.9,1008.1,0,0,0,0,0.07,0.73,17.4,29.9,354,357,34.2,20.6,24.1,22.2,19.3,0.056,0.072,0.119,0.197,0,0.0,0.0,0.0,0.0,0.0,0.0,0.0,0.0,0.0,0.0,0.0,0.0,0.0
37.855885,-8.445038,91.0,2011-07-14T01:00,18.1,68,12.1,16.3,0.0,0.0,0.0,0.0,0,1018.6,1007.8,0,0,0,0,0.06,0.67,17.0,29.9,355,359,32.4,19.9,24.0,22.2,19.3,0.056,0.072,0.119,0.197,0,0.0,0.0,0.0,0.0,0.0,0.0,0.0,0.0,0.0,0.0,0.0,0.0,0.0
37.855885,-8.445038,91.0,2011-07-14T02:00,17.6,70,12.0,15.8,0.0,0.0,0.0,0.0,0,1018.1,1007.3,0,0,0,0,0.05,0.6,16.6,29.5,356,1,31.3,19.3,23.8,22.2,19.3,0.056,0.072,0.119,0.197,0,0.0,0.0,0.0,0.0,0.0,0.0,0.0,0.0,0.0,0.0,0.0,0.0,0.0
37.855885,-8.445038,91.0,2011-07-14T03:00,17.2,71,12.0,15.5,0.0,0.0,0.0,0.0,0,1018.0,1007.2,1,0,0,2,0.05,0.56,15.8,28.5,360,4,30.2,18.7,23.6,22.2,19.3,0.056,0.072,0.119,0.197,0,0.0,0.0,0.0,0.0,0.0,0.0,0.0,0.0,0.0,0.0,0.0,0.0,0.0
37.855885,-8.445038,91.0,2011-07-14T04:00,16.8,73,12.0,15.3,0.0,0.0,0.0,0.0,0,1017.8,1007.0,0,0,0,0,0.04,0.52,14.8,27.6,3,8,28.4,18.2,23.5,22.2,19.3,0.056,0.072,0.119,0.197,0,0.0,0.0,0.0,0.0,0.0,0.0,0.0,0.0,0.0,0.0,0.0,0.0,0.0
37.855885,-8.445038,91.0,2011-07-14T05:00,16.6,74,12.0,15.2,0.0,0.0,0.0,0.0,0,1017.7,1006.8,0,0,0,0,0.03,0.49,13.7,26.6,5,9,26.6,17.8,23.3,22.2,19.3,0.056,0.072,0.119,0.197,0,0.0,0.0,0.0,0.0,0.0,0.0,0.0,0.0,0.0,0.0,0.0,0.0,0.0
37.855885,-8.445038,91.0,2011-07-14T06:00,16.5,75,12.1,15.1,0.0,0.0,0.0,0.0,0,1018.1,1007.2,0,0,0,0,0.05,0.47,13.7,26.0,5,10,25.9,17.6,23.1,22.2,19.3,0.056,0.072,0.119,0.197,1,0.0,13.0,5.0,8.0,57.6,13.0,56.6,30.7,11.8,18.9,116.9,15.1,133.6
37.855885,-8.445038,91.0,2011-07-14T07:00,18.0,71,12.6,16.8,0.0,0.0,0.0,0.0,0,1018.4,1007.6,0,0,0,0,0.1,0.61,13.7,23.4,5,10,25.9,18.7,22.9,22.2,19.3,0.056,0.072,0.119,0.197,1,3600.0,137.0,89.0,48.0,453.3,137.0,259.9,203.9,132.4,71.4,453.3,203.9,386.7
37.855885,-8.445038,91.0,2011-07-14T08:00,20.6,60,12.5,19.3,0.0,0.0,0.0,0.0,0,1018.4,1007.7,0,0,0,0,0.22,0.98,14.5,20.1,7,9,29.9,21.3,22.9,22.2,19.3,0.056,0.072,0.119,0.197,1,3600.0,328.0,252.0,76.0,652.1,328.0,511.5,406.5,312.3,94.2,652.1,406.5,634.0
37.855885,-8.445038,91.0,2011-07-14T09:00,23.4,50,12.3,22.0,0.0,0.0,0.0,0.0,0,1018.6,1008.0,0,0,0,0,0.37,1.44,14.1,18.6,6,9,31.0,24.3,22.9,22.2,19.3,0.056,0.072,0.119,0.197,1,3600.0,526.0,432.0,94.0,763.6,526.0,748.8,603.1,495.3,107.8,763.6,603.1,858.5
37.855885,-8.445038,91.0,2011-07-14T10:00,25.9,42,12.1,25.4,0.0,0.0,0.0,0.0,0,1018.3,1007.8,0,0,0,0,0.51,1.93,13.8,17.9,7,9,31.7,27.6,23.1,22.2,19.4,0.056,0.072,0.119,0.197,1,3600.0,705.0,600.0,105.0,831.1,705.0,955.5,771.1,656.2,114.8,831.1,771.1,1045.1
37.855885,-8.445038,91.0,2011-07-14T11:00,28.1,36,11.6,28.0,0.0,0.0,0.0,0.0,0,1018.1,1007.7,0,0,0,0,0.64,2.44,14.8,18.8,3,5,32.8,30.6,23.3,22.2,19.4,0.056,0.072,0.119,0.197,1,3600.0,849.0,736.0,113.0,871.6,849.0,1117.6,897.0,777.7,119.4,871.6,897.0,1180.9
37.855885,-8.445038,91.0,2011-07-14T12:00,29.8,31,10.8,29.9,0.0,0.0,0.0,0.0,0,1017.9,1007.5,0,0,0,0,0.74,2.9,15.1,19.2,3,5,34.2,33.1,23.6,22.2,19.4,0.056,0.072,0.119,0.197,1,3600.0,945.0,828.0,117.0,895.3,945.0,1224.0,970.2,850.1,120.1,895.3,970.2,1256.6
37.855885,-8.445038,91.0,2011-07-14T13:00,31.0,28,10.2,31.2,0.0,0.0,0.0,0.0,0,1017.3,1007.0,0,0,0,0,0.78,3.24,14.8,19.1,360,2,34.9,35.0,23.9,22.2,19.4,0.056,0.072,0.119,0.197,1,3600.0,985.0,866.0,119.0,904.3,985.0,1267.5,984.8,865.9,119.0,904.3,984.8,1267.3
37.855885,-8.445038,91.0,2011-07-14T14:00,31.8,26,9.9,31.7,0.0,0.0,0.0,0.0,0,1016.9,1006.6,0,0,0,0,0.79,3.47,15.3,19.9,351,354,35.3,36.2,24.2,22.2,19.4,0.056,0.071,0.118,0.197,1,3600.0,966.0,848.0,118.0,901.5,966.0,1245.0,940.4,825.5,114.9,901.5,940.4,1211.9
37.855885,-8.445038,91.0,2011-07-14T15:00,32.1,25,9.9,31.1,0.0,0.0,0.0,0.0,0,1016.6,1006.3,1,0,0,4,0.76,3.55,18.3,23.7,338,340,38.2,36.6,24.6,22.2,19.4,0.056,0.071,0.118,0.197,1,3600.0,888.0,774.0,114.0,884.6,888.0,1158.1,839.2,731.5,107.7,884.6,839.2,1094.5
37.855885,-8.445038,91.0,2011-07-14T16:00,31.8,26,10.2,29.8,0.0,0.0,0.0,0.0,0,1016.7,1006.4,1,0,0,4,0.69,3.46,21.4,28.7,331,333,42.5,36.2,24.9,22.2,19.4,0.056,0.071,0.118,0.197,1,3600.0,758.0,651.0,107.0,850.8,758.0,1012.7,690.7,593.2,97.5,850.8,690.7,922.8
37.855885,-8.445038,91.0,2011-07-14T17:00,31.1,28,10.7,28.1,0.0,0.0,0.0,0.0,0,1016.2,1005.9,0,0,0,0,0.58,3.23,23.4,32.4,329,331,44.6,35.0,25.2,22.2,19.4,0.056,0.071,0.118,0.197,1,3600.0,587.0,491.0,96.0,793.8,587.0,818.7,508.1,425.0,83.1,793.8,508.1,708.7
37.855885,-8.445038,91.0,2011-07-14T18:00,29.7,33,11.9,26.8,0.0,0.0,0.0,0.0,0,1016.6,1006.2,0,0,0,0,0.44,2.78,23.9,34.2,329,331,46.1,33.2,25.4,22.2,19.4,0.056,0.071,0.118,0.197,1,3600.0,392.0,311.0,81.0,698.5,392.0,589.3,310.4,246.3,64.1,698.5,310.4,466.7
37.855885,-8.445038,91.0,2011-07-14T19:00,27.1,43,13.4,24.9,0.0,0.0,0.0,0.0,0,1017.0,1006.5,0,0,0,0,0.27,2.04,21.9,33.8,330,333,46.1,30.6,25.5,22.2,19.4,0.056,0.071,0.118,0.197,1,3600.0,195.0,136.0,59.0,529.1,195.0,340.2,122.2,85.3,37.0,529.1,122.2,213.3
37.855885,-8.445038,91.0,2011-07-14T20:00,25.1,47,13.1,22.9,0.0,0.0,0.0,0.0,0,1017.1,1006.6,0,0,0,0,0.17,1.67,21.3,34.9,338,341,42.1,27.9,25.5,22.2,19.4,0.056,0.071,0.118,0.197,0,1555.2,39.0,20.0,19.0,171.3,39.0,96.0,0.0,0.0,0.0,0.0,0.0,0.0
37.855885,-8.445038,91.0,2011-07-14T21:00,23.5,51,12.9,21.5,0.0,0.0,0.0,0.0,0,1017.9,1007.3,0,0,0,0,0.13,1.41,19.9,33.3,343,347,39.2,25.9,25.5,22.2,19.4,0.056,0.071,0.118,0.197,0,0.0,0.0,0.0,0.0,0.0,0.0,0.0,0.0,0.0,0.0,0.0,0.0,0.0
37.855885,-8.445038,91.0,2011-07-14T22:00,22.1,56,12.8,20.4,0.0,0.0,0.0,0.0,0,1018.6,1007.9,0,0,0,0,0.1,1.18,17.8,30.6,346,351,36.0,24.3,25.4,22.2,19.4,0.056,0.071,0.118,0.197,0,0.0,0.0,0.0,0.0,0.0,0.0,0.0,0.0,0.0,0.0,0.0,0.0,0.0
37.855885,-8.445038,91.0,2011-07-14T23:00,20.9,61,13.0,19.4,0.0,0.0,0.0,0.0,0,1018.4,1007.7,0,0,0,0,0.08,0.97,16.5,28.6,349,354,33.8,23.0,25.3,22.2,19.4,0.056,0.071,0.118,0.197,0,0.0,0.0,0.0,0.0,0.0,0.0,0.0,0.0,0.0,0.0,0.0,0.0,0.0
37.855885,-8.445038,91.0,2011-07-15T00:00,19.8,66,13.2,18.5,0.0,0.0,0.0,0.0,0,1018.4,1007.7,0,0,0,0,0.06,0.79,15.7,27.9,349,354,30.6,21.9,25.2,22.2,19.4,0.056,0.071,0.118,0.197,0,0.0,0.0,0.0,0.0,0.0,0.0,0.0,0.0,0.0,0.0,0.0,0.0,0.0
37.855885,-8.445038,91.0,2011-07-15T01:00,18.8,71,13.5,17.6,0.0,0.0,0.0,0.0,0,1018.6,1007.8,0,0,0,0,0.05,0.62,15.7,27.5,351,355,28.8,20.9,25.0,22.2,19.4,0.056,0.071,0.118,0.197,0,0.0,0.0,0.0,0.0,0.0,0.0,0.0,0.0,0.0,0.0,0.0,0.0,0.0
37.855885,-8.445038,91.0,2011-07-15T02:00,17.9,76,13.7,16.9,0.0,0.0,0.0,0.0,0,1018.1,1007.3,0,0,0,0,0.03,0.49,14.8,26.3,354,358,27.7,20.1,24.8,22.3,19.4,0.056,0.071,0.118,0.197,0,0.0,0.0,0.0,0.0,0.0,0.0,0.0,0.0,0.0,0.0,0.0,0.0,0.0
37.855885,-8.445038,91.0,2011-07-15T03:00,17.3,80,13.9,16.5,0.0,0.0,0.0,0.0,0,1017.9,1007.1,0,0,0,1,0.02,0.39,14.1,25.6,356,358,25.9,19.3,24.6,22.3,19.4,0.056,0.071,0.118,0.197,0,0.0,0.0,0.0,0.0,0.0,0.0,0.0,0.0,0.0,0.0,0.0,0.0,0.0
37.855885,-8.445038,91.0,2011-07-15T04:00,16.7,84,14.0,16.0,0.0,0.0,0.0,0.0,0,1018.2,1007.3,0,0,0,0,0.01,0.3,13.7,24.8,355,360,24.1,18.7,24.4,22.3,19.4,0.056,0.071,0.118,0.197,0,0.0,0.0,0.0,0.0,0.0,0.0,0.0,0.0,0.0,0.0,0.0,0.0,0.0
37.855885,-8.445038,91.0,2011-07-15T05:00,16.3,87,14.2,15.8,0.0,0.0,0.0,0.0,0,1017.9,1007.0,2,1,0,5,0.01,0.23,12.6,23.4,358,3,23.0,18.2,24.2,22.3,19.4,0.056,0.071,0.118,0.197,0,0.0,0.0,0.0,0.0,0.0,0.0,0.0,0.0,0.0,0.0,0.0,0.0,0.0
37.855885,-8.445038,91.0,2011-07-15T06:00,16.1,90,14.4,15.8,0.0,0.0,0.0,0.0,0,1018.3,1007.4,4,1,0,9,0.02,0.19,12.2,21.7,2,7,20.9,17.8,24.0,22.3,19.4,0.056,0.071,0.118,0.197,1,0.0,12.0,4.0,8.0,46.6,12.0,55.3,28.4,9.5,18.9,95.7,13.8,130.9
37.855885,-8.445038,91.0,2011-07-15T07:00,17.7,83,14.7,17.5,0.0,0.0,0.0,0.0,0,1018.4,1007.6,4,0,0,14,0.07,0.35,11.6,17.2,7,11,23.0,19.0,23.8,22.3,19.4,0.056,0.071,0.118,0.197,1,3600.0,132.0,82.0,50.0,421.8,132.0,257.3,197.1,122.5,74.7,421.8,197.1,384.3
37.855885,-8.445038,91.0,2011-07-15T08:00,20.3,71,14.8,20.4,0.0,0.0,0.0,0.0,0,1018.7,1008.0,3,0,0,11,0.19,0.7,10.3,13.8,12,15,24.1,21.6,23.7,22.3,19.4,0.056,0.071,0.118,0.197,1,3600.0,321.0,240.0,81.0,623.8,321.0,509.3,398.3,297.8,100.5,623.8,398.3,631.9
37.855885,-8.445038,91.0,2011-07-15T09:00,23.3,59,14.8,23.6,0.0,0.0,0.0,0.0,0,1018.8,1008.2,3,0,0,9,0.34,1.18,9.1,11.8,9,12,24.1,24.9,23.7,22.3,19.4,0.056,0.071,0.118,0.197,1,3600.0,519.0,422.0,97.0,747.9,519.0,746.9,595.4,484.1,111.3,747.9,595.4,856.8
37.855885,-8.445038,91.0,2011-07-15T10:00,26.3,49,14.6,27.5,0.0,0.0,0.0,0.0,0,1018.6,1008.1,3,0,0,11,0.48,1.76,7.6,9.3,8,13,24.1,28.4,23.8,22.3,19.4,0.056,0.071,0.118,0.196,1,3600.0,698.0,593.0,105.0,822.9,698.0,953.9,763.6,648.8,114.9,822.9,763.6,1043.6
37.855885,-8.445038,91.0,2011-07-15T11:00,28.9,40,14.0,31.0,0.0,0.0,0.0,0.0,0,1018.3,1007.9,3,0,0,11,0.61,2.39,6.8,8.7,360,7,24.5,31.8,24.1,22.3,19.4,0.056,0.071,0.118,0.196,1,3600.0,843.0,725.0,118.0,859.7,843.0,1116.3,890.9,766.2,124.7,859.7,890.9,1179.7
37.855885,-8.445038,91.0,2011-07-15T12:00,31.2,33,12.8,33.5,0.0,0.0,0.0,0.0,0,1018.3,1008.0,2,0,0,5,0.71,3.06,6.3,7.6,347,355,24.1,34.7,24.4,22.3,19.4,0.056,0.071,0.117,0.196,1,3600.0,937.0,817.0,120.0,884.3,937.0,1222.9,962.1,838.9,123.2,884.3,962.1,1255.7
37.855885,-8.445038,91.0,2011-07-15T13:00,32.7,28,11.6,34.6,0.0,0.0,0.0,0.0,0,1017.4,1007.1,0,0,0,0,0.76,3.57,7.6,8.9,335,339,24.1,37.1,24.7,22.3,19.4,0.056,0.071,0.117,0.196,1,3600.0,974.0,845.0,129.0,883.1,974.0,1266.6,973.9,844.9,129.0,883.1,973.9,1266.4
37.855885,-8.445038,91.0,2011-07-15T14:00,33.5,25,11.0,34.7,0.0,0.0,0.0,0.0,0,1017.1,1006.8,0,0,0,0,0.77,3.85,10.0,12.2,322,326,27.0,38.5,25.1,22.3,19.4,0.056,0.071,0.117,0.196,1,3600.0,956.0,838.0,118.0,891.6,956.0,1244.2,930.6,815.8,114.9,891.6,930.6,1211.2
37.855885,-8.445038,91.0,2011-07-15T15:00,33.7,25,11.1,33.8,0.0,0.0,0.0,0.0,0,1016.7,1006.5,0,0,0,0,0.75,3.91,13.8,16.9,317,320,32.0,38.8,25.5,22.3,19.4,0.056,0.071,0.117,0.196,1,3600.0,879.0,764.0,115.0,873.8,879.0,1157.3,830.7,722.0,108.7,873.8,830.7,1093.7
37.855885,-8.445038,91.0,2011-07-15T16:00,33.5,26,11.6,32.5,0.0,0.0,0.0,0.0,0,1016.4,1006.2,0,0,0,0,0.68,3.79,17.1,21.9,316,318,37.4,38.1,25.8,22.3,19.4,0.056,0.07,0.117,0.196,1,3600.0,750.0,643.0,107.0,841.2,750.0,1011.8,683.3,585.8,97.5,841.2,683.3,921.9
37.855885,-8.445038,91.0,2011-07-15T17:00,32.5,30,12.5,30.5,0.0,0.0,0.0,0.0,0,1016.2,1005.9,0,0,0,0,0.57,3.45,19.9,27.0,315,317,41.4,36.7,26.1,22.3,19.4,0.056,0.07,0.117,0.196,1,3600.0,581.0,485.0,96.0,785.1,581.0,817.7,502.8,419.7,83.1,785.1,502.8,707.6
37.855885,-8.445038,91.0,2011-07-15T18:00,30.9,35,13.6,29.0,0.0,0.0,0.0,0.0,0,1016.2,1005.9,0,0,0,0,0.43,2.92,20.6,29.4,317,319,44.3,34.6,26.3,22.3,19.4,0.056,0.07,0.117,0.196,1,3600.0,388.0,307.0,81.0,691.0,388.0,588.1,307.0,242.9,64.1,691.0,307.0,465.3
37.855885,-8.445038,91.0,2011-07-15T19:00,28.5,43,14.9,27.3,0.0,0.0,0.0,0.0,0,1016.8,1006.4,0,0,0,0,0.27,2.2,19.5,29.9,321,324,40.7,31.9,26.4,22.3,19.4,0.056,0.07,0.117,0.196,1,3600.0,192.0,134.0,58.0,523.7,192.0,338.7,120.0,83.7,36.2,523.7,120.0,211.6
37.855885,-8.445038,91.0,2011-07-15T20:00,26.6,47,14.4,25.2,0.0,0.0,0.0,0.0,0,1016.9,1006.4,0,0,0,0,0.17,1.83,19.0,32.2,331,335,37.4,29.3,26.5,22.3,19.4,0.056,0.07,0.117,0.196,0,1543.63,37.0,20.0,17.0,172.3,37.0,95.1,0.0,0.0,0.0,0.0,0.0,0.0
37.855885,-8.445038,91.0,2011-07-15T21:00,25.0,50,13.8,23.6,0.0,0.0,0.0,0.0,0,1017.8,1007.3,0,0,0,1,0.13,1.58,17.4,30.4,338,343,35.3,27.2,26.4,22.3,19.4,0.056,0.07,0.117,0.196,0,0.0,0.0,0.0,0.0,0.0,0.0,0.0,0.0,0.0,0.0,0.0,0.0,0.0
37.855885,-8.445038,91.0,2011-07-15T22:00,23.5,53,13.5,22.1,0.0,0.0,0.0,0.0,0,1018.4,1007.8,8,0,0,28,0.11,1.34,16.7,29.8,346,352,32.0,25.6,26.4,22.4,19.4,0.056,0.07,0.117,0.196,0,0.0,0.0,0.0,0.0,0.0,0.0,0.0,0.0,0.0,0.0,0.0,0.0,0.0
37.855885,-8.445038,91.0,2011-07-15T23:00,22.1,57,13.2,20.8,0.0,0.0,0.0,0.0,0,1018.5,1007.8,16,0,0,55,0.09,1.14,16.1,28.9,350,354,29.5,24.2,26.2,22.4,19.4,0.056,0.07,0.117,0.196,0,0.0,0.0,0.0,0.0,0.0,0.0,0.0,0.0,0.0,0.0,0.0,0.0,0.0
37.855885,-8.445038,91.0,2011-07-16T00:00,20.9,61,13.0,19.7,0.0,0.0,0.0,0.0,1,1018.7,1008.0,24,0,0,80,0.07,0.97,15.0,27.1,349,355,27.0,23.0,26.1,22.4,19.4,0.056,0.07,0.117,0.196,0,0.0,0.0,0.0,0.0,0.0,0.0,0.0,0.0,0.0,0.0,0.0,0.0,0.0
37.855885,-8.445038,91.0,2011-07-16T01:00,19.7,64,12.7,18.4,0.0,0.0,0.0,0.0,1,1018.2,1007.5,28,0,0,94,0.06,0.82,14.3,25.7,350,355,24.1,21.9,25.9,22.4,19.4,0.056,0.07,0.117,0.196,0,0.0,0.0,0.0,0.0,0.0,0.0,0.0,0.0,0.0,0.0,0.0,0.0,0.0
37.855885,-8.445038,91.0,2011-07-16T02:00,18.7,68,12.6,17.6,0.0,0.0,0.0,0.0,1,1018.1,1007.3,29,0,0,96,0.05,0.7,13.1,24.1,352,357,22.7,20.9,25.7,22.4,19.4,0.056,0.07,0.117,0.196,0,0.0,0.0,0.0,0.0,0.0,0.0,0.0,0.0,0.0,0.0,0.0,0.0,0.0
37.855885,-8.445038,91.0,2011-07-16T03:00,17.9,70,12.4,16.8,0.0,0.0,0.0,0.0,1,1017.9,1007.1,26,0,0,86,0.04,0.62,12.7,23.4,353,358,21.6,20.0,25.5,22.4,19.4,0.056,0.07,0.117,0.196,0,0.0,0.0,0.0,0.0,0.0,0.0,0.0,0.0,0.0,0.0,0.0,0.0,0.0
37.855885,-8.445038,91.0,2011-07-16T04:00,17.2,72,12.2,16.1,0.0,0.0,0.0,0.0,0,1018.0,1007.2,10,0,0,34,0.03,0.54,12.3,23.1,353,358,21.6,19.3,25.3,22.4,19.4,0.056,0.07,0.117,0.196,0,0.0,0.0,0.0,0.0,0.0,0.0,0.0,0.0,0.0,0.0,0.0,0.0,0.0
37.855885,-8.445038,91.0,2011-07-16T05:00,16.7,75,12.3,15.6,0.0,0.0,0.0,0.0,0,1018.0,1007.2,8,2,0,19,0.03,0.48,12.3,23.1,353,357,21.2,18.6,25.0,22.4,19.4,0.056,0.07,0.117,0.196,0,0.0,0.0,0.0,0.0,0.0,0.0,0.0,0.0,0.0,0.0,0.0,0.0,0.0
37.855885,-8.445038,91.0,2011-07-16T06:00,16.5,78,12.6,15.5,0.0,0.0,0.0,0.0,0,1018.2,1007.3,18,5,0,44,0.04,0.42,12.7,22.7,353,357,21.2,18.3,24.8,22.4,19.5,0.056,0.07,0.117,0.196,1,0.0,12.0,5.0,7.0,59.0,12.0,54.0,28.5,11.9,16.6,122.6,13.7,128.2
37.855885,-8.445038,91.0,2011-07-16T07:00,17.8,77,13.8,17.1,0.0,0.0,0.0,0.0,0,1018.2,1007.4,18,7,0,40,0.08,0.46,12.7,19.1,353,357,24.8,19.3,24.6,22.4,19.5,0.056,0.07,0.117,0.196,1,3600.0,126.0,76.0,50.0,394.9,126.0,254.8,188.9,113.9,75.0,394.9,188.9,381.9
37.855885,-8.445038,91.0,2011-07-16T08:00,19.7,71,14.4,19.2,0.0,0.0,0.0,0.0,0,1018.3,1007.6,12,0,0,39,0.18,0.66,13.0,17.7,355,356,28.1,21.6,24.5,22.4,19.5,0.056,0.07,0.117,0.196,1,3600.0,294.0,199.0,95.0,519.5,294.0,507.0,365.2,247.2,118.0,519.5,365.2,629.8
37.855885,-8.445038,91.0,2011-07-16T09:00,22.1,64,15.0,21.9,0.0,0.0,0.0,0.0,0,1018.1,1007.4,12,0,0,41,0.31,0.95,12.4,16.0,350,351,28.8,24.3,24.4,22.4,19.5,0.056,0.07,0.117,0.196,1,3600.0,481.0,365.0,116.0,648.6,481.0,745.0,552.1,418.9,133.1,648.6,552.1,855.0
37.855885,-8.445038,91.0,2011-07-16T10:00,24.4,58,15.6,25.2,0.0,0.0,0.0,0.0,0,1018.0,1007.4,7,1,0,20,0.44,1.28,12.0,15.6,339,341,29.9,27.4,24.5,22.4,19.5,0.056,0.07,0.116,0.196,1,3600.0,656.0,522.0,134.0,725.6,656.0,952.3,717.9,571.3,146.6,725.6,717.9,1042.2
37.855885,-8.445038,91.0,2011-07-16T11:00,26.5,53,16.2,28.0,0.0,0.0,0.0,0.0,0,1017.7,1007.2,3,0,0,9,0.55,1.61,13.2,16.9,331,333,31.7,30.2,24.7,22.4,19.5,0.056,0.07,0.116,0.196,1,3600.0,798.0,648.0,150.0,769.4,798.0,1115.0,843.4,684.9,158.5,769.4,843.4,1178.5
37.855885,-8.445038,91.0,2011-07-16T12:00,28.2,49,16.5,30.4,0.0,0.0,0.0,0.0,0,1017.6,1007.2,3,1,0,6,0.66,1.95,14.1,17.9,328,330,33.1,32.7,24.9,22.4,19.5,0.056,0.07,0.116,0.196,1,3600.0,916.0,789.0,127.0,854.9,916.0,1221.8,940.6,810.2,130.4,854.9,940.6,1254.7
37.855885,-8.445038,91.0,2011-07-16T13:00,29.5,46,16.7,31.8,0.0,0.0,0.0,0.0,0,1017.0,1006.6,0,0,0,0,0.71,2.23,14.9,18.9,323,325,34.9,34.6,25.1,22.4,19.5,0.056,0.07,0.116,0.196,1,3600.0,959.0,840.0,119.0,878.6,959.0,1265.6,958.9,839.9,119.0,878.6,958.9,1265.5
37.855885,-8.445038,91.0,2011-07-16T14:00,30.2,45,16.9,32.1,0.0,0.0,0.0,0.0,0,1016.5,1006.1,0,0,0,0,0.71,2.37,17.4,22.3,320,322,37.4,35.7,25.4,22.4,19.5,0.056,0.07,0.116,0.196,1,3600.0,932.0,811.0,121.0,863.5,932.0,1243.3,907.3,789.5,117.8,863.5,907.3,1210.3
37.855885,-8.445038,91.0,2011-07-16T15:00,30.3,45,17.1,31.5,0.0,0.0,0.0,0.0,0,1016.0,1005.7,0,0,0,0,0.67,2.37,19.4,25.4,320,321,40.7,35.9,25.7,22.4,19.5,0.056,0.07,0.116,0.196,1,3600.0,853.0,735.0,118.0,841.4,853.0,1156.4,806.0,694.5,111.5,841.4,806.0,1092.8
37.855885,-8.445038,91.0,2011-07-16T16:00,30.0,46,17.1,30.2,0.0,0.0,0.0,0.0,0,1015.9,1005.5,2,0,0,6,0.59,2.29,21.2,27.9,320,322,42.8,35.3,25.9,22.4,19.5,0.056,0.07,0.116,0.196,1,3600.0,725.0,615.0,110.0,805.4,725.0,1010.9,660.4,560.2,100.2,805.4,660.4,920.9
37.855885,-8.445038,91.0,2011-07-16T17:00,29.0,48,16.9,28.2,0.0,0.0,0.0,0.0,0,1015.3,1004.9,2,0,0,7,0.48,2.09,22.5,30.6,321,323,44.6,34.0,26.1,22.5,19.5,0.056,0.07,0.116,0.196,1,3600.0,560.0,461.0,99.0,747.4,560.0,816.6,484.4,398.8,85.6,747.4,484.4,706.4
37.855885,-8.445038,91.0,2011-07-16T18:00,27.6,51,16.6,26.5,0.0,0.0,0.0,0.0,0,1015.3,1004.9,3,0,0,9,0.35,1.8,23.2,32.1,324,325,45.4,32.1,26.3,22.5,19.5,0.056,0.07,0.116,0.196,1,3600.0,372.0,288.0,84.0,649.8,372.0,586.8,294.1,227.7,66.4,649.8,294.1,463.9
37.855885,-8.445038,91.0,2011-07-16T19:00,25.1,58,16.2,24.0,0.0,0.0,0.0,0.0,0,1015.5,1005.0,2,0,0,5,0.21,1.34,22.0,31.8,325,327,45.7,29.6,26.3,22.5,19.5,0.056,0.07,0.116,0.196,1,3600.0,185.0,126.0,59.0,494.9,185.0,337.1,115.2,78.4,36.7,494.9,115.2,209.8
37.855885,-8.445038,91.0,2011-07-16T20:00,23.1,64,15.9,22.3,0.0,0.0,0.0,0.0,0,1015.5,1004.9,2,0,0,7,0.11,1.02,19.7,31.2,325,329,42.5,27.0,26.3,22.5,19.5,0.056,0.07,0.116,0.196,0,1179.79,35.0,17.0,18.0,147.3,35.0,94.3,0.0,0.0,0.0,0.0,0.0,0.0
37.855885,-8.445038,91.0,2011-07-16T21:00,21.6,70,15.8,20.8,0.0,0.0,0.0,0.0,0,1016.1,1005.5,3,0,0,9,0.07,0.79,18.9,32.8,329,334,36.7,25.0,26.2,22.5,19.5,0.056,0.07,0.116,0.196,0,0.0,0.0,0.0,0.0,0.0,0.0,0.0,0.0,0.0,0.0,0.0,0.0,0.0
37.855885,-8.445038,91.0,2011-07-16T22:00,20.5,74,15.7,19.8,0.0,0.0,0.0,0.0,0,1016.4,1005.7,3,1,0,8,0.05,0.63,18.0,31.2,334,338,36.0,23.5,26.1,22.5,19.5,0.056,0.07,0.116,0.196,0,0.0,0.0,0.0,0.0,0.0,0.0,0.0,0.0,0.0,0.0,0.0,0.0,0.0
37.855885,-8.445038,91.0,2011-07-16T23:00,19.6,78,15.6,18.7,0.0,0.0,0.0,0.0,1,1016.7,1006.0,24,27,0,0,0.04,0.5,18.7,29.8,337,340,36.7,22.4,25.9,22.5,19.5,0.056,0.07,0.116,0.196,0,0.0,0.0,0.0,0.0,0.0,0.0,0.0,0.0,0.0,0.0,0.0,0.0,0.0
37.855885,-8.445038,91.0,2011-07-17T00:00,19.0,81,15.7,18.3,0.0,0.0,0.0,0.0,2,1016.7,1005.9,63,70,0,0,0.03,0.41,18.1,28.9,339,341,35.6,21.6,25.7,22.5,19.5,0.056,0.07,0.116,0.196,0,0.0,0.0,0.0,0.0,0.0,0.0,0.0,0.0,0.0,0.0,0.0,0.0,0.0
37.855885,-8.445038,91.0,2011-07-17T01:00,18.5,83,15.6,17.6,0.0,0.0,0.0,0.0,3,1016.5,1005.7,86,95,0,0,0.03,0.36,19.2,29.6,343,344,33.5,21.0,25.6,22.5,19.5,0.056,0.07,0.116,0.196,0,0.0,0.0,0.0,0.0,0.0,0.0,0.0,0.0,0.0,0.0,0.0,0.0,0.0
37.855885,-8.445038,91.0,2011-07-17T02:00,18.5,84,15.7,17.4,0.0,0.0,0.0,0.0,3,1016.1,1005.3,90,100,0,0,0.03,0.35,20.7,30.8,343,344,35.3,20.7,25.4,22.5,19.5,0.056,0.07,0.116,0.196,0,0.0,0.0,0.0,0.0,0.0,0.0,0.0,0.0,0.0,0.0,0.0,0.0,0.0
37.855885,-8.445038,91.0,2011-07-17T03:00,18.6,83,15.6,17.6,0.0,0.0,0.0,0.0,3,1016.0,1005.2,90,100,0,0,0.03,0.36,19.7,31.7,342,343,38.2,20.6,25.2,22.5,19.5,0.056,0.07,0.116,0.196,0,0.0,0.0,0.0,0.0,0.0,0.0,0.0,0.0,0.0,0.0,0.0,0.0,0.0
37.855885,-8.445038,91.0,2011-07-17T04:00,18.7,82,15.6,17.6,0.0,0.0,0.0,0.0,3,1015.8,1005.0,90,100,0,0,0.03,0.38,20.5,32.1,342,342,39.6,20.5,25.0,22.5,19.5,0.056,0.07,0.116,0.196,0,0.0,0.0,0.0,0.0,0.0,0.0,0.0,0.0,0.0,0.0,0.0,0.0,0.0
37.855885,-8.445038,91.0,2011-07-17T05:00,18.6,82,15.5,17.6,0.0,0.0,0.0,0.0,3,1015.8,1005.0,90,100,0,0,0.03,0.38,19.5,30.4,341,341,40.3,20.4,24.8,22.5,19.5,0.056,0.07,0.116,0.196,0,0.0,0.0,0.0,0.0,0.0,0.0,0.0,0.0,0.0,0.0,0.0,0.0,0.0
37.855885,-8.445038,91.0,2011-07-17T06:00,18.5,82,15.3,17.4,0.0,0.0,0.0,0.0,3,1016.0,1005.2,86,95,0,0,0.06,0.39,19.7,29.3,342,344,40.3,20.4,24.7,22.5,19.5,0.056,0.07,0.116,0.196,1,0.0,5.0,0.0,5.0,0.0,5.0,52.7,11.9,0.0,11.9,0.0,5.7,125.5
37.855885,-8.445038,91.0,2011-07-17T07:00,18.8,77,14.8,17.4,0.0,0.0,0.0,0.0,2,1016.0,1005.2,78,87,0,0,0.08,0.49,20.2,29.0,341,343,37.8,20.6,24.5,22.5,19.5,0.056,0.07,0.116,0.196,1,0.0,53.0,7.0,46.0,36.7,53.0,252.2,79.8,10.5,69.2,36.7,79.8,379.5
37.855885,-8.445038,91.0,2011-07-17T08:00,19.0,72,13.9,17.2,0.0,0.0,0.0,0.0,3,1016.0,1005.3,90,100,0,0,0.13,0.61,21.3,29.8,341,342,42.1,21.2,24.4,22.5,19.5,0.056,0.07,0.116,0.196,1,0.0,142.0,16.0,126.0,42.0,142.0,504.8,176.6,19.9,156.7,42.0,176.6,627.7
37.855885,-8.445038,91.0,2011-07-17T09:00,19.5,66,13.0,17.3,0.0,0.0,0.0,0.0,3,1016.4,1005.7,89,99,0,0,0.2,0.77,21.3,29.0,341,343,43.2,22.0,24.3,22.5,19.5,0.056,0.07,0.115,0.196,1,0.0,259.0,29.0,230.0,51.7,259.0,743.0,297.4,33.3,264.1,51.7,297.4,853.3
37.855885,-8.445038,91.0,2011-07-17T10:00,20.8,58,12.2,18.6,0.0,0.0,0.0,0.0,3,1016.1,1005.4,82,91,0,0,0.34,1.03,19.2,25.2,343,343,44.3,24.1,24.3,22.5,19.5,0.056,0.07,0.115,0.196,1,3600.0,523.0,263.0,260.0,366.3,523.0,950.7,572.5,287.9,284.6,366.3,572.5,1040.7
37.855885,-8.445038,91.0,2011-07-17T11:00,22.1,51,11.4,20.6,0.0,0.0,0.0,0.0,0,1016.1,1005.5,12,13,0,0,0.48,1.31,20.1,26.1,339,340,45.0,26.4,24.3,22.5,19.5,0.056,0.07,0.115,0.196,1,3600.0,745.0,497.0,248.0,590.9,745.0,1113.6,787.6,525.4,262.2,590.9,787.6,1177.2
37.855885,-8.445038,91.0,2011-07-17T12:00,23.5,44,10.5,22.5,0.0,0.0,0.0,0.0,0,1015.9,1005.3,0,0,0,0,0.61,1.63,20.6,27.1,335,337,46.8,28.5,24.4,22.5,19.5,0.056,0.069,0.115,0.196,1,3600.0,931.0,810.0,121.0,878.5,931.0,1220.7,956.1,831.8,124.3,878.5,956.1,1253.6
37.855885,-8.445038,91.0,2011-07-17T13:00,24.6,39,9.6,23.4,0.0,0.0,0.0,0.0,0,1015.5,1005.0,0,0,0,0,0.66,1.89,21.1,27.7,333,334,47.2,30.1,24.6,22.5,19.5,0.056,0.069,0.115,0.196,1,3600.0,976.0,855.0,121.0,895.1,976.0,1264.6,976.0,855.0,121.0,895.1,976.0,1264.6
37.855885,-8.445038,91.0,2011-07-17T14:00,25.4,35,8.8,23.9,0.0,0.0,0.0,0.0,0,1015.0,1004.5,0,0,0,0,0.68,2.11,21.6,28.5,330,332,47.9,31.2,24.7,22.5,19.5,0.056,0.069,0.115,0.196,1,3600.0,960.0,841.0,119.0,896.2,960.0,1242.4,934.5,818.7,115.8,896.2,934.5,1209.4
37.855885,-8.445038,91.0,2011-07-17T15:00,25.9,33,8.3,23.8,0.0,0.0,0.0,0.0,0,1014.7,1004.2,0,0,0,0,0.65,2.24,22.2,29.5,328,330,48.2,31.7,24.9,22.6,19.5,0.056,0.069,0.115,0.196,1,3600.0,887.0,772.0,115.0,884.5,887.0,1155.5,838.1,729.4,108.7,884.5,838.1,1091.8
37.855885,-8.445038,91.0,2011-07-17T16:00,25.9,32,7.9,22.9,0.0,0.0,0.0,0.0,0,1014.3,1003.8,0,0,0,0,0.59,2.27,23.6,31.3,326,327,48.2,31.5,25.1,22.6,19.5,0.056,0.069,0.115,0.196,1,3600.0,761.0,653.0,108.0,856.1,761.0,1009.9,693.1,594.8,98.4,856.1,693.1,919.8
37.855885,-8.445038,91.0,2011-07-17T17:00,25.3,33,7.9,21.2,0.0,0.0,0.0,0.0,0,1014.2,1003.7,0,0,0,0,0.5,2.15,25.6,35.0,325,326,49.7,30.5,25.2,22.6,19.5,0.056,0.069,0.115,0.196,1,3600.0,594.0,497.0,97.0,807.0,594.0,815.4,513.6,429.8,83.9,807.0,513.6,705.1
37.855885,-8.445038,91.0,2011-07-17T18:00,24.0,36,8.1,19.6,0.0,0.0,0.0,0.0,0,1014.1,1003.6,0,0,0,0,0.38,1.91,26.6,37.2,327,328,50.8,28.8,25.3,22.6,19.5,0.056,0.069,0.115,0.196,1,3600.0,400.0,320.0,80.0,723.8,400.0,585.3,315.9,252.7,63.2,723.8,315.9,462.3
37.855885,-8.445038,91.0,2011-07-17T19:00,21.7,42,8.3,17.5,0.0,0.0,0.0,0.0,0,1014.4,1003.8,0,0,0,0,0.25,1.49,25.4,36.6,328,330,51.8,26.5,25.3,22.6,19.5,0.056,0.069,0.115,0.196,1,3600.0,198.0,139.0,59.0,548.8,198.0,335.3,122.8,86.2,36.6,548.8,122.8,207.9
37.855885,-8.445038,91.0,2011-07-17T20:00,19.8,49,8.7,16.2,0.0,0.0,0.0,0.0,0,1014.7,1004.0,0,0,0,0,0.15,1.18,22.3,35.6,329,332,47.9,24.0,25.2,22.6,19.5,0.056,0.069,0.115,0.196,0,1517.57,38.0,20.0,18.0,174.4,38.0,93.4,0.0,0.0,0.0,0.0,0.0,0.0
37.855885,-8.445038,91.0,2011-07-17T21:00,18.4,54,9.0,14.9,0.0,0.0,0.0,0.0,0,1015.3,1004.5,0,0,0,0,0.11,0.97,22.1,35.0,336,338,42.8,22.1,25.1,22.6,19.5,0.056,0.069,0.115,0.196,0,0.0,0.0,0.0,0.0,0.0,0.0,0.0,0.0,0.0,0.0,0.0,0.0,0.0
37.855885,-8.445038,91.0,2011-07-17T22:00,17.2,59,9.2,14.0,0.0,0.0,0.0,0.0,0,1016.0,1005.2,0,0,0,0,0.09,0.8,20.3,32.1,335,337,40.7,20.6,24.9,22.6,19.5,0.056,0.069,0.115,0.196,0,0.0,0.0,0.0,0.0,0.0,0.0,0.0,0.0,0.0,0.0,0.0,0.0,0.0
37.855885,-8.445038,91.0,2011-07-17T23:00,16.2,63,9.2,13.0,0.0,0.0,0.0,0.0,0,1016.1,1005.3,0,0,0,0,0.08,0.68,20.9,33.1,339,341,39.6,19.5,24.7,22.6,19.5,0.056,0.069,0.115,0.196,0,0.0,0.0,0.0,0.0,0.0,0.0,0.0,0.0,0.0,0.0,0.0,0.0,0.0
37.855885,-8.445038,91.0,2011-07-18T00:00,15.5,67,9.4,12.4,0.0,0.0,0.0,0.0,0,1016.1,1005.2,0,0,0,0,0.06,0.58,20.0,32.2,342,344,38.9,18.5,24.5,22.6,19.5,0.056,0.069,0.115,0.196,0,0.0,0.0,0.0,0.0,0.0,0.0,0.0,0.0,0.0,0.0,0.0,0.0,0.0
37.855885,-8.445038,91.0,2011-07-18T01:00,15.0,70,9.7,12.1,0.0,0.0,0.0,0.0,0,1016.0,1005.1,2,2,0,0,0.05,0.51,19.5,32.0,344,346,36.4,17.8,24.3,22.6,19.6,0.056,0.069,0.115,0.196,0,0.0,0.0,0.0,0.0,0.0,0.0,0.0,0.0,0.0,0.0,0.0,0.0,0.0
37.855885,-8.445038,91.0,2011-07-18T02:00,14.6,73,9.9,11.8,0.0,0.0,0.0,0.0,0,1015.6,1004.7,3,3,0,0,0.05,0.44,19.4,31.8,345,347,35.6,17.2,24.1,22.6,19.6,0.056,0.069,0.115,0.196,0,0.0,0.0,0.0,0.0,0.0,0.0,0.0,0.0,0.0,0.0,0.0,0.0,0.0
37.855885,-8.445038,91.0,2011-07-18T03:00,14.3,76,10.1,11.5,0.0,0.0,0.0,0.0,0,1015.2,1004.3,4,5,0,0,0.04,0.4,19.3,31.7,346,348,36.0,16.7,23.8,22.6,19.6,0.056,0.069,0.115,0.196,0,0.0,0.0,0.0,0.0,0.0,0.0,0.0,0.0,0.0,0.0,0.0,0.0,0.0
37.855885,-8.445038,91.0,2011-07-18T04:00,14.0,77,10.1,11.2,0.0,0.0,0.0,0.0,0,1015.3,1004.4,1,1,0,0,0.04,0.36,19.3,32.1,346,348,37.1,16.3,23.6,22.6,19.6,0.056,0.069,0.115,0.196,0,0.0,0.0,0.0,0.0,0.0,0.0,0.0,0.0,0.0,0.0,0.0,0.0,0.0
37.855885,-8.445038,91.0,2011-07-18T05:00,13.9,77,10.0,11.2,0.0,0.0,0.0,0.0,0,1015.3,1004.4,5,6,0,0,0.03,0.36,18.9,31.6,347,349,37.4,16.1,23.3,22.6,19.6,0.056,0.069,0.115,0.196,0,0.0,0.0,0.0,0.0,0.0,0.0,0.0,0.0,0.0,0.0,0.0,0.0,0.0
37.855885,-8.445038,91.0,2011-07-18T06:00,13.9,77,10.0,11.2,0.0,0.0,0.0,0.0,0,1015.7,1004.8,4,5,0,0,0.05,0.36,18.4,30.4,348,350,37.1,15.9,23.1,22.6,19.6,0.056,0.069,0.115,0.196,1,0.0,11.0,4.0,7.0,48.4,11.0,51.3,26.3,9.6,16.8,103.2,12.3,122.8
37.855885,-8.445038,91.0,2011-07-18T07:00,14.7,72,9.8,11.9,0.0,0.0,0.0,0.0,0,1016.0,1005.1,2,2,0,0,0.09,0.46,19.2,28.2,347,349,35.3,16.6,22.9,22.6,19.6,0.056,0.069,0.115,0.196,1,3600.0,132.0,83.0,49.0,440.3,132.0,249.6,199.4,125.4,74.0,440.3,199.4,377.1
37.855885,-8.445038,91.0,2011-07-18T08:00,16.4,63,9.4,13.2,0.0,0.0,0.0,0.0,0,1016.0,1005.2,0,0,0,0,0.19,0.68,20.6,28.9,348,349,41.8,18.5,22.8,22.6,19.6,0.056,0.069,0.115,0.196,1,3600.0,326.0,249.0,77.0,656.1,326.0,502.5,405.9,310.0,95.9,656.1,405.9,625.6
37.855885,-8.445038,91.0,2011-07-18T09:00,18.4,54,9.0,15.0,0.0,0.0,0.0,0.0,0,1016.2,1005.4,0,0,0,0,0.32,0.97,21.1,28.8,346,347,43.9,20.9,22.7,22.6,19.6,0.056,0.069,0.115,0.196,1,3600.0,527.0,432.0,95.0,771.9,527.0,741.1,605.5,496.4,109.2,771.9,605.5,851.5
37.855885,-8.445038,91.0,2011-07-18T10:00,20.5,46,8.5,18.0,0.0,0.0,0.0,0.0,0,1016.4,1005.7,0,0,0,0,0.44,1.3,19.5,25.7,341,342,45.4,23.5,22.7,22.6,19.6,0.056,0.069,0.115,0.196,1,3600.0,705.0,599.0,106.0,835.7,705.0,949.1,772.0,655.9,116.1,835.7,772.0,1039.2
37.855885,-8.445038,91.0,2011-07-18T11:00,22.4,39,7.9,20.4,0.0,0.0,0.0,0.0,0,1016.0,1005.4,0,0,0,0,0.56,1.65,20.2,26.2,338,339,46.1,26.0,22.8,22.5,19.6,0.056,0.069,0.114,0.196,1,3600.0,849.0,740.0,109.0,880.9,849.0,1112.3,897.7,782.4,115.2,880.9,897.7,1176.0
37.855885,-8.445038,91.0,2011-07-18T12:00,24.1,35,7.5,22.3,0.0,0.0,0.0,0.0,0,1015.8,1005.2,0,0,0,0,0.64,1.96,20.8,26.8,334,336,46.1,28.3,23.0,22.5,19.6,0.056,0.069,0.114,0.196,1,3600.0,938.0,819.0,119.0,889.2,938.0,1219.6,963.4,841.2,122.2,889.2,963.4,1252.6
37.855885,-8.445038,91.0,2011-07-18T13:00,25.4,33,8.0,23.7,0.0,0.0,0.0,0.0,0,1015.5,1005.0,0,0,0,0,0.69,2.16,21.6,28.0,332,334,46.8,30.1,23.2,22.5,19.6,0.056,0.069,0.114,0.196,1,3600.0,973.0,851.0,122.0,891.7,973.0,1263.6,973.0,851.0,122.0,891.7,973.0,1263.6
37.855885,-8.445038,91.0,2011-07-18T14:00,26.1,35,9.6,24.5,0.0,0.0,0.0,0.0,0,1015.1,1004.6,0,0,0,0,0.69,2.19,22.9,30.1,330,332,49.0,31.2,23.4,22.5,19.6,0.056,0.069,0.114,0.196,1,3600.0,950.0,830.0,120.0,885.3,950.0,1241.5,924.7,807.9,116.8,885.3,924.7,1208.5
37.855885,-8.445038,91.0,2011-07-18T15:00,26.5,39,11.5,24.8,0.0,0.0,0.0,0.0,0,1015.2,1004.7,0,0,0,0,0.64,2.1,24.5,32.5,327,329,52.6,31.6,23.7,22.5,19.6,0.056,0.069,0.114,0.196,1,3600.0,871.0,755.0,116.0,865.9,871.0,1154.6,822.9,713.3,109.6,865.9,822.9,1090.8
37.855885,-8.445038,91.0,2011-07-18T16:00,26.4,42,12.6,24.2,0.0,0.0,0.0,0.0,0,1015.0,1004.5,0,0,0,0,0.56,1.98,26.1,35.3,325,327,54.7,31.2,23.9,22.5,19.6,0.056,0.069,0.114,0.196,1,3600.0,729.0,621.0,108.0,815.1,729.0,1008.8,663.8,565.5,98.3,815.1,663.8,918.6
37.855885,-8.445038,91.0,2011-07-18T17:00,25.8,45,13.1,22.9,0.0,0.0,0.0,0.0,0,1014.7,1004.2,0,0,0,0,0.46,1.81,26.8,36.7,324,325,56.9,30.3,24.0,22.5,19.6,0.056,0.069,0.114,0.196,1,3600.0,564.0,455.0,109.0,740.0,564.0,814.1,487.5,393.3,94.2,740.0,487.5,703.7
37.855885,-8.445038,91.0,2011-07-18T18:00,24.3,52,13.9,21.8,0.0,0.0,0.0,0.0,0,1014.5,1004.0,2,0,0,5,0.32,1.45,25.9,36.3,322,323,57.6,28.6,24.2,22.5,19.6,0.056,0.069,0.114,0.196,1,3600.0,374.0,283.0,91.0,641.9,374.0,583.8,295.1,223.3,71.8,641.9,295.1,460.6
37.855885,-8.445038,91.0,2011-07-18T19:00,22.7,61,14.8,20.8,0.0,0.0,0.0,0.0,0,1014.9,1004.3,4,0,0,12,0.19,1.08,23.7,34.8,319,321,50.4,26.6,24.2,22.5,19.6,0.056,0.069,0.114,0.196,1,3600.0,182.0,122.0,60.0,484.5,182.0,333.5,112.4,75.3,37.1,484.5,112.4,205.9
37.855885,-8.445038,91.0,2011-07-18T20:00,21.0,70,15.3,19.8,0.0,0.0,0.0,0.0,0,1015.2,1004.5,0,0,0,0,0.09,0.74,20.4,33.6,319,322,45.4,24.4,24.2,22.5,19.6,0.056,0.069,0.114,0.196,0,1160.43,33.0,17.0,16.0,149.2,33.0,92.4,0.0,0.0,0.0,0.0,0.0,0.0
37.855885,-8.445038,91.0,2011-07-18T21:00,19.8,77,15.6,18.7,0.0,0.0,0.0,0.0,0,1015.8,1005.1,1,0,0,4,0.05,0.54,20.4,35.3,324,328,38.9,22.8,24.1,22.5,19.6,0.056,0.069,0.114,0.196,0,0.0,0.0,0.0,0.0,0.0,0.0,0.0,0.0,0.0,0.0,0.0,0.0,0.0
37.855885,-8.445038,91.0,2011-07-18T22:00,19.0,81,15.6,18.0,0.0,0.0,0.0,0.0,0,1016.2,1005.5,9,6,0,12,0.04,0.42,19.8,32.3,327,329,40.0,21.6,24.0,22.5,19.6,0.056,0.069,0.114,0.196,0,0.0,0.0,0.0,0.0,0.0,0.0,0.0,0.0,0.0,0.0,0.0,0.0,0.0
37.855885,-8.445038,91.0,2011-07-18T23:00,18.4,83,15.4,17.4,0.0,0.0,0.0,0.0,0,1016.0,1005.2,12,10,0,11,0.03,0.36,18.9,30.5,329,331,36.7,20.7,23.9,22.5,19.6,0.056,0.069,0.114,0.196,0,0.0,0.0,0.0,0.0,0.0,0.0,0.0,0.0,0.0,0.0,0.0,0.0,0.0
37.855885,-8.445038,91.0,2011-07-19T00:00,17.9,85,15.4,17.0,0.0,0.0,0.0,0.0,1,1016.2,1005.4,32,31,0,12,0.02,0.31,18.6,30.1,328,331,35.3,20.0,23.8,22.5,19.6,0.056,0.069,0.114,0.196,0,0.0,0.0,0.0,0.0,0.0,0.0,0.0,0.0,0.0,0.0,0.0,0.0,0.0
37.855885,-8.445038,91.0,2011-07-19T01:00,17.7,87,15.5,16.9,0.0,0.0,0.0,0.0,2,1015.8,1005.0,73,60,0,64,0.02,0.26,18.5,30.1,327,328,34.9,19.6,23.7,22.5,19.6,0.056,0.069,0.114,0.196,0,0.0,0.0,0.0,0.0,0.0,0.0,0.0,0.0,0.0,0.0,0.0,0.0,0.0
37.855885,-8.445038,91.0,2011-07-19T02:00,17.7,88,15.6,16.6,0.0,0.0,0.0,0.0,3,1015.3,1004.5,100,92,0,56,0.02,0.25,21.0,33.7,329,330,34.2,19.4,23.5,22.5,19.6,0.056,0.069,0.114,0.196,0,0.0,0.0,0.0,0.0,0.0,0.0,0.0,0.0,0.0,0.0,0.0,0.0,0.0
37.855885,-8.445038,91.0,2011-07-19T03:00,17.7,88,15.7,16.6,0.0,0.0,0.0,0.0,3,1015.2,1004.4,92,99,0,8,0.02,0.25,20.6,32.9,331,331,37.4,19.3,23.4,22.5,19.6,0.056,0.069,0.114,0.196,0,0.0,0.0,0.0,0.0,0.0,0.0,0.0,0.0,0.0,0.0,0.0,0.0,0.0
37.855885,-8.445038,91.0,2011-07-19T04:00,17.9,87,15.8,17.1,0.0,0.0,0.0,0.0,3,1015.3,1004.5,91,100,0,3,0.02,0.26,19.2,30.9,330,331,38.5,19.4,23.2,22.5,19.6,0.056,0.069,0.114,0.196,0,0.0,0.0,0.0,0.0,0.0,0.0,0.0,0.0,0.0,0.0,0.0,0.0,0.0
37.855885,-8.445038,91.0,2011-07-19T05:00,18.0,88,15.9,17.2,0.0,0.0,0.0,0.0,3,1015.3,1004.5,91,100,0,3,0.02,0.26,19.4,29.7,329,329,38.5,19.4,23.1,22.5,19.6,0.056,0.069,0.114,0.196,0,0.0,0.0,0.0,0.0,0.0,0.0,0.0,0.0,0.0,0.0,0.0,0.0,0.0
37.855885,-8.445038,91.0,2011-07-19T06:00,18.2,87,16.0,17.6,0.0,0.0,0.0,0.0,3,1015.3,1004.5,90,100,0,0,0.04,0.27,18.3,28.3,328,329,36.0,19.4,23.0,22.5,19.6,0.056,0.069,0.114,0.196,1,0.0,3.0,0.0,3.0,0.0,3.0,49.9,7.2,0.0,7.2,0.0,3.3,120.0
37.855885,-8.445038,91.0,2011-07-19T07:00,18.5,86,16.1,17.9,0.0,0.0,0.0,0.0,3,1015.7,1004.9,97,100,0,24,0.06,0.31,18.7,27.9,330,330,34.6,19.7,22.9,22.5,19.6,0.057,0.069,0.114,0.196,1,0.0,38.0,3.0,35.0,16.1,38.0,247.0,57.6,4.6,53.1,16.1,57.6,374.6
37.855885,-8.445038,91.0,2011-07-19T08:00,18.9,82,15.8,18.1,0.0,0.0,0.0,0.0,3,1016.1,1005.4,98,100,0,28,0.08,0.39,19.2,27.4,334,335,36.4,20.0,22.8,22.5,19.6,0.057,0.069,0.114,0.196,1,0.0,72.0,1.0,71.0,2.6,72.0,500.2,89.7,1.2,88.5,2.6,89.7,623.5
37.855885,-8.445038,91.0,2011-07-19T09:00,19.6,74,14.7,18.2,0.0,0.0,0.0,0.0,3,1016.2,1005.5,93,97,0,18,0.15,0.6,20.2,28.0,338,340,39.6,20.8,22.7,22.5,19.6,0.057,0.069,0.114,0.196,1,0.0,164.0,28.0,136.0,50.2,164.0,739.1,188.5,32.2,156.3,50.2,188.5,849.7
37.855885,-8.445038,91.0,2011-07-19T10:00,20.3,63,13.1,18.6,0.0,0.0,0.0,0.0,3,1016.3,1005.6,91,96,0,17,0.25,0.87,18.5,24.7,336,337,42.8,22.2,22.7,22.5,19.6,0.057,0.069,0.114,0.196,1,2351.31,348.0,99.0,249.0,138.4,348.0,947.4,381.2,108.4,272.7,138.4,381.2,1037.7
37.855885,-8.445038,91.0,2011-07-19T11:00,21.6,52,11.2,19.6,0.0,0.0,0.0,0.0,2,1016.3,1005.6,54,54,0,18,0.42,1.24,18.8,25.0,334,335,45.0,24.6,22.8,22.5,19.6,0.057,0.069,0.114,0.195,1,3600.0,641.0,346.0,295.0,412.5,641.0,1110.9,677.8,365.9,312.0,412.5,677.8,1174.8
37.855885,-8.445038,91.0,2011-07-19T12:00,23.2,41,9.3,21.5,0.0,0.0,0.0,0.0,0,1016.1,1005.5,9,4,0,18,0.56,1.67,20.0,26.0,334,336,46.4,27.0,22.9,22.5,19.6,0.057,0.068,0.114,0.195,1,3600.0,826.0,547.0,279.0,594.5,826.0,1218.4,848.4,561.8,286.6,594.5,848.4,1251.5
37.855885,-8.445038,91.0,2011-07-19T13:00,25.0,34,8.1,23.6,0.0,0.0,0.0,0.0,0,1015.8,1005.3,5,0,0,17,0.68,2.08,20.0,26.3,337,338,47.5,29.2,23.1,22.5,19.6,0.057,0.068,0.114,0.195,1,3600.0,973.0,831.0,142.0,871.6,973.0,1262.6,973.0,831.0,142.0,871.6,973.0,1262.6
37.855885,-8.445038,91.0,2011-07-19T14:00,26.4,30,7.5,24.8,0.0,0.0,0.0,0.0,0,1015.6,1005.1,3,0,0,10,0.71,2.4,20.2,26.4,338,340,48.2,30.8,23.3,22.5,19.6,0.057,0.068,0.113,0.195,1,3600.0,970.0,850.0,120.0,907.4,970.0,1240.5,944.2,827.4,116.8,907.4,944.2,1207.5
37.855885,-8.445038,91.0,2011-07-19T15:00,27.3,28,7.1,25.2,0.0,0.0,0.0,0.0,0,1015.1,1004.7,7,0,0,24,0.69,2.61,20.7,27.2,337,340,49.0,31.6,23.5,22.5,19.6,0.057,0.068,0.113,0.195,1,3600.0,894.0,779.0,115.0,894.3,894.0,1153.5,844.5,735.9,108.6,894.3,844.5,1089.7
37.855885,-8.445038,91.0,2011-07-19T16:00,27.5,27,6.9,24.5,0.0,0.0,0.0,0.0,0,1015.0,1004.6,7,0,0,22,0.62,2.67,21.8,28.8,338,340,49.3,31.6,23.8,22.5,19.6,0.056,0.068,0.113,0.195,1,3600.0,764.0,657.0,107.0,863.5,764.0,1007.6,695.6,598.1,97.4,863.5,695.6,917.4
37.855885,-8.445038,91.0,2011-07-19T17:00,27.0,28,7.1,23.1,0.0,0.0,0.0,0.0,0,1014.8,1004.4,0,0,0,0,0.53,2.56,22.9,31.2,336,338,49.3,30.9,24.0,22.5,19.6,0.056,0.068,0.113,0.195,1,3600.0,592.0,496.0,96.0,808.2,592.0,812.7,511.5,428.5,82.9,808.2,511.5,702.2
37.855885,-8.445038,91.0,2011-07-19T18:00,25.9,32,8.1,22.0,0.0,0.0,0.0,0.0,0,1014.7,1004.2,0,0,0,0,0.4,2.26,22.9,31.9,334,336,49.0,29.5,24.1,22.5,19.6,0.056,0.068,0.113,0.195,1,3600.0,394.0,314.0,80.0,714.3,394.0,582.1,310.5,247.5,63.0,714.3,310.5,458.8
37.855885,-8.445038,91.0,2011-07-19T19:00,24.4,40,10.1,21.3,0.0,0.0,0.0,0.0,0,1015.3,1004.8,0,0,0,0,0.26,1.82,21.7,32.6,328,331,43.9,27.5,24.2,22.5,19.6,0.056,0.068,0.113,0.195,1,3600.0,192.0,135.0,57.0,539.3,192.0,331.5,118.0,83.0,35.0,539.3,118.0,203.8
37.855885,-8.445038,91.0,2011-07-19T20:00,22.2,48,10.7,19.1,0.0,0.0,0.0,0.0,0,1015.4,1004.8,0,0,0,0,0.16,1.38,22.7,36.6,335,337,42.5,25.2,24.2,22.5,19.6,0.056,0.068,0.113,0.195,0,1262.04,35.0,18.0,17.0,159.1,35.0,91.3,0.0,0.0,0.0,0.0,0.0,0.0
37.855885,-8.445038,91.0,2011-07-19T21:00,20.6,54,11.0,17.7,0.0,0.0,0.0,0.0,0,1016.4,1005.7,0,0,0,0,0.12,1.11,21.9,35.6,343,346,42.5,23.3,24.2,22.5,19.6,0.056,0.068,0.113,0.195,0,0.0,0.0,0.0,0.0,0.0,0.0,0.0,0.0,0.0,0.0,0.0,0.0,0.0
37.855885,-8.445038,91.0,2011-07-19T22:00,19.4,59,11.1,16.9,0.0,0.0,0.0,0.0,0,1016.7,1006.0,0,0,0,0,0.09,0.93,19.0,32.2,350,354,40.7,21.8,24.1,22.5,19.7,0.056,0.068,0.113,0.195,0,0.0,0.0,0.0,0.0,0.0,0.0,0.0,0.0,0.0,0.0,0.0,0.0,0.0
37.855885,-8.445038,91.0,2011-07-19T23:00,18.4,62,11.1,16.1,0.0,0.0,0.0,0.0,0,1017.0,1006.2,0,0,0,0,0.07,0.79,17.5,30.0,352,355,36.4,20.7,23.9,22.5,19.7,0.056,0.068,0.113,0.195,0,0.0,0.0,0.0,0.0,0.0,0.0,0.0,0.0,0.0,0.0,0.0,0.0,0.0
37.855885,-8.445038,91.0,2011-07-20T00:00,17.6,65,11.0,15.5,0.0,0.0,0.0,0.0,0,1016.8,1006.0,0,0,0,0,0.06,0.69,16.3,28.8,354,357,32.0,19.7,23.8,22.5,19.7,0.056,0.068,0.113,0.195,0,0.0,0.0,0.0,0.0,0.0,0.0,0.0,0.0,0.0,0.0,0.0,0.0,0.0
37.855885,-8.445038,91.0,2011-07-20T01:00,17.0,69,11.2,15.1,0.0,0.0,0.0,0.0,0,1016.7,1005.9,0,0,0,0,0.05,0.61,15.9,28.4,355,359,29.2,18.9,23.6,22.5,19.7,0.056,0.068,0.113,0.195,0,0.0,0.0,0.0,0.0,0.0,0.0,0.0,0.0,0.0,0.0,0.0,0.0,0.0
37.855885,-8.445038,91.0,2011-07-20T02:00,16.4,72,11.2,14.5,0.0,0.0,0.0,0.0,0,1016.3,1005.5,0,0,0,0,0.04,0.53,15.5,28.8,356,1,28.4,18.2,23.5,22.5,19.7,0.056,0.068,0.113,0.195,0,0.0,0.0,0.0,0.0,0.0,0.0,0.0,0.0,0.0,0.0,0.0,0.0,0.0
37.855885,-8.445038,91.0,2011-07-20T03:00,15.8,74,11.3,13.9,0.0,0.0,0.0,0.0,0,1015.9,1005.0,0,0,0,0,0.04,0.46,15.5,28.9,359,4,28.4,17.6,23.3,22.5,19.7,0.056,0.068,0.113,0.195,0,0.0,0.0,0.0,0.0,0.0,0.0,0.0,0.0,0.0,0.0,0.0,0.0,0.0
37.855885,-8.445038,91.0,2011-07-20T04:00,15.4,77,11.3,13.6,0.0,0.0,0.0,0.0,0,1015.9,1005.0,0,0,0,0,0.03,0.41,15.5,28.6,1,6,28.4,17.1,23.1,22.5,19.7,0.056,0.068,0.113,0.195,0,0.0,0.0,0.0,0.0,0.0,0.0,0.0,0.0,0.0,0.0,0.0,0.0,0.0
37.855885,-8.445038,91.0,2011-07-20T05:00,15.1,79,11.4,13.3,0.0,0.0,0.0,0.0,0,1015.9,1005.0,0,0,0,0,0.03,0.37,14.8,27.9,3,7,27.7,16.7,22.9,22.5,19.7,0.056,0.068,0.113,0.195,0,0.0,0.0,0.0,0.0,0.0,0.0,0.0,0.0,0.0,0.0,0.0,0.0,0.0
37.855885,-8.445038,91.0,2011-07-20T06:00,15.0,79,11.4,13.3,0.0,0.0,0.0,0.0,0,1016.1,1005.2,0,0,0,0,0.04,0.36,14.4,26.9,4,8,26.6,16.4,22.7,22.5,19.7,0.056,0.068,0.113,0.195,1,0.0,10.0,4.0,6.0,49.6,10.0,48.6,24.1,9.7,14.5,109.1,11.0,117.2
37.855885,-8.445038,91.0,2011-07-20T07:00,16.6,73,11.8,15.0,0.0,0.0,0.0,0.0,0,1016.1,1005.3,0,0,0,0,0.09,0.51,14.5,24.5,7,10,27.4,17.5,22.5,22.5,19.7,0.056,0.068,0.113,0.195,1,3600.0,129.0,83.0,46.0,449.8,129.0,244.4,196.5,126.4,70.1,449.8,196.5,372.2
37.855885,-8.445038,91.0,2011-07-20T08:00,19.4,60,11.5,17.7,0.0,0.0,0.0,0.0,0,1016.1,1005.4,0,0,0,0,0.21,0.9,15.1,20.9,12,15,31.0,20.1,22.4,22.5,19.7,0.056,0.068,0.113,0.195,1,3600.0,322.0,247.0,75.0,657.0,322.0,497.9,401.8,308.2,93.6,657.0,401.8,621.4
37.855885,-8.445038,91.0,2011-07-20T09:00,22.6,49,11.2,20.7,0.0,0.0,0.0,0.0,0,1015.7,1005.1,0,0,0,0,0.36,1.4,14.9,19.9,15,17,32.0,23.4,22.5,22.4,19.7,0.056,0.068,0.113,0.195,1,3600.0,523.0,431.0,92.0,774.3,523.0,737.2,601.5,495.7,105.8,774.3,601.5,847.9
37.855885,-8.445038,91.0,2011-07-20T10:00,25.5,40,10.9,24.7,0.0,0.0,0.0,0.0,0,1015.2,1004.7,0,0,0,0,0.5,1.96,13.4,17.3,14,17,32.8,26.8,22.6,22.4,19.7,0.056,0.068,0.113,0.195,1,3600.0,704.0,600.0,104.0,840.2,704.0,945.8,771.3,657.4,113.9,840.2,771.3,1036.2
37.855885,-8.445038,91.0,2011-07-20T11:00,28.2,33,10.5,27.9,0.0,0.0,0.0,0.0,0,1014.4,1004.0,0,0,0,0,0.64,2.54,13.8,18.0,9,12,34.2,30.1,22.8,22.4,19.7,0.056,0.068,0.113,0.195,1,3600.0,849.0,736.0,113.0,878.6,849.0,1109.5,897.9,778.4,119.5,878.6,897.9,1173.5
37.855885,-8.445038,91.0,2011-07-20T12:00,30.4,28,10.0,30.2,0.0,0.0,0.0,0.0,0,1014.3,1004.0,0,0,0,0,0.75,3.11,15.2,19.7,5,8,35.6,32.9,23.1,22.4,19.7,0.056,0.068,0.113,0.195,1,3600.0,944.0,827.0,117.0,899.9,944.0,1217.2,969.7,849.5,120.2,899.9,969.7,1250.4
37.855885,-8.445038,91.0,2011-07-20T13:00,31.9,25,9.4,31.7,0.0,0.0,0.0,0.0,0,1013.6,1003.3,0,0,0,0,0.81,3.55,15.9,20.4,5,8,36.0,35.1,23.5,22.4,19.7,0.056,0.068,0.112,0.195,1,3600.0,981.0,864.0,117.0,907.1,981.0,1261.5,981.1,864.0,117.0,907.1,981.1,1261.6
37.855885,-8.445038,91.0,2011-07-20T14:00,33.0,23,8.9,32.5,0.0,0.0,0.0,0.0,0,1012.8,1002.6,0,0,0,0,0.81,3.88,15.9,20.4,5,8,35.6,36.6,23.8,22.4,19.7,0.056,0.068,0.112,0.195,1,3600.0,959.0,843.0,116.0,900.8,959.0,1239.4,933.5,820.5,112.9,900.8,933.5,1206.4
37.855885,-8.445038,91.0,2011-07-20T15:00,33.6,22,8.6,32.5,0.0,0.0,0.0,0.0,0,1012.4,1002.2,0,0,0,0,0.77,4.07,16.6,21.3,360,3,36.0,37.3,24.2,22.4,19.7,0.056,0.068,0.112,0.195,1,3600.0,880.0,767.0,113.0,881.5,880.0,1152.4,831.2,724.5,106.7,881.5,831.2,1088.5
37.855885,-8.445038,91.0,2011-07-20T16:00,33.5,22,8.7,31.4,0.0,0.0,0.0,0.0,0,1012.1,1001.9,0,0,0,0,0.7,4.05,18.9,25.3,347,349,39.6,37.1,24.6,22.4,19.7,0.056,0.068,0.112,0.195,1,3600.0,749.0,644.0,105.0,847.6,749.0,1006.4,681.7,586.2,95.6,847.6,681.7,916.0
37.855885,-8.445038,91.0,2011-07-20T17:00,32.7,24,9.3,29.5,0.0,0.0,0.0,0.0,0,1011.6,1001.4,0,0,0,0,0.6,3.78,21.7,29.7,341,343,43.2,36.0,24.9,22.4,19.7,0.056,0.068,0.112,0.195,1,3600.0,579.0,484.0,95.0,790.2,579.0,811.3,500.0,418.0,82.0,790.2,500.0,700.6
37.855885,-8.445038,91.0,2011-07-20T18:00,30.9,29,10.8,27.6,0.0,0.0,0.0,0.0,0,1011.8,1001.5,0,0,0,0,0.47,3.16,23.7,34.4,336,339,45.4,34.0,25.1,22.4,19.7,0.056,0.068,0.112,0.195,1,3600.0,385.0,305.0,80.0,696.1,385.0,580.4,303.1,240.1,63.0,696.1,303.1,456.9
37.855885,-8.445038,91.0,2011-07-20T19:00,28.0,39,12.7,25.5,0.0,0.0,0.0,0.0,0,1011.9,1001.5,0,0,0,0,0.3,2.31,23.2,36.6,336,339,46.4,31.3,25.3,22.4,19.7,0.056,0.068,0.112,0.195,1,3600.0,188.0,131.0,57.0,526.8,188.0,329.4,115.0,80.1,34.9,526.8,115.0,201.5
37.855885,-8.445038,91.0,2011-07-20T20:00,25.6,45,12.6,23.0,0.0,0.0,0.0,0.0,0,1012.1,1001.6,0,0,0,0,0.2,1.81,23.3,37.8,343,346,45.7,28.5,25.4,22.5,19.7,0.056,0.068,0.112,0.195,0,1248.44,34.0,18.0,16.0,160.3,34.0,90.2,0.0,0.0,0.0,0.0,0.0,0.0
37.855885,-8.445038,91.0,2011-07-20T21:00,23.9,48,12.2,21.5,0.0,0.0,0.0,0.0,0,1012.9,1002.4,0,0,0,0,0.15,1.55,21.3,36.0,348,352,43.2,26.3,25.3,22.5,19.7,0.056,0.068,0.112,0.195,0,0.0,0.0,0.0,0.0,0.0,0.0,0.0,0.0,0.0,0.0,0.0,0.0,0.0
37.855885,-8.445038,91.0,2011-07-20T22:00,22.4,52,12.1,20.1,0.0,0.0,0.0,0.0,0,1013.3,1002.7,0,0,0,0,0.12,1.29,19.9,33.5,347,351,39.6,24.7,25.3,22.5,19.7,0.056,0.068,0.112,0.195,0,0.0,0.0,0.0,0.0,0.0,0.0,0.0,0.0,0.0,0.0,0.0,0.0,0.0
37.855885,-8.445038,91.0,2011-07-20T23:00,21.0,58,12.3,18.9,0.0,0.0,0.0,0.0,0,1013.2,1002.6,0,0,0,0,0.1,1.05,19.4,33.0,350,353,37.4,23.3,25.2,22.5,19.7,0.056,0.068,0.112,0.195,0,0.0,0.0,0.0,0.0,0.0,0.0,0.0,0.0,0.0,0.0,0.0,0.0,0.0
37.855885,-8.445038,91.0,2011-07-21T00:00,19.8,64,12.9,17.9,0.0,0.0,0.0,0.0,0,1013.1,1002.4,0,0,0,0,0.08,0.83,18.9,32.5,351,355,36.4,22.1,25.1,22.5,19.7,0.056,0.068,0.112,0.195,0,0.0,0.0,0.0,0.0,0.0,0.0,0.0,0.0,0.0,0.0,0.0,0.0,0.0
37.855885,-8.445038,91.0,2011-07-21T01:00,18.8,70,13.3,17.1,0.0,0.0,0.0,0.0,0,1013.1,1002.4,0,0,0,0,0.06,0.65,18.5,31.8,352,355,34.9,21.1,24.9,22.5,19.7,0.056,0.068,0.112,0.195,0,0.0,0.0,0.0,0.0,0.0,0.0,0.0,0.0,0.0,0.0,0.0,0.0,0.0
37.855885,-8.445038,91.0,2011-07-21T02:00,18.3,75,13.8,16.9,0.0,0.0,0.0,0.0,0,1012.4,1001.7,0,0,0,0,0.04,0.52,17.7,31.4,354,357,33.5,20.3,24.8,22.5,19.7,0.056,0.068,0.112,0.195,0,0.0,0.0,0.0,0.0,0.0,0.0,0.0,0.0,0.0,0.0,0.0,0.0,0.0
37.855885,-8.445038,91.0,2011-07-21T03:00,17.9,78,14.1,16.7,0.0,0.0,0.0,0.0,0,1012.5,1001.8,0,0,0,0,0.03,0.44,17.3,30.2,355,359,32.0,19.7,24.6,22.5,19.7,0.056,0.068,0.112,0.195,0,0.0,0.0,0.0,0.0,0.0,0.0,0.0,0.0,0.0,0.0,0.0,0.0,0.0
37.855885,-8.445038,91.0,2011-07-21T04:00,17.6,82,14.4,16.6,0.0,0.0,0.0,0.0,0,1012.1,1001.3,1,1,0,0,0.03,0.37,16.6,29.9,358,1,30.6,19.2,24.4,22.5,19.7,0.056,0.068,0.112,0.195,0,0.0,0.0,0.0,0.0,0.0,0.0,0.0,0.0,0.0,0.0,0.0,0.0,0.0
37.855885,-8.445038,91.0,2011-07-21T05:00,17.3,84,14.6,16.5,0.0,0.0,0.0,0.0,0,1012.1,1001.3,1,1,0,0,0.02,0.31,16.2,29.5,359,2,29.9,18.9,24.2,22.5,19.7,0.056,0.068,0.112,0.195,0,0.0,0.0,0.0,0.0,0.0,0.0,0.0,0.0,0.0,0.0,0.0,0.0,0.0
37.855885,-8.445038,91.0,2011-07-21T06:00,17.1,86,14.8,16.3,0.0,0.0,0.0,0.0,0,1012.2,1001.4,11,12,0,0,0.03,0.27,16.2,28.8,359,3,30.2,18.7,24.0,22.5,19.7,0.056,0.068,0.112,0.195,1,0.0,8.0,3.0,5.0,37.7,8.0,47.2,19.4,7.3,12.1,83.5,8.7,114.4
37.855885,-8.445038,91.0,2011-07-21T07:00,18.2,80,14.7,17.2,0.0,0.0,0.0,0.0,0,1012.4,1001.7,20,22,0,0,0.08,0.41,16.9,26.3,359,2,32.4,19.4,23.9,22.5,19.7,0.056,0.068,0.112,0.195,1,3600.0,118.0,72.0,46.0,394.6,118.0,241.7,180.5,110.1,70.4,394.6,180.5,369.7
37.855885,-8.445038,91.0,2011-07-21T08:00,20.0,72,14.7,18.9,0.0,0.0,0.0,0.0,0,1012.4,1001.7,1,1,0,0,0.19,0.66,18.0,25.2,1,3,36.4,21.4,23.8,22.5,19.7,0.056,0.068,0.112,0.195,1,3600.0,298.0,216.0,82.0,577.3,298.0,495.6,372.3,269.9,102.5,577.3,372.3,619.3
37.855885,-8.445038,91.0,2011-07-21T09:00,22.1,63,14.7,21.1,0.0,0.0,0.0,0.0,0,1012.5,1001.9,1,1,0,0,0.31,0.99,17.3,23.4,359,1,37.1,23.9,23.8,22.5,19.7,0.056,0.067,0.112,0.195,1,3600.0,486.0,382.0,104.0,688.3,486.0,735.2,559.3,439.6,119.7,688.3,559.3,846.1
37.855885,-8.445038,91.0,2011-07-21T10:00,24.4,54,14.6,24.1,0.0,0.0,0.0,0.0,0,1012.2,1001.7,0,0,0,0,0.46,1.4,17.1,22.4,353,355,37.8,26.8,23.8,22.5,19.7,0.056,0.067,0.112,0.195,1,3600.0,682.0,568.0,114.0,796.9,682.0,944.1,747.4,622.5,124.9,796.9,747.4,1034.7
37.855885,-8.445038,91.0,2011-07-21T11:00,26.7,47,14.3,26.9,0.0,0.0,0.0,0.0,0,1011.5,1001.1,0,0,0,0,0.59,1.87,17.9,23.2,351,353,38.9,29.7,24.0,22.5,19.7,0.056,0.067,0.112,0.195,1,3600.0,828.0,713.0,115.0,852.3,828.0,1108.1,875.9,754.2,121.7,852.3,875.9,1172.2
37.855885,-8.445038,91.0,2011-07-21T12:00,28.6,40,13.6,29.1,0.0,0.0,0.0,0.0,0,1011.0,1000.6,0,0,0,0,0.7,2.36,17.9,23.2,351,353,39.6,32.2,24.2,22.5,19.7,0.056,0.067,0.112,0.195,1,3600.0,931.0,812.0,119.0,884.6,931.0,1216.0,956.4,834.2,122.3,884.6,956.4,1249.2
37.855885,-8.445038,91.0,2011-07-21T13:00,30.1,34,12.6,30.4,0.0,0.0,0.0,0.0,0,1010.6,1000.3,0,0,0,0,0.76,2.81,18.1,23.4,347,350,40.0,34.2,24.5,22.5,19.7,0.056,0.067,0.111,0.195,1,3600.0,972.0,852.0,120.0,895.4,972.0,1260.4,972.1,852.1,120.0,895.4,972.1,1260.5
37.855885,-8.445038,91.0,2011-07-21T14:00,31.1,30,11.6,30.8,0.0,0.0,0.0,0.0,0,1009.9,999.6,0,0,0,0,0.78,3.15,18.7,24.4,341,344,40.3,35.5,24.8,22.5,19.7,0.056,0.067,0.111,0.195,1,3600.0,953.0,835.0,118.0,893.2,953.0,1238.3,927.6,812.7,114.9,893.2,927.6,1205.3
37.855885,-8.445038,91.0,2011-07-21T15:00,31.4,28,10.8,30.2,0.0,0.0,0.0,0.0,0,1009.5,999.3,0,0,0,0,0.75,3.3,20.6,26.8,335,338,41.8,36.0,25.1,22.5,19.7,0.056,0.067,0.111,0.195,1,3600.0,877.0,763.0,114.0,878.0,877.0,1151.2,828.3,720.6,107.7,878.0,828.3,1087.3
37.855885,-8.445038,91.0,2011-07-21T16:00,31.1,28,10.5,28.9,0.0,0.0,0.0,0.0,0,1009.2,999.0,0,0,0,0,0.67,3.25,22.4,29.9,332,334,44.3,35.7,25.4,22.5,19.7,0.056,0.067,0.111,0.195,1,3600.0,749.0,643.0,106.0,847.5,749.0,1005.0,681.6,585.1,96.5,847.5,681.6,914.6
37.855885,-8.445038,91.0,2011-07-21T17:00,30.2,30,10.7,27.1,0.0,0.0,0.0,0.0,0,1009.2,998.9,0,0,0,0,0.56,2.99,23.4,32.2,331,333,46.1,34.4,25.6,22.5,19.7,0.056,0.067,0.111,0.195,1,3600.0,581.0,485.0,96.0,793.5,581.0,809.7,501.5,418.6,82.9,793.5,501.5,698.8
37.855885,-8.445038,91.0,2011-07-21T18:00,28.5,35,11.4,25.5,0.0,0.0,0.0,0.0,0,1009.2,998.9,0,0,0,0,0.42,2.54,23.2,33.0,330,332,46.4,32.5,25.8,22.5,19.7,0.056,0.067,0.111,0.195,1,3600.0,386.0,306.0,80.0,700.7,386.0,578.5,303.5,240.6,62.9,700.7,303.5,454.8
37.855885,-8.445038,91.0,2011-07-21T19:00,26.2,42,12.3,23.8,0.0,0.0,0.0,0.0,0,1009.5,999.1,0,0,0,0,0.26,1.97,21.2,32.1,328,331,45.0,30.0,25.9,22.5,19.7,0.056,0.067,0.111,0.195,1,3600.0,188.0,131.0,57.0,530.4,188.0,327.2,114.4,79.7,34.7,530.4,114.4,199.1
37.855885,-8.445038,91.0,2011-07-21T20:00,23.9,48,12.3,21.7,0.0,0.0,0.0,0.0,0,1009.6,999.1,0,0,0,0,0.16,1.53,19.7,33.8,329,335,40.3,27.3,25.9,22.5,19.7,0.056,0.067,0.111,0.195,0,1124.69,33.0,17.0,16.0,152.7,33.0,89.0,0.0,0.0,0.0,0.0,0.0,0.0
37.855885,-8.445038,91.0,2011-07-21T21:00,22.0,53,12.1,19.9,0.0,0.0,0.0,0.0,0,1010.4,999.8,0,0,0,0,0.12,1.23,19.2,31.8,334,338,37.4,25.1,25.8,22.5,19.8,0.056,0.067,0.111,0.195,0,0.0,0.0,0.0,0.0,0.0,0.0,0.0,0.0,0.0,0.0,0.0,0.0,0.0
37.855885,-8.445038,91.0,2011-07-21T22:00,20.5,58,12.1,18.6,0.0,0.0,0.0,0.0,0,1010.8,1000.2,0,0,0,0,0.09,1.0,17.6,28.9,334,339,35.3,23.4,25.7,22.5,19.8,0.056,0.067,0.111,0.195,0,0.0,0.0,0.0,0.0,0.0,0.0,0.0,0.0,0.0,0.0,0.0,0.0,0.0
37.855885,-8.445038,91.0,2011-07-21T23:00,19.3,63,12.0,17.4,0.0,0.0,0.0,0.0,0,1010.7,1000.0,1,1,0,0,0.07,0.83,17.1,28.5,335,339,32.8,22.0,25.5,22.5,19.8,0.056,0.067,0.111,0.195,0,0.0,0.0,0.0,0.0,0.0,0.0,0.0,0.0,0.0,0.0,0.0,0.0,0.0
37.855885,-8.445038,91.0,2011-07-22T00:00,18.2,67,12.0,16.5,0.0,0.0,0.0,0.0,0,1010.8,1000.1,0,0,0,0,0.06,0.69,16.3,27.3,335,339,30.6,20.9,25.4,22.6,19.8,0.056,0.067,0.111,0.195,0,0.0,0.0,0.0,0.0,0.0,0.0,0.0,0.0,0.0,0.0,0.0,0.0,0.0
37.855885,-8.445038,91.0,2011-07-22T01:00,17.4,70,11.9,15.7,0.0,0.0,0.0,0.0,0,1010.5,999.8,0,0,0,0,0.05,0.59,15.1,26.1,335,340,28.4,19.9,25.2,22.6,19.8,0.056,0.067,0.111,0.195,0,0.0,0.0,0.0,0.0,0.0,0.0,0.0,0.0,0.0,0.0,0.0,0.0,0.0
37.855885,-8.445038,91.0,2011-07-22T02:00,16.7,74,12.0,15.2,0.0,0.0,0.0,0.0,0,1010.2,999.4,0,0,0,0,0.04,0.5,14.7,25.7,335,340,27.0,19.1,24.9,22.6,19.8,0.056,0.067,0.111,0.195,0,0.0,0.0,0.0,0.0,0.0,0.0,0.0,0.0,0.0,0.0,0.0,0.0,0.0
37.855885,-8.445038,91.0,2011-07-22T03:00,16.2,76,12.0,14.7,0.0,0.0,0.0,0.0,0,1010.2,999.4,1,1,0,0,0.03,0.44,14.2,25.3,336,340,25.6,18.4,24.7,22.6,19.8,0.056,0.067,0.111,0.195,0,0.0,0.0,0.0,0.0,0.0,0.0,0.0,0.0,0.0,0.0,0.0,0.0,0.0
37.855885,-8.445038,91.0,2011-07-22T04:00,15.9,78,12.0,14.4,0.0,0.0,0.0,0.0,0,1010.3,999.5,1,1,0,0,0.03,0.4,14.0,25.4,337,342,25.6,17.9,24.5,22.6,19.8,0.056,0.067,0.111,0.195,0,0.0,0.0,0.0,0.0,0.0,0.0,0.0,0.0,0.0,0.0,0.0,0.0,0.0
37.855885,-8.445038,91.0,2011-07-22T05:00,15.6,79,12.0,14.3,0.0,0.0,0.0,0.0,0,1010.4,999.6,2,2,0,0,0.02,0.37,13.4,24.7,336,341,25.2,17.5,24.3,22.6,19.8,0.056,0.067,0.111,0.195,0,0.0,0.0,0.0,0.0,0.0,0.0,0.0,0.0,0.0,0.0,0.0,0.0,0.0
37.855885,-8.445038,91.0,2011-07-22T06:00,15.4,80,12.0,14.1,0.0,0.0,0.0,0.0,0,1010.6,999.8,2,2,0,0,0.04,0.35,13.2,23.7,334,340,24.8,17.2,24.0,22.6,19.8,0.056,0.067,0.111,0.195,1,0.0,8.0,3.0,5.0,38.3,8.0,45.7,19.5,7.3,12.2,83.9,8.6,111.4
37.855885,-8.445038,91.0,2011-07-22T07:00,16.3,79,12.6,15.0,0.0,0.0,0.0,0.0,0,1010.7,999.9,0,0,0,0,0.07,0.39,14.2,20.9,336,339,25.6,18.1,23.8,22.6,19.8,0.056,0.067,0.111,0.195,1,3600.0,122.0,77.0,45.0,426.9,122.0,239.0,187.4,118.3,69.1,426.9,187.4,367.1
37.855885,-8.445038,91.0,2011-07-22T08:00,18.2,69,12.5,16.9,0.0,0.0,0.0,0.0,0,1010.9,1000.2,0,0,0,0,0.18,0.64,14.2,19.0,339,341,29.9,20.2,23.7,22.6,19.8,0.056,0.067,0.111,0.195,1,3600.0,311.0,233.0,78.0,625.8,311.0,493.2,389.1,291.5,97.6,625.8,389.1,617.1
37.855885,-8.445038,91.0,2011-07-22T09:00,20.7,60,12.6,19.6,0.0,0.0,0.0,0.0,0,1011.1,1000.5,0,0,0,0,0.31,0.98,12.6,16.6,340,342,29.9,23.1,23.7,22.6,19.8,0.056,0.067,0.111,0.195,1,3600.0,514.0,420.0,94.0,758.9,514.0,733.2,591.9,483.6,108.2,758.9,591.9,844.2
37.855885,-8.445038,91.0,2011-07-22T10:00,23.3,52,12.7,23.4,0.0,0.0,0.0,0.0,0,1011.1,1000.6,0,0,0,0,0.45,1.38,10.6,13.2,332,334,29.2,26.3,23.7,22.6,19.8,0.056,0.067,0.111,0.195,1,3600.0,696.0,590.0,106.0,829.4,696.0,942.4,763.0,646.8,116.2,829.4,763.0,1033.1
37.855885,-8.445038,91.0,2011-07-22T11:00,25.7,45,12.8,26.7,0.0,0.0,0.0,0.0,0,1011.0,1000.5,0,0,0,0,0.58,1.81,10.5,12.7,329,331,29.2,29.6,23.9,22.6,19.8,0.056,0.067,0.111,0.195,1,3600.0,842.0,728.0,114.0,871.5,842.0,1106.7,890.8,770.2,120.6,871.5,890.8,1170.8
37.855885,-8.445038,91.0,2011-07-22T12:00,27.6,40,12.8,29.0,0.0,0.0,0.0,0.0,0,1011.1,1000.7,0,0,0,0,0.67,2.2,11.1,13.5,324,326,30.2,32.3,24.1,22.6,19.8,0.056,0.067,0.111,0.195,1,3600.0,937.0,818.0,119.0,892.2,937.0,1214.7,962.7,840.4,122.3,892.2,962.7,1248.0
37.855885,-8.445038,91.0,2011-07-22T13:00,29.0,37,12.7,30.5,0.0,0.0,0.0,0.0,0,1011.0,1000.7,0,0,0,0,0.72,2.53,11.8,14.3,320,321,32.4,34.3,24.4,22.6,19.8,0.056,0.067,0.11,0.195,1,3600.0,977.0,856.0,121.0,900.6,977.0,1259.3,977.1,856.1,121.0,900.6,977.1,1259.4
37.855885,-8.445038,91.0,2011-07-22T14:00,29.7,35,12.6,30.8,0.0,0.0,0.0,0.0,0,1010.7,1000.4,0,0,0,0,0.73,2.72,13.5,16.5,314,316,35.3,35.5,24.7,22.6,19.8,0.056,0.067,0.11,0.195,1,3600.0,956.0,837.0,119.0,896.3,956.0,1237.2,930.4,814.6,115.8,896.3,930.4,1204.1
37.855885,-8.445038,91.0,2011-07-22T15:00,29.9,34,12.4,30.0,0.0,0.0,0.0,0.0,0,1010.9,1000.6,0,0,0,0,0.69,2.78,16.1,20.1,312,314,38.2,35.7,25.0,22.6,19.8,0.056,0.067,0.11,0.195,1,3600.0,878.0,763.0,115.0,879.0,878.0,1150.0,829.1,720.5,108.6,879.0,829.1,1086.0
37.855885,-8.445038,91.0,2011-07-22T16:00,29.6,34,12.3,28.6,0.0,0.0,0.0,0.0,0,1010.6,1000.3,0,0,0,0,0.61,2.71,18.1,23.4,313,314,40.7,35.1,25.3,22.6,19.8,0.056,0.067,0.11,0.195,1,3600.0,748.0,640.0,108.0,844.9,748.0,1003.6,680.5,582.2,98.3,844.9,680.5,913.0
37.855885,-8.445038,91.0,2011-07-22T17:00,28.6,37,12.3,26.6,0.0,0.0,0.0,0.0,0,1011.0,1000.6,0,0,0,0,0.5,2.48,19.9,26.5,312,314,42.5,33.8,25.5,22.6,19.8,0.056,0.067,0.11,0.195,1,3600.0,578.0,481.0,97.0,788.7,578.0,808.0,498.6,414.9,83.7,788.7,498.6,697.0
37.855885,-8.445038,91.0,2011-07-22T18:00,26.9,40,12.3,24.6,0.0,0.0,0.0,0.0,0,1011.2,1000.8,0,0,0,0,0.37,2.11,20.9,28.8,312,314,43.2,31.7,25.7,22.6,19.8,0.056,0.067,0.11,0.195,1,3600.0,383.0,302.0,81.0,694.1,383.0,576.5,300.7,237.1,63.6,694.1,300.7,452.6
37.855885,-8.445038,91.0,2011-07-22T19:00,24.2,48,12.5,22.0,0.0,0.0,0.0,0.0,0,1011.7,1001.2,0,0,0,0,0.22,1.56,19.9,28.5,314,316,41.8,28.9,25.7,22.6,19.8,0.056,0.066,0.11,0.195,1,3600.0,185.0,128.0,57.0,522.1,185.0,324.8,112.0,77.5,34.5,522.1,112.0,196.6
37.855885,-8.445038,91.0,2011-07-22T20:00,22.1,54,12.4,20.4,0.0,0.0,0.0,0.0,0,1012.2,1001.6,0,0,0,0,0.12,1.21,16.8,28.3,315,320,38.5,26.2,25.7,22.6,19.8,0.056,0.066,0.11,0.195,0,1003.6,32.0,16.0,16.0,145.0,32.0,87.8,0.0,0.0,0.0,0.0,0.0,0.0
37.855885,-8.445038,91.0,2011-07-22T21:00,20.6,59,12.4,19.0,0.0,0.0,0.0,0.0,0,1012.9,1002.2,0,0,0,0,0.08,0.99,15.8,27.4,319,325,31.0,24.1,25.6,22.6,19.8,0.056,0.066,0.11,0.195,0,0.0,0.0,0.0,0.0,0.0,0.0,0.0,0.0,0.0,0.0,0.0,0.0,0.0
37.855885,-8.445038,91.0,2011-07-22T22:00,19.6,63,12.3,18.2,0.0,0.0,0.0,0.0,0,1014.0,1003.3,0,0,0,0,0.06,0.84,14.3,24.7,321,326,29.2,22.5,25.5,22.6,19.8,0.056,0.066,0.11,0.195,0,0.0,0.0,0.0,0.0,0.0,0.0,0.0,0.0,0.0,0.0,0.0,0.0,0.0
37.855885,-8.445038,91.0,2011-07-22T23:00,18.6,67,12.4,17.4,0.0,0.0,0.0,0.0,0,1013.9,1003.2,0,0,0,0,0.05,0.71,13.6,24.0,323,327,25.9,21.3,25.3,22.6,19.8,0.056,0.066,0.11,0.195,0,0.0,0.0,0.0,0.0,0.0,0.0,0.0,0.0,0.0,0.0,0.0,0.0,0.0
37.855885,-8.445038,91.0,2011-07-23T00:00,17.7,72,12.5,16.7,0.0,0.0,0.0,0.0,0,1014.2,1003.4,0,0,0,0,0.04,0.58,12.5,22.4,321,327,22.7,20.2,25.1,22.6,19.8,0.056,0.066,0.11,0.195,0,0.0,0.0,0.0,0.0,0.0,0.0,0.0,0.0,0.0,0.0,0.0,0.0,0.0
37.855885,-8.445038,91.0,2011-07-23T01:00,17.0,76,12.8,16.2,0.0,0.0,0.0,0.0,0,1013.9,1003.1,0,0,0,0,0.02,0.46,11.2,20.6,320,327,19.4,19.3,24.9,22.6,19.8,0.056,0.066,0.11,0.194,0,0.0,0.0,0.0,0.0,0.0,0.0,0.0,0.0,0.0,0.0,0.0,0.0,0.0
37.855885,-8.445038,91.0,2011-07-23T02:00,16.3,81,13.0,15.8,0.0,0.0,0.0,0.0,0,1013.8,1003.0,1,1,0,0,0.01,0.35,9.7,18.9,318,325,16.9,18.5,24.7,22.6,19.8,0.056,0.066,0.11,0.194,0,0.0,0.0,0.0,0.0,0.0,0.0,0.0,0.0,0.0,0.0,0.0,0.0,0.0
37.855885,-8.445038,91.0,2011-07-23T03:00,15.5,86,13.2,15.3,0.0,0.0,0.0,0.0,0,1013.9,1003.0,1,1,0,0,0.0,0.25,8.4,17.1,313,321,14.0,17.7,24.5,22.6,19.8,0.056,0.066,0.11,0.194,0,0.0,0.0,0.0,0.0,0.0,0.0,0.0,0.0,0.0,0.0,0.0,0.0,0.0
37.855885,-8.445038,91.0,2011-07-23T04:00,14.7,91,13.3,14.5,0.0,0.0,0.0,0.0,0,1014.0,1003.1,0,0,0,0,0.0,0.14,8.0,16.5,306,316,12.2,16.8,24.2,22.6,19.8,0.056,0.066,0.11,0.194,0,0.0,0.0,0.0,0.0,0.0,0.0,0.0,0.0,0.0,0.0,0.0,0.0,0.0
37.855885,-8.445038,91.0,2011-07-23T05:00,13.9,94,12.9,13.7,0.0,0.0,0.0,0.0,0,1014.3,1003.4,1,1,0,0,0.0,0.1,7.9,16.6,300,311,12.2,16.1,24.0,22.6,19.8,0.056,0.066,0.11,0.194,0,0.0,0.0,0.0,0.0,0.0,0.0,0.0,0.0,0.0,0.0,0.0,0.0,0.0
37.855885,-8.445038,91.0,2011-07-23T06:00,13.6,95,12.8,13.2,0.0,0.0,0.0,0.0,0,1014.6,1003.7,4,4,0,0,0.01,0.08,8.6,16.6,303,312,12.6,15.5,23.7,22.6,19.8,0.056,0.066,0.11,0.194,1,0.0,8.0,3.0,5.0,38.8,8.0,44.2,19.6,7.4,12.3,84.4,8.5,108.5
37.855885,-8.445038,91.0,2011-07-23T07:00,15.6,91,14.2,15.7,0.0,0.0,0.0,0.0,0,1015.0,1004.1,10,11,0,0,0.05,0.15,8.9,13.2,313,317,18.0,16.9,23.5,22.6,19.8,0.056,0.066,0.11,0.194,1,3600.0,115.0,65.0,50.0,364.7,115.0,236.2,177.5,100.3,77.2,364.7,177.5,364.5
37.855885,-8.445038,91.0,2011-07-23T08:00,17.8,79,14.2,18.0,0.0,0.0,0.0,0.0,0,1015.2,1004.4,1,1,0,0,0.15,0.42,7.7,10.0,319,319,20.9,20.1,23.4,22.6,19.8,0.056,0.066,0.11,0.194,1,3600.0,282.0,172.0,110.0,464.3,282.0,490.8,353.2,215.5,137.8,464.3,353.2,614.8
37.855885,-8.445038,91.0,2011-07-23T09:00,20.1,68,14.1,20.4,0.0,0.0,0.0,0.0,0,1015.4,1004.7,0,0,0,0,0.3,0.74,6.4,7.9,313,313,20.5,23.2,23.4,22.6,19.8,0.056,0.066,0.11,0.194,1,3600.0,509.0,408.0,101.0,739.5,509.0,731.1,586.4,470.1,116.4,739.5,586.4,842.3
37.855885,-8.445038,91.0,2011-07-23T10:00,22.5,59,14.0,23.7,0.0,0.0,0.0,0.0,0,1015.9,1005.3,0,0,0,0,0.44,1.12,6.2,7.5,306,305,20.9,26.6,23.4,22.6,19.8,0.056,0.066,0.11,0.194,1,3600.0,695.0,584.0,111.0,822.7,695.0,940.6,762.1,640.4,121.7,822.7,762.1,1031.5
37.855885,-8.445038,91.0,2011-07-23T11:00,24.7,50,13.6,26.5,0.0,0.0,0.0,0.0,0,1016.0,1005.5,0,0,0,0,0.56,1.55,7.7,9.5,298,299,23.8,29.8,23.6,22.6,19.8,0.056,0.066,0.11,0.194,1,3600.0,843.0,723.0,120.0,866.9,843.0,1105.2,892.0,765.1,127.0,866.9,892.0,1169.5
37.855885,-8.445038,91.0,2011-07-23T12:00,26.5,43,12.8,28.3,0.0,0.0,0.0,0.0,0,1015.5,1005.0,0,0,0,0,0.66,1.98,9.5,11.4,295,294,27.0,32.3,23.9,22.6,19.8,0.056,0.066,0.11,0.194,1,3600.0,945.0,830.0,115.0,906.4,945.0,1213.4,971.0,852.8,118.2,906.4,971.0,1246.8
37.855885,-8.445038,91.0,2011-07-23T13:00,27.6,38,12.1,29.0,0.0,0.0,0.0,0.0,0,1015.6,1005.2,0,0,0,0,0.71,2.29,11.8,14.3,293,295,30.6,34.0,24.1,22.6,19.8,0.056,0.066,0.109,0.194,1,3600.0,985.0,867.0,118.0,913.2,985.0,1258.0,985.1,867.1,118.0,913.2,985.1,1258.2
37.855885,-8.445038,91.0,2011-07-23T14:00,28.1,36,11.8,28.9,0.0,0.0,0.0,0.0,0,1015.2,1004.8,0,0,0,0,0.71,2.42,13.7,16.8,297,298,33.5,34.9,24.4,22.6,19.8,0.056,0.066,0.109,0.194,1,3600.0,964.0,845.0,119.0,905.9,964.0,1236.0,938.2,822.4,115.8,905.9,938.2,1202.9
37.855885,-8.445038,91.0,2011-07-23T15:00,28.1,36,11.8,28.1,0.0,0.0,0.0,0.0,0,1015.1,1004.7,0,0,0,0,0.66,2.41,15.3,19.2,300,300,35.3,34.9,24.7,22.6,19.8,0.056,0.066,0.109,0.194,1,3600.0,885.0,769.0,116.0,887.1,885.0,1148.7,835.6,726.1,109.5,887.1,835.6,1084.6
37.855885,-8.445038,91.0,2011-07-23T16:00,27.5,39,12.1,26.8,0.0,0.0,0.0,0.0,0,1015.2,1004.8,0,0,0,0,0.57,2.25,16.5,20.9,302,302,36.4,34.1,25.0,22.6,19.8,0.056,0.066,0.109,0.194,1,3600.0,756.0,647.0,109.0,855.6,756.0,1002.1,687.6,588.4,99.1,855.6,687.6,911.4
37.855885,-8.445038,91.0,2011-07-23T17:00,26.3,43,12.8,24.9,0.0,0.0,0.0,0.0,0,1014.9,1004.4,0,0,0,0,0.45,1.94,17.1,22.5,300,302,36.7,32.6,25.2,22.6,19.8,0.056,0.066,0.109,0.194,1,3600.0,584.0,487.0,97.0,800.5,584.0,806.2,503.5,419.9,83.6,800.5,503.5,695.1
37.855885,-8.445038,91.0,2011-07-23T18:00,24.8,50,13.5,23.5,0.0,0.0,0.0,0.0,0,1015.1,1004.6,0,0,0,0,0.31,1.57,16.6,22.0,300,302,36.4,30.5,25.3,22.6,19.8,0.056,0.066,0.109,0.194,1,3600.0,387.0,305.0,82.0,703.7,387.0,574.4,303.4,239.1,64.3,703.7,303.4,450.3
37.855885,-8.445038,91.0,2011-07-23T19:00,22.9,56,13.5,21.8,0.0,0.0,0.0,0.0,0,1015.4,1004.8,0,0,0,0,0.17,1.24,15.1,20.8,298,300,34.2,27.9,25.3,22.6,19.8,0.056,0.066,0.109,0.194,1,3600.0,186.0,129.0,57.0,530.3,186.0,322.3,111.9,77.6,34.3,530.3,111.9,193.9
37.855885,-8.445038,91.0,2011-07-23T20:00,21.0,63,13.7,20.4,0.0,0.0,0.0,0.0,0,1015.6,1004.9,0,0,0,0,0.07,0.92,12.2,19.5,294,298,29.9,25.2,25.3,22.6,19.9,0.056,0.066,0.109,0.194,0,990.46,32.0,16.0,16.0,146.3,32.0,86.5,0.0,0.0,0.0,0.0,0.0,0.0
37.855885,-8.445038,91.0,2011-07-23T21:00,19.7,69,13.8,19.4,0.0,0.0,0.0,0.0,0,1016.2,1005.5,1,1,0,0,0.04,0.72,10.6,19.1,294,302,22.7,23.2,25.2,22.6,19.9,0.056,0.066,0.109,0.194,0,0.0,0.0,0.0,0.0,0.0,0.0,0.0,0.0,0.0,0.0,0.0,0.0,0.0
37.855885,-8.445038,91.0,2011-07-23T22:00,18.9,72,13.8,19.0,0.0,0.0,0.0,0.0,0,1016.9,1006.1,0,0,0,0,0.02,0.61,7.9,15.6,294,304,18.7,21.7,25.1,22.6,19.9,0.056,0.066,0.109,0.194,0,0.0,0.0,0.0,0.0,0.0,0.0,0.0,0.0,0.0,0.0,0.0,0.0,0.0
37.855885,-8.445038,91.0,2011-07-23T23:00,18.3,75,13.7,18.5,0.0,0.0,0.0,0.0,0,1016.7,1005.9,0,0,0,0,0.01,0.53,6.8,14.8,295,311,14.8,20.6,24.9,22.6,19.9,0.056,0.066,0.109,0.194,0,0.0,0.0,0.0,0.0,0.0,0.0,0.0,0.0,0.0,0.0,0.0,0.0,0.0
37.855885,-8.445038,91.0,2011-07-24T00:00,17.6,78,13.6,17.8,0.0,0.0,0.0,0.0,0,1016.8,1006.0,0,0,0,0,0.0,0.45,6.2,13.8,291,313,11.5,19.6,24.7,22.6,19.9,0.056,0.066,0.109,0.194,0,0.0,0.0,0.0,0.0,0.0,0.0,0.0,0.0,0.0,0.0,0.0,0.0,0.0
37.855885,-8.445038,91.0,2011-07-24T01:00,16.8,82,13.8,17.1,0.0,0.0,0.0,0.0,0,1016.5,1005.7,0,0,0,0,0.0,0.34,6.3,13.8,294,313,10.4,18.6,24.5,22.6,19.9,0.056,0.066,0.109,0.194,0,0.0,0.0,0.0,0.0,0.0,0.0,0.0,0.0,0.0,0.0,0.0,0.0,0.0
37.855885,-8.445038,91.0,2011-07-24T02:00,16.0,86,13.7,16.2,0.0,0.0,0.0,0.0,0,1016.3,1005.4,0,0,0,0,0.0,0.25,6.1,14.0,298,316,10.8,17.7,24.3,22.7,19.9,0.056,0.066,0.109,0.194,0,0.0,0.0,0.0,0.0,0.0,0.0,0.0,0.0,0.0,0.0,0.0,0.0,0.0
37.855885,-8.445038,91.0,2011-07-24T03:00,15.2,89,13.4,15.5,0.0,0.0,0.0,0.0,0,1016.0,1005.1,0,0,0,0,0.0,0.19,5.5,13.3,302,322,10.8,16.9,24.1,22.7,19.9,0.056,0.066,0.109,0.194,0,0.0,0.0,0.0,0.0,0.0,0.0,0.0,0.0,0.0,0.0,0.0,0.0,0.0
37.855885,-8.445038,91.0,2011-07-24T04:00,14.8,90,13.1,14.9,0.0,0.0,0.0,0.0,0,1016.1,1005.2,0,0,0,0,0.0,0.17,6.0,11.3,303,323,10.8,16.2,23.8,22.6,19.9,0.056,0.066,0.109,0.194,0,0.0,0.0,0.0,0.0,0.0,0.0,0.0,0.0,0.0,0.0,0.0,0.0,0.0
37.855885,-8.445038,91.0,2011-07-24T05:00,14.6,90,12.9,14.7,0.0,0.0,0.0,0.0,0,1016.0,1005.1,0,0,0,0,0.0,0.17,5.3,9.2,298,321,10.8,15.6,23.6,22.6,19.9,0.056,0.066,0.109,0.194,0,0.0,0.0,0.0,0.0,0.0,0.0,0.0,0.0,0.0,0.0,0.0,0.0,0.0
37.855885,-8.445038,91.0,2011-07-24T06:00,14.4,91,12.9,14.7,0.0,0.0,0.0,0.0,0,1016.3,1005.4,0,0,0,0,0.01,0.15,4.5,7.4,284,317,10.8,15.3,23.3,22.6,19.9,0.056,0.066,0.109,0.194,1,0.0,7.0,2.0,5.0,26.3,7.0,42.7,17.3,4.9,12.3,56.6,7.3,105.4
37.855885,-8.445038,91.0,2011-07-24T07:00,16.1,91,14.7,17.0,0.0,0.0,0.0,0.0,0,1016.4,1005.5,0,0,0,0,0.05,0.16,4.5,7.9,299,313,10.8,16.9,23.1,22.6,19.9,0.056,0.066,0.109,0.194,1,3600.0,119.0,74.0,45.0,420.3,119.0,233.3,184.6,114.8,69.8,420.3,184.6,361.8
37.855885,-8.445038,91.0,2011-07-24T08:00,19.7,71,14.2,20.4,0.0,0.0,0.0,0.0,0,1016.9,1006.2,0,0,0,0,0.17,0.68,4.9,6.5,324,326,15.1,21.6,23.1,22.6,19.9,0.056,0.066,0.109,0.194,1,3600.0,307.0,233.0,74.0,632.3,307.0,488.3,385.1,292.3,92.8,632.3,385.1,612.5
37.855885,-8.445038,91.0,2011-07-24T09:00,22.5,59,14.0,23.2,0.0,0.0,0.0,0.0,0,1016.7,1006.1,0,0,0,0,0.31,1.12,3.9,4.9,338,343,16.2,24.8,23.1,22.6,19.9,0.056,0.066,0.109,0.194,1,3600.0,506.0,413.0,93.0,750.8,506.0,729.0,583.3,476.1,107.2,750.8,583.3,840.4
37.855885,-8.445038,91.0,2011-07-24T10:00,25.5,48,13.8,27.5,0.0,0.0,0.0,0.0,0,1016.9,1006.4,0,0,0,0,0.45,1.69,1.1,1.1,270,288,15.8,28.3,23.3,22.6,19.9,0.056,0.066,0.109,0.194,1,3600.0,685.0,581.0,104.0,820.1,685.0,938.9,751.4,637.3,114.1,820.1,751.4,1029.8
37.855885,-8.445038,91.0,2011-07-24T11:00,28.4,39,13.3,30.7,0.0,0.0,0.0,0.0,0,1016.3,1005.9,0,0,0,0,0.59,2.34,3.6,4.3,270,270,18.0,31.9,23.5,22.6,19.9,0.056,0.066,0.109,0.194,1,3600.0,830.0,717.0,113.0,861.0,830.0,1103.6,878.4,758.8,119.6,861.0,878.4,1168.0
37.855885,-8.445038,91.0,2011-07-24T12:00,30.4,33,12.5,32.4,0.0,0.0,0.0,0.0,0,1016.1,1005.8,0,0,0,0,0.69,2.89,7.3,8.6,290,292,22.7,34.8,23.8,22.6,19.9,0.056,0.066,0.109,0.194,1,3600.0,925.0,807.0,118.0,882.4,925.0,1212.1,950.5,829.2,121.3,882.4,950.5,1245.5
37.855885,-8.445038,91.0,2011-07-24T13:00,31.7,30,12.0,33.3,0.0,0.0,0.0,0.0,0,1015.8,1005.5,0,0,0,0,0.75,3.27,10.0,12.0,300,303,26.3,36.7,24.2,22.6,19.9,0.056,0.066,0.108,0.194,1,3600.0,965.0,846.0,119.0,892.1,965.0,1256.8,965.1,846.1,119.0,892.1,965.1,1256.9
37.855885,-8.445038,91.0,2011-07-24T14:00,32.5,28,11.7,33.4,0.0,0.0,0.0,0.0,0,1015.5,1005.2,0,0,0,0,0.76,3.51,11.9,14.6,305,308,29.9,37.8,24.6,22.6,19.9,0.056,0.066,0.108,0.194,1,3600.0,945.0,827.0,118.0,887.7,945.0,1234.7,919.6,804.8,114.8,887.7,919.6,1201.5
37.855885,-8.445038,91.0,2011-07-24T15:00,32.7,28,11.6,32.9,0.0,0.0,0.0,0.0,0,1015.0,1004.7,0,0,0,0,0.72,3.57,13.5,16.7,304,307,32.4,38.0,24.9,22.6,19.9,0.056,0.066,0.108,0.194,1,3600.0,868.0,755.0,113.0,872.2,868.0,1147.3,819.4,712.8,106.7,872.2,819.4,1083.1
37.855885,-8.445038,91.0,2011-07-24T16:00,32.3,29,12.0,31.7,0.0,0.0,0.0,0.0,0,1014.7,1004.4,0,0,0,0,0.64,3.44,15.1,19.1,303,306,34.6,37.4,25.3,22.6,19.9,0.056,0.066,0.108,0.194,1,3600.0,740.0,634.0,106.0,839.8,740.0,1000.5,672.8,576.4,96.4,839.8,672.8,909.7
37.855885,-8.445038,91.0,2011-07-24T17:00,31.4,32,12.7,29.8,0.0,0.0,0.0,0.0,0,1014.6,1004.3,0,0,0,0,0.53,3.13,17.6,23.2,301,303,37.4,35.9,25.5,22.6,19.9,0.056,0.066,0.108,0.194,1,3600.0,570.0,476.0,94.0,784.3,570.0,804.3,491.1,410.1,81.0,784.3,491.1,693.0
37.855885,-8.445038,91.0,2011-07-24T18:00,30.2,36,13.3,28.6,0.0,0.0,0.0,0.0,0,1014.7,1004.4,0,0,0,0,0.39,2.76,17.7,24.7,303,307,37.8,33.9,25.8,22.6,19.9,0.056,0.066,0.108,0.194,1,3600.0,376.0,297.0,79.0,688.0,376.0,572.1,294.4,232.5,61.9,688.0,294.4,447.9
37.855885,-8.445038,91.0,2011-07-24T19:00,27.9,42,13.9,26.8,0.0,0.0,0.0,0.0,0,1014.8,1004.4,0,0,0,0,0.24,2.18,16.1,24.4,310,315,36.0,31.3,25.9,22.7,19.9,0.056,0.066,0.108,0.194,1,3600.0,180.0,124.0,56.0,514.0,180.0,319.7,107.6,74.1,33.5,514.0,107.6,191.1
37.855885,-8.445038,91.0,2011-07-24T20:00,26.4,45,13.6,25.2,0.0,0.0,0.0,0.0,0,1014.8,1004.3,0,0,0,0,0.15,1.87,15.7,27.9,323,330,31.3,28.8,25.9,22.7,19.9,0.056,0.066,0.108,0.194,0,873.43,30.0,15.0,15.0,138.5,30.0,85.1,0.0,0.0,0.0,0.0,0.0,0.0
37.855885,-8.445038,91.0,2011-07-24T21:00,25.1,48,13.3,23.9,0.0,0.0,0.0,0.0,0,1015.1,1004.6,0,0,0,0,0.12,1.66,15.8,28.7,336,342,29.5,26.9,25.9,22.7,19.9,0.056,0.066,0.108,0.194,0,0.0,0.0,0.0,0.0,0.0,0.0,0.0,0.0,0.0,0.0,0.0,0.0,0.0
37.855885,-8.445038,91.0,2011-07-24T22:00,24.0,52,13.5,23.1,0.0,0.0,0.0,0.0,0,1015.9,1005.3,0,0,0,0,0.1,1.44,14.0,26.8,342,349,28.4,25.5,25.9,22.7,19.9,0.056,0.066,0.108,0.194,0,0.0,0.0,0.0,0.0,0.0,0.0,0.0,0.0,0.0,0.0,0.0,0.0,0.0
37.855885,-8.445038,91.0,2011-07-24T23:00,23.0,56,13.8,22.2,0.0,0.0,0.0,0.0,0,1015.8,1005.2,0,0,0,0,0.08,1.22,13.5,26.2,344,351,27.0,24.3,25.8,22.7,19.9,0.056,0.066,0.108,0.194,0,0.0,0.0,0.0,0.0,0.0,0.0,0.0,0.0,0.0,0.0,0.0,0.0,0.0
37.855885,-8.445038,91.0,2011-07-25T00:00,22.0,61,14.2,21.4,0.0,0.0,0.0,0.0,0,1015.7,1005.1,0,0,0,0,0.07,1.02,13.0,25.4,346,353,25.6,23.3,25.7,22.7,19.9,0.056,0.066,0.108,0.194,0,0.0,0.0,0.0,0.0,0.0,0.0,0.0,0.0,0.0,0.0,0.0,0.0,0.0
37.855885,-8.445038,91.0,2011-07-25T01:00,21.1,66,14.5,20.8,0.0,0.0,0.0,0.0,0,1015.4,1004.7,0,0,0,0,0.05,0.85,12.5,24.5,348,356,24.1,22.4,25.5,22.7,19.9,0.056,0.066,0.108,0.194,0,0.0,0.0,0.0,0.0,0.0,0.0,0.0,0.0,0.0,0.0,0.0,0.0,0.0
37.855885,-8.445038,91.0,2011-07-25T02:00,20.4,70,14.7,20.2,0.0,0.0,0.0,0.0,0,1014.7,1004.0,0,0,0,0,0.04,0.72,11.7,23.1,349,358,22.7,21.7,25.4,22.7,19.9,0.056,0.066,0.108,0.194,0,0.0,0.0,0.0,0.0,0.0,0.0,0.0,0.0,0.0,0.0,0.0,0.0,0.0
37.855885,-8.445038,91.0,2011-07-25T03:00,19.8,73,14.8,19.7,0.0,0.0,0.0,0.0,0,1014.9,1004.2,0,0,0,0,0.03,0.62,11.3,22.3,351,360,20.5,21.0,25.2,22.7,19.9,0.056,0.066,0.108,0.194,0,0.0,0.0,0.0,0.0,0.0,0.0,0.0,0.0,0.0,0.0,0.0,0.0,0.0
37.855885,-8.445038,91.0,2011-07-25T04:00,19.2,76,14.8,19.2,0.0,0.0,0.0,0.0,0,1014.9,1004.2,0,0,0,0,0.02,0.53,10.9,22.0,354,4,18.4,20.3,25.1,22.7,19.9,0.056,0.066,0.108,0.194,0,0.0,0.0,0.0,0.0,0.0,0.0,0.0,0.0,0.0,0.0,0.0,0.0,0.0
37.855885,-8.445038,91.0,2011-07-25T05:00,18.7,79,14.9,18.8,0.0,0.0,0.0,0.0,0,1014.7,1004.0,0,0,0,0,0.02,0.46,10.1,21.5,358,10,17.6,19.7,24.9,22.7,19.9,0.056,0.066,0.108,0.194,0,0.0,0.0,0.0,0.0,0.0,0.0,0.0,0.0,0.0,0.0,0.0,0.0,0.0
37.855885,-8.445038,91.0,2011-07-25T06:00,18.4,81,15.0,18.5,0.0,0.0,0.0,0.0,0,1014.9,1004.1,0,0,0,0,0.04,0.41,10.1,21.1,2,14,17.6,19.3,24.7,22.7,19.9,0.056,0.066,0.108,0.194,1,0.0,7.0,2.0,5.0,26.7,7.0,41.2,17.4,5.0,12.4,57.0,7.2,102.3
37.855885,-8.445038,91.0,2011-07-25T07:00,20.1,78,16.1,20.7,0.0,0.0,0.0,0.0,0,1014.8,1004.1,0,0,0,0,0.08,0.53,10.5,19.8,6,16,20.5,20.5,24.5,22.7,19.9,0.056,0.066,0.108,0.194,1,3600.0,117.0,73.0,44.0,419.9,117.0,230.4,182.4,113.8,68.6,419.9,182.4,359.1
37.855885,-8.445038,91.0,2011-07-25T08:00,23.4,63,15.9,23.8,0.0,0.0,0.0,0.0,0,1015.0,1004.4,0,0,0,0,0.21,1.07,11.4,15.7,13,16,24.1,23.6,24.5,22.7,19.9,0.056,0.066,0.108,0.194,1,3600.0,304.0,231.0,73.0,630.3,304.0,485.8,381.8,290.1,91.7,630.3,381.8,610.2
37.855885,-8.445038,91.0,2011-07-25T09:00,26.6,51,15.6,26.8,0.0,0.0,0.0,0.0,0,1014.8,1004.3,0,0,0,0,0.37,1.72,11.5,15.5,14,18,26.6,27.0,24.5,22.7,19.9,0.056,0.066,0.108,0.194,1,3600.0,503.0,412.0,91.0,751.4,503.0,726.8,580.2,475.2,105.0,751.4,580.2,838.4
37.855885,-8.445038,91.0,2011-07-25T10:00,29.6,41,15.1,30.3,0.0,0.0,0.0,0.0,0,1014.8,1004.4,0,0,0,0,0.53,2.42,11.6,15.0,7,10,27.7,30.5,24.7,22.7,19.9,0.056,0.066,0.108,0.194,1,3600.0,683.0,580.0,103.0,820.5,683.0,937.0,749.4,636.4,113.0,820.5,749.4,1028.2
37.855885,-8.445038,91.0,2011-07-25T11:00,32.2,33,13.7,33.2,0.0,0.0,0.0,0.0,0,1014.2,1003.9,0,0,0,0,0.67,3.23,11.9,15.2,2,5,28.4,33.9,24.9,22.7,19.9,0.056,0.065,0.108,0.194,1,3600.0,827.0,716.0,111.0,861.2,827.0,1102.1,875.4,757.9,117.5,861.2,875.4,1166.6
37.855885,-8.445038,91.0,2011-07-25T12:00,33.8,27,12.3,34.7,0.0,0.0,0.0,0.0,0,1013.9,1003.7,0,0,0,0,0.77,3.84,13.0,16.6,355,358,29.9,36.7,25.2,22.7,19.9,0.056,0.065,0.107,0.194,1,3600.0,924.0,809.0,115.0,885.7,924.0,1210.7,949.5,831.4,118.2,885.7,949.5,1244.2
37.855885,-8.445038,91.0,2011-07-25T13:00,34.8,25,11.8,35.5,0.0,0.0,0.0,0.0,0,1013.4,1003.2,0,0,0,0,0.82,4.16,14.1,17.6,347,349,30.2,38.7,25.6,22.7,19.9,0.056,0.065,0.107,0.194,1,3600.0,963.0,845.0,118.0,892.2,963.0,1255.5,963.1,845.1,118.0,892.2,963.1,1255.6
37.855885,-8.445038,91.0,2011-07-25T14:00,35.3,24,11.8,35.7,0.0,0.0,0.0,0.0,0,1012.9,1002.8,0,0,0,0,0.83,4.33,15.2,19.5,338,341,31.0,39.8,26.0,22.7,19.9,0.056,0.065,0.107,0.194,1,3600.0,942.0,826.0,116.0,887.8,942.0,1233.4,916.7,803.8,112.9,887.8,916.7,1200.2
37.855885,-8.445038,91.0,2011-07-25T15:00,35.5,25,12.2,35.2,0.0,0.0,0.0,0.0,0,1012.3,1002.2,0,0,0,0,0.79,4.34,17.4,22.2,330,333,34.2,40.2,26.4,22.7,19.9,0.056,0.065,0.107,0.194,1,3600.0,864.0,753.0,111.0,871.1,864.0,1145.8,815.5,710.8,104.8,871.1,815.5,1081.6
37.855885,-8.445038,91.0,2011-07-25T16:00,35.1,26,12.9,34.0,0.0,0.0,0.0,0.0,0,1012.1,1002.0,0,0,0,0,0.71,4.16,19.7,25.9,325,328,39.2,39.5,26.7,22.7,19.9,0.056,0.065,0.107,0.194,1,3600.0,735.0,631.0,104.0,837.4,735.0,998.8,668.1,573.5,94.5,837.4,668.1,907.9
37.855885,-8.445038,91.0,2011-07-25T17:00,34.1,30,13.8,32.2,0.0,0.0,0.0,0.0,0,1011.9,1001.7,0,0,0,0,0.59,3.76,21.3,29.3,323,326,42.8,38.1,27.0,22.8,19.9,0.056,0.065,0.107,0.194,1,3600.0,566.0,473.0,93.0,781.5,566.0,802.4,487.4,407.3,80.1,781.5,487.4,690.9
37.855885,-8.445038,91.0,2011-07-25T18:00,32.4,35,14.9,30.9,0.0,0.0,0.0,0.0,0,1011.8,1001.6,0,0,0,0,0.44,3.16,21.0,30.7,322,324,45.0,35.9,27.2,22.8,19.9,0.056,0.065,0.107,0.194,1,3600.0,372.0,294.0,78.0,684.0,372.0,569.8,290.8,229.8,61.0,684.0,290.8,445.4
37.855885,-8.445038,91.0,2011-07-25T19:00,30.3,41,15.5,29.3,0.0,0.0,0.0,0.0,0,1012.3,1002.0,0,0,0,0,0.28,2.54,19.2,31.2,322,326,41.4,33.3,27.3,22.8,20.0,0.056,0.065,0.107,0.194,1,3600.0,176.0,121.0,55.0,506.0,176.0,317.0,104.5,71.8,32.7,506.0,104.5,188.2
37.855885,-8.445038,91.0,2011-07-25T20:00,28.4,45,15.4,27.5,0.0,0.0,0.0,0.0,0,1012.1,1001.7,0,0,0,0,0.18,2.13,18.9,32.0,329,334,37.4,30.8,27.4,22.8,20.0,0.056,0.065,0.107,0.194,0,759.83,28.0,14.0,14.0,130.6,28.0,83.7,0.0,0.0,0.0,0.0,0.0,0.0
37.855885,-8.445038,91.0,2011-07-25T21:00,27.1,48,15.3,26.4,0.0,0.0,0.0,0.0,0,1013.0,1002.6,0,0,0,0,0.14,1.85,17.1,30.9,335,341,34.9,28.9,27.3,22.8,20.0,0.056,0.065,0.107,0.194,0,0.0,0.0,0.0,0.0,0.0,0.0,0.0,0.0,0.0,0.0,0.0,0.0,0.0
37.855885,-8.445038,91.0,2011-07-25T22:00,25.9,52,15.4,25.6,0.0,0.0,0.0,0.0,0,1013.4,1002.9,0,0,0,0,0.1,1.59,14.4,27.2,338,345,31.3,27.4,27.3,22.8,20.0,0.056,0.065,0.107,0.194,0,0.0,0.0,0.0,0.0,0.0,0.0,0.0,0.0,0.0,0.0,0.0,0.0,0.0
37.855885,-8.445038,91.0,2011-07-25T23:00,24.8,57,15.6,24.7,0.0,0.0,0.0,0.0,0,1013.3,1002.8,0,0,0,0,0.08,1.35,13.4,26.1,340,348,28.8,26.2,27.2,22.8,20.0,0.056,0.065,0.107,0.194,0,0.0,0.0,0.0,0.0,0.0,0.0,0.0,0.0,0.0,0.0,0.0,0.0,0.0
37.855885,-8.445038,91.0,2011-07-26T00:00,23.7,61,15.8,23.7,0.0,0.0,0.0,0.0,0,1013.2,1002.7,0,0,0,0,0.07,1.13,13.2,25.6,343,350,26.3,25.1,27.1,22.8,20.0,0.056,0.065,0.107,0.194,0,0.0,0.0,0.0,0.0,0.0,0.0,0.0,0.0,0.0,0.0,0.0,0.0,0.0
37.855885,-8.445038,91.0,2011-07-26T01:00,22.6,65,15.8,22.6,0.0,0.0,0.0,0.0,0,1012.8,1002.2,0,0,0,0,0.06,0.95,13.7,25.8,346,352,24.8,24.1,27.0,22.8,20.0,0.056,0.065,0.107,0.194,0,0.0,0.0,0.0,0.0,0.0,0.0,0.0,0.0,0.0,0.0,0.0,0.0,0.0
37.855885,-8.445038,91.0,2011-07-26T02:00,21.8,69,15.7,21.7,0.0,0.0,0.0,0.0,0,1012.5,1001.9,0,0,0,0,0.05,0.82,13.8,26.0,351,356,24.5,23.3,26.8,22.9,20.0,0.056,0.065,0.107,0.194,0,0.0,0.0,0.0,0.0,0.0,0.0,0.0,0.0,0.0,0.0,0.0,0.0,0.0
37.855885,-8.445038,91.0,2011-07-26T03:00,21.1,71,15.7,21.1,0.0,0.0,0.0,0.0,0,1012.3,1001.7,0,0,0,0,0.04,0.72,13.3,25.2,357,2,24.1,22.6,26.6,22.9,20.0,0.056,0.065,0.107,0.194,0,0.0,0.0,0.0,0.0,0.0,0.0,0.0,0.0,0.0,0.0,0.0,0.0,0.0
37.855885,-8.445038,91.0,2011-07-26T04:00,20.6,73,15.6,20.7,0.0,0.0,0.0,0.0,0,1012.3,1001.7,0,0,0,0,0.04,0.65,12.2,23.9,2,7,23.0,22.0,26.4,22.9,20.0,0.056,0.065,0.107,0.194,0,0.0,0.0,0.0,0.0,0.0,0.0,0.0,0.0,0.0,0.0,0.0,0.0,0.0
37.855885,-8.445038,91.0,2011-07-26T05:00,20.1,75,15.6,20.3,0.0,0.0,0.0,0.0,0,1012.4,1001.7,0,0,0,0,0.03,0.58,11.6,23.1,5,11,21.6,21.4,26.3,22.9,20.0,0.056,0.065,0.107,0.194,0,0.0,0.0,0.0,0.0,0.0,0.0,0.0,0.0,0.0,0.0,0.0,0.0,0.0
37.855885,-8.445038,91.0,2011-07-26T06:00,19.8,77,15.7,20.0,0.0,0.0,0.0,0.0,0,1012.6,1001.9,0,0,0,0,0.05,0.52,11.3,22.0,9,15,20.2,21.0,26.1,22.9,20.0,0.056,0.065,0.107,0.194,1,0.0,6.0,2.0,4.0,27.1,6.0,39.7,15.0,5.0,10.0,57.4,6.1,99.2
37.855885,-8.445038,91.0,2011-07-26T07:00,20.8,75,16.1,21.2,0.0,0.0,0.0,0.0,0,1012.6,1002.0,0,0,0,0,0.08,0.62,11.4,19.8,11,16,22.3,21.8,25.9,22.9,20.0,0.056,0.065,0.107,0.194,1,3600.0,115.0,73.0,42.0,425.5,115.0,227.5,180.2,114.4,65.8,425.5,180.2,356.4
37.855885,-8.445038,91.0,2011-07-26T08:00,23.2,65,16.3,23.7,0.0,0.0,0.0,0.0,0,1012.7,1002.1,0,0,0,0,0.21,1.0,11.8,16.4,12,15,25.9,24.3,25.8,22.9,20.0,0.056,0.065,0.107,0.194,1,3600.0,303.0,232.0,71.0,636.5,303.0,483.3,381.1,291.8,89.3,636.5,381.1,607.8
37.855885,-8.445038,91.0,2011-07-26T09:00,26.1,55,16.4,26.8,0.0,0.0,0.0,0.0,0,1012.7,1002.2,0,0,0,0,0.36,1.52,10.6,14.1,10,13,25.9,27.4,25.8,22.9,20.0,0.056,0.065,0.107,0.194,1,3600.0,504.0,416.0,88.0,761.1,504.0,724.6,581.7,480.1,101.6,761.1,581.7,836.4
37.855885,-8.445038,91.0,2011-07-26T10:00,29.0,46,16.3,30.6,0.0,0.0,0.0,0.0,0,1012.7,1002.3,0,0,0,0,0.51,2.15,9.1,11.6,351,355,25.2,31.0,25.9,22.9,20.0,0.056,0.065,0.107,0.194,1,3600.0,683.0,582.0,101.0,825.1,683.0,935.2,749.7,638.8,110.9,825.1,749.7,1026.5
37.855885,-8.445038,91.0,2011-07-26T11:00,31.4,39,16.0,33.5,0.0,0.0,0.0,0.0,0,1012.4,1002.1,0,0,0,0,0.65,2.78,10.5,13.0,338,341,25.9,34.3,26.1,22.9,20.0,0.056,0.065,0.106,0.194,1,3600.0,829.0,723.0,106.0,871.0,829.0,1100.5,877.7,765.4,112.2,871.0,877.7,1165.1
37.855885,-8.445038,91.0,2011-07-26T12:00,33.2,34,15.1,35.2,0.0,0.0,0.0,0.0,0,1012.3,1002.1,0,0,0,0,0.75,3.36,12.3,15.1,328,332,28.4,37.1,26.4,22.9,20.0,0.056,0.065,0.106,0.194,1,3600.0,926.0,817.0,109.0,895.7,926.0,1209.3,951.7,839.6,112.0,895.7,951.7,1242.8
37.855885,-8.445038,91.0,2011-07-26T13:00,34.2,30,14.2,35.7,0.0,0.0,0.0,0.0,0,1011.9,1001.7,0,0,0,0,0.81,3.75,14.0,17.5,325,328,32.8,38.9,26.7,22.9,20.0,0.056,0.065,0.106,0.193,1,3600.0,968.0,858.0,110.0,907.1,968.0,1254.1,968.1,858.1,110.0,907.1,968.1,1254.3
37.855885,-8.445038,91.0,2011-07-26T14:00,34.6,28,13.7,35.5,0.0,0.0,0.0,0.0,0,1011.5,1001.3,0,0,0,0,0.82,3.92,16.0,20.0,324,326,37.4,39.7,27.1,22.9,20.0,0.056,0.065,0.106,0.193,1,3600.0,946.0,835.0,111.0,898.6,946.0,1232.0,920.5,812.5,108.0,898.6,920.5,1198.7
37.855885,-8.445038,91.0,2011-07-26T15:00,34.5,28,13.6,34.6,0.0,0.0,0.0,0.0,0,1011.2,1001.0,0,0,0,0,0.77,3.9,17.7,22.7,321,324,40.3,39.7,27.4,22.9,20.0,0.056,0.065,0.106,0.193,1,3600.0,868.0,761.0,107.0,881.7,868.0,1144.3,819.2,718.2,101.0,881.7,819.2,1079.9
37.855885,-8.445038,91.0,2011-07-26T16:00,33.9,30,13.9,33.3,0.0,0.0,0.0,0.0,0,1011.2,1001.0,0,0,0,0,0.68,3.69,18.9,25.0,321,324,41.4,38.9,27.7,23.0,20.0,0.056,0.065,0.106,0.193,1,3600.0,738.0,636.0,102.0,845.7,738.0,997.1,670.6,577.9,92.7,845.7,670.6,905.9
37.855885,-8.445038,91.0,2011-07-26T17:00,32.8,33,14.6,31.6,0.0,0.0,0.0,0.0,0,1010.9,1000.7,0,0,0,0,0.55,3.31,19.5,26.1,322,325,41.4,37.5,27.9,23.0,20.0,0.056,0.065,0.106,0.193,1,3600.0,569.0,476.0,93.0,788.6,569.0,800.3,489.6,409.6,80.0,788.6,489.6,688.6
37.855885,-8.445038,91.0,2011-07-26T18:00,31.4,38,15.5,30.5,0.0,0.0,0.0,0.0,0,1010.9,1000.6,0,0,0,0,0.4,2.82,18.5,25.9,323,325,40.7,35.4,28.1,23.0,20.0,0.056,0.065,0.106,0.193,1,3600.0,374.0,296.0,78.0,691.7,374.0,567.4,291.9,231.0,60.9,691.7,291.9,442.8
37.855885,-8.445038,91.0,2011-07-26T19:00,29.5,43,15.6,28.9,0.0,0.0,0.0,0.0,0,1011.0,1000.7,0,0,0,0,0.24,2.34,16.6,25.1,321,325,36.4,32.9,28.1,23.0,20.0,0.056,0.065,0.106,0.193,1,3600.0,177.0,123.0,54.0,519.1,177.0,314.2,104.3,72.5,31.8,519.1,104.3,185.1
37.855885,-8.445038,91.0,2011-07-26T20:00,27.2,48,15.4,26.7,0.0,0.0,0.0,0.0,0,1011.0,1000.6,0,0,0,0,0.14,1.86,15.6,27.3,322,329,31.7,30.2,28.1,23.0,20.0,0.056,0.065,0.106,0.193,0,747.91,28.0,14.0,14.0,132.0,28.0,82.2,0.0,0.0,0.0,0.0,0.0,0.0
37.855885,-8.445038,91.0,2011-07-26T21:00,25.4,53,15.1,25.0,0.0,0.0,0.0,0.0,0,1011.7,1001.2,0,0,0,0,0.1,1.53,14.7,26.4,329,336,28.4,28.1,28.1,23.0,20.0,0.056,0.065,0.106,0.193,0,0.0,0.0,0.0,0.0,0.0,0.0,0.0,0.0,0.0,0.0,0.0,0.0,0.0
37.855885,-8.445038,91.0,2011-07-26T22:00,23.9,57,14.8,23.5,0.0,0.0,0.0,0.0,0,1012.0,1001.5,0,0,0,0,0.08,1.29,13.6,24.2,328,335,27.0,26.3,28.0,23.0,20.0,0.056,0.065,0.106,0.193,0,0.0,0.0,0.0,0.0,0.0,0.0,0.0,0.0,0.0,0.0,0.0,0.0,0.0
37.855885,-8.445038,91.0,2011-07-26T23:00,22.7,60,14.5,22.2,0.0,0.0,0.0,0.0,0,1011.8,1001.2,0,0,0,0,0.07,1.1,13.2,23.7,331,338,24.5,24.9,27.8,23.0,20.0,0.056,0.065,0.106,0.193,0,0.0,0.0,0.0,0.0,0.0,0.0,0.0,0.0,0.0,0.0,0.0,0.0,0.0
37.855885,-8.445038,91.0,2011-07-27T00:00,21.5,64,14.3,21.1,0.0,0.0,0.0,0.0,0,1012.1,1001.5,0,0,0,0,0.06,0.93,12.2,22.7,332,340,22.3,23.7,27.6,23.1,20.0,0.056,0.065,0.106,0.193,0,0.0,0.0,0.0,0.0,0.0,0.0,0.0,0.0,0.0,0.0,0.0,0.0,0.0
37.855885,-8.445038,91.0,2011-07-27T01:00,20.6,67,14.1,20.3,0.0,0.0,0.0,0.0,0,1011.8,1001.2,0,0,0,0,0.04,0.81,11.3,21.3,333,341,20.2,22.7,27.4,23.1,20.0,0.056,0.065,0.106,0.193,0,0.0,0.0,0.0,0.0,0.0,0.0,0.0,0.0,0.0,0.0,0.0,0.0,0.0
37.855885,-8.445038,91.0,2011-07-27T02:00,19.7,70,14.0,19.5,0.0,0.0,0.0,0.0,0,1011.3,1000.6,0,0,0,0,0.03,0.7,10.5,20.5,333,342,18.0,21.7,27.2,23.1,20.0,0.056,0.065,0.106,0.193,0,0.0,0.0,0.0,0.0,0.0,0.0,0.0,0.0,0.0,0.0,0.0,0.0,0.0
37.855885,-8.445038,91.0,2011-07-27T03:00,19.0,72,13.9,18.9,0.0,0.0,0.0,0.0,0,1011.1,1000.4,0,0,0,0,0.03,0.61,9.7,19.2,333,343,16.2,20.9,27.0,23.1,20.0,0.056,0.065,0.106,0.193,0,0.0,0.0,0.0,0.0,0.0,0.0,0.0,0.0,0.0,0.0,0.0,0.0,0.0
37.855885,-8.445038,91.0,2011-07-27T04:00,18.4,75,13.9,18.4,0.0,0.0,0.0,0.0,0,1011.4,1000.7,0,0,0,0,0.02,0.53,8.7,18.5,336,347,15.5,20.2,26.7,23.1,20.0,0.056,0.065,0.106,0.193,0,0.0,0.0,0.0,0.0,0.0,0.0,0.0,0.0,0.0,0.0,0.0,0.0,0.0
37.855885,-8.445038,91.0,2011-07-27T05:00,17.8,78,13.9,17.8,0.0,0.0,0.0,0.0,0,1011.2,1000.5,1,1,0,0,0.01,0.45,8.0,17.5,342,352,14.8,19.6,26.5,23.1,20.0,0.056,0.065,0.106,0.193,0,0.0,0.0,0.0,0.0,0.0,0.0,0.0,0.0,0.0,0.0,0.0,0.0,0.0
37.855885,-8.445038,91.0,2011-07-27T06:00,17.2,82,14.1,17.4,0.0,0.0,0.0,0.0,0,1011.3,1000.5,1,1,0,0,0.03,0.35,7.8,17.3,347,356,13.7,19.0,26.2,23.1,20.0,0.056,0.065,0.106,0.193,1,0.0,6.0,2.0,4.0,27.7,6.0,38.1,15.1,5.0,10.1,57.9,6.0,96.0
37.855885,-8.445038,91.0,2011-07-27T07:00,18.8,77,14.8,19.2,0.0,0.0,0.0,0.0,0,1011.4,1000.7,0,0,0,0,0.07,0.49,8.0,14.4,355,1,16.6,20.1,26.0,23.1,20.0,0.056,0.065,0.106,0.193,1,3592.92,115.0,72.0,43.0,424.9,115.0,224.5,181.2,113.4,67.7,425.3,181.0,353.6
37.855885,-8.445038,91.0,2011-07-27T08:00,21.7,65,14.8,22.1,0.0,0.0,0.0,0.0,0,1011.6,1001.0,0,0,0,0,0.19,0.91,7.9,10.9,3,8,19.4,23.3,25.9,23.1,20.0,0.056,0.065,0.106,0.193,1,3600.0,304.0,232.0,72.0,640.0,304.0,480.7,382.9,292.2,90.7,640.0,382.9,605.4
37.855885,-8.445038,91.0,2011-07-27T09:00,24.9,55,15.2,25.6,0.0,0.0,0.0,0.0,0,1011.5,1001.0,0,0,0,0,0.34,1.43,7.2,9.2,6,11,20.2,26.7,25.9,23.1,20.0,0.056,0.065,0.106,0.193,1,3600.0,504.0,413.0,91.0,758.1,504.0,722.4,582.1,477.0,105.1,758.1,582.1,834.3
37.855885,-8.445038,91.0,2011-07-27T10:00,28.2,46,15.4,30.1,0.0,0.0,0.0,0.0,0,1011.8,1001.4,0,0,0,0,0.49,2.08,5.5,6.8,349,357,20.5,30.6,26.0,23.1,20.0,0.055,0.065,0.106,0.193,1,3600.0,685.0,583.0,102.0,828.4,685.0,933.3,752.1,640.1,112.0,828.4,752.1,1024.7
37.855885,-8.445038,91.0,2011-07-27T11:00,31.1,39,15.4,33.7,0.0,0.0,0.0,0.0,0,1011.3,1001.0,0,0,0,0,0.63,2.78,6.4,7.8,333,338,21.6,34.2,26.2,23.1,20.0,0.055,0.065,0.105,0.193,1,3600.0,830.0,719.0,111.0,867.7,830.0,1098.8,878.9,761.3,117.5,867.7,878.9,1163.5
37.855885,-8.445038,91.0,2011-07-27T12:00,33.4,33,15.1,36.3,0.0,0.0,0.0,0.0,0,1011.3,1001.1,0,0,0,0,0.73,3.43,7.7,8.8,323,325,23.0,37.4,26.5,23.1,20.0,0.055,0.065,0.105,0.193,1,3600.0,926.0,811.0,115.0,890.4,926.0,1207.8,951.7,833.5,118.2,890.4,951.7,1241.4
37.855885,-8.445038,91.0,2011-07-27T13:00,34.9,30,14.8,37.5,0.0,0.0,0.0,0.0,0,1011.1,1001.0,0,0,0,0,0.79,3.91,9.7,11.5,318,321,25.6,39.6,26.8,23.1,20.0,0.055,0.064,0.105,0.193,1,3600.0,966.0,848.0,118.0,897.7,966.0,1252.7,966.1,848.1,118.0,897.7,966.1,1252.8
37.855885,-8.445038,91.0,2011-07-27T14:00,35.8,27,14.1,37.7,0.0,0.0,0.0,0.0,0,1010.7,1000.6,0,0,0,0,0.8,4.26,10.9,13.5,316,318,27.7,40.9,27.2,23.1,20.0,0.055,0.064,0.105,0.193,1,3600.0,945.0,828.0,117.0,892.3,945.0,1230.5,919.4,805.6,113.8,892.3,919.4,1197.2
37.855885,-8.445038,91.0,2011-07-27T15:00,36.2,26,13.6,37.2,0.0,0.0,0.0,0.0,0,1010.6,1000.5,0,0,0,0,0.76,4.43,12.7,15.8,313,315,30.2,41.3,27.5,23.2,20.0,0.055,0.064,0.105,0.193,1,3600.0,866.0,754.0,112.0,875.0,866.0,1142.7,817.1,711.5,105.7,875.0,817.1,1078.2
37.855885,-8.445038,91.0,2011-07-27T16:00,35.9,26,13.6,36.0,0.0,0.0,0.0,0.0,0,1010.3,1000.2,0,0,0,0,0.67,4.34,14.1,17.6,310,313,32.4,40.8,27.9,23.2,20.1,0.055,0.064,0.105,0.193,1,3600.0,736.0,631.0,105.0,840.8,736.0,995.2,668.5,573.1,95.4,840.8,668.5,904.0
37.855885,-8.445038,91.0,2011-07-27T17:00,35.0,28,14.1,34.1,0.0,0.0,0.0,0.0,0,1010.2,1000.1,0,0,0,0,0.56,4.02,15.4,20.2,307,310,34.6,39.4,28.1,23.2,20.1,0.055,0.064,0.105,0.193,1,3600.0,565.0,472.0,93.0,784.3,565.0,798.1,485.8,405.9,80.0,784.3,485.8,686.3
37.855885,-8.445038,91.0,2011-07-27T18:00,33.5,32,14.6,32.8,0.0,0.0,0.0,0.0,0,1010.6,1000.4,0,0,0,0,0.4,3.5,15.0,20.7,305,309,34.9,37.3,28.4,23.2,20.1,0.055,0.064,0.105,0.193,1,3600.0,370.0,292.0,78.0,685.6,370.0,564.8,288.3,227.5,60.8,685.6,288.3,440.0
37.855885,-8.445038,91.0,2011-07-27T19:00,31.2,38,15.1,31.0,0.0,0.0,0.0,0.0,0,1010.8,1000.5,0,0,0,0,0.23,2.82,13.0,19.5,304,309,30.6,34.5,28.5,23.2,20.1,0.055,0.064,0.105,0.193,1,3600.0,175.0,121.0,54.0,515.6,175.0,311.2,102.3,70.8,31.6,515.6,102.3,182.0
37.855885,-8.445038,91.0,2011-07-27T20:00,29.2,42,15.0,29.3,0.0,0.0,0.0,0.0,0,1011.3,1001.0,0,0,0,0,0.12,2.34,10.4,19.1,304,317,25.2,31.8,28.5,23.2,20.1,0.055,0.064,0.105,0.193,0,639.56,27.0,13.0,14.0,124.0,27.0,80.6,0.0,0.0,0.0,0.0,0.0,0.0
37.855885,-8.445038,91.0,2011-07-27T21:00,27.7,45,14.6,28.1,0.0,0.0,0.0,0.0,0,1011.8,1001.4,0,0,0,0,0.07,2.05,7.7,17.6,311,329,18.4,29.6,28.5,23.2,20.1,0.055,0.064,0.105,0.193,0,0.0,0.0,0.0,0.0,0.0,0.0,0.0,0.0,0.0,0.0,0.0,0.0,0.0
37.855885,-8.445038,91.0,2011-07-27T22:00,26.6,47,14.3,27.2,0.0,0.0,0.0,0.0,0,1012.6,1002.2,0,0,0,0,0.04,1.86,5.2,12.8,304,338,13.7,28.0,28.4,23.2,20.1,0.055,0.064,0.105,0.193,0,0.0,0.0,0.0,0.0,0.0,0.0,0.0,0.0,0.0,0.0,0.0,0.0,0.0
37.855885,-8.445038,91.0,2011-07-27T23:00,25.4,50,14.2,26.0,0.0,0.0,0.0,0.0,0,1012.8,1002.3,0,0,0,0,0.03,1.63,5.2,9.7,304,345,10.4,26.7,28.3,23.3,20.1,0.055,0.064,0.105,0.193,0,0.0,0.0,0.0,0.0,0.0,0.0,0.0,0.0,0.0,0.0,0.0,0.0,0.0
37.855885,-8.445038,91.0,2011-07-28T00:00,23.9,57,14.7,24.8,0.0,0.0,0.0,0.0,0,1012.9,1002.4,0,0,0,0,0.02,1.28,4.0,6.8,280,342,9.7,25.2,28.1,23.3,20.1,0.055,0.064,0.105,0.193,0,0.0,0.0,0.0,0.0,0.0,0.0,0.0,0.0,0.0,0.0,0.0,0.0,0.0
37.855885,-8.445038,91.0,2011-07-28T01:00,22.6,62,15.0,23.7,0.0,0.0,0.0,0.0,0,1012.9,1002.3,0,0,0,0,0.01,1.03,3.6,4.8,270,333,6.8,23.8,28.0,23.3,20.1,0.055,0.064,0.105,0.193,0,0.0,0.0,0.0,0.0,0.0,0.0,0.0,0.0,0.0,0.0,0.0,0.0,0.0
37.855885,-8.445038,91.0,2011-07-28T02:00,21.7,66,15.1,22.9,0.0,0.0,0.0,0.0,0,1012.7,1002.1,0,0,0,0,0.01,0.89,3.6,3.8,270,311,6.1,22.7,27.7,23.3,20.1,0.055,0.064,0.105,0.193,0,0.0,0.0,0.0,0.0,0.0,0.0,0.0,0.0,0.0,0.0,0.0,0.0,0.0
37.855885,-8.445038,91.0,2011-07-28T03:00,21.4,67,15.1,22.7,0.0,0.0,0.0,0.0,0,1012.6,1002.0,0,0,0,0,0.0,0.83,2.9,1.8,240,270,7.6,21.7,27.5,23.3,20.1,0.055,0.064,0.105,0.193,0,0.0,0.0,0.0,0.0,0.0,0.0,0.0,0.0,0.0,0.0,0.0,0.0,0.0
37.855885,-8.445038,91.0,2011-07-28T04:00,19.9,75,15.4,21.0,0.0,0.0,0.0,0.0,0,1013.2,1002.5,0,0,0,0,0.01,0.57,5.2,9.3,164,164,9.4,20.9,27.3,23.3,20.1,0.055,0.064,0.105,0.193,0,0.0,0.0,0.0,0.0,0.0,0.0,0.0,0.0,0.0,0.0,0.0,0.0,0.0
37.855885,-8.445038,91.0,2011-07-28T05:00,19.4,78,15.4,20.0,0.0,0.0,0.0,0.0,0,1013.3,1002.6,0,0,0,0,0.01,0.5,8.3,19.4,162,165,14.8,20.2,27.0,23.3,20.1,0.055,0.064,0.105,0.193,0,0.0,0.0,0.0,0.0,0.0,0.0,0.0,0.0,0.0,0.0,0.0,0.0,0.0
37.855885,-8.445038,91.0,2011-07-28T06:00,19.9,78,15.9,20.3,0.0,0.0,0.0,0.0,0,1013.6,1002.9,1,1,0,0,0.04,0.52,11.3,24.5,163,166,19.8,19.8,26.8,23.3,20.1,0.055,0.064,0.105,0.193,1,0.0,6.0,2.0,4.0,28.1,6.0,36.5,15.3,5.1,10.2,58.4,5.9,92.7
37.855885,-8.445038,91.0,2011-07-28T07:00,22.0,77,17.7,22.7,0.0,0.0,0.0,0.0,0,1014.0,1003.4,4,5,0,0,0.09,0.62,14.1,24.8,161,163,24.8,21.3,26.6,23.3,20.1,0.055,0.064,0.105,0.193,1,3546.85,112.0,70.0,42.0,415.7,112.0,221.4,177.4,110.9,66.5,419.3,175.9,350.7
37.855885,-8.445038,91.0,2011-07-28T08:00,24.9,70,19.0,26.0,0.0,0.0,0.0,0.0,0,1014.3,1003.8,4,4,0,0,0.22,0.96,15.7,22.2,160,160,31.7,24.7,26.5,23.3,20.1,0.055,0.064,0.105,0.193,1,3600.0,299.0,224.0,75.0,621.5,299.0,478.0,377.2,282.6,94.6,621.5,377.2,603.0
37.855885,-8.445038,91.0,2011-07-28T09:00,27.5,60,19.1,28.5,0.0,0.0,0.0,0.0,0,1014.9,1004.5,2,2,0,0,0.37,1.45,16.1,22.0,160,159,34.2,27.8,26.5,23.3,20.1,0.055,0.064,0.105,0.193,1,3600.0,491.0,397.0,94.0,731.1,491.0,720.2,567.4,458.8,108.6,731.1,567.4,832.3
37.855885,-8.445038,91.0,2011-07-28T10:00,29.9,50,18.4,31.7,0.0,0.0,0.0,0.0,0,1015.2,1004.8,1,1,0,0,0.52,2.1,13.1,17.6,172,169,36.4,31.0,26.6,23.3,20.1,0.055,0.064,0.104,0.193,1,3600.0,672.0,555.0,117.0,790.4,672.0,931.4,738.1,609.6,128.5,790.4,738.1,1022.9
37.855885,-8.445038,91.0,2011-07-28T11:00,32.0,42,17.4,34.3,0.0,0.0,0.0,0.0,0,1015.1,1004.8,0,0,0,0,0.66,2.76,12.6,16.6,178,176,37.8,34.0,26.8,23.3,20.1,0.055,0.064,0.104,0.193,1,3600.0,832.0,725.0,107.0,876.4,832.0,1097.2,881.1,767.8,113.3,876.4,881.1,1162.0
37.855885,-8.445038,91.0,2011-07-28T12:00,33.5,36,16.6,36.2,0.0,0.0,0.0,0.0,0,1014.9,1004.7,0,0,0,0,0.75,3.29,11.6,14.8,185,183,38.2,36.6,27.0,23.4,20.1,0.055,0.064,0.104,0.193,1,3600.0,926.0,812.0,114.0,892.8,926.0,1206.3,951.8,834.6,117.2,892.8,951.8,1239.9
37.855885,-8.445038,91.0,2011-07-28T13:00,34.5,33,15.9,37.3,0.0,0.0,0.0,0.0,0,1014.6,1004.4,0,0,0,0,0.79,3.66,10.5,13.3,196,193,37.8,38.5,27.3,23.4,20.1,0.055,0.064,0.104,0.193,1,3600.0,961.0,842.0,119.0,892.5,961.0,1251.2,961.1,842.1,119.0,892.5,961.1,1251.4
37.855885,-8.445038,91.0,2011-07-28T14:00,35.0,31,15.5,37.7,0.0,0.0,0.0,0.0,0,1014.3,1004.1,0,0,0,0,0.77,3.86,9.8,12.5,216,213,36.0,39.8,27.6,23.4,20.1,0.055,0.064,0.104,0.193,1,3600.0,941.0,823.0,118.0,888.2,941.0,1229.0,915.5,800.7,114.8,888.2,915.5,1195.6
37.855885,-8.445038,91.0,2011-07-28T15:00,35.0,31,15.4,37.0,0.0,0.0,0.0,0.0,0,1014.3,1004.1,1,1,0,0,0.72,3.86,10.6,13.1,235,233,34.6,40.3,27.9,23.4,20.1,0.055,0.064,0.104,0.193,1,3600.0,867.0,753.0,114.0,875.3,867.0,1141.0,817.9,710.4,107.5,875.3,817.9,1076.4
37.855885,-8.445038,91.0,2011-07-28T16:00,34.3,33,15.7,35.6,0.0,0.0,0.0,0.0,0,1014.1,1003.9,0,0,0,0,0.62,3.61,11.0,13.5,247,245,33.1,39.9,28.2,23.4,20.1,0.055,0.064,0.104,0.193,1,3600.0,732.0,622.0,110.0,830.6,732.0,993.3,664.6,564.8,99.9,830.6,664.6,901.9
37.855885,-8.445038,91.0,2011-07-28T17:00,32.9,38,16.6,33.6,0.0,0.0,0.0,0.0,0,1014.2,1004.0,0,0,0,0,0.49,3.1,11.5,14.2,256,254,31.3,38.5,28.4,23.4,20.1,0.055,0.064,0.104,0.193,1,3600.0,564.0,468.0,96.0,780.0,564.0,795.9,484.6,402.1,82.5,780.0,484.6,683.8
37.855885,-8.445038,91.0,2011-07-28T18:00,31.0,44,17.5,32.0,0.0,0.0,0.0,0.0,0,1014.3,1004.0,0,0,0,0,0.33,2.49,11.3,14.3,261,260,29.2,36.2,28.6,23.4,20.1,0.055,0.064,0.104,0.193,1,3600.0,368.0,289.0,79.0,681.9,368.0,562.2,286.2,224.8,61.4,681.9,286.2,437.2
37.855885,-8.445038,91.0,2011-07-28T19:00,27.8,58,18.9,29.6,0.0,0.0,0.0,0.0,0,1014.7,1004.3,1,1,0,0,0.16,1.56,10.1,13.4,264,262,25.9,33.1,28.7,23.4,20.1,0.055,0.064,0.104,0.193,1,3600.0,171.0,117.0,54.0,503.6,171.0,308.1,99.2,67.9,31.3,503.6,99.2,178.7
37.855885,-8.445038,91.0,2011-07-28T20:00,25.8,65,18.8,27.8,0.0,0.0,0.0,0.0,0,1015.3,1004.8,0,0,0,0,0.06,1.15,8.3,11.9,270,265,22.3,30.0,28.6,23.4,20.1,0.055,0.064,0.104,0.193,0,535.45,25.0,12.0,13.0,115.8,25.0,79.0,0.0,0.0,0.0,0.0,0.0,0.0
37.855885,-8.445038,91.0,2011-07-28T21:00,24.3,71,18.7,26.6,0.0,0.0,0.0,0.0,0,1015.8,1005.2,2,2,0,0,0.02,0.88,6.1,9.8,270,264,16.6,27.8,28.6,23.5,20.1,0.055,0.064,0.104,0.193,0,0.0,0.0,0.0,0.0,0.0,0.0,0.0,0.0,0.0,0.0,0.0,0.0,0.0
37.855885,-8.445038,91.0,2011-07-28T22:00,23.2,76,18.7,25.8,0.0,0.0,0.0,0.0,0,1016.8,1006.2,0,0,0,0,0.0,0.69,4.0,6.4,265,254,12.2,26.1,28.4,23.5,20.1,0.055,0.064,0.104,0.193,0,0.0,0.0,0.0,0.0,0.0,0.0,0.0,0.0,0.0,0.0,0.0,0.0,0.0
37.855885,-8.445038,91.0,2011-07-28T23:00,22.2,80,18.7,24.9,0.0,0.0,0.0,0.0,0,1016.6,1006.0,1,1,0,0,0.0,0.53,3.6,7.2,264,252,8.6,24.7,28.3,23.5,20.1,0.055,0.064,0.104,0.193,0,0.0,0.0,0.0,0.0,0.0,0.0,0.0,0.0,0.0,0.0,0.0,0.0,0.0
37.855885,-8.445038,91.0,2011-07-29T00:00,21.0,87,18.7,23.5,0.0,0.0,0.0,0.0,0,1016.8,1006.1,2,2,0,0,0.0,0.33,4.8,9.4,257,247,8.6,23.4,28.1,23.5,20.1,0.055,0.064,0.104,0.193,0,0.0,0.0,0.0,0.0,0.0,0.0,0.0,0.0,0.0,0.0,0.0,0.0,0.0
37.855885,-8.445038,91.0,2011-07-29T01:00,19.6,92,18.4,21.9,0.0,0.0,0.0,0.0,0,1016.8,1006.1,2,2,0,0,0.0,0.17,5.6,8.9,255,249,9.0,22.1,27.8,23.5,20.1,0.055,0.064,0.104,0.193,0,0.0,0.0,0.0,0.0,0.0,0.0,0.0,0.0,0.0,0.0,0.0,0.0,0.0
37.855885,-8.445038,91.0,2011-07-29T02:00,19.4,92,18.0,21.8,0.0,0.0,0.0,0.0,0,1016.5,1005.8,6,7,0,0,0.0,0.18,3.0,5.5,256,247,8.6,20.9,27.6,23.5,20.1,0.055,0.064,0.104,0.193,0,0.0,0.0,0.0,0.0,0.0,0.0,0.0,0.0,0.0,0.0,0.0,0.0,0.0
37.855885,-8.445038,91.0,2011-07-29T03:00,19.8,91,18.3,22.6,0.0,0.0,0.0,0.0,0,1016.1,1005.4,19,21,0,0,0.0,0.2,1.1,2.6,198,196,6.8,19.9,27.3,23.5,20.1,0.055,0.064,0.104,0.193,0,0.0,0.0,0.0,0.0,0.0,0.0,0.0,0.0,0.0,0.0,0.0,0.0,0.0
37.855885,-8.445038,91.0,2011-07-29T04:00,19.4,93,18.3,21.7,0.0,0.0,0.0,0.0,1,1016.3,1005.6,46,51,0,0,0.0,0.15,5.1,5.9,135,142,6.8,18.9,27.0,23.5,20.1,0.055,0.064,0.104,0.193,0,0.0,0.0,0.0,0.0,0.0,0.0,0.0,0.0,0.0,0.0,0.0,0.0,0.0
37.855885,-8.445038,91.0,2011-07-29T05:00,17.4,97,17.0,19.2,0.0,0.0,0.0,0.0,1,1016.3,1005.5,45,50,0,0,0.0,0.06,4.3,10.0,138,142,10.1,18.2,26.7,23.5,20.1,0.055,0.064,0.104,0.193,0,0.0,0.0,0.0,0.0,0.0,0.0,0.0,0.0,0.0,0.0,0.0,0.0,0.0
37.855885,-8.445038,91.0,2011-07-29T06:00,16.9,98,16.6,18.3,0.0,0.0,0.0,0.0,1,1016.4,1005.6,46,51,0,0,0.01,0.04,5.6,12.6,153,153,11.5,17.8,26.4,23.5,20.1,0.055,0.064,0.104,0.193,1,0.0,5.0,1.0,4.0,14.3,5.0,34.8,12.8,2.6,10.3,29.5,4.8,89.4
37.855885,-8.445038,91.0,2011-07-29T07:00,18.7,95,17.9,20.5,0.0,0.0,0.0,0.0,1,1016.8,1006.0,44,49,0,0,0.04,0.11,7.2,12.1,174,168,14.0,19.3,26.2,23.5,20.1,0.055,0.064,0.104,0.193,1,3500.35,97.0,53.0,44.0,316.8,97.0,218.3,154.5,84.4,70.1,322.0,152.1,347.9
37.855885,-8.445038,91.0,2011-07-29T08:00,22.6,75,18.0,24.3,0.0,0.0,0.0,0.0,0,1016.9,1006.3,17,19,0,0,0.17,0.68,8.0,10.5,190,188,19.8,23.7,26.1,23.5,20.2,0.055,0.064,0.104,0.193,1,3600.0,278.0,190.0,88.0,530.2,278.0,475.4,351.2,240.0,111.2,530.2,351.2,600.5
37.855885,-8.445038,91.0,2011-07-29T09:00,24.7,63,17.1,26.1,0.0,0.0,0.0,0.0,0,1017.1,1006.5,1,1,0,0,0.32,1.16,7.9,10.0,204,201,22.0,26.7,26.1,23.5,20.2,0.055,0.064,0.104,0.193,1,3600.0,470.0,350.0,120.0,646.8,470.0,717.9,543.5,404.7,138.8,646.8,543.5,830.2
37.855885,-8.445038,91.0,2011-07-29T10:00,26.7,53,16.4,28.3,0.0,0.0,0.0,0.0,0,1017.5,1007.0,3,3,0,0,0.46,1.64,8.6,10.8,237,233,23.8,29.9,26.2,23.5,20.2,0.055,0.064,0.104,0.193,1,3600.0,655.0,523.0,132.0,746.5,655.0,929.4,719.6,574.6,145.0,746.5,719.6,1021.1
37.855885,-8.445038,91.0,2011-07-29T11:00,28.5,46,15.7,30.5,0.0,0.0,0.0,0.0,0,1017.3,1006.9,2,2,0,0,0.57,2.1,8.7,10.1,246,243,25.2,32.8,26.3,23.5,20.2,0.055,0.064,0.103,0.193,1,3600.0,779.0,619.0,160.0,749.6,779.0,1095.5,825.1,655.7,169.5,749.6,825.1,1160.4
37.855885,-8.445038,91.0,2011-07-29T12:00,29.9,41,15.1,32.2,0.0,0.0,0.0,0.0,0,1016.8,1006.4,4,5,0,0,0.67,2.49,9.2,11.0,249,247,27.7,35.2,26.6,23.5,20.2,0.055,0.064,0.103,0.193,1,3600.0,893.0,731.0,162.0,805.0,893.0,1204.7,917.9,751.4,166.5,805.0,917.9,1238.4
37.855885,-8.445038,91.0,2011-07-29T13:00,30.8,37,14.5,32.9,0.0,0.0,0.0,0.0,0,1016.7,1006.4,4,5,0,0,0.72,2.78,10.5,12.9,254,252,31.3,36.9,26.8,23.5,20.2,0.055,0.064,0.103,0.193,1,3600.0,940.0,777.0,163.0,824.8,940.0,1249.7,940.1,777.1,163.0,824.8,940.1,1249.9
37.855885,-8.445038,91.0,2011-07-29T14:00,30.9,36,14.1,32.5,0.0,0.0,0.0,0.0,0,1016.3,1006.0,1,1,0,0,0.71,2.85,12.1,14.4,260,257,34.2,37.5,27.1,23.6,20.2,0.055,0.064,0.103,0.193,1,3600.0,918.0,759.0,159.0,820.4,918.0,1227.4,893.0,738.3,154.7,820.4,893.0,1194.0
37.855885,-8.445038,91.0,2011-07-29T15:00,30.2,36,13.7,31.1,0.0,0.0,0.0,0.0,0,1015.9,1005.6,4,5,0,0,0.65,2.73,12.6,15.5,267,266,35.6,37.1,27.3,23.6,20.2,0.055,0.064,0.103,0.193,1,3600.0,838.0,683.0,155.0,795.4,838.0,1139.3,790.4,644.2,146.2,795.4,790.4,1074.6
37.855885,-8.445038,91.0,2011-07-29T16:00,29.1,38,13.2,29.1,0.0,0.0,0.0,0.0,0,1015.9,1005.5,1,1,0,0,0.57,2.51,13.7,16.9,272,270,35.6,36.0,27.5,23.6,20.2,0.055,0.064,0.103,0.193,1,3600.0,731.0,607.0,124.0,812.4,731.0,991.3,663.5,550.9,112.5,812.4,663.5,899.7
37.855885,-8.445038,91.0,2011-07-29T17:00,27.4,41,13.0,26.2,0.0,0.0,0.0,0.0,0,1015.8,1005.4,1,1,0,0,0.45,2.15,14.9,19.3,278,279,34.9,34.2,27.7,23.6,20.2,0.055,0.064,0.103,0.193,1,3600.0,562.0,454.0,108.0,759.1,562.0,793.5,482.5,389.8,92.7,759.1,482.5,681.3
37.855885,-8.445038,91.0,2011-07-29T18:00,25.1,48,13.4,23.9,0.0,0.0,0.0,0.0,0,1016.2,1005.7,1,1,0,0,0.3,1.65,15.5,20.4,288,287,33.5,31.7,27.7,23.6,20.2,0.055,0.064,0.103,0.193,1,3600.0,367.0,283.0,84.0,671.2,367.0,559.4,284.9,219.7,65.2,671.2,284.9,434.2
37.855885,-8.445038,91.0,2011-07-29T19:00,22.5,57,13.5,21.6,0.0,0.0,0.0,0.0,0,1016.4,1005.8,0,0,0,0,0.16,1.18,13.9,19.0,295,295,32.8,28.8,27.7,23.6,20.2,0.055,0.064,0.103,0.192,1,3600.0,168.0,107.0,61.0,465.5,168.0,305.0,96.6,61.5,35.1,465.5,96.6,175.3
37.855885,-8.445038,91.0,2011-07-29T20:00,20.4,66,14.0,19.9,0.0,0.0,0.0,0.0,0,1016.6,1005.9,1,1,0,0,0.07,0.8,12.1,17.1,297,298,28.4,25.8,27.6,23.6,20.2,0.055,0.064,0.103,0.192,0,435.95,24.0,11.0,13.0,107.5,24.0,77.3,0.0,0.0,0.0,0.0,0.0,0.0
37.855885,-8.445038,91.0,2011-07-29T21:00,19.1,75,14.6,19.0,0.0,0.0,0.0,0.0,0,1017.5,1006.7,1,1,0,0,0.03,0.54,10.9,15.9,297,298,23.0,23.6,27.5,23.6,20.2,0.055,0.064,0.103,0.192,0,0.0,0.0,0.0,0.0,0.0,0.0,0.0,0.0,0.0,0.0,0.0,0.0,0.0
37.855885,-8.445038,91.0,2011-07-29T22:00,18.2,82,15.2,18.3,0.0,0.0,0.0,0.0,1,1018.1,1007.3,27,30,0,0,0.01,0.37,11.3,16.7,301,303,21.2,22.1,27.3,23.6,20.2,0.055,0.064,0.103,0.192,0,0.0,0.0,0.0,0.0,0.0,0.0,0.0,0.0,0.0,0.0,0.0,0.0,0.0
37.855885,-8.445038,91.0,2011-07-29T23:00,17.7,88,15.6,17.8,0.0,0.0,0.0,0.0,1,1018.2,1007.4,39,43,0,0,0.01,0.25,11.7,18.0,304,307,22.7,21.0,27.0,23.6,20.2,0.055,0.064,0.103,0.192,0,0.0,0.0,0.0,0.0,0.0,0.0,0.0,0.0,0.0,0.0,0.0,0.0,0.0
37.855885,-8.445038,91.0,2011-07-30T00:00,17.4,90,15.7,17.6,0.0,0.0,0.0,0.0,1,1018.1,1007.3,34,38,0,0,0.0,0.2,11.8,17.4,308,308,22.7,20.3,26.8,23.6,20.2,0.055,0.064,0.103,0.192,0,0.0,0.0,0.0,0.0,0.0,0.0,0.0,0.0,0.0,0.0,0.0,0.0,0.0
37.855885,-8.445038,91.0,2011-07-30T01:00,17.0,92,15.8,17.3,0.0,0.0,0.0,0.0,2,1017.8,1007.0,54,60,0,0,0.0,0.15,11.6,17.7,306,308,20.5,19.7,26.6,23.6,20.2,0.055,0.064,0.103,0.192,0,0.0,0.0,0.0,0.0,0.0,0.0,0.0,0.0,0.0,0.0,0.0,0.0,0.0
37.855885,-8.445038,91.0,2011-07-30T02:00,16.7,94,15.6,16.7,0.0,0.0,0.0,0.0,2,1017.6,1006.8,69,77,0,0,0.0,0.12,13.1,19.5,307,309,25.2,19.2,26.3,23.6,20.2,0.055,0.064,0.103,0.192,0,0.0,0.0,0.0,0.0,0.0,0.0,0.0,0.0,0.0,0.0,0.0,0.0,0.0
37.855885,-8.445038,91.0,2011-07-30T03:00,16.4,95,15.6,16.3,0.0,0.0,0.0,0.0,2,1017.5,1006.6,71,79,0,0,0.0,0.1,13.8,19.4,313,313,25.2,18.8,26.1,23.6,20.2,0.055,0.064,0.103,0.192,0,0.0,0.0,0.0,0.0,0.0,0.0,0.0,0.0,0.0,0.0,0.0,0.0,0.0
37.855885,-8.445038,91.0,2011-07-30T04:00,16.3,94,15.4,16.2,0.0,0.0,0.0,0.0,3,1017.7,1006.8,86,95,0,0,0.0,0.1,13.0,18.3,314,315,23.8,18.6,25.8,23.6,20.2,0.055,0.064,0.103,0.192,0,0.0,0.0,0.0,0.0,0.0,0.0,0.0,0.0,0.0,0.0,0.0,0.0,0.0
37.855885,-8.445038,91.0,2011-07-30T05:00,16.2,94,15.2,16.1,0.0,0.0,0.0,0.0,3,1017.6,1006.7,88,98,0,0,0.0,0.11,12.8,17.9,320,320,23.4,18.5,25.6,23.6,20.2,0.055,0.064,0.103,0.192,0,0.0,0.0,0.0,0.0,0.0,0.0,0.0,0.0,0.0,0.0,0.0,0.0,0.0
37.855885,-8.445038,91.0,2011-07-30T06:00,16.3,93,15.2,16.2,0.0,0.0,0.0,0.0,2,1017.9,1007.0,77,86,0,0,0.02,0.13,12.2,17.2,326,327,23.0,18.6,25.4,23.6,20.2,0.055,0.064,0.103,0.192,1,0.0,3.0,0.0,3.0,0.0,3.0,33.2,7.8,0.0,7.8,0.0,2.8,86.1
37.855885,-8.445038,91.0,2011-07-30T07:00,16.6,88,14.6,16.3,0.0,0.0,0.0,0.0,2,1017.9,1007.0,62,69,0,0,0.04,0.23,12.2,16.4,326,327,24.5,19.0,25.2,23.6,20.2,0.055,0.064,0.103,0.192,1,351.52,63.0,12.0,51.0,72.2,63.0,215.2,101.0,19.2,81.7,74.0,98.6,345.0
37.855885,-8.445038,91.0,2011-07-30T08:00,18.0,81,14.6,17.7,0.0,0.0,0.0,0.0,1,1018.2,1007.4,30,33,0,0,0.13,0.4,12.0,16.2,327,328,27.0,20.6,25.0,23.6,20.2,0.055,0.064,0.103,0.192,1,3600.0,216.0,99.0,117.0,277.9,216.0,472.7,273.3,125.3,148.0,277.9,273.3,598.0
37.855885,-8.445038,91.0,2011-07-30T09:00,20.0,70,14.5,19.6,0.0,0.0,0.0,0.0,0,1018.4,1007.7,10,11,0,0,0.26,0.69,13.1,17.1,328,330,29.5,23.1,24.9,23.6,20.2,0.055,0.064,0.103,0.192,1,3600.0,438.0,306.0,132.0,567.4,438.0,715.6,506.8,354.1,152.7,567.4,506.8,828.0
37.855885,-8.445038,91.0,2011-07-30T10:00,22.2,61,14.4,22.5,0.0,0.0,0.0,0.0,0,1018.5,1007.8,1,1,0,0,0.4,1.04,11.7,14.6,326,327,31.3,25.9,25.0,23.6,20.2,0.055,0.064,0.103,0.192,1,3600.0,643.0,491.0,152.0,702.5,643.0,927.4,706.7,539.6,167.1,702.5,706.7,1019.3
37.855885,-8.445038,91.0,2011-07-30T11:00,24.5,53,14.2,25.4,0.0,0.0,0.0,0.0,0,1018.2,1007.6,1,1,0,0,0.53,1.46,12.5,15.6,319,320,33.5,28.9,25.1,23.6,20.2,0.055,0.064,0.103,0.192,1,3600.0,795.0,631.0,164.0,765.5,795.0,1093.7,842.2,668.5,173.7,765.5,842.2,1158.7
37.855885,-8.445038,91.0,2011-07-30T12:00,26.2,47,14.0,27.3,0.0,0.0,0.0,0.0,0,1017.9,1007.4,2,2,0,0,0.61,1.81,13.8,17.3,311,312,35.3,31.4,25.2,23.6,20.2,0.055,0.064,0.103,0.192,1,3600.0,883.0,714.0,169.0,787.5,883.0,1203.1,907.7,734.0,173.7,787.5,907.7,1236.8
37.855885,-8.445038,91.0,2011-07-30T13:00,27.6,42,13.6,28.6,0.0,0.0,0.0,0.0,0,1017.7,1007.2,4,5,0,0,0.68,2.13,15.1,19.2,308,310,36.7,33.2,25.4,23.6,20.2,0.055,0.063,0.102,0.192,1,3600.0,942.0,783.0,159.0,832.4,942.0,1248.2,942.1,783.1,159.0,832.4,942.1,1248.3
37.855885,-8.445038,91.0,2011-07-30T14:00,28.4,39,13.2,29.2,0.0,0.0,0.0,0.0,0,1017.4,1007.0,2,2,0,0,0.7,2.36,16.1,20.4,310,312,37.4,34.4,25.7,23.6,20.2,0.055,0.063,0.102,0.192,1,3600.0,950.0,816.0,134.0,883.4,950.0,1225.8,924.0,793.7,130.3,883.4,924.0,1192.3
37.855885,-8.445038,91.0,2011-07-30T15:00,28.7,38,13.1,28.8,0.0,0.0,0.0,0.0,0,1016.7,1006.3,1,1,0,0,0.66,2.42,16.8,21.7,312,313,38.5,34.8,25.9,23.6,20.2,0.055,0.063,0.102,0.192,1,3600.0,871.0,747.0,124.0,871.5,871.0,1137.4,821.4,704.4,116.9,871.5,821.4,1072.6
37.855885,-8.445038,91.0,2011-07-30T16:00,28.2,40,13.5,27.7,0.0,0.0,0.0,0.0,0,1016.4,1006.0,0,0,0,0,0.57,2.28,17.5,22.5,307,309,39.6,34.3,26.1,23.6,20.2,0.055,0.063,0.102,0.192,1,3600.0,742.0,635.0,107.0,851.9,742.0,989.2,673.2,576.1,97.1,851.9,673.2,897.4
37.855885,-8.445038,91.0,2011-07-30T17:00,26.9,45,14.1,25.7,0.0,0.0,0.0,0.0,0,1016.4,1005.9,0,0,0,0,0.45,1.94,18.4,24.3,305,305,40.3,32.9,26.3,23.6,20.2,0.055,0.063,0.102,0.192,1,3600.0,570.0,476.0,94.0,798.5,570.0,791.0,489.0,408.4,80.6,798.5,489.0,678.6
37.855885,-8.445038,91.0,2011-07-30T18:00,25.1,52,14.6,23.8,0.0,0.0,0.0,0.0,0,1016.1,1005.6,0,0,0,0,0.31,1.52,18.6,25.0,306,306,40.3,30.7,26.4,23.6,20.2,0.055,0.063,0.102,0.192,1,3600.0,371.0,292.0,79.0,696.2,371.0,556.5,287.4,226.2,61.2,696.2,287.4,431.1
37.855885,-8.445038,91.0,2011-07-30T19:00,22.9,61,15.1,22.0,0.0,0.0,0.0,0.0,0,1016.2,1005.6,0,0,0,0,0.17,1.08,17.9,25.5,304,306,37.8,28.1,26.4,23.6,20.2,0.055,0.063,0.102,0.192,1,3600.0,172.0,119.0,53.0,523.5,172.0,301.7,98.0,67.8,30.2,523.5,98.0,171.8
37.855885,-8.445038,91.0,2011-07-30T20:00,20.9,69,15.1,20.2,0.0,0.0,0.0,0.0,0,1016.2,1005.5,0,0,0,0,0.08,0.76,16.7,25.5,307,310,35.3,25.4,26.3,23.6,20.2,0.055,0.063,0.102,0.192,0,428.01,24.0,11.0,13.0,109.0,24.0,75.6,0.0,0.0,0.0,0.0,0.0,0.0
37.855885,-8.445038,91.0,2011-07-30T21:00,19.7,74,15.0,19.3,0.0,0.0,0.0,0.0,0,1017.1,1006.4,1,1,0,0,0.04,0.59,14.6,25.5,310,316,31.0,23.4,26.2,23.6,20.2,0.055,0.063,0.102,0.192,0,0.0,0.0,0.0,0.0,0.0,0.0,0.0,0.0,0.0,0.0,0.0,0.0,0.0
37.855885,-8.445038,91.0,2011-07-30T22:00,18.9,77,14.8,18.5,0.0,0.0,0.0,0.0,0,1017.4,1006.6,0,0,0,1,0.03,0.49,13.3,23.7,311,317,27.4,22.0,26.1,23.6,20.2,0.055,0.063,0.102,0.192,0,0.0,0.0,0.0,0.0,0.0,0.0,0.0,0.0,0.0,0.0,0.0,0.0,0.0
37.855885,-8.445038,91.0,2011-07-30T23:00,18.1,81,14.7,17.6,0.0,0.0,0.0,0.0,0,1017.3,1006.5,3,3,0,1,0.02,0.4,14.0,24.7,318,323,26.6,20.9,25.9,23.6,20.2,0.055,0.063,0.102,0.192,0,0.0,0.0,0.0,0.0,0.0,0.0,0.0,0.0,0.0,0.0,0.0,0.0,0.0
37.855885,-8.445038,91.0,2011-07-31T00:00,17.4,83,14.6,17.0,0.0,0.0,0.0,0.0,0,1016.7,1005.9,4,2,0,9,0.02,0.33,13.3,23.5,327,331,25.6,20.0,25.7,23.6,20.3,0.055,0.063,0.102,0.192,0,0.0,0.0,0.0,0.0,0.0,0.0,0.0,0.0,0.0,0.0,0.0,0.0,0.0
37.855885,-8.445038,91.0,2011-07-31T01:00,16.8,87,14.5,16.5,0.0,0.0,0.0,0.0,0,1016.2,1005.4,7,2,0,18,0.01,0.26,12.1,22.1,330,334,24.5,19.2,25.5,23.6,20.3,0.055,0.063,0.102,0.192,0,0.0,0.0,0.0,0.0,0.0,0.0,0.0,0.0,0.0,0.0,0.0,0.0,0.0
37.855885,-8.445038,91.0,2011-07-31T02:00,16.3,90,14.6,16.0,0.0,0.0,0.0,0.0,0,1015.8,1005.0,14,9,0,21,0.0,0.19,12.0,21.3,327,332,22.3,18.6,25.3,23.6,20.3,0.055,0.063,0.102,0.192,0,0.0,0.0,0.0,0.0,0.0,0.0,0.0,0.0,0.0,0.0,0.0,0.0,0.0
37.855885,-8.445038,91.0,2011-07-31T03:00,15.8,93,14.7,15.7,0.0,0.0,0.0,0.0,1,1015.6,1004.7,24,16,0,31,0.0,0.12,11.6,21.0,324,329,20.5,18.0,25.0,23.6,20.3,0.055,0.063,0.102,0.192,0,0.0,0.0,0.0,0.0,0.0,0.0,0.0,0.0,0.0,0.0,0.0,0.0,0.0
37.855885,-8.445038,91.0,2011-07-31T04:00,15.6,95,14.7,15.4,0.0,0.0,0.0,0.0,2,1015.5,1004.6,60,53,0,42,0.0,0.09,12.0,20.3,327,330,19.1,17.6,24.8,23.6,20.3,0.055,0.063,0.102,0.192,0,0.0,0.0,0.0,0.0,0.0,0.0,0.0,0.0,0.0,0.0,0.0,0.0,0.0
37.855885,-8.445038,91.0,2011-07-31T05:00,15.5,96,14.8,15.4,0.0,0.0,0.0,0.0,2,1015.4,1004.5,79,76,0,35,0.0,0.08,11.9,19.5,331,332,20.2,17.4,24.6,23.6,20.3,0.055,0.063,0.102,0.192,0,0.0,0.0,0.0,0.0,0.0,0.0,0.0,0.0,0.0,0.0,0.0,0.0,0.0
37.855885,-8.445038,91.0,2011-07-31T06:00,15.6,96,14.9,15.4,0.0,0.0,0.0,0.0,3,1015.3,1004.4,82,91,0,2,0.02,0.08,12.4,18.0,338,340,20.5,17.4,24.4,23.6,20.3,0.055,0.063,0.102,0.192,1,0.0,3.0,0.0,3.0,0.0,3.0,31.5,7.9,0.0,7.9,0.0,2.8,82.8
37.855885,-8.445038,91.0,2011-07-31T07:00,16.2,90,14.6,16.1,0.0,0.0,0.0,0.0,2,1015.4,1004.6,75,82,0,5,0.04,0.18,10.7,14.8,340,342,23.8,17.7,24.2,23.6,20.3,0.055,0.063,0.102,0.192,1,0.0,59.0,9.0,50.0,54.5,59.0,212.1,95.2,14.5,80.6,56.3,92.1,342.0
37.855885,-8.445038,91.0,2011-07-31T08:00,17.7,82,14.5,17.6,0.0,0.0,0.0,0.0,0,1015.5,1004.7,17,15,0,12,0.12,0.37,10.2,13.2,337,338,23.4,19.7,24.0,23.6,20.3,0.055,0.063,0.102,0.192,1,3600.0,201.0,71.0,130.0,200.5,201.0,469.9,254.7,90.0,164.7,200.5,254.7,595.5
37.855885,-8.445038,91.0,2011-07-31T09:00,20.0,71,14.5,19.9,0.0,0.0,0.0,0.0,1,1015.5,1004.8,22,0,0,72,0.27,0.68,10.6,13.8,332,332,25.6,22.6,24.0,23.6,20.3,0.055,0.063,0.102,0.192,1,3600.0,455.0,323.0,132.0,601.0,455.0,713.3,526.8,374.0,152.8,601.0,526.8,825.9
37.855885,-8.445038,91.0,2011-07-31T10:00,22.4,61,14.4,22.9,0.0,0.0,0.0,0.0,0,1015.6,1005.0,20,0,0,66,0.4,1.06,9.9,12.3,327,328,28.1,25.8,24.0,23.6,20.3,0.055,0.063,0.102,0.192,1,3600.0,643.0,488.0,155.0,699.9,643.0,925.4,706.9,536.5,170.4,699.9,706.9,1017.4
37.855885,-8.445038,91.0,2011-07-31T11:00,24.7,52,14.1,25.7,0.0,0.0,0.0,0.0,1,1014.6,1004.1,21,0,0,70,0.52,1.5,10.6,13.0,325,326,30.2,28.8,24.2,23.6,20.3,0.055,0.063,0.102,0.192,1,3600.0,780.0,593.0,187.0,720.8,780.0,1092.0,826.5,628.3,198.1,720.8,826.5,1157.0
37.855885,-8.445038,91.0,2011-07-31T12:00,26.7,44,13.6,28.2,0.0,0.0,0.0,0.0,0,1014.4,1003.9,20,1,0,62,0.63,1.95,11.1,13.5,324,326,31.7,31.4,24.4,23.6,20.3,0.055,0.063,0.102,0.192,1,3600.0,897.0,703.0,194.0,776.6,897.0,1201.5,922.2,722.7,199.4,776.6,922.2,1235.2
37.855885,-8.445038,91.0,2011-07-31T13:00,28.2,39,12.7,29.4,0.0,0.0,0.0,0.0,0,1013.6,1003.2,17,0,0,58,0.67,2.35,11.4,14.2,325,330,32.0,33.3,24.6,23.6,20.3,0.055,0.063,0.102,0.192,1,3600.0,916.0,719.0,197.0,765.5,916.0,1246.6,916.1,719.0,197.0,765.5,916.1,1246.7
37.855885,-8.445038,91.0,2011-07-31T14:00,29.3,34,11.9,30.3,0.0,0.0,0.0,0.0,0,1013.0,1002.7,7,0,0,23,0.69,2.69,11.7,14.5,326,330,32.4,34.8,24.9,23.6,20.3,0.055,0.063,0.102,0.192,1,3600.0,920.0,746.0,174.0,808.9,920.0,1224.1,894.8,725.5,169.2,808.9,894.8,1190.5
37.855885,-8.445038,91.0,2011-07-31T15:00,29.9,32,11.3,30.2,0.0,0.0,0.0,0.0,0,1011.9,1001.6,0,0,0,1,0.66,2.89,12.3,15.4,320,323,32.4,35.4,25.2,23.6,20.3,0.055,0.063,0.102,0.192,1,3600.0,849.0,699.0,150.0,817.0,849.0,1135.6,800.4,659.0,141.4,817.0,800.4,1070.6
37.855885,-8.445038,91.0,2011-07-31T16:00,30.0,31,11.2,29.3,0.0,0.0,0.0,0.0,0,1012.0,1001.7,0,0,0,0,0.59,2.92,13.8,17.6,309,311,32.4,35.3,25.4,23.6,20.3,0.055,0.063,0.101,0.192,1,3600.0,727.0,605.0,122.0,813.6,727.0,987.0,659.3,548.7,110.6,813.6,659.3,895.1
37.855885,-8.445038,91.0,2011-07-31T17:00,29.3,33,11.6,27.4,0.0,0.0,0.0,0.0,0,1011.6,1001.3,0,0,0,1,0.48,2.72,16.0,21.0,306,308,32.8,34.3,25.7,23.6,20.3,0.055,0.063,0.101,0.192,1,3600.0,542.0,411.0,131.0,691.9,542.0,788.5,464.6,352.3,112.3,691.9,464.6,675.9
37.855885,-8.445038,91.0,2011-07-31T18:00,27.8,39,12.5,26.2,0.0,0.0,0.0,0.0,0,1011.5,1001.1,2,0,0,8,0.34,2.29,16.3,22.2,311,313,33.1,32.2,25.8,23.6,20.3,0.055,0.063,0.101,0.192,1,3600.0,336.0,221.0,115.0,529.9,336.0,553.6,259.8,170.9,88.9,529.9,259.8,428.0
37.855885,-8.445038,91.0,2011-07-31T19:00,25.6,49,14.1,24.7,0.0,0.0,0.0,0.0,0,1011.4,1000.9,12,0,0,40,0.19,1.66,15.0,21.2,316,318,33.5,29.7,25.9,23.6,20.3,0.055,0.063,0.101,0.192,1,3600.0,163.0,106.0,57.0,471.7,163.0,298.3,91.9,59.8,32.1,471.7,91.9,168.2
37.855885,-8.445038,91.0,2011-07-31T20:00,23.9,54,13.9,23.1,0.0,0.0,0.0,0.0,0,1011.0,1000.5,13,0,2,40,0.11,1.37,13.8,23.0,319,325,29.2,27.1,25.9,23.6,20.3,0.055,0.063,0.101,0.192,0,252.21,21.0,9.0,12.0,90.4,21.0,73.8,0.0,0.0,0.0,0.0,0.0,0.0
37.855885,-8.445038,91.0,2011-07-31T21:00,22.7,55,13.2,21.5,0.0,0.0,0.0,0.0,0,1011.3,1000.7,12,0,2,37,0.09,1.24,14.7,25.6,329,334,24.8,25.3,25.9,23.6,20.3,0.055,0.063,0.101,0.192,0,0.0,0.0,0.0,0.0,0.0,0.0,0.0,0.0,0.0,0.0,0.0,0.0,0.0
37.855885,-8.445038,91.0,2011-07-31T22:00,21.8,55,12.3,20.5,0.0,0.0,0.0,0.0,1,1011.9,1001.3,22,0,15,43,0.08,1.18,13.2,24.0,331,336,25.9,24.0,25.8,23.6,20.3,0.055,0.063,0.101,0.192,0,0.0,0.0,0.0,0.0,0.0,0.0,0.0,0.0,0.0,0.0,0.0,0.0,0.0
37.855885,-8.445038,91.0,2011-07-31T23:00,20.8,56,11.6,19.6,0.0,0.0,0.0,0.0,1,1011.5,1000.9,21,0,12,45,0.07,1.09,12.0,22.7,344,349,24.8,22.8,25.7,23.6,20.3,0.055,0.063,0.101,0.192,0,0.0,0.0,0.0,0.0,0.0,0.0,0.0,0.0,0.0,0.0,0.0,0.0,0.0
37.855885,-8.445038,91.0,2011-08-01T00:00,20.0,58,11.4,18.8,0.0,0.0,0.0,0.0,0,1010.8,1000.1,18,0,8,43,0.06,0.98,10.8,21.6,358,1,20.5,21.8,25.6,23.6,20.3,0.055,0.063,0.101,0.192,0,0.0,0.0,0.0,0.0,0.0,0.0,0.0,0.0,0.0,0.0,0.0,0.0,0.0
37.855885,-8.445038,91.0,2011-08-01T01:00,19.4,61,11.6,18.3,0.0,0.0,0.0,0.0,0,1010.1,999.4,15,0,6,39,0.05,0.88,10.8,21.3,15,16,35.3,21.0,25.4,23.6,20.3,0.055,0.063,0.101,0.192,0,0.0,0.0,0.0,0.0,0.0,0.0,0.0,0.0,0.0,0.0,0.0,0.0,0.0
37.855885,-8.445038,91.0,2011-08-01T02:00,19.1,61,11.5,18.5,0.0,0.0,0.0,0.0,1,1010.1,999.4,27,0,17,57,0.03,0.86,7.3,15.9,340,357,36.4,20.6,25.3,23.6,20.3,0.055,0.063,0.101,0.192,0,0.0,0.0,0.0,0.0,0.0,0.0,0.0,0.0,0.0,0.0,0.0,0.0,0.0
37.855885,-8.445038,91.0,2011-08-01T03:00,18.8,63,11.6,17.5,0.0,0.0,0.0,0.0,1,1009.9,999.2,40,1,25,80,0.05,0.8,11.8,21.2,340,345,33.5,20.3,25.1,23.6,20.3,0.055,0.063,0.101,0.192,0,0.0,0.0,0.0,0.0,0.0,0.0,0.0,0.0,0.0,0.0,0.0,0.0,0.0
37.855885,-8.445038,91.0,2011-08-01T04:00,18.3,66,12.0,17.3,0.0,0.0,0.0,0.0,1,1009.7,999.0,49,0,35,92,0.04,0.71,10.9,20.3,6,7,38.5,19.8,24.9,23.6,20.3,0.055,0.063,0.101,0.192,0,0.0,0.0,0.0,0.0,0.0,0.0,0.0,0.0,0.0,0.0,0.0,0.0,0.0
37.855885,-8.445038,91.0,2011-08-01T05:00,18.1,70,12.4,18.0,0.0,0.0,0.0,0.0,2,1009.8,999.1,66,1,59,99,0.01,0.63,5.8,13.4,7,14,40.3,19.5,24.8,23.6,20.3,0.055,0.063,0.101,0.192,0,0.0,0.0,0.0,0.0,0.0,0.0,0.0,0.0,0.0,0.0,0.0,0.0,0.0
37.855885,-8.445038,91.0,2011-08-01T06:00,17.9,73,12.9,18.3,0.0,0.0,0.0,0.0,2,1010.3,999.6,70,0,68,97,0.03,0.56,3.4,8.3,328,358,39.6,19.2,24.6,23.6,20.3,0.055,0.063,0.101,0.192,1,0.0,2.0,0.0,2.0,0.0,2.0,29.8,5.3,0.0,5.3,0.0,1.8,79.4
37.855885,-8.445038,91.0,2011-08-01T07:00,18.2,77,14.2,18.5,0.4,0.4,0.0,0.0,51,1010.4,999.7,49,0,33,98,0.05,0.47,7.3,12.3,349,353,25.9,19.5,24.4,23.6,20.3,0.058,0.063,0.101,0.192,1,0.0,28.0,1.0,27.0,6.1,28.0,208.9,45.4,1.6,43.8,6.4,43.6,339.1
37.855885,-8.445038,91.0,2011-08-01T08:00,18.7,78,14.8,18.6,0.2,0.2,0.0,0.0,51,1009.6,998.9,37,0,12,98,0.09,0.48,11.5,20.2,358,359,26.3,20.4,24.3,23.6,20.3,0.059,0.063,0.101,0.192,1,0.0,92.0,1.0,91.0,2.8,92.0,467.2,116.8,1.3,115.5,2.8,116.8,593.0
37.855885,-8.445038,91.0,2011-08-01T09:00,19.9,74,15.2,19.6,0.3,0.3,0.0,0.0,51,1010.0,999.4,29,0,3,90,0.17,0.6,13.8,19.7,332,336,28.1,21.1,24.2,23.6,20.3,0.06,0.063,0.101,0.192,1,1785.45,231.0,64.0,167.0,119.5,231.0,710.9,267.6,74.2,193.5,119.5,267.6,823.7
37.855885,-8.445038,91.0,2011-08-01T10:00,21.6,66,15.0,20.8,0.1,0.1,0.0,0.0,51,1009.3,998.7,32,0,13,81,0.3,0.88,17.1,23.0,325,328,35.3,23.1,24.2,23.6,20.3,0.061,0.063,0.101,0.192,1,3600.0,443.0,169.0,274.0,243.0,443.0,923.4,487.2,185.9,301.3,243.0,487.2,1015.5
37.855885,-8.445038,91.0,2011-08-01T11:00,22.5,64,15.4,21.1,0.4,0.4,0.0,0.0,51,1009.0,998.5,35,0,18,82,0.35,0.97,21.4,30.1,316,319,38.9,25.0,24.2,23.6,20.3,0.062,0.063,0.101,0.192,1,3600.0,528.0,245.0,283.0,298.4,528.0,1090.2,559.6,259.6,299.9,298.4,559.6,1155.3
37.855885,-8.445038,91.0,2011-08-01T12:00,23.4,62,15.7,22.9,0.2,0.2,0.0,0.0,51,1009.1,998.6,61,0,56,90,0.44,1.09,20.4,30.1,315,318,44.3,26.7,24.2,23.6,20.3,0.064,0.063,0.101,0.192,1,3600.0,671.0,492.0,179.0,544.4,671.0,1199.8,689.9,505.8,184.0,544.4,689.9,1233.6
37.855885,-8.445038,91.0,2011-08-01T13:00,24.1,60,15.9,24.9,0.3,0.3,0.0,0.0,51,1010.2,999.7,81,1,87,94,0.45,1.2,13.0,18.9,316,320,43.6,27.8,24.3,23.6,20.3,0.064,0.063,0.101,0.192,1,3600.0,666.0,389.0,277.0,414.8,666.0,1244.9,666.0,389.0,277.0,414.8,666.0,1245.0
37.855885,-8.445038,91.0,2011-08-01T14:00,24.3,61,16.2,25.2,1.1,1.1,0.0,0.0,55,1009.9,999.4,37,2,16,86,0.43,1.19,10.7,15.2,327,329,37.8,28.7,24.5,23.6,20.3,0.07,0.063,0.101,0.192,1,3600.0,624.0,362.0,262.0,393.2,624.0,1222.3,606.8,352.0,254.8,393.2,606.8,1188.7
37.855885,-8.445038,91.0,2011-08-01T15:00,23.0,69,17.0,24.2,2.0,2.0,0.0,0.0,61,1009.8,999.3,69,5,61,92,0.31,0.88,8.9,12.1,333,337,32.0,27.8,24.6,23.6,20.3,0.096,0.063,0.101,0.192,1,3224.25,448.0,143.0,305.0,167.5,448.0,1133.6,422.3,134.8,287.5,167.5,422.3,1068.5
37.855885,-8.445038,91.0,2011-08-01T16:00,22.6,72,17.3,23.7,2.0,2.0,0.0,0.0,61,1009.5,999.0,85,0,95,94,0.25,0.77,9.6,13.3,326,327,32.8,27.0,24.7,23.6,20.3,0.123,0.063,0.101,0.192,1,3377.18,361.0,128.0,233.0,172.6,361.0,984.7,327.2,116.0,211.2,172.6,327.2,892.7
37.855885,-8.445038,91.0,2011-08-01T17:00,21.9,77,17.7,23.4,1.8,1.8,0.0,0.0,61,1009.2,998.6,87,0,96,98,0.14,0.59,8.3,12.8,326,328,31.0,25.5,24.7,23.6,20.4,0.158,0.063,0.101,0.192,1,0.0,174.0,27.0,147.0,45.6,174.0,785.9,149.0,23.1,125.9,45.6,149.0,673.1
37.855885,-8.445038,91.0,2011-08-01T18:00,21.4,80,17.8,23.2,0.5,0.5,0.0,0.0,53,1009.7,999.1,89,1,98,99,0.1,0.51,7.2,10.7,276,284,19.4,24.1,24.6,23.6,20.4,0.174,0.063,0.101,0.192,1,0.0,129.0,16.0,113.0,38.6,129.0,550.5,99.5,12.3,87.2,38.6,99.5,424.7
37.855885,-8.445038,91.0,2011-08-01T19:00,20.1,93,18.9,21.8,1.5,1.5,0.0,0.0,61,1010.1,999.5,86,8,81,100,0.04,0.18,10.8,18.0,270,272,19.4,23.2,24.6,23.6,20.4,0.197,0.063,0.101,0.192,1,0.0,36.0,0.0,36.0,0.0,36.0,294.8,20.1,0.0,20.1,0.0,20.1,164.5
37.855885,-8.445038,91.0,2011-08-01T20:00,19.3,95,18.5,20.5,0.3,0.3,0.0,0.0,51,1010.6,999.9,83,26,54,92,0.02,0.11,13.0,22.7,276,280,23.0,22.2,24.4,23.6,20.4,0.203,0.064,0.101,0.192,0,0.0,7.0,0.0,7.0,0.0,7.0,72.0,0.0,0.0,0.0,0.0,0.0,0.0
37.855885,-8.445038,91.0,2011-08-01T21:00,18.5,97,17.9,19.5,0.1,0.1,0.0,0.0,51,1011.5,1000.8,91,72,30,26,0.0,0.07,12.4,22.0,278,285,24.8,21.4,24.3,23.6,20.4,0.205,0.064,0.101,0.192,0,0.0,0.0,0.0,0.0,0.0,0.0,0.0,0.0,0.0,0.0,0.0,0.0,0.0
37.855885,-8.445038,91.0,2011-08-01T22:00,18.0,97,17.5,19.4,0.0,0.0,0.0,0.0,2,1012.4,1001.7,64,65,10,0,0.0,0.07,9.1,16.1,277,286,23.4,20.9,24.1,23.5,20.4,0.204,0.065,0.101,0.192,0,0.0,0.0,0.0,0.0,0.0,0.0,0.0,0.0,0.0,0.0,0.0,0.0,0.0
37.855885,-8.445038,91.0,2011-08-01T23:00,17.8,96,17.1,19.0,0.0,0.0,0.0,0.0,2,1012.9,1002.1,63,65,7,0,0.0,0.08,8.8,16.1,279,290,21.2,20.5,23.9,23.5,20.4,0.202,0.065,0.101,0.192,0,0.0,0.0,0.0,0.0,0.0,0.0,0.0,0.0,0.0,0.0,0.0,0.0,0.0
37.855885,-8.445038,91.0,2011-08-02T00:00,17.6,95,16.8,18.8,0.0,0.0,0.0,0.0,2,1012.9,1002.1,69,71,9,0,0.0,0.1,8.0,14.9,280,290,20.2,20.2,23.7,23.5,20.4,0.201,0.066,0.101,0.192,0,0.0,0.0,0.0,0.0,0.0,0.0,0.0,0.0,0.0,0.0,0.0,0.0,0.0
37.855885,-8.445038,91.0,2011-08-02T01:00,17.3,95,16.6,18.5,0.0,0.0,0.0,0.0,2,1013.2,1002.4,65,67,8,0,0.0,0.09,7.2,12.8,270,281,18.7,19.9,23.5,23.5,20.4,0.2,0.066,0.101,0.192,0,0.0,0.0,0.0,0.0,0.0,0.0,0.0,0.0,0.0,0.0,0.0,0.0,0.0
37.855885,-8.445038,91.0,2011-08-02T02:00,17.2,95,16.4,18.3,0.0,0.0,0.0,0.0,2,1013.1,1002.3,69,71,9,0,0.0,0.09,7.6,13.5,270,279,17.3,19.6,23.3,23.5,20.4,0.199,0.066,0.101,0.192,0,0.0,0.0,0.0,0.0,0.0,0.0,0.0,0.0,0.0,0.0,0.0,0.0,0.0
37.855885,-8.445038,91.0,2011-08-02T03:00,17.1,95,16.3,18.0,0.0,0.0,0.0,0.0,3,1013.4,1002.6,90,98,3,0,0.0,0.09,8.2,14.6,285,290,16.2,19.4,23.1,23.5,20.4,0.197,0.067,0.101,0.192,0,0.0,0.0,0.0,0.0,0.0,0.0,0.0,0.0,0.0,0.0,0.0,0.0,0.0
37.855885,-8.445038,91.0,2011-08-02T04:00,17.1,95,16.3,17.9,0.0,0.0,0.0,0.0,3,1013.7,1002.9,92,100,4,0,0.0,0.1,8.9,15.3,302,304,16.6,19.3,22.9,23.5,20.4,0.196,0.067,0.101,0.192,0,0.0,0.0,0.0,0.0,0.0,0.0,0.0,0.0,0.0,0.0,0.0,0.0,0.0
37.855885,-8.445038,91.0,2011-08-02T05:00,17.0,95,16.2,17.7,0.0,0.0,0.0,0.0,3,1014.1,1003.3,87,97,0,0,0.0,0.1,9.7,16.6,315,318,16.6,19.1,22.7,23.5,20.4,0.195,0.068,0.101,0.192,0,0.0,0.0,0.0,0.0,0.0,0.0,0.0,0.0,0.0,0.0,0.0,0.0,0.0
37.855885,-8.445038,91.0,2011-08-02T06:00,17.1,94,16.2,17.8,0.0,0.0,0.0,0.0,2,1014.5,1003.7,60,67,0,0,0.02,0.11,10.2,16.0,328,329,18.4,19.1,22.5,23.5,20.4,0.194,0.068,0.101,0.192,1,0.0,2.0,0.0,2.0,0.0,2.0,28.1,5.4,0.0,5.4,0.0,1.8,75.9
37.855885,-8.445038,91.0,2011-08-02T07:00,17.4,93,16.3,18.1,0.0,0.0,0.0,0.0,2,1014.9,1004.1,63,70,0,0,0.03,0.13,10.5,14.8,333,334,20.2,19.4,22.4,23.5,20.4,0.193,0.068,0.101,0.192,1,39.62,49.0,10.0,39.0,61.4,49.0,205.7,80.1,16.3,63.7,64.5,76.2,336.1
37.855885,-8.445038,91.0,2011-08-02T08:00,18.7,82,15.7,19.0,0.0,0.0,0.0,0.0,3,1015.3,1004.6,88,98,0,0,0.11,0.38,11.1,14.5,335,337,23.4,20.3,22.3,23.5,20.4,0.193,0.069,0.101,0.192,1,3600.0,183.0,73.0,110.0,208.7,183.0,464.4,232.6,92.8,139.8,208.7,232.6,590.4
37.855885,-8.445038,91.0,2011-08-02T09:00,20.3,74,15.6,20.6,0.0,0.0,0.0,0.0,3,1015.9,1005.2,87,97,0,0,0.2,0.61,11.2,14.9,339,340,25.2,21.7,22.3,23.5,20.4,0.191,0.069,0.101,0.192,1,3600.0,310.0,113.0,197.0,211.8,310.0,708.5,359.4,131.0,228.4,211.8,359.4,821.5
37.855885,-8.445038,91.0,2011-08-02T10:00,21.7,69,15.7,22.1,0.0,0.0,0.0,0.0,3,1016.4,1005.7,88,98,0,0,0.27,0.8,10.4,13.3,326,327,25.9,23.4,22.3,23.4,20.4,0.189,0.069,0.101,0.192,1,2826.55,401.0,107.0,294.0,154.2,401.0,921.3,441.1,117.7,323.4,154.2,441.1,1013.6
37.855885,-8.445038,91.0,2011-08-02T11:00,22.8,65,15.9,23.2,0.0,0.0,0.0,0.0,3,1016.6,1006.0,90,100,0,0,0.32,0.97,10.9,14.1,326,328,27.4,24.5,22.5,23.4,20.4,0.188,0.069,0.101,0.192,1,3397.79,468.0,142.0,326.0,173.3,468.0,1088.3,496.1,150.5,345.5,173.3,496.1,1153.6
37.855885,-8.445038,91.0,2011-08-02T12:00,23.7,62,16.0,24.2,0.0,0.0,0.0,0.0,3,1016.8,1006.2,90,100,0,0,0.39,1.11,11.1,14.2,324,324,28.1,25.6,22.6,23.4,20.4,0.185,0.069,0.101,0.192,1,3600.0,574.0,216.0,358.0,239.4,574.0,1198.1,590.2,222.1,368.1,239.4,590.2,1231.9
37.855885,-8.445038,91.0,2011-08-02T13:00,24.3,60,16.0,24.8,0.0,0.0,0.0,0.0,3,1017.2,1006.6,82,89,3,0,0.41,1.23,11.7,15.0,317,318,29.2,26.5,22.8,23.4,20.4,0.183,0.07,0.101,0.192,1,3600.0,584.0,232.0,352.0,247.8,584.0,1243.2,584.0,232.0,352.0,247.8,584.0,1243.2
37.855885,-8.445038,91.0,2011-08-02T14:00,24.5,59,16.1,24.7,0.0,0.0,0.0,0.0,2,1017.2,1006.6,53,53,8,2,0.38,1.25,13.0,16.6,309,311,29.9,26.8,23.1,23.4,20.4,0.181,0.07,0.101,0.192,1,3600.0,522.0,198.0,324.0,215.4,522.0,1220.5,507.6,192.5,315.0,215.4,507.6,1186.8
37.855885,-8.445038,91.0,2011-08-02T15:00,24.7,59,16.1,24.6,0.0,0.0,0.0,0.0,0,1017.0,1006.4,16,14,6,0,0.38,1.27,14.6,18.7,303,304,31.3,27.2,23.3,23.4,20.4,0.179,0.07,0.101,0.192,1,3600.0,514.0,259.0,255.0,304.0,514.0,1131.6,484.4,244.1,240.3,304.0,484.4,1066.3
37.855885,-8.445038,91.0,2011-08-02T16:00,24.6,59,16.0,24.3,0.0,0.0,0.0,0.0,0,1017.3,1006.7,17,18,2,0,0.39,1.27,15.9,20.5,303,304,33.5,27.3,23.5,23.4,20.4,0.177,0.07,0.101,0.192,1,3600.0,548.0,312.0,236.0,421.8,548.0,982.4,496.5,282.7,213.8,421.8,496.5,890.1
37.855885,-8.445038,91.0,2011-08-02T17:00,23.8,60,15.5,23.2,0.0,0.0,0.0,0.0,0,1017.5,1006.9,8,9,0,0,0.34,1.18,16.8,22.2,305,306,34.6,26.8,23.6,23.4,20.4,0.175,0.07,0.101,0.192,1,3600.0,493.0,371.0,122.0,629.1,493.0,783.1,421.9,317.5,104.4,629.1,421.9,670.1
37.855885,-8.445038,91.0,2011-08-02T18:00,22.7,61,14.9,21.9,0.0,0.0,0.0,0.0,0,1017.8,1007.2,0,0,0,0,0.24,1.06,16.2,22.3,307,308,34.2,25.6,23.7,23.4,20.4,0.174,0.07,0.101,0.192,1,3600.0,332.0,254.0,78.0,616.3,332.0,547.4,255.5,195.5,60.0,616.3,255.5,421.3
37.855885,-8.445038,91.0,2011-08-02T19:00,21.1,67,14.8,20.4,0.0,0.0,0.0,0.0,0,1018.2,1007.5,0,0,0,0,0.13,0.82,15.1,21.3,308,309,33.1,24.0,23.8,23.4,20.4,0.173,0.07,0.101,0.192,1,3600.0,160.0,107.0,53.0,488.1,160.0,291.1,88.3,59.0,29.2,488.1,88.3,160.6
37.855885,-8.445038,91.0,2011-08-02T20:00,19.6,75,15.0,19.3,0.0,0.0,0.0,0.0,0,1018.3,1007.6,0,0,0,0,0.05,0.57,12.8,20.9,308,311,28.8,22.3,23.7,23.4,20.4,0.173,0.071,0.101,0.192,0,244.35,20.0,9.0,11.0,93.1,20.0,70.1,0.0,0.0,0.0,0.0,0.0,0.0
37.855885,-8.445038,91.0,2011-08-02T21:00,18.6,81,15.2,18.6,0.0,0.0,0.0,0.0,0,1019.2,1008.4,0,0,0,0,0.02,0.41,11.5,20.4,311,315,23.4,20.9,23.5,23.4,20.4,0.172,0.071,0.101,0.192,0,0.0,0.0,0.0,0.0,0.0,0.0,0.0,0.0,0.0,0.0,0.0,0.0,0.0
37.855885,-8.445038,91.0,2011-08-02T22:00,17.8,86,15.4,18.2,0.0,0.0,0.0,0.0,0,1019.6,1008.8,0,0,0,0,0.01,0.29,10.0,19.1,311,316,20.2,20.0,23.4,23.4,20.4,0.172,0.071,0.101,0.192,0,0.0,0.0,0.0,0.0,0.0,0.0,0.0,0.0,0.0,0.0,0.0,0.0,0.0
37.855885,-8.445038,91.0,2011-08-02T23:00,17.3,89,15.5,17.7,0.0,0.0,0.0,0.0,0,1019.5,1008.7,1,1,0,0,0.0,0.21,9.7,19.2,318,322,18.0,19.3,23.1,23.4,20.4,0.171,0.071,0.101,0.192,0,0.0,0.0,0.0,0.0,0.0,0.0,0.0,0.0,0.0,0.0,0.0,0.0,0.0
37.855885,-8.445038,91.0,2011-08-03T00:00,16.8,93,15.6,17.2,0.0,0.0,0.0,0.0,0,1019.9,1009.0,0,0,0,0,0.0,0.14,9.7,19.3,321,327,17.3,18.7,22.9,23.4,20.4,0.171,0.071,0.101,0.192,0,0.0,0.0,0.0,0.0,0.0,0.0,0.0,0.0,0.0,0.0,0.0,0.0,0.0
37.855885,-8.445038,91.0,2011-08-03T01:00,16.2,94,15.3,16.6,0.0,0.0,0.0,0.0,0,1019.6,1008.7,4,4,0,0,0.0,0.1,9.4,18.8,328,331,16.2,18.2,22.7,23.4,20.4,0.171,0.071,0.101,0.192,0,0.0,0.0,0.0,0.0,0.0,0.0,0.0,0.0,0.0,0.0,0.0,0.0,0.0
37.855885,-8.445038,91.0,2011-08-03T02:00,15.8,96,15.2,16.2,0.0,0.0,0.0,0.0,1,1019.3,1008.4,25,28,0,0,0.0,0.07,9.0,18.4,331,337,14.8,17.9,22.5,23.3,20.4,0.17,0.071,0.101,0.192,0,0.0,0.0,0.0,0.0,0.0,0.0,0.0,0.0,0.0,0.0,0.0,0.0,0.0
37.855885,-8.445038,91.0,2011-08-03T03:00,15.5,97,15.1,15.7,0.0,0.0,0.0,0.0,3,1019.2,1008.3,90,100,0,0,0.0,0.04,9.7,17.4,338,342,13.7,17.5,22.2,23.3,20.4,0.17,0.071,0.101,0.192,0,0.0,0.0,0.0,0.0,0.0,0.0,0.0,0.0,0.0,0.0,0.0,0.0,0.0
37.855885,-8.445038,91.0,2011-08-03T04:00,15.4,98,15.1,15.5,0.0,0.0,0.0,0.0,3,1019.2,1008.3,90,100,0,0,0.0,0.03,10.8,17.4,345,347,15.1,17.4,22.0,23.3,20.4,0.17,0.072,0.101,0.192,0,0.0,0.0,0.0,0.0,0.0,0.0,0.0,0.0,0.0,0.0,0.0,0.0,0.0
37.855885,-8.445038,91.0,2011-08-03T05:00,15.5,98,15.3,15.6,0.0,0.0,0.0,0.0,3,1019.3,1008.4,90,100,0,0,0.0,0.03,11.7,17.2,349,350,19.4,17.5,21.8,23.3,20.4,0.169,0.072,0.101,0.192,0,0.0,0.0,0.0,0.0,0.0,0.0,0.0,0.0,0.0,0.0,0.0,0.0,0.0
37.855885,-8.445038,91.0,2011-08-03T06:00,15.7,97,15.3,15.8,0.0,0.0,0.0,0.0,3,1019.9,1009.0,90,100,0,0,0.01,0.05,11.9,16.7,355,354,19.8,17.6,21.6,23.3,20.4,0.169,0.072,0.101,0.192,1,0.0,2.0,0.0,2.0,0.0,2.0,26.4,5.5,0.0,5.5,0.0,1.7,72.5
37.855885,-8.445038,91.0,2011-08-03T07:00,16.2,93,15.0,16.1,0.0,0.0,0.0,0.0,3,1020.0,1009.1,90,100,0,0,0.03,0.14,12.2,16.9,358,359,24.1,18.0,21.4,23.3,20.4,0.168,0.072,0.101,0.192,1,0.0,41.0,5.0,36.0,30.9,41.0,202.5,67.4,8.2,59.2,32.8,63.6,333.1
37.855885,-8.445038,91.0,2011-08-03T08:00,17.1,87,14.9,16.9,0.0,0.0,0.0,0.0,3,1020.7,1009.8,87,97,0,0,0.09,0.26,12.6,16.9,2,1,25.9,19.1,21.3,23.3,20.4,0.168,0.072,0.101,0.192,1,444.17,147.0,26.0,121.0,74.8,147.0,461.6,187.2,33.1,154.1,74.8,187.2,587.8
37.855885,-8.445038,91.0,2011-08-03T09:00,18.1,81,14.8,17.9,0.0,0.0,0.0,0.0,3,1020.8,1010.0,83,92,0,0,0.15,0.39,12.3,16.2,3,3,27.0,20.3,21.3,23.3,20.4,0.167,0.072,0.101,0.192,1,626.52,256.0,43.0,213.0,80.9,256.0,706.1,297.0,49.9,247.1,80.9,297.0,819.3
37.855885,-8.445038,91.0,2011-08-03T10:00,19.6,73,14.7,19.7,0.0,0.0,0.0,0.0,2,1020.7,1009.9,68,75,0,0,0.27,0.61,9.7,12.6,4,5,28.1,22.1,21.4,23.2,20.4,0.166,0.072,0.101,0.192,1,3054.98,445.0,112.0,333.0,161.8,445.0,919.2,489.7,123.3,366.5,161.8,489.7,1011.6
37.855885,-8.445038,91.0,2011-08-03T11:00,21.6,64,14.5,22.5,0.0,0.0,0.0,0.0,1,1020.6,1009.9,46,51,0,0,0.43,0.92,9.8,12.6,354,355,28.1,24.6,21.6,23.2,20.4,0.164,0.072,0.101,0.192,1,3600.0,696.0,468.0,228.0,572.2,696.0,1086.5,737.8,496.1,241.7,572.2,737.8,1151.8
37.855885,-8.445038,91.0,2011-08-03T12:00,23.5,56,14.1,25.2,0.0,0.0,0.0,0.0,0,1020.6,1010.0,4,4,0,0,0.57,1.28,10.5,13.4,344,346,28.4,26.9,21.8,23.2,20.4,0.162,0.072,0.101,0.192,1,3600.0,895.0,741.0,154.0,822.7,895.0,1196.4,920.3,761.9,158.4,822.7,920.3,1230.2
37.855885,-8.445038,91.0,2011-08-03T13:00,25.0,49,13.7,26.9,0.0,0.0,0.0,0.0,0,1020.2,1009.6,0,0,0,0,0.64,1.61,11.1,13.9,335,339,28.4,28.7,22.2,23.2,20.5,0.159,0.072,0.101,0.192,1,3600.0,954.0,828.0,126.0,885.9,954.0,1241.5,954.0,828.0,126.0,885.9,954.0,1241.5
37.855885,-8.445038,91.0,2011-08-03T14:00,26.0,46,13.5,27.5,0.0,0.0,0.0,0.0,0,1019.9,1009.4,0,0,0,0,0.64,1.81,12.3,15.3,328,330,29.5,29.8,22.6,23.2,20.5,0.157,0.072,0.101,0.192,1,3600.0,939.0,824.0,115.0,898.1,939.0,1218.7,912.9,801.1,111.8,898.1,912.9,1184.8
37.855885,-8.445038,91.0,2011-08-03T15:00,26.6,44,13.4,27.3,0.0,0.0,0.0,0.0,0,1019.9,1009.4,0,0,0,0,0.61,1.94,13.7,17.2,325,327,31.7,30.1,23.0,23.2,20.5,0.154,0.072,0.101,0.192,1,3600.0,857.0,744.0,113.0,875.0,857.0,1129.5,807.4,700.9,106.5,875.0,807.4,1064.1
37.855885,-8.445038,91.0,2011-08-03T16:00,26.5,45,13.5,26.3,0.0,0.0,0.0,0.0,0,1019.6,1009.1,0,0,0,0,0.53,1.92,15.3,19.8,321,323,33.5,29.8,23.3,23.2,20.5,0.152,0.072,0.1,0.192,1,3600.0,722.0,615.0,107.0,833.6,722.0,980.0,653.9,557.0,96.9,833.6,653.9,887.5
37.855885,-8.445038,91.0,2011-08-03T17:00,26.0,46,13.7,24.7,0.0,0.0,0.0,0.0,0,1019.6,1009.1,0,0,0,0,0.42,1.8,16.8,22.3,318,321,34.9,28.9,23.6,23.2,20.5,0.151,0.072,0.1,0.192,1,3600.0,549.0,454.0,95.0,772.9,549.0,780.3,469.3,388.1,81.2,772.9,469.3,667.1
37.855885,-8.445038,91.0,2011-08-03T18:00,24.9,51,14.1,23.7,0.0,0.0,0.0,0.0,0,1019.5,1008.9,0,0,0,0,0.29,1.54,17.3,24.0,317,319,35.3,27.5,23.8,23.2,20.5,0.149,0.072,0.1,0.192,1,3600.0,353.0,274.0,79.0,668.9,353.0,544.1,271.1,210.4,60.7,668.9,271.1,417.8
37.855885,-8.445038,91.0,2011-08-03T19:00,22.8,62,15.2,22.0,0.0,0.0,0.0,0.0,0,1019.7,1009.1,0,0,0,0,0.15,1.05,16.8,24.7,315,317,34.9,25.5,23.8,23.2,20.5,0.149,0.072,0.1,0.192,1,3600.0,156.0,104.0,52.0,480.6,156.0,287.4,85.0,56.7,28.3,480.6,85.0,156.7
37.855885,-8.445038,91.0,2011-08-03T20:00,21.1,69,15.3,20.5,0.0,0.0,0.0,0.0,0,1020.0,1009.3,0,0,0,0,0.08,0.77,16.3,27.5,319,323,31.7,23.5,23.8,23.2,20.5,0.149,0.072,0.1,0.191,0,166.21,18.0,8.0,10.0,84.0,18.0,68.1,0.0,0.0,0.0,0.0,0.0,0.0
37.855885,-8.445038,91.0,2011-08-03T21:00,20.2,73,15.1,19.6,0.0,0.0,0.0,0.0,0,1020.3,1009.6,0,0,0,0,0.05,0.64,15.4,27.7,327,332,29.2,22.1,23.7,23.2,20.5,0.148,0.072,0.1,0.191,0,0.0,0.0,0.0,0.0,0.0,0.0,0.0,0.0,0.0,0.0,0.0,0.0,0.0
37.855885,-8.445038,91.0,2011-08-03T22:00,19.6,74,14.9,19.1,0.0,0.0,0.0,0.0,0,1020.6,1009.8,0,0,0,0,0.04,0.59,14.6,27.3,340,344,27.7,21.2,23.6,23.2,20.5,0.148,0.072,0.1,0.191,0,0.0,0.0,0.0,0.0,0.0,0.0,0.0,0.0,0.0,0.0,0.0,0.0,0.0
37.855885,-8.445038,91.0,2011-08-03T23:00,19.0,76,14.6,18.5,0.0,0.0,0.0,0.0,0,1020.5,1009.7,0,0,0,0,0.03,0.53,13.7,26.2,346,351,25.9,20.5,23.4,23.2,20.5,0.148,0.072,0.1,0.191,0,0.0,0.0,0.0,0.0,0.0,0.0,0.0,0.0,0.0,0.0,0.0,0.0,0.0
37.855885,-8.445038,91.0,2011-08-04T00:00,18.3,77,14.2,17.8,0.0,0.0,0.0,0.0,0,1020.5,1009.7,0,0,0,0,0.03,0.48,12.9,25.1,347,353,23.8,19.9,23.3,23.2,20.5,0.148,0.072,0.1,0.191,0,0.0,0.0,0.0,0.0,0.0,0.0,0.0,0.0,0.0,0.0,0.0,0.0,0.0
37.855885,-8.445038,91.0,2011-08-04T01:00,17.8,79,14.1,17.2,0.0,0.0,0.0,0.0,0,1020.4,1009.6,0,0,0,0,0.02,0.43,13.0,24.8,346,351,22.7,19.3,23.1,23.2,20.5,0.148,0.072,0.1,0.191,0,0.0,0.0,0.0,0.0,0.0,0.0,0.0,0.0,0.0,0.0,0.0,0.0,0.0
37.855885,-8.445038,91.0,2011-08-04T02:00,17.3,80,13.9,16.7,0.0,0.0,0.0,0.0,0,1019.9,1009.1,1,1,0,0,0.02,0.39,13.1,24.6,344,349,22.7,18.9,22.9,23.2,20.5,0.147,0.072,0.1,0.191,0,0.0,0.0,0.0,0.0,0.0,0.0,0.0,0.0,0.0,0.0,0.0,0.0,0.0
37.855885,-8.445038,91.0,2011-08-04T03:00,16.8,83,13.9,16.2,0.0,0.0,0.0,0.0,0,1019.9,1009.0,1,1,0,0,0.02,0.33,13.0,24.5,346,350,22.3,18.5,22.7,23.1,20.5,0.147,0.072,0.1,0.191,0,0.0,0.0,0.0,0.0,0.0,0.0,0.0,0.0,0.0,0.0,0.0,0.0,0.0
37.855885,-8.445038,91.0,2011-08-04T04:00,16.5,85,13.9,16.0,0.0,0.0,0.0,0.0,0,1019.8,1008.9,5,6,0,0,0.01,0.28,12.1,23.6,348,352,21.2,18.1,22.5,23.1,20.5,0.147,0.072,0.1,0.191,0,0.0,0.0,0.0,0.0,0.0,0.0,0.0,0.0,0.0,0.0,0.0,0.0,0.0
37.855885,-8.445038,91.0,2011-08-04T05:00,16.2,87,14.1,15.9,0.0,0.0,0.0,0.0,0,1019.8,1008.9,5,6,0,0,0.0,0.23,11.0,22.1,349,353,20.2,17.8,22.2,23.1,20.5,0.147,0.072,0.1,0.191,0,0.0,0.0,0.0,0.0,0.0,0.0,0.0,0.0,0.0,0.0,0.0,0.0,0.0
37.855885,-8.445038,91.0,2011-08-04T06:00,16.1,89,14.3,15.9,0.0,0.0,0.0,0.0,0,1020.2,1009.3,1,1,0,0,0.02,0.2,10.8,21.8,345,351,19.1,17.5,22.0,23.1,20.5,0.147,0.073,0.1,0.191,1,0.0,3.0,1.0,2.0,16.1,3.0,24.7,8.4,2.8,5.6,32.1,2.5,69.0
37.855885,-8.445038,91.0,2011-08-04T07:00,17.1,85,14.6,16.9,0.0,0.0,0.0,0.0,0,1020.1,1009.2,8,9,0,0,0.05,0.29,12.1,21.0,343,348,22.3,18.3,21.9,23.1,20.5,0.147,0.073,0.1,0.191,1,3215.6,94.0,55.0,39.0,342.8,94.0,199.3,155.7,91.1,64.6,366.7,145.6,330.1
37.855885,-8.445038,91.0,2011-08-04T08:00,19.2,75,14.8,18.7,0.0,0.0,0.0,0.0,0,1020.7,1009.9,4,4,0,0,0.16,0.55,14.5,20.3,346,348,29.9,20.4,21.8,23.1,20.5,0.146,0.073,0.1,0.191,1,3600.0,270.0,195.0,75.0,564.6,270.0,458.8,344.4,248.7,95.7,564.6,344.4,585.2
37.855885,-8.445038,91.0,2011-08-04T09:00,21.5,66,14.9,20.9,0.0,0.0,0.0,0.0,0,1020.6,1009.9,3,3,0,0,0.29,0.86,14.8,19.6,346,347,32.0,22.7,21.9,23.1,20.5,0.145,0.073,0.1,0.191,1,3600.0,475.0,378.0,97.0,713.7,475.0,703.7,551.5,438.9,112.6,713.7,551.5,817.0
37.855885,-8.445038,91.0,2011-08-04T10:00,23.8,58,15.2,24.2,0.0,0.0,0.0,0.0,0,1020.5,1009.9,0,0,0,0,0.43,1.23,13.3,17.0,341,343,32.4,25.2,22.0,23.1,20.5,0.144,0.073,0.1,0.191,1,3600.0,655.0,550.0,105.0,796.8,655.0,917.1,721.1,605.5,115.6,796.8,721.1,1009.6
37.855885,-8.445038,91.0,2011-08-04T11:00,26.0,52,15.4,27.2,0.0,0.0,0.0,0.0,0,1020.1,1009.6,0,0,0,0,0.55,1.62,14.0,18.1,337,339,33.1,27.6,22.3,23.1,20.5,0.142,0.072,0.1,0.191,1,3600.0,807.0,696.0,111.0,852.6,807.0,1084.6,855.7,738.0,117.7,852.6,855.7,1150.0
37.855885,-8.445038,91.0,2011-08-04T12:00,27.8,47,15.5,29.3,0.0,0.0,0.0,0.0,0,1019.9,1009.4,0,0,0,0,0.65,1.98,15.3,19.7,333,336,34.6,29.7,22.7,23.1,20.5,0.14,0.072,0.1,0.191,1,3600.0,904.0,789.0,115.0,877.5,904.0,1194.6,929.6,811.3,118.3,877.5,929.6,1228.4
37.855885,-8.445038,91.0,2011-08-04T13:00,29.2,43,15.4,30.7,0.0,0.0,0.0,0.0,0,1019.3,1008.9,0,0,0,0,0.7,2.3,16.3,21.1,332,335,36.0,31.2,23.1,23.1,20.5,0.138,0.072,0.1,0.191,1,3600.0,945.0,827.0,118.0,886.3,945.0,1239.7,944.9,827.0,118.0,886.3,944.9,1239.6
37.855885,-8.445038,91.0,2011-08-04T14:00,30.0,41,15.2,31.2,0.0,0.0,0.0,0.0,0,1018.9,1008.5,0,0,0,0,0.71,2.52,16.9,21.9,331,333,37.1,32.2,23.5,23.1,20.5,0.135,0.072,0.1,0.191,1,3600.0,925.0,810.0,115.0,884.5,925.0,1216.7,899.2,787.4,111.8,884.5,899.2,1182.8
37.855885,-8.445038,91.0,2011-08-04T15:00,30.3,40,15.3,30.9,0.0,0.0,0.0,0.0,0,1018.6,1008.2,0,0,0,0,0.67,2.58,18.6,24.5,324,327,39.6,32.5,23.9,23.1,20.5,0.133,0.072,0.1,0.191,1,3600.0,846.0,735.0,111.0,866.3,846.0,1127.3,796.8,692.3,104.5,866.3,796.8,1061.8
37.855885,-8.445038,91.0,2011-08-04T16:00,29.8,43,15.7,29.5,0.0,0.0,0.0,0.0,0,1018.3,1007.9,0,0,0,0,0.59,2.41,21.0,28.0,321,323,42.8,32.1,24.3,23.1,20.5,0.131,0.072,0.1,0.191,1,3600.0,716.0,615.0,101.0,836.0,716.0,977.5,648.1,556.7,91.4,836.0,648.1,884.8
37.855885,-8.445038,91.0,2011-08-04T17:00,28.8,47,16.3,27.7,0.0,0.0,0.0,0.0,0,1018.2,1007.8,0,0,0,0,0.47,2.1,22.2,30.5,320,321,44.6,31.0,24.6,23.1,20.5,0.13,0.072,0.1,0.191,1,3600.0,544.0,453.0,91.0,774.2,544.0,777.4,464.6,386.9,77.7,774.2,464.6,664.0
37.855885,-8.445038,91.0,2011-08-04T18:00,27.1,54,17.0,26.3,0.0,0.0,0.0,0.0,0,1018.1,1007.6,0,0,0,0,0.32,1.65,22.2,31.8,320,321,45.0,29.3,24.8,23.1,20.5,0.129,0.072,0.1,0.191,1,3600.0,349.0,272.0,77.0,668.4,349.0,540.8,267.3,208.4,59.0,668.4,267.3,414.2
37.855885,-8.445038,91.0,2011-08-04T19:00,24.5,64,17.2,23.9,0.0,0.0,0.0,0.0,0,1018.4,1007.8,0,0,0,0,0.17,1.12,21.3,33.0,321,324,43.6,27.1,24.9,23.1,20.5,0.129,0.072,0.1,0.191,1,3600.0,153.0,102.0,51.0,477.9,153.0,283.6,82.3,54.9,27.4,477.9,82.3,152.7
37.855885,-8.445038,91.0,2011-08-04T20:00,22.7,72,17.4,22.3,0.0,0.0,0.0,0.0,0,1018.7,1008.1,1,0,0,2,0.09,0.78,20.7,34.3,329,332,40.3,25.0,24.8,23.1,20.5,0.128,0.072,0.1,0.191,0,163.49,17.0,8.0,9.0,85.4,17.0,66.1,0.0,0.0,0.0,0.0,0.0,0.0
37.855885,-8.445038,91.0,2011-08-04T21:00,21.6,77,17.3,21.4,0.0,0.0,0.0,0.0,0,1019.3,1008.6,10,1,0,31,0.05,0.6,18.8,31.3,334,337,38.2,23.6,24.8,23.1,20.5,0.128,0.072,0.1,0.191,0,0.0,0.0,0.0,0.0,0.0,0.0,0.0,0.0,0.0,0.0,0.0,0.0,0.0
37.855885,-8.445038,91.0,2011-08-04T22:00,20.6,81,17.2,20.7,0.0,0.0,0.0,0.0,1,1019.7,1009.0,28,3,0,84,0.03,0.47,16.9,28.7,333,338,34.6,22.5,24.6,23.1,20.5,0.128,0.072,0.1,0.191,0,0.0,0.0,0.0,0.0,0.0,0.0,0.0,0.0,0.0,0.0,0.0,0.0,0.0
37.855885,-8.445038,91.0,2011-08-04T23:00,19.8,84,17.0,20.0,0.0,0.0,0.0,0.0,0,1019.7,1008.9,19,3,0,53,0.02,0.38,15.4,26.8,339,343,31.0,21.7,24.5,23.1,20.5,0.128,0.072,0.1,0.191,0,0.0,0.0,0.0,0.0,0.0,0.0,0.0,0.0,0.0,0.0,0.0,0.0,0.0
37.855885,-8.445038,91.0,2011-08-05T00:00,19.2,86,16.8,19.4,0.0,0.0,0.0,0.0,1,1019.2,1008.4,27,1,0,86,0.01,0.3,14.5,25.7,341,345,28.8,21.1,24.3,23.1,20.5,0.128,0.072,0.1,0.191,0,0.0,0.0,0.0,0.0,0.0,0.0,0.0,0.0,0.0,0.0,0.0,0.0,0.0
37.855885,-8.445038,91.0,2011-08-05T01:00,18.7,88,16.7,19.0,0.0,0.0,0.0,0.0,1,1019.0,1008.2,32,3,0,99,0.01,0.26,14.1,25.1,341,344,28.1,20.6,24.1,23.1,20.5,0.128,0.072,0.1,0.191,0,0.0,0.0,0.0,0.0,0.0,0.0,0.0,0.0,0.0,0.0,0.0,0.0,0.0
37.855885,-8.445038,91.0,2011-08-05T02:00,18.5,89,16.7,18.6,0.0,0.0,0.0,0.0,1,1018.6,1007.8,41,12,0,100,0.01,0.23,15.7,27.2,340,342,26.6,20.3,23.9,23.1,20.5,0.128,0.072,0.1,0.191,0,0.0,0.0,0.0,0.0,0.0,0.0,0.0,0.0,0.0,0.0,0.0,0.0,0.0
37.855885,-8.445038,91.0,2011-08-05T03:00,18.5,90,16.9,18.9,0.0,0.0,0.0,0.0,2,1018.4,1007.6,57,32,0,93,0.0,0.2,13.8,24.3,345,348,24.8,20.1,23.8,23.1,20.5,0.128,0.072,0.1,0.191,0,0.0,0.0,0.0,0.0,0.0,0.0,0.0,0.0,0.0,0.0,0.0,0.0,0.0
37.855885,-8.445038,91.0,2011-08-05T04:00,18.5,92,17.1,18.9,0.0,0.0,0.0,0.0,2,1018.0,1007.2,78,60,0,81,0.0,0.17,14.4,24.5,347,350,24.8,19.9,23.6,23.1,20.5,0.128,0.072,0.1,0.191,0,0.0,0.0,0.0,0.0,0.0,0.0,0.0,0.0,0.0,0.0,0.0,0.0,0.0
37.855885,-8.445038,91.0,2011-08-05T05:00,18.6,93,17.5,19.1,0.0,0.0,0.0,0.0,3,1017.9,1007.1,86,73,6,54,0.0,0.14,14.8,25.3,342,345,26.3,19.9,23.4,23.1,20.5,0.128,0.072,0.1,0.191,0,0.0,0.0,0.0,0.0,0.0,0.0,0.0,0.0,0.0,0.0,0.0,0.0,0.0
37.855885,-8.445038,91.0,2011-08-05T06:00,18.7,95,17.8,19.3,0.0,0.0,0.0,0.0,3,1018.1,1007.3,100,94,10,53,0.02,0.12,15.1,25.1,342,344,27.0,20.0,23.2,23.1,20.5,0.128,0.072,0.1,0.191,1,0.0,2.0,0.0,2.0,0.0,2.0,23.0,5.7,0.0,5.7,0.0,1.6,65.6
37.855885,-8.445038,91.0,2011-08-05T07:00,19.5,89,17.7,19.4,0.0,0.0,0.0,0.0,3,1018.1,1007.4,100,82,11,90,0.05,0.24,19.2,27.7,347,347,36.4,20.6,23.1,23.0,20.5,0.128,0.072,0.1,0.191,1,0.0,50.0,5.0,45.0,31.4,50.0,196.0,83.4,8.3,75.1,33.9,77.3,327.1
37.855885,-8.445038,91.0,2011-08-05T08:00,20.3,84,17.5,20.2,0.0,0.0,0.0,0.0,3,1018.4,1007.7,89,64,3,100,0.11,0.39,18.9,25.8,347,347,37.1,21.6,23.1,23.0,20.5,0.127,0.072,0.1,0.191,1,2746.13,171.0,52.0,119.0,151.5,171.0,456.0,218.5,66.4,152.0,151.5,218.5,582.6
37.855885,-8.445038,91.0,2011-08-05T09:00,21.8,75,17.1,21.8,0.0,0.0,0.0,0.0,2,1018.4,1007.7,58,26,8,100,0.23,0.66,16.9,22.8,344,344,37.1,23.2,23.1,23.0,20.5,0.127,0.072,0.1,0.191,1,3600.0,369.0,206.0,163.0,390.4,369.0,701.3,428.7,239.3,189.4,390.4,428.7,814.7
37.855885,-8.445038,91.0,2011-08-05T10:00,23.2,66,16.6,23.4,0.0,0.0,0.0,0.0,1,1018.2,1007.6,35,3,6,95,0.33,0.95,14.2,18.7,344,344,34.6,25.1,23.2,23.0,20.5,0.126,0.072,0.1,0.191,1,3600.0,494.0,238.0,256.0,345.7,494.0,915.0,544.0,262.1,281.9,345.7,544.0,1007.6
37.855885,-8.445038,91.0,2011-08-05T11:00,24.9,58,16.1,25.8,0.0,0.0,0.0,0.0,1,1017.7,1007.1,27,0,0,91,0.47,1.32,13.4,17.1,340,342,33.1,27.3,23.3,23.0,20.5,0.125,0.072,0.1,0.191,1,3600.0,694.0,419.0,275.0,514.3,694.0,1082.7,736.0,444.3,291.6,514.3,736.0,1148.1
37.855885,-8.445038,91.0,2011-08-05T12:00,26.4,52,15.7,27.6,0.0,0.0,0.0,0.0,0,1017.7,1007.2,16,0,0,54,0.57,1.65,14.5,18.7,330,332,32.8,29.3,23.6,23.0,20.5,0.123,0.072,0.1,0.191,1,3600.0,820.0,570.0,250.0,635.1,820.0,1192.8,843.3,586.2,257.1,635.1,843.3,1226.6
37.855885,-8.445038,91.0,2011-08-05T13:00,27.3,48,15.4,28.7,0.0,0.0,0.0,0.0,0,1017.0,1006.5,15,0,0,49,0.62,1.89,14.8,19.1,326,328,35.6,30.8,23.9,23.0,20.5,0.121,0.072,0.1,0.191,1,3600.0,872.0,649.0,223.0,696.8,872.0,1237.8,871.9,648.9,223.0,696.8,871.9,1237.7
37.855885,-8.445038,91.0,2011-08-05T14:00,28.0,46,15.2,29.3,0.0,0.0,0.0,0.0,0,1016.7,1006.3,12,0,0,41,0.65,2.05,15.6,19.7,320,322,36.4,31.7,24.2,23.0,20.5,0.119,0.072,0.1,0.191,1,3600.0,901.0,768.0,133.0,840.2,901.0,1214.8,875.7,746.5,129.3,840.2,875.7,1180.7
37.855885,-8.445038,91.0,2011-08-05T15:00,27.8,46,15.1,28.3,0.0,0.0,0.0,0.0,0,1016.4,1006.0,10,0,0,35,0.61,2.02,17.8,23.4,312,314,40.0,31.8,24.6,23.0,20.5,0.118,0.072,0.099,0.191,1,3600.0,829.0,709.0,120.0,837.5,829.0,1125.1,780.6,667.6,113.0,837.5,780.6,1059.4
37.855885,-8.445038,91.0,2011-08-05T16:00,26.9,48,14.9,26.3,0.0,0.0,0.0,0.0,0,1016.3,1005.8,10,0,0,32,0.52,1.86,20.0,26.6,309,311,42.5,31.1,24.8,23.0,20.5,0.117,0.072,0.099,0.191,1,3600.0,697.0,588.0,109.0,801.6,697.0,974.9,630.6,532.0,98.6,801.6,630.6,882.0
37.855885,-8.445038,91.0,2011-08-05T17:00,25.7,50,14.6,24.1,0.0,0.0,0.0,0.0,0,1016.3,1005.8,19,0,0,64,0.41,1.65,21.0,28.6,309,311,42.8,29.8,25.0,23.0,20.5,0.116,0.072,0.099,0.191,1,3600.0,526.0,428.0,98.0,734.6,526.0,774.4,448.8,365.2,83.6,734.6,448.8,660.7
37.855885,-8.445038,91.0,2011-08-05T18:00,24.3,54,14.3,22.8,0.0,0.0,0.0,0.0,1,1016.2,1005.6,27,0,0,90,0.28,1.41,20.2,27.8,310,311,41.8,28.1,25.1,23.0,20.6,0.115,0.072,0.099,0.191,1,3600.0,331.0,247.0,84.0,611.0,331.0,537.3,252.9,188.7,64.2,611.0,252.9,410.6
37.855885,-8.445038,91.0,2011-08-05T19:00,22.9,56,13.6,21.5,0.0,0.0,0.0,0.0,1,1016.6,1006.0,27,0,0,89,0.17,1.24,17.4,25.5,310,312,39.2,26.2,25.2,23.0,20.6,0.114,0.072,0.099,0.191,1,3600.0,141.0,84.0,57.0,399.2,141.0,279.7,74.9,44.6,30.3,399.2,74.9,148.5
37.855885,-8.445038,91.0,2011-08-05T20:00,21.4,62,13.9,20.4,0.0,0.0,0.0,0.0,1,1016.4,1005.7,26,0,0,86,0.09,0.96,15.3,25.0,309,313,33.8,24.3,25.1,23.0,20.6,0.114,0.072,0.099,0.191,0,0.0,15.0,5.0,10.0,54.3,15.0,64.1,0.0,0.0,0.0,0.0,0.0,0.0
37.855885,-8.445038,91.0,2011-08-05T21:00,20.4,68,14.2,19.7,0.0,0.0,0.0,0.0,1,1017.0,1006.3,26,0,0,85,0.05,0.77,14.3,25.5,313,317,28.8,22.9,25.0,23.0,20.6,0.114,0.072,0.099,0.191,0,0.0,0.0,0.0,0.0,0.0,0.0,0.0,0.0,0.0,0.0,0.0,0.0,0.0
37.855885,-8.445038,91.0,2011-08-05T22:00,19.8,71,14.3,19.3,0.0,0.0,0.0,0.0,1,1017.4,1006.7,22,0,0,72,0.04,0.68,13.0,23.7,314,318,26.3,22.0,24.8,23.0,20.6,0.114,0.072,0.099,0.191,0,0.0,0.0,0.0,0.0,0.0,0.0,0.0,0.0,0.0,0.0,0.0,0.0,0.0
37.855885,-8.445038,91.0,2011-08-05T23:00,19.4,73,14.5,19.2,0.0,0.0,0.0,0.0,0,1017.3,1006.6,9,0,0,31,0.03,0.61,11.7,20.5,315,321,25.2,21.4,24.7,23.0,20.6,0.114,0.072,0.099,0.191,0,0.0,0.0,0.0,0.0,0.0,0.0,0.0,0.0,0.0,0.0,0.0,0.0,0.0
37.855885,-8.445038,91.0,2011-08-06T00:00,19.0,76,14.7,19.0,0.0,0.0,0.0,0.0,0,1017.3,1006.5,14,12,0,10,0.02,0.53,10.5,18.8,311,317,20.9,20.9,24.5,23.0,20.6,0.114,0.072,0.099,0.191,0,0.0,0.0,0.0,0.0,0.0,0.0,0.0,0.0,0.0,0.0,0.0,0.0,0.0
37.855885,-8.445038,91.0,2011-08-06T01:00,18.6,79,14.9,18.7,0.0,0.0,0.0,0.0,1,1016.8,1006.0,50,55,0,0,0.02,0.45,10.2,18.3,309,313,17.3,20.5,24.3,23.0,20.6,0.114,0.072,0.099,0.191,0,0.0,0.0,0.0,0.0,0.0,0.0,0.0,0.0,0.0,0.0,0.0,0.0,0.0
37.855885,-8.445038,91.0,2011-08-06T02:00,18.5,81,15.3,18.8,0.0,0.0,0.0,0.0,2,1016.3,1005.5,65,72,0,0,0.01,0.4,9.8,17.6,306,311,16.9,20.3,24.1,23.0,20.6,0.114,0.072,0.099,0.191,0,0.0,0.0,0.0,0.0,0.0,0.0,0.0,0.0,0.0,0.0,0.0,0.0,0.0
37.855885,-8.445038,91.0,2011-08-06T03:00,18.4,85,15.8,19.0,0.0,0.0,0.0,0.0,3,1015.8,1005.0,85,94,0,0,0.0,0.32,9.0,16.9,307,310,16.6,20.1,23.9,23.0,20.6,0.114,0.072,0.099,0.191,0,0.0,0.0,0.0,0.0,0.0,0.0,0.0,0.0,0.0,0.0,0.0,0.0,0.0
37.855885,-8.445038,91.0,2011-08-06T04:00,18.4,88,16.4,19.2,0.0,0.0,0.0,0.0,3,1015.5,1004.7,90,100,0,0,0.0,0.25,10.0,14.6,308,308,15.8,20.0,23.7,23.0,20.6,0.114,0.072,0.099,0.191,0,0.0,0.0,0.0,0.0,0.0,0.0,0.0,0.0,0.0,0.0,0.0,0.0,0.0
37.855885,-8.445038,91.0,2011-08-06T05:00,18.7,91,17.2,19.6,0.0,0.0,0.0,0.0,3,1015.5,1004.8,90,100,0,0,0.0,0.19,11.5,15.3,311,311,18.0,20.2,23.6,23.0,20.6,0.114,0.072,0.099,0.191,0,0.0,0.0,0.0,0.0,0.0,0.0,0.0,0.0,0.0,0.0,0.0,0.0,0.0
37.855885,-8.445038,91.0,2011-08-06T06:00,19.1,93,17.9,20.2,0.0,0.0,0.0,0.0,3,1015.7,1005.0,90,100,0,0,0.02,0.16,11.5,16.8,314,313,20.9,20.4,23.4,23.0,20.6,0.114,0.072,0.099,0.191,1,0.0,1.0,0.0,1.0,0.0,1.0,21.2,2.9,0.0,2.9,0.0,0.8,62.1
37.855885,-8.445038,91.0,2011-08-06T07:00,19.6,89,17.7,20.4,0.0,0.0,0.0,0.0,3,1015.7,1005.0,90,100,0,0,0.04,0.26,13.5,19.4,316,317,25.6,20.8,23.3,23.0,20.6,0.114,0.072,0.099,0.191,1,0.0,28.0,1.0,27.0,6.3,28.0,192.7,47.1,1.7,45.4,6.9,43.2,324.0
37.855885,-8.445038,91.0,2011-08-06T08:00,20.3,83,17.3,21.0,0.0,0.0,0.0,0.0,3,1016.0,1005.3,89,99,0,0,0.09,0.41,12.8,17.9,322,322,27.0,21.5,23.2,23.0,20.6,0.114,0.072,0.099,0.191,1,0.0,107.0,11.0,96.0,32.3,107.0,453.2,136.9,14.1,122.9,32.3,136.9,580.0
37.855885,-8.445038,91.0,2011-08-06T09:00,21.5,76,17.1,22.1,0.0,0.0,0.0,0.0,3,1015.9,1005.2,85,94,0,0,0.17,0.61,12.9,17.3,324,324,27.7,22.9,23.2,23.0,20.6,0.114,0.072,0.099,0.191,1,882.15,245.0,47.0,198.0,89.4,245.0,698.8,284.8,54.6,230.2,89.4,284.8,812.5
37.855885,-8.445038,91.0,2011-08-06T10:00,23.0,69,16.9,23.4,0.0,0.0,0.0,0.0,3,1015.7,1005.1,94,73,0,96,0.3,0.88,13.3,17.1,322,321,29.2,24.7,23.3,23.0,20.6,0.113,0.072,0.099,0.191,1,3600.0,442.0,198.0,244.0,288.3,442.0,912.9,486.9,218.1,268.8,288.3,486.9,1005.6
37.855885,-8.445038,91.0,2011-08-06T11:00,24.7,62,16.8,25.8,0.0,0.0,0.0,0.0,2,1015.1,1004.6,51,32,0,73,0.44,1.19,12.5,15.9,321,322,29.9,27.0,23.4,23.0,20.6,0.112,0.072,0.099,0.191,1,3600.0,649.0,427.0,222.0,525.2,649.0,1080.7,688.3,452.9,235.5,525.2,688.3,1146.3
37.855885,-8.445038,91.0,2011-08-06T12:00,26.3,57,17.0,28.4,0.0,0.0,0.0,0.0,1,1014.9,1004.4,42,21,0,78,0.56,1.48,12.2,15.3,315,317,30.6,29.4,23.7,23.0,20.6,0.111,0.071,0.099,0.191,1,3600.0,813.0,617.0,196.0,688.7,813.0,1190.9,836.1,634.5,201.6,688.7,836.1,1224.8
37.855885,-8.445038,91.0,2011-08-06T13:00,27.0,54,17.0,29.4,0.0,0.0,0.0,0.0,1,1014.5,1004.1,46,33,0,54,0.6,1.63,12.1,15.3,307,309,31.7,30.8,24.0,23.0,20.6,0.109,0.071,0.099,0.191,1,3600.0,851.0,642.0,209.0,690.5,851.0,1236.0,850.9,641.9,209.0,690.5,850.9,1235.8
37.855885,-8.445038,91.0,2011-08-06T14:00,27.7,52,17.0,30.0,0.0,0.0,0.0,0.0,1,1014.1,1003.7,45,43,0,21,0.63,1.78,13.4,16.5,301,302,33.5,32.0,24.3,23.0,20.6,0.108,0.071,0.099,0.191,1,3600.0,883.0,713.0,170.0,781.6,883.0,1212.7,858.1,692.9,165.2,781.6,858.1,1178.5
37.855885,-8.445038,91.0,2011-08-06T15:00,27.8,52,16.9,29.4,0.0,0.0,0.0,0.0,1,1014.0,1003.6,46,49,0,8,0.58,1.8,15.1,19.0,298,299,35.6,32.2,24.6,23.0,20.6,0.107,0.071,0.099,0.191,1,3600.0,812.0,657.0,155.0,777.9,812.0,1122.8,764.4,618.5,145.9,777.9,764.4,1056.9
37.855885,-8.445038,91.0,2011-08-06T16:00,27.0,55,17.2,27.5,0.0,0.0,0.0,0.0,1,1013.6,1003.2,39,43,0,0,0.46,1.59,16.4,21.4,299,299,37.1,31.2,24.9,23.0,20.6,0.106,0.071,0.099,0.191,1,3600.0,625.0,486.0,139.0,664.6,625.0,972.2,565.2,439.5,125.7,664.6,565.2,879.2
37.855885,-8.445038,91.0,2011-08-06T17:00,26.4,59,17.7,26.6,0.0,0.0,0.0,0.0,2,1013.7,1003.2,59,66,0,0,0.37,1.41,17.1,22.9,298,298,37.8,30.3,25.1,23.0,20.6,0.105,0.071,0.099,0.191,1,3600.0,496.0,376.0,120.0,648.1,496.0,771.3,422.8,320.5,102.3,648.1,422.8,657.4
37.855885,-8.445038,91.0,2011-08-06T18:00,25.2,65,18.2,25.7,0.0,0.0,0.0,0.0,2,1013.3,1002.8,69,77,0,0,0.24,1.11,17.1,22.9,298,298,36.7,28.7,25.2,23.0,20.6,0.104,0.071,0.099,0.191,1,3600.0,306.0,209.0,97.0,520.6,306.0,533.8,233.2,159.3,73.9,520.6,233.2,406.8
37.855885,-8.445038,91.0,2011-08-06T19:00,23.2,77,18.8,24.0,0.0,0.0,0.0,0.0,2,1013.5,1002.9,78,87,0,0,0.1,0.67,16.4,22.7,299,299,34.6,26.6,25.2,23.0,20.6,0.104,0.071,0.099,0.191,1,3600.0,97.0,46.0,51.0,221.8,97.0,275.7,50.8,24.1,26.7,221.8,50.8,144.3
37.855885,-8.445038,91.0,2011-08-06T20:00,22.0,84,19.2,23.5,0.0,0.0,0.0,0.0,3,1013.4,1002.8,83,92,0,0,0.04,0.43,13.7,20.2,300,301,31.7,24.9,25.2,23.0,20.6,0.104,0.071,0.099,0.191,0,0.0,10.0,3.0,7.0,33.1,10.0,62.0,0.0,0.0,0.0,0.0,0.0,0.0
37.855885,-8.445038,91.0,2011-08-06T21:00,21.5,88,19.3,23.2,0.0,0.0,0.0,0.0,3,1014.0,1003.4,90,100,0,0,0.01,0.32,11.9,17.1,305,305,26.6,23.8,25.1,23.0,20.6,0.104,0.071,0.099,0.191,0,0.0,0.0,0.0,0.0,0.0,0.0,0.0,0.0,0.0,0.0,0.0,0.0,0.0
37.855885,-8.445038,91.0,2011-08-06T22:00,21.1,90,19.4,23.3,0.0,0.0,0.0,0.0,3,1014.3,1003.7,90,100,0,0,0.0,0.25,9.5,14.0,299,299,23.0,23.2,25.0,23.0,20.6,0.104,0.071,0.099,0.191,0,0.0,0.0,0.0,0.0,0.0,0.0,0.0,0.0,0.0,0.0,0.0,0.0,0.0
37.855885,-8.445038,91.0,2011-08-06T23:00,20.9,91,19.5,23.1,0.0,0.0,0.0,0.0,2,1014.1,1003.4,76,85,0,0,0.0,0.21,9.7,14.3,309,309,19.8,22.8,24.9,23.0,20.6,0.104,0.071,0.099,0.191,0,0.0,0.0,0.0,0.0,0.0,0.0,0.0,0.0,0.0,0.0,0.0,0.0,0.0
37.855885,-8.445038,91.0,2011-08-07T00:00,20.8,92,19.5,23.0,0.0,0.0,0.0,0.0,2,1013.7,1003.0,71,79,0,0,0.0,0.19,9.2,13.8,312,313,16.9,22.4,24.8,23.0,20.6,0.104,0.071,0.099,0.191,0,0.0,0.0,0.0,0.0,0.0,0.0,0.0,0.0,0.0,0.0,0.0,0.0,0.0
37.855885,-8.445038,91.0,2011-08-07T01:00,20.4,94,19.4,22.7,0.0,0.0,0.0,0.0,2,1012.9,1002.2,63,70,0,0,0.0,0.14,8.4,13.5,317,318,14.8,22.0,24.6,23.0,20.6,0.104,0.071,0.099,0.191,0,0.0,0.0,0.0,0.0,0.0,0.0,0.0,0.0,0.0,0.0,0.0,0.0,0.0
37.855885,-8.445038,91.0,2011-08-07T02:00,20.0,95,19.2,21.9,0.0,0.0,0.0,0.0,2,1012.3,1001.6,78,87,0,0,0.0,0.11,10.3,15.9,324,327,16.2,21.6,24.5,23.0,20.6,0.104,0.071,0.099,0.191,0,0.0,0.0,0.0,0.0,0.0,0.0,0.0,0.0,0.0,0.0,0.0,0.0,0.0
37.855885,-8.445038,91.0,2011-08-07T03:00,19.7,95,18.8,21.2,0.0,0.0,0.0,0.0,3,1012.2,1001.5,90,100,0,0,0.0,0.12,11.8,17.8,337,339,19.8,21.3,24.3,23.0,20.6,0.104,0.071,0.099,0.191,0,0.0,0.0,0.0,0.0,0.0,0.0,0.0,0.0,0.0,0.0,0.0,0.0,0.0
37.855885,-8.445038,91.0,2011-08-07T04:00,19.4,92,18.1,20.5,0.0,0.0,0.0,0.0,3,1012.2,1001.5,84,93,0,0,0.0,0.18,13.1,19.6,344,346,23.8,21.2,24.2,23.0,20.6,0.104,0.071,0.099,0.191,0,0.0,0.0,0.0,0.0,0.0,0.0,0.0,0.0,0.0,0.0,0.0,0.0,0.0
37.855885,-8.445038,91.0,2011-08-07T05:00,19.0,90,17.4,19.7,0.0,0.0,0.0,0.0,2,1012.8,1002.1,56,62,0,0,0.0,0.22,13.6,20.0,349,352,23.8,20.9,24.0,23.0,20.6,0.104,0.071,0.099,0.191,0,0.0,0.0,0.0,0.0,0.0,0.0,0.0,0.0,0.0,0.0,0.0,0.0,0.0
37.855885,-8.445038,91.0,2011-08-07T06:00,18.5,88,16.6,19.0,0.0,0.0,0.0,0.0,1,1013.0,1002.3,45,50,0,0,0.03,0.25,12.3,18.7,355,358,23.4,20.5,23.9,23.0,20.6,0.104,0.071,0.099,0.191,1,0.0,1.0,0.0,1.0,0.0,1.0,19.5,3.0,0.0,3.0,0.0,0.8,58.6
37.855885,-8.445038,91.0,2011-08-07T07:00,18.7,83,15.7,18.9,0.0,0.0,0.0,0.0,1,1013.4,1002.7,28,31,0,0,0.05,0.37,11.5,15.9,360,3,23.4,20.6,23.7,23.0,20.6,0.104,0.071,0.099,0.191,1,2052.22,59.0,22.0,37.0,140.2,59.0,189.5,100.0,37.3,62.7,154.4,90.7,321.0
37.855885,-8.445038,91.0,2011-08-07T08:00,19.8,73,14.9,19.7,0.0,0.0,0.0,0.0,0,1013.5,1002.8,14,15,0,0,0.14,0.61,11.5,15.5,4,5,25.2,21.9,23.7,23.0,20.6,0.104,0.071,0.099,0.191,1,3600.0,209.0,103.0,106.0,304.1,209.0,450.4,267.9,132.0,135.9,304.1,267.9,577.4
37.855885,-8.445038,91.0,2011-08-07T09:00,21.4,63,14.1,21.1,0.0,0.0,0.0,0.0,0,1013.8,1003.2,2,2,0,0,0.26,0.94,11.5,15.1,360,3,26.6,23.9,23.7,23.0,20.6,0.103,0.071,0.099,0.191,1,3600.0,399.0,235.0,164.0,448.7,399.0,696.4,464.2,273.4,190.8,448.7,464.2,810.2
37.855885,-8.445038,91.0,2011-08-07T10:00,23.7,51,13.1,23.6,0.0,0.0,0.0,0.0,0,1013.9,1003.3,0,0,0,0,0.44,1.43,11.9,15.5,355,356,28.8,26.5,23.8,23.0,20.6,0.102,0.071,0.099,0.191,1,3600.0,667.0,568.0,99.0,829.3,667.0,910.7,735.0,625.9,109.1,829.3,735.0,1003.6
37.855885,-8.445038,91.0,2011-08-07T11:00,25.9,40,11.3,25.8,0.0,0.0,0.0,0.0,0,1013.5,1003.0,0,0,0,0,0.57,1.99,13.1,17.0,352,355,31.3,29.0,24.0,23.0,20.6,0.101,0.071,0.099,0.191,1,3600.0,813.0,702.0,111.0,865.3,813.0,1078.8,862.4,744.7,117.7,865.3,862.4,1144.4
37.855885,-8.445038,91.0,2011-08-07T12:00,27.6,33,9.9,27.5,0.0,0.0,0.0,0.0,0,1013.6,1003.2,0,0,0,0,0.68,2.48,13.8,17.8,351,353,32.8,31.0,24.2,23.0,20.6,0.1,0.071,0.099,0.191,1,3600.0,915.0,802.0,113.0,896.9,915.0,1189.1,941.0,824.8,116.2,896.9,941.0,1222.9
37.855885,-8.445038,91.0,2011-08-07T13:00,28.9,29,9.2,28.7,0.0,0.0,0.0,0.0,0,1013.3,1002.9,0,0,0,0,0.73,2.82,14.8,19.0,347,350,33.8,32.6,24.6,23.0,20.6,0.098,0.071,0.099,0.191,1,3600.0,953.0,837.0,116.0,902.0,953.0,1234.0,952.8,836.8,116.0,902.0,952.8,1233.8
37.855885,-8.445038,91.0,2011-08-07T14:00,29.7,28,9.2,29.3,0.0,0.0,0.0,0.0,0,1013.1,1002.8,0,0,0,0,0.73,3.01,15.1,19.4,342,345,35.6,33.5,24.9,23.0,20.6,0.097,0.071,0.099,0.191,1,3600.0,932.0,818.0,114.0,898.5,932.0,1210.6,905.6,794.8,110.8,898.5,905.6,1176.3
37.855885,-8.445038,91.0,2011-08-07T15:00,30.0,28,9.6,29.0,0.0,0.0,0.0,0.0,0,1012.9,1002.6,0,0,0,0,0.69,3.05,16.7,21.5,335,337,37.4,33.8,25.2,23.0,20.6,0.095,0.07,0.098,0.191,1,3600.0,851.0,741.0,110.0,879.5,851.0,1120.4,800.9,697.3,103.5,879.5,800.9,1054.4
37.855885,-8.445038,91.0,2011-08-07T16:00,29.8,30,10.2,28.0,0.0,0.0,0.0,0.0,0,1012.6,1002.3,0,0,0,0,0.61,2.96,18.3,23.7,328,330,38.5,33.4,25.5,23.0,20.6,0.094,0.07,0.098,0.191,1,3600.0,717.0,615.0,102.0,843.6,717.0,969.5,648.0,555.9,92.2,843.6,648.0,876.2
37.855885,-8.445038,91.0,2011-08-07T17:00,29.2,32,10.6,26.4,0.0,0.0,0.0,0.0,0,1012.8,1002.4,0,0,0,0,0.5,2.77,20.1,26.7,324,325,39.6,32.3,25.8,23.0,20.6,0.093,0.07,0.098,0.191,1,3600.0,543.0,452.0,91.0,782.5,543.0,768.2,462.3,384.9,77.5,782.5,462.3,654.0
37.855885,-8.445038,91.0,2011-08-07T18:00,27.9,35,10.9,25.1,0.0,0.0,0.0,0.0,0,1012.9,1002.5,0,0,0,0,0.38,2.46,20.8,29.5,323,325,39.6,30.7,25.9,23.1,20.6,0.093,0.07,0.098,0.191,1,3600.0,344.0,269.0,75.0,674.8,344.0,530.1,261.5,204.4,57.0,674.8,261.5,402.9
37.855885,-8.445038,91.0,2011-08-07T19:00,25.6,41,11.5,23.1,0.0,0.0,0.0,0.0,0,1013.4,1002.9,0,0,0,0,0.23,1.92,19.7,30.3,325,328,41.4,28.4,26.0,23.1,20.6,0.092,0.07,0.098,0.191,1,3600.0,147.0,99.0,48.0,484.8,147.0,271.6,75.7,51.0,24.7,484.8,75.7,139.9
37.855885,-8.445038,91.0,2011-08-07T20:00,23.8,45,11.1,21.4,0.0,0.0,0.0,0.0,0,1013.6,1003.1,0,0,0,0,0.16,1.63,18.7,33.2,332,337,37.1,26.2,26.0,23.1,20.6,0.092,0.07,0.098,0.191,0,37.13,14.0,6.0,8.0,67.5,14.0,59.8,0.0,0.0,0.0,0.0,0.0,0.0
37.855885,-8.445038,91.0,2011-08-07T21:00,22.7,46,10.5,20.1,0.0,0.0,0.0,0.0,0,1014.7,1004.1,0,0,0,0,0.13,1.48,18.4,31.5,343,346,35.6,24.6,25.9,23.1,20.6,0.092,0.07,0.098,0.191,0,0.0,0.0,0.0,0.0,0.0,0.0,0.0,0.0,0.0,0.0,0.0,0.0,0.0
37.855885,-8.445038,91.0,2011-08-07T22:00,21.6,47,10.0,19.1,0.0,0.0,0.0,0.0,0,1015.3,1004.7,0,0,0,0,0.12,1.36,16.9,29.5,348,352,33.8,23.4,25.8,23.1,20.6,0.092,0.07,0.098,0.191,0,0.0,0.0,0.0,0.0,0.0,0.0,0.0,0.0,0.0,0.0,0.0,0.0,0.0
37.855885,-8.445038,91.0,2011-08-07T23:00,20.6,50,9.7,18.1,0.0,0.0,0.0,0.0,0,1015.4,1004.7,0,0,0,0,0.1,1.22,16.3,28.1,354,356,31.7,22.5,25.6,23.1,20.6,0.092,0.07,0.098,0.191,0,0.0,0.0,0.0,0.0,0.0,0.0,0.0,0.0,0.0,0.0,0.0,0.0,0.0
37.855885,-8.445038,91.0,2011-08-08T00:00,19.7,53,9.8,17.5,0.0,0.0,0.0,0.0,0,1015.7,1005.0,0,0,0,0,0.09,1.08,14.8,26.3,357,360,30.2,21.6,25.4,23.1,20.6,0.092,0.07,0.098,0.191,0,0.0,0.0,0.0,0.0,0.0,0.0,0.0,0.0,0.0,0.0,0.0,0.0,0.0
37.855885,-8.445038,91.0,2011-08-08T01:00,19.0,57,10.3,16.9,0.0,0.0,0.0,0.0,0,1015.7,1005.0,0,0,0,0,0.08,0.94,14.8,26.3,357,360,28.4,20.9,25.2,23.1,20.6,0.092,0.07,0.098,0.191,0,0.0,0.0,0.0,0.0,0.0,0.0,0.0,0.0,0.0,0.0,0.0,0.0,0.0
37.855885,-8.445038,91.0,2011-08-08T02:00,18.4,62,10.9,16.4,0.0,0.0,0.0,0.0,0,1015.5,1004.7,1,0,0,2,0.07,0.81,15.5,27.0,356,359,27.0,20.4,25.0,23.1,20.7,0.092,0.07,0.098,0.191,0,0.0,0.0,0.0,0.0,0.0,0.0,0.0,0.0,0.0,0.0,0.0,0.0,0.0
37.855885,-8.445038,91.0,2011-08-08T03:00,18.0,67,11.7,16.1,0.0,0.0,0.0,0.0,0,1015.5,1004.7,4,0,0,12,0.06,0.68,16.2,28.4,359,1,27.4,19.9,24.8,23.1,20.7,0.091,0.07,0.098,0.191,0,0.0,0.0,0.0,0.0,0.0,0.0,0.0,0.0,0.0,0.0,0.0,0.0,0.0
37.855885,-8.445038,91.0,2011-08-08T04:00,17.6,72,12.6,16.0,0.0,0.0,0.0,0.0,0,1015.6,1004.8,7,0,0,24,0.05,0.56,16.6,28.9,2,4,28.1,19.5,24.5,23.1,20.7,0.091,0.07,0.098,0.191,0,0.0,0.0,0.0,0.0,0.0,0.0,0.0,0.0,0.0,0.0,0.0,0.0,0.0
37.855885,-8.445038,91.0,2011-08-08T05:00,17.4,76,13.2,15.9,0.0,0.0,0.0,0.0,0,1015.7,1004.9,5,0,0,17,0.04,0.47,16.6,29.3,4,5,28.8,19.2,24.3,23.1,20.7,0.091,0.07,0.098,0.191,0,0.0,0.0,0.0,0.0,0.0,0.0,0.0,0.0,0.0,0.0,0.0,0.0,0.0
37.855885,-8.445038,91.0,2011-08-08T06:00,17.2,80,13.6,15.8,0.0,0.0,0.0,0.0,0,1016.0,1005.2,5,0,0,17,0.05,0.4,17.0,29.7,5,6,28.8,19.0,24.1,23.1,20.7,0.091,0.07,0.098,0.191,1,0.0,2.0,0.0,2.0,0.0,2.0,17.8,6.2,0.0,6.2,0.0,1.5,55.1
37.855885,-8.445038,91.0,2011-08-08T07:00,18.0,76,13.8,16.8,0.0,0.0,0.0,0.0,0,1016.5,1005.7,6,0,0,20,0.07,0.49,16.7,27.2,6,8,31.7,19.6,23.9,23.1,20.7,0.091,0.07,0.098,0.191,1,3024.38,88.0,52.0,36.0,333.8,88.0,186.2,150.3,88.8,61.5,371.5,135.0,317.9
37.855885,-8.445038,91.0,2011-08-08T08:00,19.9,66,13.5,18.5,0.0,0.0,0.0,0.0,0,1016.7,1006.0,4,1,0,10,0.18,0.78,17.5,24.9,9,11,35.6,21.4,23.8,23.1,20.7,0.091,0.07,0.098,0.191,1,3600.0,271.0,200.0,71.0,594.4,271.0,447.5,348.0,256.8,91.2,594.4,348.0,574.7
37.855885,-8.445038,91.0,2011-08-08T09:00,22.4,56,13.1,20.9,0.0,0.0,0.0,0.0,0,1017.1,1006.5,2,0,0,6,0.32,1.19,16.8,22.7,9,11,36.0,23.8,23.8,23.1,20.7,0.091,0.07,0.098,0.191,1,3600.0,466.0,368.0,98.0,705.4,466.0,693.9,542.5,428.4,114.1,705.4,542.5,807.9
37.855885,-8.445038,91.0,2011-08-08T10:00,24.9,47,12.8,23.9,0.0,0.0,0.0,0.0,0,1017.1,1006.6,2,0,0,8,0.47,1.66,16.5,22.2,11,13,36.4,26.6,23.9,23.1,20.7,0.09,0.07,0.098,0.191,1,3600.0,656.0,552.0,104.0,808.1,656.0,908.6,723.1,608.5,114.6,808.1,723.1,1001.5
37.855885,-8.445038,91.0,2011-08-08T11:00,27.2,40,12.6,26.8,0.0,0.0,0.0,0.0,0,1016.8,1006.3,2,0,0,8,0.6,2.15,17.1,22.2,7,8,37.1,29.3,24.1,23.1,20.7,0.089,0.07,0.098,0.191,1,3600.0,805.0,694.0,111.0,857.3,805.0,1076.8,854.1,736.3,117.8,857.3,854.1,1142.4
37.855885,-8.445038,91.0,2011-08-08T12:00,29.2,35,12.1,29.1,0.0,0.0,0.0,0.0,0,1016.5,1006.1,1,0,0,3,0.7,2.63,17.3,22.8,4,5,38.2,31.6,24.4,23.1,20.7,0.088,0.07,0.098,0.191,1,3600.0,906.0,791.0,115.0,886.3,906.0,1187.1,931.8,813.5,118.3,886.3,931.8,1221.0
37.855885,-8.445038,91.0,2011-08-08T13:00,30.7,30,11.2,30.5,0.0,0.0,0.0,0.0,0,1016.1,1005.8,1,0,0,2,0.76,3.07,17.6,22.7,360,2,38.9,33.4,24.7,23.1,20.7,0.087,0.07,0.098,0.19,1,3600.0,949.0,835.0,114.0,901.5,949.0,1232.1,948.8,834.8,114.0,901.5,948.8,1231.7
37.855885,-8.445038,91.0,2011-08-08T14:00,31.8,26,10.1,31.2,0.0,0.0,0.0,0.0,0,1015.5,1005.2,0,0,0,0,0.78,3.45,17.6,23.0,359,1,38.9,34.6,25.1,23.1,20.7,0.086,0.07,0.098,0.19,1,3600.0,932.0,821.0,111.0,903.7,932.0,1208.5,905.5,797.6,107.8,903.7,905.5,1174.0
37.855885,-8.445038,91.0,2011-08-08T15:00,32.5,23,9.0,31.2,0.0,0.0,0.0,0.0,0,1015.1,1004.8,0,0,0,1,0.74,3.74,17.7,23.4,358,360,38.9,35.2,25.4,23.1,20.7,0.085,0.07,0.098,0.19,1,3600.0,854.0,747.0,107.0,888.8,854.0,1118.0,803.4,702.8,100.7,888.8,803.4,1051.8
37.855885,-8.445038,91.0,2011-08-08T16:00,32.8,22,8.3,30.6,0.0,0.0,0.0,0.0,0,1014.9,1004.6,0,0,0,0,0.67,3.88,18.1,23.8,355,358,38.9,35.1,25.7,23.1,20.7,0.084,0.07,0.098,0.19,1,3600.0,722.0,622.0,100.0,855.9,722.0,966.7,652.2,561.9,90.3,855.9,652.2,873.2
37.855885,-8.445038,91.0,2011-08-08T17:00,32.7,21,7.8,29.4,0.0,0.0,0.0,0.0,0,1014.7,1004.4,0,0,0,0,0.56,3.88,18.3,24.7,350,352,38.5,34.4,26.0,23.1,20.7,0.083,0.07,0.098,0.19,1,3600.0,548.0,458.0,90.0,796.5,548.0,764.9,466.1,389.5,76.5,796.5,466.1,650.6
37.855885,-8.445038,91.0,2011-08-08T18:00,31.9,23,8.0,28.7,0.0,0.0,0.0,0.0,0,1014.7,1004.4,0,0,0,0,0.42,3.64,17.8,25.7,342,345,37.4,33.0,26.3,23.1,20.7,0.082,0.069,0.098,0.19,1,3600.0,349.0,277.0,72.0,700.0,349.0,526.4,264.5,209.9,54.6,700.0,264.5,398.9
37.855885,-8.445038,91.0,2011-08-08T19:00,29.8,27,8.8,27.0,0.0,0.0,0.0,0.0,0,1015.0,1004.6,0,0,0,0,0.27,3.07,17.1,29.4,338,343,34.6,30.9,26.4,23.1,20.7,0.082,0.069,0.098,0.19,1,3600.0,148.0,100.0,48.0,497.5,148.0,267.4,75.0,50.7,24.3,497.5,75.0,135.5
37.855885,-8.445038,91.0,2011-08-08T20:00,27.2,34,10.2,24.6,0.0,0.0,0.0,0.0,0,1015.2,1004.8,0,0,0,0,0.2,2.37,18.1,32.1,343,347,32.8,28.4,26.4,23.1,20.7,0.082,0.069,0.098,0.19,0,38.96,14.0,6.0,8.0,68.8,14.0,57.7,0.0,0.0,0.0,0.0,0.0,0.0
37.855885,-8.445038,91.0,2011-08-08T21:00,25.2,42,11.4,23.0,0.0,0.0,0.0,0.0,0,1016.2,1005.7,0,0,0,0,0.15,1.86,17.9,32.5,351,355,33.5,26.5,26.4,23.1,20.7,0.082,0.069,0.098,0.19,0,0.0,0.0,0.0,0.0,0.0,0.0,0.0,0.0,0.0,0.0,0.0,0.0,0.0
37.855885,-8.445038,91.0,2011-08-08T22:00,23.7,48,11.9,21.9,0.0,0.0,0.0,0.0,0,1016.6,1006.0,0,0,0,0,0.12,1.54,16.6,30.7,360,5,32.8,25.1,26.3,23.1,20.7,0.081,0.069,0.098,0.19,0,0.0,0.0,0.0,0.0,0.0,0.0,0.0,0.0,0.0,0.0,0.0,0.0,0.0
37.855885,-8.445038,91.0,2011-08-08T23:00,22.5,51,12.0,20.8,0.0,0.0,0.0,0.0,0,1016.8,1006.2,0,0,0,0,0.1,1.32,15.2,29.2,5,9,29.9,23.9,26.2,23.1,20.7,0.081,0.069,0.098,0.19,0,0.0,0.0,0.0,0.0,0.0,0.0,0.0,0.0,0.0,0.0,0.0,0.0,0.0
37.855885,-8.445038,91.0,2011-08-09T00:00,21.5,54,11.9,20.1,0.0,0.0,0.0,0.0,0,1016.6,1005.9,0,0,0,0,0.08,1.18,13.8,27.6,7,12,27.0,22.9,26.0,23.2,20.7,0.081,0.069,0.098,0.19,0,0.0,0.0,0.0,0.0,0.0,0.0,0.0,0.0,0.0,0.0,0.0,0.0,0.0
37.855885,-8.445038,91.0,2011-08-09T01:00,20.8,57,11.9,19.5,0.0,0.0,0.0,0.0,0,1016.5,1005.8,0,0,0,0,0.07,1.06,12.7,26.6,7,13,24.5,22.0,25.8,23.2,20.7,0.081,0.069,0.098,0.19,0,0.0,0.0,0.0,0.0,0.0,0.0,0.0,0.0,0.0,0.0,0.0,0.0,0.0
37.855885,-8.445038,91.0,2011-08-09T02:00,20.1,59,11.7,18.9,0.0,0.0,0.0,0.0,0,1016.4,1005.7,0,0,0,0,0.06,0.97,11.2,24.7,6,13,22.3,21.3,25.6,23.2,20.7,0.081,0.069,0.098,0.19,0,0.0,0.0,0.0,0.0,0.0,0.0,0.0,0.0,0.0,0.0,0.0,0.0,0.0
37.855885,-8.445038,91.0,2011-08-09T03:00,19.5,60,11.5,18.4,0.0,0.0,0.0,0.0,0,1016.6,1005.9,0,0,0,0,0.05,0.91,10.1,23.1,6,14,20.2,20.6,25.4,23.2,20.7,0.081,0.069,0.098,0.19,0,0.0,0.0,0.0,0.0,0.0,0.0,0.0,0.0,0.0,0.0,0.0,0.0,0.0
37.855885,-8.445038,91.0,2011-08-09T04:00,18.9,61,11.2,17.8,0.0,0.0,0.0,0.0,0,1016.7,1005.9,0,0,0,0,0.04,0.86,9.9,22.8,10,18,18.7,20.0,25.2,23.2,20.7,0.081,0.069,0.098,0.19,0,0.0,0.0,0.0,0.0,0.0,0.0,0.0,0.0,0.0,0.0,0.0,0.0,0.0
37.855885,-8.445038,91.0,2011-08-09T05:00,18.4,61,10.8,17.2,0.0,0.0,0.0,0.0,0,1016.7,1005.9,0,0,0,0,0.04,0.82,9.8,23.2,17,24,17.6,19.4,25.0,23.2,20.7,0.081,0.069,0.098,0.19,0,0.0,0.0,0.0,0.0,0.0,0.0,0.0,0.0,0.0,0.0,0.0,0.0,0.0
37.855885,-8.445038,91.0,2011-08-09T06:00,17.8,64,10.8,16.5,0.0,0.0,0.0,0.0,0,1016.8,1006.0,0,0,0,0,0.07,0.74,10.5,24.0,22,28,17.6,18.8,24.7,23.2,20.7,0.081,0.069,0.098,0.19,1,0.0,1.0,0.0,1.0,0.0,1.0,16.0,3.2,0.0,3.2,0.0,0.7,51.6
37.855885,-8.445038,91.0,2011-08-09T07:00,19.1,60,11.2,17.7,0.0,0.0,0.0,0.0,0,1016.8,1006.1,0,0,0,0,0.09,0.89,12.4,23.7,30,33,21.2,19.5,24.5,23.2,20.7,0.081,0.069,0.098,0.19,1,2976.87,91.0,57.0,34.0,368.7,91.0,182.9,156.7,98.1,58.5,414.6,139.3,314.9
37.855885,-8.445038,91.0,2011-08-09T08:00,23.4,40,9.2,21.4,0.0,0.0,0.0,0.0,0,1017.0,1006.4,0,0,0,0,0.24,1.72,12.3,19.9,40,42,24.5,22.7,24.4,23.2,20.7,0.081,0.069,0.098,0.19,1,3600.0,282.0,214.0,68.0,640.3,282.0,444.7,362.8,275.3,87.5,640.3,362.8,572.1
37.855885,-8.445038,91.0,2011-08-09T09:00,27.1,30,8.2,24.9,0.0,0.0,0.0,0.0,0,1017.1,1006.6,0,0,0,0,0.39,2.49,11.5,15.9,49,51,25.9,26.3,24.5,23.2,20.7,0.08,0.069,0.098,0.19,1,3600.0,487.0,401.0,86.0,771.6,487.0,691.5,567.4,467.2,100.2,771.6,567.4,805.6
37.855885,-8.445038,91.0,2011-08-09T10:00,30.4,25,8.0,29.4,0.0,0.0,0.0,0.0,0,1017.4,1007.0,0,0,0,0,0.53,3.27,8.4,10.7,43,45,25.6,30.0,24.7,23.2,20.7,0.08,0.069,0.097,0.19,1,3600.0,673.0,574.0,99.0,842.6,673.0,906.4,742.1,632.9,109.2,842.6,742.1,999.5
37.855885,-8.445038,91.0,2011-08-09T11:00,33.2,21,7.6,33.3,0.0,0.0,0.0,0.0,0,1016.9,1006.6,0,0,0,0,0.64,4.04,6.4,7.9,43,47,23.0,33.5,25.0,23.2,20.7,0.079,0.069,0.097,0.19,1,3600.0,821.0,714.0,107.0,883.9,821.0,1074.8,871.2,757.6,113.5,883.9,871.2,1140.5
37.855885,-8.445038,91.0,2011-08-09T12:00,35.3,17,6.9,36.1,0.0,0.0,0.0,0.0,0,1016.7,1006.5,0,0,0,0,0.72,4.72,4.9,6.4,36,43,20.5,36.6,25.4,23.2,20.7,0.078,0.069,0.097,0.19,1,3600.0,919.0,807.0,112.0,906.0,919.0,1185.2,945.2,830.0,115.2,906.0,945.2,1219.0
37.855885,-8.445038,91.0,2011-08-09T13:00,36.6,16,6.7,38.0,0.0,0.0,0.0,0.0,0,1016.3,1006.2,0,0,0,0,0.74,5.16,3.1,3.9,21,34,17.6,38.9,25.8,23.2,20.7,0.077,0.069,0.097,0.19,1,3600.0,957.0,844.0,113.0,913.0,957.0,1230.0,956.7,843.7,113.0,913.0,956.7,1229.7
37.855885,-8.445038,91.0,2011-08-09T14:00,37.3,15,6.8,38.5,0.0,0.0,0.0,0.0,0,1015.8,1005.7,0,0,0,0,0.72,5.4,3.2,3.5,333,336,22.3,40.4,26.3,23.2,20.7,0.076,0.069,0.097,0.19,1,3600.0,934.0,822.0,112.0,906.8,934.0,1206.3,907.2,798.5,108.8,906.8,907.2,1171.7
37.855885,-8.445038,91.0,2011-08-09T15:00,37.2,16,7.3,37.3,0.0,0.0,0.0,0.0,0,1015.2,1005.1,0,0,0,0,0.71,5.33,7.2,8.7,297,300,30.2,40.7,26.8,23.2,20.7,0.075,0.069,0.097,0.19,1,3600.0,852.0,745.0,107.0,888.7,852.0,1115.4,801.3,700.7,100.6,888.7,801.3,1049.1
37.855885,-8.445038,91.0,2011-08-09T16:00,36.3,18,7.9,35.0,0.0,0.0,0.0,0.0,0,1015.0,1004.9,0,0,0,0,0.65,4.96,11.5,14.0,290,293,33.8,39.7,27.2,23.2,20.7,0.074,0.069,0.097,0.19,1,3600.0,718.0,617.0,101.0,851.9,718.0,963.8,648.2,557.0,91.2,851.9,648.2,870.1
37.855885,-8.445038,91.0,2011-08-09T17:00,34.6,21,8.9,32.2,0.0,0.0,0.0,0.0,0,1014.9,1004.7,0,0,0,0,0.53,4.35,13.9,17.9,287,289,35.6,37.8,27.5,23.2,20.7,0.073,0.069,0.097,0.19,1,3600.0,542.0,453.0,89.0,791.5,542.0,761.6,460.5,384.8,75.6,791.5,460.5,647.0
37.855885,-8.445038,91.0,2011-08-09T18:00,32.2,26,10.0,30.1,0.0,0.0,0.0,0.0,0,1015.1,1004.8,0,0,0,0,0.38,3.58,14.5,20.6,284,286,33.5,35.3,27.7,23.2,20.7,0.073,0.069,0.097,0.19,1,3600.0,342.0,269.0,73.0,685.0,342.0,522.6,258.4,203.3,55.2,685.0,258.4,394.9
37.855885,-8.445038,91.0,2011-08-09T19:00,30.2,32,11.8,28.8,0.0,0.0,0.0,0.0,0,1015.4,1005.1,0,0,0,0,0.22,2.9,13.3,20.3,283,287,29.5,32.6,27.8,23.2,20.7,0.073,0.068,0.097,0.19,1,3600.0,145.0,98.0,47.0,495.7,145.0,263.1,72.2,48.8,23.4,495.7,72.2,131.0
37.855885,-8.445038,91.0,2011-08-09T20:00,27.4,41,13.0,26.7,0.0,0.0,0.0,0.0,0,1015.4,1005.0,0,0,0,0,0.12,2.15,10.9,19.5,278,289,25.9,29.7,27.8,23.2,20.7,0.073,0.068,0.097,0.19,0,0.0,13.0,5.0,8.0,58.5,13.0,55.4,0.0,0.0,0.0,0.0,0.0,0.0
37.855885,-8.445038,91.0,2011-08-09T21:00,25.6,48,13.8,25.5,0.0,0.0,0.0,0.0,0,1016.4,1005.9,0,0,0,0,0.07,1.71,9.0,17.7,272,294,19.8,27.6,27.8,23.3,20.7,0.073,0.068,0.097,0.19,0,0.0,0.0,0.0,0.0,0.0,0.0,0.0,0.0,0.0,0.0,0.0,0.0,0.0
37.855885,-8.445038,91.0,2011-08-09T22:00,24.4,53,14.3,24.8,0.0,0.0,0.0,0.0,0,1016.5,1005.9,0,0,0,0,0.04,1.42,6.6,14.8,261,296,15.8,26.0,27.7,23.3,20.7,0.073,0.068,0.097,0.19,0,0.0,0.0,0.0,0.0,0.0,0.0,0.0,0.0,0.0,0.0,0.0,0.0,0.0
37.855885,-8.445038,91.0,2011-08-09T23:00,23.3,58,14.6,23.9,0.0,0.0,0.0,0.0,0,1016.4,1005.8,0,0,0,0,0.03,1.19,6.2,12.9,249,293,11.9,24.7,27.5,23.3,20.7,0.072,0.068,0.097,0.19,0,0.0,0.0,0.0,0.0,0.0,0.0,0.0,0.0,0.0,0.0,0.0,0.0,0.0
37.855885,-8.445038,91.0,2011-08-10T00:00,22.1,64,14.9,22.8,0.0,0.0,0.0,0.0,0,1016.6,1006.0,0,0,0,0,0.02,0.96,6.1,9.7,230,274,10.4,23.5,27.3,23.3,20.7,0.072,0.068,0.097,0.19,0,0.0,0.0,0.0,0.0,0.0,0.0,0.0,0.0,0.0,0.0,0.0,0.0,0.0
37.855885,-8.445038,91.0,2011-08-10T01:00,21.0,69,15.0,21.7,0.0,0.0,0.0,0.0,0,1016.2,1005.5,0,0,0,0,0.02,0.77,6.3,9.9,211,237,11.2,22.4,27.1,23.3,20.7,0.072,0.068,0.097,0.19,0,0.0,0.0,0.0,0.0,0.0,0.0,0.0,0.0,0.0,0.0,0.0,0.0,0.0
37.855885,-8.445038,91.0,2011-08-10T02:00,20.1,72,15.0,20.9,0.0,0.0,0.0,0.0,0,1015.9,1005.2,0,0,0,0,0.01,0.65,6.2,12.3,201,218,12.6,21.6,26.9,23.3,20.7,0.072,0.068,0.097,0.19,0,0.0,0.0,0.0,0.0,0.0,0.0,0.0,0.0,0.0,0.0,0.0,0.0,0.0
37.855885,-8.445038,91.0,2011-08-10T03:00,19.3,76,14.9,20.0,0.0,0.0,0.0,0.0,0,1015.6,1004.9,0,0,0,0,0.01,0.54,6.2,14.4,190,202,11.9,20.9,26.6,23.3,20.7,0.072,0.068,0.097,0.19,0,0.0,0.0,0.0,0.0,0.0,0.0,0.0,0.0,0.0,0.0,0.0,0.0,0.0
37.855885,-8.445038,91.0,2011-08-10T04:00,18.5,80,14.9,19.1,0.0,0.0,0.0,0.0,0,1015.6,1004.8,0,0,0,0,0.01,0.44,6.8,15.8,180,192,11.2,20.1,26.4,23.3,20.7,0.072,0.068,0.097,0.19,0,0.0,0.0,0.0,0.0,0.0,0.0,0.0,0.0,0.0,0.0,0.0,0.0,0.0
37.855885,-8.445038,91.0,2011-08-10T05:00,18.0,82,14.8,18.5,0.0,0.0,0.0,0.0,0,1015.4,1004.6,0,0,0,0,0.0,0.37,7.2,17.0,174,185,11.2,19.4,26.1,23.3,20.7,0.072,0.068,0.097,0.19,0,0.0,0.0,0.0,0.0,0.0,0.0,0.0,0.0,0.0,0.0,0.0,0.0,0.0
37.855885,-8.445038,91.0,2011-08-10T06:00,17.7,83,14.9,18.3,0.0,0.0,0.0,0.0,0,1016.0,1005.2,1,0,0,3,0.03,0.34,7.3,18.7,169,179,13.0,18.9,25.8,23.3,20.7,0.072,0.068,0.097,0.19,1,0.0,1.0,0.0,1.0,0.0,1.0,14.3,3.4,0.0,3.4,0.0,0.7,48.0
37.855885,-8.445038,91.0,2011-08-10T07:00,19.5,81,16.2,20.2,0.0,0.0,0.0,0.0,0,1015.9,1005.2,5,0,0,17,0.05,0.43,10.0,19.2,165,174,16.6,20.0,25.6,23.3,20.7,0.072,0.068,0.097,0.19,1,2929.23,86.0,52.0,34.0,338.9,86.0,179.6,149.3,90.3,59.0,385.3,131.3,311.8
37.855885,-8.445038,91.0,2011-08-10T08:00,24.8,60,16.4,25.6,0.0,0.0,0.0,0.0,0,1016.4,1005.9,14,0,0,47,0.2,1.26,9.5,15.4,169,169,20.9,24.0,25.5,23.3,20.7,0.072,0.068,0.097,0.19,1,3600.0,271.0,203.0,68.0,611.5,271.0,441.8,349.3,261.6,87.6,611.5,349.3,569.4
37.855885,-8.445038,91.0,2011-08-10T09:00,27.9,50,16.6,28.6,0.0,0.0,0.0,0.0,0,1016.5,1006.1,13,0,0,43,0.36,1.86,10.7,14.5,166,166,25.2,27.6,25.5,23.3,20.8,0.072,0.068,0.097,0.19,1,3600.0,472.0,384.0,88.0,741.8,472.0,689.0,550.3,447.7,102.6,741.8,550.3,803.3
37.855885,-8.445038,91.0,2011-08-10T10:00,30.5,42,16.3,32.3,0.0,0.0,0.0,0.0,0,1016.3,1006.0,13,0,0,42,0.5,2.52,6.8,8.7,180,175,26.6,31.0,25.7,23.3,20.8,0.072,0.068,0.097,0.19,1,3600.0,655.0,553.0,102.0,814.1,655.0,904.2,722.5,610.0,112.5,814.1,722.5,997.3
37.855885,-8.445038,91.0,2011-08-10T11:00,32.8,36,15.6,35.6,0.0,0.0,0.0,0.0,0,1016.2,1005.9,8,0,0,27,0.61,3.2,4.7,6.1,189,183,26.6,34.2,26.0,23.3,20.8,0.071,0.068,0.097,0.19,1,3600.0,800.0,691.0,109.0,857.4,800.0,1072.7,849.0,733.3,115.7,857.4,849.0,1138.5
37.855885,-8.445038,91.0,2011-08-10T12:00,34.4,31,15.1,37.8,0.0,0.0,0.0,0.0,0,1015.9,1005.7,6,0,0,20,0.68,3.73,3.6,4.3,217,204,25.6,36.9,26.3,23.4,20.8,0.07,0.068,0.096,0.19,1,3600.0,889.0,755.0,134.0,849.3,889.0,1183.2,914.4,776.6,137.8,849.3,914.4,1217.0
37.855885,-8.445038,91.0,2011-08-10T13:00,35.4,30,15.0,38.6,0.0,0.0,0.0,0.0,0,1015.5,1005.3,10,0,0,35,0.72,4.03,4.8,5.6,257,255,25.6,39.0,26.7,23.4,20.8,0.07,0.068,0.096,0.19,1,3600.0,915.0,766.0,149.0,830.3,915.0,1227.9,914.7,765.7,148.9,830.3,914.7,1227.5
37.855885,-8.445038,91.0,2011-08-10T14:00,35.6,30,15.2,38.1,0.0,0.0,0.0,0.0,0,1015.2,1005.0,16,0,0,53,0.75,4.09,9.2,11.0,281,281,27.7,40.3,27.1,23.4,20.8,0.069,0.068,0.096,0.19,1,3600.0,905.0,773.0,132.0,854.6,905.0,1204.0,878.9,750.7,128.2,854.6,878.9,1169.3
37.855885,-8.445038,91.0,2011-08-10T15:00,35.2,31,15.7,36.6,0.0,0.0,0.0,0.0,0,1014.9,1004.7,12,0,0,41,0.71,3.89,13.2,16.3,287,288,30.6,40.2,27.5,23.4,20.8,0.069,0.068,0.096,0.19,1,3600.0,810.0,665.0,145.0,795.4,810.0,1112.8,761.6,625.2,136.3,795.4,761.6,1046.3
37.855885,-8.445038,91.0,2011-08-10T16:00,33.8,36,16.4,34.4,0.0,0.0,0.0,0.0,0,1014.9,1004.7,8,0,0,26,0.62,3.38,16.1,20.9,294,294,33.8,38.9,27.8,23.4,20.8,0.068,0.068,0.096,0.19,1,3600.0,692.0,583.0,109.0,807.7,692.0,960.8,624.4,526.0,98.3,807.7,624.4,866.9
37.855885,-8.445038,91.0,2011-08-10T17:00,31.4,42,17.0,31.2,0.0,0.0,0.0,0.0,0,1014.9,1004.6,4,0,0,12,0.48,2.65,17.7,23.5,297,297,38.5,36.6,28.1,23.4,20.8,0.068,0.068,0.096,0.19,1,3600.0,520.0,422.0,98.0,741.0,520.0,758.1,441.2,358.1,83.2,741.0,441.2,643.3
37.855885,-8.445038,91.0,2011-08-10T18:00,29.0,47,16.7,28.9,0.0,0.0,0.0,0.0,0,1014.9,1004.5,0,0,0,1,0.32,2.11,17.1,23.1,300,301,38.2,33.9,28.2,23.4,20.8,0.068,0.068,0.096,0.19,1,3600.0,327.0,252.0,75.0,646.8,327.0,518.6,246.3,189.8,56.5,646.8,246.3,390.7
37.855885,-8.445038,91.0,2011-08-10T19:00,26.8,49,15.1,26.4,0.0,0.0,0.0,0.0,0,1014.9,1004.4,0,0,0,0,0.18,1.8,14.1,20.3,302,303,34.2,31.1,28.3,23.4,20.8,0.068,0.068,0.096,0.19,1,3600.0,134.0,87.0,47.0,447.8,134.0,258.6,65.4,42.5,23.0,447.8,65.4,126.3
37.855885,-8.445038,91.0,2011-08-10T20:00,25.2,52,14.8,25.2,0.0,0.0,0.0,0.0,0,1015.3,1004.8,0,0,0,0,0.1,1.53,10.7,17.7,303,303,28.1,28.6,28.2,23.4,20.8,0.067,0.068,0.096,0.19,0,0.0,11.0,4.0,7.0,47.8,11.0,53.1,0.0,0.0,0.0,0.0,0.0,0.0
37.855885,-8.445038,91.0,2011-08-10T21:00,24.3,54,14.4,24.7,0.0,0.0,0.0,0.0,0,1015.7,1005.2,0,0,0,0,0.04,1.4,6.9,14.1,298,302,20.2,26.9,28.1,23.5,20.8,0.067,0.068,0.096,0.19,0,0.0,0.0,0.0,0.0,0.0,0.0,0.0,0.0,0.0,0.0,0.0,0.0,0.0
37.855885,-8.445038,91.0,2011-08-10T22:00,23.6,56,14.3,24.3,0.0,0.0,0.0,0.0,0,1016.2,1005.6,0,0,0,0,0.02,1.28,4.7,8.7,247,277,11.9,25.6,28.0,23.5,20.8,0.067,0.068,0.096,0.19,0,0.0,0.0,0.0,0.0,0.0,0.0,0.0,0.0,0.0,0.0,0.0,0.0,0.0
37.855885,-8.445038,91.0,2011-08-10T23:00,22.6,60,14.4,23.3,0.0,0.0,0.0,0.0,0,1016.4,1005.8,0,0,0,0,0.02,1.1,5.2,7.9,196,219,7.6,24.4,27.8,23.5,20.8,0.067,0.068,0.096,0.19,0,0.0,0.0,0.0,0.0,0.0,0.0,0.0,0.0,0.0,0.0,0.0,0.0,0.0
37.855885,-8.445038,91.0,2011-08-11T00:00,21.8,64,14.7,22.1,0.0,0.0,0.0,0.0,0,1016.5,1005.9,0,0,0,0,0.03,0.94,7.9,14.2,183,187,8.6,23.4,27.6,23.5,20.8,0.067,0.068,0.096,0.19,0,0.0,0.0,0.0,0.0,0.0,0.0,0.0,0.0,0.0,0.0,0.0,0.0,0.0
37.855885,-8.445038,91.0,2011-08-11T01:00,20.9,70,15.1,21.5,0.0,0.0,0.0,0.0,0,1016.0,1005.3,0,0,0,0,0.02,0.75,7.2,14.8,183,184,9.0,22.5,27.4,23.5,20.8,0.067,0.068,0.096,0.19,0,0.0,0.0,0.0,0.0,0.0,0.0,0.0,0.0,0.0,0.0,0.0,0.0,0.0
37.855885,-8.445038,91.0,2011-08-11T02:00,20.1,75,15.5,21.0,0.0,0.0,0.0,0.0,0,1015.0,1004.3,0,0,0,0,0.01,0.58,6.3,11.1,204,193,9.4,21.6,27.2,23.5,20.8,0.067,0.068,0.096,0.19,0,0.0,0.0,0.0,0.0,0.0,0.0,0.0,0.0,0.0,0.0,0.0,0.0,0.0
37.855885,-8.445038,91.0,2011-08-11T03:00,19.5,78,15.6,20.6,0.0,0.0,0.0,0.0,0,1014.4,1003.7,0,0,0,0,0.0,0.49,4.9,9.5,234,209,9.7,20.9,26.9,23.5,20.8,0.067,0.068,0.096,0.19,0,0.0,0.0,0.0,0.0,0.0,0.0,0.0,0.0,0.0,0.0,0.0,0.0,0.0
37.855885,-8.445038,91.0,2011-08-11T04:00,18.9,82,15.8,20.1,0.0,0.0,0.0,0.0,0,1014.7,1004.0,1,0,0,3,0.0,0.39,5.5,9.3,238,216,10.1,20.2,26.6,23.5,20.8,0.067,0.068,0.096,0.19,0,0.0,0.0,0.0,0.0,0.0,0.0,0.0,0.0,0.0,0.0,0.0,0.0,0.0
37.855885,-8.445038,91.0,2011-08-11T05:00,18.6,84,15.9,19.9,0.0,0.0,0.0,0.0,0,1014.6,1003.9,2,0,0,5,0.0,0.34,4.3,8.2,246,221,9.7,19.6,26.4,23.5,20.8,0.067,0.068,0.096,0.19,0,0.0,0.0,0.0,0.0,0.0,0.0,0.0,0.0,0.0,0.0,0.0,0.0,0.0
37.855885,-8.445038,91.0,2011-08-11T06:00,18.4,86,16.0,20.0,0.0,0.0,0.0,0.0,0,1014.9,1004.1,1,0,0,3,0.02,0.3,2.9,6.1,270,225,8.6,19.2,26.1,23.5,20.8,0.067,0.068,0.096,0.19,1,0.0,1.0,0.0,1.0,0.0,1.0,12.5,3.6,0.0,3.6,0.0,0.6,44.5
37.855885,-8.445038,91.0,2011-08-11T07:00,21.0,77,16.7,23.1,0.0,0.0,0.0,0.0,0,1015.0,1004.3,0,0,0,0,0.04,0.58,1.6,5.5,207,203,6.5,20.3,25.9,23.5,20.8,0.067,0.068,0.096,0.19,1,2881.39,82.0,49.0,33.0,321.9,82.0,176.3,143.6,85.8,57.8,370.0,124.9,308.7
37.855885,-8.445038,91.0,2011-08-11T08:00,24.0,62,16.3,25.7,0.0,0.0,0.0,0.0,0,1015.2,1004.6,0,0,0,0,0.16,1.14,3.0,5.4,166,176,11.2,24.4,25.8,23.5,20.8,0.067,0.068,0.096,0.19,1,3600.0,264.0,194.0,70.0,588.4,264.0,438.9,340.9,250.5,90.4,588.4,340.9,566.7
37.855885,-8.445038,91.0,2011-08-11T09:00,27.0,51,15.9,28.3,0.0,0.0,0.0,0.0,0,1015.2,1004.7,0,0,0,1,0.32,1.77,4.8,6.3,167,167,16.6,28.1,25.9,23.5,20.8,0.067,0.068,0.096,0.19,1,3600.0,462.0,370.0,92.0,717.6,462.0,686.5,539.0,431.7,107.3,717.6,539.0,800.9
37.855885,-8.445038,91.0,2011-08-11T10:00,29.5,43,15.6,31.4,0.0,0.0,0.0,0.0,0,1015.6,1005.2,0,0,0,1,0.46,2.35,4.1,5.3,218,208,19.8,31.3,26.0,23.5,20.8,0.067,0.068,0.096,0.19,1,3600.0,638.0,525.0,113.0,775.0,638.0,901.9,704.0,579.3,124.7,775.0,704.0,995.2
37.855885,-8.445038,91.0,2011-08-11T11:00,31.6,38,15.4,34.5,0.0,0.0,0.0,0.0,0,1015.1,1004.8,0,0,0,0,0.59,2.9,3.2,3.6,243,233,21.2,34.5,26.3,23.5,20.8,0.066,0.068,0.096,0.19,1,3600.0,791.0,679.0,112.0,844.4,791.0,1070.7,839.6,720.7,118.9,844.4,839.6,1136.4
37.855885,-8.445038,91.0,2011-08-11T12:00,33.2,34,15.5,36.7,0.0,0.0,0.0,0.0,0,1014.7,1004.5,0,0,0,0,0.67,3.33,3.6,4.0,264,260,22.7,37.1,26.6,23.5,20.8,0.066,0.067,0.096,0.19,1,3600.0,887.0,773.0,114.0,871.4,887.0,1181.1,912.3,795.1,117.3,871.4,912.3,1214.9
37.855885,-8.445038,91.0,2011-08-11T13:00,34.3,33,15.5,37.6,0.0,0.0,0.0,0.0,0,1014.3,1004.1,0,0,0,0,0.73,3.64,5.8,6.8,266,267,25.2,39.1,26.9,23.6,20.8,0.065,0.067,0.096,0.19,1,3600.0,924.0,807.0,117.0,876.6,924.0,1225.8,923.6,806.6,116.9,876.6,923.6,1225.2
37.855885,-8.445038,91.0,2011-08-11T14:00,34.6,32,15.4,37.0,0.0,0.0,0.0,0.0,0,1013.8,1003.6,0,0,0,0,0.74,3.74,9.7,11.2,270,270,29.9,40.2,27.3,23.6,20.8,0.065,0.067,0.096,0.19,1,3600.0,900.0,785.0,115.0,869.9,900.0,1201.6,873.9,762.2,111.7,869.9,873.9,1166.7
37.855885,-8.445038,91.0,2011-08-11T15:00,34.3,32,15.2,35.6,0.0,0.0,0.0,0.0,0,1013.6,1003.4,0,0,0,0,0.7,3.67,13.0,15.8,270,270,32.4,40.1,27.7,23.6,20.8,0.065,0.067,0.095,0.19,1,3600.0,819.0,709.0,110.0,850.4,819.0,1110.1,769.8,666.4,103.4,850.4,769.8,1043.4
37.855885,-8.445038,91.0,2011-08-11T16:00,33.1,33,14.9,32.9,0.0,0.0,0.0,0.0,0,1013.4,1003.2,0,0,0,0,0.62,3.36,17.0,21.7,276,277,36.7,38.8,28.0,23.6,20.8,0.064,0.067,0.095,0.19,1,3600.0,687.0,584.0,103.0,812.0,687.0,957.6,619.5,526.6,92.9,812.0,619.5,863.5
37.855885,-8.445038,91.0,2011-08-11T17:00,30.7,36,14.1,29.5,0.0,0.0,0.0,0.0,0,1013.6,1003.3,0,0,0,0,0.48,2.81,17.3,22.9,282,283,40.7,36.5,28.2,23.6,20.8,0.064,0.067,0.095,0.19,1,3600.0,515.0,423.0,92.0,746.5,515.0,754.5,436.5,358.5,78.0,746.5,436.5,639.4
37.855885,-8.445038,91.0,2011-08-11T18:00,28.7,39,13.2,27.6,0.0,0.0,0.0,0.0,0,1013.5,1003.1,0,0,0,0,0.32,2.42,14.7,19.9,287,287,37.4,33.8,28.4,23.6,20.8,0.064,0.067,0.095,0.19,1,3600.0,319.0,244.0,75.0,631.5,319.0,514.5,239.5,183.2,56.3,631.5,239.5,386.3
37.855885,-8.445038,91.0,2011-08-11T19:00,26.2,43,12.8,25.6,0.0,0.0,0.0,0.0,0,1013.5,1003.0,0,0,0,0,0.16,1.92,10.5,14.4,292,292,30.2,30.9,28.4,23.6,20.8,0.064,0.067,0.095,0.19,1,3600.0,131.0,85.0,46.0,445.5,131.0,254.1,62.7,40.7,22.0,445.5,62.7,121.5
37.855885,-8.445038,91.0,2011-08-11T20:00,24.8,49,13.5,25.0,0.0,0.0,0.0,0.0,0,1013.5,1003.0,0,0,0,0,0.07,1.59,6.1,10.0,298,300,21.6,28.4,28.3,23.6,20.8,0.064,0.067,0.095,0.19,0,0.0,10.0,4.0,6.0,48.9,10.0,50.7,0.0,0.0,0.0,0.0,0.0,0.0
37.855885,-8.445038,91.0,2011-08-11T21:00,24.0,54,14.1,24.7,0.0,0.0,0.0,0.0,0,1014.0,1003.5,0,0,0,0,0.02,1.37,4.1,7.7,315,319,12.6,26.7,28.2,23.6,20.8,0.064,0.067,0.095,0.19,0,0.0,0.0,0.0,0.0,0.0,0.0,0.0,0.0,0.0,0.0,0.0,0.0,0.0
37.855885,-8.445038,91.0,2011-08-11T22:00,23.1,61,15.3,24.8,0.0,0.0,0.0,0.0,0,1014.2,1003.6,0,0,0,0,0.0,1.09,0.4,2.2,270,360,7.9,25.4,28.1,23.6,20.8,0.064,0.067,0.095,0.19,0,0.0,0.0,0.0,0.0,0.0,0.0,0.0,0.0,0.0,0.0,0.0,0.0,0.0
37.855885,-8.445038,91.0,2011-08-11T23:00,22.9,62,15.2,24.5,0.0,0.0,0.0,0.0,0,1014.1,1003.5,0,0,0,0,0.0,1.06,0.8,2.7,117,67,6.1,24.2,27.9,23.7,20.8,0.064,0.067,0.095,0.19,0,0.0,0.0,0.0,0.0,0.0,0.0,0.0,0.0,0.0,0.0,0.0,0.0,0.0
37.855885,-8.445038,91.0,2011-08-12T00:00,22.5,64,15.3,23.9,0.0,0.0,0.0,0.0,0,1014.0,1003.4,1,0,1,0,0.0,0.98,2.2,4.7,171,122,6.1,23.1,27.7,23.7,20.8,0.064,0.067,0.095,0.19,0,0.0,0.0,0.0,0.0,0.0,0.0,0.0,0.0,0.0,0.0,0.0,0.0,0.0
37.855885,-8.445038,91.0,2011-08-12T01:00,22.3,65,15.3,23.7,0.0,0.0,0.0,0.0,0,1013.5,1002.9,0,0,0,0,0.0,0.95,2.4,5.2,207,146,6.8,22.4,27.5,23.7,20.8,0.064,0.067,0.095,0.19,0,0.0,0.0,0.0,0.0,0.0,0.0,0.0,0.0,0.0,0.0,0.0,0.0,0.0
37.855885,-8.445038,91.0,2011-08-12T02:00,21.3,69,15.5,22.8,0.0,0.0,0.0,0.0,0,1013.1,1002.5,0,0,0,0,0.0,0.78,2.6,6.8,196,162,7.2,21.7,27.3,23.7,20.8,0.064,0.067,0.095,0.189,0,0.0,0.0,0.0,0.0,0.0,0.0,0.0,0.0,0.0,0.0,0.0,0.0,0.0
37.855885,-8.445038,91.0,2011-08-12T03:00,20.1,76,15.7,21.4,0.0,0.0,0.0,0.0,0,1012.6,1001.9,0,0,0,0,0.0,0.57,4.3,10.1,180,163,9.7,21.0,27.0,23.7,20.8,0.064,0.067,0.095,0.189,0,0.0,0.0,0.0,0.0,0.0,0.0,0.0,0.0,0.0,0.0,0.0,0.0,0.0
37.855885,-8.445038,91.0,2011-08-12T04:00,19.6,79,15.9,21.0,0.0,0.0,0.0,0.0,0,1013.0,1002.3,0,0,0,0,0.0,0.48,3.9,9.0,202,175,10.8,20.4,26.8,23.7,20.8,0.064,0.067,0.095,0.189,0,0.0,0.0,0.0,0.0,0.0,0.0,0.0,0.0,0.0,0.0,0.0,0.0,0.0
37.855885,-8.445038,91.0,2011-08-12T05:00,19.6,80,16.1,20.9,0.0,0.0,0.0,0.0,0,1012.9,1002.2,1,1,0,0,0.0,0.44,5.0,7.0,210,192,10.4,20.0,26.5,23.7,20.8,0.064,0.067,0.095,0.189,0,0.0,0.0,0.0,0.0,0.0,0.0,0.0,0.0,0.0,0.0,0.0,0.0,0.0
37.855885,-8.445038,91.0,2011-08-12T06:00,19.2,83,16.3,20.7,0.1,0.1,0.0,0.0,51,1013.2,1002.5,12,13,1,0,0.02,0.38,4.3,5.8,222,202,12.6,19.6,26.3,23.7,20.8,0.064,0.067,0.095,0.189,1,0.0,1.0,0.0,1.0,0.0,1.0,10.7,3.8,0.0,3.8,0.0,0.6,40.9
37.855885,-8.445038,91.0,2011-08-12T07:00,21.0,80,17.4,23.2,0.0,0.0,0.0,0.0,1,1013.3,1002.7,39,43,0,0,0.04,0.49,2.6,4.6,236,225,7.9,20.7,26.1,23.7,20.8,0.064,0.067,0.095,0.189,1,2833.34,67.0,34.0,33.0,225.1,67.0,172.9,118.4,60.1,58.3,261.8,101.8,305.6
37.855885,-8.445038,91.0,2011-08-12T08:00,22.8,75,18.0,25.5,0.0,0.0,0.0,0.0,2,1013.4,1002.8,59,66,0,0,0.1,0.7,1.5,2.2,194,189,9.4,24.0,26.0,23.7,20.8,0.064,0.067,0.095,0.189,1,3600.0,150.0,70.0,80.0,213.8,150.0,436.0,194.0,90.5,103.5,213.8,194.0,564.0
37.855885,-8.445038,91.0,2011-08-12T09:00,24.4,70,18.6,26.8,0.0,0.0,0.0,0.0,2,1013.5,1003.0,55,61,0,0,0.17,0.9,4.8,6.4,132,133,12.2,26.0,25.9,23.7,20.8,0.064,0.067,0.095,0.189,1,3600.0,222.0,107.0,115.0,208.4,222.0,683.9,259.2,124.9,134.3,208.4,259.2,798.5
37.855885,-8.445038,91.0,2011-08-12T10:00,26.3,62,18.5,28.4,0.0,0.0,0.0,0.0,1,1013.9,1003.4,46,51,0,0,0.28,1.28,6.6,8.7,167,163,18.7,28.3,26.0,23.7,20.8,0.064,0.067,0.095,0.189,1,3600.0,375.0,174.0,201.0,257.6,375.0,899.6,413.9,192.1,221.9,257.6,413.9,993.0
37.855885,-8.445038,91.0,2011-08-12T11:00,27.7,56,18.0,29.7,0.0,0.0,0.0,0.0,1,1013.6,1003.2,49,54,0,0,0.37,1.64,6.1,8.0,180,175,20.2,30.0,26.1,23.7,20.9,0.064,0.067,0.095,0.189,1,3600.0,478.0,199.0,279.0,248.1,478.0,1068.5,507.4,211.3,296.2,248.1,507.4,1134.3
37.855885,-8.445038,91.0,2011-08-12T12:00,29.5,49,17.6,32.0,0.0,0.0,0.0,0.0,2,1013.5,1003.2,76,85,0,0,0.5,2.11,5.5,6.9,191,189,21.6,32.7,26.3,23.7,20.9,0.064,0.067,0.095,0.189,1,3600.0,659.0,393.0,266.0,444.0,659.0,1179.0,677.8,404.2,273.6,444.0,677.8,1212.7
37.855885,-8.445038,91.0,2011-08-12T13:00,30.7,44,17.1,33.9,0.0,0.0,0.0,0.0,3,1013.1,1002.8,82,91,0,0,0.6,2.47,5.4,6.4,222,218,21.6,35.3,26.5,23.7,20.9,0.063,0.067,0.095,0.189,1,3600.0,784.0,545.0,239.0,593.3,784.0,1223.6,783.6,544.7,238.9,593.3,783.6,1222.9
37.855885,-8.445038,91.0,2011-08-12T14:00,31.5,41,16.5,34.0,0.0,0.0,0.0,0.0,2,1012.9,1002.6,60,49,27,0,0.6,2.75,7.2,8.7,264,263,23.0,36.9,26.8,23.7,20.9,0.063,0.067,0.095,0.189,1,3600.0,764.0,534.0,230.0,593.2,764.0,1199.1,741.7,518.4,223.3,593.2,741.7,1164.1
37.855885,-8.445038,91.0,2011-08-12T15:00,31.6,40,16.3,33.6,0.0,0.0,0.0,0.0,2,1012.7,1002.4,52,46,17,0,0.59,2.8,9.2,11.2,291,291,28.4,37.4,27.1,23.7,20.9,0.063,0.067,0.095,0.189,1,3600.0,740.0,575.0,165.0,691.7,740.0,1107.3,695.3,540.2,155.0,691.7,695.3,1040.4
37.855885,-8.445038,91.0,2011-08-12T16:00,31.4,40,16.3,32.6,0.0,0.0,0.0,0.0,0,1012.6,1002.3,2,2,0,0,0.55,2.74,11.5,14.0,290,293,31.0,37.0,27.4,23.7,20.9,0.063,0.067,0.095,0.189,1,3600.0,671.0,534.0,137.0,745.3,671.0,954.4,604.7,481.2,123.5,745.3,604.7,860.1
37.855885,-8.445038,91.0,2011-08-12T17:00,30.8,42,16.5,31.0,0.0,0.0,0.0,0.0,0,1012.6,1002.3,0,0,0,0,0.45,2.57,13.7,17.4,297,297,32.8,35.8,27.6,23.8,20.9,0.062,0.067,0.095,0.189,1,3600.0,522.0,436.0,86.0,773.6,522.0,750.8,441.8,369.0,72.8,773.6,441.8,635.5
37.855885,-8.445038,91.0,2011-08-12T18:00,29.1,47,16.7,29.5,0.0,0.0,0.0,0.0,0,1012.6,1002.2,0,0,0,0,0.3,2.13,13.7,18.1,300,301,35.3,33.7,27.8,23.8,20.9,0.062,0.067,0.095,0.189,1,3600.0,320.0,246.0,74.0,642.2,320.0,510.3,239.5,184.1,55.4,642.2,239.5,381.9
37.855885,-8.445038,91.0,2011-08-12T19:00,25.7,57,16.6,25.9,0.0,0.0,0.0,0.0,0,1013.2,1002.7,0,0,0,0,0.15,1.41,14.3,20.1,304,306,30.2,30.5,27.8,23.8,20.9,0.062,0.067,0.095,0.189,1,3600.0,127.0,81.0,46.0,432.7,127.0,249.3,59.4,37.9,21.5,432.7,59.4,116.6
37.855885,-8.445038,91.0,2011-08-12T20:00,23.8,63,16.4,24.0,0.0,0.0,0.0,0.0,0,1013.1,1002.6,0,0,0,0,0.09,1.07,13.6,20.7,302,305,29.2,27.8,27.8,23.8,20.9,0.062,0.067,0.095,0.189,0,0.0,9.0,3.0,6.0,37.5,9.0,48.2,0.0,0.0,0.0,0.0,0.0,0.0
37.855885,-8.445038,91.0,2011-08-12T21:00,22.6,68,16.3,23.1,0.0,0.0,0.0,0.0,0,1013.9,1003.3,1,0,0,2,0.04,0.88,11.1,17.4,306,310,26.6,25.9,27.7,23.8,20.9,0.062,0.067,0.095,0.189,0,0.0,0.0,0.0,0.0,0.0,0.0,0.0,0.0,0.0,0.0,0.0,0.0,0.0
37.855885,-8.445038,91.0,2011-08-12T22:00,21.9,71,16.3,22.9,0.0,0.0,0.0,0.0,0,1014.8,1004.2,0,0,0,0,0.02,0.77,7.4,12.9,317,330,20.9,24.6,27.5,23.8,20.9,0.062,0.067,0.095,0.189,0,0.0,0.0,0.0,0.0,0.0,0.0,0.0,0.0,0.0,0.0,0.0,0.0,0.0
37.855885,-8.445038,91.0,2011-08-12T23:00,21.3,73,16.2,22.5,0.0,0.0,0.0,0.0,0,1014.4,1003.8,0,0,0,0,0.01,0.68,6.4,11.5,297,316,16.2,23.6,27.3,23.8,20.9,0.062,0.067,0.095,0.189,0,0.0,0.0,0.0,0.0,0.0,0.0,0.0,0.0,0.0,0.0,0.0,0.0,0.0
37.855885,-8.445038,91.0,2011-08-13T00:00,20.7,76,16.2,21.8,0.0,0.0,0.0,0.0,0,1014.8,1004.1,1,1,0,0,0.01,0.59,7.1,12.5,294,309,13.3,22.8,27.2,23.8,20.9,0.062,0.067,0.095,0.189,0,0.0,0.0,0.0,0.0,0.0,0.0,0.0,0.0,0.0,0.0,0.0,0.0,0.0
37.855885,-8.445038,91.0,2011-08-13T01:00,20.0,79,16.2,20.9,0.0,0.0,0.0,0.0,0,1014.3,1003.6,3,3,0,0,0.01,0.5,8.3,15.0,304,314,13.0,22.1,27.0,23.8,20.9,0.062,0.067,0.095,0.189,0,0.0,0.0,0.0,0.0,0.0,0.0,0.0,0.0,0.0,0.0,0.0,0.0,0.0
37.855885,-8.445038,91.0,2011-08-13T02:00,19.5,81,16.2,20.4,0.0,0.0,0.0,0.0,0,1014.1,1003.4,4,4,0,0,0.01,0.43,8.7,16.1,318,326,13.3,21.5,26.8,23.8,20.9,0.062,0.067,0.095,0.189,0,0.0,0.0,0.0,0.0,0.0,0.0,0.0,0.0,0.0,0.0,0.0,0.0,0.0
37.855885,-8.445038,91.0,2011-08-13T03:00,19.0,83,16.1,19.9,0.0,0.0,0.0,0.0,0,1013.6,1002.9,0,0,0,0,0.01,0.37,8.1,15.3,328,336,13.3,21.0,26.5,23.8,20.9,0.062,0.067,0.095,0.189,0,0.0,0.0,0.0,0.0,0.0,0.0,0.0,0.0,0.0,0.0,0.0,0.0,0.0
37.855885,-8.445038,91.0,2011-08-13T04:00,18.6,85,16.0,19.5,0.0,0.0,0.0,0.0,0,1013.6,1002.9,0,0,0,0,0.0,0.32,7.6,14.9,335,345,12.2,20.5,26.3,23.8,20.9,0.062,0.067,0.095,0.189,0,0.0,0.0,0.0,0.0,0.0,0.0,0.0,0.0,0.0,0.0,0.0,0.0,0.0
37.855885,-8.445038,91.0,2011-08-13T05:00,18.2,87,16.0,19.2,0.0,0.0,0.0,0.0,0,1013.5,1002.8,2,2,0,0,0.0,0.27,6.6,13.3,338,347,10.8,20.0,26.1,23.8,20.9,0.062,0.067,0.095,0.189,0,0.0,0.0,0.0,0.0,0.0,0.0,0.0,0.0,0.0,0.0,0.0,0.0,0.0
37.855885,-8.445038,91.0,2011-08-13T06:00,17.8,89,16.0,18.9,0.0,0.0,0.0,0.0,0,1013.6,1002.8,1,1,0,0,0.02,0.21,6.5,12.8,326,338,10.8,19.6,25.9,23.8,20.9,0.062,0.067,0.095,0.189,1,0.0,1.0,0.0,1.0,0.0,1.0,8.9,4.2,0.0,4.2,0.0,0.6,37.3
37.855885,-8.445038,91.0,2011-08-13T07:00,18.6,86,16.2,19.4,0.0,0.0,0.0,0.0,0,1013.8,1003.1,0,0,0,0,0.04,0.3,8.5,11.8,332,337,16.9,20.3,25.7,23.8,20.9,0.062,0.067,0.095,0.189,1,2785.13,76.0,43.0,33.0,287.0,76.0,169.6,135.6,76.7,58.9,337.8,115.2,302.5
37.855885,-8.445038,91.0,2011-08-13T08:00,20.2,77,16.0,21.1,0.0,0.0,0.0,0.0,0,1013.9,1003.2,0,0,0,0,0.15,0.55,8.4,11.0,335,337,20.9,22.5,25.6,23.8,20.9,0.062,0.067,0.095,0.189,1,3600.0,253.0,181.0,72.0,556.8,253.0,433.1,327.9,234.6,93.3,556.8,327.9,561.3
37.855885,-8.445038,91.0,2011-08-13T09:00,22.4,67,16.0,23.3,0.0,0.0,0.0,0.0,0,1014.1,1003.5,0,0,0,0,0.28,0.89,7.9,10.1,330,333,22.0,25.3,25.5,23.8,20.9,0.062,0.066,0.095,0.189,1,3600.0,450.0,352.0,98.0,688.3,450.0,681.3,525.8,411.3,114.5,688.3,525.8,796.1
37.855885,-8.445038,91.0,2011-08-13T10:00,24.8,58,16.0,26.5,0.0,0.0,0.0,0.0,0,1014.1,1003.6,0,0,0,0,0.42,1.31,5.9,7.0,322,325,23.0,28.4,25.6,23.8,20.9,0.062,0.066,0.095,0.189,1,3600.0,627.0,504.0,123.0,748.3,627.0,897.3,692.3,556.5,135.8,748.3,692.3,990.8
37.855885,-8.445038,91.0,2011-08-13T11:00,27.2,50,15.9,29.3,0.0,0.0,0.0,0.0,0,1013.5,1003.1,0,0,0,0,0.55,1.8,8.4,9.7,313,315,25.2,31.4,25.8,23.8,20.9,0.062,0.066,0.095,0.189,1,3600.0,783.0,666.0,117.0,832.2,783.0,1066.3,831.3,707.1,124.2,832.2,831.3,1132.2
37.855885,-8.445038,91.0,2011-08-13T12:00,29.0,44,15.5,31.1,0.0,0.0,0.0,0.0,0,1013.6,1003.2,0,0,0,0,0.65,2.23,11.0,13.3,308,311,29.2,33.9,26.0,23.8,20.9,0.061,0.066,0.095,0.189,1,3600.0,886.0,772.0,114.0,874.0,886.0,1176.8,911.4,794.1,117.3,874.0,911.4,1210.5
37.855885,-8.445038,91.0,2011-08-13T13:00,30.1,40,15.0,31.9,0.0,0.0,0.0,0.0,0,1013.1,1002.8,0,0,0,0,0.71,2.57,13.0,16.0,312,314,32.4,35.6,26.3,23.8,20.9,0.061,0.066,0.094,0.189,1,3600.0,927.0,813.0,114.0,887.0,927.0,1221.3,926.4,812.5,113.9,887.0,926.4,1220.5
37.855885,-8.445038,91.0,2011-08-13T14:00,30.9,37,14.3,32.1,0.0,0.0,0.0,0.0,0,1012.9,1002.6,0,0,0,0,0.71,2.83,14.0,17.6,314,316,33.5,36.5,26.5,23.8,20.9,0.061,0.066,0.094,0.189,1,3600.0,906.0,792.0,114.0,881.9,906.0,1196.6,879.4,768.7,110.7,881.9,879.4,1161.4
37.855885,-8.445038,91.0,2011-08-13T15:00,31.3,35,13.8,31.8,0.0,0.0,0.0,0.0,0,1012.3,1002.0,0,0,0,0,0.67,2.98,14.5,18.3,312,315,33.5,36.8,26.8,23.8,20.9,0.061,0.066,0.094,0.189,1,3600.0,827.0,719.0,108.0,867.5,827.0,1104.4,776.7,675.3,101.4,867.5,776.7,1037.2
37.855885,-8.445038,91.0,2011-08-13T16:00,31.2,34,13.6,30.8,0.0,0.0,0.0,0.0,0,1011.9,1001.6,0,0,0,0,0.59,2.99,15.8,20.1,311,314,33.5,36.4,27.1,23.9,20.9,0.061,0.066,0.094,0.189,1,3600.0,694.0,593.0,101.0,830.8,694.0,951.0,625.0,534.0,91.0,830.8,625.0,856.5
37.855885,-8.445038,91.0,2011-08-13T17:00,30.5,36,13.9,29.2,0.0,0.0,0.0,0.0,0,1011.8,1001.5,0,0,0,0,0.48,2.77,17.3,22.7,312,313,34.6,35.2,27.3,23.9,20.9,0.061,0.066,0.094,0.189,1,3600.0,519.0,428.0,91.0,763.5,519.0,746.9,438.7,361.8,76.9,763.5,438.7,631.4
37.855885,-8.445038,91.0,2011-08-13T18:00,28.8,43,14.9,27.8,0.0,0.0,0.0,0.0,0,1011.7,1001.3,0,0,0,0,0.33,2.27,17.8,24.4,312,314,35.6,33.1,27.4,23.9,20.9,0.06,0.066,0.094,0.189,1,3600.0,321.0,247.0,74.0,650.5,321.0,505.9,239.4,184.2,55.2,650.5,239.4,377.3
37.855885,-8.445038,91.0,2011-08-13T19:00,26.2,54,16.1,25.9,0.0,0.0,0.0,0.0,0,1011.9,1001.5,0,0,0,0,0.17,1.57,16.8,24.2,313,316,36.4,30.3,27.5,23.9,20.9,0.06,0.066,0.094,0.189,1,3600.0,127.0,82.0,45.0,446.9,127.0,244.5,57.9,37.4,20.5,429.0,57.9,111.5
37.855885,-8.445038,91.0,2011-08-13T20:00,24.4,61,16.5,24.5,0.0,0.0,0.0,0.0,0,1012.2,1001.7,0,0,0,0,0.1,1.19,14.8,25.1,317,322,32.4,27.8,27.5,23.9,20.9,0.06,0.066,0.094,0.189,0,0.0,8.0,3.0,5.0,38.4,8.0,45.7,0.0,0.0,0.0,0.0,0.0,0.0
37.855885,-8.445038,91.0,2011-08-13T21:00,23.3,66,16.5,23.3,0.0,0.0,0.0,0.0,0,1012.9,1002.3,0,0,0,0,0.07,0.98,15.3,26.7,326,333,27.7,26.0,27.4,23.9,20.9,0.06,0.066,0.094,0.189,0,0.0,0.0,0.0,0.0,0.0,0.0,0.0,0.0,0.0,0.0,0.0,0.0,0.0
37.855885,-8.445038,91.0,2011-08-13T22:00,22.3,69,16.4,22.4,0.0,0.0,0.0,0.0,0,1013.4,1002.8,0,0,0,0,0.05,0.83,14.3,24.9,335,340,28.1,24.7,27.3,23.9,20.9,0.06,0.066,0.094,0.189,0,0.0,0.0,0.0,0.0,0.0,0.0,0.0,0.0,0.0,0.0,0.0,0.0,0.0
37.855885,-8.445038,91.0,2011-08-13T23:00,21.4,73,16.4,21.6,0.0,0.0,0.0,0.0,0,1013.5,1002.9,0,0,0,0,0.04,0.69,13.8,24.1,340,346,27.4,23.6,27.1,23.9,20.9,0.06,0.066,0.094,0.189,0,0.0,0.0,0.0,0.0,0.0,0.0,0.0,0.0,0.0,0.0,0.0,0.0,0.0
37.855885,-8.445038,91.0,2011-08-14T00:00,20.5,78,16.5,20.8,0.0,0.0,0.0,0.0,0,1013.5,1002.8,6,7,0,0,0.03,0.54,13.1,22.4,344,349,25.2,22.7,26.9,23.9,20.9,0.06,0.066,0.094,0.189,0,0.0,0.0,0.0,0.0,0.0,0.0,0.0,0.0,0.0,0.0,0.0,0.0,0.0
37.855885,-8.445038,91.0,2011-08-14T01:00,19.7,82,16.5,20.1,0.0,0.0,0.0,0.0,1,1013.0,1002.3,23,26,0,0,0.02,0.41,12.6,21.5,347,351,22.7,21.9,26.7,23.9,20.9,0.06,0.066,0.094,0.189,0,0.0,0.0,0.0,0.0,0.0,0.0,0.0,0.0,0.0,0.0,0.0,0.0,0.0
37.855885,-8.445038,91.0,2011-08-14T02:00,19.0,86,16.6,19.5,0.0,0.0,0.0,0.0,1,1012.8,1002.1,37,41,0,0,0.01,0.3,12.1,20.7,350,353,21.6,21.1,26.5,23.9,20.9,0.06,0.066,0.094,0.189,0,0.0,0.0,0.0,0.0,0.0,0.0,0.0,0.0,0.0,0.0,0.0,0.0,0.0
37.855885,-8.445038,91.0,2011-08-14T03:00,18.4,90,16.7,19.0,0.0,0.0,0.0,0.0,1,1012.4,1001.7,41,46,0,0,0.0,0.22,11.7,19.5,351,355,20.2,20.5,26.3,23.9,20.9,0.06,0.066,0.094,0.189,0,0.0,0.0,0.0,0.0,0.0,0.0,0.0,0.0,0.0,0.0,0.0,0.0,0.0
37.855885,-8.445038,91.0,2011-08-14T04:00,18.0,92,16.7,18.7,0.0,0.0,0.0,0.0,1,1012.5,1001.8,37,41,0,0,0.0,0.16,11.4,18.9,349,352,19.1,19.9,26.1,23.9,20.9,0.06,0.066,0.094,0.189,0,0.0,0.0,0.0,0.0,0.0,0.0,0.0,0.0,0.0,0.0,0.0,0.0,0.0
37.855885,-8.445038,91.0,2011-08-14T05:00,17.7,94,16.7,18.3,0.0,0.0,0.0,0.0,1,1012.6,1001.8,38,42,0,0,0.0,0.12,11.7,19.2,351,354,19.4,19.5,25.9,23.9,20.9,0.06,0.066,0.094,0.189,0,0.0,0.0,0.0,0.0,0.0,0.0,0.0,0.0,0.0,0.0,0.0,0.0,0.0
37.855885,-8.445038,91.0,2011-08-14T06:00,17.5,95,16.7,18.1,0.0,0.0,0.0,0.0,2,1012.9,1002.1,62,69,0,0,0.01,0.1,12.3,19.9,353,356,19.8,19.3,25.6,23.9,20.9,0.06,0.066,0.094,0.189,1,0.0,1.0,0.0,1.0,0.0,1.0,7.1,4.8,0.0,4.8,0.0,0.5,33.6
37.855885,-8.445038,91.0,2011-08-14T07:00,18.6,89,16.8,19.0,0.0,0.0,0.0,0.0,2,1013.2,1002.5,75,83,0,0,0.04,0.23,13.3,18.7,357,359,26.6,19.8,25.4,23.9,20.9,0.06,0.066,0.094,0.189,1,2008.05,60.0,22.0,38.0,148.0,60.0,166.2,108.1,39.6,68.4,176.4,90.7,299.3
37.855885,-8.445038,91.0,2011-08-14T08:00,20.0,81,16.7,20.6,0.0,0.0,0.0,0.0,1,1013.3,1002.6,30,33,0,0,0.12,0.44,11.9,15.9,2,3,26.6,21.8,25.3,23.9,20.9,0.06,0.066,0.094,0.189,1,3600.0,202.0,94.0,108.0,291.3,202.0,430.1,262.3,122.1,140.2,291.3,262.3,558.5
37.855885,-8.445038,91.0,2011-08-14T09:00,22.3,70,16.7,22.9,0.0,0.0,0.0,0.0,0,1013.6,1003.0,16,15,0,7,0.27,0.8,11.6,15.2,353,355,26.6,24.6,25.3,23.9,20.9,0.06,0.066,0.094,0.189,1,3600.0,440.0,325.0,115.0,638.2,440.0,678.7,514.5,380.0,134.5,638.2,514.5,793.6
37.855885,-8.445038,91.0,2011-08-14T10:00,24.8,60,16.6,25.7,0.0,0.0,0.0,0.0,0,1014.1,1003.6,2,2,0,0,0.42,1.24,13.0,16.6,341,342,31.3,27.7,25.3,23.9,20.9,0.06,0.066,0.094,0.189,1,3600.0,631.0,517.0,114.0,769.9,631.0,895.0,697.0,571.0,125.9,769.9,697.0,988.5
37.855885,-8.445038,91.0,2011-08-14T11:00,27.3,52,16.4,28.9,0.0,0.0,0.0,0.0,0,1013.8,1003.4,0,0,0,0,0.55,1.75,13.0,16.2,341,343,32.4,30.6,25.5,23.9,21.0,0.06,0.066,0.094,0.189,1,3600.0,780.0,653.0,127.0,817.9,780.0,1064.1,828.3,693.4,134.9,817.9,828.3,1130.0
37.855885,-8.445038,91.0,2011-08-14T12:00,29.4,45,16.2,31.4,0.0,0.0,0.0,0.0,0,1013.7,1003.3,0,0,0,0,0.66,2.26,13.2,16.6,338,338,32.4,33.3,25.7,23.9,21.0,0.06,0.066,0.094,0.189,1,3600.0,886.0,757.0,129.0,859.0,886.0,1174.6,911.4,778.7,132.7,859.0,911.4,1208.2
37.855885,-8.445038,91.0,2011-08-14T13:00,30.8,41,16.0,32.5,0.0,0.0,0.0,0.0,0,1013.4,1003.1,0,0,0,0,0.72,2.61,15.9,20.1,332,333,35.6,35.4,26.0,23.9,21.0,0.06,0.066,0.094,0.189,1,3600.0,929.0,804.0,125.0,879.2,929.0,1218.9,928.3,803.4,124.9,879.2,928.3,1218.0
37.855885,-8.445038,91.0,2011-08-14T14:00,31.4,39,16.0,32.7,0.0,0.0,0.0,0.0,0,1013.5,1003.2,0,0,0,0,0.73,2.78,17.6,23.0,329,331,38.2,36.4,26.3,23.9,21.0,0.06,0.066,0.094,0.189,1,3600.0,909.0,792.0,117.0,884.2,909.0,1193.9,882.1,768.6,113.5,884.2,882.1,1158.6
37.855885,-8.445038,91.0,2011-08-14T15:00,31.6,39,15.9,32.4,0.0,0.0,0.0,0.0,0,1013.0,1002.7,5,0,0,17,0.68,2.85,17.7,22.6,327,329,38.9,36.6,26.6,23.9,21.0,0.06,0.066,0.094,0.189,1,3600.0,825.0,712.0,113.0,861.7,825.0,1101.4,774.5,668.5,106.1,861.7,774.5,1034.0
37.855885,-8.445038,91.0,2011-08-14T16:00,31.3,39,15.8,31.5,0.0,0.0,0.0,0.0,0,1012.9,1002.6,15,0,0,51,0.59,2.78,17.2,22.5,323,325,37.8,36.2,26.8,23.9,21.0,0.059,0.066,0.094,0.189,1,3600.0,692.0,587.0,105.0,825.7,692.0,947.6,622.8,528.3,94.5,825.7,622.8,852.8
37.855885,-8.445038,91.0,2011-08-14T17:00,30.3,42,16.1,29.8,0.0,0.0,0.0,0.0,0,1012.7,1002.4,8,0,0,28,0.46,2.49,18.1,24.1,319,321,38.9,34.9,27.0,23.9,21.0,0.059,0.066,0.094,0.189,1,3600.0,519.0,429.0,90.0,769.7,519.0,743.0,438.1,362.1,76.0,769.7,438.1,627.2
37.855885,-8.445038,91.0,2011-08-14T18:00,28.7,46,16.1,28.1,0.0,0.0,0.0,0.0,0,1012.9,1002.5,3,0,0,11,0.32,2.1,18.3,25.0,317,319,39.2,32.9,27.2,23.9,21.0,0.059,0.066,0.094,0.189,1,3600.0,321.0,248.0,73.0,659.2,321.0,501.5,238.5,184.2,54.2,659.2,238.5,372.5
37.855885,-8.445038,91.0,2011-08-14T19:00,25.8,53,15.5,25.2,0.0,0.0,0.0,0.0,0,1013.3,1002.8,7,0,0,22,0.17,1.55,16.8,24.5,315,317,36.7,30.0,27.2,23.9,21.0,0.059,0.066,0.094,0.189,1,3600.0,125.0,78.0,47.0,434.1,125.0,239.5,55.5,34.6,20.9,397.1,55.5,106.3
37.855885,-8.445038,91.0,2011-08-14T20:00,23.8,58,15.2,23.3,0.0,0.0,0.0,0.0,0,1013.8,1003.3,6,0,0,19,0.11,1.23,15.5,26.4,318,322,32.4,27.4,27.2,23.9,21.0,0.059,0.066,0.094,0.189,0,0.0,8.0,2.0,6.0,26.3,8.0,43.1,0.0,0.0,0.0,0.0,0.0,0.0
37.855885,-8.445038,91.0,2011-08-14T21:00,22.6,62,14.9,22.1,0.0,0.0,0.0,0.0,0,1014.6,1004.0,0,0,0,0,0.08,1.05,15.0,26.1,325,330,28.8,25.5,27.1,24.0,21.0,0.059,0.066,0.094,0.189,0,0.0,0.0,0.0,0.0,0.0,0.0,0.0,0.0,0.0,0.0,0.0,0.0,0.0
37.855885,-8.445038,91.0,2011-08-14T22:00,21.8,64,14.8,21.4,0.0,0.0,0.0,0.0,0,1015.4,1004.8,0,0,0,0,0.06,0.93,13.6,24.3,328,335,26.6,24.1,27.0,24.0,21.0,0.059,0.066,0.094,0.189,0,0.0,0.0,0.0,0.0,0.0,0.0,0.0,0.0,0.0,0.0,0.0,0.0,0.0
37.855885,-8.445038,91.0,2011-08-14T23:00,21.0,67,14.7,20.7,0.0,0.0,0.0,0.0,0,1015.6,1004.9,0,0,0,0,0.05,0.81,12.6,23.1,333,339,24.5,23.1,26.8,24.0,21.0,0.059,0.066,0.094,0.189,0,0.0,0.0,0.0,0.0,0.0,0.0,0.0,0.0,0.0,0.0,0.0,0.0,0.0
37.855885,-8.445038,91.0,2011-08-15T00:00,20.2,71,14.7,20.0,0.0,0.0,0.0,0.0,0,1015.5,1004.8,0,0,0,0,0.04,0.69,11.9,22.7,335,342,21.6,22.1,26.6,24.0,21.0,0.059,0.065,0.094,0.189,0,0.0,0.0,0.0,0.0,0.0,0.0,0.0,0.0,0.0,0.0,0.0,0.0,0.0
37.855885,-8.445038,91.0,2011-08-15T01:00,19.4,75,14.9,19.3,0.0,0.0,0.0,0.0,0,1015.5,1004.8,0,0,0,0,0.03,0.56,12.0,22.7,339,345,20.5,21.3,26.5,24.0,21.0,0.059,0.065,0.094,0.189,0,0.0,0.0,0.0,0.0,0.0,0.0,0.0,0.0,0.0,0.0,0.0,0.0,0.0
37.855885,-8.445038,91.0,2011-08-15T02:00,18.9,80,15.3,18.9,0.0,0.0,0.0,0.0,0,1015.2,1004.5,5,6,0,0,0.02,0.44,12.2,22.9,341,347,20.9,20.6,26.3,24.0,21.0,0.059,0.066,0.094,0.189,0,0.0,0.0,0.0,0.0,0.0,0.0,0.0,0.0,0.0,0.0,0.0,0.0,0.0
37.855885,-8.445038,91.0,2011-08-15T03:00,18.5,86,16.1,18.8,0.0,0.0,0.0,0.0,1,1015.2,1004.4,42,34,0,37,0.01,0.3,11.9,22.7,346,350,20.5,20.1,26.0,24.0,21.0,0.059,0.066,0.094,0.189,0,0.0,0.0,0.0,0.0,0.0,0.0,0.0,0.0,0.0,0.0,0.0,0.0,0.0
37.855885,-8.445038,91.0,2011-08-15T04:00,18.2,92,16.9,19.0,0.0,0.0,0.0,0.0,2,1015.0,1004.2,63,58,0,35,0.0,0.17,11.1,21.1,347,351,20.2,19.7,25.8,24.0,21.0,0.059,0.066,0.094,0.189,0,0.0,0.0,0.0,0.0,0.0,0.0,0.0,0.0,0.0,0.0,0.0,0.0,0.0
37.855885,-8.445038,91.0,2011-08-15T05:00,18.1,95,17.3,19.1,0.0,0.0,0.0,0.0,2,1014.8,1004.0,67,63,0,33,0.0,0.1,11.2,20.8,345,350,19.1,19.5,25.6,24.0,21.0,0.059,0.066,0.094,0.189,0,0.0,0.0,0.0,0.0,0.0,0.0,0.0,0.0,0.0,0.0,0.0,0.0,0.0
37.855885,-8.445038,91.0,2011-08-15T06:00,18.3,97,17.8,19.4,0.0,0.0,0.0,0.0,3,1015.2,1004.4,100,100,0,38,0.01,0.07,11.6,21.0,344,348,19.1,19.6,25.4,24.0,21.0,0.059,0.066,0.094,0.189,1,0.0,0.0,0.0,0.0,0.0,0.0,5.2,0.0,0.0,0.0,0.0,0.0,30.0
37.855885,-8.445038,91.0,2011-08-15T07:00,19.5,95,18.6,20.6,0.0,0.0,0.0,0.0,3,1015.5,1004.8,100,100,0,46,0.03,0.12,14.6,21.4,351,353,30.2,20.4,25.2,24.0,21.0,0.059,0.065,0.094,0.189,1,0.0,37.0,1.0,36.0,6.8,37.0,162.7,67.3,1.8,65.5,8.2,55.8,296.1
37.855885,-8.445038,91.0,2011-08-15T08:00,20.8,87,18.5,21.7,0.0,0.0,0.0,0.0,3,1015.7,1005.0,100,100,0,57,0.08,0.33,14.9,20.3,353,354,29.5,21.7,25.1,24.0,21.0,0.059,0.065,0.094,0.189,1,166.39,113.0,21.0,92.0,65.5,113.0,427.2,147.0,27.3,119.7,65.5,147.0,555.7
37.855885,-8.445038,91.0,2011-08-15T09:00,22.4,78,18.5,23.4,0.0,0.0,0.0,0.0,3,1016.2,1005.6,91,85,0,48,0.17,0.59,14.4,19.1,357,358,30.6,23.6,25.1,24.0,21.0,0.059,0.065,0.094,0.189,1,0.0,227.0,23.0,204.0,45.4,227.0,676.1,265.6,26.9,238.7,45.4,265.6,791.1
37.855885,-8.445038,91.0,2011-08-15T10:00,24.9,66,18.2,26.2,0.0,0.0,0.0,0.0,2,1016.3,1005.8,61,56,0,34,0.34,1.06,11.5,14.8,358,360,31.0,26.5,25.1,24.0,21.0,0.059,0.065,0.093,0.189,1,3600.0,481.0,253.0,228.0,377.9,481.0,892.6,531.5,279.5,251.9,377.9,531.5,986.2
37.855885,-8.445038,91.0,2011-08-15T11:00,27.3,57,18.1,29.8,0.0,0.0,0.0,0.0,0,1015.9,1005.5,7,7,0,1,0.51,1.55,10.2,12.7,352,353,29.9,30.0,25.2,24.0,21.0,0.059,0.065,0.093,0.189,1,3600.0,720.0,527.0,193.0,661.7,720.0,1061.8,764.7,559.7,205.0,661.7,764.7,1127.7
37.855885,-8.445038,91.0,2011-08-15T12:00,29.3,51,18.0,32.4,0.0,0.0,0.0,0.0,0,1016.0,1005.6,1,1,0,0,0.63,2.01,10.0,12.5,339,342,29.9,33.1,25.4,24.0,21.0,0.059,0.065,0.093,0.189,1,3600.0,854.0,706.0,148.0,803.0,854.0,1172.3,878.5,726.2,152.2,803.0,878.5,1205.9
37.855885,-8.445038,91.0,2011-08-15T13:00,30.6,46,17.8,33.7,0.0,0.0,0.0,0.0,0,1015.8,1005.5,0,0,0,0,0.69,2.36,11.7,14.5,326,330,31.7,35.3,25.7,24.0,21.0,0.059,0.065,0.093,0.189,1,3600.0,906.0,770.0,136.0,844.0,906.0,1216.4,905.3,769.4,135.9,844.0,905.3,1215.5
37.855885,-8.445038,91.0,2011-08-15T14:00,31.3,44,17.5,33.7,0.0,0.0,0.0,0.0,0,1015.3,1005.0,2,0,0,6,0.69,2.56,14.0,17.4,318,320,34.2,36.5,26.0,24.0,21.0,0.059,0.065,0.093,0.189,1,3600.0,887.0,754.0,133.0,844.0,887.0,1191.2,860.6,731.5,129.0,844.0,860.6,1155.7
37.855885,-8.445038,91.0,2011-08-15T15:00,31.4,43,17.4,33.0,0.0,0.0,0.0,0.0,0,1015.2,1004.9,3,3,0,0,0.65,2.6,16.3,20.9,313,315,36.7,36.7,26.3,24.0,21.0,0.059,0.065,0.093,0.189,1,3600.0,809.0,682.0,127.0,828.0,809.0,1098.3,759.2,640.0,119.2,828.0,759.2,1030.7
37.855885,-8.445038,91.0,2011-08-15T16:00,30.7,45,17.4,31.2,0.0,0.0,0.0,0.0,0,1015.1,1004.8,9,10,0,0,0.55,2.44,18.4,23.7,312,313,38.5,36.0,26.6,24.0,21.0,0.059,0.065,0.093,0.189,1,3600.0,655.0,521.0,134.0,735.9,655.0,944.0,589.0,468.5,120.5,735.9,589.0,849.0
37.855885,-8.445038,91.0,2011-08-15T17:00,29.6,48,17.5,29.5,0.0,0.0,0.0,0.0,0,1015.3,1004.9,14,15,0,0,0.43,2.15,19.1,25.7,311,312,38.9,34.5,26.8,24.0,21.0,0.058,0.065,0.093,0.189,1,3600.0,483.0,367.0,116.0,662.3,483.0,738.9,407.1,309.3,97.8,662.3,407.1,622.8
37.855885,-8.445038,91.0,2011-08-15T18:00,28.0,53,17.5,27.9,0.0,0.0,0.0,0.0,0,1015.3,1004.9,8,9,0,0,0.3,1.79,19.1,26.5,313,314,38.5,32.4,26.9,24.0,21.0,0.058,0.065,0.093,0.189,1,3600.0,305.0,223.0,82.0,598.4,305.0,496.9,225.7,165.0,60.7,598.4,225.7,367.7
37.855885,-8.445038,91.0,2011-08-15T19:00,25.1,66,18.2,25.5,0.0,0.0,0.0,0.0,0,1015.6,1005.1,0,0,0,0,0.14,1.09,17.3,25.2,315,317,38.2,29.6,27.0,24.0,21.0,0.058,0.065,0.093,0.189,1,3600.0,114.0,67.0,47.0,381.1,114.0,234.4,49.1,28.9,20.2,331.1,49.1,101.0
37.855885,-8.445038,91.0,2011-08-15T20:00,23.3,72,17.9,23.9,0.0,0.0,0.0,0.0,0,1015.7,1005.1,0,0,0,0,0.07,0.81,14.8,23.8,319,322,33.5,27.0,27.0,24.0,21.0,0.058,0.065,0.093,0.189,0,0.0,6.0,2.0,4.0,27.0,6.0,40.5,0.0,0.0,0.0,0.0,0.0,0.0
37.855885,-8.445038,91.0,2011-08-15T21:00,22.2,75,17.6,22.9,0.0,0.0,0.0,0.0,0,1016.4,1005.8,1,1,0,0,0.04,0.67,13.6,24.6,323,328,28.1,25.3,26.9,24.0,21.0,0.058,0.065,0.093,0.189,0,0.0,0.0,0.0,0.0,0.0,0.0,0.0,0.0,0.0,0.0,0.0,0.0,0.0
37.855885,-8.445038,91.0,2011-08-15T22:00,21.5,77,17.3,22.2,0.0,0.0,0.0,0.0,0,1016.7,1006.0,1,1,0,0,0.03,0.58,12.8,23.3,322,328,25.2,24.0,26.7,24.0,21.0,0.058,0.065,0.093,0.189,0,0.0,0.0,0.0,0.0,0.0,0.0,0.0,0.0,0.0,0.0,0.0,0.0,0.0
37.855885,-8.445038,91.0,2011-08-15T23:00,20.7,80,17.1,21.3,0.0,0.0,0.0,0.0,0,1016.7,1006.0,5,6,0,0,0.02,0.48,12.7,21.6,325,330,24.1,22.9,26.6,24.0,21.0,0.058,0.065,0.093,0.189,0,0.0,0.0,0.0,0.0,0.0,0.0,0.0,0.0,0.0,0.0,0.0,0.0,0.0
37.855885,-8.445038,91.0,2011-08-16T00:00,19.9,84,17.0,20.6,0.0,0.0,0.0,0.0,0,1016.8,1006.1,12,13,0,0,0.01,0.38,12.1,20.2,323,329,20.9,22.0,26.4,24.0,21.0,0.058,0.065,0.093,0.189,0,0.0,0.0,0.0,0.0,0.0,0.0,0.0,0.0,0.0,0.0,0.0,0.0,0.0
37.855885,-8.445038,91.0,2011-08-16T01:00,19.1,87,16.8,19.7,0.0,0.0,0.0,0.0,0,1016.7,1006.0,19,21,0,0,0.01,0.29,12.2,20.2,326,329,19.1,21.2,26.2,24.0,21.0,0.058,0.065,0.093,0.189,0,0.0,0.0,0.0,0.0,0.0,0.0,0.0,0.0,0.0,0.0,0.0,0.0,0.0
37.855885,-8.445038,91.0,2011-08-16T02:00,18.4,90,16.7,18.9,0.0,0.0,0.0,0.0,1,1016.4,1005.6,33,37,0,0,0.0,0.21,12.2,19.5,326,330,18.7,20.5,26.1,24.0,21.0,0.058,0.065,0.093,0.189,0,0.0,0.0,0.0,0.0,0.0,0.0,0.0,0.0,0.0,0.0,0.0,0.0,0.0
37.855885,-8.445038,91.0,2011-08-16T03:00,17.8,93,16.6,18.4,0.0,0.0,0.0,0.0,2,1016.5,1005.7,66,73,0,0,0.0,0.15,12.0,18.2,327,330,18.7,19.9,25.8,24.0,21.0,0.058,0.065,0.093,0.189,0,0.0,0.0,0.0,0.0,0.0,0.0,0.0,0.0,0.0,0.0,0.0,0.0,0.0
37.855885,-8.445038,91.0,2011-08-16T04:00,17.3,95,16.5,17.9,0.0,0.0,0.0,0.0,3,1016.4,1005.6,90,100,0,0,0.0,0.1,11.6,16.8,330,332,18.4,19.4,25.6,24.0,21.0,0.058,0.065,0.093,0.189,0,0.0,0.0,0.0,0.0,0.0,0.0,0.0,0.0,0.0,0.0,0.0,0.0,0.0
37.855885,-8.445038,91.0,2011-08-16T05:00,17.0,96,16.4,17.7,0.0,0.0,0.0,0.0,3,1016.5,1005.7,84,93,0,0,0.0,0.08,10.6,14.4,336,338,18.4,19.0,25.4,24.0,21.0,0.058,0.065,0.093,0.189,0,0.0,0.0,0.0,0.0,0.0,0.0,0.0,0.0,0.0,0.0,0.0,0.0,0.0
37.855885,-8.445038,91.0,2011-08-16T06:00,16.8,96,16.2,17.5,0.0,0.0,0.0,0.0,3,1016.3,1005.5,89,99,0,0,0.01,0.08,9.8,13.2,343,343,18.4,18.8,25.2,24.0,21.0,0.058,0.065,0.093,0.189,1,0.0,0.0,0.0,0.0,0.0,0.0,3.4,0.0,0.0,0.0,0.0,0.0,26.3
37.855885,-8.445038,91.0,2011-08-16T07:00,17.2,93,16.1,18.0,0.0,0.0,0.0,0.0,3,1016.5,1005.7,89,99,0,0,0.03,0.14,9.1,12.4,342,343,19.1,19.2,25.0,24.0,21.0,0.058,0.065,0.093,0.188,1,0.0,33.0,1.0,32.0,6.8,33.0,159.3,60.7,1.8,58.8,8.4,49.6,292.9
37.855885,-8.445038,91.0,2011-08-16T08:00,18.4,86,16.0,19.1,0.0,0.0,0.0,0.0,2,1016.6,1005.8,69,77,0,0,0.1,0.3,9.1,12.0,342,344,21.2,20.9,24.9,24.0,21.0,0.058,0.065,0.093,0.188,1,1784.8,169.0,38.0,131.0,119.5,169.0,424.1,220.3,49.5,170.8,119.5,220.3,552.9
37.855885,-8.445038,91.0,2011-08-16T09:00,20.1,76,15.8,20.7,0.0,0.0,0.0,0.0,0,1016.6,1005.9,19,21,0,0,0.21,0.56,9.1,11.3,342,343,23.0,23.1,24.8,24.0,21.1,0.058,0.065,0.093,0.188,1,3600.0,342.0,151.0,191.0,299.1,342.0,673.4,400.5,176.8,223.7,299.1,400.5,788.6
37.855885,-8.445038,91.0,2011-08-16T10:00,22.3,66,15.6,23.1,0.0,0.0,0.0,0.0,0,1016.7,1006.1,13,14,0,0,0.35,0.92,7.1,8.8,345,348,23.4,25.8,24.8,24.0,21.1,0.058,0.065,0.093,0.188,1,3600.0,546.0,382.0,164.0,572.4,546.0,890.2,603.5,422.2,181.3,572.4,603.5,983.9
37.855885,-8.445038,91.0,2011-08-16T11:00,25.0,55,15.3,27.0,0.0,0.0,0.0,0.0,0,1016.4,1005.9,0,0,0,0,0.51,1.44,6.9,8.2,332,337,23.4,29.3,25.0,24.0,21.1,0.058,0.065,0.093,0.188,1,3600.0,756.0,603.0,153.0,759.1,756.0,1059.5,803.0,640.5,162.5,759.1,803.0,1125.4
37.855885,-8.445038,91.0,2011-08-16T12:00,27.5,46,14.9,29.8,0.0,0.0,0.0,0.0,0,1015.9,1005.5,1,1,0,0,0.61,1.98,8.2,9.8,322,324,24.1,32.5,25.2,24.0,21.1,0.058,0.065,0.093,0.188,1,3600.0,861.0,722.0,139.0,823.1,861.0,1170.0,885.7,742.7,143.0,823.1,885.7,1203.5
37.855885,-8.445038,91.0,2011-08-16T13:00,29.3,40,14.4,31.6,0.0,0.0,0.0,0.0,0,1015.5,1005.1,0,0,0,0,0.68,2.44,9.4,11.5,313,316,26.3,34.9,25.4,24.0,21.1,0.058,0.065,0.093,0.188,1,3600.0,927.0,799.0,128.0,877.9,927.0,1213.9,926.2,798.3,127.9,877.9,926.2,1212.8
37.855885,-8.445038,91.0,2011-08-16T14:00,30.3,38,14.2,32.0,0.0,0.0,0.0,0.0,0,1015.0,1004.7,0,0,0,0,0.69,2.69,11.0,13.0,308,309,29.2,36.2,25.7,24.0,21.1,0.058,0.065,0.093,0.188,1,3600.0,901.0,773.0,128.0,867.6,901.0,1188.4,874.0,749.8,124.2,867.6,874.0,1152.7
37.855885,-8.445038,91.0,2011-08-16T15:00,30.3,38,14.3,31.2,0.0,0.0,0.0,0.0,0,1014.6,1004.3,0,0,0,0,0.65,2.69,13.7,16.7,305,307,32.4,36.5,26.0,24.0,21.1,0.058,0.065,0.093,0.188,1,3600.0,824.0,711.0,113.0,866.0,824.0,1095.1,773.0,667.0,106.0,866.0,773.0,1027.3
37.855885,-8.445038,91.0,2011-08-16T16:00,29.5,40,14.6,29.5,0.0,0.0,0.0,0.0,0,1014.5,1004.1,0,0,0,0,0.55,2.45,15.4,19.7,307,308,34.9,35.6,26.3,24.0,21.1,0.058,0.065,0.093,0.188,1,3600.0,688.0,584.0,104.0,828.4,688.0,940.4,618.3,524.8,93.5,828.4,618.3,845.1
37.855885,-8.445038,91.0,2011-08-16T17:00,28.0,46,15.1,27.3,0.0,0.0,0.0,0.0,0,1014.5,1004.1,0,0,0,0,0.42,2.05,16.4,21.3,308,309,36.0,33.8,26.5,24.0,21.1,0.058,0.065,0.092,0.188,1,3600.0,516.0,428.0,88.0,777.0,516.0,734.7,434.3,360.2,74.1,777.0,434.3,618.4
37.855885,-8.445038,91.0,2011-08-16T18:00,26.1,52,15.6,25.6,0.0,0.0,0.0,0.0,0,1014.6,1004.1,0,0,0,0,0.28,1.61,16.7,22.3,307,309,35.6,31.5,26.6,24.0,21.1,0.058,0.065,0.092,0.188,1,3600.0,316.0,245.0,71.0,664.0,316.0,492.2,232.9,180.6,52.3,664.0,232.9,362.8
37.855885,-8.445038,91.0,2011-08-16T19:00,23.6,61,15.6,23.1,0.0,0.0,0.0,0.0,0,1014.7,1004.1,0,0,0,0,0.14,1.14,16.2,23.1,307,309,34.2,28.6,26.6,24.0,21.1,0.058,0.065,0.092,0.188,1,3581.42,121.0,79.0,42.0,458.3,121.0,229.3,50.4,32.9,17.5,377.8,50.3,95.5
37.855885,-8.445038,91.0,2011-08-16T20:00,21.6,70,16.0,21.4,0.0,0.0,0.0,0.0,0,1015.1,1004.5,0,0,0,0,0.07,0.76,15.2,23.0,306,310,32.0,25.8,26.6,24.0,21.1,0.058,0.065,0.092,0.188,0,0.0,6.0,2.0,4.0,27.8,6.0,37.8,0.0,0.0,0.0,0.0,0.0,0.0
37.855885,-8.445038,91.0,2011-08-16T21:00,20.3,77,16.0,20.3,0.0,0.0,0.0,0.0,0,1015.9,1005.2,0,0,0,0,0.03,0.56,14.0,23.7,312,316,28.8,23.9,26.5,24.0,21.1,0.058,0.065,0.092,0.188,0,0.0,0.0,0.0,0.0,0.0,0.0,0.0,0.0,0.0,0.0,0.0,0.0,0.0
37.855885,-8.445038,91.0,2011-08-16T22:00,19.4,81,16.0,19.4,0.0,0.0,0.0,0.0,0,1015.8,1005.1,2,2,0,0,0.02,0.43,13.5,24.1,316,321,25.9,22.5,26.3,24.0,21.1,0.058,0.065,0.092,0.188,0,0.0,0.0,0.0,0.0,0.0,0.0,0.0,0.0,0.0,0.0,0.0,0.0,0.0
37.855885,-8.445038,91.0,2011-08-16T23:00,18.7,84,15.9,18.8,0.0,0.0,0.0,0.0,0,1015.9,1005.1,4,4,0,0,0.02,0.35,13.0,23.2,318,324,24.5,21.4,26.2,24.0,21.1,0.058,0.065,0.092,0.188,0,0.0,0.0,0.0,0.0,0.0,0.0,0.0,0.0,0.0,0.0,0.0,0.0,0.0
37.855885,-8.445038,91.0,2011-08-17T00:00,18.0,87,15.8,18.0,0.0,0.0,0.0,0.0,0,1016.2,1005.4,8,9,0,0,0.01,0.27,13.0,22.8,321,325,22.7,20.5,26.0,24.0,21.1,0.058,0.065,0.092,0.188,0,0.0,0.0,0.0,0.0,0.0,0.0,0.0,0.0,0.0,0.0,0.0,0.0,0.0
37.855885,-8.445038,91.0,2011-08-17T01:00,17.3,90,15.6,17.2,0.0,0.0,0.0,0.0,2,1015.9,1005.1,56,62,0,0,0.0,0.2,13.8,22.9,327,330,22.3,19.7,25.8,24.0,21.1,0.058,0.065,0.092,0.188,0,0.0,0.0,0.0,0.0,0.0,0.0,0.0,0.0,0.0,0.0,0.0,0.0,0.0
37.855885,-8.445038,91.0,2011-08-17T02:00,16.8,92,15.5,16.5,0.0,0.0,0.0,0.0,3,1015.5,1004.7,90,100,0,0,0.0,0.15,14.3,21.9,335,337,22.0,19.1,25.5,24.0,21.1,0.058,0.065,0.092,0.188,0,0.0,0.0,0.0,0.0,0.0,0.0,0.0,0.0,0.0,0.0,0.0,0.0,0.0
37.855885,-8.445038,91.0,2011-08-17T03:00,16.4,93,15.3,16.0,0.0,0.0,0.0,0.0,3,1015.0,1004.2,90,100,0,0,0.0,0.13,14.8,21.1,346,346,23.8,18.7,25.3,24.0,21.1,0.058,0.065,0.092,0.188,0,0.0,0.0,0.0,0.0,0.0,0.0,0.0,0.0,0.0,0.0,0.0,0.0,0.0
37.855885,-8.445038,91.0,2011-08-17T04:00,16.3,92,15.0,16.0,0.0,0.0,0.0,0.0,3,1014.8,1004.0,90,100,0,0,0.0,0.14,13.4,19.2,352,352,23.8,18.5,25.1,24.0,21.1,0.058,0.065,0.092,0.188,0,0.0,0.0,0.0,0.0,0.0,0.0,0.0,0.0,0.0,0.0,0.0,0.0,0.0
37.855885,-8.445038,91.0,2011-08-17T05:00,16.2,91,14.7,15.9,0.0,0.0,0.0,0.0,3,1014.8,1004.0,90,100,0,0,0.0,0.16,12.6,17.7,355,356,24.8,18.5,24.9,24.0,21.1,0.058,0.065,0.092,0.188,0,0.0,0.0,0.0,0.0,0.0,0.0,0.0,0.0,0.0,0.0,0.0,0.0,0.0
37.855885,-8.445038,91.0,2011-08-17T06:00,16.0,91,14.5,15.7,0.0,0.0,0.0,0.0,3,1014.5,1003.7,89,99,0,0,0.02,0.17,11.9,16.6,357,358,24.5,18.5,24.7,24.0,21.1,0.058,0.065,0.092,0.188,1,0.0,0.0,0.0,0.0,0.0,0.0,1.6,0.0,0.0,0.0,0.0,0.0,22.6
37.855885,-8.445038,91.0,2011-08-17T07:00,16.4,89,14.5,16.2,0.0,0.0,0.0,0.0,3,1014.9,1004.1,90,100,0,0,0.03,0.21,11.9,15.9,357,356,23.4,18.8,24.5,24.0,21.1,0.058,0.065,0.092,0.188,1,0.0,33.0,1.0,32.0,6.9,33.0,155.8,61.3,1.9,59.5,8.6,49.4,289.7
37.855885,-8.445038,91.0,2011-08-17T08:00,17.1,84,14.4,16.9,0.0,0.0,0.0,0.0,3,1014.9,1004.1,84,93,0,0,0.09,0.31,11.3,14.5,353,354,24.8,19.8,24.4,24.0,21.1,0.058,0.065,0.092,0.188,1,386.19,145.0,23.0,122.0,72.9,145.0,421.1,189.4,30.0,159.4,72.9,189.4,550.1
37.855885,-8.445038,91.0,2011-08-17T09:00,18.8,75,14.2,18.6,0.0,0.0,0.0,0.0,1,1015.3,1004.6,21,23,0,0,0.2,0.54,10.6,13.4,350,352,25.6,22.0,24.3,24.0,21.1,0.058,0.065,0.092,0.188,1,3600.0,345.0,147.0,198.0,292.4,345.0,670.7,404.3,172.3,232.0,292.4,404.3,786.0
37.855885,-8.445038,91.0,2011-08-17T10:00,21.1,64,14.1,21.6,0.0,0.0,0.0,0.0,0,1015.0,1004.3,0,0,0,0,0.36,0.9,7.6,9.7,352,356,26.3,24.9,24.3,24.0,21.1,0.058,0.065,0.092,0.188,1,3600.0,595.0,455.0,140.0,683.9,595.0,887.7,657.9,503.1,154.8,683.9,657.9,981.5
37.855885,-8.445038,91.0,2011-08-17T11:00,23.8,54,13.8,25.1,0.0,0.0,0.0,0.0,0,1014.5,1003.9,0,0,0,0,0.5,1.37,7.8,9.9,347,350,26.6,28.2,24.4,24.0,21.1,0.058,0.065,0.092,0.188,1,3600.0,759.0,614.0,145.0,775.0,759.0,1057.2,806.3,652.3,154.0,775.0,806.3,1123.0
37.855885,-8.445038,91.0,2011-08-17T12:00,26.2,45,13.2,27.9,0.0,0.0,0.0,0.0,0,1013.9,1003.4,0,0,0,0,0.63,1.88,9.3,11.1,332,335,27.7,31.3,24.6,24.0,21.1,0.058,0.065,0.092,0.188,1,3600.0,906.0,796.0,110.0,909.7,906.0,1167.6,932.0,818.8,113.2,909.7,932.0,1201.0
37.855885,-8.445038,91.0,2011-08-17T13:00,28.0,39,12.7,29.5,0.0,0.0,0.0,0.0,0,1013.5,1003.1,0,0,0,0,0.68,2.32,10.6,13.1,325,328,28.4,33.6,24.9,24.0,21.1,0.058,0.065,0.092,0.188,1,3600.0,935.0,810.0,125.0,892.2,935.0,1211.4,934.0,809.2,124.9,892.2,934.0,1210.1
37.855885,-8.445038,91.0,2011-08-17T14:00,29.2,35,12.2,30.2,0.0,0.0,0.0,0.0,0,1012.7,1002.3,0,0,0,0,0.69,2.63,11.8,14.5,322,325,29.9,35.0,25.2,24.0,21.1,0.058,0.064,0.092,0.188,1,3600.0,922.0,813.0,109.0,915.1,922.0,1185.5,894.1,788.4,105.7,915.1,894.1,1149.7
37.855885,-8.445038,91.0,2011-08-17T15:00,29.6,33,11.8,29.8,0.0,0.0,0.0,0.0,0,1012.2,1001.9,0,0,0,0,0.65,2.75,13.0,16.0,321,324,31.7,35.5,25.5,24.0,21.1,0.057,0.064,0.092,0.188,1,3600.0,834.0,726.0,108.0,887.3,834.0,1091.8,782.0,680.8,101.3,887.3,782.0,1023.8
37.855885,-8.445038,91.0,2011-08-17T16:00,29.2,34,11.9,28.7,0.0,0.0,0.0,0.0,0,1011.8,1001.5,0,0,0,0,0.55,2.66,13.3,16.9,319,322,33.1,35.0,25.7,24.0,21.1,0.057,0.064,0.092,0.188,1,3600.0,697.0,595.0,102.0,847.7,697.0,936.6,625.9,534.3,91.6,847.7,625.9,841.1
37.855885,-8.445038,91.0,2011-08-17T17:00,28.3,38,12.4,26.9,0.0,0.0,0.0,0.0,0,1011.3,1000.9,0,0,0,0,0.43,2.4,14.5,18.6,316,319,33.5,33.6,25.9,24.0,21.1,0.057,0.064,0.092,0.188,1,3600.0,519.0,429.0,90.0,783.7,519.0,730.5,436.2,360.5,75.6,783.7,436.2,613.9
37.855885,-8.445038,91.0,2011-08-17T18:00,26.6,43,13.2,25.3,0.0,0.0,0.0,0.0,0,1011.2,1000.8,0,0,0,0,0.29,1.97,15.5,20.9,312,314,33.5,31.4,26.1,24.0,21.1,0.057,0.064,0.092,0.188,1,3600.0,316.0,244.0,72.0,668.1,316.0,487.4,231.9,179.1,52.8,668.1,231.9,357.7
37.855885,-8.445038,91.0,2011-08-17T19:00,24.8,51,14.0,23.8,0.0,0.0,0.0,0.0,0,1011.3,1000.8,0,0,0,0,0.16,1.54,15.4,22.7,307,311,31.7,28.8,26.1,24.0,21.1,0.057,0.064,0.092,0.188,1,3506.48,118.0,76.0,42.0,445.9,118.0,224.0,47.4,30.5,16.9,350.5,46.7,90.0
37.855885,-8.445038,91.0,2011-08-17T20:00,22.4,61,14.5,21.7,0.0,0.0,0.0,0.0,0,1011.7,1001.1,0,0,0,0,0.1,1.06,14.8,24.0,309,313,29.9,26.1,26.1,24.0,21.1,0.057,0.064,0.092,0.188,0,0.0,5.0,2.0,3.0,28.6,5.0,35.0,0.0,0.0,0.0,0.0,0.0,0.0
37.855885,-8.445038,91.0,2011-08-17T21:00,20.8,68,14.7,20.3,0.0,0.0,0.0,0.0,0,1012.3,1001.7,0,0,0,0,0.05,0.79,14.0,24.7,312,318,28.1,24.1,26.0,24.0,21.1,0.057,0.064,0.092,0.188,0,0.0,0.0,0.0,0.0,0.0,0.0,0.0,0.0,0.0,0.0,0.0,0.0,0.0
37.855885,-8.445038,91.0,2011-08-17T22:00,19.7,72,14.5,19.2,0.0,0.0,0.0,0.0,0,1012.4,1001.7,1,1,0,0,0.04,0.65,13.2,23.2,313,318,25.6,22.6,25.9,24.0,21.1,0.057,0.064,0.092,0.188,0,0.0,0.0,0.0,0.0,0.0,0.0,0.0,0.0,0.0,0.0,0.0,0.0,0.0
37.855885,-8.445038,91.0,2011-08-17T23:00,18.8,74,14.1,18.3,0.0,0.0,0.0,0.0,0,1012.2,1001.5,1,1,0,0,0.03,0.56,12.4,22.6,324,329,24.1,21.4,25.7,24.0,21.1,0.057,0.064,0.092,0.188,0,0.0,0.0,0.0,0.0,0.0,0.0,0.0,0.0,0.0,0.0,0.0,0.0,0.0
37.855885,-8.445038,91.0,2011-08-18T00:00,18.1,75,13.7,17.6,0.0,0.0,0.0,0.0,0,1011.9,1001.2,0,0,0,0,0.02,0.51,10.9,20.1,333,339,21.2,20.4,25.6,24.0,21.1,0.057,0.064,0.092,0.188,0,0.0,0.0,0.0,0.0,0.0,0.0,0.0,0.0,0.0,0.0,0.0,0.0,0.0
37.855885,-8.445038,91.0,2011-08-18T01:00,17.5,77,13.4,17.2,0.0,0.0,0.0,0.0,0,1011.1,1000.4,2,2,0,0,0.02,0.46,9.2,18.1,339,347,17.3,19.5,25.4,24.0,21.1,0.057,0.064,0.092,0.188,0,0.0,0.0,0.0,0.0,0.0,0.0,0.0,0.0,0.0,0.0,0.0,0.0,0.0
37.855885,-8.445038,91.0,2011-08-18T02:00,16.7,80,13.1,16.5,0.0,0.0,0.0,0.0,0,1010.8,1000.0,0,0,0,0,0.01,0.39,7.8,16.7,347,354,14.4,18.7,25.2,24.0,21.1,0.057,0.064,0.092,0.188,0,0.0,0.0,0.0,0.0,0.0,0.0,0.0,0.0,0.0,0.0,0.0,0.0,0.0
37.855885,-8.445038,91.0,2011-08-18T03:00,15.8,83,12.9,15.7,0.0,0.0,0.0,0.0,0,1010.4,999.6,0,0,0,0,0.0,0.3,6.6,15.2,347,355,13.7,17.8,24.9,24.0,21.1,0.057,0.064,0.092,0.188,0,0.0,0.0,0.0,0.0,0.0,0.0,0.0,0.0,0.0,0.0,0.0,0.0,0.0
37.855885,-8.445038,91.0,2011-08-18T04:00,14.7,88,12.8,14.8,0.0,0.0,0.0,0.0,0,1010.3,999.5,0,0,0,0,0.0,0.19,4.7,12.2,356,2,13.0,16.9,24.7,24.0,21.1,0.057,0.064,0.092,0.188,0,0.0,0.0,0.0,0.0,0.0,0.0,0.0,0.0,0.0,0.0,0.0,0.0,0.0
37.855885,-8.445038,91.0,2011-08-18T05:00,14.1,89,12.4,14.2,0.0,0.0,0.0,0.0,0,1010.2,999.3,0,0,0,0,0.0,0.17,4.7,10.1,351,4,11.2,16.0,24.4,24.0,21.1,0.057,0.064,0.092,0.188,0,0.0,0.0,0.0,0.0,0.0,0.0,0.0,0.0,0.0,0.0,0.0,0.0,0.0
37.855885,-8.445038,91.0,2011-08-18T06:00,13.5,91,12.0,13.1,0.0,0.0,0.0,0.0,0,1010.4,999.5,0,0,0,0,0.0,0.14,6.7,12.9,324,337,11.2,15.2,24.1,24.0,21.1,0.057,0.064,0.092,0.188,1,0.0,0.0,0.0,0.0,0.0,0.0,0.0,0.0,0.0,0.0,0.0,0.0,18.8
37.855885,-8.445038,91.0,2011-08-18T07:00,14.9,91,13.4,14.6,0.0,0.0,0.0,0.0,0,1010.9,1000.1,0,0,0,0,0.03,0.16,9.2,15.0,329,333,16.9,16.1,23.9,24.0,21.1,0.057,0.064,0.092,0.188,1,2542.18,71.0,42.0,29.0,292.4,71.0,152.4,133.5,79.0,54.5,368.0,106.1,286.4
37.855885,-8.445038,91.0,2011-08-18T08:00,18.0,75,13.5,17.9,0.0,0.0,0.0,0.0,0,1011.0,1000.3,0,0,0,0,0.14,0.52,8.0,10.9,350,351,20.5,19.1,23.8,24.0,21.1,0.057,0.064,0.092,0.188,1,3600.0,253.0,186.0,67.0,593.9,253.0,418.1,331.2,243.5,87.7,593.9,331.2,547.2
37.855885,-8.445038,91.0,2011-08-18T09:00,20.9,61,13.1,20.7,0.0,0.0,0.0,0.0,0,1011.2,1000.6,1,0,0,2,0.28,0.96,7.4,9.6,346,347,20.9,22.8,23.7,24.0,21.1,0.057,0.064,0.092,0.188,1,3600.0,458.0,370.0,88.0,739.3,458.0,668.0,537.1,433.9,103.2,739.3,537.1,783.5
37.855885,-8.445038,91.0,2011-08-18T10:00,23.8,48,12.3,24.4,0.0,0.0,0.0,0.0,0,1011.2,1000.7,0,0,0,0,0.42,1.52,4.7,5.8,328,330,22.3,26.4,23.8,24.0,21.2,0.057,0.064,0.092,0.188,1,3600.0,645.0,546.0,99.0,823.3,645.0,885.2,713.4,603.9,109.5,823.3,713.4,979.1
37.855885,-8.445038,91.0,2011-08-18T11:00,26.3,40,11.6,27.5,0.0,0.0,0.0,0.0,0,1010.6,1000.2,15,0,0,51,0.55,2.06,5.4,6.1,312,315,23.8,29.9,24.0,24.0,21.2,0.057,0.064,0.092,0.188,1,3600.0,792.0,682.0,110.0,863.1,792.0,1054.8,841.5,724.6,116.9,863.1,841.5,1120.6
37.855885,-8.445038,91.0,2011-08-18T12:00,28.2,34,11.0,29.2,0.0,0.0,0.0,0.0,1,1010.7,1000.3,26,0,0,88,0.63,2.51,8.3,9.8,304,306,26.6,32.7,24.3,23.9,21.2,0.057,0.064,0.092,0.188,1,3600.0,871.0,715.0,156.0,819.2,871.0,1165.1,896.0,735.5,160.5,819.2,896.0,1198.5
37.855885,-8.445038,91.0,2011-08-18T13:00,29.4,31,10.4,30.0,0.0,0.0,0.0,0.0,1,1010.5,1000.2,27,0,0,90,0.67,2.84,10.1,12.3,305,308,29.2,34.6,24.6,23.9,21.2,0.057,0.064,0.092,0.188,1,3600.0,880.0,663.0,217.0,732.2,880.0,1208.7,879.0,662.2,216.8,732.2,879.0,1207.3
37.855885,-8.445038,91.0,2011-08-18T14:00,30.1,29,10.0,30.1,0.0,0.0,0.0,0.0,1,1010.2,999.9,25,0,0,82,0.66,3.03,11.0,13.8,308,311,29.9,35.4,24.9,23.9,21.2,0.057,0.064,0.092,0.188,1,3600.0,835.0,569.0,266.0,642.3,835.0,1182.6,809.6,551.7,257.9,642.3,809.6,1146.5
37.855885,-8.445038,91.0,2011-08-18T15:00,30.6,27,9.7,30.0,0.0,0.0,0.0,0.0,1,1009.9,999.6,23,0,0,77,0.63,3.19,12.0,14.8,314,315,29.2,35.9,25.2,23.9,21.2,0.057,0.064,0.092,0.188,1,3600.0,774.0,559.0,215.0,685.6,774.0,1088.5,725.5,523.9,201.5,685.6,725.5,1020.2
37.855885,-8.445038,91.0,2011-08-18T16:00,30.8,27,9.6,29.3,0.0,0.0,0.0,0.0,1,1009.6,999.3,24,0,0,81,0.55,3.25,13.0,16.4,318,320,27.0,35.6,25.5,23.9,21.2,0.057,0.064,0.091,0.188,1,3600.0,644.0,463.0,181.0,662.6,644.0,932.8,577.8,415.4,162.4,662.6,577.8,837.0
37.855885,-8.445038,91.0,2011-08-18T17:00,30.6,28,9.9,28.3,0.0,0.0,0.0,0.0,0,1009.6,999.3,16,0,0,52,0.46,3.16,15.1,19.7,320,322,25.2,34.7,25.7,23.9,21.2,0.057,0.064,0.091,0.188,1,3600.0,475.0,336.0,139.0,617.7,475.0,726.1,398.5,281.9,116.6,617.7,398.5,609.2
37.855885,-8.445038,91.0,2011-08-18T18:00,29.2,32,10.9,27.0,0.0,0.0,0.0,0.0,0,1009.6,999.3,12,0,0,41,0.34,2.75,17.1,23.7,318,319,29.2,32.8,25.9,23.9,21.2,0.057,0.064,0.091,0.188,1,3600.0,298.0,215.0,83.0,594.9,298.0,482.5,217.7,157.1,60.6,594.9,217.7,352.6
37.855885,-8.445038,91.0,2011-08-18T19:00,25.3,46,13.0,23.8,0.0,0.0,0.0,0.0,0,1010.1,999.6,15,0,0,49,0.18,1.73,16.8,25.5,317,318,34.9,29.6,26.0,23.9,21.2,0.057,0.064,0.091,0.188,1,3430.5,108.0,57.0,51.0,338.4,108.0,218.6,41.7,22.0,19.7,252.5,40.5,84.4
37.855885,-8.445038,91.0,2011-08-18T20:00,23.3,57,14.3,22.5,0.0,0.0,0.0,0.0,0,1010.5,1000.0,16,0,0,55,0.11,1.23,15.1,26.3,320,324,32.4,26.8,26.0,23.9,21.2,0.057,0.064,0.091,0.188,0,0.0,4.0,1.0,3.0,14.7,4.0,32.2,0.0,0.0,0.0,0.0,0.0,0.0
37.855885,-8.445038,91.0,2011-08-18T21:00,22.3,63,14.8,21.8,0.0,0.0,0.0,0.0,1,1011.6,1001.0,21,0,0,70,0.07,1.0,13.8,24.5,327,332,28.4,25.0,25.9,23.9,21.2,0.057,0.064,0.091,0.188,0,0.0,0.0,0.0,0.0,0.0,0.0,0.0,0.0,0.0,0.0,0.0,0.0,0.0
37.855885,-8.445038,91.0,2011-08-18T22:00,21.6,66,14.9,21.5,0.0,0.0,0.0,0.0,1,1012.3,1001.7,23,0,0,76,0.05,0.88,11.5,21.1,328,335,24.5,23.7,25.9,23.9,21.2,0.057,0.064,0.091,0.188,0,0.0,0.0,0.0,0.0,0.0,0.0,0.0,0.0,0.0,0.0,0.0,0.0,0.0
37.855885,-8.445038,91.0,2011-08-18T23:00,21.0,68,14.9,21.2,0.0,0.0,0.0,0.0,0,1012.1,1001.5,18,0,0,60,0.03,0.79,9.7,19.7,338,345,20.9,22.7,25.7,23.9,21.2,0.057,0.064,0.091,0.188,0,0.0,0.0,0.0,0.0,0.0,0.0,0.0,0.0,0.0,0.0,0.0,0.0,0.0
37.855885,-8.445038,91.0,2011-08-19T00:00,20.4,70,14.7,20.8,0.0,0.0,0.0,0.0,0,1012.7,1002.0,15,0,0,49,0.02,0.72,8.0,17.6,355,359,17.6,21.9,25.6,23.9,21.2,0.057,0.064,0.091,0.188,0,0.0,0.0,0.0,0.0,0.0,0.0,0.0,0.0,0.0,0.0,0.0,0.0,0.0
37.855885,-8.445038,91.0,2011-08-19T01:00,19.9,73,14.9,20.6,0.0,0.0,0.0,0.0,0,1012.2,1001.5,1,0,0,4,0.01,0.63,6.2,16.0,7,14,14.4,21.2,25.5,23.9,21.2,0.057,0.064,0.091,0.188,0,0.0,0.0,0.0,0.0,0.0,0.0,0.0,0.0,0.0,0.0,0.0,0.0,0.0
37.855885,-8.445038,91.0,2011-08-19T02:00,18.9,78,14.9,19.7,0.0,0.0,0.0,0.0,0,1012.3,1001.6,0,0,0,0,0.01,0.49,6.0,16.1,17,27,13.0,20.2,25.3,23.9,21.2,0.057,0.064,0.091,0.188,0,0.0,0.0,0.0,0.0,0.0,0.0,0.0,0.0,0.0,0.0,0.0,0.0,0.0
37.855885,-8.445038,91.0,2011-08-19T03:00,18.0,82,14.8,18.5,0.0,0.0,0.0,0.0,0,1011.7,1001.0,10,0,0,32,0.01,0.38,7.5,17.6,17,28,13.0,19.3,25.1,23.9,21.2,0.057,0.064,0.091,0.188,0,0.0,0.0,0.0,0.0,0.0,0.0,0.0,0.0,0.0,0.0,0.0,0.0,0.0
37.855885,-8.445038,91.0,2011-08-19T04:00,17.3,85,14.7,17.7,0.0,0.0,0.0,0.0,0,1011.7,1000.9,17,0,0,57,0.0,0.3,7.6,18.5,19,29,13.3,18.4,24.9,23.9,21.2,0.057,0.064,0.091,0.188,0,0.0,0.0,0.0,0.0,0.0,0.0,0.0,0.0,0.0,0.0,0.0,0.0,0.0
37.855885,-8.445038,91.0,2011-08-19T05:00,17.0,86,14.6,17.5,0.0,0.0,0.0,0.0,1,1012.2,1001.4,23,0,0,77,0.0,0.27,6.9,17.3,39,45,13.3,17.8,24.7,23.9,21.2,0.057,0.064,0.091,0.188,0,0.0,0.0,0.0,0.0,0.0,0.0,0.0,0.0,0.0,0.0,0.0,0.0,0.0
37.855885,-8.445038,91.0,2011-08-19T06:00,16.9,86,14.5,17.3,0.0,0.0,0.0,0.0,1,1012.5,1001.7,26,0,0,86,0.0,0.27,7.1,17.2,41,57,13.3,17.3,24.5,23.9,21.2,0.057,0.064,0.091,0.188,1,0.0,0.0,0.0,0.0,0.0,0.0,0.0,0.0,0.0,0.0,0.0,0.0,15.1
37.855885,-8.445038,91.0,2011-08-19T07:00,18.0,83,15.2,18.4,0.0,0.0,0.0,0.0,0,1012.8,1002.1,13,0,0,44,0.04,0.34,9.3,16.7,36,53,15.5,18.1,24.3,23.9,21.2,0.057,0.064,0.091,0.188,1,2493.33,66.0,34.0,32.0,238.8,66.0,148.8,125.5,64.7,60.9,305.0,98.3,283.1
37.855885,-8.445038,91.0,2011-08-19T08:00,22.8,62,15.2,23.3,0.0,0.0,0.0,0.0,0,1013.1,1002.5,0,0,0,0,0.17,1.05,8.0,12.6,63,70,19.1,22.1,24.2,23.9,21.2,0.057,0.064,0.091,0.188,1,3600.0,246.0,179.0,67.0,576.0,246.0,415.0,322.7,234.8,87.9,576.0,322.7,544.3
37.855885,-8.445038,91.0,2011-08-19T09:00,26.9,49,15.3,27.3,0.0,0.0,0.0,0.0,0,1013.1,1002.7,3,0,0,9,0.33,1.8,9.0,12.1,74,80,22.0,26.4,24.3,23.9,21.2,0.057,0.064,0.091,0.188,1,3600.0,442.0,355.0,87.0,712.5,442.0,665.3,518.8,416.7,102.1,712.5,518.8,780.8
37.855885,-8.445038,91.0,2011-08-19T10:00,30.1,44,16.6,31.3,0.0,0.0,0.0,0.0,0,1012.9,1002.6,2,0,0,5,0.48,2.37,9.7,13.0,88,90,26.3,30.4,24.4,23.9,21.2,0.057,0.064,0.091,0.188,1,3600.0,619.0,518.0,101.0,783.7,619.0,882.7,684.9,573.1,111.7,783.7,684.9,976.6
37.855885,-8.445038,91.0,2011-08-19T11:00,32.5,39,16.9,34.7,0.0,0.0,0.0,0.0,0,1012.7,1002.5,4,0,0,15,0.61,2.97,10.1,13.3,107,109,30.2,33.8,24.7,23.9,21.2,0.057,0.064,0.091,0.188,1,3600.0,763.0,650.0,113.0,824.8,763.0,1052.3,810.8,690.7,120.1,824.8,810.8,1118.2
37.855885,-8.445038,91.0,2011-08-19T12:00,34.4,35,16.8,37.1,0.0,0.0,0.0,0.0,0,1012.4,1002.2,11,0,3,31,0.68,3.52,8.6,11.4,112,114,30.6,36.3,25.0,23.9,21.2,0.057,0.064,0.091,0.188,1,3600.0,826.0,663.0,163.0,761.5,826.0,1162.6,849.7,682.0,167.7,761.5,849.7,1195.9
37.855885,-8.445038,91.0,2011-08-19T13:00,36.0,31,16.3,38.8,0.0,0.0,0.0,0.0,1,1012.1,1002.0,22,0,2,69,0.74,4.09,9.2,12.2,141,137,31.7,38.6,25.4,23.9,21.2,0.057,0.064,0.091,0.188,1,3600.0,877.0,721.0,156.0,798.4,877.0,1206.0,875.9,720.1,155.8,798.4,875.9,1204.5
37.855885,-8.445038,91.0,2011-08-19T14:00,37.1,28,15.6,39.0,0.0,0.0,0.0,0.0,1,1011.6,1001.5,21,0,0,70,0.68,4.54,9.0,12.4,157,150,32.8,39.7,25.8,23.9,21.2,0.057,0.064,0.091,0.188,1,3600.0,778.0,509.0,269.0,576.3,778.0,1179.6,754.1,493.4,260.7,576.3,754.1,1143.3
37.855885,-8.445038,91.0,2011-08-19T15:00,37.6,27,15.3,39.1,0.0,0.0,0.0,0.0,0,1011.1,1001.0,15,0,0,51,0.62,4.73,7.6,9.7,188,182,35.6,40.1,26.2,23.9,21.2,0.057,0.064,0.091,0.188,1,3600.0,701.0,432.0,269.0,531.7,701.0,1085.0,656.7,404.7,252.0,531.7,656.7,1016.5
37.855885,-8.445038,91.0,2011-08-19T16:00,37.1,28,15.4,38.0,0.0,0.0,0.0,0.0,0,1011.3,1001.2,18,0,1,58,0.5,4.55,6.6,7.9,229,223,33.8,39.6,26.6,23.9,21.2,0.057,0.064,0.091,0.188,1,3600.0,570.0,353.0,217.0,507.5,570.0,928.9,511.0,316.5,194.6,507.5,511.0,832.8
37.855885,-8.445038,91.0,2011-08-19T17:00,36.0,30,15.6,36.9,0.0,0.0,0.0,0.0,0,1011.0,1000.9,20,0,0,66,0.38,4.17,7.0,8.5,258,258,31.3,38.5,26.9,23.9,21.2,0.057,0.064,0.091,0.188,1,3600.0,410.0,232.0,178.0,429.3,410.0,721.6,343.4,194.3,149.1,429.3,343.4,604.5
37.855885,-8.445038,91.0,2011-08-19T18:00,34.6,33,16.0,35.4,0.0,0.0,0.0,0.0,1,1011.3,1001.1,27,0,5,80,0.27,3.68,8.3,10.8,270,272,27.7,36.7,27.1,23.9,21.2,0.056,0.064,0.091,0.188,1,3600.0,246.0,147.0,99.0,411.1,246.0,477.5,178.9,106.9,72.0,411.1,178.9,347.3
37.855885,-8.445038,91.0,2011-08-19T19:00,32.0,38,16.0,33.1,0.0,0.0,0.0,0.0,1,1011.5,1001.3,38,0,19,89,0.12,2.93,6.2,9.9,291,289,35.3,34.1,27.3,23.9,21.2,0.056,0.064,0.091,0.188,1,3353.54,93.0,46.0,47.0,276.4,93.0,213.1,34.3,17.0,17.4,194.9,32.9,78.7
37.855885,-8.445038,91.0,2011-08-19T20:00,30.1,43,16.2,31.9,0.0,0.0,0.0,0.0,1,1011.6,1001.3,39,0,17,96,0.04,2.43,2.1,4.9,329,343,31.3,31.6,27.4,24.0,21.2,0.056,0.064,0.091,0.188,0,0.0,3.0,0.0,3.0,0.0,3.0,29.4,0.0,0.0,0.0,0.0,0.0,0.0
37.855885,-8.445038,91.0,2011-08-19T21:00,29.1,49,17.4,31.6,0.0,0.0,0.0,0.0,1,1012.2,1001.9,38,0,14,99,0.0,2.04,1.1,4.7,72,90,21.2,29.7,27.4,24.0,21.2,0.056,0.064,0.091,0.188,0,0.0,0.0,0.0,0.0,0.0,0.0,0.0,0.0,0.0,0.0,0.0,0.0,0.0
37.855885,-8.445038,91.0,2011-08-19T22:00,27.5,54,17.2,29.0,0.0,0.0,0.0,0.0,1,1013.6,1003.2,34,0,6,100,0.05,1.7,7.3,16.9,160,151,17.3,27.9,27.4,24.0,21.2,0.056,0.064,0.091,0.188,0,0.0,0.0,0.0,0.0,0.0,0.0,0.0,0.0,0.0,0.0,0.0,0.0,0.0
37.855885,-8.445038,91.0,2011-08-19T23:00,26.6,56,17.1,27.9,0.0,0.0,0.0,0.0,1,1013.5,1003.1,47,0,29,100,0.06,1.53,8.7,20.2,163,158,16.2,26.7,27.3,24.0,21.2,0.056,0.064,0.091,0.188,0,0.0,0.0,0.0,0.0,0.0,0.0,0.0,0.0,0.0,0.0,0.0,0.0,0.0
37.855885,-8.445038,91.0,2011-08-20T00:00,26.5,56,17.1,28.0,0.0,0.0,0.0,0.0,2,1013.4,1003.0,52,0,37,100,0.04,1.51,6.8,17.4,180,167,15.5,26.0,27.3,24.0,21.2,0.056,0.064,0.091,0.188,0,0.0,0.0,0.0,0.0,0.0,0.0,0.0,0.0,0.0,0.0,0.0,0.0,0.0
37.855885,-8.445038,91.0,2011-08-20T01:00,26.5,56,17.1,28.6,0.0,0.0,0.0,0.0,2,1013.0,1002.6,65,0,59,100,0.0,1.51,2.2,9.6,189,167,18.4,25.6,27.2,24.0,21.2,0.056,0.064,0.091,0.188,0,0.0,0.0,0.0,0.0,0.0,0.0,0.0,0.0,0.0,0.0,0.0,0.0,0.0
37.855885,-8.445038,91.0,2011-08-20T02:00,26.5,56,16.9,28.3,0.0,0.0,0.0,0.0,2,1012.6,1002.2,74,0,73,100,0.03,1.54,4.7,3.0,356,346,26.6,25.5,27.1,24.0,21.2,0.056,0.064,0.091,0.188,0,0.0,0.0,0.0,0.0,0.0,0.0,0.0,0.0,0.0,0.0,0.0,0.0,0.0
37.855885,-8.445038,91.0,2011-08-20T03:00,26.7,53,16.4,28.4,0.0,0.0,0.0,0.0,3,1013.2,1002.8,83,0,89,99,0.02,1.64,3.9,6.6,338,347,29.9,25.6,27.0,24.0,21.2,0.056,0.064,0.091,0.188,0,0.0,0.0,0.0,0.0,0.0,0.0,0.0,0.0,0.0,0.0,0.0,0.0,0.0
37.855885,-8.445038,91.0,2011-08-20T04:00,26.9,51,16.0,28.7,0.0,0.0,0.0,0.0,3,1014.0,1003.6,80,0,85,98,0.0,1.72,1.3,1.3,34,56,29.2,25.7,26.9,24.0,21.2,0.056,0.064,0.091,0.188,0,0.0,0.0,0.0,0.0,0.0,0.0,0.0,0.0,0.0,0.0,0.0,0.0,0.0
37.855885,-8.445038,91.0,2011-08-20T05:00,26.7,51,15.8,27.6,0.0,0.0,0.0,0.0,2,1013.5,1003.1,58,0,50,92,0.05,1.7,7.1,9.2,24,42,23.4,25.7,26.9,24.0,21.2,0.056,0.064,0.091,0.188,0,0.0,0.0,0.0,0.0,0.0,0.0,0.0,0.0,0.0,0.0,0.0,0.0,0.0
37.855885,-8.445038,91.0,2011-08-20T06:00,26.3,52,15.7,26.2,0.0,0.0,0.0,0.0,1,1012.4,1002.0,36,0,12,96,0.1,1.64,14.0,25.3,55,60,22.7,25.5,26.8,24.0,21.2,0.056,0.064,0.091,0.187,1,0.0,0.0,0.0,0.0,0.0,0.0,0.0,0.0,0.0,0.0,0.0,0.0,11.3
37.855885,-8.445038,91.0,2011-08-20T07:00,25.8,58,17.0,25.9,0.0,0.0,0.0,0.0,1,1012.1,1001.6,30,0,0,99,0.13,1.37,16.2,30.1,69,71,29.5,25.5,26.7,24.0,21.2,0.056,0.064,0.091,0.187,1,0.0,40.0,6.0,34.0,42.5,40.0,145.3,77.0,11.6,65.5,55.2,59.4,279.8
37.855885,-8.445038,91.0,2011-08-20T08:00,27.9,52,17.0,28.3,0.0,0.0,0.0,0.0,1,1012.9,1002.5,25,0,17,48,0.22,1.82,14.4,23.8,77,80,29.9,27.1,26.7,24.0,21.2,0.056,0.064,0.091,0.187,1,3600.0,202.0,92.0,110.0,298.4,202.0,411.9,265.5,120.9,144.6,298.4,265.5,541.4
37.855885,-8.445038,91.0,2011-08-20T09:00,30.7,43,16.6,31.5,0.1,0.1,0.0,0.0,51,1013.8,1003.5,52,0,50,75,0.34,2.52,9.7,13.3,92,92,29.5,30.0,26.8,24.0,21.2,0.057,0.064,0.091,0.187,1,3600.0,391.0,251.0,140.0,506.1,391.0,662.5,459.3,294.8,164.4,506.1,459.3,778.2
37.855885,-8.445038,91.0,2011-08-20T10:00,33.1,35,15.8,33.7,0.0,0.0,0.0,0.0,1,1015.1,1004.9,45,0,28,93,0.48,3.26,9.3,11.8,234,232,24.5,33.1,26.9,24.0,21.2,0.056,0.064,0.091,0.187,1,3600.0,558.0,390.0,168.0,592.0,558.0,880.1,617.6,431.6,185.9,592.0,617.6,974.1
37.855885,-8.445038,91.0,2011-08-20T11:00,35.1,30,14.8,37.3,0.0,0.0,0.0,0.0,2,1015.1,1004.9,57,0,46,99,0.56,3.97,3.2,4.3,90,90,33.8,36.2,27.2,24.0,21.2,0.056,0.063,0.091,0.187,1,3600.0,714.0,510.0,204.0,649.0,714.0,1049.8,758.8,542.0,216.8,649.0,758.8,1115.6
37.855885,-8.445038,91.0,2011-08-20T12:00,36.6,26,14.2,37.5,0.0,0.0,0.0,0.0,2,1015.0,1004.9,63,0,56,97,0.63,4.5,9.1,11.9,83,87,46.4,38.4,27.5,24.0,21.2,0.056,0.063,0.091,0.187,1,3600.0,698.0,407.0,291.0,468.7,698.0,1160.0,718.0,418.7,299.3,468.7,718.0,1193.3
37.855885,-8.445038,91.0,2011-08-20T13:00,37.2,25,14.0,37.8,0.0,0.0,0.0,0.0,1,1014.3,1004.2,46,0,28,99,0.57,4.73,7.5,9.8,73,82,39.2,39.5,27.8,24.0,21.3,0.057,0.063,0.09,0.187,1,3600.0,624.0,266.0,358.0,295.3,624.0,1203.2,623.1,265.6,357.5,295.3,623.1,1201.6
37.855885,-8.445038,91.0,2011-08-20T14:00,37.1,25,14.0,36.6,0.0,0.0,0.0,0.0,1,1013.2,1003.1,44,0,24,99,0.58,4.69,12.3,15.3,50,51,42.8,39.5,28.1,24.1,21.3,0.057,0.063,0.09,0.187,1,3600.0,562.0,188.0,374.0,213.5,562.0,1176.5,544.6,182.2,362.4,213.5,544.6,1140.0
37.855885,-8.445038,91.0,2011-08-20T15:00,36.6,26,14.0,35.7,0.1,0.1,0.0,0.0,51,1012.3,1002.2,48,0,31,99,0.49,4.54,15.0,19.9,55,55,43.9,38.5,28.3,24.1,21.3,0.058,0.063,0.09,0.187,1,0.0,371.0,38.0,333.0,46.9,371.0,1081.5,347.4,35.6,311.8,46.9,347.4,1012.8
37.855885,-8.445038,91.0,2011-08-20T16:00,35.3,30,14.9,34.5,0.0,0.0,0.0,0.0,1,1011.4,1001.3,43,0,25,94,0.39,4.01,16.5,22.4,58,60,42.1,36.9,28.5,24.1,21.3,0.058,0.063,0.09,0.187,1,0.0,221.0,37.0,184.0,53.4,221.0,924.8,198.0,33.1,164.8,53.4,198.0,828.5
37.855885,-8.445038,91.0,2011-08-20T17:00,33.6,35,16.2,32.5,0.0,0.0,0.0,0.0,1,1010.1,999.9,39,0,38,55,0.38,3.35,21.4,31.1,65,66,30.6,35.4,28.7,24.1,21.3,0.058,0.063,0.09,0.187,1,0.0,191.0,9.0,182.0,16.8,191.0,717.1,159.7,7.5,152.2,16.8,159.7,599.7
37.855885,-8.445038,91.0,2011-08-20T18:00,32.7,38,16.7,33.3,0.0,0.0,0.0,0.0,1,1009.7,999.5,30,0,18,65,0.25,3.05,12.0,20.7,111,103,30.2,34.2,28.8,24.1,21.3,0.058,0.063,0.09,0.187,1,914.97,153.0,32.0,121.0,90.5,153.0,472.4,110.7,23.2,87.6,90.5,110.7,342.0
37.855885,-8.445038,91.0,2011-08-20T19:00,33.3,31,13.9,32.1,0.0,0.0,0.0,0.0,1,1011.6,1001.4,47,0,39,78,0.26,3.53,17.1,26.4,224,218,37.4,33.2,28.9,24.1,21.3,0.058,0.063,0.09,0.187,1,3275.68,80.0,33.0,47.0,200.8,80.0,207.5,28.1,11.6,16.5,133.0,26.5,72.9
37.855885,-8.445038,91.0,2011-08-20T20:00,28.8,48,16.5,28.6,0.0,0.0,0.0,0.0,1,1012.3,1001.9,43,0,30,84,0.17,2.07,16.3,24.9,229,225,41.8,30.9,28.9,24.1,21.3,0.058,0.063,0.09,0.187,0,0.0,2.0,0.0,2.0,0.0,2.0,26.5,0.0,0.0,0.0,0.0,0.0,0.0
37.855885,-8.445038,91.0,2011-08-20T21:00,25.9,65,18.7,27.7,0.0,0.0,0.0,0.0,1,1013.1,1002.6,32,1,7,91,0.05,1.18,9.2,14.1,219,212,31.0,28.9,28.8,24.1,21.3,0.058,0.063,0.09,0.187,0,0.0,0.0,0.0,0.0,0.0,0.0,0.0,0.0,0.0,0.0,0.0,0.0,0.0
37.855885,-8.445038,91.0,2011-08-20T22:00,25.0,71,19.4,27.8,0.0,0.0,0.0,0.0,1,1013.2,1002.7,41,19,1,79,0.01,0.92,5.4,9.5,228,209,23.8,27.6,28.7,24.1,21.3,0.058,0.063,0.09,0.187,0,0.0,0.0,0.0,0.0,0.0,0.0,0.0,0.0,0.0,0.0,0.0,0.0,0.0
37.855885,-8.445038,91.0,2011-08-20T23:00,24.0,77,19.7,27.0,0.0,0.0,0.0,0.0,2,1013.8,1003.3,69,44,13,72,0.0,0.68,4.5,8.9,241,230,25.2,26.4,28.6,24.1,21.3,0.058,0.063,0.09,0.187,0,0.0,0.0,0.0,0.0,0.0,0.0,0.0,0.0,0.0,0.0,0.0,0.0,0.0
37.855885,-8.445038,91.0,2011-08-21T00:00,23.4,80,19.7,26.5,0.0,0.0,0.0,0.0,2,1013.9,1003.3,70,45,10,77,0.0,0.57,3.9,6.4,236,227,22.3,25.5,28.5,24.2,21.3,0.059,0.063,0.09,0.187,0,0.0,0.0,0.0,0.0,0.0,0.0,0.0,0.0,0.0,0.0,0.0,0.0,0.0
37.855885,-8.445038,91.0,2011-08-21T01:00,23.2,81,19.7,26.4,0.0,0.0,0.0,0.0,1,1013.5,1002.9,44,17,15,65,0.0,0.54,3.5,6.8,204,205,9.0,25.0,28.3,24.2,21.3,0.059,0.063,0.09,0.187,0,0.0,0.0,0.0,0.0,0.0,0.0,0.0,0.0,0.0,0.0,0.0,0.0,0.0
37.855885,-8.445038,91.0,2011-08-21T02:00,22.8,83,19.8,25.3,0.0,0.0,0.0,0.0,1,1013.3,1002.7,35,13,10,57,0.01,0.47,8.3,12.7,198,195,11.5,24.5,28.2,24.2,21.3,0.059,0.063,0.09,0.187,0,0.0,0.0,0.0,0.0,0.0,0.0,0.0,0.0,0.0,0.0,0.0,0.0,0.0
37.855885,-8.445038,91.0,2011-08-21T03:00,22.3,85,19.7,24.5,0.0,0.0,0.0,0.0,1,1013.3,1002.7,28,13,6,42,0.01,0.4,10.6,17.0,198,197,16.9,23.8,28.0,24.2,21.3,0.059,0.063,0.09,0.187,0,0.0,0.0,0.0,0.0,0.0,0.0,0.0,0.0,0.0,0.0,0.0,0.0,0.0
37.855885,-8.445038,91.0,2011-08-21T04:00,21.7,87,19.5,23.6,0.0,0.0,0.0,0.0,1,1013.4,1002.8,41,33,1,37,0.01,0.33,11.0,17.4,199,198,19.8,23.3,27.8,24.2,21.3,0.059,0.063,0.09,0.187,0,0.0,0.0,0.0,0.0,0.0,0.0,0.0,0.0,0.0,0.0,0.0,0.0,0.0
37.855885,-8.445038,91.0,2011-08-21T05:00,20.8,89,19.0,22.6,0.0,0.0,0.0,0.0,2,1013.9,1003.2,58,61,0,11,0.0,0.26,10.9,18.7,189,191,22.3,22.7,27.6,24.2,21.3,0.059,0.063,0.09,0.187,0,0.0,0.0,0.0,0.0,0.0,0.0,0.0,0.0,0.0,0.0,0.0,0.0,0.0
37.855885,-8.445038,91.0,2011-08-21T06:00,20.2,90,18.4,21.5,0.0,0.0,0.0,0.0,3,1014.2,1003.5,90,98,0,5,0.0,0.24,12.0,18.5,187,188,22.7,22.3,27.4,24.2,21.3,0.059,0.063,0.09,0.187,1,0.0,0.0,0.0,0.0,0.0,0.0,0.0,0.0,0.0,0.0,0.0,0.0,7.6
37.855885,-8.445038,91.0,2011-08-21T07:00,20.4,86,18.1,21.6,0.0,0.0,0.0,0.0,3,1014.7,1004.0,83,92,0,2,0.04,0.33,12.2,17.3,182,184,24.1,22.4,27.2,24.2,21.3,0.059,0.063,0.09,0.187,1,801.15,41.0,14.0,27.0,100.1,41.0,141.8,80.0,27.3,52.7,132.0,60.7,276.5
37.855885,-8.445038,91.0,2011-08-21T08:00,21.3,79,17.6,21.8,0.0,0.0,0.0,0.0,2,1015.0,1004.4,70,68,0,28,0.11,0.53,15.5,21.2,180,180,30.2,23.5,27.1,24.2,21.3,0.059,0.063,0.09,0.187,1,2417.38,145.0,43.0,102.0,140.6,145.0,408.8,191.0,56.6,134.4,140.6,191.0,538.5
37.855885,-8.445038,91.0,2011-08-21T09:00,22.9,67,16.5,22.4,0.0,0.0,0.0,0.0,2,1015.5,1004.9,75,70,0,39,0.25,0.91,18.8,25.3,185,185,38.2,25.3,27.0,24.2,21.3,0.059,0.063,0.09,0.187,1,3600.0,344.0,185.0,159.0,374.8,344.0,659.7,404.4,217.5,186.9,374.8,404.4,775.5
37.855885,-8.445038,91.0,2011-08-21T10:00,24.9,55,15.3,24.2,0.0,0.0,0.0,0.0,2,1015.8,1005.3,68,51,0,72,0.38,1.41,16.8,22.2,189,188,41.4,27.6,27.0,24.2,21.3,0.059,0.063,0.09,0.187,1,3600.0,512.0,285.0,227.0,434.1,512.0,877.5,566.9,315.5,251.3,434.1,566.9,971.5
37.855885,-8.445038,91.0,2011-08-21T11:00,26.4,48,14.6,25.7,0.0,0.0,0.0,0.0,2,1015.8,1005.3,69,53,0,70,0.48,1.79,17.7,23.0,200,200,41.4,29.7,27.0,24.2,21.3,0.059,0.063,0.09,0.187,1,3600.0,627.0,395.0,232.0,504.1,627.0,1047.2,666.4,419.8,246.6,504.1,666.4,1113.1
37.855885,-8.445038,91.0,2011-08-21T12:00,26.8,46,14.3,25.6,0.2,0.2,0.0,0.0,51,1015.6,1005.1,59,59,0,20,0.47,1.89,18.5,24.1,201,200,41.4,30.4,27.1,24.2,21.3,0.059,0.063,0.09,0.187,1,3600.0,577.0,298.0,279.0,344.1,577.0,1157.4,593.5,306.5,287.0,344.1,593.5,1190.5
37.855885,-8.445038,91.0,2011-08-21T13:00,27.5,43,13.9,26.3,0.2,0.2,0.0,0.0,51,1015.1,1004.7,41,44,2,0,0.5,2.08,18.5,23.7,193,193,40.3,31.4,27.2,24.2,21.3,0.059,0.063,0.09,0.187,1,3600.0,605.0,300.0,305.0,334.0,605.0,1200.4,604.1,299.6,304.5,334.0,604.1,1198.6
37.855885,-8.445038,91.0,2011-08-21T14:00,27.6,44,14.4,26.8,0.2,0.2,0.0,0.0,51,1014.9,1004.5,34,16,15,34,0.53,2.05,18.9,24.8,198,197,40.7,32.1,27.3,24.2,21.3,0.06,0.063,0.09,0.187,1,3600.0,656.0,457.0,199.0,520.6,656.0,1173.3,635.5,442.7,192.8,520.6,635.5,1136.7
37.855885,-8.445038,91.0,2011-08-21T15:00,26.7,49,15.1,25.9,0.7,0.7,0.0,0.0,53,1014.9,1004.4,39,23,22,16,0.49,1.79,20.1,26.9,204,205,40.3,32.1,27.4,24.2,21.3,0.064,0.063,0.09,0.187,1,3600.0,630.0,455.0,175.0,564.2,630.0,1077.9,589.7,425.9,163.8,564.2,589.7,1008.9
37.855885,-8.445038,91.0,2011-08-21T16:00,25.3,57,16.3,24.3,0.2,0.2,0.0,0.0,51,1014.5,1004.0,80,60,43,0,0.36,1.37,21.6,28.8,208,208,39.6,30.6,27.5,24.2,21.3,0.067,0.063,0.09,0.187,1,3600.0,453.0,288.0,165.0,418.1,453.0,920.7,405.5,257.8,147.7,418.1,405.5,824.1
37.855885,-8.445038,91.0,2011-08-21T17:00,25.3,58,16.4,24.4,0.1,0.1,0.0,0.0,51,1014.9,1004.4,66,55,27,0,0.32,1.35,21.2,29.1,212,211,37.1,29.6,27.5,24.2,21.3,0.067,0.063,0.09,0.187,1,3600.0,380.0,268.0,112.0,502.8,380.0,712.4,317.2,223.7,93.5,502.8,317.2,594.8
37.855885,-8.445038,91.0,2011-08-21T18:00,24.6,61,16.7,24.1,0.0,0.0,0.0,0.0,2,1014.7,1004.2,62,59,14,0,0.2,1.19,19.4,27.1,215,216,37.1,28.2,27.5,24.3,21.3,0.068,0.063,0.09,0.187,1,3600.0,176.0,80.0,96.0,228.8,176.0,467.2,126.8,57.6,69.1,228.8,126.8,336.5
37.855885,-8.445038,91.0,2011-08-21T19:00,23.1,70,17.4,23.3,0.0,0.0,0.0,0.0,2,1015.3,1004.7,52,47,16,0,0.11,0.84,17.0,24.4,216,217,37.4,26.6,27.4,24.3,21.3,0.068,0.063,0.09,0.187,1,3197.0,79.0,34.0,45.0,209.5,79.0,201.8,26.2,11.3,14.9,129.5,24.4,67.0
37.855885,-8.445038,91.0,2011-08-21T20:00,22.1,77,17.8,22.9,0.0,0.0,0.0,0.0,1,1015.1,1004.5,36,33,10,0,0.06,0.62,14.3,21.0,214,215,32.4,25.0,27.3,24.3,21.3,0.068,0.063,0.09,0.187,0,0.0,2.0,0.0,2.0,0.0,2.0,23.6,0.0,0.0,0.0,0.0,0.0,0.0
37.855885,-8.445038,91.0,2011-08-21T21:00,21.5,81,18.1,22.6,0.0,0.0,0.0,0.0,1,1015.8,1005.1,23,24,2,0,0.02,0.49,12.9,20.3,207,207,25.2,24.0,27.2,24.3,21.3,0.068,0.063,0.09,0.187,0,0.0,0.0,0.0,0.0,0.0,0.0,0.0,0.0,0.0,0.0,0.0,0.0,0.0
37.855885,-8.445038,91.0,2011-08-21T22:00,21.0,85,18.3,22.3,0.0,0.0,0.0,0.0,1,1016.1,1005.4,47,49,5,0,0.01,0.38,12.3,20.2,201,202,23.0,23.2,27.0,24.3,21.3,0.068,0.063,0.09,0.187,0,0.0,0.0,0.0,0.0,0.0,0.0,0.0,0.0,0.0,0.0,0.0,0.0,0.0
37.855885,-8.445038,91.0,2011-08-21T23:00,20.5,88,18.5,21.8,0.0,0.0,0.0,0.0,1,1016.2,1005.5,41,33,19,0,0.01,0.28,13.0,21.8,208,211,24.1,22.6,26.9,24.3,21.3,0.068,0.063,0.09,0.187,0,0.0,0.0,0.0,0.0,0.0,0.0,0.0,0.0,0.0,0.0,0.0,0.0,0.0
37.855885,-8.445038,91.0,2011-08-22T00:00,20.2,91,18.6,21.6,0.0,0.0,0.0,0.0,2,1016.2,1005.5,75,77,9,0,0.0,0.22,12.0,19.9,219,222,25.2,22.2,26.7,24.3,21.3,0.068,0.063,0.09,0.187,0,0.0,0.0,0.0,0.0,0.0,0.0,0.0,0.0,0.0,0.0,0.0,0.0,0.0
37.855885,-8.445038,91.0,2011-08-22T01:00,20.2,90,18.4,21.7,0.0,0.0,0.0,0.0,2,1015.8,1005.1,68,75,0,0,0.0,0.24,10.4,16.9,226,230,22.3,22.0,26.5,24.3,21.3,0.068,0.063,0.09,0.187,0,0.0,0.0,0.0,0.0,0.0,0.0,0.0,0.0,0.0,0.0,0.0,0.0,0.0
37.855885,-8.445038,91.0,2011-08-22T02:00,20.2,88,18.2,21.8,0.0,0.0,0.0,0.0,2,1015.9,1005.2,61,65,0,8,0.0,0.28,9.4,15.1,227,232,21.2,22.0,26.3,24.3,21.3,0.068,0.063,0.09,0.187,0,0.0,0.0,0.0,0.0,0.0,0.0,0.0,0.0,0.0,0.0,0.0,0.0,0.0
37.855885,-8.445038,91.0,2011-08-22T03:00,20.1,87,17.9,21.4,0.0,0.0,0.0,0.0,3,1015.7,1005.0,80,88,0,3,0.0,0.29,10.3,16.2,234,238,21.2,21.8,26.2,24.3,21.3,0.068,0.063,0.09,0.187,0,0.0,0.0,0.0,0.0,0.0,0.0,0.0,0.0,0.0,0.0,0.0,0.0,0.0
37.855885,-8.445038,91.0,2011-08-22T04:00,19.8,88,17.7,20.9,0.0,0.0,0.0,0.0,2,1015.9,1005.2,69,75,0,4,0.0,0.28,11.1,16.8,245,247,22.3,21.5,26.0,24.3,21.3,0.068,0.063,0.09,0.187,0,0.0,0.0,0.0,0.0,0.0,0.0,0.0,0.0,0.0,0.0,0.0,0.0,0.0
37.855885,-8.445038,91.0,2011-08-22T05:00,19.7,87,17.4,20.8,0.0,0.0,0.0,0.0,3,1016.0,1005.3,86,95,0,0,0.0,0.31,9.9,16.0,251,256,22.7,21.5,25.8,24.3,21.3,0.068,0.063,0.09,0.187,0,0.0,0.0,0.0,0.0,0.0,0.0,0.0,0.0,0.0,0.0,0.0,0.0,0.0
37.855885,-8.445038,91.0,2011-08-22T06:00,19.1,88,17.2,20.4,0.0,0.0,0.0,0.0,3,1016.2,1005.5,86,96,0,0,0.0,0.26,8.8,14.8,258,264,21.2,21.0,25.7,24.3,21.3,0.069,0.063,0.09,0.187,1,0.0,0.0,0.0,0.0,0.0,0.0,0.0,0.0,0.0,0.0,0.0,0.0,3.8
37.855885,-8.445038,91.0,2011-08-22T07:00,19.1,92,17.7,20.7,0.0,0.0,0.0,0.0,2,1016.7,1006.0,68,76,0,0,0.03,0.19,8.3,13.0,265,270,17.3,21.2,25.5,24.3,21.3,0.069,0.063,0.09,0.187,1,379.46,35.0,11.0,24.0,79.4,35.0,138.2,69.2,21.7,47.4,106.4,51.6,273.2
37.855885,-8.445038,91.0,2011-08-22T08:00,19.7,87,17.5,21.2,0.0,0.0,0.0,0.0,2,1017.0,1006.3,64,71,0,0,0.09,0.3,8.3,10.8,270,274,20.2,22.2,25.4,24.3,21.3,0.069,0.063,0.09,0.187,1,3600.0,157.0,60.0,97.0,197.8,157.0,405.6,207.3,79.2,128.1,197.8,207.3,535.5
37.855885,-8.445038,91.0,2011-08-22T09:00,21.3,73,16.4,22.3,0.0,0.0,0.0,0.0,2,1017.3,1006.6,73,81,0,0,0.22,0.67,8.3,10.4,270,270,22.3,24.2,25.3,24.3,21.3,0.069,0.063,0.09,0.187,1,3600.0,355.0,236.0,119.0,480.3,355.0,656.9,417.6,277.6,140.0,480.3,417.6,772.8
37.855885,-8.445038,91.0,2011-08-22T10:00,22.6,65,15.7,23.3,0.0,0.0,0.0,0.0,3,1017.3,1006.7,86,95,0,0,0.28,0.95,8.0,10.0,243,244,22.3,25.8,25.3,24.3,21.3,0.069,0.063,0.09,0.187,1,3600.0,417.0,178.0,239.0,272.0,417.0,874.8,461.8,197.1,264.7,272.0,461.8,968.9
37.855885,-8.445038,91.0,2011-08-22T11:00,24.1,58,15.5,24.7,0.0,0.0,0.0,0.0,3,1017.1,1006.5,86,95,0,0,0.4,1.25,9.6,11.8,250,250,23.4,28.0,25.4,24.3,21.3,0.068,0.063,0.09,0.187,1,3600.0,579.0,305.0,274.0,390.3,579.0,1044.7,615.5,324.2,291.3,390.3,615.5,1110.5
37.855885,-8.445038,91.0,2011-08-22T12:00,25.5,53,15.3,26.3,0.0,0.0,0.0,0.0,2,1017.0,1006.5,69,77,0,0,0.48,1.52,11.8,14.8,258,257,25.2,29.9,25.5,24.3,21.3,0.068,0.063,0.09,0.187,1,3600.0,680.0,397.0,283.0,459.7,680.0,1154.7,699.5,408.4,291.1,459.7,699.5,1187.8
37.855885,-8.445038,91.0,2011-08-22T13:00,26.7,49,15.0,27.1,0.0,0.0,0.0,0.0,2,1016.9,1006.4,75,83,0,0,0.52,1.8,14.2,17.8,263,263,27.4,31.3,25.7,24.3,21.3,0.068,0.063,0.09,0.187,1,3600.0,705.0,474.0,231.0,529.2,705.0,1197.5,703.9,473.2,230.6,529.2,703.9,1195.5
37.855885,-8.445038,91.0,2011-08-22T14:00,27.4,48,15.3,28.1,0.0,0.0,0.0,0.0,2,1017.0,1006.5,78,87,0,0,0.58,1.9,15.5,19.8,267,268,29.5,32.8,25.9,24.3,21.4,0.067,0.063,0.09,0.187,1,3600.0,784.0,552.0,232.0,630.8,784.0,1170.0,759.3,534.6,224.7,630.8,759.3,1133.2
37.855885,-8.445038,91.0,2011-08-22T15:00,27.1,50,15.7,27.3,0.0,0.0,0.0,0.0,3,1016.6,1006.1,82,91,0,0,0.5,1.81,15.5,20.2,274,273,30.2,32.7,26.1,24.3,21.4,0.067,0.063,0.09,0.187,1,3600.0,659.0,417.0,242.0,519.0,659.0,1074.2,616.5,390.1,226.4,519.0,616.5,1005.0
37.855885,-8.445038,91.0,2011-08-22T16:00,26.8,52,16.0,27.0,0.0,0.0,0.0,0.0,2,1016.5,1006.0,61,68,0,0,0.46,1.71,15.0,19.5,281,282,31.3,32.6,26.3,24.3,21.4,0.067,0.063,0.09,0.187,1,3600.0,620.0,503.0,117.0,733.8,620.0,916.5,554.5,449.8,104.6,733.8,554.5,819.7
37.855885,-8.445038,91.0,2011-08-22T17:00,25.9,56,16.3,25.8,0.0,0.0,0.0,0.0,1,1016.5,1006.0,39,43,0,0,0.35,1.48,15.1,19.7,288,288,32.0,31.4,26.4,24.3,21.4,0.066,0.063,0.09,0.187,1,3600.0,469.0,370.0,99.0,699.0,469.0,707.7,390.8,308.3,82.5,699.0,390.8,589.8
37.855885,-8.445038,91.0,2011-08-22T18:00,24.4,62,16.6,24.4,0.0,0.0,0.0,0.0,1,1016.4,1005.8,22,25,0,0,0.22,1.16,15.6,21.3,293,294,32.4,29.4,26.5,24.3,21.4,0.066,0.063,0.09,0.187,1,3600.0,277.0,202.0,75.0,584.6,277.0,462.0,198.5,144.7,53.7,584.6,198.5,331.0
37.855885,-8.445038,91.0,2011-08-22T19:00,22.1,72,16.9,22.2,0.0,0.0,0.0,0.0,0,1016.6,1006.0,16,18,0,0,0.1,0.73,16.3,22.9,298,298,33.1,26.9,26.5,24.3,21.4,0.066,0.063,0.09,0.187,1,3117.59,92.0,53.0,39.0,330.9,92.0,196.1,28.6,16.5,12.1,189.2,26.2,61.0
37.855885,-8.445038,91.0,2011-08-22T20:00,20.6,82,17.4,20.9,0.0,0.0,0.0,0.0,0,1016.4,1005.7,20,22,0,0,0.05,0.43,15.9,23.9,303,304,31.3,24.6,26.4,24.3,21.4,0.066,0.063,0.09,0.187,0,0.0,2.0,0.0,2.0,0.0,2.0,20.6,0.0,0.0,0.0,0.0,0.0,0.0
37.855885,-8.445038,91.0,2011-08-22T21:00,19.7,88,17.6,20.4,0.0,0.0,0.0,0.0,1,1017.2,1006.5,24,27,0,0,0.01,0.28,13.4,21.5,306,310,29.2,23.1,26.3,24.3,21.4,0.066,0.063,0.09,0.187,0,0.0,0.0,0.0,0.0,0.0,0.0,0.0,0.0,0.0,0.0,0.0,0.0,0.0
37.855885,-8.445038,91.0,2011-08-22T22:00,19.1,92,17.7,20.2,0.0,0.0,0.0,0.0,2,1017.4,1006.6,56,62,0,0,0.0,0.19,11.4,19.7,305,310,23.8,22.0,26.1,24.3,21.4,0.066,0.063,0.09,0.187,0,0.0,0.0,0.0,0.0,0.0,0.0,0.0,0.0,0.0,0.0,0.0,0.0,0.0
37.855885,-8.445038,91.0,2011-08-22T23:00,18.7,94,17.8,20.0,0.0,0.0,0.0,0.0,3,1017.4,1006.6,82,91,0,0,0.0,0.12,10.7,19.4,312,317,19.8,21.3,26.0,24.3,21.4,0.066,0.063,0.09,0.187,0,0.0,0.0,0.0,0.0,0.0,0.0,0.0,0.0,0.0,0.0,0.0,0.0,0.0
